,Bus1,Bus2,Bus3,Bus4,Bus5,Bus6,Bus7,Bus8,Bus9,Bus10,Bus11,Bus12,Bus13,Bus14,Bus15,Bus16,Bus17,Bus18,Bus19,Bus20,Bus21,Bus22,Bus23,Bus24,Bus25,Bus26,Bus27,Bus28,Bus29,Bus30,Bus31,Bus32,Bus33,Bus34,Bus35,Bus36,Bus37,Bus38,Bus39,Bus40,Bus41,Bus42,Bus43,Bus44,Bus45,Bus46,Bus47,Bus48,Bus49,Bus50,Bus51,Bus52,Bus53,Bus54,Bus55,Bus56,Bus57,Bus58,Bus59,Bus60,Bus61,Bus62,Bus63,Bus64,Bus65,Bus66,Bus67,Bus68,Bus69,Bus70,Bus71,Bus72,Bus73,Bus74,Bus75,Bus76,Bus77,Bus78,Bus79,Bus80,Bus81,Bus82,Bus83,Bus84,Bus85,Bus86,Bus87,Bus88,Bus89,Bus90,Bus91,Bus92,Bus93,Bus94,Bus95,Bus96,Bus97,Bus98,Bus99,Bus100,Bus101,Bus102,Bus103,Bus104,Bus105,Bus106,Bus107,Bus108,Bus109,Bus110,Bus111,Bus112,Bus113,Bus114,Bus115,Bus116,Bus117,Bus118,Bus119,Bus120,Bus121,Bus122,Bus123,Bus124,Bus125,Bus126,Bus127,Bus128,Bus129,Bus130,Bus131,Bus132,Bus133,Bus134,Bus135,Bus136,Bus137,Bus138,Bus139,Bus140,Bus141,Bus142,Bus143,Bus144,Bus145,Bus146,Bus147,Bus148,Bus149,Bus150,Bus151,Bus152,Bus153,Bus154,Bus155,Bus156,Bus157,Bus158,Bus159,Bus160,Bus161,Bus162,Bus163,Bus164,Bus165,Bus166,Bus167,Bus168,Bus169,Bus170,Bus171,Bus172,Bus173,Bus174,Bus175,Bus176,Bus177,Bus178,Bus179,Bus180,Bus181,Bus182,Bus183,Bus184,Bus185,Bus186,Bus187,Bus188,Bus189,Bus190,Bus191,Bus192,Bus193,Bus194,Bus195,Bus196,Bus197,Bus198,Bus199,Bus200,Bus201,Bus202,Bus203,Bus204,Bus205,Bus206,Bus207,Bus208,Bus209,Bus210,Bus211,Bus212,Bus213,Bus214,Bus215,Bus216,Bus217,Bus218,Bus219,Bus220,Bus221,Bus222,Bus223,Bus224,Bus225,Bus226,Bus227,Bus228,Bus229,Bus230,Bus231,Bus232,Bus233,Bus234,Bus235,Bus236,Bus237,Bus238,Bus239,Bus240,Bus241,Bus242,Bus243,Bus244,Bus245,Bus246,Bus247,Bus248,Bus249,Bus250,Bus251,Bus252,Bus253,Bus254,Bus255,Bus256,Bus257,Bus258,Bus259,Bus260,Bus261,Bus262,Bus263,Bus264,Bus265,Bus266,Bus267,Bus268,Bus269,Bus270,Bus271,Bus272,Bus273,Bus274,Bus275,Bus276,Bus277,Bus278,Bus279,Bus280,Bus281,Bus282,Bus283,Bus284,Bus285,Bus286,Bus287,Bus288,Bus289,Bus290,Bus291,Bus292,Bus293,Bus294,Bus295,Bus296,Bus297,Bus298,Bus299,Bus300,Bus301,Bus302,Bus303,Bus304,Bus305,Bus306,Bus307,Bus308,Bus309,Bus310,Bus311,Bus312,Bus313,Bus314,Bus315,Bus316,Bus317,Bus318,Bus319,Bus320,Bus321,Bus322,Bus323,Bus324,Bus325,Bus326,Bus327,Bus328,Bus329,Bus330,Bus331,Bus332,Bus333,Bus334,Bus335,Bus336,Bus337,Bus338,Bus339,Bus340,Bus341,Bus342,Bus343,Bus344,Bus345,Bus346,Bus347,Bus348,Bus349,Bus350,Bus351,Bus352,Bus353,Bus354,Bus355,Bus356,Bus357,Bus358,Bus359,Bus360,Bus361,Bus362,Bus363,Bus364,Bus365,Bus366,Bus367,Bus368,Bus369,Bus370,Bus371,Bus372,Bus373,Bus374,Bus375,Bus376,Bus377,Bus378,Bus379,Bus380,Bus381,Bus382,Bus383,Bus384,Bus385,Bus386,Bus387,Bus388,Bus389,Bus390,Bus391,Bus392,Bus393,Bus394,Bus395,Bus396,Bus397,Bus398,Bus399,Bus400,Bus401,Bus402,Bus403,Bus404,Bus405,Bus406,Bus407,Bus408,Bus409,Bus410,Bus411,Bus412,Bus413,Bus414,Bus415,Bus416,Bus417,Bus418,Bus419,Bus420,Bus421,Bus422,Bus423,Bus424,Bus425,Bus426,Bus427,Bus428,Bus429,Bus430,Bus431,Bus432,Bus433,Bus434,Bus435,Bus436,Bus437,Bus438,Bus439,Bus440,Bus441,Bus442,Bus443,Bus444,Bus445,Bus446,Bus447,Bus448,Bus449,Bus450,Bus451,Bus452,Bus453,Bus454,Bus455,Bus456,Bus457,Bus458,Bus459,Bus460,Bus461,Bus462,Bus463,Bus464,Bus465,Bus466,Bus467,Bus468,Bus469,Bus470,Bus471,Bus472,Bus473,Bus474,Bus475,Bus476,Bus477,Bus478,Bus479,Bus480,Bus481,Bus482,Bus483,Bus484,Bus485,Bus486,Bus487,Bus488,Bus489,Bus490,Bus491,Bus492,Bus493,Bus494,Bus495,Bus496,Bus497,Bus498,Bus499,Bus500,Bus501,Bus502,Bus503,Bus504,Bus505,Bus506,Bus507,Bus508,Bus509,Bus510,Bus511,Bus512,Bus513,Bus514,Bus515,Bus516,Bus517,Bus518,Bus519,Bus520,Bus521,Bus522,Bus523,Bus524,Bus525,Bus526,Bus527,Bus528,Bus529,Bus530,Bus531,Bus532,Bus533,Bus534,Bus535,Bus536,Bus537,Bus538,Bus539,Bus540,Bus541,Bus542,Bus543,Bus544,Bus545,Bus546,Bus547,Bus548,Bus549,Bus550,Bus551,Bus552,Bus553,Bus554,Bus555,Bus556,Bus557,Bus558,Bus559,Bus560,Bus561,Bus562,Bus563,Bus564,Bus565,Bus566,Bus567,Bus568,Bus569,Bus570,Bus571,Bus572,Bus573,Bus574,Bus575,Bus576,Bus577,Bus578,Bus579,Bus580,Bus581,Bus582,Bus583,Bus584,Bus585,Bus586,Bus587,Bus588,Bus589,Bus590,Bus591,Bus592,Bus593,Bus594,Bus595,Bus596,Bus597,Bus598,Bus599,Bus600,Bus601,Bus602,Bus603,Bus604,Bus605,Bus606,Bus607,Bus608,Bus609,Bus610,Bus611,Bus612,Bus613,Bus614,Bus615,Bus616,Bus617,Bus618,Bus619,Bus620,Bus621,Bus622,Bus623,Bus624,Bus625,Bus626,Bus627,Bus628,Bus629,Bus630,Bus631,Bus632,Bus633,Bus634,Bus635,Bus636,Bus637,Bus638,Bus639,Bus640,Bus641,Bus642,Bus643,Bus644,Bus645,Bus646,Bus647,Bus648,Bus649,Bus650,Bus651,Bus652,Bus653,Bus654,Bus655,Bus656,Bus657,Bus658,Bus659,Bus660,Bus661,Bus662,Bus663,Bus664,Bus665,Bus666,Bus667,Bus668,Bus669,Bus670,Bus671,Bus672,Bus673,Bus674,Bus675,Bus676,Bus677,Bus678,Bus679,Bus680,Bus681,Bus682,Bus683,Bus684,Bus685,Bus686,Bus687,Bus688,Bus689,Bus690,Bus691,Bus692,Bus693,Bus694,Bus695,Bus696,Bus697,Bus698,Bus699,Bus700,Bus701,Bus702,Bus703,Bus704,Bus705,Bus706,Bus707,Bus708,Bus709,Bus710,Bus711,Bus712,Bus713,Bus714,Bus715,Bus716,Bus717,Bus718,Bus719,Bus720,Bus721,Bus722,Bus723,Bus724,Bus725,Bus726,Bus727,Bus728,Bus729,Bus730,Bus731,Bus732,Bus733,Bus734,Bus735,Bus736,Bus737,Bus738,Bus739,Bus740,Bus741,Bus742,Bus743,Bus744,Bus745,Bus746,Bus747,Bus748,Bus749,Bus750,Bus751,Bus752,Bus753,Bus754,Bus755,Bus756,Bus757,Bus758,Bus759,Bus760,Bus761,Bus762,Bus763,Bus764,Bus765,Bus766,Bus767,Bus768,Bus769,Bus770,Bus771,Bus772,Bus773,Bus774,Bus775,Bus776,Bus777,Bus778,Bus779,Bus780,Bus781,Bus782,Bus783,Bus784,Bus785,Bus786,Bus787,Bus788,Bus789,Bus790,Bus791,Bus792,Bus793,Bus794,Bus795,Bus796,Bus797,Bus798,Bus799,Bus800,Bus801,Bus802,Bus803,Bus804,Bus805,Bus806,Bus807,Bus808,Bus809,Bus810,Bus811,Bus812,Bus813,Bus814,Bus815,Bus816,Bus817,Bus818,Bus819,Bus820,Bus821,Bus822,Bus823,Bus824,Bus825,Bus826,Bus827,Bus828,Bus829,Bus830,Bus831,Bus832,Bus833,Bus834,Bus835,Bus836,Bus837,Bus838,Bus839,Bus840,Bus841,Bus842,Bus843,Bus844,Bus845,Bus846,Bus847,Bus848,Bus849,Bus850,Bus851,Bus852,Bus853,Bus854,Bus855,Bus856,Bus857,Bus858,Bus859,Bus860,Bus861,Bus862,Bus863,Bus864,Bus865,Bus866,Bus867,Bus868,Bus869,Bus870,Bus871,Bus872,Bus873,Bus874,Bus875,Bus876,Bus877,Bus878,Bus879,Bus880,Bus881,Bus882,Bus883,Bus884,Bus885,Bus886,Bus887,Bus888,Bus889,Bus890,Bus891,Bus892,Bus893,Bus894,Bus895,Bus896,Bus897,Bus898,Bus899,Bus900,Bus901,Bus902,Bus903,Bus904,Bus905,Bus906,Bus907,Bus908,Bus909,Bus910,Bus911,Bus912,Bus913,Bus914,Bus915,Bus916,Bus917,Bus918,Bus919,Bus920,Bus921,Bus922,Bus923,Bus924,Bus925,Bus926,Bus927,Bus928,Bus929,Bus930,Bus931,Bus932,Bus933,Bus934,Bus935,Bus936,Bus937,Bus938,Bus939,Bus940,Bus941,Bus942,Bus943,Bus944,Bus945,Bus946,Bus947,Bus948,Bus949,Bus950,Bus951,Bus952,Bus953,Bus954,Bus955,Bus956,Bus957,Bus958,Bus959,Bus960,Bus961,Bus962,Bus963,Bus964,Bus965,Bus966,Bus967,Bus968,Bus969,Bus970,Bus971,Bus972,Bus973,Bus974,Bus975,Bus976,Bus977,Bus978,Bus979,Bus980,Bus981,Bus982,Bus983,Bus984,Bus985,Bus986,Bus987,Bus988,Bus989,Bus990,Bus991,Bus992,Bus993,Bus994,Bus995,Bus996,Bus997,Bus998,Bus999,Bus1000,Bus1001,Bus1002,Bus1003,Bus1004,Bus1005,Bus1006,Bus1007,Bus1008,Bus1009,Bus1010,Bus1011,Bus1012,Bus1013,Bus1014,Bus1015,Bus1016,Bus1017,Bus1018,Bus1019,Bus1020,Bus1021,Bus1022,Bus1023,Bus1024,Bus1025,Bus1026,Bus1027,Bus1028,Bus1029,Bus1030,Bus1031,Bus1032,Bus1033,Bus1034,Bus1035,Bus1036,Bus1037,Bus1038,Bus1039,Bus1040,Bus1041,Bus1042,Bus1043,Bus1044,Bus1045,Bus1046,Bus1047,Bus1048,Bus1049,Bus1050,Bus1051,Bus1052,Bus1053,Bus1054,Bus1055,Bus1056,Bus1057,Bus1058,Bus1059,Bus1060,Bus1061,Bus1062,Bus1063,Bus1064,Bus1065,Bus1066,Bus1067,Bus1068,Bus1069,Bus1070,Bus1071,Bus1072,Bus1073,Bus1074,Bus1075,Bus1076,Bus1077,Bus1078,Bus1079,Bus1080,Bus1081,Bus1082,Bus1083,Bus1084,Bus1085,Bus1086,Bus1087,Bus1088,Bus1089,Bus1090,Bus1091,Bus1092,Bus1093,Bus1094,Bus1095,Bus1096,Bus1097,Bus1098,Bus1099,Bus1100,Bus1101,Bus1102,Bus1103,Bus1104,Bus1105,Bus1106,Bus1107,Bus1108,Bus1109,Bus1110,Bus1111,Bus1112,Bus1113,Bus1114,Bus1115,Bus1116,Bus1117,Bus1118,Bus1119,Bus1120,Bus1121,Bus1122,Bus1123,Bus1124,Bus1125,Bus1126,Bus1127,Bus1128,Bus1129,Bus1130,Bus1131,Bus1132,Bus1133,Bus1134,Bus1135,Bus1136,Bus1137,Bus1138,Bus1139,Bus1140,Bus1141,Bus1142,Bus1143,Bus1144,Bus1145,Bus1146,Bus1147,Bus1148,Bus1149,Bus1150,Bus1151,Bus1152,Bus1153,Bus1154,Bus1155,Bus1156,Bus1157,Bus1158,Bus1159,Bus1160,Bus1161,Bus1162,Bus1163,Bus1164,Bus1165,Bus1166,Bus1167,Bus1168,Bus1169,Bus1170,Bus1171,Bus1172,Bus1173,Bus1174,Bus1175,Bus1176,Bus1177,Bus1178,Bus1179,Bus1180,Bus1181,Bus1182,Bus1183,Bus1184,Bus1185,Bus1186,Bus1187,Bus1188,Bus1189,Bus1190,Bus1191,Bus1192,Bus1193,Bus1194,Bus1195,Bus1196,Bus1197,Bus1198,Bus1199,Bus1200,Bus1201,Bus1202,Bus1203,Bus1204,Bus1205,Bus1206,Bus1207,Bus1208,Bus1209,Bus1210,Bus1211,Bus1212,Bus1213,Bus1214,Bus1215,Bus1216,Bus1217,Bus1218,Bus1219,Bus1220,Bus1221,Bus1222,Bus1223,Bus1224,Bus1225,Bus1226,Bus1227,Bus1228,Bus1229,Bus1230,Bus1231,Bus1232,Bus1233,Bus1234,Bus1235,Bus1236,Bus1237,Bus1238,Bus1239,Bus1240,Bus1241,Bus1242,Bus1243,Bus1244,Bus1245,Bus1246,Bus1247,Bus1248,Bus1249,Bus1250,Bus1251,Bus1252,Bus1253,Bus1254,Bus1255,Bus1256,Bus1257,Bus1258,Bus1259,Bus1260,Bus1261,Bus1262,Bus1263,Bus1264,Bus1265,Bus1266,Bus1267,Bus1268,Bus1269,Bus1270,Bus1271,Bus1272,Bus1273,Bus1274,Bus1275,Bus1276,Bus1277,Bus1278,Bus1279,Bus1280,Bus1281,Bus1282,Bus1283,Bus1284,Bus1285,Bus1286,Bus1287,Bus1288,Bus1289,Bus1290,Bus1291,Bus1292,Bus1293,Bus1294,Bus1295,Bus1296,Bus1297,Bus1298,Bus1299,Bus1300,Bus1301,Bus1302,Bus1303,Bus1304,Bus1305,Bus1306,Bus1307,Bus1308,Bus1309,Bus1310,Bus1311,Bus1312,Bus1313,Bus1314,Bus1315,Bus1316,Bus1317,Bus1318,Bus1319,Bus1320,Bus1321,Bus1322,Bus1323,Bus1324,Bus1325,Bus1326,Bus1327,Bus1328,Bus1329,Bus1330,Bus1331,Bus1332,Bus1333,Bus1334,Bus1335,Bus1336,Bus1337,Bus1338,Bus1339,Bus1340,Bus1341,Bus1342,Bus1343,Bus1344,Bus1345,Bus1346,Bus1347,Bus1348,Bus1349,Bus1350,Bus1351,Bus1352,Bus1353,Bus1354,Bus1355,Bus1356,Bus1357,Bus1358,Bus1359,Bus1360,Bus1361,Bus1362,Bus1363,Bus1364,Bus1365,Bus1366,Bus1367,Bus1368,Bus1369,Bus1370,Bus1371,Bus1372,Bus1373,Bus1374,Bus1375,Bus1376,Bus1377,Bus1378,Bus1379,Bus1380,Bus1381,Bus1382,Bus1383,Bus1384,Bus1385,Bus1386,Bus1387,Bus1388,Bus1389,Bus1390,Bus1391,Bus1392,Bus1393,Bus1394,Bus1395,Bus1396,Bus1397,Bus1398,Bus1399,Bus1400,Bus1401,Bus1402,Bus1403,Bus1404,Bus1405,Bus1406,Bus1407,Bus1408,Bus1409,Bus1410,Bus1411,Bus1412,Bus1413,Bus1414,Bus1415,Bus1416,Bus1417,Bus1418,Bus1419,Bus1420,Bus1421,Bus1422,Bus1423,Bus1424,Bus1425,Bus1426,Bus1427,Bus1428,Bus1429,Bus1430,Bus1431,Bus1432,Bus1433,Bus1434,Bus1435,Bus1436,Bus1437,Bus1438,Bus1439,Bus1440,Bus1441,Bus1442,Bus1443,Bus1444,Bus1445,Bus1446,Bus1447,Bus1448,Bus1449,Bus1450,Bus1451,Bus1452,Bus1453,Bus1454,Bus1455,Bus1456,Bus1457,Bus1458,Bus1459,Bus1460,Bus1461,Bus1462,Bus1463,Bus1464,Bus1465,Bus1466,Bus1467,Bus1468,Bus1469,Bus1470,Bus1471,Bus1472,Bus1473,Bus1474,Bus1475,Bus1476,Bus1477,Bus1478,Bus1479,Bus1480,Bus1481,Bus1482,Bus1483,Bus1484,Bus1485,Bus1486,Bus1487,Bus1488,Bus1489,Bus1490,Bus1491,Bus1492,Bus1493,Bus1494,Bus1495,Bus1496,Bus1497,Bus1498,Bus1499,Bus1500,Bus1501,Bus1502,Bus1503,Bus1504,Bus1505,Bus1506,Bus1507,Bus1508,Bus1509,Bus1510,Bus1511,Bus1512,Bus1513,Bus1514,Bus1515,Bus1516,Bus1517,Bus1518,Bus1519,Bus1520,Bus1521,Bus1522,Bus1523,Bus1524,Bus1525,Bus1526,Bus1527,Bus1528,Bus1529,Bus1530,Bus1531,Bus1532,Bus1533,Bus1534,Bus1535,Bus1536,Bus1537,Bus1538,Bus1539,Bus1540,Bus1541,Bus1542,Bus1543,Bus1544,Bus1545,Bus1546,Bus1547,Bus1548,Bus1549,Bus1550,Bus1551,Bus1552,Bus1553,Bus1554,Bus1555,Bus1556,Bus1557,Bus1558,Bus1559,Bus1560,Bus1561,Bus1562,Bus1563,Bus1564,Bus1565,Bus1566,Bus1567,Bus1568,Bus1569,Bus1570,Bus1571,Bus1572,Bus1573,Bus1574,Bus1575,Bus1576,Bus1577,Bus1578,Bus1579,Bus1580,Bus1581,Bus1582,Bus1583,Bus1584,Bus1585,Bus1586,Bus1587,Bus1588,Bus1589,Bus1590,Bus1591,Bus1592,Bus1593,Bus1594,Bus1595,Bus1596,Bus1597,Bus1598,Bus1599,Bus1600,Bus1601,Bus1602,Bus1603,Bus1604,Bus1605,Bus1606,Bus1607,Bus1608,Bus1609,Bus1610,Bus1611,Bus1612,Bus1613,Bus1614,Bus1615,Bus1616,Bus1617,Bus1618,Bus1619,Bus1620,Bus1621,Bus1622,Bus1623,Bus1624,Bus1625,Bus1626,Bus1627,Bus1628,Bus1629,Bus1630,Bus1631,Bus1632,Bus1633,Bus1634,Bus1635,Bus1636,Bus1637,Bus1638,Bus1639,Bus1640,Bus1641,Bus1642,Bus1643,Bus1644,Bus1645,Bus1646,Bus1647,Bus1648,Bus1649,Bus1650,Bus1651,Bus1652,Bus1653,Bus1654,Bus1655,Bus1656,Bus1657,Bus1658,Bus1659,Bus1660,Bus1661,Bus1662,Bus1663,Bus1664,Bus1665,Bus1666,Bus1667,Bus1668,Bus1669,Bus1670,Bus1671,Bus1672,Bus1673,Bus1674,Bus1675,Bus1676,Bus1677,Bus1678,Bus1679,Bus1680,Bus1681,Bus1682,Bus1683,Bus1684,Bus1685,Bus1686,Bus1687,Bus1688,Bus1689,Bus1690,Bus1691,Bus1692,Bus1693,Bus1694,Bus1695,Bus1696,Bus1697,Bus1698,Bus1699,Bus1700,Bus1701,Bus1702,Bus1703,Bus1704,Bus1705,Bus1706,Bus1707,Bus1708,Bus1709,Bus1710,Bus1711,Bus1712,Bus1713,Bus1714,Bus1715,Bus1716,Bus1717,Bus1718,Bus1719,Bus1720,Bus1721,Bus1722,Bus1723,Bus1724,Bus1725,Bus1726,Bus1727,Bus1728,Bus1729,Bus1730,Bus1731,Bus1732,Bus1733,Bus1734,Bus1735,Bus1736,Bus1737,Bus1738,Bus1739,Bus1740,Bus1741,Bus1742,Bus1743,Bus1744,Bus1745,Bus1746,Bus1747,Bus1748,Bus1749,Bus1750,Bus1751,Bus1752,Bus1753,Bus1754,Bus1755,Bus1756,Bus1757,Bus1758,Bus1759,Bus1760,Bus1761,Bus1762,Bus1763,Bus1764,Bus1765,Bus1766,Bus1767,Bus1768,Bus1769,Bus1770,Bus1771,Bus1772,Bus1773,Bus1774,Bus1775,Bus1776,Bus1777,Bus1778,Bus1779,Bus1780,Bus1781,Bus1782,Bus1783,Bus1784,Bus1785,Bus1786,Bus1787,Bus1788,Bus1789,Bus1790,Bus1791,Bus1792,Bus1793,Bus1794,Bus1795,Bus1796,Bus1797,Bus1798,Bus1799,Bus1800,Bus1801,Bus1802,Bus1803,Bus1804,Bus1805,Bus1806,Bus1807,Bus1808,Bus1809,Bus1810,Bus1811,Bus1812,Bus1813,Bus1814,Bus1815,Bus1816,Bus1817,Bus1818,Bus1819,Bus1820,Bus1821,Bus1822,Bus1823,Bus1824,Bus1825,Bus1826,Bus1827,Bus1828,Bus1829,Bus1830,Bus1831,Bus1832,Bus1833,Bus1834,Bus1835,Bus1836,Bus1837,Bus1838,Bus1839,Bus1840,Bus1841,Bus1842,Bus1843,Bus1844,Bus1845,Bus1846,Bus1847,Bus1848,Bus1849,Bus1850,Bus1851,Bus1852,Bus1853,Bus1854,Bus1855,Bus1856,Bus1857,Bus1858,Bus1859,Bus1860,Bus1861,Bus1862,Bus1863,Bus1864,Bus1865,Bus1866,Bus1867,Bus1868,Bus1869,Bus1870,Bus1871,Bus1872,Bus1873,Bus1874,Bus1875,Bus1876,Bus1877,Bus1878,Bus1879,Bus1880,Bus1881,Bus1882,Bus1883,Bus1884,Bus1885,Bus1886,Bus1887,Bus1888,Bus1889,Bus1890,Bus1891,Bus1892,Bus1893,Bus1894,Bus1895,Bus1896,Bus1897,Bus1898,Bus1899,Bus1900,Bus1901,Bus1902,Bus1903,Bus1904,Bus1905,Bus1906,Bus1907,Bus1908,Bus1909,Bus1910,Bus1911,Bus1912,Bus1913,Bus1914,Bus1915,Bus1916,Bus1917,Bus1918,Bus1919,Bus1920,Bus1921,Bus1922,Bus1923,Bus1924,Bus1925,Bus1926,Bus1927,Bus1928,Bus1929,Bus1930,Bus1931,Bus1932,Bus1933,Bus1934,Bus1935,Bus1936,Bus1937,Bus1938,Bus1939,Bus1940,Bus1941,Bus1942,Bus1943,Bus1944,Bus1945,Bus1946,Bus1947,Bus1948,Bus1949,Bus1950,Bus1951,Bus1952,Bus1953,Bus1954,Bus1955,Bus1956,Bus1957,Bus1958,Bus1959,Bus1960,Bus1961,Bus1962,Bus1963,Bus1964,Bus1965,Bus1966,Bus1967,Bus1968,Bus1969,Bus1970,Bus1971,Bus1972,Bus1973,Bus1974,Bus1975,Bus1976,Bus1977,Bus1978,Bus1979,Bus1980,Bus1981,Bus1982,Bus1983,Bus1984,Bus1985,Bus1986,Bus1987,Bus1988,Bus1989,Bus1990,Bus1991,Bus1992,Bus1993,Bus1994,Bus1995,Bus1996,Bus1997,Bus1998,Bus1999,Bus2000,Bus2001,Bus2002,Bus2003,Bus2004,Bus2005,Bus2006,Bus2007,Bus2008,Bus2009,Bus2010,Bus2011,Bus2012,Bus2013,Bus2014,Bus2015,Bus2016,Bus2017,Bus2018,Bus2019,Bus2020,Bus2021,Bus2022,Bus2023,Bus2024,Bus2025,Bus2026,Bus2027,Bus2028,Bus2029,Bus2030,Bus2031,Bus2032,Bus2033,Bus2034,Bus2035,Bus2036,Bus2037,Bus2038,Bus2039,Bus2040,Bus2041,Bus2042,Bus2043,Bus2044,Bus2045,Bus2046,Bus2047,Bus2048,Bus2049,Bus2050,Bus2051,Bus2052,Bus2053,Bus2054,Bus2055,Bus2056,Bus2057,Bus2058,Bus2059,Bus2060,Bus2061,Bus2062,Bus2063,Bus2064,Bus2065,Bus2066,Bus2067,Bus2068,Bus2069,Bus2070,Bus2071,Bus2072,Bus2073,Bus2074,Bus2075,Bus2076,Bus2077,Bus2078,Bus2079,Bus2080,Bus2081,Bus2082,Bus2083,Bus2084,Bus2085,Bus2086,Bus2087,Bus2088,Bus2089,Bus2090,Bus2091,Bus2092,Bus2093,Bus2094,Bus2095,Bus2096,Bus2097,Bus2098,Bus2099,Bus2100,Bus2101,Bus2102,Bus2103,Bus2104,Bus2105,Bus2106,Bus2107,Bus2108,Bus2109,Bus2110,Bus2111,Bus2112,Bus2113,Bus2114,Bus2115,Bus2116,Bus2117,Bus2118,Bus2119,Bus2120,Bus2121,Bus2122,Bus2123,Bus2124,Bus2125,Bus2126,Bus2127,Bus2128,Bus2129,Bus2130,Bus2131,Bus2132,Bus2133,Bus2134,Bus2135,Bus2136,Bus2137,Bus2138,Bus2139,Bus2140,Bus2141,Bus2142,Bus2143,Bus2144,Bus2145,Bus2146,Bus2147,Bus2148,Bus2149,Bus2150,Bus2151,Bus2152,Bus2153,Bus2154,Bus2155,Bus2156,Bus2157,Bus2158,Bus2159,Bus2160,Bus2161,Bus2162,Bus2163,Bus2164,Bus2165,Bus2166,Bus2167,Bus2168,Bus2169,Bus2170,Bus2171,Bus2172,Bus2173,Bus2174,Bus2175,Bus2176,Bus2177,Bus2178,Bus2179,Bus2180,Bus2181,Bus2182,Bus2183,Bus2184,Bus2185,Bus2186,Bus2187,Bus2188,Bus2189,Bus2190,Bus2191,Bus2192,Bus2193,Bus2194,Bus2195,Bus2196,Bus2197,Bus2198,Bus2199,Bus2200,Bus2201,Bus2202,Bus2203,Bus2204,Bus2205,Bus2206,Bus2207,Bus2208,Bus2209,Bus2210,Bus2211,Bus2212,Bus2213,Bus2214,Bus2215,Bus2216,Bus2217,Bus2218,Bus2219,Bus2220,Bus2221,Bus2222,Bus2223,Bus2224,Bus2225,Bus2226,Bus2227,Bus2228,Bus2229,Bus2230,Bus2231,Bus2232,Bus2233,Bus2234,Bus2235,Bus2236,Bus2237,Bus2238,Bus2239,Bus2240,Bus2241,Bus2242,Bus2243,Bus2244,Bus2245,Bus2246,Bus2247,Bus2248,Bus2249,Bus2250,Bus2251,Bus2252,Bus2253,Bus2254,Bus2255,Bus2256,Bus2257,Bus2258,Bus2259,Bus2260,Bus2261,Bus2262,Bus2263,Bus2264,Bus2265,Bus2266,Bus2267,Bus2268,Bus2269,Bus2270,Bus2271,Bus2272,Bus2273,Bus2274,Bus2275,Bus2276,Bus2277,Bus2278,Bus2279,Bus2280,Bus2281,Bus2282,Bus2283,Bus2284,Bus2285,Bus2286,Bus2287,Bus2288,Bus2289,Bus2290,Bus2291,Bus2292,Bus2293,Bus2294,Bus2295,Bus2296,Bus2297,Bus2298,Bus2299,Bus2300,Bus2301,Bus2302,Bus2303,Bus2304,Bus2305,Bus2306,Bus2307,Bus2308,Bus2309,Bus2310,Bus2311,Bus2312,Bus2313,Bus2314,Bus2315,Bus2316,Bus2317,Bus2318,Bus2319,Bus2320,Bus2321,Bus2322,Bus2323,Bus2324,Bus2325,Bus2326,Bus2327,Bus2328,Bus2329,Bus2330,Bus2331,Bus2332,Bus2333,Bus2334,Bus2335,Bus2336,Bus2337,Bus2338,Bus2339,Bus2340,Bus2341,Bus2342,Bus2343,Bus2344,Bus2345,Bus2346,Bus2347,Bus2348,Bus2349,Bus2350,Bus2351,Bus2352,Bus2353,Bus2354,Bus2355,Bus2356,Bus2357,Bus2358,Bus2359,Bus2360,Bus2361,Bus2362,Bus2363,Bus2364,Bus2365,Bus2366,Bus2367,Bus2368,Bus2369,Bus2370,Bus2371,Bus2372,Bus2373,Bus2374,Bus2375,Bus2376,Bus2377,Bus2378,Bus2379,Bus2380,Bus2381,Bus2382,Bus2383,Bus2384,Bus2385,Bus2386,Bus2387,Bus2388,Bus2389,Bus2390,Bus2391,Bus2392,Bus2393,Bus2394,Bus2395,Bus2396,Bus2397,Bus2398,Bus2399,Bus2400,Bus2401,Bus2402,Bus2403,Bus2404,Bus2405,Bus2406,Bus2407,Bus2408,Bus2409,Bus2410,Bus2411,Bus2412,Bus2413,Bus2414,Bus2415,Bus2416,Bus2417,Bus2418,Bus2419,Bus2420,Bus2421,Bus2422,Bus2423,Bus2424,Bus2425,Bus2426,Bus2427,Bus2428,Bus2429,Bus2430,Bus2431,Bus2432,Bus2433,Bus2434,Bus2435,Bus2436,Bus2437,Bus2438,Bus2439,Bus2440,Bus2441,Bus2442,Bus2443,Bus2444,Bus2445,Bus2446,Bus2447,Bus2448,Bus2449,Bus2450,Bus2451,Bus2452,Bus2453,Bus2454,Bus2455,Bus2456,Bus2457,Bus2458,Bus2459,Bus2460,Bus2461,Bus2462,Bus2463,Bus2464,Bus2465,Bus2466,Bus2467,Bus2468,Bus2469,Bus2470,Bus2471,Bus2472,Bus2473,Bus2474,Bus2475,Bus2476,Bus2477,Bus2478,Bus2479,Bus2480,Bus2481,Bus2482,Bus2483,Bus2484,Bus2485,Bus2486,Bus2487,Bus2488,Bus2489,Bus2490,Bus2491,Bus2492,Bus2493,Bus2494,Bus2495,Bus2496,Bus2497,Bus2498,Bus2499,Bus2500,Bus2501,Bus2502,Bus2503,Bus2504,Bus2505,Bus2506,Bus2507,Bus2508,Bus2509,Bus2510,Bus2511,Bus2512,Bus2513,Bus2514,Bus2515,Bus2516,Bus2517,Bus2518,Bus2519,Bus2520,Bus2521,Bus2522,Bus2523,Bus2524,Bus2525,Bus2526,Bus2527,Bus2528,Bus2529,Bus2530,Bus2531,Bus2532,Bus2533,Bus2534,Bus2535,Bus2536,Bus2537,Bus2538,Bus2539,Bus2540,Bus2541,Bus2542,Bus2543,Bus2544,Bus2545,Bus2546,Bus2547,Bus2548,Bus2549,Bus2550,Bus2551,Bus2552,Bus2553,Bus2554,Bus2555,Bus2556,Bus2557,Bus2558,Bus2559,Bus2560,Bus2561,Bus2562,Bus2563,Bus2564,Bus2565,Bus2566,Bus2567,Bus2568,Bus2569,Bus2570,Bus2571,Bus2572,Bus2573,Bus2574,Bus2575,Bus2576,Bus2577,Bus2578,Bus2579,Bus2580,Bus2581,Bus2582,Bus2583,Bus2584,Bus2585,Bus2586,Bus2587,Bus2588,Bus2589,Bus2590,Bus2591,Bus2592,Bus2593,Bus2594,Bus2595,Bus2596,Bus2597,Bus2598,Bus2599,Bus2600,Bus2601,Bus2602,Bus2603,Bus2604,Bus2605,Bus2606,Bus2607,Bus2608,Bus2609,Bus2610,Bus2611,Bus2612,Bus2613,Bus2614,Bus2615,Bus2616,Bus2617,Bus2618,Bus2619,Bus2620,Bus2621,Bus2622,Bus2623,Bus2624,Bus2625,Bus2626,Bus2627,Bus2628,Bus2629,Bus2630,Bus2631,Bus2632,Bus2633,Bus2634,Bus2635,Bus2636,Bus2637,Bus2638,Bus2639,Bus2640,Bus2641,Bus2642,Bus2643,Bus2644,Bus2645,Bus2646,Bus2647,Bus2648,Bus2649,Bus2650,Bus2651,Bus2652,Bus2653,Bus2654,Bus2655,Bus2656,Bus2657,Bus2658,Bus2659,Bus2660,Bus2661,Bus2662,Bus2663,Bus2664,Bus2665,Bus2666,Bus2667,Bus2668,Bus2669,Bus2670,Bus2671,Bus2672,Bus2673,Bus2674,Bus2675,Bus2676,Bus2677,Bus2678,Bus2679,Bus2680,Bus2681,Bus2682,Bus2683,Bus2684,Bus2685,Bus2686,Bus2687,Bus2688,Bus2689,Bus2690,Bus2691,Bus2692,Bus2693,Bus2694,Bus2695,Bus2696,Bus2697,Bus2698,Bus2699,Bus2700,Bus2701,Bus2702,Bus2703,Bus2704,Bus2705,Bus2706,Bus2707,Bus2708,Bus2709,Bus2710,Bus2711,Bus2712,Bus2713,Bus2714,Bus2715,Bus2716,Bus2717,Bus2718,Bus2719,Bus2720,Bus2721,Bus2722,Bus2723,Bus2724,Bus2725,Bus2726,Bus2727,Bus2728,Bus2729,Bus2730,Bus2731,Bus2732,Bus2733,Bus2734,Bus2735,Bus2736,Bus2737,Bus2738,Bus2739,Bus2740,Bus2741,Bus2742,Bus2743,Bus2744,Bus2745,Bus2746,Bus2747,Bus2748,Bus2749,Bus2750,Bus2751,Bus2752,Bus2753,Bus2754,Bus2755,Bus2756,Bus2757,Bus2758,Bus2759,Bus2760,Bus2761,Bus2762,Bus2763,Bus2764,Bus2765,Bus2766,Bus2767,Bus2768,Bus2769,Bus2770,Bus2771,Bus2772,Bus2773,Bus2774,Bus2775,Bus2776,Bus2777,Bus2778,Bus2779,Bus2780,Bus2781,Bus2782,Bus2783,Bus2784,Bus2785,Bus2786,Bus2787,Bus2788,Bus2789,Bus2790,Bus2791,Bus2792,Bus2793,Bus2794,Bus2795,Bus2796,Bus2797,Bus2798,Bus2799,Bus2800,Bus2801,Bus2802,Bus2803,Bus2804,Bus2805,Bus2806,Bus2807,Bus2808,Bus2809,Bus2810,Bus2811,Bus2812,Bus2813,Bus2814,Bus2815,Bus2816,Bus2817,Bus2818,Bus2819,Bus2820,Bus2821,Bus2822,Bus2823,Bus2824,Bus2825,Bus2826,Bus2827,Bus2828,Bus2829,Bus2830,Bus2831,Bus2832,Bus2833,Bus2834,Bus2835,Bus2836,Bus2837,Bus2838,Bus2839,Bus2840,Bus2841,Bus2842,Bus2843,Bus2844,Bus2845,Bus2846,Bus2847,Bus2848,Bus2849,Bus2850,Bus2851,Bus2852,Bus2853,Bus2854,Bus2855,Bus2856,Bus2857,Bus2858,Bus2859,Bus2860,Bus2861,Bus2862,Bus2863,Bus2864,Bus2865,Bus2866,Bus2867,Bus2868,Bus2869,Bus2870,Bus2871,Bus2872,Bus2873,Bus2874,Bus2875,Bus2876,Bus2877,Bus2878,Bus2879,Bus2880,Bus2881,Bus2882,Bus2883,Bus2884,Bus2885,Bus2886,Bus2887,Bus2888,Bus2889,Bus2890,Bus2891,Bus2892,Bus2893,Bus2894,Bus2895,Bus2896,Bus2897,Bus2898,Bus2899,Bus2900,Bus2901,Bus2902,Bus2903,Bus2904,Bus2905,Bus2906,Bus2907,Bus2908,Bus2909,Bus2910,Bus2911,Bus2912,Bus2913,Bus2914,Bus2915,Bus2916,Bus2917,Bus2918,Bus2919,Bus2920,Bus2921,Bus2922,Bus2923,Bus2924,Bus2925,Bus2926,Bus2927,Bus2928,Bus2929,Bus2930,Bus2931,Bus2932,Bus2933,Bus2934,Bus2935,Bus2936,Bus2937,Bus2938,Bus2939,Bus2940,Bus2941,Bus2942,Bus2943,Bus2944,Bus2945,Bus2946,Bus2947,Bus2948,Bus2949,Bus2950,Bus2951,Bus2952,Bus2953,Bus2954,Bus2955,Bus2956,Bus2957,Bus2958,Bus2959,Bus2960,Bus2961,Bus2962,Bus2963,Bus2964,Bus2965,Bus2966,Bus2967,Bus2968,Bus2969,Bus2970,Bus2971,Bus2972,Bus2973,Bus2974,Bus2975,Bus2976,Bus2977,Bus2978,Bus2979,Bus2980,Bus2981,Bus2982,Bus2983,Bus2984,Bus2985,Bus2986,Bus2987,Bus2988,Bus2989,Bus2990,Bus2991,Bus2992,Bus2993,Bus2994,Bus2995,Bus2996,Bus2997,Bus2998,Bus2999,Bus3000,Bus3001,Bus3002,Bus3003,Bus3004,Bus3005,Bus3006,Bus3007,Bus3008,Bus3009,Bus3010,Bus3011,Bus3012,Bus3013,Bus3014,Bus3015,Bus3016,Bus3017,Bus3018,Bus3019,Bus3020,Bus3021,Bus3022,Bus3023,Bus3024,Bus3025,Bus3026,Bus3027,Bus3028,Bus3029,Bus3030,Bus3031,Bus3032,Bus3033,Bus3034,Bus3035,Bus3036,Bus3037,Bus3038,Bus3039,Bus3040,Bus3041,Bus3042,Bus3043,Bus3044,Bus3045,Bus3046,Bus3047,Bus3048,Bus3049,Bus3050,Bus3051,Bus3052,Bus3053,Bus3054,Bus3055,Bus3056,Bus3057,Bus3058,Bus3059,Bus3060,Bus3061,Bus3062,Bus3063,Bus3064,Bus3065,Bus3066,Bus3067,Bus3068,Bus3069,Bus3070,Bus3071,Bus3072,Bus3073,Bus3074,Bus3075,Bus3076,Bus3077,Bus3078,Bus3079,Bus3080,Bus3081,Bus3082,Bus3083,Bus3084,Bus3085,Bus3086,Bus3087,Bus3088,Bus3089,Bus3090,Bus3091,Bus3092,Bus3093,Bus3094,Bus3095,Bus3096,Bus3097,Bus3098,Bus3099,Bus3100,Bus3101,Bus3102,Bus3103,Bus3104,Bus3105,Bus3106,Bus3107,Bus3108,Bus3109,Bus3110,Bus3111,Bus3112,Bus3113,Bus3114,Bus3115,Bus3116,Bus3117,Bus3118,Bus3119,Bus3120,Bus3121,Bus3122,Bus3123,Bus3124,Bus3125,Bus3126,Bus3127,Bus3128,Bus3129,Bus3130,Bus3131,Bus3132,Bus3133,Bus3134,Bus3135,Bus3136,Bus3137,Bus3138,Bus3139,Bus3140,Bus3141,Bus3142,Bus3143,Bus3144,Bus3145,Bus3146,Bus3147,Bus3148,Bus3149,Bus3150,Bus3151,Bus3152,Bus3153,Bus3154,Bus3155,Bus3156,Bus3157,Bus3158,Bus3159,Bus3160,Bus3161,Bus3162,Bus3163,Bus3164,Bus3165,Bus3166,Bus3167,Bus3168,Bus3169,Bus3170,Bus3171,Bus3172,Bus3173,Bus3174,Bus3175,Bus3176,Bus3177,Bus3178,Bus3179,Bus3180,Bus3181,Bus3182,Bus3183,Bus3184,Bus3185,Bus3186,Bus3187,Bus3188,Bus3189,Bus3190,Bus3191,Bus3192,Bus3193,Bus3194,Bus3195,Bus3196,Bus3197,Bus3198,Bus3199,Bus3200,Bus3201,Bus3202,Bus3203,Bus3204,Bus3205,Bus3206,Bus3207,Bus3208,Bus3209,Bus3210,Bus3211,Bus3212,Bus3213,Bus3214,Bus3215,Bus3216,Bus3217,Bus3218,Bus3219,Bus3220,Bus3221,Bus3222,Bus3223,Bus3224,Bus3225,Bus3226,Bus3227,Bus3228,Bus3229,Bus3230,Bus3231,Bus3232,Bus3233,Bus3234,Bus3235,Bus3236,Bus3237,Bus3238,Bus3239,Bus3240,Bus3241,Bus3242,Bus3243,Bus3244,Bus3245,Bus3246,Bus3247,Bus3248,Bus3249,Bus3250,Bus3251,Bus3252,Bus3253,Bus3254,Bus3255,Bus3256,Bus3257,Bus3258,Bus3259,Bus3260,Bus3261,Bus3262,Bus3263,Bus3264,Bus3265,Bus3266,Bus3267,Bus3268,Bus3269,Bus3270,Bus3271,Bus3272,Bus3273,Bus3274,Bus3275,Bus3276,Bus3277,Bus3278,Bus3279,Bus3280,Bus3281,Bus3282,Bus3283,Bus3284,Bus3285,Bus3286,Bus3287,Bus3288,Bus3289,Bus3290,Bus3291,Bus3292,Bus3293,Bus3294,Bus3295,Bus3296,Bus3297,Bus3298,Bus3299,Bus3300,Bus3301,Bus3302,Bus3303,Bus3304,Bus3305,Bus3306,Bus3307,Bus3308,Bus3309,Bus3310,Bus3311,Bus3312,Bus3313,Bus3314,Bus3315,Bus3316,Bus3317,Bus3318,Bus3319,Bus3320,Bus3321,Bus3322,Bus3323,Bus3324,Bus3325,Bus3326,Bus3327,Bus3328,Bus3329,Bus3330,Bus3331,Bus3332,Bus3333,Bus3334,Bus3335,Bus3336,Bus3337,Bus3338,Bus3339,Bus3340,Bus3341,Bus3342,Bus3343,Bus3344,Bus3345,Bus3346,Bus3347,Bus3348,Bus3349,Bus3350,Bus3351,Bus3352,Bus3353,Bus3354,Bus3355,Bus3356,Bus3357,Bus3358,Bus3359,Bus3360,Bus3361,Bus3362,Bus3363,Bus3364,Bus3365,Bus3366,Bus3367,Bus3368,Bus3369,Bus3370,Bus3371,Bus3372,Bus3373,Bus3374,Bus3375,Bus3376,Bus3377,Bus3378,Bus3379,Bus3380,Bus3381,Bus3382,Bus3383,Bus3384,Bus3385,Bus3386,Bus3387,Bus3388,Bus3389,Bus3390,Bus3391,Bus3392,Bus3393,Bus3394,Bus3395,Bus3396,Bus3397,Bus3398,Bus3399,Bus3400,Bus3401,Bus3402,Bus3403,Bus3404,Bus3405,Bus3406,Bus3407,Bus3408,Bus3409,Bus3410,Bus3411,Bus3412,Bus3413,Bus3414,Bus3415,Bus3416,Bus3417,Bus3418,Bus3419,Bus3420,Bus3421,Bus3422,Bus3423,Bus3424,Bus3425,Bus3426,Bus3427,Bus3428,Bus3429,Bus3430,Bus3431,Bus3432,Bus3433,Bus3434,Bus3435,Bus3436,Bus3437,Bus3438,Bus3439,Bus3440,Bus3441,Bus3442,Bus3443,Bus3444,Bus3445,Bus3446,Bus3447,Bus3448,Bus3449,Bus3450,Bus3451,Bus3452,Bus3453,Bus3454,Bus3455,Bus3456,Bus3457,Bus3458,Bus3459,Bus3460,Bus3461,Bus3462,Bus3463,Bus3464,Bus3465,Bus3466,Bus3467,Bus3468,Bus3469,Bus3470,Bus3471,Bus3472,Bus3473,Bus3474,Bus3475,Bus3476,Bus3477,Bus3478,Bus3479,Bus3480,Bus3481,Bus3482,Bus3483,Bus3484,Bus3485,Bus3486,Bus3487,Bus3488,Bus3489,Bus3490,Bus3491,Bus3492,Bus3493,Bus3494,Bus3495,Bus3496,Bus3497,Bus3498,Bus3499,Bus3500,Bus3501,Bus3502,Bus3503,Bus3504,Bus3505,Bus3506,Bus3507,Bus3508,Bus3509,Bus3510,Bus3511,Bus3512,Bus3513,Bus3514,Bus3515,Bus3516,Bus3517,Bus3518,Bus3519,Bus3520,Bus3521,Bus3522,Bus3523,Bus3524,Bus3525,Bus3526,Bus3527,Bus3528,Bus3529,Bus3530,Bus3531,Bus3532,Bus3533,Bus3534,Bus3535,Bus3536,Bus3537,Bus3538,Bus3539,Bus3540,Bus3541,Bus3542,Bus3543,Bus3544,Bus3545,Bus3546,Bus3547,Bus3548,Bus3549,Bus3550,Bus3551,Bus3552,Bus3553,Bus3554,Bus3555,Bus3556,Bus3557,Bus3558,Bus3559,Bus3560,Bus3561,Bus3562,Bus3563,Bus3564,Bus3565,Bus3566,Bus3567,Bus3568,Bus3569,Bus3570,Bus3571,Bus3572,Bus3573,Bus3574,Bus3575,Bus3576,Bus3577,Bus3578,Bus3579,Bus3580,Bus3581,Bus3582,Bus3583,Bus3584,Bus3585,Bus3586,Bus3587,Bus3588,Bus3589,Bus3590,Bus3591,Bus3592,Bus3593,Bus3594,Bus3595,Bus3596,Bus3597,Bus3598,Bus3599,Bus3600,Bus3601,Bus3602,Bus3603,Bus3604,Bus3605,Bus3606,Bus3607,Bus3608,Bus3609,Bus3610,Bus3611,Bus3612,Bus3613,Bus3614,Bus3615,Bus3616,Bus3617,Bus3618,Bus3619,Bus3620,Bus3621,Bus3622,Bus3623,Bus3624,Bus3625,Bus3626,Bus3627,Bus3628,Bus3629,Bus3630,Bus3631,Bus3632,Bus3633,Bus3634,Bus3635,Bus3636,Bus3637,Bus3638,Bus3639,Bus3640,Bus3641,Bus3642,Bus3643,Bus3644,Bus3645,Bus3646,Bus3647,Bus3648,Bus3649,Bus3650,Bus3651,Bus3652,Bus3653,Bus3654,Bus3655,Bus3656,Bus3657,Bus3658,Bus3659,Bus3660,Bus3661,Bus3662,Bus3663,Bus3664,Bus3665,Bus3666,Bus3667,Bus3668,Bus3669,Bus3670,Bus3671,Bus3672,Bus3673,Bus3674,Bus3675,Bus3676,Bus3677,Bus3678,Bus3679,Bus3680,Bus3681,Bus3682,Bus3683,Bus3684,Bus3685,Bus3686,Bus3687,Bus3688,Bus3689,Bus3690,Bus3691,Bus3692,Bus3693,Bus3694,Bus3695,Bus3696,Bus3697,Bus3698,Bus3699,Bus3700,Bus3701,Bus3702,Bus3703,Bus3704,Bus3705,Bus3706,Bus3707,Bus3708,Bus3709,Bus3710,Bus3711,Bus3712,Bus3713,Bus3714,Bus3715,Bus3716,Bus3717,Bus3718,Bus3719,Bus3720,Bus3721,Bus3722,Bus3723,Bus3724,Bus3725,Bus3726,Bus3727,Bus3728,Bus3729,Bus3730,Bus3731,Bus3732,Bus3733,Bus3734,Bus3735,Bus3736,Bus3737,Bus3738,Bus3739,Bus3740,Bus3741,Bus3742,Bus3743,Bus3744,Bus3745,Bus3746,Bus3747,Bus3748,Bus3749,Bus3750,Bus3751,Bus3752,Bus3753,Bus3754,Bus3755,Bus3756,Bus3757,Bus3758,Bus3759,Bus3760,Bus3761,Bus3762,Bus3763,Bus3764,Bus3765,Bus3766,Bus3767,Bus3768,Bus3769,Bus3770,Bus3771,Bus3772,Bus3773,Bus3774,Bus3775,Bus3776,Bus3777,Bus3778,Bus3779,Bus3780,Bus3781,Bus3782,Bus3783,Bus3784,Bus3785,Bus3786,Bus3787,Bus3788,Bus3789,Bus3790,Bus3791,Bus3792,Bus3793,Bus3794,Bus3795,Bus3796,Bus3797,Bus3798,Bus3799,Bus3800,Bus3801,Bus3802,Bus3803,Bus3804,Bus3805,Bus3806,Bus3807,Bus3808,Bus3809,Bus3810,Bus3811,Bus3812,Bus3813,Bus3814,Bus3815,Bus3816,Bus3817,Bus3818,Bus3819,Bus3820,Bus3821,Bus3822,Bus3823,Bus3824,Bus3825,Bus3826,Bus3827,Bus3828,Bus3829,Bus3830,Bus3831,Bus3832,Bus3833,Bus3834,Bus3835,Bus3836,Bus3837,Bus3838,Bus3839,Bus3840,Bus3841,Bus3842,Bus3843,Bus3844,Bus3845,Bus3846,Bus3847,Bus3848,Bus3849,Bus3850,Bus3851,Bus3852,Bus3853,Bus3854,Bus3855,Bus3856,Bus3857,Bus3858,Bus3859,Bus3860,Bus3861,Bus3862,Bus3863,Bus3864,Bus3865,Bus3866,Bus3867,Bus3868,Bus3869,Bus3870,Bus3871,Bus3872,Bus3873,Bus3874,Bus3875,Bus3876,Bus3877,Bus3878,Bus3879,Bus3880,Bus3881,Bus3882,Bus3883,Bus3884,Bus3885,Bus3886,Bus3887,Bus3888,Bus3889,Bus3890,Bus3891,Bus3892,Bus3893,Bus3894,Bus3895,Bus3896,Bus3897,Bus3898,Bus3899,Bus3900,Bus3901,Bus3902,Bus3903,Bus3904,Bus3905,Bus3906,Bus3907,Bus3908,Bus3909,Bus3910,Bus3911,Bus3912,Bus3913,Bus3914,Bus3915,Bus3916,Bus3917,Bus3918,Bus3919,Bus3920,Bus3921,Bus3922,Bus3923,Bus3924,Bus3925,Bus3926,Bus3927,Bus3928,Bus3929,Bus3930,Bus3931,Bus3932,Bus3933,Bus3934,Bus3935,Bus3936,Bus3937,Bus3938,Bus3939,Bus3940,Bus3941,Bus3942,Bus3943,Bus3944,Bus3945,Bus3946,Bus3947,Bus3948,Bus3949,Bus3950,Bus3951,Bus3952,Bus3953,Bus3954,Bus3955,Bus3956,Bus3957,Bus3958,Bus3959,Bus3960,Bus3961,Bus3962,Bus3963,Bus3964,Bus3965,Bus3966,Bus3967,Bus3968,Bus3969,Bus3970,Bus3971,Bus3972,Bus3973,Bus3974,Bus3975,Bus3976,Bus3977,Bus3978,Bus3979,Bus3980,Bus3981,Bus3982,Bus3983,Bus3984,Bus3985,Bus3986,Bus3987,Bus3988,Bus3989,Bus3990,Bus3991,Bus3992,Bus3993,Bus3994,Bus3995,Bus3996,Bus3997,Bus3998,Bus3999,Bus4000,Bus4001,Bus4002,Bus4003,Bus4004,Bus4005,Bus4006,Bus4007,Bus4008,Bus4009,Bus4010,Bus4011,Bus4012,Bus4013,Bus4014,Bus4015,Bus4016,Bus4017,Bus4018,Bus4019,Bus4020,Bus4021,Bus4022,Bus4023,Bus4024,Bus4025,Bus4026,Bus4027,Bus4028,Bus4029,Bus4030,Bus4031,Bus4032,Bus4033,Bus4034,Bus4035,Bus4036,Bus4037,Bus4038,Bus4039,Bus4040,Bus4041,Bus4042,Bus4043,Bus4044,Bus4045,Bus4046,Bus4047,Bus4048,Bus4049,Bus4050,Bus4051,Bus4052,Bus4053,Bus4054,Bus4055,Bus4056,Bus4057,Bus4058,Bus4059,Bus4060,Bus4061,Bus4062,Bus4063,Bus4064,Bus4065,Bus4066,Bus4067,Bus4068,Bus4069,Bus4070,Bus4071,Bus4072,Bus4073,Bus4074,Bus4075,Bus4076,Bus4077,Bus4078,Bus4079,Bus4080,Bus4081,Bus4082,Bus4083,Bus4084,Bus4085,Bus4086,Bus4087,Bus4088,Bus4089,Bus4090,Bus4091,Bus4092,Bus4093,Bus4094,Bus4095,Bus4096,Bus4097,Bus4098,Bus4099,Bus4100,Bus4101,Bus4102,Bus4103,Bus4104,Bus4105,Bus4106,Bus4107,Bus4108,Bus4109,Bus4110,Bus4111,Bus4112,Bus4113,Bus4114,Bus4115,Bus4116,Bus4117,Bus4118,Bus4119,Bus4120,Bus4121,Bus4122,Bus4123,Bus4124,Bus4125,Bus4126,Bus4127,Bus4128,Bus4129,Bus4130,Bus4131,Bus4132,Bus4133,Bus4134,Bus4135,Bus4136,Bus4137,Bus4138,Bus4139,Bus4140,Bus4141,Bus4142,Bus4143,Bus4144,Bus4145,Bus4146,Bus4147,Bus4148,Bus4149,Bus4150,Bus4151,Bus4152,Bus4153,Bus4154,Bus4155,Bus4156,Bus4157,Bus4158,Bus4159,Bus4160,Bus4161,Bus4162,Bus4163,Bus4164,Bus4165,Bus4166,Bus4167,Bus4168,Bus4169,Bus4170,Bus4171,Bus4172,Bus4173,Bus4174,Bus4175,Bus4176,Bus4177,Bus4178,Bus4179,Bus4180,Bus4181,Bus4182,Bus4183,Bus4184,Bus4185,Bus4186,Bus4187,Bus4188,Bus4189,Bus4190,Bus4191,Bus4192,Bus4193,Bus4194,Bus4195,Bus4196,Bus4197,Bus4198,Bus4199,Bus4200,Bus4201,Bus4202,Bus4203,Bus4204,Bus4205,Bus4206,Bus4207,Bus4208,Bus4209,Bus4210,Bus4211,Bus4212,Bus4213,Bus4214,Bus4215,Bus4216,Bus4217,Bus4218,Bus4219,Bus4220,Bus4221,Bus4222,Bus4223,Bus4224,Bus4225,Bus4226,Bus4227,Bus4228,Bus4229,Bus4230,Bus4231,Bus4232,Bus4233,Bus4234,Bus4235,Bus4236,Bus4237,Bus4238,Bus4239,Bus4240,Bus4241,Bus4242,Bus4243,Bus4244,Bus4245,Bus4246,Bus4247,Bus4248,Bus4249,Bus4250,Bus4251,Bus4252,Bus4253,Bus4254,Bus4255,Bus4256,Bus4257,Bus4258,Bus4259,Bus4260,Bus4261,Bus4262,Bus4263,Bus4264,Bus4265,Bus4266,Bus4267,Bus4268,Bus4269,Bus4270,Bus4271,Bus4272,Bus4273,Bus4274,Bus4275,Bus4276,Bus4277,Bus4278,Bus4279,Bus4280,Bus4281,Bus4282,Bus4283,Bus4284,Bus4285,Bus4286,Bus4287,Bus4288,Bus4289,Bus4290,Bus4291,Bus4292,Bus4293,Bus4294,Bus4295,Bus4296,Bus4297,Bus4298,Bus4299,Bus4300,Bus4301,Bus4302,Bus4303,Bus4304,Bus4305,Bus4306,Bus4307,Bus4308,Bus4309,Bus4310,Bus4311,Bus4312,Bus4313,Bus4314,Bus4315,Bus4316,Bus4317,Bus4318,Bus4319,Bus4320,Bus4321,Bus4322,Bus4323,Bus4324,Bus4325,Bus4326,Bus4327,Bus4328,Bus4329,Bus4330,Bus4331,Bus4332,Bus4333,Bus4334,Bus4335,Bus4336,Bus4337,Bus4338,Bus4339,Bus4340,Bus4341,Bus4342,Bus4343,Bus4344,Bus4345,Bus4346,Bus4347,Bus4348,Bus4349,Bus4350,Bus4351,Bus4352,Bus4353,Bus4354,Bus4355,Bus4356,Bus4357,Bus4358,Bus4359,Bus4360,Bus4361,Bus4362,Bus4363,Bus4364,Bus4365,Bus4366,Bus4367,Bus4368,Bus4369,Bus4370,Bus4371,Bus4372,Bus4373,Bus4374,Bus4375,Bus4376,Bus4377,Bus4378,Bus4379,Bus4380,Bus4381,Bus4382,Bus4383,Bus4384,Bus4385,Bus4386,Bus4387,Bus4388,Bus4389,Bus4390,Bus4391,Bus4392,Bus4393,Bus4394,Bus4395,Bus4396,Bus4397,Bus4398,Bus4399,Bus4400,Bus4401,Bus4402,Bus4403,Bus4404,Bus4405,Bus4406,Bus4407,Bus4408,Bus4409,Bus4410,Bus4411,Bus4412,Bus4413,Bus4414,Bus4415,Bus4416,Bus4417,Bus4418,Bus4419,Bus4420,Bus4421,Bus4422,Bus4423,Bus4424,Bus4425,Bus4426,Bus4427,Bus4428,Bus4429,Bus4430,Bus4431,Bus4432,Bus4433,Bus4434,Bus4435,Bus4436,Bus4437,Bus4438,Bus4439,Bus4440,Bus4441,Bus4442,Bus4443,Bus4444,Bus4445,Bus4446,Bus4447,Bus4448,Bus4449,Bus4450,Bus4451,Bus4452,Bus4453,Bus4454,Bus4455,Bus4456,Bus4457,Bus4458,Bus4459,Bus4460,Bus4461,Bus4462,Bus4463,Bus4464,Bus4465,Bus4466,Bus4467,Bus4468,Bus4469,Bus4470,Bus4471,Bus4472,Bus4473,Bus4474,Bus4475,Bus4476,Bus4477,Bus4478,Bus4479,Bus4480,Bus4481,Bus4482,Bus4483,Bus4484,Bus4485,Bus4486,Bus4487,Bus4488,Bus4489,Bus4490,Bus4491,Bus4492,Bus4493,Bus4494,Bus4495,Bus4496,Bus4497,Bus4498,Bus4499,Bus4500,Bus4501,Bus4502,Bus4503,Bus4504,Bus4505,Bus4506,Bus4507,Bus4508,Bus4509,Bus4510,Bus4511,Bus4512,Bus4513,Bus4514,Bus4515,Bus4516,Bus4517,Bus4518,Bus4519,Bus4520,Bus4521,Bus4522,Bus4523,Bus4524,Bus4525,Bus4526,Bus4527,Bus4528,Bus4529,Bus4530,Bus4531,Bus4532,Bus4533,Bus4534,Bus4535,Bus4536,Bus4537,Bus4538,Bus4539,Bus4540,Bus4541,Bus4542,Bus4543,Bus4544,Bus4545,Bus4546,Bus4547,Bus4548,Bus4549,Bus4550,Bus4551,Bus4552,Bus4553,Bus4554,Bus4555,Bus4556,Bus4557,Bus4558,Bus4559,Bus4560,Bus4561,Bus4562,Bus4563,Bus4564,Bus4565,Bus4566,Bus4567,Bus4568,Bus4569,Bus4570,Bus4571,Bus4572,Bus4573,Bus4574,Bus4575,Bus4576,Bus4577,Bus4578,Bus4579,Bus4580,Bus4581,Bus4582,Bus4583,Bus4584,Bus4585,Bus4586,Bus4587,Bus4588,Bus4589,Bus4590,Bus4591,Bus4592,Bus4593,Bus4594,Bus4595,Bus4596,Bus4597,Bus4598,Bus4599,Bus4600,Bus4601,Bus4602,Bus4603,Bus4604,Bus4605,Bus4606,Bus4607,Bus4608,Bus4609,Bus4610,Bus4611,Bus4612,Bus4613,Bus4614,Bus4615,Bus4616,Bus4617,Bus4618,Bus4619,Bus4620,Bus4621,Bus4622,Bus4623,Bus4624,Bus4625,Bus4626,Bus4627,Bus4628,Bus4629,Bus4630,Bus4631,Bus4632,Bus4633,Bus4634,Bus4635,Bus4636,Bus4637,Bus4638,Bus4639,Bus4640,Bus4641,Bus4642,Bus4643,Bus4644,Bus4645,Bus4646,Bus4647,Bus4648,Bus4649,Bus4650,Bus4651,Bus4652,Bus4653,Bus4654,Bus4655,Bus4656,Bus4657,Bus4658,Bus4659,Bus4660,Bus4661,Bus4662,Bus4663,Bus4664,Bus4665,Bus4666,Bus4667,Bus4668,Bus4669,Bus4670,Bus4671,Bus4672,Bus4673,Bus4674,Bus4675,Bus4676,Bus4677,Bus4678,Bus4679,Bus4680,Bus4681,Bus4682,Bus4683,Bus4684,Bus4685,Bus4686,Bus4687,Bus4688,Bus4689,Bus4690,Bus4691,Bus4692,Bus4693,Bus4694,Bus4695,Bus4696,Bus4697,Bus4698,Bus4699,Bus4700,Bus4701,Bus4702,Bus4703,Bus4704,Bus4705,Bus4706,Bus4707,Bus4708,Bus4709,Bus4710,Bus4711,Bus4712,Bus4713,Bus4714,Bus4715,Bus4716,Bus4717,Bus4718,Bus4719,Bus4720,Bus4721,Bus4722,Bus4723,Bus4724,Bus4725,Bus4726,Bus4727,Bus4728,Bus4729,Bus4730,Bus4731,Bus4732,Bus4733,Bus4734,Bus4735,Bus4736,Bus4737,Bus4738,Bus4739,Bus4740,Bus4741,Bus4742,Bus4743,Bus4744,Bus4745,Bus4746,Bus4747,Bus4748,Bus4749,Bus4750,Bus4751,Bus4752,Bus4753,Bus4754,Bus4755,Bus4756,Bus4757,Bus4758,Bus4759,Bus4760,Bus4761,Bus4762,Bus4763,Bus4764,Bus4765,Bus4766,Bus4767,Bus4768,Bus4769,Bus4770,Bus4771,Bus4772,Bus4773,Bus4774,Bus4775,Bus4776,Bus4777,Bus4778,Bus4779,Bus4780,Bus4781,Bus4782,Bus4783,Bus4784,Bus4785,Bus4786,Bus4787,Bus4788,Bus4789,Bus4790,Bus4791,Bus4792,Bus4793,Bus4794,Bus4795,Bus4796,Bus4797,Bus4798,Bus4799,Bus4800,Bus4801,Bus4802,Bus4803,Bus4804,Bus4805,Bus4806,Bus4807,Bus4808,Bus4809,Bus4810,Bus4811,Bus4812,Bus4813,Bus4814,Bus4815,Bus4816,Bus4817,Bus4818,Bus4819,Bus4820,Bus4821,Bus4822,Bus4823,Bus4824,Bus4825,Bus4826,Bus4827,Bus4828,Bus4829,Bus4830,Bus4831,Bus4832,Bus4833,Bus4834,Bus4835,Bus4836,Bus4837,Bus4838,Bus4839,Bus4840,Bus4841,Bus4842,Bus4843,Bus4844,Bus4845,Bus4846,Bus4847,Bus4848,Bus4849,Bus4850,Bus4851,Bus4852,Bus4853,Bus4854,Bus4855,Bus4856,Bus4857,Bus4858,Bus4859,Bus4860,Bus4861,Bus4862,Bus4863,Bus4864,Bus4865,Bus4866,Bus4867,Bus4868,Bus4869,Bus4870,Bus4871,Bus4872,Bus4873,Bus4874,Bus4875,Bus4876,Bus4877,Bus4878,Bus4879,Bus4880,Bus4881,Bus4882,Bus4883,Bus4884,Bus4885,Bus4886,Bus4887,Bus4888,Bus4889,Bus4890,Bus4891,Bus4892,Bus4893,Bus4894,Bus4895,Bus4896,Bus4897,Bus4898,Bus4899,Bus4900,Bus4901,Bus4902,Bus4903,Bus4904,Bus4905,Bus4906,Bus4907,Bus4908,Bus4909,Bus4910,Bus4911,Bus4912,Bus4913,Bus4914,Bus4915,Bus4916,Bus4917,Bus4918,Bus4919,Bus4920,Bus4921,Bus4922,Bus4923,Bus4924,Bus4925,Bus4926,Bus4927,Bus4928,Bus4929,Bus4930,Bus4931,Bus4932,Bus4933,Bus4934,Bus4935,Bus4936,Bus4937,Bus4938,Bus4939,Bus4940,Bus4941,Bus4942,Bus4943,Bus4944,Bus4945,Bus4946,Bus4947,Bus4948,Bus4949,Bus4950,Bus4951,Bus4952,Bus4953,Bus4954,Bus4955,Bus4956,Bus4957,Bus4958,Bus4959,Bus4960,Bus4961,Bus4962,Bus4963,Bus4964,Bus4965,Bus4966,Bus4967,Bus4968,Bus4969,Bus4970,Bus4971,Bus4972,Bus4973,Bus4974,Bus4975,Bus4976,Bus4977,Bus4978,Bus4979,Bus4980,Bus4981,Bus4982,Bus4983,Bus4984,Bus4985,Bus4986,Bus4987,Bus4988,Bus4989,Bus4990,Bus4991,Bus4992,Bus4993,Bus4994,Bus4995,Bus4996,Bus4997,Bus4998,Bus4999,Bus5000,Bus5001,Bus5002,Bus5003,Bus5004,Bus5005,Bus5006,Bus5007,Bus5008,Bus5009,Bus5010,Bus5011,Bus5012,Bus5013,Bus5014,Bus5015,Bus5016,Bus5017,Bus5018,Bus5019,Bus5020,Bus5021,Bus5022,Bus5023,Bus5024,Bus5025,Bus5026,Bus5027,Bus5028,Bus5029,Bus5030,Bus5031,Bus5032,Bus5033,Bus5034,Bus5035,Bus5036,Bus5037,Bus5038,Bus5039,Bus5040,Bus5041,Bus5042,Bus5043,Bus5044,Bus5045,Bus5046,Bus5047,Bus5048,Bus5049,Bus5050,Bus5051,Bus5052,Bus5053,Bus5054,Bus5055,Bus5056,Bus5057,Bus5058,Bus5059,Bus5060,Bus5061,Bus5062,Bus5063,Bus5064,Bus5065,Bus5066,Bus5067,Bus5068,Bus5069,Bus5070,Bus5071,Bus5072,Bus5073,Bus5074,Bus5075,Bus5076,Bus5077,Bus5078,Bus5079,Bus5080,Bus5081,Bus5082,Bus5083,Bus5084,Bus5085,Bus5086,Bus5087,Bus5088,Bus5089,Bus5090,Bus5091,Bus5092,Bus5093,Bus5094,Bus5095,Bus5096,Bus5097,Bus5098,Bus5099,Bus5100,Bus5101,Bus5102,Bus5103,Bus5104,Bus5105,Bus5106,Bus5107,Bus5108,Bus5109,Bus5110,Bus5111,Bus5112,Bus5113,Bus5114,Bus5115,Bus5116,Bus5117,Bus5118,Bus5119,Bus5120,Bus5121,Bus5122,Bus5123,Bus5124,Bus5125,Bus5126,Bus5127,Bus5128,Bus5129,Bus5130,Bus5131,Bus5132,Bus5133,Bus5134,Bus5135,Bus5136,Bus5137,Bus5138,Bus5139,Bus5140,Bus5141,Bus5142,Bus5143,Bus5144,Bus5145,Bus5146,Bus5147,Bus5148,Bus5149,Bus5150,Bus5151,Bus5152,Bus5153,Bus5154,Bus5155,Bus5156,Bus5157,Bus5158,Bus5159,Bus5160,Bus5161,Bus5162,Bus5163,Bus5164,Bus5165,Bus5166,Bus5167,Bus5168,Bus5169,Bus5170,Bus5171,Bus5172,Bus5173,Bus5174,Bus5175,Bus5176,Bus5177,Bus5178,Bus5179,Bus5180,Bus5181,Bus5182,Bus5183,Bus5184,Bus5185,Bus5186,Bus5187,Bus5188,Bus5189,Bus5190,Bus5191,Bus5192,Bus5193,Bus5194,Bus5195,Bus5196,Bus5197,Bus5198,Bus5199,Bus5200,Bus5201,Bus5202,Bus5203,Bus5204,Bus5205,Bus5206,Bus5207,Bus5208,Bus5209,Bus5210,Bus5211,Bus5212,Bus5213,Bus5214,Bus5215,Bus5216,Bus5217,Bus5218,Bus5219,Bus5220,Bus5221,Bus5222,Bus5223,Bus5224,Bus5225,Bus5226,Bus5227,Bus5228,Bus5229,Bus5230,Bus5231,Bus5232,Bus5233,Bus5234,Bus5235,Bus5236,Bus5237,Bus5238,Bus5239,Bus5240,Bus5241,Bus5242,Bus5243,Bus5244,Bus5245,Bus5246,Bus5247,Bus5248,Bus5249,Bus5250,Bus5251,Bus5252,Bus5253,Bus5254,Bus5255,Bus5256,Bus5257,Bus5258,Bus5259,Bus5260,Bus5261,Bus5262,Bus5263,Bus5264,Bus5265,Bus5266,Bus5267,Bus5268,Bus5269,Bus5270,Bus5271,Bus5272,Bus5273,Bus5274,Bus5275,Bus5276,Bus5277,Bus5278,Bus5279,Bus5280,Bus5281,Bus5282,Bus5283,Bus5284,Bus5285,Bus5286,Bus5287,Bus5288,Bus5289,Bus5290,Bus5291,Bus5292,Bus5293,Bus5294,Bus5295,Bus5296,Bus5297,Bus5298,Bus5299,Bus5300,Bus5301,Bus5302,Bus5303,Bus5304,Bus5305,Bus5306,Bus5307,Bus5308,Bus5309,Bus5310,Bus5311,Bus5312,Bus5313,Bus5314,Bus5315,Bus5316,Bus5317,Bus5318,Bus5319,Bus5320,Bus5321,Bus5322,Bus5323,Bus5324,Bus5325,Bus5326,Bus5327,Bus5328,Bus5329,Bus5330,Bus5331,Bus5332,Bus5333,Bus5334,Bus5335,Bus5336,Bus5337,Bus5338,Bus5339,Bus5340,Bus5341,Bus5342,Bus5343,Bus5344,Bus5345,Bus5346,Bus5347,Bus5348,Bus5349,Bus5350,Bus5351,Bus5352,Bus5353,Bus5354,Bus5355,Bus5356,Bus5357,Bus5358,Bus5359,Bus5360,Bus5361,Bus5362,Bus5363,Bus5364,Bus5365,Bus5366,Bus5367,Bus5368,Bus5369,Bus5370,Bus5371,Bus5372,Bus5373,Bus5374,Bus5375,Bus5376,Bus5377,Bus5378,Bus5379,Bus5380,Bus5381,Bus5382,Bus5383,Bus5384,Bus5385,Bus5386,Bus5387,Bus5388,Bus5389,Bus5390,Bus5391,Bus5392,Bus5393,Bus5394,Bus5395,Bus5396,Bus5397,Bus5398,Bus5399,Bus5400,Bus5401,Bus5402,Bus5403,Bus5404,Bus5405,Bus5406,Bus5407,Bus5408,Bus5409,Bus5410,Bus5411,Bus5412,Bus5413,Bus5414,Bus5415,Bus5416,Bus5417,Bus5418,Bus5419,Bus5420,Bus5421,Bus5422,Bus5423,Bus5424,Bus5425,Bus5426,Bus5427,Bus5428,Bus5429,Bus5430,Bus5431,Bus5432,Bus5433,Bus5434,Bus5435,Bus5436,Bus5437,Bus5438,Bus5439,Bus5440,Bus5441,Bus5442,Bus5443,Bus5444,Bus5445,Bus5446,Bus5447,Bus5448,Bus5449,Bus5450,Bus5451,Bus5452,Bus5453,Bus5454,Bus5455,Bus5456,Bus5457,Bus5458,Bus5459,Bus5460,Bus5461,Bus5462,Bus5463,Bus5464,Bus5465,Bus5466,Bus5467,Bus5468,Bus5469,Bus5470,Bus5471,Bus5472,Bus5473,Bus5474,Bus5475,Bus5476,Bus5477,Bus5478,Bus5479,Bus5480,Bus5481,Bus5482,Bus5483,Bus5484,Bus5485,Bus5486,Bus5487,Bus5488,Bus5489,Bus5490,Bus5491,Bus5492,Bus5493,Bus5494,Bus5495,Bus5496,Bus5497,Bus5498,Bus5499,Bus5500,Bus5501,Bus5502,Bus5503,Bus5504,Bus5505,Bus5506,Bus5507,Bus5508,Bus5509,Bus5510,Bus5511,Bus5512,Bus5513,Bus5514,Bus5515,Bus5516,Bus5517,Bus5518,Bus5519,Bus5520,Bus5521,Bus5522,Bus5523,Bus5524,Bus5525,Bus5526,Bus5527,Bus5528,Bus5529,Bus5530,Bus5531,Bus5532,Bus5533,Bus5534,Bus5535,Bus5536,Bus5537,Bus5538,Bus5539,Bus5540,Bus5541,Bus5542,Bus5543,Bus5544,Bus5545,Bus5546,Bus5547,Bus5548,Bus5549,Bus5550,Bus5551,Bus5552,Bus5553,Bus5554,Bus5555,Bus5556,Bus5557,Bus5558,Bus5559,Bus5560,Bus5561,Bus5562,Bus5563,Bus5564,Bus5565,Bus5566,Bus5567,Bus5568,Bus5569,Bus5570,Bus5571,Bus5572,Bus5573,Bus5574,Bus5575,Bus5576,Bus5577,Bus5578,Bus5579,Bus5580,Bus5581,Bus5582,Bus5583,Bus5584,Bus5585,Bus5586,Bus5587,Bus5588,Bus5589,Bus5590,Bus5591,Bus5592,Bus5593,Bus5594,Bus5595,Bus5596,Bus5597,Bus5598,Bus5599,Bus5600,Bus5601,Bus5602,Bus5603,Bus5604,Bus5605,Bus5606,Bus5607,Bus5608,Bus5609,Bus5610,Bus5611,Bus5612,Bus5613,Bus5614,Bus5615,Bus5616,Bus5617,Bus5618,Bus5619,Bus5620,Bus5621,Bus5622,Bus5623,Bus5624,Bus5625,Bus5626,Bus5627,Bus5628,Bus5629,Bus5630,Bus5631,Bus5632,Bus5633,Bus5634,Bus5635,Bus5636,Bus5637,Bus5638,Bus5639,Bus5640,Bus5641,Bus5642,Bus5643,Bus5644,Bus5645,Bus5646,Bus5647,Bus5648,Bus5649,Bus5650,Bus5651,Bus5652,Bus5653,Bus5654,Bus5655,Bus5656,Bus5657,Bus5658,Bus5659,Bus5660,Bus5661,Bus5662,Bus5663,Bus5664,Bus5665,Bus5666,Bus5667,Bus5668,Bus5669,Bus5670,Bus5671,Bus5672,Bus5673,Bus5674,Bus5675,Bus5676,Bus5677,Bus5678,Bus5679,Bus5680,Bus5681,Bus5682,Bus5683,Bus5684,Bus5685,Bus5686,Bus5687,Bus5688,Bus5689,Bus5690,Bus5691,Bus5692,Bus5693,Bus5694,Bus5695,Bus5696,Bus5697,Bus5698,Bus5699,Bus5700,Bus5701,Bus5702,Bus5703,Bus5704,Bus5705,Bus5706,Bus5707,Bus5708,Bus5709,Bus5710,Bus5711,Bus5712,Bus5713,Bus5714,Bus5715,Bus5716,Bus5717,Bus5718,Bus5719,Bus5720,Bus5721,Bus5722,Bus5723,Bus5724,Bus5725,Bus5726,Bus5727,Bus5728,Bus5729,Bus5730,Bus5731,Bus5732,Bus5733,Bus5734,Bus5735,Bus5736,Bus5737,Bus5738,Bus5739,Bus5740,Bus5741,Bus5742,Bus5743,Bus5744,Bus5745,Bus5746,Bus5747,Bus5748,Bus5749,Bus5750,Bus5751,Bus5752,Bus5753,Bus5754,Bus5755,Bus5756,Bus5757,Bus5758,Bus5759,Bus5760,Bus5761,Bus5762,Bus5763,Bus5764,Bus5765,Bus5766,Bus5767,Bus5768,Bus5769,Bus5770,Bus5771,Bus5772,Bus5773,Bus5774,Bus5775,Bus5776,Bus5777,Bus5778,Bus5779,Bus5780,Bus5781,Bus5782,Bus5783,Bus5784,Bus5785,Bus5786,Bus5787,Bus5788,Bus5789,Bus5790,Bus5791,Bus5792,Bus5793,Bus5794,Bus5795,Bus5796,Bus5797,Bus5798,Bus5799,Bus5800,Bus5801,Bus5802,Bus5803,Bus5804,Bus5805,Bus5806,Bus5807,Bus5808,Bus5809,Bus5810,Bus5811,Bus5812,Bus5813,Bus5814,Bus5815,Bus5816,Bus5817,Bus5818,Bus5819,Bus5820,Bus5821,Bus5822,Bus5823,Bus5824,Bus5825,Bus5826,Bus5827,Bus5828,Bus5829,Bus5830,Bus5831,Bus5832,Bus5833,Bus5834,Bus5835,Bus5836,Bus5837,Bus5838,Bus5839,Bus5840,Bus5841,Bus5842,Bus5843,Bus5844,Bus5845,Bus5846,Bus5847,Bus5848,Bus5849,Bus5850,Bus5851,Bus5852,Bus5853,Bus5854,Bus5855,Bus5856,Bus5857,Bus5858,Bus5859,Bus5860,Bus5861,Bus5862,Bus5863,Bus5864,Bus5865,Bus5866,Bus5867,Bus5868,Bus5869,Bus5870,Bus5871,Bus5872,Bus5873,Bus5874,Bus5875,Bus5876,Bus5877,Bus5878,Bus5879,Bus5880,Bus5881,Bus5882,Bus5883,Bus5884,Bus5885,Bus5886,Bus5887,Bus5888,Bus5889,Bus5890,Bus5891,Bus5892,Bus5893,Bus5894,Bus5895,Bus5896,Bus5897,Bus5898,Bus5899,Bus5900,Bus5901,Bus5902,Bus5903,Bus5904,Bus5905,Bus5906,Bus5907,Bus5908,Bus5909,Bus5910,Bus5911,Bus5912,Bus5913,Bus5914,Bus5915,Bus5916,Bus5917,Bus5918,Bus5919,Bus5920,Bus5921,Bus5922,Bus5923,Bus5924,Bus5925,Bus5926,Bus5927,Bus5928,Bus5929,Bus5930,Bus5931,Bus5932,Bus5933,Bus5934,Bus5935,Bus5936,Bus5937,Bus5938,Bus5939,Bus5940,Bus5941,Bus5942,Bus5943,Bus5944,Bus5945,Bus5946,Bus5947,Bus5948,Bus5949,Bus5950,Bus5951,Bus5952,Bus5953,Bus5954,Bus5955,Bus5956,Bus5957,Bus5958,Bus5959,Bus5960,Bus5961,Bus5962,Bus5963,Bus5964,Bus5965,Bus5966,Bus5967,Bus5968,Bus5969,Bus5970,Bus5971,Bus5972,Bus5973,Bus5974,Bus5975,Bus5976,Bus5977,Bus5978,Bus5979,Bus5980,Bus5981,Bus5982,Bus5983,Bus5984,Bus5985,Bus5986,Bus5987,Bus5988,Bus5989,Bus5990,Bus5991,Bus5992,Bus5993,Bus5994,Bus5995,Bus5996,Bus5997,Bus5998,Bus5999,Bus6000,Bus6001,Bus6002,Bus6003,Bus6004,Bus6005,Bus6006,Bus6007,Bus6008,Bus6009,Bus6010,Bus6011,Bus6012,Bus6013,Bus6014,Bus6015,Bus6016,Bus6017,Bus6018,Bus6019,Bus6020,Bus6021,Bus6022,Bus6023,Bus6024,Bus6025,Bus6026,Bus6027,Bus6028,Bus6029,Bus6030,Bus6031,Bus6032,Bus6033,Bus6034,Bus6035,Bus6036,Bus6037,Bus6038,Bus6039,Bus6040,Bus6041,Bus6042,Bus6043,Bus6044,Bus6045,Bus6046,Bus6047,Bus6048,Bus6049,Bus6050,Bus6051,Bus6052,Bus6053,Bus6054,Bus6055,Bus6056,Bus6057,Bus6058,Bus6059,Bus6060,Bus6061,Bus6062,Bus6063,Bus6064,Bus6065,Bus6066,Bus6067,Bus6068,Bus6069,Bus6070,Bus6071,Bus6072,Bus6073,Bus6074,Bus6075,Bus6076,Bus6077,Bus6078,Bus6079,Bus6080,Bus6081,Bus6082,Bus6083,Bus6084,Bus6085,Bus6086,Bus6087,Bus6088,Bus6089,Bus6090,Bus6091,Bus6092,Bus6093,Bus6094,Bus6095,Bus6096,Bus6097,Bus6098,Bus6099,Bus6100,Bus6101,Bus6102,Bus6103,Bus6104,Bus6105,Bus6106,Bus6107,Bus6108,Bus6109,Bus6110,Bus6111,Bus6112,Bus6113,Bus6114,Bus6115,Bus6116,Bus6117,Bus6118,Bus6119,Bus6120,Bus6121,Bus6122,Bus6123,Bus6124,Bus6125,Bus6126,Bus6127,Bus6128,Bus6129,Bus6130,Bus6131,Bus6132,Bus6133,Bus6134,Bus6135,Bus6136,Bus6137,Bus6138,Bus6139,Bus6140,Bus6141,Bus6142,Bus6143,Bus6144,Bus6145,Bus6146,Bus6147,Bus6148,Bus6149,Bus6150,Bus6151,Bus6152,Bus6153,Bus6154,Bus6155,Bus6156,Bus6157,Bus6158,Bus6159,Bus6160,Bus6161,Bus6162,Bus6163,Bus6164,Bus6165,Bus6166,Bus6167,Bus6168,Bus6169,Bus6170,Bus6171,Bus6172,Bus6173,Bus6174,Bus6175,Bus6176,Bus6177,Bus6178,Bus6179,Bus6180,Bus6181,Bus6182,Bus6183,Bus6184,Bus6185,Bus6186,Bus6187,Bus6188,Bus6189,Bus6190,Bus6191,Bus6192,Bus6193,Bus6194,Bus6195,Bus6196,Bus6197,Bus6198,Bus6199,Bus6200,Bus6201,Bus6202,Bus6203,Bus6204,Bus6205,Bus6206,Bus6207,Bus6208,Bus6209,Bus6210,Bus6211,Bus6212,Bus6213,Bus6214,Bus6215,Bus6216,Bus6217,Bus6218,Bus6219,Bus6220,Bus6221,Bus6222,Bus6223,Bus6224,Bus6225,Bus6226,Bus6227,Bus6228,Bus6229,Bus6230,Bus6231,Bus6232,Bus6233,Bus6234,Bus6235,Bus6236,Bus6237,Bus6238,Bus6239,Bus6240,Bus6241,Bus6242,Bus6243,Bus6244,Bus6245,Bus6246,Bus6247,Bus6248,Bus6249,Bus6250,Bus6251,Bus6252,Bus6253,Bus6254,Bus6255,Bus6256,Bus6257,Bus6258,Bus6259,Bus6260,Bus6261,Bus6262,Bus6263,Bus6264,Bus6265,Bus6266,Bus6268,Bus6269,Bus6270,Bus6271,Bus6272,Bus6273,Bus6274,Bus6275,Bus6276,Bus6277,Bus6278,Bus6279,Bus6280,Bus6281,Bus6282,Bus6283,Bus6284,Bus6285,Bus6286,Bus6287,Bus6288,Bus6289,Bus6290,Bus6291,Bus6292,Bus6293,Bus6294,Bus6295,Bus6296,Bus6297,Bus6298,Bus6299,Bus6300,Bus6301,Bus6302,Bus6303,Bus6304,Bus6306,Bus6307,Bus6308,Bus6309,Bus6310,Bus6311,Bus6312,Bus6313,Bus6314,Bus6315,Bus6316,Bus6317,Bus6319,Bus6320,Bus6321,Bus6322,Bus6323,Bus6324,Bus6325,Bus6326,Bus6327,Bus6328,Bus6329,Bus6330,Bus6331,Bus6332,Bus6333,Bus6334,Bus6335,Bus6336,Bus6337,Bus6338,Bus6339,Bus6340,Bus6341,Bus6342,Bus6343,Bus6344,Bus6345,Bus6346,Bus6347,Bus6348,Bus6349,Bus6350,Bus6351,Bus6352,Bus6353,Bus6354,Bus6355,Bus6356,Bus6357,Bus6358,Bus6359,Bus6360,Bus6361,Bus6362,Bus6363,Bus6364,Bus6365,Bus6366,Bus6367,Bus6369,Bus6370,Bus6371,Bus6372,Bus6373,Bus6374,Bus6375,Bus6376,Bus6377,Bus6378,Bus6379,Bus6380,Bus6381,Bus6382,Bus6383,Bus6384,Bus6385,Bus6386,Bus6387,Bus6388,Bus6389,Bus6390,Bus6391,Bus6392,Bus6393,Bus6394,Bus6395,Bus6396,Bus6397,Bus6398,Bus6399,Bus6400,Bus6401,Bus6402,Bus6403,Bus6404,Bus6405,Bus6406,Bus6407,Bus6408,Bus6409,Bus6410,Bus6411,Bus6412,Bus6413,Bus6414,Bus6415,Bus6416,Bus6417,Bus6418,Bus6419,Bus6420,Bus6421,Bus6422,Bus6423,Bus6424,Bus6425,Bus6426,Bus6427,Bus6428,Bus6429,Bus6430,Bus6431,Bus6432,Bus6433,Bus6434,Bus6435,Bus6436,Bus6437,Bus6438,Bus6439,Bus6440,Bus6441,Bus6442,Bus6443,Bus6444,Bus6445,Bus6446,Bus6447,Bus6448,Bus6449,Bus6450,Bus6451,Bus6452,Bus6453,Bus6454,Bus6455,Bus6456,Bus6457,Bus6458,Bus6459,Bus6460,Bus6461,Bus6462,Bus6463,Bus6464,Bus6465,Bus6466,Bus6467,Bus6468,Bus6469,Bus6470,Bus6471,Bus6472,Bus6473,Bus6474,Bus6475,Bus6476,Bus6477,Bus6478,Bus6479,Bus6480,Bus6481,Bus6482,Bus6483,Bus6484,Bus6485,Bus6486,Bus6487,Bus6488,Bus6489,Bus6490,Bus6491,Bus6492,Bus6493,Bus6494,Bus6495,Bus6496,Bus6497,Bus6498,Bus6499
0,-0.0,-0.0,-558.3223916167418,-1775.725695157196,-417.2649874406112,-493.1663869979891,-48.42773334944419,-917.7856136623933,-626.1893695333905,-0.0,-1323.9884958095236,-0.0,-0.0,-1954.582000658122,-0.0,-528.2055801901262,-394.17947367417116,-0.0,-0.0,-167.88135207933382,-239.27609567239912,-637.701455765218,-1012.4571133116298,-649.8716573553692,-1911.1841810819385,-1180.2723331985624,-0.0,-0.0,-2663.294881866703,-1607.294086076389,-0.0,-0.0,-0.0,-0.0,-0.0,-0.0,-99.5838740027289,-288.0110803838109,-1544.4017426932267,-1248.5639966675822,-0.0,-0.0,-122.17676471922563,-650.4552704555571,-163.63874949224126,-0.0,670.7971292335302,-1519.3972503491634,-372.42175567628067,-0.0,-0.0,-340.86848001694176,-4.184387993232409,24.835125596093242,-1794.4913091893982,-3094.896339491204,169.47824240693225,-5299.346539452552,-220.89866443072953,-0.0,-1500.015302413254,-0.0,-601.992621389926,-2295.6257778432832,-491.5055899044171,-582.0853188768552,-37.51780822432493,-2109.7543954666958,-700.3494790568446,-492.38059841593684,-2829.471065028869,-0.0,-0.0,-2119.8044985144656,-942.8850161302304,-365.1910097797112,-1760.7381216191068,-0.0,-0.0,-1380.8676888963967,-1487.0025429242955,-436.8022106895124,-3612.656500171792,-59.227309322165,-69.68813545785675,-1597.3471157205522,-0.0,-567.1577721389581,-950.185534475935,-16.30250389553056,-0.0,-1366.289470402403,-78.28218459528611,-599.7394836134089,-2099.259814617241,-49.111169396807675,-2109.4285780852983,-322.8992304838632,-1339.1628712748197,-2456.278542762724,-684.577638331552,655.9600620068148,-518.5908015796407,-0.0,-1544.8409725500205,-2207.0996552892666,-3991.7537283218494,-525.9653359006218,-2629.813954653479,-0.0,-1404.8542022939278,-0.0,-0.0,-473.3994183552584,-0.0,-0.0,-495.35090901208224,-74.29929531271648,-1547.1838410445175,-782.4505200536656,-950.4251929347669,230.81313230751184,-418.8174031714778,-335.7655798025004,-382.98693833770733,-14.26816911300386,-416.85293739134073,-488.5925776324177,-730.8881667974243,-0.0,-4794.619401138025,101.50268858454004,-90.4789974764841,-4205.419840415096,-0.0,-951.5363097195842,82.4607265018965,-0.0,-607.1401220037311,-0.0,-0.0,-486.0967752941553,-0.0,-320.0324694739132,-900.9351783895628,-0.0,-1000.7653859655743,-258.32851937846607,-666.7839164805819,-2061.8034014050004,-0.0,-1609.745913655654,-964.1762496378617,-0.0,-0.0,-0.0,54.43916270015933,701.7041515715266,-0.0,-1466.4072587161802,-1744.1870561347991,4.198715925704667,-0.0,-0.0,-455.2502682524085,-332.9034141118836,-355.4529447322602,-0.0,-362.898922386502,-2960.7269520159352,-1085.9670129775634,-0.0,-1172.7928072411992,-2170.53001881971,-0.0,-0.0,-0.0,-0.0,-0.0,-0.0,-522.5977573340076,-641.7722870375184,-255.17974513031902,-164.6236794506237,-1001.619447721992,-15.27443361476649,-0.0,-0.0,-625.123096994039,-0.0,-604.6852766335065,-189.05320450942577,12.772297673338112,183.01416602551447,-0.0,-0.0,-987.2117929880244,-381.5683693094212,-483.8127043118104,-0.0,-2594.3569805580682,-2046.299232744746,-865.8543392271938,-0.0,-0.0,-2068.613353995068,-1232.3081155035998,-666.9271512418477,-24.583666349570624,-1498.8459752242186,-1209.9448367978164,-0.0,-0.0,-1756.3388272315467,-0.0,-871.8650985829274,-1021.1804990747214,21.99423440413924,-485.53797924595654,-538.6479331312463,-320.42551831223864,-0.0,-1665.1408289572632,-0.0,-2804.2707571041256,-2378.608927278212,-187.5114316081554,-469.4972799895444,-447.65161236447364,-0.0,-281.99851902749884,-201.92725635235448,-0.0,-976.537870282196,-550.5079829704737,-940.5768058975843,-1676.9330402792182,-922.6590942419306,-2005.7906564722614,-1656.342278105121,-2236.46234224091,-2213.8506529654314,-1040.76147853712,-2049.9866297149265,-532.3701685677815,-407.59394432214407,-0.0,-1264.9941255328526,-831.5586794992932,-1018.4491521104217,-439.0765886997983,-385.71137261902174,-2101.272953367414,-632.8205825039928,-427.21970588854947,706.416916558976,-0.0,1067.7401216932835,-1383.5925151711954,-0.0,-0.0,-0.0,-0.0,-0.0,-0.0,-1263.281145511863,-2766.7535312445393,-476.93096686372894,-915.329422231061,-0.0,-0.0,-1828.6699515287448,-1273.9940028428848,-1899.0227709788992,-0.0,-0.0,-64.58021284695022,73.58846805905573,-445.43637018841906,-1908.5328551258915,-455.8396904367684,-0.0,-409.04583578048033,-694.0864128588521,-12.22125384315759,-1186.3029021784105,-1079.5132617191296,-1448.0051947786048,-1065.6093736646212,-141.9567113349793,-605.9226640943067,-0.0,-1572.3109484045679,-0.0,-911.7872156360346,-119.04814514342364,-38.64397480179169,-517.8565840254271,-0.0,-2255.491268125286,-118.64414479648536,-603.6649712525594,-1492.476930861311,-1307.4300643618078,6.0487360589119845,-501.29201442600777,-764.214292751847,-23.443036406292094,-282.0577114579286,-432.9133084252769,-60.32292637954833,557.3166151048431,-1209.2248521058045,-0.0,-896.8189834433975,-1180.711517116601,-0.0,-539.9686172182921,-0.0,-1484.1598364952954,-0.0,-0.0,-0.0,-1119.3920389009031,-803.2454327776336,-388.03243797851576,-0.0,-1351.3591057629696,-2975.096155949302,-3457.964604608884,-0.0,-344.7120287868741,-0.0,-270.3423018694209,-344.2244387063849,264.5108772041744,-536.036811120019,-0.0,-542.6283965952364,-907.3640429877412,-263.9209418120656,-492.0507761885017,-0.0,-436.81034885320537,-1122.6147849806027,-519.8153223464163,59.68430263060737,-2328.0592473946613,-0.0,-0.0,-1037.247336942736,-458.861283817518,-1152.905320596723,-67.64947265933581,-125.19485457289254,-220.20096943795357,-597.3732649136674,-904.8279683764774,-1365.0124788677322,-2239.888560896762,-0.0,-0.0,-345.4298369610989,4665.923771107489,-0.0,-0.0,-0.0,-0.0,-0.0,-2394.181502842187,-479.49867050753176,-0.0,-1025.0148121463956,-1026.2405784020505,-581.0750956120771,-2106.666050139133,-171.9335448966744,-1158.6922627580873,-0.0,-0.0,-1990.701477314834,-605.6705308648225,-1757.9325453128054,-654.5384237030261,-569.3092855364382,-1602.5332219353454,-244.3906407696552,-1753.978929580578,-1017.7920571141632,-109.11174291782967,-815.0297459313356,-1187.3904147642322,-203.9594416431739,-214.2701253796982,-1773.3507481227923,-0.0,-471.49970528440883,-259.0915741425296,-141.69026933805318,-735.2644552285401,-211.58691210398183,-876.6590921808488,-724.8076588304091,-1209.1186527383204,-290.53447452942345,-2473.1231880883192,-22.103532869264537,-587.9729619842487,-0.0,-844.8112928775403,-627.501408270379,-926.9721368879883,-1048.4953252936957,12.469470499341915,-352.65483202926634,-773.4351352555418,-773.2307939941205,-344.6792220241316,-999.6498474221929,171.493346524169,-0.0,-0.0,-0.0,-0.0,-0.0,-0.0,4.326642883244594,-291.7113998730345,-2300.0504328878114,-4164.038384250002,-467.34225914114836,-1008.5822690314372,-136.3687563294124,-513.7274354328943,-1320.0590190311536,-1084.0803833701696,-77.06079271279617,-431.5118417782846,-465.4980622764286,-0.0,-125.96374962561843,-1000.7926403444076,-620.6462596885076,-0.0,-1276.5075581642955,-0.0,619.7341188186699,-0.0,-0.0,-0.0,-25.802336128054005,-0.0,-0.0,-941.4983104437891,-408.60175605281086,-1078.122485973486,-0.0,-0.0,-0.0,-855.7000532798922,-540.463117848863,-1315.0404719606631,-0.0,312.9420460049028,-0.0,-0.0,-2834.599990038494,-1317.857699867301,-12.158136015745571,-0.0,45.249262884633396,-17685.586772406088,-17009.685471978046,-2439.5023642783226,-0.0,-0.0,-0.0,-0.0,-293.23385092782644,-0.0,-0.0,-664.3917908798129,-2361.7638500787625,-2053.2619276326614,-1430.003098159273,-391.03127696289994,-1730.5091357726192,-43.32549306337607,-1527.0286068776727,932.7765769164247,-0.0,-800.2042981736023,141.74911150066393,-0.0,-0.0,-0.0,-0.0,-106.95889154772831,-0.0,-0.0,-0.0,-745.8321708403847,-1514.5594448728145,-0.0,-0.0,-589.8613583856417,-1983.9868708061722,-0.0,-1350.5108485578396,-1652.2176108294975,-1725.5094191244689,-0.0,-0.0,-228.72025253331418,-72.41655519032504,-1038.1900742343153,-1432.6910123558732,-481.13921255874897,-1346.9826747061088,-1169.4163960260307,-0.0,-0.0,-0.0,-0.0,-368.25992067881305,-87.15693880751473,-0.0,-0.0,-180.11135811614142,240.58822808786314,-0.0,-1123.379943557431,-1058.2129128127488,-1050.3997826899547,-0.0,-0.0,-788.5226814550492,-1241.336156503305,-719.2503462685368,-395.3579628508548,-0.0,-2210.0804134769655,-2234.060276600758,-0.0,-0.0,-0.0,-0.0,-0.0,-1349.286006745922,-0.0,-2004.9092904325644,-1089.269953337246,-75.61349824184259,-0.0,-0.0,-0.0,-2512.985138542853,-1466.3595559684102,-540.0229993716565,-506.04741596275994,-1020.0714690268225,-766.461987739541,-0.0,-0.0,-504.0104392934017,-1242.5260317204002,4.153450270909049,-546.8995078849882,-0.0,-990.7689740822509,-776.2288134132325,-1524.485927631717,-0.0,-241.35462482720408,-232.27031384157516,-299.9530848140999,-1390.733178709039,-97.60034843750867,-0.0,-0.0,-0.0,-0.0,131.92845607917647,-149.8842449677123,-750.6095650932532,-1400.9274151090528,-1202.8396296490337,-527.261174034978,-547.2247050679224,-8567.300745942704,-923.6214071265732,-536.3020426051032,-0.0,-0.0,-0.0,-324.09030467648347,-361.2891463017584,-1090.2934459168757,-319.03470841804534,-0.0,30.35939181321821,-0.0,-0.0,-0.0,-0.0,-0.0,-0.0,-0.0,-88.8813370472419,1607.3672656863744,-0.0,-1315.2255319368185,-559.4529399399752,-405.2071323561864,-1770.8760897136858,-0.0,-0.0,-573.2191419427766,-691.5930031254899,-113.5028028572742,-129.1517547922852,-0.0,-605.0440966381711,-170.3254969968349,-1855.6927850254792,-364.46205229796,-476.4503868678791,-0.0,-0.0,-1260.4042661943263,-2226.6338851260252,3.616076825076842,-527.5602236934278,-397.0116350461549,-994.2700482191477,-1274.3008408746273,-742.2002520174348,-290.6344986101356,-163.7091363586802,-1387.6475894260068,6403.284083489806,-0.0,-550.3760068881647,-590.6046227826073,-1115.2040122579067,-1100.2058233640507,-1060.4726761350253,-1760.832012610054,-1688.066454577191,-564.7614652167429,-0.0,-0.0,-1662.6921873766719,-0.0,-0.0,-383.45525391352203,-1726.2078432139565,-1425.9900963948598,-250.36348544970411,-115.89826118650784,-1820.4773766639714,-0.0,-1318.58452231192,-0.0,-0.0,-0.0,-0.0,-0.0,-0.0,-417.887727962514,-1427.0174693677511,-969.3121964815751,-75.26840269138056,-230.43378155631697,-493.9341076034882,-178.99852622641546,-0.0,-0.0,-468.90723828765954,-587.3110291455489,-3516.566173580555,-0.0,-1191.746427180413,286.8953922829833,102.82989719964523,-0.0,93.17319146232371,-152.58750239261602,-93.66067104785233,-484.7710783223256,-0.0,-1537.578590831314,-0.0,-0.0,-1355.2241180921155,-0.0,2147.651031758207,2097.547841695107,2079.2756883585926,-0.0,-0.0,-1770.1506020169309,-0.0,-0.0,-287.57867415778236,-844.4262874867758,-779.3874746802132,-1024.6268610854488,-998.0054920984992,-0.0,-0.0,-0.0,-14.97170175216681,-711.7815520223786,47.421719438683546,-69.54517536834454,-1091.0330903462777,-905.3336488027105,-374.0700972645805,-1354.7175349027866,-0.0,-1763.0003763491356,-1119.5357144799345,-1558.1554339927402,-483.7363934452639,-498.9235171459471,-0.0,-1334.5947548599124,-807.5793712093125,-862.6867812148267,-1963.7277807295459,-499.14139403540185,1140.8830680463082,-4.070520794954906,-371.6221666345445,-1177.2694708986182,-0.0,-1528.4277238625295,-3154.1780387937447,-458.49868936386315,-508.7958231767682,-0.0,-0.0,-0.0,385.47771348989926,-374.85113800251645,-471.8507412002415,-168.93229707123572,-506.40015693047854,-409.78284702712835,-0.0,-407.7234764159953,-975.7388602832451,-725.4814384234023,-0.0,-1906.3912278667126,-3902.5003499804975,-0.0,-0.0,607.5256703030523,636.9200652185535,-0.0,-0.0,-694.2880888230053,-784.2573599838214,-381.686513990095,-641.8479124729363,-0.0,-0.0,-0.0,-0.0,-0.0,-2801.8216945049994,-388.6039150969447,-1650.3896417869448,-1005.9694514621681,-0.0,-290.5970419437673,-794.9440401510667,-0.0,-322.618819726214,-773.5997255003563,-1039.4861017256271,-4471.993814153759,-40.03984994508835,-0.0,-0.0,218.04374492569102,824.8276552365236,-0.0,-0.0,-389.38143234008555,-0.0,-31.403429404098055,-0.0,-2478.5054305959616,-0.0,-408.559247924372,-0.0,-0.0,1887.2913501782004,2146.9108092007873,1755.7950574097779,-0.0,-0.0,-428.2297911293355,625.0569158470109,-2266.9237277688667,8.643346644806872,99.61843213763912,-2488.926050806216,-52.85544799711706,-143.87934251741305,-627.003186638407,901.255322526222,3149.34079281865,-2733.232742562834,-0.0,-0.0,-904.2577697400122,-1512.3397702159268,-1341.049530675558,-249.0334189948323,-69.03511942127606,-0.0,-0.0,-0.0,-0.0,-2040.0928175590293,246.8602111223199,-0.0,-11.530088949170825,-0.0,-1610.920676955806,-1758.9748677992554,130.3565866888496,-0.0,-0.0,-287.1459100849961,-0.0,-1654.7638182668063,-74.53272258075705,-1038.5079960345622,-368.3519349389928,-1191.9287890470039,-644.2891610436186,-965.0995342021985,-619.0365657417734,-0.0,-0.0,-0.0,89.45773477519279,-0.0,-0.0,-275.7428788005891,-426.544030114176,-661.2376973311539,-0.0,-1342.1320120371681,-1034.6597047890168,-797.4221531991302,73.37401937447018,-383.40239383306175,133.67639563857406,-311.2625559577005,-0.0,-0.0,-8.155753185667317,-1763.6693926926562,-603.7738665122482,-942.3342288526352,-140.0368564970751,-1926.1938304759144,-1761.5577795847503,-1031.6457972272274,-1065.2957440008884,-103.73318964959275,-569.7942698101978,-670.8423287826323,-1044.6896213169885,-2475.9316606897232,-0.0,-1676.9341069917407,-145.0200649518773,-0.0,-2143.5443100268153,-2814.8138411314926,-2138.907793550223,-251.55653757102178,-0.0,-1433.230925005826,-190.51332090079217,-1173.878777473282,-669.282669128177,314.0663992218525,-1750.2040030105195,233.35214393831592,2054.798946070873,-0.0,-210.7985172991014,-455.4807408264313,-843.3612179463016,-1184.5880879927895,-1648.993512329939,-4178.596232292652,-0.0,-390.585704849467,-1277.4550364022125,-667.1245616082346,-236.58428886843586,-26.860350195742292,-313.892337362469,-0.0,-0.0,-0.0,-0.0,-241.16262930079372,-1184.2569501463659,-854.448985337177,-50.97770939944638,-16.44183208288233,86.81043899221763,-0.0,-0.0,-1068.0800840263137,-497.41353513891795,-0.0,-2164.7113094718125,-27.897426908643357,-1248.8101651714294,-0.0,-217.58495260404527,-179.25229833934185,-0.0,-0.0,-486.08278180876385,-0.0,-0.0,-5006.51534743648,-191.7697524355285,-2072.3407901331207,-8.6143167984077,-0.0,-129.19388999166733,-1220.1225522908771,-628.7662684447815,-296.4717350546529,-1375.8500258323902,-0.0,-357.5726035555966,36.27149967764175,-550.5608189651743,-0.0,-0.0,-38.6001270267441,-64.78226924875612,11.612399081515854,-384.5586396295864,-1344.4942260234122,-1554.5815207233782,-0.0,-0.0,-0.0,-7.518392705431438,-298.1704938880153,-0.0,-1366.9156901617089,-2503.9174519383237,-0.0,-0.0,-22.666124803954304,-1480.0659829590297,116.93654775992846,-0.0,-0.0,-0.0,-0.0,-530.4882086854146,-2189.5769559239166,-586.7136335898663,-1183.7900543486842,-0.0,-0.0,-641.9656352677139,-478.44830625924396,-371.93522679267426,36.80315063059072,-0.0,-0.0,-0.0,-785.5697037446,-688.5760258037382,-481.26179374248477,-342.3280657352312,-0.0,-0.0,-0.0,-0.0,-2079.8799964940777,-77.64652566162114,-73.0339274279411,-0.0,-0.0,-653.8800280508896,-419.1245493997428,-0.0,-1857.1107182667743,-4921.7864792491655,155.39751444622075,-1028.5089824092672,-0.0,-0.0,75.18055944185865,-618.9966654174546,-1660.6386136311876,-478.5281027048179,-2398.569852304616,-1089.9112007888918,-787.2983340485235,-1427.3198127476521,-0.0,-0.0,-0.0,-37.23070685245852,-1075.219649473773,-0.0,-0.0,-3235.532721118757,-78.93763413590882,-1364.0884618878786,-723.7707629344004,-0.0,-0.0,-0.0,-0.0,-0.0,-0.0,-694.0776945882801,-0.0,-1559.8281352514593,-0.0,215.86331828418992,-1081.0189316974217,-0.0,-0.0,-0.0,-2495.7882568133105,-0.0,-0.0,-386.409050950791,-0.0,-0.0,-942.3460284281344,-607.3342268688849,-0.0,-0.0,-195.84738971644455,-1924.8872880062615,-0.0,-1247.196066061942,-451.76409396020404,1158.4144133935206,-222.46295780589162,-0.0,-479.55217583127626,-178.52880656239589,-0.0,-18.678247390061454,-0.0,-305.1164778774141,-0.0,-0.0,-0.0,-0.0,453.0062029832199,430.8198689519658,-829.5890995955407,-1730.0087364423916,-0.0,77.89233809428546,67.95016749488074,-75.61564099322402,-809.4278098283834,34.1836178345688,-472.3210307070981,-365.97235189947685,-232.25233096485903,-3333.86112071343,-0.0,-230.9331097173212,-1490.0313381242274,-2230.8905834299276,-0.0,-996.2261558893581,-1385.02337086262,-1989.5253642141265,-725.3537789418313,-0.0,-860.3698385791253,-710.5448818456532,-768.7367958044154,-1430.649508563982,-953.8006074283636,-0.0,-124.30489633172616,-1207.982597229607,-0.0,698.4935295591292,-506.2276366101751,1023.9423327321248,-0.0,-0.0,-16.219338411914,-580.7514503011437,-2343.5511108063674,-979.6133857393212,-0.0,-809.1169261105084,-2925.775823137626,-937.3613723666114,-843.6503888771783,-1111.2912152648673,-465.42553299417716,-34.339681257223404,-0.0,-0.0,-0.0,-1054.8396855447518,-4.151235275564974,-0.0,-0.0,-1857.4248987265478,-795.8048096977136,-512.0751801663847,-1594.928406125254,-154.50302956837626,-31.812058911900923,-2222.3782843486474,-756.8820282128229,-523.540075753678,-1252.1081526511014,-0.0,-2470.2402389001522,-383.77288916340297,-1088.475861617768,-1445.3715492308074,-345.1885899096572,-505.51793107672535,-1424.0774030706614,-404.2117697412884,-0.0,-0.0,-0.0,-1300.4139683674064,-0.0,-3723.488616152078,-1111.9503461664215,-1347.1167970970944,-0.0,-0.0,-0.0,-0.0,-0.0,-123.94537518818112,-0.0,-252.6975106258648,-919.4540856002684,-347.2421176752657,-0.0,-0.0,7.181308397594241,-0.0,-0.0,27.139937090461544,-249.08013692778508,-0.0,-478.8666903047889,-0.0,-0.0,-77.0260241740297,-0.0,-2805.769021721772,-2177.352221599827,21.395580534201894,-6290.877272529584,-947.6278286227532,-616.7859749505624,-0.0,-774.6010894877566,-1251.9702703902124,-0.0,-0.0,-0.0,20.411588502262283,-0.0,-1077.628995986726,-0.0,-1518.7372301893486,-0.0,-0.0,-2209.5657072801055,-1034.64281687073,-834.3491079219634,-0.0,-0.0,-0.0,-0.0,-270.0296315864269,-650.797830316314,1317.8217001900325,844.2446860557599,-790.3986832113052,22.094649848276454,-0.0,-325.59371779265734,-251.28340463033925,-1867.6877882823255,-399.00613461700414,-118.28035944887068,-1031.6724779155861,-1272.8100633024876,-969.7792234821176,-583.0268926115643,-0.0,-0.0,-0.0,-4.224958521144891,-0.0,-1462.5449525689742,-571.9792462156521,-0.0,-1887.712246353111,-1187.984271782388,-0.0,-0.0,-0.0,-0.0,-0.0,-934.8607632491755,-0.0,-298.4349207874742,-1431.2100437537115,-0.0,-1138.7210398660395,-0.0,-0.0,-0.0,-2296.512790041769,-1066.270828118951,-927.0120014262974,-2374.985757293054,-0.0,-0.0,-0.0,-90.20469589627936,-462.5242469916987,-26.515763832549577,-581.8738669910714,-134.69360942323846,-0.0,-0.0,-320.3974140044745,-1357.1936914667822,-3807.0582607034917,-0.0,-471.9835390458465,-1281.670698736098,-428.29201376430905,-449.7633621105443,-0.0,-0.0,-3.5653381842928997,-2030.6593978607484,-1948.5530694772763,-37.10663960990266,-1533.4886671318848,-389.0916380730688,-795.1235450756324,8.640967489426021,-1015.5571997836391,-0.0,-2028.0623100122623,-0.0,-442.41742767133894,-0.0,84.87647986850857,-0.0,-0.0,-570.1902763189803,-710.8971421397998,12.733632368080666,-0.0,553.7984768739203,-0.0,-0.0,-1405.0079224263611,-1243.4137529172458,-1074.7187022717794,-0.0,-369.13979323272787,-615.4210700861761,-1403.6171177468177,-0.0,-0.0,110.333936896656,-636.2362476066761,-0.0,-0.0,-16.738502355126702,-0.0,-4.085450686880009,-587.3585347383646,-0.0,-0.0,-1277.5624141737358,-1308.6879150306142,-78.85771557478513,-7.185058833126733,-120.98662950333386,-757.444052769817,-1059.2833423053567,-1615.689946855998,-0.0,-889.6933090565619,-14.944791008846288,-40.47401236699498,-1275.8763106161348,-0.0,-0.0,-0.0,-0.0,-613.8963067457306,-4.252937595294863,-8.520226377251328,-0.0,-0.0,-477.40671094815116,-0.0,-0.0,841.8207079640182,-1098.0122918586599,-39.54012021334632,-1854.2590579281807,-0.0,-0.0,-497.99695738971866,-0.0,-291.73489005498624,-968.278960289997,-812.1974232738769,-976.0529390802429,-0.0,-0.0,315.2153424161618,-0.0,852.7104330553003,921.5587347918712,-196.18340120279868,-798.3002356993802,-0.0,-0.0,-36.34621653233114,203.48552553599862,-922.4815904184311,-420.60542524007,-1226.1489609064545,-2438.6561756541164,-2051.1394692622002,25.74158972624681,-0.0,-300.52567129293914,-5242.51807718639,-559.7213400218166,-471.3197963495293,-0.0,-0.0,-593.1946148513257,-0.0,-746.2469885351218,-1381.3725827353296,-715.1757418025259,-0.0,-0.0,-61.81689905046085,-0.0,-193.09627972561762,-1330.2589098259782,37.18028113200853,-587.0069119456862,-323.8348850734065,-225.7150665967209,-731.8126707742215,-2359.5372394384076,-18.345058184742403,-1118.320543450054,87.99207442795807,-955.8650754929131,-294.5032517020509,-0.0,-0.0,-133.20996564209668,-0.0,-0.0,-1798.283277598399,-564.3832699319885,-0.0,-746.3231770448178,-474.22241139401973,-0.0,-0.0,-1390.1990032270378,-915.8702357573163,-1407.1757475819556,-1321.001842837705,-0.0,-140.15550305666136,-3013.385154177972,-838.8195377498431,-388.5040204267023,1779.0816978242055,-1415.9620929780606,-1131.5776979733403,-11.509545982906339,-879.9791877470503,-16.11334260006618,-1558.8072399728428,-0.0,-3285.4353886254435,-570.5059715332695,-0.0,-1419.0136735100805,-1581.0454399715056,-0.0,-177.59415530555393,-839.6873992094918,-1025.3293015446088,-1325.409260586603,-689.2176935822567,-467.5428090905207,-579.4932451106567,-0.0,-264.58446875932157,-0.0,-2300.1875372316517,29.643866467258707,-3123.4070105693004,-749.1698831774303,-0.0,-0.0,-1156.1969075505829,-832.1354239061295,-0.0,-437.355492538922,-0.0,-0.0,-745.945654683085,-0.0,-0.0,-0.0,-0.0,-0.0,-0.0,-0.0,-706.4478417426793,-463.62980197465265,-2764.170985318467,-2400.4652858903005,-0.0,-0.0,-1152.5574663816938,-1849.8120011700382,-446.7891411827202,-192.47377042675575,39.42837752396874,-0.0,-1476.412027616161,-0.0,-2525.3428390288136,-0.0,-0.0,-0.0,-0.0,-1519.3433559694827,-199.72985749090142,-331.97700115614464,-1124.4454875143417,-1131.8751597928024,-646.1201300467688,17.30128170844148,-1101.071903060483,-0.0,-0.0,-0.0,-0.0,-568.1901389601704,-458.0848534897633,-1279.3050917759242,-0.0,-1024.6085439497447,-6026.39335725302,-575.416293918417,-678.1107711052697,-2965.9903569798043,-680.7036089990958,-0.0,-430.7681156565894,-405.1877714944187,-1083.8620525717042,-566.9426547176218,-1440.3058922071168,-1348.4752577086451,-0.0,-0.0,-0.0,-0.0,-1471.462506923116,7782.656927657149,6727.026040029972,-0.0,-0.0,-0.0,-0.0,-1934.0277747266375,-881.2911797637128,-85.92284821823505,-1319.9515406330593,-780.2656576161659,-0.0,-0.0,-0.0,-0.0,-605.3842576154083,-0.0,-1735.7456221355624,-213.9401753891834,-0.0,-0.0,-0.0,-0.0,-196.8386119758059,-411.5378090203048,-438.72047723015555,-793.2872867061103,-865.015151009339,-1140.027716424056,-854.0006424103731,-328.5699168573556,-1091.4965227550038,-1417.9470395851106,-1116.0281683736894,-1659.8860734094271,-187.1083494993183,-1214.613962301857,-1050.6941439117688,-861.6248937773371,-1550.20525012521,-532.628609692087,-2065.532648978955,-1522.539307785472,-1364.652044042072,-579.9682693581042,-613.3589065781483,-1037.3670145837057,-0.0,-1001.784903048438,-0.0,-2777.820829599011,-640.0011022872523,-227.68776541764515,-1661.061384290273,-1352.0134315856537,-1126.7900156711585,-0.0,-0.0,-0.0,-0.0,-752.4157374013238,-3517.9014898563737,-1302.3217505548964,-0.0,-0.0,-1027.4051805575605,-0.0,-0.0,-961.5383888306174,-369.9161582606131,-1004.5314636873348,-772.0287581993152,-884.4830332129553,-644.1739136477389,-1823.6988054264596,-0.0,1168.1318301913657,-0.0,-0.0,-965.7209241378132,-5339.52745010629,-0.0,1598.8067712411328,302.0886786067605,-861.9625157989043,-0.0,-0.0,-1424.3780799718468,-978.6873882846946,-2156.824980903293,-1897.910436212821,-363.8332906047159,-0.0,-441.88466098646796,-174.66636553815832,-0.0,-864.8044227971177,-0.0,-1551.632831173007,-2191.8293814492595,55.82948831136404,-2123.9702630789147,-1867.1148789785407,-0.0,-460.38322654434313,-1475.5676597369559,-2057.5379463841728,177.57317018826475,-393.0948257919682,-2364.741729270236,-860.3261962074673,-747.2904206605347,-841.3128053413292,-410.9984340101357,-962.5679739395332,-1408.0357847087814,-0.0,-891.5432017573818,108.69385648615253,-1288.5589648183511,-0.0,-452.7877012905839,159.99986226554418,-822.2324799146127,-731.7247198774953,-0.0,-518.7581935954589,-334.2636247008779,-1702.6617587283756,-1032.2575670240963,-1353.359907548967,-813.3937813563081,-775.1693954794746,-951.2135058329509,-1856.5914438242075,-65.59604146369163,-0.0,-506.308293821838,-605.6861952455982,-1352.5821560740628,-1957.7612835653497,-305.6219023586725,-725.0138337046537,54.97600336580817,-843.8314391652053,-501.60914562450046,-912.3383782183193,-0.0,-899.8603027177472,7.464146692946164,-2066.36118056159,-0.0,-267.82176041298015,-492.39369591506085,-732.2537657256865,-2115.991159075322,-146.93745881482712,-1347.5516961656829,-677.9830030164616,-2402.869921555033,-0.0,326.7848337826886,-0.0,-0.0,-208.10426382910066,-0.0,-0.0,-3386.1434672260634,57.76634512979192,-42.087873465643156,121.90802656277152,-1014.9898093368641,-0.0,-0.0,-0.0,-0.0,-0.0,-26.179752287743238,-0.0,-737.9195081655882,-0.0,-341.25392473877196,-1661.9173531171634,507.57334814020675,-3049.01247109813,-0.0,-0.0,-0.0,-0.0,-0.0,-0.0,-0.0,-0.0,-0.0,-2236.2361499814715,-0.0,-2446.855438223011,-3024.2518157346867,-0.0,-0.0,-0.0,-0.0,-0.0,-701.5451599010672,-914.2603852037466,-0.0,166.32900709884265,-601.0147510444066,-2092.214937424534,-559.0045188704626,-0.0,-565.405939069571,-775.6261685845725,-0.0,-0.0,-551.1023322459403,-841.4072645435783,620.7124995810273,-431.9381785693424,4.086004605311602,4.103015933934749,-0.0,-0.0,-0.0,1350.9363440937495,1595.721654843926,1330.4052015116815,-0.0,-0.0,-0.0,-631.9289947410865,-0.0,-0.0,-921.5349269405865,-83.52629809044092,-438.7311612796078,-55.167196788409925,-918.2293629245631,-846.3040999265303,-1186.1101449883379,-546.086493254558,-140.11728460593818,-1018.8994417572311,-0.0,-1888.2358797267034,-72.94400636488967,-549.7374880620156,-819.1136558316664,-71.74822082733093,-0.0,-1064.7981171345725,69.01588360590586,-0.0,-0.0,-0.0,-0.0,-0.0,-1350.6332944245794,-2696.052448331291,-0.0,-740.3928082193705,-7.686585937542028,-0.0,-0.0,-0.0,-504.68950448496327,7.227626533461017,-0.0,-1060.2082602894152,-731.8220834994304,-0.0,-0.0,-506.7060617977516,-0.0,-0.0,-1572.571475032689,-1310.753015086759,-0.0,-743.8773875727777,-2046.2788000800117,-92.74743757193309,-0.0,-0.0,-176.51695448656648,-735.9539604690548,-274.40006317289755,-291.49191905713377,-204.4415137193754,-0.0,-0.0,-0.0,-1086.5373586788778,-826.4180906593713,-1939.7886811305339,-115.76900883731673,-1178.7199637565993,-39.8041570023248,-358.9503382620025,-473.52494297103436,-1889.928761188443,-0.0,-0.0,-783.5766293596748,-1699.7365380428826,-0.0,-0.0,-0.0,-529.6888022402491,-2214.4641423581597,-3195.2328843589194,-0.0,-238.62745902062005,-87.55497395976754,-617.5212001558606,-535.9454411643153,-1531.3527237928408,-0.0,-1332.7648118532652,35.58140325094171,-7.275772648007502,431.15674675949947,-0.0,82.44227587641778,-301.92535332141335,-386.199282338249,-50.895604134291894,-0.0,-0.0,-386.3925493453587,12.662971231576668,-0.0,-1464.2780209569596,-907.2678379843667,-892.8378196281229,-697.8564474734559,-1067.9373324475089,-1427.0506249261005,-0.0,-0.0,-0.0,-0.0,-0.0,-346.6301463001251,-496.92913852077703,-1093.590546738676,-1321.020768223643,750.2292641496279,-1380.8139359791078,1351.802189303352,-0.0,-2113.5068935758613,-1409.874032412267,-651.9875904394164,-18.399603147382965,-178.3068236457835,-1928.5534826283915,-360.99475476629664,-0.0,127.5983708857023,-727.7979765892461,-0.0,-0.0,-499.365550561254,-344.40012266678224,-369.60313020647703,-1111.295481413368,-1326.3882437687917,-0.0,-1531.4141502092516,-1234.8397065278095,-4706.768532795373,698.2960425918341,614.3675624335749,698.3861093857196,618.5695323721346,-0.0,-0.0,-0.0,-0.0,-0.0,-0.0,-0.0,-0.0,-467.47432840278594,-0.0,-43.875787225438295,-0.0,78.09895817756177,-1017.7398407716516,-1195.270558671203,-1791.9108089972701,-0.0,-0.0,-0.0,67.99322111443414,-2960.0900447491204,-704.7539580240386,-2637.3152178703804,-1532.014981863267,-0.0,-0.0,-303.0310829908974,-1249.271247168518,-0.0,-1952.2515871462667,-529.4140581273374,-0.0,-0.0,-0.0,-2470.51286271341,-0.0,-0.0,-0.0,-0.0,283.71636531414964,-0.0,-0.0,-0.0,-970.7381071096814,-0.0,-0.0,-0.0,-0.0,-0.0,-0.0,-0.0,-300.2391363450473,-1000.9769309899613,-1395.6091938121328,-1312.9779524485587,-574.5653345579892,-935.9756997933094,-53.26873245641389,-0.0,-697.1922067301258,-45.440961950412756,-0.0,-0.0,-0.0,-0.0,-651.801319377458,-0.0,-555.533361202656,-1199.8839741229754,710.4067835505741,706.8913338870063,771.4400929323574,731.7586203318872,707.9406768266308,-0.0,-0.0,-0.0,-0.0,-0.0,-0.0,-358.8011954623572,-0.0,1847.1523780641216,940.8855844556431,1035.1823050332753,-0.0,-0.0,-1232.302736275948,75.41640038790582,-47.727940296234735,-2284.480701766914,-0.0,-1764.0918363763803,-0.0,-12.25076408917093,-0.0,-0.0,-604.7260963167273,-0.0,-680.9977941323651,-500.1624651991523,-345.2538184199338,-0.0,-26.471289171128223,-0.0,-830.0940889534281,-0.0,-2030.7807043459088,-466.24027134523425,1708.1511973139368,-1812.8960324994569,-818.0046939909437,-79.12283915547707,-774.195361121414,-0.0,-475.8408249178496,-39.951643469750344,-2526.0088736438997,319.39027063574537,-214.48860429461894,541.6956073851679,1091.968329143389,-0.0,-292.8461518391667,29.507315672711346,-971.8017841152391,-1104.7179668147744,-1366.6448570920743,-1854.112599623056,-0.0,789.146124647556,-0.0,-362.90439725008235,-2413.4078754427396,-1168.6397239185803,-0.0,-1174.5534867898161,-291.5622157914177,-619.8923298873061,-639.4720721801995,-251.04262415102195,-1501.8901682865169,-0.0,-1693.2719278728202,-381.6381123465084,-1477.2312435256915,-330.5740749356346,-0.0,-0.0,-0.0,-0.0,-1311.5488156437118,976.3041778982499,-916.419850051661,-661.1475380370324,-0.0,-47.80340693341105,-0.0,-0.0,-841.7214603541089,-712.2668907629253,-628.3505194711082,-667.9992070323752,-0.0,-0.0,-0.0,-0.0,186.77717275802698,-0.0,-570.163185299517,-1828.1463288996756,-965.0477438366858,12.29378613574899,-1358.890974280066,-0.0,-0.0,-0.0,-595.5452577007627,-772.0780496140275,-0.0,-1467.7225654417734,-0.0,-2789.8987699600657,-3460.146311317018,-0.0,-86.4524003522004,-0.0,-660.3812437584094,-0.0,-0.0,-0.0,-2198.311590624688,-1051.102718963666,-491.0539565431057,-787.8076385657547,-0.0,-0.0,-2070.14499874627,-0.0,-512.9464441964324,1009.4250076160067,-959.2573316384118,-641.8422617572078,-466.7507838351216,149.99539039328593,-0.0,-0.0,-1289.9567332744316,-0.0,-532.213391649362,-86.15081372251598,-387.1811754928371,-294.2570177040596,-0.0,-0.0,-187.48444116284566,-643.2291561828288,-949.204672243641,-513.361534103403,-1138.8762051252975,-77.82154983322907,-0.0,-123.29423982798949,-1846.63120494009,-1067.1727470913127,-0.0,-0.0,-0.0,-534.7620772496971,-574.4194979424548,-1385.2561501197497,-0.0,-0.0,-0.0,-0.0,-0.0,-1410.2037833652423,-623.9017164198409,-0.0,-539.7400187245005,-0.0,-16022.661071359438,-714.9737025363839,-251.29226101263944,-420.88796848345856,-0.0,98.41114937692754,-1661.9581278308492,-2456.1322577647516,-0.0,-0.0,-0.0,-694.4488429510517,-515.2367508861522,-923.4487522733841,-962.1697187976099,-495.81013479005856,-0.0,-0.0,-1571.641709549048,-574.7343629593902,-2320.956285624729,507.99641892864435,-1921.9126927818713,-0.0,-0.0,1559.694635556986,-965.1157147869615,-0.0,-179.04843088690492,-320.43183566518724,-584.5657606862543,12.419833850890509,-791.3276354628242,-0.0,-0.0,-1192.0075454665348,-1282.0849890522775,-2404.245665445575,-0.0,-0.0,-2129.5426325925214,-688.4233804569996,-720.4270837566417,-2211.2588760236395,-1427.7809585106822,-0.0,-0.0,-1020.7888990881823,-0.0,-251.17005766721863,-1500.6939579956775,-1430.4311563633332,-0.0,204.5648264733862,-721.7310170150051,461.98136437281414,-174.98212512439252,-336.3038465039622,-0.0,-605.4836546576023,105.38965704061594,-184.11341327284865,-347.85719537497283,-2479.214135209554,-2026.4489916971513,-83.88926620970646,-4625.765546570204,-496.1433230756985,-1003.5979957412626,-45.849575534493475,-3590.3841570438863,-306.478442362925,-730.6018353913523,-278.51212102424506,-1683.943403473295,-1203.450312665039,-3009.194008845951,-4120.108036377483,-39.106873350763514,-589.8548787130654,-1480.4557819569798,-993.0723168020775,-0.0,-3733.5718485021002,-0.0,-465.2453349149166,-1392.9426711449228,-1193.769955373976,-0.0,-0.0,-852.9015587355108,-259.2974793875254,-0.0,-1354.0070557761503,-0.0,-713.3580526317709,522.5101639243303,-1373.2606663570398,-439.5233255967486,-7.349724155223245,-55.94082448318009,-0.0,-1746.4143403679705,-521.1111910831617,-0.0,118.57397420769932,-0.0,99.36080076295858,-125.13433801843811,-0.0,-422.39309653333135,-1193.9340930293888,-414.86966791584825,-759.8294537843892,-2087.8361141349665,-0.0,-3545.3774198496376,-1790.844210126225,-2352.9963688473154,-2159.01296696999,-67.31966807573117,-153.80792764328115,-565.593600537631,-1144.9532260086899,-0.0,-0.0,-966.8585016526093,-148.83198604802385,-0.0,-63.76032334176938,114.61103994815151,-2148.6999370250037,-0.0,-0.0,-1084.0446940663744,-0.0,-155.84605225824134,-0.0,-55.050232050968006,-187.1121557141796,-0.0,-313.6648167640673,5131.656279090621,-0.0,-0.0,-1423.07838933194,-625.2100049341894,-235.62038414038037,-0.0,-0.0,-0.0,-518.0921061539102,-1860.8729700540148,-0.0,-0.0,-0.0,-1769.2056313891235,-176.29662627333786,-0.0,-0.0,-1570.719596014489,-655.4334728620461,-329.0274872682818,-342.8528475391066,34.266189667613375,-544.9772823801354,-341.04076675599686,-252.5874662852895,-1942.6406011934541,-0.0,-0.0,-912.9061648417322,-788.6788184606568,-2369.4209071147015,-0.0,-0.0,-2103.097973571897,-496.98085755268244,-1325.5045376737041,-462.9040516203079,-638.2668236658096,-2072.6012043108562,-651.8286128148847,-77.23900528550602,-801.985637010962,-2118.6462398077474,-1664.068042271423,-1112.3740852958183,-0.0,-473.80329757509344,-0.0,-1550.2552436272335,-363.09985986647683,-189.9086033544675,-544.5242543029905,-818.8634065989381,35.91386467665973,-0.0,-974.3689722859882,-568.8742507255813,-78.49893844684715,1357.2168473172676,-61.509735517611645,-0.0,-551.7261966618247,-373.33297361159214,-0.0,-631.3820682237231,-1378.0581981620044,-0.0,-0.0,-0.0,-0.0,-321.22763859636416,-662.7148976703602,-332.18487147694316,-361.9962468636869,-314.96666448491897,-1702.2415963787093,-675.9305723605453,-1137.3767561947275,-2165.3869044792664,-1562.7981027799026,-0.0,954.1478764370784,800.6622189430506,515.6980976172649,740.4931270300486,600.6033973261108,-0.0,-0.0,-0.0,-0.0,-0.0,-0.0,-0.0,-0.0,-65.79694357465914,-734.9079190154556,-468.17797332268697,-306.633680581379,-944.5833730599423,-110.62236145481324,-320.04261595035047,-1027.4930791807087,-263.54791203884014,-1596.5240594279453,-737.513826804851,-101.3238313996705,-418.2898245346704,-8.035805461660187,-0.0,-787.677426399574,-153.25552617016535,-116.92740213126793,-774.1682945289609,-407.7979417600636,-1502.0175923069096,-243.04081564466182,-0.0,-0.0,-2045.2849062326734,-395.80178189353995,-256.09851198422876,-464.16745794625103,-807.5208145139117,-425.9531549219058,-330.86548358577954,-0.0,-440.6069639145372,-496.3211023754236,-576.7042316574226,378.06588498264966,-1247.4035311736825,-1720.874046596368,-458.03321224890806,-596.2610283821145,-263.03558947428235,-12.16620908027987,-0.0,484.5515636184076,-858.1422564699001,-45.62569310388138,-1596.7888170418546,-0.0,-0.0,-1180.503332683364,-439.0784953175088,-0.0,-659.5808020898951,-646.7825247151324,-777.2218750640532,-0.0,-744.5013402787488,-528.5823049776004,-1942.98913847787,-3881.7198185958086,-371.9621147180544,-0.0,-41.92089361577017,-372.5663319997645,-1524.6784284202008,-186.62564080509924,-561.119254824272,-591.4373383096645,-678.9760290631306,-173.65677337024425,-0.0,-0.0,-1190.895618450373,-31.95486106957397,-390.4752415226263,-620.199824392517,-1322.4693697037214,-2160.0130291927853,-0.0,-421.9913027298989,-0.0,-0.0,-0.0,-0.0,-0.0,-47.98765122451084,-147.48425599336164,-365.1914974464996,-0.0,-0.0,-0.0,-0.0,-0.0,-0.0,-887.7966380614173,-1923.2486343006274,-400.66004846510066,-441.77395944679955,-40.74077375291718,-0.0,-0.0,-428.36744961882226,-0.0,-0.0,-62.56161969865668,-2200.2927245910673,-0.0,-0.0,-1225.3898281209713,-555.6376015348735,-849.2733519029376,-873.7461738502716,-730.9736258007974,-0.0,-0.0,-1112.0205182221002,-1859.9632288004111,-976.6062166172035,-0.0,-963.5335210945923,-136.11973759358943,-284.6514943735495,-636.6764066834106,-7.253489659143484,-580.2539205955121,-1693.0289707081708,-0.0,-1429.5213953481957,-159.25740248021347,-546.4664856014642,-1236.2388420074062,-123.90099625415486,-1008.2870594754702,-0.0,-1066.6573616439973,-29.064728804476776,-1880.820080467203,-1848.1965744956815,-0.0,-0.0,-0.0,-0.0,-657.5948620522382,-817.788315738928,-0.0,16.849444805954814,-386.52103348118635,-878.5063222263991,-1947.3609645893182,-2247.78028355345,-326.78498219182796,-0.0,-876.2161220313665,-652.656633481538,-1746.7989213011276,149.99695855161386,-0.0,-2807.065202229368,-761.310735055099,-0.0,-172.97040920954026,-1435.6899994788746,-0.0,-0.0,-601.9555934511012,-1325.4256903142543,-0.0,-965.9974653690282,-1319.2321849045584,-0.0,-71.29442679907994,-489.48089373720643,-0.0,-1417.0259601271962,-2266.3914380604215,-933.8454334273939,-142.25294729425192,-1764.450270292062,-71.34944865317142,-933.3790320782066,-556.9892650843226,176.12665952462643,-1073.5342883540955,-1181.54974905055,-692.5580147656149,-1182.9419492545621,-401.21723368992434,-500.1367673743019,-597.7451003821614,-1885.8811570425569,-0.0,-0.0,-1607.4640428647576,-284.34656033383834,-0.0,-1438.3740923559074,-1057.4891945595343,-0.0,-2458.2618583055023,-443.8964282150123,-0.0,-662.1643646313744,-0.0,-0.0,-1129.347645603029,-946.5263807155583,-0.0,-0.0,-0.0,-771.2293932460589,3.7202974181274873,16.02754221610129,-285.58387728122796,-0.0,-1732.9024589964097,-1390.658888197288,-502.6363276917141,-1946.0302791653833,-0.0,-72.4087545731481,-720.6604050611561,-0.0,-351.2703726612593,111.279824978235,-1147.7628176382073,-903.7390918076602,-679.4128957957785,-1059.5513158849283,-0.0,-0.0,-0.0,-821.472252716041,-0.0,-239.2484173036373,-841.0043260248138,-229.50380612930408,-1221.1674192026687,-2047.8223475600723,-522.068311457165,-1883.709462361569,-0.0,-754.0306856316541,-1592.1519638634811,-494.05339709184034,-1096.122931251667,-254.04015399917924,-551.2149238684201,-1368.95059766071,-0.0,-0.0,212.01925350471072,-2299.466849417708,-846.5389879626224,-243.78582174512678,-0.0,-345.5883744736543,-256.0770968938437,-542.8505831235997,-0.0,-0.0,-659.6135477044886,-0.0,-54.036471462081366,127.21044991876232,-80.84198174027601,-2094.484242913324,243.90337562221114,792.4559342983059,193.59766193019013,510.97876228514247,37.65467397152967,-0.0,-233.73381734097438,-746.6688823470414,-277.7342221603888,-54.25684448278972,-0.0,-0.0,-0.0,11.643445272983834,-19.298751031509756,-867.1392608454481,458.4876389076046,2084.598115501069,-0.0,-0.0,-0.0,98.24038889597291,170.91250804981314,-0.0,-2756.8392053806497,-0.0,-0.0,-0.0,-0.0,-0.0,-2331.7302495772606,-231.22310138913156,-0.0,-112.74897898466051,-1563.482361593686,-122.152364485508,-973.5761068975522,46.32286886740923,-1822.6412202998124,-3374.5904627205327,-1713.6893795399433,-0.0,-0.0,-1316.5168503253215,-940.9833093259817,-706.7592072415907,-390.25151363871316,-301.49587211171803,-906.5833913291129,-859.8269896818786,-5091.630898696033,-596.5436143964316,130.95204548313163,-585.8391615532233,-806.3193002729358,-615.6379245400412,-572.910277404544,-7.34570330992239,-1743.6930526728945,-784.7108388846121,-532.0837693458205,-0.0,-0.0,-0.0,-0.0,-214.41886511182724,-1132.6982275787743,-0.0,-1196.805940513122,-1447.1248310006022,-0.0,-0.0,-1278.4951021227569,-0.0,-0.0,-181.8013355524998,161.46819344465587,-0.0,-0.0,-2293.703038800718,-1081.7468628662234,-107.62801409531484,-1133.6822604261433,-1182.5422212749227,-0.0,-277.87690228064724,-451.15150462390835,-0.0,-1379.7030491169094,-255.7595477552006,-955.3520860338714,177.75285241586505,-790.6989171879065,-183.44212787861713,-319.4466646879571,-45.08718627111018,-42.15505071960891,-507.6532796784262,-719.2374249713496,-443.0278731924615,-726.0271507859949,-0.0,-95.1950403989189,-606.5512434882576,-257.21103408544815,12.885624517003265,-0.0,-916.6586419561972,33.05081487990428,-1044.0422107070162,-0.0,-0.0,-0.0,-1743.1985967879602,-0.0,-0.0,-127.20562214288822,-0.0,-0.0,-0.0,-0.0,-0.0,-0.0,-866.8072139872464,-1331.2063751841351,-0.0,-0.0,-0.0,-0.0,-776.1025459149458,-404.3768150750659,-0.0,-0.0,-1514.8397385492747,-0.0,-1247.4147031883363,-2051.8993541015316,-0.0,-0.0,-0.0,-637.9978860844936,-0.0,-0.0,-0.0,-857.6053593109358,-749.6327110816945,-534.4900850814346,-0.0,-0.0,-168.8010779602608,-0.0,-3505.980505070239,-4536.072273926133,-0.0,136.58533773000994,-0.0,-564.377015512952,-694.108182997083,-1737.2310930863339,-0.0,-0.0,-68.05588631783198,-559.0833206779469,-1191.1234193795597,-645.1063147974826,-375.1763783388857,-0.0,-0.0,-1168.119155396889,-774.6877674333657,33.43248712410634,-0.0,-0.0,-610.4926174933146,-309.9050226613258,-44.720108424154795,-0.0,-0.0,-0.0,-1781.2962325213255,-422.4754659161657,-1130.7710905791173,-4233.577397317828,-0.0,-771.5698991025627,-928.9843184368599,-2090.9924476932442,-389.510582511296,-0.0,-0.0,245.36226669818316,-1084.0482262786977,-1559.536761329471,-397.03469916524364,-114.88019305217988,-0.0,-1778.4569782295753,-358.1295430756594,-1228.3983194520843,-723.3168609849553,-2449.550888115876,106.23299134475242,-868.0046699750529,-759.538175378127,-1744.1308453724828,-0.0,-0.0,-826.2033667116498,-1683.9374853293905,-1598.1922670172337,-845.4320524310247,-0.0,462.4090930501704,-101.70267759290982,-407.6880185125991,-0.0,-14.768112019459634,-0.0,-2432.920130835657,-32.87346253434997,-0.0,-0.0,-801.9124459372023,-1102.8652679480722,-736.6027627391502,-229.62092935656997,-665.8117558741537,-0.0,190.1506460630001,-728.6212733800115,-58.50025180946083,-1417.6782331481436,-0.0,-1270.8910912975475,-152.94721047402572,-565.2289877328998,-388.3698162418203,-571.7914635631467,-42.8928448499576,-4.298470718608034,-1101.8828845181715,-1111.8583520474426,-1414.037703402462,-192.49607481511487,-1218.1806364993517,-3.8835131011658772,-0.0,-639.691377208283,-2790.240159977555,-0.0,-0.0,-25.94360615787376,-1926.8815101095372,-199.57761201344817,-575.5451580691532,-324.5842014240328,204.74742264293448,-0.0,-0.0,-1329.6973002328054,-0.0,-0.0,-1947.3944689575646,-1292.034015525912,-828.4071063354226,-891.7353713914056,-440.56423632486883,-774.6995715171413,-861.5721962614107,-1161.91647198386,-2098.8796931502816,-0.0,-0.0,-0.0,-0.0,-39.29670655709788,-0.0,-1769.039577811723,-593.2523558404611,-686.8338831685236,-777.3423178313313,-432.77919835061033,-0.0,-1342.8628209766748,-546.4115932227857,-0.0,-2389.257166033989,-1514.0576264734163,-0.0,-0.0,-2652.9724307797255,-1563.2761583393685,-415.6854468822908,-745.4480433984158,-0.0,-427.10790462175214,-11.079244487752778,-0.0,-671.372139267081,-471.47261465437833,-560.2800613280524,-0.0,-0.0,-0.0,-0.0,-415.91508083754445,-1017.5917847780681,-5630.1124000791615,-0.0,-0.0,-553.3735466678104,-577.9025323527192,-1648.3757877412295,-563.4948044470218,-65.76380248540524,-389.5839083928966,-0.0,-661.1919344591483,-534.2907539554751,-0.0,-655.9871772407406,-1189.3389876344784,-0.0,-0.0,-0.0,-0.0,-0.0,-120.43673995041559,-1869.8531971756538,-0.0,-1052.4214786179684,-864.8653426195598,-0.0,-1850.6340959874806,-716.449105335191,-1043.1775210119229,-1342.027438774379,-19.31580235762593,-111.29827598422105,-1217.286546863783,-788.8355554652924,-362.03809888060795,-0.0,-1310.0070351766794,-1215.860901922349,207.02381824531474,-0.0,-587.0391682535181,-881.3478658643326,-853.8948021674559,-45.602818070654195,-0.0,-526.0394658279986,-0.0,-0.0,-2617.3060286956697,-2258.1868762229024,-1808.509977020888,-1554.7981596237494,-0.0,-1002.9200397940018,-1892.3455055491197,-0.0,-5558.239744104229,-0.0,-0.0,-0.0,-0.0,-902.1232377871808,-2162.9757120038357,-2415.3450082426307,-18.20709016601597,-1902.745242763657,-0.0,-881.5485869065536,-21.69292974602037,-0.0,-0.0,-564.0553886535208,339.9324562209593,-0.0,-426.66801162583243,-36.36544735553096,-0.0,-1303.836930693935,-0.0,-2111.601189124927,51.065724480606974,-0.0,-0.0,-929.0454093950372,-1436.5531381194432,-882.3861546688096,-1222.6225980535507,-1098.4295259460034,1248.612242314941,-47.830872085506485,-892.3842248775676,-76.2916705245142,-2006.3298154022962,-845.041633623224,-788.213909435407,-466.9337724331363,-1442.7342507807998,-1769.0703777701447,-409.3012854927172,-1876.2263573380365,-328.74180363007605,-0.0,-0.0,-7.176831976737361,-0.0,-0.0,-0.0,-0.0,-0.0,-0.0,-1483.3101933641594,-631.9286288572019,-1280.2641040436117,-601.9924229088834,-0.0,-569.736520812994,-1124.6245258850406,-999.206908298585,-1918.2524354812065,-1199.1091285021178,-62.31759440002419,-30.120091974447565,-1104.5346601710405,-1079.777879674916,-0.0,-90.90489233125638,-0.0,-74.22499875091829,-763.2621472848755,-186.62193717886882,-502.2542616916075,-896.7607064454915,-0.0,-0.0,-0.0,-3113.713573491538,-0.0,-89.62167842658845,-0.0,-218.81104932081868,-921.3280308393536,-1089.4821614099435,-701.0635498860382,-0.0,-37.7254429964803,-513.975303533511,-440.1578792469485,-376.1497251490517,122.32706794622135,-1058.169727657942,-0.0,-0.0,-2866.2199037004225,-0.0,-1040.0031374225996,-622.817640604709,-374.274057024655,-245.5282484827803,-1189.205824459544,-2590.014150750324,553.7540905024381,-2088.6796194666904,-1558.1820995744354,-499.40744988874764,-4.123650493955829,-0.0,1260.9316423709179,1176.3034844758038,1171.3110151862618,-0.0,-0.0,-0.0,-910.4135752793476,-0.0,-277.03337879601605,-169.0019647338473,-0.0,-3369.9064607190976,-0.0,-1393.2922126220815,-129.63600377806415,-940.3060461591249,-639.5719111214314,-1528.2753126674745,-1597.3567173394804,-0.0,373.3966552521243,-2254.346937136679,-1793.494084427501,-486.34054664022193,-1532.4949032017037,-1677.3307756054073,-0.0,-0.0,-381.5271666445227,-699.5805910513965,-2212.27004966739,-789.4485551763269,-134.01919793932174,-0.0,-0.0,-597.5290390286576,-0.0,-0.0,-0.0,-147.032197022787,-1168.6439686232463,1548.173490764438,-1214.9269004969794,547.2173547961618,-777.3183625518294,-917.2807549429442,-7.869079906358584,-4174.36464034139,-1042.7351412513517,-0.0,-72.03510857583326,-2212.3500219140124,-1795.3015150036076,-0.0,4.111944954213748,-0.0,-611.7457734108228,-0.0,-2012.3671142870135,-1734.1353344185668,-0.0,-286.72883645743474,-0.0,-0.0,-0.0,-738.7458007601991,-1014.0660120947339,-381.6444168729155,-937.431914934013,-1685.0870273248595,-845.6239449401858,-454.8448232530116,-503.40000921335235,-0.0,-1527.8199448239795,-229.22685778396163,-706.8946805335094,-1032.2201318503355,-1473.6513316859432,-1402.407265386131,-394.24045552049415,-1713.2864417466094,-0.0,-0.0,-0.0,-2263.541021581608,-0.0,-549.5961018694003,-787.594243615272,-0.0,-739.1859428853155,-597.7496269100709,-800.9156454645376,-663.5477190601522,-186.69917743945484,-1794.2678605193553,-4565.601762738116,-228.32061754952605,12.185130209940093,-0.0,-111.90630340800998,-6999.455828063135,-1712.47755410839,-621.3116642273343,-2234.1464922281184,-250.53614000833193,-0.0,-7.901662492566219,-635.6182112401618,-88.77125652263922,-912.2624974519997,-975.5603118039234,-158.69706395728085,21.386248020120473,-841.7554688773374,-2222.8190138656887,-1947.7553650598309,-1782.7010335390767,-0.0,-1447.6836419804567,-0.0,-110.17274888731802,-1050.0463136495675,509.9476051824106,-0.0,-0.0,-313.8664184845198,-791.0839551687719,-764.7394714195158,-1227.1827398677856,303.7277451438298,-1470.800365294813,-70.78946956715384,-321.7592865924838,-1478.7845427769632,-1719.4277624051183,-362.9966347031791,-0.0,-0.0,-0.0,-0.0,-0.0,-1721.8937619843473,-0.0,-662.8127340504576,-855.0035295117546,-2503.402457848484,-0.0,-0.0,-76.82003817972185,1082.5991667718454,-562.5938222712094,-1239.6010977144583,-0.0,-1346.661446018424,-4306.21650381674,-700.855265752174,-5341.906165689781,-1067.531119619731,-0.0,-744.0403897996307,-2530.684994086162,-143.40636099512187,-0.0,1111.6227661744574,1275.5200438299971,1219.5399602299585,-0.0,-0.0,-0.0,-0.0,-83.12650682470138,-2306.1292873547,-4.273446170175735,-0.0,-1793.4280774643887,-1112.9489271892157,-349.07308119553295,-4.274347560001014,-0.0,-117.80532313210433,-660.0377856355424,-0.0,-0.0,-36.246952951614034,189.5722121170047,-1951.9082992556575,-0.0,-946.0058938390994,-71.92314556978174,-84.01896839260239,-0.0,262.4564249321653,-92.0377279780021,-466.9044671283743,-1908.2050109608026,-0.0,-80.62293507471463,-1234.547074993121,-1057.5777447979672,-0.0,374.83669208142766,-0.0,-945.6399098485225,-1024.0240999449845,-7.2488454192152245,-0.0,-0.0,25.053390559544493,-248.88086152892254,-171.08327466224668,-76.61182993734214,62.01781497050067,62.04063760430821,-705.7183878826344,-718.6545730561278,-1073.6932091993183,-0.0,-1851.7024589844245,-856.3030897678013,-0.0,-0.0,-1007.8000255641069,-2060.389279883135,-540.4939292900576,-0.0,-2669.28191699721,-111.76275475293903,-69.56637335841172,-1158.7319094764407,-0.0,-338.72358828946847,-1239.7488662754895,-3.6304417064910486,-0.0,-4629.1206036119,-168.1230404891095,-1366.9986858031336,-1006.9696776902053,-1063.7973516060388,-2020.5421326655742,-90.39085163390207,-783.8750363741628,-1932.3032818909553,-1173.5906515678455,-1037.2908786046014,-237.04651747785078,-1746.3654908792591,-0.0,-2888.2627141547164,-0.0,-5150.592145142648,-256.12351208294166,-257.4047160774399,-1310.4800788627906,-0.0,-0.0,-0.0,835.859880428498,25.30520247211954,-910.5699240573327,-1357.0603731490698,-363.41501500559974,-974.9788172957581,-0.0,-0.0,-1331.8920169007436,-308.13470134491223,-422.4264885917138,-190.31760953697162,-0.0,-1455.5360583076704,-366.928186748077,-1630.2409912995256,-0.0,-34.34057448430122,-0.0,-1734.8427410758154,-782.4792222949644,-1750.4704385355228,-0.0,-0.0,-1529.8485935529143,-502.48058241682924,-663.7346096728044,-1392.2111129987213,-312.79799388325534,-1164.0164670509341,-0.0,5.152675299180941,-992.2269272503138,-3670.7729507002073,300.539682563959,-1295.5211705004144,-6148.818285393277,-605.0113847944037,-639.035303349178,-201.4643750676801,-113.12237493105887,-887.5758539477389,334.093441640174,-96.4539425977944,359.6404425135757,-1125.9028089819703,-483.3239798938514,-0.0,-1246.912571646573,-1677.383504476612,-546.3471507940633,-411.3216179392155,-0.0,-0.0,-33.08185985811236,-1033.4309993277275,74.22939661538638,-1974.3427818452833,-0.0,-0.0,-406.45808232737517,-604.1213499115873,-1036.1206686378468,32.605106574865694,-2622.5488094738644,-1361.2145419384383,-1285.8775653020389,-145.50675553196783,-0.0,-390.72707272955,-0.0,-594.0380720574553,-12.726534563154463,-1476.455182254207,-459.21234130353866,-1446.6931433091738,-348.41521437467753,-277.24134271882883,-0.0,-1172.8339001807965,-642.4209704297836,-1166.8032858844522,-0.0,-3063.907295616806,-1179.4569613094404,-1394.0949081488097,-912.857071897873,-935.733163471939,-58.18914156374315,-2130.3023967812956,-740.2303093957366,-1204.4206450043189,-1730.2095550596598,-186.8677022253205,307.57730706037216,-945.0609084432425,-0.0,-0.0,-16.303887878879863,-52.435522676460785,-14.681468242792306,-260.02737698713537,-0.0,-0.0,-0.0,-0.0,-0.0,-0.0,-0.0,-0.0,-0.0,-0.0,-1307.701002641855,-2224.033534061674,-1800.634943784756,-0.0,-0.0,1224.0836784735186,-391.9027760126391,-0.0,-412.1381514864109,-365.84447637354515,-882.0100198723062,-795.0056943696129,-1016.439676930622,-3.6894134553508278,-670.9911266082975,-401.69251437958786,204.91703076754865,-0.0,924.6145673203113,-0.0,234.40273508775854,-0.0,-315.37466460564264,-0.0,-432.99279975486286,-1008.4014893610265,-1719.5653433517743,187.47447234022448,-0.0,-0.0,-0.0,-0.0,-0.0,-438.52123841957365,8.310424580764419,20.455209580861638,-0.0,-0.0,-512.0132527159299,-0.0,-54.07076402569819,-647.5573854802342,-3806.174308338114,-0.0,-1221.6686640357461,-0.0,-590.4257075510536,-0.0,-0.0,36.97922653636962,-0.0,-252.6226086394495,-0.0,-0.0,-0.0,-899.5733695304418,-1531.2081401571709,-0.0,137.559559620585,-2047.3981840092567,-0.0,-87.12252330170098,-319.8002233380552,-0.0,-0.0,-1665.2827181881637,-0.0,-746.6557866489761,-1244.914716848504,-150.7535284887543,-2552.5693388378186,-1641.6610247761193,258.97149514631013,-668.2785079345259,-0.0,-1136.0718213462137,-0.0,-0.0,-0.0,-3571.7339255560746,-827.461257044045,-1327.054416905569,-0.0,-372.7522253047126,-17.04407875500247,-1054.8853624369756,-2013.666967353325,120.79424450967224,-2403.145163260729,-0.0,-1608.5964804504542,-2303.7610157192767,-0.0,-0.0,-0.0,-0.0,-2029.0308133074695,-366.9627498748086,-1217.00461352317,-0.0,563.5484794097695,1269.779196446577,-0.0,-0.0,-807.7372824051301,-807.1726006931714,-316.8420080142769,57.86245043203283,72.12527397056927,-0.0,-1344.7787606397499,-0.0,-256.0323638545805,-1091.8345820098257,1545.2381308401266,-0.0,-0.0,-0.0,786.5208333346856,71.32126662523947,-821.3052838013946,-0.0,-1241.0343184939604,-0.0,-908.4161599379554,-637.0382077776561,-0.0,-0.0,-0.0,-0.0,-0.0,-68.18691336971169,-0.0,-0.0,-0.0,-1076.8095573831747,-271.7928760884966,-0.0,-0.0,-0.0,-107.31578827239547,-78.13547372524687,-539.215334763111,-612.9383189118407,-2683.185703552692,-770.3085495338098,-429.1429091346933,-0.0,-2348.8739170947115,-42.78221191694773,-0.0,-981.4466501743589,-2307.807896065576,-641.7704250396523,-486.7271326039587,-1041.9811203473748,-211.43670588339972,-621.2188703978817,-679.2438381906626,-780.6552710372025,-187.08857361602847,-1713.1652560559025,-738.365014759223,-349.7054361732607,-0.0,-0.0,-771.3155516096191,-3611.5203718452467,-0.0,-934.0617754430871,-395.5164640907957,-0.0,-338.55296825937563,-588.5014814473507,-721.3322988293824,-4.005056332808954,-0.0,-0.0,-0.0,-0.0,437.14160575667734,-0.0,-572.2097306234886,-0.0,-0.0,-613.7874630101537,-1112.329057812961,-2470.579194173851,-501.76136827193676,-559.7300407589063,-104.51368102529618,-1995.0062768822984,-0.0,-697.6393525615614,-359.4692459699269,-452.13587819118635,-959.5997127990355,-942.4155093776304,-1369.3927004365105,22.237581625882868,-346.8048377701368,-0.0,-1013.1561858672912,-1076.734028448372,-59.44180707985534,6.9936581655200944,-2266.5879524731163,-1150.2892422994466,-680.8120547919713,-0.0,-616.1828293023569,-572.8164680210878,-573.3482541414968,-2111.633296058132,-7.718919136974047,-0.0,12.11857219261969,-0.0,-0.0,-221.75547922044333,-3164.2629323754645,-200.18133495247898,-1425.2634873330267,-3087.8440531208344,-0.0,-4505.404463680866,-272.26898556442495,-2236.875239644474,279.10492082404573,-0.0,1443.5555971214435,-735.9407930779545,-0.0,-2085.1833370405875,-0.0,-18.92141784100311,-0.0,-0.0,-0.0,-0.0,36.77372109997772,-0.0,-0.0,-0.0,-495.6809749504864,-1371.8368107721794,-678.8648937268132,-0.0,-3349.3961981517587,-0.0,-0.0,-0.0,-215.65260842260543,-286.2819941207328,-0.0,-1702.0673463466376,-0.0,-0.0,-3355.488445409066,-0.0,-0.0,5.784536302851568,-513.0662907147058,-20.441117924405663,-0.0,-0.0,-170.82651821642978,-0.0,-0.0,-1286.7966494466693,-1135.2096049454528,-1337.6641371201713,-0.0,-256.46364122326816,146.1992037253358,-386.1753447999618,-13761.90814786189,-0.0,-571.426309589957,-1198.1565350819988,-1405.4772163629718,-0.0,-0.0,19.338588854964815,-329.37439314340605,-926.7224558214676,-0.0,-0.0,-0.0,-505.78565986966817,-2509.747972237722,-1398.276893824509,-0.0,-0.0,-0.0,-344.49455898386174,20.369397583193948,213.40525016615203,-1011.8680119393225,-0.0,-0.0,-872.1698669590576,-0.0,-0.0,-0.0,-2667.504968420602,-1052.9397316661289,-0.0,-1026.005700177645,-491.0677475459606,-328.5339104984984,-647.1225737807139,-937.6135635162582,79.20172869790514,-1011.3276302351117,-981.5671161180786,-62.48633794591412,-1176.2693047523046,-0.0,-0.0,-0.0,-0.0,-591.842150290141,-0.0,-0.0,-496.13808158016906,-1739.5245034611132,-631.1787007784599,-0.0,1364.0792593692956,1247.3617441637284,1130.0856924619432,-0.0,-0.0,-0.0,-763.7790047644189,-198.13581657594912,-724.0579178838929,-89.8017020191572,-564.8359929058734,-1538.3772523971738,-1236.8545166263477,-2019.3767957651344,-0.0,-0.0,-0.0,-0.0,-948.8873386010678,-684.3488918275184,-1589.75052590836,-422.4969233382134,-1248.832200957956,-1864.9258308853723,-1679.0174024247513,-0.0,379.9328595539902,-390.58487668535514,-404.0600786680067,-124.8672443423548,-4038.427113345084,-7.136374889828939,-0.0,-719.4074613547396,-1265.510478242323,-0.0,-44.011745752196525,148.69853194776903,-156.66204873830355,-401.0393713781887,-1922.8883037522128,-376.773200155433,-1465.6688239392356,-0.0,-1722.8822864285307,-1484.6753781910224,-1164.4574630862796,-0.0,-1632.5393239431103,-589.4251833784758,-689.2646707135693,-853.7799547031003,139.57429092807882,-1575.3054356906707,-1261.8997179536045,-0.0,-118.13184231646014,-0.0,-0.0,-0.0,-997.7187635613215,-645.3810916376993,-0.0,-0.0,-0.0,-3336.1899279072945,-1851.0866507046337,-0.0,-0.0,-0.0,-1389.2729801765706,-792.8826144155408,-0.0,-667.31329465418,-1328.81588245789,-579.4198980542354,3.5967237230854483,-910.510075192079,7.888862043073529,-1434.1874286369618,-1707.5015785609892,-0.0,-0.0,-38.68297885957334,-0.0,-0.0,-1295.95687014242,-103.12708922643687,-366.7030253983272,-0.0,-0.0,-0.0,-924.7052702468916,-285.2198942924919,79.87759145636501,-454.00485688174035,-215.88280869585765,-1967.931303411408,-259.6893436459059,-535.9158622991521,-1103.521911290785,-0.0,-356.0422898279752,-0.0,-1673.9612590021268,-1459.34235858788,-1647.938468965335,-286.33321933897156,-263.4299932580045,-54.53551580022747,-793.0777376527641,202.38800649684111,-0.0,-331.2575670486385,-0.0,-0.0,-403.82740721901985,-91.52410505527298,-2294.2843900929442,-2379.936467140972,-576.4538349300929,-0.0,-0.0,-994.4293095206698,301.28746850841446,-0.0,-0.0,-0.0,-917.855605691511,-73.37649567813062,-287.7275950249867,-4092.5957930322825,-1354.9665663476437,-672.8976092275057,-387.77103557464596,-197.17977197711141,-813.844914546717,-531.2605388768113,-464.04258739982305,-0.0,-853.2438417075631,-649.4326377144456,-1492.3818723768086,-0.0,24.934628366435543,-7.8483157485521735,-0.0,-0.0,-1398.8303402824358,-0.0,-3553.2741144249467,-1240.5219942750246,2680.210799254524,2579.619484518989,-0.0,-0.0,-692.0058428757501,-892.912963720321,-1224.6465325671438,-296.7920861460433,-3315.985397323125,-508.71540082527224,-0.0,-0.0,-0.0,-1367.8405377607075,-749.7538788956358,-172.38995217919674,-2437.999291537092,-1081.5434401505458,-19.06125218630418,-416.79168563990845,-1049.7906008869727,-337.33483837360484,-483.4464397557231,-0.0,-4.159587888891948,108.00530896021526,-999.5764077398813,-145.5593983365155,-0.0,60.50212194193594,114.86069029937032,-199.22495062725034,-1240.7668654631127,-1967.4871719846071,-72.6770339178429,-968.1077808207298,-1158.8025298167777,-0.0,-0.0,-700.5862586593856,-0.0,-0.0,-0.0,-0.0,-531.127035209885,-36.68655880722863,-1146.9495462765,-1126.900299180676,-2140.595054126548,-983.2212576995378,-0.0,-557.8881821902431,-0.0,-1316.931540990867,-1337.4559415730478,-1278.4228536013436,-939.3573576068083,-0.0,-1406.2348469058493,-0.0,-0.0,-0.0,-3515.7094091638814,-1032.5081142696563,-234.49257652900653,-871.5368205844766,-672.065795665138,-949.2635773507429,-0.0,-0.0,-0.0,-0.0,-5287.112003815398,-702.6002345150963,-1673.323468279987,-3581.4861398539833,-1958.258217550238,-409.0580730209708,-0.0,-1772.181999128714,-805.3985768109095,-0.0,-275.13825034728256,-355.53825507298575,-0.0,-879.1261186067741,-231.1213848715684,1397.9757830539277,-424.9181251295939,-0.0,-0.0,-927.1201333652659,-753.997730910734,-2071.1163287907148,-382.06369752982494,-0.0,-0.0,-630.6489407059811,-0.0,-0.0,-0.0,-0.0,-1242.0660267524956,-514.1070551860606,-1164.8089520381575,-463.5261503950421,-26.461854070345268,-706.0860155927128,-0.0,-0.0,-0.0,-0.0,-2220.6099688746876,-0.0,-0.0,-0.0,-0.0,-0.0,-0.0,-722.8764787366905,-0.0,-2451.9002583937718,-484.81916573847013,-210.3012347045627,-1084.6440590742827,-0.0,-0.0,-1498.314700841581,-1387.6284060031173,3.8810875198771173,-380.58370838688757,-32.06860921231289,-1474.5597110614374,-786.4624819567646,-0.0,-3799.146789358913,-1244.1529653451262,-0.0,-0.0,-32.72028639051534,-278.7634661036279,-1146.9583973778792,-0.0,-0.0,-53.41873378970423,-1490.3487467145128,-484.39631235743315,-322.11733861323063,-40.659286800529884,-1722.0815099804213,-0.0,-0.0,-0.0,-0.0,-0.0,-596.9556618272596,-423.6837501949259,-568.756658633488,-4061.024087128474,-1501.6343864122082,-1135.4075605997598,-18.07495570901964,-783.4390114307773,-1234.9256422856176,-19.184791056746285,-0.0,-0.0,-0.0,-608.2571726746157,-450.75074850234,-1652.1211057652524,-616.6653782103114,-0.0,-1448.6380418039275,-0.0,-686.8564159987321,-0.0,-0.0,-1934.1540396714304,-609.8954046058891,-566.9781858758249,-1460.6442248300896,-478.03018881811084,-12.630267905199059,-665.2160701064167,-1235.951648902961,-0.0,-460.9169580629222,-1142.967735650656,-4109.060704113236,-0.0,-59.45895738153945,-2205.0249827199113,-1425.1458227414732,-1215.9979139935222,-509.30171716045476,-1054.027644434245,-0.0,-234.94293409942134,-0.0,-246.53822696360982,649.4171799380239,-0.0,-0.0,944.8425493282806,-0.0,-2190.840490929274,-623.4710233517,-1041.0653741362285,-1037.1713803909324,-1338.51949028293,-379.56751629641155,-62.26073399067063,-0.0,-0.0,-819.7675486779602,-717.3885974965299,-702.4402969232448,-0.0,27.764271259470966,28.09764263506933,-151.69443301659888,-2887.7849546252623,-1773.5795291149252,-0.0,12.403804581093624,-1267.1188183981085,-3970.1359830200986,-2513.454261048784,-462.95865439032394,-842.9252018101377,-1125.482679172924,-0.0,-210.5231581351441,-0.0,-504.60329275475317,-264.032051885437,-1534.3316456965674,-2152.133310594398,-273.3953820382676,-495.07255039999626,-4475.217532936831,-1147.4514219340394,-404.6330443160348,-457.85404774448307,-1395.3616003309687,-442.6723777008827,-7.65278057948189,-1342.7284116499088,-1534.1988606810608,-0.0,-0.0,-499.18362237298044,-1185.5441700942251,-336.57635114157875,12.611050969375901,-0.0,-0.0,-0.0,-0.0,-0.0,-38.48559225598781,-705.6690736632132,607.0646176469675,-390.76861370758604,-675.6147457392908,-482.50770713436043,-1041.6433170724822,-1500.6500778307097,-976.0491646684252,-1695.6130817637907,-459.2041160850065,-611.1260483195794,-1411.2987150570134,-594.7522187400399,-0.0,874.2309542510303,-454.9903348764659,-38.936254091249694,-0.0,-878.6208696114829,-518.5880214586072,-1515.6698503363086,-1752.2203887773283,-2391.511447340052,-0.0,123.16806444917493,-0.0,-0.0,-998.4485350386972,-1426.870230258263,-0.0,-901.0334934109161,-8.308710678058928,-0.0,-0.0,-0.0,-2453.6651249186248,-690.4806743097805,-230.68855871886893,-169.21915868549326,-0.0,-0.0,-1163.7896809938384,-1458.3633285696865,-928.5074488467314,538.7502495484042,-8.704094347647233,-0.0,8.337220695051618,-0.0,-1506.534053469084,-564.4434963451947,-1132.9366988372262,-1782.1998345704642,-1600.36070982658,60.51870984014674,-0.0,-0.0,-1700.8540505961407,-381.212390631153,-0.0,-0.0,-131.3692891302171,-0.0,-51.854696498348325,-0.0,-1109.7305685506822,-777.2222261331767,-0.0,8.343763193270004,671.1966886180747,-0.0,-67.38364628370668,-2175.3496393010328,-0.0,-0.0,-620.5198744081088,10.999518490836245,-0.0,12.380421077734052,-399.23034846528986,-1552.637341875414,-0.0,-796.0746758655085,-0.0,-1059.0805399101087,1718.8177804870102,-128.14826392011295,-1631.1196809908588,-1481.997371866269,1006.2413712263573,-50.8131032891362,-2310.0406488298845,-762.9147817115861,-887.848545540484,-0.0,-688.2317320366665,-82.09518804437207,843.5498952552955,-382.58762789361,-1437.3487960366526,-0.0,-0.0,-0.0,-715.3319271028628,-637.5427006669871,-601.7860686849393,-972.3719580956761,-1070.047525385396,4.214572530248557,-916.938560099244,-927.1143639125997,-1196.628736515118,-0.0,-0.0,-478.7103771278625,790.8100909666279,-5982.006637773178,-0.0,-1471.9739274333176,-1701.047455378909,-838.2975014513625,-786.8205259785296,-247.64985667373668,-2582.6342855163844,-280.52366657641574,-0.0,-956.7741949931481,-945.2265930218911,-598.1960687477495,-0.0,-1320.9485622472505,-2118.2997547963355,-28.072179456380372,-985.1295005975219,-2358.189334497447,371.24154309841924,-0.0,-435.120569709206,-125.4957669565233,-1374.6639633074067,-957.5454496020936,99.35501453192225,-116.33434656342635,-689.4359455002522,-442.7308720247218,-537.2363533246482,-706.7451580479848,-538.2962066145718,-0.0,-1291.1562617659945,-0.0,-1177.9420182106062,-682.6747145061516,-192.2345334616411,-0.0,-1759.2053659484884,-4687.030829539647,-0.0,-447.0626515729264,-0.0,-2365.1644802724845,-302.61353550556936,-0.0,-320.9862627715736,-478.47794417665534,-0.0,-2057.4003318859072,-1392.8807910521382,-0.0,-3783.3915749992834,-123.0713771877402,-1223.5438367926347,-1335.8470011619486,-1675.4138755393749,-120.24012571589942,-0.0,-870.3976420259878,-2058.0686242723377,-517.0362626344798,-872.278599502121,-994.4741681633861,-1673.7234120794385,-2149.7415408016736,-852.920057377542,-1788.9116964119316,28.48379426660183,-0.0,-283.71653798730944,-1449.4836438587856,-1077.7911245579396,-0.0,-0.0,-0.0,-417.2624077662443,-382.2092776994268,-12.951395617728583,-549.0171533811941,-0.0,-1218.441883171283,-732.5406968360362,-512.7426647671213,1.6561649450860765,-0.0,-326.36432657909836,-1503.5186948461758,-971.7605243672014,-315.2171010234996,-802.346439348278,8.042603200199947,-0.0,-0.0,-2995.8023579693145,-897.9433011737692,-0.0,-0.0,-0.0,-75.67113590698506,-1017.1242153189808,3.5685717233898404,-1664.8932232619115,-1450.1096491766002,697.4280589643895,-0.0,-562.5208741319497,-0.0,782.0195651946292,-219.20705437639907,-0.0,-1582.523613236373,-302.16143794517575,-1585.9015366446663,-0.0,-1491.1803092620578,-533.6996709034782,-217.50566309741953,8.096152496183876,-35.27360389050203,-0.0,-0.0,-671.5133905005952,-1195.120719277328,-0.0,-553.920230760269,-0.0,-325.16971562336533,-597.3558913008126,-0.0,239.4492290871229,664.6649095243565,733.1624780132928,787.4294156224247,694.3750770317765,873.1361216252699,-0.0,-0.0,-0.0,-0.0,-0.0,17.91731579611653,-0.0,-0.0,-671.2146279055651,16.220966331493926,-362.7940209742195,-169.5606322407369,-0.0,-868.7116503969122,-1423.230162248712,-1871.560488799327,-247.3107748538401,-206.89838684118803,-0.0,-0.0,-537.6010672637236,-0.0,-0.0,-0.0,-0.0,-2567.6081085846936,-0.0,-38.08761620243105,970.251309582261,-0.0,-997.2054501884598,-538.9007547659215,1099.1503335673865,-909.3464071901623,-0.0,-2952.976387583884,-1928.8366500915697,-229.9991487323935,-782.3981219950142,-1252.4021633149137,-545.3364840087794,936.9727437078535,-82.13051602562767,-515.942731873276,-0.0,-0.0,-533.9161290619973,-0.0,-921.8454547786099,-0.0,-457.68611393559064,-111.08881390724783,-0.0,-0.0,-1185.2664772311707,-0.0,-0.0,-533.8319142607637,-1215.2081102517816,-1653.463348855354,-0.0,-0.0,-0.0,-1855.2970670874927,-0.0,-1161.9216978825007,25.399341060074487,-0.0,-0.0,-1087.6708749886545,-881.7865529312068,-1236.648005427116,-350.30074288958474,-0.0,-1170.2694262791367,-273.04182778269114,-0.0,-0.0,4.1887195599968985,-41.004108895566205,-3785.7083730543227,-0.0,-41.60590889698431,-42.514661229549894,386.94282638751804,-83.12623824300667,-722.3686222953731,-764.3760736331395,-419.66337187473584,-0.0,-0.0,-1513.7919129698782,-0.0,-0.0,-0.0,-0.0,-0.0,-0.0,-0.0,-144.19743446516,-0.0,-0.0,-1809.6536352158726,-7999.53835618494,-115.58623188838729,110.88350792771749,-458.85288433092023,-541.1725404460049,-425.1311364534304,-3603.4525209593457,-231.98645765963613,-395.0139017495288,-0.0,-0.0,-0.0,-1896.5513813789541,-0.0,-81.95990582808243,-0.0,-0.0,-0.0,-480.78358858519283,-12.75823750639853,-285.58826376634573,-1281.7171002643229,-603.6237721107749,-83.10713276220291,-1754.8728012011609,-0.0,-80.42000493452124,-1891.17210092944,-0.0,-1270.2400932147439,-0.0,-1300.621365105109,-0.0,-0.0,-891.2560015447624,-610.6003026237104,-32.1844644505734,-649.5956116762416,-105.3833807666922,-710.3154258117489,-149.86545285014446,-644.2191911869533,-645.6537307811896,-2060.8638412115947,-904.4486499728837,-0.0,-1608.4597986637623,-398.3564676184451,-736.8116750409663,-0.0,-0.0,-945.8688853221225,-2082.106415250182,-135.11150308816724,-0.0,-0.0,-72.36144493198213,-3097.266847908368,-806.283732955346,-221.757014476713,-326.5447223435362,-43.11156399742762,-4131.169123076706,-0.0,-0.0,-1876.2386899758326,-800.1808522838429,-0.0,-0.0,-0.0,-75.73183066636672,-0.0,-1744.1811810144013,-1616.1983152203056,-0.0,-379.8598625943231,164.3684891215733,-0.0,-0.0,-0.0,-944.4154257566752,4.2848154285011875,-2315.223490286629,-593.930746831411,-1110.891758094989,-657.0132598235598,-3150.2463949306143,-1377.9522184111247,318.5750266011099,-0.0,-1939.0379678344657,-0.0,-0.0,-0.0,-1007.8024221935526,-610.1869652707815,-1170.427320992347,-0.0,-0.0,-855.3782767673919,-1222.917175229568,-643.0170465327116,-474.8791629636508,-0.0,-0.0,-1244.8086969768042,-0.0,-0.0,-0.0,-0.0,-0.0,-0.0,-478.1593625508148,-170.6464319032687,-1374.501224106447,-0.0,-702.0518997915148,-3925.091873505395,-44.13569425297156,-0.0,-0.0,-0.0,-0.0,-0.0,-0.0,-0.0,-0.0,-0.0,-0.0,-1219.5219714511702,-1805.9320540286014,-0.0,287.6545495533286,-0.0,-576.3448647215367,-86.843108630428,-0.0,-669.8903252131744,-324.93308604874017,-24.272943975954483,-2977.1601672326888,-458.0273092229171,-2811.5591203744384,-187.79976305485368,-1762.8726064117416,-1597.274137358256,-611.2239891454203,4.32007797294184,-0.0,-1174.6475834723649,-1992.375287021606,-2289.2449787450996,15.174330792490204,-475.042937835893,-1628.507308783794,-0.0,-1934.2601449165609,-359.7770781972399,-0.0,-2844.975117190014,-0.0,-908.6209376551712,-0.0,-2797.886112812623,-0.0,-0.0,-80.05473391368282,-915.2528156467147,-650.0828797237713,-0.0,-1147.4242999345906,73.13263551140625,296.5040428978314,309.5440122074874,-250.4420204644565,-1733.8694306774612,-696.2296147276834,-0.0,-0.0,-5434.796820891145,-1234.009376054248,-0.0,431.89213124380325,-0.0,-1568.9329556552475,-545.4985844687668,-673.5812136069841,-0.0,-0.0,56.31394913883572,-0.0,-974.1842910541825,-976.637150441518,-1795.8446382725679,-0.0,-556.8147228903695,-2818.815697297169,-769.1938255501976,-0.0,-1227.5832710510058,-77.5457478843665,-1228.531798850741,4.083410813616435,-893.0625061177645,-0.0,-0.0,-0.0,-681.3154548431311,-0.0,303.21662903788535,-0.0,-354.75964397646186,-742.5265690859417,-507.6145885989005,-1057.896848067775,-584.2303789833607,-1636.0858547167043,-854.9076100205901,-0.0,625.842974287402,-2203.7108051259333,-1688.2914823717847,-674.5430081496928,-0.0,-0.0,-0.0,-142.90364215060185,-1071.9912524263834,-308.42072732315785,-700.7354675375292,-1896.4588758493423,-2652.637279318139,150.8996921897372,694.6712496006439,717.8385164950777,-0.0,-0.0,122.89524501744144,-91.7777984939084,11645.516603361657,2050.1615841004577,3749.1380942344967,5669.522288089959,-0.0,-0.0,-0.0,-0.0,-0.0,-1331.1273685534998,-1482.0327559683237,-786.6368986764646,-0.0,-2757.4886176470354,-546.461175328077,-883.2015269007437,-0.0,-655.2415223319598,-1246.6438502624544,-937.6753966903843,-1175.507915312008,-0.0,-3025.2776145345824,-1896.6388756386855,-736.5581810753467,-134.41146534226513,-2805.180735296589,-0.0,-264.83529816537765,-0.0,-88.21393948295439,-0.0,-126.63769146139792,-192.96505259510118,-961.0709739240519,-807.2125546224177,-0.0,-0.0,-0.0,-2020.0522288817635,-0.0,-0.0,-261.98054925689064,-881.8955387208872,-918.1266138804439,-65.08096290616515,-1008.8255171169242,-1769.984959517345,-322.48979525997584,-0.0,-0.0,-150.7782462937278,-1520.6485462903631,-429.2856056516259,-0.0,-5769.1572751990425,271.05562846728975,-0.0,-0.0,-0.0,-205.0427981127406,-417.6755668004357,-0.0,-0.0,-1155.2303050354599,-1937.5340458803407,-1083.5014383412283,-400.7095006919612,-375.8135017380329,-509.25953777255205,420.51917379648256,-1107.4634298529807,-0.0,-473.1213104088712,-2209.9721639074633,-462.64686551919203,7.568898342865243,-0.0,-438.339629804573,-0.0,-0.0,-0.0,-1211.3389358021766,-431.3302181031871,-1355.0367681284802,-0.0,-0.0,-0.0,-183.2078215569234,-498.34254711756637,-1579.2494660422335,-2705.2220263535414,-202.05056623361142,-118.50606544669779,-0.0,97.37123908953843,-0.0,-1078.1530121221801,-164.23154864508052,-0.0,-0.0,948.840850145958,-0.0,-1630.6959149897648,-0.0,-0.0,-0.0,-187.9068901589554,-1919.1459119825672,-1519.3774050453865,-29.917090588949755,-2138.897884642892,-1489.9895404699917,-26.930232505107757,-30.19732461895069,-64.7679600597506,-0.0,-0.0,-1924.4288374621403,-0.0,-5714.2971203272355,-0.0,-1430.3355510855758,-268.92701837232113,170.15721999863408,-0.0,-11.019871474872234,-1562.5094307529976,-1507.954850143645,-531.2180649623716,-35.294312488608995,-97.99497788093328,-0.0,-0.0,-0.0,-0.0,-1026.1518244248339,-1056.7095032831946,-0.0,-561.1705028397328,-1175.0345471779472,-227.5937464242157,-29.590362608963574,-0.0,-0.0,-0.0,1039.9623747452688,-74.4968755536876,-0.0,-475.59893015525734,-780.6319890987063,-1443.7541914477274,-0.0,-0.0,-2385.343335550378,-0.0,-0.0,-0.0,-0.0,-660.359190663348,1061.954054473163,1003.2207673981252,1107.8893100571652,-0.0,-0.0,-0.0,-618.8096925315422,-0.0,-0.0,-356.96086937962116,-218.8262720346786,-0.0,-209.6378054603506,-1127.535267519759,-1249.2933986725257,-0.0,-0.0,-0.0,-19.88510371580453,-1354.1242552221652,-18.01547451854865,317.10370421259546,-0.0,-1541.5195891775197,-849.2166905758031,-547.149188243464,21.287676342425936,18.575130710525837,-290.37744865635045,-15.315805007966606,-357.1941727625466,-373.0236397200417,-1020.4934204367357,-341.53145364043826,719.602726064969,-1338.805557746483,-145.10151758057575,-148.26321714954423,-3437.9600870787804,-2485.80010410807,646.8403018960444,-1107.1886432502474,-129.98575541034975,-4.219082922184797,-673.8416364304113,-1064.6329082091338,1788.48803520737,-626.3518564577026,-640.9362918562244,-700.533870845449,-0.0,-5623.515696440499,-0.0,-522.5226618973649,-923.2746893149252,-688.2918007642362,-797.6987231881087,-1047.762369027513,-0.0,-1029.3836022701025,-196.16635129295102,-80.43055257678225,-7339.160421465979,372.13928524466127,-163.85620804390697,-0.0,-549.8593247520059,-1060.3863139397108,-0.0,-0.0,-513.5154248068945,-1512.875353012703,-39.49588625252769,-221.70820961302562,-273.31648382174956,-1137.9387397714718,-0.0,-0.0,62.01926949460462,-0.0,-0.0,-1642.5746412652716,-0.0,-1880.7322872758855,-957.9045996336248,-1268.9139417116176,-0.0,-0.0,-462.57173555030056,-907.9395355967247,-140.24948361203997,-0.0,-394.66734991548844,-152.33341849913342,-426.6282360811012,-0.0,-182.46229537639488,-434.9449896689967,-2237.357488925341,-810.0020116784968,-1327.1772419460474,-0.0,-0.0,-1145.3298318563611,-27.258658547842288,-0.0,-0.0,-1268.4858557495063,-0.0,-0.0,-0.0,-0.0,-0.0,-0.0,-0.0,-0.0,-0.0,-0.0,-91.40609674164547,-0.0,-0.0,-0.0,-0.0,-0.0,-0.0,-0.0,-0.0,-0.0,-0.0,-0.0,-290.30950036779063,-0.0,-0.0,-0.0,-0.0,-0.0,-0.0,-0.0,-0.0,-0.0,-0.0,-0.0,-0.0,-0.0,-0.0,-0.0,-0.0,-0.0,-0.0,-0.0,-0.0,-0.0,-0.0,-0.0,-0.0,-0.0,-0.0,-0.0,-0.0,-240.01615469338114,-0.0,-0.0,-0.0,-0.0,-0.0,-0.0,-0.0,-0.0,-0.0,-0.0,-0.0,-0.0,-0.0,-0.0,-0.0,-0.0,-0.0,-0.0,-0.0,-0.0,-0.0,-0.0,-0.0,-0.0,-0.0,-0.0,-0.0,-0.0,-0.0,-0.0,-0.0,-0.0,-0.0,-0.0,-0.0,-0.0,-0.0,-0.0,-0.0,-0.0,-0.0,-0.0,-0.0,-1275.2281064201668,-577.8859609917572,-1551.7948344941317,-0.0,-0.0,-0.0,-0.0,-0.0,-0.0,-0.0,-0.0,-0.0,-0.0,-0.0,-0.0,-0.0,-0.0,-0.0,-0.0,-0.0,-0.0,-0.0,-0.0,-0.0,-0.0,505.32967362153147,-0.0,-0.0,-0.0,-0.0,-0.0,-0.0,-0.0,-0.0,-0.0,-0.0,634.2236387740362,-0.0,-0.0,-0.0,-0.0,-0.0,-0.0,-235.40603301912108,-0.0,-0.0,-0.0,-0.0,-0.0,-0.0,-0.0,-0.0,-0.0,-0.0,-0.0,-0.0,-0.0,-0.0,-0.0,-0.0,-0.0,-0.0,-0.0,-0.0,-0.0,-0.0,-0.0,-0.0,-0.0,-0.0,-0.0,-1012.2483261353232,-0.0,-0.0,-0.0,-0.0,-0.0,-0.0,-0.0,-0.0,-160.64509811930213,-0.0,-0.0,-0.0,-0.0,-0.0,-0.0,-0.0,-0.0,-0.0,-0.0,-0.0,-0.0,-0.0,-0.0,-0.0,-0.0,-0.0,-0.0,-0.0,-0.0,-0.0,-0.0,-0.0,-0.0,-0.0,-0.0,-0.0,-0.0,-0.0,-0.0,-0.0,-0.0,-0.0,-0.0,-0.0,-0.0,-0.0,-0.0,-0.0,-704.1738992133322,-0.0,-0.0,-0.0,-0.0,-0.0,-0.0,-0.0,-0.0,-0.0,-0.0,-0.0,-0.0,-0.0,-0.0,-445.83282187722403,-0.0,-0.0,-234.65715490642688,-0.0,-0.0,-0.0,-0.0,-0.0,-0.0,182.4401672136074,-0.0,727.3443576852269,-0.0,-0.0,-0.0,-0.0,-0.0,-0.0,-0.0,-0.0,-0.0,-0.0,-0.0,-0.0,-0.0,-0.0,-0.0,-0.0,-0.0,-0.0,-0.0,-0.0,-0.0,-0.0,-0.0,-0.0,-0.0,-0.0,-0.0,-0.0,-0.0,-0.0,-0.0,-0.0,-134.66532133515238,-0.0,-0.0,-0.0,-0.0,-0.0,-0.0,-0.0,-0.0,-0.0,-0.0,-0.0,-0.0,-0.0,-0.0,-0.0,-0.0,-0.0,-0.0,-0.0,-0.0,-0.0,-0.0,-0.0,-0.0,-0.0,-881.8891520488446,-0.0,-0.0,-0.0,-0.0,-0.0,-0.0,-0.0,-0.0,-0.0,-0.0,-0.0,-0.0,-0.0,-0.0,-0.0,-0.0,-0.0,-0.0,-0.0,-0.0,-0.0,-0.0,-0.0,-0.0,-0.0,-0.0,-0.0,-0.0,-0.0,-0.0,-0.0,-0.0,-0.0,-0.0,-0.0,1180.1032098487274,-0.0,-303.09252625691477,-0.0,-0.0,-0.0,-0.0,-0.0,-0.0,-0.0,-0.0,-0.0,-0.0,-0.0,-0.0,-0.0,-0.0,-0.0,-0.0,-0.0,-0.0,-0.0,-0.0,-0.0,-0.0,-0.0,-0.0,-0.0,-0.0,-0.0,-0.0,-0.0,-0.0,-20.5523724246083,-0.0,2377.3087102087957,-0.0,-0.0,-0.0,-0.0,-0.0,-0.0,-0.0,-0.0,-0.0,-0.0,-0.0,-0.0,-0.0,-0.0,-0.0,-0.0,-0.0,-0.0,-0.0,-0.0,-0.0,-0.0,-0.0,-0.0,-0.0,-0.0,-0.0,-0.0,-0.0,-0.0,-0.0,-0.0,-0.0,-0.0,-0.0,-0.0,-0.0,-0.0,-2201.5266660503585,-1529.003958133466,-0.0,-0.0,-0.0,-0.0,-0.0,-0.0,-0.0,-0.0,-0.0,-0.0,-0.0,-0.0,-0.0,-0.0,-0.0,-0.0,-0.0,-0.0,-0.0,-0.0,-0.0,-0.0,-0.0,-0.0,-0.0,-0.0,-0.0,-0.0,-0.0,-0.0,-0.0,-0.0,42.38938051718608,-0.0,-0.0,-0.0,-0.0,-0.0,-0.0,-0.0,-0.0,-0.0,-0.0,-0.0,-0.0,-0.0,-0.0,-0.0,-0.0,-0.0,-0.0,620.9426589421696,-0.0,-0.0,-0.0,-0.0,-0.0,-0.0,-0.0,-0.0,-735.4241345123145,-0.0,-0.0,-0.0,-0.0,-0.0,-0.0,-0.0,-756.5408479533029,-0.0,-0.0,-0.0,-0.0,-0.0,-0.0,-0.0,2473.720713714171,-0.0,-0.0,-0.0,-0.0,-0.0,-0.0,-0.0,-0.0,-0.0,-0.0,-0.0,-748.5891724948082,-0.0,-0.0,-0.0,-0.0,-0.0,-0.0,-0.0,-0.0,-0.0,-0.0,-0.0,-0.0,-0.0,-0.0,-0.0,-0.0,-0.0,-0.0,-0.0,-0.0,-0.0,-0.0,-0.0,-0.0,-0.0,-0.0,-0.0,-0.0,-0.0,-0.0,-0.0,76.69091134606184,-0.0,-0.0,-0.0,-0.0,-0.0,-0.0,-0.0,-0.0,637.4804359569526,-0.0,-0.0,-0.0,-0.0,-0.0,-0.0,-0.0,-358.28284928934266,-0.0,-0.0,-0.0,-0.0,-0.0,-0.0,-0.0,-0.0,-0.0,-85.26489486278417,-0.0,-0.0,-0.0,-0.0,-0.0,-0.0,-0.0,-0.0,-0.0,-0.0,-0.0,-0.0,-0.0,-0.0,-0.0,-0.0,-0.0,-0.0,-0.0,-0.0,-0.0,-0.0,-0.0,-0.0,-0.0,-0.0,-0.0,-1880.2189915877393,-0.0,-0.0,-0.0,-0.0,-0.0,-64.46114891974005,-0.0,-0.0,-0.0,-0.0,-0.0,-0.0,-0.0,-0.0,-0.0,-0.0,-0.0,-0.0,-0.0,-0.0,-0.0,-0.0,-0.0,-0.0,-0.0,-0.0,-0.0,-0.0,-0.0,-0.0,-0.0,-0.0,-0.0,-0.0,-0.0,-0.0,-0.0,-0.0,-0.0,-0.0,-0.0,-0.0,-0.0,-0.0,-0.0,-0.0,-0.0,-0.0,-0.0,-0.0,-0.0,-0.0,-0.0,-0.0,-0.0,-0.0,-0.0,-0.0,-0.0,-0.0,-0.0,-0.0,-0.0,-0.0,-0.0,-0.0,-0.0,-0.0,-0.0,-0.0,-0.0,-0.0,-0.0,-0.0,-0.0,-0.0,-0.0,-0.0,-0.0,-0.0,-0.0,-1307.8526960564832,-0.0,-0.0,-0.0,-0.0,-0.0,-0.0,-0.0,-0.0,-0.0,-1639.6661703905847,-0.0,-0.0,-0.0,-0.0,-0.0,-0.0,-0.0,-0.0,-0.0,-134.10833167555106,-0.0,-0.0,-0.0,-0.0,-0.0,-0.0,-0.0,-0.0,-0.0,-0.0,-0.0,-0.0,-0.0,-0.0,-0.0,-0.0,-84.1928248632518,-0.0,-0.0,-0.0,-0.0,-0.0,-0.0,-0.0,-0.0,358.00431074650106,-0.0,-0.0,-0.0,-0.0,-136.72473009910607,-0.0,-0.0,-0.0,-0.0,-0.0,-0.0,-0.0,-0.0,-0.0,-0.0,-0.0,-0.0,-0.0,-0.0,-0.0,-0.0,-0.0,-0.0,-0.0,-0.0,-0.0,-0.0,-0.0,-0.0,-0.0,-0.0,-0.0,-0.0,-0.0,-0.0,-0.0,-0.0,-0.0,-0.0,-0.0,-0.0,-0.0,-0.0,-0.0,-0.0,-0.0,-0.0,-0.0,-0.0,-0.0,-0.0,-0.0,-0.0,-0.0,-0.0,-0.0,-0.0,-0.0,-0.0,-0.0,-0.0,-0.0,-0.0,-0.0,-0.0,-0.0,-0.0,-0.0,-0.0,-0.0,-0.0,-0.0,-0.0,-0.0,-0.0,-0.0,-0.0,-0.0,-0.0,-0.0,-0.0,-0.0,-0.0,-0.0,-0.0,-0.0,-0.0,-0.0,-0.0,-0.0,-0.0,-0.0,-0.0,-0.0,-0.0,-0.0,-0.0,-0.0,-0.0,-0.0,-0.0,-0.0,-0.0,-0.0,-0.0,-0.0,-0.0,-0.0,-0.0,-0.0,-0.0,-0.0,-0.0,-0.0,-0.0,-0.0,-0.0,-0.0,-0.0,-0.0,-0.0,-0.0,-0.0,-0.0,-0.0,-0.0,-0.0,-0.0,-0.0,-0.0,-0.0,-0.0,-0.0,-0.0,-0.0,-0.0,-0.0,-0.0,-0.0,-0.0,-0.0,-0.0,-0.0,-0.0,-0.0,-3964.472696602569,-87.26754267379744,31998.270810063554,-3678.416517335868,-3661.58517170396,77854.5163032102,-0.0,-7162.269031581559,802.8658010800651,1845.3497156642527,-23514.01744455536,-0.0,-4946.919929249101,-0.0,-0.0,21763.990431370392,-12263.943300512303,2838.771287216333,6349.767283377118,-3814.123238137216,-23101.870461906954,-8516.578198106954,51.29197430464342,-90.81378933499576,-5887.075324494518,-0.0,-11494.16007104805,-17166.425119457293,13487.296690820052,-125.68674287608673,373.56308146784806,44479.91159166273,-2244.253288036896,-96336.13207867507,-3057.8408329278745,-22520.61651877395,-15127.153435082686,-4903.929682255682,-6066.911755922199,-15199.483279379894,12643.077999575687,-2141.9595000845416,-3410.2101695074466,-3250.658690454399,-11021.656100986662,6339.672591291106,31620.079515189827,-744.4351799767305,-175.62348320825234,19804.173473930012,3293.9697908218973,-175.87922641719862,5017.414847267106,5548.643145696998,-5406.270674190826,-7091.468135208164,-3125.6648392345246,384.30026806771065,-0.0,-0.0,-1209.7200913632562,-7492.400858286484,-3691.6445766900815,-3187.5970281939303,-448.21276264413353,-4729.240299887821,10884.595397052812,6039.800508522865,-7712.600809038855,16607.12797157782,-18455.130284562165,-30196.273975260618,68223.26651564153,-21838.202842770806,-7653.410395883083,-1817.4030085041857,-3030.176742005016,-5993.196786579785,-3733.324062441994,-30888.131459512348,-0.0,-13404.92426363063,-0.0,3389.4679944953004,-0.0,-0.0,-12760.006879252654,-1338.4227679360113,-0.0,-0.0,3417.602961932848,-0.0,124.00082199551598,-0.0,-5833.810311244444,-4269.656312587784,-7345.665757171029,-8104.3946643445215,8768.665261788588,-0.0,-27541.694074422587,44017.409769132064,-0.0,-0.0,-18808.974924332888,-8416.221266402554,124.18365424503362,531.4131842820104,-0.0,55911.441964971185,-0.0,-0.0,-0.0,-0.0,51422.4953705278,-1412.9092754461924,-0.0,-12115.716083118541,-0.0,-5083.596445591602,-877.4500317410867,-2529.799279546713,-14700.121832326711,8631.58499194319,-955.5622844543549,-8733.493432774318,-0.0,-0.0,-6256.519431286911,-6710.198772664671,-11802.589133578644,57096.889036954875,-0.0,-203.35867634677345,12948.78277605708,3995.097634921833,-2639.113897255845,650.6899135090043,1636.9590453673466,-3582.654985069851,140.44350555829644,-17656.76818242131,785.3525810897867,12939.248603911637,-631.3943221823776,9739.422412229898,44270.422572796044,5259.8436348521755,1009.305548220603,9073.927856493523,-1924.2983800113198,-7350.443938491394,-8430.432086983128,-14876.803322470432,-0.0,2716.804468963628,13573.791982596249,12237.576218733606,-7730.946569376421,5664.80399486524,3469.869492619484,-8580.152507859571,21104.427074260308,-13802.67299480626,-0.0,5118.352280305813,-11229.653787718184,-14712.56449996643,-7090.615298652243,24593.41653727615,2027.9142002080803,-0.0,-5011.969979823539,-0.0,-2320.765465018776,53.9205994881633,-3338.335929900411,-784.4769371611497,77.56472938050483,-183.84022136686966,-20927.658339953476,-13296.929544543547,21995.736486488295,-7408.034057969046,3274.5077009905676,8010.132908116738,-7197.205985628263,-4659.480268549078,-13042.219958692687,-0.0,-1901.5655781712264,-1953.1465573733185,-0.0,1096.8101208383134,-2986.044428056272,-0.0,-0.0,-15246.542266060897,-3053.0131123703436,3714.9498675463497,-3632.3529814232065,-0.0,-0.0,-0.0,54253.72115860896,22468.25059602102,-0.0,-1333.850551492132,11608.85570298367,-0.0,-3941.8345194712747,-2711.3249190848264,-0.0,-4889.277525912997,-7295.509591294766,111113.58869299458,-11757.198093932839,-8509.896179330746,-29450.59698915621,-0.0,2414.257820969392,2175.044450499123,-9612.872988172889,25142.738337904208,-7752.127385409899,-43244.36560896195,-14582.9587059217,-9754.748774501979,-0.0,1230.577833215042,-4673.742895472751,20182.32473176834,-2082.4387856633466,80.67714323580326,-11360.682393301093,-8884.498781559752,29123.645855413968,-0.0,-1505.4622153727696,116.04092263753206,-0.0,-0.0,-0.0,-0.0,-0.0,-0.0,-0.0,-0.0,-0.0,-0.0,-0.0,-0.0,-0.0,-0.0,-1226.6616549850776,-0.0,-0.0,4034.0082580019057,-11189.743563793749,-830.87491929367,-8894.888544816027,21815.84220611886,8484.190192778726,-3630.616844472049,2213.9986587479607,37780.33556849926,-0.0,-0.0,-3663.688379881712,2504.501342806048,-6280.378506742345,-7835.675927807547,-0.0,-190.91251050627545,8915.35103822272,-4063.5518726067703,-884.8886361602059,2913.816735381632,-26500.525658957158,22058.104226422973,-4613.558801449583,-2030.4825418805972,13302.59496760336,-0.0,-0.0,-0.0,-0.0,-0.0,-0.0,718.2291401598263,49063.67297371895,-9068.368401429005,-7100.608081106013,-11795.370343816729,-0.0,-9739.136270673032,-11940.153807762485,-0.0,-0.0,-0.0,543.9381411089033,522.8561462259478,767.2881225270705,2819.052779124715,-0.0,2468.575706105131,910.3341489451499,831.489956465528,733.5071447311119,765.8406063739737,3107.82704567592,1641.5516552272209,3097.298257144822,2455.4367767459485,2715.5891126024285,2993.5250235541707,35578.818583878354,38976.68568177999,36857.48579013734,33393.89734392961,6361.997607439903,6305.958296028335,7274.1671875143475,9012.965917208476,4434.970840769455,1912.251205051497,2014.2005340707851,2025.9179534848186,1901.7609873214255,2007.4789223045082,4665.456451398743,2915.514133435684,1236.7519187298483,1189.0718451734826,626.0086383746254,365.43030769302806,443.08512021665547,32176.936907614574,34897.061680984276,37040.167647483075,34054.05774855926,52598.655599977224,55373.11846074981,1245.5985703655367,1235.7099386706673,1243.0755174013066,1053.7061399692798,1176.2974492105739,1227.0756335003894,600.1765503812188,46081.50073815525,49220.478863751196,50233.28667162224,2557.2777054712114,-0.0,6603.9533697867555,37620.43000907865,33947.97675741784,34342.6802761791,56678.12911867083,62206.180163451856,63877.145643081996,53679.64585030457,2523.189184313668,2227.4911477963174,4662.913360468113,-0.0,18625.402739971796,21689.84284462397,-0.0,455.27678026366766,948.1809059996763,1489.565951324823,1364.7231345920675,1585.539557745492,1405.1566022945078,1622.9138103874704,1317.090219957577,38575.87432905049,37394.698844843355,36724.30373203751,34619.17965036526,1008.9633711245174,1153.5658708268188,-0.0,-0.0,16431.791351855954,37216.28435178433,35799.16950154005,33423.84610416341,32256.512696310274,-0.0,46630.265662030215,50109.516478891164,1022.0046673092717,2014.3098664045488,2212.605570256054,2359.9524931758638,2122.809246848757,2089.460323448779,50910.77369634774,48020.54699076165,-0.0,-0.0,16006.133038983104,837.604812263801,1009.580340876649,37969.43512222752,35915.70262925688,32350.385586518027,34276.05515167281,32664.99033580469,34722.2785481727,-0.0,15173.365030975527,9647.254574230894,-0.0,-0.0,1204.873081050588,1323.6191465747359,420.79285803972175,376.5704750327669,308.29832951498116,309.9542947476371,-0.0,1103.010344261728,1051.6159457255753,1011.077736632154,1152.6434151839567,-0.0,1402.943967409246,1462.9829579343384,1851.9006081734194,1979.9347175358057,1979.1554064086247,1938.6540126602397,721.1558732857271,879.0550758787574,804.3103675144712,1206.9236218913259,851.0664354240284,764.1731904701157,815.9712890748636,823.636897613263,7776.085338193849,8828.123939142664,39.81290398627838,69.29723177103575,3243.502811021824,15265.367596507278,973.8674697205249,935.093589215616,-0.0,-0.0,6097.0644759457355,6179.276677104155,6061.374307751184,5997.44455967433,1277.2412069351533,1381.1013714459334,36452.14189560534,37115.2249169223,8074.810405967398,7061.627948901239,-0.0,50505.00890415671,2059.349292212155,1935.7880990952192,1054.5424576663052,52475.31635369313,56055.45261416063,54240.41887123341,50020.44171415413,410.4536884236341,56428.8469229921,53106.35230483807,-0.0,-0.0,18391.69027052098,-0.0,664.3919881735092,677.2659059457264,601.8881782288119,1606.4157749900662,8985.88455934067,21163.835921827595,1367.5548275783754,1476.945276392395,49.342684845049476,645.9500192240112,646.450451580545,14354.598360145468,1451.3573120175854,-0.0,-0.0,-0.0,1042.9120486881036,-0.0,1111.4548971064735,-0.0,4102.84692729946,959.3488393104217,1081.1472085312093,1023.6103230573062,648.8079979512208,627.8287850309302,591.89833191411,1441.2274016580473,1598.3717865517897,1734.3616335154327,1043.3093866525353,117.20527277626186,4770.978659855084,50382.8283989548,54670.345997220385,9859.223636315031,19855.13230396699,14951.515903308024,15624.154585153934,1921.1088544760637,1752.6718638793802,1381.454516193942,1380.7391778210224,753.7349570181618,911.5401248373431,2254.4348078493126,34016.6762460472,36565.95296656768,1294.695691510863,1324.4993375736676,1281.72229640866,2199.3877672315116,2347.180888443321,2684.955043898981,37411.658737293445,33490.02003867579,33267.37474354135,36430.78543492876,-0.0,-0.0,-0.0,2247.48984307566,2494.497161442019,2168.262671201147,6694.637107575379,5843.0184326630515,6319.681041973868,1722.9765339374396,1815.9512880180291
1,-0.0,-0.0,-536.4035738467762,-1706.0136282474493,-400.8838510956875,-473.80548668449876,-46.52654027849245,-881.7548616814283,-601.6062059591204,-0.0,-1272.0108875227675,-0.0,-0.0,-1877.8483296964012,-0.0,-507.46909884689944,-378.7046365874724,-0.0,-0.0,-161.2906066275048,-229.88251014457322,-612.6663466411073,-972.7097141390448,-624.3587661560925,-1836.1542370586085,-1133.9367848151298,-0.0,-0.0,-2558.738310144266,-1544.1943668023046,-0.0,-0.0,-0.0,-0.0,-0.0,-0.0,-95.6743750826294,-276.7042396024777,-1483.7710732628175,-1199.5474300243395,-0.0,-0.0,-117.38030611069655,-624.9194675669353,-157.2145616321785,-0.0,644.4627384638713,-1459.7482161161768,-357.8010907722613,-0.0,-0.0,-327.48654476017845,-4.020115810565854,23.86013945831955,-1724.0425351719136,-2973.3958052106314,162.82480567025632,-5091.302920134678,-212.22654659346105,-0.0,-1441.127171542219,-0.0,-578.3593823057818,-2205.5032897466162,-472.2098897501779,-559.2336077103216,-36.044920849673495,-2026.9289117892258,-672.8549116935588,-473.0505468683107,-2718.390689978587,-0.0,-0.0,-2036.5844643396827,-905.8689029366611,-350.85421205355823,-1691.6144421681615,-0.0,-0.0,-1326.6570971454387,-1428.625271564191,-419.6540751295227,-3470.8295545186725,-56.90214268093693,-66.95229400717395,-1534.6378981241126,-0.0,-544.8920918778895,-912.8828149530326,-15.662494436039676,-0.0,-1312.6511955052529,-75.20895492629457,-576.1946990083893,-2016.846330903708,-47.183145751971544,-2026.6158854617363,-310.22273837588364,-1286.5895419931853,-2359.849091643647,-657.7022474654752,630.2081500659942,-498.2317806131177,-0.0,-1484.1930596786626,-2120.452556998343,-3835.0440497071186,-505.31680285944975,-2526.571789004263,-0.0,-1349.7019395228,-0.0,-0.0,-454.8145366827006,-0.0,-0.0,-475.90424796131833,-71.38242731879551,-1486.4439510137963,-751.7328010071333,-913.1130648153886,221.75178878640847,-402.3753215411437,-322.5839760058004,-367.9515017588647,-13.708024287371176,-400.48797745287624,-469.4112375434568,-702.1947008379684,-0.0,-4606.390538194577,97.51786016344866,-86.92694101685784,-4040.3219820588592,-0.0,-914.1805609847816,79.22345415797312,-0.0,-583.3048005212828,-0.0,-0.0,-467.0134162954455,-0.0,-307.4685216828205,-865.5659467517462,-0.0,-961.4769847571802,-248.18696706736253,-640.6070778355104,-1980.8603947990368,-0.0,-1546.5499396679486,-926.3242776745947,-0.0,-0.0,-0.0,52.30197081122395,674.156401995897,-0.0,-1408.838524302214,-1675.7131442620428,4.0338812520014,-0.0,-0.0,-437.3778923287822,-319.83417422740007,-341.4984474053247,-0.0,-348.6521082372912,-2844.4936869664293,-1043.3337361843435,-0.0,-1126.7508927311821,-2085.318584241591,-0.0,-0.0,-0.0,-0.0,-0.0,-0.0,-502.08142988235875,-616.5773637806242,-245.16180851147536,-158.1608248621651,-962.2975174553255,-14.674784501693978,-0.0,-0.0,-600.5817935239562,-0.0,-580.9463283381832,-181.63128699243202,12.270878297348215,175.82933121561288,-0.0,-0.0,-948.4554835227949,-366.5886234148355,-464.81901417895205,-0.0,-2492.5067973289392,-1965.9648942714625,-831.8623235713313,-0.0,-0.0,-1987.4029998635792,-1183.9297279881757,-640.744689435897,-23.618552087766556,-1440.0037502132293,-1162.4443947813568,-0.0,-0.0,-1687.387856834448,-0.0,-837.6371104119811,-981.0906341408677,21.130776976794714,-466.4765576599942,-517.501502205766,-307.8461400709413,-0.0,-1599.7701418072168,-0.0,-2694.1797046485362,-2285.228657373484,-180.1500415566064,-451.0655898440246,-430.07754715917986,-0.0,-270.92772150482506,-193.99992475821952,-0.0,-938.2006014468833,-528.8959460168776,-903.651309237086,-1611.0994103295423,-886.4370174380098,-1927.0466180026483,-1591.3170075739738,-2148.662513208406,-2126.938521621829,-999.9028965913067,-1969.5075301082036,-511.4701923421941,-391.5924772058632,-0.0,-1215.3325390839523,-798.9130549736519,-978.4665153609933,-421.83916480408004,-370.56897923630555,-2018.7804371413522,-607.9770884273483,-410.44776368864325,678.6841515899042,-0.0,1025.8224026397706,-1329.2749512273451,-0.0,-0.0,-0.0,-0.0,-0.0,-0.0,-1213.686807838021,-2658.135343300921,-458.20744241172105,-879.3950962813637,-0.0,-0.0,-1756.8793802910347,-1223.9790960298499,-1824.4702638914268,-0.0,-0.0,-62.044900027346216,70.69950597267645,-427.94927174337414,-1833.606997793964,-437.9441747687176,-0.0,-392.98736979620696,-666.8377231618329,-11.74146754060044,-1139.7306035866693,-1037.13334857367,-1391.1588950942773,-1023.7753042702574,-136.38372459166612,-582.1351380047353,-0.0,-1510.5846095127924,-0.0,-875.9919508847162,-114.37451098790454,-37.12687598163716,-497.5263872311313,-0.0,-2166.944394795292,-113.98637102936641,-579.9660784664733,-1433.8847440448408,-1256.1025128288352,5.811272640993182,-481.61211535922433,-734.2124979616976,-22.52270139791774,-270.9845901379015,-415.91784476477557,-57.95474761667329,535.4372824646388,-1161.7526755028377,-0.0,-861.6113468415052,-1134.3587270956994,-0.0,-518.7703384101721,-0.0,-1425.8941651088376,-0.0,-0.0,-0.0,-1075.4465506270574,-771.7113396981359,-372.7989233916157,-0.0,-1298.306972397459,-2858.298779613478,-3322.2106080623116,-0.0,-331.17920213413043,-0.0,-259.7291082394286,-330.710754037343,254.12661570460713,-514.9928885452669,-0.0,-521.3256992283286,-871.742424711468,-253.55984020461418,-472.73367291844454,-0.0,-419.66189380230924,-1078.542777002191,-499.40822871086647,57.34119518456789,-2236.6634746878503,-0.0,-0.0,-996.5267144095877,-440.8471453686472,-1107.6441560659441,-64.9936657532927,-120.27991072624798,-211.55624195728782,-573.921374158621,-869.3059122135817,-1311.424336555559,-2151.9542241613867,-0.0,-0.0,-331.8688303413669,4482.747286690831,-0.0,-0.0,-0.0,-0.0,-0.0,-2300.1898792623765,-460.6743422384088,-0.0,-984.7744183948679,-985.9520630856532,-558.2630441475009,-2023.9618098140022,-165.1837170271138,-1113.2039124067417,-0.0,-0.0,-1912.5498151733354,-581.892903110682,-1688.9190081680276,-628.8423229411648,-546.9591404020329,-1539.6204063482742,-234.7962666228409,-1685.1206048794859,-977.8352168323256,-104.82819555256307,-783.033020121289,-1140.775422219053,-195.95232980068587,-205.8582330711246,-1703.7319177230659,-0.0,-452.9894032189748,-248.92006555782297,-136.12774266882008,-706.3991833912066,-203.2803583304759,-842.242899714963,-696.352903601669,-1161.650645347655,-279.1285694489148,-2376.032443929889,-21.235784564148332,-564.8901116438198,-0.0,-811.6453925722146,-602.8667362156773,-890.5807371315717,-1007.3331252586503,11.979939619572626,-338.8101839997218,-743.0713453715923,-742.8750262116293,-331.1476833108741,-960.4052404201836,164.76080011788923,-0.0,-0.0,-0.0,-0.0,-0.0,-0.0,4.156786007830835,-280.2592906414425,-2209.7542401196642,-4000.565093724749,-448.995171565713,-968.9869898650346,-131.01514349857854,-493.5593422133499,-1268.2356755325015,-1041.5211725488412,-74.03551287798643,-414.57139739071107,-447.22337483327647,-0.0,-121.01862022525442,-961.5031691739771,-596.2807094795497,-0.0,-1226.3939733081227,-0.0,595.404377758345,-0.0,-0.0,-0.0,-24.789378897389255,-0.0,-0.0,-904.5366370321417,-392.560723907431,-1035.7971723937708,-0.0,-0.0,-0.0,-822.1066781704327,-519.2454257602238,-1263.4141483565375,-0.0,300.65645656422316,-0.0,-0.0,-2723.3182618375413,-1266.120776534364,-11.680827615163789,-0.0,43.47285133051043,-16991.27975653168,-16341.913228229945,-2343.7315183031506,-0.0,-0.0,-0.0,-0.0,-281.7219727746674,-0.0,-0.0,-638.3088631469911,-2269.0448901680447,-1972.654245222743,-1373.8635311462501,-375.6800328953143,-1662.5721965314324,-41.624605544786405,-1467.0799781530488,896.1573044019917,-0.0,-768.7895950311743,136.18427478501533,-0.0,-0.0,-0.0,-0.0,-102.75986158240053,-0.0,-0.0,-0.0,-716.5520278887653,-1455.1003349169744,-0.0,-0.0,-566.7043727118979,-1906.0988130600376,-0.0,-1297.4920163734755,-1587.3542679439788,-1657.7687605264332,-0.0,-0.0,-219.74107202604276,-69.57360047351874,-997.4324413873961,-1376.4459222573691,-462.2504793099861,-1294.1023528177277,-1123.5070338607754,-0.0,-0.0,-0.0,-0.0,-353.8026425639819,-83.73530090118243,-0.0,-0.0,-173.04048276504375,231.14313040194284,-0.0,-1079.2778967131912,-1016.6692162925327,-1009.1628167933818,-0.0,-0.0,-757.5665793502244,-1192.6033429636634,-691.0137619803919,-379.8368602195613,-0.0,-2123.316295527663,-2146.3547487100823,-0.0,-0.0,-0.0,-0.0,-0.0,-1296.3152598342883,-0.0,-1926.199852942426,-1046.5070085440748,-72.64503680487009,-0.0,-0.0,-0.0,-2414.329479845641,-1408.7926942857748,-518.8225856097403,-486.1808276618133,-980.0251427865378,-736.3719521451941,-0.0,-0.0,-484.2238193424402,-1193.7465056389653,3.9903926522793403,-525.4291337215898,-0.0,-951.8730155444608,-745.7553483248388,-1464.6371203075537,-0.0,-231.8794396672341,-223.15176377281676,-288.17742060235105,-1336.1352840723978,-93.76871946505757,-0.0,-0.0,-0.0,-0.0,126.74916212483802,-144.00003630733076,-721.1418695096487,-1345.9293115370172,-1155.6181263659125,-506.561768522358,-525.7415641985866,-8230.962625440252,-887.3615515033307,-515.2477074789728,-0.0,-0.0,-0.0,-311.36705295690575,-347.10552931100256,-1047.490320490295,-306.50993108310826,-0.0,29.167532079930446,-0.0,-0.0,-0.0,-0.0,-0.0,-0.0,-0.0,-85.39200210538503,1544.2646735012986,-0.0,-1263.5919431827456,-537.4897387043826,-389.29936754760183,-1701.354410328367,-0.0,-0.0,-550.7155022837667,-664.4422005889929,-109.04686970903555,-124.08146955839725,-0.0,-581.2910616602921,-163.63879844003552,-1782.841341840062,-350.1538722422506,-457.74572919519284,-0.0,-0.0,-1210.9228700654662,-2139.219905136468,3.474115603099804,-506.8490779836275,-381.4256119673846,-955.236643275557,-1224.2738881057007,-713.0626922185437,-279.22466674891626,-157.28218522613898,-1333.1708299439345,6151.901693919304,-0.0,-528.7691510982504,-567.4184577724861,-1071.4229390141256,-1057.0135543204597,-1018.8402650276676,-1691.7046471534038,-1621.7957451142825,-542.589860019719,-0.0,-0.0,-1597.4176298631846,-0.0,-0.0,-368.401432036294,-1658.4397656361818,-1370.0080732233619,-240.53462725554363,-111.34828628858766,-1749.008432425687,-0.0,-1266.8190651265816,-0.0,-0.0,-0.0,-0.0,-0.0,-0.0,-401.4821438500952,-1370.9951132249937,-931.2585957019935,-72.31348913749025,-221.3873307210725,-474.5430678431427,-171.9713388229369,-0.0,-0.0,-450.4987122078023,-564.2541651984391,-3378.511575928581,-0.0,-1144.9604247603165,275.63235157941403,98.79296475368575,-0.0,89.51536538303102,-146.5971682968741,-89.98370732270804,-465.739764003858,-0.0,-1477.2157871081083,-0.0,-0.0,-1302.0202507066315,-0.0,2063.3377885399404,2015.2015672195892,1997.6467485364249,-0.0,-0.0,-1700.65740408401,-0.0,-0.0,-276.2888089328897,-811.2755018591478,-748.7900057514801,-984.4016976537798,-958.8254397789284,-0.0,-0.0,-0.0,-14.383937393546416,-683.8381802983383,45.56002081738152,-66.81494629538015,-1048.2009276972858,-869.7917404589263,-359.384721183938,-1301.5335551391838,-0.0,-1693.787884502483,-1075.5845857394297,-1496.984817288525,-464.74569915137386,-479.3366013824483,-0.0,-1282.2007623069383,-775.8751348431823,-828.8191186708784,-1886.635061501519,-479.5459247839757,1096.0938773550056,-3.9107188510007798,-357.03289227971294,-1131.0518099446151,-0.0,-1468.4241681088445,-3030.350202610872,-440.4987857762005,-488.82133693408383,-0.0,-0.0,-0.0,370.3444931798529,-360.135099548552,-453.3266580427621,-162.3002932494942,-486.519720599957,-393.6954471948627,-0.0,-391.7169240829954,-937.4329592648539,-697.0002317172763,-0.0,-1831.5494472946104,-3749.294612036233,-0.0,-0.0,583.6752128292104,611.9156322006794,-0.0,-0.0,-667.0314816597098,-753.4687073767454,-366.70212992988127,-616.6500202859713,-0.0,-0.0,-0.0,-0.0,-0.0,-2691.8267882144637,-373.3479652593604,-1585.5980619561312,-966.4767472113105,-0.0,-279.188680569594,-763.7358460771449,-0.0,-309.9533360828597,-743.2294740744071,-998.6775889734175,-4296.430700525073,-38.46795136523415,-0.0,-0.0,209.48370652732459,792.4462796402395,-0.0,-0.0,-374.0949584557833,-0.0,-30.170582474088302,-0.0,-2381.2033884589973,-0.0,-392.5198845781215,-0.0,-0.0,1813.19939935459,2062.626625901286,1686.8654345205189,-0.0,-0.0,-411.4181946460666,600.5182105397876,-2177.9280348977754,8.304023087531,95.70757652206592,-2391.2149122782275,-50.78043013970329,-138.2308764396519,-602.3880739446125,865.8735225567445,3025.7028589478264,-2625.9305255880536,-0.0,-0.0,-868.758098636704,-1452.9678010322345,-1288.4021342523943,-239.25677701962346,-66.32491430494343,-0.0,-0.0,-0.0,-0.0,-1960.002132726551,237.16888570981584,-0.0,-11.077436642290301,-0.0,-1547.6785836952836,-1689.9204107899316,125.23900173855986,-0.0,-0.0,-275.8730344650185,-0.0,-1589.800515469844,-71.60669061665048,-997.7378821012504,-353.8910444958163,-1145.135627400299,-618.9954294574902,-927.2113156072015,-594.7342094666676,-0.0,-0.0,-0.0,85.94577140762405,-0.0,-0.0,-264.9176674127845,-409.7986138326145,-635.2785941175714,-0.0,-1289.4421191781444,-994.0406684334689,-766.1166724873636,70.49347619033988,-368.35064715555404,128.42848045526358,-299.042900530852,-0.0,-0.0,-7.835571744733509,-1694.4306363659487,-580.070698677572,-905.3397386606666,-134.5392400934951,-1850.5746323320307,-1692.40192171171,-991.1450819199025,-1023.4739871907049,-99.66079542939553,-547.4250849917721,-644.5061635531006,-1003.6768269536559,-2378.7306605213485,-0.0,-1611.1004351646877,-139.32681598963478,-0.0,-2059.3922899416593,-2704.308884557066,-2054.9377954675224,-241.6808421150393,-0.0,-1376.9646388256965,-183.03408161847818,-1127.7942295600951,-643.0077335685679,301.7366695252178,-1681.4938757108328,224.19112300128398,1974.1309228479006,-0.0,-202.52291460747654,-437.59931692904144,-810.2522451951057,-1138.0831101823899,-1584.2567422427626,-4014.5514246239686,-0.0,-375.25195320938263,-1227.3042551105218,-640.9343497963524,-227.29637924344664,-25.8058570748895,-301.56944104782616,-0.0,-0.0,-0.0,-0.0,-231.6949815690538,-1137.7649722625704,-820.9047250951595,-48.97640846752219,-15.796352828171626,83.40240409809272,-0.0,-0.0,-1026.1490186113829,-477.8858987827024,-0.0,-2079.728307841696,-26.802219863676342,-1199.7839343580629,-0.0,-209.0429256367864,-172.21514826056696,-0.0,-0.0,-466.9999721712491,-0.0,-0.0,-4809.967798545901,-184.24118771998124,-1990.9841029963902,-8.276132905101369,-0.0,-124.12195059923079,-1172.222549922627,-604.0819400623317,-284.832742902124,-1321.8364192713198,-0.0,-343.5348919134539,34.84754032438095,-528.9467077574253,-0.0,-0.0,-37.084749598038876,-62.239024027520124,11.156515414370038,-369.4615006459634,-1291.7115965328733,-1493.5512099693683,-0.0,-0.0,-0.0,-7.223232987483904,-286.46481126083825,-0.0,-1313.252830907932,-2405.6177756864945,-0.0,-0.0,-21.776290065837248,-1421.9610295215305,112.34581144076219,-0.0,-0.0,-0.0,-0.0,-509.66211510600317,-2103.6177699574746,-563.6802224086102,-1137.3164060251222,-0.0,-0.0,-616.7631214776665,-459.6652135609955,-357.3336622115145,35.35831953632528,-0.0,-0.0,-0.0,-754.7295306823605,-661.5436648291856,-462.3682481582887,-328.8888295464988,-0.0,-0.0,-0.0,-0.0,-1998.227332529555,-74.59825091569924,-70.16673569364146,-0.0,-0.0,-628.2097748182272,-402.6704097142292,-0.0,-1784.2036093570503,-4728.5652462103935,149.29686390417618,-988.1314132866652,-0.0,-0.0,72.22909446930326,-594.6958755633822,-1595.4446760415656,-459.7418773295078,-2304.405949350698,-1047.123081676637,-756.3902978068876,-1371.2855871016336,-0.0,-0.0,-0.0,-35.769090604929936,-1033.0082964752714,-0.0,-0.0,-3108.5110340651504,-75.83867259720539,-1310.5365949608624,-695.3567145312012,-0.0,-0.0,-0.0,-0.0,-0.0,-0.0,-666.8293471562081,-0.0,-1498.5918510500703,-0.0,207.3888798455125,-1038.579908427827,-0.0,-0.0,-0.0,-2397.807719376684,-0.0,-0.0,-371.2392678655558,-0.0,-0.0,-905.3510750042608,-583.4912851490407,-0.0,-0.0,-188.15874367542224,-1849.3193825684039,-0.0,-1198.2332021218638,-434.0285794990097,1112.9369709507255,-213.72942838645528,-0.0,-460.7257470312441,-171.52005957949365,-0.0,-17.944970152837328,-0.0,-293.1381073559617,-0.0,-0.0,-0.0,-0.0,435.22192536701925,413.906590278162,-797.0207975338412,-1662.09144205496,-0.0,74.83441315700806,65.28255580471354,-72.6470954353605,-777.6510068056785,32.8416252845935,-453.7784847579509,-351.6048799682476,-223.1344868742302,-3202.97922259774,-0.0,-221.86705608066163,-1431.5351612517404,-2143.3094924739717,-0.0,-957.115957379531,-1330.649633880349,-1911.4198743363922,-696.8775839367496,-0.0,-826.5931353880131,-682.6500597564695,-738.5574549911049,-1374.4845645428395,-916.3559660938714,-0.0,-119.4248907802385,-1160.5591895076025,-0.0,671.0718237171463,-486.3539731433595,983.7440427564735,-0.0,-0.0,-15.582593892370918,-557.9521046185653,-2251.547153050673,-941.1553772312574,-0.0,-777.352327870671,-2810.9146818579006,-900.5621083320566,-810.5300637513806,-1067.663751988283,-447.15369293122063,-32.99156191424627,-0.0,-0.0,-0.0,-1013.4284163727741,-3.9882646140052973,-0.0,-0.0,-1784.5054556092978,-764.56282322872,-491.9719517680259,-1532.3141430849162,-148.43749502979108,-30.563169860257776,-2135.1313722384043,-727.1680860552837,-502.98675443247964,-1202.9524482796974,-0.0,-2373.2626745798298,-368.7065974492778,-1045.7440915579646,-1388.628642134167,-331.63705425193115,-485.6721294805629,-1368.1704690896606,-388.3430812300162,-0.0,-0.0,-0.0,-1249.36185721058,-0.0,-3577.3105841199995,-1068.2970064959566,-1294.2312097844872,-0.0,-0.0,-0.0,-0.0,-0.0,-119.07948384480714,-0.0,-242.77702244645752,-883.3578321583021,-333.6099638987685,-0.0,-0.0,6.8993820545346525,-0.0,-0.0,26.074467848485472,-239.30166088345354,-0.0,-460.06717253781693,-0.0,-0.0,-74.00210929480261,-0.0,-2695.619149864313,-2091.8729585738924,20.555625272057018,-6043.907789270085,-910.4255204201684,-592.5719731641319,-0.0,-744.1915261604923,-1202.819979049336,-0.0,-0.0,-0.0,19.610263147065485,-0.0,-1035.3230560113184,-0.0,-1459.1141072610571,-0.0,-0.0,-2122.8217958485843,-994.0244435070468,-801.5939357711238,-0.0,-0.0,-0.0,-0.0,-259.42871287690696,-625.2485790916127,1266.0861901451487,811.1010298012914,-759.3689323665249,21.2272502759376,-0.0,-312.8114445496351,-241.41843192387154,-1794.365441019829,-383.34181076919407,-113.63686729549582,-991.1707151683682,-1222.8416360063522,-931.707287991494,-560.1382168105865,-0.0,-0.0,-0.0,-4.059093606355288,-0.0,-1405.1278459347343,-549.5242828212962,-0.0,-1813.6037718387142,-1141.3459653885116,-0.0,-0.0,-0.0,-0.0,-0.0,-898.1596690111073,-0.0,-286.71885719562556,-1375.0230940439885,-0.0,-1094.0167268411326,-0.0,-0.0,-0.0,-2206.35547930673,-1024.4107911118506,-890.6190366537471,-2281.7477270760887,-0.0,-0.0,-0.0,-86.66340806503125,-444.3663066399874,-25.47479860492522,-559.0304570774002,-129.40576010167032,-0.0,-0.0,-307.8191390920239,-1303.9125018736775,-3657.599422030793,-0.0,-453.45424246361154,-1231.3544174826227,-411.47797452284584,-432.1063930873939,-0.0,-0.0,-3.4253688778075877,-1950.9390535527034,-1872.0560844265717,-35.649894038029636,-1473.2864270787145,-373.8165410345189,-763.9083039339422,8.301737333872921,-975.6880963207168,-0.0,-1948.4439230968246,-0.0,-425.0488479385711,-0.0,81.54436902515366,-0.0,-0.0,-547.805544937078,-682.9884908914942,12.233730928309491,-0.0,532.0572605477507,-0.0,-0.0,-1349.8496248559475,-1194.5993763633307,-1032.5270156355764,-0.0,-354.64797277021444,-591.2606522172905,-1348.5134208780455,-0.0,-0.0,106.00240820822616,-611.258660142281,-0.0,-0.0,-16.081376314020307,-0.0,-3.92506261995223,-564.2998057999026,-0.0,-0.0,-1227.4074174075417,-1257.3109823515415,-75.76189150719877,-6.902985254143547,-116.23689364372267,-727.708046453591,-1017.6976224858134,-1552.260619912199,-0.0,-854.765414698073,-14.358083121697849,-38.885069285341764,-1225.7875074993003,-0.0,-0.0,-0.0,-0.0,-589.7957485749395,-4.085974268124039,-8.185736318951783,-0.0,-0.0,-458.6645095667417,-0.0,-0.0,808.7722130981472,-1054.9061372501355,-37.98784019991316,-1781.4639005078507,-0.0,-0.0,-478.44641683659063,-0.0,-280.2818586375294,-930.2659226619862,-780.3118897877041,-937.7347078454388,-0.0,-0.0,302.8405071015504,-0.0,819.2344255131964,885.379856288125,-188.48156390409335,-766.9602829144907,-0.0,-0.0,-34.919323918382844,195.49701885953542,-886.2664821223459,-404.09314880745217,-1178.0123716589467,-2342.91854965101,-1970.6151110730991,24.73101729929294,-0.0,-288.727528278843,-5036.70544972423,-537.7476018409542,-452.81655721264343,-0.0,-0.0,-569.9067710172271,-0.0,-716.9505605238394,-1327.1421696836055,-687.0991197765368,-0.0,-0.0,-59.39006938047779,-0.0,-185.51563773290053,-1278.0351354097018,35.72064451523461,-563.9619871390883,-311.1216607068756,-216.853864741028,-703.0829103109103,-2266.905692595128,-17.624861407094972,-1074.4171203233009,84.53765047228839,-918.3393865415275,-282.9415389646712,-0.0,-0.0,-127.98036173243155,-0.0,-0.0,-1727.685637144973,-542.2265120591137,-0.0,-717.0237579980954,-455.6052203698876,-0.0,-0.0,-1335.622079440255,-879.9146783590734,-1351.9323447654401,-1269.1414856288466,-0.0,-134.65322878451357,-2895.084614817755,-805.8888638849007,-373.2519922893867,1709.2378797756937,-1360.3737527087528,-1087.153820789026,-11.057700159055633,-845.4326537960528,-15.4807593015652,-1497.6110344391022,-0.0,-3156.4546050144754,-548.108846477073,-0.0,-1363.3055332137703,-1518.9761993228894,-0.0,-170.62210119201322,-806.7226545326506,-985.0765614571405,-1273.375875414108,-662.1601417872797,-449.1878482542954,-556.7432944921159,-0.0,-254.19731817647397,-0.0,-2209.885961972719,28.480097080880487,-3000.7871942874262,-719.7587071352833,-0.0,-0.0,-1110.806520735871,-799.4671573447341,-0.0,-420.18563604454977,-0.0,-0.0,-716.6610565426619,-0.0,-0.0,-0.0,-0.0,-0.0,-0.0,-0.0,-678.7138627018162,-445.42845935470007,-2655.6541838755265,-2306.2269713348,-0.0,-0.0,-1107.3099580346254,-1777.191427875579,-429.24893517589055,-184.9175671240979,37.88048434452678,-0.0,-1418.450522448877,-0.0,-2426.2020373585187,-0.0,-0.0,-0.0,-0.0,-1459.6964375411005,-191.88879215786457,-318.9441307188863,-1080.3016091688617,-1087.439604747252,-620.7545176324218,16.622061876587622,-1057.845633154083,-0.0,-0.0,-0.0,-0.0,-545.8839296775801,-440.1011964171022,-1229.0816803565338,-0.0,-984.3840996186626,-5789.807077012206,-552.8263976906395,-651.4892587982545,-2849.550459318057,-653.9803061456953,-0.0,-413.85686873194584,-389.2807667613879,-1041.3114130580236,-544.685419612306,-1383.7618544641948,-1295.5363394692483,-0.0,-0.0,-0.0,-0.0,-1413.695311788438,7477.1226314783635,6462.93407431414,-0.0,-0.0,-0.0,-0.0,-1858.1010288307202,-846.6931391664466,-82.54965867640362,-1268.1324165593442,-749.6337126713694,-0.0,-0.0,-0.0,-0.0,-581.6178684776668,-0.0,-1667.603107062083,-205.54123637394693,-0.0,-0.0,-0.0,-0.0,-189.11105218101207,-395.38151226988,-421.49703368436786,-762.1441340444533,-831.0560805011153,-1095.2721054290346,-820.4739833734275,-315.6708029396161,-1048.6461665127258,-1362.280773580392,-1072.2147401178454,-1594.7216793097905,-179.76278378765358,-1166.9302181062178,-1009.4456218783182,-827.7989191856975,-1489.3467445489855,-511.71848749350437,-1984.4432382537584,-1462.7669215511983,-1311.0780518076679,-557.1996700697761,-589.2794458530617,-996.6416937034322,-0.0,-962.4564772780915,-0.0,-2668.7681577452363,-614.8757128272484,-218.74911865445776,-1595.850849420703,-1298.9356104657475,-1082.5540950107052,-0.0,-0.0,-0.0,-0.0,-722.8771344669195,-3379.7944698861215,-1251.1947430107136,-0.0,-0.0,-987.0709448781536,-0.0,-0.0,-923.7899749391823,-355.3938589854554,-965.0952124687491,-741.7201803628748,-849.7596857049277,-618.8847064846083,-1752.1033931993138,-0.0,1122.2728979656333,-0.0,-0.0,-927.8083107971148,-5129.90639439741,-0.0,1536.040249972401,290.22917449914706,-828.123286722621,-0.0,-0.0,-1368.4593419107953,-940.2657329119666,-2072.151583547271,-1823.401597556712,-349.5497946977741,-0.0,-424.5369967965029,-167.80925163003275,-0.0,-830.8536251315242,-0.0,-1490.7182811154787,-2105.781768965501,53.63771452822115,-2040.586687846614,-1793.8150231919672,-0.0,-442.3093391300242,-1417.6393030622867,-1976.7623945188955,170.60193991587502,-377.6625701951605,-2271.9058627257905,-826.5512063440057,-717.9530292221075,-808.2842498961204,-394.8633122344837,-924.779140232021,-1352.7586182507903,-0.0,-856.542683657463,104.42671465410831,-1237.9722615805977,-0.0,-435.0120016910547,153.71853112626678,-789.9529866282917,-702.998412221571,-0.0,-498.39260109402,-321.1409851883719,-1635.818061656891,-991.7328346418768,-1300.229225999827,-781.4612808217234,-744.7375213947392,-913.8704298472136,-1783.7047207740698,-63.02084888524186,-0.0,-486.43146388570136,-581.9079525336613,-1299.4820077671943,-1880.9027991916485,-293.62368970431,-696.5509843898352,52.81773599629286,-810.7040063032141,-481.91679650904746,-876.5214757315562,-0.0,-864.5332689289327,7.171116584128167,-1985.2392430507066,-0.0,-257.3075190902837,-473.0631301811853,-703.5066886008809,-2032.9208303279345,-141.16893612667593,-1294.649035431741,-651.366506674232,-2308.537204962771,-0.0,313.9557992871707,-0.0,-0.0,-199.93443309239245,-0.0,-0.0,-3253.2090502735805,55.49853353715566,-40.43557285461543,117.12211817176478,-975.142980688626,-0.0,-0.0,-0.0,-0.0,-0.0,-25.151978320096628,-0.0,-708.9500033217148,-0.0,-327.8568575568968,-1596.6732143208746,487.64685425454957,-2929.31326193901,-0.0,-0.0,-0.0,-0.0,-0.0,-0.0,-0.0,-0.0,-0.0,-2148.445200884628,-0.0,-2350.795922672227,-2905.5246691346283,-0.0,-0.0,-0.0,-0.0,-0.0,-674.0036520766266,-878.3680278874821,-0.0,159.79920415488075,-577.4199015398815,-2010.0780239896026,-537.058921907696,-0.0,-543.2090328902656,-745.1763623398464,-0.0,-0.0,-529.4669621184357,-808.3750007856243,596.3443489029587,-414.9809969013515,3.9255947924582717,3.941938284330262,-0.0,-0.0,-0.0,1297.9008076552598,1533.076250165044,1278.175683924706,-0.0,-0.0,-0.0,-607.1205029319393,-0.0,-0.0,-885.3569830938801,-80.24719316050476,-421.5072982956308,-53.00142347993936,-882.1811900782359,-813.079594474494,-1139.545413726488,-524.6480367068532,-134.6165107272359,-978.8991273777089,-0.0,-1814.1068482282662,-70.0803447834628,-528.1556994698408,-786.9566024434349,-68.93150381714688,-0.0,-1022.995896335776,66.30643365601127,-0.0,-0.0,-0.0,-0.0,-0.0,-1297.6096552171045,-2590.2098684875505,-0.0,-711.3262056878827,-7.384823230246174,-0.0,-0.0,-0.0,-484.8762255527192,6.943881816654016,-0.0,-1018.586229712773,-703.0919535080264,-0.0,-0.0,-486.81361614583915,-0.0,-0.0,-1510.8349082944728,-1259.2950099798434,-0.0,-714.673986193529,-1965.9452637595016,-89.10632588933744,-0.0,-0.0,-169.5871895034772,-707.0616197913073,-263.627568515577,-280.0484262809804,-196.415476520948,-0.0,-0.0,-0.0,-1043.8816910525468,-793.9742771871722,-1863.635771535018,-111.2241081738009,-1132.4453588413508,-38.24151133931519,-344.85853902384275,-454.9351334087481,-1815.7332699512901,-0.0,-0.0,-752.8147011160224,-1633.0076803188877,-0.0,-0.0,-0.0,-508.89409204158466,-2127.5279264311607,-3069.7933025394236,-0.0,-229.25933789970804,-84.11770984875622,-593.2783346384804,-514.9051056235758,-1471.2343373581507,-0.0,-1280.4426598495766,34.18453594709119,-6.990137794020044,414.2302428176696,-0.0,79.20572787367017,-290.0722610955738,-371.0377344233405,-48.89752651988443,-0.0,-0.0,-371.22341408598146,12.165843831675119,-0.0,-1406.7928769114505,-871.6499965581162,-857.7864769622963,-670.4597524251471,-1026.0118712245092,-1371.0269671507158,-0.0,-0.0,-0.0,-0.0,-0.0,-333.02201751215347,-477.4205187781898,-1050.6579825627862,-1269.1596680352948,720.7764985548725,-1326.6054544791739,1298.7326612076204,-0.0,-2030.5340930014304,-1354.524699376267,-626.3916311913224,-17.677265024315147,-171.3067913466739,-1852.8416484263678,-346.8226951024825,-0.0,122.58906894620915,-699.2258264091046,-0.0,-0.0,-479.76128129371557,-330.87954093473365,-355.09311989729764,-1067.6678506548178,-1274.3164253285422,-0.0,-1471.2933522745968,-1186.3619329172532,-4521.988550289193,670.8820897630083,590.2485035404411,670.9686206828684,594.285511058111,-0.0,-0.0,-0.0,-0.0,-0.0,-0.0,-0.0,-0.0,-449.1220560056019,-0.0,-42.15329606415181,-0.0,75.03292167603233,-977.7850504174424,-1148.3462046515574,-1721.5633411683173,-0.0,-0.0,-0.0,65.32391921005468,-2843.881783630188,-677.086478068847,-2533.7785649787315,-1471.8705962671957,-0.0,-0.0,-291.13458163891113,-1200.2269150351563,-0.0,-1875.609404381799,-508.63013393015655,-0.0,-0.0,-0.0,-2373.5245956310773,-0.0,-0.0,-0.0,-0.0,272.57812797484075,-0.0,-0.0,-0.0,-932.6285274267225,-0.0,-0.0,-0.0,-0.0,-0.0,-0.0,-0.0,-288.45224222120146,-961.6802248722364,-1340.8198748513141,-1261.4325999643659,-552.0088455935257,-899.2308349823556,-51.17748973163585,-0.0,-669.8215886796719,-43.65702460661598,-0.0,-0.0,-0.0,-0.0,-626.2126728245454,-0.0,-533.7240361743736,-1152.778505009071,682.5173829730646,679.1399440748041,741.1546251250106,703.0309817999436,680.1480915384507,-0.0,-0.0,-0.0,-0.0,-0.0,-0.0,-344.7152513249353,-0.0,1774.636217193507,903.9479656573853,994.5427522526433,-0.0,-0.0,-1183.9245599401443,72.45567668814064,-45.85421994828372,-2194.7957510056976,-0.0,-1694.836495606239,-0.0,-11.769819262946404,-0.0,-0.0,-580.9855455078539,-0.0,-654.262942055033,-480.5269103751171,-331.69972199829857,-0.0,-25.432069945479984,-0.0,-797.5059618410456,-0.0,-1951.0555977449978,-447.93644599615067,1641.0919939224063,-1741.7247193497485,-785.8911766185798,-76.01660677266106,-743.8017260217464,-0.0,-457.16009764362633,-38.38320773087851,-2426.8419245512987,306.8515345136045,-206.06813486358953,520.4295297867315,1049.099450559172,-0.0,-281.3494941138492,28.348907045684655,-933.6504462244758,-1061.3485584489326,-1312.9926302986619,-1781.3231919146292,-0.0,758.1655471895451,-0.0,-348.6573681667422,-2318.6614561324755,-1122.7608526214074,-0.0,-1128.442450899828,-280.11596328122585,-595.5563777209345,-614.3674515711059,-241.18710408970688,-1442.9284332684224,-0.0,-1626.7968600995762,-366.65562845512454,-1419.2375772907076,-317.5962810717572,-0.0,-0.0,-0.0,-0.0,-1260.059568717283,937.9760834411368,-880.4427157012084,-635.1919743288823,-0.0,-45.92672388954667,-0.0,-0.0,-808.6768617859833,-684.3044654390824,-603.6825127087991,-641.7746580813188,-0.0,-0.0,-0.0,-0.0,179.4446084999149,-0.0,-547.7795174664311,-1756.3763142241942,-927.1615584461615,11.811152334815237,-1305.5431521584312,-0.0,-0.0,-0.0,-572.1651314989269,-741.7675366778079,-0.0,-1410.1021942515238,-0.0,-2680.3719380550633,-3324.3066645574486,-0.0,-83.05842146554174,-0.0,-634.4557635018698,-0.0,-0.0,-0.0,-2112.009497282206,-1009.8381569464309,-471.7759867709792,-756.8796078673852,-0.0,-0.0,-1988.874514763832,-0.0,-492.8090114068636,969.796643920414,-921.5984682963897,-616.6445914080379,-448.42691660628685,144.10681834650669,-0.0,-0.0,-1239.315155948636,-0.0,-511.31957022744524,-82.76867463035092,-371.9810800694493,-282.704971707996,-0.0,-0.0,-180.1241107117375,-617.9770386421477,-911.9404597569061,-493.2078055675671,-1094.165800567805,-74.7664039265219,-0.0,-118.45391098670734,-1774.135504468169,-1025.2773022304432,-0.0,-0.0,-0.0,-513.768198627737,-551.8687342833849,-1330.8732746071344,-0.0,-0.0,-0.0,-0.0,-0.0,-1354.8415048497914,-599.4083623399949,-0.0,-518.55071431684,-0.0,-15393.637780360701,-686.9050122393088,-241.4269406191854,-404.3645998683365,-0.0,94.54768969464699,-1596.71238828644,-2359.7085495538245,-0.0,-0.0,-0.0,-667.1859248453844,-495.00940442712823,-887.195674795387,-924.3965199312088,-476.34544529140527,-0.0,-0.0,-1509.9416438727822,-552.1712382182072,-2229.83936350138,488.0533159804549,-1846.4615650546014,-0.0,-0.0,1498.4635923337835,-927.2268609688493,-0.0,-172.01928430862773,-307.8522094150152,-561.6166714585403,11.932251624208494,-760.2614154822476,-0.0,-0.0,-1145.2112919724782,-1231.752443443153,-2309.8589394134483,-0.0,-0.0,-2045.9402953084928,-661.3970120874166,-692.1443026923115,-2124.448493575192,-1371.7286290413226,-0.0,-0.0,-980.7144077249977,-0.0,-241.3095347758877,-1441.77918422394,-1374.2747844900528,-0.0,196.5339482192812,-693.3970456779876,443.8447366988182,-168.1126150148362,-323.10111124286436,-0.0,-581.7133633556498,101.25223263816042,-176.88542382602,-334.20089466076246,-2381.8842704964018,-1946.8939410023004,-80.59591174906558,-4444.165607924975,-476.6655531535737,-964.1983909372058,-44.049596694202414,-3449.431586908677,-294.4466033583609,-701.91961033143,-267.5781937465307,-1617.8345582077739,-1156.2048349722506,-2891.0580069503953,-3958.3593789746815,-37.57160189577785,-566.6981474205977,-1422.3355256526581,-954.085932821755,-0.0,-3586.9979653708524,-0.0,-446.9805691318405,-1338.2580354733643,-1146.90451256891,-0.0,-0.0,-819.4180479139063,-249.1178873019406,-0.0,-1300.8509682531953,-0.0,-685.3527900896471,501.9972752457154,-1319.3487137853729,-422.268363546046,-7.061186086829891,-53.7446798252561,-0.0,-1677.852988983631,-500.65322377476423,-0.0,113.91895522235433,-0.0,95.46005933094354,-120.22176995207583,-0.0,-405.81063906929154,-1147.062206450238,-398.5825678713711,-729.9998005520952,-2005.8711060922815,-0.0,-3406.191740109286,-1720.5386152127044,-2260.621605813347,-2074.253672883693,-64.67680875458932,-147.76968166173123,-543.3893270780901,-1100.0042476176427,-0.0,-0.0,-928.9012288917975,-142.98908734019622,-0.0,-61.25719803412155,110.11159923653085,-2064.3455155130737,-0.0,-0.0,-1041.4868843483475,-0.0,-149.72779286025215,-0.0,-52.88905058549711,-179.76644057678666,-0.0,-301.35085253348586,4930.195903278399,-0.0,-0.0,-1367.2106749853608,-600.6652896014776,-226.37031582786418,-0.0,-0.0,-0.0,-497.7526631486573,-1787.8181613339887,-0.0,-0.0,-0.0,-1699.7495314470766,-169.37551101311095,-0.0,-0.0,-1509.0557309972523,-629.7022339439756,-316.1104098896376,-329.3930092808516,32.920955483434234,-523.5823716249511,-327.65206780554286,-242.67129826549598,-1866.3757299121946,-0.0,-0.0,-877.0669719870424,-757.7165866740846,-2276.4013437527433,-0.0,-0.0,-2020.5338100576569,-477.47020740606234,-1273.4674120796512,-444.7312007642578,-613.2095191288477,-1991.2342937423016,-626.2388947665596,-74.20672911853373,-770.5010014389038,-2035.4716769626195,-1598.7394709602293,-1068.7041103248555,-0.0,-455.20256026938614,-0.0,-1489.3947753884381,-348.8451572426627,-182.45310428730374,-523.1471286841659,-786.7161775835272,34.503945484661294,-0.0,-936.1168508147332,-546.5411843415286,-75.41719937854683,1303.9347486636009,-59.09496458215758,-0.0,-530.0663346445979,-358.6765357918297,-0.0,-606.595047849087,-1323.9579023912152,-0.0,-0.0,-0.0,-0.0,-308.6167704334708,-636.6978020037953,-319.14384039316633,-347.7848702691704,-302.60159185641896,-1635.4143941892398,-649.3946510663669,-1092.72521753328,-2080.3773801015814,-1501.4452225436492,-0.0,916.6896018931117,769.2295385852192,495.4526394452237,711.4225861472371,577.0246968912373,-0.0,-0.0,-0.0,-0.0,-0.0,-0.0,-0.0,-0.0,-63.21386391013504,-706.0566442027808,-449.7980769845583,-294.59574717997117,-907.5005851698006,-106.2795096931455,-307.47826982529983,-987.1553927460897,-253.20145496606057,-1533.8471536663217,-708.5602483432116,-97.34602461715366,-401.8684547729147,-7.720332970866854,-0.0,-756.7545076164433,-147.23896656087433,-112.33702485442383,-743.7757220191455,-391.78846604026904,-1443.0508548315888,-233.49943340965385,-0.0,-0.0,-1964.9903885480796,-380.2632556574161,-246.04450609152775,-445.9450078381495,-775.8188769872244,-409.230935427467,-317.87624949812636,-0.0,-423.3094600077801,-476.8363531307201,-554.0637731147099,363.2236408555972,-1198.432522494926,-1653.315365091254,-440.05158252633123,-572.8528022019057,-252.709245341805,-11.688583744477453,-0.0,465.52886708576636,-824.4530044844943,-43.834503519174845,-1534.1015173322546,-0.0,-0.0,-1134.1587156405183,-421.8409965711186,-0.0,-633.6867458552666,-621.390907776794,-746.709424010408,-0.0,-715.2734435436545,-507.83103403952657,-1866.7105841967204,-3729.32989009681,-357.35949456121745,-0.0,-40.275148358702054,-357.9399912673423,-1464.8220638320502,-179.29902544194894,-539.09063681005,-568.2184822590875,-652.32054815341,-166.83929438825234,-0.0,-0.0,-1144.1430173800893,-30.700365840356376,-375.1458264908665,-595.8518004981864,-1270.5513998065098,-2075.2144743103086,-0.0,-405.4246190289945,-0.0,-0.0,-0.0,-0.0,-0.0,-46.10373505315165,-141.69426694832885,-350.8546805753515,-0.0,-0.0,-0.0,-0.0,-0.0,-0.0,-852.943203883169,-1847.7450597090713,-384.93079468292296,-424.43064121700246,-39.14135805849779,-0.0,-0.0,-411.55044888992234,-0.0,-0.0,-60.10555352227081,-2113.91285519117,-0.0,-0.0,-1177.2830411766454,-533.8241842027887,-815.9322785074314,-839.4443377616785,-702.2768048615847,-0.0,-0.0,-1068.3644237122735,-1786.9441350240359,-938.2662646173164,-0.0,-925.7067815956271,-130.77590082829363,-273.47654540713745,-611.681539298422,-6.968729598608007,-557.4741071099522,-1626.5634410331613,-0.0,-1373.4007391943712,-153.00521908958552,-525.0131111799093,-1187.7061406417154,-119.0368471546571,-968.7033697501473,-0.0,-1024.7821499671636,-27.923695409140365,-1806.982181036955,-1775.6394201925211,-0.0,-0.0,-0.0,-0.0,-631.7787705534704,-785.6832930204532,-0.0,16.187963346905015,-371.34685414619645,-844.017610550545,-1870.9107796136138,-2159.53613078096,-313.9559418700116,-0.0,-841.8173198441616,-627.034408705246,-1678.2224719025974,144.10832494152075,-0.0,-2696.8644444594515,-731.4229291591714,-0.0,-166.1798757543411,-1379.3271740840066,-0.0,-0.0,-578.3238080228656,-1273.3916601377045,-0.0,-928.0739954749408,-1267.4413015522643,-0.0,-68.49552499523489,-470.26467982065896,-0.0,-1361.3958541853603,-2177.4166420068236,-897.1841993663028,-136.66833081495517,-1695.1808579965825,-68.54838678193286,-896.7361081661154,-535.1227836669145,169.21221687908934,-1031.3890998580632,-1135.1640514241412,-665.3693274610997,-1136.501596140519,-385.4661057332725,-480.5022214045567,-574.2786119788803,-1811.8445680794496,-0.0,-0.0,-1544.3576513670102,-273.1835825757258,-0.0,-1381.9058938942724,-1015.9739100262763,-0.0,-2361.7545454839124,-426.469785356199,-0.0,-636.1688819854211,-0.0,-0.0,-1085.0113166028038,-909.367313544183,-0.0,-0.0,-0.0,-740.9521971614614,3.5742446672752775,15.398327299397202,-274.37232449710757,-0.0,-1664.8715618262656,-1336.0639100838125,-482.90365309964415,-1869.6323347083364,-0.0,-69.56610609572779,-692.3684641865938,-0.0,-337.4800762268736,106.91116228120686,-1102.7035393060148,-868.2597831459291,-652.740264217472,-1017.955075863892,-0.0,-0.0,-0.0,-789.2226046977577,-0.0,-229.85591838299422,-807.9878809696343,-220.49386459804114,-1173.2263970799231,-1967.4282141070762,-501.57276917886367,-1809.758130555759,-0.0,-724.4286824888756,-1529.6466993746942,-474.65767422260234,-1053.090949829582,-244.0669558517112,-529.5751335792086,-1315.2078512891692,-0.0,-0.0,203.69572671969874,-2209.1935671756773,-813.3052611930522,-234.21519179732994,-0.0,-332.02114393222473,-246.02393172232945,-521.5391630794372,-0.0,-0.0,-633.7182059309496,-0.0,-51.915088568087846,122.21637711768666,-77.66825865029406,-2012.2582402815056,234.32813070276234,761.3454191632874,185.99733649768962,490.9185774474567,36.17641347300397,-0.0,-224.5578125346115,-717.3558914793867,-266.8308339111933,-52.12681010686595,-0.0,-0.0,-0.0,11.186342783481159,-18.541113843033944,-833.0968012825848,440.48816914265916,2002.760225953113,-0.0,-0.0,-0.0,94.3836329890031,164.20276440563705,-0.0,-2648.610237545674,-0.0,-0.0,-0.0,-0.0,-0.0,-2240.1903593693755,-222.14566315693247,-0.0,-108.32263972042608,-1502.1026184830932,-117.35686378997762,-935.3551120159275,44.504309310185285,-1751.0873271233359,-3242.1095977019404,-1646.4127562333042,-0.0,-0.0,-1264.8325665375808,-904.0418540102266,-679.0130045039299,-374.930881795289,-289.6596406109941,-870.9924201515486,-826.0715978446258,-4891.741853412939,-573.1242943546023,125.81108380105151,-562.840080704234,-774.6645322169546,-591.4689933223659,-550.4187632587336,-7.057323093294887,-1675.238534562634,-753.9043834425825,-511.1950366821068,-0.0,-0.0,-0.0,-0.0,-206.00113352628279,-1088.2303602471973,-0.0,-1149.8213099304987,-1390.313092948606,-0.0,-0.0,-1228.3034895634335,-0.0,-0.0,-174.6641144699411,155.1292180410177,-0.0,-0.0,-2203.65603427291,-1039.2792622175418,-103.40271548053553,-1089.1757615852716,-1136.1175608231742,-0.0,-266.9679126448653,-433.440039411377,-0.0,-1325.5381792060166,-245.71884903999802,-917.8465362039674,170.77456811508168,-759.6573796515654,-176.240491991038,-306.905714628184,-43.317137577961326,-40.5001128402035,-487.72364781219255,-691.0013479520563,-425.63532837368444,-697.5245203110749,-0.0,-91.45783985952029,-582.7390404066886,-247.11335240691471,12.379756115733281,-0.0,-880.6721330287635,31.753294308673503,-1003.0548326182151,-0.0,-0.0,-0.0,-1674.763490201579,-0.0,-0.0,-122.21173887234403,-0.0,-0.0,-0.0,-0.0,-0.0,-0.0,-832.777790037293,-1278.9454048379791,-0.0,-0.0,-0.0,-0.0,-745.6340378806248,-388.50164715575073,-0.0,-0.0,-1455.369624725224,-0.0,-1198.44325591468,-1971.345164084853,-0.0,-0.0,-0.0,-612.9511395941457,-0.0,-0.0,-0.0,-823.9371850239445,-720.2033651781113,-513.5068844241423,-0.0,-0.0,-162.1742255847528,-0.0,-3368.341483333784,-4357.993545477372,-0.0,131.2232222700082,-0.0,-542.2205031782701,-666.8586386402831,-1669.0302608692803,-0.0,-0.0,-65.38412428075067,-537.1346300859723,-1144.3618752198897,-619.7805031004901,-360.44757148485104,-0.0,-0.0,-1122.2607207627177,-744.2748012726794,32.119982729023725,-0.0,-0.0,-586.5256825581117,-297.7386617563999,-42.96447060285277,-0.0,-0.0,-0.0,-1711.3654754870226,-405.889774765784,-1086.378879472953,-4067.3741196413825,-0.0,-741.2793353187104,-892.5139237460612,-2008.9035271922305,-374.21903840392866,-0.0,-0.0,235.7297481172789,-1041.4902778918313,-1498.3119159884875,-381.44777062713496,-110.37018583287835,-0.0,-1708.637685643695,-344.069966905007,-1180.1734240918338,-694.9206320249034,-2353.3855536405836,102.06245902613756,-833.9282358747305,-729.7199572564483,-1675.659140241699,-0.0,-0.0,-793.7679829480771,-1617.8288724004544,-1535.449870172499,-812.2417821277621,-0.0,444.2556734525928,-97.70999793264862,-391.68285819850206,-0.0,-14.188340258517657,-0.0,-2337.407692507241,-31.582904524180055,-0.0,-0.0,-770.4306837261846,-1059.5685934891121,-707.6849511525865,-220.60638976025788,-639.6730826537463,-0.0,182.6856447976431,-700.0168019234922,-56.203628249020014,-1362.022520041528,-0.0,-1220.9979996825768,-146.94275483129735,-543.0390283717069,-373.1230567398247,-549.3438722065282,-41.208942387834966,-4.129719835990062,-1058.6247768150922,-1068.2086239146129,-1358.5249114992225,-184.93899587889612,-1170.3568705475486,-3.731052771345968,-0.0,-614.5781470448911,-2680.699925662593,-0.0,-0.0,-24.925102898451303,-1851.2353147955596,-191.7425235871711,-552.9502028470034,-311.841560131389,196.70937596387301,-0.0,-0.0,-1277.4955736844195,-0.0,-0.0,-1870.9429686555306,-1241.3108875193439,-795.8852073828638,-856.7273090280785,-423.2684098329276,-744.2861419475623,-827.7482904874753,-1116.301544487243,-2016.4811323796396,-0.0,-0.0,-0.0,-0.0,-37.753982563007916,-0.0,-1699.5899968597034,-569.9622451902044,-659.8699158452448,-746.825138392962,-415.7889996308168,-0.0,-1290.1442377620249,-524.9603737856327,-0.0,-2295.4588638089326,-1454.6182170816503,-0.0,-0.0,-2548.821101490177,-1501.904510429009,-399.36632069884,-716.1829806576699,-0.0,-410.34035155549014,-10.644291592074095,-0.0,-645.0151745503075,-452.9633761224723,-538.2843886686891,-0.0,-0.0,-0.0,-0.0,-399.58693960312206,-977.6428068583803,-5409.083457706974,-0.0,-0.0,-531.6490124018492,-555.2150304978122,-1583.6632685042703,-541.3729262661534,-63.18202388547565,-374.2894856321548,-0.0,-635.2346278205683,-513.3153787099726,-0.0,-630.2342008004836,-1142.6474973269028,-0.0,-0.0,-0.0,-0.0,-0.0,-115.70859184921245,-1796.4458395255335,-0.0,-1011.1051442681546,-830.9121533420467,-0.0,-1777.981248604137,-688.3224931536099,-1002.2240892167666,-1289.341651289464,-18.55749576216325,-106.92888893107904,-1169.4978813988785,-757.8671704419988,-347.82507924482,-0.0,-1258.5783160127148,-1168.1282049304004,198.89640402318116,-0.0,-563.9929771173875,-846.7475998640944,-820.3722982441723,-43.812526522086486,-0.0,-505.38802256793895,-0.0,-0.0,-2514.554903624202,-2169.5341777575422,-1737.5108531872581,-1493.7593439832253,-0.0,-963.5470504241229,-1818.0551369077398,-0.0,-5340.032403861228,-0.0,-0.0,-0.0,-0.0,-866.7073648936538,-2078.060847072504,-2320.5225402882957,-17.49230978560776,-1828.046597563279,-0.0,-846.9404409287021,-20.841301043430054,-0.0,-0.0,-541.9115028597544,326.58726771718415,-0.0,-409.9177280342693,-34.937799771129015,-0.0,-1252.6504396723656,-0.0,-2028.7032033693365,49.060968221520675,-0.0,-0.0,-892.5726163738119,-1380.1564273227773,-847.7451271597378,-1174.6244480051942,-1055.3069914142213,1199.5937816270236,-45.95311080499453,-857.3506895947659,-73.29658516039187,-1927.5646104408604,-811.8666905194983,-757.2699292116541,-448.6027213732497,-1386.0948796787723,-1699.6195876624722,-393.2327909733609,-1802.5687999138866,-315.83594172066563,-0.0,-0.0,-6.895081370589809,-0.0,-0.0,-0.0,-0.0,-0.0,-0.0,-1425.0778775680208,-607.1201514120536,-1230.0030433816864,-578.3591916167782,-0.0,-547.36960312511,-1080.4736187879287,-959.9796903572319,-1842.9450034286383,-1152.0340785514397,-59.871108255054395,-28.937626758802573,-1061.1724481222018,-1037.3875780642281,-0.0,-87.33611594090355,-0.0,-71.31104751767795,-733.2977321579716,-179.29546721398603,-482.5365863815979,-861.555357702579,-0.0,-0.0,-0.0,-2991.4743055882755,-0.0,-86.10327890121296,-0.0,-210.22088781533097,-885.1582093929098,-1046.7108856772568,-673.5409492777762,-0.0,-36.2444042225622,-493.7974794204722,-422.8780056647851,-361.3827063019475,117.52470868048735,-1016.6277265157959,-0.0,-0.0,-2753.6968297539574,-0.0,-999.1743267002698,-598.366845556343,-359.5806738196689,-235.88921373031576,-1142.519561918952,-2488.3344598686117,532.0146167121269,-2006.6814967935845,-1497.0104360233897,-479.8015357226025,-3.9617627655014576,-0.0,1211.429542321734,1130.1237465581826,1125.327273392426,-0.0,-0.0,-0.0,-874.672237386618,-0.0,-266.15750450330813,-162.3672258743853,-0.0,-3237.6094819064774,-0.0,-1338.5938545276792,-124.54670772635129,-903.3911790801297,-614.4633709998983,-1468.2777403263492,-1534.6471227992913,-0.0,358.7377173960117,-2165.8449883570606,-1723.084459812154,-467.24761757985567,-1472.3316766841162,-1611.4815312217302,-0.0,-0.0,-366.5490382987173,-672.1162089651657,-2125.4199702066717,-758.4561047937339,-128.75782490213678,-0.0,-0.0,-574.0710328383519,-0.0,-0.0,-0.0,-141.25995506858573,-1122.7649306859576,1487.3947487152545,-1167.230870863079,525.7345024863924,-746.8021235582889,-881.2698228840123,-7.560152786338704,-4010.485958005041,-1001.7990765571799,-0.0,-69.2071288250279,-2125.496802874573,-1724.8209336399293,-0.0,3.9505167659754923,-0.0,-587.7296416377256,-0.0,-1933.3648949122855,-1666.056036589382,-0.0,-275.47233446132833,-0.0,-0.0,-0.0,-709.7438570296218,-974.2554502051116,-366.6616854762058,-900.6298815144162,-1618.933285269999,-812.4261412529809,-436.9883644324623,-483.637353742209,-0.0,-1467.8402494745883,-220.22778878871804,-679.143159337476,-991.6968691113977,-1415.7982068951612,-1347.3510653289154,-378.76322438692046,-1646.0256371142655,-0.0,-0.0,-0.0,-2174.6781281855174,-0.0,-528.0198638663433,-756.6745904512857,-0.0,-710.1667198996373,-574.2829608027574,-769.4730159987607,-637.4979281971349,-179.36967514912402,-1723.8278587287293,-4386.363755181391,-219.35712605368542,11.706762061742452,-0.0,-107.51304619937844,-6724.668717447745,-1645.248505072821,-596.9199913318269,-2146.437579653874,-240.70050368049,-0.0,-7.591456233861803,-610.6648868658671,-85.2862431609214,-876.4485739191781,-937.2614203048353,-152.4668785344186,20.54665913711166,-808.7095351905879,-2135.5547994403046,-1871.2896965710677,-1712.7151263299404,-0.0,-1390.8499659295207,-0.0,-105.84754817472512,-1008.8232243655036,489.927901874691,-0.0,-0.0,-301.5445397023476,-760.0273016752996,-734.7170589796248,-1179.0055661604604,291.80389398283234,-1413.0591647501901,-68.01039155277954,-309.127546804666,-1420.7298965710127,-1651.9258596359236,-348.74598452930707,-0.0,-0.0,-0.0,-0.0,-0.0,-1654.2950481321484,-0.0,-636.791797488706,-821.437498778547,-2405.122999416641,-0.0,-0.0,-73.80420997145796,1040.0981060752192,-540.5073151670202,-1190.9363997259463,-0.0,-1293.7937350393913,-4137.161534425562,-673.34084203605,-5132.191725523848,-1025.6216056434864,-0.0,-714.8305892213527,-2431.3344682046245,-137.77646339312193,-0.0,1067.982286755089,1225.4452271605633,1171.662829466733,-0.0,-0.0,-0.0,-0.0,-79.86309704156812,-2215.594448769529,-4.105677710124185,-0.0,-1723.0210441737274,-1069.2563848720438,-335.36904680606597,-4.106543712869138,-0.0,-113.18048012233837,-634.1257889793737,-0.0,-0.0,-34.82395726239883,182.1299192159272,-1875.2795934085225,-0.0,-908.8672601254683,-69.09956130223742,-80.7205220378266,-0.0,252.1528178459682,-88.42447832546746,-448.574566546499,-1833.2920242509736,-0.0,-77.45781139614381,-1186.080789614774,-1016.0589839281539,-0.0,360.1212207505387,-0.0,-908.515644063738,-983.822599923193,-6.964267683892198,-0.0,-0.0,24.06983569869738,-239.1102087086266,-164.36682700204807,-73.60417564184166,59.58309767232186,59.605024327105504,-678.0130459992093,-690.4413778433113,-1031.5417817325792,-0.0,-1779.0076694289708,-822.6860404387769,-0.0,-0.0,-968.2354559882018,-1979.5017893596491,-519.2750275949708,-0.0,-2564.490304133708,-107.37513302814062,-66.83531208726156,-1113.2420026602142,-0.0,-325.4258579501806,-1191.0783671365846,-3.4879165429226777,-0.0,-4447.388950951598,-161.522806748273,-1313.332568277134,-967.4377062045918,-1022.0344192140476,-1941.2189755301613,-86.84225563491601,-753.101393162474,-1856.4442367442439,-1127.5174150032824,-996.5685466975034,-227.7404615187543,-1677.806057245412,-0.0,-2774.8742757651626,-0.0,-4948.388378408725,-246.0685247275299,-247.29943076281458,-1259.0327887826156,-0.0,-0.0,-0.0,803.0453978366662,24.31176189021428,-874.8224481690208,-1303.7844174135987,-349.14793990995315,-936.7027543135807,-0.0,-0.0,-1279.6041293897604,-296.03784033988535,-405.8427202104448,-182.84605356054595,-0.0,-1398.3941093213937,-352.5231903145543,-1566.2404143103959,-0.0,-32.992420074699794,-0.0,-1666.7356716260717,-751.7603764456993,-1681.749851415833,-0.0,-0.0,-1469.7892567947663,-482.7540221278036,-637.6774817920655,-1337.5551970954107,-300.5180596916776,-1118.3190972058026,-0.0,4.950389751249563,-953.2737318717883,-3526.6644488929796,288.7409894904333,-1244.661142531442,-5907.425804056646,-581.2596340296483,-613.9478295652135,-193.5552154306084,-108.68137675679677,-852.7310873902538,320.97748323441044,-92.66731963095657,345.52155091881406,-1081.7017185952739,-464.3494762769161,-0.0,-1197.9608372304447,-1611.5321900442736,-524.898461260552,-395.17380849465746,-0.0,-0.0,-31.78312051215531,-992.8601999254226,71.31527272922848,-1896.8333351519473,-0.0,-0.0,-390.50120728271634,-580.4045404508138,-995.4442772471941,31.325083777794415,-2519.591861461726,-1307.7755003764858,-1235.3961293941454,-139.79439989892808,-0.0,-375.38777121926773,-0.0,-570.7171154822676,-12.226911771517555,-1418.4919829068913,-441.1844209158125,-1389.898352605133,-334.7370067533641,-266.3573041049414,-0.0,-1126.790372429634,-617.2005809310209,-1120.9965101206492,-0.0,-2943.623340172668,-1133.1534230837963,-1339.365037549734,-877.0198063513234,-898.9978202376057,-55.90473167927995,-2046.6702324062317,-711.1700863004968,-1157.1370736616243,-1662.2843768639789,-179.5315839293869,295.50232843715963,-907.9593733002547,-0.0,-0.0,-15.663824086481531,-50.376990395693525,-14.105097973856003,-249.81913032362783,-0.0,-0.0,-0.0,-0.0,-0.0,-0.0,-0.0,-0.0,-0.0,-0.0,-1256.3628145181306,-2136.7216395732057,-1729.94498078907,-0.0,-0.0,1176.0281688136663,-376.5173183273574,-0.0,-395.9582862792813,-351.48202462490605,-847.3837587960076,-763.7950798525899,-976.5359288679821,-3.54457315802418,-644.6491198211382,-385.92272768564965,196.8723255527889,-0.0,888.3157218631845,-0.0,225.2004696720864,-0.0,-302.9935745642096,-0.0,-415.9942153956511,-968.8133073068152,-1652.0580393811526,180.1145332486779,-0.0,-0.0,-0.0,-0.0,-0.0,-421.3056166614259,7.984170995538596,19.65217173394481,-0.0,-0.0,-491.9124554873071,-0.0,-51.94803486212267,-622.1353487841315,-3656.7501721797776,-0.0,-1173.7079638661958,-0.0,-567.2465664583243,-0.0,-0.0,35.52748299196714,-0.0,-242.7050609886965,-0.0,-0.0,-0.0,-864.2576002661012,-1471.0954298379481,-0.0,132.15919781329777,-1967.0207025188445,-0.0,-83.70223649145889,-307.2453931478434,-0.0,-0.0,-1599.9064607005448,-0.0,-717.3433098968643,-1196.0414149221112,-144.8351931886853,-2452.3596696157506,-1577.2121160767467,248.80470066527488,-642.0429940899435,-0.0,-1091.4715122782336,-0.0,-0.0,-0.0,-3431.513532799898,-794.9764905772452,-1274.95644560488,-0.0,-358.1185867072271,-16.37495628759427,-1013.47230006542,-1934.6137178875315,116.05206136813409,-2308.8016411323097,-0.0,-1545.4456313177463,-2213.3191515789536,-0.0,-0.0,-0.0,-0.0,-1949.3744045473845,-352.55639654984157,-1169.2270162969908,-0.0,541.4244940382439,1219.9297559926267,-0.0,-0.0,-776.0268467054661,-775.4843334677229,-304.4033124867256,55.59086590347608,69.29375447483149,-0.0,-1291.9849607886836,-0.0,-245.980954828531,-1048.9709541178465,1484.574626188254,-0.0,-0.0,-0.0,755.6433204908545,68.52131113401343,-789.062190707772,-0.0,-1192.313354617564,-0.0,-872.7532372826159,-612.0291366774434,-0.0,-0.0,-0.0,-0.0,-0.0,-65.51000742632068,-0.0,-0.0,-0.0,-1034.5357872180675,-261.1227353031562,-0.0,-0.0,-0.0,-103.1027471293178,-75.06800368344125,-518.0466285838384,-588.8753697660002,-2577.8482509227783,-740.0675042571085,-412.29546514205975,-0.0,-2256.660994728586,-41.10265272160861,-0.0,-942.9166707232,-2217.207158066387,-616.5755748817284,-467.6190268152026,-1001.0746572723341,-203.13604895878663,-596.8308404353256,-652.5778435355653,-750.0080305110276,-179.743784272979,-1645.9092089742333,-709.3780200600477,-335.97657656859394,-0.0,-0.0,-741.0349730895354,-3469.738028719497,-0.0,-897.3920481506851,-379.9891389618077,-0.0,-325.261936181529,-565.3978823030521,-693.0139805118093,-3.8478244158459205,-0.0,-0.0,-0.0,-0.0,419.98014610519334,-0.0,-549.745718790793,-0.0,-0.0,-589.6911778652009,-1068.660850546834,-2373.588323027602,-482.0630431459929,-537.7559610014323,-100.41064599883373,-1916.6856153979966,-0.0,-670.2511803020286,-345.3570752695793,-434.38576809325775,-921.9274081364068,-905.4178282460858,-1315.6325978379514,21.364570787304412,-333.18985088269676,-0.0,-973.3813422572528,-1034.4632234248804,-57.108219609849,6.719098661589802,-2177.6054415872536,-1105.1307806950251,-654.0844945353076,-0.0,-591.9925060209448,-550.3286366772068,-550.8395457501593,-2028.7340498372105,-7.415887081507832,-0.0,11.642817002588659,-0.0,-0.0,-213.04972424534853,-3040.0391798762016,-192.3225453576963,-1369.309989636873,-2966.620379990978,-0.0,-4328.529702965198,-261.580153505014,-2149.059200939776,268.14772120228605,-0.0,1386.8839813144984,-707.0489693303003,-0.0,-2003.3224726586066,-0.0,-18.17859413227567,-0.0,-0.0,-0.0,-0.0,35.330045360625945,-0.0,-0.0,-0.0,-476.22135605446215,-1317.9807564262758,-652.2137758074026,-0.0,-3217.904418475655,-0.0,-0.0,-0.0,-207.1864421061422,-275.0430344190017,-0.0,-1635.2469849265096,-0.0,-0.0,-3223.7574941370394,-0.0,-0.0,5.557444932328516,-492.924152948167,-19.6386332927182,-0.0,-0.0,-164.1201503915228,-0.0,-0.0,-1236.2791318086072,-1090.6431450736545,-1285.149645673656,-0.0,-246.39530095785855,140.45966371639872,-371.0147366333912,-13221.6382941193,-0.0,-548.9930535770691,-1151.1188823804691,-1350.3004950853388,-0.0,-0.0,18.579387699136497,-316.4436968113143,-890.3408581326017,-0.0,-0.0,-0.0,-485.9293476819328,-2411.219399359382,-1343.3828453537976,-0.0,-0.0,-0.0,-330.970269837502,19.569728574008867,205.02731143437228,-972.1437399166092,-0.0,-0.0,-837.9299140834913,-0.0,-0.0,-0.0,-2562.7831156323214,-1011.6030515549917,-0.0,-985.7264057935911,-471.78923636177,-315.63621013112015,-621.7176070759803,-900.8043988724222,76.0923992415517,-971.6245727083215,-943.0324073723266,-60.03322720718317,-1130.0909086743482,-0.0,-0.0,-0.0,-0.0,-568.6074019877675,-0.0,-0.0,-476.6605174305281,-1671.2336357290394,-606.3996642748631,-0.0,1310.5277537180064,1198.392375974177,1085.7203889572934,-0.0,-0.0,-0.0,-733.7942986639176,-190.35733066451047,-695.6325962502013,-86.27623506396151,-542.6614618744903,-1477.9830945359563,-1188.2976448888774,-1940.0993878376073,-0.0,-0.0,-0.0,-0.0,-911.6355841106237,-657.4824811725397,-1527.339537919521,-405.9103898047735,-1199.8051050558943,-1791.7119135224843,-1613.10194384932,-0.0,365.017321079398,-375.25115755763017,-388.19734529849944,-119.96516193392328,-3879.8851144860064,-6.856212562297406,-0.0,-691.1647089870138,-1215.828620636267,-0.0,-42.283917083016696,142.86087242817396,-150.51175466211416,-385.2952260030304,-1847.3988751446727,-361.98170470618254,-1408.129079258717,-0.0,-1655.244764734342,-1426.3894674864732,-1118.7427804629378,-0.0,-1568.448518198792,-566.2853212173145,-662.2052746737687,-820.2619595021613,134.0948340870844,-1513.461538158719,-1212.3596128510624,-0.0,-113.49418070115773,-0.0,-0.0,-0.0,-958.5499677319976,-620.0444926544033,-0.0,-0.0,-0.0,-3205.2166046557504,-1778.4160367682641,-0.0,-0.0,-0.0,-1334.7324105299742,-761.7553485216845,-0.0,-641.115673493679,-1276.6487589200185,-556.6728269203576,3.455522272026078,-874.7649488716708,7.579158308939177,-1377.8835916992377,-1640.4678781320476,-0.0,-0.0,-37.16434880433377,-0.0,-0.0,-1245.0797373229186,-99.0784895108573,-352.3068684286486,-0.0,-0.0,-0.0,-888.4028639422173,-274.0226308811806,76.74172874097947,-436.18137375785165,-207.40760509571072,-1890.673560804346,-249.49436761477463,-514.8766879759547,-1060.1994580954088,-0.0,-342.0646557829884,-0.0,-1608.2442962921011,-1402.0509805199968,-1583.2431181434351,-275.092248619519,-253.0881654823973,-52.39454124723693,-761.9428115419013,194.4425866106976,-0.0,-318.252940409832,-0.0,-0.0,-387.97380814748664,-87.93101939296125,-2204.2145626706474,-2286.5040802071385,-553.8232065505957,-0.0,-0.0,-955.3896522406184,289.45941859000214,-0.0,-0.0,-0.0,-881.8221059387306,-70.49585527839605,-276.4318834120584,-3931.9272210019853,-1301.772810019567,-646.4807570719008,-372.54778321570075,-189.43881880241508,-781.8947032659058,-510.40412488579244,-445.82503950376434,-0.0,-819.7468934200737,-623.9369817033887,-1433.793417399918,-0.0,23.95573591373792,-7.5402037951778365,-0.0,-0.0,-1343.9145644150824,-0.0,-3413.778423458142,-1191.8211434038785,2574.9901364689263,2478.347871117824,-0.0,-0.0,-664.8388329304335,-857.8586710211658,-1176.5689261823625,-285.1405175371515,-3185.8052706738517,-488.74407183168546,-0.0,-0.0,-0.0,-1314.1413705130335,-720.3197761431903,-165.6222065112374,-2342.287453722805,-1039.0838255427288,-18.312938811429262,-400.429130344349,-1008.5775504649157,-324.09162806931994,-464.4671285662512,-0.0,-3.996289317486336,103.76519837028778,-960.334683858875,-139.84497603365,-0.0,58.12690825634217,110.35144872603117,-191.40370710630867,-1192.0564013523233,-1890.2468652460614,-69.82385323509445,-930.1014634168209,-1113.3098505622718,-0.0,-0.0,-673.0823957187818,-0.0,-0.0,-0.0,-0.0,-510.2758623530045,-35.246304915970114,-1101.9221956388483,-1082.66004897123,-2056.5588169718376,-944.6216100789813,-0.0,-535.9864107673994,-0.0,-1265.2309771304201,-1284.9496235409013,-1228.2340774000077,-902.4797344782813,-0.0,-1351.0283823006055,-0.0,-0.0,-0.0,-3377.688446672171,-991.9735458151232,-225.28678408628252,-837.3217200672121,-645.6815991403405,-911.9970523464955,-0.0,-0.0,-0.0,-0.0,-5079.548692221444,-675.0173061985782,-1607.6315441835363,-3440.882891222314,-1881.3802243665336,-392.9991266227854,-0.0,-1702.6090518900514,-773.7799548419987,-0.0,-264.33677567698305,-341.580408602544,-0.0,-844.6130747455734,-222.04793986236402,1343.0935556962652,-408.23653920053744,-0.0,-0.0,-890.7229235108401,-724.3970215160361,-1989.8077119901084,-367.0645058649059,-0.0,-0.0,-605.8907017105352,-0.0,-0.0,-0.0,-0.0,-1193.3045597086636,-493.924058720083,-1119.080470537321,-445.32887696543406,-25.42300525121808,-678.36624125072,-0.0,-0.0,-0.0,-0.0,-2133.432477918271,-0.0,-0.0,-0.0,-0.0,-0.0,-0.0,-694.497538458579,-0.0,-2355.642691509805,-465.7859635872247,-202.04515450878168,-1042.0627192729505,-0.0,-0.0,-1439.493332788066,-1333.1523996306405,3.728722414384681,-365.6426186587933,-30.80964841830728,-1416.6709247920967,-755.5872598919501,-0.0,-3649.9985420242974,-1195.309568528468,-0.0,-0.0,-31.435741823534933,-267.8196714319578,-1101.9306992605614,-0.0,-0.0,-51.32160225957106,-1431.8401089034112,-465.37971073366344,-309.4715422926412,-39.06307014968608,-1654.4754254510394,-0.0,-0.0,-0.0,-0.0,-0.0,-573.520165481767,-407.05062379330207,-546.4282087213456,-3901.594968286484,-1442.6826929693325,-1090.833329314924,-17.36536270982258,-752.682485840414,-1186.44449497871,-18.43162774923498,-0.0,-0.0,-0.0,-584.3779976221466,-433.05501631526266,-1587.261551509652,-592.4561108533304,-0.0,-1391.766897587422,-0.0,-659.8915640736415,-0.0,-0.0,-1858.2223368216864,-585.9519152652853,-544.719555875743,-1403.3017376371697,-459.26351072213566,-12.13442438404231,-639.1007825284038,-1187.4302222656631,-0.0,-442.8221172280179,-1098.0967043417882,-3947.7457467847657,-0.0,-57.12469661892841,-2118.4593326579375,-1369.1969443634396,-1168.2598381332614,-489.307370352968,-1012.6482546591716,-0.0,-225.71946136003456,-0.0,-236.85954211900267,623.9221307738168,-0.0,-0.0,907.7495866045995,-0.0,-2104.8317006590382,-598.9945775725369,-1000.1948617495839,-996.4537397869391,-1285.9714190796562,-364.6663205965434,-59.8164800917466,-0.0,-0.0,-787.584824533273,-689.2251023996477,-674.8636474932321,-0.0,26.67429168603845,26.994575450354912,-145.73915935404534,-2774.415272288163,-1703.9517171501548,-0.0,11.91685163715029,-1217.3738200058042,-3814.274981490474,-2414.7801853744386,-444.78365991943105,-809.8333463345102,-1081.2980823907515,-0.0,-202.25836559089407,-0.0,-484.79339835308224,-253.66658827945713,-1474.0963116929831,-2067.6441004894727,-262.66232950800037,-475.63681725000197,-4299.527861416847,-1102.4043684844532,-388.7478172586222,-439.8794517253405,-1340.5820014825372,-425.2937890497517,-7.352345014880104,-1290.0151051241112,-1473.9687395985434,-0.0,-0.0,-479.5864953065535,-1139.0016580747929,-323.36291779710996,12.115961873477263,-0.0,-0.0,-0.0,-0.0,-0.0,-36.97471127379132,-677.9656677748427,583.2322603412414,-375.4276813669068,-649.0912232782276,-463.56524904190076,-1000.7501155977922,-1441.7370267219967,-937.7310816108142,-1629.0461041436943,-441.1765186058164,-587.1342459331347,-1355.8934513262407,-571.4032259419965,-0.0,839.9100864821352,-437.12816350917694,-37.40768086745355,-0.0,-844.1276609939024,-498.2291096350582,-1456.1671476903482,-1683.4311014925859,-2297.624645742784,-0.0,118.33268904550665,-0.0,-0.0,-959.2510895828018,-1370.8536544805024,-0.0,-865.6604020872452,-7.982524377831236,-0.0,-0.0,-0.0,-2357.338272280894,-663.3735399710451,-221.63210575173477,-162.5758931491178,-0.0,-0.0,-1118.101214395886,-1401.110385608262,-892.0557752708353,517.5998018488589,-8.362385935584065,-0.0,8.009915138500942,-0.0,-1447.3900071652706,-542.2843740825052,-1088.4594695167052,-1712.2336036075694,-1537.5331834876745,58.14284494098259,-0.0,-0.0,-1634.0813211693837,-366.2466198733273,-0.0,-0.0,-126.21194714957926,-0.0,-49.818966496954474,-0.0,-1066.1643736943602,-746.7097612971359,-0.0,8.016200789012048,644.8466118048868,-0.0,-64.73827528346521,-2089.9489943587278,-0.0,-0.0,-596.1592858771553,10.567695506520927,-0.0,11.894386131629703,-383.5572223509831,-1491.6833563817208,-0.0,-764.8220948951248,-0.0,-1017.5027817786715,1651.3398246035338,-123.11737408553412,-1567.084608091284,-1423.8165952804663,966.7379918532964,-48.81826452206494,-2219.3522566335846,-732.9640035851229,-852.9930735600776,-0.0,-661.2128874685004,-78.87226613840119,810.4335153436216,-367.5678675853043,-1380.920849020275,-0.0,-0.0,-0.0,-687.2491734991547,-612.5138240066293,-578.1609385198864,-934.1982361132805,-1028.0392214622655,4.0491153523601335,-880.9410620464231,-890.7173805573857,-1149.6510626696747,-0.0,-0.0,-459.91699595883387,759.7641889307911,-5747.162907052665,-0.0,-1414.1866547715058,-1634.2671331988377,-805.3873218719216,-755.9312476949705,-237.92753107710203,-2481.2443159921863,-269.51076933250255,-0.0,-919.2128155071251,-908.1185533751591,-574.7118760689929,-0.0,-1269.0902967466423,-2035.138794382239,-26.970111914134012,-946.4549385028735,-2265.6107041827104,356.6672113968872,-0.0,-418.03845260513947,-120.56900978517503,-1320.6969196081152,-919.9537919300593,95.45450025781018,-111.7672516716597,-662.3698254943448,-425.34998698275274,-516.1453386980897,-678.9995068585317,-517.1635838929888,-0.0,-1240.467592926745,-0.0,-1131.6979541565404,-655.8740292961356,-184.68772220830982,-0.0,-1690.1418599613603,-4503.025716763494,-0.0,-429.5117079985352,-0.0,-2272.312017219786,-290.73342638032983,-0.0,-308.3848706261158,-459.6936879425706,-0.0,-1976.630182539238,-1338.1985846911316,-0.0,-3634.861851438138,-118.23979756675212,-1175.509520428279,-1283.4038474810857,-1609.6398854959525,-115.51969636580147,-0.0,-836.227263783176,-1977.2722388669767,-496.7382703072644,-838.0343779659513,-955.4327498068852,-1608.0157868479625,-2065.34622764056,-819.435820329711,-1718.6819688047874,27.365567404664677,-0.0,-272.57829386913664,-1392.5793026979613,-1035.4788196817842,-0.0,-0.0,-0.0,-400.88137269508854,-367.20437079675924,-12.442945151341787,-527.4636439424967,-0.0,-1170.6078611053047,-703.7823552682945,-492.6132320224072,1.5911466363572633,-0.0,-313.5518005039928,-1444.4930265568553,-933.6108062662084,-302.8421966688598,-770.8476392705483,7.726863841384594,-0.0,-0.0,-2878.192090236693,-862.6915257090666,-0.0,-0.0,-0.0,-72.70041171018434,-977.1935934063641,3.4284754734838776,-1599.532256703761,-1393.180732077769,670.048181743569,-0.0,-540.4372308515925,-0.0,751.318764726259,-210.60134636448498,-0.0,-1520.3963419393149,-290.2990774257405,-1523.6416536366346,-0.0,-1432.6390256745774,-512.747500605329,-208.96674890563392,7.7783108801816265,-33.888820282724765,-0.0,-0.0,-645.1508804929758,-1148.2022477055627,-0.0,-532.1742345769993,-0.0,-312.4040880073542,-573.9046826051997,-0.0,230.0488466265137,638.5712596032629,704.3797263403471,756.5162333340344,667.1150548546381,838.8582351825279,-0.0,-0.0,-0.0,-0.0,-0.0,17.21391148033263,-0.0,-0.0,-644.8638468254888,15.584157902508643,-348.5513250817259,-162.9039610148476,-0.0,-834.6074614093304,-1367.3564895473276,-1798.0861056912609,-237.60176105112774,-198.7758968494471,-0.0,-0.0,-516.4957345684493,-0.0,-0.0,-0.0,-0.0,-2466.808042024966,-0.0,-36.59235910479606,932.1608407686754,-0.0,-958.0568061969408,-517.744398479356,1055.9995013152593,-873.6469645594318,-0.0,-2837.0473969320224,-1853.1136992012005,-220.96976086615666,-751.6824600099866,-1203.2349165689618,-523.9274715891103,900.1887365945316,-78.9062072012832,-495.68766976315476,-0.0,-0.0,-512.9554609729612,-0.0,-885.6553201202931,-0.0,-439.71811072126803,-106.7276499903508,-0.0,-0.0,-1138.734866976297,-0.0,-0.0,-512.8745523061573,-1167.5010407859431,-1588.5511003461527,-0.0,-0.0,-0.0,-1782.4611591367377,-0.0,-1116.3065652257078,24.402204752213244,-0.0,-0.0,-1044.9707073784318,-847.1690647990584,-1188.0992409792893,-336.5485125234578,-0.0,-1124.326575550731,-262.322655210341,-0.0,-0.0,4.02427732715146,-39.39435509704993,-3637.0876958163394,-0.0,-39.97252942132682,-40.84560563365324,371.75208815754314,-79.86283900394851,-694.0096196249192,-734.3679275919766,-403.18807890607064,-0.0,-0.0,-1454.3629350527415,-0.0,-0.0,-0.0,-0.0,-0.0,-0.0,-0.0,-138.53648062129554,-0.0,-0.0,-1738.609613244637,-7685.489652235718,-111.04850674692875,106.53040398552321,-440.8390756320628,-519.9269975943259,-408.4411880505412,-3461.986908374979,-222.8790513171875,-379.50630639054776,-0.0,-0.0,-0.0,-1822.0958969778244,-0.0,-78.74229487916949,-0.0,-0.0,-0.0,-461.9088165480669,-12.257370109411431,-274.3765387760423,-1231.3989973632536,-579.9264967351573,-79.84448357286233,-1685.9793845720794,-0.0,-77.26284795911283,-1816.927798221319,-0.0,-1220.3725587125807,-0.0,-1249.5611118938566,-0.0,-0.0,-856.2667584522916,-586.6291401476009,-30.920955370679103,-624.093557575795,-101.24620276041651,-682.4296117886375,-143.98198193735584,-618.9282065021863,-620.3064284340434,-1979.9577201917589,-868.9414852259333,-0.0,-1545.3143154329418,-382.71764862726695,-707.8856619014249,-0.0,-0.0,-908.7356303372719,-2000.3663457512814,-129.80724794941116,-0.0,-0.0,-69.52065375317468,-2975.6732513705797,-774.6303612136887,-213.05119922998497,-313.7251142277557,-41.41907498171484,-3968.986225623106,-0.0,-0.0,-1802.5806483926297,-768.7670695884412,-0.0,-0.0,-0.0,-72.75872369325171,-0.0,-1675.7074997891978,-1552.7490305715955,-0.0,-364.9471898601718,157.9156528852408,-0.0,-0.0,-0.0,-907.3392312011202,4.1166006300882225,-2224.3316282687224,-570.6140036678777,-1067.279976849154,-631.2200010706327,-3026.572908612025,-1323.8560832308506,306.06829561740085,-0.0,-1862.9145300068406,-0.0,-0.0,-0.0,-968.2377585299217,-586.2320297385531,-1124.4782715774872,-0.0,-0.0,-821.797534073981,-1174.9074605663275,-617.7732560676377,-456.23618895429183,-0.0,-0.0,-1195.9395572160038,-0.0,-0.0,-0.0,-0.0,-0.0,-0.0,-459.3876133067891,-163.94713397048912,-1320.5405692802212,-0.0,-674.4904981933653,-3770.999229546392,-42.40299956974297,-0.0,-0.0,-0.0,-0.0,-0.0,-0.0,-0.0,-0.0,-0.0,-0.0,-1171.64554689778,-1735.0341352068808,-0.0,276.36170558534207,-0.0,-553.7185143329989,-83.43379118010027,-0.0,-643.5915340762253,-312.1767481201982,-23.320028162907988,-2860.2817612124477,-440.04591124342085,-2701.1819387777614,-180.42705358546937,-1693.6651306024469,-1534.567784772155,-587.228341763421,4.150478825096889,-0.0,-1128.532853501558,-1914.1579138670882,-2199.3729903145036,14.578611551392518,-456.3935342947189,-1564.5747933155776,-0.0,-1858.3242765496043,-345.65282251051974,-0.0,-2733.2860785806147,-0.0,-872.9499757638378,-0.0,-2688.045710979063,-0.0,-0.0,-76.91191687710298,-879.3214971453797,-624.5616962821066,-0.0,-1102.3783112500444,70.26156866028094,284.86378239257687,297.39182397854506,-240.61007911493135,-1665.8005717913193,-668.8967864542565,-0.0,-0.0,-5221.435646554305,-1185.5641998508745,-0.0,414.9367573179922,-0.0,-1507.3392311966604,-524.0832082519507,-647.1375242690531,-0.0,-0.0,54.1031562213119,-0.0,-935.939419863995,-938.2959840306236,-1725.3427347836484,-0.0,-534.9550937120976,-2708.153634439072,-738.9965425016057,-0.0,-1179.3903731489356,-74.50142950804052,-1180.3016633090842,3.923102828754161,-858.00234263032,-0.0,-0.0,-0.0,-654.5681319293494,-0.0,291.31284345361155,-0.0,-340.8323644956208,-713.3761986162496,-487.68647568074095,-1016.3655597290193,-561.2944562890679,-1571.8558180138766,-821.3453449286661,-0.0,601.2734096201204,-2117.1967475123947,-1622.0119386881877,-648.0615603416909,-0.0,-0.0,-0.0,-137.29348046266875,-1029.9066409801344,-296.3126374091909,-673.2257469020543,-1822.007023062987,-2548.4991075231173,144.97561874343847,667.3996001761249,689.6573583191421,-0.0,-0.0,118.07058005544282,-88.17475324492348,11188.33279683897,1969.6756160726363,3601.9531059269316,5446.946178406172,-0.0,-0.0,-0.0,-0.0,-0.0,-1278.8694998775713,-1423.8505902609372,-755.7548292984267,-0.0,-2649.234154955793,-525.0080093791114,-848.5284892204253,-0.0,-629.5178190756378,-1197.702665405394,-900.8638045779456,-1129.3594101297854,-0.0,-2906.5101967627047,-1822.1799563569853,-707.6421196914964,-129.13469253274198,-2695.0539585955194,-0.0,-254.43830043306002,-0.0,-84.75080547054507,-0.0,-121.66610421426329,-185.3895623634516,-923.3409099722106,-775.5227188714945,-0.0,-0.0,-0.0,-1940.748304562235,-0.0,-0.0,-251.69562426613535,-847.2737719860903,-882.0824747924039,-62.52599146376358,-969.2206884312138,-1700.4982644362135,-309.82937690471647,-0.0,-0.0,-144.85894061333548,-1460.950388239089,-412.43255962869944,-0.0,-5542.669659978763,260.4144308096175,-0.0,-0.0,-0.0,-196.99315547909515,-401.27831178589884,-0.0,-0.0,-1109.877865443899,-1861.4696495523,-1040.9649559484544,-384.97830549678423,-361.05968246842514,-489.26684685838245,404.01028345351966,-1063.9862391288952,-0.0,-454.5473467963604,-2123.212295658017,-444.4841113659931,7.271755856753849,-0.0,-421.1311377016163,-0.0,-0.0,-0.0,-1163.7837637543075,-414.39690396203923,-1301.840255794081,-0.0,-0.0,-0.0,-176.01538414972885,-478.77843928076567,-1517.2507323728578,-2599.019463975131,-194.11839369657844,-113.85371244749221,-0.0,93.54860457284077,-0.0,-1035.8265001361312,-157.7840884663711,-0.0,-0.0,911.5909207157144,-0.0,-1566.6774784456265,-0.0,-0.0,-0.0,-180.52997505585788,-1843.80340351374,-1459.729149906349,-28.742594873440503,-2054.9282755675777,-1431.4950045045864,-25.87299591985639,-29.01182737685257,-62.22527659371368,-0.0,-0.0,-1848.8789300377673,-0.0,-5489.96322445535,-0.0,-1374.1829325180781,-258.36938644204133,163.47712771970177,-0.0,-10.58724946591657,-1501.1678833051976,-1448.75502570185,-510.36331842729675,-33.9087158953685,-94.147856406324,-0.0,-0.0,-0.0,-0.0,-985.8667934434413,-1015.2248281456182,-0.0,-539.1398729128078,-1128.9046256492275,-218.65879069190015,-28.428693695963403,-0.0,-0.0,-0.0,999.1351642985319,-71.57225088483862,-0.0,-456.9276992711133,-749.9856625831011,-1387.0747791545346,-0.0,-0.0,-2291.698683865656,-0.0,-0.0,-0.0,-0.0,-634.4345761750083,1020.2634868914645,963.8359719576817,1064.3953999775113,-0.0,-0.0,-0.0,-594.516242925104,-0.0,-0.0,-342.94717341395534,-210.2355129105102,-0.0,-201.40777040430515,-1083.2700894988495,-1200.2481969075907,-0.0,-0.0,-0.0,-19.104447286422456,-1300.9635666419383,-17.30821665294868,304.654734923203,-0.0,-1481.0020683484286,-815.8778416107026,-525.6690120403116,20.451957221176833,17.845901664349967,-278.97770815306234,-14.714531722118545,-343.17131769022086,-358.3793458395171,-980.4305290788765,-328.12349113085844,691.3523079262394,-1286.246256005624,-139.40507092224914,-142.44264737214496,-3302.991434951314,-2388.2116851003157,621.4464167207184,-1063.722240195726,-124.88272868544894,-4.053448673735699,-647.3877233212407,-1022.8371732407196,1718.274939841523,-601.7623139143326,-615.7741883936113,-673.0320645641593,-0.0,-5402.745729791137,-0.0,-502.0092825689076,-887.0284452620679,-661.270597996734,-766.3823847939707,-1006.6289436486036,-0.0,-988.9716970118996,-188.4651833456322,-77.27298151830625,-7051.037067865856,357.52970966467586,-157.42348311916965,-0.0,-528.2727530519965,-1018.7572932699386,-0.0,-0.0,-493.35565477543366,-1453.4823577302916,-37.945342791561316,-213.00431036488462,-262.5865287055503,-1093.2651385601546,-0.0,-0.0,59.584495094204485,-0.0,-0.0,-1578.0898654868815,-0.0,-1806.8978344617694,-920.2988423227234,-1219.098469733847,-0.0,-0.0,-444.4119308759725,-872.2953244282199,-134.74351981803494,-0.0,-379.173359610885,-146.35305931867904,-409.87951401193044,-0.0,-175.29912609947613,-417.8697655482014,-2149.5225179079403,-778.2026664366283,-1275.074448736511,-0.0,-0.0,-1100.3660685398477,-26.18852849693434,-0.0,-0.0,-1218.6871897217286,-0.0,-0.0,-0.0,-0.0,-0.0,-0.0,-0.0,-0.0,-0.0,-0.0,-87.81764389141611,-0.0,-0.0,-0.0,-0.0,-0.0,-0.0,-0.0,-0.0,-0.0,-0.0,-0.0,-278.91242740242876,-0.0,-0.0,-0.0,-0.0,-0.0,-0.0,-0.0,-0.0,-0.0,-0.0,-0.0,-0.0,-0.0,-0.0,-0.0,-0.0,-0.0,-0.0,-0.0,-0.0,-0.0,-0.0,-0.0,-0.0,-0.0,-0.0,-0.0,-0.0,-230.59351566696108,-0.0,-0.0,-0.0,-0.0,-0.0,-0.0,-0.0,-0.0,-0.0,-0.0,-0.0,-0.0,-0.0,-0.0,-0.0,-0.0,-0.0,-0.0,-0.0,-0.0,-0.0,-0.0,-0.0,-0.0,-0.0,-0.0,-0.0,-0.0,-0.0,-0.0,-0.0,-0.0,-0.0,-0.0,-0.0,-0.0,-0.0,-0.0,-0.0,-0.0,-0.0,-0.0,-0.0,-1225.1647507327432,-555.1991097011954,-1490.8739244529684,-0.0,-0.0,-0.0,-0.0,-0.0,-0.0,-0.0,-0.0,-0.0,-0.0,-0.0,-0.0,-0.0,-0.0,-0.0,-0.0,-0.0,-0.0,-0.0,-0.0,-0.0,-0.0,485.4912627030781,-0.0,-0.0,-0.0,-0.0,-0.0,-0.0,-0.0,-0.0,-0.0,-0.0,609.3250630184804,-0.0,-0.0,-0.0,-0.0,-0.0,-0.0,-226.1643797786783,-0.0,-0.0,-0.0,-0.0,-0.0,-0.0,-0.0,-0.0,-0.0,-0.0,-0.0,-0.0,-0.0,-0.0,-0.0,-0.0,-0.0,-0.0,-0.0,-0.0,-0.0,-0.0,-0.0,-0.0,-0.0,-0.0,-0.0,-972.5091236034942,-0.0,-0.0,-0.0,-0.0,-0.0,-0.0,-0.0,-0.0,-154.3384360828415,-0.0,-0.0,-0.0,-0.0,-0.0,-0.0,-0.0,-0.0,-0.0,-0.0,-0.0,-0.0,-0.0,-0.0,-0.0,-0.0,-0.0,-0.0,-0.0,-0.0,-0.0,-0.0,-0.0,-0.0,-0.0,-0.0,-0.0,-0.0,-0.0,-0.0,-0.0,-0.0,-0.0,-0.0,-0.0,-0.0,-0.0,-0.0,-0.0,-676.5291914119332,-0.0,-0.0,-0.0,-0.0,-0.0,-0.0,-0.0,-0.0,-0.0,-0.0,-0.0,-0.0,-0.0,-0.0,-428.33015939166773,-0.0,-0.0,-225.4449013875975,-0.0,-0.0,-0.0,-0.0,-0.0,-0.0,175.27786665192383,-0.0,698.7900158363353,-0.0,-0.0,-0.0,-0.0,-0.0,-0.0,-0.0,-0.0,-0.0,-0.0,-0.0,-0.0,-0.0,-0.0,-0.0,-0.0,-0.0,-0.0,-0.0,-0.0,-0.0,-0.0,-0.0,-0.0,-0.0,-0.0,-0.0,-0.0,-0.0,-0.0,-0.0,-0.0,-129.37858255734378,-0.0,-0.0,-0.0,-0.0,-0.0,-0.0,-0.0,-0.0,-0.0,-0.0,-0.0,-0.0,-0.0,-0.0,-0.0,-0.0,-0.0,-0.0,-0.0,-0.0,-0.0,-0.0,-0.0,-0.0,-0.0,-847.267636044276,-0.0,-0.0,-0.0,-0.0,-0.0,-0.0,-0.0,-0.0,-0.0,-0.0,-0.0,-0.0,-0.0,-0.0,-0.0,-0.0,-0.0,-0.0,-0.0,-0.0,-0.0,-0.0,-0.0,-0.0,-0.0,-0.0,-0.0,-0.0,-0.0,-0.0,-0.0,-0.0,-0.0,-0.0,-0.0,1133.7743009695332,-0.0,-291.19361274347614,-0.0,-0.0,-0.0,-0.0,-0.0,-0.0,-0.0,-0.0,-0.0,-0.0,-0.0,-0.0,-0.0,-0.0,-0.0,-0.0,-0.0,-0.0,-0.0,-0.0,-0.0,-0.0,-0.0,-0.0,-0.0,-0.0,-0.0,-0.0,-0.0,-0.0,-19.745520124432797,-0.0,2283.9794846852965,-0.0,-0.0,-0.0,-0.0,-0.0,-0.0,-0.0,-0.0,-0.0,-0.0,-0.0,-0.0,-0.0,-0.0,-0.0,-0.0,-0.0,-0.0,-0.0,-0.0,-0.0,-0.0,-0.0,-0.0,-0.0,-0.0,-0.0,-0.0,-0.0,-0.0,-0.0,-0.0,-0.0,-0.0,-0.0,-0.0,-0.0,-0.0,-2115.0983541405576,-1468.9777803711222,-0.0,-0.0,-0.0,-0.0,-0.0,-0.0,-0.0,-0.0,-0.0,-0.0,-0.0,-0.0,-0.0,-0.0,-0.0,-0.0,-0.0,-0.0,-0.0,-0.0,-0.0,-0.0,-0.0,-0.0,-0.0,-0.0,-0.0,-0.0,-0.0,-0.0,-0.0,-0.0,40.72524323577158,-0.0,-0.0,-0.0,-0.0,-0.0,-0.0,-0.0,-0.0,-0.0,-0.0,-0.0,-0.0,-0.0,-0.0,-0.0,-0.0,-0.0,-0.0,596.5654725865594,-0.0,-0.0,-0.0,-0.0,-0.0,-0.0,-0.0,-0.0,-706.5525939292254,-0.0,-0.0,-0.0,-0.0,-0.0,-0.0,-0.0,-726.8402999709704,-0.0,-0.0,-0.0,-0.0,-0.0,-0.0,-0.0,2376.6065116835457,-0.0,-0.0,-0.0,-0.0,-0.0,-0.0,-0.0,-0.0,-0.0,-0.0,-0.0,-719.2007941978719,-0.0,-0.0,-0.0,-0.0,-0.0,-0.0,-0.0,-0.0,-0.0,-0.0,-0.0,-0.0,-0.0,-0.0,-0.0,-0.0,-0.0,-0.0,-0.0,-0.0,-0.0,-0.0,-0.0,-0.0,-0.0,-0.0,-0.0,-0.0,-0.0,-0.0,-0.0,73.68015244466923,-0.0,-0.0,-0.0,-0.0,-0.0,-0.0,-0.0,-0.0,612.4540037065867,-0.0,-0.0,-0.0,-0.0,-0.0,-0.0,-0.0,-344.21725456917267,-0.0,-0.0,-0.0,-0.0,-0.0,-0.0,-0.0,-0.0,-0.0,-81.91753548631205,-0.0,-0.0,-0.0,-0.0,-0.0,-0.0,-0.0,-0.0,-0.0,-0.0,-0.0,-0.0,-0.0,-0.0,-0.0,-0.0,-0.0,-0.0,-0.0,-0.0,-0.0,-0.0,-0.0,-0.0,-0.0,-0.0,-0.0,-1806.4046899171553,-0.0,-0.0,-0.0,-0.0,-0.0,-61.93051035386952,-0.0,-0.0,-0.0,-0.0,-0.0,-0.0,-0.0,-0.0,-0.0,-0.0,-0.0,-0.0,-0.0,-0.0,-0.0,-0.0,-0.0,-0.0,-0.0,-0.0,-0.0,-0.0,-0.0,-0.0,-0.0,-0.0,-0.0,-0.0,-0.0,-0.0,-0.0,-0.0,-0.0,-0.0,-0.0,-0.0,-0.0,-0.0,-0.0,-0.0,-0.0,-0.0,-0.0,-0.0,-0.0,-0.0,-0.0,-0.0,-0.0,-0.0,-0.0,-0.0,-0.0,-0.0,-0.0,-0.0,-0.0,-0.0,-0.0,-0.0,-0.0,-0.0,-0.0,-0.0,-0.0,-0.0,-0.0,-0.0,-0.0,-0.0,-0.0,-0.0,-0.0,-0.0,-0.0,-1256.5085526990763,-0.0,-0.0,-0.0,-0.0,-0.0,-0.0,-0.0,-0.0,-0.0,-1575.2955763896923,-0.0,-0.0,-0.0,-0.0,-0.0,-0.0,-0.0,-0.0,-0.0,-128.84345939464797,-0.0,-0.0,-0.0,-0.0,-0.0,-0.0,-0.0,-0.0,-0.0,-0.0,-0.0,-0.0,-0.0,-0.0,-0.0,-0.0,-80.88755318970765,-0.0,-0.0,-0.0,-0.0,-0.0,-0.0,-0.0,-0.0,343.94965099088574,-0.0,-0.0,-0.0,-0.0,-131.3571423242149,-0.0,-0.0,-0.0,-0.0,-0.0,-0.0,-0.0,-0.0,-0.0,-0.0,-0.0,-0.0,-0.0,-0.0,-0.0,-0.0,-0.0,-0.0,-0.0,-0.0,-0.0,-0.0,-0.0,-0.0,-0.0,-0.0,-0.0,-0.0,-0.0,-0.0,-0.0,-0.0,-0.0,-0.0,-0.0,-0.0,-0.0,-0.0,-0.0,-0.0,-0.0,-0.0,-0.0,-0.0,-0.0,-0.0,-0.0,-0.0,-0.0,-0.0,-0.0,-0.0,-0.0,-0.0,-0.0,-0.0,-0.0,-0.0,-0.0,-0.0,-0.0,-0.0,-0.0,-0.0,-0.0,-0.0,-0.0,-0.0,-0.0,-0.0,-0.0,-0.0,-0.0,-0.0,-0.0,-0.0,-0.0,-0.0,-0.0,-0.0,-0.0,-0.0,-0.0,-0.0,-0.0,-0.0,-0.0,-0.0,-0.0,-0.0,-0.0,-0.0,-0.0,-0.0,-0.0,-0.0,-0.0,-0.0,-0.0,-0.0,-0.0,-0.0,-0.0,-0.0,-0.0,-0.0,-0.0,-0.0,-0.0,-0.0,-0.0,-0.0,-0.0,-0.0,-0.0,-0.0,-0.0,-0.0,-0.0,-0.0,-0.0,-0.0,-0.0,-0.0,-0.0,-0.0,-0.0,-0.0,-0.0,-0.0,-0.0,-0.0,-0.0,-0.0,-0.0,-0.0,-0.0,-0.0,-0.0,-0.0,-3808.834026372618,-83.84156264179346,30742.07138591214,-3534.007941688302,-3517.8373669716725,74798.07618717365,-0.0,-6881.090142681706,771.3466117159184,1772.9043243512212,-22590.895837495053,-0.0,-4752.711998347677,-0.0,-0.0,20909.57200328065,-11782.481080151198,2727.3258007565714,6100.485875259114,-3664.3870400835503,-22194.929066750658,-8182.231361313582,49.278335850004865,-87.24858949826736,-5655.958440820912,-0.0,-11042.9182727627,-16492.49953523421,12957.807630710002,-120.75248830459435,358.89760999254094,42733.7035025,-2156.1475993008903,-92554.13415883291,-2937.7950368199618,-21636.49419634141,-14533.28629935532,-4711.409477664152,-5828.734790066594,-14602.77659306261,12146.731575206612,-2057.869697028196,-3276.330933451252,-3123.0431827508596,-10588.96403054828,6090.787484162638,30378.72725855129,-715.2098805861549,-168.72879443637385,19026.69423258546,3164.6539606333095,-168.97449758803967,4820.439401960123,5330.812552105855,-5194.029389402734,-6813.068772920284,-3002.956384316959,369.21327232617625,-0.0,-0.0,-1162.2284724824951,-7198.261537460093,-3546.716689213384,-3062.4572175143912,-430.61666760284163,-4543.578112807251,10457.284104168866,5802.687885599202,-7409.8168007237155,15955.159472450552,-17730.612257518806,-29010.817979703796,65544.93340759983,-20980.870957606476,-7352.950105726432,-1746.0547588976478,-2911.2169925554754,-5757.913749042649,-3586.7599069834655,-29675.514278325503,-0.0,-12878.669009378886,-0.0,3256.4030620763415,-0.0,-0.0,-12259.070019600724,-1285.8784938928159,-0.0,-0.0,3283.433497018888,-0.0,119.13275390178389,-0.0,-5604.784524285699,-4102.036636104816,-7057.2870148027105,-7786.229474391709,8424.421901957687,-0.0,-26460.452514782966,42289.358739973635,-0.0,-0.0,-18070.565539367177,-8085.814277501744,119.30840845823418,510.550777683727,-0.0,53716.450816331286,-0.0,-0.0,-0.0,-0.0,49403.73287375658,-1357.4407837664642,-0.0,-11640.073019243699,-0.0,-4884.022819707983,-843.0027882904145,-2430.4835253595907,-14123.019254179997,8292.723177792192,-918.0484825805721,-8390.630861037132,-0.0,-0.0,-6010.898780301516,-6446.767417758086,-11339.238918152807,54855.359188207476,-0.0,-195.37514956061136,12440.434885532042,3838.2566800400114,-2535.5066311732,625.1448989204638,1572.6947286373568,-3442.005849499609,134.92992478215487,-16963.592536937464,754.5209319054644,12431.275009286212,-606.6068207375018,9357.068725106195,42532.43867757268,5053.350834524049,969.6818743041739,8717.700389835116,-1848.7535941316567,-7061.877612592117,-8099.46720466564,-14292.76451994165,-0.0,2610.147198959814,13040.907259752857,11757.149126587508,-7427.442336718272,5442.413117604388,3333.6481297720175,-8243.309848345774,20275.90201754401,-13260.802780295395,-0.0,4917.414197579727,-10788.796070584458,-14134.97344317608,-6812.249417323281,23627.91949915727,1948.3016278396794,-0.0,-4815.208291046957,-0.0,-2229.6560341982145,51.80376553707282,-3207.2783581441904,-753.6796643156442,74.51966582189507,-176.62295698443626,-20106.072932681436,-12774.91398514075,21132.220089864048,-7117.206838806064,3145.9559204027855,7695.668279503497,-6914.655529439177,-4476.556745433092,-12530.203878229579,-0.0,-1826.91324466033,-1876.4692395513807,-0.0,1053.751161484572,-2868.8172405847818,-0.0,-0.0,-14647.988121413107,-2933.15684462227,3569.1070527247625,-3489.7527843480743,-0.0,-0.0,-0.0,52123.809399249716,21586.18407349085,-0.0,-1281.4857751379832,11153.111143044558,-0.0,-3787.08458679983,-2604.8827671867134,-0.0,-4697.332540853469,-7009.099897412392,106751.45215880292,-11295.62985598332,-8175.811667592021,-28294.415044253794,-0.0,2319.4780341972587,2089.655786766662,-9235.487423063363,24155.675830397344,-7447.791628790275,-41546.66302064939,-14010.455759198676,-9371.793399631622,-0.0,1182.267373733211,-4490.2594451083605,19389.999894699,-2000.685667849301,77.50989143408641,-10914.680708861833,-8535.707988472295,27980.299473669656,-0.0,-1446.3602476677456,111.48534708594877,-0.0,-0.0,-0.0,-0.0,-0.0,-0.0,-0.0,-0.0,-0.0,-0.0,-0.0,-0.0,-0.0,-0.0,-1178.5049382122372,-0.0,-0.0,3875.639736127583,-10750.452656335747,-798.2561380678326,-8545.689866730749,20959.388162730815,8151.114855744956,-3488.0848052749234,2127.08071694104,36297.14180258895,-0.0,-0.0,-3519.8580066594754,2406.1787439601776,-6033.82118774055,-7528.060192983113,-0.0,-183.41759969734952,8565.349036339518,-3904.023517069114,-850.1493653483287,2799.4250881955604,-25460.1586569371,21192.139375022634,-4432.438079518355,-1950.7691406471247,12780.35699301983,-0.0,-0.0,-0.0,-0.0,-0.0,-0.0,690.0326467420075,47137.51396024641,-8712.359189822317,-6821.849899591874,-11332.303526190597,-0.0,-9356.793816995696,-11471.403029740028,-0.0,-0.0,-0.0,522.5840253289939,502.3296748518605,737.1656542412659,2708.3814088244435,-0.0,2371.6634886015477,874.5959291995187,798.847029893034,704.7108620103476,735.7749651888822,2985.818873162034,1577.1070401962518,2975.703427532128,2359.0403719746514,2608.9795554881684,2876.0041602208644,34182.05274980087,37446.52518031365,35410.52158697553,32082.90792007541,6112.236056937455,6058.396756618453,6988.595361262324,8659.131715907422,4260.861188114389,1837.179371424067,1935.1263376542267,1946.3837504757846,1827.10098236905,1928.6686052981931,4482.298313184369,2801.0558491969196,1188.1990748168587,1142.3908424390531,601.4325700080594,351.08411552482244,425.69032797397057,30913.723346662104,33527.060500344174,35586.031655402956,32717.15151422908,50533.71898924482,53199.26100649058,1196.6984214760878,1187.198001179093,1194.274419416814,1012.3393719301166,1130.117948227528,1178.9026646126886,576.6146072545623,44272.416896252835,47288.16390923011,48261.21055023762,2456.883193527839,-0.0,6344.69303445514,36143.513872133204,32615.235088128582,32994.443196655906,54453.03909479174,59764.067957956955,61369.434084242406,51572.271342285945,2424.132931581316,2140.0435130858796,4479.855059816261,-0.0,17894.20009669701,20838.33532869964,-0.0,437.4033635221336,910.956884889962,1431.0880447717818,1311.1463514597272,1523.293885433013,1349.9924677972845,1559.2008864561267,1265.3834266221754,37061.449021322616,35926.64454172039,35282.568037181205,33260.08766069106,969.3531305174572,1108.278774181658,-0.0,-0.0,15786.706279712438,35755.23430788435,34393.753053261535,32111.68094129559,30990.17512092186,-0.0,44799.6382128042,48142.29937147511,981.8824468875921,1935.2313777805916,2125.7423188094876,2267.3046441546016,2039.4712512019412,2007.4315516228312,48912.10054991192,46135.33938578511,-0.0,-0.0,15377.758611320662,804.7218265212927,969.9458790530127,36478.81761920621,34505.711282265824,31080.362716029686,32930.43366483384,31382.616600882608,33359.139065531606,-0.0,14577.6837040847,9268.519244664913,-0.0,-0.0,1157.5717478136912,1271.656038330773,404.27322330401347,361.78693823802826,296.19504473742495,297.7859995017333,-0.0,1059.7079743455745,1010.331235270739,971.3844895167451,1107.3925326284336,-0.0,1347.8666973143281,1405.548655930667,1779.1980396070749,1902.2057406548536,1901.457023999324,1862.54564828054,692.8444811444984,844.544821038081,772.7344668507101,1159.5417877974098,817.6549685219475,734.1730092878688,783.9375998313324,791.3022692005852,7470.809031796716,8481.546329542569,38.24991493108139,66.57673655544166,3116.1682313620486,14666.074400383659,935.6350364142237,898.383354613473,-0.0,-0.0,5857.703763951003,5936.688449461267,5823.4147329928965,5761.994761559818,1227.0988202362512,1326.8816057028587,35021.09082630994,35658.14230003212,7757.8066452854955,6784.400063193384,-0.0,48522.26541533636,1978.5026298922046,1859.792245763114,1013.1428571714246,50415.22183868138,53854.80784455923,52111.02933777319,48056.72153533253,394.3399524627386,54213.5433076512,51021.484357438276,-0.0,-0.0,17669.662793969543,-0.0,638.3090526952618,650.6775616537332,578.2590394111984,1543.3505367630175,8633.113527557767,20332.978571577485,1313.8668768420139,1418.9628367561954,47.40557228492508,620.5910850804637,621.0718712866841,13791.06046458305,1394.3794137299992,-0.0,-0.0,-0.0,1001.9690388992578,-0.0,1067.8210079503035,-0.0,3941.77591261719,921.6863835278716,1038.7031493243387,983.4250672348064,623.3368642687461,603.1812607036626,568.6613780136873,1384.6471869714248,1535.6223420657225,1666.2734515563257,1002.3507780294564,112.60398675543276,4583.677893487929,48404.881515588175,52524.07823270519,9472.166750396565,19075.652502863202,14364.544007876122,15010.776002629085,1845.6892841170923,1683.864852425523,1327.2208865695432,1326.5336312032794,724.1445636938068,875.7545604639255,2165.9294094102024,32681.237547953857,35130.433862025835,1243.8680704877997,1272.5016744803952,1231.4039895155197,2113.0434249674613,2255.0344315943344,2579.5481298804407,35942.93861671878,32175.256996099983,31961.35238864826,35000.57278511432,-0.0,-0.0,-0.0,2159.257092518093,2396.5673102837723,2083.1402489571533,6431.816678016605,5613.63115001936,6071.580770153822,1655.3353122412377,1744.6600305673976
2,-0.0,-0.0,-521.3167068057064,-1658.0303521573192,-389.60860675490255,-460.4792511233235,-45.21793653070477,-856.9546571160414,-584.6854521034044,-0.0,-1236.2343564358755,-0.0,-0.0,-1825.0320371608161,-0.0,-493.19604177748164,-368.05320401207365,-0.0,-0.0,-156.75415300227644,-223.41684318276202,-595.4345156784137,-945.3513167638536,-606.7980746353942,-1784.5106310275396,-1102.0437208245255,-0.0,-0.0,-2486.7713312496303,-1500.7624132632138,-0.0,-0.0,-0.0,-0.0,-0.0,-0.0,-92.98344115436032,-268.92166641295717,-1442.0385830387759,-1165.8090034578458,-0.0,-0.0,-114.07887197066599,-607.3430057791329,-152.79275069744693,-0.0,626.3366033630163,-1418.6913918820517,-347.7375905518604,-0.0,-0.0,-318.275670337579,-3.907046182247094,23.18905006007502,-1675.5521787137043,-2889.7661849752863,158.2452012196027,-4948.105122866042,-206.2574706082299,-0.0,-1400.5940821177605,-0.0,-562.0924677507063,-2143.471385946225,-458.928531889251,-543.5046239827943,-35.0311227415344,-1969.9195843260206,-653.9302193805445,-459.7455447164305,-2641.9333341648016,-0.0,-0.0,-1979.303565163239,-880.3904677404984,-340.98609948657634,-1644.0361570521218,-0.0,-0.0,-1289.3435887916667,-1388.4438101152448,-407.8509001631106,-3373.2091310831706,-55.30171512445592,-65.0691962669091,-1491.4747294689405,-0.0,-529.5664770932267,-887.2071067274046,-15.221971697920251,-0.0,-1275.7316166220107,-73.09363064697696,-559.9886682555219,-1960.120585736869,-45.85607434296793,-1969.6153621654187,-301.49742513192217,-1250.402972210884,-2293.4760635385305,-639.2037384250436,612.4829389902004,-484.21853201404565,-0.0,-1442.448700680326,-2060.8127869555938,-3727.179742876261,-491.1042811872196,-2455.5095244912495,-0.0,-1311.740272786271,-0.0,-0.0,-442.02243987754815,-0.0,-0.0,-462.5189827182428,-69.3747278131708,-1444.6362835291766,-730.5895921021805,-887.4308805906641,215.51480619222536,-391.0581281578777,-313.51099105031733,-357.6025114551877,-13.322472904228452,-389.22386743949954,-456.2085944707894,-682.4447987026922,-0.0,-4476.831368611499,94.77507644210856,-84.48203709497817,-3926.684035709445,-0.0,-888.4683524023537,76.99521822202641,-0.0,-566.8987913167354,-0.0,-0.0,-453.8782142543461,-0.0,-298.82067343550796,-841.221071007776,-0.0,-934.4345187123438,-241.20646962843,-622.5893869026133,-1925.146788737585,-0.0,-1503.0517333737268,-900.2705153665461,-0.0,-0.0,-0.0,50.83092751828674,655.1951040148671,-0.0,-1369.2135841735412,-1628.5820984616728,3.920424457386915,-0.0,-0.0,-425.07621793659666,-310.8385300948397,-331.89347472815234,-0.0,-338.84593196064463,-2764.48956293223,-1013.9889701821465,-0.0,-1095.0599388750509,-2026.6669910146754,-0.0,-0.0,-0.0,-0.0,-0.0,-0.0,-487.95990619059245,-599.235531694791,-238.2663965699856,-153.71239936289163,-935.2319731382267,-14.262042056587429,-0.0,-0.0,-583.6898522544309,-0.0,-564.6066534348622,-176.52273214500298,11.925748029066066,170.88396196136566,-0.0,-0.0,-921.7792597391527,-356.27796537695997,-451.7455318104655,-0.0,-2422.4026435094756,-1910.6702385058823,-808.4653946840136,-0.0,-0.0,-1931.5053767345246,-1150.6305643304224,-622.7231280442269,-22.954257566953945,-1399.5022580954405,-1129.7495268092189,-0.0,-0.0,-1639.928448500884,-0.0,-814.0777600839735,-953.4965153202683,20.536453526566426,-453.35645528498173,-502.9462741312369,-299.18767094283754,-0.0,-1554.7750660797512,-0.0,-2618.403306110983,-2220.954400837519,-175.0831481634164,-438.37893577873604,-417.98120200471334,-0.0,-263.30761844926474,-188.54349006332157,-0.0,-911.8128060965039,-514.0202382379492,-878.2352459991424,-1565.7856880154345,-861.505122733315,-1872.846576233251,-1546.5596843867133,-2088.229310982639,-2067.116327578423,-971.7796647741324,-1914.113234298355,-497.084600665392,-380.57856170280274,-0.0,-1181.15014112498,-776.4428559939461,-950.9462024079572,-409.9745320864519,-360.1463698580912,-1962.0002933741437,-590.8771473674101,-398.9035250966687,659.5955062915733,-0.0,996.9701597559491,-1291.8878132066723,-0.0,-0.0,-0.0,-0.0,-0.0,-0.0,-1179.5506976550876,-2583.372727134972,-445.31991686576157,-854.6612623901758,-0.0,-0.0,-1707.4654559438056,-1189.5535053306237,-1773.1552808566976,-0.0,-0.0,-60.29982746830985,68.71101428752638,-415.9127863843873,-1782.0350353200622,-425.62657313761054,-0.0,-381.9342215958396,-648.0822700704891,-11.411227459644758,-1107.674582863992,-1007.9629744436496,-1352.0312115615718,-994.9806379993197,-132.54780100762954,-565.7620266847853,-0.0,-1468.097962761785,-0.0,-851.3538337348475,-111.15761773011502,-36.08264684354934,-483.53297850018197,-0.0,-2105.996997045465,-110.78039458166784,-563.6539740347199,-1393.5553548677985,-1220.7734200990847,5.647825002034843,-468.0663108492258,-713.5620644509694,-21.889228733000024,-263.36288759727455,-404.2197548751528,-56.324714532775026,520.377593299176,-1129.0772628014952,-0.0,-837.3776980280691,-1102.4537955721473,-0.0,-504.17942309557594,-0.0,-1385.7895186588507,-0.0,-0.0,-0.0,-1045.1985807958154,-750.0062151542838,-362.3135946867218,-0.0,-1261.7908386018078,-2777.906374055049,-3228.770235607625,-0.0,-321.8644681670662,-0.0,-252.42397696559559,-321.4091956240902,246.9790599282028,-500.508217645594,-0.0,-506.66291193005225,-847.2238295772778,-246.42822553492024,-459.4375831515363,-0.0,-407.8584989281961,-1048.2077228226558,-485.3618913761915,55.728418853639255,-2173.7551606804723,-0.0,-0.0,-968.4984409673488,-428.4478948940189,-1076.490597577241,-63.16565631871769,-116.89692241424802,-205.6060189354149,-557.779282856238,-844.8558463396198,-1274.5392642616735,-2091.428439395334,-0.0,-0.0,-322.53469991690076,4356.665702617829,-0.0,-0.0,-0.0,-0.0,-0.0,-2235.4948239539667,-447.7174327593372,-0.0,-957.0766895948466,-958.2212118946975,-542.5613584547763,-1967.0359349510034,-160.53776592304894,-1081.8939804172194,-0.0,-0.0,-1858.7575099431224,-565.5266048803859,-1641.416534728794,-611.1555270684719,-531.5753878871765,-1496.317099851421,-228.19239552840585,-1637.7249651903921,-950.3326597583135,-101.87980160896016,-761.009462413391,-1108.690014966238,-190.44098183391174,-200.06827203603876,-1655.8128169385934,-0.0,-440.24864004999114,-241.9189490179134,-132.2990188228598,-686.5310261354392,-197.56290250481996,-818.5540071276916,-676.7673076389876,-1128.9781023426763,-271.27780964796926,-2309.2042434580585,-20.63850767440929,-549.0020332962661,-0.0,-788.8170843370206,-585.9105287326754,-865.5322963203254,-979.0009111053124,11.642992281760582,-329.28082131947923,-722.1717482468863,-721.9809507523416,-321.8338358410648,-933.3929182168552,160.12674395914163,-0.0,-0.0,-0.0,-0.0,-0.0,-0.0,4.039872398608244,-272.37672821813584,-2147.6027742466035,-3888.045348143391,-436.3667500081989,-941.7332976948252,-127.33021642742827,-479.6775104435681,-1232.5653259181536,-1012.22738664429,-71.95319278623653,-402.91117763003734,-434.64478676500323,-0.0,-117.61485499725899,-934.4599666672043,-579.5097403404768,-0.0,-1191.9004618600534,-0.0,578.6580562927893,-0.0,-0.0,-0.0,-24.092153745115297,-0.0,-0.0,-879.0956730974411,-381.5195755335216,-1006.6643795054729,-0.0,-0.0,-0.0,-798.984136204156,-504.64114815642483,-1227.8794088368743,-0.0,292.20020420800876,-0.0,-0.0,-2646.722313320247,-1230.5099104908682,-11.352293090503869,-0.0,42.250135524916345,-16513.3836517275,-15882.281182337887,-2277.8118124685566,-0.0,-0.0,-0.0,-0.0,-273.7982710078827,-0.0,-0.0,-620.3558117152609,-2205.2258176687947,-1917.171445020187,-1335.2222963790505,-365.1136702112816,-1615.8107525399832,-40.45387343167309,-1425.81694105156,870.9520172663425,-0.0,-747.1666473695572,132.3539609188498,-0.0,-0.0,-0.0,-0.0,-99.86964152339834,-0.0,-0.0,-0.0,-696.3983121048828,-1414.1742368172265,-0.0,-0.0,-550.7652665247726,-1852.4879484762153,-0.0,-1260.9988040007559,-1542.7084006247085,-1611.142417798065,-0.0,-0.0,-213.56064277695268,-67.61677596471648,-969.378693501742,-1337.7320552534711,-449.24923945804454,-1257.7044779965697,-1091.907316659029,-0.0,-0.0,-0.0,-0.0,-343.8516025497208,-81.38016493092698,-0.0,-0.0,-168.1735525589738,224.64200728148631,-0.0,-1048.922166583905,-988.0744155887337,-980.7791408037391,-0.0,-0.0,-736.2592898117701,-1159.0602255325184,-671.5783345171036,-369.153582764242,-0.0,-2063.5959800811565,-2085.9864545830787,-0.0,-0.0,-0.0,-0.0,-0.0,-1259.855144872384,-0.0,-1872.023627255735,-1017.0729912010767,-70.60182519162724,-0.0,-0.0,-0.0,-2346.4241383607773,-1369.1690431704462,-504.23020079234504,-472.5065237188901,-952.4609919362873,-715.6607819061214,-0.0,-0.0,-470.6045581429889,-1160.171235656776,3.8781590164091266,-510.65093337681265,-0.0,-925.1006703818172,-724.7802610325281,-1423.4427909353049,-0.0,-225.35760713966664,-216.87540553404335,-280.0721531491777,-1298.5551925843413,-91.13138393607244,-0.0,-0.0,-0.0,-0.0,123.18421988772558,-139.94989662220908,-700.8590600104181,-1308.0737535954177,-1123.1152537662736,-492.3142309920263,-510.9545764457908,-7999.458875643269,-862.4036533877743,-500.75586955141296,-0.0,-0.0,-0.0,-302.6095547634421,-337.3428520559268,-1018.0286465519351,-297.88904411948175,-0.0,28.347167153480964,-0.0,-0.0,-0.0,-0.0,-0.0,-0.0,-0.0,-82.99026981845083,1500.8307425185972,-0.0,-1228.052203012389,-522.3723222307766,-378.34994796181627,-1653.5021792287773,-0.0,-0.0,-535.2260984738202,-645.7541238767645,-105.97982149243468,-120.59155874355463,-0.0,-564.9416908003278,-159.03629965890238,-1732.69721232435,-340.3054574068498,-444.87118977805216,-0.0,-0.0,-1176.8644982939034,-2079.0522853554276,3.3764027563836767,-492.59345959803466,-370.69764933927877,-928.369692843991,-1189.840006095473,-693.0071173604211,-271.37120411887184,-152.85847231270955,-1295.6741165828444,5978.873534840698,-0.0,-513.8970095485048,-551.4592672554078,-1041.2881371340104,-1027.284030260285,-990.1844014875944,-1644.1238249352919,-1576.1811780843818,-527.3289977229877,-0.0,-0.0,-1552.4887207994823,-0.0,-0.0,-358.0397870103066,-1611.7945502429616,-1331.4752769228337,-233.7693592425936,-108.21650851455149,-1699.815886066453,-0.0,-1231.1885590440168,-0.0,-0.0,-0.0,-0.0,-0.0,-0.0,-390.1900719494701,-1332.4345554739552,-905.0660509479522,-70.27960262165432,-215.1605988609297,-461.1960871016312,-167.1344793197645,-0.0,-0.0,-437.8280021219039,-548.3839734570424,-3283.487684537973,-0.0,-1112.7573102811052,267.8799262727104,96.01431748789086,-0.0,86.99765953334489,-142.47398177365372,-87.45282890498142,-452.6403846599154,-0.0,-1435.6676706195417,-0.0,-0.0,-1265.3996773828553,-0.0,2005.3044263584102,1958.5220826151817,1941.4610101117896,-0.0,-0.0,-1652.8247769562208,-0.0,-0.0,-268.5179201309879,-788.4575971564427,-727.7295657968398,-956.7144519835107,-931.8575509898949,-0.0,-0.0,-0.0,-13.97937530342601,-664.6045729795414,44.27860136014175,-64.93571159176767,-1018.7192672469544,-845.3280101977388,-349.27667983326114,-1264.9266705969028,-0.0,-1646.148469227887,-1045.3327335377323,-1454.880677789664,-451.6742788386362,-465.8547978942392,-0.0,-1246.137631179462,-754.052899551374,-805.507782851822,-1833.571633672784,-466.05823387353195,1065.26518157732,-3.8007261175129385,-346.9909983816471,-1099.2398886503136,-0.0,-1427.1233243704692,-2945.1186851047473,-428.10933325056055,-475.07276612521537,-0.0,-0.0,-0.0,359.9281976881438,-350.00595308379803,-440.57640925710183,-157.73544121575065,-472.8358849668136,-382.62238363581923,-0.0,-380.69950839168024,-911.0667545900405,-677.3964290280027,-0.0,-1780.035355409809,-3643.8420907117797,-0.0,-0.0,567.2587854218161,594.7049158045188,-0.0,-0.0,-648.2705789240348,-732.2766744335668,-356.3882794119696,-599.306144665961,-0.0,-0.0,-0.0,-0.0,-0.0,-2616.116567717346,-362.84719422323957,-1541.0015896213974,-939.2936580329601,-0.0,-271.3362300854957,-742.2550399713373,-0.0,-301.23560003780887,-722.3254294276654,-970.588820112899,-4175.589449850431,-37.386003190602096,-0.0,-0.0,203.59177556015504,770.1579649439286,-0.0,-0.0,-363.5731775167004,-0.0,-29.322005789421723,-0.0,-2314.2297501929556,-0.0,-381.4798848496749,-0.0,-0.0,1762.201420238171,2004.6132658537776,1639.420719817598,-0.0,-0.0,-399.8466617489438,583.628057602919,-2116.671711693435,8.070464441884578,93.01570877134156,-2323.959690264233,-49.352181643311134,-134.34299993118685,-585.4453292989093,841.5199959470805,2940.602052457357,-2552.0737009317168,-0.0,-0.0,-844.3234405471056,-1412.1016825015056,-1252.1645835673778,-232.52744977505697,-64.45946222293537,-0.0,-0.0,-0.0,-0.0,-1904.8751853712272,230.49828241886019,-0.0,-10.765873069774194,-0.0,-1504.148633200972,-1642.3897719376619,121.71653421651146,-0.0,-0.0,-268.11383972039306,-0.0,-1545.0858450833093,-69.5926834898206,-969.6755434013968,-343.9375180920962,-1112.927585178128,-601.5855869460332,-901.1326045031304,-578.0067371296499,-0.0,-0.0,-0.0,83.52846382581552,-0.0,-0.0,-257.4666029159087,-398.27263320543574,-617.4107719202731,-0.0,-1253.175317915644,-966.0823174282316,-744.5689033461659,68.51077929121318,-357.9904305032405,124.81630577301833,-290.63203099184034,-0.0,-0.0,-7.615188744195698,-1646.7731430762587,-563.755651701638,-879.8761867193218,-130.75519441210494,-1798.525438797863,-1644.801487975209,-963.268172073647,-994.6877957527812,-96.85773959017392,-532.0282273366507,-626.3788070797949,-975.4474497109568,-2311.826570109652,-0.0,-1565.7866840261045,-135.408115125998,-0.0,-2001.4698987075,-2628.247593080752,-1997.1406911798772,-234.88333570542517,-0.0,-1338.2361824188192,-177.88607182137883,-1096.0739308509758,-624.9225218814814,293.2500351392908,-1634.2002412719446,217.88553178336514,1918.6065896651794,-0.0,-196.82676261590586,-425.29141475675414,-787.4631205714157,-1106.073426798152,-1539.697995816583,-3901.6383000180163,-0.0,-364.69763067873356,-1192.78514111021,-622.9074540244121,-220.90344970352896,-25.080042495061733,-293.0875101238575,-0.0,-0.0,-0.0,-0.0,-225.1783371031205,-1105.7642368136765,-797.8159892165384,-47.59889981783206,-15.35206519387535,81.05663117098517,-0.0,-0.0,-997.2875893388468,-464.4448977020566,-0.0,-2021.2339465216508,-26.048381620972332,-1166.0388558794427,-0.0,-203.16339205661058,-167.37143138218636,-0.0,-0.0,-453.8651482590887,-0.0,-0.0,-4674.68282248193,-179.05922690140147,-1934.9857578933234,-8.043358697692463,-0.0,-120.63090121613375,-1139.2526619213247,-587.0915538009693,-276.821547730007,-1284.6584971248003,-0.0,-333.87264227350823,33.86741969652616,-514.0695722556633,-0.0,-0.0,-36.0417053050551,-60.48849154404832,10.842727675240756,-359.0700401695423,-1255.3809640343914,-1451.5436439827306,-0.0,-0.0,-0.0,-7.0200726041417,-278.4077125945419,-0.0,-1276.3163304496484,-2337.9574592699905,-0.0,-0.0,-21.16381093838665,-1381.9670062973264,109.1859773112602,-0.0,-0.0,-0.0,-0.0,-495.32737734254613,-2044.4514945112078,-547.8261733608524,-1105.3282869336008,-0.0,-0.0,-599.4160647777296,-446.7366867977106,-347.2833088694921,34.36383275128276,-0.0,-0.0,-0.0,-733.502035869609,-642.9371122263296,-449.3636959440838,-319.6385145139624,-0.0,-0.0,-0.0,-0.0,-1942.0252646210429,-72.50010327475343,-68.19322868561721,-0.0,-0.0,-610.5407699706004,-391.34491669194176,-0.0,-1734.0211647556355,-4595.569795316962,145.09774584234458,-960.3392657727137,-0.0,-0.0,70.19758163477742,-577.9694814043078,-1550.5712582039405,-446.81119432391057,-2239.592313011214,-1017.6717366835417,-735.116092319533,-1332.7168594931047,-0.0,-0.0,-0.0,-34.76305048803334,-1003.9539434077129,-0.0,-0.0,-3021.081167909867,-73.70563690201053,-1273.6764912541732,-675.799137345401,-0.0,-0.0,-0.0,-0.0,-0.0,-0.0,-648.0741296480883,-0.0,-1456.4425121791824,-0.0,201.55586789596978,-1009.3688484089522,-0.0,-0.0,-0.0,-2330.367068314541,-0.0,-0.0,-360.79780597419335,-0.0,-0.0,-879.8872042173361,-567.0800308847632,-0.0,-0.0,-182.8665978232085,-1797.3054941425735,-0.0,-1164.5317394806552,-421.8211077553624,1081.6345469467033,-207.71808240360508,-0.0,-447.7673917428741,-166.69589273959974,-0.0,-17.44025058728656,-0.0,-284.8933158109793,-0.0,-0.0,-0.0,-0.0,422.9808896217088,402.2650688577008,-774.6038201167681,-1615.3435197461013,-0.0,72.7296232256144,63.44642105925737,-70.60382592115276,-755.7788234048597,31.917922948816685,-441.0155279108421,-341.7156541433139,-216.8586145648662,-3112.892347672397,-0.0,-215.6268314828317,-1391.2718563532708,-2083.02684911102,-0.0,-930.1961494291164,-1293.223831586318,-1857.659349780288,-677.2772308344063,-0.0,-803.3444074922847,-663.4498694720063,-717.784815379974,-1335.8258626133404,-890.582572147957,-0.0,-116.06595072755641,-1127.9173447491362,-0.0,652.1972824704826,-472.6747993170384,956.075294263476,-0.0,-0.0,-15.14431843398193,-542.2591643995094,-2188.2202212571906,-914.6844759666586,-0.0,-755.4885451025104,-2731.854999677082,-875.2329318442945,-787.7331252132717,-1037.634680863156,-434.5770647335425,-32.06364246637988,-0.0,-0.0,-0.0,-984.9247662874272,-3.876090831260723,-0.0,-0.0,-1734.3145212913776,-743.0587575941917,-478.13476688308697,-1489.2163322778679,-144.2625475450757,-29.703551277315494,-2075.0787463821503,-706.7157834127978,-488.83976761596426,-1169.1182522959298,-0.0,-2306.512376538103,-358.33636935219306,-1016.3315319898471,-1349.5721244024562,-322.3094427531678,-472.01213316383524,-1329.6893571749029,-377.420558117763,-0.0,-0.0,-0.0,-1214.222351910967,-0.0,-3476.6952791916865,-1038.250124478013,-1257.829710737057,-0.0,-0.0,-0.0,-0.0,-0.0,-115.73025869479163,-0.0,-235.94868490946195,-858.5125425046823,-324.22686241638627,-0.0,-0.0,6.7053302905319745,-0.0,-0.0,25.341098331993177,-232.57107123699618,-0.0,-447.12734029124493,-0.0,-0.0,-71.92072871099553,-0.0,-2619.802265543961,-2033.037017257385,19.977478517363387,-5873.917062751827,-884.8189259695142,-575.9053158052355,-0.0,-723.2604228724271,-1168.9895088902329,-0.0,-0.0,-0.0,19.05870561246807,-0.0,-1006.2035981028245,-0.0,-1418.0751179490937,-0.0,-0.0,-2063.1153886817274,-966.0665488434888,-779.0483344374509,-0.0,-0.0,-0.0,-0.0,-252.13203051190877,-607.6628607252627,1230.4762968771543,788.2880322932203,-738.010949913922,20.630213421272526,-0.0,-304.01332145175763,-234.62830605357033,-1743.8971851176234,-372.5599532045951,-110.44072097686491,-963.2930843623162,-1188.4480374655973,-905.5021233347449,-544.3837900810263,-0.0,-0.0,-0.0,-3.9449276899965127,-0.0,-1365.6072722083227,-534.0683832058094,-0.0,-1762.5944193567914,-1109.2445110596545,-0.0,-0.0,-0.0,-0.0,-0.0,-872.8980634426617,-0.0,-278.65461324278135,-1336.3492454536959,-0.0,-1063.2464529218291,-0.0,-0.0,-0.0,-2144.29960685435,-995.5982511615547,-865.5695186315593,-2217.571375056679,-0.0,-0.0,-0.0,-84.2259162611892,-431.86807636584723,-24.75829536335598,-543.3071871570465,-125.76609848830427,-0.0,-0.0,-299.1614293924526,-1267.2387071636963,-3554.72591622258,-0.0,-440.7004052432582,-1196.7213887655155,-399.904760259124,-419.95298468753117,-0.0,-0.0,-3.329027079680673,-1896.0670140263821,-1819.4027043668086,-34.647206439356744,-1431.8488276247283,-363.30259085350946,-742.4226472848449,8.068242977249184,-948.2459290786506,-0.0,-1893.642061517246,-0.0,-413.09393979204015,-0.0,79.25085512365634,-0.0,-0.0,-532.3979864796332,-663.778781905468,11.889645465552393,-0.0,517.0926377534726,-0.0,-0.0,-1311.8838043272108,-1161.0001185707517,-1003.4861990550806,-0.0,-344.6731570298973,-574.6308770227528,-1310.585182372877,-0.0,-0.0,103.02098840298163,-594.0664217178902,-0.0,-0.0,-15.629072119722867,-0.0,-3.814666454150382,-548.4283303726406,-0.0,-0.0,-1192.8854018682864,-1221.9479002527762,-73.63101535409623,-6.708832146682189,-112.96761908036797,-707.2405569049511,-989.0738968675307,-1508.601795237042,-0.0,-830.7243143184204,-13.9542482078694,-37.79138926754547,-1191.311053486097,-0.0,-0.0,-0.0,-0.0,-573.207175205963,-3.9710523072684443,-7.955504602575189,-0.0,-0.0,-445.7641285669171,-0.0,-0.0,786.0247158023723,-1025.2358863243885,-36.91939561412595,-1731.358512856006,-0.0,-0.0,-464.9896506459317,-0.0,-272.39866146760113,-904.1012977930837,-758.3648664907344,-911.3600162012295,-0.0,-0.0,294.3228262208552,-0.0,796.192668418723,860.4776952587579,-183.18033842209041,-745.3887864176804,-0.0,-0.0,-33.937184307823166,189.9984769514201,-861.3393838876202,-392.7276398781497,-1144.879639346036,-2277.0217093426004,-1915.1896634820741,24.035433623164394,-0.0,-280.60678851754545,-4895.043258885196,-522.6229327183244,-440.0806555040288,-0.0,-0.0,-553.877594294034,-0.0,-696.7856356258308,-1289.8150181975998,-667.7737953948133,-0.0,-0.0,-57.71966648983798,-0.0,-180.29783178048336,-1242.089166549976,34.71596699126158,-548.1000131869621,-302.3710644067431,-210.75464097704804,-683.3080264289116,-2203.146787087544,-17.12914520826502,-1044.1981042106358,82.15994764772785,-892.5102069855998,-274.9835357244187,-0.0,-0.0,-124.3807908207792,-0.0,-0.0,-1679.092814935668,-526.9758692736582,-0.0,-696.8567743506384,-442.7908848246489,-0.0,-0.0,-1298.0564223266647,-855.1662307216213,-1313.9079457337064,-1233.4456592332942,-0.0,-130.8659770614238,-2813.6575722215052,-783.2224635622523,-362.753920585463,1661.1639185065578,-1322.1119309500095,-1056.5765727110327,-10.74669169413563,-821.6540463036961,-15.045348039103636,-1455.4892819798692,-0.0,-3067.6762797592655,-532.6927573717534,-0.0,-1324.9612523051828,-1476.2535310278415,-0.0,-165.8231902964509,-784.0328030451406,-957.3703345925459,-1237.5609527283648,-643.5362501763445,-436.554007479378,-541.0843532218829,-0.0,-247.04777382496584,-0.0,-2147.7307912957003,27.679066925740727,-2916.3871648579216,-699.5148004097398,-0.0,-0.0,-1079.5640176956458,-776.981373702272,-0.0,-408.36751041553913,-0.0,-0.0,-696.5042742229,-0.0,-0.0,-0.0,-0.0,-0.0,-0.0,-0.0,-659.6243817498527,-432.900355012665,-2580.961352707635,-2241.3621169984713,-0.0,-0.0,-1076.1657991873672,-1727.206207630669,-417.175895531361,-179.71658248346185,36.815059245549996,-0.0,-1378.5552356165133,-0.0,-2357.962768760997,-0.0,-0.0,-0.0,-0.0,-1418.6410696292592,-186.49173510025417,-309.973519917065,-1049.9170861409818,-1056.8543187202395,-603.2951990721413,16.15455038019303,-1028.0927060754673,-0.0,-0.0,-0.0,-0.0,-530.5304184997167,-427.72292647504315,-1194.5125745596165,-0.0,-956.6973489100772,-5626.963177710969,-537.2776229147005,-633.1654960468488,-2769.4041086920797,-635.5864802889037,-0.0,-402.21674577785103,-378.3318703406261,-1012.0235268411383,-529.3656176841265,-1344.8422198221465,-1259.0981323926674,-0.0,-0.0,-0.0,-0.0,-1373.9337698349007,7266.821357417294,6281.157830030149,-0.0,-0.0,-0.0,-0.0,-1805.8401481475282,-822.8790793092707,-80.2278700354272,-1232.464971203049,-728.5495426471647,-0.0,-0.0,-0.0,-0.0,-565.2593058612672,-0.0,-1620.700163867474,-199.76019117621928,-0.0,-0.0,-0.0,-0.0,-183.79212173505883,-384.26102650701534,-409.6420237339348,-740.7080963722947,-807.6818279765145,-1064.4665227780872,-797.3973625205102,-306.7922576336183,-1019.1519832919699,-1323.9653150232796,-1042.057668069228,-1549.8685964514518,-174.70678239212296,-1134.1091820334716,-981.0539917233361,-804.5162774595568,-1447.4574332009608,-497.3259122764773,-1928.6288612700648,-1421.6251933198687,-1274.2027191057696,-541.5278927969572,-572.7053939953088,-968.6101863578353,-0.0,-935.386462062908,-0.0,-2593.706483434236,-597.5817413130736,-212.5965890491391,-1550.9660075656673,-1262.4017956190821,-1052.1062186495058,-0.0,-0.0,-0.0,-0.0,-702.5455189698026,-3284.734495867603,-1216.0036860330054,-0.0,-0.0,-959.3086240593633,-0.0,-0.0,-897.8074923359591,-345.3980644770879,-937.950980285374,-720.8585860551353,-825.8593762734442,-601.4779781633837,-1702.8237980880476,-0.0,1090.7078920243416,-0.0,-0.0,-901.7128086284546,-4985.622837242148,-0.0,1492.8376388211095,282.0661994919022,-804.8315218471565,-0.0,-0.0,-1329.9701051697748,-913.8198537505256,-2013.8703248939682,-1772.1166717917122,-339.7183701250046,-0.0,-412.5964849562266,-163.08945483701785,-0.0,-807.4850668591462,-0.0,-1448.7903939808084,-2046.5546289633237,52.12910215699693,-1983.1932222801206,-1743.3622483211916,-0.0,-429.8689630478464,-1377.7668325563295,-1921.1640486614676,165.80359607561826,-367.0404467404972,-2208.0063226183975,-803.3036577430152,-697.7599089266389,-785.5504770352837,-383.7574013466122,-898.7688364024257,-1314.7109794816258,-0.0,-832.4515958769169,101.48961274737809,-1203.1530996256213,-0.0,-422.77687025127557,149.39504941599577,-767.7347981988436,-683.2259049297019,-0.0,-484.3748292640614,-312.1085857391484,-1589.8091034715233,-963.8393936843428,-1263.6590269705864,-759.4819297951227,-723.791061464948,-888.1669440016689,-1733.536307894453,-61.24832682479304,-0.0,-472.75011055763264,-565.5412310238521,-1262.932824970276,-1828.0005967602262,-285.36524068819165,-676.9598172142458,51.332186310872565,-787.9021754633379,-468.3624225483192,-851.8684651854674,-0.0,-840.21743824314,6.969422024815524,-1929.4024776655906,-0.0,-250.07049734312517,-459.75777411151347,-683.719885546402,-1975.742974385946,-137.19842386032622,-1258.235784635639,-633.046196444518,-2243.60737308103,-0.0,305.1254901103505,-0.0,-0.0,-194.3110846359964,-0.0,-0.0,-3161.709413076341,53.93758383944056,-39.29828343088513,113.82794581613722,-947.7161453486283,-0.0,-0.0,-0.0,-0.0,-0.0,-24.444554709896067,-0.0,-689.010101799105,-0.0,-318.6355677302992,-1551.7652426611303,473.9313169020041,-2846.923505682202,-0.0,-0.0,-0.0,-0.0,-0.0,-0.0,-0.0,-0.0,-0.0,-2088.0181107772273,-0.0,-2284.6775236621265,-2823.803989957528,-0.0,-0.0,-0.0,-0.0,-0.0,-655.0466503341657,-853.6630812838814,-0.0,155.30469766033207,-561.1794107860144,-1953.542643972224,-521.9536225713492,-0.0,-527.9307557603214,-724.2175595858947,-0.0,-0.0,-514.5751939617944,-785.6386754686323,579.571589843821,-403.3092567600196,3.8151836587922388,3.831067474217461,-0.0,-0.0,-0.0,1261.3960976340968,1489.9570043625006,1242.2257620026553,-0.0,-0.0,-0.0,-590.0446541639033,-0.0,-0.0,-860.4554653951267,-77.99016357930847,-409.6519996431217,-51.510707407160744,-857.3689946161585,-790.2109479297421,-1107.494601646956,-509.89180546776817,-130.8302917348645,-951.3666467951216,-0.0,-1763.0833462384526,-68.10926760297696,-513.3008118378638,-764.8226902045362,-66.99273889510823,-0.0,-994.2231516635218,64.44150136005025,-0.0,-0.0,-0.0,-0.0,-0.0,-1261.113134138628,-2517.3577217091597,-0.0,-691.3194711855745,-7.177117965723919,-0.0,-0.0,-0.0,-471.23861480037306,6.748578453990949,-0.0,-989.9375111605531,-683.3168152774007,-0.0,-0.0,-473.1215144174628,-0.0,-0.0,-1468.341221649207,-1223.8761251935246,-0.0,-694.5730921407741,-1910.6511601209734,-86.60012466929359,-0.0,-0.0,-164.817386495717,-687.1748308738978,-256.2127892924782,-272.17179462086233,-190.89110210668213,-0.0,-0.0,-0.0,-1014.5215132920316,-771.6429860884778,-1811.21922088362,-108.09582302881968,-1100.5942426424187,-37.16593200846118,-335.1590605343193,-442.13964470454766,-1764.6640232843633,-0.0,-0.0,-731.641062728698,-1587.0777668148912,-0.0,-0.0,-0.0,-494.58095566637763,-2067.6891548099284,-2983.4524098663105,-0.0,-222.81119825736366,-81.75181825861185,-576.5918101829315,-500.4229037031054,-1429.8544549036028,-0.0,-1244.4289770466678,33.223062955783796,-6.79353343745164,402.5796183578754,-0.0,76.9779905065389,-281.9136994289032,-360.60194085410575,-47.52223650093051,-0.0,-0.0,-360.7823980974358,11.823667758882339,-0.0,-1367.2254725854873,-847.1340010547423,-833.6604062973486,-651.6024262729613,-997.1542993542944,-1332.465513477343,-0.0,-0.0,-0.0,-0.0,-0.0,-323.65545258805423,-463.99260695830577,-1021.107215078356,-1233.4633302420527,700.5039654655768,-1289.2933986251196,1262.2045545042688,-0.0,-1973.423366345044,-1316.4273878748113,-608.7737633839729,-17.180074923289126,-166.4886228811934,-1800.7286928815372,-337.0679728318749,-0.0,119.14113333568261,-679.5594267260001,-0.0,-0.0,-466.2675332740591,-321.5732352274594,-345.10578396537954,-1037.6386642507482,-1238.4750487707586,-0.0,-1429.9118099686962,-1152.9943611537922,-4394.8032678903455,652.0128849665078,573.6471960020824,652.0969821209225,577.5706587959053,-0.0,-0.0,-0.0,-0.0,-0.0,-0.0,-0.0,-0.0,-436.4900657010333,-0.0,-40.967694021081954,-0.0,72.92254850138853,-950.2839043221564,-1116.0478618525885,-1673.142714428784,-0.0,-0.0,-0.0,63.48662107899264,-2763.8948699665493,-658.042768876766,-2462.5136029517143,-1430.4728184181492,-0.0,-0.0,-282.9461411840039,-1166.4693772984272,-0.0,-1822.8560837766468,-494.3244216310103,-0.0,-0.0,-0.0,-2306.766930807569,-0.0,-0.0,-0.0,-0.0,264.91160564806216,-0.0,-0.0,-0.0,-906.3974520237556,-0.0,-0.0,-0.0,-0.0,-0.0,-0.0,-0.0,-280.3392451453601,-934.6320425034552,-1303.108024736602,-1225.953593401353,-536.483065257575,-873.9391018394958,-49.738073551874415,-0.0,-650.9822114973434,-42.429128750282864,-0.0,-0.0,-0.0,-0.0,-608.5998383935884,-0.0,-518.712533710585,-1120.3554994944898,663.320924350895,660.0384791739327,720.3089376029341,683.25755845732,661.0182715193746,-0.0,-0.0,-0.0,-0.0,-0.0,-0.0,-335.0198029399217,-0.0,1724.722864709555,878.5235586719573,966.570279656513,-0.0,-0.0,-1150.6255416387182,70.417791010524,-44.56452585719002,-2133.065007043155,-0.0,-1647.167587134596,-0.0,-11.438781762498621,-0.0,-0.0,-564.644767583872,-0.0,-635.8611667911288,-467.01162830028824,-322.3703479088231,-0.0,-24.716768488602952,-0.0,-775.0753387106463,-0.0,-1896.1802803010428,-435.3378021147739,1594.9347013135696,-1692.7370344345834,-763.7872305069507,-73.87856650744087,-722.8815862379391,-0.0,-444.3020296778039,-37.30364305256609,-2358.5846585103045,298.2210396245504,-200.27227013846692,505.791948116961,1019.5925182881227,-0.0,-273.43626866807614,27.551566736613438,-907.3906283712714,-1031.4971082232782,-1276.0634482330724,-1731.2217618274633,-0.0,736.8414111038375,-0.0,-338.8510439495148,-2253.4468699374993,-1091.182122485549,-0.0,-1096.7039203413276,-272.2374320779415,-578.8057811100634,-597.0877753941872,-234.4034845374973,-1402.3446816234002,-0.0,-1581.0416318949203,-356.34308583596874,-1379.3201537830275,-308.66357983916515,-0.0,-0.0,-0.0,-0.0,-1224.6191799802464,911.5946028758672,-855.6794165050384,-617.3265883965508,-0.0,-44.634990555287715,-0.0,-0.0,-785.932046337681,-665.0577434016955,-586.703360726381,-623.7241278296939,-0.0,-0.0,-0.0,-0.0,174.39755609073694,-0.0,-532.3726910566613,-1706.9765390945192,-901.0842468101581,11.478952301919707,-1268.8234938389664,-0.0,-0.0,-0.0,-556.0724362125112,-720.9046104281094,-0.0,-1370.4417121886834,-0.0,-2604.983896249058,-3230.807338495451,-0.0,-80.72232338121071,-0.0,-616.6110842079779,-0.0,-0.0,-0.0,-2052.6071964241673,-981.4354863646689,-458.5068328491665,-735.5916400634007,-0.0,-0.0,-1932.9355038612212,-0.0,-478.9482834135407,942.5201794502455,-895.6776239277932,-599.3008684804472,-435.81447776670433,140.05367531370806,-0.0,-0.0,-1204.4582237964264,-0.0,-496.9382149426611,-80.44072595476962,-361.5187539955287,-274.7536221496385,-0.0,-0.0,-175.0579466485294,-600.5958393530256,-886.2912561786044,-479.335861104458,-1063.3913338063892,-72.66352682022476,-0.0,-115.12228067571755,-1724.2362350117758,-996.4403908205353,-0.0,-0.0,-0.0,-499.31797331130247,-536.3468947129513,-1293.4411822023092,-0.0,-0.0,-0.0,-0.0,-0.0,-1316.7352828893265,-582.5494249524672,-0.0,-503.9659761413545,-0.0,-14960.676894576165,-667.5851473189846,-234.6365754336351,-392.9914561165545,-0.0,91.8884448778499,-1551.8033148211916,-2293.339474330318,-0.0,-0.0,-0.0,-648.4206782463921,-481.0867882612551,-862.2424421219715,-898.3969776660159,-462.9477709485727,-0.0,-0.0,-1467.4730811495401,-536.6408904333124,-2167.1229841923587,474.3263465004684,-1794.528055498265,-0.0,-0.0,1456.317860862797,-901.1477126365127,-0.0,-167.18107629250147,-299.1935695807649,-545.8206617683372,11.596645557186937,-738.8783310826036,-0.0,-0.0,-1113.001121611354,-1197.108219862629,-2244.891932477525,-0.0,-0.0,-1988.3962543769096,-642.7945842341411,-672.6770776828529,-2064.6963339683557,-1333.1474404516152,-0.0,-0.0,-953.1308706346296,-0.0,-234.52247174273538,-1401.2277563149567,-1335.6219828265448,-0.0,191.00624167441808,-673.8945860657356,431.3611760815161,-163.38428583450175,-314.0135813608665,-0.0,-565.3521148538507,98.40441609497731,-171.91035095014698,-324.8011726816659,-2314.891481767407,-1892.1356741616762,-78.32907412176952,-4319.16917071926,-463.2588754688717,-937.0793827229944,-42.81065936988098,-3352.4130019172517,-286.16500910330257,-682.1774453815469,-260.05229938458024,-1572.3314033740203,-1123.6854606280908,-2809.7442165778125,-3847.0267097624114,-36.51486441310865,-550.7592163257848,-1382.330969364147,-927.2513472297719,-0.0,-3486.110193516453,-0.0,-434.4088102077285,-1300.618239558065,-1114.6467187480343,-0.0,-0.0,-796.3711262625949,-242.11120683498646,-0.0,-1264.263282124376,-0.0,-666.0765829119852,487.8781184841409,-1282.2407607511668,-410.3916592005057,-6.862583428610679,-52.233058952051174,-0.0,-1630.6617579899155,-486.5718697550566,-0.0,110.71487490914562,-0.0,92.77515323956472,-116.84041690533577,-0.0,-394.39682407252786,-1114.7999773370993,-387.3720493372771,-709.4678532126038,-1949.4540496917916,-0.0,-3310.3893174466466,-1672.1468098774267,-2197.039446297724,-2015.913290943609,-62.85771122821839,-143.61351707105948,-528.1059790005,-1069.0655689108526,-0.0,-0.0,-902.7749873493053,-138.96738156826248,-0.0,-59.53428035215758,107.01460447669422,-2006.2838100400393,-0.0,-0.0,-1012.194062832453,-0.0,-145.51655450657046,-0.0,-51.40149510858349,-174.7103363305404,-0.0,-292.8750696219715,4791.529395995889,-0.0,-0.0,-1328.7565582040145,-583.77099992437,-220.003432713257,-0.0,-0.0,-0.0,-483.75289018963645,-1737.5340539776112,-0.0,-0.0,-0.0,-1651.9424391114317,-164.61166166672683,-0.0,-0.0,-1466.612085426719,-611.9912522462826,-307.21950021485355,-320.1285137077896,31.99502190942448,-508.8561132424704,-318.43653788790317,-235.84593432289637,-1813.882115293012,-0.0,-0.0,-852.3986188334857,-736.405078035198,-2212.3753639125703,-0.0,-0.0,-1963.7043509887774,-464.04089804567207,-1237.6499148370451,-432.2227074914999,-595.9624109168917,-1935.2289117835862,-608.6253228182333,-72.11959340514677,-748.8299188240807,-1978.2220760027076,-1553.7733838428135,-1038.645778119706,-0.0,-442.3995499272132,-0.0,-1447.5041131268028,-339.03355127684466,-177.32143503709233,-508.43311192850945,-764.5890275253291,33.533488792536225,-0.0,-909.7876629574182,-531.1691872433422,-73.29601802348186,1267.2603282412308,-57.43286179813993,-0.0,-515.1577085584961,-348.5884128372488,-0.0,-589.5339780112399,-1286.7203114890792,-0.0,-0.0,-0.0,-0.0,-299.9366265843469,-618.7900632180792,-310.16761256444664,-338.0030858954789,-294.09063069705513,-1589.416789540109,-631.1298011744107,-1061.991268556911,-2021.8647629992065,-1459.215629851867,-0.0,890.9068241190711,747.5942170875035,481.5175568676561,691.4131408517005,560.7953216486734,-0.0,-0.0,-0.0,-0.0,-0.0,-0.0,-0.0,-0.0,-61.43591311624843,-686.1981211915339,-437.1470729389861,-286.3099581113129,-881.9762573396121,-103.2902961418044,-298.8301474020932,-959.390696749695,-246.0799202263059,-1490.7062254604677,-688.6313090546843,-94.60807393602113,-390.56551750558947,-7.503191171812534,-0.0,-735.4700583774812,-143.09772884346313,-109.1774378561236,-722.8563136229518,-380.7690381625147,-1402.4636599622174,-226.9320369981175,-0.0,-0.0,-1909.7231416943641,-369.5679854198122,-239.12426743061062,-433.40237507261,-753.998224001788,-397.72092130207557,-308.9356738839488,-0.0,-411.40347382173593,-463.4248715321901,-538.4801959634456,353.00762619249014,-1164.7254537762906,-1606.8142783978708,-427.67470802272555,-556.7407655147803,-245.60155447170283,-11.359831071211868,-0.0,452.43541942072704,-801.2644698312536,-42.60161589752376,-1490.9534349033584,-0.0,-0.0,-1102.259409631743,-409.9763123332786,-0.0,-615.8636959232065,-603.913690130895,-725.7075024207192,-0.0,-695.1556891756834,-493.5477971942928,-1814.2075514783396,-3624.438895801813,-347.3084146594846,-0.0,-39.142371028399126,-347.8725843367638,-1423.6225327450848,-174.2560676964646,-523.9281935356468,-552.2367902829446,-633.9734045884054,-162.1467785766771,-0.0,-0.0,-1111.9628932705646,-29.836888488361765,-364.5944888763698,-579.0928948372296,-1234.8159182170425,-2016.847068904903,-0.0,-394.0216612175799,-0.0,-0.0,-0.0,-0.0,-0.0,-44.80702310946446,-137.70897924675597,-340.98655483074305,-0.0,-0.0,-0.0,-0.0,-0.0,-0.0,-828.9533549373726,-1795.7754506296444,-374.10424541564777,-412.4931207298141,-38.040469672164726,-0.0,-0.0,-399.9751962148377,-0.0,-0.0,-58.41502695117187,-2054.4570205591144,-0.0,-0.0,-1144.170821985854,-518.809864979264,-792.983397477278,-815.8341574242019,-682.5245934715825,-0.0,-0.0,-1038.315645520202,-1736.6846104992642,-911.8766224270386,-0.0,-899.6703869594138,-127.09770268762243,-265.7847542249498,-594.4774069905557,-6.772727368150461,-541.7946110311109,-1580.814777964518,-0.0,-1334.772520896461,-148.70179996722575,-510.2466118697233,-1154.3007617416072,-115.6888212026088,-941.4576546687794,-0.0,-995.9591651914644,-27.13831458680197,-1756.1590671725528,-1725.6978516581937,-0.0,-0.0,-0.0,-0.0,-614.0093842640467,-763.5851938352016,-0.0,15.732661289670341,-360.9023662870914,-820.2788025120756,-1818.2896123545795,-2098.79709759028,-305.12562868291167,-0.0,-818.1403971005661,-609.3984621613587,-1631.0208488459948,140.05513953428658,-0.0,-2621.012535029462,-710.8509549572128,-0.0,-161.50590672682787,-1340.5322690980001,-0.0,-0.0,-562.0578940287533,-1237.5762934914105,-0.0,-901.9710206688773,-1231.7932944710483,-0.0,-66.56902239738574,-457.03803286212803,-0.0,-1323.105284838361,-2116.1747022199843,-871.95002982094,-132.82440240682874,-1647.5022640011096,-66.62039739542989,-871.5145416172445,-520.0719400829826,164.45296033746772,-1002.3802882545594,-1103.2364693783693,-646.6551744128221,-1104.5363943616182,-374.62450032723166,-466.98763373079896,-558.1264730188025,-1760.8846948972707,-0.0,-0.0,-1500.921105292303,-265.5000312552784,-0.0,-1343.0384599304393,-987.3986654807567,-0.0,-2295.3279246546927,-414.474911976514,-0.0,-618.2760195845422,-0.0,-0.0,-1054.4943285181596,-883.7904821809101,-0.0,-0.0,-0.0,-720.1122031207866,3.4737155942105287,14.96523451637402,-266.6553386654293,-0.0,-1618.0454459717391,-1298.485826057914,-469.3215228470177,-1817.0471249433342,-0.0,-67.60949237351758,-672.8949344192536,-0.0,-327.98812410856175,103.90418289258042,-1071.6889404212222,-843.8391406593587,-634.3813157340028,-989.3241091214377,-0.0,-0.0,-0.0,-767.0249589634228,-0.0,-223.3909993400838,-785.2624437702417,-214.29226233296652,-1140.2282749106732,-1912.0924010620242,-487.465552059195,-1758.8569404380564,-0.0,-704.0534282095873,-1486.6239129905948,-461.307470066309,-1023.4717527979619,-237.20233769555915,-514.6803229960699,-1278.2163640000879,-0.0,-0.0,197.9665882581194,-2147.0578707690634,-790.4302675545364,-227.62766399190494,-0.0,-322.68272954134625,-239.104271735358,-506.8703719047947,-0.0,-0.0,-615.8942711539665,-0.0,-50.45492671078479,118.7789238237187,-75.48376408556709,-1955.6615395814906,227.73742638186818,739.9318461162794,180.7659823036638,477.11101972962433,35.15891700821366,-0.0,-218.24190782046634,-697.1795662579424,-259.3259597642774,-50.66069337740876,-0.0,-0.0,-0.0,10.87171612087354,-18.01962716214338,-809.6651515209052,428.0990152200608,1946.4306660521406,-0.0,-0.0,-0.0,91.72900242502969,159.5844035386537,-0.0,-2574.1155241512356,-0.0,-0.0,-0.0,-0.0,-0.0,-2177.182848334137,-215.8976024667994,-0.0,-105.27596116964783,-1459.8545358974789,-114.05608898779091,-909.0473487958408,43.25258275567652,-1701.8363098488712,-3150.9221432964305,-1600.1058120608768,-0.0,-0.0,-1229.2579326407185,-878.6148063244658,-659.915109900725,-364.3855897073351,-281.51268429278275,-846.4949196178186,-802.8375386945165,-4754.156903311993,-557.0046216892506,122.2725259201125,-547.0096614509212,-752.8763462897516,-574.8333583336272,-534.9377055196092,-6.8588290854886935,-1628.1208376170825,-732.7000966905204,-496.8171840232041,-0.0,-0.0,-0.0,-0.0,-200.2071532782905,-1057.6228334602956,-0.0,-1117.4814783751158,-1351.2091984157073,-0.0,-0.0,-1193.7562711319265,-0.0,-0.0,-169.75151805870442,150.76605940285674,-0.0,-0.0,-2141.67608631152,-1010.0485321998926,-100.49441453661595,-1058.541644475368,-1104.1631604073784,-0.0,-259.4591830265657,-421.2491209244255,-0.0,-1288.256141496746,-238.80776979724467,-892.0312185383709,165.97136894049092,-738.2912843413121,-171.28355844405712,-298.27369587123485,-42.09880137160131,-39.36100816723014,-474.0059505668905,-671.5662696452689,-413.6639249001681,-677.9059715002401,-0.0,-88.88550004468865,-566.3489437501595,-240.16305141413812,12.031563553965803,-0.0,-855.90238124934,30.860202329596273,-974.842949565146,-0.0,-0.0,-0.0,-1627.6591543361233,-0.0,-0.0,-118.7744160334927,-0.0,-0.0,-0.0,-0.0,-0.0,-0.0,-809.3551127740772,-1242.9738337740446,-0.0,-0.0,-0.0,-0.0,-724.6623625613728,-377.5746642241461,-0.0,-0.0,-1414.435952590308,-0.0,-1164.7358853082785,-1915.8991830498724,-0.0,-0.0,-0.0,-595.7112985554082,-0.0,-0.0,-0.0,-800.763158289737,-699.9469520169324,-499.06400882131487,-0.0,-0.0,-157.61291932547624,-0.0,-3273.603635590635,-4235.420780506872,-0.0,127.53244278304324,-0.0,-526.9700293983744,-648.1025972809675,-1622.0871775995745,-0.0,-0.0,-63.54513282410119,-522.0272013842088,-1112.1755955228728,-602.3485796368418,-350.3096364459957,-0.0,-0.0,-1090.6960573169838,-723.3413557918947,31.216577285023714,-0.0,-0.0,-570.0290829447493,-289.3644751888287,-41.756053494766256,-0.0,-0.0,-0.0,-1663.23167353975,-394.4737340013532,-1055.8234273656992,-3952.9753058727656,-0.0,-720.4301402023472,-867.4111101997319,-1952.4011810282527,-363.6937675968221,-0.0,-0.0,229.09962195692233,-1012.1973609292584,-1456.1704505607684,-370.7191847653861,-107.26591807601503,-0.0,-1660.580605412475,-334.3926677656766,-1146.9799100982755,-675.3753200795159,-2287.1943187658285,99.19185408558991,-810.4732012145217,-709.1958807791206,-1628.529613356404,-0.0,-0.0,-771.4424940735071,-1572.3258774855067,-1492.2638640215825,-789.3966998620285,-0.0,431.76055484338167,-94.96181015153185,-380.66640064299185,-0.0,-13.789279526169032,-0.0,-2271.6658503626477,-30.694604921867533,-0.0,-0.0,-748.7615788647437,-1029.7672064919593,-687.7806304404077,-214.40162261664045,-621.6816612347214,-0.0,177.5474351216549,-680.3281552923803,-54.62284708356698,-1323.7143251138798,-0.0,-1186.6562551887469,-142.80984835401583,-527.7655327825519,-362.6286114723901,-533.8930468133071,-40.049901201271275,-4.013567488913702,-1028.8499355707388,-1038.1642277418769,-1320.315090179828,-179.73740853389666,-1137.4394565752152,-3.6261133193568003,-0.0,-597.2925448548843,-2605.302658889292,-0.0,-0.0,-24.224060377952856,-1799.167538930905,-186.3495804739599,-537.3979459318243,-303.0707159667191,191.17673534476614,-0.0,-0.0,-1241.5647805177848,-0.0,-0.0,-1818.320896048696,-1206.3978234949302,-773.5001695322967,-832.6310284812,-411.36357822258014,-723.3523774993761,-804.4670727422248,-1084.9044886126103,-1959.7656587729562,-0.0,-0.0,-0.0,-0.0,-36.69211544845049,-0.0,-1651.7873915879513,-553.9315082024777,-641.3104390442887,-725.8199622248374,-404.0945336346573,-0.0,-1253.857688738252,-510.19535776544393,-0.0,-2230.896872865854,-1413.7056790102731,-0.0,-0.0,-2477.1330536386545,-1459.6619998231827,-388.1337583617633,-696.0396446825338,-0.0,-398.79913403319244,-10.344910641189768,-0.0,-626.8735016525562,-440.2233449906403,-523.1446218996335,-0.0,-0.0,-0.0,-0.0,-388.3481721469187,-950.1456615001655,-5256.94777681424,-0.0,-0.0,-516.6958719797946,-539.5990731240518,-1539.1212140984678,-526.1462914030802,-61.40496862294275,-363.76223342891774,-0.0,-617.3680422177104,-498.8778893897654,-0.0,-612.5082570226969,-1110.509436158976,-0.0,-0.0,-0.0,-0.0,-0.0,-112.45417628255342,-1745.9190704120474,-0.0,-982.6668384479312,-807.5419489073885,-0.0,-1727.973813890683,-668.962760217616,-974.0355716218227,-1253.0776757830774,-18.0355483240223,-103.92141096335519,-1136.60462732351,-736.551426489636,-338.04216395496934,-0.0,-1223.1795889343575,-1135.2734743246297,193.3022511339206,-0.0,-548.13013154228,-822.9320082473545,-797.2985373834324,-42.58025702464112,-0.0,-491.1734977728269,-0.0,-0.0,-2443.830625584091,-2108.513939868086,-1688.6416873156304,-1451.7459240270261,-0.0,-936.4463617890464,-1766.920585496835,-0.0,-5189.8388503502065,-0.0,-0.0,-0.0,-0.0,-842.3303856653206,-2019.6133846922642,-2255.2556093093167,-17.00032172877193,-1776.6310267002193,-0.0,-823.1194254713249,-20.255119382576773,-0.0,-0.0,-526.6697200113671,317.40168632737243,-0.0,-398.3883972054687,-33.95514050941964,-0.0,-1217.418439824294,-0.0,-1971.6439722468972,47.68108124732302,-0.0,-0.0,-867.4681520408093,-1341.3381987909058,-823.901479127245,-1141.5870043074262,-1025.6254660791092,1165.8540513770704,-44.66063531332948,-833.2368758691687,-71.23504812224536,-1873.3499996353407,-789.0321580664393,-735.9709832440046,-435.98533785530617,-1347.1096264559912,-1651.8161501208979,-382.17274006605925,-1751.8698166434099,-306.9527517274314,-0.0,-0.0,-6.701150567464397,-0.0,-0.0,-0.0,-0.0,-0.0,-0.0,-1384.9961899911589,-590.0443125308528,-1195.4080233624659,-562.0922824250146,-0.0,-531.9743059509143,-1050.084257823877,-932.9793371592049,-1791.1104005542843,-1119.6320107478205,-58.1871756828536,-28.12372814089577,-1031.325951169071,-1008.2100534849769,-0.0,-84.87970358027253,-0.0,-69.30535563769442,-712.6730273163414,-174.25260954708952,-468.9647802338812,-837.3232836375895,-0.0,-0.0,-0.0,-2907.336210121225,-0.0,-83.68154126947634,-0.0,-204.3082229145719,-860.2622823959041,-1017.2711340935656,-654.59696149709,-0.0,-35.22499545246929,-479.90894981242724,-410.9841545476041,-351.2184696958788,114.21921307912982,-988.0340927519198,-0.0,-0.0,-2676.2464547611526,-0.0,-971.071586612853,-581.5372018312778,-349.4671211124207,-229.25460244603607,-1110.3850990575684,-2418.3476570579473,517.0511933167893,-1950.2416473742596,-1454.9055759729415,-466.30665550837085,-3.8503343727658508,-0.0,1177.3569199050667,1098.3379279402973,1093.676360201063,-0.0,-0.0,-0.0,-850.0712384496936,-0.0,-258.67156839436757,-157.80049129611433,-0.0,-3146.548597591074,-0.0,-1300.944613378102,-121.04371164003665,-877.9824322533414,-597.1809969966798,-1426.9810150103585,-1491.4836946912471,-0.0,348.64787364989877,-2104.928512471976,-1674.6210501460107,-454.1058284021095,-1430.9209305043494,-1566.1570613895685,-0.0,-0.0,-356.2394936303508,-653.2122933777168,-2065.6404868840973,-737.1237964956176,-125.13638709018295,-0.0,-0.0,-557.9247322414885,-0.0,-0.0,-0.0,-137.28688280684867,-1091.1860858506068,1445.560339129716,-1134.401378642034,510.94771335105213,-725.7975947045514,-856.483260501868,-7.347516209218793,-3897.6871785625626,-973.6225128525502,-0.0,-67.26061168423114,-2065.7151585592283,-1676.308683975253,-0.0,3.8394046778058217,-0.0,-571.1991795159038,-0.0,-1878.9871455206576,-1619.19660624156,-0.0,-267.72440979015835,-0.0,-0.0,-0.0,-689.7816276070404,-946.853577514605,-356.34897249749946,-875.2987988406386,-1573.3992276796077,-789.5758737093229,-424.6976458874543,-470.0345874524977,-0.0,-1426.5558290100826,-214.03367016199672,-660.0416040042459,-963.8044397190413,-1375.9775189917768,-1309.4555191928496,-368.11014397324544,-1599.729581039835,-0.0,-0.0,-0.0,-2113.513211736938,-0.0,-513.1687967415168,-735.3923889595494,-0.0,-690.1925970516434,-558.1306995278204,-747.8308464643341,-619.5676850917542,-174.32473031259366,-1675.343540252206,-4262.9930507440395,-213.1874956547864,11.377498105799086,-0.0,-104.4891382459729,-6535.5309342898045,-1598.9743065853909,-580.1310417750659,-2086.066955826815,-233.93057023335862,-0.0,-7.377939217136837,-593.4893488866459,-82.88748544614018,-851.7976138067628,-910.9000403284548,-148.17860075856473,19.968764563597254,-785.9638007713183,-2075.4902642862608,-1818.6578719077293,-1664.5433641530724,-0.0,-1351.7309713270554,-0.0,-102.87048395704437,-980.4490997399035,476.1482078613078,-0.0,-0.0,-293.0633091526991,-738.6508019519146,-714.0524342044033,-1145.8448992958038,283.59662847374204,-1373.3155150446776,-66.0975338001558,-300.43303687825323,-1380.770500146554,-1605.4638541214877,-338.93716789154996,-0.0,-0.0,-0.0,-0.0,-0.0,-1607.76640690986,-0.0,-618.8814149894644,-798.3337781270493,-2337.4765990591686,-0.0,-0.0,-71.72839549668593,1010.8443452855721,-525.3050264496453,-1157.4401666785352,-0.0,-1257.4045403904306,-4020.7998824147644,-654.4024824642295,-4987.84389123001,-996.7750103685418,-0.0,-694.7252905576403,-2362.950845047312,-133.90136768916486,-0.0,1037.9442565329148,1190.9784001114836,1138.7086841422322,-0.0,-0.0,-0.0,-0.0,-77.61687053358,-2153.278721404397,-3.9902015709890244,-0.0,-1674.5594181334807,-1039.182519413445,-325.93646942301757,-3.9910432165728635,-0.0,-109.99717013242781,-616.2903905366741,-0.0,-0.0,-33.84449993087146,177.00733985705742,-1822.5355490545833,-0.0,-883.3044932461202,-67.15606960160065,-78.4501796261664,-0.0,245.060777034995,-85.93745472473852,-435.95797491016936,-1781.7289207112701,-0.0,-75.27923586308874,-1152.7211252774205,-987.4813465972226,-0.0,349.9924646403434,-0.0,-882.9627667247125,-956.1516419342354,-6.768390949082609,-0.0,-0.0,23.39284839176647,-232.38500383894396,-159.74385171655757,-71.53398732521195,57.907265675098486,57.9285756216022,-658.9432761918539,-671.0220492350524,-1002.5286758043304,-0.0,-1728.9713656414326,-799.5472033508095,-0.0,-0.0,-941.0029014319634,-1923.8263953844412,-504.66991741106466,-0.0,-2492.3615448692703,-104.35510401547882,-64.9555045761413,-1081.9309993456343,-0.0,-316.2729423284385,-1157.5781411190428,-3.3898155314844995,-0.0,-4322.301854119361,-156.9798222710523,-1276.3938251285585,-940.2275891292057,-993.2887170116908,-1886.6203225581153,-84.39973357095074,-731.9196912852747,-1804.229954933882,-1095.8049019701305,-968.5390966818848,-221.3350417372172,-1630.6161462520265,-0.0,-2696.8282647105966,-0.0,-4809.2101902448385,-239.1476105193466,-240.34389613709527,-1223.621279219973,-0.0,-0.0,-0.0,780.458972734723,23.627970176185574,-850.2172244091969,-1267.1142252023953,-339.3278178900548,-910.3570873561683,-0.0,-0.0,-1243.614031063492,-287.71149101244947,-394.4280029006938,-177.70333223363644,-0.0,-1359.0629284214438,-342.6081361268493,-1522.1883944560298,-0.0,-32.06447649024429,-0.0,-1619.8571258883924,-730.6163919549833,-1634.4490174137516,-0.0,-0.0,-1428.4500186225955,-469.17610039034645,-619.7421885689274,-1299.935169186285,-292.065699880772,-1086.86529571817,-0.0,4.811155272547318,-926.4619902136272,-3427.473615287321,280.6198711195974,-1209.653849358705,-5741.27376479703,-564.911147102059,-596.6799556612831,-188.1112886137797,-105.62460838142687,-828.747204425077,311.9496824350853,-90.06096203289194,335.80342458130116,-1051.2778161415492,-451.289200114063,-0.0,-1164.2670351140794,-1566.2062953839463,-510.1351865897494,-384.059164600478,-0.0,-0.0,-30.88918964238419,-964.9350507336992,69.30946201110146,-1843.4830710564268,-0.0,-0.0,-379.5179847970763,-564.0801038535365,-967.4464483924739,30.44403563224094,-2448.725914132126,-1270.9930551137616,-1200.649423637584,-135.86254778758524,-0.0,-364.8296286763055,-0.0,-554.6651470406788,-11.883018104111697,-1378.5955299592215,-428.77568424164264,-1350.8061230437663,-325.32220610541714,-258.86574843980907,-0.0,-1095.0983081689672,-599.8412202627096,-1089.4674038165876,-0.0,-2860.831099185734,-1101.2823918962192,-1301.6941061350556,-852.3527797766891,-873.7126408588219,-54.332357267671526,-1989.105661290886,-691.167742806293,-1124.5914792066324,-1615.531028077831,-174.48208525250254,287.1910408976559,-882.4221416121098,-0.0,-0.0,-15.223263950663052,-48.96008903059154,-13.708378510921149,-242.79272672143094,-0.0,-0.0,-0.0,-0.0,-0.0,-0.0,-0.0,-0.0,-0.0,-0.0,-1221.0264005527124,-2076.624285916822,-1681.2886123641533,-0.0,-0.0,1142.9512441164554,-365.92740618428945,-0.0,-384.8215781920011,-341.59625422480667,-823.5502745967221,-742.312607739809,-949.0699155191089,-3.4448786247291214,-626.5177425651352,-375.0682793474968,191.33510181958243,-0.0,863.3309867874445,-0.0,218.8664896071069,-0.0,-294.4715885137317,-0.0,-404.2939775084943,-941.5645001258023,-1605.5923161841004,175.0486385608409,-0.0,-0.0,-0.0,-0.0,-0.0,-409.45599049908697,7.759608497979128,19.099435479985793,-0.0,-0.0,-478.076943992555,-0.0,-50.48694635857444,-604.6371930180461,-3553.900552341405,-0.0,-1140.69629716736,-0.0,-551.2922105499784,-0.0,-0.0,34.528238321839744,-0.0,-235.8787474369953,-0.0,-0.0,-0.0,-839.9495230269042,-1429.7194542911661,-0.0,128.44209311288571,-1911.6963511296224,-0.0,-81.3480304895661,-298.6038206054374,-0.0,-0.0,-1554.9075508729368,-0.0,-697.1673385445437,-1162.4015984064642,-140.76156391206618,-2383.3846924226577,-1532.8515065450672,241.80682887405817,-623.9849166296835,-0.0,-1060.772824969411,-0.0,-0.0,-0.0,-3334.9989103343655,-772.6170112618795,-1239.0970678605208,-0.0,-348.0461566079245,-15.914394873838972,-984.96741570896,-1880.200844147178,112.78798539051346,-2243.864371728663,-0.0,-1501.978484759261,-2151.06741913829,-0.0,-0.0,-0.0,-0.0,-1894.5463722810073,-342.6404084047933,-1136.341380563441,-0.0,526.1964087819238,1185.6180568812356,-0.0,-0.0,-754.2003443714411,-753.6730898409191,-295.84167619967826,54.02731926904732,67.34480090421835,-0.0,-1255.6466396572725,-0.0,-239.06250360808198,-1019.4676359329444,1442.8195352644077,-0.0,-0.0,-0.0,734.3901244598106,66.59408327618053,-766.8690567713751,-0.0,-1158.7783933878957,-0.0,-848.2062120715063,-594.8152278585753,-0.0,-0.0,-0.0,-0.0,-0.0,-63.66747538498362,-0.0,-0.0,-0.0,-1005.4384720024798,-253.77840692617093,-0.0,-0.0,-0.0,-100.20288308412897,-72.95664379355706,-503.4760683049998,-572.3126829372986,-2505.3437865419432,-719.2523930562783,-400.6992581674748,-0.0,-2193.190231213569,-39.946601034258535,-0.0,-916.3962313831132,-2154.846071699332,-599.2337931103992,-454.46679139506597,-972.918468557666,-197.4226519731713,-580.0443983333761,-634.2234632901767,-728.9133324371353,-174.6883172570941,-1599.6164275533552,-689.426080154516,-326.52691182595726,-0.0,-0.0,-720.1926508961748,-3372.148305498175,-0.0,-872.1520326581148,-369.3015785202269,-0.0,-316.11363101737766,-549.4955224167528,-673.5222949762264,-3.7396006489106313,-0.0,-0.0,-0.0,-0.0,408.16780007860245,-0.0,-534.2835910754336,-0.0,-0.0,-573.1055456481316,-1038.6037350645977,-2306.828865809701,-468.5045558577732,-522.6310567693646,-97.58649989028252,-1862.776986803921,-0.0,-651.3997204416487,-335.643574968082,-422.16825007644456,-895.9973120180592,-879.9520799599552,-1278.6291641431783,20.763671661025178,-323.8185654834368,-0.0,-946.0040546944967,-1005.367949135851,-55.50199594130178,6.530117541616519,-2116.358191630411,-1074.047913308869,-635.6877382797305,-0.0,-575.342146733445,-534.8501138349746,-535.3466530982736,-1971.673951128159,-7.207308116256091,-0.0,11.315351563009507,-0.0,-0.0,-207.05749559598402,-2954.5351505545464,-186.91328857366057,-1330.7968276094305,-2883.1813251142917,-0.0,-4206.785636937384,-254.22295980063336,-2088.6148414895765,260.6058083322194,-0.0,1347.8765338483518,-687.1625362192883,-0.0,-1946.97709902763,-0.0,-17.667303667336377,-0.0,-0.0,-0.0,-0.0,34.33635381400141,-0.0,-0.0,-0.0,-462.8271718409096,-1280.9112785100608,-633.8696353174454,-0.0,-3127.3977580441174,-0.0,-0.0,-0.0,-201.3591239129555,-267.30718422491407,-0.0,-1589.254088824099,-0.0,-0.0,-3133.0862103163413,-0.0,-0.0,5.4011364420982515,-479.06018648812017,-19.086277820455443,-0.0,-0.0,-159.5041131232391,-0.0,-0.0,-1201.5075907588573,-1059.9677563901319,-1249.0035743618812,-0.0,-239.46519585353002,136.50910041957772,-360.57958989914437,-12849.766985399283,-0.0,-533.5520952956202,-1118.7425553504409,-1312.3219933972375,-0.0,-0.0,18.056824529187466,-307.5434131209214,-865.2991641491915,-0.0,-0.0,-0.0,-472.2621168556049,-2343.401531883028,-1305.5989092257057,-0.0,-0.0,-0.0,-321.6614122924705,19.019311113311197,199.26072087045114,-944.8012611114254,-0.0,-0.0,-814.3623283702689,-0.0,-0.0,-0.0,-2490.7023726884127,-983.1507416128691,-0.0,-958.00190143127,-458.5197097824577,-306.75863778117224,-604.2312006976985,-875.4684077299002,73.95222724016004,-944.2966959807999,-916.5087128275353,-58.34473488334226,-1098.3060136535669,-0.0,-0.0,-0.0,-0.0,-552.6147712697476,-0.0,-0.0,-463.2539813803859,-1624.2285804196763,-589.3440897881845,-0.0,1273.667898679786,1164.6864364150965,1055.1834575298822,-0.0,-0.0,-0.0,-713.155627411142,-185.0033474361124,-676.0672596253956,-83.84963287360047,-527.398585706645,-1436.413396787107,-1154.8756293622323,-1885.5322243475148,-0.0,-0.0,-0.0,-0.0,-885.9949554534519,-638.9901532707195,-1484.381642673016,-394.49376922252003,-1166.0594311310115,-1741.31829063634,-1567.7318983516407,-0.0,354.7508574327829,-364.6968574054528,-377.2789211496557,-116.59102623479292,-3770.759609528806,-6.663374981833707,-0.0,-671.7250359938106,-1181.6322699059374,-0.0,-41.094641198010535,138.84277282410463,-146.27846662784376,-374.4584267539502,-1795.439002839476,-351.8006206931928,-1368.5240929550487,-0.0,-1608.689411818093,-1386.270890180167,-1087.277062475715,-0.0,-1524.3343932962844,-550.3580012569975,-643.5801136569406,-797.1913020247905,130.3232877525627,-1470.8939750192235,-1178.260831305152,-0.0,-110.30204758039177,-0.0,-0.0,-0.0,-931.5898268595481,-602.6051442303439,-0.0,-0.0,-0.0,-3115.0668012055526,-1728.3963732190175,-0.0,-0.0,-0.0,-1297.191776211187,-740.3302458167325,-0.0,-623.0836778181467,-1240.741783234068,-541.0158676184367,3.3583323806507366,-850.1613423349534,7.365987183194873,-1339.129288857892,-1594.3281393808031,-0.0,-0.0,-36.119065707023374,-0.0,-0.0,-1210.0606707685881,-96.29181158632258,-342.3978985022905,-0.0,-0.0,-0.0,-863.4156779115916,-266.3154805191857,74.58329372214843,-423.91335260265396,-201.57406648047484,-1837.4965462938699,-242.47709827649257,-500.3952853291884,-1030.3803274237164,-0.0,-332.44375794996716,-0.0,-1563.0108768096113,-1362.616946596224,-1538.7128808711125,-267.3550142286513,-245.9698171184621,-50.9208943216467,-740.5124362589893,188.97370162494008,-0.0,-309.30177000103043,-0.0,-0.0,-377.0616711962689,-85.45787479988238,-2142.21890556024,-2222.193951175816,-538.2463955655993,-0.0,-0.0,-928.5183982845709,281.3180937089338,-0.0,-0.0,-0.0,-857.0200100638547,-68.51309146512685,-268.6569705026572,-3821.3379816853862,-1265.1591962033863,-628.2978632544558,-362.0695180700884,-184.11066960461395,-759.9031618157009,-496.04851738276494,-433.2857809631523,-0.0,-796.6907226722415,-606.3881532765776,-1393.4665968727068,-0.0,23.281957773130706,-7.328128302644087,-0.0,-0.0,-1306.1156731763763,-0.0,-3317.7626180207644,-1158.3000260885672,2502.56605930931,2408.6419507323017,-0.0,-0.0,-646.1396005516673,-833.7305698287935,-1143.476792163438,-277.1206659070546,-3096.2014296839234,-474.9976741782239,-0.0,-0.0,-0.0,-1277.1798790227424,-700.0600888115214,-160.96392246819073,-2276.4083635950865,-1009.8585923697534,-17.797869773022367,-389.1666754625661,-980.2103356543399,-314.97623894776575,-451.403543319468,-0.0,-3.8838898322290163,100.84670224604318,-933.3243461267754,-135.91170141981615,-0.0,56.49203298867216,107.2477079683407,-186.02029353288304,-1158.5286671806716,-1837.0818519590462,-67.85999012639347,-903.9414641225537,-1081.9969389601126,-0.0,-0.0,-654.1513051985037,-0.0,-0.0,-0.0,-0.0,-495.9238623572213,-34.25496864998889,-1070.929572797085,-1052.209192552863,-1998.7161198934307,-918.0532176777521,-0.0,-520.9112768396417,-0.0,-1229.645137551987,-1248.8091780442203,-1193.688811252437,-877.09662290859,-0.0,-1313.0294080836602,-0.0,-0.0,-0.0,-3282.687706584527,-964.0733346240503,-218.9503763452878,-813.7712403963544,-627.5211824092651,-886.3462570471161,-0.0,-0.0,-0.0,-0.0,-4936.681493931532,-656.0317944578453,-1562.4153589441462,-3344.1047465289835,-1828.464593892334,-381.94564775034934,-0.0,-1654.7215327883894,-752.0166485052647,-0.0,-256.90204931954287,-331.9731306877758,-0.0,-820.8575187032202,-215.80262773399275,1305.317756118361,-396.75449342657635,-0.0,-0.0,-865.6704835707593,-704.0226577320967,-1933.842454016892,-356.7404631748739,-0.0,-0.0,-588.8494422860808,-0.0,-0.0,-0.0,-0.0,-1159.7417198813332,-480.0319689473477,-1087.6052546915794,-432.80357347398933,-24.70795874759596,-659.2865374868086,-0.0,-0.0,-0.0,-0.0,-2073.4276351007115,-0.0,-0.0,-0.0,-0.0,-0.0,-0.0,-674.9641264271598,-0.0,-2289.3879724589806,-452.68528483551233,-196.36243998004304,-1012.7537018453046,-0.0,-0.0,-1399.0061966518633,-1295.6562046398592,3.623848505929053,-355.3585679156311,-29.94309738857479,-1376.8256908574826,-734.3356406192337,-0.0,-3547.338818285489,-1161.690335897369,-0.0,-0.0,-30.551581313887503,-260.2869852775752,-1070.937837246249,-0.0,-0.0,-49.87813277618914,-1391.568227058591,-452.2904582346562,-300.7673571618807,-37.964383686175225,-1607.941710942964,-0.0,-0.0,-0.0,-0.0,-0.0,-557.389358559762,-395.60193303213964,-531.059389171266,-3791.8588527857705,-1402.1058530068565,-1060.1525915164789,-16.876945161736142,-731.5125661350319,-1153.074601077768,-17.913220470161495,-0.0,-0.0,-0.0,-567.9418037157086,-420.8749269736451,-1542.6182919293778,-575.7927122334943,-0.0,-1352.6221133991241,-0.0,-641.3314783954157,-0.0,-0.0,-1805.9580442344356,-569.4714534095393,-529.3987938322831,-1363.8325249650673,-446.34628223801104,-11.793132013469371,-621.1254576014971,-1154.0326038355754,-0.0,-430.3673187680574,-1067.2116771264887,-3836.7115961981704,-0.0,-55.51800951863439,-2058.8756239691256,-1330.6869618431683,-1135.4014052169045,-475.5451293861704,-984.1665473732719,-0.0,-219.37088415407152,-0.0,-230.1976394144192,606.3737200437004,-0.0,-0.0,882.2182553692828,-0.0,-2045.6312822428426,-582.1472782800454,-972.063418131187,-968.4275188262327,-1249.8022345995157,-354.40972917650237,-58.1340839892427,-0.0,-0.0,-765.4332429431549,-669.8399827094469,-655.8824575515517,-0.0,25.924051546518182,26.2353270215479,-141.64010515855662,-2696.382171148383,-1656.026434295141,-0.0,11.581678709594073,-1183.1340090552658,-3706.99482470266,-2346.8621673625735,-432.27369118241864,-787.0560036446507,-1050.885532593958,-0.0,-196.5696542951607,-0.0,-471.1581171954839,-246.5319712173658,-1432.635933454347,-2009.4896191376245,-255.2746985614608,-462.25907375320304,-4178.599500109731,-1071.398184067102,-377.8139105558263,-427.507418566265,-1302.8768417853803,-413.3319916986042,-7.145553231439724,-1253.7321880801271,-1432.5119494479084,-0.0,-0.0,-466.09766331109506,-1106.966139646571,-314.2680243536689,11.775188778792332,-0.0,-0.0,-0.0,-0.0,-0.0,-35.934761914637754,-658.8972305256701,566.8282913991097,-364.868416312611,-630.8349075849968,-450.52703002519945,-972.603054930236,-1401.1867845333506,-911.3564919579455,-1583.2276137844015,-428.7680041917247,-570.6205298888373,-1317.7576423581602,-555.3319599830419,-0.0,816.2868065134057,-424.83351298051764,-36.35555382155274,-0.0,-820.3857576807411,-484.21593615981607,-1415.2110444540679,-1636.0829807131458,-2233.001740097289,-0.0,115.00446821834308,-0.0,-0.0,-932.2712289831574,-1332.2970753928698,-0.0,-841.3128696960089,-7.7580081929803875,-0.0,-0.0,-0.0,-2291.0358633881333,-644.715520367757,-215.39848935814993,-158.00328960281007,-0.0,-0.0,-1086.6535410720912,-1361.7028068221218,-866.9658475915429,503.0418090022108,-8.127185778635992,-0.0,7.784628562130488,-0.0,-1406.6807694581535,-527.0321038719239,-1057.845498810979,-1664.0753847209476,-1494.2885821436546,56.50752143871093,-0.0,-0.0,-1588.121210482611,-355.9455810143869,-0.0,-0.0,-122.66211460095393,-0.0,-48.41776009135032,-0.0,-1036.1774740275675,-725.707830220933,-0.0,7.790737422668239,626.7096798966671,-0.0,-62.917448951780834,-2031.167166388442,-0.0,-0.0,-579.3917318938238,10.270468894300528,-0.0,11.559845068049277,-372.769306128217,-1449.7283255758741,-0.0,-743.3107369953146,-0.0,-988.8845362428979,1604.8943018887026,-119.65457938423579,-1523.0088444739192,-1383.7703824824862,939.5475549178263,-47.44520382312457,-2156.930837303717,-712.3486851809661,-829.0018219815964,-0.0,-642.6156382974337,-76.65390770367935,787.6392923224516,-357.22966736217694,-1342.0811203920662,-0.0,-0.0,-0.0,-667.9196287119893,-595.2862828899011,-561.8996053873796,-907.9230111419624,-999.124628414389,3.935230084003473,-856.1637463794143,-865.6650965182083,-1117.316019482441,-0.0,-0.0,-446.9813875731574,738.3950895067084,-5585.51841609549,-0.0,-1374.411293323434,-1588.30179636981,-782.7350279013451,-734.669953434053,-231.2355901546584,-2411.4569303054577,-261.93051942123446,-0.0,-893.3590699204769,-882.5768445941261,-558.5475511391716,-0.0,-1233.3959100876941,-1977.8985560654478,-26.211551545840226,-919.8349819743296,-2201.888221471227,346.6356026257811,-0.0,-406.28071857797977,-117.17789028375653,-1283.5510469868977,-894.0792056679971,92.76975052071631,-108.6236900927844,-643.7400363272347,-413.3866090106241,-501.6282540281237,-659.9019918896012,-502.61786009640304,-0.0,-1205.5782473747938,-0.0,-1099.8678594340777,-637.4269406521885,-179.4932021772581,-0.0,-1642.604992637901,-4376.373782317704,-0.0,-417.4312776153333,-0.0,-2208.401053626145,-282.5562688033603,-0.0,-299.71124918238036,-446.7643603098847,-0.0,-1921.0355552710505,-1300.5604608863302,-0.0,-3532.6278616978516,-114.9141894018778,-1142.4471832163365,-1247.3068784245827,-1564.3672137232302,-112.27059366650916,-0.0,-812.7075667492069,-1921.6595531463074,-482.7670281237113,-814.4638541054419,-928.560283690286,-1562.788794413631,-2007.2563761753102,-796.3883988120912,-1670.342383437579,26.595884469898206,-0.0,-264.9117668764212,-1353.411668833629,-1006.354980770067,-0.0,-0.0,-0.0,-389.606198061707,-356.8763942708368,-12.092975337100315,-512.628221038637,-0.0,-1137.6833877818444,-683.987798823343,-478.75801051279683,1.5463941050245307,-0.0,-304.7328541819777,-1403.86526921898,-907.3521033250014,-294.32446826745706,-749.1668071329173,7.509538355308099,-0.0,-0.0,-2797.240166160841,-838.4274958248284,-0.0,-0.0,-0.0,-70.65564262440658,-949.7090826090547,3.3320462993620894,-1554.5438717239,-1353.9961824329869,651.202431413122,-0.0,-525.2369133230762,-0.0,730.1872009903997,-204.67798070067067,-0.0,-1477.6337307656622,-282.1341363313726,-1480.7877649464413,-0.0,-1392.3446735262557,-498.32598340364984,-203.0893578693757,7.559538396598345,-32.935664579235315,-0.0,-0.0,-627.0053907349098,-1115.9079538343226,-0.0,-517.2063217755091,-0.0,-303.61742220448997,-557.7630607688297,-0.0,223.57850129097517,620.6108280185268,684.5683682587593,735.2384857887098,648.3518015423793,815.2645395444739,-0.0,-0.0,-0.0,-0.0,-0.0,16.72975364391466,-0.0,-0.0,-626.7264301657183,15.145838454828478,-338.7479834283781,-158.3221302439052,-0.0,-811.1333228769049,-1328.8982715910147,-1747.5132025123792,-230.91898272436296,-193.18513334048944,-0.0,-0.0,-501.9687946772178,-0.0,-0.0,-0.0,-0.0,-2397.42669044489,-0.0,-35.56316376857924,905.9429195033222,-0.0,-931.1105359675518,-503.1823387132368,1026.2984984723323,-849.0748024080524,-0.0,-2757.252706975402,-1800.9930919663582,-214.7547735602798,-730.5406669940542,-1169.3927758925574,-509.1915069378257,874.8700615464236,-76.68689414148446,-481.74597673157433,-0.0,-0.0,-498.5280946856882,-0.0,-860.74541140539,-0.0,-427.3506154332944,-103.72583206161677,-0.0,-0.0,-1106.7068523046253,-0.0,-0.0,-498.4494616530486,-1134.663949775659,-1543.8715709630887,-0.0,-0.0,-0.0,-1732.3277226256514,-0.0,-1084.9093681379711,23.7158692455994,-0.0,-0.0,-1015.5798999850895,-823.3416190751755,-1154.6828057536532,-327.08276153134824,-0.0,-1092.7038079497815,-254.9445779305104,-0.0,-0.0,3.9110906521714215,-38.2863509253856,-3534.791102059553,-0.0,-38.84826354004267,-39.69678364317387,361.2962027016513,-77.61661975351691,-674.4899307805352,-713.7131224732266,-391.8480259392762,-0.0,-0.0,-1413.4575770342497,-0.0,-0.0,-0.0,-0.0,-0.0,-0.0,-0.0,-134.64000870094202,-0.0,-0.0,-1689.7095436883512,-7469.327855070064,-107.92516056117267,103.53413379061182,-428.4400521265466,-505.30355012637733,-396.95338633060834,-3364.615192877242,-216.6103633788355,-368.83232607997434,-0.0,-0.0,-0.0,-1770.8476952989224,-0.0,-76.5275920112686,-0.0,-0.0,-0.0,-448.9171862903065,-11.912619771922632,-266.659434413711,-1196.7647147940756,-563.6155055777122,-77.59878058660527,-1638.5595908771747,-0.0,-75.08975596046314,-1765.8249542965339,-0.0,-1186.0484053482967,-0.0,-1214.4160023644056,-0.0,-0.0,-832.1834313338416,-570.1296306899102,-30.05127372572879,-606.5403253017986,-98.39855581335138,-663.2356218155486,-139.93235004877505,-601.5202547010792,-602.8597128139521,-1924.269502722862,-844.5016692119218,-0.0,-1501.8508622601664,-371.9533462239429,-687.9756960061618,-0.0,-0.0,-883.1765656724689,-1944.1041160361583,-126.15629410371706,-0.0,-0.0,-67.56531842186685,-2891.979575768933,-752.8431363788573,-207.05892909525724,-304.9012932903683,-40.254123613602346,-3857.3546661157898,-0.0,-0.0,-1751.881331872279,-747.1447554765916,-0.0,-0.0,-0.0,-70.71231452679902,-0.0,-1628.576612745062,-1509.0764688763309,-0.0,-354.68269872162983,153.47412308390523,-0.0,-0.0,-0.0,-881.8194416066757,4.000817273310913,-2161.7701593167603,-554.5649353453596,-1037.2616997693694,-613.4663307109777,-2941.447631136941,-1286.6213560906458,297.4598300765176,-0.0,-1810.518264967938,-0.0,-0.0,-0.0,-941.0051392124801,-569.743689393512,-1092.8512373797107,-0.0,-0.0,-798.6836870831054,-1141.8620568677522,-600.3977883596548,-443.4041068100293,-0.0,-0.0,-1162.3026055464243,-0.0,-0.0,-0.0,-0.0,-0.0,-0.0,-446.4668943179672,-159.33596295565212,-1283.3990941625325,-0.0,-655.5198034350656,-3664.9362449541336,-41.210374375127856,-0.0,-0.0,-0.0,-0.0,-0.0,-0.0,-0.0,-0.0,-0.0,-0.0,-1138.691887662173,-1686.2346294133922,-0.0,268.58876649489457,-0.0,-538.1446479174351,-81.08713546108726,-0.0,-625.4899024376939,-303.39647647057586,-22.66412991494386,-2779.833582387047,-427.66919625010814,-2625.2085956625638,-175.3523689622205,-1646.0291678994945,-1491.406588122522,-570.7119791832877,4.033742611462154,-0.0,-1096.7917802828313,-1860.3203793126045,-2137.5135070887754,14.168574063122369,-443.55702666124216,-1520.5696206555906,-0.0,-1806.0571168093436,-335.93100403308296,-0.0,-2656.4097756189713,-0.0,-848.3974170934956,-0.0,-2612.441836920156,-0.0,-0.0,-74.7486951530618,-854.5897333007631,-606.9952971562037,-0.0,-1071.3728597175023,68.28539438375113,276.85171420490167,289.0273925574614,-233.8426889457801,-1618.9483266369411,-650.0834202250506,-0.0,-0.0,-5074.577741044583,-1152.2190650980776,-0.0,403.2662614575425,-0.0,-1464.943863835912,-509.3428633570581,-628.9361582417581,-0.0,-0.0,52.58145285427519,-0.0,-909.6152224230257,-911.9055059532283,-1676.8158089593396,-0.0,-519.9089665696209,-2631.9842056700472,-718.2115531314254,-0.0,-1146.2188832171805,-72.4060050624187,-1147.1045424640538,3.812761783966928,-833.8702005355924,-0.0,-0.0,-0.0,-636.1577729063492,-0.0,283.11938921350975,-0.0,-331.2461260416844,-693.3118060888025,-473.9698239374306,-987.7792996584734,-545.5075092107814,-1527.6458595230306,-798.2442161929354,-0.0,584.3620159819029,-2057.6485502466003,-1576.3912910058386,-629.834204910058,-0.0,-0.0,-0.0,-133.43196911871624,-1000.9395249600973,-287.97855914956665,-654.2906244917075,-1770.7613210485206,-2476.8201160619806,140.89803986286995,648.6283437526981,670.2600810149672,-0.0,-0.0,114.74973129602107,-85.6947534025561,10873.65016318939,1914.2765926831805,3500.644706343429,5293.745572034091,-0.0,-0.0,-0.0,-0.0,-0.0,-1242.9000637137403,-1383.803421321396,-734.498496974793,-0.0,-2574.721893283398,-510.24165356198563,-824.6628083756418,-0.0,-611.8120242236979,-1164.0161246202133,-875.5261425927514,-1097.5950892099622,-0.0,-2824.761798672056,-1770.9293904271,-687.7390036554052,-125.50265495577494,-2619.2529708238494,-0.0,-247.28197822353297,-0.0,-82.36710745640224,-0.0,-118.24412787558612,-180.17530240220373,-897.3710577536078,-753.7103956182468,-0.0,-0.0,-0.0,-1886.162889664392,-0.0,-0.0,-244.61644246484676,-823.4433812717449,-857.2730557927978,-60.76738774481385,-941.9604232637919,-1652.670113264261,-301.1151273309166,-0.0,-0.0,-140.78464341753062,-1419.8597517563826,-400.8324967396634,-0.0,-5386.776738511096,253.09002417857062,-0.0,-0.0,-0.0,-191.45253328785887,-389.9919728583581,-0.0,-0.0,-1078.6614817280038,-1809.1140231675204,-1011.6868141713946,-374.15041994211896,-350.90453121872815,-475.50574565389195,392.64710519209126,-1034.060601594178,-0.0,-441.7627649640502,-2063.494905307991,-431.98256772049467,7.067230720988619,-0.0,-409.28641892803546,-0.0,-0.0,-0.0,-1131.0512247400682,-402.74159199707435,-1265.2247450005457,-0.0,-0.0,-0.0,-171.06478197755104,-465.31233463914526,-1474.5765944973077,-2525.9195388405046,-188.65862694871018,-110.65146715015165,-0.0,90.91745998715757,-0.0,-1006.6928823768385,-153.3462590410054,-0.0,-0.0,885.9515482595328,-0.0,-1522.6131657415888,-0.0,-0.0,-0.0,-175.45239566714673,-1791.9446573104012,-1418.6728619277349,-27.934181715114303,-1997.1314390362857,-1391.2328290532994,-25.14529299536298,-28.19584179511207,-60.47513077005569,-0.0,-0.0,-1796.8774297634923,-0.0,-5335.552722240128,-0.0,-1335.5327142797303,-251.1024986530958,158.8791760832579,-0.0,-10.289472879758799,-1458.946091046559,-1408.007395533955,-496.00885864520876,-32.95500060861509,-91.49985728577808,-0.0,-0.0,-0.0,-0.0,-958.1383405432828,-986.6706522493162,-0.0,-523.976044825603,-1097.153095980852,-212.50880164750922,-27.62910931052302,-0.0,-0.0,-0.0,971.0335256913752,-69.55921240862949,-0.0,-444.07616773330443,-728.8915936287208,-1348.0619653154092,-0.0,-0.0,-2227.242451604325,-0.0,-0.0,-0.0,-0.0,-616.5904927950867,991.567593865989,936.7271571262586,1034.4582543999277,-0.0,-0.0,-0.0,-577.7949011069574,-0.0,-0.0,-333.3014539227481,-204.32243666486607,-0.0,-195.74298291727015,-1052.8020751032084,-1166.4900605977064,-0.0,-0.0,-0.0,-18.567116309978005,-1264.3727135750096,-16.821406392740275,296.08602713802395,-0.0,-1439.3474590540006,-792.9304916706893,-510.88406488683097,19.876726230240738,17.34396849543532,-271.1311914713336,-14.300671348163206,-333.5192939254053,-348.29958163852234,-952.8549763487897,-318.89470197823994,671.9073585322233,-1250.0693414722882,-135.48416906327745,-138.43631075050376,-3210.0916202473627,-2321.0409317426393,603.9676378323195,-1033.8040278852204,-121.37028168609028,-3.939441526542604,-629.1793202046753,-994.0688928083554,1669.9468025558524,-584.8371693720529,-598.4549463889508,-654.102389656071,-0.0,-5250.7883035989125,-0.0,-487.88978808980596,-862.0799160803097,-642.6717256614888,-744.8271422382836,-978.3165352811358,-0.0,-961.1559157090297,-183.16441858260956,-75.09960450354619,-6852.719860577946,347.47384229925063,-152.99579606643678,-0.0,-513.4145731753053,-990.1037633904488,-0.0,-0.0,-479.4795519109828,-1412.6017667969406,-36.87809348630663,-207.0133590246392,-255.20102972957153,-1062.5160037849912,-0.0,-0.0,57.908623793145026,-0.0,-0.0,-1533.7045684078184,-0.0,-1756.0770929260154,-894.4145511861034,-1184.810151348966,-0.0,-0.0,-431.9124173762616,-847.7611784570846,-130.95372857268217,-0.0,-368.5087437490987,-142.2367385955337,-398.35125798930613,-0.0,-170.36866937467812,-406.1167760069543,-2089.065127221863,-756.3149670774716,-1239.2117520404443,-0.0,-0.0,-1069.4172132712072,-25.451950914870395,-0.0,-0.0,-1184.4104389832282,-0.0,-0.0,-0.0,-0.0,-0.0,-0.0,-0.0,-0.0,-0.0,-0.0,-85.34768809349247,-0.0,-0.0,-0.0,-0.0,-0.0,-0.0,-0.0,-0.0,-0.0,-0.0,-0.0,-271.06774680467333,-0.0,-0.0,-0.0,-0.0,-0.0,-0.0,-0.0,-0.0,-0.0,-0.0,-0.0,-0.0,-0.0,-0.0,-0.0,-0.0,-0.0,-0.0,-0.0,-0.0,-0.0,-0.0,-0.0,-0.0,-0.0,-0.0,-0.0,-0.0,-224.10785099017417,-0.0,-0.0,-0.0,-0.0,-0.0,-0.0,-0.0,-0.0,-0.0,-0.0,-0.0,-0.0,-0.0,-0.0,-0.0,-0.0,-0.0,-0.0,-0.0,-0.0,-0.0,-0.0,-0.0,-0.0,-0.0,-0.0,-0.0,-0.0,-0.0,-0.0,-0.0,-0.0,-0.0,-0.0,-0.0,-0.0,-0.0,-0.0,-0.0,-0.0,-0.0,-0.0,-0.0,-1190.7058123532793,-539.5836001151707,-1448.9416596995552,-0.0,-0.0,-0.0,-0.0,-0.0,-0.0,-0.0,-0.0,-0.0,-0.0,-0.0,-0.0,-0.0,-0.0,-0.0,-0.0,-0.0,-0.0,-0.0,-0.0,-0.0,-0.0,471.8363534386319,-0.0,-0.0,-0.0,-0.0,-0.0,-0.0,-0.0,-0.0,-0.0,-0.0,592.1872088751422,-0.0,-0.0,-0.0,-0.0,-0.0,-0.0,-219.8032888137594,-0.0,-0.0,-0.0,-0.0,-0.0,-0.0,-0.0,-0.0,-0.0,-0.0,-0.0,-0.0,-0.0,-0.0,-0.0,-0.0,-0.0,-0.0,-0.0,-0.0,-0.0,-0.0,-0.0,-0.0,-0.0,-0.0,-0.0,-945.1563680302728,-0.0,-0.0,-0.0,-0.0,-0.0,-0.0,-0.0,-0.0,-149.99751894873302,-0.0,-0.0,-0.0,-0.0,-0.0,-0.0,-0.0,-0.0,-0.0,-0.0,-0.0,-0.0,-0.0,-0.0,-0.0,-0.0,-0.0,-0.0,-0.0,-0.0,-0.0,-0.0,-0.0,-0.0,-0.0,-0.0,-0.0,-0.0,-0.0,-0.0,-0.0,-0.0,-0.0,-0.0,-0.0,-0.0,-0.0,-0.0,-0.0,-657.5011564437137,-0.0,-0.0,-0.0,-0.0,-0.0,-0.0,-0.0,-0.0,-0.0,-0.0,-0.0,-0.0,-0.0,-0.0,-416.28296120079915,-0.0,-0.0,-219.10404644524516,-0.0,-0.0,-0.0,-0.0,-0.0,-0.0,170.34800786955986,-0.0,679.1358737452512,-0.0,-0.0,-0.0,-0.0,-0.0,-0.0,-0.0,-0.0,-0.0,-0.0,-0.0,-0.0,-0.0,-0.0,-0.0,-0.0,-0.0,-0.0,-0.0,-0.0,-0.0,-0.0,-0.0,-0.0,-0.0,-0.0,-0.0,-0.0,-0.0,-0.0,-0.0,-0.0,-125.73968533858236,-0.0,-0.0,-0.0,-0.0,-0.0,-0.0,-0.0,-0.0,-0.0,-0.0,-0.0,-0.0,-0.0,-0.0,-0.0,-0.0,-0.0,-0.0,-0.0,-0.0,-0.0,-0.0,-0.0,-0.0,-0.0,-823.4374179092026,-0.0,-0.0,-0.0,-0.0,-0.0,-0.0,-0.0,-0.0,-0.0,-0.0,-0.0,-0.0,-0.0,-0.0,-0.0,-0.0,-0.0,-0.0,-0.0,-0.0,-0.0,-0.0,-0.0,-0.0,-0.0,-0.0,-0.0,-0.0,-0.0,-0.0,-0.0,-0.0,-0.0,-0.0,-0.0,1101.8858069935493,-0.0,-283.0035119819094,-0.0,-0.0,-0.0,-0.0,-0.0,-0.0,-0.0,-0.0,-0.0,-0.0,-0.0,-0.0,-0.0,-0.0,-0.0,-0.0,-0.0,-0.0,-0.0,-0.0,-0.0,-0.0,-0.0,-0.0,-0.0,-0.0,-0.0,-0.0,-0.0,-0.0,-19.190158357102028,-0.0,2219.7403623340697,-0.0,-0.0,-0.0,-0.0,-0.0,-0.0,-0.0,-0.0,-0.0,-0.0,-0.0,-0.0,-0.0,-0.0,-0.0,-0.0,-0.0,-0.0,-0.0,-0.0,-0.0,-0.0,-0.0,-0.0,-0.0,-0.0,-0.0,-0.0,-0.0,-0.0,-0.0,-0.0,-0.0,-0.0,-0.0,-0.0,-0.0,-0.0,-2055.6091762089814,-1427.6613657547728,-0.0,-0.0,-0.0,-0.0,-0.0,-0.0,-0.0,-0.0,-0.0,-0.0,-0.0,-0.0,-0.0,-0.0,-0.0,-0.0,-0.0,-0.0,-0.0,-0.0,-0.0,-0.0,-0.0,-0.0,-0.0,-0.0,-0.0,-0.0,-0.0,-0.0,-0.0,-0.0,39.57980655363489,-0.0,-0.0,-0.0,-0.0,-0.0,-0.0,-0.0,-0.0,-0.0,-0.0,-0.0,-0.0,-0.0,-0.0,-0.0,-0.0,-0.0,-0.0,579.7864942108909,-0.0,-0.0,-0.0,-0.0,-0.0,-0.0,-0.0,-0.0,-686.6801218543504,-0.0,-0.0,-0.0,-0.0,-0.0,-0.0,-0.0,-706.3972166277455,-0.0,-0.0,-0.0,-0.0,-0.0,-0.0,-0.0,2309.762165003349,-0.0,-0.0,-0.0,-0.0,-0.0,-0.0,-0.0,-0.0,-0.0,-0.0,-0.0,-698.972579310932,-0.0,-0.0,-0.0,-0.0,-0.0,-0.0,-0.0,-0.0,-0.0,-0.0,-0.0,-0.0,-0.0,-0.0,-0.0,-0.0,-0.0,-0.0,-0.0,-0.0,-0.0,-0.0,-0.0,-0.0,-0.0,-0.0,-0.0,-0.0,-0.0,-0.0,-0.0,71.60782720729858,-0.0,-0.0,-0.0,-0.0,-0.0,-0.0,-0.0,-0.0,595.2281450934009,-0.0,-0.0,-0.0,-0.0,-0.0,-0.0,-0.0,-334.53581282245784,-0.0,-0.0,-0.0,-0.0,-0.0,-0.0,-0.0,-0.0,-0.0,-79.61352591875622,-0.0,-0.0,-0.0,-0.0,-0.0,-0.0,-0.0,-0.0,-0.0,-0.0,-0.0,-0.0,-0.0,-0.0,-0.0,-0.0,-0.0,-0.0,-0.0,-0.0,-0.0,-0.0,-0.0,-0.0,-0.0,-0.0,-0.0,-1755.5978185465892,-0.0,-0.0,-0.0,-0.0,-0.0,-60.18865511455055,-0.0,-0.0,-0.0,-0.0,-0.0,-0.0,-0.0,-0.0,-0.0,-0.0,-0.0,-0.0,-0.0,-0.0,-0.0,-0.0,-0.0,-0.0,-0.0,-0.0,-0.0,-0.0,-0.0,-0.0,-0.0,-0.0,-0.0,-0.0,-0.0,-0.0,-0.0,-0.0,-0.0,-0.0,-0.0,-0.0,-0.0,-0.0,-0.0,-0.0,-0.0,-0.0,-0.0,-0.0,-0.0,-0.0,-0.0,-0.0,-0.0,-0.0,-0.0,-0.0,-0.0,-0.0,-0.0,-0.0,-0.0,-0.0,-0.0,-0.0,-0.0,-0.0,-0.0,-0.0,-0.0,-0.0,-0.0,-0.0,-0.0,-0.0,-0.0,-0.0,-0.0,-0.0,-0.0,-1221.1680397069815,-0.0,-0.0,-0.0,-0.0,-0.0,-0.0,-0.0,-0.0,-0.0,-1530.9888713822318,-0.0,-0.0,-0.0,-0.0,-0.0,-0.0,-0.0,-0.0,-0.0,-125.21961303013103,-0.0,-0.0,-0.0,-0.0,-0.0,-0.0,-0.0,-0.0,-0.0,-0.0,-0.0,-0.0,-0.0,-0.0,-0.0,-0.0,-78.61251286605913,-0.0,-0.0,-0.0,-0.0,-0.0,-0.0,-0.0,-0.0,334.2757358524976,-0.0,-0.0,-0.0,-0.0,-127.66259620676786,-0.0,-0.0,-0.0,-0.0,-0.0,-0.0,-0.0,-0.0,-0.0,-0.0,-0.0,-0.0,-0.0,-0.0,-0.0,-0.0,-0.0,-0.0,-0.0,-0.0,-0.0,-0.0,-0.0,-0.0,-0.0,-0.0,-0.0,-0.0,-0.0,-0.0,-0.0,-0.0,-0.0,-0.0,-0.0,-0.0,-0.0,-0.0,-0.0,-0.0,-0.0,-0.0,-0.0,-0.0,-0.0,-0.0,-0.0,-0.0,-0.0,-0.0,-0.0,-0.0,-0.0,-0.0,-0.0,-0.0,-0.0,-0.0,-0.0,-0.0,-0.0,-0.0,-0.0,-0.0,-0.0,-0.0,-0.0,-0.0,-0.0,-0.0,-0.0,-0.0,-0.0,-0.0,-0.0,-0.0,-0.0,-0.0,-0.0,-0.0,-0.0,-0.0,-0.0,-0.0,-0.0,-0.0,-0.0,-0.0,-0.0,-0.0,-0.0,-0.0,-0.0,-0.0,-0.0,-0.0,-0.0,-0.0,-0.0,-0.0,-0.0,-0.0,-0.0,-0.0,-0.0,-0.0,-0.0,-0.0,-0.0,-0.0,-0.0,-0.0,-0.0,-0.0,-0.0,-0.0,-0.0,-0.0,-0.0,-0.0,-0.0,-0.0,-0.0,-0.0,-0.0,-0.0,-0.0,-0.0,-0.0,-0.0,-0.0,-0.0,-0.0,-0.0,-0.0,-0.0,-0.0,-0.0,-0.0,-0.0,-3701.706901686829,-81.48343795775922,29877.42102528867,-3434.6105652764018,-3418.8948035450367,72694.30826804705,-0.0,-6687.552856313981,749.6517454977787,1723.0396830211746,-21955.505138296798,-0.0,-4619.037396798413,-0.0,-0.0,20321.470155940457,-11451.087453901908,2650.6171363481435,5928.903835590883,-3561.3226259815074,-21570.675314273434,-7952.0982252456415,47.89233520194323,-84.79463890311857,-5496.879163301302,-0.0,-10732.325562628814,-16028.632104451466,12593.356813452538,-117.35620829313763,348.80326911318303,41531.77694132671,-2095.5038718210535,-89950.96001116304,-2855.1667224771522,-21027.946962335984,-14124.5236274444,-4578.896549281129,-5664.796011350491,-14192.059439725906,11805.093053031042,-1999.9901301858997,-3184.1809710245607,-3035.2045859201444,-10291.139220609213,5919.478221083003,29524.29630138991,-695.093913987571,-163.98313461646237,18491.550135652014,3075.6450206057993,-164.2219271303892,4684.85990196656,5180.878315803655,-5047.942311266092,-6621.4446530778705,-2918.495344329065,358.8287935102792,-0.0,-0.0,-1129.5396775329339,-6995.803500195918,-3446.9618670395284,-2976.3226592968463,-418.50515916675425,-4415.785603173043,10163.16291895962,5639.481701152958,-7201.4085679643695,15506.405248362016,-17231.921714188535,-28194.860788230097,63701.41903940753,-20390.763758518966,-7146.14130352333,-1696.9452874506123,-2829.3362113007747,-5595.966880302046,-3485.878830750448,-28840.861863387723,-0.0,-12516.444042052424,-0.0,3164.813590221495,-0.0,-0.0,-11914.271870500932,-1249.711923023037,-0.0,-0.0,3191.0837681524854,-0.0,115.78203048011981,-0.0,-5447.14456244626,-3986.6629056826014,-6858.794021738851,-7567.234272721106,8187.476923718191,-0.0,-25716.226807869414,41099.92980312554,-0.0,-0.0,-17562.313482628928,-7858.392964760268,115.95274458302444,496.19104542953914,-0.0,52205.62391118532,-0.0,-0.0,-0.0,-0.0,48014.205313651604,-1319.2614545835079,-0.0,-11312.684756838426,-0.0,-4746.654974862987,-819.2925231052284,-2362.1238357892057,-13725.79573797884,8059.482352988352,-892.2274849786705,-8154.636288362409,-0.0,-0.0,-5841.836463946326,-6265.4458762573195,-11020.311904527123,53312.49938839746,-0.0,-189.8800353438816,12090.535674933715,3730.302014887458,-2464.193065620432,607.5620966587655,1528.4611749774015,-3345.196120523384,131.13489071768868,-16486.475161845618,733.2993041341821,12081.633429027746,-589.5454197758315,9093.89215687894,41336.17288340724,4911.220476208947,942.4086378399788,8472.506671713292,-1796.7556190504324,-6863.255504544942,-7871.661890200674,-13890.766754685754,-0.0,2536.734295563357,12674.11918540827,11426.46798592545,-7218.538368786673,5289.340007932441,3239.8860660055516,-8011.458821014888,19705.6227487414,-12887.829932688464,-0.0,4779.10718807806,-10485.350792092298,-13737.413703898193,-6620.648342646027,22963.361510879,1893.5037684512304,-0.0,-4679.775921085093,-0.0,-2166.9448112023806,50.34673474721492,-3117.070565891777,-732.4816980054192,72.42372846238555,-171.65526624122364,-19540.57027042649,-12415.60722778127,20537.856050691047,-6917.0285429926735,3057.4728807619254,7479.220198644489,-6720.174184247308,-4350.649276294109,-12177.779828269116,-0.0,-1775.5295504390212,-1823.6917352541109,-0.0,1024.1133953644087,-2788.1289931828455,-0.0,-0.0,-14235.999350305374,-2850.6589839013404,3468.722480016482,-3391.600126851609,-0.0,-0.0,-0.0,50657.77706758375,20979.051860136427,-0.0,-1245.4427537131264,10839.419152324426,-0.0,-3680.569186045519,-2531.6179310032285,-0.0,-4565.2155398735495,-6811.962213426634,103748.96477116102,-10977.92938922424,-7945.859091591805,-27498.607375195574,-0.0,2254.240480957891,2030.8822055422454,-8975.730446032052,23476.27418710313,-7238.315317423921,-40378.12311608171,-13616.398199686217,-9108.2026857543,-0.0,1149.0149653896324,-4363.966574346076,18844.637476175583,-1944.4144568926818,75.32985109981404,-10607.69480369826,-8295.6329818873,27193.326607509833,-0.0,-1405.679972938097,108.34971434500494,-0.0,-0.0,-0.0,-0.0,-0.0,-0.0,-0.0,-0.0,-0.0,-0.0,-0.0,-0.0,-0.0,-0.0,-1145.358351990701,-0.0,-0.0,3766.6336365247753,-10448.085823291896,-775.8044155086772,-8305.334110207747,20369.88518793591,7921.856901359587,-3389.9790612960605,2067.254523517355,35276.24973727445,-0.0,-0.0,-3420.858610795857,2338.5026497707954,-5864.114156603142,-7316.326250954699,-0.0,-178.25880308497548,8324.440346740586,-3794.2190962953327,-826.2380958016349,2720.688561900331,-24744.067178002482,20596.090048255628,-4307.77149034203,-1895.9018800848896,12420.897145822439,-0.0,-0.0,-0.0,-0.0,-0.0,-0.0,670.6248140895578,45811.72598932593,-8467.315698094131,-6629.9788021060895,-11013.571577142246,-0.0,-9093.624980823768,-11148.758773209309,-0.0,-0.0,-0.0,507.8858463974387,488.2011690312809,716.4321603664505,2632.2055736814964,-0.0,2304.9581692053866,849.997076503837,776.378687932299,684.8901904191757,715.0805857828209,2901.8398421778365,1532.7493860248933,2892.00890319688,2292.6900898889767,2535.599493188727,2795.113773783562,33220.64960080844,36393.30560070875,34414.56656899081,31180.545240778036,5940.323532094752,5887.998513941457,6792.034387100508,8415.585298138172,4141.020364227747,1785.5069325018226,1880.699045989311,1891.6398332350036,1775.7120078439027,1874.4229435742257,4356.229356923573,2722.2734561781954,1154.7798316684064,1110.2599999369916,584.5166998306687,341.20953670132707,413.7173775837347,30044.245109351305,32584.079639088606,34585.14024773734,31796.95012310504,49112.409481528346,51702.98056277124,1163.0401260184497,1153.8069141906808,1160.684301351271,983.8663522684084,1098.332292693276,1145.7448919531514,560.3967661779232,43027.21253918534,45958.13876342699,46903.817530666696,2387.780987868818,-0.0,6166.24243327669,35126.94274029787,31697.900194628433,32066.442709947234,52921.49493502078,58083.145997185835,59643.35965529175,50121.75154957237,2355.951858576211,2079.852728538174,4353.854822409159,-0.0,17390.908487863915,20252.237081428968,-0.0,425.1009727281077,885.3353453019207,1390.8373154548592,1274.2690977643458,1480.449778058428,1312.0226296732728,1515.3468601013333,1229.7932992549863,36019.060079496136,34916.173068635944,34290.21183599656,32324.615667630642,942.0891402888253,1077.1073664473488,-0.0,-0.0,15342.689963880663,34749.583912685004,33426.395629378734,31208.50899306959,30118.546603841223,-0.0,43539.60524852407,46788.25084331169,954.2660575710196,1880.8011317609742,2065.9537691220553,2203.5345177502395,1982.1091583651823,1950.9706061891727,47536.4006223295,44837.7385398094,-0.0,-0.0,14945.244342456126,782.0882502482874,942.6652172010347,35452.815746605695,33535.204925382764,30206.197585991034,32004.233507845267,30499.950289278888,32420.881156329087,-0.0,14167.672312413548,9007.833215843262,-0.0,-0.0,1125.0139277296053,1235.8894877191055,392.9026496060936,351.61133221950456,287.8642738849292,289.4104815144909,-0.0,1029.9026671276176,981.9146963862989,944.0633653601733,1076.2460512912098,-0.0,1309.9566485321477,1366.0162465179035,1729.1563814749618,1848.7043724812381,1847.9767142026176,1810.159758395402,673.3575629418394,820.7911846969754,751.0005658704777,1126.9285584417437,794.6576351762817,713.5236864341174,761.8885999480297,769.0461308995077,7260.685333806336,8242.99467176962,37.17409924111677,64.70420173014759,3028.522999159337,14253.576935263804,909.3194000508834,873.115457672064,-0.0,-0.0,5692.950204948901,5769.713370121355,5659.62558600491,5599.933110412382,1192.5854842896003,1289.56178282972,34036.088923468975,34655.2227110478,7539.610863053099,6593.582278418404,-0.0,47157.5299763033,1922.855338239153,1807.483797975151,984.6472387135933,48997.24517743062,52340.08951476428,50645.35645764273,46705.079966217294,383.24876157241357,52688.73519751461,49586.455979050595,-0.0,-0.0,17172.686512992517,-0.0,620.3559959323038,632.3766286661362,561.9949470966577,1499.942316756343,8390.29889638991,19761.093969731155,1276.9131057505422,1379.053140590608,46.07224491549785,603.1363632180835,603.6036268492837,13403.173608997049,1355.1611500094846,-0.0,-0.0,-0.0,973.787694840093,-0.0,1037.7875138498162,-0.0,3830.909669365174,895.7630664587323,1009.4886230365755,955.7652902355114,605.8049147226637,586.2162069165668,552.6672291679627,1345.702651500085,1492.4314849767284,1619.4079062032,974.1586971896613,109.43689119659727,4454.757538908231,47043.44761176966,51046.7879546618,9205.75293937506,18539.131407434117,13960.527375402438,14588.58347301772,1793.7774957057866,1636.5045319834164,1289.8915210953203,1289.2235954480213,703.7773005292204,851.1231201482352,2105.0105591017054,31762.046271714447,34142.35658101413,1208.883083229974,1236.7113395377194,1196.769566537252,2053.6120438976604,2191.6094167337574,2506.9958547670326,34932.00885708472,31270.29691011242,31062.408575723453,34016.1479719397,-0.0,-0.0,-0.0,2098.5259075472545,2329.161546921812,2024.5499235077277,6250.915640467793,5455.742368312357,5900.811714400676,1608.7774125891651,1695.5897871976956
3,-0.0,-0.0,-513.4971387947832,-1633.160477600045,-383.7646141139829,-453.5722236393188,-44.53968332032524,-844.1006374076461,-575.9153751079169,-0.0,-1217.6912740803868,-0.0,-0.0,-1797.6571958208249,-0.0,-485.7982738927196,-362.5325348625172,-0.0,-0.0,-154.40289561038009,-220.0656687867638,-586.5032064941604,-931.1713781216686,-597.6963160468723,-1757.7435965869263,-1085.5134510029407,-0.0,-0.0,-2449.470632272477,-1478.25150270626,-0.0,-0.0,-0.0,-0.0,-0.0,-0.0,-91.58872210449265,-264.88793560656916,-1420.4085093671686,-1148.3222767305497,-0.0,-0.0,-112.36772884722778,-598.2330734143171,-150.500912952642,-0.0,616.9417736869492,-1397.411517900442,-342.52164848866414,-0.0,-0.0,-313.5016467585602,-3.8484418579562063,22.841222431138043,-1650.4194828951036,-2846.420704341185,155.87157862668607,-4873.885279096736,-203.1636807907799,-0.0,-1379.5856614440331,-0.0,-553.6612776073172,-2111.320065907826,-452.044764650618,-535.3522449855321,-34.50566817006117,-1940.371480525411,-644.1214951288779,-452.84952257154856,-2602.3052594894075,-0.0,-0.0,-1949.61470493681,-867.1849190811282,-335.8714274246497,-1619.3761905199592,-0.0,-0.0,-1270.0038865523484,-1367.6176392659227,-401.73327951043063,-3322.612175583329,-54.47220876701329,-64.09318111338968,-1469.1031309158898,-0.0,-521.6231654174725,-873.8993108707584,-14.993647453946618,-0.0,-1256.5960891976445,-71.99725178831446,-551.5890343677048,-1930.7194634829978,-45.1682492889122,-1940.0718215906643,-296.9750693544082,-1231.6473655813277,-2259.0747258753813,-629.6159062297598,603.2959094274801,-476.9554236313626,-0.0,-1420.8124753877391,-2029.9013169508821,-3671.2733521777204,-483.7378889786724,-2418.6777416660248,-0.0,-1292.0646281314716,-0.0,-0.0,-435.39225809773245,-0.0,-0.0,-455.5813599747303,-68.33413119446976,-1422.9672452600578,-719.6310041096325,-874.1197282044459,212.28215958339698,-385.1923932036083,-308.80843599177865,-352.2385990336298,-13.122640476860795,-383.385645753556,-449.36562534077535,-672.208365748424,-0.0,-4409.680466092391,93.35348349044487,-83.21483612838468,-3867.78515049478,-0.0,-875.1416383023346,75.84031691626909,-0.0,-558.3955080032705,-0.0,-0.0,-447.0702000113631,-0.0,-294.33846799590805,-828.6030495803166,-0.0,-920.4183282173233,-237.58845706656294,-613.25076416099,-1896.2702611891314,-0.0,-1480.5064838169496,-886.7667729557713,-0.0,-0.0,-0.0,50.068481409043414,645.3674069367114,-0.0,-1348.6758599779587,-1604.1539373955832,3.861619463654671,-0.0,-0.0,-418.70022355048144,-306.1760610146038,-326.9151888529105,-0.0,-333.7633616620134,-2723.023187750641,-998.7794907790235,-0.0,-1078.6344233366387,-1996.2676959895134,-0.0,-0.0,-0.0,-0.0,-0.0,-0.0,-480.6406785056774,-590.2472086015978,-234.6924840742347,-151.40676721021194,-921.2038211061265,-14.048116421018458,-0.0,-0.0,-574.9347089079693,-0.0,-556.1377513868042,-173.87495298991004,11.746865985622996,168.32076238404818,-0.0,-0.0,-907.952893696226,-350.9339206826532,-444.9695070571687,-0.0,-2386.067452303293,-1882.010854140493,-796.3386969287359,-0.0,-0.0,-1902.5334725932123,-1133.3715088737897,-613.3824992323221,-22.60995174317772,-1378.5102143996367,-1112.8036796018216,-0.0,-0.0,-1615.3300961582652,-0.0,-801.8668788134272,-939.1944015525927,20.228413916560214,-446.5562672437931,-495.40225617618717,-294.69996066916855,-0.0,-1531.4539846484795,-0.0,-2579.1281736150045,-2187.6408627141745,-172.45696226383302,-431.8034052842653,-411.71163037254723,-0.0,-259.35809639601194,-185.715403749724,-0.0,-898.1359333674668,-506.3101146999544,-865.0620249110262,-1542.2994511115976,-848.582847634461,-1844.7545335542145,-1523.3618308034,-2056.906602720159,-2036.110306672184,-957.2033101683215,-1885.4022062019878,-489.6285057592789,-374.87001657489157,-0.0,-1163.4333027059101,-764.796485103126,-936.6823424407194,-403.8250576987238,-354.744300451476,-1932.5709761640808,-582.0141971116036,-392.9201119361675,649.7018047205078,-0.0,982.0159565483812,-1272.5099484922437,-0.0,-0.0,-0.0,-0.0,-0.0,-0.0,-1161.8578503278611,-2544.623041054175,-438.64027408606387,-841.8416427994069,-0.0,-0.0,-1681.8540721443778,-1171.710619391747,-1746.5585726914358,-0.0,-0.0,-59.39535117629813,67.68037313924437,-409.6742402620635,-1755.3051339479837,-419.242323616242,-0.0,-376.2053420443527,-638.3612630102292,-11.240063044532192,-1091.0598520840247,-992.8438828659991,-1331.7512169370432,-980.0562769212712,-130.5596304173788,-557.2757944426479,-0.0,-1446.0770075216296,-0.0,-838.5838244154818,-109.49029239711588,-35.54141977884217,-476.28015318009176,-0.0,-2074.407779715174,-109.118727463773,-555.1993618439882,-1372.6525126375066,-1202.4622463734554,5.563109605154873,-461.0454801267,-702.8588834092984,-21.56089796870679,-259.41253652615967,-398.1566001299836,-55.47986354251313,512.5721116619263,-1112.1414993187532,-0.0,-824.8173258491638,-1085.917374772977,-0.0,-496.6169083379715,-0.0,-1365.0031612517091,-0.0,-0.0,-0.0,-1029.5209681646527,-738.756384616626,-356.8790176667476,-0.0,-1242.8644179649875,-2736.238751405855,-3180.3398129501975,-0.0,-317.0366138775814,-0.0,-248.6377057226027,-316.58817026329086,243.27446053368874,-493.00076968389965,-0.0,-499.0631457097725,-834.5157688737419,-242.7318884633757,-452.54618032226415,-0.0,-401.7407642967013,-1032.4849741150424,-478.08163300353783,54.89251208971185,-2141.149594627951,-0.0,-0.0,-953.9713035693911,-422.02132653447205,-1060.3436156543848,-62.218193597706325,-115.14350952117819,-202.5220006648862,-549.412788975573,-832.1833045552626,-1255.4216217050907,-2060.057745327158,-0.0,-0.0,-317.6967923859171,4291.317243000605,-0.0,-0.0,-0.0,-0.0,-0.0,-2201.963184576658,-441.00182808096577,-0.0,-942.7208744670082,-943.8482293332304,-534.4231281100556,-1937.531084881021,-158.12975566255133,-1065.665949644298,-0.0,-0.0,-1830.8767983237428,-557.043903882858,-1616.7958616139586,-601.9884082196515,-523.6019432531339,-1473.872867438673,-224.76958951986006,-1613.1596643256605,-936.078002715927,-100.3516402682235,-749.5945870207336,-1092.060053060392,-187.58443380835175,-197.067318029405,-1630.9762046329085,-0.0,-433.6450646463154,-238.29024951475,-130.31457987824464,-676.2333012008808,-194.59952816364887,-806.2759837192949,-666.6160350621338,-1112.0438262320856,-267.20873751829515,-2274.566988604911,-20.3289372879299,-540.7671950847692,-0.0,-776.9851043551274,-577.122076016832,-852.5496150281837,-964.3162403337751,11.468351475491902,-324.34172433028573,-711.3394249638181,-711.1514893648648,-317.0064410257411,-919.3923513644464,157.7248988841422,-0.0,-0.0,-0.0,-0.0,-0.0,-0.0,3.9792757275943176,-268.2911726948054,-2115.3894848307177,-3829.7260297090174,-429.8214015955182,-927.6076280714645,-125.42030777842167,-472.4825157939495,-1214.077277735353,-997.0443303772402,-70.87392009604679,-396.86765108521575,-428.1252671978529,-0.0,-115.85067336689985,-920.443394461774,-570.8172972086403,-0.0,-1174.0223723952568,-0.0,569.9783881233659,-0.0,-0.0,-0.0,-23.730779877214758,-0.0,-0.0,-865.909545904215,-375.7969155277397,-991.5647663970622,-0.0,-0.0,-0.0,-786.9996540052655,-497.07170768462686,-1209.4616477690506,-0.0,287.81730348800215,-0.0,-0.0,-2607.0224056348616,-1212.0526928195677,-11.182012670286657,-0.0,41.616398290151416,-16265.688680763764,-15644.052527371368,-2243.6454330850534,-0.0,-0.0,-0.0,-0.0,-269.69139284060145,-0.0,-0.0,-611.0506918191381,-2172.148202784045,-1888.4145448341308,-1315.1944295949374,-359.6370930391654,-1591.5741571895555,-39.84707949916606,-1404.4301863281312,857.8880420582677,-0.0,-735.9594093541116,130.36869786203826,-0.0,-0.0,-0.0,-0.0,-98.37163187988659,-0.0,-0.0,-0.0,-685.9525813367993,-1392.9621185794558,-0.0,-0.0,-542.5039804324206,-1824.7012780829255,-0.0,-1242.084263605541,-1519.568314948913,-1586.975845833682,-0.0,-0.0,-210.3573079349077,-66.60254800801967,-954.8383526240767,-1317.6665429652849,-442.51065821570774,-1238.8393513375804,-1075.5290893496515,-0.0,-0.0,-0.0,-0.0,-338.6939489454894,-80.15949096036363,-0.0,-0.0,-165.65100817337137,221.27245585312093,-0.0,-1033.1887014701065,-973.2536454279398,-966.0677972095503,-0.0,-0.0,-725.2156583393897,-1141.674728110343,-661.5048947196403,-363.61640831881067,-0.0,-2032.642763154375,-2054.6973883810315,-0.0,-0.0,-0.0,-0.0,-0.0,-1240.9577589635282,-0.0,-1843.9439285231233,-1001.817252562848,-69.54282254204018,-0.0,-0.0,-0.0,-2311.228598120356,-1348.6319870743096,-496.66692438707395,-465.4190913585038,-938.1744106566795,-704.9261208376989,-0.0,-0.0,-463.5456546000777,-1142.769073471868,3.8199879894880793,-502.991348231636,-0.0,-911.2244843425744,-713.9088109713068,-1402.091647632074,-0.0,-221.97732196406741,-213.62235041163757,-275.87116894720407,-1279.0773195144968,-89.76444509579609,-0.0,-0.0,-0.0,-0.0,121.33649973467935,-137.85069719032342,-690.3464195861285,-1288.453105444283,-1106.2689183308664,-484.92968996019187,-503.2904367609304,-7879.469794318872,-849.4679006438137,-493.2447068978714,-0.0,-0.0,-0.0,-298.0705174309787,-332.28282742941263,-1002.7585734181617,-293.4208127933191,-0.0,27.92196957477327,-0.0,-0.0,-0.0,-0.0,-0.0,-0.0,-0.0,-81.7454448385138,1478.3188070467447,-0.0,-1209.6318500924538,-514.5369203582065,-372.674831259448,-1628.7002256794387,-0.0,-0.0,-527.1978944596393,-636.0680381939774,-104.39016128947775,-118.78272759959147,-0.0,-556.4677633091347,-156.65081086647848,-1706.707361016636,-335.2009947377242,-438.1982777475035,-0.0,-0.0,-1159.2119430162534,-2047.8672292631022,3.325757897622895,-485.2047302349099,-365.13731443603115,-914.4444726127906,-1171.9928227454707,-682.6122533257388,-267.30073110484557,-150.56564876669466,-1276.2394586439257,5889.19252591838,-0.0,-506.1887343976908,-543.18757139517,-1025.669179788142,-1011.8751296125843,-975.3319822773401,-1619.462543415587,-1552.5390124705307,-519.41924745411,-0.0,-0.0,-1529.201933746622,-0.0,-0.0,-352.6693156085777,-1587.6181965203143,-1311.5036141181706,-230.26290073166638,-106.59329878966237,-1674.319243135924,-0.0,-1212.7211618821157,-0.0,-0.0,-0.0,-0.0,-0.0,-0.0,-384.3373575342901,-1312.4485038270127,-891.4903771830926,-69.2254331977584,-211.93326523800965,-454.2783073290236,-164.62752066881484,-0.0,-0.0,-431.2607354393212,-540.1584059266586,-3234.2365193113756,-0.0,-1096.0663403701062,263.8618212035566,94.57413635458458,-0.0,85.6927251112726,-140.33692194855715,-86.14106710175763,-445.8509374272991,-0.0,-1414.133158402811,-0.0,-0.0,-1246.419125428315,-0.0,1975.2255623208546,1929.1449373482599,1912.3397749567785,-0.0,-0.0,-1628.0329842037104,-0.0,-0.0,-264.49024537741724,-776.6310093563479,-716.8138771971477,-942.3640702929688,-917.8800141081283,-0.0,-0.0,-0.0,-13.769689570150438,-654.6357371625818,43.61443784831854,-63.961698661622364,-1003.4388350446455,-832.6483861208851,-344.0376519699098,-1245.9532135784812,-0.0,-1621.456818752925,-1029.6531086624277,-1433.0579771947368,-444.8993228549605,-458.86713909145584,-0.0,-1227.4460031714414,-742.7423701651109,-793.4254482381236,-1806.0687013761067,-459.06752360231263,1049.2865769627608,-3.7437165569544635,-341.7862549395101,-1082.7516753292998,-0.0,-1405.7169743548175,-2900.942936355915,-421.6878431970844,-467.9468410275605,-0.0,-0.0,-0.0,354.52940078766306,-344.7559863771166,-433.9679174301206,-155.36946484434836,-465.7435123030672,-376.8831818947614,-0.0,-374.9891491057974,-897.4010723722959,-667.2357198506634,-0.0,-1753.3354485359964,-3589.1857356066957,-0.0,-0.0,558.7501023228631,585.7845503628316,-0.0,-0.0,-638.5467472969269,-721.2927807969485,-351.04258004577525,-590.3167624029325,-0.0,-0.0,-0.0,-0.0,-0.0,-2576.875735496342,-357.40461339711084,-1517.8871055128411,-925.2045821500438,-0.0,-267.26628166972046,-731.1214743465747,-0.0,-296.71717154500243,-711.4908009807124,-956.0303277599133,-4112.957070602765,-36.82522623718966,-0.0,-0.0,200.53797023476656,758.6058652175759,-0.0,-0.0,-358.1197071954454,-0.0,-28.882185972612124,-0.0,-2279.517114498968,-0.0,-375.75782019024905,-0.0,-0.0,1735.7690161455978,1974.5447689817127,1614.8299832273963,-0.0,-0.0,-393.849101868992,574.8738411545864,-2084.9223773822428,7.949410301936259,91.6205057185209,-2289.1011088770874,-48.61191620426174,-132.3279019858511,-576.6638544116363,828.8974907502298,2896.494051616285,-2513.793489281485,-0.0,-0.0,-831.6588846631611,-1390.9206518525589,-1233.3825533844783,-229.03961947116406,-63.492592866516226,-0.0,-0.0,-0.0,-0.0,-1876.3027247731404,227.04088891459443,-0.0,-10.604388744474331,-0.0,-1481.586930530975,-1617.7545006055698,119.89082883447657,-0.0,-0.0,-264.09222603145224,-0.0,-1521.9100985733348,-68.54881761230878,-955.1307498792085,-338.7785757848211,-1096.2340612033124,-592.5620138471782,-887.6159310572536,-569.336838519549,-0.0,-0.0,-0.0,82.27556612427045,-0.0,-0.0,-253.6046940498407,-392.2986832023331,-608.149826589575,-0.0,-1234.3781270715303,-951.5914210371134,-733.4006305812115,67.48314159774357,-352.6206994318304,122.94410490333074,-286.2726523208237,-0.0,-0.0,-7.500963580252412,-1622.0721227123631,-555.2995143815151,-866.6783520951424,-128.79391229292665,-1771.5481871493807,-1620.1300417472573,-948.8194868771932,-979.7678272058628,-95.40490742074196,-524.0479902694731,-616.9833443627581,-960.816079615735,-2277.1499812752,-0.0,-1542.3004321824562,-133.37704082579666,-0.0,-1971.448551241665,-2588.8247997281883,-1967.1842803106517,-231.36016793772572,-0.0,-1318.1631083997233,-175.21784304864994,-1079.6332057880754,-615.5489029323555,288.85138732301823,-1609.6878100314555,214.61732512101622,1889.8281628121074,-0.0,-193.87443011523553,-418.9121924937092,-775.651449571781,-1089.4827127983672,-1516.6030651585154,-3843.115092066454,-0.0,-359.22729395388774,-1174.8937817665199,-613.5640603873647,-217.58997532940325,-24.703850641920006,-288.69130012589204,-0.0,-0.0,-0.0,-0.0,-221.8007409152801,-1089.1781605553651,-785.8490288133187,-46.88493299207794,-15.121789593027634,79.84081009350324,-0.0,-0.0,-982.328624798715,-457.4783869083385,-0.0,-1990.9161452609605,-25.657665020102698,-1148.5486814463286,-0.0,-200.11601233373395,-164.86091853329285,-0.0,-0.0,-447.0573300014581,-0.0,-0.0,-4604.564217452233,-176.3734012133698,-1905.9616492536325,-7.92271113441324,-0.0,-118.82147994886161,-1122.1642710157187,-578.2853861227554,-272.66932147079643,-1265.389069619532,-0.0,-328.86466957828947,33.3594202631411,-506.358708724682,-0.0,-0.0,-35.501092349085575,-59.581185356980114,10.680090557777216,-353.68411533127096,-1236.5506892710239,-1429.7709977261113,-0.0,-0.0,-0.0,-6.914773973859813,-274.23169441791754,-0.0,-1257.1720325226636,-2302.888916250477,-0.0,-0.0,-20.846361186935052,-1361.2379852367726,107.54822589397688,-0.0,-0.0,-0.0,-0.0,-487.8976401708083,-2013.7854381626198,-539.6089726365419,-1088.7487497707991,-0.0,-0.0,-590.425033751524,-440.0357929652573,-342.07418087241916,33.848387295945,-0.0,-0.0,-0.0,-722.499762240633,-633.2932807316407,-442.6233978945448,-314.8440487496339,-0.0,-0.0,-0.0,-0.0,-1912.8955658460234,-71.4126271187913,-67.17035414000944,-0.0,-0.0,-601.3828722629295,-385.474880010109,-0.0,-1708.0114546251666,-4526.637857985404,142.92133047519096,-945.9345131449246,-0.0,-0.0,69.14464249695682,-569.3001416170382,-1527.313232418422,-440.10918290466054,-2205.9992127331925,-1002.4070170727865,-724.0896084091312,-1312.7265733847519,-0.0,-0.0,-0.0,-34.24161690647033,-988.8949858914385,-0.0,-0.0,-2975.7660085248153,-72.60007816387768,-1254.571789990517,-665.6623869838494,-0.0,-0.0,-0.0,-0.0,-0.0,-0.0,-638.3532446913131,-0.0,-1434.5963846154448,-0.0,198.53260047246746,-994.2286692142295,-0.0,-0.0,-0.0,-2295.412378500825,-0.0,-0.0,-355.38596525400214,-0.0,-0.0,-866.6892043345454,-558.5740290412572,-0.0,-0.0,-180.1236629048813,-1770.3465412366352,-0.0,-1147.0641712656552,-415.4939388818634,1065.4104075849732,-204.60238392080367,-0.0,-441.05103769724775,-164.19551273373764,-0.0,-17.178652936924554,-0.0,-280.6200158576907,-0.0,-0.0,-0.0,-0.0,416.63632442642825,396.2312337181646,-762.9850341199834,-1591.1139327239334,-0.0,71.63870435077874,62.49474696547575,-69.54479326132358,-744.4424057652991,31.439165283836076,-434.40044945785604,-336.5900390170627,-213.60581130111706,-3066.200052747771,-0.0,-212.39250453388107,-1370.4032658009014,-2051.7821759544518,-0.0,-916.2435329888556,-1273.825927064135,-1829.7951101787203,-667.1183095882218,-0.0,-791.2945227512572,-653.4983538032249,-707.0182945533863,-1315.7889425471121,-877.2241454922593,-0.0,-114.32500211873915,-1110.9989796309183,-0.0,642.4145516655058,-465.5848428816184,941.7344997148697,-0.0,-0.0,-14.917158961769319,-534.1254668597743,-2155.3976843624055,-900.9645291953715,-0.0,-744.156481535815,-2690.878131514065,-862.1047444169407,-775.9174042385782,-1022.0705240817275,-428.05856097314444,-31.582699059674084,-0.0,-0.0,-0.0,-970.1512397629883,-3.81795082639252,-0.0,-0.0,-1708.3004109156207,-731.9131364865883,-470.9629128465297,-1466.8786088916795,-142.09865985985292,-29.258008411823784,-2043.9532919826925,-696.1152941887897,-481.5073423178401,-1151.5818879951269,-0.0,-2271.9154987459283,-352.9614493192138,-1001.0869149800908,-1329.3290152240193,-317.4749140007438,-464.9321164886145,-1309.7444825409402,-371.7593819375367,-0.0,-0.0,-0.0,-1196.0094419136483,-0.0,-3424.5460677162378,-1022.6767362579205,-1238.9627056308232,-0.0,-0.0,-0.0,-0.0,-0.0,-113.99434534888971,-0.0,-232.40953727684047,-845.6351550611067,-319.3635730405902,-0.0,-0.0,6.604752684715746,-0.0,-0.0,24.960990732732277,-229.08258662645258,-0.0,-440.420586793215,-0.0,-0.0,-70.84194297056386,-0.0,-2580.5061491464735,-2002.542174069684,19.67782333671424,-5785.81036414984,-871.5469519877762,-567.2669377789782,-0.0,-712.411769851284,-1151.455075695423,-0.0,-0.0,-0.0,18.77283170359217,-0.0,-991.1108965540649,-0.0,-1396.8044878606286,-0.0,-0.0,-2032.16938045761,-951.5758889756188,-767.362882282547,-0.0,-0.0,-0.0,-0.0,-248.35013836346695,-598.5481306482842,1212.0195833982862,776.4639879066839,-726.9410441535282,20.320767445685124,-0.0,-299.4532281106388,-231.10896364132458,-1717.7393381408006,-366.9716843956396,-108.78414884407144,-948.844025490258,-1170.621733157506,-891.9199086368177,-536.2182239002185,-0.0,-0.0,-0.0,-3.885755156357381,-0.0,-1345.1236414291077,-526.057544515159,-0.0,-1736.1561204150867,-1092.6062319066195,-0.0,-0.0,-0.0,-0.0,-0.0,-859.8048982235447,-0.0,-274.47489164291034,-1316.3044748281773,-0.0,-1047.298128530043,-0.0,-0.0,-0.0,-2112.135863792413,-980.6646261023917,-852.5862790177862,-2184.308581135142,-0.0,-0.0,-0.0,-82.96255701739624,-425.3902064821415,-24.38692960449792,-535.1577696430184,-123.87965106055226,-0.0,-0.0,-294.6741127328483,-1248.2305704065634,-3501.4062725218964,-0.0,-434.09005351991425,-1178.7709870856665,-393.9063289218685,-413.65383700573966,-0.0,-0.0,-3.279092839477107,-1867.6266729134063,-1792.1123010470542,-34.12751047794951,-1410.3715967153703,-357.85317923742934,-731.286567609084,7.947222158492329,-934.0225722655817,-0.0,-1865.2380938425679,-0.0,-406.8976753813007,-0.0,78.06212005441134,-0.0,-0.0,-524.4122031548189,-653.8223326653863,11.711304947917107,-0.0,509.3364292988527,-0.0,-0.0,-1292.2060067495693,-1143.5855234324504,-988.4342575402683,-0.0,-339.5031803962127,-566.0116151318605,-1290.9268636697082,-0.0,-0.0,101.47570966003529,-585.1556334638698,-0.0,-0.0,-15.394641512009107,-0.0,-3.757447793424948,-540.2020975040588,-0.0,-0.0,-1174.9925386483417,-1203.6191097362034,-72.52657591304592,-6.6082020142502325,-111.27314436106795,-696.6321962623625,-974.2381348376232,-1485.973296696224,-0.0,-818.2637405648125,-13.744939372226414,-37.22453166496535,-1173.4418049404694,-0.0,-0.0,-0.0,-0.0,-564.6092683436711,-3.91148791352038,-7.8361748199518315,-0.0,-0.0,-439.0778227672872,-0.0,-0.0,774.2346203704719,-1009.8577071183639,-36.365617610931366,-1705.3887415714378,-0.0,-0.0,-458.01496874885515,-0.0,-268.31277695321086,-890.5400949876424,-746.989659110647,-897.6899351620319,-0.0,-0.0,289.90808691410416,-0.0,784.2500572589025,847.5708312121658,-180.4326975046676,-734.2082156938174,-0.0,-0.0,-33.4281384297037,187.14856634411018,-848.4195948134015,-386.8368628328226,-1127.7068457499079,-2242.867181229253,-1886.4624893249704,23.674910537226896,-0.0,-276.39778497230225,-4821.619324490686,-514.7837717762175,-433.479599809706,-0.0,-0.0,-545.5696243752358,-0.0,-686.3340951405931,-1270.4682446823106,-657.7574223516447,-0.0,-0.0,-56.85389170880202,-0.0,-177.59342745308678,-1223.458264093423,34.19523964565915,-539.8787049611723,-297.835604346099,-207.59339517919958,-673.0586453610955,-2170.100356933333,-16.872214029623684,-1028.5354983778338,80.92757720953135,-879.1228664824914,-270.8588790015283,-0.0,-0.0,-122.51512252283611,-0.0,-0.0,-1653.9070108138455,-519.0714158078371,-0.0,-686.404166809445,-436.1491766397745,-0.0,-0.0,-1278.5860306359914,-842.339036782746,-1294.199786743923,-1214.9444063591034,-0.0,-128.90303324130736,-2771.45369412167,-771.474400932465,-357.3127388312318,1636.2470415515766,-1302.2807150554272,-1040.728294186283,-10.585495082752068,-809.329523393448,-14.819673088149822,-1433.6574525352526,-0.0,-3021.66221001641,-524.7025525868008,-0.0,-1305.0872975882476,-1454.1102451201828,-0.0,-163.335900521572,-772.2725856069312,-943.0101148925912,-1218.9979718931293,-633.8834318222534,-430.00585027021657,-532.9682774383347,-0.0,-243.3421437460674,-0.0,-2115.515581668916,27.26389061644705,-2872.6423788495777,-689.0223234086334,-0.0,-0.0,-1063.370935547479,-765.3269252344428,-0.0,-402.2421407900154,-0.0,-0.0,-686.0569540601595,-0.0,-0.0,-0.0,-0.0,-0.0,-0.0,-0.0,-649.7302470570265,-426.4070013108125,-2542.247836398664,-2207.7424702805147,-0.0,-0.0,-1060.0236891265986,-1701.298719470136,-410.9184032142366,-177.02089669193805,36.26284625134024,-0.0,-1357.8773899211992,-0.0,-2322.5941531059775,-0.0,-0.0,-0.0,-0.0,-1397.3619504638164,-183.6944243924755,-305.32402568652594,-1034.168697582298,-1041.0018741026322,-594.2459823901862,15.912237782620965,-1012.6716755737776,-0.0,-0.0,-0.0,-0.0,-522.5726480404855,-421.30723238786084,-1176.595304319219,-0.0,-942.3472237596463,-5542.560700889004,-529.2186467524527,-623.6682353723438,-2727.864017045412,-626.0529056987175,-0.0,-396.18363546758746,-372.657024796244,-996.8435283997339,-521.4253188291577,-1324.6700575557652,-1240.212101405864,-0.0,-0.0,-0.0,-0.0,-1353.3252445076425,7157.821582260017,6186.942662555056,-0.0,-0.0,-0.0,-0.0,-1778.7531784207779,-810.5361813330067,-79.02448008470509,-1213.9784283058257,-717.6215546819146,-0.0,-0.0,-0.0,-0.0,-556.7806142554045,-0.0,-1596.39022905965,-196.7638582745775,-0.0,-0.0,-0.0,-0.0,-181.03530428221856,-378.4972456968241,-403.4975368550334,-729.5977343597008,-795.566883447405,-1048.4998977657865,-785.436681371107,-302.1904812230939,-1003.8650605005447,-1304.1062990167459,-1026.4271680288593,-1526.6211103461137,-172.08624184728689,-1117.0979415246795,-966.33852546162,-792.4488150794676,-1425.746078674873,-489.86619778071736,-1899.7001038532198,-1400.3013133442557,-1255.0901246086507,-533.4051640751326,-564.1150136754278,-954.0813728181591,-0.0,-921.3559927510472,-0.0,-2554.8017946283476,-588.6182244963661,-209.40771467535154,-1527.7020606779843,-1243.4662108409905,-1036.3249938699375,-0.0,-0.0,-0.0,-0.0,-692.0075822518045,-3235.4646289077564,-1197.7640566477683,-0.0,-0.0,-944.9193306962923,-0.0,-0.0,-884.3406944079694,-340.21721448559424,-923.8820440983986,-710.0459597450083,-813.4717748865665,-592.4560191585783,-1677.2820375307156,-0.0,1074.347655664386,-0.0,-0.0,-888.1874323239143,-4910.840240897779,-0.0,1470.4455971051352,277.8353052932023,-792.7593309116678,-0.0,-0.0,-1310.0210194142212,-900.1128760096466,-1983.662975378585,-1745.5355423986525,-334.62271355947934,-0.0,-406.4076821937908,-160.6431701365397,-0.0,-795.3730736778816,-0.0,-1427.0590455098923,-2015.8570263345766,51.34718388285858,-1953.446018559291,-1717.2124252089536,-0.0,-423.4210791637213,-1357.1008126307802,-1892.3472608192012,163.316600207189,-361.53496859529616,-2174.8870011332756,-791.2543842339542,-687.2937546831283,-773.7674950187876,-378.00117473743234,-885.2876186501497,-1294.9907752668862,-0.0,-819.965113504912,99.96730410290151,-1185.1062245355772,-0.0,-416.4353652750937,147.15417600036784,-756.219045124953,-672.977755655611,-0.0,-477.1093764773712,-307.42706626908483,-1565.9625237500454,-949.382140363799,-1244.7045841625672,-748.089966856721,-712.9344490507733,-874.8447509220916,-1707.5338704470807,-60.32962337464594,-0.0,-465.6590244799815,-557.0583106392951,-1243.9892749379094,-1800.581228065982,-281.08486202703654,-666.8056570611897,50.56222149530633,-776.0839187941033,-461.3371502540201,-839.090736574592,-0.0,-827.6144709556278,6.864883135483164,-1900.462116273772,-0.0,-246.31952747016317,-452.8615685299886,-673.4643267360773,-1946.1075217740795,-135.14049555616555,-1239.3626885631536,-623.5507252222633,-2209.9540483082355,-0.0,300.5487146288898,-0.0,-0.0,-191.39648642390853,-0.0,-0.0,-3114.2848792688314,53.12853897348622,-38.70882294364455,112.12056649713007,-933.5007351059529,-0.0,-0.0,-0.0,-0.0,-0.0,-24.077894950952246,-0.0,-678.6751915978876,-0.0,-313.85614581644364,-1528.4893075269472,466.8225131429048,-2804.2206502318495,-0.0,-0.0,-0.0,-0.0,-0.0,-0.0,-0.0,-0.0,-0.0,-2056.698570443855,-0.0,-2250.408161015435,-2781.447919145435,-0.0,-0.0,-0.0,-0.0,-0.0,-645.2211800092247,-840.8584340600942,-0.0,152.9751815908932,-552.7619161772975,-1924.2401885408983,-514.1245010470211,-0.0,-520.0119793316493,-713.3545498492867,-0.0,-0.0,-506.8567462823151,-773.8543705065274,570.8782189910972,-397.2597591676755,3.7579572401783277,3.7736028039354776,-0.0,-0.0,-0.0,1242.4755979735341,1467.6081711544632,1223.5928106621548,-0.0,-0.0,-0.0,-581.1941910145687,-0.0,-0.0,-847.548934788703,-76.82033844167151,-403.50736312907657,-50.7380648376772,-844.508759990383,-778.3580604821589,-1090.8825705222055,-502.2436069753426,-128.86788318214764,-937.0964803093368,-0.0,-1736.6377135647697,-67.08765244420142,-505.60147944389115,-753.3506177305945,-65.98787127588659,-0.0,-979.3101526152008,63.4749014102836,-0.0,-0.0,-0.0,-0.0,-0.0,-1242.1968788313895,-2479.5982375879958,-0.0,-680.9499212524167,-7.069463710023432,-0.0,-0.0,-0.0,-464.1702006296794,6.647352140870504,-0.0,-975.0887952187311,-673.0673023799357,-0.0,-0.0,-466.02485741199837,-0.0,-0.0,-1446.3166176109416,-1205.5184119782011,-0.0,-684.154739032869,-1881.9920619246755,-85.3011531309455,-0.0,-0.0,-162.34518342556635,-676.867449093755,-252.36968719161345,-268.089313029713,-188.02780243468519,-0.0,-0.0,-0.0,-999.3040459287835,-760.0686115650855,-1784.0515669498484,-106.47442354394646,-1084.085714485886,-36.60845604570093,-330.13179201575633,-435.50770489337793,-1738.194681008624,-0.0,-0.0,-720.6667030450297,-1563.2721561866124,-0.0,-0.0,-0.0,-487.1624145583482,-2036.6745416958497,-2938.701668672441,-0.0,-219.46910832311931,-80.52556961830479,-567.9431349814532,-492.91673542066724,-1408.4071388865327,-0.0,-1225.762978252183,32.72472864782393,-6.691632815324767,396.5410650860076,-0.0,75.8233476104799,-277.6850926777352,-355.1930380421141,-46.80941959807859,-0.0,-0.0,-355.37078848999937,11.646316883738413,-0.0,-1346.7175693673894,-834.4272877475819,-821.1557921924228,-641.8286181025989,-982.1973341172461,-1312.4789974711925,-0.0,-0.0,-0.0,-0.0,-0.0,-318.8007341595469,-457.03288036732914,-1005.7909644949549,-1214.9618123089197,689.996651335088,-1269.9544492207203,1243.2719282738155,-0.0,-1943.8227070413486,-1296.6814381353456,-599.6423701562072,-16.922379816760564,-163.99135185061112,-1773.7183931934896,-332.01207129744506,-0.0,117.35405806482608,-669.3662733407807,-0.0,-0.0,-459.273683585139,-316.7497493300644,-339.92931807919024,-1022.0744477199007,-1219.8983568150493,-0.0,-1408.4636336457381,-1135.699849572729,-4328.882758151715,642.2329200595053,565.0426889819659,642.3157557860588,568.9073012080742,-0.0,-0.0,-0.0,-0.0,-0.0,-0.0,-0.0,-0.0,-429.9428675961514,-0.0,-40.35319295969944,-0.0,71.82873581498832,-936.0299785942357,-1099.307534820533,-1648.0461597305425,-0.0,-0.0,-0.0,62.534343998995055,-2722.437414971154,-648.1723578230764,-2425.576761402761,-1409.0162271649426,-0.0,-0.0,-278.7020481681221,-1148.9727451948183,-0.0,-1795.5138809752907,-486.90972844366036,-0.0,-0.0,-0.0,-2272.1662347905103,-0.0,-0.0,-0.0,-0.0,260.9380243486239,-0.0,-0.0,-0.0,-892.8018077090821,-0.0,-0.0,-0.0,-0.0,-0.0,-0.0,-0.0,-276.13425465699265,-920.6128892207507,-1283.561860779103,-1207.5647188905452,-528.4360071818903,-860.8303214090499,-48.992019869355204,-0.0,-641.2177063313851,-41.792706679829806,-0.0,-0.0,-0.0,-0.0,-599.4710539797613,-0.0,-510.932027383977,-1103.5505594065555,653.3713428137672,650.1381331647831,709.5045558270758,673.0089343914015,651.1032289682156,-0.0,-0.0,-0.0,-0.0,-0.0,-0.0,-329.9946232364997,-0.0,1698.8526258230481,865.3460129947304,952.0720640028793,-0.0,-0.0,-1133.366561520702,69.36154880919553,-43.89607357805613,-2101.0697790434688,-0.0,-1622.4606502479796,-0.0,-11.267204042494141,-0.0,-0.0,-556.1752938369283,-0.0,-626.3234719996182,-460.006617446594,-317.5349056003963,-0.0,-24.3460256183214,-0.0,-763.4494801001028,-0.0,-1867.7382402336186,-428.80788756010566,1571.0112394197015,-1667.3465717991648,-752.330689565803,-72.77041388579515,-712.0386156336258,-0.0,-437.6376548494106,-36.74410147237756,-2323.206714726862,293.7478284820931,-197.26825623174707,498.2052460488226,1004.2989876260525,-0.0,-269.33482040910064,27.138302885499737,-893.7800867592453,-1016.025012881763,-1256.9229434507643,-1705.2540417604262,-0.0,725.789048015964,-0.0,-333.76839697284095,-2219.6459561581414,-1074.8147728347742,-0.0,-1080.2537456567259,-268.15396594792554,-570.1238971201216,-588.1316678932515,-230.8875143692489,-1381.3100025702356,-0.0,-1557.326561176285,-350.9980643575853,-1358.6308345831283,-304.0337342509881,-0.0,-0.0,-0.0,-0.0,-1206.250321203377,897.921003118714,-842.844524959155,-608.0669057892234,-0.0,-43.96548133036262,-0.0,-0.0,-774.1433409152936,-655.0821101871265,-577.9030158083214,-614.3684843716072,-0.0,-0.0,-0.0,-0.0,171.78165383211513,-0.0,-524.387287154332,-1681.3724888765876,-887.5682987127386,11.306772037893642,-1249.791585836776,-0.0,-0.0,-0.0,-547.7315444336791,-710.0912937685079,-0.0,-1349.8855665030255,-0.0,-2565.9100502008605,-3182.346360008201,-0.0,-79.51151680348411,-0.0,-607.3621339128737,-0.0,-0.0,-0.0,-2021.8188074034194,-966.7142978169512,-451.6293909484347,-724.5580231034016,-0.0,-0.0,-1903.9421483139104,-0.0,-471.76422691396084,928.3827068761589,-882.2427732799396,-590.3115653583533,-429.2774132442127,137.9529192377984,-0.0,-0.0,-1186.3917723009401,-0.0,-489.4843157711174,-79.23414323981015,-356.09609930752947,-270.63241404984257,-0.0,-0.0,-172.4321387628425,-591.5871121214066,-872.9971977594137,-472.1459910752634,-1047.440836252079,-71.57359936831966,-0.0,-113.39548678715745,-1698.3732954002935,-981.4941339614469,-0.0,-0.0,-0.0,-491.82837859773946,-528.3018791477423,-1274.0400174970132,-0.0,-0.0,-0.0,-0.0,-0.0,-1296.9847148324836,-573.8113876161004,-0.0,-496.40666301330356,-0.0,-14736.271981134196,-657.5716039308794,-231.1171089835847,-387.09672192005297,-0.0,90.51015038860747,-1528.5268086179426,-2258.9401854574517,-0.0,-0.0,-0.0,-638.6945951820211,-473.8706549379707,-849.3091074905337,-884.9213376645425,-456.00371653178826,-0.0,-0.0,-1445.4614989147035,-528.59146503527,-2134.616898464239,467.2116174357513,-1767.6107631991936,-0.0,-0.0,1434.473603025146,-887.6308125739267,-0.0,-164.67341870328136,-294.705770829593,-537.6335430154841,11.422699935553924,-727.7954149084799,-0.0,-0.0,-1096.306494615796,-1179.152015851811,-2211.2193397637006,-0.0,-0.0,-1958.5710069969898,-633.1528906094146,-662.5871571227382,-2033.7266121186651,-1313.1506957796958,-0.0,-0.0,-938.8342414091716,-0.0,-231.00471680808369,-1380.2098307502156,-1315.5881208857095,-0.0,188.14121494923273,-663.7864033063099,424.89090952453347,-160.9335787723259,-309.3034876237018,-0.0,-556.8720311456058,96.92838431969669,-169.3317558974905,-319.92926885304274,-2280.1689203315746,-1863.7543017697194,-77.15416544469905,-4254.383145947356,-456.3101545932471,-923.0235201941776,-42.168514473765036,-3302.1279810710553,-281.87263419603966,-671.9450226334554,-256.1516059771223,-1548.746983032441,-1106.8305722894713,-2767.5990374419807,-3789.322656536975,-35.96715423624228,-542.4980209842985,-1361.596488985069,-913.3429017910844,-0.0,-3433.819761623706,-0.0,-427.8928302062865,-1281.1094215061967,-1097.9274083717967,-0.0,-0.0,-784.4258382976212,-238.47962353190525,-0.0,-1245.2997757006904,-0.0,-656.0856674616103,480.5601175861765,-1263.0075984446908,-404.23592805216555,-6.7596470808011775,-51.44958136239788,-0.0,-1606.2024027593031,-479.2734621305149,-0.0,109.05419056339035,-0.0,91.38355843546613,-115.08785157510856,-0.0,-388.4810098489168,-1098.0783681357045,-381.5616042742676,-698.8260839055109,-1920.2129217426425,-0.0,-3260.734637148715,-1647.0651933986398,-2164.0846241162644,-1985.67529765303,-61.91486757570676,-141.45936461562403,-520.1845742845973,-1053.029959817376,-0.0,-0.0,-889.2336787359803,-136.88291951806016,-0.0,-58.64128699875529,105.40942289140611,-1976.1902555902884,-0.0,-0.0,-997.0115064109091,-0.0,-143.33385715614116,-0.0,-50.630490685327,-172.08974247787282,-0.0,-288.48204615712706,4719.658133288991,-0.0,-0.0,-1308.8256752279026,-575.0146393912812,-216.70345827875445,-0.0,-0.0,-0.0,-476.4967662712285,-1711.471651739202,-0.0,-0.0,-0.0,-1627.1638811175544,-162.14254439695594,-0.0,-0.0,-1444.6134178261611,-602.8115978125077,-302.6113153152523,-315.3266981271759,31.515107787038662,-501.22344977067314,-313.6601013519733,-232.308327913085,-1786.6745188757782,-0.0,-0.0,-839.6129381035763,-725.3592597905285,-2179.1905083382926,-0.0,-0.0,-1934.249473511341,-457.08044710529884,-1219.0855996013383,-425.7395182651189,-587.0231834889564,-1906.201155920706,-599.4961561469624,-71.0378247639552,-737.5977323193781,-1948.5494377348953,-1530.4673272942564,-1023.0664552335658,-0.0,-435.7637116287353,-0.0,-1425.792058418177,-333.94816675418406,-174.66167561836374,-500.80679332826537,-753.1204599097351,33.03049820575172,-0.0,-896.1411666661611,-523.2018354766853,-72.19660342505796,1248.2518671755076,-56.57138898702611,-0.0,-507.430523364092,-343.35970873777217,-0.0,-580.691174825331,-1267.419957490497,-0.0,-0.0,-0.0,-0.0,-295.437682238377,-609.5084290010108,-305.51520701217777,-332.9331579926183,-289.6793742418347,-1565.5760943901946,-621.6630752099901,-1046.0617714909704,-1991.5374997122965,-1437.3279064943235,-0.0,877.5435337973759,736.380565676045,474.2949621661524,681.0421859063587,552.3835882424894,-0.0,-0.0,-0.0,-0.0,-0.0,-0.0,-0.0,-0.0,-60.5143959374316,-675.9053897145342,-430.5900199556517,-282.0154090196982,-868.7469223916779,-101.74097787710075,-294.34779985631275,-945.000172325015,-242.38880761239662,-1468.3461541983756,-678.3020806119612,-93.18898596345612,-384.7071715385675,-7.390645932227849,-0.0,-724.4382651001869,-140.9513130307868,-107.53981452767637,-712.0137220990117,-375.05763595442215,-1381.427196275643,-223.5281359260855,-0.0,-0.0,-1881.077963449427,-364.02459507969184,-235.5374871724196,-426.9014912456909,-742.6885147296186,-391.75524678428627,-304.30174698040094,-0.0,-405.2325658084654,-456.4736607737558,-530.4031816266678,347.71263544051425,-1147.2549799147046,-1582.7126270085598,-421.25973719543947,-548.3898490304965,-241.91761717656505,-11.189437583924212,-0.0,445.6490465949094,-789.2457834266435,-41.962606580275704,-1468.589655586208,-0.0,-0.0,-1085.7259045535948,-403.82681124247165,-0.0,-606.6259561906011,-594.8551962996851,-714.8221440634413,-0.0,-684.7285973163092,-486.1447531014809,-1786.9950736323099,-3570.07358182441,-342.09891008435505,-0.0,-38.55524917258752,-342.6546174140755,-1402.2686933776615,-171.6422877142006,-516.0694541384476,-543.9534318496212,-624.464025568747,-159.7146336899317,-0.0,-0.0,-1095.283839336479,-29.38934561140572,-359.125699242434,-570.4067042419417,-1216.2941119380284,-1986.5950692719603,-0.0,-388.1114743053923,-0.0,-0.0,-0.0,-0.0,-0.0,-44.134933456481114,-135.64339279062085,-335.87187593881345,-0.0,-0.0,-0.0,-0.0,-0.0,-0.0,-816.519344954202,-1768.8394478405023,-368.4928127644148,-406.3058683945712,-37.46987595075572,-0.0,-0.0,-393.9757083629167,-0.0,-0.0,-57.53882200676589,-2023.640884824243,-0.0,-0.0,-1127.0086604018652,-511.0278987177161,-781.0889242575321,-803.5969308087302,-672.2869636237291,-0.0,-0.0,-1022.7412745074255,-1710.6349496155126,-898.1987924753951,-0.0,-886.1756462645511,-125.19128166327499,-261.79807600267844,-585.5604541013929,-6.6711388297757805,-533.667881629192,-1557.1031099753832,-0.0,-1314.751400587053,-146.47132505051874,-502.5930914055393,-1136.9866546092933,-113.95352940457613,-927.3361195942655,-0.0,-981.0201265482629,-26.731249373193886,-1729.8172962596298,-1699.8129883089464,-0.0,-0.0,-0.0,-0.0,-604.7994585568562,-752.1316833733669,-0.0,15.496676880689472,-355.488957198829,-807.9749077770226,-1791.015905025148,-2067.315876230052,-300.5488511229111,-0.0,-805.8685776977094,-600.257698670733,-1606.5561073783126,137.95436149558108,-0.0,-2581.6982650135888,-700.1884396083822,-0.0,-159.08337469336487,-1320.424754582921,-0.0,-0.0,-553.627222479084,-1219.0130825501024,-0.0,-888.4417712741695,-1213.3168264895503,-0.0,-65.57051037722323,-450.1826224467547,-0.0,-1303.2591689833755,-2084.432822876816,-858.8710847741,-130.83208289246963,-1622.7903070787158,-65.62111476829081,-858.4421287409303,-512.2710431369206,161.98622353205056,-987.3449350144097,-1086.688308746237,-636.955573287587,-1087.968735310036,-369.0052640345442,-459.9829827872429,-549.7547714073024,-1734.472041223628,-0.0,-0.0,-1478.407814410495,-261.5176237778279,-0.0,-1322.8933534306666,-972.588031334901,-0.0,-2260.8988097234155,-408.2579334666929,-0.0,-609.0020958419329,-0.0,-0.0,-1038.677282926997,-870.5339344957887,-0.0,-0.0,-0.0,-709.3107722932542,3.4216110769661627,14.74076124020139,-262.655601981473,-0.0,-1593.7753310025364,-1279.0089934616706,-462.28186438416304,-1789.79205448989,-0.0,-66.59537366813767,-662.8017460843972,-0.0,-323.06841712476484,102.34565654162894,-1055.613981673926,-831.1818491041043,-624.8658181900312,-974.4845939953583,-0.0,-0.0,-0.0,-755.5198532294424,-0.0,-220.04021259267395,-773.4837821518377,-211.07795345383104,-1123.1252501519352,-1883.411684756405,-480.15373951310335,-1732.474702371081,-0.0,-693.4928733811375,-1464.325074985721,-454.38801958824314,-1008.1200349769459,-233.64438571023808,-506.960298417898,-1259.0435662353332,-0.0,-0.0,194.99715877203974,-2114.8527547144877,-778.574090389398,-224.21332875860946,-0.0,-317.8426016178433,-235.51779140559228,-499.2674938575567,-0.0,-0.0,-606.6560728036087,-0.0,-49.69812048195972,116.99728156867774,-74.3515340624699,-1926.3273014581691,224.32144475116752,728.8331275856441,178.0545558823892,469.9545215418016,34.63154556750018,-0.0,-214.9683556423816,-686.7221169511972,-255.4361611967236,-49.900800720654104,-0.0,-0.0,-0.0,10.708644186878711,-17.749339066085152,-797.5204578332888,421.67767993342824,1917.2348877986462,-0.0,-0.0,-0.0,90.35309951673484,157.19069338000688,-0.0,-2535.5046928728593,-0.0,-0.0,-0.0,-0.0,-0.0,-2144.525868167358,-212.65921404792678,-0.0,-103.69685862500563,-1437.957229173028,-112.34528760111611,-895.4119569577123,42.60380916355731,-1676.3093612692592,-3103.6594147573787,-1576.1047853169807,-0.0,-0.0,-1210.819494198665,-865.4358919644108,-650.0166143874634,-358.91993348776793,-277.29009262820097,-833.7977923083739,-790.7952568079248,-4682.8462149056395,-548.6497474547654,120.43848085725968,-538.8047081192764,-741.583464790325,-566.2110592939908,-526.9138272987318,-6.755949051511063,-1603.6995953021053,-721.7098518683514,-489.36510027306116,-0.0,-0.0,-0.0,-0.0,-197.2041161016661,-1041.7588613907596,-0.0,-1100.7196475973462,-1330.9415337004566,-0.0,-0.0,-1175.8503451780489,-0.0,-0.0,-167.20530474328842,148.50462131762208,-0.0,-0.0,-2109.551695138838,-994.8981579863652,-98.98703351673267,-1042.6638905624195,-1087.6010997343847,-0.0,-255.567386156739,-414.93053165305224,-0.0,-1268.9327505859733,-235.22573689270087,-878.6510626942053,163.481856537851,-727.2171736626947,-168.71436505945795,-293.79969490352016,-41.467334096131324,-38.77060683091372,-466.8960273289584,-661.4930108166575,-407.45911091244403,-667.7376193642846,-0.0,-87.5522486761623,-557.8539079576092,-236.56068976002828,11.851094314711123,-0.0,-843.0641453103856,30.397310103437352,-960.2206467603853,-0.0,-0.0,-0.0,-1603.244837108656,-0.0,-0.0,-116.99284139372628,-0.0,-0.0,-0.0,-0.0,-0.0,-0.0,-797.2150695590722,-1224.3296616189853,-0.0,-0.0,-0.0,-0.0,-713.7926809359249,-371.91117650629974,-0.0,-0.0,-1393.2199087076071,-0.0,-1147.2652549773663,-1887.1613663477608,-0.0,-0.0,-0.0,-586.7758377249431,-0.0,-0.0,-0.0,-788.7519913826653,-689.4479928930792,-491.57822348615065,-0.0,-0.0,-155.24878073951479,-0.0,-3224.5007276363594,-4171.890952255281,-0.0,125.6195008095322,-0.0,-519.0656635286373,-638.38128531967,-1597.7564380715708,-0.0,-0.0,-62.59197808842071,-514.1969762034587,-1095.4933511295017,-593.3135619148627,-345.0551145952464,-0.0,-0.0,-1074.3359984734934,-712.4914888053063,30.748339559353703,-0.0,-0.0,-561.4788463532489,-285.0241094108958,-41.129727317401354,-0.0,-0.0,-0.0,-1638.283780983502,-388.5567661557475,-1039.9864457573403,-3893.682060814167,-0.0,-709.6239404299489,-854.4002473574535,-1923.1158471412891,-358.23848846660195,-0.0,-0.0,225.66320786970482,-997.0147550374174,-1434.3284038260174,-365.1585268382897,-105.65696687475968,-0.0,-1635.6724779495996,-329.3768948702142,-1129.7756131764836,-665.2449268285105,-2252.887205074089,97.70401101625025,-798.3163870645205,-698.5581909632716,-1604.1022395485106,-0.0,-0.0,-759.871126860117,-1548.7415400303198,-1469.8804287266366,-777.5560258502707,-0.0,425.2842977448535,-93.53741625963029,-374.9565379617434,-0.0,-13.582445162971275,-0.0,-2237.59165825811,-30.234196598824056,-0.0,-0.0,-737.5304174354951,-1014.321059070516,-677.4641618789486,-211.18567337155332,-612.3566540601855,-0.0,174.8842857808144,-670.1234712479124,-53.803523508964176,-1303.8590738680778,-0.0,-1168.8568269872367,-140.66775064785108,-519.8492346406771,-357.18930931096554,-525.8848381071325,-39.44916671072901,-3.9533653823318993,-1013.4175468918396,-1022.5921279427412,-1300.5108262674548,-177.04141035891064,-1120.3782631147258,-3.5717228896125395,-0.0,-588.3333658837586,-2566.224031513138,-0.0,-0.0,-23.86070795676005,-1772.1806560053228,-183.55440203578598,-529.3371649664629,-298.52476137772834,188.30915127424097,-0.0,-0.0,-1222.9417436680487,-0.0,-0.0,-1791.04671947481,-1188.302278683311,-761.8979379077255,-820.141854682977,-405.1932686293235,-712.5023451910359,-792.4003484156617,-1068.6313012711885,-1930.3698602992301,-0.0,-0.0,-0.0,-0.0,-36.14174656813616,-0.0,-1627.011159252621,-545.6227295939362,-631.6910070775882,-714.9329170098868,-398.03325716423683,-0.0,-1235.0502625707993,-502.5426060948724,-0.0,-2197.434201144435,-1392.5005889754946,-0.0,-0.0,-2439.976925449859,-1437.7675810724106,-382.3118879301751,-685.5992938001623,-0.0,-392.81728670208037,-10.189740604876592,-0.0,-617.4706186901948,-433.6201490039953,-515.2976358025286,-0.0,-0.0,-0.0,-0.0,-382.52308558365166,-935.8938093661551,-5178.095401407842,-0.0,-0.0,-508.9456148728127,-531.5052760217516,-1516.034934964154,-518.2542813147583,-60.48391560068719,-358.30592733519626,-0.0,-608.1077378175846,-491.3948957808861,-0.0,-603.3208476983567,-1093.8521835724912,-0.0,-0.0,-0.0,-0.0,-0.0,-110.7674030253873,-1719.7308958639735,-0.0,-967.9271800502456,-795.4291025153232,-0.0,-1702.0548119051039,-658.9285531185403,-959.4253792034277,-1234.281949536753,-17.765021416112273,-102.36262619737622,-1119.5559560093968,-725.5034130694085,-332.97164989490346,-0.0,-1204.8323235189598,-1118.2447698392637,190.40278507101996,-0.0,-539.9083715517094,-810.5883163555576,-785.339338576472,-41.941568083005365,-0.0,-483.8060673397387,-0.0,-0.0,-2407.17402215194,-2076.8869692770145,-1663.312653452601,-1429.9702436405912,-0.0,-922.3999943525233,-1740.4173955782692,-0.0,-5111.993085335869,-0.0,-0.0,-0.0,-0.0,-829.6957249065354,-1989.3198912914131,-2221.4275650728923,-16.745322857202574,-1749.9821835646846,-0.0,-810.7729223868114,-19.95129968619313,-0.0,-0.0,-518.7698586772517,312.6407722023938,-0.0,-392.412710782912,-33.44582529456538,-0.0,-1199.157589627705,-0.0,-1942.0700032314412,46.96588172891058,-0.0,-0.0,-854.4564335908938,-1321.2185956127098,-811.5432455118068,-1124.4635990836318,-1010.241443313214,1148.366648946764,-43.99074142601584,-820.7386145723242,-70.16654735048535,-1845.2504057815968,-777.1969520539345,-724.9316762691614,-429.4457104913293,-1326.9034538842614,-1627.039486417646,-376.4402828210601,-1725.5923829861142,-302.34856796171283,-0.0,-0.0,-6.600635656030235,-0.0,-0.0,-0.0,-0.0,-0.0,-0.0,-1364.2217322361691,-581.1938545058944,-1177.4773217036563,-553.6610950614458,-0.0,-523.9948776856368,-1034.3333617485014,-918.9849738778042,-1764.2443718823388,-1102.8379227376843,-57.31438842766749,-27.70188206911735,-1015.8564231234213,-993.0872558082459,-0.0,-83.60653775568231,-0.0,-68.26579957732793,-701.9831815203047,-171.63888143585493,-461.93047278527445,-824.7637276554829,-0.0,-0.0,-0.0,-2863.727185263835,-0.0,-82.42634745989174,-0.0,-201.24367112980283,-847.3586494668065,-1002.0124233813491,-644.7782363472015,-0.0,-34.696632858235944,-472.7104836533374,-404.81953617657894,-345.9503156647001,112.50596488821913,-973.2139274195551,-0.0,-0.0,-2636.103695294983,-0.0,-956.505852931457,-572.8143474871978,-344.22523669658403,-225.81586370576377,-1093.7297114840555,-2382.073289228279,509.29560651420377,-1920.9887057357294,-1433.0825019139857,-459.3122189996387,-3.792580705753872,-0.0,1159.6969784757198,1081.8632437140222,1077.2715978581623,-0.0,-0.0,-0.0,-837.3204676103763,-0.0,-254.7915854681618,-155.43353919629038,-0.0,-3099.351470705769,-0.0,-1281.430899833246,-119.22809836099279,-864.8130032828642,-588.2234912043575,-1405.5767995852648,-1469.111961663002,-0.0,343.41827765905856,-2073.3553220360504,-1649.5023209297976,-447.2944000266319,-1409.4576177268011,-1542.665254015193,-0.0,-0.0,-350.89602599876844,-643.414337764639,-2034.6566030713602,-726.067197725773,-123.25938511284636,-0.0,-0.0,-549.5560566709885,-0.0,-0.0,-0.0,-135.22762764947288,-1074.8186767507443,1423.8774403502398,-1117.3857552864554,503.283676610209,-714.9108849945709,-843.6363115775787,-7.237306039547863,-3839.223236048952,-959.0185161710205,-0.0,-66.25172606699508,-2034.7301546975177,-1651.1646408426948,-0.0,3.781814952390118,-0.0,-562.6313918856623,-0.0,-1850.8029964530442,-1594.9092242715037,-0.0,-263.7086374137732,-0.0,-0.0,-0.0,-679.435144788931,-932.6511054873256,-351.0038627212549,-862.1696234314094,-1549.7987903474502,-777.7325121526112,-418.3273299494814,-462.9842332703117,-0.0,-1405.1579912260713,-210.82324007485389,-650.141211123736,-949.3477106957343,-1355.3383381429887,-1289.8141450417165,-362.58862074421467,-1575.7341976294797,-0.0,-0.0,-0.0,-2081.811253818829,-0.0,-505.47144452775103,-724.3617606963203,-0.0,-679.8399498358069,-549.7589345201653,-736.6136456951026,-610.2743868189427,-171.7099204151368,-1650.2139739374522,-4199.049648096078,-209.98975788887913,11.206839619180501,-0.0,-102.92183776960113,-6437.500259344988,-1574.9902520273172,-571.4292793393214,-2054.776682134307,-230.4216936140341,-0.0,-7.267272713002794,-584.5872165229745,-81.64420219578759,-839.0209479417523,-897.2368587662422,-145.95597364673714,19.66924008920254,-774.1746190435483,-2044.3586372623752,-1791.3786408139833,-1639.575796697044,-0.0,-1331.4554802008854,-0.0,-101.3274627280729,-965.7427066460754,469.00615151428497,-0.0,-0.0,-288.66746216082464,-727.5712986350591,-703.3418977881828,-1128.6576271385115,279.34277837634727,-1352.716263322729,-65.10609394381288,-295.9266465517424,-1360.0594262591858,-1581.3824586233363,-333.85322908591047,-0.0,-0.0,-0.0,-0.0,-0.0,-1583.6504739263523,-0.0,-609.5984105278211,-786.3590510715276,-2302.4152687743963,-0.0,-0.0,-70.65249468710421,995.6820341544928,-517.4256350409718,-1140.078969571744,-0.0,-1238.5439126904803,-3960.4892924635924,-644.5866744317176,-4913.027979853746,-981.8237343334338,-0.0,-684.3046545267897,-2327.5074099950716,-131.89289407277778,-0.0,1022.3754562248686,1173.1141412499635,1121.628452712784,-0.0,-0.0,-0.0,-0.0,-76.45264466088308,-2120.980294769144,-3.9303499449921806,-0.0,-1649.4416133758689,-1023.5951455958924,-321.0475365409118,-3.931178966187048,-0.0,-108.34725110694723,-607.0462505343164,-0.0,-0.0,-33.33684428594356,174.3522917560175,-1795.1981541617909,-0.0,-870.055235224803,-66.14875207898818,-77.27345440894717,-0.0,241.38495121200054,-84.6484230034586,-429.41875798078564,-1755.003610951107,-0.0,-74.15007369169273,-1135.430712138802,-972.669472263579,-0.0,344.74270025558945,-0.0,-869.7186344815268,-941.8097021973084,-6.666867455475115,-0.0,-0.0,23.041963859234485,-228.89931017420105,-157.3477498910889,-70.46100257011088,57.038676971990235,57.059667276760194,-649.0593578438405,-660.956953521981,-987.4910968029068,-0.0,-1703.0374007289847,-787.5542753419335,-0.0,-0.0,-926.8881874967245,-1894.9696732738169,-497.1000454105235,-0.0,-2454.9769946457945,-102.78981400561896,-63.981194758162886,-1065.7024133017526,-0.0,-311.52895896810134,-1140.2148744439694,-3.338969485795029,-0.0,-4257.468840193677,-154.625179919165,-1257.2483648085326,-926.1245046069552,-978.3897341558614,-1858.32167850846,-83.13376712839086,-720.9411522708474,-1777.1671375413662,-1079.3682122462153,-954.0113494624486,-218.0150936337513,-1606.157475181507,-0.0,-2656.376785303964,-0.0,-4737.073721816904,-235.56048012300047,-236.7388218754819,-1205.2673886049931,-0.0,-0.0,-0.0,768.7523614994361,23.2735588992387,-837.4642638316185,-1248.1079556310822,-334.23801947126293,-896.7020498983708,-0.0,-0.0,-1224.96025617332,-283.39591941820464,-388.5117210055806,-175.03784449071915,-0.0,-1338.6774605068758,-337.46913408343687,-1499.356101685633,-0.0,-31.58352057347264,-0.0,-1595.5598363549807,-719.6574019740299,-1609.932854618269,-0.0,-0.0,-1407.0237686578366,-462.1386232134076,-610.4462728050781,-1280.4365969507483,-287.68481667856383,-1070.5626969569375,-0.0,4.738989628566111,-912.5653848537096,-3376.0627115305515,276.41067133990566,-1191.5094652995522,-5655.156669206054,-556.437677755642,-587.729965313502,-185.2896851705467,-104.04027625072167,-816.3162866273866,307.2705464589268,-88.71007914624806,330.76649082772195,-1035.5090171094523,-444.5200201763821,-0.0,-1146.8034373718654,-1542.7137495168995,-502.4833374657384,-378.29841164818276,-0.0,-0.0,-30.425862616686253,-950.4613629411689,68.26984435657211,-1815.8314706704757,-0.0,-0.0,-373.82534795128396,-555.6190998647744,-952.935090514679,29.987385760779976,-2411.995883086329,-1251.928604452338,-1182.6401028104483,-133.82465715662514,-0.0,-359.35731202772837,-0.0,-546.3453641065213,-11.704776994576788,-1357.91707986288,-422.34419915668974,-1330.5445043179175,-320.4424869579297,-254.98285288093325,-0.0,-1078.6722171045851,-590.8438120531399,-1073.1257743452672,-0.0,-2817.9196347039624,-1084.7635417419035,-1282.169150461355,-839.5677866165767,-860.6072572637682,-53.5173909385631,-1959.2697730557263,-680.8004687456817,-1107.7230009066677,-1591.2986284963622,-171.86491508606062,282.88327587284533,-869.1861185562592,-0.0,-0.0,-14.99492032335089,-48.22570484340251,-13.50275763461653,-239.1509208587554,-0.0,-0.0,-0.0,-0.0,-0.0,-0.0,-0.0,-0.0,-0.0,-0.0,-1202.7114322088853,-2045.4756489656693,-1656.0698720499815,-0.0,-0.0,1125.8073757733505,-360.4386232575891,-0.0,-379.04938930286835,-336.4724300555133,-811.1973089262325,-731.1781786186825,-934.8341991980343,-3.3932066519268287,-617.1201958644804,-369.4423865249389,188.46514230740289,-0.0,850.3813243672874,-0.0,215.5835689209823,-0.0,-290.0546178246916,-0.0,-398.22970944982154,-927.4413624068557,-1581.5089938000037,172.42297029320918,-0.0,-0.0,-0.0,-0.0,-0.0,-403.31429405355016,7.643217088312106,18.812950637362764,-0.0,-0.0,-470.9059572791033,-0.0,-49.729659846247415,-595.5678468969357,-3500.593288809855,-0.0,-1123.5862522386965,-0.0,-543.0230204818105,-0.0,-0.0,34.01032684052667,-0.0,-232.34064884196522,-0.0,-0.0,-0.0,-827.3505743737982,-1408.2741632359985,-0.0,126.51550670303203,-1883.021575434273,-0.0,-80.12783852436806,-294.1248678823359,-0.0,-0.0,-1531.58448221617,-0.0,-686.7100726492168,-1144.9659815614953,-138.6501897551191,-2347.634756816741,-1509.8592708280896,238.17981113378252,-614.6253614309384,-0.0,-1044.8616041305227,-0.0,-0.0,-0.0,-3284.975094762627,-761.0280267020385,-1220.5110458363272,-0.0,-342.82558616196246,-15.675684524747759,-970.193249458136,-1851.9984900252648,111.09620511364456,-2210.207192066168,-0.0,-1479.4493335557954,-2118.8021612625207,-0.0,-0.0,-0.0,-0.0,-1866.1288402616074,-337.5009222885151,-1119.2966578585267,-0.0,518.3036469504727,1167.834201290709,-0.0,-0.0,-742.8876033645196,-742.3682574672846,-291.4041546752221,53.21692840307871,66.33465247816976,-0.0,-1236.8123798526149,-0.0,-235.4766497855961,-1004.1759784624619,1421.1777475829444,-0.0,-0.0,-0.0,723.3745298130345,65.59519535161367,-755.3662895156706,-0.0,-1141.397123349178,-0.0,-835.4834159746364,-585.893207774714,-0.0,-0.0,-0.0,-0.0,-0.0,-62.71248555374038,-0.0,-0.0,-0.0,-990.3572470772399,-249.97181970815845,-0.0,-0.0,-0.0,-98.69987493392411,-71.8623196897162,-495.924103622904,-563.7281931457406,-2467.764507240407,-708.4638590785652,-394.6889096398669,-0.0,-2160.293145910184,-39.347416010040575,-0.0,-902.6506088801216,-2122.52413535862,-590.2454960953629,-447.6499487011212,-958.3250322939681,-194.4613813408522,-571.3439355189101,-624.7103334775747,-717.9798877524531,-172.06805368281604,-1575.622741405665,-679.084930423664,-321.62912251460983,-0.0,-0.0,-709.3900133801885,-3321.5672620105543,-0.0,-859.0700576394687,-363.7621841902913,-0.0,-311.37203727090764,-541.2532820412932,-663.4196964527483,-3.683507948971997,-0.0,-0.0,-0.0,-0.0,402.04542603818425,-0.0,-526.2695243421153,-0.0,-0.0,-564.5091631936115,-1023.0250428095586,-2272.2272407893024,-461.4771516136145,-514.7917739693376,-96.1227365715972,-1834.835984439451,-0.0,-641.6289527877583,-330.60903890271373,-415.835874189716,-882.5576661608225,-866.7531069637479,-1259.4501745208604,20.45222385858523,-318.961400418629,-0.0,-931.8143252119736,-990.2877820289099,-54.669485441754816,6.432168065665762,-2084.613560010354,-1057.9375707944885,-626.1526448551476,-0.0,-566.7122160460145,-526.8275494586878,-527.3166408069501,-1942.0995324399842,-7.099201018871721,-0.0,11.14562525276594,-0.0,-0.0,-203.95170568392643,-2910.2181581220843,-184.1096547114299,-1310.8353413068414,-2839.9346150717574,-0.0,-4143.685325809878,-250.40970444520858,-2057.286350404524,256.6968124844134,-0.0,1327.6588579343456,-676.8553388546585,-0.0,-1917.7731244708914,-0.0,-17.40230030029896,-0.0,-0.0,-0.0,-0.0,33.82132053309838,-0.0,-0.0,-0.0,-455.8849263685003,-1261.6980579715503,-624.3618128005062,-0.0,-3080.487887044435,-0.0,-0.0,-0.0,-198.33880758028886,-263.29767008587436,-0.0,-1565.4158341279388,-0.0,-0.0,-3086.091014524956,-0.0,-0.0,5.320121287214669,-471.8744514816156,-18.799990338116896,-0.0,-0.0,-157.1116072927018,-0.0,-0.0,-1183.4853977254754,-1044.0686112979577,-1230.2689582099208,-0.0,-235.8733017884054,134.46151172559277,-355.17102234364876,-12657.02498124883,-0.0,-525.5490007427927,-1101.9618088597338,-1292.6376231370214,-0.0,-0.0,17.785978485651952,-302.93036964117965,-852.3199797579622,-0.0,-0.0,-0.0,-465.1783505125644,-2308.2513296811053,-1286.0153828733025,-0.0,-0.0,-0.0,-316.8366037699843,18.73402810812473,196.27187984845642,-930.6295731113701,-0.0,-0.0,-802.1471786750982,-0.0,-0.0,-0.0,-2453.3427094665244,-968.4038248371965,-0.0,-943.6322084499408,-451.6420747322367,-302.1573656566592,-595.1679443191945,-862.3366882467376,72.84296973332322,-930.1325762809798,-902.7614031422739,-57.46958429533393,-1081.8318081304146,-0.0,-0.0,-0.0,-0.0,-544.3257432540099,-0.0,-0.0,-456.30533391437444,-1599.8657205993973,-580.5041348591132,-0.0,1254.563326301736,1147.2165478002626,1039.3560752449112,-0.0,-0.0,-0.0,-702.4585427827138,-182.2283620219881,-665.926487523554,-82.5919177488281,-519.4877916423856,-1414.8676989390535,-1137.5528994169565,-1857.249901389912,-0.0,-0.0,-0.0,-0.0,-872.7053414413591,-629.4055247779424,-1462.1164379375505,-388.5765008556141,-1148.5689480763303,-1715.1991261734786,-1544.2164689744206,-0.0,349.42971882276925,-359.2265322794354,-371.6198694743427,-114.84220167727479,-3714.199536094324,-6.563426690953106,-0.0,-661.649395725579,-1163.9081997240187,-0.0,-40.478235973437336,136.76017986142045,-144.08434086245504,-368.8416815066947,-1768.5080466493457,-346.52373460095265,-1347.996710886249,-0.0,-1584.5596340842442,-1365.477312368806,-1070.9682873573406,-0.0,-1501.4699112949197,-542.1028240010174,-633.9266373660038,-785.2337117106505,128.36848408200223,-1448.8310805745098,-1160.5873315213987,-0.0,-108.64755549997506,-0.0,-0.0,-0.0,-917.6163057459663,-593.566278129324,-0.0,-0.0,-0.0,-3068.3418902395315,-1702.471032991515,-0.0,-0.0,-0.0,-1277.7343539094034,-729.2255514301299,-0.0,-613.7376408859157,-1222.1310910553327,-532.900819094953,3.3079585711968003,-837.409219968916,7.25549995538376,-1319.0428185550206,-1570.4137757034784,-0.0,-0.0,-35.5772923721198,-0.0,-0.0,-1191.9101845307762,-94.84746813873213,-337.26204994961074,-0.0,-0.0,-0.0,-850.4647451542354,-262.3208415883877,73.46457043911279,-417.55480078925433,-198.550526084579,-1809.934741682577,-238.84002672994222,-492.8895313126856,-1014.9249834030423,-0.0,-327.4572180191348,-0.0,-1539.5662611019843,-1342.178169653829,-1515.6327265921902,-263.344782656308,-242.2803560126069,-50.15709874186385,-729.405009079565,186.13916228859983,-0.0,-304.66235178395146,-0.0,-0.0,-371.40587819416487,-84.17603660950246,-2110.0863722889494,-2188.8618202315492,-530.1728881529007,-0.0,-0.0,-914.590947523846,277.0984208349544,-0.0,-0.0,-0.0,-844.165010084132,-67.48541908985837,-264.6272100422139,-3764.0192503836292,-1246.1822513823095,-618.8736153669485,-356.6386021138759,-181.34907404530176,-748.5048805445269,-488.60796336300314,-426.786646007038,-0.0,-784.7406408730617,-597.292543364863,-1372.5650859812536,-0.0,22.93273656103882,-7.218208944781164,-0.0,-0.0,-1286.5243955457095,-0.0,-3267.9973407967195,-1140.925931391791,2465.028444943364,2372.5131650980948,-0.0,-0.0,-636.4477328537697,-821.2249032954709,-1126.3250407837018,-272.96395297995446,-3049.7594926831307,-467.872875433473,-0.0,-0.0,-0.0,-1258.022628169619,-689.5594326753755,-158.5495200087773,-2242.2630354531275,-994.7110671871516,-17.530907960130435,-383.32931163624505,-965.5075239381681,-310.25170568396834,-444.6326482737547,-0.0,-3.825632845077889,99.33403703390724,-919.3248078317005,-133.87307350158864,-0.0,55.64467228017509,105.63902991232239,-183.23005428349254,-1141.1511429475956,-1809.526267617529,-66.84211404245725,-890.3826587661886,-1065.7673638451092,-0.0,-0.0,-644.3392647370028,-0.0,-0.0,-0.0,-0.0,-488.48517811918225,-33.74115611804089,-1054.8660042981824,-1036.426423200811,-1968.7360781452956,-904.2827409607003,-0.0,-513.0977901362075,-0.0,-1211.2008911718833,-1230.0774777689373,-1175.783897173124,-863.9404807680294,-0.0,-1293.3344268509197,-0.0,-0.0,-0.0,-3233.448540747039,-949.6125722713487,-215.6661973874718,-801.5649568137638,-618.1085844624031,-873.0513736341617,-0.0,-0.0,-0.0,-0.0,-4862.633000595117,-646.1915473160957,-1538.9796757959207,-3293.9443466036446,-1801.0382654036232,-376.21659681054683,-0.0,-1629.9012893627353,-740.7366621714964,-0.0,-253.0486085596855,-326.99365000103916,-0.0,-808.5449434279955,-212.56566390284735,1285.738446964094,-390.80331498842816,-0.0,-0.0,-852.6857295182612,-693.4625644500319,-1904.8354945349051,-351.38948117558834,-0.0,-0.0,-580.0169068962907,-0.0,-0.0,-0.0,-0.0,-1142.346000282619,-472.8316575443215,-1071.2915568049166,-426.3116714613193,-24.337348020343896,-649.3974703395982,-0.0,-0.0,-0.0,-0.0,-2042.3269467921734,-0.0,-0.0,-0.0,-0.0,-0.0,-0.0,-664.8399009369193,-0.0,-2255.0479547301707,-445.8951641159883,-193.41707215628165,-997.5627510345815,-0.0,-0.0,-1378.0215937039677,-1276.2218153738115,3.5694920475929575,-350.02831386122534,-29.493961415315216,-1356.173787727781,-723.3208632109832,-0.0,-3494.129978466531,-1144.265387740917,-0.0,-0.0,-30.09331829486971,-256.38277166392106,-1054.8741447835034,-0.0,-0.0,-49.12997825436095,-1370.6951910494456,-445.506259775857,-296.2559521482111,-37.394931227906945,-1583.8231484603598,-0.0,-0.0,-0.0,-0.0,-0.0,-549.0287134069731,-389.66804259622376,-523.0936843372336,-3734.9822980924437,-1381.0747562992904,-1044.2506739621479,-16.62379689545968,-720.5401338552628,-1135.778885925949,-17.644528437214053,-0.0,-0.0,-0.0,-559.4228755815742,-414.5619504804721,-1519.479557852452,-567.1560232213736,-0.0,-1332.3332554539957,-0.0,-631.7117308458173,-0.0,-0.0,-1778.869306107675,-560.9295810657572,-521.457997346712,-1343.375514772896,-439.65124433721405,-11.616239163811496,-611.8087932866493,-1136.7225189779297,-0.0,-423.91195972267815,-1051.203875760452,-3779.1622660633298,-0.0,-54.6852588210362,-2027.9932107307197,-1310.727123488593,-1118.3707818129622,-468.41211900504646,-969.4043938669793,-0.0,-216.08039772640663,-0.0,-226.74475544991984,597.2783266254238,-0.0,-0.0,868.9852905356634,-0.0,-2014.9475294915007,-573.4152730029131,-957.4828073244048,-953.9014452355513,-1231.0556388237217,-349.0937073708528,-57.262093090865385,-0.0,-0.0,-753.95201239198,-659.7926175802409,-646.0444504110914,-0.0,25.535199853218757,25.84180630514725,-139.51555319062123,-2655.937382988939,-1631.1866178039272,-0.0,11.407957585432813,-1165.3874133120912,-3651.391200706956,-2311.6600568405447,-425.7897372185309,-775.2504392563247,-1035.1226176776777,-0.0,-193.62117832924935,-0.0,-464.0909104606693,-242.8340779969215,-1411.1468962332285,-1979.3479786742444,-251.4456674929951,-455.3253495531329,-4115.9219711624455,-1055.3275865632802,-372.14683422680076,-421.09495702223273,-1283.3341454911779,-407.132156592644,-7.038372435697952,-1234.9266443785898,-1411.0247719434608,-0.0,-0.0,-459.1063616121225,-1090.3620352667326,-309.5541140607308,11.598565071369995,-0.0,-0.0,-0.0,-0.0,-0.0,-35.39575307206757,-649.014002846522,558.3260655597167,-359.3955178630747,-621.372604921131,-443.76928237190145,-958.014349760476,-1380.1694735309834,-897.6864637811627,-1559.4797541030641,-422.33663430483057,-562.0614218003298,-1297.9917392673663,-547.0021750883001,-0.0,804.0427903201364,-418.4611590837362,-35.81023324776118,-0.0,-808.0802586556193,-476.95286671403727,-1393.9833744648865,-1611.5423090404681,-2199.507496104628,-0.0,113.27944147537978,-0.0,-0.0,-918.2874870763825,-1312.3130858989912,-0.0,-828.6934713203783,-7.64164078732784,-0.0,-0.0,-0.0,-2256.67112787256,-635.045013373834,-212.16758746109272,-155.6332955994158,-0.0,-0.0,-1070.3541185563831,-1341.277741656161,-853.9616635324343,495.49635805755753,-8.00528083850305,-0.0,7.6678618602644715,-0.0,-1385.5810506061823,-519.1268069068251,-1041.9781868391715,-1639.1148367924914,-1471.8747767860348,55.659928408888106,-0.0,-0.0,-1564.2999485647827,-350.6065219691011,-0.0,-0.0,-120.82222584434192,-0.0,-47.691510648299214,-0.0,-1020.635174838286,-714.8224669467668,-0.0,7.673879090033785,617.3092542032654,-0.0,-61.9737092543389,-2000.70037030886,-0.0,-0.0,-570.7010588473547,10.11641545811747,-0.0,11.386451440863958,-367.17789709873307,-1427.9829084595424,-0.0,-732.1613362849503,-0.0,-974.0516145560363,1580.8214494745575,-117.85980260248542,-1500.1642452406165,-1363.0143114107875,925.4546706705644,-46.733542383459046,-2124.577630209128,-701.6637044033591,-816.567085009738,-0.0,-632.976628799082,-75.50412593615324,775.8249788082554,-351.87134747142557,-1321.950373650061,-0.0,-0.0,-0.0,-657.9010682201412,-586.357197145557,-553.4713081118903,-894.3044839748429,-984.138108931547,3.87620301105765,-843.321590055052,-852.6804232696117,-1100.5566705301098,-0.0,-0.0,-440.2768233147788,727.3194217869676,-5501.737596181731,-0.0,-1353.7956053111004,-1564.4778257269238,-770.9942766357472,-723.6501614506734,-227.76713729259768,-2375.2859209636,-258.00165337107325,-0.0,-879.9589967706596,-869.3385010477299,-550.1695335033486,-0.0,-1214.8954034332626,-1948.2307704833813,-25.818387453247837,-906.037779416892,-2168.860669360448,341.4361899955047,-0.0,-400.18665009912064,-115.42026297105305,-1264.2982308458134,-880.6683307341946,91.37823675550815,-106.99437278683712,-634.0841612522563,-407.1859546641133,-494.1040059129841,-650.0036931419118,-495.0787682368488,-0.0,-1187.49499591792,-0.0,-1083.3702267712542,-627.8657598011741,-176.8008670120884,-0.0,-1617.9664930706863,-4310.729708407737,-0.0,-411.16995465639684,-0.0,-2175.2758113141617,-278.3180237366354,-0.0,-295.2156854185015,-440.0630513844414,-0.0,-1892.2206947846357,-1281.0525094943011,-0.0,-3479.639681075196,-113.19051680954134,-1125.3108756101863,-1228.5977121174142,-1540.9022534369556,-110.58657408428388,-0.0,-800.5172378987719,-1892.8353329103188,-475.5256917909941,-802.2471815598029,-914.6322046631458,-1539.3475098641593,-1977.1482335741716,-784.4428517649247,-1645.2878327233893,26.196955518057543,-0.0,-260.93818315861404,-1333.1109678335247,-991.2600085343205,-0.0,-0.0,-0.0,-383.7622415503417,-351.5233733527216,-11.91158494260809,-504.9389772710778,-0.0,-1120.6185354386923,-673.7282214077007,-471.576808040085,1.5231987350736558,-0.0,-300.1619681019219,-1382.8077818844677,-893.7421395751759,-289.9097043305822,-737.9295674215772,7.396897910194082,-0.0,-0.0,-2755.2825434017204,-825.8513770466635,-0.0,-0.0,-0.0,-69.59583273217739,-935.4637790054992,3.2820667719207837,-1531.2262581269904,-1333.686713933618,641.434623025559,-0.0,-517.3585435874446,-0.0,719.2346487235909,-201.60788267861776,-0.0,-1455.4697423453513,-277.90222310387554,-1458.576467118119,-0.0,-1371.4599910920458,-490.8512681912572,-200.04308863337712,7.446147968377487,-32.441641146262405,-0.0,-0.0,-617.6005294825072,-1099.169725373538,-0.0,-509.4484081003765,-0.0,-299.06326721341645,-549.3968102137941,-0.0,220.22490207997453,611.3018829671745,674.3000825049302,724.2101660191388,638.6267516044445,803.0358569976895,-0.0,-0.0,-0.0,-0.0,-0.0,16.478813198851697,-0.0,-0.0,-617.3257532241475,14.918656182835557,-333.6668823234244,-155.94735374256842,-0.0,-798.9666071331756,-1308.9652629637328,-1721.3011165411451,-227.45527886286493,-190.2874240034698,-0.0,-0.0,-494.4394385716161,-0.0,-0.0,-0.0,-0.0,-2361.4661297868497,-0.0,-35.02972876804769,892.3540930172552,-0.0,-917.1442040494783,-495.63477987213867,1010.9043804562683,-836.3389777603579,-0.0,-2715.894882098456,-1773.978826384644,-211.5335271747292,-719.582812860992,-1151.8522938339568,-501.55381267806973,861.7473170464424,-75.53661758894478,-474.5199558121159,-0.0,-0.0,-491.0503478748544,-0.0,-847.8345317103659,-0.0,-420.94050588133643,-102.16998091066237,-0.0,-0.0,-1090.1066371441007,-0.0,-0.0,-490.9728943101632,-1117.6443879450417,-1520.714038139618,-0.0,-0.0,-0.0,-1706.3434135340042,-0.0,-1068.6361076053781,23.360139513397968,-0.0,-0.0,-1000.3465571921454,-810.9917831644275,-1137.3629680949696,-322.1766346691063,-0.0,-1076.3136335500137,-251.1204985558842,-0.0,-0.0,3.8524256622482445,-37.71206907129818,-3481.7704735891466,-0.0,-38.26555319354528,-39.101345792323656,355.87688620511165,-76.45239764243311,-664.3728180589071,-703.0076756141299,-385.9704427949475,-0.0,-0.0,-1392.2562084422138,-0.0,-0.0,-0.0,-0.0,-0.0,-0.0,-0.0,-132.62045572808728,-0.0,-0.0,-1664.3644923537477,-7357.290553375891,-106.30632095353963,101.98115804658018,-422.01360140576503,-497.7241738570363,-390.99922456856194,-3314.147143440463,-213.36128379592685,-363.29997037228685,-0.0,-0.0,-0.0,-1744.2856001087955,-0.0,-75.37970493488659,-0.0,-0.0,-0.0,-442.18358572918413,-11.733934647738543,-262.6596362949649,-1178.813663238973,-555.161470400362,-76.43482605677698,-1613.9817709194692,-0.0,-73.96343592124116,-1739.338198462228,-0.0,-1168.2580946814937,-0.0,-1196.2001876781112,-0.0,-0.0,-819.700971336058,-561.5778859174491,-29.600515145300662,-597.442432863004,-96.92261194024259,-653.2873197865738,-137.8334138093452,-592.4976615630158,-593.8170282733408,-1895.4061341573597,-831.8344399604296,-0.0,-1479.3236253494874,-366.37417630723314,-677.6563015295382,-0.0,-0.0,-869.9292265199499,-1914.9432352180295,-124.26399387839987,-0.0,-0.0,-66.55186231028978,-2848.6008950481664,-741.5507530164624,-203.95311768121263,-300.3278806826824,-39.65032585840401,-3799.495697162419,-0.0,-0.0,-1725.6037254905834,-735.937845831873,-0.0,-0.0,-0.0,-69.65165457588326,-0.0,-1604.1485339628002,-1486.4408503971779,-0.0,-349.36258246841095,151.17206499195407,-0.0,-0.0,-0.0,-868.5924588398109,3.94080641549739,-2129.344364086948,-546.2466555515326,-1021.7031375737108,-604.2645506168785,-2897.326946911839,-1267.322486388381,292.9980368106672,-0.0,-1783.3611251273917,-0.0,-0.0,-0.0,-926.8903917113173,-561.197733605321,-1076.458851590131,-0.0,-0.0,-786.7037115157983,-1124.7345259518902,-591.392031823569,-436.7532005101552,-0.0,-0.0,-1144.8684735596837,-0.0,-0.0,-0.0,-0.0,-0.0,-0.0,-439.77004727821526,-156.945979318734,-1264.148557260592,-0.0,-645.6872359793329,-3609.9634849236413,-40.59223319343344,-0.0,-0.0,-0.0,-0.0,-0.0,-0.0,-0.0,-0.0,-0.0,-0.0,-1121.6119081740428,-1660.9417005758244,-0.0,264.56002907067926,-0.0,-530.0726666838219,-79.87085682993792,-0.0,-616.1077729789497,-298.8456355881248,-22.324175904330588,-2738.137052287878,-421.2543080974809,-2585.8313862068644,-172.72214484494964,-1621.3393069026733,-1469.036011665801,-562.1514993873935,3.9732378851084613,-0.0,-1080.34028772988,-1832.4162252000776,-2105.4515531464913,13.956050414718211,-436.90382661716,-1497.761608925225,-0.0,-1778.9668926286593,-330.8921566324117,-0.0,-2616.564559392138,-0.0,-835.6717529882654,-0.0,-2573.256124374036,-0.0,-0.0,-73.62749090649432,-841.7711866212825,-597.8905802989469,-0.0,-1055.3026420700546,67.26113738495238,272.6990354591335,284.6920829009358,-230.33513051498883,-1594.6646687739942,-640.3323966133751,-0.0,-0.0,-4998.460852299629,-1134.9361826863026,-0.0,397.2174087796765,-0.0,-1442.9702189749216,-501.7028988040262,-619.5023361530041,-0.0,-0.0,51.79274947811349,-0.0,-895.9713126793871,-898.2272427588084,-1651.664159129641,-0.0,-512.1105141691779,-2592.5053644373925,-707.4386313880309,-0.0,-1129.0260014320554,-71.31994034668371,-1129.8983761004276,3.7555716926271345,-821.3624395905734,-0.0,-0.0,-0.0,-626.6156291269966,-0.0,278.8726975378654,-0.0,-326.2775501700058,-682.9123718299116,-466.86044258628704,-972.962956133269,-537.32508763661,-1504.7317066881058,-786.2708325350562,-0.0,575.5967904149545,-2026.7845426842498,-1552.7459737717577,-620.3869124358202,-0.0,-0.0,-0.0,-131.43053631647902,-985.9257826647372,-283.6589816268056,-644.4764942896053,-1744.200521441897,-2439.6686818272287,138.78461861446152,638.8991457784674,660.2064145583179,-0.0,-0.0,113.02852551767101,-84.4093621161028,10710.549219237222,1885.5631142682573,3448.13626184899,5214.341242587822,-0.0,-0.0,-0.0,-0.0,-0.0,-1224.2569980837477,-1363.0468546786856,-723.4812767782497,-0.0,-2536.10196668042,-502.5882074706811,-812.2931550881333,-0.0,-602.6350581474873,-1146.556290447526,-862.3935571068677,-1081.1315473044626,-0.0,-2782.3913610647182,-1744.366069838664,-677.4231594811414,-123.62015908873978,-2579.965093654773,-0.0,-243.5728351606861,-0.0,-81.13162969363334,-0.0,-116.47050737245489,-177.47273597256543,-883.9108061914922,-742.4050036710186,-0.0,-0.0,-0.0,-1857.8711069479266,-0.0,-0.0,-240.94728150477636,-811.0920189636906,-844.4142602157701,-59.85589821241754,-927.8313468364476,-1627.8806404129593,-296.598505886518,-0.0,-0.0,-138.67292307608517,-1398.562352785876,-394.8201496801395,-0.0,-5305.976974151835,249.29376246066613,-0.0,-0.0,-0.0,-188.58081234478553,-384.1422298601606,-0.0,-0.0,-1062.4819373032383,-1781.9779464621447,-996.5118663021027,-368.53829468916155,-345.6410861547497,-468.373326014958,386.75753613884774,-1018.5500547499629,-0.0,-435.1364782169858,-2032.543204467405,-425.50298050656977,6.961224735471157,-0.0,-403.147265996672,-0.0,-0.0,-0.0,-1114.0858525196277,-396.7006091773498,-1246.2468169704698,-0.0,-0.0,-0.0,-168.498870163323,-458.3328125951906,-1452.45846205026,-2488.0316304611465,-185.82881362215846,-108.99173389857272,-0.0,89.55372993118809,-0.0,-991.5928417353406,-151.04611886491338,-0.0,-0.0,872.6625853401454,-0.0,-1499.7745015506848,-0.0,-0.0,-0.0,-172.82067118433633,-1765.0661150793126,-1397.39326588895,-27.51517877333397,-1967.1751669459734,-1370.3648238967603,-24.76812240757072,-27.772914043778208,-59.56802498991776,-0.0,-0.0,-1769.9248976733106,-0.0,-5255.521300183721,-0.0,-1315.500191335831,-247.33604912194266,156.4960440894361,-0.0,-10.135134390450013,-1437.0624106766893,-1386.8877777554976,-488.56889949261983,-32.46068714197393,-90.12739147431392,-0.0,-0.0,-0.0,-0.0,-943.7666010230612,-971.8709380469454,-0.0,-516.1165876758143,-1080.6961838189811,-209.32124405399856,-27.214682347959958,-0.0,-0.0,-0.0,956.4683629104704,-68.51584858561229,-0.0,-437.4151807549705,-717.9584750185508,-1327.8415079943447,-0.0,-0.0,-2193.8345949218683,-0.0,-0.0,-0.0,-0.0,-607.3418513639637,976.6944272545219,922.676577858026,1018.941742902904,-0.0,-0.0,-0.0,-569.1281799630013,-0.0,-0.0,-328.30204885273207,-201.25767167882094,-0.0,-192.80690673248552,-1037.0104127205582,-1148.9931182518526,-0.0,-0.0,-0.0,-18.288616068460314,-1245.4075657178928,-16.569091188546302,291.6448404350765,-0.0,-1417.757751299599,-781.0368120195121,-503.2209828506583,19.57858229860995,17.083815042728283,-267.064318562956,-14.086166286750508,-328.5166213316478,-343.07520990586346,-938.5624854409873,-314.111393141427,661.8289834897739,-1231.3187391869565,-133.45195398065482,-136.35981457656027,-3161.9413702781544,-2286.226130711023,594.9083348044834,-1018.2973295567746,-119.54976997073678,-3.880351283433752,-619.7418507716449,-979.1582075888326,1644.8981854163367,-576.0648166706748,-589.4783318019452,-644.291082910574,-0.0,-5172.028318133389,-0.0,-480.57161215184385,-849.149019282572,-633.0318748723208,-733.6549959803956,-963.6421299072585,-0.0,-946.7389136182275,-180.41701645720303,-73.97313673962744,-6749.931462834221,342.26185636746567,-150.7009127122136,-0.0,-505.713534401116,-975.2525537234081,-0.0,-0.0,-472.28752657001803,-1391.4132350587167,-36.324935000563265,-203.90823114569292,-251.37310366778166,-1046.5786358744176,-0.0,-0.0,57.04001471874175,-0.0,-0.0,-1510.6995370616844,-0.0,-1729.7365515980791,-880.9986461869839,-1167.0384140584547,-0.0,-0.0,-425.4338823929301,-835.045057708558,-128.98946851063178,-0.0,-362.9812416630396,-140.1032373350145,-392.37612864198377,-0.0,-167.81319900567973,-400.0251666092397,-2057.729882008539,-744.9705074706061,-1220.62400979372,-0.0,-0.0,-1053.3763296354887,-25.070180565692453,-0.0,-0.0,-1166.6446972382037,-0.0,-0.0,-0.0,-0.0,-0.0,-0.0,-0.0,-0.0,-0.0,-0.0,-84.0675026651155,-0.0,-0.0,-0.0,-0.0,-0.0,-0.0,-0.0,-0.0,-0.0,-0.0,-0.0,-267.00182554407417,-0.0,-0.0,-0.0,-0.0,-0.0,-0.0,-0.0,-0.0,-0.0,-0.0,-0.0,-0.0,-0.0,-0.0,-0.0,-0.0,-0.0,-0.0,-0.0,-0.0,-0.0,-0.0,-0.0,-0.0,-0.0,-0.0,-0.0,-0.0,-220.74631171909024,-0.0,-0.0,-0.0,-0.0,-0.0,-0.0,-0.0,-0.0,-0.0,-0.0,-0.0,-0.0,-0.0,-0.0,-0.0,-0.0,-0.0,-0.0,-0.0,-0.0,-0.0,-0.0,-0.0,-0.0,-0.0,-0.0,-0.0,-0.0,-0.0,-0.0,-0.0,-0.0,-0.0,-0.0,-0.0,-0.0,-0.0,-0.0,-0.0,-0.0,-0.0,-0.0,-0.0,-1172.8456422126583,-531.4900351025843,-1427.2080422958388,-0.0,-0.0,-0.0,-0.0,-0.0,-0.0,-0.0,-0.0,-0.0,-0.0,-0.0,-0.0,-0.0,-0.0,-0.0,-0.0,-0.0,-0.0,-0.0,-0.0,-0.0,-0.0,464.7589733977223,-0.0,-0.0,-0.0,-0.0,-0.0,-0.0,-0.0,-0.0,-0.0,-0.0,583.3046081555689,-0.0,-0.0,-0.0,-0.0,-0.0,-0.0,-216.5063164676489,-0.0,-0.0,-0.0,-0.0,-0.0,-0.0,-0.0,-0.0,-0.0,-0.0,-0.0,-0.0,-0.0,-0.0,-0.0,-0.0,-0.0,-0.0,-0.0,-0.0,-0.0,-0.0,-0.0,-0.0,-0.0,-0.0,-0.0,-930.9793535508109,-0.0,-0.0,-0.0,-0.0,-0.0,-0.0,-0.0,-0.0,-147.74760870112894,-0.0,-0.0,-0.0,-0.0,-0.0,-0.0,-0.0,-0.0,-0.0,-0.0,-0.0,-0.0,-0.0,-0.0,-0.0,-0.0,-0.0,-0.0,-0.0,-0.0,-0.0,-0.0,-0.0,-0.0,-0.0,-0.0,-0.0,-0.0,-0.0,-0.0,-0.0,-0.0,-0.0,-0.0,-0.0,-0.0,-0.0,-0.0,-0.0,-647.6388693868201,-0.0,-0.0,-0.0,-0.0,-0.0,-0.0,-0.0,-0.0,-0.0,-0.0,-0.0,-0.0,-0.0,-0.0,-410.03886258588295,-0.0,-0.0,-215.8175624897528,-0.0,-0.0,-0.0,-0.0,-0.0,-0.0,167.79284741590158,-0.0,668.9490735063937,-0.0,-0.0,-0.0,-0.0,-0.0,-0.0,-0.0,-0.0,-0.0,-0.0,-0.0,-0.0,-0.0,-0.0,-0.0,-0.0,-0.0,-0.0,-0.0,-0.0,-0.0,-0.0,-0.0,-0.0,-0.0,-0.0,-0.0,-0.0,-0.0,-0.0,-0.0,-0.0,-123.85363409882498,-0.0,-0.0,-0.0,-0.0,-0.0,-0.0,-0.0,-0.0,-0.0,-0.0,-0.0,-0.0,-0.0,-0.0,-0.0,-0.0,-0.0,-0.0,-0.0,-0.0,-0.0,-0.0,-0.0,-0.0,-0.0,-811.0861450494978,-0.0,-0.0,-0.0,-0.0,-0.0,-0.0,-0.0,-0.0,-0.0,-0.0,-0.0,-0.0,-0.0,-0.0,-0.0,-0.0,-0.0,-0.0,-0.0,-0.0,-0.0,-0.0,-0.0,-0.0,-0.0,-0.0,-0.0,-0.0,-0.0,-0.0,-0.0,-0.0,-0.0,-0.0,-0.0,1085.3579058241198,-0.0,-278.7585584241531,-0.0,-0.0,-0.0,-0.0,-0.0,-0.0,-0.0,-0.0,-0.0,-0.0,-0.0,-0.0,-0.0,-0.0,-0.0,-0.0,-0.0,-0.0,-0.0,-0.0,-0.0,-0.0,-0.0,-0.0,-0.0,-0.0,-0.0,-0.0,-0.0,-0.0,-18.90231270309794,-0.0,2186.44503436306,-0.0,-0.0,-0.0,-0.0,-0.0,-0.0,-0.0,-0.0,-0.0,-0.0,-0.0,-0.0,-0.0,-0.0,-0.0,-0.0,-0.0,-0.0,-0.0,-0.0,-0.0,-0.0,-0.0,-0.0,-0.0,-0.0,-0.0,-0.0,-0.0,-0.0,-0.0,-0.0,-0.0,-0.0,-0.0,-0.0,-0.0,-0.0,-2024.7757585429047,-1406.2469453068056,-0.0,-0.0,-0.0,-0.0,-0.0,-0.0,-0.0,-0.0,-0.0,-0.0,-0.0,-0.0,-0.0,-0.0,-0.0,-0.0,-0.0,-0.0,-0.0,-0.0,-0.0,-0.0,-0.0,-0.0,-0.0,-0.0,-0.0,-0.0,-0.0,-0.0,-0.0,-0.0,38.98612331815653,-0.0,-0.0,-0.0,-0.0,-0.0,-0.0,-0.0,-0.0,-0.0,-0.0,-0.0,-0.0,-0.0,-0.0,-0.0,-0.0,-0.0,-0.0,571.0898998679312,-0.0,-0.0,-0.0,-0.0,-0.0,-0.0,-0.0,-0.0,-676.380160536229,-0.0,-0.0,-0.0,-0.0,-0.0,-0.0,-0.0,-695.8015057939351,-0.0,-0.0,-0.0,-0.0,-0.0,-0.0,-0.0,2275.1165415224336,-0.0,-0.0,-0.0,-0.0,-0.0,-0.0,-0.0,-0.0,-0.0,-0.0,-0.0,-688.4882354363948,-0.0,-0.0,-0.0,-0.0,-0.0,-0.0,-0.0,-0.0,-0.0,-0.0,-0.0,-0.0,-0.0,-0.0,-0.0,-0.0,-0.0,-0.0,-0.0,-0.0,-0.0,-0.0,-0.0,-0.0,-0.0,-0.0,-0.0,-0.0,-0.0,-0.0,-0.0,70.53373487982864,-0.0,-0.0,-0.0,-0.0,-0.0,-0.0,-0.0,-0.0,586.2999313956415,-0.0,-0.0,-0.0,-0.0,-0.0,-0.0,-0.0,-329.51789280128025,-0.0,-0.0,-0.0,-0.0,-0.0,-0.0,-0.0,-0.0,-0.0,-78.41935091461016,-0.0,-0.0,-0.0,-0.0,-0.0,-0.0,-0.0,-0.0,-0.0,-0.0,-0.0,-0.0,-0.0,-0.0,-0.0,-0.0,-0.0,-0.0,-0.0,-0.0,-0.0,-0.0,-0.0,-0.0,-0.0,-0.0,-0.0,-1729.2644661664785,-0.0,-0.0,-0.0,-0.0,-0.0,-59.2858463689071,-0.0,-0.0,-0.0,-0.0,-0.0,-0.0,-0.0,-0.0,-0.0,-0.0,-0.0,-0.0,-0.0,-0.0,-0.0,-0.0,-0.0,-0.0,-0.0,-0.0,-0.0,-0.0,-0.0,-0.0,-0.0,-0.0,-0.0,-0.0,-0.0,-0.0,-0.0,-0.0,-0.0,-0.0,-0.0,-0.0,-0.0,-0.0,-0.0,-0.0,-0.0,-0.0,-0.0,-0.0,-0.0,-0.0,-0.0,-0.0,-0.0,-0.0,-0.0,-0.0,-0.0,-0.0,-0.0,-0.0,-0.0,-0.0,-0.0,-0.0,-0.0,-0.0,-0.0,-0.0,-0.0,-0.0,-0.0,-0.0,-0.0,-0.0,-0.0,-0.0,-0.0,-0.0,-0.0,-1202.8509468254495,-0.0,-0.0,-0.0,-0.0,-0.0,-0.0,-0.0,-0.0,-0.0,-1508.0245745403085,-0.0,-0.0,-0.0,-0.0,-0.0,-0.0,-0.0,-0.0,-0.0,-123.34136269284511,-0.0,-0.0,-0.0,-0.0,-0.0,-0.0,-0.0,-0.0,-0.0,-0.0,-0.0,-0.0,-0.0,-0.0,-0.0,-0.0,-77.43335270709873,-0.0,-0.0,-0.0,-0.0,-0.0,-0.0,-0.0,-0.0,329.26171689477746,-0.0,-0.0,-0.0,-0.0,-125.74770197748718,-0.0,-0.0,-0.0,-0.0,-0.0,-0.0,-0.0,-0.0,-0.0,-0.0,-0.0,-0.0,-0.0,-0.0,-0.0,-0.0,-0.0,-0.0,-0.0,-0.0,-0.0,-0.0,-0.0,-0.0,-0.0,-0.0,-0.0,-0.0,-0.0,-0.0,-0.0,-0.0,-0.0,-0.0,-0.0,-0.0,-0.0,-0.0,-0.0,-0.0,-0.0,-0.0,-0.0,-0.0,-0.0,-0.0,-0.0,-0.0,-0.0,-0.0,-0.0,-0.0,-0.0,-0.0,-0.0,-0.0,-0.0,-0.0,-0.0,-0.0,-0.0,-0.0,-0.0,-0.0,-0.0,-0.0,-0.0,-0.0,-0.0,-0.0,-0.0,-0.0,-0.0,-0.0,-0.0,-0.0,-0.0,-0.0,-0.0,-0.0,-0.0,-0.0,-0.0,-0.0,-0.0,-0.0,-0.0,-0.0,-0.0,-0.0,-0.0,-0.0,-0.0,-0.0,-0.0,-0.0,-0.0,-0.0,-0.0,-0.0,-0.0,-0.0,-0.0,-0.0,-0.0,-0.0,-0.0,-0.0,-0.0,-0.0,-0.0,-0.0,-0.0,-0.0,-0.0,-0.0,-0.0,-0.0,-0.0,-0.0,-0.0,-0.0,-0.0,-0.0,-0.0,-0.0,-0.0,-0.0,-0.0,-0.0,-0.0,-0.0,-0.0,-0.0,-0.0,-0.0,-0.0,-0.0,-0.0,-0.0,-3646.1825946842678,-80.26121492796476,29429.270174475238,-3383.0926097695124,-3367.6125789596726,71603.91910520583,-0.0,-6587.241905784476,738.4072318808154,1697.1946912704589,-21626.180251137423,-0.0,-4549.75345366416,-0.0,-0.0,20016.655221195717,-11279.325152836447,2610.858807681501,5839.972354655426,-3507.9040339449375,-21247.12273968777,-7832.8195370891435,47.17396694820318,-83.52274901889174,-5414.427901133559,-0.0,-10571.344438186117,-15788.208236912651,12404.46087207363,-115.59590627274932,343.57134224482076,40908.81483371055,-2064.072047693912,-88601.72711631689,-2812.3402216620616,-20712.535122938792,-13912.660720146749,-4510.2147048003035,-5579.8260552748825,-13979.18351889845,11628.020791969097,-1969.9909787295996,-3136.4193717184903,-2989.6775802116654,-10136.775736771306,5830.688121063843,29081.442197753033,-684.6677487343818,-161.52344503230384,18214.183360282164,3029.5114225412967,-161.75865574215885,4614.588644309114,5103.166955669089,-4972.224944638757,-6522.125302442512,-2874.718936367044,353.4464872874001,-0.0,-0.0,-1112.5969779911811,-6890.868897972964,-3395.2586463322355,-2931.678861864324,-412.22772836067355,-4349.550365754234,10010.719034822761,5554.891450863975,-7093.389961738058,15273.8146007546,-16973.448923955817,-27771.947751655865,62745.9200652367,-20084.909444005632,-7038.951686906276,-1671.4917024938936,-2786.8971591061936,-5512.029337084762,-3433.5918692181567,-28408.259036947988,-0.0,-12328.701765305821,-0.0,3117.342494844046,-0.0,-0.0,-11735.561965416817,-1230.9666818892583,-0.0,-0.0,3143.218629307201,-0.0,114.04534057557103,-0.0,-5365.439301871801,-3926.864358425936,-6755.914513705188,-7453.728409053887,8064.667637525987,-0.0,-25330.49241285911,40483.445251327954,-0.0,-0.0,-17298.88493158931,-7740.519822690786,114.2134940267247,488.7483535389962,-0.0,51422.5578375359,-0.0,-0.0,-0.0,-0.0,47294.00905092093,-1299.4729948360437,-0.0,-11142.998447753378,-0.0,-4675.456812755818,-807.0034222158339,-2326.6928055861763,-13519.913609368741,7938.592940527002,-878.8443852066428,-8032.3196001981105,-0.0,-0.0,-5754.210963090194,-6171.466382585707,-10855.01108582316,52512.830570272956,-0.0,-187.03190131920059,11909.1818745195,3674.3487912023247,-2427.2310327196797,598.4488780074919,1505.5347926962252,-3295.0193503703827,129.16791328691525,-16239.183808805408,722.3000714102307,11900.413159184109,-580.7024449674612,8957.486959661235,40716.144768149556,4837.55388922065,928.2728383509788,8345.422039132824,-1769.8049140782825,-6760.309075831821,-7753.589718897027,-13682.410118606143,-0.0,2498.684169621025,12484.011836737045,11255.07496825667,-7110.26282154774,5210.001760404648,3191.2889097854745,-7891.289744712897,19410.045309404108,-12694.51699766022,-0.0,4707.422254139051,-10328.074202704744,-13531.357309868496,-6521.340936388237,22618.91913113256,1865.1018751241052,-0.0,-4609.580921360205,-0.0,-2134.441398006706,49.591551359949165,-3070.3155991572808,-721.4947290870326,71.33739790185868,-169.08049736985762,-19247.4685604543,-12229.377467930643,20229.7954033142,-6813.2755375368415,3011.6118584302894,7367.034515261492,-6619.373925224423,-4285.391060964487,-11995.117396112131,-0.0,-1748.8972290616127,-1796.3369979732797,-0.0,1008.7520531296312,-2746.3080348272065,-0.0,-0.0,-14022.464346209177,-2807.9000975860517,3416.6928577361887,-3340.7273128566867,-0.0,-0.0,-0.0,49897.92815445503,20664.373430146723,-0.0,-1226.76154862372,10676.831661545822,-0.0,-3625.3619373740935,-2493.644548737291,-0.0,-4496.738905742065,-6709.785166114814,102192.76663766567,-10813.264293405346,-7826.673988254858,-27086.13789595412,-0.0,2220.4276632911897,2000.4196837755487,-8841.097633090916,23124.138296860976,-7129.743122882305,-39772.465411777004,-13412.15699583402,-8971.582835615729,-0.0,1131.7801433512482,-4298.508604210059,18561.974514366713,-1915.248921070402,74.19992971759511,-10448.5830969876,-8171.201392704216,26785.436232859087,-0.0,-1384.5952656833979,106.72450657931437,-0.0,-0.0,-0.0,-0.0,-0.0,-0.0,-0.0,-0.0,-0.0,-0.0,-0.0,-0.0,-0.0,-0.0,-1128.1783778725721,-0.0,-0.0,3710.135451240232,-10291.368195384292,-764.1676210015223,-8180.757007497676,20064.344044668604,7803.0318224693565,-3339.1305627166935,2036.2464297204356,34747.11834672084,-0.0,-0.0,-3369.5469297895543,2303.4259290847226,-5776.154498159918,-7206.583919733449,-0.0,-175.58498347384176,8199.576657174483,-3737.3071387760374,-813.8448137544809,2679.879186392921,-24372.914836941298,20287.155911311773,-4243.156426783747,-1867.4640159231978,12234.588039053988,-0.0,-0.0,-0.0,-0.0,-0.0,-0.0,660.5656767645373,45124.56614504182,-8340.308928299812,-6530.531442224392,-10848.371860988256,-0.0,-8957.223791153314,-10981.531296463625,-0.0,-0.0,-0.0,500.26773658848094,480.8783224882578,705.6859288912983,2592.723412006204,-0.0,2270.384603978842,837.2474180677323,764.7332795399288,674.6170774456585,704.3546274530343,2858.3132609144945,1509.7586820799506,2848.629782574966,2258.300541555284,2497.5663888845497,2753.1880461653313,32722.351492327936,35847.41876345241,33898.36012415695,30712.847983151485,5851.220759711487,5799.6805985036535,6690.156250203859,8289.35446622462,4078.906509156601,1758.7249538880496,1852.4892190142607,1863.2658982832786,1749.0769496693265,1846.307255937197,4290.8874423389325,2681.440307811726,1137.4585386549847,1093.6064888064714,575.7491540601668,336.0915131594381,407.51176182447887,29593.591955707067,32095.32985707528,34066.375257465705,31320.00700813938,48375.7405409255,50927.4539632972,1145.5949314829452,1136.5002145986607,1143.274443360647,969.1087015835453,1081.8576929937324,1128.5591198709712,551.9910109642063,42381.81942137758,45268.78277881244,46200.276695767505,2351.9651093710117,-0.0,6073.750956503783,34600.05090240414,31222.442793897684,31585.45730056871,52127.69104674763,57211.91915084835,58748.73015054747,49369.9428314709,2320.613405869642,2048.6556660784627,4288.548525010554,-0.0,17130.05095171118,19948.460618553017,-0.0,418.7246070287902,872.0556252110724,1369.975242863768,1255.1555076105974,1458.2435499150458,1292.342749764064,1492.6171879500098,1211.3468305012311,35478.78679397851,34392.44270199507,33775.87066860237,31839.757754311937,927.9581331511887,1060.9511332074642,-0.0,-0.0,15112.554988199194,34228.35232503554,32925.01140253221,30740.392288952968,29666.778953803732,-0.0,42886.52641954176,46086.4434682456,939.9524009391149,1852.5897735351045,2034.9651861854759,2170.4822717718907,1952.3782152233832,1921.7067304237369,46823.371262617584,44165.18816612895,-0.0,-0.0,14721.070911890709,770.3572004209514,928.5255691114858,34921.035927754354,33032.18859720663,29753.11520192105,31524.1812147095,30042.461717546463,31934.57929439689,-0.0,13955.162189954186,8872.718872598953,-0.0,-0.0,1108.1391128497587,1217.3515782735783,387.0092474761444,346.3372853880715,283.54641060110936,285.06942565778684,-0.0,1014.4544878440844,967.1863198561001,929.9027455379387,1060.102737476992,-0.0,1290.3077576164458,1345.5264812672879,1703.2196413898128,1820.9744544026755,1820.257710743372,1783.0079960278767,663.2574353411799,808.4796044086108,739.7358204203482,1110.0250247718143,782.7380489774525,702.8210810492573,750.4605378002706,757.5107082944015,7151.777596854081,8119.352638801735,36.616500772727264,63.733661366840266,2983.0962149120446,14039.778273549779,895.6799275392152,860.0190316156484,-0.0,-0.0,5607.557945830321,5683.169690411486,5574.733184498543,5515.936075132616,1174.6971197282896,1270.2188077562535,33525.55951075616,34135.406508372886,7426.519340855802,6494.680853644141,-0.0,46450.18354358234,1894.0131816455955,1780.3721740766746,969.8778750055578,48262.303661052945,51555.00650415774,49885.69384931281,46004.52012517701,377.5001643816957,51898.42262377995,48842.67650701969,-0.0,-0.0,16915.10223003061,-0.0,611.05087327299,622.8912007260411,553.5652197289228,1477.4437073597533,8264.44735164602,19464.68448150781,1257.7598564030643,1358.3678264950738,45.381177378567905,594.089529018307,594.5497838586982,13202.130699323283,1334.834207404498,-0.0,-0.0,-0.0,959.1812204866052,-0.0,1022.2210646271174,-0.0,3773.4473661007037,882.3269342028409,994.3466472643895,941.4291456387456,596.7180531849785,577.4231691350287,544.3774143021251,1325.5175830599007,1470.0455354261642,1595.1173548077268,959.5466579308735,107.79537615891647,4387.937736103315,46337.812374559355,50281.10401447796,9067.669869599149,18261.050929652876,13751.124354445734,14369.759830573417,1766.8714615407187,1611.9575371893327,1270.5436000633606,1269.88569306683,693.2208875192623,838.3565714518613,2073.4361379950706,31285.62670229457,33630.23319065838,1190.7502603927915,1218.1611026027665,1178.8184422077013,2022.8085825167577,2158.7360430938897,2469.3917950207565,34408.0409591636,30801.253408881377,30596.483326695357,33505.9176665155,-0.0,-0.0,-0.0,2067.048753942687,2294.224939506753,1994.1823837536672,6157.154095243809,5373.908143661287,5812.301605443808,1584.6463148745725,1670.156534270007
4,-0.0,-0.0,-517.3886640796484,-1645.5373436284322,-386.67296468973547,-457.0096094462733,-44.877226201728135,-850.4976330776755,-580.2799354430248,-0.0,-1226.9195170913715,-0.0,-0.0,-1811.2806961337496,-0.0,-489.4798840193788,-365.2799786541516,-0.0,-0.0,-155.57303411151074,-221.73343097999526,-590.9480064458866,-938.2282372329157,-602.2259427007352,-1771.064612681549,-1093.7399876717798,-0.0,-0.0,-2468.033884489219,-1489.454394924264,-0.0,-0.0,-0.0,-0.0,-0.0,-0.0,-92.28282495522063,-266.8953822332205,-1431.1730398999262,-1157.024808521787,-0.0,-0.0,-113.21930488334398,-602.7667678705287,-151.64148037532547,-0.0,621.6172515624975,-1408.0017663057886,-345.1174402760066,-0.0,-0.0,-315.87751118512983,-3.877607178784908,23.014324066790053,-1662.9271458655244,-2867.992232798589,157.0528475054987,-4910.821897368171,-204.7033516886923,-0.0,-1390.0408170399294,-0.0,-557.857185818445,-2127.3206524743023,-455.47057464764674,-539.409398648667,-34.767168517405125,-1955.0765374926589,-649.0029538468416,-456.28143140644977,-2622.026765124297,-0.0,-0.0,-1964.389811450186,-873.7568584052277,-338.41682067718966,-1631.6485926718155,-0.0,-0.0,-1279.6285793948352,-1377.982095503639,-404.77780516963094,-3347.7925092526293,-54.885025045282774,-64.57890969110993,-1480.2366924259932,-0.0,-525.5762735928322,-880.5221350459072,-15.107276437968489,-0.0,-1266.119171381613,-72.54288116890386,-555.7692381350216,-1945.3513728793387,-45.510555741862355,-1954.7746076001338,-299.22568752548466,-1240.9813744843702,-2276.19506745465,-634.3874347033112,607.8679724603982,-480.57001843742404,-0.0,-1431.5800673669285,-2045.2848735549874,-3699.096005895293,-487.4038845295457,-2437.007630727774,-0.0,-1301.8565077549003,-0.0,-0.0,-438.6918674883488,-0.0,-0.0,-459.03397197139316,-68.8519997068177,-1433.75116710909,-725.0847097618947,-880.7442228068716,213.89093464587057,-388.11156416765266,-311.14873303737124,-354.908030488812,-13.222090081078179,-386.29112432702203,-452.77113154723105,-677.3026801162658,-0.0,-4443.099119743026,94.06096054140951,-83.84547769267769,-3897.09706398451,-0.0,-881.7738774250008,76.41507087027273,-0.0,-562.627294461614,-0.0,-0.0,-450.45831039409546,-0.0,-296.5691047492169,-834.8825971667479,-0.0,-927.3936956075252,-239.38901527461198,-617.8982698127189,-1910.6410981633655,-0.0,-1491.726465353172,-893.4871128720466,-0.0,-0.0,-0.0,50.447924149143994,650.2583077662987,-0.0,-1358.8967664128222,-1616.3109780810346,3.8908846506401535,-0.0,-0.0,-421.873332772764,-308.4964086719545,-329.39270747436484,-0.0,-336.29277899064317,-2743.65955120006,-1006.3487162892063,-0.0,-1086.8088274655352,-2011.3963610343396,-0.0,-0.0,-0.0,-0.0,-0.0,-0.0,-484.2832019240739,-594.7203823801029,-236.47109522304524,-152.55419962683874,-928.1851413346344,-14.154579721642557,-0.0,-0.0,-579.2918372886907,-0.0,-560.3524274928278,-175.19265999321118,11.835889317103026,169.59637709209252,-0.0,-0.0,-914.8337921011878,-353.5934646654274,-448.34169739063617,-0.0,-2404.150205098812,-1896.2736265533408,-802.3737299216915,-0.0,-0.0,-1916.951775159174,-1141.960736642965,-618.0310032350102,-22.7813006996776,-1388.9572197468758,-1121.2370345888144,-0.0,-0.0,-1627.571835084713,-0.0,-807.9438069951935,-946.3120629472094,20.381714447920086,-449.9404827998388,-499.15664984352827,-296.93333698570376,-0.0,-1543.060070551616,-0.0,-2598.674032281497,-2204.2198445395416,-173.7639230597119,-435.0758166431651,-414.8317767153843,-0.0,-261.3236352738497,-187.12284331438696,-0.0,-904.9424341829316,-510.14717330160966,-871.6178759344988,-1553.9877291123698,-855.0138116231274,-1858.7349598688486,-1534.9065905200441,-2072.4948182102758,-2051.5409179503436,-964.4574516286216,-1899.6906798920193,-493.33914320280024,-377.7109596645902,-0.0,-1172.2503530313722,-770.5924762288805,-943.7809662578845,-406.88543584685755,-357.43272130248386,-1947.216917203189,-586.4249772174603,-395.8978472242754,654.6255536758118,-0.0,989.4581400316594,-1282.1536334627633,-0.0,-0.0,-0.0,-0.0,-0.0,-0.0,-1170.6629611266906,-2563.9074034324244,-441.96449848500123,-848.2215187350266,-0.0,-0.0,-1694.5999613669837,-1180.5903991556816,-1759.7948233608736,-0.0,-0.0,-59.84547736677411,68.19328716244351,-412.7789462946611,-1768.607670214193,-422.41954113037946,-0.0,-379.0564048648839,-643.1990679524602,-11.325245582538033,-1099.328422015401,-1000.3681255193568,-1341.8438603858933,-987.4836090212739,-131.54907332672855,-561.4990951796431,-0.0,-1457.0360661287345,-0.0,-844.9390110555695,-110.32006185271734,-35.810769543972306,-479.8896304658465,-0.0,-2090.1286274395247,-109.94568102377579,-559.406926388219,-1383.0551255377459,-1211.57507657703,5.605269492825812,-464.5395018219268,-708.1854819623092,-21.724296697288906,-261.3784879771687,-401.17402001352656,-55.900316307417135,516.45662665169,-1120.5698359889532,-0.0,-831.0681834225295,-1094.1469725680531,-0.0,-500.38050721648665,-0.0,-1375.3478037328716,-0.0,-0.0,-0.0,-1037.3231671960143,-744.3550314890093,-359.58361641903593,-0.0,-1252.2834350203152,-2756.9752686754855,-3204.441939060593,-0.0,-319.43926796447346,-0.0,-250.52200038656395,-318.98742583141427,245.1181099774827,-496.7369637456345,-0.0,-502.8452833373205,-840.8401258561646,-244.57142603824,-455.9757902854797,-0.0,-404.7853466791681,-1040.3096357917218,-481.7047627592938,55.3085136262506,-2157.3762435353433,-0.0,-0.0,-961.2009513481293,-425.21960465305295,-1068.379403352539,-62.689712629209396,-116.01612174203977,-204.0568086059366,-553.5765001213546,-838.4899850149053,-1264.9358032164007,-2075.669841673087,-0.0,-0.0,-320.104449619202,4323.838883911226,-0.0,-0.0,-0.0,-0.0,-0.0,-2218.650707761762,-444.3439494580719,-0.0,-949.8652611488292,-951.0011596458439,-538.4732404840764,-1952.2146159805782,-159.32813807982185,-1073.7420725181162,-0.0,-0.0,-1844.7520525673644,-561.2654472430178,-1629.0487088074278,-606.5505623872111,-527.5700475470674,-1485.0425762782907,-226.4730002592817,-1625.3849546884894,-943.1720465595306,-101.11215267613696,-755.2753709402621,-1100.3362029899718,-189.00603777079186,-198.56078779387528,-1643.336517202983,-0.0,-436.9314329748497,-240.09612623939927,-131.30216567818314,-681.3581184418641,-196.0742958440474,-812.3863261928431,-671.6679680910687,-1120.4714226892295,-269.2337722844673,-2291.804737911657,-20.48299963315756,-544.8653858124474,-0.0,-782.8734666284955,-581.495781304742,-859.0106410648062,-971.6242869582858,11.555264091689427,-326.7997400149116,-716.73029308991,-716.5409332256979,-319.40886644842647,-926.3599434146064,158.92021310439486,-0.0,-0.0,-0.0,-0.0,-0.0,-0.0,4.009432569647477,-270.3244106690198,-2131.4209113872084,-3858.7495130992047,-433.07879238879707,-934.6374793916617,-126.37080245907532,-476.0632127793006,-1223.278132164993,-1004.6004060175081,-71.41103633536729,-399.87530270050627,-431.36980387881766,-0.0,-116.72864481136418,-927.4189518158855,-575.1432218872851,-0.0,-1182.9196717217862,-0.0,574.2979551503893,-0.0,-0.0,-0.0,-23.91062300182983,-0.0,-0.0,-872.4718198444386,-378.6448830980809,-999.0793152980985,-0.0,-0.0,-0.0,-792.9639112938843,-500.83875324867023,-1218.6275227618792,-0.0,289.9985197584066,-0.0,-0.0,-2626.779660044399,-1221.2382039828176,-11.26675527497621,-0.0,41.93178712871682,-16388.957797560604,-15762.610590052913,-2260.6488441529623,-0.0,-0.0,-0.0,-0.0,-271.73524234833775,-0.0,-0.0,-615.6815242773865,-2188.6097738717604,-1902.7258474575056,-1325.1615978430318,-362.36259379701215,-1603.6358623238395,-40.149059599314214,-1415.073625537455,864.3895252312586,-0.0,-741.5368594190877,131.3566937937699,-0.0,-0.0,-0.0,-0.0,-99.11713884351354,-0.0,-0.0,-0.0,-691.1510559003694,-1403.5186473227986,-0.0,-0.0,-546.6153333446255,-1838.5297313001174,-0.0,-1251.4973682804746,-1531.0843256000785,-1599.0027027798124,-0.0,-0.0,-211.95149555707482,-67.10729376029005,-962.0745713124941,-1327.6524460630228,-445.8642142244336,-1248.2278645256604,-1083.6799597822226,-0.0,-0.0,-0.0,-0.0,-341.26073260711945,-80.76697766735158,-0.0,-0.0,-166.90639021558314,222.94936365209657,-0.0,-1041.0186963270298,-980.6294239544949,-973.3891179642459,-0.0,-0.0,-730.7116871547241,-1150.3268816198265,-666.5180930987113,-366.37206621845485,-0.0,-2048.047095740296,-2070.2688613952696,-0.0,-0.0,-0.0,-0.0,-0.0,-1250.3623264510722,-0.0,-1857.9182116877062,-1009.4094996750964,-70.06985109168006,-0.0,-0.0,-0.0,-2328.744186522268,-1358.8525610194647,-500.43090231097233,-468.946258357587,-945.2843420756802,-710.2683858981051,-0.0,-0.0,-467.05862380531903,-1151.4295204504344,3.8489376733828427,-506.8032556442187,-0.0,-918.1301764158162,-719.3191511253017,-1412.7173642840983,-0.0,-223.65957157331997,-215.2412820769442,-277.96185173434304,-1288.77077514284,-90.44472270862188,-0.0,-0.0,-0.0,-0.0,122.25604537772382,-138.8953952677295,-695.5781927435039,-1298.2176152329214,-1114.6527497922245,-488.6047175451384,-507.10461080848773,-7939.184160026717,-855.9055719846815,-496.98274963171053,-0.0,-0.0,-0.0,-300.32943742803656,-334.80102456621273,-1010.3579543070817,-295.64449511951653,-0.0,28.13357552618811,-0.0,-0.0,-0.0,-0.0,-0.0,-0.0,-0.0,-82.36495065749124,1489.5222093290179,-0.0,-1218.7990149593536,-518.4363256017689,-375.499138191874,-1641.0432897996661,-0.0,-0.0,-531.1932505802843,-640.8884639890191,-105.1812795284277,-119.68291954407628,-0.0,-560.6849404022973,-157.83798513742445,-1719.6416002703354,-337.7413071328341,-441.5191524881908,-0.0,-0.0,-1167.9970018723814,-2063.386940086475,3.3509620710683716,-488.88184220573237,-367.90449848482774,-921.3745672869892,-1180.8747411804968,-687.7854132966214,-269.3264630421236,-151.7067067881336,-1285.9114076142985,5933.823624887775,-0.0,-510.0248731217466,-547.3041048844707,-1033.4421881371672,-1019.5436000957028,-982.7235114279764,-1631.7355999907136,-1564.3048907321881,-523.3556532920422,-0.0,-0.0,-1540.790952538055,-0.0,-0.0,-355.34201123860214,-1599.6499215051347,-1321.4428116130425,-232.0079423933723,-107.40111345131902,-1687.008029844439,-0.0,-1221.9117390215172,-0.0,-0.0,-0.0,-0.0,-0.0,-0.0,-387.2500486317973,-1322.3948621450236,-898.2465148164291,-69.75005642015282,-213.53939621337105,-457.7210441736454,-165.875146236449,-0.0,-0.0,-434.52903418830874,-544.2519829608553,-3258.747100269383,-0.0,-1104.3728518483417,265.86149144774583,95.29086409289675,-0.0,86.34214529554512,-141.40046181840873,-86.79388503464533,-449.22980765888684,-0.0,-1424.8501313444854,-0.0,-0.0,-1255.8650817456733,-0.0,1990.1947600794338,1943.7649142374803,1926.8323943411135,-0.0,-0.0,-1640.3709916510222,-0.0,-0.0,-266.4946781185659,-782.5166881295814,-722.2462333232249,-949.505752943238,-924.836144948035,-0.0,-0.0,-0.0,-13.874042819815577,-659.5968778020873,43.94496877994218,-64.44643080285462,-1011.0433712793694,-838.9585911895965,-346.6449327519,-1255.3956389944824,-0.0,-1633.744988894056,-1037.4563091172627,-1443.9183714045669,-448.2709812991985,-462.3446522833683,-0.0,-1236.7481721540369,-748.371224729758,-799.4384032483913,-1819.7559480745108,-462.54655540325285,1057.238569168412,-3.772088219696248,-344.37647356514503,-1090.9572819499397,-0.0,-1416.370165455172,-2922.927660191527,-424.8835940204937,-471.49316451459225,-0.0,-0.0,-0.0,357.2161930269178,-347.36871103853167,-437.25673249044087,-156.5469284663597,-469.2731379182036,-379.73938170772675,-0.0,-377.8309950384162,-904.2020040620001,-672.2923491453435,-0.0,-1766.6230575903387,-3616.386290365333,-0.0,-0.0,562.9845760654313,590.2239039969546,-0.0,-0.0,-643.3859579272075,-726.7590801824721,-353.7029475008282,-594.7904632931898,-0.0,-0.0,-0.0,-0.0,-0.0,-2596.4045241166177,-360.11319536355916,-1529.3903751601424,-932.2162220465399,-0.0,-269.2917525328118,-736.6622602415175,-0.0,-298.9658352439496,-716.8828163061804,-963.2755798022281,-4144.127013386444,-37.10430529760907,-0.0,-0.0,202.05774225058693,764.3549408846188,-0.0,-0.0,-360.83370848244493,-0.0,-29.101068900097175,-0.0,-2296.792378211588,-0.0,-378.60549147754824,-0.0,-0.0,1748.9234984293164,1989.508807364917,1627.0679320604459,-0.0,-0.0,-396.83387748418227,579.230508250554,-2100.7229097232944,8.00965471004019,92.31484944057668,-2306.449004652546,-48.98032040121333,-133.33074569726838,-581.034087078517,835.1792697517386,2918.445059689635,-2532.844210669006,-0.0,-0.0,-837.9615908197048,-1401.461709391126,-1242.7297123650965,-230.77539052628603,-63.973769901156814,-0.0,-0.0,-0.0,-0.0,-1890.5222382696593,228.761512639944,-0.0,-10.684753840619791,-0.0,-1492.8151002057264,-1630.0146128207755,120.79941849658815,-0.0,-0.0,-266.09364239289465,-0.0,-1533.4438563734084,-69.06831312033053,-962.3691844929458,-341.34600078884654,-1104.5418437497076,-597.052730319619,-894.3427062970645,-573.6515435788688,-0.0,-0.0,-0.0,82.89908945421672,-0.0,-0.0,-255.5266309112063,-395.2717090082497,-612.7586749128868,-0.0,-1243.7328309825548,-958.8030329353185,-738.9586890049479,67.99456090661475,-355.2930266253695,123.87583374213084,-288.44216249080563,-0.0,-0.0,-7.557809446038378,-1634.364955919235,-559.5078379292587,-873.2464524139476,-129.76997375142085,-1784.9738209899701,-1632.4081569418756,-956.0100917413638,-987.192973296877,-96.12793113690023,-528.0194749196173,-621.6591372806382,-968.0976003593667,-2294.4073057276046,-0.0,-1553.9887176182497,-134.38783540979824,-0.0,-1986.3891250157944,-2608.44414403432,-1982.0925374136727,-233.11352521164062,-0.0,-1328.1527747062462,-176.5457271108353,-1087.8151791649193,-620.2138249715601,291.04044037202686,-1621.8867890329336,216.2437971773919,1904.1501785041419,-0.0,-195.34370265812265,-422.08690811735187,-781.5297047755695,-1097.7393304189238,-1528.0966037379526,-3872.240044132449,-0.0,-361.9496890595671,-1183.797685047279,-618.213940346747,-219.23897554139074,-24.891068159104627,-290.87913995806196,-0.0,-0.0,-0.0,-0.0,-223.48165230944974,-1097.4324701343287,-791.8045661175606,-47.24024928974246,-15.236389699060934,80.445881685474,-0.0,-0.0,-989.7731778305458,-460.94537547639874,-0.0,-2006.004253711796,-25.852110995810918,-1157.2529290400687,-0.0,-201.63258655210433,-166.11031290083343,-0.0,-0.0,-450.4453428491408,-0.0,-0.0,-4639.459792761683,-177.7100426443434,-1920.4059321710843,-7.982753203540668,-0.0,-119.72196557706079,-1130.6685650117465,-582.6679075273472,-274.73573913653286,-1274.9787891867609,-0.0,-331.35696229089643,33.61223379925379,-510.19613559494405,-0.0,-0.0,-35.770136493793096,-60.03271988716878,10.761029358230495,-356.36450159573445,-1245.9218578905998,-1440.6064816438547,-0.0,-0.0,-0.0,-6.967177416304615,-276.3099524881446,-0.0,-1266.699479478785,-2320.341302580922,-0.0,-0.0,-21.004344816302094,-1371.5540934252253,108.36327744692441,-0.0,-0.0,-0.0,-0.0,-491.59516029255053,-2029.0468609804695,-543.6983858042255,-1096.9998050708205,-0.0,-0.0,-594.8995551735015,-443.37059326928465,-344.66658153756987,34.10490645654489,-0.0,-0.0,-0.0,-727.9752087049845,-638.0926780963207,-445.9778082981205,-317.2300865362791,-0.0,-0.0,-0.0,-0.0,-1927.3923972777782,-71.95382593587468,-67.6794029969178,-0.0,-0.0,-605.9404373913135,-388.39619179338507,-0.0,-1720.955576919818,-4560.942870319305,144.00445622073295,-953.1032543074753,-0.0,-0.0,69.66865344903616,-573.6145685697958,-1538.8879377338512,-443.4445393925169,-2222.7173228572196,-1010.0037337006937,-729.5771034830977,-1322.6750390459847,-0.0,-0.0,-0.0,-34.501116147885675,-996.3893019273667,-0.0,-0.0,-2998.3177771504334,-73.15027604914931,-1264.0795310733313,-670.7070928145603,-0.0,-0.0,-0.0,-0.0,-0.0,-0.0,-643.1909888669137,-0.0,-1445.46843760762,-0.0,200.03717484346004,-1001.7634064364585,-0.0,-0.0,-0.0,-2312.808104076033,-0.0,-0.0,-358.07924894574415,-0.0,-0.0,-873.2573868967767,-562.8071684168434,-0.0,-0.0,-181.488725600736,-1783.7630684335847,-0.0,-1155.7571685359424,-418.6427493555927,1073.4845938396554,-206.1529579945761,-0.0,-444.39353200820597,-165.43986433998896,-0.0,-17.308840930612057,-0.0,-282.74668766293695,-0.0,-0.0,-0.0,-0.0,419.7937924405718,399.23406226028004,-768.7672972095511,-1603.1721500585602,-0.0,72.18161648853741,62.96836184979275,-70.07183674601049,-750.0841440074265,31.677426215385296,-437.6925424513823,-339.14087824966873,-215.22461762518628,-3089.437173526533,-0.0,-214.0021158428153,-1380.7888328399758,-2067.3315561038776,-0.0,-923.1872617973337,-1283.4795851455056,-1843.6621668756595,-672.1740490921504,-0.0,-797.2913285957636,-658.4508748112521,-712.3764151002204,-1325.7606162968164,-883.8721668438284,-0.0,-115.19141130162487,-1119.4186577441026,-0.0,647.2830743549199,-469.1132660244938,948.8714111801835,-0.0,-0.0,-15.030208279657103,-538.173323415419,-2171.7323120632004,-907.7924664539113,-0.0,-749.7960529082864,-2711.2708844549197,-868.6381837637986,-781.7976749731891,-1029.8162601080562,-431.3025921226456,-31.822047758370786,-0.0,-0.0,-0.0,-977.5035067854338,-3.8468850716974705,-0.0,-0.0,-1721.2467230583268,-737.459921973354,-474.53209355876834,-1477.9953119169932,-143.17555101661372,-29.479739500309783,-2059.4433411298073,-701.3907866187478,-485.1564337263649,-1160.3091226691974,-0.0,-2289.1331538027766,-355.6363588772928,-1008.6736272471472,-1339.4033020774784,-319.88088973420946,-468.45559296076755,-1319.6703485009407,-374.5767511600631,-0.0,-0.0,-0.0,-1205.073369699241,-0.0,-3450.498904849824,-1030.4270664481373,-1248.3521536563442,-0.0,-0.0,-0.0,-0.0,-0.0,-114.85824865767552,-0.0,-234.17084717017192,-852.0437800349771,-321.7838619295786,-0.0,-0.0,6.654806638537531,-0.0,-0.0,25.15015697969463,-230.81868330709142,-0.0,-443.7583032476896,-0.0,-0.0,-71.37881687203482,-0.0,-2600.062450766232,-2017.7183900904622,19.826951231069536,-5829.657983979563,-878.1519488696831,-571.5659561470576,-0.0,-717.8107647164138,-1160.1813493256368,-0.0,-0.0,-0.0,18.915101141382056,-0.0,-998.6220058137934,-0.0,-1407.390135903928,-0.0,-0.0,-2047.5701255245465,-958.7873831644825,-773.1783227854453,-0.0,-0.0,-0.0,-0.0,-250.23225370535485,-603.0842127579014,1221.204843642611,782.3484009120185,-732.4501487623085,20.47476787596669,-0.0,-301.7226269461653,-232.86041716973193,-1730.7571829585377,-369.7527701715157,-109.60856680833284,-956.0348163196969,-1179.4932608242177,-898.6793014635848,-540.2819403630033,-0.0,-0.0,-0.0,-3.9152032550892484,-0.0,-1355.3176274641173,-530.0442585221341,-0.0,-1749.3135363588763,-1100.8865210389902,-0.0,-0.0,-0.0,-0.0,-0.0,-866.3209082432716,-0.0,-276.5549927772536,-1326.2800555264414,-0.0,-1055.2350513287413,-0.0,-0.0,-0.0,-2128.1426328628513,-988.096568561521,-859.0475829115413,-2200.862309347506,-0.0,-0.0,-0.0,-83.59128669072611,-428.6140155735508,-24.57174534348894,-539.2134494796107,-124.81846991261811,-0.0,-0.0,-296.90729316144143,-1257.6902547146005,-3527.94159280447,-0.0,-437.37979418555085,-1187.704273670429,-396.89153823085456,-416.7887023132028,-0.0,-0.0,-3.3039433629409687,-1881.7804351668624,-1805.693779512954,-34.386144966636536,-1421.0600627554254,-360.5651606489332,-736.8286046592075,8.007449983805634,-941.1010390806791,-0.0,-1879.3737543089896,-0.0,-409.9813392860611,-0.0,78.65371188819434,-0.0,-0.0,-528.3864479832491,-658.7773089391562,11.800058780958036,-0.0,513.1964227503676,-0.0,-0.0,-1301.9989578073362,-1152.2521578567207,-995.9250819578551,-0.0,-342.0760967982494,-570.3011200685049,-1300.7101207734836,-0.0,-0.0,102.24474079985531,-589.5902208669285,-0.0,-0.0,-15.511309419518835,-0.0,-3.785923518000539,-544.2960056537873,-0.0,-0.0,-1183.8971903556715,-1212.740707199977,-73.07621676333916,-6.658282108730037,-112.11642511590115,-701.9116060218191,-981.6213742926647,-1497.2347083377774,-0.0,-824.4649319552263,-13.849105053132641,-37.50663685163002,-1182.3347044509937,-0.0,-0.0,-0.0,-0.0,-568.8881456300873,-3.9411310273118914,-7.8955610757740935,-0.0,-0.0,-442.4053631180142,-0.0,-0.0,780.1021381694247,-1017.5108886153258,-36.641213538816835,-1718.3129877004937,-0.0,-0.0,-461.48602378903763,-0.0,-270.3461786547598,-897.2890309310142,-752.6507016488484,-904.4930559911982,-0.0,-0.0,292.1051481346615,-0.0,790.1934767970195,853.9941256595658,-181.80010221154458,-739.772394381228,-0.0,-0.0,-33.68147274473122,188.56686709582175,-854.8493215946271,-389.7684963690194,-1136.2531440105984,-2259.8646943348444,-1900.7589983442579,23.854330257439518,-0.0,-278.4924587058794,-4858.159846526096,-518.6850477771068,-436.7647141670946,-0.0,-0.0,-549.7042101937541,-0.0,-691.5354609970291,-1280.096456651327,-662.7422206046534,-0.0,-0.0,-57.28475751196322,-0.0,-178.9393148225503,-1232.730212094675,34.454387418157815,-543.9701622885642,-300.0927440601903,-209.16663655734428,-678.1594035518176,-2186.5464084722416,-17.0000796836798,-1036.3302290509455,81.54088483904015,-885.785277243824,-272.91157627407523,-0.0,-0.0,-123.44360032934345,-0.0,-0.0,-1666.44110392779,-523.005185612296,-0.0,-691.6060637022791,-439.4545223187212,-0.0,-0.0,-1288.2757630437973,-848.7226822062877,-1304.0078476137496,-1224.1518323014348,-0.0,-129.87992167019272,-2792.4570869581353,-777.3210004771116,-360.02062452856944,1648.6472990280424,-1312.15001703932,-1048.6154276589373,-10.66571699375245,-815.4630070414108,-14.931983611770908,-1444.522389854029,-0.0,-3044.5618018626265,-528.6789978211742,-0.0,-1314.9778691880065,-1465.1301834184724,-0.0,-164.57373757807008,-778.1252341742656,-950.156693575778,-1228.2361176809627,-638.6873016322842,-433.2646389031855,-537.0073642627526,-0.0,-245.18630612540167,-0.0,-2131.5479638471566,27.4705093328565,-2894.412627614559,-694.2440619360858,-0.0,-0.0,-1071.4296657140897,-771.1269362875292,-0.0,-405.29052284175697,-0.0,-0.0,-691.2562196098157,-0.0,-0.0,-0.0,-0.0,-0.0,-0.0,-0.0,-654.6542115618699,-429.63851615652186,-2561.5141983475532,-2224.4737916384724,-0.0,-0.0,-1068.0570522695252,-1714.191969468502,-414.03253810479873,-178.3624451512791,36.537663329035134,-0.0,-1368.1680299217016,-0.0,-2340.1958750834474,-0.0,-0.0,-0.0,-0.0,-1407.9518232235782,-185.08654801538387,-307.63791621535086,-1042.0061193153642,-1048.8910808938729,-598.7494607763144,16.032828280584003,-1020.3461826606363,-0.0,-0.0,-0.0,-0.0,-526.5329518462702,-424.50009876172624,-1185.512102546291,-0.0,-949.4887787388822,-5584.564859200448,-533.2293170940501,-628.3946895703461,-2748.537066599148,-630.7974320614312,-0.0,-399.1861032875457,-375.48119678283183,-1004.3980822672135,-525.3769276290727,-1334.7090366145019,-1249.6110179461673,-0.0,-0.0,-0.0,-0.0,-1363.581386187436,7212.066954955367,6233.830253523633,-0.0,-0.0,-0.0,-0.0,-1792.2334151083774,-816.6788096081294,-79.6233651400235,-1223.1785336075245,-723.0600317717062,-0.0,-0.0,-0.0,-0.0,-561.0001622816764,-0.0,-1608.4884326747244,-198.25502827684926,-0.0,-0.0,-0.0,-0.0,-182.4072758295597,-381.3656776521377,-406.5554328946056,-735.1269726290806,-801.5960672711035,-1056.4459281427246,-791.3890937105219,-304.48062426319996,-1011.4728268742768,-1313.9894361432487,-1034.2059207728998,-1538.1905704316453,-173.3903931477166,-1125.5638404687659,-973.6618979236351,-798.4543686996518,-1436.551059843771,-493.5786365673068,-1914.0969338047114,-1410.9134619924432,-1264.6017938774664,-537.447561834053,-568.3901452651431,-961.3118547539593,-0.0,-928.3384662085784,-0.0,-2574.163296437199,-593.0790530593769,-210.9947058286375,-1539.2797127186998,-1252.8897885686497,-1044.1787570407473,-0.0,-0.0,-0.0,-0.0,-697.2519444890935,-3259.984517063771,-1206.8412817374494,-0.0,-0.0,-952.080378323925,-0.0,-0.0,-891.0426483483578,-342.7955421772043,-930.8836611731897,-715.4270253771352,-819.636650484365,-596.9459323529098,-1689.9932777028048,-0.0,1082.4895726311804,-0.0,-0.0,-894.9185386718494,-4948.0569214273755,-0.0,1481.5893324618385,279.94087323875,-798.7672377683572,-0.0,-0.0,-1319.9489811020326,-906.9343590357169,-1998.6961158620063,-1758.7640400584808,-337.1586434650739,-0.0,-409.4876326973761,-161.86060040283976,-0.0,-801.400788719066,-0.0,-1437.8739769652684,-2031.1341486318236,51.73631723782869,-1968.250160587589,-1730.2262768301523,-0.0,-426.62996527276164,-1367.385567359617,-1906.6883674327794,164.55429099673492,-364.27485235580497,-2191.369328136109,-797.2508858897063,-692.5023932955204,-779.6314727198899,-380.8658472313279,-891.9967488323375,-1304.8048306235457,-0.0,-826.1791987078034,100.72490382875262,-1194.087522559663,-0.0,-419.5913103253109,148.26938026036234,-761.9500323353345,-678.0779008257134,-0.0,-480.72513801124416,-309.7568946386178,-1577.830131757809,-956.5770092834127,-1254.1375468716196,-753.7593480497882,-718.3374050272064,-881.4747400911366,-1720.4743733819262,-60.786829923722074,-0.0,-469.18800980625366,-561.2799631807,-1253.4168166938075,-1814.2268880844942,-283.21505665740665,-671.8590271357244,50.945406032360935,-781.9654514551286,-464.8333823640469,-845.4497648358598,-0.0,-833.8865266235588,6.916908481451166,-1914.8647211174252,-0.0,-248.18625387794026,-456.29356865488603,-678.5681593730018,-1960.8560491871542,-136.16465443794698,-1248.7551678493714,-628.2762888725181,-2226.702130055228,-0.0,302.826415581727,-0.0,-0.0,-192.8469799322096,-0.0,-0.0,-3137.8864097085007,53.531172283670834,-39.0021767948191,112.97026941952818,-940.5752471911252,-0.0,-0.0,-0.0,-0.0,-0.0,-24.260368678513572,-0.0,-683.8185146444634,-0.0,-316.23469680529956,-1540.0729256983122,470.36031593904846,-2825.472366629591,-0.0,-0.0,-0.0,-0.0,-0.0,-0.0,-0.0,-0.0,-0.0,-2072.2852093665447,-0.0,-2267.4628232486325,-2802.527052967476,-0.0,-0.0,-0.0,-0.0,-0.0,-650.1109726616818,-847.2308587727559,-0.0,154.13450019686448,-556.951008600214,-1938.8229949133665,-518.0207807810992,-0.0,-523.9528771733619,-718.7606895491646,-0.0,-0.0,-510.69794751781103,-779.7190065913511,575.204605363954,-400.27038236430894,3.786436825583458,3.802200958856107,-0.0,-0.0,-0.0,1251.8916683662349,1478.7304031492258,1232.8657783212288,-0.0,-0.0,-0.0,-585.5987567246298,-0.0,-0.0,-853.972063294603,-77.40251946441163,-406.565333636822,-51.122581999125025,-850.9088486072471,-784.2568276693613,-1099.1497969296784,-506.04984764942657,-129.84450522718458,-944.198242660031,-0.0,-1749.798779250257,-67.59607454836664,-509.43316767089703,-759.0598666353661,-66.48795871584245,-0.0,-986.7318302307217,63.95594437066349,-0.0,-0.0,-0.0,-0.0,-0.0,-1251.610836958009,-2498.3898111117137,-0.0,-686.1104832810589,-7.123039464783358,-0.0,-0.0,-0.0,-467.6879029414605,6.697728933610413,-0.0,-982.4784813822969,-678.1681261776595,-0.0,-0.0,-469.5566151940398,-0.0,-0.0,-1457.2774920971442,-1214.65440325674,-0.0,-689.339588693289,-1896.2546919211836,-85.94760579671176,-0.0,-0.0,-163.57551235721238,-681.99707220876,-254.28226458424461,-270.12102121547997,-189.45276645522407,-0.0,-0.0,-0.0,-1006.8772467671121,-765.8287726189136,-1797.5719573430329,-107.28133731251238,-1092.3014310890685,-36.885892318619796,-332.6336875842156,-438.8081891946615,-1751.3675461331297,-0.0,-0.0,-726.1282577158942,-1575.1193753107627,-0.0,-0.0,-0.0,-490.85436279108694,-2052.109429015092,-2960.9725461210587,-0.0,-221.13234949772607,-81.13583064328986,-572.2472778932002,-496.6522926308299,-1419.0807173318296,-0.0,-1235.0523924723204,32.97273218932809,-6.742345188053833,399.5462416774322,-0.0,76.39797296302199,-279.7895222407155,-357.88485963978303,-47.164163619366285,-0.0,-0.0,-358.06395716501316,11.734578206352586,-0.0,-1356.9236349456046,-840.7509741779925,-827.3789009241103,-646.6927003090912,-989.6408921659153,-1322.4255868845269,-0.0,-0.0,-0.0,-0.0,-0.0,-321.216757588085,-460.49649267515747,-1013.4133262841709,-1224.1693701618085,695.225773782479,-1279.5787674036198,1252.6940336358755,-0.0,-1958.5539190428428,-1306.5083061384714,-604.1867449326984,-17.050625650985815,-165.23415622869146,-1787.1604738865653,-334.52821651563846,-0.0,118.24342287280278,-674.4390489820539,-0.0,-0.0,-462.7542777643775,-319.15022942112347,-342.5054639550504,-1029.8202134814237,-1229.143326147602,-0.0,-1419.1376402351614,-1144.3067226139362,-4361.689088383862,647.1000662583145,569.3248509359009,647.1835297533597,573.2187510295705,-0.0,-0.0,-0.0,-0.0,-0.0,-0.0,-0.0,-0.0,-433.20117891649267,-0.0,-40.65900862811054,-0.0,72.37308810146843,-943.1236584882283,-1107.6386096102342,-1660.535836530435,-0.0,-0.0,-0.0,63.00825896844497,-2743.069339156144,-653.0845159031378,-2443.958934513861,-1419.6944215705967,-0.0,-0.0,-280.8141847029732,-1157.680206545121,-0.0,-1809.121138230008,-490.59976170096854,-0.0,-0.0,-0.0,-2289.385790044231,-0.0,-0.0,-0.0,-0.0,262.9155366711244,-0.0,-0.0,-0.0,-899.5678839860169,-0.0,-0.0,-0.0,-0.0,-0.0,-0.0,-0.0,-278.2269312326348,-927.5897310866743,-1293.2893023917948,-1216.7162180550845,-532.4407463089829,-867.3541025728642,-49.36330467247153,-0.0,-646.0771587582254,-42.10943166713789,-0.0,-0.0,-0.0,-0.0,-604.0141304408736,-0.0,-514.8041130358638,-1111.9137898524687,658.3229012721723,655.0651888243414,714.8815184430867,678.109315848777,656.037598582298,-0.0,-0.0,-0.0,-0.0,-0.0,-0.0,-332.49547927477965,-0.0,1711.7273381615958,871.9040162148265,959.2873184418369,-0.0,-0.0,-1141.9557517964852,69.88720358036313,-44.228738879047384,-2116.9926840660837,-0.0,-1634.7564279011092,-0.0,-11.352592267877467,-0.0,-0.0,-560.3902544574756,-0.0,-631.0700488423086,-463.49276614685806,-319.94133597870666,-0.0,-24.530531367471323,-0.0,-769.2352629819702,-0.0,-1881.8928479972337,-432.0575974624946,1582.9171089934998,-1679.9825162915117,-758.0322089703648,-73.32190265609549,-717.4347825588053,-0.0,-440.9542809234192,-37.02256573078613,-2340.8130789873285,295.97398908854814,-198.76324880138225,501.9808821051441,1011.9100425057045,-0.0,-271.3759676415403,27.343969838416214,-900.5535768996112,-1023.7249331519421,-1266.4485026915543,-1718.1772670703172,-0.0,731.2894222506901,-0.0,-336.29785246144854,-2236.4674877875323,-1082.9602298374175,-0.0,-1088.4404217795184,-270.1861641042239,-574.444566883455,-592.5888090991565,-232.63728964985995,-1391.778226042436,-0.0,-1569.1287217566417,-353.65809445160335,-1368.9271845452472,-306.33784633828554,-0.0,-0.0,-0.0,-0.0,-1215.3918592377609,904.7258750906384,-849.2320012122595,-612.6751256993136,-0.0,-44.29867263627709,-0.0,-0.0,-780.0101669551673,-660.0466336534878,-582.2826394290028,-619.0244606381311,-0.0,-0.0,-0.0,-0.0,173.0834968198534,-0.0,-528.3613431574726,-1694.1147284323856,-894.2947129720122,11.392460128345213,-1259.2631002613955,-0.0,-0.0,-0.0,-551.8825143095479,-715.4727029634034,-0.0,-1360.1156406686782,-0.0,-2585.3557356480724,-3206.463692685531,-0.0,-80.11409285445293,-0.0,-611.9650127268416,-0.0,-0.0,-0.0,-2037.1411109101014,-974.0405180604079,-455.05205304620057,-730.0490680464694,-0.0,-0.0,-1918.371126493758,-0.0,-475.33948036491387,935.4184321117849,-888.9288281772788,-594.7852268629376,-432.5306814353117,138.99839200244688,-0.0,-0.0,-1195.3828128167672,-0.0,-493.1938604744025,-79.83461722213077,-358.79476473252015,-272.6833950633901,-0.0,-0.0,-173.738911434437,-596.0704403253849,-879.6131852928027,-475.7241377164104,-1055.3788405576968,-72.11601810958932,-0.0,-114.2548516612394,-1711.2443751451633,-988.9323628252388,-0.0,-0.0,-0.0,-495.5556877228099,-532.3056017888666,-1283.6952980574006,-0.0,-0.0,-0.0,-0.0,-0.0,-1306.8138812105099,-578.1600029343721,-0.0,-500.16866855285895,-0.0,-14847.950451541707,-662.5549939636115,-232.86862424126565,-390.03032479187414,-0.0,91.19607931043343,-1540.1107109903924,-2276.059507425512,-0.0,-0.0,-0.0,-643.5349262738189,-477.4618719012725,-855.7455754214419,-891.6276919953981,-459.45952934710596,-0.0,-0.0,-1456.4158929051514,-532.5973822958348,-2150.7940394963607,470.75236904909303,-1781.006557370383,-0.0,-0.0,1445.3447255200954,-894.3577005929413,-0.0,-165.92139210802728,-296.9391911782844,-541.7079854389551,11.509266582692344,-733.3109943447603,-0.0,-0.0,-1104.6148260970049,-1188.0881900535935,-2227.9770104904937,-0.0,-0.0,-1973.413988622597,-637.9512240310479,-667.6085574004924,-2049.1391586269838,-1323.1023756419418,-0.0,-0.0,-945.9491733391062,-0.0,-232.75538030446015,-1390.6697165976625,-1325.5582727134515,-0.0,189.56703846369015,-668.8168920414158,428.11093470637763,-162.15320989324366,-311.6475364057646,-0.0,-561.0922719725044,97.66295366761273,-170.61503239471176,-322.35384485366507,-2297.4491237384727,-1877.8787173548503,-77.7388763670723,-4286.624882722787,-459.76828974178596,-930.0186309669301,-42.4880875110852,-3327.153075782118,-284.0087989381841,-677.0373412620553,-258.09284454713344,-1560.4841234933895,-1115.2186602313745,-2788.573217858745,-3818.0399439692615,-36.239730419360846,-546.6093287329741,-1371.9153140852547,-920.2646482382299,-0.0,-3459.8428792157383,-0.0,-431.13560536929623,-1290.8182773689027,-1106.248023907559,-0.0,-0.0,-790.3705899879646,-240.2869354228298,-0.0,-1254.7372490539994,-0.0,-661.0577963617967,484.20203047564985,-1272.5792700918987,-407.29941997104584,-6.81087489794821,-51.839490734117895,-0.0,-1618.374967688525,-482.9056241336437,-0.0,109.88065503209997,-0.0,92.07610645843515,-115.96004199361124,-0.0,-391.42510351235046,-1106.4001277162802,-384.45325939478516,-704.1221199878629,-1934.765207573923,-0.0,-3285.4460334331866,-1659.5474359696034,-2180.485085573757,-2000.723688470719,-62.38408785850221,-142.5314108892892,-524.1267801328646,-1061.0103211568141,-0.0,-0.0,-895.972714036307,-137.92028331646603,-0.0,-59.08569853263123,106.20826557903575,-1991.1667642527977,-0.0,-0.0,-1004.5673332955652,-0.0,-144.4201092248665,-0.0,-51.01419259873887,-173.39392030774428,-0.0,-290.6683001633033,4755.425944974801,-0.0,-0.0,-1318.7445780295513,-579.3723735231808,-218.34574004333996,-0.0,-0.0,-0.0,-480.10788515390266,-1724.4419970515542,-0.0,-0.0,-0.0,-1639.4953020887606,-163.37133763376752,-0.0,-0.0,-1455.5613846551892,-607.3799905019066,-304.9046476360508,-317.71639366011516,31.753944246958117,-505.0219592087743,-316.037166622735,-234.06887079377245,-1800.2147872448454,-0.0,-0.0,-845.9759238561335,-730.8563768858861,-2195.7054493633605,-0.0,-0.0,-1948.908135000816,-460.54441989646693,-1228.3244094735771,-428.9659746071807,-591.4719240733948,-1920.6472539334727,-604.039422844224,-71.57618315072166,-743.1875983741669,-1963.3164711472969,-1542.0659358391931,-1030.819738899339,-0.0,-439.06613607069045,-0.0,-1436.5973880434153,-336.4789846236049,-175.98534477952225,-504.6021451458888,-758.8279645691903,33.280819014239704,-0.0,-902.9325501918319,-527.1669075637941,-72.74374358706436,1257.711712880578,-57.000113850342125,-0.0,-511.2760729549202,-345.9618517438523,-0.0,-585.0919284397227,-1277.0250680909053,-0.0,-0.0,-0.0,-0.0,-297.67664935946175,-614.1275734588805,-307.8305464039205,-335.4562836434043,-291.8747021690981,-1577.4407738526731,-626.3743333516126,-1053.9893245886224,-2006.6303170823753,-1448.2206602570675,-0.0,884.1939756252655,741.9612074637239,477.8893947312215,686.2034471603841,556.5698135165688,-0.0,-0.0,-0.0,-0.0,-0.0,-0.0,-0.0,-0.0,-60.973002780775616,-681.0277218864802,-433.85323570404114,-284.1526557772899,-875.3306993189865,-102.51201934550097,-296.5785073308934,-952.1618326089186,-244.22574515757142,-1479.4739789792673,-683.4425760462173,-93.89521637400699,-387.622665262301,-7.446655758464184,-0.0,-729.9284024602082,-142.01950904816223,-108.35480233529378,-717.4097003691587,-377.9000009129185,-1391.8963078974227,-225.2221383403478,-0.0,-0.0,-1895.3336659733932,-366.78334641254315,-237.3225021561767,-430.1367535710633,-748.3169611521884,-394.7241541708354,-306.60789019549713,-0.0,-408.3036107217744,-459.93303504981384,-534.4228289363251,350.3477669932621,-1155.949423223589,-1594.7071752569402,-424.4522436281713,-552.5458078513664,-243.7509838167503,-11.274236458136956,-0.0,449.02638680184924,-795.2270629511736,-42.28061914975032,-1479.7193257363062,-0.0,-0.0,-1093.9540512963795,-406.887202679793,-0.0,-611.2232559000249,-599.3632915982624,-720.2394058895411,-0.0,-689.9177959474464,-489.82898901219943,-1800.5377713176206,-3597.12929560133,-344.6914981592229,-0.0,-38.84743916876074,-345.2514169031095,-1412.895751766462,-172.94307451928321,-519.9804736511171,-548.075769393313,-629.1965106429446,-160.9250270658834,-0.0,-0.0,-1103.5844206501085,-29.612072035589623,-361.8473244151214,-574.7295172520086,-1225.511766590494,-2001.6504305559693,-0.0,-391.05276745290746,-0.0,-0.0,-0.0,-0.0,-0.0,-44.469408951115525,-136.67136286657598,-338.41727259040675,-0.0,-0.0,-0.0,-0.0,-0.0,-0.0,-822.7073164859007,-1782.2445535676627,-371.2854263737711,-409.3850473048133,-37.75384047298338,-0.0,-0.0,-396.9614434622698,-0.0,-0.0,-57.974878537141564,-2038.976996899305,-0.0,-0.0,-1135.5496674822741,-514.9007109281192,-787.008387227882,-809.6869701464801,-677.3818736436125,-0.0,-0.0,-1030.4920937991596,-1723.598954001647,-905.0057696670447,-0.0,-892.8915063419107,-126.1400406752157,-263.7821062052316,-589.9981094275767,-6.721695889345481,-537.7122703865565,-1568.9035771363756,-0.0,-1324.7152113508384,-147.58135434158672,-506.40198063867854,-1145.6032796704403,-114.81712339074393,-934.3639132942263,-0.0,-988.4547631586723,-26.933831481199352,-1742.9266735823373,-1712.694978730689,-0.0,-0.0,-0.0,-0.0,-609.3829161994262,-757.8316946144528,-0.0,15.614118060700974,-358.1830214124613,-814.0981255042543,-1804.5890744810865,-2082.982978140366,-302.82655311016487,-0.0,-811.9758326548638,-604.8067366990554,-1618.7313528491854,138.99984519034425,-0.0,-2601.263601053773,-705.4948002695178,-0.0,-160.2889840887238,-1330.4315607187482,-0.0,-0.0,-557.8228726042702,-1228.2513428536736,-0.0,-895.1748051235082,-1222.5119178583525,-0.0,-66.06743485799713,-453.59432024544213,-0.0,-1313.1358861560066,-2100.2296451412335,-865.3800179118439,-131.8235905761202,-1635.0885830279317,-66.11842275318281,-864.947811046054,-516.1532764863616,163.2138320950785,-994.8275040283487,-1094.9237490452404,-641.7827252452439,-1096.2138792898818,-371.8017612430957,-463.4689523728294,-553.9210742584305,-1747.6166944151837,-0.0,-0.0,-1489.6118912328586,-263.4995285801758,-0.0,-1332.9188677814157,-979.95876552162,-0.0,-2278.0329750767232,-411.3519060534952,-0.0,-613.6174030665599,-0.0,-0.0,-1046.5488728618748,-877.1312542498476,-0.0,-0.0,-0.0,-714.6862663255777,3.4475416713454043,14.852473732346999,-264.6461309233117,-0.0,-1605.8537176777725,-1288.7019312827229,-465.7852559867101,-1803.35594902501,-0.0,-67.10006504985184,-667.824772619256,-0.0,-325.51678308242765,103.12128055223721,-1063.6139259586848,-837.4809400585377,-629.6013482396082,-981.869701234992,-0.0,-0.0,-0.0,-761.2455416314474,-0.0,-221.70778186677214,-779.3456097420396,-212.6776024701257,-1131.6368269044274,-1897.6850733292074,-483.7925726764651,-1745.6042187798585,-0.0,-698.7484918602797,-1475.4224261178886,-457.8315878844906,-1015.7600475688366,-235.41505387168536,-510.8022844206759,-1268.5851965631114,-0.0,-0.0,196.47493988610654,-2130.8801136751526,-784.4744947538751,-225.91252388969787,-0.0,-320.251363862763,-237.30265712547072,-503.0511801324562,-0.0,-0.0,-611.2536007510347,-0.0,-50.074756450993064,117.88394255485893,-74.9150053126734,-1940.9259249639304,226.02145923661442,734.3565713016186,179.40393790217624,473.5160601856373,34.89399987356741,-0.0,-216.5974879748259,-691.9264234212666,-257.37197778627467,-50.278972696831474,-0.0,-0.0,-0.0,10.789799380299405,-17.883851990397513,-803.5644467718442,424.87335373479686,1931.7646046738087,-0.0,-0.0,-0.0,91.03783823243748,158.38195913714338,-0.0,-2554.719952076382,-0.0,-0.0,-0.0,-0.0,-0.0,-2160.77810407973,-214.27084660827452,-0.0,-104.48272268696991,-1448.8547522420279,-113.19669356680723,-902.1978141857584,42.92668107084911,-1689.013230038512,-3127.180420378727,-1588.0492562015775,-0.0,-0.0,-1219.995659596862,-871.9945763300414,-654.9427491199925,-361.63999926980534,-279.3915286931379,-840.1167081232672,-796.788278977907,-4718.335048384269,-552.8076759093744,121.35122088659428,-542.8880261883348,-747.2035366194358,-570.5020757132536,-530.9070306234686,-6.807148843235169,-1615.8531927673102,-727.1793120166084,-493.07374150466165,-0.0,-0.0,-0.0,-0.0,-198.69862258692197,-1049.6538049913213,-0.0,-1109.0614240485777,-1341.0280409850523,-0.0,-0.0,-1184.7614977508124,-0.0,-0.0,-168.4724659833672,149.6300598938394,-0.0,-0.0,-2125.538880151458,-1002.4379689125893,-99.73720428634647,-1050.5656929040315,-1095.8434575971712,-0.0,-257.5041972313832,-418.07507235912175,-0.0,-1278.5493258512004,-237.0083892847229,-885.3098979022719,164.72079971838548,-732.7283709120869,-169.99296267558069,-296.026248578359,-41.781593255412716,-39.06442890974008,-470.4343872505312,-666.5061191338656,-410.54702964240244,-672.7980522919357,-0.0,-88.2157612134858,-562.0815899134876,-238.35345905912698,11.940907537988792,-0.0,-849.4532859508553,30.627675361434807,-967.4976550309436,-0.0,-0.0,-0.0,-1615.3949882002112,-0.0,-0.0,-117.87946873015214,-0.0,-0.0,-0.0,-0.0,-0.0,-0.0,-803.2567441201928,-1233.6082134846945,-0.0,-0.0,-0.0,-0.0,-719.2021410013373,-374.7296961001872,-0.0,-0.0,-1403.7783911070194,-0.0,-1155.9597761555574,-1901.4631717891698,-0.0,-0.0,-0.0,-591.2227038056657,-0.0,-0.0,-0.0,-794.7295287164811,-694.6729573461241,-495.30363681693456,-0.0,-0.0,-156.4253297600416,-0.0,-3248.9375261394916,-4203.507523994136,-0.0,126.57150506961398,-0.0,-522.9993897395915,-643.2192420004747,-1609.8649954676355,-0.0,-0.0,-63.066329836382764,-518.0938051887058,-1103.7955202230396,-597.8099739756276,-347.6701061924169,-0.0,-0.0,-1082.477827096557,-717.8910878185449,30.98136508534532,-0.0,-0.0,-565.7339998145301,-287.18415752951245,-41.441427932113534,-0.0,-0.0,-0.0,-1650.6994738390563,-391.5014339364668,-1047.8679571501414,-3923.1902333941507,-0.0,-715.0018077992012,-860.8752983651193,-1937.6901327204466,-360.9533899345083,-0.0,-0.0,227.37339087354763,-1004.5706065417088,-1445.1984259324504,-367.9258716447487,-106.45768556830554,-0.0,-1648.0683811101096,-331.8730694694462,-1138.3375895396225,-670.2864689478253,-2269.960654680979,98.44445843177994,-804.3664079329434,-703.8521968256289,-1616.2588884431148,-0.0,-0.0,-765.6297912810242,-1560.4786392416122,-1481.019880968851,-783.4487148379787,-0.0,428.50730420953346,-94.24628724050791,-377.79813675161864,-0.0,-13.685379385557317,-0.0,-2254.549190944178,-30.463325705186868,-0.0,-0.0,-743.1197733461119,-1022.0080659691497,-682.5983071669432,-212.78613874056313,-616.9973837207709,-0.0,176.20964198754803,-675.2019852946773,-54.21127217264982,-1313.7403374049452,-0.0,-1177.7149793564672,-141.73379769476557,-523.7888991258,-359.8962596007561,-529.8702432628934,-39.748131238714464,-3.9833258634784237,-1021.0977065459167,-1030.3418169309473,-1310.3667151932223,-178.38311428056628,-1128.8690218943316,-3.598791102627479,-0.0,-592.7920356528641,-2585.6720964599094,-0.0,-0.0,-24.041535738091905,-1785.611082995394,-184.9454645027495,-533.348733495395,-300.78712385123,189.73624748995735,-0.0,-0.0,-1232.2097772321135,-0.0,-0.0,-1804.6201224572883,-1197.3077979242023,-767.6719624657075,-826.3572793144872,-408.26401572993854,-717.9020264791235,-798.4055347324406,-1076.7298969885003,-1944.9991202365447,-0.0,-0.0,-0.0,-0.0,-36.415645894896194,-0.0,-1639.341422824975,-549.7577178690327,-636.4782616512633,-720.3510183260039,-401.04974229618404,-0.0,-1244.4100602439748,-506.35111272634134,-0.0,-2214.087401541329,-1403.0536200282218,-0.0,-0.0,-2458.468229845755,-1448.6636668980004,-385.2092290567036,-690.7950909829298,-0.0,-395.79424273171117,-10.266963300417146,-0.0,-622.1501044044367,-436.90632850995445,-519.2028061091507,-0.0,-0.0,-0.0,-0.0,-385.4220272663401,-942.9864573050421,-5217.3374685190975,-0.0,-0.0,-512.8026465469276,-535.5332755263497,-1527.5241679830547,-522.1818584858007,-60.94229144955788,-361.0213398868897,-0.0,-612.7162671721854,-495.11891976721887,-0.0,-607.8930997253399,-1102.1419151185487,-0.0,-0.0,-0.0,-0.0,-0.0,-111.60685103209647,-1732.763833652344,-0.0,-975.2625920915173,-801.4572421696575,-0.0,-1714.9537919311686,-663.9222267569153,-966.6963605586006,-1243.6359245687242,-17.899653188723963,-103.13837881209817,-1128.0404829550732,-731.0016226268018,-335.49506725561275,-0.0,-1213.9631152931877,-1126.7193599931863,191.84574783835245,-0.0,-544.0000537066193,-816.7313397346512,-791.2910132059407,-42.25942121275209,-0.0,-487.4725795786243,-0.0,-0.0,-2425.4167305616916,-2092.62660547775,-1675.9180269951667,-1440.807237538538,-0.0,-929.390379750205,-1753.6071054898155,-0.0,-5150.734197690132,-0.0,-0.0,-0.0,-0.0,-835.9835533057287,-2004.395902571273,-2238.262598581098,-16.87222686966695,-1763.2443799839082,-0.0,-816.9173447981177,-20.102500114255836,-0.0,-0.0,-522.7013431385026,315.0101125125676,-0.0,-395.3866007440097,-33.69929364905801,-0.0,-1208.245375572388,-0.0,-1956.7879324107384,47.32181149456228,-0.0,-0.0,-860.9319104045311,-1331.2314178530219,-817.6935057977419,-1132.9853184801898,-1017.8975329453771,1157.0695170117374,-44.32412416493646,-826.9585617338017,-70.69830278306085,-1859.2345900515636,-783.0869198098148,-730.4255529334451,-432.7002541189264,-1336.959358681482,-1639.3699646667153,-379.2931261344197,-1738.6697419087411,-304.6399090582326,-0.0,-0.0,-6.650658409052604,-0.0,-0.0,-0.0,-0.0,-0.0,-0.0,-1374.5604526769882,-585.5984176657329,-1186.4008042775222,-557.8570018891544,-0.0,-527.9659598233864,-1042.1720313848527,-925.9494786278217,-1777.6146539407266,-1111.1957524843406,-57.748744093750354,-27.91182009284879,-1023.5550657403131,-1000.6133428573886,-0.0,-84.24014782100792,-0.0,-68.7831502402162,-707.3031435883468,-172.93964242654187,-465.4312013753359,-831.0141790362718,-0.0,-0.0,-0.0,-2885.429870456135,-0.0,-83.0510134824369,-0.0,-202.76879128229058,-853.7803359001308,-1009.6061495907876,-649.6646721621413,-0.0,-34.95958042671592,-476.29290828743655,-407.8874509551035,-348.57209152089297,113.35858854273113,-980.5894049441723,-0.0,-0.0,-2656.081341534346,-0.0,-963.7547087294479,-577.15540676167,-346.83393908475614,-227.5272036080604,-1102.0185148784394,-2400.1257723583526,513.1552905912613,-1935.5468708266915,-1443.94308198379,-462.7931052185568,-3.821322684231052,-0.0,1168.4857131610042,1090.0621173777797,1085.4356738480924,-0.0,-0.0,-0.0,-843.6660799323628,-0.0,-256.72251715659814,-156.61148840418304,-0.0,-3122.8398286803513,-0.0,-1291.1421920114515,-120.13166553670715,-871.3669671021261,-592.6813282909401,-1416.2289283746172,-1480.2455900967025,-0.0,346.0208645282508,-2089.068193736077,-1662.0030332110935,-450.6842095035994,-1420.1391571998415,-1554.356304244165,-0.0,-0.0,-353.55528279762405,-648.2904373081197,-2050.076197492965,-731.5696799111514,-124.19350329486662,-0.0,-0.0,-553.7208535674336,-0.0,-0.0,-0.0,-136.25244685965464,-1082.9641633391175,1434.6682600901072,-1125.8538354199716,507.09779942613244,-720.3288193416084,-850.0297883658625,-7.292153783224316,-3868.318693780991,-966.2864141248297,-0.0,-66.75381312391772,-2050.150306528291,-1663.6779509740736,-0.0,3.810475342873402,-0.0,-566.8952798845728,-0.0,-1864.8292608932045,-1606.9962041286549,-0.0,-265.70714675842447,-0.0,-0.0,-0.0,-684.584227121849,-939.7191786755814,-353.66393675802766,-868.7035544622636,-1561.5439019039547,-783.6265386373688,-421.49761320689043,-466.4929477579798,-0.0,-1415.8069460866982,-212.42095875214605,-655.0682901095296,-956.5423186909657,-1365.6097360027898,-1299.5889694350667,-365.3364895813075,-1587.6758600245112,-0.0,-0.0,-0.0,-2097.588208587394,-0.0,-509.30214728838166,-729.8513182696212,-0.0,-684.9920999736968,-553.9252689213407,-742.1960538739042,-614.8993360690703,-173.01121977296,-1662.7200794633527,-4230.872041335354,-211.58116004217112,11.291770374284278,-0.0,-103.70182835530382,-6486.286694824193,-1586.9262764491205,-575.7598419093107,-2070.3487560742806,-232.16793868364653,-0.0,-7.322347558368122,-589.0174961923949,-82.26294074991716,-845.3794473116034,-904.0365459672206,-147.0620973600192,19.81830293563021,-780.0416821239386,-2059.8517583086027,-1804.9545592540685,-1652.0012810615237,-0.0,-1341.545882416242,-0.0,-102.09537038220907,-973.0615637100275,472.56050295947307,-0.0,-0.0,-290.8551213375697,-733.0851796117398,-708.6721568536411,-1137.2111308722895,281.459770669133,-1362.967789853771,-65.599498856206,-298.16931927670515,-1370.3666027677623,-1593.3669262237186,-336.3833274725754,-0.0,-0.0,-0.0,-0.0,-0.0,-1595.6521296242552,-0.0,-614.2182369084521,-792.3184535667583,-2319.8640655792333,-0.0,-0.0,-71.18793285947454,1003.2277856667457,-521.3469323368543,-1148.719029664863,-0.0,-1247.9301869041271,-3990.503761985728,-649.4716584994491,-4950.261240108565,-989.2644610654406,-0.0,-689.4906403180489,-2345.1463669675795,-132.8924410875536,-0.0,1030.123503171854,1182.004557569365,1130.1286860231405,-0.0,-0.0,-0.0,-0.0,-77.03203912545779,-2137.0540911395924,-3.960136004219705,-0.0,-1661.9418655864783,-1031.3524359284168,-323.4805873053718,-3.9609713081310627,-0.0,-109.16835805258268,-611.6467354339626,-0.0,-0.0,-33.589486730575004,175.67361625927612,-1808.8030186887108,-0.0,-876.6489271683521,-66.65005875010586,-77.85906935976675,-0.0,243.214281056432,-85.28992897020086,-432.67309734945246,-1768.3038621327896,-0.0,-74.71201817949085,-1144.0355455286654,-980.0408236483487,-0.0,347.3553242284632,-0.0,-876.3097755047214,-948.9471835827635,-6.717392144540997,-0.0,-0.0,23.216586808802656,-230.63401789880845,-158.54020589708534,-70.99498952423902,57.470943165669006,57.492092544941194,-653.9782380314809,-665.9659993423244,-994.9747735003218,-0.0,-1715.9438272799935,-793.5227358145471,-0.0,-0.0,-933.9125865544336,-1909.330653774908,-500.86730573131723,-0.0,-2473.581976692724,-103.56880405251253,-64.4660746500775,-1073.7788125144912,-0.0,-313.8898734293533,-1148.8559644887796,-3.3642737829326177,-0.0,-4289.7339618261485,-155.79700299639688,-1266.7763902469824,-933.143116112893,-985.8044364029985,-1872.4049230934295,-83.76379431328532,-726.4047868483384,-1790.6353544576396,-1087.5481773760982,-961.2413007279906,-219.66731559422664,-1618.3296996281986,-0.0,-2676.508070651341,-0.0,-4772.97351710688,-237.34566935826123,-238.53294114438367,-1214.4014775091464,-0.0,-0.0,-0.0,774.5783321359941,23.449936986052897,-843.8109659096884,-1257.5667107060951,-336.77103398228536,-903.4976840636559,-0.0,-0.0,-1234.2435869841631,-285.54362833948903,-391.45604741275065,-176.36436443831357,-0.0,-1348.8225943202185,-340.0266355161218,-1510.7189345816862,-0.0,-31.822875497991216,-0.0,-1607.651746859612,-725.1113076818503,-1622.133690684049,-0.0,-0.0,-1417.686863266289,-465.6409292663075,-615.0725246888732,-1290.140353829308,-289.86502890098063,-1078.6759297083793,-0.0,4.774903943507698,-919.4812389080985,-3401.648118756087,278.5054427324989,-1200.5392901243845,-5698.014133260755,-560.6546268461863,-592.1840622264052,-186.69389843755394,-104.82874289461441,-822.5027192866099,309.5991886469744,-89.38236627296949,333.27319644532935,-1043.3565964206932,-447.8888040847118,-0.0,-1155.4944586768283,-1554.405167267824,-506.2913949313767,-381.1653367446079,-0.0,-0.0,-30.656444259194664,-957.6644107222222,68.78722567271922,-1829.5927042729716,-0.0,-0.0,-376.65837404582146,-559.829845383148,-960.1568853785745,30.21464441735006,-2430.2751338491503,-1261.416314219343,-1191.6027113924247,-134.83884398984827,-0.0,-362.08069247214405,-0.0,-550.4858288492841,-11.793481355685815,-1368.2080206526175,-425.54492415740145,-1340.62800272522,-322.8709523691854,-256.91523408469646,-0.0,-1086.8469076526112,-595.3215071760525,-1081.2584313148986,-0.0,-2839.2751685145436,-1092.984395242074,-1291.8860374535698,-845.9304301897133,-867.12934794151,-53.922971153686106,-1974.1180502625164,-685.9598981522215,-1116.1178520966328,-1603.3582455433032,-173.16738906713942,285.02709973778144,-875.773223920769,-0.0,-0.0,-15.108558953781856,-48.59118214716905,-13.605087947252445,-240.96332015976216,-0.0,-0.0,-0.0,-0.0,-0.0,-0.0,-0.0,-0.0,-0.0,-0.0,-1211.826150861111,-2060.977235257287,-1668.6203563539682,-0.0,-0.0,1134.3392789481036,-363.1701983922453,-0.0,-381.92200566475685,-339.02237799153164,-817.3449475403644,-736.71939424554,-941.918816907637,-3.4189219840779264,-621.79702590806,-372.2421964554035,189.8934206972813,-0.0,856.8259180671075,-0.0,217.21736363194518,-0.0,-292.25278952610745,-0.0,-401.2476833905251,-934.4699536868521,-1593.4944203440728,173.72967348178477,-0.0,-0.0,-0.0,-0.0,-0.0,-406.37080139211236,7.70114101876806,18.955524115493628,-0.0,-0.0,-474.4747063549918,-0.0,-50.10653483556796,-600.0813430003257,-3527.122447915603,-0.0,-1132.1013226840282,-0.0,-547.1383069261102,-0.0,-0.0,34.268073255934326,-0.0,-234.1014366660077,-0.0,-0.0,-0.0,-833.6206301080525,-1418.9467339286377,-0.0,127.47430132147517,-1897.2920075732877,-0.0,-80.73508535415769,-296.3538858725007,-0.0,-0.0,-1543.1915570918752,-0.0,-691.9142878418434,-1153.6430777533355,-139.7009467670273,-2365.426248386146,-1521.3017017300538,239.98485090391054,-619.2832844338624,-0.0,-1052.7800617897071,-0.0,-0.0,-0.0,-3309.870196751755,-766.7954586596012,-1229.760658417377,-0.0,-345.4236813333967,-15.794482309734065,-977.5458348500106,-1866.033814483705,111.93814493879538,-2226.957192256829,-0.0,-1490.6613035050773,-2134.8594507024045,-0.0,-0.0,-0.0,-0.0,-1880.2712512275943,-340.058664627321,-1127.7792197196209,-0.0,522.2315982377568,1176.6846037165528,-0.0,-0.0,-748.5175585753534,-747.9942768281633,-293.6125538080683,53.62023157035538,66.83736799083538,-0.0,-1246.1855316877495,-0.0,-237.26120371473147,-1011.7861011202293,1431.9481077683731,-0.0,-0.0,-0.0,728.8566056816596,66.09230690685155,-761.0908141388932,-0.0,-1150.0471730378888,-0.0,-841.8151062465275,-590.3333848663284,-0.0,-0.0,-0.0,-0.0,-0.0,-63.1877505645288,-0.0,-0.0,-0.0,-997.8626448231674,-251.86622492175175,-0.0,-0.0,-0.0,-99.44786947936578,-72.40692649075498,-499.6824520981307,-568.0003932257001,-2486.4663991332395,-713.8329348001715,-397.680049717345,-0.0,-2176.6648737444657,-39.645609422873555,-0.0,-909.4913240515839,-2138.6096316865473,-594.7186568956822,-451.0424526948684,-965.5876746974766,-195.9351020789928,-575.6738513128807,-629.4446851901286,-723.4210804605004,-173.37206714469403,-1587.5635591324785,-684.231358665732,-324.0665808138952,-0.0,-0.0,-714.7661079391168,-3346.739676828352,-0.0,-865.5804986881201,-366.51894684874895,-0.0,-313.73176250498335,-545.3551565668722,-668.4474061090922,-3.711423322276843,-0.0,-0.0,-0.0,-0.0,405.0923172920755,-0.0,-530.2578448329327,-0.0,-0.0,-568.7872818356395,-1030.7780126323073,-2289.4472583754664,-464.97444472046016,-518.6931106146483,-96.8512003381077,-1848.7412432765022,-0.0,-646.4915218356319,-333.1145512748266,-418.9872760116647,-889.2461074660213,-873.321773810464,-1268.9948863194097,20.607220528019873,-321.3786414524124,-0.0,-938.876056881741,-997.7926533356977,-55.0837967763934,6.480914091247892,-2100.411751986639,-1065.9551243415608,-630.8979270885757,-0.0,-571.0070304692482,-530.8200989289613,-531.3128968438324,-1956.8176854056533,-7.1530021370865615,-0.0,11.230092096317536,-0.0,-0.0,-205.49734860887676,-2932.273173994981,-185.50492514697495,-1320.7694743128468,-2861.45698886308,-0.0,-4175.088141910784,-252.3074281573822,-2072.877443803015,258.64218288836923,-0.0,1337.7204875423572,-681.9848701925179,-0.0,-1932.3069203592772,-0.0,-17.534183199962975,-0.0,-0.0,-0.0,-0.0,34.07763456890975,-0.0,-0.0,-0.0,-459.3398389355223,-1271.2598052988783,-629.0935232577839,-0.0,-3103.833287819775,-0.0,-0.0,-0.0,-199.84191329667178,-265.2930649248605,-0.0,-1577.2792990620087,-0.0,-0.0,-3109.478878462439,-0.0,-0.0,5.360439693966337,-475.450540266711,-18.94246559694252,-0.0,-0.0,-158.30227369789418,-0.0,-0.0,-1192.454412353925,-1051.9810592806987,-1239.5925208870092,-0.0,-237.66086173487096,135.48052494531484,-357.8626770958948,-12752.945930022383,-0.0,-529.5318607634473,-1110.3129989991735,-1302.4338451888373,-0.0,-0.0,17.920769080893507,-305.22611990724556,-858.7792655094053,-0.0,-0.0,-0.0,-468.7036930631389,-2325.744354928258,-1295.7614184421143,-0.0,-0.0,-0.0,-319.2377420852544,18.876003473832224,197.75932140447168,-937.6823261668327,-0.0,-0.0,-808.2262311023892,-0.0,-0.0,-0.0,-2471.935306123902,-975.742849119122,-0.0,-950.7835016536674,-455.0648329537424,-304.4472577312693,-599.6784097708531,-868.8718853741362,73.39500836630806,-937.1815628583341,-909.6029579652942,-57.90511610943692,-1090.0304435603844,-0.0,-0.0,-0.0,-0.0,-548.4509023504127,-0.0,-0.0,-459.76343252951847,-1611.9902631405969,-584.9034709957764,-0.0,1264.0710032426955,1155.9106998523243,1047.2328093904744,-0.0,-0.0,-0.0,-707.7821073642508,-183.6093751277136,-670.9731948336313,-83.21783854168673,-523.4247169407427,-1425.5902385778984,-1146.173815750284,-1871.3250235386663,-0.0,-0.0,-0.0,-0.0,-879.3191171489063,-634.1754588808977,-1473.1970509688238,-391.52131819526517,-1157.2733492602215,-1728.1977200580502,-1555.9192750473496,-0.0,352.0778632491895,-361.9489216127838,-374.4361814051394,-115.71253044414122,-3742.34750482823,-6.613167456759809,-0.0,-666.6636892019267,-1172.7288490447115,-0.0,-40.7849992772156,137.7966134803936,-145.17628045326836,-371.63693900913063,-1781.9106408608277,-349.14985609828096,-1358.2124704066257,-0.0,-1596.5681798297735,-1375.8255481924075,-1079.0845938655361,-0.0,-1512.848763644482,-546.2111367591921,-638.7308346081724,-791.1845858495457,129.3413214433893,-1459.8110108556941,-1169.382813725078,-0.0,-109.47093829497817,-0.0,-0.0,-0.0,-924.5704380786144,-598.0646053936299,-0.0,-0.0,-0.0,-3091.595242880412,-1715.3731673387226,-0.0,-0.0,-0.0,-1287.417631906336,-734.751969120442,-0.0,-618.3888363207856,-1231.39298110875,-536.9393946879948,3.333027852890001,-843.7555048984425,7.310485581198509,-1329.0391517230582,-1582.3151174133745,-0.0,-0.0,-35.846913996805185,-0.0,-0.0,-1200.943046196328,-95.56626731516694,-339.817982000342,-0.0,-0.0,-0.0,-856.9099710564128,-264.30883355692,74.02131985757416,-420.7192294536517,-200.0552363043768,-1823.6512870712138,-240.6500699275323,-496.6248823571931,-1022.6165671271978,-0.0,-329.9388443951337,-0.0,-1551.2338256903006,-1352.3498335043055,-1527.1189114849553,-265.3405345367365,-244.11647166003215,-50.537213066215415,-734.9327867852064,187.54981329680186,-0.0,-306.97122783357554,-0.0,-0.0,-374.2205683973712,-84.8139626077163,-2126.0776093390427,-2205.4500550530706,-534.1907901891992,-0.0,-0.0,-921.5221522545121,279.1984043199771,-0.0,-0.0,-0.0,-850.5624936008878,-67.99685565864685,-266.63268076666554,-3792.544776582211,-1255.6264125556058,-623.563733656583,-359.341378882881,-182.72342348898235,-754.1774061506495,-492.3108666513767,-430.02103798062785,-0.0,-790.6877782868872,-601.8191100375057,-1382.9670363207547,-0.0,23.1065317342464,-7.272911961600275,-0.0,-0.0,-1296.2742886543892,-0.0,-3292.7637773000106,-1149.5724101639814,2483.7096016561823,2390.4931970654097,-0.0,-0.0,-641.2710361553397,-827.4485357839326,-1134.8608670698502,-275.03260350324933,-3072.872019086666,-471.418638374091,-0.0,-0.0,-0.0,-1267.5565213436785,-694.7852416720367,-159.7510835996973,-2259.2559700549923,-1002.2494602504108,-17.6637655097433,-386.2343632830053,-972.8245986758222,-312.6029405129987,-448.0022857313169,-0.0,-3.8546253083702333,100.08683756103866,-926.2918880048787,-134.88762725687695,-0.0,56.0663740439952,106.43961267104487,-184.61865868908865,-1149.7993284799559,-1823.239717395631,-67.34867533995657,-897.1304015830749,-1073.844255283924,-0.0,-0.0,-649.2223738165212,-0.0,-0.0,-0.0,-0.0,-492.1871508826418,-33.99686262982813,-1062.8602800550173,-1044.2809550512802,-1983.6560955095806,-911.1358252045097,-0.0,-516.986288967204,-0.0,-1220.3799469775483,-1239.39958931627,-1184.6945461713362,-870.4878321971306,-0.0,-1303.1359296123371,-0.0,-0.0,-0.0,-3257.95315002911,-956.8091875134381,-217.30061829621127,-807.6395968871709,-622.79290498437,-879.6677717380691,-0.0,-0.0,-0.0,-0.0,-4899.484343754009,-651.0886938730345,-1550.6427949620959,-3318.9074218445953,-1814.6873890682227,-379.0677449250435,-0.0,-1642.2534557141907,-746.3503165280381,-0.0,-254.96633114100553,-329.47176323835157,-0.0,-814.6724811562192,-214.17658749574915,1295.4823837810113,-393.765008183557,-0.0,-0.0,-859.1477870951588,-698.7179532336942,-1919.2712429168525,-354.05247761221887,-0.0,-0.0,-584.4125505879653,-0.0,-0.0,-0.0,-0.0,-1151.0032410115514,-476.41500049173726,-1079.410313202574,-429.542463852137,-24.521788006533544,-654.3189129043717,-0.0,-0.0,-0.0,-0.0,-2057.8046707227436,-0.0,-0.0,-0.0,-0.0,-0.0,-0.0,-669.878373577596,-0.0,-2272.1377795245467,-449.2743695184355,-194.88287862326095,-1005.122755512897,-0.0,-0.0,-1388.464896051427,-1285.8936306351009,3.5965433542271796,-352.6809947252449,-29.71748066776505,-1366.451517021465,-728.8025323686005,-0.0,-3520.610155535721,-1152.9371744999266,-0.0,-0.0,-30.321379758512617,-258.32576211733567,-1062.8684822328037,-0.0,-0.0,-49.5023085716641,-1381.0829704367497,-448.88251787644276,-298.50112050743996,-37.67832778341795,-1595.8261127679207,-0.0,-0.0,-0.0,-0.0,-0.0,-553.1895138456181,-392.6211321577864,-527.0579368036241,-3763.2877684708474,-1391.541196963482,-1052.164501702258,-16.7497799264479,-726.000729324673,-1144.386357942192,-17.778247056784362,-0.0,-0.0,-0.0,-563.6624479195376,-417.7036979032996,-1530.994895860171,-571.4542010262389,-0.0,-1342.430309867259,-0.0,-636.4991424740541,-0.0,-0.0,-1792.350422866059,-565.180571933729,-525.4098537999588,-1353.556252673554,-442.9831303490356,-11.70427254317387,-616.4453709979992,-1145.337142293769,-0.0,-427.124565957816,-1059.170398167318,-3807.8025532293145,-0.0,-55.09968969383705,-2043.36230679933,-1320.6604363685562,-1126.846326945491,-471.96196858964936,-976.7510009363916,-0.0,-217.71795764210484,-0.0,-228.46313493517843,601.8047855568605,-0.0,-0.0,875.5708739300179,-0.0,-2030.2177591895609,-577.7608863764484,-964.7390669469453,-961.1305635946452,-1240.3851633402603,-351.7393053428484,-57.696052438039985,-0.0,-0.0,-759.6658189512236,-664.7928395096312,-650.9404821977969,-0.0,25.728717729708038,26.037647791000712,-140.57286833778556,-2676.0653383368085,-1643.548524984981,-0.0,11.494412508037794,-1174.2192728161422,-3679.0631780344956,-2329.1789150416284,-429.0165741436812,-781.1256554134192,-1042.9672686704428,-0.0,-195.0885316097801,-0.0,-467.6080118738781,-244.67439001262218,-1421.8412378613818,-1994.3484180625464,-253.35124222534012,-458.7760213811882,-4147.114383371216,-1063.3253604098215,-374.96713974685724,-424.28621467252344,-1293.0598613692282,-410.217597507428,-7.091712566009298,-1244.2855052143727,-1421.718188055724,-0.0,-0.0,-462.58568774595335,-1098.6253168107285,-311.90006220900824,11.686464508062727,-0.0,-0.0,-0.0,-0.0,-0.0,-35.66399890568622,-653.9325393124442,562.5573257502302,-362.11918784946255,-626.0816617408994,-447.1323768324665,-965.2746376641376,-1390.629053532249,-904.4895583025556,-1571.298232602421,-425.5373019755008,-566.3209902951357,-1307.8285373550061,-551.1476174567397,-0.0,810.1362085930956,-421.6324565619081,-36.08162020907447,-0.0,-814.2042747818621,-480.5674421425644,-1404.5476427705369,-1623.7553423165257,-2216.1764089157714,-0.0,114.13792690295492,-0.0,-0.0,-925.2467059400366,-1322.2584179556054,-0.0,-834.9737041657162,-7.699552771826021,-0.0,-0.0,-0.0,-2273.773253844193,-639.8576862007404,-213.77549424158923,-156.81275865623738,-0.0,-0.0,-1078.4657706016078,-1351.4425816354699,-860.4333907434989,499.2514648736643,-8.065948660077673,-0.0,7.725972560511233,-0.0,-1396.0816421096122,-523.060996491349,-1049.8747925921846,-1651.5368277838081,-1483.0293431453758,56.08174579089993,-0.0,-0.0,-1576.1549567878878,-353.26358476887395,-0.0,-0.0,-121.7378740755093,-0.0,-48.05293957465482,-0.0,-1028.3700331061007,-720.2397312198298,-0.0,7.732035391706578,621.9875170207596,-0.0,-62.44337546733124,-2015.8626282656812,-0.0,-0.0,-575.0261026164718,10.19308246085845,-0.0,11.472743379687634,-369.9605456524466,-1438.8048413872866,-0.0,-737.7100027477098,-0.0,-981.4334404717664,1592.80166548107,-118.75300018285225,-1511.5332026324857,-1373.3438814429353,932.4682058566882,-47.08771137116441,-2140.6786888966662,-706.9812453220226,-822.7554183382593,-0.0,-637.773626424973,-76.07633207518222,781.7045490990432,-354.53799571978493,-1331.9687416520142,-0.0,-0.0,-0.0,-662.8869550897888,-590.8008905690691,-557.6657766439255,-901.0819482464545,-991.5963750938383,3.9055787190941267,-849.712681734111,-859.1424406332359,-1108.8972118636939,-0.0,-0.0,-443.6134502613105,732.8313939212246,-5543.432377610281,-0.0,-1364.0553116085352,-1576.3341819876748,-776.8372375703619,-729.1343261868036,-229.49326487320283,-2393.2869661922246,-259.9569124792098,-0.0,-886.6277441245688,-875.9267612391583,-554.3389796186976,-0.0,-1224.1024580081403,-1962.9953888839493,-26.014051459915095,-912.9041641759569,-2185.2973259579426,344.023755662675,-0.0,-403.2194546658246,-116.29497256104581,-1273.879683518548,-887.3424537578904,92.07074444825807,-107.8052269777982,-638.8895522852761,-410.2718032862429,-497.8485608230204,-654.9297299511031,-498.8307103588936,-0.0,-1196.494397186468,-0.0,-1091.5805210686005,-632.6240248335795,-178.1407479819775,-0.0,-1630.2282118655123,-4343.3984662042485,-0.0,-414.285995923302,-0.0,-2191.761084905273,-280.4272499518912,-0.0,-297.45297014221256,-443.39805826572007,-0.0,-1906.5608422206712,-1290.7609340507415,-0.0,-3506.0100437862843,-114.04832832374986,-1133.839016070811,-1237.9086092975897,-1552.5799428099283,-111.42465168336395,-0.0,-806.5839378604605,-1907.180138366091,-479.12945140989086,-808.3269918564666,-921.563722060015,-1551.0134166516648,-1992.1320022489867,-790.3877323914066,-1657.756605610716,26.395488493381,-0.0,-262.9156966846521,-1343.2139161206983,-998.7722478354798,-0.0,-0.0,-0.0,-386.6705741456797,-354.18738448788383,-12.001856592603604,-508.7656447418574,-0.0,-1129.1111151161247,-678.8340539638256,-475.15064114176744,1.5347422587733717,-0.0,-302.43673810583107,-1393.2873562399197,-900.5153421337519,-292.10677780868997,-743.5219482804283,7.452955116889815,-0.0,-0.0,-2776.1633835749712,-832.1100711512906,-0.0,-0.0,-0.0,-70.12326301822375,-942.5531679700019,3.3069398332576454,-1542.8306182103522,-1343.7940254982802,646.2957193501668,-0.0,-521.2793324324166,-0.0,724.6853506064257,-203.1357629992626,-0.0,-1466.4999835595224,-280.00829818438575,-1469.6302525686508,-0.0,-1381.853566497436,-494.57117230943345,-201.5591102012995,7.502578415413277,-32.68749931618233,-0.0,-0.0,-622.280999722455,-1107.4997557777756,-0.0,-513.3092501804514,-0.0,-301.3297107399899,-553.5604002649272,-0.0,221.8938710187551,615.9346190712859,679.4102488961461,729.698574735952,643.4665685453783,809.1216442515282,-0.0,-0.0,-0.0,-0.0,-0.0,16.60369747450397,-0.0,-0.0,-622.0041410790609,15.031716847375924,-336.19556848578816,-157.12919688121065,-0.0,-805.021555678204,-1318.885223627563,-1734.3459542078328,-229.17904303212285,-191.7295125098233,-0.0,-0.0,-498.18653554970655,-0.0,-0.0,-0.0,-0.0,-2379.3624420720307,-0.0,-35.29520069558905,899.116776299542,-0.0,-924.0947585711706,-499.3909357145218,1018.5654941410688,-842.6771518859464,-0.0,-2736.477223860921,-1787.4228807641766,-213.13662874512792,-725.036153297076,-1160.5815777719463,-505.35482576324154,868.2780476388698,-76.10906996515568,-478.1160934859306,-0.0,-0.0,-494.77176071345747,-0.0,-854.2598246054279,-0.0,-424.1305930275003,-102.94427356787412,-0.0,-0.0,-1098.3679831597813,-0.0,-0.0,-494.6937201688542,-1126.1144281197232,-1532.238731625466,-0.0,-0.0,-0.0,-1719.2748946207655,-0.0,-1076.7347397473739,23.537173749241486,-0.0,-0.0,-1007.9276586761341,-817.1378642066893,-1145.9824450385008,-324.61824227562636,-0.0,-1084.470449631279,-253.02360900353312,-0.0,-0.0,3.8816211742386124,-37.997869048061425,-3508.156984458264,-0.0,-38.55554773595216,-39.39767436813661,358.5738903290621,-77.03179023498463,-669.407750923619,-708.3354017851613,-388.89551018845333,-0.0,-0.0,-1402.8073874631523,-0.0,-0.0,-0.0,-0.0,-0.0,-0.0,-0.0,-133.6255165507581,-0.0,-0.0,-1676.9778372312444,-7413.047596703847,-107.1119607608084,102.75401971441647,-425.2118209796503,-501.49616411972676,-393.9624024595674,-3339.263325074372,-214.97823697438454,-366.0532301548298,-0.0,-0.0,-0.0,-1757.5046251120925,-0.0,-75.95096815245444,-0.0,-0.0,-0.0,-445.53466302721205,-11.82285997939629,-264.650195810748,-1187.7472732439014,-559.3687477852304,-77.01408548350399,-1626.213291596656,-0.0,-74.52396597934154,-1752.5197297052925,-0.0,-1177.1117095728484,-0.0,-1205.2655610257323,-0.0,-0.0,-825.9130547440976,-565.8337899476024,-29.824841912540954,-601.9701354694773,-97.65713754232462,-658.2382414785587,-138.87798090507874,-596.9878903432729,-598.3172558413717,-1909.7704223663927,-838.138476558424,-0.0,-1490.534642622257,-369.15073388293376,-682.7919029430923,-0.0,-0.0,-876.5219635096657,-1929.4555848611515,-125.20572546294409,-0.0,-0.0,-67.05622394226152,-2870.188946026577,-747.1705769402091,-205.49877130694927,-302.6039080509551,-39.950814865983055,-3828.2900807298674,-0.0,-0.0,-1738.681170372098,-741.5151324782325,-0.0,-0.0,-0.0,-70.17950790638268,-0.0,-1616.3055336984708,-1497.7058053828162,-0.0,-352.0102181036408,152.31771872366178,-0.0,-0.0,-0.0,-875.1750651689365,3.9706717188263654,-2145.4815473485305,-550.3863722339685,-1029.4460893705332,-608.8439544729399,-2919.284267061455,-1276.9268583064681,295.2185151396035,-0.0,-1796.8762830244107,-0.0,-0.0,-0.0,-933.9148074736119,-565.4507566606393,-1084.6167682026987,-0.0,-0.0,-792.665726011627,-1133.2582985609756,-595.873881616366,-440.06312376896875,-0.0,-0.0,-1153.5448307895592,-0.0,-0.0,-0.0,-0.0,-0.0,-0.0,-443.10283363516805,-158.13539051644835,-1273.7288756357866,-0.0,-650.5805606253588,-3637.3215033382967,-40.89986042230593,-0.0,-0.0,-0.0,-0.0,-0.0,-0.0,-0.0,-0.0,-0.0,-0.0,-1130.1120161020242,-1673.529105911029,-0.0,266.56499066581034,-0.0,-534.0898091942116,-80.47615613035286,-0.0,-620.7769304008916,-301.1104297988431,-22.493359115749026,-2758.887955783492,-424.4467733859289,-2605.4280450031342,-174.03111532041885,-1633.6265864831719,-1480.1690645143383,-566.4117505329509,4.00334896952263,-0.0,-1088.5276197096198,-1846.3031459519636,-2121.407665335079,14.061815995405185,-440.2148913921763,-1509.112357997582,-0.0,-1792.4487489440637,-333.399814605192,-0.0,-2636.394128776411,-0.0,-842.0048705675264,-0.0,-2592.757481861517,-0.0,-0.0,-74.18547501366247,-848.1505286065099,-602.4216791796088,-0.0,-1063.300226875375,67.77087424042286,274.7656783115909,286.8496147649112,-232.0807195683098,-1606.7497952733947,-645.1851397425537,-0.0,-0.0,-5036.341563451764,-1143.5372682970196,-0.0,400.2277110249486,-0.0,-1453.9057328623564,-505.50504173469267,-624.1972191874662,-0.0,-0.0,52.18525954085664,-0.0,-902.7614089708469,-905.0344355602227,-1664.1812548479236,-0.0,-515.9915309538326,-2612.15260181156,-712.7999374471035,-0.0,-1137.5822968812479,-71.86043673937174,-1138.4612828193299,3.7840331992195275,-827.5871143944241,-0.0,-0.0,-0.0,-631.3644200752047,-0.0,280.9861273347175,-0.0,-328.7502364625732,-688.0878062414079,-470.3985328297732,-980.3365316782401,-541.3971924386699,-1516.1352784728658,-792.2295664683041,-0.0,579.9589363638967,-2042.1444788921551,-1564.5134204844849,-625.0884992096237,-0.0,-0.0,-0.0,-132.42657936450735,-993.3975966679184,-285.80868415849,-649.3606433598723,-1757.4189016786347,-2458.1576502065027,139.83639439213417,643.7410270518689,665.2097724378068,-0.0,-0.0,113.88510938490622,-85.04905636586071,10791.718849898227,1899.8528073960638,3474.2678766816266,5253.857997904263,-0.0,-0.0,-0.0,-0.0,-0.0,-1233.534999270664,-1373.3766713391792,-728.9641616260936,-0.0,-2555.3217523086264,-506.39705969104153,-818.4490985451264,-0.0,-607.2021129354291,-1155.2454387556745,-868.9291852135074,-1089.3248758251932,-0.0,-2803.4776447378613,-1757.585704679806,-682.5569940334848,-124.5570113873563,-2599.5172948989552,-0.0,-245.41874582916392,-0.0,-81.7464837298138,-0.0,-117.35317621350198,-178.81770868464798,-890.6095022347324,-748.0313015120877,-0.0,-0.0,-0.0,-1871.9509368875397,-0.0,-0.0,-242.77329448022567,-817.2388596404621,-850.8136326684445,-60.30951464714325,-934.8628936037366,-1640.217493326645,-298.84627028072606,-0.0,-0.0,-139.72385237190042,-1409.1613227647565,-397.81228435699614,-0.0,-5346.188188579023,251.18302903428685,-0.0,-0.0,-0.0,-190.0099673371631,-387.0534421874463,-0.0,-0.0,-1070.533930218783,-1795.482621974078,-1004.0639066766308,-371.3312529821524,-348.26051852279846,-471.9228816078511,389.68856849966875,-1026.269110987089,-0.0,-438.4341491861425,-2047.9467825502948,-428.7276442531162,7.013980203856623,-0.0,-406.20250751726263,-0.0,-0.0,-0.0,-1122.5289244221635,-399.70699486969943,-1255.691467452469,-0.0,-0.0,-0.0,-169.77583465673928,-461.8062764070511,-1463.465882351669,-2506.8871162428377,-187.23711266071678,-109.81772504100263,-0.0,90.23241064438382,-0.0,-999.1076034046292,-152.19081811703225,-0.0,-0.0,879.2760370216439,-0.0,-1511.1405052797008,-0.0,-0.0,-0.0,-174.13038833921613,-1778.4426246980645,-1407.983375971882,-27.72370187078556,-1982.083354983587,-1380.750099604821,-24.955827006731532,-27.983390381561552,-60.01945978459223,-0.0,-0.0,-1783.3382294550108,-0.0,-5295.350137541637,-0.0,-1325.4696767916678,-249.21047921375546,157.68204546421458,-0.0,-10.211943254153741,-1447.9531523859878,-1397.3982722581027,-492.27150673642404,-32.70668965149828,-90.8104196672352,-0.0,-0.0,-0.0,-0.0,-950.918912717558,-979.2362377600308,-0.0,-520.0279643888236,-1088.8862129483734,-210.90757989183294,-27.420928140731526,-0.0,-0.0,-0.0,963.7169345912705,-69.03509423868586,-0.0,-440.730120814592,-723.3995054507272,-1337.9045218112894,-0.0,-0.0,-2210.4605157926026,-0.0,-0.0,-0.0,-0.0,-611.9445764671394,984.096281660505,929.6690593369196,1026.6637675389477,-0.0,-0.0,-0.0,-573.441303708644,-0.0,-0.0,-330.7900777581746,-202.78289793412097,-0.0,-194.26808907598829,-1044.8693703210665,-1157.700733998861,-0.0,-0.0,-0.0,-18.427215890111995,-1254.8458559551643,-16.69465963369636,293.85506359896283,-0.0,-1428.5021931283216,-786.9558800585634,-507.03463054348543,19.726958097228184,17.213284309795235,-269.08825885366986,-14.192917947334957,-331.0062763692809,-345.67519684462746,-945.6753578750813,-316.491878515782,666.8446379675224,-1240.650257603049,-134.46331629213586,-137.39321403718765,-3185.904064248717,-2303.5522385360114,599.4168328118966,-1026.014470522315,-120.45577492673883,-3.909758429049176,-624.4385489616826,-986.5787336927533,1657.3640053712456,-580.4305095449462,-593.9456786667623,-649.1738268453201,-0.0,-5211.224406005066,-0.0,-484.213612152597,-855.584273988981,-637.8292911792028,-739.2149821059783,-970.9450678026811,-0.0,-953.9137509097427,-181.7843023256521,-74.53374031513849,-6801.085650412322,344.85567932668414,-151.8429958280968,-0.0,-509.54607183382603,-982.6434809267256,-0.0,-0.0,-475.86674583438906,-1401.958025626851,-36.600222616298694,-205.45354459993737,-253.27812847698348,-1054.5101060159343,-0.0,-0.0,57.47229105050098,-0.0,-0.0,-1522.1483359003848,-0.0,-1742.845316999379,-887.6752724981168,-1175.8827856305668,-0.0,-0.0,-428.6580224811422,-841.3734258932409,-129.96701198705426,-0.0,-365.73208596799304,-141.16500623183902,-395.349741366237,-0.0,-169.08496715729493,-403.0567473773351,-2073.3243367002506,-750.6162479183622,-1229.8744784693092,-0.0,-0.0,-1061.359315929972,-25.26017430508604,-0.0,-0.0,-1175.4860850371936,-0.0,-0.0,-0.0,-0.0,-0.0,-0.0,-0.0,-0.0,-0.0,-0.0,-84.70460614153333,-0.0,-0.0,-0.0,-0.0,-0.0,-0.0,-0.0,-0.0,-0.0,-0.0,-0.0,-269.0252922329999,-0.0,-0.0,-0.0,-0.0,-0.0,-0.0,-0.0,-0.0,-0.0,-0.0,-0.0,-0.0,-0.0,-0.0,-0.0,-0.0,-0.0,-0.0,-0.0,-0.0,-0.0,-0.0,-0.0,-0.0,-0.0,-0.0,-0.0,-0.0,-222.41923214784242,-0.0,-0.0,-0.0,-0.0,-0.0,-0.0,-0.0,-0.0,-0.0,-0.0,-0.0,-0.0,-0.0,-0.0,-0.0,-0.0,-0.0,-0.0,-0.0,-0.0,-0.0,-0.0,-0.0,-0.0,-0.0,-0.0,-0.0,-0.0,-0.0,-0.0,-0.0,-0.0,-0.0,-0.0,-0.0,-0.0,-0.0,-0.0,-0.0,-0.0,-0.0,-0.0,-0.0,-1181.7340237187889,-535.5179191042558,-1438.0241029196486,-0.0,-0.0,-0.0,-0.0,-0.0,-0.0,-0.0,-0.0,-0.0,-0.0,-0.0,-0.0,-0.0,-0.0,-0.0,-0.0,-0.0,-0.0,-0.0,-0.0,-0.0,-0.0,468.28113770927075,-0.0,-0.0,-0.0,-0.0,-0.0,-0.0,-0.0,-0.0,-0.0,-0.0,587.7251676094025,-0.0,-0.0,-0.0,-0.0,-0.0,-0.0,-218.14710419792604,-0.0,-0.0,-0.0,-0.0,-0.0,-0.0,-0.0,-0.0,-0.0,-0.0,-0.0,-0.0,-0.0,-0.0,-0.0,-0.0,-0.0,-0.0,-0.0,-0.0,-0.0,-0.0,-0.0,-0.0,-0.0,-0.0,-0.0,-938.0347574086273,-0.0,-0.0,-0.0,-0.0,-0.0,-0.0,-0.0,-0.0,-148.86731027607502,-0.0,-0.0,-0.0,-0.0,-0.0,-0.0,-0.0,-0.0,-0.0,-0.0,-0.0,-0.0,-0.0,-0.0,-0.0,-0.0,-0.0,-0.0,-0.0,-0.0,-0.0,-0.0,-0.0,-0.0,-0.0,-0.0,-0.0,-0.0,-0.0,-0.0,-0.0,-0.0,-0.0,-0.0,-0.0,-0.0,-0.0,-0.0,-0.0,-652.5469844380465,-0.0,-0.0,-0.0,-0.0,-0.0,-0.0,-0.0,-0.0,-0.0,-0.0,-0.0,-0.0,-0.0,-0.0,-413.1463318996858,-0.0,-0.0,-217.45313051515225,-0.0,-0.0,-0.0,-0.0,-0.0,-0.0,169.0644613335002,-0.0,674.0186874091065,-0.0,-0.0,-0.0,-0.0,-0.0,-0.0,-0.0,-0.0,-0.0,-0.0,-0.0,-0.0,-0.0,-0.0,-0.0,-0.0,-0.0,-0.0,-0.0,-0.0,-0.0,-0.0,-0.0,-0.0,-0.0,-0.0,-0.0,-0.0,-0.0,-0.0,-0.0,-0.0,-124.79225578199397,-0.0,-0.0,-0.0,-0.0,-0.0,-0.0,-0.0,-0.0,-0.0,-0.0,-0.0,-0.0,-0.0,-0.0,-0.0,-0.0,-0.0,-0.0,-0.0,-0.0,-0.0,-0.0,-0.0,-0.0,-0.0,-817.2329412109568,-0.0,-0.0,-0.0,-0.0,-0.0,-0.0,-0.0,-0.0,-0.0,-0.0,-0.0,-0.0,-0.0,-0.0,-0.0,-0.0,-0.0,-0.0,-0.0,-0.0,-0.0,-0.0,-0.0,-0.0,-0.0,-0.0,-0.0,-0.0,-0.0,-0.0,-0.0,-0.0,-0.0,-0.0,-0.0,1093.583263697693,-0.0,-280.87112322057294,-0.0,-0.0,-0.0,-0.0,-0.0,-0.0,-0.0,-0.0,-0.0,-0.0,-0.0,-0.0,-0.0,-0.0,-0.0,-0.0,-0.0,-0.0,-0.0,-0.0,-0.0,-0.0,-0.0,-0.0,-0.0,-0.0,-0.0,-0.0,-0.0,-0.0,-19.04556340941966,-0.0,2203.014953633033,-0.0,-0.0,-0.0,-0.0,-0.0,-0.0,-0.0,-0.0,-0.0,-0.0,-0.0,-0.0,-0.0,-0.0,-0.0,-0.0,-0.0,-0.0,-0.0,-0.0,-0.0,-0.0,-0.0,-0.0,-0.0,-0.0,-0.0,-0.0,-0.0,-0.0,-0.0,-0.0,-0.0,-0.0,-0.0,-0.0,-0.0,-0.0,-2040.1204712301956,-1416.9041527788281,-0.0,-0.0,-0.0,-0.0,-0.0,-0.0,-0.0,-0.0,-0.0,-0.0,-0.0,-0.0,-0.0,-0.0,-0.0,-0.0,-0.0,-0.0,-0.0,-0.0,-0.0,-0.0,-0.0,-0.0,-0.0,-0.0,-0.0,-0.0,-0.0,-0.0,-0.0,-0.0,39.28157868331702,-0.0,-0.0,-0.0,-0.0,-0.0,-0.0,-0.0,-0.0,-0.0,-0.0,-0.0,-0.0,-0.0,-0.0,-0.0,-0.0,-0.0,-0.0,575.4178904590441,-0.0,-0.0,-0.0,-0.0,-0.0,-0.0,-0.0,-0.0,-681.5060907470298,-0.0,-0.0,-0.0,-0.0,-0.0,-0.0,-0.0,-701.0746201863534,-0.0,-0.0,-0.0,-0.0,-0.0,-0.0,-0.0,2292.358455602286,-0.0,-0.0,-0.0,-0.0,-0.0,-0.0,-0.0,-0.0,-0.0,-0.0,-0.0,-693.7059263914437,-0.0,-0.0,-0.0,-0.0,-0.0,-0.0,-0.0,-0.0,-0.0,-0.0,-0.0,-0.0,-0.0,-0.0,-0.0,-0.0,-0.0,-0.0,-0.0,-0.0,-0.0,-0.0,-0.0,-0.0,-0.0,-0.0,-0.0,-0.0,-0.0,-0.0,-0.0,71.06827303395559,-0.0,-0.0,-0.0,-0.0,-0.0,-0.0,-0.0,-0.0,590.7431908320932,-0.0,-0.0,-0.0,-0.0,-0.0,-0.0,-0.0,-332.0151359498233,-0.0,-0.0,-0.0,-0.0,-0.0,-0.0,-0.0,-0.0,-0.0,-79.01365001357532,-0.0,-0.0,-0.0,-0.0,-0.0,-0.0,-0.0,-0.0,-0.0,-0.0,-0.0,-0.0,-0.0,-0.0,-0.0,-0.0,-0.0,-0.0,-0.0,-0.0,-0.0,-0.0,-0.0,-0.0,-0.0,-0.0,-0.0,-1742.3696538800857,-0.0,-0.0,-0.0,-0.0,-0.0,-59.735142679925964,-0.0,-0.0,-0.0,-0.0,-0.0,-0.0,-0.0,-0.0,-0.0,-0.0,-0.0,-0.0,-0.0,-0.0,-0.0,-0.0,-0.0,-0.0,-0.0,-0.0,-0.0,-0.0,-0.0,-0.0,-0.0,-0.0,-0.0,-0.0,-0.0,-0.0,-0.0,-0.0,-0.0,-0.0,-0.0,-0.0,-0.0,-0.0,-0.0,-0.0,-0.0,-0.0,-0.0,-0.0,-0.0,-0.0,-0.0,-0.0,-0.0,-0.0,-0.0,-0.0,-0.0,-0.0,-0.0,-0.0,-0.0,-0.0,-0.0,-0.0,-0.0,-0.0,-0.0,-0.0,-0.0,-0.0,-0.0,-0.0,-0.0,-0.0,-0.0,-0.0,-0.0,-0.0,-0.0,-1211.9667227857242,-0.0,-0.0,-0.0,-0.0,-0.0,-0.0,-0.0,-0.0,-0.0,-1519.4531012421235,-0.0,-0.0,-0.0,-0.0,-0.0,-0.0,-0.0,-0.0,-0.0,-124.27610213991487,-0.0,-0.0,-0.0,-0.0,-0.0,-0.0,-0.0,-0.0,-0.0,-0.0,-0.0,-0.0,-0.0,-0.0,-0.0,-0.0,-78.02017944319081,-0.0,-0.0,-0.0,-0.0,-0.0,-0.0,-0.0,-0.0,331.75701862058946,-0.0,-0.0,-0.0,-0.0,-126.70067780692925,-0.0,-0.0,-0.0,-0.0,-0.0,-0.0,-0.0,-0.0,-0.0,-0.0,-0.0,-0.0,-0.0,-0.0,-0.0,-0.0,-0.0,-0.0,-0.0,-0.0,-0.0,-0.0,-0.0,-0.0,-0.0,-0.0,-0.0,-0.0,-0.0,-0.0,-0.0,-0.0,-0.0,-0.0,-0.0,-0.0,-0.0,-0.0,-0.0,-0.0,-0.0,-0.0,-0.0,-0.0,-0.0,-0.0,-0.0,-0.0,-0.0,-0.0,-0.0,-0.0,-0.0,-0.0,-0.0,-0.0,-0.0,-0.0,-0.0,-0.0,-0.0,-0.0,-0.0,-0.0,-0.0,-0.0,-0.0,-0.0,-0.0,-0.0,-0.0,-0.0,-0.0,-0.0,-0.0,-0.0,-0.0,-0.0,-0.0,-0.0,-0.0,-0.0,-0.0,-0.0,-0.0,-0.0,-0.0,-0.0,-0.0,-0.0,-0.0,-0.0,-0.0,-0.0,-0.0,-0.0,-0.0,-0.0,-0.0,-0.0,-0.0,-0.0,-0.0,-0.0,-0.0,-0.0,-0.0,-0.0,-0.0,-0.0,-0.0,-0.0,-0.0,-0.0,-0.0,-0.0,-0.0,-0.0,-0.0,-0.0,-0.0,-0.0,-0.0,-0.0,-0.0,-0.0,-0.0,-0.0,-0.0,-0.0,-0.0,-0.0,-0.0,-0.0,-0.0,-0.0,-0.0,-0.0,-0.0,-0.0,-3673.815098720712,-80.86947254750916,29652.2991659666,-3408.7312929038703,-3393.1339470658527,72146.56762384677,-0.0,-6637.163154603993,744.0032327078812,1710.0568389932675,-21790.073719871994,-0.0,-4584.233646964541,-0.0,-0.0,20168.35094455367,-11364.805237752795,2630.6451361684567,5884.230439782047,-3534.4885973507194,-21408.143530506964,-7892.1803649837475,47.53147368250983,-84.15572409336119,-5455.4610082114195,-0.0,-10651.459108878882,-15907.858780050765,12498.467770032388,-116.47194697113204,346.17508911016625,41218.841268663826,-2079.714566330407,-89273.19309987649,-2833.6534720297823,-20869.504554810912,-14018.097473113428,-4544.395254676582,-5622.112628146966,-14085.124413239644,11716.143458107204,-1984.920506326727,-3160.1886478582383,-3012.3347773370383,-10213.597039377277,5874.875845857285,29301.835183580617,-689.8564862260554,-162.74754643999046,18352.219095507626,3052.470499449258,-162.98453968835545,4649.560189487981,5141.841179419363,-5009.906827617723,-6571.553066704423,-2896.5049222714833,356.12507269364795,-0.0,-0.0,-1121.0287664951627,-6943.091176395182,-3420.989529471858,-2953.8965171463515,-415.3517859392674,-4382.513324936158,10086.5850198507,5596.989057457179,-7147.147041001054,15389.566824524896,-17102.08178413878,-27982.416766418413,63221.43845863827,-20237.122430292227,-7092.296207058486,-1684.1590607560338,-2808.0175898576395,-5553.802114215575,-3459.6132597332653,-28623.550320947656,-0.0,-12422.134524759666,-0.0,3140.9671973472446,-0.0,-0.0,-11824.499629661083,-1240.2955322478836,-0.0,-0.0,3167.039433451344,-0.0,114.90963035041293,-0.0,-5406.101150069534,-3956.6240022224283,-6807.11404368539,-7510.216304270658,8125.785520478805,-0.0,-25522.45891910701,40790.24803348904,-0.0,-0.0,-17429.984100455677,-7799.18115949726,115.07905814831064,492.45232077082403,-0.0,51812.26241214539,-0.0,-0.0,-0.0,-0.0,47652.425521315046,-1309.3210185821408,-0.0,-11227.445384128569,-0.0,-4710.889645834185,-813.1192775639213,-2344.325589099448,-13622.373938132283,7998.755369526747,-885.504685504558,-8093.192334355216,-0.0,-0.0,-5797.81910764553,-6218.236686951757,-10937.275517144277,52910.79774964945,-0.0,-188.4493179279248,11999.435312923317,3702.1947520579943,-2445.6257426847787,602.9842079334413,1516.944450648308,-3319.9905725006215,130.1468091026331,-16362.252059089848,727.7740045225945,11990.60014409702,-585.1032839923445,9025.37105162363,41024.71105780674,4874.215170958237,935.3077309507214,8408.667612329942,-1783.2173365672943,-6811.541909891715,-7812.350105586576,-13786.101923120232,-0.0,2517.6203854055857,12578.621609701397,11340.371273752791,-7164.14777135882,5249.485629063378,3215.4740133537016,-7951.093687620592,19557.143854644713,-12790.72207874693,-0.0,4743.097336519287,-10406.345255973167,-13633.90436443143,-6570.76275635153,22790.336046758843,1879.2365032603598,-0.0,-4644.514515635352,-0.0,-2150.6172090129785,49.96737969754397,-3093.583909502067,-726.962558932646,71.87802659619406,-170.36186971058132,-19393.335021849696,-12322.057500669116,20383.10640423705,-6864.909776608376,3034.4352839371745,7422.86540296206,-6669.538685753465,-4317.867790452056,-12086.022094727312,-0.0,-1762.15120318014,-1809.9504931996778,-0.0,1016.3968554553605,-2767.1208619106105,-0.0,-0.0,-14128.733243222841,-2829.1796985839815,3442.586179513416,-3366.044931642908,-0.0,-0.0,-0.0,50276.07836096096,20820.977869828814,-0.0,-1236.0585304845624,10757.74576453513,-0.0,-3652.8366525773604,-2512.5425718804263,-0.0,-4530.817329610607,-6760.635105982511,102967.23197594236,-10895.212347699246,-7885.988242260591,-27291.40951779577,-0.0,2237.255119068631,2015.579814556464,-8908.099671438953,23299.38400335929,-7183.775703672164,-40073.88005092111,-13513.800693784067,-9039.573752823184,-0.0,1140.3573109964218,-4331.084744672605,18702.645976196512,-1929.7635873461472,74.76225203804458,-10527.767423911753,-8233.126639068914,26988.428994631755,-0.0,-1395.0883864403277,107.53331559593899,-0.0,-0.0,-0.0,-0.0,-0.0,-0.0,-0.0,-0.0,-0.0,-0.0,-0.0,-0.0,-0.0,-0.0,-1136.7282496277173,-0.0,-0.0,3738.2526204082305,-10369.361073089889,-769.9588462963359,-8242.754670851236,20216.401176588217,7862.166904910163,-3364.4360805717233,2051.678072603728,35010.448518218654,-0.0,-0.0,-3395.0829573253504,2320.882385153565,-5819.928941249582,-7261.198836589595,-0.0,-176.9156499006009,8261.716944774678,-3765.630227901694,-820.0125164180545,2700.1885841019507,-24557.62436536523,20440.901617416715,-4275.3130821474415,-1881.6165454847023,12327.307559976023,-0.0,-0.0,-0.0,-0.0,-0.0,-0.0,665.5717573037136,45466.541546373475,-8403.515751913754,-6580.022912207402,-10930.585977109218,-0.0,-9025.105888699723,-11064.754558051858,-0.0,-0.0,-0.0,504.0590031780196,484.5226468856612,711.0339521381262,2612.3723018484443,-0.0,2287.590657187803,843.5924767855781,770.5287916638958,679.7296461751425,709.6925614650497,2879.9749168158714,1521.200350672591,2870.2180524767796,2275.415015997953,2516.494133595622,2774.053013243411,32970.33701861834,36119.08753427078,34155.25800259156,30945.60453711628,5895.564090595839,5843.633333559182,6740.85743282091,8352.175132716036,4109.818400607914,1772.0534071745517,1866.5282624501294,1877.3866125147445,1762.332285796006,1860.2994495197618,4323.405826015936,2701.7615364405706,1146.0787398776263,1101.8943583608602,580.1124546932017,338.638574326241,410.6000795680636,29817.86625572735,32338.563515510163,34324.546434406024,31557.364901662208,48742.354886491165,51313.40640551945,1154.2767941561099,1145.1131531862952,1151.9387202723362,976.4530677563479,1090.0565245914943,1137.1118770698743,556.1742611011541,42703.00898493384,45611.85112231342,46550.404342732254,2369.789418409462,-0.0,6119.7807269455125,34862.26652693586,31459.06129945136,31824.826902525376,52522.73945583162,57645.49825606741,59193.95593967489,49744.09171434871,2338.2001168034844,2064.1813520506153,4321.049183260803,-0.0,17259.8706164635,20099.639530812277,-0.0,421.89790104065617,878.6644770603407,1380.3575661416673,1264.6676723828662,1469.294812360841,1302.1367371253625,1503.9289501560563,1220.5269923044712,35747.66189659185,34653.08497294759,34031.840263746955,32081.054565927487,934.990640765408,1068.9915249622725,-0.0,-0.0,15227.08511000966,34487.75104115066,33174.53278190768,30973.357586753675,29891.607899667386,-0.0,43211.54089252091,46435.708432929,947.075806813215,1866.6295790209065,2050.3871191965304,2186.931217642897,1967.174264930679,1936.2703370469244,47178.22101624771,44499.89294532736,-0.0,-0.0,14832.634181373329,776.1953332893298,935.5623770250062,35185.68412931104,33282.52221628418,29978.59844489206,31763.08643737471,30270.137765884,32176.594708693767,-0.0,14060.921039251894,8939.960551723514,-0.0,-0.0,1116.537117533727,1226.5772469083465,389.9421874250698,348.96199388468085,285.69526001607755,287.22981720445256,-0.0,1022.1425059293574,974.5161173068312,936.9499903487275,1068.1366996858744,-0.0,1300.0863228404069,1355.723520213984,1716.1274490471335,1834.7746639793713,1834.0524884960864,1796.5204777448048,668.2839153057286,814.6066469667024,745.3418899225909,1118.4373217923417,788.670009798444,708.1473931180234,756.1478843062273,763.2514843419617,7205.977165356473,8180.884950675554,36.893998012409654,64.21666533311011,3005.703535324312,14146.178383730832,902.4678155756432,866.5366644399572,-0.0,-0.0,5650.054684144703,5726.239450450119,5616.981161176215,5557.738459380481,1183.5995326106872,1279.8451293737344,33779.63212902152,34394.100836929945,7482.801032826496,6543.900630833955,-0.0,46802.205103372806,1908.36691339869,1793.8646802825538,977.2280703399936,48628.058328048064,51945.714837690444,50263.75133844174,46353.16423584413,380.3610399810809,52291.73352782722,49212.82951518187,-0.0,-0.0,17043.292911245975,-0.0,615.6817071063819,627.6117661863176,557.7603999678101,1488.6404777208309,8327.079260189568,19612.19710835418,1267.2917581678316,1368.6621832569438,45.72509750174551,598.5918217264507,599.0555645966937,13302.182718213002,1344.9502152198672,-0.0,-0.0,-0.0,966.4503514910201,-0.0,1029.9679415212222,-0.0,3802.0443430395712,889.0136269116393,1001.882278580335,948.563742985794,601.2402660980927,581.7991562496404,548.5029649862797,1335.5629850695748,1481.1862389253913,1607.2059119769663,966.8185583938637,108.61230073399503,4421.191613015927,46688.98233224242,50662.15810970141,9136.388980001939,18399.44184958623,13855.336908085761,14478.660697770782,1780.2616529326913,1624.173717261581,1280.1723831112565,1279.5094901829289,698.4744447603204,844.7100358610207,2089.1496221568314,31522.72404552532,33885.09907580144,1199.7743316021351,1227.3929061975136,1187.7520884299252,2038.1383870094996,2175.095970463236,2488.106019273528,34668.80144111981,31034.67994116456,30828.358014007637,33759.84142955319,-0.0,-0.0,-0.0,2082.7138314733957,2311.611666105101,2009.2952453116195,6203.815934296487,5414.634172765724,5856.349988486282,1596.6555175283138,1682.813773992996
5,-0.0,-0.0,-526.4639475421853,-1674.400979186012,-393.4554224540569,-465.0258108800754,-45.664397581908155,-865.4158321807165,-590.4583666058641,-0.0,-1248.440364331289,-0.0,-0.0,-1843.051561807576,-0.0,-498.0656320364666,-371.68719160570083,-0.0,-0.0,-158.30187121543216,-225.62275805453385,-601.3135614772428,-954.6852796781561,-612.7893189745945,-1802.1300659982435,-1112.9247922714126,-0.0,-0.0,-2511.3245644980834,-1515.5802491938084,-0.0,-0.0,-0.0,-0.0,-0.0,-0.0,-93.90151676920166,-271.57687492289364,-1456.2766069526303,-1177.3196638974862,-0.0,-0.0,-115.20523414036681,-613.3396305171292,-154.3013558512075,-0.0,632.5207621238815,-1432.6988963979366,-351.1709911475575,-0.0,-0.0,-321.41817752064975,-3.9456225543564605,23.418008045789353,-1692.095808176908,-2918.2984035518675,159.80764135519846,-4996.960430828171,-208.29396174894728,-0.0,-1414.4229021433475,-0.0,-567.6423095453463,-2164.6350338615625,-463.4597805594633,-548.8709379806143,-35.37700389144933,-1989.3696617926719,-660.3868247800423,-464.28486019449946,-2668.018565470735,-0.0,-0.0,-1998.8462957288702,-889.0830371908968,-344.352838973221,-1660.2686118523413,-0.0,-0.0,-1302.0739727538667,-1402.1526639586739,-411.8778318541979,-3406.514642350134,-55.84773875494708,-65.71165950152744,-1506.2008630931455,-0.0,-534.7951722568056,-895.9669805273878,-15.372266426230704,-0.0,-1288.3276022487253,-73.81532344586799,-565.5177381041996,-1979.47391241066,-46.30883607262624,-1989.0624358827606,-304.4742716598062,-1262.7488744840234,-2316.1207884596224,-645.5149413433057,618.5303130582324,-488.9994824819722,-0.0,-1456.6907739066305,-2081.1603019858912,-3763.980196716045,-495.9532183668373,-2479.754093077431,-0.0,-1324.6917912770868,-0.0,-0.0,-446.38676559217265,-0.0,-0.0,-467.0856818440573,-70.05970188060496,-1458.8999559396375,-737.8030967933267,-896.1929638305708,217.6426999951002,-394.91925576285894,-316.60645398753235,-361.1333137302725,-13.454012857481548,-393.06688440009185,-460.7129877333422,-689.1829439077524,-0.0,-4521.033536871285,95.71084183749524,-85.31617376690734,-3965.4543029271,-0.0,-897.2406791604564,77.75543349725679,-0.0,-572.4960885336336,-0.0,-0.0,-458.3595984173919,-0.0,-301.77109095163513,-849.5268998994048,-0.0,-943.6606941974137,-243.58803106731253,-628.7365473763308,-1944.1548002694017,-0.0,-1517.892172995279,-909.1593712387071,-0.0,-0.0,-0.0,51.33280865384115,661.6641983018908,-0.0,-1382.732567634827,-1644.6619670146413,3.959132920415074,-0.0,-0.0,-429.2732244712195,-313.90760638509505,-335.17043783136813,-0.0,-342.1915404201641,-2791.7848579191964,-1024.0006296312404,-0.0,-1105.8720556798255,-2046.6773662035828,-0.0,-0.0,-0.0,-0.0,-0.0,-0.0,-492.7777972616505,-605.1521069727718,-240.618929083424,-155.23008470344118,-944.4660223205192,-14.402858882330175,-0.0,-0.0,-589.4529366631435,-0.0,-570.181319139428,-178.2656361915252,12.043497365058608,172.57119139164413,-0.0,-0.0,-930.8804830336117,-359.7956896949369,-456.20585885063406,-0.0,-2446.3203300214354,-1929.5353152571645,-816.4478091342414,-0.0,-0.0,-1950.5761700317003,-1161.9913598622766,-628.8716090162964,-23.180897319875367,-1413.3202979541704,-1140.9041526067333,-0.0,-0.0,-1656.1203456813064,-0.0,-822.1155884417886,-962.9109001686255,20.73922099746228,-457.8326878405945,-507.9121336877645,-302.1417120230962,-0.0,-1570.1261980341121,-0.0,-2644.256212771748,-2242.883080307432,-176.81183842162747,-442.7072872142398,-422.10815562418156,-0.0,-265.9073964387555,-190.40508152966513,-0.0,-920.815625224133,-519.095437008855,-886.9065357840353,-1581.24553377279,-870.0112269968618,-1891.3381995871819,-1561.8297014510965,-2108.8475241269284,-2087.526080861695,-981.374569008175,-1933.0123056022137,-501.99258476146815,-384.33621890168723,-0.0,-1192.812272882753,-784.1090946656516,-960.3354066427995,-414.0224315397505,-363.7022890178419,-1981.372179414241,-596.711195813353,-402.8421145327979,666.1080481212518,-0.0,1006.8137833198151,-1304.6433176673731,-0.0,-0.0,-0.0,-0.0,-0.0,-0.0,-1191.1970372456874,-2608.8797580147125,-449.7168003474013,-863.0997935330205,-0.0,-0.0,-1724.324182388266,-1201.2986080310077,-1790.6625983367985,-0.0,-0.0,-60.8952001550003,69.38943515370697,-420.01931742195484,-1799.6300274004725,-429.8290136256694,-0.0,-385.70526395528987,-654.4811355155205,-11.52389665682704,-1118.6112508457545,-1017.9151359899558,-1365.3805442000407,-1004.80461794291,-133.85651686493938,-571.3481000119731,-0.0,-1482.5932849726757,-0.0,-859.7597088525055,-112.25513678270053,-36.43891025749421,-488.3071601288837,-0.0,-2126.7906401276437,-111.87418910685746,-569.2192334222558,-1407.3146777467161,-1232.8267738395518,5.703589021379444,-472.68778173462835,-720.6074471870282,-22.10535288239659,-265.9632112888432,-408.2108343123179,-56.88083878762592,525.5155616620021,-1140.2252509742393,-0.0,-845.6455792274248,-1113.3389159079695,-0.0,-509.1574581962603,-0.0,-1399.4721652525743,-0.0,-0.0,-0.0,-1055.5183895465202,-757.4114306266766,-365.890912024926,-0.0,-1274.2491794157108,-2805.334140447331,-3260.649623834567,-0.0,-325.0424094847844,-0.0,-254.916294898513,-324.58264179068664,249.41761726143918,-505.45000495679176,-0.0,-511.6654678541258,-855.5889269386042,-248.86134418339716,-463.9738579591425,-0.0,-411.88550564598535,-1058.5572424539448,-490.154130847153,56.2786555599605,-2195.2178166209346,-0.0,-0.0,-978.0609479107937,-432.6781918119326,-1087.1193692700522,-63.78932487778288,-118.05110871436956,-207.63607794275848,-563.2865382524316,-853.1975633265499,-1287.123477151084,-2112.0782392581614,-0.0,-0.0,-325.719258793812,4399.681410510905,-0.0,-0.0,-0.0,-0.0,-0.0,-2257.5670688558207,-452.1379882071976,-0.0,-966.5264234328472,-967.6822462180436,-547.9183590837981,-1986.4575405936384,-162.12284178521654,-1092.5761026202015,-0.0,-0.0,-1877.110024354254,-571.1103537612515,-1657.6231245863387,-617.189794883379,-536.8239181094434,-1511.0910448075256,-230.4454620015973,-1653.895106192833,-959.7158061559935,-102.88571578400975,-768.5233188746226,-1119.6367088562702,-192.32130825889215,-202.04365388445638,-1672.1615490472436,-0.0,-444.59545208317866,-244.3075451496987,-133.60527831961332,-693.3095168656394,-199.51354748993992,-826.636031884412,-683.449395915692,-1140.1251114507818,-273.9562816295764,-2332.0042611739823,-20.8422827808945,-554.4226261782921,-0.0,-796.605500432504,-591.6955390767783,-874.0781630385744,-988.6671145952561,11.757949817908608,-332.53198828786975,-729.3021390300382,-729.1094576890265,-325.0114747093234,-942.6088094190093,161.7077615799972,-0.0,-0.0,-0.0,-0.0,-0.0,-0.0,4.079760235519719,-275.0660504148936,-2168.8072135846605,-3926.4341147798295,-440.67523404940613,-951.0315379574376,-128.5874162608957,-484.4136249587856,-1244.7351074983587,-1022.2216530299573,-72.66362542765016,-406.88933677898814,-438.9362689353009,-0.0,-118.77612983260121,-943.6863934136442,-585.2315522519805,-0.0,-1203.6687373268142,-0.0,584.3714590687952,-0.0,-0.0,-0.0,-24.33002856011252,-0.0,-0.0,-887.7754583426814,-385.2865238689836,-1016.6037193242597,-0.0,-0.0,-0.0,-806.8729370808237,-509.6237421174166,-1240.0029238329214,-0.0,295.0852542642838,-0.0,-0.0,-2672.8548287977283,-1242.659397847083,-11.464380396905248,-0.0,42.66729387771139,-16676.42918608241,-16039.095501968754,-2300.3018757987934,-0.0,-0.0,-0.0,-0.0,-276.50162886254384,-0.0,-0.0,-626.4809188976828,-2226.9992003623793,-1936.1007116862943,-1348.405665541126,-368.71863420384597,-1631.7645227133496,-40.853296320979176,-1439.8947999537063,879.5513958096866,-0.0,-754.5438262592263,133.6607628885203,-0.0,-0.0,-0.0,-0.0,-100.85570830483063,-0.0,-0.0,-0.0,-703.2742278660428,-1428.137141027272,-0.0,-0.0,-556.2032687585098,-1870.7785601288872,-0.0,-1273.4493246302873,-1557.9403918894027,-1627.050094987183,-0.0,-0.0,-215.66924207150748,-68.2843928263504,-978.949891652747,-1350.9402046171947,-453.68491925879266,-1270.1224719704492,-1102.6883059260033,-0.0,-0.0,-0.0,-0.0,-347.24663469206706,-82.18367514766354,-0.0,-0.0,-169.8340206568292,226.86001885853443,-0.0,-1059.2787403033974,-997.8302066773289,-990.4629017136216,-0.0,-0.0,-743.5287744832877,-1170.5042516513993,-678.2091892663096,-372.7984349901834,-0.0,-2083.970975076793,-2106.582522797664,-0.0,-0.0,-0.0,-0.0,-0.0,-1272.294373539127,-0.0,-1890.5071251909985,-1027.115100851389,-71.29891505265014,-0.0,-0.0,-0.0,-2369.5916481534937,-1382.6875868544093,-509.20873724858905,-477.171835218382,-961.8651525043251,-722.726886410423,-0.0,-0.0,-475.2510905115535,-1171.6262313772359,3.916450169965507,-515.6928651854123,-0.0,-934.2346877531575,-731.936407067903,-1437.4972085741397,-0.0,-227.58268421968629,-219.01673326732325,-282.83745642264466,-1311.3765276740824,-92.03117319209234,-0.0,-0.0,-0.0,-0.0,124.40048406345586,-141.33169735783812,-707.779019139141,-1320.9890705667085,-1134.2043758114282,-497.1751146579988,-515.9995062860161,-8078.44184330374,-870.918629328609,-505.700102063314,-0.0,-0.0,-0.0,-305.5973819464037,-340.6736197976738,-1028.0801919024423,-300.8302631574015,-0.0,28.627054008498934,-0.0,-0.0,-0.0,-0.0,-0.0,-0.0,-0.0,-83.80967746828107,1515.6492531007464,-0.0,-1240.177424098434,-527.5299856271224,-382.08560085643865,-1669.8280971663257,-0.0,-0.0,-540.5106741287452,-652.1300022799988,-107.02621737292183,-121.7822241788591,-0.0,-570.519664509324,-160.60655073564038,-1749.8050654946555,-343.6654765475052,-449.2636427353767,-0.0,-0.0,-1188.4843155908616,-2099.5798887810347,3.4097398000339867,-497.45710023848517,-374.3577469664727,-937.5359870354793,-1201.5879375722777,-699.8495500286625,-274.050598234412,-154.36772637138898,-1308.4670052568729,6037.906174721655,-0.0,-518.9709916161629,-556.9041217322924,-1051.5693359674597,-1037.4269590010297,-999.9610256038486,-1660.357145327758,-1591.7436641163727,-532.53560104717,-0.0,-0.0,-1567.8172784349874,-0.0,-0.0,-361.5749067425552,-1627.708666287083,-1344.6216497428898,-236.077490083454,-109.28498841115533,-1716.5990841858566,-0.0,-1243.344747063059,-0.0,-0.0,-0.0,-0.0,-0.0,-0.0,-394.04262876778915,-1345.5903997680145,-914.0022557267866,-70.97351100562742,-217.2849953839725,-465.74972456623465,-168.78468808766706,-0.0,-0.0,-442.1509138925657,-553.7984639012597,-3315.907327620464,-0.0,-1123.7441627692767,270.5248491209431,96.9623185778369,-0.0,87.85663430104833,-143.88070416198303,-88.31629780514042,-457.1095470644215,-0.0,-1449.8427910823755,-0.0,-0.0,-1277.893650206519,-0.0,2025.103877436122,1977.859626406364,1960.6301007414847,-0.0,-0.0,-1669.1440065361417,-0.0,-0.0,-271.16914223634024,-796.2424638412973,-734.9148319072651,-966.1606092543977,-941.0582826841475,-0.0,-0.0,-0.0,-14.117401208011376,-671.1665720235609,44.71578784908382,-65.57685686026558,-1028.777631467696,-853.6743891128463,-352.7252766867088,-1277.4159731697082,-0.0,-1662.4017800243507,-1055.6538668507408,-1469.2454986244315,-456.1339023598222,-470.45443332065383,-0.0,-1258.4414194423937,-761.4980701192096,-813.4609952068424,-1851.675474357119,-470.6598779329833,1075.7831186896076,-3.838252734336966,-350.417027470577,-1110.0932763514143,-0.0,-1441.2140818990142,-2974.197428739538,-432.3362873669483,-479.7634155186996,-0.0,-0.0,-0.0,363.4819627165075,-353.46175044498733,-444.92645753227623,-159.29284821616503,-477.504448427369,-386.40022058987824,-0.0,-384.4583597623912,-920.0622075491669,-684.0847289591571,-0.0,-1797.6106035730197,-3679.8197070086585,-0.0,-0.0,572.8596370544819,600.576757870678,-0.0,-0.0,-654.6713036438397,-739.506836597586,-359.90709291985246,-605.2234171438531,-0.0,-0.0,-0.0,-0.0,-0.0,-2641.946896177835,-366.42978007717613,-1556.2167286214105,-948.567810418691,-0.0,-274.01527888356003,-749.5837239147451,-0.0,-304.209861425465,-729.45733758792,-980.1719664959634,-4216.817294334402,-37.75513534402168,-0.0,-0.0,205.601946857362,777.7621494999407,-0.0,-0.0,-367.1629313948597,-0.0,-29.611517751544262,-0.0,-2337.079387444662,-0.0,-385.24644129762953,-0.0,-0.0,1779.6005843503456,2024.4058927314238,1655.6076039191612,-0.0,-0.0,-403.7945632814115,589.3905318797416,-2137.5707519849666,8.150148485758994,93.93410298175144,-2346.905396456843,-49.839462324080166,-135.66944075473847,-591.225746478349,849.8287762856985,2969.6362009444165,-2577.2716996615522,-0.0,-0.0,-852.6599008047812,-1426.0441232660812,-1264.5278791786122,-234.82331857459226,-65.09590522480731,-0.0,-0.0,-0.0,-0.0,-1923.6830444404834,232.77411615575394,-0.0,-10.872170335342465,-0.0,-1518.999903105538,-1658.605971090559,122.91830714080746,-0.0,-0.0,-270.76107212212946,-0.0,-1560.341310138132,-70.27980955108683,-979.2496725114066,-347.3333985248844,-1123.9161188821033,-607.5253655857407,-910.0299722458384,-583.7137090806212,-0.0,-0.0,-0.0,84.3531853550643,-0.0,-0.0,-260.0087094118463,-402.2049935059925,-623.5068011379849,-0.0,-1265.5485930516916,-975.6209686821454,-751.9204333094041,69.18722312938674,-361.525062912101,126.04868441207684,-293.50159762900614,-0.0,-0.0,-7.690377605800143,-1663.0326216142073,-569.3219150075641,-888.5636783960989,-132.04621089862442,-1816.2832495169891,-1661.0414992999995,-972.7790377541879,-1004.5088843070854,-97.8140682409793,-537.2812286867963,-632.5633825406957,-985.0785679619165,-2334.6524794695406,-0.0,-1581.2465396176099,-136.74507240576173,-0.0,-2021.2314894276362,-2654.197697690961,-2016.8595373014766,-237.2024654361238,-0.0,-1351.4493093016747,-179.64243685510573,-1106.8960593448767,-631.0927186539595,296.1454507420088,-1650.3355807759854,220.03683303736983,1937.5500262876355,-0.0,-198.77013929526373,-429.4905460455324,-795.2381682531134,-1116.9942857033589,-1554.9002637325732,-3940.1612771923187,-0.0,-368.29848688882726,-1204.5621514918805,-629.0577549462005,-223.08454848724105,-25.327671267970626,-295.98132102952815,-0.0,-0.0,-0.0,-0.0,-227.40164415347698,-1116.6820429195723,-805.6932563485891,-48.068869402453934,-15.503644405366925,81.85694696458687,-0.0,-0.0,-1007.1343470560188,-469.03061242420677,-0.0,-2041.1906783349048,-26.305571327821276,-1177.5517857758882,-0.0,-205.16933369267014,-169.02397970547318,-0.0,-0.0,-458.3464034145232,-0.0,-0.0,-4720.838484749944,-180.8271751273401,-1954.090914868941,-8.12277511194965,-0.0,-121.82195510086808,-1150.5011172921766,-592.8882250419186,-279.55475602471466,-1297.3426226526035,-0.0,-337.16914676429286,34.201810979263925,-519.1452581279075,-0.0,-0.0,-36.39756448113074,-61.08572701281246,10.94978376773876,-362.61533214634176,-1267.7760167029915,-1465.875516484698,-0.0,-0.0,-0.0,-7.0893855634414,-281.1565819495972,-0.0,-1288.9180892710324,-2361.04137297812,-0.0,-0.0,-21.372772647035287,-1395.6119111669002,110.26402929565255,-0.0,-0.0,-0.0,-0.0,-500.21801142594796,-2064.6374656855887,-553.2351563441721,-1116.2417886714368,-0.0,-0.0,-605.3344225561111,-451.147558812257,-350.71222409736805,34.703125387582006,-0.0,-0.0,-0.0,-740.7442966873223,-649.2851767557077,-453.8005058353888,-322.79447779189934,-0.0,-0.0,-0.0,-0.0,-1961.1999264395336,-73.21593585810054,-68.86653717556256,-0.0,-0.0,-616.5689679574435,-395.20887591464407,-0.0,-1751.1420900216528,-4640.944332040956,146.53037406703206,-969.8212127832242,-0.0,-0.0,70.89068018135345,-583.6760855094292,-1565.8808836980936,-451.22280199140846,-2261.705014630295,-1027.7197580706118,-742.3742895862446,-1345.8754911268531,-0.0,-0.0,-0.0,-35.10628481614968,-1013.8665216304989,-0.0,-0.0,-3050.9099300666694,-74.43337236841204,-1286.2521855208108,-682.4716663551378,-0.0,-0.0,-0.0,-0.0,-0.0,-0.0,-654.472914718343,-0.0,-1470.8227538464082,-0.0,203.54593757984267,-1019.3348909064156,-0.0,-0.0,-0.0,-2353.3760380029958,-0.0,-0.0,-364.36015711371806,-0.0,-0.0,-888.5748046758074,-572.6791175775702,-0.0,-0.0,-184.67213827370423,-1815.0512596908006,-0.0,-1176.0297888048474,-425.9859748332829,1092.314107623246,-209.7689949515691,-0.0,-452.1884404626973,-168.34177110588195,-0.0,-17.612447578300582,-0.0,-287.70622102109246,-0.0,-0.0,-0.0,-0.0,427.15720785089684,406.236848626613,-782.2519009963689,-1631.2926766783442,-0.0,73.4477219831038,64.0728617598845,-71.30093553645628,-763.2410349488442,32.23306579975772,-445.3699118410859,-345.0895969161752,-218.9997765118603,-3143.6276110756944,-0.0,-217.75583137176093,-1405.008633020985,-2103.5936955461175,-0.0,-939.3804772105811,-1305.9925272763398,-1876.0010214644333,-683.9643538575702,-0.0,-811.2762596767341,-670.0004675061311,-724.8718916112116,-1349.015191110054,-899.3757737367688,-0.0,-117.21193239648015,-1139.053880425975,-0.0,658.6367776501452,-477.3417722921792,965.5151407858092,-0.0,-0.0,-15.293846449777234,-547.6131813037986,-2209.8256985346334,-923.7156486381976,-0.0,-762.9478905724113,-2758.8280760372304,-883.8745781638625,-795.5108387962794,-1047.8798071543276,-438.8678782477343,-32.38022408463283,-0.0,-0.0,-0.0,-994.6494591914109,-3.9143615645107763,-0.0,-0.0,-1751.4383430245355,-750.3953770747403,-482.8556490598876,-1503.9201675297604,-145.6869294069618,-29.99683044362019,-2095.5671169164953,-713.6935691273283,-493.66634603295245,-1180.661586732402,-0.0,-2329.285816001524,-361.8744174017043,-1026.366320813862,-1362.8971771484248,-325.4917775447309,-476.6725632789949,-1342.8180966470177,-381.1470346456913,-0.0,-0.0,-0.0,-1226.211023425438,-0.0,-3511.022564958204,-1048.5013273756006,-1270.2489412012596,-0.0,-0.0,-0.0,-0.0,-0.0,-116.87292589540195,-0.0,-238.27833340687187,-866.9890994112023,-327.4281289254075,-0.0,-0.0,6.771535629383382,-0.0,-0.0,25.591304649839355,-234.86737073472884,-0.0,-451.54206943822066,-0.0,-0.0,-72.63084081710237,-0.0,-2645.6689848849796,-2053.1102871476146,20.174726926812557,-5931.913410832347,-893.5552199741013,-581.5915392912061,-0.0,-730.4015627267448,-1180.5315721736924,-0.0,-0.0,-0.0,19.246882481984006,-0.0,-1016.1383883785498,-0.0,-1432.0765376603847,-0.0,-0.0,-2083.48563853953,-975.6050444056693,-786.7402984016845,-0.0,-0.0,-0.0,-0.0,-254.62146590018554,-613.6626435634829,1242.6254523480495,796.0712247728173,-745.2977296694386,20.833906634127494,-0.0,-307.0150087795953,-236.9449177391039,-1761.1156216539641,-376.23843836127753,-111.53116172153507,-972.8041960153062,-1200.1822252861139,-914.4426336912139,-549.7587845594368,-0.0,-0.0,-0.0,-3.9838780866427905,-0.0,-1379.0906486084623,-539.3415281141058,-0.0,-1779.9974637610155,-1120.1966797883845,-0.0,-0.0,-0.0,-0.0,-0.0,-881.516656348452,-0.0,-281.405920380969,-1349.5437415911958,-0.0,-1073.744458038392,-0.0,-0.0,-0.0,-2165.471432240966,-1005.4283291326715,-874.1157528657428,-2239.4666520902524,-0.0,-0.0,-0.0,-85.05752411412614,-436.13214257825723,-25.002747353473264,-548.6715517547051,-127.00785494259776,-0.0,-0.0,-302.1152113757451,-1279.750837719272,-3589.823640512121,-0.0,-445.05167779761405,-1208.5372638411732,-403.8532354294867,-424.09940677984133,-0.0,-0.0,-3.3618963577484484,-1914.787905274028,-1837.3666475777577,-34.98929697676267,-1445.9862425930469,-366.88967308374856,-749.7529861055673,8.147905087406311,-957.6084720599808,-0.0,-1912.3390099021826,-0.0,-417.1726388383813,-0.0,80.0333415173742,-0.0,-0.0,-537.6546386610271,-670.3326274692695,12.007038341482977,-0.0,522.1981719802319,-0.0,-0.0,-1324.8367399822664,-1172.463298298831,-1013.3941589858482,-0.0,-348.07630082228735,-580.3045172879447,-1323.5252960336684,-0.0,-0.0,104.03817013013042,-599.9319595879056,-0.0,-0.0,-15.78338636984719,-0.0,-3.852330711429212,-553.8432587765853,-0.0,-0.0,-1204.663402178443,-1234.0128502686216,-74.35801404174842,-6.775072061246201,-114.08300925152973,-714.2235239909223,-998.8395563733211,-1523.4970336097945,-0.0,-838.9265030755071,-14.092026019101628,-38.164524016128425,-1203.073509406403,-0.0,-0.0,-0.0,-0.0,-578.8667584960143,-4.01026064633723,-8.034053586014696,-0.0,-0.0,-450.16539799002766,-0.0,-0.0,793.7855613387596,-1035.3585926364954,-37.283920699530576,-1748.4531483251574,-0.0,-0.0,-469.58074400741464,-0.0,-275.08820022314865,-913.0279770442024,-765.8526114314893,-920.3583646902553,-0.0,-0.0,297.2288340679511,-0.0,804.053907629877,868.973655177261,-184.98897660256517,-752.7484115282441,-0.0,-0.0,-34.27226441415807,191.87443428727002,-869.8438517222418,-396.60525147189327,-1156.1836528968686,-2299.50397155896,-1934.0993629512536,24.27274840983628,-0.0,-283.3773705340706,-4943.374658474028,-527.783070527045,-444.4258089352825,-0.0,-0.0,-559.3463262167877,-0.0,-703.6653756408065,-1302.550056836335,-674.3670858793447,-0.0,-0.0,-58.28956385697376,-0.0,-182.07800941976473,-1254.352982140271,35.05873643864527,-553.5116999384323,-305.3565368459122,-212.83553510393307,-690.0546947464277,-2224.899642391999,-17.29827048824555,-1054.5080347169494,82.9711570793814,-901.3224411517909,-277.69859633625754,-0.0,-0.0,-125.60886938605483,-0.0,-0.0,-1695.671403008018,-532.1789859703914,-0.0,-703.7372167565743,-447.1627978102813,-0.0,-0.0,-1310.8728327889098,-863.6097476888839,-1326.8808668274942,-1245.6241328186513,-0.0,-132.1580873647307,-2841.438329456355,-790.9556409523939,-366.3355854985171,1677.5654849242105,-1335.16585441022,-1067.008722506482,-10.852799571647122,-829.7666794175306,-15.193898866864158,-1469.860111891728,-0.0,-3097.9651005612272,-537.9523199849905,-0.0,-1338.043308650373,-1490.8293775585173,-0.0,-167.46045200129183,-791.773981353615,-966.8229677458274,-1249.7800588237565,-649.890230317524,-440.8643404144942,-546.4267705824165,-0.0,-249.48700960752865,-0.0,-2168.93649461506,27.952357267231733,-2945.1822267125103,-706.4214869391259,-0.0,-0.0,-1090.223134921273,-784.65292944947,-0.0,-412.3995428780029,-0.0,-0.0,-703.3812362051445,-0.0,-0.0,-0.0,-0.0,-0.0,-0.0,-0.0,-666.1372086824891,-437.17461346835614,-2606.4445747883838,-2263.4922928459046,-0.0,-0.0,-1086.791363970671,-1744.2598451530305,-421.2948979261114,-181.49102113525132,37.178554161770286,-0.0,-1392.1664542358624,-0.0,-2381.2442056687737,-0.0,-0.0,-0.0,-0.0,-1432.6480772864284,-188.3330684843431,-313.0340554957598,-1060.283483237333,-1067.2892108516899,-609.2518576335244,16.314052960315443,-1038.2436193082572,-0.0,-0.0,-0.0,-0.0,-535.7686311761822,-431.9460653891368,-1206.3066408224902,-0.0,-966.1433373131049,-5682.52121702348,-542.5824543758104,-639.4170801446511,-2796.7479276373347,-641.8619680685761,-0.0,-406.18804842695897,-382.06734474515406,-1022.0157804091276,-534.5923296545345,-1358.1205716716781,-1271.5298866673131,-0.0,-0.0,-0.0,-0.0,-1387.4993582325,7338.570600108557,6343.175085631041,-0.0,-0.0,-0.0,-0.0,-1823.6701809332956,-831.0038078340281,-81.0200030237935,-1244.6337619270796,-735.7429048308442,-0.0,-0.0,-0.0,-0.0,-570.8404155548939,-0.0,-1636.7022098333357,-201.73253117631114,-0.0,-0.0,-0.0,-0.0,-185.60680038181695,-388.05504266505733,-413.6866401531105,-748.0215065080419,-815.6565058504461,-1074.9765743017253,-805.2704963256313,-309.82138289569554,-1029.2146199513754,-1337.0375379430654,-1052.3464648962306,-1565.1712841875221,-176.43175658828474,-1145.3068530560367,-990.74046638444,-812.4597001476072,-1461.7489603421923,-502.2362789721107,-1947.671253180167,-1435.6616648381082,-1286.7836091035224,-546.8746894626987,-578.360022929103,-978.1737966237299,-0.0,-944.6220365975938,-0.0,-2619.3155450578406,-603.4819878275384,-214.69566972179828,-1566.2795306329633,-1274.866168740806,-1062.494230230638,-0.0,-0.0,-0.0,-0.0,-709.482129416511,-3317.1664493901444,-1228.0099456190621,-0.0,-0.0,-968.7803949889187,-0.0,-0.0,-906.6720294546398,-348.8083656712908,-947.211875690256,-727.9760112804244,-834.0135308759401,-607.4166943235995,-1719.6366949435308,-0.0,1101.4770387256367,-0.0,-0.0,-910.6159050391111,-5034.848577813199,-0.0,1507.5772291836965,284.8511910593211,-812.7780571129023,-0.0,-0.0,-1343.1016166181128,-922.8424895410584,-2033.7543517033057,-1789.6137345249026,-343.07259263659836,-0.0,-416.6702723629406,-164.69972489870628,-0.0,-815.4578020045494,-0.0,-1463.0950821620306,-2066.761365517338,52.64380087022763,-2002.7743575262496,-1760.5754031383124,-0.0,-434.11329093732735,-1391.3702668474666,-1940.1327364545762,167.44066431615937,-370.66443483589927,-2229.8071587355107,-811.2351075832337,-704.6492684668608,-793.3066401567994,-387.5464449420877,-907.6428653890556,-1327.691829360289,-0.0,-840.6708390155057,102.49167437755996,-1215.032478448065,-0.0,-426.9511740872918,150.8701072342922,-775.3150575239572,-689.9717624174085,-0.0,-489.1573229389518,-315.19020197309754,-1605.5061453537114,-973.3558993436255,-1276.1358134148513,-766.9807041037658,-730.9374406000026,-896.9362947922299,-1750.6524459074346,-61.853064556690136,-0.0,-477.41782712123023,-571.1251243165128,-1275.4024412309075,-1846.0494315953981,-288.18280546689493,-683.6438062417127,51.83901664456897,-795.6815581705503,-472.9868171040746,-860.2794215367253,-0.0,-848.5133577277171,7.0382348836545425,-1948.4525079071975,-0.0,-252.53957810365372,-464.2972103369894,-690.4706203708986,-1995.2505493203541,-138.55305782285865,-1270.6590244862386,-639.2966026330668,-2265.7597175515302,-0.0,308.138158478601,-0.0,-0.0,-196.2296226711884,-0.0,-0.0,-3192.9266736694503,54.47013866674842,-39.686296557471024,114.95183045671308,-957.0734574897396,-0.0,-0.0,-0.0,-0.0,-0.0,-24.68590896949542,-0.0,-695.813069779081,-0.0,-321.78162837424424,-1567.086657007159,478.6106961522844,-2875.0327154020974,-0.0,-0.0,-0.0,-0.0,-0.0,-0.0,-0.0,-0.0,-0.0,-2108.6342386280917,-0.0,-2307.235375858285,-2851.684928241668,-0.0,-0.0,-0.0,-0.0,-0.0,-661.5142788580117,-862.0917568468345,-0.0,156.83810461991706,-566.7202374772785,-1972.8310230827176,-527.1071519203583,-0.0,-533.1433005658389,-731.3681497666985,-0.0,-0.0,-519.6558721095769,-793.3957094208025,585.2940124287963,-407.29134635870935,3.852853022711172,3.8688936676044317,-0.0,-0.0,-0.0,1273.8505409577356,1504.6681526689656,1254.4909262734536,-0.0,-0.0,-0.0,-595.8704829558932,-0.0,-0.0,-868.9512058262086,-78.76020248613692,-413.69671455982393,-52.019300375829594,-865.8342606582211,-798.013126391503,-1118.429492577187,-514.9262419974967,-132.1220496977147,-960.7600023039375,-0.0,-1780.4912180812178,-68.7817470999144,-518.368907324288,-772.3741967183518,-67.65419430251706,-0.0,-1004.0396525363783,65.07776702464545,-0.0,-0.0,-0.0,-0.0,-0.0,-1273.564783611213,-2542.2129508708454,-0.0,-698.1452408138124,-7.24798151849599,-0.0,-0.0,-0.0,-475.89140755195154,6.815210805262692,-0.0,-999.7116975955817,-690.0635703719535,-0.0,-0.0,-477.79289805148426,-0.0,-0.0,-1482.8389456861632,-1235.960113613155,-0.0,-701.4309865217833,-1929.5160485010817,-87.45517436108885,-0.0,-0.0,-166.44471735769704,-693.9596782351687,-258.7425162109455,-274.8590933977941,-192.77587281164452,-0.0,-0.0,-0.0,-1024.5384308261885,-779.261833058393,-1829.102364152804,-109.16311133259644,-1111.4610026102218,-37.53289128052313,-338.46826652572673,-446.50512764558016,-1782.0875020032859,-0.0,-0.0,-738.8649491558816,-1602.7478407385995,-0.0,-0.0,-0.0,-499.4642199263919,-2088.1045639251015,-3012.909643020231,-0.0,-225.01113327046005,-82.55899800890283,-582.2848117977824,-505.3638486637811,-1443.9721783554596,-0.0,-1256.7158948467081,33.55109215723493,-6.860609653497244,406.55450384348495,-0.0,77.73803568325182,-284.69718528103175,-364.1623581117659,-47.991449147317724,-0.0,-0.0,-364.3445971066914,11.94040920136558,-0.0,-1380.7248263498516,-855.4982114906653,-841.8915846725363,-658.0360481168717,-1006.999741027631,-1345.6216634364503,-0.0,-0.0,-0.0,-0.0,-0.0,-326.85107725995954,-468.5738559702446,-1031.1891567946852,-1245.6419783028007,707.4204185545304,-1302.0232870327623,1274.6669801581909,-0.0,-1992.9080385394386,-1329.4251847783567,-614.784514762707,-17.349703059787487,-168.13245476048468,-1818.5082575153647,-340.39602654293543,-0.0,120.31747793943276,-686.2690830988697,-0.0,-0.0,-470.87124385926427,-324.74830104544594,-348.5131993166069,-1047.8838298720516,-1250.7031802289,-0.0,-1444.0300997180138,-1164.3784957253188,-4438.195528514225,658.4505594902586,579.3111238545409,658.5354869811911,583.2733251105248,-0.0,-0.0,-0.0,-0.0,-0.0,-0.0,-0.0,-0.0,-440.7997673045195,-0.0,-41.37219013791849,-0.0,73.64255211407554,-959.6665693311453,-1127.0672037294044,-1689.6625539528613,-0.0,-0.0,-0.0,64.11345869607477,-2791.184293229439,-664.5399796933191,-2486.8273265783973,-1444.5966473061649,-0.0,-0.0,-285.7398208898695,-1177.986557964811,-0.0,-1840.8541240632214,-499.2051529922705,-0.0,-0.0,-0.0,-2329.5428836224482,-0.0,-0.0,-0.0,-0.0,267.52722066740955,-0.0,-0.0,-0.0,-915.3468024427824,-0.0,-0.0,-0.0,-0.0,-0.0,-0.0,-0.0,-283.1071855620169,-943.8601682473425,-1315.9743123912897,-1238.058093783958,-541.7800516228211,-882.5679734782989,-50.22916435137877,-0.0,-657.4097096265969,-42.848054399635124,-0.0,-0.0,-0.0,-0.0,-614.6088725171801,-0.0,-523.8340620429435,-1131.4173729987383,669.8702492403623,666.5553947135566,727.420935852899,690.0037284773599,667.5448610767461,-0.0,-0.0,-0.0,-0.0,-0.0,-0.0,-338.32763396606634,-0.0,1741.7519828492088,887.1976951232144,976.1137488244252,-0.0,-0.0,-1161.986287578831,71.11306380291758,-45.004535432750174,-2154.1259071725312,-0.0,-1663.4309602312628,-0.0,-11.551723018159487,-0.0,-0.0,-570.2198096099671,-0.0,-642.1393666986412,-471.6226857366126,-325.55328404980423,-0.0,-24.96081046151074,-0.0,-782.7280751473829,-0.0,-1914.9022898876472,-439.6361267990229,1610.682350984971,-1709.450339237676,-771.3285133692568,-74.60800940101284,-730.0189856340439,-0.0,-448.68886301079004,-37.67196201996645,-2381.872235670656,301.1655366329738,-202.24966617006584,510.7859045460246,1029.6595045869094,-0.0,-276.13605227858613,27.82359820003893,-916.3497849555098,-1041.6816349527962,-1288.662710212077,-1748.3150470800272,-0.0,744.116643372524,-0.0,-342.1967028824547,-2275.696365062074,-1101.9559515197072,-0.0,-1107.532269060911,-274.92537892885304,-584.5206424527858,-602.9831447169815,-236.7178764390668,-1416.1907862611451,-0.0,-1596.6521078062392,-359.86145312332496,-1392.9389248515793,-311.7111816736632,-0.0,-0.0,-0.0,-0.0,-1236.7105049801507,920.5952675655291,-864.1280004320498,-623.4217864249741,-0.0,-45.075695866779206,-0.0,-0.0,-793.6919768985123,-671.6242168414653,-592.496199127943,-629.882492211993,-0.0,-0.0,-0.0,-0.0,176.1194771290112,-0.0,-537.6290934827148,-1723.8304381994938,-909.9811370913078,11.59229018296053,-1281.3512718472846,-0.0,-0.0,-0.0,-561.5628389921268,-728.0224900768312,-0.0,-1383.9728216195892,-0.0,-2630.704305845756,-3262.7068401368138,-0.0,-81.51933837387591,-0.0,-622.6992176780273,-0.0,-0.0,-0.0,-2072.8736932379015,-991.1257277279194,-463.03391785754076,-742.8545326692171,-0.0,-0.0,-1952.0204175740841,-0.0,-483.6771978773766,951.8261890204083,-904.5211317080876,-605.2180888637168,-440.11750892650196,141.43650071227518,-0.0,-0.0,-1216.3504888130215,-0.0,-501.8447536936228,-81.2349605843163,-365.0882234433214,-277.46641270087406,-0.0,-0.0,-176.7863880786052,-606.5258456814622,-895.0420872926508,-484.06860233166674,-1073.8907694099883,-73.3809729722904,-0.0,-116.25894498176146,-1741.2605483942227,-1006.2787836902576,-0.0,-0.0,-0.0,-504.24800869887326,-541.6425365930404,-1306.2120239120732,-0.0,-0.0,-0.0,-0.0,-0.0,-1329.736119806247,-588.3012493079549,-0.0,-508.9419037652526,-0.0,-15108.391718505183,-674.176575179418,-236.95326876721364,-396.87167251016643,-0.0,92.7957090044593,-1567.1251050741703,-2315.9828506325616,-0.0,-0.0,-0.0,-654.8228849776815,-485.83681733569836,-870.7558263371168,-907.2673350909803,-467.5187037316203,-0.0,-0.0,-1481.962233567581,-541.9394350915562,-2188.5201570808767,479.0096260908199,-1812.2463978982478,-0.0,-0.0,1470.696871780413,-910.0452295499618,-0.0,-168.83174513742276,-302.14766890145404,-551.2098432551162,11.711145487151212,-746.1736749597516,-0.0,-0.0,-1123.9903813801566,-1208.9279143301364,-2267.05696009508,-0.0,-0.0,-2008.0287619623712,-649.1412415078569,-679.3187809153472,-2085.082193350801,-1346.310323443168,-0.0,-0.0,-962.5416452759929,-0.0,-236.8380384690936,-1415.0628329473218,-1348.809298308271,-0.0,192.89214921437096,-680.5483104144987,435.6202373942964,-164.99746692148597,-317.11400664301783,-0.0,-570.9341409006676,99.37601591627799,-173.60771447193943,-328.00810966537983,-2337.747652651495,-1910.817749172596,-79.10245927499176,-4361.81465514943,-467.83287995447404,-946.3316723755182,-43.233352076612704,-3385.5131817958168,-288.9904704264908,-688.9129508632151,-262.6199358549498,-1587.8558785060018,-1134.780212632825,-2837.4863351438407,-3885.0104772808986,-36.87539534400054,-556.1971588226475,-1395.9794678371861,-936.4065993924363,-0.0,-3520.5304378049404,-0.0,-438.6979624543299,-1313.459944222166,-1125.6522263840302,-0.0,-0.0,-804.234127484196,-244.50170123178998,-0.0,-1276.7460347053523,-0.0,-672.6531159032,492.6952020211053,-1294.9010146650548,-414.4436771745533,-6.93034141242376,-52.748784086732314,-0.0,-1646.762160141946,-491.3760559945,-0.0,111.80802252330582,-0.0,93.69117231559585,-117.99404529612214,-0.0,-398.29091642119414,-1125.806998177722,-391.1967822999697,-716.472811595108,-1968.7020599079826,-0.0,-3343.0745748456893,-1688.6568162992658,-2218.7320005358706,-2035.8174890575233,-63.478339279481474,-145.03149070537208,-533.3202538794798,-1079.6210292949675,-0.0,-0.0,-911.6885712227843,-140.33948140337588,-0.0,-60.12209437968651,108.07121732713546,-2026.0929311005407,-0.0,-0.0,-1022.1880001941709,-0.0,-146.95331785485774,-0.0,-51.90900976538391,-176.4353456166511,-0.0,-295.7667829881022,4838.838747442203,-0.0,-0.0,-1341.8760876492893,-589.534885547751,-222.1756451442868,-0.0,-0.0,-0.0,-488.5292431249386,-1754.6896638916937,-0.0,-0.0,-0.0,-1668.2529568943994,-166.23696129662386,-0.0,-0.0,-1481.0927367700763,-618.0337716261665,-310.2528438731375,-323.2893150117833,32.31092599994522,-513.8803238248182,-321.58063340297514,-238.1745683084022,-1831.7915507534917,-0.0,-0.0,-860.8148096773622,-743.6760021523976,-2234.2193379284604,-0.0,-0.0,-1983.0930621078655,-468.6226238615361,-1249.8698993032692,-436.4902751680919,-601.846668909845,-1954.3364695485757,-614.6346085632807,-72.83166900952908,-756.2235200890062,-1997.7541284431409,-1569.1146256487336,-1048.9008875188797,-0.0,-446.76759905254835,-0.0,-1461.7961011640937,-342.3810122029639,-179.07222510761656,-513.4531459909675,-772.1382269616132,33.86458299553389,-0.0,-918.7704867556696,-536.4137068277879,-74.01970910198928,1279.7726722733546,-57.999927388021604,-0.0,-520.2441381867559,-352.03021405980036,-0.0,-595.3547646224176,-1299.4247944210251,-0.0,-0.0,-0.0,-0.0,-302.8980625071983,-624.899710921949,-313.2300645244279,-341.3403724816638,-296.9943459526355,-1605.10995789547,-637.3612857598864,-1072.4768805619342,-2041.8277232034332,-1473.6232520040562,-0.0,899.7032272223037,754.9756176033763,486.27183915265243,698.2398353310222,566.3323560209338,-0.0,-0.0,-0.0,-0.0,-0.0,-0.0,-0.0,-0.0,-62.04250298867427,-692.9733249718507,-441.46326152893414,-289.136850594157,-890.6844841451604,-104.31013688936405,-301.7806584597971,-968.8632780271437,-248.5095998688008,-1505.4247712305203,-695.4305370097977,-95.54219042568273,-394.42178130017754,-7.577274221039529,-0.0,-742.7317505418031,-144.51060982269328,-110.25540552587425,-729.9934634889117,-384.52857603811634,-1416.3109393372083,-229.17265927244677,-0.0,-0.0,-1928.5788672485216,-373.21692926645596,-241.4852701652846,-437.681590242846,-761.442854728463,-401.64783425374304,-311.98596224955776,-0.0,-415.4654819867138,-468.0005149863658,-543.796901076223,356.49306068961033,-1176.2254157460986,-1622.6792215346497,-431.8973708500589,-562.2377670696991,-248.0265109513547,-11.47199280415831,-0.0,456.90255809298947,-809.1757856704862,-43.02224460541837,-1505.674421505439,-0.0,-0.0,-1113.1426106904387,-414.0242293639134,-0.0,-621.9444500260206,-609.8764553877497,-732.8728036099259,-0.0,-702.0193358511268,-498.4208605240369,-1832.1202001456252,-3660.224933900727,-350.73757777035235,-0.0,-39.52884474782826,-351.30731779883513,-1437.6787250716538,-175.976591743587,-529.1012188877032,-557.6893216636167,-640.232965602547,-163.74774108772462,-0.0,-0.0,-1122.9419020515518,-30.131484164794426,-368.19432671187496,-584.8105910084796,-1247.007921107654,-2036.760486711757,-0.0,-397.9120493812381,-0.0,-0.0,-0.0,-0.0,-0.0,-45.24942699105604,-139.06865419771052,-344.35329881324606,-0.0,-0.0,-0.0,-0.0,-0.0,-0.0,-837.1380580582812,-1813.5061092338672,-377.7979782014086,-416.5658875658271,-38.41606372578927,-0.0,-0.0,-403.9243668373427,-0.0,-0.0,-58.991789986808946,-2074.741781683235,-0.0,-0.0,-1155.4678370009722,-523.9323543156812,-800.8129498272426,-823.88932763932,-689.2635265333902,-0.0,-0.0,-1048.5674953423425,-1753.8318334001972,-920.8800716476838,-0.0,-908.5533174404565,-128.35260678765624,-268.4089903106572,-600.3470027396107,-6.8395981546633555,-547.1440411496884,-1596.4230140247512,-0.0,-1347.9514491828538,-150.17001296018532,-515.2845515942313,-1165.6977951100378,-116.83107926853191,-950.7531733592767,-0.0,-1005.7928066612621,-27.406265789088355,-1773.4985718772355,-1742.7365963693233,-0.0,-0.0,-0.0,-0.0,-620.07182974873,-771.1244818805884,-0.0,15.887998331484342,-364.4657498069234,-828.3778571029615,-1836.2425654083477,-2119.519652185766,-308.13829841936376,-0.0,-826.2183380626319,-615.4153815277153,-1647.1247964955285,141.4379793898924,-0.0,-2646.8912040132154,-717.8695694484694,-0.0,-163.10054156479424,-1353.7680664817915,-0.0,-0.0,-567.6073944584077,-1249.7955510544214,-0.0,-910.8766665461358,-1243.9554533687985,-0.0,-67.22629422351024,-461.5506156168275,-0.0,-1336.1690162167392,-2137.068835269191,-880.5592622799738,-134.1358492987882,-1663.7689415428063,-67.27817647459139,-880.1194742665983,-525.2068905669163,166.07669302363126,-1012.2773289321187,-1114.1293174743923,-653.0399493734931,-1115.4420773174122,-378.32336987005266,-471.5984542558102,-563.6371564105403,-1778.270858270691,-0.0,-0.0,-1515.7405080748056,-268.1214561176949,-0.0,-1356.2990022866777,-997.1477845244356,-0.0,-2317.990933998384,-418.56724610531285,-0.0,-624.3805918586467,-0.0,-0.0,-1064.9059191947606,-892.5166218058373,-0.0,-0.0,-0.0,-727.2222589052069,3.5080134599417456,15.112994340158737,-269.28817050039646,-0.0,-1634.0212804774303,-1311.3064762545644,-473.95538711679416,-1834.9878102494276,-0.0,-68.27703732033112,-679.5387886686896,-0.0,-331.2265275808719,104.93008487479825,-1082.2703027657556,-852.1708191632973,-640.6449042746709,-999.0922391076274,-0.0,-0.0,-0.0,-774.5982096632972,-0.0,-225.59665904167196,-793.0157629841367,-216.4080853016011,-1151.4863630342381,-1930.9715195904973,-492.27856210555126,-1776.2230826991283,-0.0,-711.0049270566952,-1501.3021518900453,-465.8622072749369,-1033.5770408692313,-239.54436418240576,-519.7620391394523,-1290.8368828764708,-0.0,-0.0,199.92121905019124,-2168.2569299814872,-798.2346114771242,-229.875154566354,-0.0,-325.8687499944994,-241.4650770417589,-511.87497619298017,-0.0,-0.0,-621.9753271425083,-0.0,-50.95309538777407,119.95169213779543,-76.22905595972296,-1974.9708396900148,229.98600069953434,747.2375919149982,182.55078224530428,481.82179389917457,35.50605993978023,-0.0,-220.39672776710395,-704.0631957623024,-261.88642469221736,-51.16089369956658,-0.0,-0.0,-0.0,10.979058431914513,-18.197544650254333,-817.6594118168235,432.32586746097394,1965.6488247726309,-0.0,-0.0,-0.0,92.63469229039335,161.16006634031984,-0.0,-2599.5311536780523,-0.0,-0.0,-0.0,-0.0,-0.0,-2198.6793476816733,-218.0292758235472,-0.0,-106.31540745792175,-1474.2684663133048,-115.18222620882615,-918.0228630734869,43.67963881010855,-1718.6394567009013,-3182.032895362723,-1615.904518894928,-0.0,-0.0,-1241.3950585450418,-887.2898437129611,-666.4308073490421,-367.98336496878767,-284.29221070640176,-854.852820058372,-810.76438629022,-4801.0972560014,-562.504228438348,123.47978845007154,-552.41058257221,-760.3099001132977,-580.5089978059001,-540.2194337155086,-6.926550000649257,-1644.1961518932007,-739.9344395306263,-501.7225277706855,-0.0,-0.0,-0.0,-0.0,-202.18390637604332,-1068.0653135518571,-0.0,-1128.5149751203041,-1364.5504148754792,-0.0,-0.0,-1205.5428700035552,-0.0,-0.0,-171.42756626016086,152.25465394146607,-0.0,-0.0,-2162.8220082662406,-1020.0212855816438,-101.48665003864112,-1068.993196483145,-1115.0651582232404,-0.0,-262.02096333955615,-425.40834046817247,-0.0,-1300.9757885058768,-241.16564758025262,-900.8387233935391,167.6100936929245,-745.5808319896771,-172.97473330571543,-301.2187127831535,-42.51446552076045,-39.74964060893463,-478.6860667155575,-678.1970052714947,-417.74825171659495,-684.5993024187691,-0.0,-89.76311447894624,-571.94081202577,-242.53431062278776,12.15035766365005,-0.0,-864.3531666274073,31.16490173495425,-984.4680992604559,-0.0,-0.0,-0.0,-1643.7299101644496,-0.0,-0.0,-119.9471398397277,-0.0,-0.0,-0.0,-0.0,-0.0,-0.0,-817.3463118903964,-1255.2463841605095,-0.0,-0.0,-0.0,-0.0,-731.8173445216173,-381.3026623246965,-0.0,-0.0,-1428.401440861196,-0.0,-1176.2359502742224,-1934.8158879880402,-0.0,-0.0,-0.0,-601.593077180715,-0.0,-0.0,-0.0,-808.669524410009,-706.8579054119836,-503.9915366806377,-0.0,-0.0,-159.16911660125203,-0.0,-3305.925688132253,-4277.239371956079,-0.0,128.79163930628107,-0.0,-532.1730884348724,-654.5016634275004,-1638.102918299349,-0.0,-0.0,-64.17254815916942,-527.1814572164822,-1123.1567044278029,-608.295891714493,-353.7684322366473,-0.0,-0.0,-1101.4650871678366,-730.4832947405337,31.524795372334697,-0.0,-0.0,-575.6572872175205,-292.22152656458076,-42.168333509461725,-0.0,-0.0,-0.0,-1679.653656016971,-398.3685857231866,-1066.2481409513525,-3992.005160966718,-0.0,-727.5433351508811,-875.9755274597343,-1971.6782898600698,-367.2847121258175,-0.0,-0.0,231.36164596546436,-1022.1913308548629,-1470.5480060170462,-374.37949502344543,-108.32501228103241,-0.0,-1676.9764124656556,-337.69430674833984,-1158.30466075389,-682.04366451303,-2309.7770206361183,100.17122870645066,-818.4754398204497,-716.1981538312477,-1644.6089636956488,-0.0,-0.0,-779.0593614777315,-1587.8502980574137,-1506.9977891964188,-797.1908388138925,-0.0,436.0235594378668,-95.89941926944549,-384.4249251230612,-0.0,-13.925428512720204,-0.0,-2294.095231297513,-30.997669294793614,-0.0,-0.0,-756.1545053724285,-1039.9346529695972,-694.571459187209,-216.51852535828007,-627.8198592438289,-0.0,179.3004566127849,-687.0454017365838,-55.16216788411017,-1336.7840698750547,-0.0,-1198.3727517774155,-144.21988693406104,-532.9764462525864,-366.20903914105315,-539.1644605309275,-40.445335455082684,-4.053195603278437,-1039.0083253383377,-1048.4145825347068,-1333.3512724629602,-181.51205281250333,-1148.6700091927135,-3.661915889941668,-0.0,-603.1899359768958,-2631.0262158012897,-0.0,-0.0,-24.46323757820858,-1816.9316894506142,-188.18951028882924,-542.7039654069133,-306.0630964427185,193.06432626058992,-0.0,-0.0,-1253.8234185622402,-0.0,-0.0,-1836.2741579832323,-1218.3092392244225,-781.13735347502,-840.8520432545708,-415.42519247681145,-730.4944252712717,-812.410009605589,-1095.6163351850946,-1979.1154810615942,-0.0,-0.0,-0.0,-0.0,-37.05439647431878,-0.0,-1668.0963785031786,-559.4007724462988,-647.6424425528742,-732.9863737902845,-408.0843766950447,-0.0,-1266.2377012890986,-515.2327914305641,-0.0,-2252.923719719197,-1427.6639568966277,-0.0,-0.0,-2501.5911229790627,-1474.074029226607,-391.9660120880704,-702.9120191269797,-0.0,-402.73669276010503,-10.447051517882237,-0.0,-633.0629614995198,-444.56990727207767,-528.3099106267321,-0.0,-0.0,-0.0,-0.0,-392.18254289605477,-959.5269615632864,-5308.852454706032,-0.0,-0.0,-521.7974887242893,-544.926825513897,-1554.3177871377795,-531.3412172305132,-62.011252963713005,-367.3538539579634,-0.0,-623.4636495420456,-503.8035795916577,-0.0,-618.5558810693053,-1121.4740941747646,-0.0,-0.0,-0.0,-0.0,-0.0,-113.5644969563247,-1763.1574701113104,-0.0,-992.3692376137634,-815.5152456799026,-0.0,-1745.035030403243,-675.5677899924681,-983.6527496396757,-1265.4499868457399,-18.21362301034295,-104.94748304759841,-1147.8269372219922,-743.8237955839801,-341.3798363798912,-0.0,-1235.2567000762012,-1146.4826410323167,195.21082841237794,-0.0,-553.5421156685003,-831.0572593680362,-805.1706954347272,-43.000674844875405,-0.0,-496.0231183650888,-0.0,-0.0,-2467.959882108665,-2129.332434082904,-1705.3145565500072,-1466.0797937488612,-0.0,-945.6924012848119,-1784.3663444703375,-0.0,-5241.08092565212,-0.0,-0.0,-0.0,-0.0,-850.6471674182721,-2039.5541158254032,-2277.522963092275,-17.168175065128164,-1794.172662091797,-0.0,-831.2465270632409,-20.45510908988362,-0.0,-0.0,-531.8698139314777,320.53556419539984,-0.0,-402.3219005063725,-34.29039790700787,-0.0,-1229.4386680368143,-0.0,-1991.111075524607,48.15186225347836,-0.0,-0.0,-876.0331325056434,-1354.5819535527976,-832.0363023562836,-1152.8585078984208,-1035.7520189220436,1177.3651565990895,-45.101593829334746,-841.463872500237,-71.93839013444854,-1891.8465935597696,-796.822697700737,-743.2376213094366,-440.2900560088196,-1360.410365632918,-1668.1254209846163,-385.94613744688195,-1769.1669712665314,-309.98346163417256,-0.0,-0.0,-6.767314637657886,-0.0,-0.0,-0.0,-0.0,-0.0,-0.0,-1398.6710036234936,-595.8701379497155,-1207.2109308738459,-567.6421223898341,-0.0,-537.2267749061652,-1060.452305496327,-942.1911448527356,-1808.7949986055414,-1130.6867408578507,-58.76168902015023,-28.401408862151513,-1041.5087879727719,-1018.1646545757866,-0.0,-85.71776662767735,-0.0,-69.98964475626174,-719.7096321097488,-175.97309945003983,-473.59512219162195,-845.5906275743491,-0.0,-0.0,-0.0,-2936.0419070229614,-0.0,-84.5077742148059,-0.0,-206.32546808253738,-868.7561154271459,-1027.3152001154167,-661.060150000751,-0.0,-35.57279081211965,-484.64734945323517,-415.0420225474554,-354.68623888689416,115.34696091221159,-997.7894857114209,-0.0,-0.0,-2702.670477994956,-0.0,-980.6594996096903,-587.279031962495,-352.917598295229,-231.51815666045204,-1121.348529426161,-2442.2253065038076,522.1563183402945,-1969.4974339667344,-1469.2706426408877,-470.91075236847485,-3.88835079862337,-0.0,1188.9815991459132,1109.1824100973236,1104.4748161881046,-0.0,-0.0,-0.0,-858.4644498130273,-0.0,-261.22557216372036,-159.3585405710217,-0.0,-3177.616167284112,-0.0,-1313.7895405067818,-122.23884142451217,-886.6512258719036,-603.0772867465842,-1441.0703674419137,-1506.2099168339225,-0.0,352.0902619610916,-2125.7116058302513,-1691.1554860751648,-458.5894599222767,-1445.049183844439,-1581.620573916346,-0.0,-0.0,-359.75683809604453,-659.6618103069636,-2086.035668396998,-744.401816907429,-126.37192606454856,-0.0,-0.0,-563.4334237378322,-0.0,-0.0,-0.0,-138.64239017222258,-1101.9599540172037,1459.8331352390107,-1145.6019346791538,515.9925754282452,-732.963785423419,-864.9397812137786,-7.420062195661014,-3936.1711441858356,-983.2356125186143,-0.0,-67.92471194401926,-2086.111077345811,-1692.8597828225156,-0.0,3.8773131888959815,-0.0,-576.8389367825807,-0.0,-1897.5393980237577,-1635.1838067728506,-0.0,-270.36779714036516,-0.0,-0.0,-0.0,-696.5922132770233,-956.2023730587316,-359.86739790703683,-883.9410955005511,-1588.9342460163118,-797.3717817411217,-428.89091457625796,-474.6754921933297,-0.0,-1440.6409833511627,-216.1469399107955,-666.558550397003,-973.320600258991,-1389.5632864259928,-1322.3844790803917,-371.74469376578907,-1615.5245731422988,-0.0,-0.0,-0.0,-2134.3810664565704,-0.0,-518.2355887717638,-742.653314251859,-0.0,-697.007240444387,-563.641424650159,-755.2145833495425,-625.6850106753726,-176.04593230272113,-1691.8851097154627,-4305.083878073488,-215.292410666749,11.489834274897166,-0.0,-105.52081580757404,-6600.059752607594,-1614.761841456217,-585.8589881303963,-2106.663818873554,-236.2402927971928,-0.0,-7.450785586328426,-599.3491890056663,-83.70587825048143,-860.2078706041835,-919.8938472278495,-149.64164792383272,20.165926935485732,-793.7240448607826,-2095.9826979586023,-1836.6144609864873,-1680.9782976584693,-0.0,-1365.0773395319168,-0.0,-103.88617967270525,-990.1296019765336,480.8494756705103,-0.0,-0.0,-295.9568811091418,-745.9438993113604,-721.1026586252535,-1157.1584433782114,286.39673079110776,-1386.8749990796116,-66.75015036531751,-303.3993741274067,-1394.4035912662127,-1621.315463791765,-342.28367717257396,-0.0,-0.0,-0.0,-0.0,-0.0,-1623.6407509244534,-0.0,-624.9919646585942,-806.216157668003,-2360.5557649753446,-0.0,-0.0,-72.43660859333701,1020.8249561587095,-530.4916460149117,-1168.8681970834482,-0.0,-1269.8195729187155,-4060.4994060974154,-660.8637507716121,-5037.091561463806,-1006.6167071173576,-0.0,-701.5846876756251,-2386.281531919885,-135.22344803963554,-0.0,1048.192439431476,1202.7375715657854,1149.9517685273709,-0.0,-0.0,-0.0,-0.0,-78.38322371703427,-2174.5392024269945,-4.029598981056321,-0.0,-1691.093245536567,-1049.4429283486131,-329.1546158031671,-4.030448936660496,-0.0,-111.08323146062162,-622.375357625314,-0.0,-0.0,-34.17866491441353,178.7550286966318,-1840.53042452914,-0.0,-892.025834440439,-67.81913766107874,-79.22476051928629,-0.0,247.48039412763848,-86.78596151911859,-440.262422894582,-1799.3208903572106,-0.0,-76.02250831990241,-1164.1025620439177,-997.2312819961136,-0.0,353.44812882286277,-0.0,-891.6807338689603,-965.5922422782587,-6.835218919793544,-0.0,-0.0,23.623818588217993,-234.67946619300085,-161.32108883599628,-72.24028092523717,58.479015310070494,58.50053566115803,-665.4493782023303,-677.6474114799371,-1012.4271815921211,-0.0,-1746.0424315199177,-807.4415636928019,-0.0,-0.0,-950.2939300987285,-1942.8213699612422,-509.6527954264086,-0.0,-2516.9699733088482,-105.38545818490341,-65.59684527143857,-1092.6134870564426,-0.0,-319.3956754987869,-1169.0075338199485,-3.423285006690305,-0.0,-4364.978269220658,-158.52976863849133,-1288.9963490966625,-949.5109627198605,-1003.0959917077479,-1905.2479415309315,-85.23305761584132,-739.1463287623251,-1822.0440894144642,-1106.6243741969356,-978.1020050411049,-223.52040186162364,-1646.7160980547926,-0.0,-2723.4555032436974,-0.0,-4856.6941136993455,-241.50884373291316,-242.71694092313544,-1235.7027514079934,-0.0,-0.0,-0.0,788.1648646909305,23.861261856700423,-858.6118771705673,-1279.6251266804952,-342.6781842689998,-919.3455333883196,-0.0,-0.0,-1255.8929024627398,-290.55222158478523,-398.32240309472996,-179.4578929809518,-0.0,-1372.4816889892234,-345.9908908552115,-1537.2177806434545,-0.0,-32.38106634326422,-0.0,-1635.8508480860503,-737.8301612555163,-1650.5868132186833,-0.0,-0.0,-1442.5538753183268,-473.80852882585316,-625.8612371193999,-1312.7701295285613,-294.949421903352,-1097.5965023957083,-0.0,4.858658400847426,-935.6094486291585,-3461.31490904503,283.39058230770166,-1221.5974135859267,-5797.9604541274275,-570.4888192366649,-602.5712983601175,-189.96861272233784,-106.66749705147699,-836.929872110902,315.0297297310949,-90.95018243670867,339.1189927261337,-1061.6576484583697,-455.7450215455174,-0.0,-1175.7624708694352,-1581.6702940244782,-515.1720261524313,-387.85118766715175,-0.0,-0.0,-31.19417525509995,-974.4623744053802,69.99379167410598,-1861.6847727024233,-0.0,-0.0,-383.26517034872205,-569.6495706503761,-976.998568446404,30.744625999561524,-2472.903504478161,-1283.5422543695252,-1212.5040823179945,-137.20399192586933,-0.0,-368.4317881737509,-0.0,-560.1416548960407,-12.000345544531895,-1392.2071464263272,-433.00921760040137,-1364.14335972321,-328.53428753286136,-261.42166945337647,-0.0,-1105.9108038144543,-605.7637758302719,-1100.2243025094212,-0.0,-2889.0776260698276,-1112.155946332386,-1314.5464334095582,-860.7685180268594,-882.3392765263437,-54.868809905743824,-2008.7451732330442,-697.9920143384896,-1135.6951768209633,-1631.4820363808644,-176.204840892736,290.02663278558504,-891.134770873327,-0.0,-0.0,-15.373571438081111,-49.443498369732126,-13.843728718158575,-245.18995013128244,-0.0,-0.0,-0.0,-0.0,-0.0,-0.0,-0.0,-0.0,-0.0,-0.0,-1233.0822521055065,-2097.1279163957433,-1697.8888807276303,-0.0,-0.0,1154.2362175821495,-369.54040463056367,-0.0,-388.6211289788593,-344.96901809793883,-831.6816301941986,-749.641860080813,-958.440594162537,-3.478891767523027,-632.7036898109425,-378.77153055969706,193.22425637294137,-0.0,871.8551187905899,-0.0,221.02747638625436,-0.0,-297.3790651710997,-0.0,-408.2857897857103,-950.8610737590661,-1621.4451942295384,176.77698808715166,-0.0,-0.0,-0.0,-0.0,-0.0,-413.4987701118986,7.836223293627355,19.288014497429355,-0.0,-0.0,-482.7972552528019,-0.0,-50.98543118279883,-610.6071018087356,-3588.9901273686332,-0.0,-1151.9590063268397,-0.0,-556.7354155859988,-0.0,-0.0,34.869154222920315,-0.0,-238.20770540405658,-0.0,-0.0,-0.0,-848.2427972401963,-1443.8358448092367,-0.0,129.71027110395795,-1930.5715592437175,-0.0,-82.15122342564875,-301.552097016731,-0.0,-0.0,-1570.2599909210448,-0.0,-704.0508473181009,-1173.8786157000914,-142.1513786761817,-2406.91713368031,-1547.986175383529,244.19431798325184,-630.1458559203204,-0.0,-1071.246406624386,-0.0,-0.0,-0.0,-3367.9271515038613,-780.2454753071453,-1251.331340848285,-0.0,-351.48260384255127,-16.07152626924918,-994.6925297136623,-1898.7650801507698,113.901601941467,-2266.019253685285,-0.0,-1516.8083276189664,-2172.3060667821446,-0.0,-0.0,-0.0,-0.0,-1913.2522494133655,-346.02348177474425,-1147.5610912848213,-0.0,531.3918294452417,1197.3243027786234,-0.0,-0.0,-761.6469707414299,-761.1145103428386,-298.7626804709853,54.56076010260195,68.00973240953734,-0.0,-1268.0443154844459,-0.0,-241.4228965152572,-1029.5333892009508,1457.06526994037,-0.0,-0.0,-0.0,741.6411538546851,67.2516025418644,-774.4407681649059,-0.0,-1170.2196368261589,-0.0,-856.581009024515,-600.6881590950813,-0.0,-0.0,-0.0,-0.0,-0.0,-64.29609867407474,-0.0,-0.0,-0.0,-1015.3657077759594,-256.2840978758683,-0.0,-0.0,-0.0,-101.19224013904393,-73.6769840474345,-508.4471588048628,-577.9634344232207,-2530.080395648505,-726.3539594726582,-404.6555778437693,-0.0,-2214.8447800771974,-40.34101534986196,-0.0,-925.4443051381884,-2176.122028015894,-605.1503512223995,-458.95398689735276,-982.5246168150612,-199.37191218922405,-585.7714892113223,-640.4854932686147,-736.1102865134245,-176.41310913702856,-1615.4103024304789,-696.2331553129279,-329.7508879620867,-0.0,-0.0,-727.3035009848275,-3405.443342662555,-0.0,-880.763259600001,-372.9478919880086,-0.0,-319.23479122131357,-554.9209877827618,-680.1723434944689,-3.77652374104819,-0.0,-0.0,-0.0,-0.0,412.19786069330394,-0.0,-539.5588608469828,-0.0,-0.0,-578.7641254947995,-1048.8584293500353,-2329.6054301422273,-473.13035377227556,-527.7912747912184,-98.55002398419356,-1881.1691876758298,-0.0,-657.831340861667,-338.95756483155475,-426.3365446775446,-904.8439762511197,-888.640320971589,-1291.2537588177943,20.96868257898974,-327.015800656845,-0.0,-955.3444624420897,-1015.2944885990701,-56.04999705221079,6.594592910591661,-2137.2541363694327,-1084.6525670637582,-641.9642258341052,-0.0,-581.0228097477292,-540.1309771909764,-540.6324190539617,-1991.1413504035163,-7.278469752651095,-0.0,11.427074125805504,-0.0,-0.0,-209.10188581446621,-2983.7068680264,-188.75878418232932,-1343.9365017338607,-2911.6485278214827,-0.0,-4248.321498185254,-256.73304006038944,-2109.236861184288,263.1789098946647,-0.0,1361.18484511518,-693.9472621888098,-0.0,-1966.2006529753103,-0.0,-17.841742475747996,-0.0,-0.0,-0.0,-0.0,34.67537513594698,-0.0,-0.0,-0.0,-467.39691388398734,-1293.558405729445,-640.1281717616629,-0.0,-3158.2762411796616,-0.0,-0.0,-0.0,-203.34725103747667,-269.94645208231026,-0.0,-1604.9456507476261,-0.0,-0.0,-3164.020858606159,-0.0,-0.0,5.454464772372559,-483.7902058313058,-19.27472692523699,-0.0,-0.0,-161.07898317437264,-0.0,-0.0,-1213.3707225856444,-1070.4333891692456,-1261.3356596260492,-0.0,-241.82956475821882,137.8569283203659,-364.1397864737833,-12976.639658417527,-0.0,-538.8201426151987,-1129.7885033880864,-1325.279255529082,-0.0,-0.0,18.235109286945526,-310.5799549458542,-873.8427290279012,-0.0,-0.0,-0.0,-476.9250151944469,-2366.5391978533817,-1318.4897907250656,-0.0,-0.0,-0.0,-324.83734873013043,19.207099019710842,201.22812933109498,-954.1297930298967,-0.0,-0.0,-822.4029664241026,-0.0,-0.0,-0.0,-2515.2944192270716,-992.8579186153802,-0.0,-967.4607703842443,-463.0469219317326,-309.7874310963316,-610.1971009074568,-884.1123790297632,74.68239742583522,-953.6202460558721,-925.5578971725172,-58.920803887519654,-1109.1501807036443,-0.0,-0.0,-0.0,-0.0,-558.071034660362,-0.0,-0.0,-467.8279375440157,-1640.2654643433011,-595.1630015306225,-0.0,1286.2435081073072,1176.1860131454746,1065.6018523485247,-0.0,-0.0,-0.0,-720.1969971753147,-186.82998516683645,-682.7424359508695,-84.67752547790684,-532.6058761104846,-1450.5958802061973,-1166.2783387084253,-1904.1490999404205,-0.0,-0.0,-0.0,-0.0,-894.7428610307893,-645.2992473476713,-1499.037742429465,-398.38881876288707,-1177.5725641780018,-1758.5112643579353,-1583.210960092281,-0.0,358.2535037912073,-368.2977059806027,-381.0039992194826,-117.74219225711506,-3807.990350873279,-6.729166073316434,-0.0,-678.3573392057403,-1193.2991619809397,-0.0,-41.50039073272517,140.21364232994662,-147.72275274502957,-378.1556565629003,-1813.1663395133853,-355.27413777467285,-1382.03626869803,-0.0,-1624.5728691574689,-1399.9582896142879,-1098.0123347483143,-0.0,-1539.3849680865426,-555.7919823413076,-649.9345268858981,-805.06240128361,131.61003979191725,-1485.4169037656488,-1189.894435350287,-0.0,-111.39111912790008,-0.0,-0.0,-0.0,-940.7879151692096,-608.5549895084661,-0.0,-0.0,-0.0,-3145.8235341601976,-1745.461761887505,-0.0,-0.0,-0.0,-1309.9996495564549,-747.6399252303553,-0.0,-629.2357186924016,-1252.9922953829027,-546.3576087837068,3.3914910057449523,-858.5554433424949,7.438715543515488,-1352.3512338618343,-1610.0698001394212,-0.0,-0.0,-36.475688704030134,-0.0,-0.0,-1222.0082517627886,-97.24255252501878,-345.7785774413075,-0.0,-0.0,-0.0,-871.9406461158379,-268.9449567515563,75.31969476722463,-428.0988775412724,-203.5643158487781,-1855.6391397552916,-244.8712053166437,-505.3359575987773,-1040.5538275746687,-0.0,-335.7261542959296,-0.0,-1578.4433253608381,-1376.0707979003805,-1553.9054222164568,-269.99475433744567,-248.39840965364868,-51.42366374792561,-747.8239145370144,190.8395408018334,-0.0,-312.35567303085924,-0.0,-0.0,-380.78460424024973,-86.30164644326231,-2163.370187061879,-2244.1348693941,-543.560792241075,-0.0,-0.0,-937.686160724998,284.09569882487125,-0.0,-0.0,-0.0,-865.4818303933962,-69.18955813263928,-271.3095655272507,-3859.0681105502485,-1277.6507946267916,-634.501386590974,-365.64442550834593,-185.9284934461247,-767.4060951750467,-500.9462716703407,-437.56384493692366,-0.0,-804.5568794413965,-612.3753502413329,-1407.2250433961153,-0.0,23.511833086755566,-7.400482861838316,-0.0,-0.0,-1319.0116569646582,-0.0,-3350.520675989177,-1169.7365463487351,2527.275242418239,2432.423770510086,-0.0,-0.0,-652.5192849738112,-841.962440966332,-1154.76695464817,-279.8568275566918,-3126.7718946607015,-479.6875821484553,-0.0,-0.0,-0.0,-1289.7901641244764,-706.9721592671046,-162.55320600354554,-2298.884569918405,-1019.8294703732204,-17.97359773094563,-393.00912773595456,-989.8884804445049,-318.0861690669612,-455.86049372299846,-0.0,-3.9222375692178026,101.84241607443934,-942.5395602797369,-137.25363087839565,-0.0,57.049809268790824,108.30662237515324,-187.85697212036033,-1169.9674449375361,-1855.220350919859,-68.53000837249162,-912.8665652497234,-1092.6800777282638,-0.0,-0.0,-660.6100934974052,-0.0,-0.0,-0.0,-0.0,-500.82038585856463,-34.593186412359096,-1081.5034374959112,-1062.5982208508265,-2018.4505210715743,-927.1176517513135,-0.0,-526.0545145476162,-0.0,-1241.7860865390292,-1261.1393439288013,-1205.4747440563276,-885.7566704542095,-0.0,-1325.9936549018653,-0.0,-0.0,-0.0,-3315.0994510536484,-973.5921501082802,-221.11219138340024,-821.8060423201381,-633.7170371573159,-895.0976312143722,-0.0,-0.0,-0.0,-0.0,-4985.424010250035,-662.509149840429,-1577.8419276266166,-3377.122894525536,-1846.5180100211971,-385.71680292637967,-0.0,-1671.0594900606307,-759.4417140693715,-0.0,-259.438581673637,-335.25088027720034,-0.0,-828.9622872708788,-217.93336335403032,1318.2058616416043,-400.67186431510885,-0.0,-0.0,-874.2177146861885,-710.9738527657009,-1952.9363225373147,-360.26275398280774,-0.0,-0.0,-594.66347010721,-0.0,-0.0,-0.0,-0.0,-1171.1924747611151,-484.7715832223585,-1098.3437673827589,-437.0768763534023,-24.951913737184015,-665.7960287010023,-0.0,-0.0,-0.0,-0.0,-2093.899703323741,-0.0,-0.0,-0.0,-0.0,-0.0,-0.0,-681.6284109241893,-0.0,-2311.9923334541436,-457.1548905636447,-198.30123215183576,-1022.7531648245349,-0.0,-0.0,-1412.8193386286785,-1308.4489164596232,3.6596287147906463,-358.86721452709264,-30.238741722705576,-1390.4198327495312,-741.5861320657938,-0.0,-3582.3636057768617,-1173.1603305130095,-0.0,-0.0,-30.853233537669574,-262.85693892821723,-1081.5117835444346,-0.0,-0.0,-50.37060645588034,-1405.3079299539659,-456.7561656270222,-303.73699533532925,-38.339226501864275,-1623.8177858287315,-0.0,-0.0,-0.0,-0.0,-0.0,-562.8927640232816,-399.50792407088784,-536.302824660186,-3829.2979183273837,-1415.9495995609873,-1070.6200492723858,-17.04358033476961,-738.7351838461112,-1164.459527901298,-18.090087347669616,-0.0,-0.0,-0.0,-573.5493991560065,-425.0304518988969,-1557.8493935023716,-581.4778239237293,-0.0,-1365.9772803298188,-0.0,-647.663689636851,-0.0,-0.0,-1823.7892410717925,-575.0941519054536,-534.6258333686775,-1377.298378329424,-450.753299577986,-11.909571960085213,-627.2581639124462,-1165.4269895365137,-0.0,-434.6165671920825,-1077.748833038123,-3874.593517042561,-0.0,-56.066168740220675,-2079.2040123454967,-1343.8255512036917,-1146.6118350552215,-480.24044267664374,-993.8837539733809,-0.0,-221.53685109235354,-0.0,-232.4705047409409,612.3607745013709,-0.0,-0.0,890.9288715517688,-0.0,-2065.8289020971783,-587.895132024756,-981.6611240150127,-977.9893255171648,-1262.1422054665352,-357.9090073918495,-58.70807312364202,-0.0,-0.0,-772.9907777731302,-676.4536737746162,-662.3583384503955,-0.0,26.180013675551866,26.494362541064607,-143.03859423376477,-2723.0050051593844,-1672.3772755630512,-0.0,11.696030863807788,-1194.8157286100402,-3743.5959819694986,-2370.0340020516387,-436.5417622484616,-794.827031641572,-1061.2614916839473,-0.0,-198.51049240553553,-0.0,-475.81011515083645,-248.96611420286465,-1446.7811199426212,-2029.3303928786654,-257.79516320468895,-466.8232066577644,-4219.857064441754,-1081.9766756174888,-381.54427086431747,-431.72842965465765,-1315.7408468462272,-417.4130411596834,-7.216105128582841,-1266.1109614953555,-1446.6559117752831,-0.0,-0.0,-470.69969667862847,-1117.895812786732,-317.37096188858436,11.89145156218423,-0.0,-0.0,-0.0,-0.0,-0.0,-36.28956518099774,-665.4028779024744,572.4248925323352,-368.4709587812888,-637.0634805271729,-454.9753261407023,-982.20608893894,-1415.0214566292402,-920.3548056502185,-1598.8596730727422,-433.0014617212124,-576.2545738359645,-1330.768573580973,-560.8150516418686,-0.0,824.346445976873,-429.0281231583375,-36.714511793136204,-0.0,-828.4858682976356,-488.9968609974752,-1429.1841856245535,-1652.2369095181268,-2255.0493694389297,-0.0,116.1399692985169,-0.0,-0.0,-941.4760451431308,-1345.4515622720132,-0.0,-849.6196049655485,-7.834607187955103,-0.0,-0.0,-0.0,-2313.656494898338,-651.0811440789378,-217.52523470224938,-159.56334121466904,-0.0,-0.0,-1097.3826569819137,-1375.147632331742,-875.5258685339032,508.0086118259945,-8.207429862830127,-0.0,7.861490394353119,-0.0,-1420.5696866274145,-532.2357758031455,-1068.2901773975223,-1680.5056976132596,-1509.0424984514464,57.06545064464215,-0.0,-0.0,-1603.8015868878676,-359.46002352246046,-0.0,-0.0,-123.87322374987285,-0.0,-48.895814724662,-0.0,-1046.408212530495,-732.8731346466878,-0.0,7.86765957096247,632.8975222431661,-0.0,-63.53866682577587,-2051.22197423355,-0.0,-0.0,-585.1123786443497,10.371874767516069,-0.0,11.673981646955857,-376.4498583391156,-1464.0422744611005,-0.0,-750.6498444042594,-0.0,-998.648326089212,1620.7402880629058,-120.83599351747269,-1538.0463314064366,-1397.4330930568115,948.8242141643034,-47.913655884377896,-2178.227377634382,-719.3820875697124,-837.1870036437472,-0.0,-648.9605287414987,-77.41075303626089,795.4160794427702,-360.75678834663967,-1355.3322104192189,-0.0,-0.0,-0.0,-674.5143590874375,-601.1638651065401,-567.4475429479903,-916.8874242281485,-1008.989524208167,3.974084730960623,-864.6171123562368,-874.212274444365,-1128.3478825628313,-0.0,-0.0,-451.3946756503068,745.6856620794024,-5640.667248945757,-0.0,-1387.9815965677296,-1603.9839557968323,-790.4633925765718,-741.9237457311647,-233.5187037280958,-2435.2665438933045,-264.51670057002804,-0.0,-902.1796853677992,-891.2910013212401,-564.0623920620725,-0.0,-1245.5738924729314,-1997.4274142192248,-26.47035231727483,-928.9170083668218,-2223.6286502792254,350.0581227009228,-0.0,-410.2921470202489,-118.33485073104177,-1296.2242380627852,-902.9069314035704,93.68571625279323,-109.69619031250326,-650.0960285588837,-417.4681977378532,-506.58110006201196,-666.4175598167262,-507.5804770442122,-0.0,-1217.4815709876568,-0.0,-1110.7274474290828,-643.7206002886843,-181.26543527492507,-0.0,-1658.8233167807346,-4419.584078700551,-0.0,-421.55280153500087,-0.0,-2230.2057871351826,-285.34609908914507,-0.0,-302.67045983270674,-451.1755055599275,-0.0,-1940.0029743796822,-1313.4015950704736,-0.0,-3567.507399988437,-116.04879911065363,-1153.7271798171712,-1259.6222112955666,-1579.8130541196117,-113.37910173019624,-0.0,-820.7318664499553,-1940.6331333221772,-487.5336471116451,-822.505494577562,-937.7284596878919,-1578.2190502257022,-2027.0750999052927,-804.2515705748802,-1686.834573784936,26.858479967374112,-0.0,-267.5273834876631,-1366.774631470548,-1016.2912657284322,-0.0,-0.0,-0.0,-393.4529899785356,-360.40002719972193,-12.212375798408676,-517.6896756737024,-0.0,-1148.916348863578,-690.7411788999768,-483.4850463097629,1.5616624872346554,-0.0,-307.7416458441516,-1417.7263874373627,-916.3108795307003,-297.23049232736383,-756.5637346776343,7.5836840736976665,-0.0,-0.0,-2824.8588254998062,-846.7057422434722,-0.0,-0.0,-0.0,-71.35326385394065,-959.0860720935509,3.3649453878125626,-1569.8927209718163,-1367.3649162876136,657.6321038922604,-0.0,-530.422860370744,-0.0,737.3967326572872,-206.69887668648718,-0.0,-1492.2232047520138,-284.91979867581256,-1495.4083804116817,-0.0,-1406.0920426959624,-503.2462243403692,-205.09456852601437,7.6341777923360485,-33.260856141661925,-0.0,-0.0,-633.1961527938465,-1126.92591432389,-0.0,-522.3129784658719,-0.0,-306.6152006057452,-563.2701559956137,-0.0,225.78601230035227,626.738453114316,691.3274806102451,742.4978915120894,654.7533282168587,823.3140856153501,-0.0,-0.0,-0.0,-0.0,-0.0,16.89493551578455,-0.0,-0.0,-632.9144378966489,15.295381478608602,-342.0926247892629,-159.88532994120794,-0.0,-819.1420792196851,-1342.0192002489157,-1764.7673419368016,-233.1989702620501,-195.09255425186814,-0.0,-0.0,-506.92500305242095,-0.0,-0.0,-0.0,-0.0,-2421.0977759149723,-0.0,-35.91429804622272,914.8877820778685,-0.0,-940.3038919799902,-508.15052906257614,1036.431696526721,-857.458175421458,-0.0,-2784.476548584222,-1818.7752671548108,-216.87516315146692,-737.7536886212465,-1180.938820848415,-514.2190290428409,883.5081250520228,-77.44406516693982,-486.5025143289618,-0.0,-0.0,-503.4503311759945,-0.0,-869.2440146296567,-0.0,-431.5700783198683,-104.74997308998344,-0.0,-0.0,-1117.633965361153,-0.0,-0.0,-503.3709217570555,-1145.8670983190568,-1559.1150468352605,-0.0,-0.0,-0.0,-1749.4319276250774,-0.0,-1095.6212628886385,23.950028800987393,-0.0,-0.0,-1025.6072675413352,-831.4709145042623,-1166.0836112484635,-330.31222587111597,-0.0,-1103.4926614044261,-257.46178311487716,-0.0,-0.0,3.949706957511548,-38.66437269710625,-3569.6919991878026,-0.0,-39.23183337777147,-40.08873137707124,364.86347478060685,-78.3829704608845,-681.1495332884447,-720.7599966865307,-395.7169526306573,-0.0,-0.0,-1427.4134052761153,-0.0,-0.0,-0.0,-0.0,-0.0,-0.0,-0.0,-135.96938205210847,-0.0,-0.0,-1706.3929564440666,-7543.076553524998,-108.99076382245187,104.55638207866008,-432.67027160859135,-510.2926843389267,-400.8727209959477,-3397.835851561806,-218.74907420810993,-372.474006365576,-0.0,-0.0,-0.0,-1788.3322287434635,-0.0,-77.28319016095891,-0.0,-0.0,-0.0,-453.34958755121625,-12.030239485558774,-269.29230668820765,-1208.5810176509576,-569.1803851454448,-78.36495515826604,-1654.7379725887254,-0.0,-75.83115758010469,-1783.2598955128599,-0.0,-1197.7589003079754,-0.0,-1226.4065858941437,-0.0,-0.0,-840.4000267394072,-575.7588277247454,-30.347986143122693,-612.5290247429506,-99.37009777293399,-669.7841044671227,-141.31397753763034,-607.4593882803306,-608.8120715848642,-1943.2688523371655,-852.8398892172363,-0.0,-1516.679445034174,-375.62584202306,-694.7684507403969,-0.0,-0.0,-891.8966437689245,-1963.2993034747742,-127.40190316956247,-0.0,-0.0,-68.23242721545441,-2920.5336483454153,-760.2763623030593,-209.10333346745014,-307.91174804261584,-40.651574265327596,-3895.4404071121508,-0.0,-0.0,-1769.1786001914595,-754.521718215806,-0.0,-0.0,-0.0,-71.41049530856073,-0.0,-1644.6564271345947,-1523.9763939576824,-0.0,-358.1846721123745,154.98945579436693,-0.0,-0.0,-0.0,-890.526120085999,4.0403194979270705,-2183.114480881131,-560.0404537566585,-1047.5031434172363,-619.5234143353293,-2970.4901284779094,-1299.324861982625,300.3968112529267,-0.0,-1828.3944873216851,-0.0,-0.0,-0.0,-950.296189974058,-575.3690758219792,-1103.6415464845534,-0.0,-0.0,-806.5695214637162,-1153.136276200876,-606.3258392239223,-447.7820744667329,-0.0,-0.0,-1173.778645430206,-0.0,-0.0,-0.0,-0.0,-0.0,-0.0,-450.87510252599446,-160.90917276958024,-1296.0707849263113,-0.0,-661.9921036544159,-3701.122135201569,-41.61726660585826,-0.0,-0.0,-0.0,-0.0,-0.0,-0.0,-0.0,-0.0,-0.0,-0.0,-1149.934806206614,-1702.8837324681554,-0.0,271.24068810457044,-0.0,-543.4580399835579,-81.88775243998113,-0.0,-631.6657012641132,-306.3920733555526,-22.88790508123357,-2807.280377145588,-431.89180465674065,-2651.128694613824,-177.0837173824368,-1662.2813007696625,-1506.1320489504988,-576.3469260585728,4.07356992568235,-0.0,-1107.620996490957,-1878.688324775109,-2158.6183296559943,14.30846802900423,-447.9365041780314,-1535.5830238170736,-0.0,-1823.8892918436136,-339.24783183858386,-0.0,-2682.6379406314204,-0.0,-856.7741019167094,-0.0,-2638.2358827835064,-0.0,-0.0,-75.48672929558522,-863.0275581983675,-612.9884887796173,-0.0,-1081.9511012269406,68.95961287529387,279.5852203494699,291.88111573477073,-236.1515438103108,-1634.9330757699202,-656.5020441037958,-0.0,-0.0,-5124.681781310586,-1163.5955447539097,-0.0,407.24792654044467,-0.0,-1479.4080439286502,-514.3718798855526,-635.145983808605,-0.0,-0.0,53.10061786967079,-0.0,-918.5963436229684,-920.9092403564904,-1693.3719149248138,-0.0,-525.0423079282457,-2657.971203869671,-725.3028427744132,-0.0,-1157.53611984435,-73.12090856341445,-1158.4305236821685,3.8504072354107826,-842.1034503223334,-0.0,-0.0,-0.0,-642.4389013658514,-0.0,285.9147794905183,-0.0,-334.5166975225214,-700.1572471130282,-478.6495833884196,-997.5321769084779,-550.8935987736302,-1542.7291302035937,-806.1257114406567,-0.0,590.1317370252648,-2077.9648230629505,-1591.9558515959138,-636.0528973755368,-0.0,-0.0,-0.0,-134.74941484418466,-1010.822340205354,-290.8219266295189,-660.7507883650574,-1788.2450016735481,-2501.2750956010805,142.28920212758226,655.0326008774233,676.8779199370597,-0.0,-0.0,115.88271722130625,-86.54086387601258,10981.011570072227,1933.1772769123916,3535.2084577083847,5346.013574385077,-0.0,-0.0,-0.0,-0.0,-0.0,-1255.1718857286521,-1397.4664581059797,-741.7505963899,-0.0,-2600.143509819374,-515.2795443304498,-832.8051486185609,-0.0,-617.8527739887452,-1175.5090830010704,-884.1706839400234,-1108.4322369199554,-0.0,-2852.652193917711,-1788.4147304916596,-694.5294213985293,-126.741810290126,-2645.114266682132,-0.0,-249.72352643231432,-0.0,-83.18036228846641,-0.0,-119.41161586111402,-181.9542702429134,-906.2312857185021,-761.1521844602064,-0.0,-0.0,-0.0,-1904.7859921557792,-0.0,-0.0,-247.03167240286766,-831.5736814538288,-865.7373745791646,-61.36737690603996,-951.2609060595242,-1668.9878157662172,-304.0881992266258,-0.0,-0.0,-142.17468605803904,-1433.8787921188298,-404.7901319521713,-0.0,-5439.963287694747,255.58891835449407,-0.0,-0.0,-0.0,-193.34284730537723,-393.842573737613,-0.0,-0.0,-1089.3116877297277,-1826.9763806853537,-1021.6757431937716,-377.8446086338589,-354.36920072600566,-480.20067008755615,396.52392162348656,-1044.2704390749805,-0.0,-446.1245267683385,-2083.8689023379316,-436.24776436773806,7.137009297785172,-0.0,-413.3275242693594,-0.0,-0.0,-0.0,-1142.2187029026204,-406.71807673569657,-1277.7169906225433,-0.0,-0.0,-0.0,-172.7537967412768,-469.90661403355824,-1489.135883730069,-2550.859303435913,-190.52135522355996,-111.74398870534263,-0.0,91.81513705676566,-0.0,-1016.632503619832,-154.86032928087724,-0.0,-0.0,894.6990252542564,-0.0,-1537.6467459247865,-0.0,-0.0,-0.0,-177.18473170491606,-1809.6374924281167,-1432.6801834873968,-28.209990942378965,-2016.8501938064862,-1404.9692203834525,-25.393566021618913,-28.474234533331384,-61.0722343206993,-0.0,-0.0,-1814.6189688014597,-0.0,-5388.23350911117,-0.0,-1348.7191483649951,-253.58176891860938,160.44787579427393,-0.0,-10.39106638956229,-1473.3510518968935,-1421.9094111972609,-500.9062213607001,-33.280383086078196,-92.40328467771641,-0.0,-0.0,-0.0,-0.0,-967.5985566331245,-996.4125832261008,-0.0,-529.1495426392279,-1107.985879653544,-214.60701554785143,-27.901906393561365,-0.0,-0.0,-0.0,980.6210628922271,-70.2460079918766,-0.0,-448.46077100961605,-736.0883330660414,-1361.3721074470238,-0.0,-0.0,-2249.2332163875176,-0.0,-0.0,-0.0,-0.0,-622.6784229550217,1001.3578749858718,945.9759690656837,1044.6720181211401,-0.0,-0.0,-0.0,-583.4997814867376,-0.0,-0.0,-336.5923187631842,-206.3398221728467,-0.0,-197.675658855713,-1063.1969572500418,-1178.0074454814483,-0.0,-0.0,-0.0,-18.750439453437664,-1276.8565466316606,-16.98749320158266,299.0094440178038,-0.0,-1453.5589120507514,-800.7595216531195,-515.9282985284424,20.072979858072898,17.515214841478826,-273.8082158126836,-14.441869581715496,-336.81230961756177,-351.73853107502396,-962.2630269372145,-322.04332119423884,678.5414619128118,-1262.4119496293822,-136.82187726454254,-139.80316703728764,-3241.786584440645,-2343.9578194597125,609.930935743898,-1044.01133207555,-122.56863587258943,-3.978337755341107,-635.3915466405999,-1003.8838706004187,1686.4350871200218,-590.6115818608527,-604.3638145276207,-660.560694985466,-0.0,-5302.63216569287,-0.0,-492.70698684707475,-870.5916955882751,-649.0171698863194,-752.1812219332451,-987.9759815598194,-0.0,-970.6459259443799,-184.97289957793137,-75.8411033631601,-6920.38045606926,350.90463876633976,-154.50640599652803,-0.0,-518.4837918887098,-999.8795913233213,-0.0,-0.0,-484.2137118749463,-1426.549145163215,-37.24221077354933,-209.05731345897132,-257.720767000729,-1073.0067967836533,-0.0,-0.0,58.480386837548274,-0.0,-0.0,-1548.8476599856886,-0.0,-1773.4157882547938,-903.245587968664,-1196.5084203597269,-0.0,-0.0,-436.1769213913588,-856.1315813534299,-132.246705293941,-0.0,-372.1472291319985,-143.64111855413665,-402.28439459471775,-0.0,-172.0508110436039,-410.1265857558859,-2109.6915928302274,-763.782472256815,-1251.4471573669098,-0.0,-0.0,-1079.976145629561,-25.703251739995704,-0.0,-0.0,-1196.1047614184333,-0.0,-0.0,-0.0,-0.0,-0.0,-0.0,-0.0,-0.0,-0.0,-0.0,-86.1903718041506,-0.0,-0.0,-0.0,-0.0,-0.0,-0.0,-0.0,-0.0,-0.0,-0.0,-0.0,-273.7441447226448,-0.0,-0.0,-0.0,-0.0,-0.0,-0.0,-0.0,-0.0,-0.0,-0.0,-0.0,-0.0,-0.0,-0.0,-0.0,-0.0,-0.0,-0.0,-0.0,-0.0,-0.0,-0.0,-0.0,-0.0,-0.0,-0.0,-0.0,-0.0,-226.32058855434988,-0.0,-0.0,-0.0,-0.0,-0.0,-0.0,-0.0,-0.0,-0.0,-0.0,-0.0,-0.0,-0.0,-0.0,-0.0,-0.0,-0.0,-0.0,-0.0,-0.0,-0.0,-0.0,-0.0,-0.0,-0.0,-0.0,-0.0,-0.0,-0.0,-0.0,-0.0,-0.0,-0.0,-0.0,-0.0,-0.0,-0.0,-0.0,-0.0,-0.0,-0.0,-0.0,-0.0,-1202.4622924017715,-544.9111997316622,-1463.247841408722,-0.0,-0.0,-0.0,-0.0,-0.0,-0.0,-0.0,-0.0,-0.0,-0.0,-0.0,-0.0,-0.0,-0.0,-0.0,-0.0,-0.0,-0.0,-0.0,-0.0,-0.0,-0.0,476.49504798585286,-0.0,-0.0,-0.0,-0.0,-0.0,-0.0,-0.0,-0.0,-0.0,-0.0,598.0341922642242,-0.0,-0.0,-0.0,-0.0,-0.0,-0.0,-221.9735251162301,-0.0,-0.0,-0.0,-0.0,-0.0,-0.0,-0.0,-0.0,-0.0,-0.0,-0.0,-0.0,-0.0,-0.0,-0.0,-0.0,-0.0,-0.0,-0.0,-0.0,-0.0,-0.0,-0.0,-0.0,-0.0,-0.0,-0.0,-954.4884061106887,-0.0,-0.0,-0.0,-0.0,-0.0,-0.0,-0.0,-0.0,-151.4785252733422,-0.0,-0.0,-0.0,-0.0,-0.0,-0.0,-0.0,-0.0,-0.0,-0.0,-0.0,-0.0,-0.0,-0.0,-0.0,-0.0,-0.0,-0.0,-0.0,-0.0,-0.0,-0.0,-0.0,-0.0,-0.0,-0.0,-0.0,-0.0,-0.0,-0.0,-0.0,-0.0,-0.0,-0.0,-0.0,-0.0,-0.0,-0.0,-0.0,-663.9930196288896,-0.0,-0.0,-0.0,-0.0,-0.0,-0.0,-0.0,-0.0,-0.0,-0.0,-0.0,-0.0,-0.0,-0.0,-420.3931471737827,-0.0,-0.0,-221.26737875105337,-0.0,-0.0,-0.0,-0.0,-0.0,-0.0,172.02994553631302,-0.0,685.8413481513277,-0.0,-0.0,-0.0,-0.0,-0.0,-0.0,-0.0,-0.0,-0.0,-0.0,-0.0,-0.0,-0.0,-0.0,-0.0,-0.0,-0.0,-0.0,-0.0,-0.0,-0.0,-0.0,-0.0,-0.0,-0.0,-0.0,-0.0,-0.0,-0.0,-0.0,-0.0,-0.0,-126.981181001617,-0.0,-0.0,-0.0,-0.0,-0.0,-0.0,-0.0,-0.0,-0.0,-0.0,-0.0,-0.0,-0.0,-0.0,-0.0,-0.0,-0.0,-0.0,-0.0,-0.0,-0.0,-0.0,-0.0,-0.0,-0.0,-831.5676592117951,-0.0,-0.0,-0.0,-0.0,-0.0,-0.0,-0.0,-0.0,-0.0,-0.0,-0.0,-0.0,-0.0,-0.0,-0.0,-0.0,-0.0,-0.0,-0.0,-0.0,-0.0,-0.0,-0.0,-0.0,-0.0,-0.0,-0.0,-0.0,-0.0,-0.0,-0.0,-0.0,-0.0,-0.0,-0.0,1112.7653192720975,-0.0,-285.7977581405747,-0.0,-0.0,-0.0,-0.0,-0.0,-0.0,-0.0,-0.0,-0.0,-0.0,-0.0,-0.0,-0.0,-0.0,-0.0,-0.0,-0.0,-0.0,-0.0,-0.0,-0.0,-0.0,-0.0,-0.0,-0.0,-0.0,-0.0,-0.0,-0.0,-0.0,-19.37963313039367,-0.0,2241.6570549477033,-0.0,-0.0,-0.0,-0.0,-0.0,-0.0,-0.0,-0.0,-0.0,-0.0,-0.0,-0.0,-0.0,-0.0,-0.0,-0.0,-0.0,-0.0,-0.0,-0.0,-0.0,-0.0,-0.0,-0.0,-0.0,-0.0,-0.0,-0.0,-0.0,-0.0,-0.0,-0.0,-0.0,-0.0,-0.0,-0.0,-0.0,-0.0,-2075.905313186625,-1441.7574356558068,-0.0,-0.0,-0.0,-0.0,-0.0,-0.0,-0.0,-0.0,-0.0,-0.0,-0.0,-0.0,-0.0,-0.0,-0.0,-0.0,-0.0,-0.0,-0.0,-0.0,-0.0,-0.0,-0.0,-0.0,-0.0,-0.0,-0.0,-0.0,-0.0,-0.0,-0.0,-0.0,39.97059930969891,-0.0,-0.0,-0.0,-0.0,-0.0,-0.0,-0.0,-0.0,-0.0,-0.0,-0.0,-0.0,-0.0,-0.0,-0.0,-0.0,-0.0,-0.0,585.5110386624747,-0.0,-0.0,-0.0,-0.0,-0.0,-0.0,-0.0,-0.0,-693.4600846869175,-0.0,-0.0,-0.0,-0.0,-0.0,-0.0,-0.0,-713.3718569607604,-0.0,-0.0,-0.0,-0.0,-0.0,-0.0,-0.0,2332.5676913793027,-0.0,-0.0,-0.0,-0.0,-0.0,-0.0,-0.0,-0.0,-0.0,-0.0,-0.0,-705.8739121992559,-0.0,-0.0,-0.0,-0.0,-0.0,-0.0,-0.0,-0.0,-0.0,-0.0,-0.0,-0.0,-0.0,-0.0,-0.0,-0.0,-0.0,-0.0,-0.0,-0.0,-0.0,-0.0,-0.0,-0.0,-0.0,-0.0,-0.0,-0.0,-0.0,-0.0,-0.0,72.31484986826526,-0.0,-0.0,-0.0,-0.0,-0.0,-0.0,-0.0,-0.0,601.1051532842498,-0.0,-0.0,-0.0,-0.0,-0.0,-0.0,-0.0,-337.8388651533945,-0.0,-0.0,-0.0,-0.0,-0.0,-0.0,-0.0,-0.0,-0.0,-80.39959315664443,-0.0,-0.0,-0.0,-0.0,-0.0,-0.0,-0.0,-0.0,-0.0,-0.0,-0.0,-0.0,-0.0,-0.0,-0.0,-0.0,-0.0,-0.0,-0.0,-0.0,-0.0,-0.0,-0.0,-0.0,-0.0,-0.0,-0.0,-1772.931781741182,-0.0,-0.0,-0.0,-0.0,-0.0,-60.78293013669166,-0.0,-0.0,-0.0,-0.0,-0.0,-0.0,-0.0,-0.0,-0.0,-0.0,-0.0,-0.0,-0.0,-0.0,-0.0,-0.0,-0.0,-0.0,-0.0,-0.0,-0.0,-0.0,-0.0,-0.0,-0.0,-0.0,-0.0,-0.0,-0.0,-0.0,-0.0,-0.0,-0.0,-0.0,-0.0,-0.0,-0.0,-0.0,-0.0,-0.0,-0.0,-0.0,-0.0,-0.0,-0.0,-0.0,-0.0,-0.0,-0.0,-0.0,-0.0,-0.0,-0.0,-0.0,-0.0,-0.0,-0.0,-0.0,-0.0,-0.0,-0.0,-0.0,-0.0,-0.0,-0.0,-0.0,-0.0,-0.0,-0.0,-0.0,-0.0,-0.0,-0.0,-0.0,-0.0,-1233.2252897394624,-0.0,-0.0,-0.0,-0.0,-0.0,-0.0,-0.0,-0.0,-0.0,-1546.1051494201258,-0.0,-0.0,-0.0,-0.0,-0.0,-0.0,-0.0,-0.0,-0.0,-126.45597373904464,-0.0,-0.0,-0.0,-0.0,-0.0,-0.0,-0.0,-0.0,-0.0,-0.0,-0.0,-0.0,-0.0,-0.0,-0.0,-0.0,-79.38869656272313,-0.0,-0.0,-0.0,-0.0,-0.0,-0.0,-0.0,-0.0,337.57622030337797,-0.0,-0.0,-0.0,-0.0,-128.92307780488596,-0.0,-0.0,-0.0,-0.0,-0.0,-0.0,-0.0,-0.0,-0.0,-0.0,-0.0,-0.0,-0.0,-0.0,-0.0,-0.0,-0.0,-0.0,-0.0,-0.0,-0.0,-0.0,-0.0,-0.0,-0.0,-0.0,-0.0,-0.0,-0.0,-0.0,-0.0,-0.0,-0.0,-0.0,-0.0,-0.0,-0.0,-0.0,-0.0,-0.0,-0.0,-0.0,-0.0,-0.0,-0.0,-0.0,-0.0,-0.0,-0.0,-0.0,-0.0,-0.0,-0.0,-0.0,-0.0,-0.0,-0.0,-0.0,-0.0,-0.0,-0.0,-0.0,-0.0,-0.0,-0.0,-0.0,-0.0,-0.0,-0.0,-0.0,-0.0,-0.0,-0.0,-0.0,-0.0,-0.0,-0.0,-0.0,-0.0,-0.0,-0.0,-0.0,-0.0,-0.0,-0.0,-0.0,-0.0,-0.0,-0.0,-0.0,-0.0,-0.0,-0.0,-0.0,-0.0,-0.0,-0.0,-0.0,-0.0,-0.0,-0.0,-0.0,-0.0,-0.0,-0.0,-0.0,-0.0,-0.0,-0.0,-0.0,-0.0,-0.0,-0.0,-0.0,-0.0,-0.0,-0.0,-0.0,-0.0,-0.0,-0.0,-0.0,-0.0,-0.0,-0.0,-0.0,-0.0,-0.0,-0.0,-0.0,-0.0,-0.0,-0.0,-0.0,-0.0,-0.0,-0.0,-0.0,-0.0,-0.0,-3738.2558484405513,-82.28796784473413,30172.416901297707,-3468.5223259868067,-3452.6513940720724,73412.05834193237,-0.0,-6753.582668978711,757.0534611002614,1740.0521822011053,-22172.28367035319,-0.0,-4664.643641796391,-0.0,-0.0,20522.114980183123,-11564.150210284417,2676.788107511945,5987.443097707018,-3596.4854831408657,-21783.65421412743,-8030.613575686388,48.36520203221809,-85.63186206113221,-5551.152813049096,-0.0,-10838.291595583336,-16186.89142559157,12717.697810687017,-118.51492937020886,352.2471917275133,41941.84255276783,-2116.1939106241,-90839.09430574915,-2883.3573219179843,-21235.567212744325,-14263.982659640036,-4624.106462063315,-5720.727594614202,-14332.185289385108,11921.651097435193,-2019.737110354109,-3215.6201054171725,-3065.172796192788,-10392.74918309376,5977.924419028494,29815.80558673308,-701.9569507232973,-165.60222846013602,18674.12717355681,3106.0125210797687,-165.84337870121644,4731.116048023828,5232.031918919972,-5097.78336558248,-6686.82174383235,-2947.311221375479,362.37170352882583,-0.0,-0.0,-1140.6922313754746,-7064.876837555947,-3480.995578807235,-3005.7094965818205,-422.6372860975962,-4459.385033698642,10263.509302463184,5695.1633425925065,-7272.511954940358,15659.508342371366,-17402.061761988964,-28473.243840439885,64330.377472487926,-20592.092755835914,-7216.699007018988,-1713.700142603177,-2857.2717721870476,-5651.218876469152,-3520.2967906696863,-29125.623232283804,-0.0,-12640.02563805357,-0.0,3196.0615000281173,-0.0,-0.0,-12031.907896196504,-1262.0510021952011,-0.0,-0.0,3222.5910575804314,-0.0,116.92520885146179,-0.0,-5500.927155682357,-4026.025376600662,-6926.514590696121,-7641.949653990378,8268.31629487314,-0.0,-25970.136971280557,41505.73155508803,-0.0,-0.0,-17735.715666377262,-7935.983112674995,117.09760850668671,501.09020697331607,-0.0,52721.07816492574,-0.0,-0.0,-0.0,-0.0,48488.275433204086,-1332.2872337546892,-0.0,-11424.380988820196,-0.0,-4793.521256970709,-827.3818396281142,-2385.4463571537726,-13861.317914883568,8139.057964781848,-901.036927678154,-8235.15140622966,-0.0,-0.0,-5899.516062989522,-6327.307999272868,-11129.121381804869,53838.88242011898,-0.0,-191.75482324192288,12209.912048142993,3767.133296601117,-2488.5233714869532,613.5608845990647,1543.552495706745,-3378.2250442434256,132.429656150417,-16649.25501418138,740.5395632722377,12200.921905566584,-595.366319357716,9183.681054015662,41744.307190591266,4959.711602180847,951.7135460997239,8556.16029514682,-1814.4959553855972,-6931.020124125843,-7949.3830493656915,-14027.917779326313,-0.0,2561.7808400789795,12799.25759305657,11539.287661035436,-7289.810887515873,5341.564511775293,3271.875206815323,-8090.5602706016925,19900.1869797086,-13015.078421693957,-0.0,4826.293888372402,-10588.87831006506,-13873.05059124031,-6686.017570998552,23190.09115194408,1912.1993513942127,-0.0,-4725.981870259823,-0.0,-2188.3402248929674,50.84383518665305,-3147.847083094816,-739.713884477632,73.1388069560587,-173.35011117424295,-19733.504849343513,-12538.193207583323,20740.637369463275,-6985.324092755572,3087.6609579079022,7553.066569537617,-6786.5260848593925,-4393.605580768386,-12298.017610012219,-0.0,-1793.0603103619867,-1841.698026377979,-0.0,1034.2250187184593,-2815.657693001816,-0.0,-0.0,-14376.55904237695,-2878.805076010403,3502.971046040926,-3425.0872223290303,-0.0,-0.0,-0.0,51157.948595443326,21186.18934285563,-0.0,-1257.7396810764267,10946.442577993015,-0.0,-3716.909428743521,-2556.613958894805,-0.0,-4610.2903726784025,-6879.220386707032,104773.33420123313,-11086.320401092316,-8024.312839704285,-27770.115942310797,-0.0,2276.4978118316753,2050.9341998153795,-9064.35266893098,23708.06809138259,-7309.783104623018,-40776.798081707006,-13750.840235750991,-9198.132878453254,-0.0,1160.3598092426448,-4407.054367679502,19030.700735640043,-1963.6127084937887,76.07362330813186,-10712.430290017674,-8377.540236080024,27461.82097311764,-0.0,-1419.5590087040775,109.41950945454536,-0.0,-0.0,-0.0,-0.0,-0.0,-0.0,-0.0,-0.0,-0.0,-0.0,-0.0,-0.0,-0.0,-0.0,-1156.6670921294094,-0.0,-0.0,3803.823639914668,-10551.245404148985,-783.464350513474,-8387.337148867433,20571.008039875927,8000.073662915305,-3423.4501511198073,2087.6656412835937,35624.55115809496,-0.0,-0.0,-3454.6345910499977,2361.591946438493,-5922.013715309362,-7388.564282133546,-0.0,-180.01884829529888,8406.632031568177,-3831.6814657928367,-834.3959897060901,2747.5513860037313,-24988.37868557949,20799.44634266282,-4350.304439332662,-1914.6211408761553,12543.535355835567,-0.0,-0.0,-0.0,-0.0,-0.0,-0.0,677.2462542178173,46264.049843793444,-8550.918068248173,-6695.440155112201,-11122.31450353597,-0.0,-9183.411239987343,-11258.836475629898,-0.0,-0.0,-0.0,512.9004770124369,493.02144222035975,723.5058811059167,2658.1947575667723,-0.0,2327.7162631423903,858.3895556263201,784.0442930381575,691.6524802942521,722.1409616981822,2930.491270477375,1547.883046572436,2920.56326533886,2315.327054468737,2560.634833189063,2822.711438104867,33548.65497390558,36752.636315948825,34754.36012760813,31488.407564301786,5998.975547027506,5946.133895776787,6859.095802214293,8498.676906180639,4181.906889503228,1803.1362044937982,1899.2682010081257,1910.3170125412908,1793.244569267136,1892.930131252275,4399.240756540503,2749.1519287967562,1166.1815951523515,1121.2221951345618,590.2879481510143,344.57848230398304,417.8022321673072,30340.88812942863,32905.79981396399,34926.617972191576,32110.898544156567,49597.32276255268,52213.471947903956,1174.5234478392344,1165.1990715361515,1172.144362845777,993.5805948804992,1109.176719210472,1157.0574486091803,565.9298653972756,43452.043392038424,46411.90823010174,47366.92419335072,2411.3568361201746,-0.0,6227.125067247972,35473.76997268927,32010.870642367106,32383.051976513714,53444.01736909735,58656.63219334373,60232.25068155344,50616.630608677195,2379.213440684237,2100.38823517061,4396.842776967407,-0.0,17562.618297744364,20452.19833022357,-0.0,429.29822368012526,894.0767381928281,1404.5698016661486,1286.8506431543603,1495.0670563970127,1324.9769360257708,1530.308696133793,1241.9357111223528,36374.69566705838,35260.91925849441,34628.777573331565,32643.774014914266,951.3908939770997,1087.7422278315353,-0.0,-0.0,15494.176608675043,35092.685278047014,33756.43244387377,31516.64741778684,30415.92324260797,-0.0,43969.495230678316,47250.21645382308,963.6880405246549,1899.3712947276172,2086.3520438392907,2225.29120132844,2001.6795900641755,1970.2335901847969,48005.75311871905,45280.445691394525,-0.0,-0.0,15092.806792482865,789.8102289392557,951.9726588070588,35802.86049877171,33866.31607268468,30504.43965013169,32320.228549440508,30801.092732135734,32740.989984651354,-0.0,14307.557374824788,9096.7724066858,-0.0,-0.0,1136.1217964058228,1248.0920905398602,396.78198916517795,355.08298035389356,290.70651296488575,292.2679871354849,-0.0,1040.0714510810988,991.6096692482957,953.3846116363075,1086.8724084467754,-0.0,1322.8905563396697,1379.5036609417605,1746.2292741144595,1866.9576268494864,1866.222784008612,1828.032441020592,680.0059849719473,828.895298313249,758.4155991032567,1138.0553312986026,802.5037181771431,720.5686902433374,769.4111366078282,776.639337718933,7332.373992230343,8324.38219956455,37.54113915266731,65.3430611770421,3058.425238525792,14394.310180302638,918.2976004371542,881.7361970282152,-0.0,-0.0,5749.159769735743,5826.680858998638,5715.506118873311,5655.224267306409,1204.3605233519042,1302.2943211392226,34372.14556836486,34997.39239742336,7614.053503514973,6658.684268935369,-0.0,47623.14167866568,1941.8407250455443,1825.3300594012799,994.3691914383061,49481.021379229016,52856.87141986013,51145.40535012802,47166.224385845904,387.0327830933387,53208.959469289715,50076.04977656553,-0.0,-0.0,17342.241699735074,-0.0,626.4811049336,638.6204238512397,567.5438260173353,1514.7520554322496,8473.140838163374,19956.20589795159,1289.5207568560197,1392.669275294042,46.527141013693424,609.0914535074972,609.5633306842942,13535.5103637906,1368.5413862166893,-0.0,-0.0,-0.0,983.4024254369217,-0.0,1048.0341491434128,-0.0,3868.7343046598116,904.6074178591718,1019.4558481334731,965.2020759210434,611.786353058922,592.0042353860814,558.1240105036708,1358.9894988551812,1507.1670651635702,1635.3971930128623,983.7770908925867,110.51742058897425,4498.741760353777,47507.93291747838,51550.8003966121,9296.646298288973,18722.178240872443,14098.367184238992,14732.62441810837,1811.4884274245298,1652.6626229912242,1302.6273150883853,1301.952794651286,710.7260730189599,859.526717306342,2125.7944625505634,32075.65006823468,34479.46246375094,1220.819037267911,1248.9220569443005,1208.5859172980088,2073.8884621119214,2213.2483573642694,2531.7487756333303,35276.91140221501,31579.04540022653,31369.10447230001,34352.00772907677,-0.0,-0.0,-0.0,2119.245784537326,2352.15861384801,2044.5393957484437,6312.634298636369,5509.6098523183455,5959.073607868008,1624.6617388075692,1712.3312587659075
6,-0.0,-0.0,-547.0384533781688,-1739.8375069461176,-408.8318806584084,-483.1992799362227,-47.448987806807374,-899.2367674468069,-613.5338101691941,-0.0,-1297.2301127684377,-0.0,-0.0,-1915.0790487636318,-0.0,-517.5303158023306,-386.21293516051287,-0.0,-0.0,-164.48839697540936,-234.44022176500326,-624.8132321339466,-991.9949149342186,-636.7374686595467,-1872.5583179862128,-1156.418516277583,-0.0,-0.0,-2609.4685345639045,-1574.8099739024328,-0.0,-0.0,-0.0,-0.0,-0.0,-0.0,-97.57124061979987,-282.19025125019,-1513.1887121184873,-1223.329975541354,-0.0,-0.0,-119.7075191937358,-637.309286685282,-160.33153923087082,-0.0,657.2400276547006,-1488.6895714342065,-364.8949501014887,-0.0,-0.0,-333.97937985950483,-4.0998196929263155,24.333196911911273,-1758.2238597612745,-3032.3471391116905,166.0530134553152,-5192.244442252362,-216.4342063974385,-0.0,-1469.699341091458,-0.0,-589.8260888240898,-2249.2301829593844,-481.572048273864,-570.3211215485574,-36.75955701103575,-2067.1153420193355,-686.1951116416128,-482.42937248299774,-2772.286224827203,-0.0,-0.0,-2076.9623281157074,-923.8289000800023,-357.81034072271035,-1725.152838784365,-0.0,-0.0,-1352.9597526375119,-1456.9495751284473,-427.9742481325744,-3539.643141873418,-58.03029965451954,-68.27970794666432,-1565.0640361414578,-0.0,-555.6952670192712,-930.9818717763885,-15.973023205066795,-0.0,-1338.6761662764663,-76.70006761517377,-587.6184879414801,-2056.8328612108658,-48.11861131456246,-2066.79610954885,-316.373296670763,-1312.097807509245,-2406.636085663685,-670.742026673433,642.7028240063436,-508.10985604712897,-0.0,-1513.619064948941,-2162.493211824689,-3911.0786502481455,-515.3353478237564,-2576.6642714438944,-0.0,-1376.4614881722878,-0.0,-0.0,-463.83181032250724,-0.0,-0.0,-485.33965181079435,-72.79767425637579,-1515.914583052714,-766.6368549103811,-931.2166866335873,226.14829856858955,-410.3529213925156,-328.97961147663955,-375.24660582861924,-13.979803212824864,-408.4281583197528,-478.7179092461747,-716.1165992277192,-0.0,-4697.718058809193,99.45127512479958,-88.65037760606076,-4120.426477334849,-0.0,-932.3053472651785,80.79415937342999,-0.0,-594.8695562128598,-0.0,-0.0,-476.2725481580994,-0.0,-313.56447414701154,-882.7268867957624,-0.0,-980.539482480247,-253.10758770583917,-653.3079236760419,-2020.133458392032,-0.0,-1577.2122489805058,-944.6898285030974,-0.0,-0.0,-0.0,53.33892355716271,687.522405635894,-0.0,-1436.7705305669945,-1708.9362775282807,4.1138580516549235,-0.0,-0.0,-446.0494624327123,-326.17529139882,-348.26908620302714,-0.0,-355.56457741209346,-2900.8893732810316,-1064.019147572985,-0.0,-1149.0901547911847,-2126.6626636050855,-0.0,-0.0,-0.0,-0.0,-0.0,-0.0,-512.0358294838675,-628.8017901366343,-250.02245155402642,-161.29656332664308,-981.3762832773049,-14.96573067158143,-0.0,-0.0,-612.4890874613739,-0.0,-592.4643243346943,-185.2323570644373,12.514163985213438,179.31537017346946,-0.0,-0.0,-967.2598135085508,-373.8567066970499,-474.03463924319857,-0.0,-2541.923898208178,-2004.9426357200982,-848.3550466425845,-0.0,-0.0,-2026.8057788799524,-1207.4026328021641,-653.4482636005181,-24.08681976607078,-1468.5536465132222,-1185.4913256803918,-0.0,-0.0,-1720.8424560487608,-0.0,-854.2443259388482,-1000.5419972789628,21.549721365888452,-475.7250456209447,-527.7616242511964,-313.9495792974552,-0.0,-1631.4876089635754,-0.0,-2747.595226080249,-2330.5362068712716,-183.72174406371371,-460.0085358694327,-438.6043786834254,-0.0,-276.29920637256294,-197.84621872324112,-0.0,-956.8016154205853,-539.3819773275826,-921.5673397795423,-1643.0414945686127,-904.0117528653188,-1965.2527553832497,-1622.866880648905,-2191.2624661090135,-2169.1077689031445,-1019.7272366345304,-2008.5555087945913,-521.6107360385176,-399.3562935253897,-0.0,-1239.4280443600437,-814.7525171061852,-997.8658520241341,-430.20265997459524,-377.91597810879057,-2058.805313551782,-620.0310034430573,-418.5854099191754,692.1399235942976,-0.0,1046.160629684831,-1355.629508988809,-0.0,-0.0,-0.0,-0.0,-0.0,-0.0,-1237.7496844099146,-2710.8362396641073,-467.2919847004495,-896.8302167120138,-0.0,-0.0,-1791.7117368814102,-1248.2460302373731,-1860.642695267948,-0.0,-0.0,-63.275018672149656,72.10121313050972,-436.43390751471964,-1869.9605764802748,-446.6269721385032,-0.0,-400.7788416262125,-680.0586247340508,-11.974256990380857,-1162.3272048368465,-1057.6958294329443,-1418.7403803410161,-1044.072945000069,-139.08770448999786,-593.6767036570166,-0.0,-1540.5338606502078,-0.0,-893.359599652078,-116.64213037957875,-37.862963272424764,-507.39047734885196,-0.0,-2209.906809129349,-116.24629505527194,-591.4646397690252,-1462.313323305527,-1281.0063344182677,5.926488473762211,-491.1606849016926,-748.7691896896612,-22.969242449780307,-276.3572024982426,-424.1639422736137,-59.103773814905956,546.0530040467888,-1184.7858921919847,-0.0,-878.6938819387783,-1156.8488240977238,-0.0,-529.0556167387388,-0.0,-1454.164321032108,-0.0,-0.0,-0.0,-1096.7686391924804,-787.0114934086023,-380.19013372839686,-0.0,-1324.047550796659,-2914.9681693565794,-3388.077636764752,-0.0,-337.74524883799756,-0.0,-264.87856643023355,-337.2675131649915,259.1649973924051,-525.2032741508766,-0.0,-531.6616408182629,-889.0258212457696,-258.58698485101706,-482.10621610615357,-0.0,-427.9822218204415,-1099.9262521729743,-509.30962871690616,58.47805692954228,-2281.008157992227,-0.0,-0.0,-1016.2841173693741,-449.58749780353435,-1129.6046028969286,-66.28224740951279,-122.66461213948965,-215.7506121237561,-585.300091550261,-886.5410018048369,-1337.4249832958221,-2194.6194393964456,-0.0,-0.0,-338.44854979698846,4571.623423405855,-0.0,-0.0,-0.0,-0.0,-0.0,-2345.794053913665,-469.8077939374246,-0.0,-1004.2988172166739,-1005.4998102034585,-569.3313153351068,-2064.0894134933533,-168.45869321441413,-1135.274588441615,-0.0,-0.0,-1950.468535095894,-593.4296661497032,-1722.4039643948045,-641.3099176306637,-557.8032973957206,-1570.145328895238,-239.45139968253955,-1718.530252955171,-997.2220372033908,-106.9065471623404,-798.5576404708006,-1163.3927383205646,-199.8373326659376,-209.93963300206931,-1737.5105586236741,-0.0,-461.97049127862914,-253.85522080141936,-138.8266474016525,-720.4044409672598,-207.31064863305403,-858.9414308421958,-710.1589809699279,-1184.6818391598827,-284.66264650319465,-2423.140293384845,-21.656810861521276,-576.0897728293788,-0.0,-827.737289407117,-614.8193320329618,-908.2376270446103,-1027.3047789862353,12.217457080043358,-345.5275245741066,-757.8036749580353,-757.603463522335,-337.71310511419125,-979.4464894557545,168.0273914423723,-0.0,-0.0,-0.0,-0.0,-0.0,-0.0,4.239199549772833,-285.8157856739992,-2253.5654138020554,-4079.881358387463,-457.89706892917513,-988.1983829413323,-133.61268448419005,-503.34478064432443,-1293.380052423911,-1062.1706475700787,-75.50336059357073,-422.7907998767778,-456.09014408476787,-0.0,-123.41796748895956,-980.5661860362367,-608.1027289838786,-0.0,-1250.7087855130899,-0.0,607.20902287753,-0.0,-0.0,-0.0,-25.280859698572517,-0.0,-0.0,-922.4702203182882,-400.34373694288166,-1056.3331618696934,-0.0,-0.0,-0.0,-838.4059832283689,-529.5401232966052,-1288.4629323712888,-0.0,306.61735121853286,-0.0,-0.0,-2777.311492032828,-1291.2232228772782,-11.912414801698295,-0.0,44.33475561177866,-17328.153375771435,-16665.912334440858,-2390.198961039096,-0.0,-0.0,-0.0,-0.0,-287.30746733116086,-0.0,-0.0,-650.9641439735269,-2314.031576004616,-2011.7646115176299,-1401.1021139199127,-383.1283648733046,-1695.5347938824432,-42.449866014876015,-1496.1666949299067,913.9247568168689,-0.0,-784.0318214569065,138.8843003385781,-0.0,-0.0,-0.0,-0.0,-104.79720585427813,-0.0,-0.0,-0.0,-730.7585784527793,-1483.9495401095396,-0.0,-0.0,-577.9400039186094,-1943.8896337036267,-0.0,-1323.2164372383838,-1618.8255746919237,-1690.63612368114,-0.0,-0.0,-224.09771680440798,-70.95298513028924,-1017.2078015304807,-1403.7357042021572,-471.41517992063933,-1319.7595693139017,-1145.7819823144087,-0.0,-0.0,-0.0,-0.0,-360.8172275984789,-85.39545918689764,-0.0,-0.0,-176.47122927380192,235.72583541396386,-0.0,-1100.6759465623486,-1036.825969837271,-1029.1707464706437,-0.0,-0.0,-772.5862952902605,-1216.2482131687555,-704.7139841107072,-387.3676065586438,-0.0,-2165.4137275936723,-2188.908947259632,-0.0,-0.0,-0.0,-0.0,-0.0,-1322.0163500119265,-0.0,-1964.3892021343465,-1067.255334072203,-74.0853165730173,-0.0,-0.0,-0.0,-2462.196616492613,-1436.7237919124934,-529.1088998051436,-495.81997770620325,-999.4553812104297,-750.9714577845757,-0.0,-0.0,-493.8241692208111,-1217.4140404904717,4.069507235419808,-535.8464310921871,-0.0,-970.7451024265484,-760.5408916657409,-1493.6754043368203,-0.0,-236.4767429420483,-227.57602983040937,-293.8909025797267,-1362.6258566124902,-95.62780296849574,-0.0,-0.0,-0.0,-0.0,129.2621246322199,-146.8550192218966,-735.4394194910532,-1372.6140630634022,-1178.5297178567357,-516.6049965061135,-536.1650558986903,-8394.151873642308,-904.9546169882433,-525.4631451923506,-0.0,-0.0,-0.0,-317.54029873618776,-353.9873356017958,-1068.2581414218837,-312.5868782758117,-0.0,29.7458153073772,-0.0,-0.0,-0.0,-0.0,-0.0,-0.0,-0.0,-87.08500658860012,1574.881674520689,-0.0,-1288.6442522048799,-548.1461528283377,-397.01772006681654,-1735.0859141367553,-0.0,-0.0,-561.6341339044635,-677.6156078952905,-111.20886187160514,-126.54154168537498,-0.0,-592.8158924310848,-166.88314466165244,-1818.188427166289,-357.0961157885448,-466.82111743522506,-0.0,-0.0,-1234.9309480739712,-2181.632646384873,3.5429943405253144,-516.8980022409685,-388.9878573200219,-974.1754183332138,-1248.546666939111,-727.2000622880445,-284.7606490537549,-160.4005035481417,-1359.6026284301806,6273.870928640492,-0.0,-539.2526685392675,-578.6682466190135,-1092.6652543884834,-1077.9701854119187,-1039.0400623604803,-1725.2448321975708,-1653.9498977239034,-553.347390501634,-0.0,-0.0,-1629.0884554937577,-0.0,-0.0,-375.70545654306886,-1691.3204323161726,-1397.1702166656191,-245.30353057519565,-113.55590694669384,-1783.6847375159846,-0.0,-1291.93535592434,-0.0,-0.0,-0.0,-0.0,-0.0,-0.0,-409.4420353236569,-1398.176825984127,-949.7219756284917,-73.7471955536439,-225.77661466098095,-483.9514845745548,-175.38088820031788,-0.0,-0.0,-459.43041916683535,-575.4412179410928,-3445.494842553271,-0.0,-1167.660713832246,281.0971116908723,100.75166027685293,-0.0,91.29012076027438,-149.50364263913093,-91.76774817147098,-474.97364409835393,-0.0,-1506.5034591217432,-0.0,-0.0,-1327.834449546503,-0.0,2104.2460708176422,2055.1554880056865,2037.2526228310494,-0.0,-0.0,-1734.3750888617228,-0.0,-0.0,-281.7665841419574,-827.3600651426626,-763.6357150154388,-1003.9187068153121,-977.8353672679576,-0.0,-0.0,-0.0,-14.669117151523112,-697.3961374429656,46.46330587449971,-68.13963714270623,-1068.9828373158425,-887.0364622098355,-366.5099779897512,-1327.3381046236436,-0.0,-1727.3693723628928,-1096.9094110256033,-1526.664435338077,-473.9598706524375,-488.840055981253,-0.0,-1307.6220147128536,-791.2578410606043,-845.2515063545919,-1924.039988644121,-489.0535294840603,1117.8253252966579,-3.988253800224327,-364.11152110186913,-1153.4763431300717,-0.0,-1497.5375351523005,-3090.430729501439,-449.2322315414085,-498.5128384156776,-0.0,-0.0,-0.0,377.6870413322398,-367.27523355485323,-462.3144326060067,-165.51810191217677,-496.165589625627,-401.50095755518527,-0.0,-399.4832077193163,-956.0187537610448,-710.8191431844532,-0.0,-1867.862232438974,-3823.6291214817165,-0.0,-0.0,595.247312413453,624.0476338299025,-0.0,-0.0,-680.2562247392995,-768.4071778201111,-373.97246362236956,-628.8758871491278,-0.0,-0.0,-0.0,-0.0,-0.0,-2745.1956601008646,-380.75006104583997,-1617.0345496983432,-985.6383715509357,-0.0,-284.7239494028964,-778.8778755356524,-0.0,-316.098553136421,-757.9649387624544,-1018.477635742807,-4381.612875183948,-39.23062717228533,-0.0,-0.0,213.63698605663672,808.1575297697575,-0.0,-0.0,-381.5118643275085,-0.0,-30.768752444699878,-0.0,-2428.413758431735,-0.0,-400.30208792219696,-0.0,-0.0,1849.1483715813067,2103.520808479884,1720.309676051468,-0.0,-0.0,-419.57508089815883,612.4242438640964,-2221.1082137938174,8.468660851833109,97.60510031978104,-2438.6237733776734,-51.787216416713264,-140.9714784604625,-614.3311796767501,883.0405606802524,3085.691246370263,-2677.9929206932215,-0.0,-0.0,-885.9823271306814,-1481.774726042365,-1313.9463367033593,-244.00034534155967,-67.63988964805047,-0.0,-0.0,-0.0,-0.0,-1998.8616548832274,241.8710589448491,-0.0,-11.297060839352497,-0.0,-1578.3632698036895,-1723.4252210907032,127.72202340556669,-0.0,-0.0,-281.34256641920575,-0.0,-1621.3203221700826,-73.0263838578579,-1017.5192979929434,-360.9073822104616,-1167.83939008624,-631.2677970249804,-945.5944530850351,-606.5255676515455,-0.0,-0.0,-0.0,87.64975506790773,-0.0,-0.0,-270.1699953539799,-417.9233898459197,-647.8737960265778,-0.0,-1315.006940646094,-1013.7487823863312,-781.3059048417732,71.89109854706098,-375.6536647878131,130.97473757328882,-304.9718043952626,-0.0,-0.0,-7.990921868460736,-1728.0248675952878,-591.5713342081787,-923.2892444527158,-137.2066507529329,-1887.264615841208,-1725.9559311062158,-1010.795787206518,-1043.7656539281757,-101.63669679372374,-558.2784799264838,-657.284313701267,-1023.5759899412452,-2425.892005534125,-0.0,-1643.0425397224114,-142.08914639865162,-0.0,-2100.222347717643,-2757.9252297963208,-2095.6795372545466,-246.47247059451905,-0.0,-1404.2647049827533,-186.6629638688183,-1150.1541770928036,-655.7561754464157,307.7189807682091,-1714.8316192920622,228.635995670621,2013.2705661450598,-0.0,-206.53818762989724,-446.2752770558272,-826.3165211205895,-1160.6470477913506,-1615.6666366245643,-4094.144985992841,-0.0,-382.69179796597535,-1251.6371148039477,-653.6416842175855,-231.80281754668255,-26.31749084203173,-307.54843677466886,-0.0,-0.0,-0.0,-0.0,-236.2886277286876,-1160.3226023847494,-837.1801999126178,-49.9474277323587,-16.10953550918591,85.05596228349194,-0.0,-0.0,-1046.4937212313284,-487.36059136697855,-0.0,-2120.961552902515,-27.333607783745485,-1223.5711688727285,-0.0,-213.18746612724948,-175.62953146852672,-0.0,-0.0,-476.2588374871308,-0.0,-0.0,-4905.331495921312,-187.89400237606398,-2030.4578819133303,-8.440217711249002,-0.0,-126.58282531406132,-1195.4633451190623,-616.0586288334022,-290.47991241226873,-1348.0434987252186,-0.0,-350.3459058001234,35.53843690185416,-539.4337454838625,-0.0,-0.0,-37.82000167997161,-63.47299142624069,11.377707448142433,-376.7865423541674,-1317.3214132608166,-1523.162752409477,-0.0,-0.0,-0.0,-7.366442720592459,-292.1443385911545,-0.0,-1339.2897298622174,-2453.312191776105,-0.0,-0.0,-22.20803256865098,-1450.1532060554177,114.57320929712012,-0.0,-0.0,-0.0,-0.0,-519.7668113834656,-2145.3246538306694,-574.8558960092796,-1159.8651427540995,-0.0,-0.0,-628.9912307150486,-468.77865800719036,-364.4182541781151,36.05934295793417,-0.0,-0.0,-0.0,-769.6929985430055,-674.6596049966982,-471.5352836853655,-335.4094667159425,-0.0,-0.0,-0.0,-0.0,-2037.844717636422,-76.07725562488052,-71.55788000660998,-0.0,-0.0,-640.664828440863,-410.6538600619902,-0.0,-1819.5777033603986,-4822.315034991893,152.25686312761377,-1007.7223687796092,-0.0,-0.0,73.6611276543805,-606.4864737301259,-1627.0763853663627,-468.85684173191163,-2350.0937129258327,-1067.8836216340992,-771.3866924770472,-1398.4730588728908,-0.0,-0.0,-0.0,-36.47825808269837,-1053.4889929575095,-0.0,-0.0,-3170.1411983315998,-77.34227023565509,-1336.5196411008037,-709.1430411907186,-0.0,-0.0,-0.0,-0.0,-0.0,-0.0,-680.0500826635168,-0.0,-1528.3033305772306,-0.0,211.50062678539672,-1059.171069166457,-0.0,-0.0,-0.0,-2445.347291218348,-0.0,-0.0,-378.5995560581925,-0.0,-0.0,-923.3008055536649,-595.059738134311,-0.0,-0.0,-191.88922883497466,-1885.9844791628238,-0.0,-1221.9896914078968,-442.6337452384011,1135.002354533488,-217.96688472348671,-0.0,-469.8602178953173,-174.9206617748963,-0.0,-18.300751890832185,-0.0,-298.94994122469274,-0.0,-0.0,-0.0,-0.0,443.8507506981142,422.1128121220811,-812.8227432684683,-1695.0445078402042,-0.0,76.31810008142548,66.57686507171864,-74.08741601846184,-793.0689219316633,33.49275205843665,-462.77521735749383,-358.5758915785844,-227.55841039544887,-3266.4823382268883,-0.0,-226.2658511827922,-1459.9171570607646,-2185.803314965657,-0.0,-976.0919922170847,-1357.0314464647136,-1949.3161917522107,-710.6940637564986,-0.0,-842.9813901367382,-696.1844609080952,-753.2002909895948,-1401.7354600893466,-934.5238825329682,-0.0,-121.79264034124411,-1183.5687438268462,-0.0,684.3766716900317,-495.99655601599187,1003.2480130775747,-0.0,-0.0,-15.891538532026347,-569.0142110365965,-2296.186924110035,-959.8149733733886,-0.0,-792.7643213088684,-2866.644621910687,-918.4168915579864,-826.5998477812501,-1088.831536723575,-456.0190806508394,-33.64566137147828,-0.0,-0.0,-0.0,-1033.5209169587097,-4.0673370060945,-0.0,-0.0,-1819.8855340965054,-779.7212485555831,-501.7259181749901,-1562.694209718499,-151.3804561779851,-31.169123372517884,-2177.4630531491252,-741.5851134043226,-512.9591032386484,-1226.8025025917939,-0.0,-2420.315609852995,-376.0166722464729,-1066.477291291569,-1416.1599619145911,-338.212178453327,-495.30119393988366,-1395.296179704955,-396.04247416305196,-0.0,-0.0,-0.0,-1274.1320367738256,-0.0,-3648.235292610773,-1089.477346303083,-1319.8909810330622,-0.0,-0.0,-0.0,-0.0,-0.0,-121.44038527629476,-0.0,-247.59038408794012,-900.871518841529,-340.22420353011944,-0.0,-0.0,7.036171033147958,-0.0,-0.0,26.591427164071654,-244.0461190847791,-0.0,-469.1885863293024,-0.0,-0.0,-75.46929474208669,-0.0,-2749.063210118674,-2133.346986701389,20.963166550898716,-6163.735908193269,-928.47585827034,-604.3204622785618,-0.0,-758.946064748374,-1226.6674069913352,-0.0,-0.0,-0.0,19.999061425668156,-0.0,-1055.8496455300874,-0.0,-1488.0428905687338,-0.0,-0.0,-2164.9094238327943,-1013.7322357802143,-817.4865497574277,-0.0,-0.0,-0.0,-0.0,-264.57221534957733,-637.6449232623415,1291.1879507691365,827.18213395551,-774.4243822355203,21.64810737024883,-0.0,-319.01332721974666,-246.2048577892992,-1829.9410061930598,-390.9420471875308,-115.88986196767085,-1010.8219286665668,-1247.0860186297484,-950.1795638103355,-571.2436656687837,-0.0,-0.0,-0.0,-4.139570272833585,-0.0,-1432.9862833059767,-560.4192970089697,-0.0,-1849.5607612615574,-1163.9745932302324,-0.0,-0.0,-0.0,-0.0,-0.0,-915.9668208378343,-0.0,-292.40342130802844,-1402.2846666192256,-0.0,-1115.706992645751,-0.0,-0.0,-0.0,-2250.0992682557526,-1044.7210311723409,-908.276685903271,-2326.986262726514,-0.0,-0.0,-0.0,-88.38161978003147,-453.17643089966657,-25.979868719031604,-570.1139431973038,-131.97139302518,-0.0,-0.0,-313.92204298996796,-1329.7642169870899,-3730.11595831789,-0.0,-462.4445465494245,-1255.7675767695075,-419.6360459866312,-440.67344904914563,-0.0,-0.0,-3.4932811497278164,-1989.6188886977775,-1909.171964902741,-36.356698293046875,-1502.4961945581786,-381.22792692860236,-779.0537525876614,8.466329780216729,-995.0323473110141,-0.0,-1987.0742891236694,-0.0,-433.4759791382508,-0.0,83.1610893143694,-0.0,-0.0,-558.6664829715788,-696.5296018685686,12.476280122583141,-0.0,542.6059689188556,-0.0,-0.0,-1376.6121015540223,-1218.2838204560348,-1052.998170116231,-0.0,-361.6793175455965,-602.9831427348118,-1375.249405641638,-0.0,-0.0,108.10404006956419,-623.377636469218,-0.0,-0.0,-16.400209946264987,-0.0,-4.002881952543566,-575.4877634252268,-0.0,-0.0,-1251.7423224240313,-1282.238763378267,-77.2639668633925,-7.039845670748015,-118.54143712791166,-742.1357792007066,-1037.8747654845154,-1583.0361506859863,-0.0,-871.7122205288473,-14.642750286023256,-39.65601498291385,-1250.0902957522824,-0.0,-0.0,-0.0,-0.0,-601.4891955242948,-4.166983877732421,-8.34802889840552,-0.0,-0.0,-467.7581137901186,-0.0,-0.0,824.8071455147114,-1075.8209861317846,-38.74099719565545,-1816.7836763168714,-0.0,-0.0,-487.9322224004756,-0.0,-285.8388011091625,-948.7096215894956,-795.7825602854662,-956.3264848890245,-0.0,-0.0,308.8447033211132,-0.0,835.4767845281106,902.9336321580738,-192.2184493831246,-782.1662409129888,-0.0,-0.0,-35.6116436964307,199.3729946093007,-903.8378364712536,-412.10480675784436,-1201.3679573968252,-2389.3698742548254,-2009.685048953473,25.221341007952443,-0.0,-294.45191683692394,-5136.5645079120595,-548.4091284278509,-461.79421838153036,-0.0,-0.0,-581.2058938221479,-0.0,-731.1650125015835,-1353.4544423524817,-700.7217291721942,-0.0,-0.0,-60.567552648706055,-0.0,-189.193719972976,-1303.3737989918566,36.428851487978854,-575.1432470820397,-317.2900412743204,-221.15326698195432,-717.0224185772613,-2311.8499661332153,-17.974296584190725,-1095.7187991304743,86.21371635341649,-936.5466268005042,-288.5512129639269,-0.0,-0.0,-130.51773432979837,-0.0,-0.0,-1761.9391908403522,-552.9768387079869,-0.0,-731.2396612083793,-464.6381703141983,-0.0,-0.0,-1362.1024770491874,-897.3601001618106,-1378.7361140208636,-1294.3038213514842,-0.0,-137.32289941397397,-2952.4833302867346,-821.8666302551801,-380.6521852903076,1743.125683340365,-1387.3448835570691,-1108.7080207979302,-11.276933055366289,-862.1944258337514,-15.787684941612591,-1527.3030680359802,-0.0,-3219.035311235174,-558.9757978483539,-0.0,-1390.3347903200079,-1549.0918243456745,-0.0,-174.00490022625016,-822.7169518574678,-1004.6069506474399,-1298.6221632717627,-675.2883043904786,-458.0935656768911,-567.781434719954,-0.0,-259.23710163023236,-0.0,-2253.699747207507,29.044751039700017,-3060.281597133646,-734.028834172582,-0.0,-0.0,-1132.8296654475907,-815.3176052578472,-0.0,-428.5163479152946,-0.0,-0.0,-730.8697687376869,-0.0,-0.0,-0.0,-0.0,-0.0,-0.0,-0.0,-692.1702237665949,-454.2596421358278,-2708.30588811384,-2351.9508389748016,-0.0,-0.0,-1129.263778966798,-1812.4264965089565,-437.7593384191734,-188.58379185765034,38.63151287460499,-0.0,-1446.573098738411,-0.0,-2474.304562479832,-0.0,-0.0,-0.0,-0.0,-1488.636766283367,-195.6932302479923,-325.26760165163023,-1101.7199554126958,-1108.9994707847134,-633.0617613486506,16.951615284207826,-1078.8187612611991,-0.0,-0.0,-0.0,-0.0,-556.7067692582547,-448.82675947021966,-1253.4497797543333,-0.0,-1003.9007598768831,-5904.597327816197,-563.7868804835692,-664.4058576449556,-2906.0464025425667,-666.946293157835,-0.0,-422.0621047833015,-396.9987504964814,-1061.9567293319594,-555.4844972145323,-1411.1966840214018,-1321.2219865651275,-0.0,-0.0,-0.0,-0.0,-1441.7236100101404,7625.366048010736,6591.069919507625,-0.0,-0.0,-0.0,-0.0,-1894.9402326731908,-863.4799019214312,-84.18631010488924,-1293.2747462109633,-764.4961494925077,-0.0,-0.0,-0.0,-0.0,-593.1491786071032,-0.0,-1700.6654485796787,-209.61635144429283,-0.0,-0.0,-0.0,-0.0,-192.86041806158772,-403.2204510035937,-429.85374567255644,-777.254605798013,-847.5328187834095,-1116.9872607025147,-836.7409181912603,-321.929376007587,-1069.436903554133,-1389.28971353033,-1093.4727539509036,-1626.339054309615,-183.32680841951694,-1190.0660861283168,-1029.4591585242058,-844.2110801238189,-1518.8749281424723,-521.863953955356,-2023.7873362514047,-1491.7681265238677,-1337.0718330146703,-568.2468585208665,-600.9626564477085,-1016.4013762731956,-0.0,-981.5383946796796,-0.0,-2721.679863107856,-627.066401800109,-223.08609670217106,-1627.4906116466489,-1324.6886524100298,-1104.0170996362917,-0.0,-0.0,-0.0,-0.0,-737.2090882716305,-3446.8031715066904,-1276.0012618539895,-0.0,-0.0,-1006.6408752431506,-0.0,-0.0,-942.1052800094515,-362.43999189878053,-984.2294461341285,-756.4257213934704,-866.6072466249586,-631.1548788290698,-1786.8410598028204,-0.0,1144.5233781136658,-0.0,-0.0,-946.2032844599313,-5231.613279235056,-0.0,1566.494191389452,295.98333509349015,-844.5418786575651,-0.0,-0.0,-1395.5907797952625,-958.9076907298532,-2113.23461046257,-1859.5528412710266,-356.48006164244526,-0.0,-432.95397989967597,-171.1362823627704,-0.0,-847.3263494799613,-0.0,-1520.2736571567207,-2147.531556857011,54.7011500833873,-2081.0439007674418,-1829.379675635349,-0.0,-451.07868140625845,-1445.7457959010933,-2015.9542100713782,173.98433922730365,-385.15020848350815,-2316.949270963139,-842.9386297963829,-732.1873564101595,-824.3095078248132,-402.6919769968477,-943.1140567557532,-1379.578769423496,-0.0,-873.5247260940312,106.49710639710362,-1262.5166279998937,-0.0,-443.63666501966964,156.7661954968577,-805.6148040692309,-716.9362452063905,-0.0,-508.2738649975418,-327.50801154052414,-1668.250224433581,-1011.3951928698544,-1326.007915508808,-796.9547394509918,-759.5028850289557,-931.9890673854177,-1819.0689236800463,-64.27031695096375,-0.0,-496.0755831103452,-593.4450139465341,-1325.2458827293024,-1918.194076981263,-299.44515085747577,-710.3609889603393,53.86491443959294,-826.777238964253,-491.4714067408061,-893.8996229989832,-0.0,-881.6737348285251,7.313293043600376,-2024.5991228505902,-0.0,-262.4089662123125,-482.442205275971,-717.4545988080124,-2073.226057924296,-143.9677888981358,-1320.317090602423,-664.2806718047634,-2354.3068759074495,-0.0,320.18037023783864,-0.0,-0.0,-203.89838619372324,-0.0,-0.0,-3317.7080357892473,56.59886218355874,-41.237259247209295,119.44421235224472,-994.4764240718143,-0.0,-0.0,-0.0,-0.0,-0.0,-25.650648113610778,-0.0,-723.0058341302927,-0.0,-334.35703457595315,-1628.3292809714562,497.3150701310177,-2987.3906036446615,-0.0,-0.0,-0.0,-0.0,-0.0,-0.0,-0.0,-0.0,-0.0,-2191.0408452934644,-0.0,-2397.4034261629645,-2963.130371889626,-0.0,-0.0,-0.0,-0.0,-0.0,-687.3666272562085,-895.7827853877342,-0.0,162.96742556178174,-588.8679816633359,-2049.930364048648,-547.7067945435696,-0.0,-553.9788392577422,-759.9504265510392,-0.0,-0.0,-539.9643145458272,-824.4020579655232,608.1676301393758,-423.2085202159588,4.003424676042867,4.020092198319678,-0.0,-0.0,-0.0,1323.6333333245493,1563.4714265357397,1303.5171340589986,-0.0,-0.0,-0.0,-619.1574350564146,-0.0,-0.0,-902.9103054738129,-81.83819529696356,-429.86421379272485,-54.052243760011706,-899.6715483434895,-829.1999261767204,-1162.1383433533772,-535.0498478408572,-137.2854533747536,-998.3070411214396,-0.0,-1850.0738117770452,-71.46977628733171,-538.6270544561604,-802.5590127767608,-70.29815809529768,-0.0,-1043.2780843171477,67.62104259687075,-0.0,-0.0,-0.0,-0.0,-0.0,-1323.3364084209295,-2641.5640563704555,-0.0,-725.4291477148389,-7.5312366943681175,-0.0,-0.0,-0.0,-494.48951020966,7.081553059354268,-0.0,-1038.780990474052,-717.0316410672021,-0.0,-0.0,-496.46531202255494,-0.0,-0.0,-1540.7891219219232,-1284.2621268645732,-0.0,-728.8433022047592,-2004.9226160084004,-90.87297154108471,-0.0,-0.0,-172.94947010407606,-721.0800110071342,-268.854318613849,-285.60074066079665,-200.30966185592123,-0.0,-0.0,-0.0,-1064.5779663397454,-809.7158218013436,-1900.5847086543856,-113.42926684366617,-1154.8975208968604,-38.99969768635129,-351.6957958892085,-463.95479803123254,-1851.7324793685439,-0.0,-0.0,-767.7402050577936,-1665.3841237297418,-0.0,-0.0,-0.0,-518.9835612900605,-2169.708859408561,-3130.6558387911077,-0.0,-233.80469434192045,-85.78544987569663,-605.0408282628567,-525.1137508216964,-1500.403419562516,-0.0,-1305.829055649851,34.862287623924196,-7.128726119996545,422.44288148268294,-0.0,80.77608164311272,-295.82331068315773,-378.39402696049683,-49.86698185030433,-0.0,-0.0,-378.5833879573792,12.407047078364444,-0.0,-1434.6843256284722,-888.9315605873339,-874.7931791748313,-683.7524653102508,-1046.3538547239855,-1398.2093114542295,-0.0,-0.0,-0.0,-0.0,-0.0,-339.62460036249576,-486.88598461505853,-1071.4886064028183,-1294.3223642471455,735.0668045948163,-1352.907086090048,1324.4816794260807,-0.0,-2070.7920005104957,-1381.379865341804,-638.8106378161646,-18.027739169425505,-174.70316522952515,-1889.5765783979375,-353.69889384723837,-0.0,125.01955234280358,-713.088863106961,-0.0,-0.0,-489.27315570908365,-337.43964647617906,-362.1332902776926,-1088.83571665136,-1299.581360778273,-0.0,-1500.463604524349,-1209.8830592712861,-4611.642694704717,684.1831760201936,601.9509269298319,684.2714225250224,606.0679732293275,-0.0,-0.0,-0.0,-0.0,-0.0,-0.0,-0.0,-0.0,-458.02646901362425,-0.0,-42.98903849270884,-0.0,76.52054428300056,-997.1708761758599,-1171.113621093659,-1755.6955125997783,-0.0,-0.0,-0.0,66.61904855890536,-2900.2653381869436,-690.5105741742431,-2584.0139308703665,-1501.0522931094538,-0.0,-0.0,-296.9066930753584,-1224.0229322022228,-0.0,-1912.7957339218872,-518.7143698751026,-0.0,-0.0,-0.0,-2420.582723820477,-0.0,-0.0,-0.0,-0.0,277.9823342390089,-0.0,-0.0,-0.0,-951.1190679829574,-0.0,-0.0,-0.0,-0.0,-0.0,-0.0,-0.0,-294.1711728848864,-980.746752087732,-1367.4033253307357,-1286.4420972751059,-562.9531193817297,-917.0592240297459,-52.19214821743202,-0.0,-683.1016491610904,-44.52258035610661,-0.0,-0.0,-0.0,-0.0,-638.6281313733408,-0.0,-544.3057904811494,-1175.633797413689,696.0491536395912,692.604752741898,755.8489533074518,716.9694605178626,693.632888004561,-0.0,-0.0,-0.0,-0.0,-0.0,-0.0,-351.54966733037674,-0.0,1809.8206255421549,921.8698777887159,1014.2608206524777,-0.0,-0.0,-1207.3973622910414,73.89220215238747,-46.76333787540489,-2238.3103537153083,-0.0,-1728.4387735085268,-0.0,-12.003170821494097,-0.0,-0.0,-592.5043190343728,-0.0,-667.234532681678,-490.0539643557295,-338.27608866705594,-0.0,-25.93629290985081,-0.0,-813.3175265719128,-0.0,-1989.7377435261408,-456.817352785653,1673.6287190790567,-1776.256615612662,-801.4724635369073,-77.52373218126883,-758.5485363286864,-0.0,-466.2238749971836,-39.144203388157464,-2474.9571362458205,312.93525442652833,-210.15369636314622,530.7477036836154,1069.8991745303138,-0.0,-286.9276038096166,28.910959996069394,-952.1612476138499,-1082.3911364820644,-1339.024370446652,-1816.6401779977589,-0.0,773.1971384248345,-0.0,-355.56994162630093,-2364.631853166213,-1145.0210070878707,-0.0,-1150.815250240753,-285.6696166675225,-607.3640364316943,-626.5480636214903,-245.96894358813674,-1471.536315110414,-0.0,-1659.050166141397,-373.9250401970402,-1447.375757938295,-323.8930291798919,-0.0,-0.0,-0.0,-0.0,-1285.041843946334,956.5726460613054,-897.898606512348,-647.785458890983,-0.0,-46.83727929903836,-0.0,-0.0,-824.7099037421414,-697.871667276588,-615.6512823272138,-654.498652677494,-0.0,-0.0,-0.0,-0.0,183.00232490413038,-0.0,-558.6399394733954,-1791.1986968932945,-945.5437094253227,12.045323373809033,-1331.4271969769047,-0.0,-0.0,-0.0,-583.509029157768,-756.4740166072642,-0.0,-1438.0592543718967,-0.0,-2733.513703043906,-3390.2152502319213,-0.0,-84.70515976002966,-0.0,-647.0346517528408,-0.0,-0.0,-0.0,-2153.8827577671727,-1029.8594760966953,-481.12954261911074,-771.8857037285893,-0.0,-0.0,-2028.3064684249237,-0.0,-502.57957358025004,989.0240894127672,-939.870323974681,-628.8703506368205,-457.3175475961988,146.96391835010425,-0.0,-0.0,-1263.8861469478636,-0.0,-521.4571276497707,-84.40966832723154,-379.3560756275995,-288.30995546207345,-0.0,-0.0,-183.69529910703653,-630.2292153232137,-930.0208331961921,-502.9862743397603,-1115.8590219476687,-76.24874248189685,-0.0,-120.8024096447826,-1809.3099855535147,-1045.6047219702052,-0.0,-0.0,-0.0,-523.9543032062036,-562.8102301875907,-1357.259521151867,-0.0,-0.0,-0.0,-0.0,-0.0,-1381.702951884676,-611.2923915195172,-0.0,-528.8316383198788,-0.0,-15698.836126020478,-700.5237732074478,-246.21353518026322,-412.3816396794618,-0.0,96.42221726847198,-1628.3692316104534,-2406.492757149112,-0.0,-0.0,-0.0,-680.4137299565378,-504.82359217616926,-904.7854515646906,-942.7238505233705,-485.7895964361713,-0.0,-0.0,-1539.8781474028776,-563.1187316456613,-2274.0487501673383,497.72959047491116,-1883.0700018009818,-0.0,-0.0,1528.172528969615,-945.6103066531462,-0.0,-175.42978426592515,-313.95576897395455,-572.7514325507349,12.168823609834316,-775.3345599582185,-0.0,-0.0,-1167.9165548042965,-1256.1734940983042,-2355.6548154159245,-0.0,-0.0,-2086.5036502708567,-674.5100446787725,-705.8669392226471,-2166.5683728999975,-1398.924884679589,-0.0,-0.0,-1000.158311698381,-0.0,-246.09380161757545,-1470.3642807495478,-1401.521520881591,-0.0,200.43048240556914,-707.1445194230364,452.6445201745019,-171.44566031050542,-329.50699957407903,-0.0,-593.2465667918664,103.25968625870426,-180.39240115608973,-340.8268502421398,-2429.1081398170113,-1985.4935766730198,-82.1938276727557,-4532.276814043338,-486.1160508417208,-983.3148439810268,-44.92293568202781,-3517.820932481965,-300.28437981590247,-715.8360547038328,-272.8832699885,-1649.9101752751164,-1179.1280587035224,-2948.376889823774,-4036.8388619420684,-38.31650644049883,-577.9336552030326,-1450.5351270461729,-973.0018935887389,-0.0,-3658.114738451797,-0.0,-455.8425244530932,-1364.7906942457735,-1169.643345641385,-0.0,-0.0,-835.6640474752412,-254.05696461190635,-0.0,-1326.6419845890034,-0.0,-698.9407762897338,511.9500063750767,-1345.5064713304653,-430.6403681246606,-7.201183035104571,-54.81023610277286,-0.0,-1711.118547378894,-510.5793073831647,-0.0,116.17754264458858,-0.0,97.35267578717573,-122.60531865090744,-0.0,-413.8563484371641,-1169.8041660034307,-406.4849715824917,-744.4729702238351,-2045.6400386812468,-0.0,-3473.723801010942,-1754.65047015557,-2305.4412893801,-2115.378376379736,-65.9591083199096,-150.69940256495855,-554.1627080059559,-1121.813223597313,-0.0,-0.0,-947.317871038646,-145.8240269123944,-0.0,-62.47169949027633,112.29470100912266,-2105.2737772530354,-0.0,-0.0,-1062.1356795626275,-0.0,-152.69633579547303,-0.0,-53.93764293075832,-183.33053770912133,-0.0,-307.32551446646454,5027.943274947679,-0.0,-0.0,-1394.3173564681665,-612.5742389542748,-230.85839375219263,-0.0,-0.0,-0.0,-507.6212394727365,-1823.2639184035597,-0.0,-0.0,-0.0,-1733.4492165010843,-172.73359481981396,-0.0,-0.0,-1538.9746701836968,-642.1868774571001,-322.37769872160146,-335.92364245143773,33.573655078841234,-533.9630546003831,-334.1481846086702,-247.48256379132442,-1903.378990173098,-0.0,-0.0,-894.4559344079188,-772.7392766991117,-2321.533880589319,-0.0,-0.0,-2060.5934493045925,-486.93665838284676,-1298.7155147675164,-453.54855951162966,-625.3671737035006,-2030.713033007331,-638.6548731985325,-75.67797141271672,-785.7771586620112,-2075.8274783209495,-1630.4365037629989,-1089.8925214804744,-0.0,-464.2275269677423,-0.0,-1518.9239112540877,-355.76145385825004,-186.0704679269769,-533.5191824176096,-802.3138211898099,35.188029859706724,-0.0,-954.6765517957058,-557.3770548275016,-76.91244077717137,1329.7869048477712,-60.26659702438041,-0.0,-540.5755703906713,-365.787751926219,-0.0,-618.6215621617173,-1350.2070429321536,-0.0,-0.0,-0.0,-0.0,-314.73548838195507,-649.3211415047864,-325.47127082288375,-354.68014535398953,-308.6010512789617,-1667.8385537476472,-662.2697216645994,-1114.3898775317994,-2121.6234938411853,-1531.2132737708723,-0.0,934.8641330840582,784.4804874485451,505.2756148892977,725.5274390387444,588.4649415825032,-0.0,-0.0,-0.0,-0.0,-0.0,-0.0,-0.0,-0.0,-64.467158742936,-720.0551105060288,-458.71589296381796,-300.4364806024791,-925.4929324778852,-108.38663544202227,-313.57441555874925,-1006.7269973969154,-258.22149417166537,-1564.2576141743089,-722.6083517662065,-99.27603272138587,-409.8360053492977,-7.873398340097336,-0.0,-771.7581232068906,-150.15816536574457,-114.56424850559046,-758.5220167638327,-399.55616808641076,-1471.6611638359632,-238.1288551100943,-0.0,-0.0,-2003.9488091877645,-387.80245582554716,-250.92264973042865,-454.7864318465199,-791.2004678214722,-417.3444564981401,-324.17854833454146,-0.0,-431.7021056409867,-486.29023714451733,-565.0487884410002,370.42500910106025,-1222.1929635595432,-1686.094434046839,-448.7761619212906,-584.2103338025026,-257.7195258688451,-11.920324706088978,-0.0,474.7585658820256,-840.7988284302754,-44.703578012660586,-1564.5170209217504,-0.0,-0.0,-1156.6448471623808,-430.20452805873293,-0.0,-646.2503873584009,-633.7107687328221,-761.5138831089124,-0.0,-729.4546445553091,-517.8994268180869,-1903.720483367486,-3803.2685736696562,-364.4445986868351,-0.0,-41.07365413268876,-365.0366044746272,-1493.8640146006883,-182.8538554778426,-549.7787907644721,-579.4841326032857,-665.2536283633585,-170.14709449144186,-0.0,-0.0,-1166.8271003164884,-31.309039436507938,-382.5835671509887,-607.6653163392864,-1295.7416888616012,-2116.35822691028,-0.0,-413.46267506115976,-0.0,-0.0,-0.0,-0.0,-0.0,-47.017799932923616,-144.50353506799817,-357.810818533541,-0.0,-0.0,-0.0,-0.0,-0.0,-0.0,-869.8538820790018,-1884.378943360907,-392.56253471779723,-432.8455156862465,-39.91738500526479,-0.0,-0.0,-419.70995724973255,-0.0,-0.0,-61.29722216887011,-2155.8238521548883,-0.0,-0.0,-1200.6241670149334,-544.4079240709393,-832.109168279944,-856.0873838573317,-716.200331067485,-0.0,-0.0,-1089.5461001510125,-1822.372563416158,-956.868580446452,-0.0,-944.060089783083,-133.36869852526706,-278.8985639336156,-623.8088997396736,-7.106893480023934,-568.5267366225931,-1658.8121192466592,-0.0,-1400.6301465320446,-156.0387411465375,-535.4221603772489,-1211.2539176146329,-121.3969032598168,-987.9091396988196,-0.0,-1045.099752686819,-28.47731800083535,-1842.807889044244,-1810.8437183099181,-0.0,-0.0,-0.0,-0.0,-644.3045840321977,-801.260458383425,-0.0,16.508910201934935,-378.7092753729694,-860.7513275655303,-1908.0039529727792,-2202.351666907692,-320.18051564756473,-0.0,-858.5074133119946,-639.4661592075704,-1711.495355764214,146.96545481527065,-0.0,-2750.333194254759,-745.9243141561475,-0.0,-169.47460204878976,-1406.6740804917363,-0.0,-0.0,-589.7898092360049,-1298.6382609474763,-0.0,-946.4742366726504,-1292.569928974441,-0.0,-69.85353544162294,-479.5882720963327,-0.0,-1388.3872494886552,-2220.5866818917675,-914.9720112731171,-139.37795339175912,-1728.7899633189604,-69.9074452801251,-914.5150360979426,-545.7322699124828,172.56706317297892,-1051.8376937186908,-1157.6701149999062,-678.5611162306759,-1159.034178232603,-393.1084589870175,-490.02878589509015,-585.664412062299,-1847.7666790619483,-0.0,-0.0,-1574.9764957902278,-278.59979274340253,-0.0,-1409.303926684943,-1036.116878244556,-0.0,-2408.5793175371923,-434.9250884380117,-0.0,-648.7817349778364,-0.0,-0.0,-1106.5230387554316,-927.3966711041514,-0.0,-0.0,-0.0,-755.6425119534051,3.64510859008548,15.703618620705251,-279.8121029774209,-0.0,-1697.8797470034979,-1362.5530675442758,-492.477829011923,-1906.7001612797137,-0.0,-70.94534216697639,-706.095545002172,-0.0,-344.1710457317546,109.03081134183479,-1124.566032158662,-885.4741319048126,-665.6816658294327,-1038.1373232015549,-0.0,-0.0,-0.0,-804.8699413928149,-0.0,-234.41310278810596,-824.0072630093813,-224.8654344416104,-1196.4870948163607,-2006.4349677229054,-511.51708393834707,-1845.6388752745038,-0.0,-738.7913976962043,-1559.9738805617624,-484.0683631704919,-1073.9698103239687,-248.9058920550298,-540.0746306426728,-1341.283510996085,-0.0,-0.0,207.7342522261344,-2252.993624807568,-829.4300670234968,-238.85880431341303,-0.0,-338.6038831974985,-250.90166744832945,-531.8793368603029,-0.0,-0.0,-646.2824711698888,-0.0,-52.94437088405708,124.63947142723559,-79.20813014711383,-2052.153805887037,238.97398237554057,776.4400553837611,189.68496902524217,500.65165937574307,36.89365664199363,-0.0,-229.00995528789744,-731.578379656166,-272.1210927988366,-53.16029007022027,-0.0,-0.0,-0.0,11.408126182584997,-18.908714883952484,-849.6139994363756,449.22140441967457,2042.4674814073055,-0.0,-0.0,-0.0,96.25490793106741,167.45829196607497,-0.0,-2701.122286635707,-0.0,-0.0,-0.0,-0.0,-0.0,-2284.604967624923,-226.54998199685525,-0.0,-110.4702731071459,-1531.8837034165804,-119.68361209934844,-953.8997105614304,45.38666355094366,-1785.8048489313176,-3306.3885225268905,-1679.0549722348155,-0.0,-0.0,-1289.9094724874124,-921.9656275969438,-692.475296433422,-382.36436090486455,-295.4025094754068,-888.2609468965134,-842.4495124516825,-4988.726824889989,-584.4872086306295,128.305447718769,-573.9990974326322,-790.0232367056074,-603.1956144658973,-561.3315116528127,-7.197243452835117,-1708.4522580910855,-768.8514917151886,-521.3301250693308,-0.0,-0.0,-0.0,-0.0,-210.08536663955456,-1109.8059040129417,-0.0,-1172.6179722011193,-1417.877809097663,-0.0,-0.0,-1252.656160344161,-0.0,-0.0,-178.12705153153453,158.2048510645527,-0.0,-0.0,-2247.346303308688,-1059.884288529904,-105.45280514430885,-1110.770049128704,-1158.6425289291947,-0.0,-272.2608892918413,-442.0335365988859,-0.0,-1351.8186507342396,-250.59053611581763,-936.0440050814275,174.1603899989759,-774.7185483529421,-179.73468273148492,-312.99050873043024,-44.175954637069815,-41.3030788196703,-497.3933862181034,-704.7013239585531,-434.07408729002947,-711.3538264629753,-0.0,-93.27110725095869,-594.2925791881709,-252.01268727636653,12.625200444104685,-0.0,-898.1325723286902,32.382843543917886,-1022.9416637811315,-0.0,-0.0,-0.0,-1707.9677953745268,-0.0,-0.0,-124.63474122281055,-0.0,-0.0,-0.0,-0.0,-0.0,-0.0,-849.2886633895197,-1304.30211566326,-0.0,-0.0,-0.0,-0.0,-760.4171760884834,-396.2041838588883,-0.0,-0.0,-1484.2241689289542,-0.0,-1222.2039097829245,-2010.429576189878,-0.0,-0.0,-0.0,-625.1036714676106,-0.0,-0.0,-0.0,-840.2727821962842,-734.4823081237088,-523.6878081178972,-0.0,-0.0,-165.38953479647589,-0.0,-3435.1231150051626,-4444.396281429272,-0.0,133.8248886805331,-0.0,-552.9707106934778,-680.0799548883243,-1702.1208975167976,-0.0,-0.0,-66.68044727130182,-547.7840037322692,-1167.0502972898707,-632.0684357462602,-367.59390064264176,-0.0,-0.0,-1144.5109594822952,-759.0309908950234,32.75680202615084,-0.0,-0.0,-598.1542963112614,-303.6417074369304,-43.81629559297097,-0.0,-0.0,-0.0,-1745.2954613285929,-413.9370530989653,-1107.9177152897782,-4148.014957772423,-0.0,-755.9761360385302,-910.2091415296794,-2048.732581366246,-381.6384043176169,-0.0,-0.0,240.40338862868398,-1062.1391403874045,-1528.0178454488664,-389.01045530323785,-112.55841441191716,-0.0,-1742.5135896003094,-350.8915893303829,-1203.5718554284467,-708.6983127969838,-2400.044399841777,104.08597640995482,-850.4619182712759,-744.1875786807828,-1708.8812028099055,-0.0,-0.0,-809.5054375179466,-1649.904376739473,-1565.8921065630443,-828.34550314018,-0.0,453.06360426935424,-99.64722226837453,-399.4484664355614,-0.0,-14.469642055814862,-0.0,-2383.749757395618,-32.20907556636269,-0.0,-0.0,-785.7054468116685,-1080.5758814648304,-721.7157007013152,-224.98019055753954,-652.3554108580701,-0.0,186.30761884715358,-713.895520711696,-57.317936290200656,-1389.0263397883048,-0.0,-1245.2058298832098,-149.85608086384946,-553.8054641845064,-380.52069343034094,-560.235309525501,-42.02596180992388,-4.211596756830081,-1079.6133524310924,-1089.3872114252388,-1385.45938673133,-188.60564546462496,-1193.5606762898387,-3.8050256132194398,-0.0,-626.762936399624,-2733.8481934207384,-0.0,-0.0,-25.419274599679213,-1887.9383971704995,-195.54406171781977,-563.9131402338015,-318.02421361577115,200.60938822715588,-0.0,-0.0,-1302.8235397726949,-0.0,-0.0,-1908.036780203179,-1265.9214464220424,-811.6646386059523,-873.7130118962148,-431.6602415944793,-759.0425564131347,-844.1594476475971,-1138.433634997364,-2056.460422163994,-0.0,-0.0,-0.0,-0.0,-38.50250303521226,-0.0,-1733.2865189386669,-581.2624678407926,-672.9526718214547,-761.6318916755071,-424.03254262185413,-0.0,-1315.7229796192494,-535.3683773974053,-0.0,-2340.969240092981,-1483.4578636781348,-0.0,-0.0,-2599.3547047005877,-1531.6816676196695,-407.2842633014015,-730.3822143933936,-0.0,-418.47586820458025,-10.85532814048281,-0.0,-657.8034164855152,-461.94394816200787,-548.9565577336103,-0.0,-0.0,-0.0,-0.0,-407.50925625459706,-997.025812458267,-5516.325381051045,-0.0,-0.0,-542.1896267369292,-566.2228709583408,-1615.0613965183188,-552.1063294966893,-64.43468744950242,-381.7102482512754,-0.0,-647.8289580421086,-523.4925055606432,-0.0,-642.7293912296046,-1165.3019296860539,-0.0,-0.0,-0.0,-0.0,-0.0,-118.0026610818961,-1832.0626512313456,-0.0,-1031.1515830451167,-847.3860380863099,-0.0,-1813.2319764327717,-701.9693574743301,-1022.0944498406585,-1314.9044808544043,-18.925421595355605,-109.04888944496918,-1192.6846565944677,-772.8928459807495,-354.7211515234554,-0.0,-1283.5312235327556,-1191.287824557031,202.83977688485774,-0.0,-575.1748514758684,-863.5354423713159,-836.6372170256615,-44.68116529379874,-0.0,-515.4079795530764,-0.0,-0.0,-2564.409136106916,-2212.547937815526,-1771.9592042219433,-1523.3750129434984,-0.0,-982.6505898181692,-1854.1003802751268,-0.0,-5445.905302696571,-0.0,-0.0,-0.0,-0.0,-883.8909349965024,-2119.2610326138342,-2366.5298356701423,-17.839116959097762,-1864.289934279769,-0.0,-863.7321067540198,-21.25450620588797,-0.0,-0.0,-552.6555840526877,333.06227351133083,-0.0,-418.0448656373306,-35.63048585633397,-0.0,-1277.485819543766,-0.0,-2068.9248111749284,50.03366399046868,-0.0,-0.0,-910.2689978130355,-1407.519774725171,-864.552746907708,-1197.9128638700968,-1076.2297877368505,1223.3772461232074,-46.864189368470775,-874.3487517713634,-74.7497826990531,-1965.7810176769349,-827.962974866201,-772.283763687359,-457.4968379151021,-1413.5759644126979,-1733.31669641654,-401.02912858872054,-1838.3070070564195,-322.0977888739112,-0.0,-0.0,-7.0317850827025055,-0.0,-0.0,-0.0,-0.0,-0.0,-0.0,-1453.3318495579942,-619.1570765672024,-1254.3894099672063,-589.8258943544354,-0.0,-558.221898061617,-1101.8953753400945,-979.0125023243813,-1879.4837198914854,-1174.8746117596563,-61.05812872760133,-29.51135182237229,-1082.211534545284,-1057.9550993448142,-0.0,-89.06766494068063,-0.0,-72.7248792603884,-747.8362874964769,-182.85022670350827,-492.1034847317635,-878.6367827443331,-0.0,-0.0,-0.0,-3050.784068632984,-0.0,-87.81038534684201,-0.0,-214.38878289638993,-902.7075908327241,-1067.463253327504,-686.8947507889403,-0.0,-36.96299539418655,-503.5876392228789,-431.2620971697481,-368.5475756906583,119.85478472717678,-1036.7836574732157,-0.0,-0.0,-2808.2923534944016,-0.0,-1018.9842219235871,-610.2302253478595,-366.7098156344128,-240.56601584926176,-1165.1714577967714,-2537.668838878686,542.5624796152358,-2046.4664964035426,-1526.6905619967747,-489.3142082329549,-4.040309724912842,-0.0,1235.4476657487821,1152.529879712779,1147.638310397816,-0.0,-0.0,-0.0,-892.0137211641243,-0.0,-271.43441378351605,-165.58636156104225,-0.0,-3301.799186242051,-0.0,-1365.1331713377322,-127.0160037886472,-921.302052213097,-626.6458847743197,-1497.388204253751,-1565.0734437074937,-0.0,365.85014653311345,-2208.7856055674656,-1757.246789345311,-476.5113927792941,-1501.522515029018,-1643.4311914909633,-0.0,-0.0,-373.8163367559199,-685.4417631969922,-2167.5591102848484,-773.4934567011517,-131.31061169052143,-0.0,-0.0,-585.4527174026719,-0.0,-0.0,-0.0,-144.06061240572987,-1145.0251660052104,1516.884231521592,-1190.3726997064807,536.1578541791171,-761.6084205426173,-898.7421121415412,-7.710042380744352,-4089.998916354398,-1021.661010767352,-0.0,-70.57924771769204,-2167.6374662576022,-1759.0176909637803,-0.0,4.028840759217373,-0.0,-599.3821254029273,-0.0,-1971.6963001267645,-1699.0877054774394,-0.0,-280.9339220309602,-0.0,-0.0,-0.0,-723.8154269923753,-993.5712971735243,-373.9312173062279,-918.4860084294359,-1651.0306859915052,-828.5335174183148,-445.65221165300113,-493.2260761980349,-0.0,-1496.9420395923223,-224.59408334271737,-692.6080317512204,-1011.3585142772286,-1443.8681976730238,-1374.0640049230865,-386.2726845372127,-1678.6601779894427,-0.0,-0.0,-0.0,-2217.7938735690736,-0.0,-538.4885257399587,-771.6766215828192,-0.0,-724.2466736538123,-585.6688471071118,-784.7287921098678,-650.1371312122615,-182.9259059048513,-1758.0049270859865,-4473.328966435829,-223.70615861736442,11.93886343149371,-0.0,-109.64462837021243,-6857.9937830987965,-1677.8676383220172,-608.7546854077227,-2188.9934204316855,-245.47269571014027,-0.0,-7.741966458721007,-622.7720908863329,-86.97715083925192,-893.8252758159364,-955.8438138241055,-155.48972730873376,20.954022650983745,-824.7432249383319,-2177.894875331041,-1908.390382438336,-1746.6718707071052,-0.0,-1418.4253262646982,-0.0,-107.94610973996372,-1028.8244211932167,499.64134240630375,-0.0,-0.0,-307.52304172850995,-775.0958045488374,-749.28375426816,-1202.380843235962,297.58927538333944,-1441.0748505519798,-69.35878361486012,-315.2563915409645,-1448.8976643364758,-1684.6773798877973,-355.66031492037473,-0.0,-0.0,-0.0,-0.0,-0.0,-1687.0935405435546,-0.0,-649.4170005691124,-837.7235365083658,-2452.8076059406903,-0.0,-0.0,-75.26747181426639,1060.719367003095,-551.2235565623091,-1214.5482206722654,-0.0,-1319.4448327976338,-4219.185996352609,-686.690676167963,-5233.9439199425715,-1045.955851634039,-0.0,-729.0030100857501,-2479.538750261225,-140.50805610034297,-0.0,1089.1563868451562,1249.7412292727624,1194.8925274969488,-0.0,-0.0,-0.0,-0.0,-81.44648398649478,-2259.521411977676,-4.187077965399827,-0.0,-1757.1821164116166,-1090.4557455693212,-342.01816248171815,-4.187961137744901,-0.0,-115.42442634136572,-646.6981350679389,-0.0,-0.0,-35.514386275829985,185.74087530265328,-1912.4593840287753,-0.0,-926.8867034937225,-70.4695475326634,-82.32090851815347,-0.0,257.15206649388836,-90.17760548655941,-457.4681248832884,-1869.639358188277,-0.0,-78.99351050988354,-1209.5963419471213,-1036.2036388441772,-0.0,367.26107959210935,-0.0,-926.5281161986892,-1003.3281277395182,-7.102343102203486,-0.0,-0.0,24.547050645570902,-243.85087112835302,-167.62560731103858,-75.06347155097376,60.76440797066328,60.786769349120505,-691.4555124861567,-704.1302517339051,-1051.9934027045483,-0.0,-1814.2787473491278,-838.996832086716,-0.0,-0.0,-987.4319489545197,-2018.747916880845,-529.5703120251795,-0.0,-2615.3345691118466,-109.5039808958614,-68.16040671217934,-1135.313433882556,-0.0,-331.877837326233,-1214.6930027664428,-3.557068901441694,-0.0,-4535.564063923771,-164.72520075736097,-1339.3710481256505,-986.6183827721038,-1042.2975446949806,-1979.7060978301956,-88.56401322927451,-768.0325811368006,-1893.2505925873586,-1149.871874337165,-1016.3267790353258,-232.2557043149694,-1711.0706851595849,-0.0,-2829.889669167355,-0.0,-5046.496438915331,-250.94714456627892,-252.2024548711061,-1283.9947068003376,-0.0,-0.0,-0.0,818.966788894869,24.793773329929603,-892.1669100653411,-1329.6335930905323,-356.0702395750126,-955.2740715727272,-0.0,-0.0,-1304.9739002627257,-301.9071650838842,-413.88906562753107,-186.47120791673672,-0.0,-1426.1190418444758,-359.5124085893907,-1597.2931121959384,-0.0,-33.64653654604857,-0.0,-1699.780815138634,-766.6649770669063,-1715.0926700392854,-0.0,-0.0,-1498.9296884485873,-492.3252314167464,-650.3202446843901,-1364.0739212077167,-306.4762104528836,-1140.49118825126,-0.0,5.048537491504959,-972.1735897273091,-3596.5850336733024,294.4656449340658,-1269.338124478636,-6024.547994940348,-592.7838417078999,-626.1201220784081,-197.39269247054554,-110.83612255915149,-869.6375601082361,327.34126795345594,-94.5045664891473,352.3719528338675,-1103.1478237799627,-473.55579215817613,-0.0,-1221.7119265378979,-1643.4828546887595,-535.3052373781807,-403.008629238232,-0.0,-0.0,-32.413261089621066,-1012.5449095965355,72.72918824210385,-1934.4404559729444,-0.0,-0.0,-398.2433877952968,-591.9117948169653,-1015.180219520692,31.946143197474534,-2569.5459580065344,-1333.703804322841,-1259.8894207334165,-142.56600075055303,-0.0,-382.83030873974894,-0.0,-582.0323043914889,-12.469325767379928,-1446.6153812024627,-449.9314602651571,-1417.454846002134,-341.3735914352884,-271.6381746650464,-0.0,-1149.1304172246098,-629.4373633555576,-1143.221684264716,-0.0,-3001.9843972850017,-1155.6196234087843,-1365.9196440389317,-894.4078336537958,-916.8215894728613,-57.01311371778925,-2087.2480592951047,-725.2699330630693,-1180.0787802044197,-1695.2412678259209,-183.09102473153655,301.3610359801352,-925.9608166635032,-0.0,-0.0,-15.97437921751099,-51.37577796932993,-14.384749387538225,-254.77211066374008,-0.0,-0.0,-0.0,-0.0,-0.0,-0.0,-0.0,-0.0,-0.0,-0.0,-1281.2717969178975,-2179.084849545911,-1764.2433288308082,-0.0,-0.0,1199.344415219642,-383.98225054840594,-0.0,-403.8086602874896,-358.4506004726195,-864.1842139589486,-778.9382836956405,-995.8969892112416,-3.6148488056218646,-657.4301042581927,-393.5741340473374,200.77556849784256,-0.0,905.9277049827368,-0.0,229.66535391623907,-0.0,-309.0008055398869,-0.0,-424.2418270488737,-988.0212569066459,-1684.8121802637147,183.68553175865398,-0.0,-0.0,-0.0,-0.0,-0.0,-429.6585335649459,8.142467287426923,20.041800903306836,-0.0,-0.0,-501.6652423052289,-0.0,-52.977970380056156,-634.4699692250274,-3729.2498710140726,-0.0,-1196.978209273469,-0.0,-578.4929473420644,-0.0,-0.0,36.23186029311669,-0.0,-247.5169959032304,-0.0,-0.0,-0.0,-881.3926006856657,-1500.261758024974,-0.0,134.77942112320318,-2006.0193767018366,-0.0,-85.36173923341687,-313.3369218065171,-0.0,-0.0,-1631.6266305514398,-0.0,-731.5655486278513,-1219.7544492537697,-147.70673414509886,-2500.9808028922766,-1608.482341831656,253.73756865391212,-654.7723087869995,-0.0,-1113.1113159838321,-0.0,-0.0,-0.0,-3499.5476302798197,-810.7379053399164,-1300.2340702663694,-0.0,-365.2187407950741,-16.69961051426452,-1033.5656707010858,-1972.969882597557,118.35294031860212,-2354.576554858625,-0.0,-1576.0860463200443,-2257.201004141498,-0.0,-0.0,-0.0,-0.0,-1988.0232185462698,-359.5462731803064,-1192.4084212492255,-0.0,552.1589196651071,1244.1164069105205,-0.0,-0.0,-791.41256080251,-790.8592915534183,-310.4384933003753,56.69302515586417,70.66759083060533,-0.0,-1317.60019730887,-0.0,-250.85783848323533,-1069.76813048446,1514.0081964973585,-0.0,-0.0,-0.0,770.6249053906173,69.87983282322845,-804.7063469925153,-0.0,-1215.9524754367894,-0.0,-890.0566744550624,-624.1633886765287,-0.0,-0.0,-0.0,-0.0,-0.0,-66.8088262095053,-0.0,-0.0,-0.0,-1055.0467681369255,-266.2998239137739,-0.0,-0.0,-0.0,-105.14688954099594,-76.55632183559356,-528.3175584494303,-600.5505690409673,-2628.9573540970346,-754.7402788928734,-420.46974439169384,-0.0,-2301.4021541694556,-41.91756481658252,-0.0,-961.6111867372699,-2261.1660952768107,-628.7999657705544,-476.890165672654,-1020.9222289536191,-207.16347814548485,-608.6637669819011,-665.5160249520059,-764.8778886569395,-183.307432215425,-1678.5414415142247,-723.4423368420073,-342.6377372904599,-0.0,-0.0,-755.7269290189846,-3538.5299751942302,-0.0,-915.1839809226287,-387.5229044196247,-0.0,-331.71066560111734,-576.6076106843828,-706.7538595052687,-3.9241124033158945,-0.0,-0.0,-0.0,-0.0,428.3067838778962,-0.0,-560.6451232267316,-0.0,-0.0,-601.3825515679285,-1089.8484040226192,-2420.6477146932684,-491.6205529023662,-548.4176533192617,-102.40141409944286,-1954.6863327927938,-0.0,-683.5397579808974,-352.20421624678534,-442.9980155484598,-940.2057854632147,-923.3688822629681,-1341.7166786826033,21.788150434497055,-339.7957612419598,-0.0,-992.6798589296417,-1054.972765674728,-58.2404623192843,6.852313293836008,-2220.7792246627564,-1127.0413966792553,-667.0525472140948,-0.0,-603.7295064660952,-561.2395981977752,-561.7606366895222,-2068.956269213056,-7.562916425784301,-0.0,11.873650580636271,-0.0,-0.0,-217.27370458779288,-3100.3118029999464,-196.1355831538131,-1396.4582926887842,-3025.4373825145112,-0.0,-4414.3482809604275,-266.76631101022787,-2191.667018676564,273.46408904665526,-0.0,1414.380710986756,-721.0671097347318,-0.0,-2043.0408753651132,-0.0,-18.53900776125357,-0.0,-0.0,-0.0,-0.0,36.03050821092794,-0.0,-0.0,-0.0,-485.66304697310295,-1344.1113924859283,-665.1447391204989,-0.0,-3281.703444997055,-0.0,-0.0,-0.0,-211.2941754617109,-280.4961105721264,-0.0,-1667.6678253844702,-0.0,-0.0,-3287.6725652889786,-0.0,-0.0,5.667628309620003,-502.69699794829165,-20.027994045353513,-0.0,-0.0,-167.37404002460426,-0.0,-0.0,-1260.789929787956,-1112.266525351338,-1310.6293634233652,-0.0,-251.28039954882456,143.24445426492423,-378.37057321026407,-13483.774001861193,-0.0,-559.8775354728426,-1173.9412706666521,-1377.0719108561707,-0.0,-0.0,18.94774756767793,-322.7175934781887,-907.992992140981,-0.0,-0.0,-0.0,-495.5635118175388,-2459.0248747257124,-1370.0171099662066,-0.0,-0.0,-0.0,-337.5321741942387,19.95772320341468,209.0922372925521,-991.4177195567294,-0.0,-0.0,-854.5429348136132,-0.0,-0.0,-0.0,-2613.5935334384153,-1031.659361973888,-0.0,-1005.2696789700705,-481.14305489980296,-321.89409735289433,-634.0439452589682,-918.6639858148708,77.60102733175097,-990.8882592016657,-961.7292180119003,-61.22346189307562,-1152.4963907763495,-0.0,-0.0,-0.0,-0.0,-579.8807631576641,-0.0,-0.0,-486.11091527909446,-1704.3679570709521,-618.422304860927,-0.0,1336.5106245691215,1222.1520210832252,1107.2461693664964,-0.0,-0.0,-0.0,-748.3426990616797,-194.13140559286433,-709.4243926138548,-87.9867705843483,-553.4204119537698,-1507.285979390177,-1211.8571491818905,-1978.5643128950885,-0.0,-0.0,-0.0,-0.0,-929.709913004481,-670.5179032356826,-1557.6209767116247,-413.95807685718574,-1223.5927593064307,-1827.2348691557281,-1645.0837308491077,-0.0,372.25425130473593,-382.6909865394202,-395.8938488323018,-122.343623054124,-3956.808745871035,-6.99214565110729,-0.0,-704.8679238327196,-1239.9339613567959,-0.0,-43.122249238539816,145.6932699775185,-153.4958406319577,-392.9341913499193,-1884.0258952495121,-369.15844999613466,-1436.0470198778912,-0.0,-1688.0620864790071,-1454.6694434060576,-1140.9232715650292,-0.0,-1599.544994537706,-577.5126441979446,-675.3343320935463,-836.5246906784851,136.75343383516432,-1543.4678280465482,-1236.396176103118,-0.0,-115.74434643106706,-0.0,-0.0,-0.0,-977.5544336391579,-632.3376592270901,-0.0,-0.0,-0.0,-3268.7640792150264,-1813.6753848223648,-0.0,-0.0,-0.0,-1361.1951693271146,-776.8581121103479,-0.0,-653.8266028866298,-1301.9599358341648,-567.7095700394271,3.5240323731380037,-892.1082707716706,7.729424711876949,-1405.2018772597096,-1672.992229403497,-0.0,-0.0,-37.901179041243495,-0.0,-0.0,-1269.7650184414772,-101.04284592359306,-359.29179784839755,-0.0,-0.0,-0.0,-906.0165747637421,-279.45547624311143,78.2632306100633,-444.82922136722846,-211.51972328737213,-1928.158556305302,-254.4409091232807,-525.0847697582561,-1081.2192537601427,-0.0,-348.84652037816807,-0.0,-1640.1297742829715,-1429.8484151414152,-1614.6329161449885,-280.5463005064368,-258.10595858065,-53.43332931919356,-777.0492918221264,198.29765690701856,-0.0,-324.5627076201765,-0.0,-0.0,-395.66587977444175,-89.67436310637171,-2247.915905238584,-2331.8369165763206,-564.8034523403778,-0.0,-0.0,-974.3314608946008,295.1983177995196,-0.0,-0.0,-0.0,-899.3053449065903,-71.89352480354799,-281.9124952536994,-4009.882652994509,-1327.5821030347456,-659.2980560349145,-379.93401438074153,-193.19468307096386,-797.396755043514,-520.5235324459604,-454.66408498811677,-0.0,-835.9994127596372,-636.3073217964092,-1462.2201859943184,-0.0,24.43068868801088,-7.689697875593436,-0.0,-0.0,-1370.5593710306343,-0.0,-3481.4608999561733,-1215.4505055130269,2626.0425739079305,2527.4842533704714,-0.0,-0.0,-678.0201039747357,-874.8668045722608,-1199.8958937873613,-290.7937890688447,-3248.967890976918,-498.43404143486515,-0.0,-0.0,-0.0,-1340.195885889207,-734.6010270834585,-168.9058763073554,-2388.726266051355,-1059.6849770757385,-18.6760159936498,-408.3681444928432,-1028.573876496713,-330.5171546498617,-473.6757770530058,-0.0,-4.075520809475235,105.82247471597871,-979.3745340213469,-142.61757962113685,-0.0,59.279347757081,112.53930581821976,-195.19852777153972,-1215.6904277479575,-1927.7234009677015,-71.20819946949328,-948.5419017317142,-1135.382626955116,-0.0,-0.0,-686.4271058254579,-0.0,-0.0,-0.0,-0.0,-520.392726946177,-35.94510750600495,-1123.7691973647059,-1104.1251542681412,-2097.332697561168,-963.3499286729392,-0.0,-546.6130195129314,-0.0,-1290.3157820743404,-1310.4253755987522,-1252.585371996772,-920.3725370688196,-0.0,-1377.814229356433,-0.0,-0.0,-0.0,-3444.655393717896,-1011.6406764466681,-229.75337962290516,-853.9226825814493,-658.4830537862334,-930.0785478054735,-0.0,-0.0,-0.0,-0.0,-5180.257171898815,-688.4003783536448,-1639.5048735885753,-3509.102748087458,-1918.6809677142983,-400.7908315467531,-0.0,-1736.365430554824,-789.1211214649892,-0.0,-269.577586704548,-348.352672384682,-0.0,-861.3585975916311,-226.45032121432845,1369.7220847751923,-416.3303451078606,-0.0,-0.0,-908.3826324487478,-738.7591090045196,-2029.2581674669307,-374.342024118799,-0.0,-0.0,-617.9032514698009,-0.0,-0.0,-0.0,-0.0,-1216.9633324229337,-503.7167281172578,-1141.2676567723963,-454.1580853996988,-25.92704849655614,-691.8157102804057,-0.0,-0.0,-0.0,-0.0,-2175.730476099585,-0.0,-0.0,-0.0,-0.0,-0.0,-0.0,-708.2668308653917,-0.0,-2402.3462883250795,-475.0207596469145,-206.050955332764,-1062.7229311431809,-0.0,-0.0,-1468.033109416804,-1359.5838327126069,3.802649053982931,-372.891946199795,-31.420488679835536,-1444.7582183064646,-770.5677333194095,-0.0,-3722.364381248319,-1219.0080930794104,-0.0,-0.0,-32.05899517898097,-273.1295352745682,-1123.7778695814786,-0.0,-0.0,-52.33911795857064,-1460.2281506854622,-474.60645231652353,-315.60720717472606,-39.8375449396078,-1687.2774940710133,-0.0,-0.0,-0.0,-0.0,-0.0,-584.8909284037626,-415.1209174272078,-557.2618393227071,-3978.949024991308,-1471.2857026989739,-1112.4604802358197,-17.709652996916475,-767.6053684470619,-1209.9672582300725,-18.797058089817643,-0.0,-0.0,-0.0,-595.9640308041014,-441.64087993274404,-1618.731020036978,-604.2023028508548,-0.0,-1419.360437252857,-0.0,-672.9747492533696,-0.0,-0.0,-1895.0639457485618,-597.5691533559007,-555.5193102725826,-1431.1239701009454,-468.3689909012992,-12.375004700429136,-651.7717641586449,-1210.972528807672,-0.0,-451.6016259788328,-1119.8678608625123,-4026.014801065183,-0.0,-58.2572660059161,-2160.460469289825,-1396.3430061497752,-1191.4220675546862,-499.0085080620406,-1032.7252875520423,-0.0,-230.19463527105043,-0.0,-241.5555822259538,636.2921764283684,-0.0,-0.0,925.7468706811759,-0.0,-2146.5626522443067,-610.8704029455067,-1020.0249903714769,-1016.2096959325011,-1311.4674295268808,-371.8962917932085,-61.00241749183815,-0.0,-0.0,-803.1996901643824,-702.889862090689,-688.2436731700498,-0.0,27.203143268125928,27.529777063306163,-148.62862258342238,-2829.4215653656743,-1737.7347158525042,-0.0,12.153118298547987,-1241.5097962588839,-3889.897808976226,-2462.6562578287703,-453.6020587359277,-825.8893170600746,-1102.7361849769884,-0.0,-206.2683935943427,-0.0,-494.4050408559939,-258.69584934150583,-1503.3221361596243,-2108.637760850097,-267.86994252168705,-485.0669189472618,-4384.771441209056,-1124.26092989704,-396.45523459551373,-448.6006184093833,-1367.1607358214555,-433.72577651687016,-7.4981145572896395,-1315.5912867634052,-1503.192034787003,-0.0,-0.0,-489.0949043685797,-1161.583807057905,-329.773996774511,12.35617614723261,-0.0,-0.0,-0.0,-0.0,-0.0,-37.70778170672082,-691.407194928547,594.7955778319683,-382.87101015656094,-661.9602780366511,-472.75601662599,-1020.5912528297558,-1470.3212874217888,-956.3227867597103,-1661.344004294526,-449.923401281867,-598.7749252251737,-1382.7757545309871,-582.7320178591772,-0.0,856.5623666354559,-445.79478242329117,-38.14933547038836,-0.0,-860.8635598981678,-508.10713211355,-1485.0375037959209,-1716.8072530259965,-2343.1779613939075,-0.0,120.67878432522261,-0.0,-0.0,-978.2694561177424,-1398.032562641047,-0.0,-882.8232148277964,-8.140788023440146,-0.0,-0.0,-0.0,-2404.075486130274,-676.5257597284785,-226.02624266632554,-165.79916592851077,-0.0,-0.0,-1140.2689856389622,-1428.8891717454758,-909.7419096812638,527.8618728090863,-8.528180817191902,-0.0,8.168721840596046,-0.0,-1476.086345354734,-553.0358479192016,-1110.039555663596,-1746.1808011875207,-1568.0167242005866,59.29560040665817,-0.0,-0.0,-1666.4790508685135,-373.50792250261424,-0.0,-0.0,-128.71425869037012,-0.0,-50.80669054076357,-0.0,-1087.3024313579,-761.5142270827764,-0.0,8.1751321120814,657.6315117703941,-0.0,-66.02179350049045,-2131.3848774613803,-0.0,-0.0,-607.9788980049365,10.77721344062103,-0.0,12.130207385956174,-391.1617295764764,-1521.257866261169,-0.0,-779.9856606108154,-0.0,-1037.676061813834,1684.0797259694148,-125.55833179994907,-1598.1540431866415,-1452.0455607532626,985.9047956984865,-49.78614838309253,-2263.3537231371697,-747.4959423324243,-869.9047404853522,-0.0,-674.3222695563244,-80.43600860703252,826.5013851791502,-374.8553656221782,-1408.2993520499992,-0.0,-0.0,-0.0,-700.8747578997172,-624.6576855452621,-589.6237106390598,-952.7198981302864,-1048.4213997452923,4.12939418732808,-898.406833204385,-908.376979599228,-1172.4443495729456,-0.0,-0.0,-469.03543230963135,774.827475261268,-5861.10768323205,-0.0,-1442.224694489515,-1666.6685468565486,-821.355144537222,-770.9185411158522,-242.64474541641107,-2530.438123929169,-274.8541613306379,-0.0,-937.4373726004432,-926.1231526847938,-586.1062661611816,-0.0,-1294.2516175849241,-2075.487995922236,-27.50482850652741,-965.2196051524376,-2310.5293029370487,363.7385901328669,-0.0,-426.3265938474932,-122.95944295303995,-1346.881407039449,-938.1930398184759,97.34700649838393,-113.98317884857754,-675.5021453423368,-433.7830886449969,-526.3785730861066,-692.461531180126,-527.4170062803203,-0.0,-1265.0614324471742,-0.0,-1154.1352979685264,-668.8775617657493,-188.3493899755975,-0.0,-1723.651060772142,-4592.303899011813,-0.0,-438.02732104549796,-0.0,-2317.3634779838612,-296.49758440621764,-0.0,-314.4989908675101,-468.8076969294072,-0.0,-2015.819376821944,-1364.7300647765635,-0.0,-3706.9275866197254,-120.58405115537165,-1198.8154839737992,-1308.8489525727712,-1641.553032808546,-117.81002050652815,-0.0,-852.806527316831,-2016.4741627287362,-506.5867350098114,-854.6494698247151,-974.3754129246477,-1639.8967343499833,-2106.2943297645916,-835.6821722516756,-1752.7570133835106,27.90812440250441,-0.0,-277.98250342236906,-1420.1889493226013,-1056.008497412399,-0.0,-0.0,-0.0,-408.8293531203818,-374.4846620498892,-12.689642282293498,-537.9212780523695,-0.0,-1193.8166430529657,-717.7357309158922,-502.3799126217887,1.6226931316072624,-0.0,-319.76836166762837,-1473.131928440378,-952.1208217432559,-308.8464263862322,-786.1306690272484,7.880058693386216,-0.0,-0.0,-2935.2558900327354,-879.7954767190759,-0.0,-0.0,-0.0,-74.141789355892,-996.5676927812012,3.496449337593982,-1631.2450074869616,-1420.8023028008167,683.3327347191741,-0.0,-551.1520827366544,-0.0,766.2146098363828,-214.77678451765274,-0.0,-1550.5401230862938,-296.0546239340474,-1553.8497771941147,-0.0,-1461.042906992439,-522.9133685540723,-213.10977909601996,7.93252573482031,-34.56070902236008,-0.0,-0.0,-657.9418129701977,-1170.9668100190697,-0.0,-542.7252621062344,-0.0,-318.59789431861077,-585.2830690656743,-0.0,234.60985607815397,651.231742771539,718.3449456252667,771.5151248353584,680.3414548785573,855.4896610529884,-0.0,-0.0,-0.0,-0.0,-0.0,17.55519905517956,-0.0,-0.0,-657.6490884970859,15.893133550643904,-355.46179610295405,-166.13373815476362,-0.0,-851.1546103114833,-1394.4660619883148,-1833.7354377491408,-242.3125165874942,-202.71688050393374,-0.0,-0.0,-526.7359159979313,-0.0,-0.0,-0.0,-0.0,-2515.7156325651804,-0.0,-37.31784892220754,950.6421088451782,-0.0,-977.0514945527002,-528.0093362507328,1076.9360275228687,-890.9681210059216,-0.0,-2893.2954511253397,-1889.8540229235912,-225.35076595536486,-766.5855158392725,-1227.0905711722835,-534.3149966079665,918.0361172533597,-80.47062259442978,-505.51530498065176,-0.0,-0.0,-523.1254519991128,-0.0,-903.2145574092427,-0.0,-448.43607861576976,-108.84366068762522,-0.0,-0.0,-1161.3117264883265,-0.0,-0.0,-523.0429392156204,-1190.6482260898958,-1620.0461358107525,-0.0,-0.0,-0.0,-1817.8007068598488,-0.0,-1138.4387552783214,24.88600933609973,-0.0,-0.0,-1065.6885737921596,-863.9652633818703,-1211.654811663766,-343.22101259926586,-0.0,-1146.6177724552851,-267.5235337513066,-0.0,-0.0,4.1040637168435525,-40.1753980302085,-3709.197561178955,-0.0,-40.76503539199413,-41.65542144488188,379.1225436613098,-81.44622083295287,-707.7692384235196,-748.9277009090163,-411.1817927005363,-0.0,-0.0,-1483.1975203600093,-0.0,-0.0,-0.0,-0.0,-0.0,-0.0,-0.0,-141.28314163167022,-0.0,-0.0,-1773.0797485876565,-7837.864208589136,-113.25018389632814,108.64250403118815,-449.57926807421205,-530.2352081546712,-416.53905138024584,-3530.625179081846,-227.29791050530025,-387.0304990817398,-0.0,-0.0,-0.0,-1858.2212535261365,-0.0,-80.30346050314157,-0.0,-0.0,-0.0,-471.06674326217933,-12.500387980359692,-279.81640080976763,-1255.8130405026761,-591.4242732798054,-81.42750148222136,-1719.4060590417337,-0.0,-78.79468167603764,-1852.9506906728925,-0.0,-1244.5679887546498,-0.0,-1274.3352419333035,-0.0,-0.0,-873.2433303225553,-598.259805078361,-31.534002433368265,-636.4670019835921,-103.25353683100482,-695.9596422803811,-146.8366069011938,-631.1992412895344,-632.6047882149735,-2019.2128871185637,-886.1693495910704,-0.0,-1575.9521269316774,-390.3055102414243,-721.9203907946968,-0.0,-0.0,-926.7524639784317,-2040.0261395016369,-132.38084087748126,-0.0,-0.0,-70.898988674224,-3034.6697385232787,-789.9883882189671,-217.27520881586594,-319.94511155524845,-42.24026054834582,-4047.676399270821,-0.0,-0.0,-1838.3190904462447,-784.0088494187712,-0.0,-0.0,-0.0,-74.2012574478024,-0.0,-1708.93052114662,-1583.5342447046626,-0.0,-372.18272964535566,161.0465305050746,-0.0,-0.0,-0.0,-925.3283794626242,4.198217446072279,-2268.4318171150803,-581.9271482549175,-1088.4401527567447,-643.7347362373846,-3086.578545869877,-1350.1032050781089,312.1364868282213,-0.0,-1899.8491676003678,-0.0,-0.0,-0.0,-987.4342971470425,-597.8548214530135,-1146.772476047704,-0.0,-0.0,-838.0907099590631,-1198.2014875133334,-630.0213925013298,-465.28164864911577,-0.0,-0.0,-1219.6505720897642,-0.0,-0.0,-0.0,-0.0,-0.0,-0.0,-468.49555397671304,-167.19759333411608,-1346.7219568684836,-0.0,-687.8631257131892,-3845.7640604955905,-43.2436926862335,-0.0,-0.0,-0.0,-0.0,-0.0,-0.0,-0.0,-0.0,-0.0,-0.0,-1194.8749022791994,-1769.4333821739597,-0.0,281.8409260627765,-0.0,-564.6966844671061,-85.08797165411252,-0.0,-656.3515505377859,-318.3660471305522,-23.782377226697132,-2916.990466074699,-448.770378198021,-2754.736288360601,-184.00424820653592,-1727.2441847114753,-1564.9925327035874,-598.8708866243493,4.232767319161079,-0.0,-1150.9074451884433,-1952.1085163808832,-2242.9783425847227,14.86765097085827,-465.44211355999664,-1595.5944681574858,-0.0,-1895.167906560564,-352.505827050969,-0.0,-2787.4769333545246,-0.0,-890.257313525596,-0.0,-2741.3396182252973,-0.0,-0.0,-78.4367929413145,-896.7551583800382,-636.9444221320647,-0.0,-1124.2343560449901,71.65459315679966,290.5115672998923,303.28799316129613,-245.38047836316053,-1698.8271757665304,-682.1585115614583,-0.0,-0.0,-5324.95721462254,-1209.0695101375418,-0.0,423.16340352688565,-0.0,-1537.2241386027722,-534.4738209471922,-659.9678444727191,-0.0,-0.0,55.17581974693956,-0.0,-954.4956030518763,-956.8988890847302,-1759.5498374753781,-0.0,-545.5612552921434,-2761.8462067092732,-753.648083965543,-0.0,-1202.7732795098575,-75.97851461031253,-1203.7026371504328,4.000883306005387,-875.0133246528455,-0.0,-0.0,-0.0,-667.5457733313916,-0.0,297.08848915607945,-0.0,-347.58979735688285,-727.5197843467461,-497.355477102114,-1036.5162928981872,-572.4228290578478,-1603.0198483826807,-837.6295555918141,-0.0,613.1944157217057,-2159.1728517962974,-1654.1703776089482,-660.9102007296256,-0.0,-0.0,-0.0,-140.01549742220368,-1050.325843217839,-302.1874103527733,-686.5732991273128,-1858.1306175734906,-2599.0263267957307,147.84994381414722,680.6316416710611,703.3306880306953,-0.0,-0.0,120.41147869279968,-89.9229292903312,11410.155650475472,2008.7269272759381,3673.3663835912603,5554.938778093578,-0.0,-0.0,-0.0,-0.0,-0.0,-1304.2247057909742,-1452.0802297272332,-770.738625001385,-0.0,-2701.758573997888,-535.4169574267953,-865.3516401123906,-0.0,-641.9988063306681,-1221.448636129766,-918.7245693136688,-1151.750389347619,-0.0,-2964.135438849859,-1858.3069794888447,-721.672020052317,-131.69495119873181,-2748.4868132178735,-0.0,-259.48286166495586,-0.0,-86.43109741920608,-0.0,-124.07828866727391,-189.06514499981205,-941.647311761334,-790.8984379963865,-0.0,-0.0,-0.0,-1979.226095214818,-0.0,-0.0,-256.6858084728752,-864.0720465213649,-899.5708759022172,-63.76564835499069,-988.436714877271,-1734.2127940690586,-315.97213631073276,-0.0,-0.0,-147.73095239248894,-1489.9155781404934,-420.6095569499887,-0.0,-5652.560098801633,265.5774763874748,-0.0,-0.0,-0.0,-200.89879403031682,-409.23416203089107,-0.0,-0.0,-1131.8825983894826,-1898.3756405626937,-1061.6034032718412,-392.6109874936559,-368.21814750093324,-498.9671811379029,412.0202984934255,-1085.0811125188095,-0.0,-463.5593230586107,-2165.307665795026,-453.2965712534167,7.415927617138812,-0.0,-429.4805953390001,-0.0,-0.0,-0.0,-1186.8572493378563,-422.61284689510626,-1327.6508860070744,-0.0,-0.0,-0.0,-179.5051118424061,-488.2708276096949,-1547.3321478302269,-2650.5483132348404,-197.96703645819477,-116.11100634916698,-0.0,95.40332402004235,-0.0,-1056.363071071653,-160.91235765514008,-0.0,-0.0,929.6643641012578,-0.0,-1597.7388416806416,-0.0,-0.0,-0.0,-184.10921022529536,-1880.3591388443574,-1488.6701272126456,-29.31245318312055,-2095.6698286105407,-1459.8762041552902,-26.38596079954692,-29.587023561556805,-63.458971432165214,-0.0,-0.0,-1885.5352941034887,-0.0,-5598.808691507618,-0.0,-1401.427847828057,-263.4918864278371,166.71826861473562,-0.0,-10.797155082002165,-1530.9304359311175,-1477.4784271108788,-520.4819169477951,-34.58099909069723,-96.01445677932244,-0.0,-0.0,-0.0,-0.0,-1005.4128499827033,-1035.3529448678446,-0.0,-549.8290030352626,-1151.2865881893217,-222.9939778734691,-28.992328517639276,-0.0,-0.0,-0.0,1018.9442830776849,-72.99126131478832,-0.0,-465.9868690328955,-764.855077256541,-1414.5752916353763,-0.0,-0.0,-2337.134509824795,-0.0,-0.0,-0.0,-0.0,-647.0130443604171,1040.4915013984457,982.9452395866863,1085.4983854989362,-0.0,-0.0,-0.0,-606.3032796475153,-0.0,-0.0,-349.74653503776665,-214.40369795258536,-0.0,-205.40093428197162,-1104.747289621069,-1224.044636014705,-0.0,-0.0,-0.0,-19.483217125608835,-1326.7568153832674,-17.65137394716151,310.6949005047658,-0.0,-1510.3648081782114,-832.0536521028617,-536.0910653020815,20.85744314974475,18.199719244215032,-284.5087941912759,-15.006265930940735,-349.9751232579057,-365.48466980708486,-999.8688047989253,-334.62895449787436,705.0592421582734,-1311.7477154426408,-142.16895283431643,-145.26675308059816,-3368.4774192299396,-2435.5610034211527,633.767378211792,-1084.8118794727677,-127.3586867884065,-4.133813422282612,-660.2230040376785,-1043.1162143359088,1752.34191455606,-613.6930131621325,-627.9826907813633,-686.375776792014,-0.0,-5509.861999660522,-0.0,-511.9622517586434,-904.6149064942877,-674.381124268798,-781.5768852310489,-1026.5866360848097,-0.0,-1008.579312192858,-192.2017440593666,-78.80501614586348,-7190.832798998618,364.6181885200828,-160.54460285067762,-0.0,-538.7464287736834,-1038.9554455826749,-0.0,-0.0,-503.1370548452377,-1482.2994844779994,-38.69765722241356,-217.22739031968925,-267.79263887242206,-1114.940503176162,-0.0,-0.0,60.7658330982028,-0.0,-0.0,-1609.3774937344115,-0.0,-1842.7218701914867,-938.5449312717465,-1243.2686393498827,-0.0,-0.0,-453.22295969385567,-889.5896828989578,-137.41498058147482,-0.0,-386.6909512109122,-149.25469389158644,-418.0058939736489,-0.0,-178.77465307006796,-426.1545623562215,-2192.13952148983,-793.6315189127791,-1300.3544129593872,-0.0,-0.0,-1122.1822180770914,-26.707749209190247,-0.0,-0.0,-1242.8492051911558,-0.0,-0.0,-0.0,-0.0,-0.0,-0.0,-0.0,-0.0,-0.0,-0.0,-89.55873979206109,-0.0,-0.0,-0.0,-0.0,-0.0,-0.0,-0.0,-0.0,-0.0,-0.0,-0.0,-284.4422191671652,-0.0,-0.0,-0.0,-0.0,-0.0,-0.0,-0.0,-0.0,-0.0,-0.0,-0.0,-0.0,-0.0,-0.0,-0.0,-0.0,-0.0,-0.0,-0.0,-0.0,-0.0,-0.0,-0.0,-0.0,-0.0,-0.0,-0.0,-0.0,-235.1653238714659,-0.0,-0.0,-0.0,-0.0,-0.0,-0.0,-0.0,-0.0,-0.0,-0.0,-0.0,-0.0,-0.0,-0.0,-0.0,-0.0,-0.0,-0.0,-0.0,-0.0,-0.0,-0.0,-0.0,-0.0,-0.0,-0.0,-0.0,-0.0,-0.0,-0.0,-0.0,-0.0,-0.0,-0.0,-0.0,-0.0,-0.0,-0.0,-0.0,-0.0,-0.0,-0.0,-0.0,-1249.4551920448907,-566.2066345117875,-1520.4323863203024,-0.0,-0.0,-0.0,-0.0,-0.0,-0.0,-0.0,-0.0,-0.0,-0.0,-0.0,-0.0,-0.0,-0.0,-0.0,-0.0,-0.0,-0.0,-0.0,-0.0,-0.0,-0.0,495.1167412496952,-0.0,-0.0,-0.0,-0.0,-0.0,-0.0,-0.0,-0.0,-0.0,-0.0,621.4057033359715,-0.0,-0.0,-0.0,-0.0,-0.0,-0.0,-230.6483747602729,-0.0,-0.0,-0.0,-0.0,-0.0,-0.0,-0.0,-0.0,-0.0,-0.0,-0.0,-0.0,-0.0,-0.0,-0.0,-0.0,-0.0,-0.0,-0.0,-0.0,-0.0,-0.0,-0.0,-0.0,-0.0,-0.0,-0.0,-991.7903474375054,-0.0,-0.0,-0.0,-0.0,-0.0,-0.0,-0.0,-0.0,-157.39839085352577,-0.0,-0.0,-0.0,-0.0,-0.0,-0.0,-0.0,-0.0,-0.0,-0.0,-0.0,-0.0,-0.0,-0.0,-0.0,-0.0,-0.0,-0.0,-0.0,-0.0,-0.0,-0.0,-0.0,-0.0,-0.0,-0.0,-0.0,-0.0,-0.0,-0.0,-0.0,-0.0,-0.0,-0.0,-0.0,-0.0,-0.0,-0.0,-0.0,-689.9422386042538,-0.0,-0.0,-0.0,-0.0,-0.0,-0.0,-0.0,-0.0,-0.0,-0.0,-0.0,-0.0,-0.0,-0.0,-436.82234674255545,-0.0,-0.0,-229.91463179977524,-0.0,-0.0,-0.0,-0.0,-0.0,-0.0,178.7529721270696,-0.0,712.6444120381811,-0.0,-0.0,-0.0,-0.0,-0.0,-0.0,-0.0,-0.0,-0.0,-0.0,-0.0,-0.0,-0.0,-0.0,-0.0,-0.0,-0.0,-0.0,-0.0,-0.0,-0.0,-0.0,-0.0,-0.0,-0.0,-0.0,-0.0,-0.0,-0.0,-0.0,-0.0,-0.0,-131.94367665165103,-0.0,-0.0,-0.0,-0.0,-0.0,-0.0,-0.0,-0.0,-0.0,-0.0,-0.0,-0.0,-0.0,-0.0,-0.0,-0.0,-0.0,-0.0,-0.0,-0.0,-0.0,-0.0,-0.0,-0.0,-0.0,-864.0657889267405,-0.0,-0.0,-0.0,-0.0,-0.0,-0.0,-0.0,-0.0,-0.0,-0.0,-0.0,-0.0,-0.0,-0.0,-0.0,-0.0,-0.0,-0.0,-0.0,-0.0,-0.0,-0.0,-0.0,-0.0,-0.0,-0.0,-0.0,-0.0,-0.0,-0.0,-0.0,-0.0,-0.0,-0.0,-0.0,1156.2528109841662,-0.0,-296.96689454626,-0.0,-0.0,-0.0,-0.0,-0.0,-0.0,-0.0,-0.0,-0.0,-0.0,-0.0,-0.0,-0.0,-0.0,-0.0,-0.0,-0.0,-0.0,-0.0,-0.0,-0.0,-0.0,-0.0,-0.0,-0.0,-0.0,-0.0,-0.0,-0.0,-0.0,-20.13700004374447,-0.0,2329.2622677540357,-0.0,-0.0,-0.0,-0.0,-0.0,-0.0,-0.0,-0.0,-0.0,-0.0,-0.0,-0.0,-0.0,-0.0,-0.0,-0.0,-0.0,-0.0,-0.0,-0.0,-0.0,-0.0,-0.0,-0.0,-0.0,-0.0,-0.0,-0.0,-0.0,-0.0,-0.0,-0.0,-0.0,-0.0,-0.0,-0.0,-0.0,-0.0,-2157.03285512089,-1498.102123478131,-0.0,-0.0,-0.0,-0.0,-0.0,-0.0,-0.0,-0.0,-0.0,-0.0,-0.0,-0.0,-0.0,-0.0,-0.0,-0.0,-0.0,-0.0,-0.0,-0.0,-0.0,-0.0,-0.0,-0.0,-0.0,-0.0,-0.0,-0.0,-0.0,-0.0,-0.0,-0.0,41.53267271017475,-0.0,-0.0,-0.0,-0.0,-0.0,-0.0,-0.0,-0.0,-0.0,-0.0,-0.0,-0.0,-0.0,-0.0,-0.0,-0.0,-0.0,-0.0,608.3931378797787,-0.0,-0.0,-0.0,-0.0,-0.0,-0.0,-0.0,-0.0,-720.560893063296,-0.0,-0.0,-0.0,-0.0,-0.0,-0.0,-0.0,-741.2508285461594,-0.0,-0.0,-0.0,-0.0,-0.0,-0.0,-0.0,2423.725742758052,-0.0,-0.0,-0.0,-0.0,-0.0,-0.0,-0.0,-0.0,-0.0,-0.0,-0.0,-733.4598599052921,-0.0,-0.0,-0.0,-0.0,-0.0,-0.0,-0.0,-0.0,-0.0,-0.0,-0.0,-0.0,-0.0,-0.0,-0.0,-0.0,-0.0,-0.0,-0.0,-0.0,-0.0,-0.0,-0.0,-0.0,-0.0,-0.0,-0.0,-0.0,-0.0,-0.0,-0.0,75.14095469004637,-0.0,-0.0,-0.0,-0.0,-0.0,-0.0,-0.0,-0.0,624.5966792320842,-0.0,-0.0,-0.0,-0.0,-0.0,-0.0,-0.0,-351.04179715884504,-0.0,-0.0,-0.0,-0.0,-0.0,-0.0,-0.0,-0.0,-0.0,-83.54165427276583,-0.0,-0.0,-0.0,-0.0,-0.0,-0.0,-0.0,-0.0,-0.0,-0.0,-0.0,-0.0,-0.0,-0.0,-0.0,-0.0,-0.0,-0.0,-0.0,-0.0,-0.0,-0.0,-0.0,-0.0,-0.0,-0.0,-0.0,-1842.2189484323287,-0.0,-0.0,-0.0,-0.0,-0.0,-63.15836107866576,-0.0,-0.0,-0.0,-0.0,-0.0,-0.0,-0.0,-0.0,-0.0,-0.0,-0.0,-0.0,-0.0,-0.0,-0.0,-0.0,-0.0,-0.0,-0.0,-0.0,-0.0,-0.0,-0.0,-0.0,-0.0,-0.0,-0.0,-0.0,-0.0,-0.0,-0.0,-0.0,-0.0,-0.0,-0.0,-0.0,-0.0,-0.0,-0.0,-0.0,-0.0,-0.0,-0.0,-0.0,-0.0,-0.0,-0.0,-0.0,-0.0,-0.0,-0.0,-0.0,-0.0,-0.0,-0.0,-0.0,-0.0,-0.0,-0.0,-0.0,-0.0,-0.0,-0.0,-0.0,-0.0,-0.0,-0.0,-0.0,-0.0,-0.0,-0.0,-0.0,-0.0,-0.0,-0.0,-1281.4204245426747,-0.0,-0.0,-0.0,-0.0,-0.0,-0.0,-0.0,-0.0,-0.0,-1606.527804320421,-0.0,-0.0,-0.0,-0.0,-0.0,-0.0,-0.0,-0.0,-0.0,-131.39794399519494,-0.0,-0.0,-0.0,-0.0,-0.0,-0.0,-0.0,-0.0,-0.0,-0.0,-0.0,-0.0,-0.0,-0.0,-0.0,-0.0,-82.49125127395524,-0.0,-0.0,-0.0,-0.0,-0.0,-0.0,-0.0,-0.0,350.7688880010356,-0.0,-0.0,-0.0,-0.0,-133.96146386925562,-0.0,-0.0,-0.0,-0.0,-0.0,-0.0,-0.0,-0.0,-0.0,-0.0,-0.0,-0.0,-0.0,-0.0,-0.0,-0.0,-0.0,-0.0,-0.0,-0.0,-0.0,-0.0,-0.0,-0.0,-0.0,-0.0,-0.0,-0.0,-0.0,-0.0,-0.0,-0.0,-0.0,-0.0,-0.0,-0.0,-0.0,-0.0,-0.0,-0.0,-0.0,-0.0,-0.0,-0.0,-0.0,-0.0,-0.0,-0.0,-0.0,-0.0,-0.0,-0.0,-0.0,-0.0,-0.0,-0.0,-0.0,-0.0,-0.0,-0.0,-0.0,-0.0,-0.0,-0.0,-0.0,-0.0,-0.0,-0.0,-0.0,-0.0,-0.0,-0.0,-0.0,-0.0,-0.0,-0.0,-0.0,-0.0,-0.0,-0.0,-0.0,-0.0,-0.0,-0.0,-0.0,-0.0,-0.0,-0.0,-0.0,-0.0,-0.0,-0.0,-0.0,-0.0,-0.0,-0.0,-0.0,-0.0,-0.0,-0.0,-0.0,-0.0,-0.0,-0.0,-0.0,-0.0,-0.0,-0.0,-0.0,-0.0,-0.0,-0.0,-0.0,-0.0,-0.0,-0.0,-0.0,-0.0,-0.0,-0.0,-0.0,-0.0,-0.0,-0.0,-0.0,-0.0,-0.0,-0.0,-0.0,-0.0,-0.0,-0.0,-0.0,-0.0,-0.0,-0.0,-0.0,-0.0,-0.0,-0.0,-3884.348980039038,-85.50382770096301,31351.57184727192,-3604.074120504581,-3587.582943684518,76281.04268518907,-0.0,-7017.516460998848,786.6395342326684,1808.0543957330085,-23038.788930404655,-0.0,-4846.940527041763,-0.0,-0.0,21324.130723896833,-12016.083675245229,2781.3984854814307,6221.435726321954,-3737.0381494865173,-22634.971617436793,-8344.454450547526,50.255341207210044,-88.97840317557713,-5768.094973061607,-0.0,-11261.858099474948,-16819.484205509474,13214.712561740389,-123.14655916625135,366.0132092026716,43580.953242877666,-2198.8959535037206,-94389.13697183187,-2996.0405404441185,-22065.4650691669,-14821.42708835206,-4804.819131628038,-5944.296832034833,-14892.295115054076,12387.555897229835,-2098.669567473223,-3341.2883395556746,-3184.9614652516757,-10798.903640047038,6211.545052351186,30981.023962868196,-729.3898213817546,-172.0740562686906,19403.922519103155,3227.3972294533137,-172.32463079621195,4916.010712122325,5436.502655714812,-5297.007593747414,-6948.146481518468,-3062.493794100063,376.5333925938718,-0.0,-0.0,-1185.2711224487616,-7340.9761799770195,-3617.0348350289787,-3123.1743065985374,-439.15418787200014,-4633.660297615698,10664.612992520288,5917.733514730759,-7556.7257940032705,16271.490696116367,-18082.144079024543,-29585.994151832423,66844.4446425531,-21396.843270202542,-7498.731644827582,-1780.6725036731427,-2968.935552824453,-5872.071674266892,-3657.871960255679,-30263.868895575422,-0.0,-13134.004917111943,-0.0,3320.9653729171937,-0.0,-0.0,-12502.121593419284,-1311.3726619806384,-0.0,-0.0,3348.5317204324947,-0.0,121.49471147955053,-0.0,-5715.906468883738,-4183.364702481188,-7197.206659041185,-7940.601325179539,8591.44672508934,-0.0,-26985.06446474218,43127.79878323093,-0.0,-0.0,-18428.837364808438,-8246.125776058254,121.67384860982783,520.6730928211653,-0.0,54781.44741802961,-0.0,-0.0,-0.0,-0.0,50383.2243856151,-1384.3537647945866,-0.0,-11870.852194349698,-0.0,-4980.8547515753935,-859.7163851700981,-2478.67093639764,-14403.025979919383,8457.136907086617,-936.2499553004592,-8556.98573402872,-0.0,-0.0,-6130.0724538575405,-6574.5827385306275,-11564.053676576992,55942.936089372,-0.0,-199.2487090973314,12687.082247287985,3914.3549750421403,-2585.7762581635607,637.5391875006193,1603.8753914706956,-3510.2479704334137,137.6050812598557,-17299.917222017753,769.4802640314297,12677.740764906128,-618.6335684625406,9542.584451529916,43375.69808814762,5153.539908525961,988.9070443436739,8890.539830056952,-1885.4074732544593,-7201.88827123998,-8260.04938977742,-14576.136660343458,-0.0,2661.896669644863,13299.45974607009,11990.249483651107,-7574.700778549472,5550.315843625983,3399.7419218135756,-8406.743895864147,20677.897428947614,-13523.714973528247,-0.0,5014.90815576159,-11002.697603112652,-14415.217175837246,-6947.310881160071,24096.372898244343,1986.9291726830133,-0.0,-4910.675887816688,-0.0,-2273.861786128782,52.83084073310171,-3270.86670957499,-768.6223172472348,75.9971124821626,-180.12473057728772,-20504.701267602893,-13028.192818243158,21551.19309050027,-7258.3144693684335,3208.3284769176894,7848.244640020916,-7051.747324017095,-4565.310146835154,-12778.631023845173,-0.0,-1863.1341112215546,-1913.6726164116046,-0.0,1074.643111510346,-2925.6951721250293,-0.0,-0.0,-14938.40301915761,-2991.310390217676,3639.8691158261795,-3558.941548676637,-0.0,-0.0,-0.0,53157.22986977892,22014.15748447639,-0.0,-1306.8928520186428,11374.235682830698,-0.0,-3862.1683303084333,-2656.527863851085,-0.0,-4790.463101734364,-7148.06417108028,108867.93476418237,-11519.580009574014,-8337.907478275474,-28855.387621764647,-0.0,2365.4646209242983,2131.085856657823,-9418.592646344418,24634.592666490287,-7595.453521083564,-42370.37818158189,-14288.23077123009,-9557.601061358075,-0.0,1205.7073202708154,-4579.284519868704,19774.43117563737,-2040.351792564269,79.04662310047215,-11131.078063618303,-8704.939199072836,28535.04431256173,-0.0,-1475.0361695722765,113.69568514777761,-0.0,-0.0,-0.0,-0.0,-0.0,-0.0,-0.0,-0.0,-0.0,-0.0,-0.0,-0.0,-0.0,-0.0,-1201.8702897052503,-0.0,-0.0,3952.4791975152293,-10963.593982162796,-814.0825759915497,-8715.118980697249,21374.93455173755,8312.721020886118,-3557.2404998079646,2169.2527834244706,37016.778563463085,-0.0,-0.0,-3589.643645110728,2453.884281955574,-6153.4493270264265,-7677.313511120617,-0.0,-187.05408567884615,8735.167918217101,-3981.4257228262536,-867.0046521603288,2854.927232516884,-25964.93851555156,21612.300351299473,-4520.316772547905,-1989.445607053865,13033.743740640159,-0.0,-0.0,-0.0,-0.0,-0.0,-0.0,703.7134170213744,48072.074814831154,-8885.092733995994,-6957.101705136565,-11556.980781694188,-0.0,-9542.304093018302,-11698.838108895903,-0.0,-0.0,-0.0,532.9449148259597,512.2889962239793,751.7808960289267,2762.0784970100244,-0.0,2418.6847179893375,891.9359000706675,814.6851829948065,718.6826464788915,750.3626348065225,3045.0165101034067,1608.375182688884,3034.70051296541,2405.8113321040264,2660.7058761640415,2933.024581536084,34859.75519410575,38188.94992089833,36112.57998028674,32718.99216220655,6233.418870218881,6178.512137651356,7127.153106557854,8830.809958065147,4345.33815218571,1873.6037769375087,1973.4926656997147,1984.9732709738018,1863.3255710678832,1966.9069006291338,4571.165548431568,2856.5903254184013,1211.7566248334788,1165.0401862903225,613.3567316657119,358.0448023211757,434.13017732697904,31526.627025324877,34191.77689458043,36291.5697578833,33365.81043808541,51535.61390554785,54254.00366583898,1220.4244817939507,1210.735703644245,1217.9524208269045,1032.4102808320727,1152.5239664228827,1202.2759015348104,588.0467213999187,45150.17357650517,48225.71158966197,49218.05011146612,2505.5940113892707,-0.0,6470.484601429989,36860.10476490967,33261.87338988862,33648.5997789572,55532.639491072354,60948.966221182134,62586.1607620965,52594.756873007194,2472.1944340626787,2182.4725834039446,4568.673854474132,-0.0,18248.975254092526,21251.48169211068,-0.0,446.0754386246991,929.0177577130515,1459.4611759308807,1337.1414867937474,1553.4951140458456,1376.757776537402,1590.114016795258,1290.4712540701548,37796.2391398411,36638.93572562942,35982.08958947564,33919.51098059616,988.5717827954453,1130.2518031197314,-0.0,-0.0,16099.697705698309,36464.1270670323,35075.652723934465,32748.33564497723,31604.59455273926,-0.0,45687.84772271928,49096.78136813332,1001.3495087152249,1973.5997883794857,2167.8878498565637,2312.2568274121254,2079.906349179992,2047.2314220187793,49881.84482891678,47050.03086143863,-0.0,-0.0,15682.642132363242,820.6764548992547,989.1762833206882,37202.0563330085,35189.83066648292,31696.57023102916,33583.32117717928,32004.816681573346,34020.526204861584,-0.0,14866.704727803623,9452.279365602439,-0.0,-0.0,1180.5220723215189,1296.868228242242,412.28845145913766,368.9598220363227,302.0674862575065,303.6899837129586,-0.0,1080.7180257231225,1030.3623303226457,990.6434160570533,1129.3479907064054,-0.0,1374.5898599650086,1433.415436392505,1814.4728918568771,1939.9193762123346,1939.155815301802,1899.472972327119,706.5809995985433,861.2889906680301,788.0549053514789,1182.5311708404904,833.8660128036162,748.7289181029109,799.480154618107,806.990837875688,7618.927273227174,8649.70371672727,39.00826788995683,67.89670459328069,3177.9502092531097,14956.847881492256,954.1851848150948,916.194941290283,-0.0,-0.0,5973.840152479238,6054.390809314418,5938.871298098495,5876.233598020679,1251.42760692337,1353.1887123611402,35715.42826206713,36365.110087279594,7911.614977524561,6918.909378348401,-0.0,49484.2807195628,2017.7289478127807,1896.6649801210665,1033.2296961848922,51414.767399047014,54922.54754939718,53144.196427413764,49009.50684311261,402.1582409554514,55288.395396931825,52033.04983930656,-0.0,-0.0,18019.986215244644,-0.0,650.9643372798317,663.5780675775516,589.7237565046635,1573.9494138649684,8804.275926212176,20736.10559788041,1339.9159500338585,1447.095570325073,48.345447734955,632.8950885395684,633.3854069406376,14064.485687310753,1422.0247498334238,-0.0,-0.0,-0.0,1021.834342827905,-0.0,1088.9919104840094,-0.0,4019.926607381955,939.959982236861,1059.2967534696716,1002.9227134626095,635.6953062743314,615.1400923668709,579.9358093265905,1412.099569365747,1566.0679979297693,1699.309430971185,1022.2236504193518,114.83650326405807,4674.555107184264,49364.56953548316,53565.434539294256,9659.964440798427,19453.851449033173,14649.339267444595,15308.383629132853,1882.282409416765,1717.2496036199786,1353.5347199002788,1352.833838826835,738.5016458865446,893.117502665839,2208.871700374799,33329.18443198896,35826.939161811395,1268.529328778301,1297.7306301984643,1255.8181316306773,2154.9371843769563,2299.7433423630728,2630.690935305789,36655.55285128059,32813.172175507156,32595.026638571795,35694.50342474453,-0.0,-0.0,-0.0,2202.0670963582133,2444.0822894457524,2124.4411400675144,6559.335581457481,5724.928490165684,6191.95754093602,1688.1544292047913,1779.2501230890775
7,-0.0,-0.0,-587.4190459042248,-1868.2666310701811,-439.0105152362518,-518.8674731162362,-50.95151716387242,-965.6154895758983,-658.8228728235775,-0.0,-1392.9874041850608,-0.0,-0.0,-2056.4439313340563,-0.0,-555.7327139577819,-414.7219130334588,-0.0,-0.0,-176.63039337897195,-251.74583347904192,-670.9349048900065,-1065.2207406517878,-683.7393496228196,-2010.7844590425264,-1241.7815553967175,-0.0,-0.0,-2802.0909817668003,-1691.0573043586742,-0.0,-0.0,-0.0,-0.0,-0.0,-0.0,-104.7736310283699,-303.0206142350786,-1624.88736222571,-1313.632200114763,-0.0,-0.0,-128.54393741080332,-684.3533773882061,-172.16668996803753,-0.0,705.7553405813246,-1598.579774966785,-391.83030392144707,-0.0,-0.0,-358.63264722476714,-4.402454996583682,26.129394059092277,-1888.0102044179791,-3256.185104186831,178.31050473888936,-5575.518974094696,-232.41067284740026,-0.0,-1578.1877478239926,-0.0,-633.3651248954313,-2415.261011239388,-517.1201245255384,-612.4203646201134,-39.473027488173884,-2219.7030473533478,-736.8477943286493,-518.0407336085926,-2976.927342319097,-0.0,-0.0,-2230.2769058125527,-992.0229331457845,-384.2227318098589,-1852.4979886507538,-0.0,-0.0,-1452.8308241097782,-1564.4968357660857,-459.5659097767692,-3800.9280415307912,-62.31390690377842,-73.31989305132338,-1680.5919532930589,-0.0,-596.7148772634725,-999.7039138580607,-17.1520996255084,-0.0,-1437.492870040038,-82.36181617775276,-630.9945661235721,-2208.6615473843062,-51.670570092622576,-2219.360250184198,-339.72694045959463,-1408.9525836080195,-2584.286103744784,-720.2540130830558,690.1450480241945,-545.6168666216272,-0.0,-1625.3494822969888,-2322.121400095192,-4199.781706382025,-553.375720609687,-2766.865215050495,-0.0,-1478.0673810276292,-0.0,-0.0,-498.0703601311953,-0.0,-0.0,-521.1658402541894,-78.17136088267793,-1627.8144480522244,-823.227484440025,-999.956061981338,242.84182758572817,-440.6438342310923,-353.2638122643215,-402.9460850757865,-15.011746641381764,-438.5769914327262,-514.0553022737025,-768.9779884335144,-0.0,-5044.488267674075,106.79244354214123,-95.19425903392934,-4424.582906535282,-0.0,-1001.1250839862331,86.75812042223095,-0.0,-638.7808845797186,-0.0,-0.0,-511.4294326143068,-0.0,-336.7107798280572,-947.886903440611,-0.0,-1052.9197055765069,-271.79116342393763,-701.5329815254373,-2169.2531144743966,-0.0,-1693.636907539487,-1014.423747193311,-0.0,-0.0,-0.0,57.27622874044436,738.2730648319206,-0.0,-1542.8282400204898,-1835.0843737904634,4.417529621117836,-0.0,-0.0,-478.97537738024926,-350.25248643457394,-373.9771730341084,-0.0,-381.8111935841589,-3115.0235552973895,-1142.5615669819622,-0.0,-1233.9122381927853,-2283.6459577941832,-0.0,-0.0,-0.0,-0.0,-0.0,-0.0,-549.8326425990062,-675.217885221652,-268.4782925944904,-173.20294899171765,-1053.8182762762158,-16.07045204605135,-0.0,-0.0,-657.7010320965272,-0.0,-636.1981063374847,-198.90560487191672,13.437918711358467,192.5518453278553,-0.0,-0.0,-1038.6597747999676,-401.4535881284007,-509.02632857016965,-0.0,-2729.560420891219,-2152.940954871461,-910.9778462727515,-0.0,-0.0,-2176.4179638753435,-1296.5291529379738,-701.683680884923,-25.864830156777025,-1576.9574818127298,-1273.0004246657622,-0.0,-0.0,-1847.8694275351784,-0.0,-917.3018529379341,-1074.398740708657,23.14045143642048,-510.84151522747686,-566.7192641907136,-337.12431218332296,-0.0,-1751.9186973852964,-0.0,-2950.4137346617363,-2502.568780369047,-197.28348335169127,-493.964864041138,-470.98072185708475,-0.0,-296.69471165908107,-212.45058061361314,-0.0,-1027.4295866755817,-579.1973937902835,-989.5944318480289,-1764.3254531018013,-970.7429488274873,-2110.321297157185,-1742.6616150534578,-2353.0143067980252,-2329.2242221803867,-1095.0001717928826,-2156.820518440139,-560.1143374930698,-428.83547119924276,-0.0,-1330.9185758128128,-874.8948877195714,-1071.5250511488377,-461.95881570511466,-405.8125017020734,-2210.7795997168937,-665.7996676913228,-449.48401818138746,743.2314328896335,-0.0,1123.3847916120762,-1455.6976531580672,-0.0,-0.0,-0.0,-0.0,-0.0,-0.0,-1329.1163248110772,-2910.941319887909,-501.78595328411024,-963.0312951233467,-0.0,-0.0,-1923.970047287872,-1340.387476616532,-1997.9892639601817,-0.0,-0.0,-67.94577395507368,77.42348927047374,-468.6500335933798,-2007.9949607403491,-479.59551696692944,-0.0,-430.3630271561922,-730.2583319934449,-12.85815754498517,-1248.1264040533224,-1135.771482142709,-1523.4671629739876,-1121.1430008602588,-149.35470470855918,-637.499979542914,-0.0,-1654.2510403390438,-0.0,-959.3044884437493,-125.25227160300165,-40.657883597113276,-544.8443857366435,-0.0,-2373.0349143456,-124.82721700747261,-635.1246283211879,-1570.256518320746,-1375.5660394883632,6.363962502674619,-527.416563001953,-804.0408865113495,-24.664756931932406,-296.7569888693988,-455.47433958010026,-63.466621421748705,586.3608539207337,-1272.242918380509,-0.0,-943.5561953330058,-1242.243627135169,-0.0,-568.1087749787494,-0.0,-1561.50598330632,-0.0,-0.0,-0.0,-1177.728519144415,-845.1061122281794,-408.2545280643104,-0.0,-1421.784417928523,-3130.141602131405,-3638.174465702409,-0.0,-362.6765003555401,-0.0,-284.4310373650529,-362.16349979497875,278.29571131588216,-563.9720650391032,-0.0,-570.9071672470517,-954.6508046654462,-277.6750317759229,-517.6937228831283,-0.0,-459.5744720562402,-1181.119216805397,-546.9052025925819,62.79471615889801,-2449.3847326328023,-0.0,-0.0,-1091.302892705494,-482.77457897031906,-1212.9883264787975,-71.17498649910746,-131.71931330278656,-231.67661787639716,-628.5050332804097,-951.9825639664182,-1436.149328816925,-2356.6190808928845,-0.0,-0.0,-363.4317166950181,4909.085737989265,-0.0,-0.0,-0.0,-0.0,-0.0,-2518.9529118626324,-504.48747134474155,-0.0,-1078.4328768280034,-1079.7225231957825,-611.3574941437425,-2216.453754663355,-180.89376392316484,-1219.0768518436641,-0.0,-0.0,-2094.4457539992845,-637.234706533398,-1849.54620132894,-688.6493218477566,-598.9785155595083,-1686.0483304872998,-257.12692018875543,-1845.386545158655,-1070.8337120201081,-114.79803941973343,-857.5045581678794,-1249.2705917397996,-214.5886720864932,-225.43669124902553,-1865.7679150201536,-0.0,-496.0716445927789,-272.5939843535818,-149.07437723831399,-773.5823446502939,-222.61364383762813,-922.3456827890125,-762.5805982477935,-1272.1311844933145,-305.67551363319114,-2602.0085981930247,-23.255445928969454,-618.6148389036091,-0.0,-888.8381535159598,-660.2032877140487,-975.2807632410469,-1103.1370635800129,13.119309871208584,-371.0332382770488,-813.742267984281,-813.5272775940957,-362.641983886993,-1051.7460313756121,180.43062486252833,-0.0,-0.0,-0.0,-0.0,-0.0,-0.0,4.55212341938183,-306.91377377253923,-2419.9162546681637,-4381.044879288627,-491.6975355053742,-1061.1439610630148,-143.47553660208084,-540.5000489107484,-1388.8531449565014,-1140.5766167442673,-81.07677215111104,-453.99983629489446,-489.7572293686344,-0.0,-132.52827888441914,-1052.9483803018115,-652.9908869578583,-0.0,-1343.0320244457082,-0.0,652.031210384725,-0.0,-0.0,-0.0,-27.147010218508143,-0.0,-0.0,-990.5639600802041,-429.8958044657719,-1134.3082269091028,-0.0,-0.0,-0.0,-900.2943754813865,-568.6290462287844,-1383.5730591561874,-0.0,329.250842967631,-0.0,-0.0,-2982.3235583421438,-1386.5371052948706,-12.791750367851268,-0.0,47.607402516298734,-18607.261080860517,-17896.135568102272,-2566.635644248274,-0.0,-0.0,-0.0,-0.0,-308.5155664992326,-0.0,-0.0,-699.0161916578168,-2484.8458315400917,-2160.266506648344,-1504.5268973153202,-411.4096498388936,-1820.6936363782672,-45.58337652359228,-1606.608835305832,981.3876983643885,-0.0,-841.9064906217569,149.13628592680428,-0.0,-0.0,-0.0,-0.0,-112.53299342339331,-0.0,-0.0,-0.0,-784.7007907583235,-1593.489850006122,-0.0,-0.0,-620.6016480107686,-2087.3812195866153,-0.0,-1420.891954280995,-1738.3219930857574,-1815.4333623370571,-0.0,-0.0,-240.6398785709458,-76.19050282828708,-1092.2947602155077,-1507.354890633423,-506.213509313058,-1417.1799116531388,-1230.3598672250882,-0.0,-0.0,-0.0,-0.0,-387.45157725719133,-91.69907316450177,-0.0,-0.0,-189.49775923320755,253.12634692998907,-0.0,-1181.924251186813,-1113.3610776526052,-1105.1407706916625,-0.0,-0.0,-829.6160930835874,-1306.0276851660549,-756.7336694985567,-415.9618185041518,-0.0,-2325.2574988026413,-2350.4870588715153,-0.0,-0.0,-0.0,-0.0,-0.0,-1419.603280533813,-0.0,-2109.393999226984,-1146.0366382022746,-79.55405275093051,-0.0,-0.0,-0.0,-2643.947931552159,-1542.778051271117,-568.1659912271449,-532.4197895885162,-1073.2319141897894,-806.4057188465378,-0.0,-0.0,-530.2766570371266,-1307.2795700541878,4.369904972435424,-575.4008650754903,-0.0,-1042.402336366285,-816.681537092228,-1603.9336457753268,-0.0,-253.93268400005377,-244.37494930769614,-315.5849694426695,-1463.2104483199753,-102.6867351550478,-0.0,-0.0,-0.0,-0.0,138.8038326265893,-157.695377253375,-789.7271561989105,-1473.935951559202,-1265.5249336824904,-554.7390906123223,-575.7430097248867,-9013.780757714661,-971.7554121014772,-564.2511189123695,-0.0,-0.0,-0.0,-340.9800868071809,-380.1175249331823,-1147.113469516303,-335.66102102153485,-0.0,31.941554272097036,-0.0,-0.0,-0.0,-0.0,-0.0,-0.0,-0.0,-93.51333743895842,1691.1342976824649,-0.0,-1383.7677634278778,-588.6085121111224,-426.32427188349317,-1863.164291193771,-0.0,-0.0,-603.092131911493,-727.6349796281946,-119.41793695360734,-135.8824251294199,-0.0,-636.5756260428668,-179.201913520467,-1952.401160402133,-383.4557851230261,-501.2803281347673,-0.0,-0.0,-1326.0895185621007,-2342.673645223593,3.804526614725374,-555.0537250738489,-417.70167088655154,-1046.0858669930624,-1340.7103053380013,-780.8795965490048,-305.78075041205153,-172.2407450060381,-1459.964055304208,6736.987596154475,-0.0,-579.0585398494133,-621.3836472095752,-1173.3222358719017,-1157.5424248834722,-1115.7386072567774,-1852.5967727173602,-1776.0390789616451,-594.1936881672135,-0.0,-0.0,-1749.3424462396683,-0.0,-0.0,-403.438806651811,-1816.168184401233,-1500.3047602435158,-263.41103627646714,-121.93823323294352,-1915.350521037763,-0.0,-1387.3018056783237,-0.0,-0.0,-0.0,-0.0,-0.0,-0.0,-439.6657095267097,-1501.3856741752963,-1019.8273509893413,-79.19097274188556,-242.44270718562268,-519.6752030449919,-188.3269327416859,-0.0,-0.0,-493.344072651129,-617.9184098110273,-3699.8300221527757,-0.0,-1253.8536152686434,301.8467826826362,108.18881888030988,-0.0,98.02885940892055,-160.5395134034087,-98.5417437161392,-510.0346476978443,-0.0,-1617.7086256803632,-0.0,-0.0,-1425.8508531797056,-0.0,2259.5746453182387,2206.860355965811,2187.6359597375495,-0.0,-0.0,-1862.4009951178086,-0.0,-0.0,-302.5656734042063,-888.4330837879556,-820.0048101968792,-1078.0247079178887,-1050.0159814082901,-0.0,-0.0,-0.0,-15.751943484397275,-748.8756432828629,49.893075409612536,-73.16948267795385,-1147.8916600949929,-952.5145976408157,-393.5645478952908,-1425.3178696952264,-0.0,-1854.8781395009782,-1177.8796822946335,-1639.3578193345973,-508.94604080616097,-524.9246328315523,-0.0,-1404.14640240104,-849.6659113993579,-907.645212773882,-2066.066338538698,-525.1538642513374,1200.339541065885,-4.282653673949512,-390.9890447510025,-1238.6222006337694,-0.0,-1608.0808664775948,-3318.556235573916,-482.3930881126816,-535.3114284832666,-0.0,-0.0,-0.0,405.5666655601653,-394.38629212761884,-496.44097454596135,-177.73610777214392,-532.7909134513951,-431.13844732530447,-0.0,-428.97175378458513,-1026.588936724408,-763.2894914815392,-0.0,-2005.7417237930965,-4105.87693892825,-0.0,-0.0,639.1865255096506,670.1127926188667,-0.0,-0.0,-730.4705181859092,-825.1284868067764,-401.5778898519965,-675.2974518336781,-0.0,-0.0,-0.0,-0.0,-0.0,-2947.837040556432,-408.85578738814223,-1736.3987604749186,-1058.394977990318,-0.0,-305.74134171279246,-836.3720972404343,-0.0,-339.4319162545961,-813.9154357562097,-1093.658329443329,-4705.049231489618,-42.126503980584495,-0.0,-0.0,229.40697083407625,867.8130799508648,-0.0,-0.0,-409.67382450074547,-0.0,-33.040001288966415,-0.0,-2607.671333211603,-0.0,-429.851081050366,-0.0,-0.0,1985.6464668284166,2258.795846482718,1847.2973194580334,-0.0,-0.0,-450.5467434407243,657.6314019566156,-2385.063170129368,9.093789745400729,104.80999014085043,-2618.6350181247453,-55.6099796452725,-151.37753272292656,-659.6791015447382,948.2237317070965,3313.466899272598,-2875.6736143453354,-0.0,-0.0,-951.3826497519115,-1591.1544982653631,-1410.937565191722,-262.0116541638358,-72.63284545493805,-0.0,-0.0,-0.0,-0.0,-2146.4110958838573,259.7251907975249,-0.0,-12.130972985160279,-0.0,-1694.8728929617093,-1850.6428438596865,137.15004615587637,-0.0,-0.0,-302.11035607759584,-0.0,-1741.000894677304,-78.41695308019551,-1092.6292503297811,-387.5483867882723,-1254.045480820322,-677.8659246868851,-1015.3951482082521,-651.2973047254668,-0.0,-0.0,-0.0,94.11977380708227,-0.0,-0.0,-290.11306229522415,-448.7731299478459,-695.6977243155329,-0.0,-1412.0764594545954,-1088.5804075719723,-838.9793557423206,77.19786471450728,-403.3831917982844,140.64286506321852,-327.48382725064283,-0.0,-0.0,-8.5807856301126,-1855.5820212512106,-635.239198595478,-991.4434419020888,-147.3347977263394,-2026.5763277885296,-1853.3603626256752,-1085.409431929632,-1120.8130265647558,-109.13918590317665,-599.4887745132025,-705.802895679253,-1099.1330275023665,-2604.963432748715,-0.0,-1764.326575405441,-152.57770325908248,-0.0,-2255.2539041166137,-2961.5062655242555,-2250.375758217588,-264.6662636313813,-0.0,-1507.9229405244341,-200.44181439960897,-1235.0548031466346,-704.1619552478606,330.4337912138001,-1841.4148904347217,245.51315836540158,2161.8836259293694,-0.0,-221.78416228533422,-479.21786090154876,-887.3125087533858,-1246.3222233005076,-1734.9298725243236,-4396.3614013125225,-0.0,-410.94085698787364,-1344.028879973785,-701.8913791804164,-248.91374469255453,-28.26016208833558,-330.2506582194896,-0.0,-0.0,-0.0,-0.0,-253.73068273584641,-1245.9738283933186,-898.978108843498,-53.634383767222154,-17.29868882219948,91.33451570815755,-0.0,-0.0,-1123.742470888979,-523.335958969963,-0.0,-2277.524009713902,-29.351285465024393,-1313.8911975503538,-0.0,-228.9242688112021,-188.59393004412374,-0.0,-0.0,-511.41470986637313,-0.0,-0.0,-5267.427050847676,-201.76372415006983,-2180.3396532303836,-9.063247025046689,-0.0,-135.92675618078317,-1283.7085460203548,-661.534065357944,-311.9221911180684,-1447.551668385444,-0.0,-376.20729667296365,38.16176827953826,-579.2529833028349,-0.0,-0.0,-40.61175072017654,-68.15836041148279,12.2175726632967,-404.59969468769657,-1414.5617788808916,-1635.597653605342,-0.0,-0.0,-0.0,-7.910209470497955,-313.70947980306187,-0.0,-1438.15172488638,-2634.4076876110785,-0.0,-0.0,-23.84735702275867,-1557.1987809185005,123.0306295213456,-0.0,-0.0,-0.0,-0.0,-558.134300340469,-2303.6855152060793,-617.2898813253071,-1245.4826005863579,-0.0,-0.0,-675.4213096850337,-503.3823679603072,-391.31841986144127,38.721125919899094,-0.0,-0.0,-0.0,-826.5092226171791,-724.4607742470954,-506.3424787455527,-360.1682984236565,-0.0,-0.0,-0.0,-0.0,-2188.2717610482414,-81.69303023984202,-76.84004906937197,-0.0,-0.0,-687.9566142802066,-440.9669872105708,-0.0,-1953.8929884288498,-5178.282585824496,163.49596763897688,-1082.1091437892824,-0.0,-0.0,79.09855159131364,-651.2553250184112,-1747.1818516649582,-503.4663229523144,-2523.56995766452,-1146.7113039006063,-828.3279395074537,-1501.7037740086967,-0.0,-0.0,-0.0,-39.17096399139883,-1131.254110734146,-0.0,-0.0,-3404.1506709552664,-83.0514240988609,-1435.1771572170485,-761.4896651111668,-0.0,-0.0,-0.0,-0.0,-0.0,-0.0,-730.2491593751544,-0.0,-1641.1176924692468,-0.0,227.11291249673135,-1137.3556192566332,-0.0,-0.0,-0.0,-2625.854844099865,-0.0,-0.0,-406.54653914379094,-0.0,-0.0,-991.4558564057625,-638.9851051096598,-0.0,-0.0,-206.0538651816039,-2025.2016956002442,-0.0,-1312.1929805826546,-475.30752309510655,1218.784522517294,-234.05648848322164,-0.0,-504.5437650680396,-187.8327339041973,-0.0,-19.651653642730192,-0.0,-321.0174498024444,-0.0,-0.0,-0.0,-0.0,476.6143639242845,453.2718016978031,-872.8226642779427,-1820.1671590211938,-0.0,81.95165304780238,71.49135187519896,-79.55630717058301,-851.6106803470675,35.965077660222086,-496.93577292332265,-385.04479313035955,-244.356029263575,-3507.6033992399693,-0.0,-242.9680575500973,-1567.6834749073732,-2347.152178941612,-0.0,-1048.1439161033506,-1457.2030770810616,-2093.2083484324176,-763.1551790986023,-0.0,-905.2075239888461,-747.5745247423605,-808.7990772415222,-1505.2069950310813,-1003.507384283885,-0.0,-130.78297539341716,-1270.935924097094,-0.0,734.8951230771213,-532.6094023325983,1077.3045057582733,-0.0,-0.0,-17.064600019954803,-611.0169822412745,-2465.683945706151,-1030.6653808737271,-0.0,-851.2835951008311,-3078.250968191362,-986.2114278250966,-887.6167496630635,-1169.2055256862106,-489.6809202640382,-36.12927423949746,-0.0,-0.0,-0.0,-1109.8120565616778,-4.367574543867207,-0.0,-0.0,-1954.2235422248161,-837.2777253030498,-538.7616872995783,-1678.0471940211348,-162.5548671898302,-33.469926291448935,-2338.1962662290707,-796.3265051709222,-550.8240694078395,-1317.3610577741272,-0.0,-2598.975405745558,-403.77299528230867,-1145.201162843915,-1520.696266484493,-363.1778971905294,-531.8627108984166,-1498.2923879932207,-425.27703651132936,-0.0,-0.0,-0.0,-1368.1843036366638,-0.0,-3917.536110277884,-1169.899006820284,-1417.3210237563433,-0.0,-0.0,-0.0,-0.0,-0.0,-130.40471800970005,-0.0,-265.8666978488547,-967.3709129810504,-365.3384433891487,-0.0,-0.0,7.555558205436505,-0.0,-0.0,28.554319495255495,-262.06080677532657,-0.0,-503.8225558527252,-0.0,-0.0,-81.04019166969682,-0.0,-2951.9900804888516,-2290.823695796875,22.51059906011302,-6618.722768093064,-997.0129146172295,-648.9294256736061,-0.0,-814.9689852589946,-1317.215989857535,-0.0,-0.0,-0.0,21.475326842379538,-0.0,-1133.7890189720072,-0.0,-1597.8853582312618,-0.0,-0.0,-2324.7159689847076,-1088.5626395494173,-877.8307377344033,-0.0,-0.0,-0.0,-0.0,-284.1020724478711,-684.7137895615174,1386.4992295148706,888.2420183015198,-831.5898616057193,23.246099974388525,-0.0,-342.5618494438995,-264.3788965226466,-1965.0212764400217,-419.8001126695723,-124.44447319311303,-1085.437503066909,-1339.1418367395165,-1020.3187168367251,-613.4110079351517,-0.0,-0.0,-0.0,-4.445139834512481,-0.0,-1538.7646519823816,-601.7876197228645,-0.0,-1986.0892977683948,-1249.8953972791196,-0.0,-0.0,-0.0,-0.0,-0.0,-983.5805008839613,-0.0,-313.98768716018,-1505.796742193815,-0.0,-1198.0648400151285,-0.0,-0.0,-0.0,-2416.194249574736,-1121.8389266377405,-975.3227052971251,-2498.7567909382324,-0.0,-0.0,-0.0,-94.90566238268757,-486.6284353895984,-27.897617802565254,-612.1978930394159,-141.71309036644863,-0.0,-0.0,-337.09474323552416,-1427.923069751989,-4005.4609393838687,-0.0,-496.58069307585504,-1348.4642391555199,-450.61220877297427,-473.2025242416053,-0.0,-0.0,-3.7511437584987513,-2136.486058876597,-2050.1008058294183,-39.040431054972814,-1613.4055579305943,-409.36892777011894,-836.560956962177,9.091286601688669,-1068.4823863693007,-0.0,-2133.7536252701466,-0.0,-465.47376060191397,-0.0,89.29976940329006,-0.0,-0.0,-599.9054186762412,-747.9451428816371,13.39723838568112,-0.0,582.6593699143634,-0.0,-0.0,-1478.2291121974447,-1308.2135543369425,-1130.7270569532805,-0.0,-388.3773038694472,-647.4933895675383,-1476.7658265220648,-0.0,-0.0,116.08392734350647,-669.3933382405847,-0.0,-0.0,-17.61081989716013,-0.0,-4.298361628711459,-617.9683911308273,-0.0,-0.0,-1344.141853676876,-1376.8894423302602,-82.96734062732152,-7.55950409278636,-127.29177897418438,-796.9178193184495,-1114.4872919701695,-1699.890710653595,-0.0,-936.0591704731961,-15.723630302975085,-42.58329253048547,-1342.3678797901514,-0.0,-0.0,-0.0,-0.0,-645.889164051738,-4.474577022218438,-8.964253135039243,-0.0,-0.0,-502.2864905012487,-0.0,-0.0,885.6917159684531,-1155.2345787296997,-41.600731117741155,-1950.8927154315788,-0.0,-0.0,-523.9497859399547,-0.0,-306.93848813197997,-1018.7402682805626,-854.5246306240108,-1026.919383559501,-0.0,-0.0,331.64261093003057,-0.0,897.1489528970255,969.5852447697405,-206.40738771570008,-839.9031990132818,-0.0,-0.0,-38.240378960667336,214.0900581105976,-970.5561944930562,-442.5250380541142,-1290.0490174976683,-2565.7453569845893,-2158.0334375655557,27.083098052477393,-0.0,-316.1873959405992,-5515.728928798594,-588.8908997107659,-495.88235980595425,-0.0,-0.0,-624.1086152437257,-0.0,-785.137226441587,-1453.3620302043253,-752.4467193353538,-0.0,-0.0,-65.03845162976378,-0.0,-203.1593826563562,-1399.5845972661125,39.11791036317162,-617.5984437160456,-340.7113561565791,-237.47807907634444,-769.9506724099034,-2482.503182351027,-19.30110047124203,-1176.6011833168013,92.57773140341082,-1005.67944092891,-309.8511213737304,-0.0,-0.0,-140.1521273324274,-0.0,-0.0,-1891.9997891066107,-593.7957834500257,-0.0,-785.2173854721875,-498.9362429846756,-0.0,-0.0,-1462.6484345861645,-963.6002928393169,-1480.5099123296031,-1389.8451034901657,-0.0,-147.45962748398205,-3170.4260097529304,-882.5341414733625,-408.75068676390464,1871.797529909825,-1489.7541531249963,-1190.549226917423,-12.109359433878225,-925.8388032496866,-16.953080296582808,-1640.0435938130984,-0.0,-3456.6539876321585,-600.2375661672943,-0.0,-1492.9647650430106,-1663.440724972418,-0.0,-186.84937382802798,-883.4472310399974,-1078.7637556625607,-1394.482211311441,-725.1358821773961,-491.90853700143697,-609.6932064020011,-0.0,-278.37313805312266,-0.0,-2420.060504127002,31.18873972918266,-3286.18159269285,-788.212446077847,-0.0,-0.0,-1216.451452616992,-875.5016888335539,-0.0,-460.14802559547246,-0.0,-0.0,-784.8201887470221,-0.0,-0.0,-0.0,-0.0,-0.0,-0.0,-0.0,-743.2639697217187,-487.7916057424852,-2908.224186047899,-2525.5641706948336,-0.0,-0.0,-1212.6223440389485,-1946.2139028366091,-470.07330347961573,-202.50443163899678,41.48316502158141,-0.0,-1553.3544017685451,-0.0,-2656.949646579229,-0.0,-0.0,-0.0,-0.0,-1598.5230719121214,-210.13866555871448,-349.2777939938898,-1183.0453253617625,-1190.862190790635,-679.7923135995638,18.202928176789538,-1158.4536398313126,-0.0,-0.0,-0.0,-0.0,-597.8010452951427,-481.95768541708003,-1345.975349932385,-0.0,-1078.0054361950622,-6340.455423810334,-605.4037872142651,-713.4501287447403,-3120.5612596211054,-716.1780909125574,-0.0,-453.2173513088362,-426.3039020414123,-1140.3469077602615,-596.4885491199195,-1515.3666156225283,-1418.7502797709994,-0.0,-0.0,-0.0,-0.0,-1548.1469396161272,8188.245672551282,7077.6011808600915,-0.0,-0.0,-0.0,-0.0,-2034.818533593855,-927.2191689850283,-90.4006686451794,-1388.7400653827428,-820.9287591376926,-0.0,-0.0,-0.0,-0.0,-636.9335143162064,-0.0,-1826.2030192534612,-225.08954610218115,-0.0,-0.0,-0.0,-0.0,-207.09674442595406,-432.98486816585984,-461.5841456885184,-834.6290030308027,-910.0949242376189,-1199.4396132797165,-898.5064007797423,-345.69315143224287,-1148.3792440204497,-1491.8425440969359,-1174.1893424155016,-1746.3900932370166,-196.8593948477205,-1277.9128789931779,-1105.4504723813416,-906.5279856757863,-1630.9933161508638,-560.3862471297625,-2173.1767096672916,-1601.88557894156,-1435.7701101350683,-610.1929862682697,-645.3237575796891,-1091.4288072787406,-0.0,-1053.9923542130136,-0.0,-2922.5853842094125,-673.3543961842364,-239.55358397574165,-1747.6266547767896,-1422.4728435697705,-1185.5120372716767,-0.0,-0.0,-0.0,-0.0,-791.627456150831,-3701.23492767779,-1370.191508809151,-0.0,-0.0,-1080.947817931082,-0.0,-0.0,-1011.6484157685178,-389.1941287197513,-1056.8820502994397,-812.2625983866532,-930.5773640636652,-677.7446712384349,-1918.739832730295,-0.0,1229.0083569716394,-0.0,-0.0,-1016.0489215273844,-5617.793890082634,-0.0,1682.127677931946,317.83185849272354,-906.8832026772233,-0.0,-0.0,-1498.6087345003136,-1029.6911255877599,-2269.226689611815,-1996.8189604996242,-382.79425587130277,-0.0,-464.91322908389577,-183.7690039600176,-0.0,-909.8732140443207,-0.0,-1632.4952947740383,-2306.055324608199,58.73901038111104,-2234.659766830941,-1964.4185102933075,-0.0,-484.37583687782245,-1552.4660301369533,-2164.765367688124,186.82729508327174,-413.5807393430025,-2487.9789012140627,-905.1616072197799,-786.2350364395006,-885.1573442890934,-432.4173839334245,-1012.7316571205353,-1481.4147698027546,-0.0,-938.0054692812989,114.35837507404726,-1355.7114833118121,-0.0,-476.3844751400553,168.33816420056877,-865.082658541226,-769.8581380021543,-0.0,-545.7929821772639,-351.6835836257544,-1791.3950090978954,-1086.0530837619528,-1423.8894903630542,-855.7833362283241,-815.5669081946482,-1000.7854573584146,-1953.3466522936794,-69.01454190314134,-0.0,-532.6942629490301,-637.2511872544799,-1423.0712068118326,-2059.788900764022,-321.5492141934403,-762.797517808493,57.841046552434435,-887.8072352840063,-527.7502213127108,-959.8843745509254,-0.0,-946.7560112337354,7.853136457886127,-2174.0484197027135,-0.0,-281.7791393223879,-518.0545136764437,-770.4147547742028,-2226.264836354682,-154.5950210140361,-1417.7785873428495,-713.3157020945619,-2528.0941225812953,-0.0,343.8150397671451,-0.0,-0.0,-218.9494993261986,-0.0,-0.0,-3562.610410542441,60.7768053924116,-44.28125908354576,128.26119411798066,-1067.8854266916949,-0.0,-0.0,-0.0,-0.0,-0.0,-27.54409520697064,-0.0,-776.3757641629695,-0.0,-359.038179179326,-1748.5272319328656,534.0252448545942,-3207.9100240565026,-0.0,-0.0,-0.0,-0.0,-0.0,-0.0,-0.0,-0.0,-0.0,-2352.7763266574734,-0.0,-2574.3719194647206,-3181.858981203933,-0.0,-0.0,-0.0,-0.0,-0.0,-738.1057874008693,-961.9065458386137,-0.0,174.99714882162255,-632.3362933923285,-2201.2495304185013,-588.136721832295,-0.0,-594.8717484087923,-816.0474857706511,-0.0,-0.0,-579.8227172406247,-885.2567261790109,653.0605789047494,-454.4483913856403,4.2989444142874635,4.316842278638625,-0.0,-0.0,-0.0,1421.3396242750587,1678.8817824461803,1399.7385128599165,-0.0,-0.0,-0.0,-664.8616153386135,-0.0,-0.0,-969.56019618581,-87.87922366882093,-461.59538653113884,-58.04220391164882,-966.0823645787971,-890.408757356328,-1247.9236014317837,-574.5454806494232,-147.4194173004092,-1071.9988073848062,-0.0,-1986.6402199978054,-76.74544182119874,-578.3867449773461,-861.8012987128259,-75.48733859960879,-0.0,-1120.2894661569758,72.61260717597662,-0.0,-0.0,-0.0,-0.0,-0.0,-1421.0207813445254,-2836.5556901999544,-0.0,-778.9779588441118,-8.08716799735885,-0.0,-0.0,-0.0,-530.9911113254076,7.604290184643243,-0.0,-1115.460411529573,-769.9605756739398,-0.0,-0.0,-533.1127603770587,-0.0,-0.0,-1654.525144164399,-1379.0621639027631,-0.0,-782.6441350711277,-2152.919457370011,-97.58091759637912,-0.0,-0.0,-185.71603530025632,-774.3077830647487,-288.7002665938737,-306.68285483859256,-215.09586707510783,-0.0,-0.0,-0.0,-1143.1616359255192,-869.4864000123371,-2040.8796663625426,-121.80224497099532,-1240.1482851031005,-41.87852803399276,-377.6568312409802,-498.20242639101895,-1988.4213250152927,-0.0,-0.0,-824.4122802928373,-1788.3173421980316,-0.0,-0.0,-0.0,-557.2932332825117,-2329.8696832243286,-3361.7506310947656,-0.0,-251.06339349660948,-92.11785169261279,-649.7029667228383,-563.8759333900601,-1611.1583011177459,-0.0,-1402.2210929540893,37.4357078695658,-7.654945406600212,453.62623570091495,-0.0,86.73870825288617,-317.66002160290645,-406.3258385591641,-53.547999632813536,-0.0,-0.0,-406.5291775665651,13.322894784186843,-0.0,-1540.5880382449477,-954.5495859929696,-939.3675554269739,-734.2248398204437,-1123.5922798927338,-1501.4205576167353,-0.0,-0.0,-0.0,-0.0,-0.0,-364.6945794734193,-522.8263182972262,-1150.5823968745333,-1389.8650151618415,789.3270360876357,-1452.774269889739,1422.2505925159214,-0.0,-2223.651104769889,-1483.348816741102,-685.9655533575992,-19.358488013626676,-187.5991824739817,-2029.058951872547,-379.80779135007725,-0.0,134.24808750293565,-765.7267547180006,-0.0,-0.0,-525.3897025672037,-362.34833942517605,-388.8647873863876,-1169.210014162617,-1395.5122136460639,-0.0,-1611.222928736955,-1299.1926763903552,-4952.059101230895,734.6873441887068,646.3849789620604,734.7821047623937,650.8059321770647,-0.0,-0.0,-0.0,-0.0,-0.0,-0.0,-0.0,-0.0,-491.836487481561,-0.0,-46.16234895331914,-0.0,82.16904101934935,-1070.7787744525676,-1257.5614048702143,-1885.2952229241755,-0.0,-0.0,-0.0,71.53664920967903,-3114.3534559701557,-741.4818102152814,-2774.757402338899,-1611.8550723913206,-0.0,-0.0,-318.82337574601274,-1314.3763085738058,-0.0,-2053.992069645808,-557.0041710362224,-0.0,-0.0,-0.0,-2599.2622371939815,-0.0,-0.0,-0.0,-0.0,298.50208252914865,-0.0,-0.0,-0.0,-1021.3275721398516,-0.0,-0.0,-0.0,-0.0,-0.0,-0.0,-0.0,-315.8859283866624,-1053.142275149673,-1468.340574180376,-1381.403052611311,-604.5084805901508,-984.7535417127599,-56.04480218940188,-0.0,-733.5259825480928,-47.80909186999771,-0.0,-0.0,-0.0,-0.0,-685.769574885057,-0.0,-584.4846667544007,-1262.4152458476333,747.4292295330791,743.7305742072242,811.6432551636955,769.8938051594699,744.8346030580744,-0.0,-0.0,-0.0,-0.0,-0.0,-0.0,-377.499915949051,-0.0,1943.4156749833103,989.919302225241,1089.1302428311005,-0.0,-0.0,-1296.5234933749284,79.34668325429607,-50.21525479320812,-2403.535115854191,-0.0,-1856.0264803475457,-0.0,-12.88920570070638,-0.0,-0.0,-636.2410533153092,-0.0,-716.487607336937,-526.2281479587735,-363.2465250475665,-0.0,-27.850825369427483,-0.0,-873.3539708693603,-0.0,-2136.6136871803237,-490.5381182414535,1797.170526657101,-1907.3740794286507,-860.6345439557128,-83.24628097281938,-814.5421125893116,-0.0,-500.6389992099699,-42.033700674889396,-2657.650391209944,336.03511316223535,-225.66655606849176,569.9257662571657,1148.8756383307589,-0.0,-308.1076626927975,31.045072667544307,-1022.4466820683385,-1162.2897161270348,-1437.8667775051663,-1950.7386245350772,-0.0,830.2720266639286,-0.0,-381.81695376714475,-2539.1812559498394,-1229.5427192919417,-0.0,-1235.7646745559352,-306.7568150472521,-652.1976665333324,-672.7977959736669,-264.12556790542357,-1580.1603212672346,-0.0,-1781.515832541139,-401.52696578424866,-1554.2163106498504,-347.8017550703216,-0.0,-0.0,-0.0,-0.0,-1379.8994371536921,1027.1837155457938,-964.1785499704064,-695.6028664210128,-0.0,-50.294654331312515,-0.0,-0.0,-885.5872961257303,-749.3862751761795,-661.0966498626714,-702.811606253999,-0.0,-0.0,-0.0,-0.0,196.5109590186797,-0.0,-599.8769158236873,-1923.4191363629293,-1015.3406588172597,12.934469816803444,-1429.708805494956,-0.0,-0.0,-0.0,-626.5817605099928,-812.3144585954435,-0.0,-1544.2120932089354,-0.0,-2935.2927595715832,-3640.4698708163323,-0.0,-90.95781808779749,-0.0,-694.796637151348,-0.0,-0.0,-0.0,-2312.875350432625,-1105.8803400899794,-516.6449545481498,-828.8637861402931,-0.0,-0.0,-2178.0294294227133,-0.0,-539.6783567596357,1062.0306184902065,-1009.2484825764809,-675.2915066341092,-491.0752357997578,157.81231495966694,-0.0,-0.0,-1357.1820956769873,-0.0,-559.949390234603,-90.64051444222152,-407.3589025177451,-309.5920550308055,-0.0,-0.0,-197.255086314656,-676.7506782749047,-998.6719345477035,-540.1150788413188,-1198.228091623732,-81.87717569673187,-0.0,-129.7196491000855,-1942.867341217969,-1122.7878486050174,-0.0,-0.0,-0.0,-562.6308991372342,-604.3550437822395,-1457.4479874969477,-0.0,-0.0,-0.0,-0.0,-0.0,-1483.6957524776785,-656.4159999675027,-0.0,-567.8682632043077,-0.0,-16857.672951518605,-752.234150907624,-264.3882144502796,-442.82230587813496,-0.0,103.53979052485397,-1748.5701315975932,-2584.1321951872383,-0.0,-0.0,-0.0,-730.6396499240233,-542.0880214814956,-971.5737594386898,-1012.312647138117,-521.6489983227245,-0.0,-0.0,-1653.5469244807257,-604.6863178106753,-2441.9116040450235,534.4703637368485,-2022.0720810354355,-0.0,-0.0,1640.9772355140296,-1015.4121720349985,-0.0,-188.3794381552087,-337.13095876153193,-615.0300732454095,13.067086437018927,-832.5672256761407,-0.0,-0.0,-1254.1283415859195,-1348.900119976192,-2529.5415625832097,-0.0,-0.0,-2240.5225372163986,-724.3001738748208,-757.9717319924157,-2326.497376255517,-1502.188952121216,-0.0,-0.0,-1073.9867327112654,-0.0,-264.259642546929,-1578.901771156588,-1504.9772635295292,-0.0,215.22560620324685,-759.3436189918474,486.0572607514118,-184.10121917772312,-353.8301304291708,-0.0,-637.0380913787924,110.88197915133684,-193.70837922106358,-365.98557551378497,-2608.4169715635576,-2132.0562297874794,-88.26110766544018,-4866.834690391853,-521.999550526605,-1055.8999352016085,-48.23900011890234,-3777.4949878924435,-322.45039229346213,-768.6767350288637,-293.02662200431485,-1771.7011573915433,-1266.16744209698,-3166.016445262686,-4334.825126291097,-41.14490584101807,-620.5948306537367,-1557.608894069806,-1044.8257164835554,-0.0,-3928.144824554109,-0.0,-489.49133126423743,-1465.5350871990663,-1255.982598484561,-0.0,-0.0,-897.3500389834924,-272.81062023345737,-0.0,-1424.570364352489,-0.0,-750.5343023259921,549.7404843085404,-1444.8273659119054,-462.4288340416833,-7.732750854606802,-58.85614877427744,-0.0,-1837.427731676251,-548.2686047924323,-0.0,124.75338951831196,-0.0,104.53893245342434,-131.65564296247283,-0.0,-444.40587282134805,-1256.1552900806485,-436.4903649951025,-799.4275341518837,-2196.6425072405614,-0.0,-3730.142750155119,-1884.173038858841,-2475.6214380045817,-2271.5287013295056,-70.82799433697174,-161.82354042275716,-595.0691897476604,-1204.621812998448,-0.0,-0.0,-1017.2457832481704,-156.58828045781624,-0.0,-67.08315637406356,120.58392919094841,-2260.6782136871902,-0.0,-0.0,-1140.539067512678,-0.0,-163.96788074428176,-0.0,-57.91914362335622,-196.8633994213072,-0.0,-330.01128051434387,5399.089631069431,-0.0,-0.0,-1497.2413112209892,-657.7924691946112,-247.8996066171366,-0.0,-0.0,-0.0,-545.0921819670656,-1957.851307830858,-0.0,-0.0,-0.0,-1861.4067778825179,-185.4842248073514,-0.0,-0.0,-1652.5767555231141,-689.5910159852717,-346.1745678652144,-360.7204289331418,36.051952677441356,-573.3784638803604,-358.8139125893617,-265.7509186099804,-2043.880212619526,-0.0,-0.0,-960.4817510516897,-829.7803670805496,-2492.901931753914,-0.0,-0.0,-2212.6997298126416,-522.8807326371007,-1394.582453709815,-487.02803332068186,-671.5297366175837,-2180.6136387450647,-685.7982907044712,-81.2642721708151,-843.780662920747,-2229.058285111276,-1750.7900030307137,-1170.3448288737068,-0.0,-498.495287287151,-0.0,-1631.045915035847,-382.02260280676126,-199.80558234186367,-572.901826502315,-861.5380078834866,37.78549533363243,-0.0,-1025.1476577923306,-598.5208091566024,-82.5898660331622,1427.9474323564689,-64.7152804438825,-0.0,-580.4790939961605,-392.7890094618455,-0.0,-664.286186056476,-1449.8749183616771,-0.0,-0.0,-0.0,-0.0,-337.96823451041615,-697.2519081113022,-349.4964973583773,-380.86147563923157,-331.3809732896611,-1790.952950226047,-711.1563101808831,-1196.6504997638983,-2278.234812971402,-1644.242438168363,-0.0,1003.8727510197249,842.3882756719859,542.573411035435,779.0835057126229,631.9035022086707,-0.0,-0.0,-0.0,-0.0,-0.0,-0.0,-0.0,-0.0,-69.22591391350069,-773.2072277549926,-492.5768024567614,-322.6137206634887,-993.8097989821472,-116.38738298367427,-336.7214550823503,-1081.0402973410453,-277.28256176796305,-1679.7260038892948,-775.9489409485624,-106.60426531668094,-440.08876113331553,-8.45458689860441,-0.0,-828.726788041038,-161.2423508606582,-123.02100727344255,-814.5136354367678,-429.05009984776,-1580.2943859180675,-255.7067496941329,-0.0,-0.0,-2151.8737673093938,-416.42876692413773,-269.4449404610918,-488.3572813496313,-849.6043030550392,-448.15146163057364,-348.10835031673594,-0.0,-463.5689455548494,-522.1865946935488,-606.7588450969338,397.7685738205043,-1312.411257620844,-1810.5564200027495,-481.9033529222921,-627.3348331738142,-276.743539803975,-12.800244155557918,-0.0,509.8036931098256,-902.8638527033629,-48.003450182593944,-1680.004559195859,-0.0,-0.0,-1242.0245932884518,-461.960821685124,-0.0,-693.954480919965,-680.4892285898,-817.7263515868786,-0.0,-783.300604717938,-556.1290715435591,-2044.246913726535,-4084.013441954702,-391.3467090357791,-0.0,-44.105577173648534,-391.98241475790354,-1604.1361786330533,-196.35153006410192,-590.3616660490744,-622.2597592333061,-714.3604791295705,-182.7067974697654,-0.0,-0.0,-1252.9584671249338,-33.62017050245122,-410.82463692750264,-652.521185940012,-1391.389109685185,-2272.580881226963,-0.0,-443.98313976208624,-0.0,-0.0,-0.0,-0.0,-0.0,-50.48850040898413,-155.17031421692514,-384.223244891125,-0.0,-0.0,-0.0,-0.0,-0.0,-0.0,-934.0636555465319,-2023.477644387568,-421.5402192983667,-464.7967583963709,-42.863956034502834,-0.0,-0.0,-450.6915759241946,-0.0,-0.0,-65.82198297150633,-2314.9597300702917,-0.0,-0.0,-1289.2503229382903,-584.5943395123186,-893.5327502128204,-919.2809593743027,-769.0679010843038,-0.0,-0.0,-1169.9728358527834,-1956.894155928596,-1027.5014948410142,-0.0,-1013.7475232171071,-143.21354039629404,-299.4859453082848,-669.8564359575736,-7.631501152429261,-610.4935240576527,-1781.260213801864,-0.0,-1504.020090835872,-167.55701154527532,-574.945276081636,-1300.6647270207009,-130.35802629273618,-1060.8333668287303,-0.0,-1122.2456041378766,-30.579420636080457,-1978.8379505723956,-1944.5142891187515,-0.0,-0.0,-0.0,-0.0,-691.8650447453468,-860.4068892740057,-0.0,17.72754405079297,-406.66435758014677,-924.2891801790788,-2048.846575072392,-2364.9220761929805,-343.81519591054246,-0.0,-921.8796275018163,-686.6694631978152,-1837.8323548262808,157.8139648416753,-0.0,-2953.3538107073136,-800.9860115545837,-0.0,-181.9846638307113,-1510.5101682667832,-0.0,-0.0,-633.3261672666082,-1394.499497265016,-0.0,-1016.3398745477767,-1387.983220839077,-0.0,-75.00989535335043,-514.9899124676898,-0.0,-1490.873463106286,-2384.5031404451306,-982.5122577252695,-149.66637883657424,-1856.4035938431366,-75.06778464011306,-982.0215501347056,-586.0164442398429,185.30540033807947,-1129.4809179770755,-1243.125543050203,-728.6502823017759,-1244.5902969770168,-422.1264419146764,-526.2011109063785,-628.8962467431254,-1984.1627822785604,-0.0,-0.0,-1691.2361183485257,-299.16511980431,-0.0,-1513.33414111942,-1112.599643233728,-0.0,-2586.372778650464,-467.02983841878364,-0.0,-696.6726843557167,-0.0,-0.0,-1188.2029566346007,-995.8540653780219,-0.0,-0.0,-0.0,-811.4215749829323,3.9141786047809823,16.86280847434597,-300.4669188215625,-0.0,-1823.2116862823532,-1463.1322862004045,-528.8309343898727,-2047.4465417334764,-0.0,-76.18229568637706,-758.2172127041781,-0.0,-369.57662859551175,117.07910984515101,-1207.5778248997663,-950.8369412137467,-714.820112923831,-1114.7692308406197,-0.0,-0.0,-0.0,-864.282812534043,-0.0,-251.7167126678146,-884.8327887482278,-241.46426661749786,-1284.8078655777242,-2154.543445950192,-549.2756049510405,-1981.8779109628906,-0.0,-793.3265664908237,-1675.1260590480308,-519.8007092372678,-1153.2467551679135,-267.2793123188891,-579.941176511553,-1440.2926804337746,-0.0,-0.0,223.06851646486712,-2419.3022580770166,-890.6558864489944,-256.49058136432745,-0.0,-363.59851629998406,-269.422409335436,-571.1409329001289,-0.0,-0.0,-693.9889330536622,-0.0,-56.85255147724026,133.83995025515975,-85.05501569687668,-2203.637099473774,256.6142614949403,833.7543251645102,203.68689410971294,537.6081302232686,39.61702591604844,-0.0,-245.91472246063233,-785.5811070098607,-292.2081833830494,-57.08440911274128,-0.0,-0.0,-0.0,12.250236809397435,-20.30449447897927,-912.3297308512493,482.3814617681723,2193.235762147184,-0.0,-0.0,-0.0,103.36013095843383,179.81951632102317,-0.0,-2900.510314563395,-0.0,-0.0,-0.0,-0.0,-0.0,-2453.2470470088574,-243.27316197315608,-0.0,-118.62482797807743,-1644.9623567415376,-128.5182655727659,-1024.3134726745589,48.736958865011616,-1917.6271321555275,-3550.455327769718,-1802.9973281038854,-0.0,-0.0,-1385.1263781406722,-990.0221199716854,-743.5915618567366,-410.58924959200664,-317.20815822393206,-953.829469789073,-904.6363848296812,-5356.978350711753,-627.6321459977461,137.77653694697568,-616.369836675213,-848.3401725819076,-647.7215452680837,-602.7671710732989,-7.72852046523711,-1834.564625618757,-825.605598502886,-559.8130127383436,-0.0,-0.0,-0.0,-0.0,-225.5931824678038,-1191.7281522867345,-0.0,-1259.176802264661,-1522.5409195377797,-0.0,-0.0,-1345.1231481285524,-0.0,-0.0,-191.2758088836804,169.8830166250033,-0.0,-0.0,-2413.2380697438193,-1138.1214861448002,-113.23698691245633,-1192.7634674469703,-1244.1697374007813,-0.0,-292.35829919672653,-474.66300901352747,-0.0,-1451.6054897897495,-269.08831130381435,-1005.1397173156109,187.01634134809603,-831.9057421054652,-193.00211016983127,-336.0944461584438,-47.43687937212839,-44.35193724194231,-534.1093419795234,-756.7200748153064,-466.11601914461,-763.8636433339196,-0.0,-100.15607585434746,-638.1613169949201,-270.61544101965484,13.55715151910661,-0.0,-964.4297863794033,34.77323932305703,-1098.4518774562132,-0.0,-0.0,-0.0,-1834.044401446252,-0.0,-0.0,-133.83487088248836,-0.0,-0.0,-0.0,-0.0,-0.0,-0.0,-911.9803795596497,-1400.581439243208,-0.0,-0.0,-0.0,-0.0,-816.5486892349937,-425.45068308892377,-0.0,-0.0,-1593.7847510283116,-0.0,-1312.4230118586954,-2158.8329233716413,-0.0,-0.0,-0.0,-671.2467835069857,-0.0,-0.0,-0.0,-902.2989754539404,-788.6993939954353,-562.3447322516262,-0.0,-0.0,-177.59805025173878,-0.0,-3688.6926875411687,-4772.467103793651,-0.0,143.7034050193428,-0.0,-593.7892030854939,-730.2812366700632,-1827.7659046790193,-0.0,-0.0,-71.60258017455536,-588.2196303512135,-1253.1981397701443,-678.7256639444525,-394.7284821793672,-0.0,-0.0,-1228.9950216374484,-815.0601803765023,35.17480219945909,-0.0,-0.0,-642.3080934673771,-326.0555468776661,-47.05067147169525,-0.0,-0.0,-0.0,-1874.1274738247323,-444.49253483777943,-1189.7005836370383,-4454.207878521272,-0.0,-811.7798261087254,-977.3978084883305,-2199.9633313292925,-409.8097052597655,-0.0,-0.0,258.1491818506224,-1140.5427838042401,-1640.811133760827,-417.72593697910514,-120.86710905610244,-0.0,-1871.1402534083888,-376.79326077974844,-1292.4156000861692,-761.0121083194625,-2577.207841197619,111.7692633436825,-913.2402402860531,-799.121075936938,-1835.025233636199,-0.0,-0.0,-869.2604858480527,-1771.694930826931,-1681.4811491694838,-889.4912636009553,-0.0,486.5072802658198,-107.00285486407967,-428.9344480126951,-0.0,-15.537743788417968,-0.0,-2559.710381448741,-34.586644360758065,-0.0,-0.0,-843.7036575357539,-1160.3404649113086,-774.9903972966019,-241.5874936552216,-700.5101573212352,-0.0,200.0602389686606,-766.592957153348,-61.54895920180025,-1491.5597289652003,-0.0,-1337.1228585985994,-160.9179674671511,-594.6855753537267,-408.6094886041614,-601.5900508840926,-45.128181094294675,-4.5224830783882615,-1159.3068851269954,-1169.8022184800511,-1487.729475079803,-202.52789840788535,-1281.6654283904475,-4.085900180427246,-0.0,-673.0285299587142,-2935.6519409359094,-0.0,-0.0,-27.295642455684376,-2027.2998454556262,-209.97848589468583,-605.5393670470164,-341.49972270317375,215.41771826844848,-0.0,-0.0,-1398.9937197080105,-0.0,-0.0,-2048.8818255017577,-1359.3676343130162,-871.5790721104976,-938.207653726639,-463.5239912411166,-815.0725996233986,-906.4725418587518,-1222.4690889017459,-2208.2616161030223,-0.0,-0.0,-0.0,-0.0,-41.34463209706696,-0.0,-1861.2320705172567,-624.1693653717105,-722.6278408380601,-817.8530711605567,-455.33324043507287,-0.0,-1412.8453540868531,-574.8875230178239,-0.0,-2513.7719460389144,-1592.961879625894,-0.0,-0.0,-2791.23058200503,-1644.7454073217539,-437.34865781898293,-784.2966447329176,-0.0,-449.366390455079,-11.656633020734871,-0.0,-706.360316936143,-496.043142149953,-589.4787384604981,-0.0,-0.0,-0.0,-0.0,-437.59025901737243,-1070.623002604981,-5923.522509658335,-0.0,-0.0,-582.212294711941,-608.0195945522784,-1734.2799555695683,-592.8610160909974,-69.19104569520591,-409.8868524780334,-0.0,-695.6495765374481,-562.1350130972662,-0.0,-690.1735763531336,-1251.3207133783035,-0.0,-0.0,-0.0,-0.0,-0.0,-126.71323223957718,-1967.2995343877783,-0.0,-1107.2678261545527,-909.9373086687042,-0.0,-1947.0788406584763,-753.7864434851973,-1097.5421249488418,-1411.9664364156183,-20.32243442527009,-117.09852241483304,-1280.7247437814033,-829.9452723451482,-380.90550875024064,-0.0,-1378.2773076734193,-1279.2248021636751,217.81274693455418,-0.0,-617.6323810430372,-927.2788092495816,-898.3950447326873,-47.97938303000414,-0.0,-553.45371377612,-0.0,-0.0,-2753.7054456364453,-2375.871002528,-1902.7594471602883,-1635.8255825189458,-0.0,-1055.186647965265,-1990.9640166355089,-0.0,-5847.904251044093,-0.0,-0.0,-0.0,-0.0,-949.136877878866,-2275.6979625697772,-2541.2193413252203,-19.15594232759156,-2001.9057302474748,-0.0,-927.4899907548997,-22.82344445719801,-0.0,-0.0,-593.4508148249816,357.6478430803597,-0.0,-448.90357268555545,-38.26061198729427,-0.0,-1371.7856517004468,-0.0,-2221.646085614018,53.726985704341004,-0.0,-0.0,-977.4620831670908,-1511.4182888873047,-928.3712078853105,-1286.3388802478144,-1155.673556734498,1313.6829600566284,-50.32355081420799,-938.8903218436552,-80.26756759688193,-2110.888554048593,-889.0804983387612,-829.2912295855376,-491.26776074461253,-1517.9215267238646,-1861.264475598016,-430.6317894850756,-1974.0048281717886,-345.87399598648443,-0.0,-0.0,-7.550848498449471,-0.0,-0.0,-0.0,-0.0,-0.0,-0.0,-1560.6120615060395,-664.8612303868982,-1346.984340579642,-633.3649160706619,-0.0,-599.4280159598134,-1183.2336942154486,-1051.2800087311862,-2018.2210715047333,-1261.6000195873912,-65.5652404330527,-31.689783458161674,-1162.0968565616888,-1136.0498905129466,-0.0,-95.64234915713111,-0.0,-78.09319239776534,-803.0391205242272,-196.34763342549434,-528.4289572372008,-943.4948812624577,-0.0,-0.0,-0.0,-3275.9829876480776,-0.0,-94.29226128874322,-0.0,-230.21426286189342,-969.3425178117875,-1146.2599053781373,-737.5990785534829,-0.0,-39.691483028534456,-540.760834516629,-463.09645709490906,-395.75255440564126,128.70207360509508,-1113.315641927987,-0.0,-0.0,-3015.591325843065,-0.0,-1094.2023101619502,-655.2754281570678,-393.7791369024035,-258.3238136816389,-1251.1806104801499,-2724.9912669749624,582.6126703723447,-2197.5299713735,-1639.3858745779353,-525.4337854543489,-4.338552197033867,-0.0,1326.6443786485625,1237.6058723772528,1232.3532233866276,-0.0,-0.0,-0.0,-957.8592616001616,-0.0,-291.47081596485214,-177.8094061254182,-0.0,-3545.527221664697,-0.0,-1465.9028448317522,-136.391910476018,-989.3095616196031,-672.9028379646082,-1607.9205124596858,-1680.6020552949033,-0.0,392.8560098349,-2371.8309471975526,-1886.9610098540832,-511.6859079656009,-1612.3600045576936,-1764.7439161785837,-0.0,-0.0,-401.41023821002597,-736.0388361615594,-2327.5612466393204,-830.5902181879126,-141.0035323111429,-0.0,-0.0,-628.6689254749161,-0.0,-0.0,-0.0,-154.6946964498883,-1229.5471852069804,1628.855672805134,-1278.2421257845765,575.7352763978886,-817.8278674652712,-965.0843204310671,-8.279172535695697,-4391.909282350452,-1097.0766908183396,-0.0,-75.78917734015948,-2327.6453865941476,-1888.8626336479635,-0.0,4.326236629737389,-0.0,-643.6265568936789,-0.0,-2117.2404833352366,-1824.5088123068085,-0.0,-301.6715468948502,-0.0,-0.0,-0.0,-777.2451185267782,-1066.9134862810483,-401.53359886746813,-986.2856466783271,-1772.9043805505037,-889.693156479228,-478.5488028450194,-529.6344147402066,-0.0,-1607.4414133796959,-241.1728852664567,-743.7340952623088,-1086.0136976753763,-1550.4498337381206,-1475.4929233928501,-414.7860729140626,-1802.5733914363382,-0.0,-0.0,-0.0,-2381.5041761306857,-0.0,-578.2379905236162,-828.6392702331838,-0.0,-777.708198408725,-628.9010091684656,-842.6549093726828,-698.1281315147443,-196.42889901838493,-1887.7751108474254,-4803.535505141025,-240.21941683698773,12.820151349142352,-0.0,-117.73823684242646,-7364.2284925445265,-1801.7223490783367,-653.6909686762469,-2350.5777675773215,-263.5926886293425,-0.0,-8.313453144875204,-668.7430932599013,-93.39752013034665,-959.8045393015725,-1026.40108329251,-166.96747129851693,22.50078018736152,-885.6230769838286,-2338.6599641145385,-2049.261529499389,-1875.605485249535,-0.0,-1523.1288526344201,-0.0,-115.9143391126237,-1104.7688808130215,536.5232349538704,-0.0,-0.0,-330.2233885939391,-832.3108461219849,-804.5934345669593,-1291.1366712623376,319.55634405131053,-1547.4502908529907,-74.47862256212038,-338.52758903985415,-1555.85055920926,-1809.0347635324256,-381.91399812271464,-0.0,-0.0,-0.0,-0.0,-0.0,-1811.62927727893,-0.0,-697.3548431787731,-899.5615527727284,-2633.8658548967865,-0.0,-0.0,-80.82347083230471,1139.0182073843175,-591.91307974089,-1304.2022047740172,-0.0,-1416.841942314867,-4530.632530793174,-737.3799398102967,-5620.296571077543,-1123.1648975141832,-0.0,-782.8156320664408,-2662.570205012813,-150.87990203727546,-0.0,1169.5543551831186,1341.9930463628293,1283.0955925051192,-0.0,-0.0,-0.0,-0.0,-87.45859750836635,-2426.311905182538,-4.496154389829456,-0.0,-1886.8915629755832,-1170.9496283258434,-367.26482653320704,-4.49710275507345,-0.0,-123.94468062853988,-694.435279903507,-0.0,-0.0,-38.135942314827226,199.45166026614552,-2053.630891501782,-0.0,-995.3064536236557,-75.67137944564749,-88.3975692039212,-0.0,276.13419243073645,-96.8342218901066,-491.23692821053953,-2007.6500311628267,-0.0,-84.82455353876769,-1298.8847945294642,-1112.6928082175368,-0.0,394.3710933655584,-0.0,-994.9213965853048,-1077.390534222984,-7.626614880575273,-0.0,-0.0,26.35903377712971,-261.85114625224946,-179.99918233846074,-80.60441193564479,65.24983816884743,65.27385019125158,-742.4965007881193,-756.1068479036084,-1129.648120891873,-0.0,-1948.202880786129,-900.9288388733117,-0.0,-0.0,-1060.320951421733,-2167.7652968127018,-568.6614633907346,-0.0,-2808.390027832235,-117.58720723073844,-73.19178538923198,-1219.1185647282236,-0.0,-356.37597568330926,-1304.3576742096673,-3.8196401137745988,-0.0,-4870.364594325457,-176.88467724293346,-1438.2390457985123,-1059.4473304400572,-1119.2365463014012,-2125.8415381528266,-95.10151952083186,-824.7262386193771,-2033.0041697936285,-1234.7516617233043,-1091.3487035163341,-249.40006208338295,-1837.3763364241843,-0.0,-3038.782884842901,-0.0,-5419.012329024357,-269.4712434257479,-270.8192166386393,-1378.7750037625226,-0.0,-0.0,-0.0,879.4202432919308,26.62396872448839,-958.0237584058984,-1427.7828036258798,-382.3541820769376,-1025.789284528366,-0.0,-0.0,-1401.302812788403,-324.1929662714678,-444.44100508788495,-200.23590364923555,-0.0,-1531.3904931780094,-386.0504407691383,-1715.2000745126652,-0.0,-36.13021401659705,-0.0,-1825.2530850601615,-823.2576824823249,-1841.6952110957636,-0.0,-0.0,-1609.5757839847777,-528.6670725384574,-698.3247618255127,-1464.7654043156328,-329.0992836514918,-1224.678524018851,-0.0,5.421204045452033,-1043.93626993552,-3862.0731978658005,316.2021374010492,-1363.0365203881577,-6469.260457537887,-636.5412094399434,-672.3382651831205,-211.96357653372485,-119.01768324211704,-933.8313653941841,351.50453157151327,-101.48058502620565,378.3828998836146,-1184.578594309854,-508.5121345567856,-0.0,-1311.8947120168662,-1764.7993929849588,-574.8197222085348,-432.75741040938567,-0.0,-0.0,-34.805902192669514,-1087.2876688235265,78.097819454442,-2077.2345344077953,-0.0,-0.0,-427.6404144018359,-635.6047908947878,-1090.1175087218926,34.30430318288323,-2759.221450956766,-1432.1534645619558,-1352.8903441828597,-153.08975744229284,-0.0,-411.089592174724,-0.0,-624.9960287430322,-13.389770682683054,-1553.3998053860391,-483.1439316178077,-1522.08673468753,-366.57267535668,-291.6896178093697,-0.0,-1233.9554726675872,-675.9003743804243,-1227.6105763328426,-0.0,-3223.581083894056,-1240.923690864761,-1466.7473723798896,-960.4300996569482,-984.4983657487725,-61.221635622351265,-2241.3218960842914,-778.8069914865907,-1267.18834275493,-1820.378443186627,-196.60620637773653,323.60652370041333,-994.312220850687,-0.0,-0.0,-17.15355573436379,-55.16817015506624,-15.446584620547089,-273.5785560318571,-0.0,-0.0,-0.0,-0.0,-0.0,-0.0,-0.0,-0.0,-0.0,-0.0,-1375.8510975629702,-2339.937778340637,-1894.4740110404198,-0.0,-0.0,1287.876104043911,-412.3265665665602,-0.0,-433.6164971385662,-384.9102534440328,-927.9754710375483,-836.4369645335577,-1069.410853311513,-3.8816851418276634,-705.9594480190789,-422.62649158750145,215.59616542413207,-0.0,972.8003302745533,-0.0,246.61850047581552,-0.0,-331.8102361049143,-0.0,-455.557973555173,-1060.9537601627712,-1809.1795144319647,197.24459797250665,-0.0,-0.0,-0.0,-0.0,-0.0,-461.3745236604994,8.743517637105047,21.52122120871141,-0.0,-0.0,-538.6965325352205,-0.0,-56.88863117833029,-681.3044707835201,-4004.530920343093,-0.0,-1285.3352325005483,-0.0,-621.1954079123608,-0.0,-0.0,38.90637792148882,-0.0,-265.78789238796503,-0.0,-0.0,-0.0,-946.4541246863643,-1611.006182588033,-0.0,144.72839793034436,-2154.0971773568695,-0.0,-91.66286411415204,-336.4664303167549,-0.0,-0.0,-1752.067981092866,-0.0,-785.5673288369296,-1309.7927401508648,-158.60996299132495,-2685.5950399599337,-1727.2152565468114,272.4676475086845,-703.1054627640102,-0.0,-1195.2775589770145,-0.0,-0.0,-0.0,-3757.8728101847946,-870.5839304205839,-1396.213104017449,-0.0,-392.1779957868435,-17.932321237534616,-1109.8601138791932,-2118.6080775057253,127.08936794586121,-2528.383708352134,-0.0,-1692.4275722757266,-2423.8202124161166,-0.0,-0.0,-0.0,-0.0,-2134.772601564431,-386.08680513358615,-1280.4281176448947,-0.0,592.9174882939388,1335.9530179790756,-0.0,-0.0,-849.8320520474451,-849.2379422688316,-333.3540492817741,60.877919167886766,75.88404165322426,-0.0,-1414.8611418571313,-0.0,-269.37534505924197,-1148.7349210413042,1625.7673382657804,-0.0,-0.0,-0.0,827.5099197855686,75.03813392180406,-864.1071421292555,-0.0,-1305.7101170403107,-0.0,-955.7577520928722,-670.2370921103268,-0.0,-0.0,-0.0,-0.0,-0.0,-71.74043562681467,-0.0,-0.0,-0.0,-1132.9268757911086,-285.95720743556586,-0.0,-0.0,-0.0,-112.90848961813347,-82.20745955405964,-567.316235636314,-644.881251226064,-2823.0184023260945,-810.452742023699,-451.50744807224015,-0.0,-2471.2841470206245,-45.01178258882536,-0.0,-1032.594184843422,-2428.077993632858,-675.2159261868247,-512.09264063724,-1096.283374543269,-222.45560970518412,-653.5933389490833,-714.6422449776566,-821.3386770408491,-196.83858835550657,-1802.4458902221988,-776.8444880796643,-367.9301363313937,-0.0,-0.0,-811.5122234406678,-3799.7327045218794,-0.0,-982.7398742822187,-416.1285799461765,-0.0,-356.1964638872678,-619.1709018583083,-758.9241218344703,-4.213777568545512,-0.0,-0.0,-0.0,-0.0,459.9229922250682,-0.0,-602.0301156946902,-0.0,-0.0,-645.7746479867095,-1170.2974548091581,-2599.3320254808045,-527.9103769569491,-588.9000538818267,-109.96035214357151,-2098.9748957508923,-0.0,-733.9964311305353,-378.20278152934065,-475.69868265009677,-1009.6087067368031,-991.5289583154732,-1440.757823144602,23.396480560393375,-364.8783748901582,-0.0,-1065.9562449765838,-1132.8474107087725,-62.539583090266646,7.358128688111381,-2384.709896094814,-1210.2359127471059,-716.2921882963266,-0.0,-648.2948474325576,-602.6684728671117,-603.227972719108,-2221.679865781809,-8.121186223112593,-0.0,12.75012469855717,-0.0,-0.0,-233.31214005317162,-3329.1666976559854,-210.61367151174312,-1499.540284363171,-3248.765291918278,-0.0,-4740.201058038115,-286.4581290863811,-2353.448722115232,293.65031522894583,-0.0,1518.78567706249,-774.2939294625407,-0.0,-2193.8514821748026,-0.0,-19.907496783591185,-0.0,-0.0,-0.0,-0.0,38.69016268601546,-0.0,-0.0,-0.0,-521.5131073914815,-1443.3293069020526,-714.2435520383307,-0.0,-3523.9480784143907,-0.0,-0.0,-0.0,-226.89122161040282,-301.2014176235971,-0.0,-1790.7696192525352,-0.0,-0.0,-3530.357819676849,-0.0,-0.0,6.085994126404171,-539.8044490111308,-21.50639517358391,-0.0,-0.0,-179.72904517631903,-0.0,-0.0,-1353.8573258756076,-1194.3704086583045,-1407.3757437742486,-0.0,-269.82909820301427,153.8182921799172,-406.30065352966653,-14479.102173619867,-0.0,-601.2058671190136,-1260.5977823022974,-1478.7228631209823,-0.0,-0.0,20.34640842797406,-346.539552542963,-975.0180701875743,-0.0,-0.0,-0.0,-532.144392225322,-2640.5420621638887,-1471.1472998635265,-0.0,-0.0,-0.0,-362.44769723727615,21.430937167530253,224.5267435550125,-1064.6009385960983,-0.0,-0.0,-917.6225041448645,-0.0,-0.0,-0.0,-2806.5204745899414,-1107.8130876659277,-0.0,-1079.4754044261333,-516.6594642612845,-345.655268622447,-680.8469991192713,-986.4767617732516,83.32928179893837,-1064.032395206333,-1032.720928801369,-65.74277795298293,-1237.569911396879,-0.0,-0.0,-0.0,-0.0,-622.6856677601941,-0.0,-0.0,-521.9940358735134,-1830.1788348327227,-664.0722202323245,-0.0,1435.167475114437,1312.3672929046031,1188.979466386324,-0.0,-0.0,-0.0,-803.5829137377193,-208.46155210696463,-761.7917849777353,-94.48166670857741,-594.272099824528,-1618.548909040053,-1301.3124871726782,-2124.6154703817833,-0.0,-0.0,-0.0,-0.0,-998.338063242607,-720.0133455849026,-1672.5994715180007,-444.5151105011883,-1313.914381719378,-1962.1153812022392,-1766.5184405965397,-0.0,399.73284471110674,-410.9399856644595,-425.1174401439308,-131.37462985118134,-4248.8874483532145,-7.508283013438219,-0.0,-756.8989725482287,-1331.4618379504261,-0.0,-46.30539288146896,156.44787147293442,-164.8264024173806,-421.9393104095983,-2023.0985354173063,-396.408521457819,-1542.051322134608,-0.0,-1812.6693181129967,-1562.0483921646696,-1225.1425023120737,-0.0,-1717.6181834564168,-620.1427419908708,-725.185307495222,-898.2742120579653,146.84812581547243,-1657.4015836290619,-1327.6629049403314,-0.0,-124.28821617471117,-0.0,-0.0,-0.0,-1049.7143101762717,-679.0147606236119,-0.0,-0.0,-0.0,-3510.0535708978773,-1947.554980007643,-0.0,-0.0,-0.0,-1461.674152370444,-834.2032414736818,-0.0,-702.0899479418425,-1398.0663673464394,-609.6160369053988,3.7841649368171097,-957.9607905510288,8.29998560722842,-1508.9292917989706,-1796.4870533918556,-0.0,-0.0,-40.698920329210196,-0.0,-0.0,-1363.49492626951,-108.50149890075966,-385.81354526354784,-0.0,-0.0,-0.0,-972.8957601326291,-300.0839670661268,84.04036676113566,-477.66506210344704,-227.13341864013174,-2070.48892541734,-273.22290627506726,-563.8448130391411,-1161.0313288488246,-0.0,-374.5972315147127,-0.0,-1761.1987991315566,-1535.3951566351766,-1733.8198461740842,-301.2553124149862,-277.1584977168472,-57.377603227589766,-834.4085334475744,212.9353424901534,-0.0,-348.5208669865412,-0.0,-0.0,-424.8726431545476,-96.29383180051984,-2413.8497178284074,-2503.9655042176537,-606.4953990863955,-0.0,-0.0,-1046.2534281068458,316.9888937852247,-0.0,-0.0,-0.0,-965.689129199855,-77.20047006932633,-302.72235519781145,-4305.879098012124,-1425.5798792723715,-707.9652858970213,-407.979502822651,-207.4556837869338,-856.2579799686877,-558.946880081073,-488.22590324560815,-0.0,-897.7101598382014,-683.2774507226918,-1570.156505917321,-0.0,26.234082359789028,-8.25732626560016,-0.0,-0.0,-1471.7295888692263,-0.0,-3738.4509764825507,-1305.1710933357276,2819.888462580304,2714.054888617608,-0.0,-0.0,-728.0693342875286,-939.4466156108518,-1288.4682909588998,-312.2592371246131,-3488.796092679374,-535.2268149666058,-0.0,-0.0,-0.0,-1439.1247703926463,-788.8268764011716,-181.37395661195646,-2565.0542397249455,-1137.907462169848,-20.054618516365572,-438.51254758106165,-1104.4998417250602,-354.9148518544513,-508.6409763447961,-0.0,-4.376362448893064,113.633944284921,-1051.668764425974,-153.1451436966961,-0.0,63.655155659079206,120.84658992840862,-209.60744576067347,-1305.4287258466854,-2070.021648333517,-76.4645562567262,-1018.5601678904919,-1219.1928654074816,-0.0,-0.0,-737.0969135656755,-0.0,-0.0,-0.0,-0.0,-558.8064189463807,-38.598457979891755,-1206.7221703630175,-1185.6280681436467,-2252.15094942041,-1034.4612750317208,-0.0,-586.9622079001141,-0.0,-1385.56268017469,-1407.156698234451,-1345.0471344164862,-988.3114327022791,-0.0,-1479.5199771492344,-0.0,-0.0,-0.0,-3698.9286079452067,-1086.3166881348932,-246.71302395274026,-916.9564669180704,-707.0901228433574,-998.7339094610014,-0.0,-0.0,-0.0,-0.0,-5562.646842582565,-739.2158466290798,-1760.5277703082259,-3768.133255591153,-2060.311732181252,-430.3759021335195,-0.0,-1864.5382573361496,-847.3714661396691,-0.0,-289.47692397352904,-374.0669292747808,-0.0,-924.9412768957454,-243.16614455705957,1470.8304968761806,-447.06249184857774,-0.0,-0.0,-975.4364724706693,-793.2918943533425,-2179.051379780666,-401.97473009764263,-0.0,-0.0,-663.5148520145955,-0.0,-0.0,-0.0,-0.0,-1306.795592188684,-540.8994523317104,-1225.5123089110173,-487.682552419682,-27.84089856372678,-742.8832872074796,-0.0,-0.0,-0.0,-0.0,-2336.335795998666,-0.0,-0.0,-0.0,-0.0,-0.0,-0.0,-760.5487758004859,-0.0,-2579.679647573001,-510.0852411623655,-221.26096409085943,-1141.169668087508,-0.0,-0.0,-1576.3985203674283,-1459.9438721481315,4.08334819134746,-400.41761216121984,-33.73984656503504,-1551.4055527887692,-827.4485274587335,-0.0,-3997.1371662042297,-1308.9912904005967,-0.0,-0.0,-34.42548552919827,-293.29106578973466,-1206.7314827345172,-0.0,-0.0,-56.202620756969296,-1568.0174250660396,-509.640351017575,-338.9043007382729,-42.778222435880046,-1811.8268096551703,-0.0,-0.0,-0.0,-0.0,-0.0,-628.0656670463708,-445.7637881653687,-598.3970888194272,-4272.662050589253,-1579.8912094658415,-1194.5786806590881,-19.01692175842704,-824.2674904837484,-1299.2830906413662,-20.184595544865267,-0.0,-0.0,-0.0,-639.9561497117826,-474.24136771433064,-1738.220458714908,-648.8025441027412,-0.0,-1524.1329904625502,-0.0,-722.6515479539153,-0.0,-0.0,-2034.9513787645217,-641.6797571695666,-596.5259319642491,-1536.7648688970817,-502.94246056623854,-13.28848714253199,-699.8834277280882,-1300.3625670107558,-0.0,-484.93738351130935,-1202.5328499382508,-4323.2020685812695,-0.0,-62.55762717018091,-2319.9386071433896,-1499.4164877482676,-1279.3689545411087,-535.8436868445431,-1108.957696389972,-0.0,-247.18685165211434,-0.0,-259.38642661728477,683.2611873730326,-0.0,-0.0,994.0824820744864,-0.0,-2305.014898620497,-655.9628615747681,-1095.3199047385126,-1091.2229777211398,-1408.2756731812065,-399.3484617971904,-65.50541677576487,-0.0,-0.0,-862.4892688133644,-754.7748967468516,-739.0475739804806,-0.0,29.211190484833633,29.561935320301735,-159.59990222416303,-3038.2802271469573,-1866.0086188037337,-0.0,13.050221810931907,-1333.1539958398225,-4177.037364563702,-2644.441502111004,-487.0854816830405,-886.8537698839621,-1184.1365696744613,-0.0,-221.49445293496333,-0.0,-530.9004067198496,-277.7919322876526,-1614.2924678443267,-2264.290515569847,-287.6432270726155,-520.8729751411545,-4708.440952545856,-1207.250200985362,-425.72026557123627,-481.71485136149226,-1468.0800775055852,-465.74199720742456,-8.051600892266336,-1412.7039400943731,-1614.1527628131646,-0.0,-0.0,-525.1982932947415,-1247.328131077563,-354.1168364911822,13.26826872701447,-0.0,-0.0,-0.0,-0.0,-0.0,-40.49124703490306,-742.4446165861657,638.701445356292,-411.1332980372333,-710.8240244346654,-507.6533222061125,-1095.9279668425925,-1578.855604201749,-1026.9154124463555,-1783.9789943372589,-483.135277746684,-642.9745351813363,-1484.8477459125968,-625.7473927743129,-0.0,919.7910038302704,-478.701897724073,-40.965394855713924,-0.0,-924.4096971360683,-545.6139416161652,-1594.658123619587,-1843.5363590003722,-2516.1437079347124,-0.0,129.58689816307717,-0.0,-0.0,-1050.4821132796485,-1501.2307617832557,-0.0,-947.990342093455,-8.74171441533363,-0.0,-0.0,-0.0,-2581.5364891142754,-726.4646824281062,-242.71076191527644,-178.0379190164785,-0.0,-0.0,-1224.4399191352143,-1534.3651050237168,-976.8960871103953,566.8269127698316,-9.157703280267253,-0.0,8.771710215666953,-0.0,-1585.0462198881605,-593.8591485285449,-1191.9790513393582,-1875.0781665813765,-1683.7625991440684,63.67260802618261,-0.0,-0.0,-1789.4930932832067,-401.0790578235261,-0.0,-0.0,-138.2155250097163,-0.0,-54.557074550616214,-0.0,-1167.5635467550317,-817.7267209517702,-0.0,8.778593672463563,706.1757227762274,-0.0,-70.89530673291345,-2288.7167500591336,-0.0,-0.0,-652.8579151803638,11.572752148776898,-0.0,13.025619689577608,-420.0360112951981,-1633.552154981095,-0.0,-837.5616553928836,-0.0,-1114.2739206432939,1808.3929927531517,-134.82663790047127,-1716.124556618128,-1559.230823061527,1058.6810686985557,-53.46119930297665,-2430.4271050391767,-802.6736521914048,-934.1182681543844,-0.0,-724.0985378059268,-86.37353213563452,887.5110188731609,-402.5259647947209,-1512.2554120649008,-0.0,-0.0,-0.0,-752.6110441438976,-670.7678763600112,-633.1478078135552,-1023.0465703418822,-1125.8124443368965,4.434212583600283,-964.7242922974691,-975.4304023462547,-1258.9903633809604,-0.0,-0.0,-503.65809650337604,832.022709642513,-6293.755515658404,-0.0,-1548.6850125157084,-1789.6965772463666,-881.9848995497262,-827.8252307413081,-260.55598827830045,-2717.2268042564438,-295.14299811029076,-0.0,-1006.63593867548,-994.4865399870356,-629.3707170689163,-0.0,-1389.7890462120056,-2228.693743230313,-29.535145142519607,-1036.4689649243676,-2481.0850321097378,390.58858523550293,-0.0,-457.79663103202006,-132.0359075643588,-1446.3037948857066,-1007.4473867802643,104.5328446762444,-122.3970449515645,-725.3655081701212,-465.80353992972323,-565.234120704334,-743.5767804973864,-566.3492076464188,-0.0,-1358.4441369145031,-0.0,-1239.329797366885,-718.2519194634391,-202.25272697534226,-0.0,-1850.8853542890336,-4931.292778781879,-0.0,-470.3610677084416,-0.0,-2488.423683644652,-318.3840680106721,-0.0,-337.71427952162867,-503.4135504409488,-0.0,-2164.620581488453,-1465.4699822603968,-0.0,-3980.560877797902,-129.4851720999354,-1287.3081288204817,-1405.463908807776,-1762.7271179544935,-126.50637156591472,-0.0,-915.7579207161093,-2165.3237015529826,-543.9813137623856,-917.7369032226449,-1046.3006245322456,-1760.9485569516,-2261.7741000530045,-897.369501671745,-1882.13981329008,29.968211024760475,-0.0,-298.5022642010721,-1525.022660588158,-1133.959596781613,-0.0,-0.0,-0.0,-439.00780112362065,-402.1278970950874,-13.626350243385355,-577.6288704638154,-0.0,-1281.9402897842867,-770.7166391363788,-539.4639574811216,1.7424750404248588,-0.0,-343.3726180695063,-1581.8737175634753,-1022.4032720919693,-331.6444611861909,-844.1602682669205,8.461738897426757,-0.0,-0.0,-3151.926896107659,-944.739106243234,-0.0,-0.0,-0.0,-79.61469417025116,-1070.131066029133,3.754545811648937,-1751.6581878597824,-1525.681289817512,733.7741260875707,-0.0,-591.8363299507904,-0.0,822.7740706133111,-230.63090549599713,-0.0,-1664.9959323973164,-317.9084096427298,-1668.5498943652244,-0.0,-1568.8923240233858,-561.5131260877756,-228.84084717697849,8.518078884552537,-37.11186772030036,-0.0,-0.0,-706.5089293974548,-1257.403756681443,-0.0,-582.7874689353375,-0.0,-342.11575064240674,-628.4867542515899,-0.0,251.92798964332664,699.3035437253774,771.3708240864892,828.4658523231187,730.5620397357674,918.6391146241315,-0.0,-0.0,-0.0,-0.0,-0.0,18.851066531009373,-0.0,-0.0,-706.194596959495,17.06631277763891,-381.7008252943639,-178.3971882720817,-0.0,-913.9840645910017,-1497.4009936971054,-1969.0958005446025,-260.1992354019733,-217.68077874405196,-0.0,-0.0,-565.6178415031708,-0.0,-0.0,-0.0,-0.0,-2701.4175466494858,-0.0,-40.07253068538306,1020.815405435812,-0.0,-1049.174245768568,-566.9852614812663,1156.4319288356191,-956.7364786522066,-0.0,-3106.8690746026227,-2029.356876447217,-241.98542371897096,-823.1723556863112,-1317.6703906366731,-573.7563850978389,985.8025460045457,-86.4107012145654,-542.8307942667351,-0.0,-0.0,-561.7408648402682,-0.0,-969.8869070057187,-0.0,-481.5381657775432,-116.87814434070201,-0.0,-0.0,-1247.0359664086923,-0.0,-0.0,-561.6522612325059,-1278.5379906260107,-1739.6326520411974,-0.0,-0.0,-0.0,-1951.9848198485936,-0.0,-1222.4745871451255,26.72301329147976,-0.0,-0.0,-1144.354224793893,-927.7403582437526,-1301.095213759606,-368.55646711907866,-0.0,-1231.2573526652761,-287.271247537844,-0.0,-0.0,4.4070123004895825,-43.141014738525094,-3982.9984144675363,-0.0,-43.77417720516829,-44.73028864933432,407.10813198419504,-87.4583149296892,-760.014452709214,-804.211098511372,-441.5338901127733,-0.0,-0.0,-1592.682318614056,-0.0,-0.0,-0.0,-0.0,-0.0,-0.0,-0.0,-151.71220185184015,-0.0,-0.0,-1903.9627064524566,-8416.429753528628,-121.60994270519774,116.66213895667126,-482.7657417492486,-569.3754399815931,-447.2866041365562,-3791.244402169953,-244.07630012207812,-415.599826853972,-0.0,-0.0,-0.0,-1995.389079295093,-0.0,-86.23119976348917,-0.0,-0.0,-0.0,-505.83935219813003,-13.423125806805622,-300.47153390586044,-1348.51305887303,-635.081282109532,-87.43821377760611,-1846.327000390986,-0.0,-84.61104780959134,-1989.7294607006202,-0.0,-1336.4379341205058,-0.0,-1368.4025087375414,-0.0,-0.0,-937.7033017927412,-642.4213905471736,-33.86173953322663,-683.4489179799305,-110.87537579296276,-747.3331107375903,-157.67560579527486,-677.7923083908856,-679.3016082011942,-2168.264589635223,-951.5834775996907,-0.0,-1692.2837673953625,-419.1165886444227,-775.2101969443557,-0.0,-0.0,-995.1623049856435,-2190.614208353117,-142.15276232234322,-0.0,-0.0,-76.1325205301357,-3258.6791503036025,-848.3027516937653,-233.31375531844967,-343.5624150567351,-45.358298665893024,-4346.462655240468,-0.0,-0.0,-1974.0178035179981,-841.8818228627711,-0.0,-0.0,-0.0,-79.6785520025407,-0.0,-1835.0781924915032,-1700.4255723464332,-0.0,-399.6560435563521,172.93445956362808,-0.0,-0.0,-0.0,-993.6330992005717,4.508116150594301,-2435.8800473343576,-624.883110323798,-1168.7852510328332,-691.2531326468965,-3314.4196963242052,-1449.7634155362816,335.1773831478293,-0.0,-2040.089830069488,-0.0,-0.0,-0.0,-1060.323472950161,-641.9865123528906,-1231.4234759717742,-0.0,-0.0,-899.9558297687204,-1286.6488091460271,-676.5275146508591,-499.6272207892942,-0.0,-0.0,-1309.6811951137752,-0.0,-0.0,-0.0,-0.0,-0.0,-0.0,-503.078366114646,-179.53957376724446,-1446.1325746237317,-0.0,-738.6389357528572,-4129.645806868671,-46.435800887953704,-0.0,-0.0,-0.0,-0.0,-0.0,-0.0,-0.0,-0.0,-0.0,-0.0,-1283.0766662513427,-1900.047177175632,-0.0,302.64550300289085,-0.0,-606.3807499573204,-91.36888790600548,-0.0,-704.8012789845525,-341.8667892519159,-25.53791466316382,-3132.313178190376,-481.8971422634548,-2958.0819268437713,-197.58684102794933,-1854.7437109058758,-1680.5151717048664,-643.0775801376811,4.545216382507805,-0.0,-1235.863675033644,-2096.2067933481276,-2408.5476804207765,15.965132422054932,-499.799530695972,-1713.3760421174343,-0.0,-2035.0630136242296,-378.52665625831787,-0.0,-2993.2393793516376,-0.0,-955.9732016844981,-0.0,-2943.6963582597405,-0.0,-0.0,-84.2267408969919,-962.9506962303731,-683.9615797249675,-0.0,-1207.2216655383186,76.9439012685364,311.9561826661419,325.6757225690957,-263.493664098902,-1824.2290511432802,-732.5132256102377,-0.0,-0.0,-5718.028170008757,-1298.3190737158284,-0.0,454.3999443298876,-0.0,-1650.6970054164406,-573.9269333312185,-708.6845159304189,-0.0,-0.0,59.248718609411384,-0.0,-1024.9533520030366,-1027.5340407640113,-1889.4340614775679,-0.0,-585.8328058785996,-2965.716676150776,-809.279924832893,-0.0,-1291.5580759006518,-81.58700048597196,-1292.5560356878648,4.296215448611491,-939.6039513253914,-0.0,-0.0,-0.0,-716.8218227551993,-0.0,319.01859141984113,-0.0,-373.2477413032468,-781.2229194461745,-534.0686345363665,-1113.0285413729857,-614.6772133155811,-1721.3495396666913,-899.4606344917685,-0.0,658.4584253861119,-2318.5559419306123,-1776.2758339519285,-709.6964338493794,-0.0,-0.0,-0.0,-150.3509842857396,-1127.857467608503,-324.4938983310944,-737.2538983797464,-1995.2917528923529,-2790.8779643154035,158.76374393055715,730.8736471698222,755.2482630184351,-0.0,-0.0,129.29986090163231,-96.56074632860073,12252.416085981293,2157.004590474091,3944.5222963405386,5964.98622159627,-0.0,-0.0,-0.0,-0.0,-0.0,-1400.4983152268962,-1559.2680511859605,-827.6320338067043,-0.0,-2901.1935705811484,-574.9396890663678,-929.2290727779446,-0.0,-689.3890620623463,-1311.6119863704596,-986.5418173481233,-1236.7688425784038,-0.0,-3182.9382389255866,-1995.4811332684699,-774.9434922847138,-141.41624250696557,-2951.3711358507926,-0.0,-278.63703929119316,-0.0,-92.81115882971919,-0.0,-133.23734281614173,-203.0213166984757,-1011.1566417996089,-849.279978374405,-0.0,-0.0,-0.0,-2125.3261033116096,-0.0,-0.0,-275.6335167649631,-927.8550237659534,-965.9742608266096,-68.4726203191766,-1061.3998858843013,-1862.226720253449,-339.29616775159155,-0.0,-0.0,-158.6359689506638,-1599.896281485169,-451.6575811370948,-0.0,-6069.813629461497,285.1815385733688,-0.0,-0.0,-0.0,-215.72848706307732,-439.4424917061865,-0.0,-0.0,-1215.4344761608659,-2038.5075320770172,-1139.967500324009,-421.59224869993903,-395.3988089025469,-535.7993093017996,442.43429166553875,-1165.1782574119336,-0.0,-497.7777587471597,-2325.143607868315,-486.75744411199935,7.963347180537204,-0.0,-461.18345061568965,-0.0,-0.0,-0.0,-1274.4671763478254,-453.80874740513957,-1425.6537395791386,-0.0,-0.0,-0.0,-192.75559310727874,-524.3133858801591,-1661.5511548820136,-2846.203135572112,-212.58031671928634,-124.68194173080599,-0.0,102.44568590355226,-0.0,-1134.3403439106962,-172.79038251199108,-0.0,-0.0,998.2891520680668,-0.0,-1715.6787062926048,-0.0,-0.0,-0.0,-197.69955100022844,-2019.1611110264287,-1598.5588954362745,-31.476202770772343,-2250.3653329131807,-1567.6394989921298,-28.333686274557405,-31.77104103806155,-68.1433055072205,-0.0,-0.0,-2024.7193531664361,-0.0,-6012.094468781522,-0.0,-1504.8766758370296,-282.94199717244487,179.02486686209363,-0.0,-11.594165817014536,-1643.9387221627542,-1586.5410605743414,-558.9021926627094,-37.133655535234276,-103.10193048774964,-0.0,-0.0,-0.0,-0.0,-1079.6291438554597,-1111.7793187894208,-0.0,-590.4155848257498,-1236.2708051329305,-239.45466523587655,-31.132447547705016,-0.0,-0.0,-0.0,1094.1594231608453,-78.37923790567302,-0.0,-500.38449823923196,-821.3141817773534,-1518.994621019278,-0.0,-0.0,-2509.6541485028774,-0.0,-0.0,-0.0,-0.0,-694.7734347717646,1117.2971867855194,1055.503047817651,1165.6263321210404,-0.0,-0.0,-0.0,-651.0586081467583,-0.0,-0.0,-375.5636823178991,-230.23027889883898,-0.0,-220.56296060844218,-1186.2961274970312,-1314.3996144908617,-0.0,-0.0,-0.0,-20.921404600342004,-1424.6936715810582,-18.95434073950258,333.629383628813,-0.0,-1621.8550069167215,-893.4731360128084,-575.6635573840185,22.397071502676976,19.543163096015377,-305.51030444594056,-16.113979485907326,-375.8091441740992,-392.4635548102521,-1073.6758553577436,-359.3301713420541,757.1044133679128,-1408.5766488881231,-152.6634007452569,-155.98987049127805,-3617.1274241046676,-2615.3461644901004,680.5500167956751,-1164.8891504614896,-136.75988921594592,-4.438958032050181,-708.9585105413574,-1120.1156474622337,1881.6940732225007,-658.9938276616506,-674.3383226263669,-737.0417955905742,-0.0,-5916.582022556761,-0.0,-549.7536336063404,-971.3906252880261,-724.1617369811121,-839.2703390191709,-1102.3659097143695,-0.0,-1083.0293439673428,-206.38944925948581,-84.62214513623726,-7721.63659786544,391.5331127037394,-172.3954812485973,-0.0,-578.5149311172268,-1115.6477443447118,-0.0,-0.0,-540.2769894714062,-1591.7179926553588,-41.554191929181286,-233.2624070170145,-287.56021712036124,-1197.2417707955133,-0.0,-0.0,65.25136849464882,-0.0,-0.0,-1728.1764856403217,-0.0,-1978.7455820887828,-1007.8252537116757,-1335.0426709851065,-0.0,-0.0,-486.6783987874562,-955.256288744842,-147.55850578261914,-0.0,-415.2352146679573,-160.27218807214805,-448.8617242609048,-0.0,-191.97121425334356,-457.6119007377524,-2353.956103543433,-852.2148064004277,-1396.342330015142,-0.0,-0.0,-1205.0180454459419,-28.679228053948638,-0.0,-0.0,-1334.5922755662514,-0.0,-0.0,-0.0,-0.0,-0.0,-0.0,-0.0,-0.0,-0.0,-0.0,-96.16967355066153,-0.0,-0.0,-0.0,-0.0,-0.0,-0.0,-0.0,-0.0,-0.0,-0.0,-0.0,-305.43881507092004,-0.0,-0.0,-0.0,-0.0,-0.0,-0.0,-0.0,-0.0,-0.0,-0.0,-0.0,-0.0,-0.0,-0.0,-0.0,-0.0,-0.0,-0.0,-0.0,-0.0,-0.0,-0.0,-0.0,-0.0,-0.0,-0.0,-0.0,-0.0,-252.5244602555164,-0.0,-0.0,-0.0,-0.0,-0.0,-0.0,-0.0,-0.0,-0.0,-0.0,-0.0,-0.0,-0.0,-0.0,-0.0,-0.0,-0.0,-0.0,-0.0,-0.0,-0.0,-0.0,-0.0,-0.0,-0.0,-0.0,-0.0,-0.0,-0.0,-0.0,-0.0,-0.0,-0.0,-0.0,-0.0,-0.0,-0.0,-0.0,-0.0,-0.0,-0.0,-0.0,-0.0,-1341.685894800719,-608.002159584253,-1632.6657408062185,-0.0,-0.0,-0.0,-0.0,-0.0,-0.0,-0.0,-0.0,-0.0,-0.0,-0.0,-0.0,-0.0,-0.0,-0.0,-0.0,-0.0,-0.0,-0.0,-0.0,-0.0,-0.0,531.6646425128838,-0.0,-0.0,-0.0,-0.0,-0.0,-0.0,-0.0,-0.0,-0.0,-0.0,667.2758434418819,-0.0,-0.0,-0.0,-0.0,-0.0,-0.0,-247.67408470895373,-0.0,-0.0,-0.0,-0.0,-0.0,-0.0,-0.0,-0.0,-0.0,-0.0,-0.0,-0.0,-0.0,-0.0,-0.0,-0.0,-0.0,-0.0,-0.0,-0.0,-0.0,-0.0,-0.0,-0.0,-0.0,-0.0,-0.0,-1065.0010726503883,-0.0,-0.0,-0.0,-0.0,-0.0,-0.0,-0.0,-0.0,-169.01702615432305,-0.0,-0.0,-0.0,-0.0,-0.0,-0.0,-0.0,-0.0,-0.0,-0.0,-0.0,-0.0,-0.0,-0.0,-0.0,-0.0,-0.0,-0.0,-0.0,-0.0,-0.0,-0.0,-0.0,-0.0,-0.0,-0.0,-0.0,-0.0,-0.0,-0.0,-0.0,-0.0,-0.0,-0.0,-0.0,-0.0,-0.0,-0.0,-0.0,-740.8715219691538,-0.0,-0.0,-0.0,-0.0,-0.0,-0.0,-0.0,-0.0,-0.0,-0.0,-0.0,-0.0,-0.0,-0.0,-469.06714613674495,-0.0,-0.0,-246.8861792388121,-0.0,-0.0,-0.0,-0.0,-0.0,-0.0,191.9479328939222,-0.0,765.2494957224739,-0.0,-0.0,-0.0,-0.0,-0.0,-0.0,-0.0,-0.0,-0.0,-0.0,-0.0,-0.0,-0.0,-0.0,-0.0,-0.0,-0.0,-0.0,-0.0,-0.0,-0.0,-0.0,-0.0,-0.0,-0.0,-0.0,-0.0,-0.0,-0.0,-0.0,-0.0,-0.0,-141.6833280607208,-0.0,-0.0,-0.0,-0.0,-0.0,-0.0,-0.0,-0.0,-0.0,-0.0,-0.0,-0.0,-0.0,-0.0,-0.0,-0.0,-0.0,-0.0,-0.0,-0.0,-0.0,-0.0,-0.0,-0.0,-0.0,-927.8483042561253,-0.0,-0.0,-0.0,-0.0,-0.0,-0.0,-0.0,-0.0,-0.0,-0.0,-0.0,-0.0,-0.0,-0.0,-0.0,-0.0,-0.0,-0.0,-0.0,-0.0,-0.0,-0.0,-0.0,-0.0,-0.0,-0.0,-0.0,-0.0,-0.0,-0.0,-0.0,-0.0,-0.0,-0.0,-0.0,1241.6036182795754,-0.0,-318.8880210929361,-0.0,-0.0,-0.0,-0.0,-0.0,-0.0,-0.0,-0.0,-0.0,-0.0,-0.0,-0.0,-0.0,-0.0,-0.0,-0.0,-0.0,-0.0,-0.0,-0.0,-0.0,-0.0,-0.0,-0.0,-0.0,-0.0,-0.0,-0.0,-0.0,-0.0,-21.623447638867173,-0.0,2501.2008032256385,-0.0,-0.0,-0.0,-0.0,-0.0,-0.0,-0.0,-0.0,-0.0,-0.0,-0.0,-0.0,-0.0,-0.0,-0.0,-0.0,-0.0,-0.0,-0.0,-0.0,-0.0,-0.0,-0.0,-0.0,-0.0,-0.0,-0.0,-0.0,-0.0,-0.0,-0.0,-0.0,-0.0,-0.0,-0.0,-0.0,-0.0,-0.0,-2316.2579776878006,-1608.6871308702348,-0.0,-0.0,-0.0,-0.0,-0.0,-0.0,-0.0,-0.0,-0.0,-0.0,-0.0,-0.0,-0.0,-0.0,-0.0,-0.0,-0.0,-0.0,-0.0,-0.0,-0.0,-0.0,-0.0,-0.0,-0.0,-0.0,-0.0,-0.0,-0.0,-0.0,-0.0,-0.0,44.59847900381062,-0.0,-0.0,-0.0,-0.0,-0.0,-0.0,-0.0,-0.0,-0.0,-0.0,-0.0,-0.0,-0.0,-0.0,-0.0,-0.0,-0.0,-0.0,653.3027328902571,-0.0,-0.0,-0.0,-0.0,-0.0,-0.0,-0.0,-0.0,-773.7503455292372,-0.0,-0.0,-0.0,-0.0,-0.0,-0.0,-0.0,-795.9675444959827,-0.0,-0.0,-0.0,-0.0,-0.0,-0.0,-0.0,2602.6372635274465,-0.0,-0.0,-0.0,-0.0,-0.0,-0.0,-0.0,-0.0,-0.0,-0.0,-0.0,-787.6014719878692,-0.0,-0.0,-0.0,-0.0,-0.0,-0.0,-0.0,-0.0,-0.0,-0.0,-0.0,-0.0,-0.0,-0.0,-0.0,-0.0,-0.0,-0.0,-0.0,-0.0,-0.0,-0.0,-0.0,-0.0,-0.0,-0.0,-0.0,-0.0,-0.0,-0.0,-0.0,80.68761462705821,-0.0,-0.0,-0.0,-0.0,-0.0,-0.0,-0.0,-0.0,670.7023667599824,-0.0,-0.0,-0.0,-0.0,-0.0,-0.0,-0.0,-376.9545564596732,-0.0,-0.0,-0.0,-0.0,-0.0,-0.0,-0.0,-0.0,-0.0,-89.70842642435557,-0.0,-0.0,-0.0,-0.0,-0.0,-0.0,-0.0,-0.0,-0.0,-0.0,-0.0,-0.0,-0.0,-0.0,-0.0,-0.0,-0.0,-0.0,-0.0,-0.0,-0.0,-0.0,-0.0,-0.0,-0.0,-0.0,-0.0,-1978.2055362874235,-0.0,-0.0,-0.0,-0.0,-0.0,-67.8205050789305,-0.0,-0.0,-0.0,-0.0,-0.0,-0.0,-0.0,-0.0,-0.0,-0.0,-0.0,-0.0,-0.0,-0.0,-0.0,-0.0,-0.0,-0.0,-0.0,-0.0,-0.0,-0.0,-0.0,-0.0,-0.0,-0.0,-0.0,-0.0,-0.0,-0.0,-0.0,-0.0,-0.0,-0.0,-0.0,-0.0,-0.0,-0.0,-0.0,-0.0,-0.0,-0.0,-0.0,-0.0,-0.0,-0.0,-0.0,-0.0,-0.0,-0.0,-0.0,-0.0,-0.0,-0.0,-0.0,-0.0,-0.0,-0.0,-0.0,-0.0,-0.0,-0.0,-0.0,-0.0,-0.0,-0.0,-0.0,-0.0,-0.0,-0.0,-0.0,-0.0,-0.0,-0.0,-0.0,-1376.0106963937333,-0.0,-0.0,-0.0,-0.0,-0.0,-0.0,-0.0,-0.0,-0.0,-1725.1164414581397,-0.0,-0.0,-0.0,-0.0,-0.0,-0.0,-0.0,-0.0,-0.0,-141.09731120140395,-0.0,-0.0,-0.0,-0.0,-0.0,-0.0,-0.0,-0.0,-0.0,-0.0,-0.0,-0.0,-0.0,-0.0,-0.0,-0.0,-88.58048610578038,-0.0,-0.0,-0.0,-0.0,-0.0,-0.0,-0.0,-0.0,376.66150203889345,-0.0,-0.0,-0.0,-0.0,-143.8500617425734,-0.0,-0.0,-0.0,-0.0,-0.0,-0.0,-0.0,-0.0,-0.0,-0.0,-0.0,-0.0,-0.0,-0.0,-0.0,-0.0,-0.0,-0.0,-0.0,-0.0,-0.0,-0.0,-0.0,-0.0,-0.0,-0.0,-0.0,-0.0,-0.0,-0.0,-0.0,-0.0,-0.0,-0.0,-0.0,-0.0,-0.0,-0.0,-0.0,-0.0,-0.0,-0.0,-0.0,-0.0,-0.0,-0.0,-0.0,-0.0,-0.0,-0.0,-0.0,-0.0,-0.0,-0.0,-0.0,-0.0,-0.0,-0.0,-0.0,-0.0,-0.0,-0.0,-0.0,-0.0,-0.0,-0.0,-0.0,-0.0,-0.0,-0.0,-0.0,-0.0,-0.0,-0.0,-0.0,-0.0,-0.0,-0.0,-0.0,-0.0,-0.0,-0.0,-0.0,-0.0,-0.0,-0.0,-0.0,-0.0,-0.0,-0.0,-0.0,-0.0,-0.0,-0.0,-0.0,-0.0,-0.0,-0.0,-0.0,-0.0,-0.0,-0.0,-0.0,-0.0,-0.0,-0.0,-0.0,-0.0,-0.0,-0.0,-0.0,-0.0,-0.0,-0.0,-0.0,-0.0,-0.0,-0.0,-0.0,-0.0,-0.0,-0.0,-0.0,-0.0,-0.0,-0.0,-0.0,-0.0,-0.0,-0.0,-0.0,-0.0,-0.0,-0.0,-0.0,-0.0,-0.0,-0.0,-0.0,-0.0,-4171.078939191518,-91.81544108844794,33665.84251690778,-3870.1151046347973,-3852.406602986226,81911.86019556966,-0.0,-7535.526613679267,844.7066962403395,1941.5190678564636,-24739.437106684414,-0.0,-5204.725851294275,-0.0,-0.0,22898.208429799466,-12903.071739160438,2986.712240302926,6680.681798403805,-4012.8941041033345,-24305.81131815286,-8960.414833111086,53.96502640943728,-95.54649837997087,-6193.876910913379,-0.0,-12093.171693963315,-18061.043613274902,14190.179496485656,-132.2368360854876,393.03110925831885,46797.9569177202,-2361.2112733085696,-101356.63487880396,-3217.198470948108,-23694.265655951232,-15915.496443464932,-5159.495191999142,-6383.085415809927,-15991.595716511161,13301.96482770036,-2253.5865027044397,-3587.9313353422754,-3420.064921590621,-11596.043447905171,6670.06102717396,33267.941997530965,-783.230996509362,-184.77600127380376,20836.256724884126,3465.6331553511654,-185.04507239481092,5278.894571920582,5837.8075313621575,-5688.015399377255,-7461.0359688093895,-3288.5570868164164,404.32785823864,-0.0,-0.0,-1272.7639667505453,-7882.863073003553,-3884.0325367881373,-3353.7168366232404,-471.57111616481114,-4975.701971700416,11451.839903242304,6354.561281152756,-8114.538619106146,17472.599012239014,-19416.908916018117,-31769.93564067238,71778.68329629446,-22976.288378864105,-8052.263531191514,-1912.1159339277058,-3188.0926816412225,-6305.528832713572,-3927.8841252642337,-32497.84888471047,-0.0,-14103.514277044409,-0.0,3566.108193661837,-0.0,-0.0,-13424.987389520957,-1408.1739102041204,-0.0,-0.0,3595.7093989454956,-0.0,130.46305439590296,-0.0,-6137.836021754643,-4492.167025966114,-7728.480955445443,-8526.750588624962,9225.639270919972,-0.0,-28977.013816220067,46311.35207542969,-0.0,-0.0,-19789.193968191208,-8854.827856918053,130.65541484424747,559.1074805148548,-0.0,58825.23500282264,-0.0,-0.0,-0.0,-0.0,54102.34950652853,-1486.542239741589,-0.0,-12747.119744531763,-0.0,-5348.5251866477065,-923.1778417151437,-2661.6383319632655,-15466.210331304022,9081.415140679188,-1005.360870107376,-9188.634482015765,-0.0,-0.0,-6582.57438747079,-7059.8969700146745,-12417.674361886448,60072.460975576796,-0.0,-213.9565982479319,13623.601234954349,4203.299878774981,-2776.6498188788078,684.6002487310961,1722.2682361520813,-3769.3630145114907,147.76263907239178,-18576.940626428906,826.2807847385454,13613.570194843374,-664.299078623225,10246.986878823862,46577.550497634234,5533.9573980604555,1061.9049335362695,9546.810452345402,-2024.5820969996714,-7733.508148971102,-8869.779266340813,-15652.099476943742,-0.0,2858.3891905994874,14281.182441259647,12875.330551892503,-8133.840458322508,5960.022037200342,3650.6997701891823,-9027.302281903461,22204.272302994523,-14521.991457406522,-0.0,5385.092301945208,-11814.880815928891,-15479.301441499803,-7460.138687160805,25875.088469976286,2133.5977968076527,-0.0,-5273.165948303116,-0.0,-2441.7108389315863,56.73064090122182,-3512.3114105658415,-825.3595071239718,81.6069711919992,-193.42095007408952,-22018.29136651169,-13989.891474517846,23142.031798937904,-7794.099544811616,3445.1568097635973,8427.57643451618,-7572.284287240392,-4902.3064359552145,-13721.907843286592,-0.0,-2000.664588104911,-2054.93368073786,-0.0,1153.969757249514,-3141.6604372201305,-0.0,-0.0,-16041.107155551475,-3212.119156476078,3908.5523696389523,-3821.6509937141577,-0.0,-0.0,-0.0,57081.12301829503,23639.17071288017,-0.0,-1403.3634152974878,12213.844623605106,-0.0,-4147.260986318504,-2852.624077091377,-0.0,-5144.079446851726,-7675.710929475442,116904.21025033479,-12369.917793993602,-8953.384584722036,-30985.398122014398,-0.0,2540.0754959048063,2288.395656516173,-10113.842403417748,26453.037864205184,-8156.125100551937,-45498.02115797532,-15342.941315120212,-10263.111965759706,-0.0,1294.7086979708238,-4917.312351579217,21234.11512071819,-2190.9639000615625,84.88158672737882,-11952.737902861754,-9347.509388775487,30641.40811565977,-0.0,-1583.9185235583077,122.08832940444991,-0.0,-0.0,-0.0,-0.0,-0.0,-0.0,-0.0,-0.0,-0.0,-0.0,-0.0,-0.0,-0.0,-0.0,-1290.5884303369662,-0.0,-0.0,4244.23830687393,-11772.890693355394,-874.1754937392379,-9358.44060864202,22952.762430334868,8926.338945282983,-3819.8243789719927,2329.3799412001995,39749.2362957628,-0.0,-0.0,-3854.6194186634466,2635.022007619699,-6607.6768650905815,-8244.027727777398,-0.0,-200.8618075446248,9379.969493269009,-4275.321570171857,-931.0041047781116,3065.668639370251,-27881.58550021202,23207.649798211667,-4853.9917976832385,-2136.299986147502,13995.85214788221,-0.0,-0.0,-0.0,-0.0,-0.0,-0.0,755.6592438135807,51620.598420424634,-9540.96126943821,-7470.652237795814,-12410.079368996678,-0.0,-10246.685825162302,-12562.408140922606,-0.0,-0.0,-0.0,572.2851683520561,550.1044972812737,807.2749071792385,2965.9661133630916,-0.0,2597.2241267694517,957.7756960076748,874.8225832239393,771.7334529145216,805.7519545440758,3269.7896867791546,1727.1001872659988,3258.712196414572,2583.400469570204,2857.1104966319,3149.5308797030957,37432.98850404665,41007.933515617784,38778.29272542073,35134.201334809135,6693.549498857762,6634.589730564769,7653.2562784454285,9482.67151622357,4666.096826878065,2011.9070903601419,2119.1694507495768,2131.4975168203637,2000.8701808919718,2112.0975460042705,4908.594064179356,3067.4544963596936,1301.204542445083,1251.0396489397017,658.6327229631366,384.47450059799655,466.176249564951,33853.81969664248,36715.70222742609,38970.49494399072,35828.765623925974,55339.804658225075,58258.85707497015,1310.5122323054788,1300.108260187008,1307.8576918692227,1108.6194369024436,1237.5995225876036,1291.0239831074455,631.4544103777134,48483.011972809254,51785.576160343284,52851.165871802245,2690.5487804458667,-0.0,6948.114648317827,39580.99734894636,35717.156282189884,36132.42955062246,59631.87762202539,65448.019906829555,67206.06680324889,56477.13010139833,2654.6837553719747,2343.575583650985,4905.918441509462,-0.0,19596.055023719193,22820.19668368884,-0.0,479.0032710499152,997.5948153074787,1567.193834739278,1435.8449055286942,1668.1690511413394,1478.385540432463,1707.4910417295387,1385.7296286056135,40586.23410691923,39343.50233331215,38638.169960016276,36423.33853263055,1061.544924075193,1213.6833009089132,-0.0,-0.0,17288.124824179242,39155.78987029462,37664.82288461329,35165.71085767031,33937.54253236352,-0.0,49060.3754689694,52720.945465783894,1075.265860002587,2119.2844808758086,2327.9142526928717,2482.9400768011283,2233.4382448994565,2198.351361300141,53563.959747978945,50523.11051940686,-0.0,-0.0,16840.283570123625,881.2561112586327,1062.194046855491,39948.19066531676,37787.42907008515,34036.307554920524,36062.33229559852,34367.30775200696,36531.81037093252,-0.0,15964.116330427514,10150.015766302917,-0.0,-0.0,1267.6643572487471,1392.5988065247088,442.7222388076497,396.1952314305419,324.36512183067185,326.10738675076675,-0.0,1160.493101794641,1106.4203133730505,1063.7694785402077,1212.712772014219,-0.0,1476.0575953370294,1539.2254837485555,1948.411356407551,2083.1178906503646,2082.297966166473,2039.6858652894605,758.7385019738249,924.8665318163137,846.2265454338976,1269.8217608606026,895.4192792630628,803.9976422075538,858.4951692974946,866.5602666704706,8181.331608436053,9288.196603469218,41.8877308620464,72.90861764091414,3412.536117566271,16060.913557400458,1024.6200197055437,983.8254604433874,-0.0,-0.0,6414.809527709422,6501.306171031075,6377.259386672993,6309.997976090017,1343.8039069055146,1453.076684892642,38351.82456407831,39049.46378039095,8495.624563427671,7429.640678143614,-0.0,53137.048754135096,2166.6711107750075,2036.6705962669637,1109.4993388211844,55210.037657183,58976.75068519023,57067.12748976918,52627.228620280956,431.84424924012177,59369.604226322095,55873.95968846573,-0.0,-0.0,19350.162761681888,-0.0,699.0163992333619,712.561233917328,633.255238738304,1690.133220589007,9454.178828773884,22266.777208905947,1438.8241705864577,1553.915440501844,51.91415083693857,679.6133375479086,680.1398496524356,15102.680099642552,1526.993973898728,-0.0,-0.0,-0.0,1097.2628176856665,-0.0,1169.3777377140134,-0.0,4316.66446431854,1009.3447591188374,1137.4905811647468,1076.9551935878476,682.6202582130294,660.5477255285116,622.7447772575828,1516.3361490150362,1681.6700242626082,1824.7469048525597,1097.6808626924092,123.31335898925762,5019.615502588152,53008.50088130848,57519.46002370949,10373.03147564984,20889.87124540163,15730.70566149166,16438.398526153676,2021.226351152936,1844.0113624709097,1453.4482335785915,1452.6956157527109,793.0154261486259,959.0445206484425,2371.9233972424604,35789.43600564484,38471.56683435418,1362.1680220299743,1393.5248681775627,1348.5185258114775,2314.007611371998,2469.5028871427808,2824.8799508394673,39361.346080923315,35235.333409190105,35001.085080972036,38329.35512358498,-0.0,-0.0,-0.0,2364.6164995746735,2624.496464026698,2281.2604486424316,7043.524317588962,6147.524019190364,6649.02762962013,1812.7684772772957,1910.5885578530542
8,-0.0,-0.0,-603.781887496746,-1920.3081015501468,-451.2393654384175,-533.3207774980232,-52.37079631401934,-992.5131759981925,-677.174702544978,-0.0,-1431.7897419607643,-0.0,-0.0,-2113.7271715131747,-0.0,-571.2129174508018,-426.27419247558674,-0.0,-0.0,-181.55051840289912,-258.75833541188933,-689.6241211218519,-1094.892979510715,-702.7852398547747,-2066.795832540587,-1276.3719811330732,-0.0,-0.0,-2880.1445811217613,-1738.1625233467698,-0.0,-0.0,-0.0,-0.0,-0.0,-0.0,-107.69215118794605,-311.4613999817591,-1670.1493854766952,-1350.2240603058563,-0.0,-0.0,-132.1245909496994,-703.4163716605024,-176.96247637485928,-0.0,725.4144968881,-1643.1089876526369,-402.7449265216502,-0.0,-0.0,-368.62253304369267,-4.5250875094883565,26.857240966472258,-1940.601641681305,-3346.8877149163145,183.2774300772289,-5730.827751372718,-238.88458453059974,-0.0,-1622.1489307324405,-0.0,-651.0078167372294,-2482.539274698939,-531.5247556673345,-629.4796300358058,-40.57256775754323,-2281.5339491593495,-757.373045970497,-532.4710087615929,-3059.851093046025,-0.0,-0.0,-2292.402347559327,-1019.6562116790433,-394.9254418099624,-1904.1002159705986,-0.0,-0.0,-1493.3001292870504,-1608.0766516983986,-472.3673404342051,-3906.8047302111922,-64.04969091484685,-75.36225412889557,-1727.4056548663025,-0.0,-613.3366587338588,-1027.5511498234907,-17.62987965512816,-0.0,-1477.5349290894455,-84.65604439657805,-648.571224904406,-2270.184882869132,-53.10987880982527,-2281.1816032092797,-349.19019867400146,-1448.1996391771204,-2656.2726428945957,-740.3170369237523,709.3693720828392,-560.8152882951952,-0.0,-1670.6243781260353,-2386.8052146451137,-4316.768656777742,-568.7902689131818,-2843.937583638812,-0.0,-1519.2396627019466,-0.0,-0.0,-511.94435087354765,-0.0,-0.0,-535.6831667640671,-80.34886194280462,-1673.1580066944111,-846.158884122115,-1027.8103216546779,249.60630412854604,-452.9181813237129,-363.10414658911907,-414.17034313550323,-15.429906103579452,-450.7937656196977,-528.3745613095622,-790.3982421699324,-0.0,-5185.0049278246215,109.76719870056218,-97.84594115413006,-4547.831803072452,-0.0,-1029.0119073328444,89.1748098217866,-0.0,-656.5744350265194,-0.0,-0.0,-525.6755467809646,-0.0,-346.09002142949316,-974.2907515227737,-0.0,-1082.249293154778,-279.3620377160831,-721.0745219788283,-2229.6787090030675,-0.0,-1740.8139826216495,-1042.6810112346307,-0.0,-0.0,-0.0,58.87168579011193,758.8380180728806,-0.0,-1585.804466739634,-1886.2015364473577,4.540582044978819,-0.0,-0.0,-492.31746814396763,-360.00893882214257,-384.39448803988313,-0.0,-392.44672902079435,-3201.794042818513,-1174.3881719594192,-0.0,-1268.2834602929172,-2347.2580202925446,-0.0,-0.0,-0.0,-0.0,-0.0,-0.0,-565.1484967511232,-694.0264059418336,-275.9568852676167,-178.02760089476655,-1083.172893975865,-16.518102259273444,-0.0,-0.0,-676.0216124019669,-0.0,-653.9197122473472,-204.446216684007,13.812238435480902,197.91547009524328,-0.0,-0.0,-1067.5921451105253,-412.6362719638942,-523.2055031115656,-0.0,-2805.593646398075,-2212.9121663060264,-936.3535747187227,-0.0,-0.0,-2237.043138748914,-1332.6445994791275,-721.2294191418488,-26.585307508718056,-1620.8843950664918,-1308.4604671026805,-0.0,-0.0,-1899.3427240468318,-0.0,-942.8537396477782,-1104.3266371975396,23.78503990162886,-525.0712526710147,-582.5055033534368,-346.5150729284942,-0.0,-1800.7192399079938,-0.0,-3032.598936025704,-2572.2790439587025,-202.77891018439703,-507.7244942045328,-484.1001176250851,-0.0,-304.95928633037596,-218.36849427517745,-0.0,-1056.0491346651493,-595.3312172872777,-1017.1600633032443,-1813.4715918047414,-997.7834631068129,-2169.10531741576,-1791.204297071187,-2418.5586582035967,-2394.105889274332,-1125.5019311072233,-2216.8997969940206,-575.7165932285661,-440.7808906292273,-0.0,-1367.9919563584608,-899.2655079057545,-1101.3728996253494,-474.82690191436546,-417.1166051830803,-2272.3619345737084,-684.3458394076592,-462.0046128729512,763.934503870649,-0.0,1154.6772182379448,-1496.2468152448437,-0.0,-0.0,-0.0,-0.0,-0.0,-0.0,-1366.1395027835247,-2992.026998049961,-515.7634436705537,-989.8569975594794,-0.0,-0.0,-1977.5631633640903,-1377.7246179731153,-2053.6442211116196,-0.0,-0.0,-69.83843634635981,79.58015800518066,-481.7045069127016,-2063.9286314142346,-492.95488201872695,-0.0,-442.35099739606545,-750.6000309753598,-13.216327741452677,-1282.893568617301,-1167.4089460233645,-1565.904077529215,-1152.372981320632,-153.5150522343736,-655.2578497604843,-0.0,-1700.3310030438013,-0.0,-986.0263788775825,-128.741234199011,-41.79042860637945,-560.0212895815977,-0.0,-2439.1369494561363,-128.30433950217216,-652.8163319817852,-1613.9967729959328,-1413.8830967256756,6.54123375572314,-542.1080064167447,-826.4378342297258,-25.351805663854265,-305.0232983025036,-468.16179757107335,-65.23451485315422,602.6942190638256,-1307.6818601135305,-0.0,-969.8394094465522,-1276.8469241032515,-0.0,-583.9337196364241,-0.0,-1605.0024875970255,-0.0,-0.0,-0.0,-1210.5347165806768,-868.6469516675523,-419.6266553705723,-0.0,-1461.3889104479438,-3217.3332101579977,-3739.5175748224183,-0.0,-372.7790296589825,-0.0,-292.3540014583207,-372.2517392197258,286.04777293507965,-579.6817796409455,-0.0,-586.8100624746291,-981.2430644871687,-285.4098040663816,-532.1143318845603,-0.0,-472.37614122011144,-1214.0198637647063,-562.1395114876447,64.54389334428144,-2517.613528853592,-0.0,-0.0,-1121.7016625228953,-496.2224983315775,-1246.7767028995816,-73.15760016741642,-135.38841847272784,-238.13008210339908,-646.0123449199889,-978.5004986531397,-1476.1539628758421,-2422.263845024094,-0.0,-0.0,-373.55528291481033,5045.830695196389,-0.0,-0.0,-0.0,-0.0,-0.0,-2589.1195633582124,-518.5402138231858,-0.0,-1108.4731461293507,-1109.798716220362,-628.3871527883241,-2278.1941458501574,-185.93264719531575,-1253.0348270828251,-0.0,-0.0,-2152.7875533259726,-654.9851874430053,-1901.0662051854865,-707.8319817304413,-615.6633517692992,-1733.0140220859282,-264.28931489413134,-1896.7906797810178,-1100.6623029108657,-117.99579432273559,-881.3907623146437,-1284.0696282051003,-220.56614331999015,-231.71633930226778,-1917.7397825561966,-0.0,-509.8899601472536,-280.1872216109571,-153.2269161068817,-795.1308549557422,-228.81465454003376,-948.0380678184945,-783.8226495868865,-1307.5670138248752,-314.1902528864838,-2674.488805996079,-23.903237621377755,-635.8466543960423,-0.0,-913.5971701136986,-678.5935695597753,-1002.447680535295,-1133.8654799499882,13.484754592013202,-381.3685485565138,-836.4094523750585,-836.1884733235877,-372.7435517175122,-1081.0429256914422,185.45660717217666,-0.0,-0.0,-0.0,-0.0,-0.0,-0.0,4.678925018581415,-315.4630053608213,-2487.3241921846434,-4503.08100302237,-505.3940081359522,-1090.7026392550142,-147.4721170571936,-555.5559391525478,-1427.540320942115,-1172.3479299729552,-83.33520484714225,-466.6462212838059,-503.3996538334645,-0.0,-136.2199181818429,-1082.2787666284225,-671.1802638926902,-0.0,-1380.442830960945,-0.0,670.1938550645241,-0.0,-0.0,-0.0,-27.903203316115714,-0.0,-0.0,-1018.1565982131791,-441.87075999166024,-1165.9049311076133,-0.0,-0.0,-0.0,-925.3725106820649,-584.4684832937259,-1422.1131557984465,-0.0,338.4222844202832,-0.0,-0.0,-3065.39762327594,-1425.1597668757001,-13.148070760285991,-0.0,48.93352973576345,-19125.575336517875,-18394.641078709912,-2638.1305213132578,-0.0,-0.0,-0.0,-0.0,-317.1094167985246,-0.0,-0.0,-718.4876257123555,-2554.0624138195094,-2220.441774870204,-1546.4362216113386,-422.8696645879659,-1871.4099380853559,-46.85312352023528,-1651.361701350186,1008.7247272897386,-0.0,-865.3582030539841,153.2905492918282,-0.0,-0.0,-0.0,-0.0,-115.66765437481813,-0.0,-0.0,-0.0,-806.559010756859,-1637.8772803707675,-0.0,-0.0,-637.8888070316789,-2145.526232890913,-0.0,-1460.4715867939292,-1786.7437928349866,-1866.0031365669217,-0.0,-0.0,-247.34301875912055,-78.31282612938934,-1122.7211589820558,-1549.3429900509009,-520.3143314138011,-1456.6561434235743,-1264.6321363140305,-0.0,-0.0,-0.0,-0.0,-398.24422830866155,-94.2533951920793,-0.0,-0.0,-194.77631095550942,260.1773037326125,-0.0,-1214.8473227681218,-1144.374288878784,-1135.9250012922016,-0.0,-0.0,-852.725450548899,-1342.4077179157991,-777.8128518098345,-427.5486361127694,-0.0,-2390.028670898639,-2415.9610125639465,-0.0,-0.0,-0.0,-0.0,-0.0,-1459.1470164163322,-0.0,-2168.152189153283,-1177.9600429690765,-81.7700693617007,-0.0,-0.0,-0.0,-2717.5963797672944,-1585.7528799583768,-583.9925296710878,-547.2506002993775,-1103.1273081617258,-828.8685401132154,-0.0,-0.0,-545.0477697543755,-1343.6944746628876,4.491630788676645,-591.4289344291777,-0.0,-1071.4389575391306,-839.4305962454029,-1648.611993121619,-0.0,-261.0061017116988,-251.18213169747887,-324.37574137963,-1503.9688829490851,-105.54712382087455,-0.0,-0.0,-0.0,-0.0,142.6702805082843,-162.08805824637523,-811.7253880374842,-1514.9931502677664,-1300.7767427030112,-570.1916162465501,-591.7806096832402,-9264.863979677892,-998.8241290349149,-579.9686066947987,-0.0,-0.0,-0.0,-350.4782520191064,-390.70588241050683,-1179.0668699400999,-345.01102108376426,-0.0,32.83130171290176,-0.0,-0.0,-0.0,-0.0,-0.0,-0.0,-0.0,-96.11819667525755,1738.2416613568275,-0.0,-1422.3132836517814,-605.0044868600484,-438.1997406421514,-1915.0636335290487,-0.0,-0.0,-619.8915548940643,-747.9036038613535,-122.74438133654301,-139.66749579252334,-0.0,-654.3077479466868,-184.19366948149204,-2006.7862388830972,-394.1371314522816,-515.2437340881614,-0.0,-0.0,-1363.0283833827555,-2407.929952500388,3.9105035434023367,-570.5150150031559,-429.3369529246528,-1075.2250946928284,-1378.0564392447372,-802.6313753349558,-314.29842108671056,-177.0385942517555,-1500.6320600859467,6924.649643572373,-0.0,-595.1884955027364,-638.6925891963338,-1206.0056941567814,-1189.7863289023403,-1146.8180457198255,-1904.201751715151,-1825.511506377481,-610.7452406961065,-0.0,-0.0,-1798.07122604086,-0.0,-0.0,-414.67678970930217,-1866.7584274550466,-1542.0964748696238,-270.74847807439005,-125.3348816875254,-1968.7035360419843,-0.0,-1425.9457683581343,-0.0,-0.0,-0.0,-0.0,-0.0,-0.0,-451.91281048268024,-1543.207498181691,-1048.2351350275178,-81.39687558342264,-249.19606603668572,-534.151007134553,-193.5728705258687,-0.0,-0.0,-507.08641037014775,-635.1308259343017,-3802.8905766136027,-0.0,-1288.780314070636,310.25487078377245,111.20247074904601,-0.0,100.75950069334566,-165.01141918425853,-101.28667164096663,-524.2419094561527,-0.0,-1662.7706817533265,-0.0,-0.0,-1465.5686182195277,-0.0,2322.5161897669823,2268.3335183926397,2248.5736173107507,-0.0,-0.0,-1914.2790754717694,-0.0,-0.0,-310.9937865540389,-913.1808169725339,-842.8464407294795,-1108.053607476859,-1079.264684345649,-0.0,-0.0,-0.0,-16.190721487607544,-769.7359364738546,51.28287115284471,-75.20765400183917,-1179.866737393683,-979.0473523828229,-404.5274787000451,-1465.020788222344,-0.0,-1906.5466670737687,-1210.6900904535453,-1685.0229241660916,-523.1229788930642,-539.5466623263799,-0.0,-1443.2595794684084,-873.3337662497088,-932.9281091021202,-2123.617615523783,-539.7822790982166,1233.7755794521902,-4.401949063077718,-401.88023367018997,-1273.1246210153765,-0.0,-1652.8747366620953,-3410.9962243301243,-495.8303808616161,-550.2227871939033,-0.0,-0.0,-0.0,416.86392115655593,-405.37211301535035,-510.2695779648855,-182.68703300520323,-547.632061996928,-443.14801726897235,-0.0,-440.9209694318891,-1055.1850680030575,-784.5512893844706,-0.0,-2061.6126294621777,-4220.248126615314,-0.0,-0.0,656.9913752807178,688.7791085158358,-0.0,-0.0,-750.8181277168259,-848.1128398290944,-412.7640361721116,-694.1081889203152,-0.0,-0.0,-0.0,-0.0,-0.0,-3029.9504668600375,-420.2446630636313,-1784.7669876497205,-1087.8770819294523,-0.0,-314.2579146390761,-859.6696464686579,-0.0,-348.8869564271025,-836.587443819016,-1124.1227110901236,-4836.110653138568,-43.29995812083959,-0.0,-0.0,235.79721294514002,891.9864329569725,-0.0,-0.0,-421.0854869955991,-0.0,-33.96034650262194,-0.0,-2680.309279237031,-0.0,-441.8247907838905,-0.0,-0.0,2040.9576093969195,2321.71569711328,1898.754679622533,-0.0,-0.0,-463.09694085830824,675.9500426808357,-2451.500258121482,9.347101656407348,107.72952310108755,-2691.578362895337,-57.159022520615835,-155.59422710129672,-678.0547819312285,974.6369623035081,3405.76512210499,-2955.7768935144572,-0.0,-0.0,-977.8838735380766,-1635.4768762779215,-1450.2399133827503,-269.3101154962868,-74.6560684894649,-0.0,-0.0,-0.0,-0.0,-2206.2004149385602,266.95996158720084,-0.0,-12.468887104056066,-0.0,-1742.0843970155156,-1902.1933952242503,140.9704270156782,-0.0,-0.0,-310.5257861431096,-0.0,-1789.4973165258507,-80.60129522974951,-1123.0649664802177,-398.34373451604665,-1288.9775241300404,-696.7482078269312,-1043.6794710946008,-669.4395061082192,-0.0,-0.0,-0.0,96.7415256216809,-0.0,-0.0,-298.1943019406815,-461.2739225038873,-715.0767208574811,-0.0,-1451.4105320960718,-1118.903341249418,-862.3495314169535,79.34824856809841,-414.6196256771359,144.56054008277002,-336.60604762599047,-0.0,-0.0,-8.819807563405185,-1907.2701557905427,-652.9340936664706,-1019.0605784265194,-151.4388797663611,-2083.02759142727,-1904.9866117896252,-1115.6440365471144,-1152.0338154315564,-112.17931070492092,-616.1878242329037,-725.4633766562781,-1129.7499095110945,-2677.525948897241,-0.0,-1813.4727453706917,-156.8278289681255,-0.0,-2318.075092229727,-3044.0004546996142,-2313.061063217671,-272.0386703942884,-0.0,-1549.9268632463284,-206.02521807098577,-1269.4578519460867,-723.7767270356302,339.6381842619089,-1892.7083926941045,252.35204611891103,2222.1039397908216,-0.0,-227.9620673779733,-492.5667061610151,-912.0290277784794,-1281.0391315371362,-1783.2571831149253,-4518.824174174129,-0.0,-422.3878132853781,-1381.467454381824,-721.4429029738036,-255.84735742268987,-29.047362569584187,-339.44995000948103,-0.0,-0.0,-0.0,-0.0,-260.7984736045916,-1280.6810319213278,-924.0195788004471,-55.12839546400774,-17.780552164781863,93.87868281149298,-0.0,-0.0,-1155.044860844075,-537.9137351861121,-0.0,-2340.965542387986,-30.168879715584946,-1350.4902722402635,-0.0,-235.30106502398976,-193.84730516728266,-0.0,-0.0,-525.6604139237676,-0.0,-0.0,-5414.153778614064,-207.38395025680552,-2241.074068657421,-9.315708153807751,-0.0,-139.71306170676033,-1319.4668683559255,-679.9614166584896,-320.61093459352116,-1487.8739201270778,-0.0,-386.68673285115995,39.22478278954172,-595.3883552725836,-0.0,-0.0,-41.74301067584633,-70.0569445013165,12.55789905810555,-415.870014842819,-1453.9650812968582,-1681.1580172020765,-0.0,-0.0,-0.0,-8.130552180581825,-322.4480090691467,-0.0,-1478.2121366561466,-2707.790387717687,-0.0,-0.0,-24.511636684925623,-1600.5753060037814,126.45770720281075,-0.0,-0.0,-0.0,-0.0,-573.6814011835573,-2367.85578926704,-634.4847894836629,-1280.1761207262523,-0.0,-0.0,-694.2354968920166,-517.4043272495633,-402.2187836836119,39.7997216074735,-0.0,-0.0,-0.0,-849.5320367032032,-744.6409794543558,-520.4468933522061,-370.2009605493497,-0.0,-0.0,-0.0,-0.0,-2249.227129174418,-83.96862910294989,-78.98046579513247,-0.0,-0.0,-707.1199784586121,-453.25033588570767,-0.0,-2008.3196225009285,-5322.526151408461,168.05022688226452,-1112.251817284635,-0.0,-0.0,81.30187999700776,-669.3963570361227,-1795.8504470594332,-517.4906208484724,-2593.86521920366,-1178.6535018066954,-851.4014148319662,-1543.53445883978,-0.0,-0.0,-0.0,-40.2620901359912,-1162.7657410496688,-0.0,-0.0,-3498.974934101472,-85.36486167981487,-1475.1547109659205,-782.7013279801768,-0.0,-0.0,-0.0,-0.0,-0.0,-0.0,-750.5906028493511,-0.0,-1686.8318194179603,-0.0,233.4392525034291,-1169.0372100426669,-0.0,-0.0,-0.0,-2698.9993006144155,-0.0,-0.0,-417.87108959270864,-0.0,-0.0,-1019.0733387421965,-656.7843442180807,-0.0,-0.0,-211.79359524143413,-2081.614668194624,-0.0,-1348.7447506176916,-488.5474440039816,1252.7343547817015,-240.57624515685376,-0.0,-518.5980756353694,-193.06490554077317,-0.0,-20.199059958254242,-0.0,-329.95954610690933,-0.0,-0.0,-0.0,-0.0,489.8906875164289,465.89790693094363,-897.1355616780565,-1870.8687954469028,-0.0,84.2344559742929,73.48277805404946,-81.77238657930283,-875.3327076769239,36.966902290731056,-510.77815919032685,-395.7704020460847,-251.16268462637922,-3605.3093881610534,-0.0,-249.736050289616,-1611.3520562139875,-2412.5332379408874,-0.0,-1077.3404717563317,-1497.7941734792182,-2151.5156792286457,-784.4132356651551,-0.0,-930.4225173171399,-768.3985746472011,-831.3285666636918,-1547.135263777859,-1031.4605677573395,-0.0,-134.42599841809104,-1306.3384588723043,-0.0,755.3659821169689,-547.4454947981404,1107.3133437378062,-0.0,-0.0,-17.539942705748103,-628.0371557621453,-2534.3667643892045,-1059.3750634754756,-0.0,-874.996511312979,-3163.997137515862,-1013.6828240672729,-912.3417434658235,-1201.7743110180759,-503.32121910185765,-37.13567264512566,-0.0,-0.0,-0.0,-1140.7264080891043,-4.489235444893692,-0.0,-0.0,-2008.6593840327334,-860.6005012389086,-553.7691546380474,-1724.7900100942436,-167.08291162500188,-34.402247273955226,-2403.3278539487656,-818.5085650664779,-566.1675402331587,-1354.0567870985533,-0.0,-2671.3711225061725,-415.02028732571205,-1177.1012950405839,-1563.055996378033,-373.29439314527997,-546.6780039129685,-1540.0280470171372,-437.12333402226545,-0.0,-0.0,-0.0,-1406.2957390521076,-0.0,-4026.660973103509,-1202.4871094044981,-1456.8011862726537,-0.0,-0.0,-0.0,-0.0,-0.0,-134.03720449202973,-0.0,-273.27254328740514,-994.3174975711971,-375.51512240307625,-0.0,-0.0,7.766021933026956,-0.0,-0.0,29.34971387332488,-269.3606372775403,-0.0,-517.8567767885942,-0.0,-0.0,-83.29760539872834,-0.0,-3034.2191917281357,-2354.6356976583697,23.137642682790243,-6803.090491533847,-1024.785191497471,-667.0056686402909,-0.0,-837.670340452685,-1353.9076782449913,-0.0,-0.0,-0.0,22.073532456786474,-0.0,-1165.3712603823471,-0.0,-1642.395227603134,-0.0,-0.0,-2389.472056505749,-1118.8850782900022,-902.2831374424916,-0.0,-0.0,-0.0,-0.0,-292.01587306428723,-703.7868232891923,1425.120836047532,912.9844292645764,-854.7541993477057,23.893631330712378,-0.0,-352.1040754189924,-271.7432985357725,-2019.757894356159,-431.49384781832106,-127.91093417377324,-1115.6728896194948,-1376.444280194949,-1048.7401881081994,-630.4978681994477,-0.0,-0.0,-0.0,-4.568961354219542,-0.0,-1581.6276854916214,-618.5507048875751,-0.0,-2041.4127756068785,-1284.7118380048669,-0.0,-0.0,-0.0,-0.0,-0.0,-1010.9786113839073,-0.0,-322.73396602673506,-1547.7414386330054,-0.0,-1231.4375155036466,-0.0,-0.0,-0.0,-2483.498508839421,-1153.088292447187,-1002.490790907628,-2568.3608697188597,-0.0,-0.0,-0.0,-97.54930550360605,-500.18370578509496,-28.67471943741163,-629.2509614016433,-145.66057702936982,-0.0,-0.0,-346.4846803233553,-1467.6985573865313,-4117.034990843642,-0.0,-510.4131884219956,-1386.0263626384528,-463.1642297590463,-486.3838093894637,-0.0,-0.0,-3.855633681900208,-2195.998911225833,-2107.2073551801454,-40.12792114149686,-1658.3477499704754,-420.7720972190966,-859.8637669692802,9.344528786416697,-1098.2454799469822,-0.0,-2193.190364359903,-0.0,-478.43975730105063,-0.0,91.7872576643243,-0.0,-0.0,-616.616074220588,-768.7795165339738,13.770424939659291,-0.0,598.8896284304642,-0.0,-0.0,-1519.4058989717087,-1344.654475529502,-1162.2240059308604,-0.0,-399.19574148337216,-665.5296310540385,-1517.9018527662136,-0.0,-0.0,119.31750127646542,-688.0396133879271,-0.0,-0.0,-18.101377801778415,-0.0,-4.418094570515739,-635.182199507935,-0.0,-0.0,-1381.5835750220472,-1415.2433635937155,-85.27843602251397,-7.770077734977127,-130.83755303429953,-819.116350555537,-1145.531874440788,-1747.2419884457659,-0.0,-962.1335513338004,-16.16161962882492,-43.76947073669557,-1379.7601862348354,-0.0,-0.0,-0.0,-0.0,-663.8807190607113,-4.599218529024522,-9.21395674112188,-0.0,-0.0,-516.2779235939294,-0.0,-0.0,910.3630870267262,-1187.4141965779077,-42.75953960064425,-2005.2357754484221,-0.0,-0.0,-538.5446606031924,-0.0,-315.4884081506958,-1047.117771104186,-878.327827447983,-1055.524719594542,-0.0,-0.0,340.88067623590587,-0.0,922.1394708305274,996.5935106426856,-212.15696531667683,-863.2991087889869,-0.0,-0.0,-39.305583209208834,220.0536402106722,-997.5915066400839,-454.8517869889528,-1325.983956732416,-2637.215434667311,-2218.1465025682287,27.837510845793012,-0.0,-324.99494875898586,-5669.372225451139,-605.2947405028392,-509.6954027411561,-0.0,-0.0,-641.4934625328376,-0.0,-807.0076035671351,-1493.8461323842462,-773.4064865767176,-0.0,-0.0,-66.85012915173195,-0.0,-208.81848550570837,-1438.570703045413,40.20755867329361,-634.8019470290125,-350.20203574627715,-244.09314581058848,-791.3980207288621,-2551.654509004406,-19.838741958650935,-1209.3759782684185,95.15652888114184,-1033.6931280905924,-318.48217419991,-0.0,-0.0,-144.0561326151728,-0.0,-0.0,-1944.702358180754,-610.3362521505994,-0.0,-807.0899954662968,-512.8343533126423,-0.0,-0.0,-1503.391214050936,-990.4418449819885,-1521.7502318945162,-1428.5599109604339,-0.0,-151.56718671726907,-3258.739759434881,-907.1175567671096,-420.1366348106802,1923.9373552844697,-1531.2519754876696,-1223.7125513686435,-12.446671496850994,-951.6284908388321,-17.425316546551972,-1685.7278012243237,-0.0,-3552.9407560543777,-616.9574738406269,-0.0,-1534.5520205532741,-1709.7766707866601,-0.0,-192.0541534941409,-908.0560808851823,-1108.8132417538536,-1433.3261876625209,-745.3348928425291,-505.61088718072557,-626.6765055067067,-0.0,-286.12735643152865,-0.0,-2487.472459781915,32.05751715684235,-3377.7197701156138,-810.1684849335027,-0.0,-0.0,-1250.336296091082,-899.8892117582086,-0.0,-472.9656713705426,-0.0,-0.0,-806.6817346342724,-0.0,-0.0,-0.0,-0.0,-0.0,-0.0,-0.0,-763.9679470319262,-501.3792768106568,-2989.2341771328643,-2595.914982002311,-0.0,-0.0,-1246.4005258418858,-2000.4266322660014,-483.16742266989496,-208.14529051103386,42.63869864402241,-0.0,-1596.623839813508,-0.0,-2730.9602638539186,-0.0,-0.0,-0.0,-0.0,-1643.0507051069649,-215.99217970840996,-359.00709585217356,-1215.9996250063525,-1224.0342330018896,-698.7282572343514,18.709979543873416,-1190.7229261832056,-0.0,-0.0,-0.0,-0.0,-614.453082501309,-495.38284981337296,-1383.4681442024105,-0.0,-1108.0337989308737,-6517.071875809346,-622.2676024731841,-733.3236270969154,-3207.4860025741345,-736.1275779701272,-0.0,-465.8419398000606,-438.1788033882688,-1172.1118223341152,-613.1040261104175,-1557.5778855139527,-1458.2702549047694,-0.0,-0.0,-0.0,-0.0,-1591.2713212845676,8416.333215498345,7274.7511843966395,-0.0,-0.0,-0.0,-0.0,-2091.4993878611353,-953.0473073292602,-92.91882298697823,-1427.4240914821453,-843.7961267148498,-0.0,-0.0,-0.0,-0.0,-654.6756053709508,-0.0,-1877.07278748481,-231.35952425948278,-0.0,-0.0,-0.0,-0.0,-212.86552439145967,-445.0458710549486,-474.44179528327095,-857.8779975268774,-935.4460584633308,-1232.8505837423436,-923.534731080463,-355.32260133848143,-1180.3679032051732,-1533.3985396000537,-1206.8969543724756,-1795.0366338175963,-202.343008490064,-1313.509760220991,-1136.2433298722146,-931.7797611029293,-1676.425423701201,-575.9960770396813,-2233.7115978374645,-1646.5068763957768,-1475.7641808742167,-627.1902069828377,-663.2995629179595,-1121.8310845074705,-0.0,-1083.3518209377744,-0.0,-3003.9954134140717,-692.1110085161197,-246.22646490264788,-1796.3076403770463,-1462.0965125183427,-1218.53504836939,-0.0,-0.0,-0.0,-0.0,-813.678621763528,-3804.334616461412,-1408.358855895335,-0.0,-0.0,-1111.058142133051,-0.0,-0.0,-1039.8283716108826,-400.0353193848882,-1086.3220109061106,-834.8885658652381,-956.4990465557958,-696.6235768050376,-1972.1872586507427,-0.0,1263.2429790888975,-0.0,-0.0,-1044.3514555856948,-5774.280255589146,-0.0,1728.984157857664,326.68521861074214,-932.14487284572,-0.0,-0.0,-1540.3532055091666,-1058.3736698373796,-2332.4370964219697,-2052.4413182822236,-393.45717498334386,-0.0,-477.8636119065317,-188.88797843382693,-0.0,-935.2181724253818,-0.0,-1677.969240665263,-2370.2916108560676,60.375213920763166,-2296.9072952908823,-2019.1383378669377,-0.0,-497.8683600524437,-1595.7107221605122,-2225.065953859843,192.03145973527245,-425.1012308401248,-2557.282756664364,-930.3753215142665,-808.1359935934285,-909.8138301658223,-444.4625792747901,-1040.9417871746032,-1522.6802946101604,-0.0,-964.1340652364099,117.54388291408388,-1393.4754822853997,-0.0,-489.65439506894364,173.0273051707082,-889.1799543385689,-791.3029087304367,-0.0,-560.9963096348014,-361.4798999176449,-1841.2951833736217,-1116.3056176124865,-1463.552620693127,-879.6215949055995,-838.2849188208597,-1028.6628202410686,-2007.7580679085113,-70.93697534246436,-0.0,-547.5327192480805,-655.0021272425428,-1462.7115434578739,-2117.1653166841993,-330.50612305217135,-784.045611546849,59.452236875394156,-912.5375351558542,-542.4509589411018,-986.6224179927,-0.0,-973.1283577665894,8.071889371603865,-2234.6075897774717,-0.0,-289.62823351325096,-532.4851726798977,-791.8750303318438,-2288.2785199665186,-158.90134008469417,-1457.2714955141344,-733.1854559273892,-2598.515406922025,-0.0,353.3921739647199,-0.0,-0.0,-225.04844351130168,-0.0,-0.0,-3661.8486463640916,62.46977269755692,-45.514734969207765,131.83397170572388,-1097.6318916688738,-0.0,-0.0,-0.0,-0.0,-0.0,-28.311349298957403,-0.0,-798.0020865198079,-0.0,-369.03936128695614,-1797.2333035453132,548.9007762982712,-3297.2679090837023,-0.0,-0.0,-0.0,-0.0,-0.0,-0.0,-0.0,-0.0,-0.0,-2418.314049011145,-0.0,-2646.0822942170294,-3270.4912018345,-0.0,-0.0,-0.0,-0.0,-0.0,-758.666081048094,-988.7009178395049,-0.0,179.8717790285871,-649.950326635077,-2262.566400586381,-604.519554634852,-0.0,-611.4421886336163,-838.7788831176438,-0.0,-0.0,-595.973959424727,-909.9159803863433,671.251897142464,-467.10727109352035,4.418693589865791,4.437090007883649,-0.0,-0.0,-0.0,1460.9317268521654,1725.6478463834658,1438.7289060325138,-0.0,-0.0,-0.0,-683.3816571530343,-0.0,-0.0,-996.5677643183366,-90.32714194146253,-474.45334924499855,-59.658997570126765,-992.9930560300722,-915.2115238835655,-1282.6851168306664,-590.5497228562688,-151.52585645958766,-1101.859852570374,-0.0,-2041.9790440414088,-78.88322321631043,-594.4979874596357,-885.8071906453222,-77.59007492107935,-0.0,-1151.49567099543,74.635266463456,-0.0,-0.0,-0.0,-0.0,-0.0,-1460.6040023976134,-2915.5693206750443,-0.0,-800.6767665921836,-8.312439972783467,-0.0,-0.0,-0.0,-545.7821255123581,7.816111365080704,-0.0,-1146.5321007161076,-791.4081998531074,-0.0,-0.0,-547.9628741243473,-0.0,-0.0,-1700.6127421637652,-1417.476607376323,-0.0,-804.4450659309223,-2212.8900699812775,-100.29908124499656,-0.0,-0.0,-190.88924527360916,-795.876500808045,-296.74215213185875,-315.2256540682999,-221.0874664702861,-0.0,-0.0,-0.0,-1175.0049561135854,-893.7063641579548,-2097.7293564141864,-125.19510540677832,-1274.6932153055973,-43.04507468433733,-388.1766449055462,-512.0800959029044,-2043.8097626004794,-0.0,-0.0,-847.3766830363605,-1838.131786573939,-0.0,-0.0,-0.0,-572.8169057959705,-2394.76932994779,-3455.3938206265025,-0.0,-258.05688573372635,-94.68383899860716,-667.8007570495246,-579.5829701983301,-1656.0378947323584,-0.0,-1441.2806395957562,38.478497615735314,-7.868177612741547,466.26221386461225,-0.0,89.15485691707723,-326.50859512126095,-417.64424128656884,-55.03960505776083,-0.0,-0.0,-417.8532444003534,13.694010461193711,-0.0,-1583.5018630602995,-981.1390263196221,-965.5340929503614,-754.6770277960355,-1154.890486204999,-1543.2433533182607,-0.0,-0.0,-0.0,-0.0,-0.0,-374.8533233466093,-537.38989822598,-1182.6324259474259,-1428.5803772813533,811.3141223870166,-1493.2419997218628,1461.8680705539107,-0.0,-2285.591981624462,-1524.6682153612576,-705.0734555711521,-19.897728058780636,-192.82484842252623,-2085.5793702057153,-390.3875210486609,-0.0,137.98763290110716,-787.0564437670151,-0.0,-0.0,-540.0246868044198,-372.44172764720844,-399.69680408941815,-1201.778924523163,-1434.3848812102715,-0.0,-1656.1043225851538,-1335.3823166653235,-5090.001102252521,755.1524154471383,664.3903451351308,755.2498156224303,668.9344461398595,-0.0,-0.0,-0.0,-0.0,-0.0,-0.0,-0.0,-0.0,-505.53683068663116,-0.0,-47.44822350697635,-0.0,84.45789939291356,-1100.6058350308144,-1292.5913859446014,-1937.8110330650586,-0.0,-0.0,-0.0,73.52933716768673,-3201.1052775504672,-762.136144610606,-2852.0496116207023,-1656.7540749067089,-0.0,-0.0,-327.70435505660765,-1350.9888962658677,-0.0,-2111.207012031909,-572.5197915810237,-0.0,-0.0,-0.0,-2671.6659437833,-0.0,-0.0,-0.0,-0.0,306.81700239005227,-0.0,-0.0,-0.0,-1049.7771455636648,-0.0,-0.0,-0.0,-0.0,-0.0,-0.0,-0.0,-324.685083680548,-1082.4780625110363,-1509.2419109461953,-1419.8827026718734,-621.3473566500955,-1012.1843278322607,-57.60595725698694,-0.0,-753.9587035164044,-49.140837243944276,-0.0,-0.0,-0.0,-0.0,-704.8720180234843,-0.0,-600.7657697966725,-1297.5804330097062,768.2492321696022,764.44754901102,834.2519705372979,791.3395694136676,765.5823311194058,-0.0,-0.0,-0.0,-0.0,-0.0,-0.0,-388.015358662278,-0.0,1997.5504584226596,1017.4939831019173,1119.468492435583,-0.0,-0.0,-1332.6387822662168,81.55692348745607,-51.61402499897247,-2470.486748827284,-0.0,-1907.7269955099412,-0.0,-13.24824075856602,-0.0,-0.0,-653.9638555340077,-0.0,-736.4457161241863,-540.8864874978341,-373.3649326644624,-0.0,-28.626623578420542,-0.0,-897.6816680715116,-0.0,-2196.13009467768,-504.20229474346456,1847.2315807674104,-1960.504906794538,-884.6079353702211,-85.56514638622791,-837.2315770383575,-0.0,-514.5845406360248,-43.20456973418578,-2731.6805280651934,345.3955337419505,-231.95260711744012,585.8013240855762,1180.8781248190464,-0.0,-316.6901506343038,31.909848179726385,-1050.927428840398,-1194.6658582392258,-1477.9192519278322,-2005.077392275482,-0.0,853.3996554763222,-0.0,-392.4526496564628,-2609.9113777521547,-1263.7922263300434,-0.0,-1270.1874971667787,-315.3016744743379,-670.3649479296472,-691.5389039375195,-271.48291332741,-1624.176451162857,-0.0,-1831.1408175764245,-412.7116935898304,-1597.5097575835107,-357.48994115059446,-0.0,-0.0,-0.0,-0.0,-1418.337203278552,1055.7964146761406,-991.0362097451027,-714.9792206504369,-0.0,-51.69563624960743,-0.0,-0.0,-910.2557585187883,-770.2607922654952,-679.5118167430674,-722.3887634175318,-0.0,-0.0,-0.0,-0.0,201.98486681250583,-0.0,-616.5867774072926,-1976.9969065489197,-1043.6234638752721,13.294765728506155,-1469.5340356621793,-0.0,-0.0,-0.0,-644.0354984564802,-834.9418706652232,-0.0,-1587.2268678278588,-0.0,-3017.056758862091,-3741.87691955582,-0.0,-93.4914920967513,-0.0,-714.1505334745827,-0.0,-0.0,-0.0,-2377.3016117979164,-1136.6851717537556,-531.0363496004392,-851.9521877318924,-0.0,-0.0,-2238.699492448391,-0.0,-554.7113583692051,1091.6139949536175,-1037.3615871192026,-694.1020781143372,-504.75437397109914,162.20825330902562,-0.0,-0.0,-1394.9870592691775,-0.0,-575.5470512844482,-93.16534980468353,-418.70608174129353,-318.2158914387215,-0.0,-0.0,-202.74972213416268,-695.6018956868251,-1026.4904242303908,-555.1602455556672,-1231.6053145647545,-84.15790402059197,-0.0,-133.3330526566467,-1996.9868505551167,-1154.06364709475,-0.0,-0.0,-0.0,-578.303254914308,-621.1896457856997,-1498.0459059931748,-0.0,-0.0,-0.0,-0.0,-0.0,-1525.0248151605506,-674.700785081562,-0.0,-583.6865082901968,-0.0,-17327.25158375315,-773.1879969526378,-271.75287601878574,-455.1573353519668,-0.0,106.4239414605341,-1797.2773982009476,-2656.114447139751,-0.0,-0.0,-0.0,-750.9919707012953,-557.1881454671777,-998.6374163493604,-1040.5111054664965,-536.1797834342507,-0.0,-0.0,-1699.6072736977476,-621.5301476123977,-2509.9322326550846,549.3582941822449,-2078.3978767026683,-0.0,-0.0,1686.6874499663322,-1043.696969128274,-0.0,-193.62683850307616,-346.52190465035335,-632.1620333568835,13.431076448809561,-855.7587883669503,-0.0,-0.0,-1289.0626930223343,-1386.4743851301716,-2600.003166065157,-0.0,-0.0,-2302.9333759805927,-744.475905481047,-779.0854011331722,-2391.3030857375543,-1544.03315182325,-0.0,-0.0,-1103.9031525181385,-0.0,-271.6207226828915,-1622.8828435302585,-1546.899132994236,-0.0,221.22081954457974,-780.4955027084014,499.5966208011484,-189.22944766707695,-363.686239820315,-0.0,-654.7830954781873,113.97065030180268,-199.1042197993329,-376.1802807059896,-2681.075687705861,-2191.4456871052257,-90.71966350148216,-5002.402724236046,-536.5401004392933,-1085.3125385172902,-49.58272079502066,-3882.718937531802,-331.4324039039683,-790.0885972060127,-301.1890202644317,-1821.0527499042769,-1301.4371485000959,-3254.2073643933477,-4455.573776453772,-42.29101709040637,-637.8817997738701,-1600.9968430552422,-1073.9298420814853,-0.0,-4037.565198246147,-0.0,-503.1263490087844,-1506.3582757683212,-1290.968601143584,-0.0,-0.0,-922.3461582671757,-280.40989198802913,-0.0,-1464.2524607567998,-0.0,-771.440798266738,565.0537713469098,-1485.073730890699,-475.3100128389945,-7.9481503691281485,-60.49561526051796,-0.0,-1888.6101697002741,-563.540891915097,-0.0,128.22845551259883,-0.0,107.45091497069794,-135.3229745642944,-0.0,-456.7850133181773,-1291.1461031475917,-448.6490151935863,-821.6959747093248,-2257.8310465499185,-0.0,-3834.0476803133256,-1936.6575900199093,-2544.581070341261,-2334.803231789282,-72.80094237080313,-166.3312133971711,-611.6451297964588,-1238.1771361402905,-0.0,-0.0,-1045.5816564685013,-160.95012273419735,-0.0,-68.95179013547907,123.94285285151518,-2323.6504985665233,-0.0,-0.0,-1172.3093347893616,-0.0,-168.53528535532922,-0.0,-59.532509377993286,-202.34712461298452,-0.0,-339.20390432259825,5549.483883678353,-0.0,-0.0,-1538.9476919931271,-676.1155965246359,-254.8049700407561,-0.0,-0.0,-0.0,-560.2759882958495,-2012.388202804076,-0.0,-0.0,-0.0,-1913.257163834598,-190.65097758732358,-0.0,-0.0,-1698.6100802146598,-708.799907213549,-355.81742785900065,-370.76847092118044,37.056197253566694,-589.3501982707484,-368.80884764267574,-273.1535389618425,-2100.8134843381868,-0.0,-0.0,-987.2364347047773,-852.8943004774874,-2562.342920600622,-0.0,-0.0,-2274.3355508218256,-537.4458283036058,-1433.4292223613775,-500.59443470978954,-690.2355221748543,-2241.35568617111,-704.901533735935,-83.52792777056794,-867.2845813286899,-2291.1497815891057,-1799.559105226341,-1202.9453500468132,-0.0,-512.3811145809221,-0.0,-1676.4794877535617,-392.6640271495273,-205.37126346159775,-588.8602839280413,-885.5365657226073,38.83802857876657,-0.0,-1053.7036415493417,-615.192895733199,-84.89044669099212,1467.7235986231406,-66.5179558761862,-0.0,-596.6486198722043,-403.7303372684951,-0.0,-682.7901990099722,-1490.2618853548952,-0.0,-0.0,-0.0,-0.0,-347.38250312011934,-716.6741971944664,-359.2318913046412,-391.4705562232388,-340.61175055253904,-1840.8408107381235,-730.9659131076987,-1229.9837781207602,-2341.696145413959,-1690.0436064196153,-0.0,1031.8361119602932,865.8534084597727,557.6870557818706,800.7852535197584,649.5054798437056,-0.0,-0.0,-0.0,-0.0,-0.0,-0.0,-0.0,-0.0,-71.15423522238926,-794.7452889979202,-506.29776749347326,-331.6002818647256,-1021.4928515273849,-119.62940982023763,-346.100994048157,-1111.1531976017009,-285.00640161655616,-1726.5155840231337,-797.5633739383567,-109.57377867963095,-452.34764639637075,-8.69009350520263,-0.0,-851.811373484332,-165.73383451876353,-126.44781692253916,-837.2023066409583,-441.0014978625409,-1624.314250249371,-262.8295848636036,-0.0,-0.0,-2211.8152517183385,-428.02859160680475,-276.95045957800164,-501.9607095853939,-873.2704417751659,-460.634937315006,-357.8050767558635,-0.0,-476.48188270970417,-536.7323548119596,-623.6604061484644,408.8486098004223,-1348.969107868336,-1860.9903446454607,-495.3270038606682,-644.8095483235293,-284.4523649350967,-13.156801146556704,-0.0,524.0045215163979,-928.013561934628,-49.34060950132725,-1726.8018986224683,-0.0,-0.0,-1276.621788962812,-474.8289637719181,-0.0,-713.2849185741179,-699.4445851286603,-840.5045145530619,-0.0,-805.1198218572055,-571.6203157688046,-2101.1904000818636,-4197.775611360641,-402.2478608665812,-0.0,-45.33415935475267,-402.90127447901517,-1648.82016763004,-201.82099688730034,-606.8064757487464,-639.593105744163,-734.2593357319498,-187.79618366811832,-0.0,-0.0,-1287.8602311425002,-34.55667661011129,-422.2683558590228,-670.6974791258499,-1430.1469261946784,-2335.884720666605,-0.0,-456.3505048251211,-0.0,-0.0,-0.0,-0.0,-0.0,-51.89488200351425,-159.49265835795464,-394.92596918335533,-0.0,-0.0,-0.0,-0.0,-0.0,-0.0,-960.0824503738467,-2079.8425927016883,-433.28242595875537,-477.74389687168195,-44.057952258342866,-0.0,-0.0,-463.2458077206448,-0.0,-0.0,-67.65548613790516,-2379.444052838371,-0.0,-0.0,-1325.1630141498474,-600.8784975422988,-918.4225370718012,-944.8879750510042,-790.4906593810903,-0.0,-0.0,-1202.5629949804006,-2011.404388972709,-1056.1230458673037,-0.0,-1041.9859507125557,-147.20282282039634,-307.8282711426856,-688.5156109157713,-7.844080307533303,-627.4991163976805,-1830.878078453553,-0.0,-1545.9152977923195,-172.22439313044538,-590.9606547835823,-1336.8953719778435,-133.9892121547103,-1090.3833932681343,-0.0,-1153.5062981457538,-31.431225185742328,-2033.9594386280696,-1998.67967498612,-0.0,-0.0,-0.0,-0.0,-711.1372801444293,-884.3739392572638,-0.0,18.22135336315711,-417.99218991858476,-950.0357022682133,-2105.918187218851,-2430.798124273504,-353.39233445756713,-0.0,-947.5590303358947,-705.7969731603697,-1889.026063823819,162.2099491492952,-0.0,-3035.6209093113166,-823.2978642537381,-0.0,-187.0539346473331,-1552.5861594685932,-0.0,-0.0,-650.9677739248159,-1433.343955124692,-0.0,-1044.6505132431714,-1426.6461646677146,-0.0,-77.0993322623106,-529.3352055224693,-0.0,-1532.4024643897733,-2450.924628539567,-1009.8806117954405,-153.83540819594643,-1908.1146136843195,-77.15883408315057,-1009.3762353076411,-602.3402156847212,190.46717187598267,-1160.9431551508553,-1277.7534062125828,-748.9471882818956,-1279.2589615683655,-433.8849780895327,-540.8586973152699,-646.4144558228946,-2039.4325960964347,-0.0,-0.0,-1738.3463182867808,-307.4985088891502,-0.0,-1555.4887954506798,-1143.5916443359486,-0.0,-2658.417443138864,-480.0391804180099,-0.0,-716.0788388810632,-0.0,-0.0,-1221.3009245924648,-1023.5940619522996,-0.0,-0.0,-0.0,-834.0241153478977,4.023209942667341,17.33253015905235,-308.8365701475628,-0.0,-1873.9981294872189,-1503.8885435858756,-543.5617758036481,-2104.4791552742404,-0.0,-78.30439037357253,-779.3377198288724,-0.0,-379.87136430789843,120.34040506795168,-1241.2154891826121,-977.3229640246832,-734.7317728478228,-1145.8216668548166,-0.0,-0.0,-0.0,-888.35782823406,-0.0,-258.7284034263828,-909.4802339734147,-248.19037053337357,-1320.5968099911831,-2214.559295548701,-564.5759425500964,-2037.0840785853306,-0.0,-815.4250616437106,-1721.7875054938377,-534.280009362508,-1185.37100122952,-274.7245068166259,-596.0957184359326,-1480.4127295556546,-0.0,-0.0,229.28219786427547,-2486.6930924215285,-915.4655368766169,-263.63525054402305,-0.0,-373.7267288034349,-276.92730083694494,-587.0503397830191,-0.0,-0.0,-713.3203303886597,-0.0,-58.436206791855994,137.56812679292415,-87.4242642907064,-2265.0204765322887,263.7623758444844,856.9789550856356,209.3606910456966,552.5834646715307,40.72057733126216,-0.0,-252.76479597620602,-807.4638486432934,-300.3477836395837,-58.67452293391749,-0.0,-0.0,-0.0,12.591473079791914,-20.870085991703093,-937.7431166959097,495.81843065965813,2254.3294049245033,-0.0,-0.0,-0.0,106.2392773900101,184.82847590672307,-0.0,-2981.3054320278234,-0.0,-0.0,-0.0,-0.0,-0.0,-2521.5834298643613,-250.04965354392394,-0.0,-121.92917992696167,-1690.7835786727899,-132.09820401019883,-1052.846219801712,50.09455042280973,-1971.0435632633764,-3649.354977882681,-1853.2206905862668,-0.0,-0.0,-1423.7097432344106,-1017.5996648864102,-764.3046644042847,-422.0264116954661,-326.04414486934945,-980.3988509306263,-929.8354688005004,-5506.199573241798,-645.1151429399488,141.61436901072707,-633.5391165449178,-871.9710983363868,-665.764142141956,-619.5575421145752,-7.943802140216798,-1885.6673104389845,-848.6032417022245,-575.40687492708,-0.0,-0.0,-0.0,-0.0,-231.87718965962242,-1224.9243162742314,-0.0,-1294.2517810146574,-1564.9520331341712,-0.0,-0.0,-1382.5922039052175,-0.0,-0.0,-196.60388903883984,174.6151902064976,-0.0,-0.0,-2480.459983189741,-1169.824410523368,-116.39125794296187,-1225.9884706389216,-1278.8266871017565,-0.0,-300.50208100184506,-487.8849766709808,-0.0,-1492.04066268698,-276.5838963430866,-1033.1383702150408,192.22577197522398,-855.0788788515281,-198.3782772821352,-345.45651948746104,-48.75825658694927,-45.587381901885564,-548.9872159892836,-777.7988784401081,-479.09990626604207,-785.1414345143521,-0.0,-102.9459717815565,-655.9376090870308,-278.1535649956636,13.934792530748435,-0.0,-991.2944444657671,35.74186472032543,-1129.0497857010098,-0.0,-0.0,-0.0,-1885.1325951705803,-0.0,-0.0,-137.56290593187066,-0.0,-0.0,-0.0,-0.0,-0.0,-0.0,-937.3840340551404,-1439.5953125378414,-0.0,-0.0,-0.0,-0.0,-839.2940478468616,-437.30181760925217,-0.0,-0.0,-1638.1803960035409,-0.0,-1348.9811895261669,-2218.968258438065,-0.0,-0.0,-0.0,-689.9446872685278,-0.0,-0.0,-0.0,-927.4329497562549,-810.6689970208178,-578.0091167117145,-0.0,-0.0,-182.5451298258042,-0.0,-3791.443006160507,-4905.406482878111,-0.0,147.70633285941284,-0.0,-610.3294884868313,-750.6235736728217,-1878.6792078396902,-0.0,-0.0,-73.59710467147312,-604.6047726106585,-1288.106579985146,-697.631895537278,-405.7238349364692,-0.0,-0.0,-1263.2292722925238,-837.7640758542917,36.154613324840696,-0.0,-0.0,-660.1998960234598,-335.1379818125251,-48.36129067868403,-0.0,-0.0,-0.0,-1926.3322009138599,-456.8740893469851,-1222.84026871929,-4578.281992979396,-0.0,-834.3923457320457,-1004.6236971017197,-2261.2443737995522,-421.22515277887203,-0.0,-0.0,265.34005214894324,-1172.3131546000222,-1686.5167213684695,-429.3618949609493,-124.23392082875549,-0.0,-1923.2617700282349,-387.2890192715045,-1328.4164616233709,-782.2104686130988,-2648.9972119212152,114.88265022440619,-938.6789888113316,-821.3809799526023,-1886.1407489154967,-0.0,-0.0,-893.4741570453748,-1821.0463498956963,-1728.3196197238697,-914.2684728959479,-0.0,500.05917582675437,-109.98347113162562,-440.8826244896824,-0.0,-15.970555155512308,-0.0,-2631.012351969469,-35.55007206511653,-0.0,-0.0,-867.205430921459,-1192.662309688251,-796.5781295894307,-248.31703011982424,-720.0232065117925,-0.0,205.633013671883,-787.9467746900843,-63.263435224710484,-1533.1078465160576,-0.0,-1374.3690624415628,-165.40041526896235,-611.2508296380709,-419.9915035079156,-618.3476326732573,-46.385248402127495,-4.648459031555755,-1191.599939039219,-1202.3876249782425,-1529.1708990564175,-208.1694109581181,-1317.3668386964096,-4.199714905845743,-0.0,-691.7760651293006,-3017.425945397016,-0.0,-0.0,-28.05597577613527,-2083.7712630288684,-215.82753816237883,-622.4069589477415,-351.0123626242719,221.41828298426068,-0.0,-0.0,-1437.9633663071886,-0.0,-0.0,-2105.9544195659732,-1397.2334771408134,-895.8573286494008,-964.341881627249,-476.435676171823,-837.7768410453161,-931.7227728715593,-1256.5215565446051,-2269.7738113086057,-0.0,-0.0,-0.0,-0.0,-42.49630681790274,-0.0,-1913.0775899111911,-641.5559048850154,-742.7569887988271,-840.6347639617449,-468.0167680411273,-0.0,-1452.2008446601394,-590.901292980249,-0.0,-2583.7942792260214,-1637.334603120278,-0.0,-0.0,-2868.9816596726673,-1690.5605860220037,-449.5312161791361,-806.1436070484754,-0.0,-461.88370856944306,-11.981334170536428,-0.0,-726.0363251518412,-509.8606637550993,-605.898953785217,-0.0,-0.0,-0.0,-0.0,-449.77954729574225,-1100.4457240830836,-6088.52509370985,-0.0,-0.0,-598.430099732078,-624.956274389571,-1782.589162409103,-609.375446394743,-71.11839573301202,-421.30444897021226,-0.0,-715.0272318997539,-577.7935557288921,-0.0,-709.3986950821769,-1286.1768569732594,-0.0,-0.0,-0.0,-0.0,-0.0,-130.2428906006215,-2022.099614280789,-0.0,-1138.1113069136293,-935.284052436523,-0.0,-2001.3156633491706,-774.7835293906297,-1128.1146915976,-1451.2974443121382,-20.888525663873388,-120.3603583841499,-1316.3999508626766,-853.0637992579776,-391.51581589784894,-0.0,-1416.6698885971634,-1314.8582276458328,223.8800263320681,-0.0,-634.8368296966592,-953.108608902224,-923.4202731568669,-49.31587194656347,-0.0,-568.8704346169824,-0.0,-0.0,-2830.4112424838263,-2442.052038246356,-1955.7617317127592,-1681.3922951857924,-0.0,-1084.579382320041,-2046.4232821253922,-0.0,-6010.800451933818,-0.0,-0.0,-0.0,-0.0,-975.575544603479,-2339.088629817607,-2612.006234981261,-19.68954036471233,-2057.6697824613016,-0.0,-953.3256729704976,-23.459202539699348,-0.0,-0.0,-609.981674257682,367.6102967036031,-0.0,-461.4079987871363,-39.32637983657691,-0.0,-1409.9974044077765,-0.0,-2283.5311116904004,55.223576872866225,-0.0,-0.0,-1004.6897621827393,-1553.5195762281555,-954.231436830222,-1322.1704718152891,-1187.8654025273142,1350.2762341904493,-51.72533765800795,-965.0435657947947,-82.50345950873339,-2169.6883755221966,-913.8462655687342,-852.3915378210108,-504.95226179139553,-1560.2039648995412,-1913.1108976511455,-442.62724622959024,-2028.9916872657534,-355.50848340523567,-0.0,-0.0,-7.761181034874242,-0.0,-0.0,-0.0,-0.0,-0.0,-0.0,-1604.0836651727082,-683.3812614783028,-1384.5052407720827,-651.007602095545,-0.0,-616.1253732206278,-1216.193240965551,-1080.5639217608928,-2074.439595439186,-1296.7424982277514,-67.39159191188526,-32.57251770119086,-1194.4676264774228,-1167.69510959339,-0.0,-98.30651304440467,-0.0,-80.26851603694342,-825.4081635665901,-201.81699170593998,-543.1486013829972,-969.7763874429182,-0.0,-0.0,-0.0,-3367.2370779953953,-0.0,-96.91881782555642,-0.0,-236.6269924827889,-996.344022407939,-1178.1895293600921,-758.1452575807252,-0.0,-40.79710848262305,-555.8239890675928,-475.9962328552224,-406.7764331898353,132.28713210415594,-1144.3275875200843,-0.0,-0.0,-3099.592080528496,-0.0,-1124.6818446547247,-673.5284420917807,-404.74804518772356,-265.5195484340626,-1286.0328514411258,-2800.897216489893,598.8416280501192,-2258.743231425447,-1685.0517609017998,-540.0699976417045,-4.459404666554449,-0.0,1363.5986993652496,1272.0799824437904,1266.681018375413,-0.0,-0.0,-0.0,-984.5408945413722,-0.0,-299.5898764953705,-182.76237311955416,-0.0,-3644.2895969989313,-0.0,-1506.7362774677085,-140.191173099832,-1016.8672578768459,-691.6468719239156,-1652.709915905472,-1727.4160382642935,-0.0,403.7992039693416,-2437.899445220956,-1939.5232212954536,-525.9391663771975,-1657.2730722027554,-1813.9017113728914,-0.0,-0.0,-412.59171451257964,-756.5415538824601,-2392.396590745374,-853.7267103790804,-144.93125389129972,-0.0,-0.0,-646.1808024108295,-0.0,-0.0,-0.0,-159.0037920280139,-1263.796816645305,1674.228235266337,-1313.8481783409836,591.7726609406789,-840.6088582053388,-991.967210879965,-8.509792890386796,-4514.248039285378,-1127.6362925743142,-0.0,-77.90032152571372,-2392.483074459332,-1941.4778157397152,-0.0,4.446746043175265,-0.0,-661.5550858860944,-0.0,-2176.217240870837,-1875.33138758436,-0.0,-310.0747537183757,-0.0,-0.0,-0.0,-798.8956571698299,-1096.63287738807,-412.7185114407907,-1013.7591103225514,-1822.2894894261945,-914.4759895979779,-491.87901116877254,-544.3876374876941,-0.0,-1652.2174712889223,-247.89087261389062,-764.4511681467966,-1116.2651344074218,-1593.6383636359815,-1516.5934923047737,-426.3401395606917,-1852.7849449578343,-0.0,-0.0,-0.0,-2447.84212662388,-0.0,-594.3450893786613,-851.7214178256173,-0.0,-799.3716363658282,-646.4193509078958,-866.1274693711434,-717.5748282245424,-201.90052099121962,-1940.359999465655,-4937.340309569325,-246.91084486023283,13.177262864645312,-0.0,-121.01789236648222,-7569.362638457601,-1851.9101964033969,-671.8998467258957,-2416.054248004619,-270.93519044139964,-0.0,-8.545028402512694,-687.3712555188561,-95.99915321950654,-986.5403588938691,-1054.99198182297,-171.6184309550189,23.127550300589963,-910.292536069992,-2403.804468363072,-2106.3447004020786,-1927.8513830616491,-0.0,-1565.556343391536,-0.0,-119.14318908340056,-1135.5427522411496,551.4683491197609,-0.0,-0.0,-339.42192077532354,-855.4952672363314,-827.0057737786303,-1327.1019076186765,328.45774054850426,-1590.555267033243,-76.55326061056363,-347.957438740472,-1599.189528926846,-1859.426301698301,-392.55239722948664,-0.0,-0.0,-0.0,-0.0,-0.0,-1862.0930868798903,-0.0,-716.7799995680198,-924.6192748424727,-2707.2334619911144,-0.0,-0.0,-83.07484769760704,1170.7461103666558,-608.4011048191926,-1340.5313878846605,-0.0,-1456.3087597859471,-4656.835490898384,-757.9200146218749,-5776.852649973434,-1154.4511988836166,-0.0,-804.6213400579737,-2736.7373856607046,-155.08273467224853,-0.0,1202.13285732931,1379.3749116411302,1318.8368407241057,-0.0,-0.0,-0.0,-0.0,-89.89479903589869,-2493.8979966369557,-4.621396944644903,-0.0,-1939.4518399405692,-1203.5669964801627,-377.4951658811883,-4.622371727061387,-0.0,-127.39721964562017,-713.779110445855,-0.0,-0.0,-39.19823743009453,205.00748271530793,-2110.83577309602,-0.0,-1023.031196207697,-77.77924231388444,-90.85992624210874,-0.0,283.8260438961034,-99.53158596873266,-504.92057040217566,-2063.574093656526,-0.0,-87.18738249773453,-1335.0658586063091,-1143.6874044754345,-0.0,405.35649088442284,-0.0,-1022.6354132193339,-1107.4017685670037,-7.839057926213878,-0.0,-0.0,27.09327740990666,-269.14513655920354,-185.0131466079607,-82.84968680944641,67.06740396508577,67.09208485398592,-763.1790998800426,-777.1685697962355,-1161.1150155837017,-0.0,-2002.4710141581515,-926.0246473585911,-0.0,-0.0,-1089.8567042821771,-2228.149447460916,-584.5018034513988,-0.0,-2886.6190901614923,-120.86265575192449,-75.23057796592529,-1253.0777018999559,-0.0,-366.30300082514793,-1340.691187996624,-3.926038036276286,-0.0,-5006.030955350741,-181.8118854668599,-1478.3018899345138,-1088.958748165584,-1150.413421548099,-2185.057882229739,-97.75061833704753,-847.6993868239125,-2089.634484079849,-1269.1462663718141,-1121.7487494160248,-256.34722141961714,-1888.557342808607,-0.0,-3123.429651619434,-0.0,-5569.9615380191935,-276.97749522445804,-278.3630168830584,-1417.1814482515088,-0.0,-0.0,-0.0,903.91691944599,27.365592248343397,-984.7099734851815,-1467.5543840796483,-393.0048427206222,-1054.3631411083923,-0.0,-0.0,-1440.3367802919852,-333.2235181228193,-456.8211242109881,-205.81357157708473,-0.0,-1574.0481159276978,-396.8040624861609,-1762.9778020385565,-0.0,-37.136638600170826,-0.0,-1876.0963924151795,-846.1899233454865,-1892.9965218227196,-0.0,-0.0,-1654.4112958193648,-543.39334950112,-717.7769357677054,-1505.56715299596,-338.2665033461006,-1258.7925365453536,-0.0,5.57221430576785,-1073.0156195697286,-3969.6531144449827,325.0101008499455,-1401.0045618118077,-6649.464836039962,-654.2723726526455,-691.0665726945789,-217.86792446113446,-122.33297836436122,-959.8436896669725,361.2958602818455,-104.30737579691365,388.92293854133936,-1217.5756039024636,-522.6769859752806,-0.0,-1348.4381736367638,-1813.958733512536,-590.8316035466295,-444.8120773526719,-0.0,-0.0,-35.775437429966345,-1117.5745926379811,80.27327198252142,-2135.096906889621,-0.0,-0.0,-439.5525449468135,-653.3098697160738,-1120.483259095193,35.25986613719516,-2836.080898799819,-1472.0467918896984,-1390.5757589617413,-157.35414666823246,-0.0,-422.54069156278473,-0.0,-642.4055953643099,-13.76274922018292,-1596.670508170724,-496.6021394756765,-1564.4851967452796,-376.783734498923,-299.81477317107704,-0.0,-1268.3278990849224,-694.7279061661673,-1261.806262594457,-0.0,-3313.3754938713687,-1275.4902203697259,-1507.604329739103,-987.1833445354572,-1011.9220438183962,-62.92699388866616,-2303.755001376311,-800.5010368562411,-1302.4864868395687,-1871.0859650349387,-202.08276733280968,332.6207399103515,-1022.0092686000381,-0.0,-0.0,-17.631376324599877,-56.70490621340606,-15.876856704936898,-281.1992190094579,-0.0,-0.0,-0.0,-0.0,-0.0,-0.0,-0.0,-0.0,-0.0,-0.0,-1414.1760952308016,-2405.117876722374,-1947.2455007630335,-0.0,-0.0,1323.7505157236092,-423.8121224744916,-0.0,-445.6950943581379,-395.6321146917335,-953.8246765411919,-859.7363206716003,-1099.199809784865,-3.989811358590006,-725.6242898372368,-434.39895688781235,221.60170087176076,-0.0,999.898153909012,-0.0,253.48817806834083,-0.0,-341.05297069109747,-0.0,-468.24776121096613,-1090.5071402167157,-1859.5750847041465,202.73894163417071,-0.0,-0.0,-0.0,-0.0,-0.0,-474.2263341322908,8.987072549147669,22.12070523288649,-0.0,-0.0,-553.7021849562203,-0.0,-58.473291510467604,-700.2825362879279,-4116.0790656727395,-0.0,-1321.1388669746707,-0.0,-638.4991064024651,-0.0,-0.0,39.99013389315317,-0.0,-273.191542662293,-0.0,-0.0,-0.0,-972.8180620234525,-1655.8815388674375,-0.0,148.75987744362473,-2214.100595927901,-0.0,-94.21617752112182,-345.83886544438906,-0.0,-0.0,-1800.8726819854294,-0.0,-807.4496866726923,-1346.2776503279465,-163.02812021233856,-2760.4035885198136,-1775.3276727786629,280.0573655921502,-722.6908054427348,-0.0,-1228.57259340432,-0.0,-0.0,-0.0,-3862.5501745750553,-894.8344668064759,-1435.1052952218938,-0.0,-403.10230351209685,-18.431834717463257,-1140.7758040664392,-2177.622930038297,130.62950374889883,-2598.8130592445505,-0.0,-1739.5709607392969,-2491.336896563573,-0.0,-0.0,-0.0,-0.0,-2194.23772473163,-396.8414397975658,-1316.0950620616907,-0.0,609.4334916582067,1373.166635345861,-0.0,-0.0,-873.504534825892,-872.8938758320908,-342.6397875305684,62.57370304614537,77.99782833009417,-0.0,-1454.2727831735697,-0.0,-276.87892556257776,-1180.7334877814449,1671.053873674908,-0.0,-0.0,-0.0,850.5606087751435,77.12835742974434,-888.177264445195,-0.0,-1342.08130377634,-0.0,-982.3808464704923,-688.9068704297403,-0.0,-0.0,-0.0,-0.0,-0.0,-73.73880015402038,-0.0,-0.0,-0.0,-1164.4851017862225,-293.92268373418545,-0.0,-0.0,-0.0,-116.05361019764828,-84.49738809448694,-583.1191037273426,-662.8447303358635,-2901.6549451009864,-833.0282950780688,-464.08440638192025,-0.0,-2540.122962019483,-46.2656075599994,-0.0,-1061.357595212493,-2495.7132803351187,-694.0243923371439,-526.3572287840963,-1126.8208780907632,-228.6522182904071,-671.7994974754694,-734.5489503039928,-844.2174630794302,-202.32162242294768,-1852.6538921357173,-798.4838669678714,-378.1790082055394,-0.0,-0.0,-834.1172888622598,-3905.576096511846,-0.0,-1010.114568721656,-427.7200427754056,-0.0,-366.118488641218,-636.41820675325,-780.0643202548417,-4.331154380450026,-0.0,-0.0,-0.0,-0.0,472.7343695867823,-0.0,-618.799955701964,-0.0,-0.0,-663.7630130953128,-1202.896656354787,-2671.7376760566012,-542.6155757982598,-605.3041496677616,-113.0233509280482,-2157.4428565113103,-0.0,-754.442256671614,-388.737802903204,-488.9494994975362,-1037.7318454977105,-1019.1484769409534,-1480.8908290416296,24.048200840662656,-375.04223847356275,-0.0,-1095.648971664159,-1164.4034231655896,-64.28165342064403,7.563092921022178,-2451.137143467857,-1243.9476193523592,-736.2448535916974,-0.0,-666.3534139154634,-619.4560946221253,-620.0311796130666,-2283.5658328211007,-8.34740579266639,-0.0,13.105285587844028,-0.0,-0.0,-239.81116254132664,-3421.9022459645826,-216.48041718196745,-1541.3107041439405,-3339.2612201888883,-0.0,-4872.241650814578,-294.437558799824,-2419.005174369542,301.8300867654454,-0.0,1561.092186563742,-795.8622613070481,-0.0,-2254.962276131246,-0.0,-20.462029733526613,-0.0,-0.0,-0.0,-0.0,39.767895877736585,-0.0,-0.0,-0.0,-536.0401071954027,-1483.533942722683,-734.139151580039,-0.0,-3622.1093562779706,-0.0,-0.0,-0.0,-233.2113863102548,-309.5915287689229,-0.0,-1840.652372991688,-0.0,-0.0,-3628.697643982969,-0.0,-0.0,6.255522435909481,-554.8409629813424,-22.10546621138082,-0.0,-0.0,-184.73548464453242,-0.0,-0.0,-1391.5696763971612,-1227.6401739747953,-1446.5788757072387,-0.0,-277.3453182195995,158.10297509328407,-417.61835471589546,-14882.424566587524,-0.0,-617.9527472836153,-1295.7123431384114,-1519.9134035659933,-0.0,-0.0,20.91316747401622,-356.19257936145016,-1002.1776700397828,-0.0,-0.0,-0.0,-546.9675316094525,-2714.095638240176,-1512.126819330549,-0.0,-0.0,-0.0,-372.5438531192128,22.02790628607794,230.78104457519814,-1094.2559125690352,-0.0,-0.0,-943.1833227491408,-0.0,-0.0,-0.0,-2884.6974596095415,-1138.6717569480854,-0.0,-1109.5447138378804,-531.05126348865,-355.28366328469906,-699.8123215292437,-1013.955549020866,85.65045924049666,-1093.671532128207,-1061.4878696846804,-67.57407482528819,-1272.043019752918,-0.0,-0.0,-0.0,-0.0,-640.0308781590318,-0.0,-0.0,-536.5344321728729,-1881.1593513296891,-682.5702730643176,-0.0,1475.1447591636586,1348.9239184936635,1222.0990643988332,-0.0,-0.0,-0.0,-825.9671044030159,-214.26834945042953,-783.0118635417302,-97.11349922495428,-610.8258365480544,-1663.6343716123515,-1337.5611758021032,-2183.7976617480213,-0.0,-0.0,-0.0,-0.0,-1026.1472527786345,-740.0696655160541,-1719.1905386463309,-456.8972938664155,-1350.5141022155276,-2016.771054001272,-1815.7256660266485,-0.0,410.86759640658056,-422.3869176908289,-436.9592920208741,-135.03413369689332,-4367.242262938491,-7.717429867693839,-0.0,-777.9827594558938,-1368.5503513256324,-0.0,-47.59525199291913,160.80580258914154,-169.41772156480312,-433.6926339458861,-2079.4529234677275,-407.4506725214693,-1585.0059074303329,-0.0,-1863.1620985543414,-1605.5600055164268,-1259.2694391783084,-0.0,-1765.463268576305,-637.4171179626753,-745.3856949264846,-923.2960746295572,150.9386513740682,-1703.569306240728,-1364.6455971994228,-0.0,-127.75032454055975,-0.0,-0.0,-0.0,-1078.954609915578,-697.929045144239,-0.0,-0.0,-0.0,-3607.827810535366,-2001.8050657901636,-0.0,-0.0,-0.0,-1502.3897927329456,-857.4403761756897,-0.0,-721.6470029641048,-1437.0101820971292,-626.5971864164583,3.889574681109273,-984.6452516302639,8.531185720092017,-1550.9612469222764,-1846.529069023842,-0.0,-0.0,-41.8326084364938,-0.0,-0.0,-1401.4757368106646,-111.52386062267375,-396.56056814170233,-0.0,-0.0,-0.0,-999.9962420119332,-308.4429510857884,86.38135181818818,-490.9706534014772,-233.46032985537042,-2128.16339569864,-280.8336624567047,-579.5509829749868,-1193.3724179748401,-0.0,-385.03181854931756,-0.0,-1810.2578433761428,-1578.1643312220722,-1782.1162364439042,-309.64692482578903,-284.8788817013006,-58.975884112620264,-857.6513866567918,218.8667594282138,-0.0,-358.22908427699434,-0.0,-0.0,-436.7076760929707,-98.97614305187425,-2481.0886690275106,-2573.7146742255513,-623.3896217219034,-0.0,-0.0,-1075.397323302467,325.8187727136683,-0.0,-0.0,-0.0,-992.5888668894856,-79.35092649633587,-311.15483279477434,-4425.821442559133,-1465.290096202965,-727.6860012992686,-419.3439691678076,-213.2344621819183,-880.109460076883,-574.5166157257897,-501.8256718807503,-0.0,-922.7163104624428,-702.310474537415,-1613.8939746986457,-0.0,26.964845410410934,-8.487338081873151,-0.0,-0.0,-1512.7253282780907,-0.0,-3842.5873363028677,-1341.5272653058005,2898.4378193699754,2789.6562000246918,-0.0,-0.0,-748.3500576797719,-965.6153553938937,-1324.3591982914895,-320.9573691795696,-3585.978194981223,-550.1358167268179,-0.0,-0.0,-0.0,-1479.2122868155432,-810.8000305106148,-186.42621588366913,-2636.505066002184,-1169.604424807094,-20.61324961331375,-450.7275266533808,-1135.266218939289,-364.80117668545506,-522.8094167136026,-0.0,-4.498268141263772,116.7992727550004,-1080.9635064335564,-157.41107573353625,-0.0,65.42830080283848,124.21283013083696,-215.44616252600295,-1341.7920742949389,-2127.683102385678,-78.59451344860659,-1046.9326539306553,-1253.1540722605655,-0.0,-0.0,-757.6291045443417,-0.0,-0.0,-0.0,-0.0,-574.3722419782652,-39.6736366926765,-1240.335999974958,-1218.65431133741,-2314.885703229909,-1063.2766941008895,-0.0,-603.3123240491093,-0.0,-1424.1581986725766,-1446.3537285480022,-1382.5140727944422,-1015.8413255958466,-0.0,-1520.7327215909775,-0.0,-0.0,-0.0,-3801.964053077369,-1116.5765648127112,-253.58533454242573,-942.4987327333066,-726.7864601555265,-1026.5541254848688,-0.0,-0.0,-0.0,-0.0,-5717.597060412507,-759.8070615129178,-1809.5681227204366,-3873.096429650037,-2117.702711823392,-442.3642310121124,-0.0,-1916.4758721627568,-870.9754081077448,-0.0,-297.54044367840663,-384.4867444840445,-0.0,-950.7059634542688,-249.9396551059497,1511.8011916427886,-459.5156337531198,-0.0,-0.0,-1002.6077271208078,-815.3894236970729,-2239.7499097277678,-413.1719305947075,-0.0,-0.0,-681.997379085347,-0.0,-0.0,-0.0,-0.0,-1343.197015359894,-555.9664681489473,-1259.6495469188997,-501.26718575481,-28.616420256746558,-763.5766604221595,-0.0,-0.0,-0.0,-0.0,-2401.4155594203917,-0.0,-0.0,-0.0,-0.0,-0.0,-0.0,-781.734229742744,-0.0,-2651.53787165852,-524.2939122260946,-227.42429524477902,-1172.9575010481542,-0.0,-0.0,-1620.3098634798246,-1500.6113147182973,4.197091829876026,-411.5714383851619,-34.6796863072923,-1594.6207047029602,-850.4975063353556,-0.0,-4108.479354936807,-1345.4538758073131,-0.0,-0.0,-35.384424076369136,-301.4608302593762,-1240.3455717470692,-0.0,-0.0,-57.76817193707313,-1611.6953087158176,-523.8366294511773,-348.34464392542355,-43.969830508870686,-1862.296121615995,-0.0,-0.0,-0.0,-0.0,-0.0,-645.5607399270284,-458.1807540507773,-615.0657291062021,-4391.679118216929,-1623.8998431220969,-1227.8542474928786,-19.54664731036504,-847.2278600371208,-1335.4752494490197,-20.74684721479765,-0.0,-0.0,-0.0,-657.7824377371812,-487.4515903494941,-1786.6394301751366,-666.875252721911,-0.0,-1566.5884519644578,-0.0,-742.7813562878589,-0.0,-0.0,-2091.635933498273,-659.5540571142179,-613.1424502719539,-1579.5721974814091,-516.9521660222988,-13.658644378041435,-719.3790190627494,-1336.5847951547005,-0.0,-498.44554883896365,-1236.029984003854,-4443.626952850665,-0.0,-64.30020012713021,-2384.561618940066,-1541.1834591144623,-1315.00639545745,-550.7698718692269,-1139.8482493016572,-0.0,-254.07236094150332,-0.0,-266.6117609668978,702.2937581642861,-0.0,-0.0,1021.7731303391275,-0.0,-2369.222203299341,-674.2350242997655,-1125.8305703686729,-1121.619521468006,-1447.5038730830224,-410.47250632071405,-67.33010183769369,-0.0,-0.0,-886.5143244857054,-775.7995164958916,-759.6341015483172,-0.0,30.024882321972708,30.3853973244488,-164.04563468123018,-3122.912992150291,-1917.9871912600697,-0.0,13.413742050407354,-1370.2896450913454,-4293.3907603191765,-2718.1036989727413,-500.653483324063,-911.5575105160071,-1217.1212664570942,-0.0,-227.66428803354785,-0.0,-545.6888942861486,-285.52996089839723,-1659.259365188754,-2327.3634228649876,-295.65566826356417,-535.3821437516825,-4839.596852225024,-1240.8787391456374,-437.57890944197635,-495.13325149773516,-1508.9741580105551,-478.7154657669237,-8.275882128778772,-1452.0554915125126,-1659.115768606389,-0.0,-0.0,-539.8279457341099,-1282.0730593617666,-363.9809322183313,13.637862768782291,-0.0,-0.0,-0.0,-0.0,-0.0,-41.61915030214541,-763.125770418553,656.4927829851084,-422.5856148732299,-730.6243713813307,-521.7942509912681,-1126.4555703367134,-1622.8353905725664,-1055.5206378641194,-1833.6725919355313,-496.59324454678773,-660.8849017936445,-1526.2088979296889,-643.1778890040325,-0.0,945.4122270419442,-492.0363705797171,-42.1065057397972,-0.0,-950.1595762833203,-560.8122818122915,-1639.078096810699,-1894.8889557925681,-2586.2321076963826,-0.0,133.19660387809125,-0.0,-0.0,-1079.7438005457,-1543.0482706300563,-0.0,-974.3970715093142,-8.985219097761792,-0.0,-0.0,-0.0,-2653.446436418873,-746.7007074668148,-249.47158756046207,-182.99725134770105,-0.0,-0.0,-1258.5472852072967,-1577.1055870248545,-1004.1080000321757,582.6161505357836,-9.412795533695403,-0.0,9.016050445619012,-0.0,-1629.1984488526311,-610.4013822940234,-1225.1822042412978,-1927.309375676984,-1730.6646205907784,65.44623931406731,-0.0,-0.0,-1839.340288774171,-412.25130893625897,-0.0,-0.0,-142.06558529824474,-0.0,-56.07678824537552,-0.0,-1200.0865939697273,-840.504894206791,-0.0,9.023125644433449,725.8465890323336,-0.0,-72.87012978608527,-2352.47006192821,-0.0,-0.0,-671.04358812203,11.895116756326274,-0.0,13.388454625065437,-431.7363175142415,-1679.0555402244725,-0.0,-860.8923403386999,-0.0,-1145.3125595524182,1858.7666540836178,-138.58229909974622,-1763.9280360401356,-1602.6639516633732,1088.171141832718,-54.95038686276074,-2498.127827375663,-825.0325149366208,-960.138584242301,-0.0,-744.2686527419452,-88.7795086424847,912.233067493638,-413.73852020084337,-1554.3800178766865,-0.0,-0.0,-0.0,-773.575388732269,-689.4524399313805,-650.7844461829457,-1051.5440272919,-1157.172494403399,4.557729719448896,-991.5971539886003,-1002.6014879101422,-1294.0601487856916,-0.0,-0.0,-517.6877363445383,855.1991045758845,-6469.071119132325,-0.0,-1591.8243824649724,-1839.549440881527,-906.5530154440834,-850.8847028700357,-267.8139013335672,-2792.9164709075476,-303.36434905029387,-0.0,-1034.676269544444,-1022.1884434802284,-646.9021427490586,-0.0,-1428.5022921796817,-2290.7750852177605,-30.35786089330914,-1065.3403091663909,-2550.196855502345,401.46861916122873,-0.0,-470.54877757441886,-135.7138316205574,-1486.5912865075484,-1035.5103209285937,107.44465761554066,-125.80647382844444,-745.570915178326,-478.77872279151336,-580.9789904770464,-764.2894713030217,-582.1251387051457,-0.0,-1396.2842552756724,-0.0,-1273.8519281976787,-738.2591740181724,-207.8865744922519,-0.0,-1902.442660898882,-5068.656323849342,-0.0,-483.46320271047415,-0.0,-2557.739928724649,-327.2528101918551,-0.0,-347.1214740923096,-517.4363783332826,-0.0,-2224.9171345705627,-1506.291357300101,-0.0,-4091.4413260008246,-133.09204418626712,-1323.1667192756652,-1444.6137856532343,-1811.8287342589692,-130.03026772285884,-0.0,-941.2668004472872,-2225.63984038451,-559.1341763201256,-943.3009084685547,-1075.4458344071197,-1810.0006305792492,-2324.776911377015,-922.3661630980216,-1934.5677279696868,30.802990035125333,-0.0,-306.817189122535,-1567.5029042816484,-1165.5465897193292,-0.0,-0.0,-0.0,-451.23657572286646,-413.3293641329358,-14.005918818955644,-593.7190019850316,-0.0,-1317.649356487294,-792.185323828916,-554.4909868951072,1.7910125253160831,-0.0,-352.93742839674354,-1625.9375749415076,-1050.8828096581444,-340.88257803184626,-867.6747607653538,8.697444726410794,-0.0,-0.0,-3239.725344033069,-971.0552709122264,-0.0,-0.0,-0.0,-81.83239997708199,-1099.9400843760209,3.8591305008860846,-1800.4514737636673,-1568.1798799466912,754.2137592141737,-0.0,-608.3222171265745,-0.0,845.6928402339923,-237.05524089894897,-0.0,-1711.3751992664593,-326.76390213005106,-1715.028158563637,-0.0,-1612.5945784067114,-577.154345756015,-235.21531963980314,8.75535409112331,-38.14563674250684,-0.0,-0.0,-726.18907728513,-1292.429346389295,-0.0,-599.0212957116147,-0.0,-351.64555031965597,-645.9935567199817,-0.0,258.9455656242187,718.7829821107181,792.8577314171677,851.5431692758046,750.9121986437141,944.2282514049284,-0.0,-0.0,-0.0,-0.0,-0.0,19.37617210538204,-0.0,-0.0,-725.8659889651034,17.54170317312577,-392.33328636891434,-183.36652822215743,-0.0,-939.4435327019991,-1539.111822501836,-2023.9459163000647,-267.44721093334846,-223.74438210380117,-0.0,-0.0,-581.3734000042975,-0.0,-0.0,-0.0,-0.0,-2776.6668387847794,-0.0,-41.188770406223284,1049.2507122084064,-0.0,-1078.399501752629,-582.7789101271509,1188.6448994500518,-983.3868359314374,-0.0,-3193.412415120584,-2085.8855936134855,-248.7260447179336,-846.102219730307,-1354.374736577575,-589.738646666498,1013.2625526458801,-88.81771308408373,-557.9516085475461,-0.0,-0.0,-577.38842828159,-0.0,-996.9035758261272,-0.0,-494.9516442514022,-120.13384157219173,-0.0,-0.0,-1281.772756304757,-0.0,-0.0,-577.297356577486,-1314.1522846406526,-1788.0909608294496,-0.0,-0.0,-0.0,-2006.3583009621016,-0.0,-1256.527207944213,27.46739574964509,-0.0,-0.0,-1176.2307651216095,-953.5830145668272,-1337.337850133039,-378.82278574020137,-0.0,-1265.5546216451683,-295.27332705896674,-0.0,-0.0,4.529771759298414,-44.342728566547954,-4093.946761433155,-0.0,-44.99352807988933,-45.97627247069672,418.44832587326187,-89.89450858585582,-781.1850228233724,-826.6127875673214,-453.8330301423985,-0.0,-0.0,-1637.0472548012629,-0.0,-0.0,-0.0,-0.0,-0.0,-0.0,-0.0,-155.93821860063824,-0.0,-0.0,-1956.9985083743927,-8650.87347439842,-124.99744646837186,119.91181925373117,-496.21341494544055,-585.2356682054661,-459.74598879725795,-3896.8513483930647,-250.87516349437226,-427.17656101011903,-0.0,-0.0,-0.0,-2050.971607045267,-0.0,-88.633211533283,-0.0,-0.0,-0.0,-519.929751971499,-13.797033467418064,-308.8413137872656,-1386.076542252803,-652.7717783404421,-89.87384750646078,-1897.7573318486386,-0.0,-86.96792946322316,-2045.1543370379204,-0.0,-1373.6650590609106,-0.0,-1406.5200223615916,-0.0,-0.0,-963.8234807263337,-660.3163490482032,-34.804974663058864,-702.4867180980234,-113.96386300368779,-768.1504359385831,-162.06773604474847,-696.6725409134067,-698.2238829998108,-2228.66264832646,-978.0902955426736,-0.0,-1739.423150104448,-430.7912839009068,-796.8040518626651,-0.0,-0.0,-1022.8830322396644,-2251.6348264817507,-146.11249626021598,-0.0,-0.0,-78.25322870628338,-3349.45123389376,-871.9326350713089,-239.81282280060017,-353.13251227083515,-46.62177600996483,-4467.535474399798,-0.0,-0.0,-2029.0050240465062,-865.3328481626426,-0.0,-0.0,-0.0,-81.89803660017084,-0.0,-1886.195182965326,-1747.7917489697106,-0.0,-410.7886559185201,177.75163256381924,-0.0,-0.0,-0.0,-1021.3112296879436,4.6336919060404185,-2503.7326640154542,-642.2895315479019,-1201.342329410989,-710.5083229385631,-3406.7444597792314,-1490.1472765643766,344.51391124320514,-0.0,-2096.9175188492336,-0.0,-0.0,-0.0,-1089.8592960489987,-659.8693571115166,-1265.725372396704,-0.0,-0.0,-925.0245346148557,-1322.4890339328397,-695.3725157321126,-513.5445786381572,-0.0,-0.0,-1346.162998149907,-0.0,-0.0,-0.0,-0.0,-0.0,-0.0,-517.0918572854794,-184.54073541773198,-1486.4152968223764,-0.0,-759.2140805052506,-4244.679087866557,-47.729292577488266,-0.0,-0.0,-0.0,-0.0,-0.0,-0.0,-0.0,-0.0,-0.0,-0.0,-1318.8173872703778,-1952.973910136059,-0.0,311.0758398447994,-0.0,-623.2717789858948,-93.91401246353394,-0.0,-724.4338594441768,-351.3896539892383,-26.24928562593782,-3219.56527651824,-495.32062020092553,-3040.480729409216,-203.09071803542741,-1906.4084939051415,-1727.3267344898402,-660.9908171170798,4.671825582855104,-0.0,-1270.2892553506697,-2154.597647277495,-2475.638940803888,16.40984890621929,-513.7216883206125,-1761.102960338876,-0.0,-2091.7506780009835,-389.0706993193789,-0.0,-3076.6175097584146,-0.0,-982.6022975146817,-0.0,-3025.6944438555875,-0.0,-0.0,-86.572917495727,-989.7741535453654,-703.0136602838857,-0.0,-1240.8494088299171,79.08721084752631,320.64587299260415,334.74757731416094,-270.83340753477665,-1875.0438335383326,-752.917735744288,-0.0,-0.0,-5877.306609854716,-1334.4843793658335,-0.0,467.0574745216012,-0.0,-1696.67796875974,-589.9139456033935,-728.4252658330576,-0.0,-0.0,60.899120318251654,-0.0,-1053.5039232783226,-1056.1564983727246,-1942.0651609678487,-0.0,-602.1514619881201,-3048.328148350241,-831.8228084972525,-0.0,-1327.5350506869772,-83.85964583901105,-1328.5608091266647,4.41588860753122,-965.7770737708476,-0.0,-0.0,-0.0,-736.7892412745468,-0.0,327.90500855743454,-0.0,-383.6447376354139,-802.9842616574531,-548.9453746206119,-1144.0324896402851,-631.7993443430707,-1769.298563518256,-924.5155454339937,-0.0,676.8001032478993,-2383.1404389191466,-1825.7548562925106,-729.4653712150022,-0.0,-0.0,-0.0,-154.53908366096533,-1159.274482787185,-333.53283279049396,-757.7904622463243,-2050.8715695685123,-2868.6192196467746,163.18618479399973,751.2324860535342,776.2860686138843,-0.0,-0.0,132.90157105492102,-99.25049261321152,12593.713061178887,2217.088996443493,4054.3988724291376,6131.143797395173,-0.0,-0.0,-0.0,-0.0,-0.0,-1439.5098730618574,-1602.702216795216,-850.6861243413907,-0.0,-2982.0077204723657,-590.9549121393019,-955.1131979642937,-0.0,-708.592327766438,-1348.147572530754,-1014.022416750236,-1271.219636775117,-0.0,-3271.600522801906,-2051.066225226588,-796.5299180157537,-145.3554603292088,-3033.5830060878693,-0.0,-286.3986087662051,-0.0,-95.39645854129274,-0.0,-136.94873343227852,-208.676573653804,-1039.3228990402538,-872.9370828737132,-0.0,-0.0,-0.0,-2184.5280897017615,-0.0,-0.0,-283.3114216675391,-953.7008741525998,-992.8819409955898,-70.37995827071146,-1090.96569298596,-1914.0999460967857,-348.7474265839004,-0.0,-0.0,-163.05485058025096,-1644.4621660967375,-464.23872147589896,-0.0,-6238.891223399773,293.1254082407277,-0.0,-0.0,-0.0,-221.73770839394797,-451.68337482182085,-0.0,-0.0,-1249.290991263973,-2095.291145181002,-1171.7218463202491,-433.33590466446935,-406.4128339346851,-550.7242581685698,454.75851281583977,-1197.6348612384797,-0.0,-511.64359893646116,-2389.911607477261,-500.3163081078455,8.185170067230981,-0.0,-474.0299386554172,-0.0,-0.0,-0.0,-1309.9680758621512,-466.44980952061854,-1465.3660139242952,-0.0,-0.0,-0.0,-198.12489336759256,-538.9183887955637,-1707.8344658076142,-2925.4855003034327,-218.501844242813,-128.15501751242059,-0.0,105.29936002591006,-0.0,-1165.9379427438175,-177.60354217623495,-0.0,-0.0,1026.0969791596747,-0.0,-1763.469766338187,-0.0,-0.0,-0.0,-203.20656759848956,-2075.40582021635,-1643.087526512707,-32.35298762046922,-2313.0503475113674,-1611.3068553283586,-29.122934807568644,-32.65603875027405,-70.0414702354156,-0.0,-0.0,-2081.1188898790674,-0.0,-6179.5642675867575,-0.0,-1546.7957433829188,-290.82348333106546,184.01169110283203,-0.0,-11.917126912648067,-1689.731430257797,-1630.7349290490129,-574.4706835177772,-38.168031467562066,-105.97388462035232,-0.0,-0.0,-0.0,-0.0,-1109.7027357533573,-1142.748469357546,-0.0,-606.8618964590205,-1270.7077262557548,-246.1247907334479,-31.99965692942742,-0.0,-0.0,-0.0,1124.6377630154645,-80.5625294808021,-0.0,-514.3229504176734,-844.1922854885241,-1561.3069507554887,-0.0,-0.0,-2579.5617784483006,-0.0,-0.0,-0.0,-0.0,-714.1266847814958,1148.4200402350511,1084.9045956433224,1198.0954172852923,-0.0,-0.0,-0.0,-669.1941605208799,-0.0,-0.0,-386.02519030699085,-236.6434546541887,-0.0,-226.70684853781285,-1219.3409798071484,-1351.0128513805137,-0.0,-0.0,-0.0,-21.504180442826783,-1464.3792027678508,-19.482323066895002,342.92279144899254,-0.0,-1667.0325624441641,-918.3612622894192,-591.698944158995,23.020952760341242,20.087547354895946,-314.02044171742915,-16.562842177015956,-386.2774896218978,-403.3958169201955,-1103.5836155255977,-369.33948703258096,778.193922928959,-1447.8132326138038,-156.91591359921955,-160.33504376865733,-3717.884257702873,-2688.1978966522483,699.5070666194066,-1197.3377010741226,-140.56940206551076,-4.562607354660209,-728.7068926963843,-1151.3170104968892,1934.1095715969707,-677.3504194127372,-693.1223427051109,-757.5724512313893,-0.0,-6081.391275983724,-0.0,-565.0672869247587,-998.4491809083686,-744.3336123607177,-862.6486201736965,-1133.0728452204962,-0.0,-1113.1976500836531,-212.1385271760899,-86.97933591126933,-7936.726519390534,402.43945689885516,-177.19764074717978,-0.0,-594.629744286432,-1146.724651777404,-0.0,-0.0,-555.3266662846537,-1636.0560670766497,-42.71170404048125,-239.7600441673971,-295.57034602894726,-1230.5915192928926,-0.0,-0.0,67.06897691885241,-0.0,-0.0,-1776.3156773734117,-0.0,-2033.8644971756776,-1035.8987135261116,-1372.230930196142,-0.0,-0.0,-500.2350609375618,-981.8654146184009,-151.66881931873107,-0.0,-426.8017923753407,-164.73664737662025,-461.3649846543796,-0.0,-197.31866526136474,-470.358901528471,-2419.526689152789,-875.9536619536486,-1435.2381208722445,-0.0,-0.0,-1238.5844058342227,-29.47810182032471,-0.0,-0.0,-1371.767988795089,-0.0,-0.0,-0.0,-0.0,-0.0,-0.0,-0.0,-0.0,-0.0,-0.0,-98.84852631392468,-0.0,-0.0,-0.0,-0.0,-0.0,-0.0,-0.0,-0.0,-0.0,-0.0,-0.0,-313.94696097129605,-0.0,-0.0,-0.0,-0.0,-0.0,-0.0,-0.0,-0.0,-0.0,-0.0,-0.0,-0.0,-0.0,-0.0,-0.0,-0.0,-0.0,-0.0,-0.0,-0.0,-0.0,-0.0,-0.0,-0.0,-0.0,-0.0,-0.0,-0.0,-259.5586512137571,-0.0,-0.0,-0.0,-0.0,-0.0,-0.0,-0.0,-0.0,-0.0,-0.0,-0.0,-0.0,-0.0,-0.0,-0.0,-0.0,-0.0,-0.0,-0.0,-0.0,-0.0,-0.0,-0.0,-0.0,-0.0,-0.0,-0.0,-0.0,-0.0,-0.0,-0.0,-0.0,-0.0,-0.0,-0.0,-0.0,-0.0,-0.0,-0.0,-0.0,-0.0,-0.0,-0.0,-1379.0592042237224,-624.93835376208,-1678.1444345540951,-0.0,-0.0,-0.0,-0.0,-0.0,-0.0,-0.0,-0.0,-0.0,-0.0,-0.0,-0.0,-0.0,-0.0,-0.0,-0.0,-0.0,-0.0,-0.0,-0.0,-0.0,-0.0,546.4744182367732,-0.0,-0.0,-0.0,-0.0,-0.0,-0.0,-0.0,-0.0,-0.0,-0.0,685.8631347476112,-0.0,-0.0,-0.0,-0.0,-0.0,-0.0,-254.5731661107611,-0.0,-0.0,-0.0,-0.0,-0.0,-0.0,-0.0,-0.0,-0.0,-0.0,-0.0,-0.0,-0.0,-0.0,-0.0,-0.0,-0.0,-0.0,-0.0,-0.0,-0.0,-0.0,-0.0,-0.0,-0.0,-0.0,-0.0,-1094.6671925509074,-0.0,-0.0,-0.0,-0.0,-0.0,-0.0,-0.0,-0.0,-173.72507715247386,-0.0,-0.0,-0.0,-0.0,-0.0,-0.0,-0.0,-0.0,-0.0,-0.0,-0.0,-0.0,-0.0,-0.0,-0.0,-0.0,-0.0,-0.0,-0.0,-0.0,-0.0,-0.0,-0.0,-0.0,-0.0,-0.0,-0.0,-0.0,-0.0,-0.0,-0.0,-0.0,-0.0,-0.0,-0.0,-0.0,-0.0,-0.0,-0.0,-761.5088564902544,-0.0,-0.0,-0.0,-0.0,-0.0,-0.0,-0.0,-0.0,-0.0,-0.0,-0.0,-0.0,-0.0,-0.0,-482.13323832767276,-0.0,-0.0,-253.76331315272697,-0.0,-0.0,-0.0,-0.0,-0.0,-0.0,197.2947353884181,-0.0,786.5658904913711,-0.0,-0.0,-0.0,-0.0,-0.0,-0.0,-0.0,-0.0,-0.0,-0.0,-0.0,-0.0,-0.0,-0.0,-0.0,-0.0,-0.0,-0.0,-0.0,-0.0,-0.0,-0.0,-0.0,-0.0,-0.0,-0.0,-0.0,-0.0,-0.0,-0.0,-0.0,-0.0,-145.62998568022326,-0.0,-0.0,-0.0,-0.0,-0.0,-0.0,-0.0,-0.0,-0.0,-0.0,-0.0,-0.0,-0.0,-0.0,-0.0,-0.0,-0.0,-0.0,-0.0,-0.0,-0.0,-0.0,-0.0,-0.0,-0.0,-953.6939674675759,-0.0,-0.0,-0.0,-0.0,-0.0,-0.0,-0.0,-0.0,-0.0,-0.0,-0.0,-0.0,-0.0,-0.0,-0.0,-0.0,-0.0,-0.0,-0.0,-0.0,-0.0,-0.0,-0.0,-0.0,-0.0,-0.0,-0.0,-0.0,-0.0,-0.0,-0.0,-0.0,-0.0,-0.0,-0.0,1276.1890874914845,-0.0,-327.7708011309313,-0.0,-0.0,-0.0,-0.0,-0.0,-0.0,-0.0,-0.0,-0.0,-0.0,-0.0,-0.0,-0.0,-0.0,-0.0,-0.0,-0.0,-0.0,-0.0,-0.0,-0.0,-0.0,-0.0,-0.0,-0.0,-0.0,-0.0,-0.0,-0.0,-0.0,-22.225779229689724,-0.0,2570.872961150427,-0.0,-0.0,-0.0,-0.0,-0.0,-0.0,-0.0,-0.0,-0.0,-0.0,-0.0,-0.0,-0.0,-0.0,-0.0,-0.0,-0.0,-0.0,-0.0,-0.0,-0.0,-0.0,-0.0,-0.0,-0.0,-0.0,-0.0,-0.0,-0.0,-0.0,-0.0,-0.0,-0.0,-0.0,-0.0,-0.0,-0.0,-0.0,-2380.7784637710834,-1653.4978888425744,-0.0,-0.0,-0.0,-0.0,-0.0,-0.0,-0.0,-0.0,-0.0,-0.0,-0.0,-0.0,-0.0,-0.0,-0.0,-0.0,-0.0,-0.0,-0.0,-0.0,-0.0,-0.0,-0.0,-0.0,-0.0,-0.0,-0.0,-0.0,-0.0,-0.0,-0.0,-0.0,45.84079120375538,-0.0,-0.0,-0.0,-0.0,-0.0,-0.0,-0.0,-0.0,-0.0,-0.0,-0.0,-0.0,-0.0,-0.0,-0.0,-0.0,-0.0,-0.0,671.500796444341,-0.0,-0.0,-0.0,-0.0,-0.0,-0.0,-0.0,-0.0,-795.3035355804117,-0.0,-0.0,-0.0,-0.0,-0.0,-0.0,-0.0,-818.1396053683488,-0.0,-0.0,-0.0,-0.0,-0.0,-0.0,-0.0,2675.1349831074067,-0.0,-0.0,-0.0,-0.0,-0.0,-0.0,-0.0,-0.0,-0.0,-0.0,-0.0,-809.5404918647888,-0.0,-0.0,-0.0,-0.0,-0.0,-0.0,-0.0,-0.0,-0.0,-0.0,-0.0,-0.0,-0.0,-0.0,-0.0,-0.0,-0.0,-0.0,-0.0,-0.0,-0.0,-0.0,-0.0,-0.0,-0.0,-0.0,-0.0,-0.0,-0.0,-0.0,-0.0,82.93520715206498,-0.0,-0.0,-0.0,-0.0,-0.0,-0.0,-0.0,-0.0,689.3851055297632,-0.0,-0.0,-0.0,-0.0,-0.0,-0.0,-0.0,-387.4548079205942,-0.0,-0.0,-0.0,-0.0,-0.0,-0.0,-0.0,-0.0,-0.0,-92.20729802433327,-0.0,-0.0,-0.0,-0.0,-0.0,-0.0,-0.0,-0.0,-0.0,-0.0,-0.0,-0.0,-0.0,-0.0,-0.0,-0.0,-0.0,-0.0,-0.0,-0.0,-0.0,-0.0,-0.0,-0.0,-0.0,-0.0,-0.0,-2033.3094081373615,-0.0,-0.0,-0.0,-0.0,-0.0,-69.70967804509313,-0.0,-0.0,-0.0,-0.0,-0.0,-0.0,-0.0,-0.0,-0.0,-0.0,-0.0,-0.0,-0.0,-0.0,-0.0,-0.0,-0.0,-0.0,-0.0,-0.0,-0.0,-0.0,-0.0,-0.0,-0.0,-0.0,-0.0,-0.0,-0.0,-0.0,-0.0,-0.0,-0.0,-0.0,-0.0,-0.0,-0.0,-0.0,-0.0,-0.0,-0.0,-0.0,-0.0,-0.0,-0.0,-0.0,-0.0,-0.0,-0.0,-0.0,-0.0,-0.0,-0.0,-0.0,-0.0,-0.0,-0.0,-0.0,-0.0,-0.0,-0.0,-0.0,-0.0,-0.0,-0.0,-0.0,-0.0,-0.0,-0.0,-0.0,-0.0,-0.0,-0.0,-0.0,-0.0,-1414.3401397641755,-0.0,-0.0,-0.0,-0.0,-0.0,-0.0,-0.0,-0.0,-0.0,-1773.170394180734,-0.0,-0.0,-0.0,-0.0,-0.0,-0.0,-0.0,-0.0,-0.0,-145.02764503789936,-0.0,-0.0,-0.0,-0.0,-0.0,-0.0,-0.0,-0.0,-0.0,-0.0,-0.0,-0.0,-0.0,-0.0,-0.0,-0.0,-91.04793838272565,-0.0,-0.0,-0.0,-0.0,-0.0,-0.0,-0.0,-0.0,387.153590327206,-0.0,-0.0,-0.0,-0.0,-147.85707477659045,-0.0,-0.0,-0.0,-0.0,-0.0,-0.0,-0.0,-0.0,-0.0,-0.0,-0.0,-0.0,-0.0,-0.0,-0.0,-0.0,-0.0,-0.0,-0.0,-0.0,-0.0,-0.0,-0.0,-0.0,-0.0,-0.0,-0.0,-0.0,-0.0,-0.0,-0.0,-0.0,-0.0,-0.0,-0.0,-0.0,-0.0,-0.0,-0.0,-0.0,-0.0,-0.0,-0.0,-0.0,-0.0,-0.0,-0.0,-0.0,-0.0,-0.0,-0.0,-0.0,-0.0,-0.0,-0.0,-0.0,-0.0,-0.0,-0.0,-0.0,-0.0,-0.0,-0.0,-0.0,-0.0,-0.0,-0.0,-0.0,-0.0,-0.0,-0.0,-0.0,-0.0,-0.0,-0.0,-0.0,-0.0,-0.0,-0.0,-0.0,-0.0,-0.0,-0.0,-0.0,-0.0,-0.0,-0.0,-0.0,-0.0,-0.0,-0.0,-0.0,-0.0,-0.0,-0.0,-0.0,-0.0,-0.0,-0.0,-0.0,-0.0,-0.0,-0.0,-0.0,-0.0,-0.0,-0.0,-0.0,-0.0,-0.0,-0.0,-0.0,-0.0,-0.0,-0.0,-0.0,-0.0,-0.0,-0.0,-0.0,-0.0,-0.0,-0.0,-0.0,-0.0,-0.0,-0.0,-0.0,-0.0,-0.0,-0.0,-0.0,-0.0,-0.0,-0.0,-0.0,-0.0,-0.0,-0.0,-0.0,-4287.266360126827,-94.37300460082115,34603.62084061698,-3977.9190324160004,-3959.7172518903876,84193.5546729179,-0.0,-7745.432351594282,868.2364097542185,1995.6010203871178,-25428.566090988435,-0.0,-5349.7060068255505,-0.0,-0.0,23536.049098912583,-13262.493042226666,3069.9085540950546,6866.775420596545,-4124.6752099609585,-24982.861446421066,-9210.011521437358,55.46824831691661,-98.20799229749434,-6366.410347552023,-0.0,-12430.032839612557,-18564.142717228395,14585.453808562172,-135.92035710280882,403.9791808718757,48101.536638598256,-2426.9839551802474,-104179.97295821528,-3306.8150901552553,-24354.280884062606,-16358.830293442294,-5303.215425642742,-6560.889346851446,-16437.04934853993,13672.497490647818,-2316.361244544881,-3687.874897769123,-3515.332483884217,-11919.056845855159,6855.858802648013,34194.63660985297,-805.0482746783179,-189.92302614476048,21416.660732121523,3562.1700428324166,-190.1995923719629,5425.940733032013,6000.422483242488,-5846.457818983454,-7668.8667337887655,-3380.161434776753,415.5906062580171,-0.0,-0.0,-1308.217422537887,-8102.444035960823,-3992.2241413722763,-3447.1362409249255,-484.7069576517609,-5114.302556312381,11770.83644172059,6531.570658629466,-8340.573016435641,17959.306707265845,-19957.776303659844,-32654.902561506045,73778.11323082965,-23616.304002716948,-8276.563225831655,-1965.3788479437687,-3276.8985450120135,-6481.172387627501,-4037.297237051481,-33403.092180966996,-0.0,-14496.37448752312,-0.0,3665.4438619237644,-0.0,-0.0,-13798.946905420175,-1447.3992754489984,-0.0,-0.0,3695.86962309539,-0.0,134.0971658664811,-0.0,-6308.808412325064,-4617.298510832906,-7943.761529860778,-8764.267349706204,9482.62391422079,-0.0,-29784.182549009864,47601.37718310943,-0.0,-0.0,-20340.431535993837,-9101.483368961863,134.29488460813747,574.6816897623189,-0.0,60463.840371009755,-0.0,-0.0,-0.0,-0.0,55609.39661528516,-1527.9505927037246,-0.0,-13102.196929371083,-0.0,-5497.510942204898,-948.8934069339352,-2735.7795548367194,-15897.029099357727,9334.382351087079,-1033.3656833247674,-9444.58833902658,-0.0,-0.0,-6765.935180288413,-7256.553814196578,-12763.574686276315,61745.80842637861,-0.0,-219.91646275899234,14003.093235565406,4320.38482956405,-2853.9947423384806,703.6701197240327,1770.2428507385173,-3874.3604440997974,151.87863884000677,-19094.41029116546,849.2972355769903,13992.782775981248,-682.8034507054026,10532.421653654392,47874.99069109487,5688.10845753936,1091.4848089845088,9812.741474219389,-2080.977810375402,-7948.928758293186,-9116.851257124417,-16088.09627704302,-0.0,2938.0110037866266,14678.991684370782,13233.979110772076,-8360.412517717514,6126.041333242276,3752.3917777227584,-9278.762152461819,22822.783045716234,-14926.508552114801,-0.0,5535.096652182434,-12143.990034592327,-15910.484868758715,-7667.944457925944,26595.851572192285,2193.0301952202294,-0.0,-5420.052535833389,-0.0,-2509.7258751323247,58.31090033778806,-3610.1485434191463,-848.3502953289438,83.88017283871228,-198.80878417447255,-22631.62152030951,-14379.586666885543,23786.66428590845,-8011.207956766115,3541.1233187363896,8662.330651575285,-7783.213927928025,-5038.8625524257895,-14104.138222012649,-0.0,-2056.394067704155,-2112.174852156282,-0.0,1186.1141428837389,-3229.1729079684915,-0.0,-0.0,-16487.939952657853,-3301.594288922311,4017.42698602465,-3928.104930248999,-0.0,-0.0,-0.0,58671.14530372132,24297.651244709043,-0.0,-1442.4547818804435,12554.067172065512,-0.0,-4262.784946658457,-2932.085300253808,-0.0,-5287.370267459374,-7889.521569298427,120160.6335603425,-12714.487836090308,-9202.785442079687,-31848.51137087284,-0.0,2610.8305271935114,2352.1400241693327,-10395.568374498756,27189.900026286872,-8383.317909432832,-46765.390539632215,-15770.326365116685,-10548.995912684733,-0.0,1330.7734348585172,-5054.28646508618,21825.601665971128,-2251.9942590218416,87.24600437339501,-12285.687197347752,-9607.88878314411,31494.93935654173,-0.0,-1628.03933999617,125.48915886047381,-0.0,-0.0,-0.0,-0.0,-0.0,-0.0,-0.0,-0.0,-0.0,-0.0,-0.0,-0.0,-0.0,-0.0,-1326.5383951772062,-0.0,-0.0,4362.463617375032,-12100.830256848622,-898.5260748582084,-9619.124497426234,23592.12272751456,9174.98643327511,-3926.227434269862,2394.2659459227452,40856.47049503883,-0.0,-0.0,-3961.9917066183884,2708.421819907225,-6791.736899561564,-8473.669106848323,-0.0,-206.4569103281597,9641.25307954562,-4394.412720003619,-956.9376743392097,3151.064321840775,-28658.240547523314,23854.110106284064,-4989.202086540364,-2195.8076553508868,14385.713377688982,-0.0,-0.0,-0.0,-0.0,-0.0,-0.0,776.708497477824,53058.51515253255,-9806.729359493722,-7678.750868598119,-12755.768131186753,-0.0,-10532.112213997501,-12912.340094719058,-0.0,-0.0,-0.0,588.2264484667984,565.4279240770309,829.7619401072528,3048.5845337567307,-0.0,2669.571060807289,984.4550011888953,899.1911893334308,793.2304614465679,828.1965648899559,3360.871259735762,1775.209398187387,3349.485200520132,2655.3623389518007,2936.696691180211,3237.262585432872,38475.70250097456,42150.229334643875,39858.480822008125,36112.88150347183,6880.001557069313,6819.399435918276,7866.441433105169,9746.815917015057,4796.073210459641,2067.949735296446,2178.199940605329,2190.8714109182242,2056.605387377722,2170.9310445334536,5045.325325574737,3152.899924740277,1337.45022422192,1285.887963348801,676.9792559682204,395.18422373944605,479.16181443386836,34796.834215596726,37738.43586824764,40056.0369263231,36826.793216745034,56881.32167865079,59881.6857120833,1347.0171842844652,1336.3234044913972,1344.288700340653,1139.5005674325255,1272.07345577768,1326.9860804807354,649.0438783426216,49833.52971711938,53228.0884271779,54323.36065535605,2765.4953178425526,-0.0,7141.657741872265,40683.54517100047,36712.07494282194,37138.91584896792,61292.95241045317,67271.10615121773,69078.12429410737,58050.32787204068,2728.631255151328,2408.8570148588415,5042.5751721414745,-0.0,20141.912612823857,23455.86429788849,-0.0,492.34613880529116,1025.3833013128474,1610.8487768822256,1475.8410597297022,1714.6367067675794,1519.5666845908602,1755.0540304192596,1424.3297975327775,41716.78328498721,40439.43461685601,39714.45486921164,37437.92824134997,1091.1147712857978,1247.4910361785296,-0.0,-0.0,17769.69390148815,40246.493332405604,38713.99474032424,36145.268739329935,34882.88919139413,-0.0,50426.975952671186,54189.51289695502,1105.2179105187308,2178.3181749513546,2392.7594299532566,2552.103573360692,2295.651747275283,2259.587501565709,55056.00974965229,51930.45619529984,-0.0,-0.0,17309.377812730112,905.8039264027083,1091.781975695049,41060.96683476869,38840.0161803833,34984.40536141606,37066.86600100709,35324.625729060084,37549.42161516353,-0.0,16408.804510868216,10432.749363900099,-0.0,-0.0,1302.9757609473058,1431.390319724662,455.054480864842,407.23144119733786,333.4004691583774,335.1912657103601,-0.0,1192.819198345782,1137.2401862537513,1093.4012917912037,1246.4934727321372,-0.0,1517.1738934590269,1582.101353949495,2002.6852969688246,2141.144146865448,2140.301382988552,2096.5023014349053,779.8735298632145,950.6291363145037,869.798595082044,1305.1932600800642,920.3616163010411,826.3933853349354,882.4089673963219,890.6987219568073,8409.226556783628,9546.923811520177,43.05453386161678,74.93952244304151,3507.5939613829287,16508.29807140848,1053.1613058484877,1011.2303944103207,-0.0,-0.0,6593.497149229303,6682.403198379428,6554.901030855503,6485.766021153921,1381.2362145799425,1493.5528386409162,39420.13318379659,40137.205477849646,8732.27429402487,7636.596912119106,-0.0,54617.206943625846,2227.024782342006,2093.4030406356387,1140.404979444723,56747.93995504091,60619.57659598087,58656.759922980316,54093.18552340025,443.8734796374443,61023.37326248026,57430.35585556981,-0.0,-0.0,19889.170902916932,-0.0,718.4878390700179,732.4099716742267,650.8948696480556,1737.2126987768224,9717.529551977734,22887.02905600845,1478.903313656387,1597.2005065520343,53.36024461356693,698.5442957182265,699.0854740720401,15523.372557294431,1569.5291294777878,-0.0,-0.0,-0.0,1127.8276040955393,-0.0,1201.9513200951928,-0.0,4436.907240459689,1037.4605454912044,1169.175931379997,1106.9543013079501,701.6349756125853,678.9476018561262,640.0916341800548,1558.5744257279637,1728.5137560240507,1875.5761123131122,1128.2572939481063,126.74831223677607,5159.439319839056,54485.07830763742,59121.69239839617,10661.977283678621,21471.768711035387,16168.892074874533,16896.29806651356,2077.528588605307,1895.3771907144837,1493.9347369951893,1493.1611546358117,815.1052543368172,985.75916955362,2437.9944705065723,36786.36805292735,39543.210932916925,1400.1118710118615,1432.3421772726886,1386.0821614754645,2378.4654124133035,2538.2920842863464,2903.568347948422,40457.7754106859,36216.83066069095,35976.05723201066,39397.03784617237,-0.0,-0.0,-0.0,2430.4840356707205,2697.6030822074135,2344.806061629767,7239.725093619927,6318.766273614357,6834.2395096338205,1863.264019845114,1963.808926069937
9,-0.0,-0.0,-610.5524768771296,-1941.8417346528624,-456.29939873672487,-539.3012417471856,-52.95806328030084,-1003.6428559512707,-684.7682921253547,-0.0,-1447.8453087517012,-0.0,-0.0,-2137.429735364186,-0.0,-577.6182903063286,-431.0542754500407,-0.0,-0.0,-183.58635955242093,-261.659956798859,-697.3573139313979,-1107.1707091565413,-710.6660166388857,-2089.972125511608,-1290.6847499653866,-0.0,-0.0,-2912.441469648444,-1757.6536425168788,-0.0,-0.0,-0.0,-0.0,-0.0,-0.0,-108.89977160565478,-314.9540142697743,-1688.8778301802038,-1365.3649793581765,-0.0,-0.0,-133.60618781587965,-711.3042257259794,-178.94686889818828,-0.0,733.5490298887001,-1661.5342112192743,-407.26116090856794,-0.0,-0.0,-372.75613138322416,-4.575830186722466,27.158408249293377,-1962.3628391249651,-3384.418490332414,185.33263618301254,-5795.091158933881,-241.56334893982353,-0.0,-1640.3391158824993,-0.0,-658.307980425183,-2510.3775626597594,-537.485079984204,-636.5383845074878,-41.02753370150855,-2307.1182368749132,-765.8659504584016,-538.4419440147688,-3094.1631447076356,-0.0,-0.0,-2318.108509521722,-1031.0902637124004,-399.3539913536522,-1925.4520997690443,-0.0,-0.0,-1510.0454510770005,-1626.1090354553405,-477.6642951210102,-3950.6142103651378,-64.76792073608715,-76.20733889883185,-1746.7761504453297,-0.0,-620.2143918262511,-1039.0737328072896,-17.827574681167007,-0.0,-1494.1034656871798,-85.60534633333059,-655.8440655422164,-2295.641906303847,-53.70543357705105,-2306.761939846156,-353.1058899191931,-1464.439220556979,-2686.0591133399894,-748.6186815608482,717.3239809189968,-567.104065938113,-0.0,-1689.358149223485,-2413.569975851051,-4365.175322546281,-575.1684750735809,-2875.8284601308014,-0.0,-1536.2758609376926,-0.0,-0.0,-517.685107688467,-0.0,-0.0,-541.6901219829127,-81.24986470996497,-1691.9201889764859,-855.6474005443392,-1039.3358108966543,252.4052979821314,-457.9970402496848,-367.1758637601361,-418.81469796788997,-15.60293143038801,-455.8488021245222,-534.2995604984235,-799.2614791360106,-0.0,-5243.1476777622065,110.99808794256597,-98.94314977169624,-4598.82952650088,-0.0,-1040.5508707173888,90.1747835422311,-0.0,-663.9370207371514,-0.0,-0.0,-531.5702802074982,-0.0,-349.9709484203014,-985.2160918687966,-0.0,-1094.385241123573,-282.4947014892292,-729.1603880872273,-2254.6815110106472,-0.0,-1760.3348342868546,-1054.373254953735,-0.0,-0.0,-0.0,59.53185135464779,767.3473502224365,-0.0,-1603.5870983558073,-1907.3527109963006,4.5914984722700565,-0.0,-0.0,-497.83813627035437,-364.04594746468075,-388.7049473174726,-0.0,-396.8474831853333,-3237.697790833146,-1187.557331634749,-0.0,-1282.5055274092012,-2373.579313717066,-0.0,-0.0,-0.0,-0.0,-0.0,-0.0,-571.4858654097078,-701.808964364143,-279.05136490592275,-180.02393733511693,-1095.3191988666556,-16.703330219993497,-0.0,-0.0,-683.6022716509797,-0.0,-661.2525288671391,-206.73880182477578,13.9671238283805,200.13482183101013,-0.0,-0.0,-1079.5637331789158,-417.2634242829258,-529.0725383712885,-0.0,-2837.054547994063,-2237.7269544326314,-946.8535014315938,-0.0,-0.0,-2262.1285227796748,-1347.5883888837204,-729.3170222104128,-26.883425429146286,-1639.0604001758302,-1323.1330644870548,-0.0,-0.0,-1920.6412590698947,-0.0,-953.4265568340982,-1116.7101524322936,24.051756644719035,-530.9592097642925,-589.0375071393918,-350.40076629143925,-0.0,-1820.9118472306825,-0.0,-3066.6053919602223,-2601.1236408885898,-205.05279875954523,-513.4179310892893,-489.5286393865176,-0.0,-308.37898829268255,-220.81719874771406,-0.0,-1067.891283633829,-602.0070439409843,-1028.5661244411556,-1833.8071993401145,-1008.97224213303,-2193.4288715520343,-1811.2902073029893,-2445.6794909184673,-2420.952517576878,-1138.1228983474784,-2241.759300953525,-582.1724686579943,-445.72364641400793,-0.0,-1383.3321181022507,-909.3495425945308,-1113.7232927266762,-480.1514372245427,-421.793998321094,-2297.843370670441,-692.0198434954818,-467.1853637208685,772.5009861489752,-0.0,1167.62534648337,-1513.025180093995,-0.0,-0.0,-0.0,-0.0,-0.0,-0.0,-1381.45889179007,-3025.578495102657,-521.5470263960702,-1000.9568920984834,-0.0,-0.0,-1999.7388338010128,-1393.1739182265817,-2076.673036719507,-0.0,-0.0,-70.62157904285519,80.47254080737599,-487.1061651712953,-2087.072772639899,-498.4826978713054,-0.0,-447.31135978419366,-759.0169853489122,-13.364530809658216,-1297.2794681477662,-1180.4998432102286,-1583.463553455157,-1165.2952706955557,-155.23651391434606,-662.6056717652066,-0.0,-1719.39789337414,-0.0,-997.0833182589294,-130.18489133933886,-42.259051196727626,-566.3011636131789,-0.0,-2466.4885396069394,-129.74309746507183,-660.136775698608,-1632.0955428290683,-1429.7378649425284,6.614584759981851,-548.1870074389243,-835.7052060072756,-25.63609154548758,-308.44371807166675,-473.41159283750244,-65.966030856939,609.452611727988,-1322.34572648374,-0.0,-980.7148340696727,-1291.1650187724222,-0.0,-590.4817389177074,-0.0,-1623.0003988014623,-0.0,-0.0,-0.0,-1224.1092103944068,-878.3876410589589,-424.33219529386656,-0.0,-1477.7763914946365,-3253.4112087149997,-3781.451157965863,-0.0,-376.95923743219504,-0.0,-295.632352363799,-376.42603415069783,289.2554080990727,-586.1821192213706,-0.0,-593.3903360130837,-992.2463655294308,-288.6102852806837,-538.0812674936167,-0.0,-477.67319459571263,-1227.633438745,-568.443138485387,65.267664970915,-2545.845126679484,-0.0,-0.0,-1134.2800149403934,-501.7869560390461,-1260.757601100022,-73.97796275371631,-136.9066147076941,-240.80038579820453,-653.2564912130251,-989.4730455646547,-1492.7070138232546,-2449.4262263495784,-0.0,-0.0,-377.74419530828266,5102.412796162932,-0.0,-0.0,-0.0,-0.0,-0.0,-2618.153003716774,-524.3549342341754,-0.0,-1120.9031587995541,-1122.243593349018,-635.4336566194962,-2303.7409822322415,-188.01762793527544,-1267.085901600266,-0.0,-0.0,-2176.9281260205275,-662.3299519121682,-1922.3840666960382,-715.7693508331636,-622.5671755468933,-1752.4474078448777,-267.2529586632246,-1918.0605971125565,-1113.0047276403873,-119.3189560281714,-891.2743561402831,-1298.4687156378873,-223.03949142558824,-234.31472162977636,-1939.2446154685356,-0.0,-515.6076797755289,-283.32913869466324,-154.94514673364554,-804.0471617116445,-231.38049843529845,-958.6690201658452,-792.612150261376,-1322.2295923507843,-317.7134675334696,-2704.4795458357694,-24.171279790491283,-642.9768063515023,-0.0,-923.8419148236891,-686.2030697962044,-1013.6887623908005,-1146.5802329697603,13.635967700800364,-385.6450760548366,-845.7886422334718,-845.5651852036942,-376.9233616540577,-1093.1653458964781,187.53624977332822,-0.0,-0.0,-0.0,-0.0,-0.0,-0.0,4.73139277340884,-319.00049218881327,-2515.216136461073,-4553.576907337213,-511.0613118018199,-1102.9333799569474,-149.12581547101942,-561.7857403766786,-1443.5482362790788,-1185.4942111204373,-84.26969537200615,-471.8790214317522,-509.04459353919896,-0.0,-137.74743855060137,-1094.4150451019775,-678.706634029223,-0.0,-1395.9226122612433,-0.0,677.7091639730291,-0.0,-0.0,-0.0,-28.216099638385398,-0.0,-0.0,-1029.5738341292977,-446.8257371730811,-1178.9789628209887,-0.0,-0.0,-0.0,-935.7492997568394,-591.022499219185,-1438.0602128893315,-0.0,342.21722821112934,-0.0,-0.0,-3099.771871700074,-1441.1409875495492,-13.295508419655336,-0.0,49.48225245109239,-19340.042547192283,-18600.911859802454,-2667.7135526388965,-0.0,-0.0,-0.0,-0.0,-320.66536588255093,-0.0,-0.0,-726.5444833116345,-2582.70273611791,-2245.34099727488,-1563.7773921172834,-427.6115704311767,-1892.3952450571776,-47.37851732073351,-1669.8794678315367,1020.0361976530411,-0.0,-875.062013620605,155.0094934778676,-0.0,-0.0,-0.0,-0.0,-116.96470916990462,-0.0,-0.0,-0.0,-815.6034686744752,-1656.2438374843407,-0.0,-0.0,-645.041858940308,-2169.5853797924074,-0.0,-1476.8487813084835,-1806.7796846027738,-1886.9278136429143,-0.0,-0.0,-250.1166329578929,-79.19099753518914,-1135.310943660181,-1566.7167559955892,-526.1489461309422,-1472.990552950868,-1278.813258817918,-0.0,-0.0,-0.0,-0.0,-402.70999351100085,-95.31031831244375,-0.0,-0.0,-196.9604613081693,263.09483691164206,-0.0,-1228.470176571211,-1157.2068838405012,-1148.6628490314695,-0.0,-0.0,-862.2876020466952,-1357.4609873617374,-786.5349608088693,-432.3430102323114,-0.0,-2416.829578764704,-2443.052716230156,-0.0,-0.0,-0.0,-0.0,-0.0,-1475.5093576828547,-0.0,-2192.4650552576272,-1191.1692563002493,-82.6870090293494,-0.0,-0.0,-0.0,-2748.070512181743,-1603.534933099242,-590.5412084266025,-553.3872684895367,-1115.497374559074,-838.1631689380241,-0.0,-0.0,-551.1597362080241,-1358.7621733286276,4.541998294473317,-598.0610023093515,-0.0,-1083.4536823559342,-848.8436641068314,-1667.0989253800208,-0.0,-263.9329287283077,-253.9987963053953,-328.01317237138176,-1520.8338402427526,-106.73069068578071,-0.0,-0.0,-0.0,-0.0,144.2701328823106,-163.90565448199573,-820.8277798214114,-1531.9817296653425,-1315.3631776106706,-576.5855366036981,-598.4166211211618,-9368.756777674162,-1010.0245777084456,-586.4721626489592,-0.0,-0.0,-0.0,-354.40838702367586,-395.08711535750587,-1192.288494824337,-348.87984855911253,-0.0,33.1994599291794,-0.0,-0.0,-0.0,-0.0,-0.0,-0.0,-0.0,-97.19603099779614,1757.7336679516536,-0.0,-1438.262584903259,-611.7887860227839,-443.1135523544887,-1936.538457084435,-0.0,-0.0,-626.8427921959251,-756.2903214868994,-124.12079196095652,-141.23367603638292,-0.0,-661.6449158569687,-186.2591499610336,-2029.2896062067075,-398.55684117177873,-521.0214889803954,-0.0,-0.0,-1378.3128854335769,-2434.9315987947125,3.9543545006953464,-576.9125618357456,-434.15138057522324,-1087.2822758676919,-1393.50946042065,-811.6317901846558,-317.822848692354,-179.02384033313197,-1517.4595994677668,7002.300133443852,-0.0,-601.8627217265216,-645.8546544243433,-1219.5294011685855,-1203.1281578809965,-1159.678044077469,-1925.5547740983209,-1845.982125113811,-617.5939145738886,-0.0,-0.0,-1818.2341395039957,-0.0,-0.0,-419.32682364844135,-1887.69157408697,-1559.388981041955,-273.78455253830873,-126.74034123594514,-1990.7798578566587,-0.0,-1441.935802965293,-0.0,-0.0,-0.0,-0.0,-0.0,-0.0,-456.98039554754337,-1560.5124629633212,-1059.9896606605853,-82.3096303924587,-251.99045963026708,-540.1407812753778,-195.74352593745536,-0.0,-0.0,-512.7726920160302,-642.2529508510553,-3845.5348014338115,-0.0,-1303.232225412778,313.7339554943952,112.44945460715317,-0.0,101.8893809025641,-166.86179692083314,-102.42246335249,-530.1205665977766,-0.0,-1681.4163843704873,-0.0,-0.0,-1482.0029689813236,-0.0,2348.560037348101,2293.769781302862,2273.7882999132607,-0.0,-0.0,-1935.745101279888,-0.0,-0.0,-314.4811571960067,-923.4208928505928,-852.297812622327,-1120.4789155939711,-1091.3671640022503,-0.0,-0.0,-0.0,-16.372278320024673,-778.3674738967418,51.8579385240482,-76.05100514246307,-1193.0973316991617,-990.0260315121659,-409.0637019754985,-1481.4489958188049,-0.0,-1927.9259844806115,-1224.2663265730905,-1703.9181552956002,-528.9890887563666,-545.5969413722019,-0.0,-1459.4437648244796,-883.1270118666247,-943.3896238957091,-2147.431087198583,-545.8352002643908,1247.6106878067128,-4.451310910785719,-406.3867717075506,-1287.4009751383678,-0.0,-1671.4094697683597,-3449.245889136611,-501.39044150711095,-556.3927844014465,-0.0,-0.0,-0.0,421.5384807882621,-409.91780771126855,-515.9915544886024,-184.7356186140345,-553.7730077591243,-448.11731714661323,-0.0,-445.86529600915844,-1067.017527644039,-793.3489607593036,-0.0,-2084.7307998885417,-4267.572446440658,-0.0,-0.0,664.3586364069522,696.5028256629033,-0.0,-0.0,-759.2375277475142,-857.6232671963692,-417.39262119227135,-701.8916644270503,-0.0,-0.0,-0.0,-0.0,-0.0,-3063.927223829452,-424.9571330992895,-1804.78071224676,-1100.0761378643888,-0.0,-317.7818880202224,-869.3096676411218,-0.0,-352.79924722458435,-845.968629608419,-1136.7282122612662,-4890.34103021439,-43.78550802337057,-0.0,-0.0,238.4413566979601,901.9888427600611,-0.0,-0.0,-425.80738572347616,-0.0,-34.34116541446126,-0.0,-2710.3652877360337,-0.0,-446.77925248341893,-0.0,-0.0,2063.844161978493,2347.750568262392,1920.0466205303753,-0.0,-0.0,-468.2899406729645,683.5298993731573,-2478.9904858963832,9.451916637649362,108.93756259376934,-2721.760738779191,-57.799982905293284,-157.33900388820675,-685.6582404001391,985.5661849306725,3443.9561272432975,-2988.9218951457296,-0.0,-0.0,-988.8495058409519,-1653.8165161374395,-1466.5023736517505,-272.3300606880327,-75.4932343517792,-0.0,-0.0,-0.0,-0.0,-2230.9399399387394,269.95355301208383,-0.0,-12.608708646172762,-0.0,-1761.6194946433473,-1923.5238966318643,142.55121785400166,-0.0,-0.0,-314.0079087995418,-0.0,-1809.564085301786,-81.50512869151537,-1135.658606489952,-402.8106155446222,-1303.4316469137007,-704.5612875406545,-1055.3829111775988,-676.9463560232724,-0.0,-0.0,-0.0,97.82634972717346,-0.0,-0.0,-301.5381438409097,-466.446479657102,-723.0953298165372,-0.0,-1467.686119255416,-1131.4503143150516,-872.0196038396244,80.23803082263831,-419.2690185997141,146.18158913670047,-340.38062480133135,-0.0,-0.0,-8.918709661434981,-1928.6575861353917,-660.2558579197788,-1030.48795124631,-153.1370600071999,-2106.3859014091004,-1926.348435306773,-1128.1544609612204,-1164.9523015241782,-113.43724848921988,-623.0975292529893,-733.5984577767312,-1142.4185120283678,-2707.55074614723,-0.0,-1833.8083658417318,-158.58643891544017,-0.0,-2344.0691389664585,-3078.134763096839,-2338.998884465886,-275.0892126032664,-0.0,-1567.3071765316015,-208.33550955612108,-1283.6930882610832,-731.892894683774,343.4467627091199,-1913.9325327504869,255.18182971949972,2247.0218011053307,-0.0,-230.51835067245673,-498.0901691514187,-922.2561879135404,-1295.4042360880542,-1803.2539773158044,-4569.49661665552,-0.0,-427.1243158242173,-1396.9587254346238,-729.5328999720225,-258.71633616656555,-29.3730890754871,-343.25641766659226,-0.0,-0.0,-0.0,-0.0,-263.72297235550354,-1295.0421208740534,-934.3811965916509,-55.74658513914637,-17.97993677726724,94.93140404419363,-0.0,-0.0,-1167.9971116992976,-543.9457031838822,-0.0,-2367.216274265433,-30.507182504804526,-1365.6341764959052,-0.0,-237.93964515538363,-196.0210379886215,-0.0,-0.0,-531.5549776559722,-0.0,-0.0,-5474.866120001493,-209.7094780680026,-2266.2046540627125,-9.42017109978717,-0.0,-141.279752910126,-1334.2628875006815,-687.5862554322819,-324.20614841815825,-1504.5583943910008,-0.0,-391.02289652415755,39.66463516554423,-602.0648226507712,-0.0,-0.0,-42.21110153885462,-70.84253746838823,12.69871874773759,-420.5334291724348,-1470.269314237152,-1700.009908677666,-0.0,-0.0,-0.0,-8.221725220698566,-326.0638231754305,-0.0,-1494.7882672119879,-2738.1545593217666,-0.0,-0.0,-24.786501218744014,-1618.5235724121405,127.87575770612207,-0.0,-0.0,-0.0,-0.0,-580.1144547133355,-2394.4080585435477,-641.5996699838107,-1294.5315477894012,-0.0,-0.0,-702.0203999838103,-523.2063102437273,-406.7291180970697,40.246021137217575,-0.0,-0.0,-0.0,-859.058378425452,-752.9911112024191,-526.2829945704677,-374.35225879795235,-0.0,-0.0,-0.0,-0.0,-2274.449140020083,-84.91022261587698,-79.86612386809539,-0.0,-0.0,-715.0493634169093,-458.3329194715222,-0.0,-2030.840184627917,-5382.211014077905,169.93468069756096,-1124.724202591921,-0.0,-0.0,82.2135695602624,-676.902723093254,-1815.9884575188535,-523.293571507511,-2622.9518756121493,-1191.870491331787,-860.9487190772198,-1560.8430900387132,-0.0,-0.0,-0.0,-40.7135744974002,-1175.804571033232,-0.0,-0.0,-3538.2111599996592,-86.32211203448104,-1491.6965566676809,-791.4782545640556,-0.0,-0.0,-0.0,-0.0,-0.0,-0.0,-759.0074514993446,-0.0,-1705.747334837601,-0.0,236.056954949783,-1182.146365987049,-0.0,-0.0,-0.0,-2729.264892181207,-0.0,-0.0,-422.55694324309826,-0.0,-0.0,-1030.5008546515028,-664.1492837736569,-0.0,-0.0,-214.1685711995903,-2104.9571341718024,-0.0,-1363.8690812319146,-494.0258364577545,1266.782059912592,-243.27397922997193,-0.0,-524.41344488757,-195.22986481869813,-0.0,-20.425564833075992,-0.0,-333.6595918437727,-0.0,-0.0,-0.0,-0.0,495.38414261194214,471.1223157552753,-907.1957119284144,-1891.8480342429857,-0.0,85.17903037258506,74.30678706630476,-82.68935223138267,-885.1483686923129,37.381435620163955,-516.5058387579995,-400.2084266649962,-253.97913116194903,-3645.7380097576433,-0.0,-252.53649906922425,-1629.4211691598782,-2439.5865037954604,-0.0,-1089.421373996332,-1514.5898898379896,-2175.6419895919935,-793.2093589560437,-0.0,-940.8559353203442,-777.0151153834224,-840.6507813270013,-1564.4842730871321,-1043.0269895248025,-0.0,-135.93340242636697,-1320.9872608320602,-0.0,763.8363801244809,-553.5843484639671,1119.7303508079442,-0.0,-0.0,-17.736629211712092,-635.0797348546034,-2562.786226874427,-1071.2545081940768,-0.0,-884.8084023452358,-3199.477044850685,-1025.0498927154595,-922.5724102802924,-1215.2505688460994,-508.9652792691828,-37.55209850362054,-0.0,-0.0,-0.0,-1153.5180970490896,-4.539576090180776,-0.0,-0.0,-2031.1837561213435,-870.250960676502,-559.9789195137727,-1744.131174788918,-168.95651832059514,-34.788021499512176,-2430.27789399218,-827.6870209180904,-572.5163360728504,-1369.2406849481144,-0.0,-2701.3269017828425,-419.67417312155976,-1190.3008786863927,-1580.5835349630308,-377.4803800162423,-552.808251216557,-1557.2973585956224,-442.0250753042363,-0.0,-0.0,-0.0,-1422.0654254134865,-0.0,-4071.814477353083,-1215.9713602930713,-1473.1372222574382,-0.0,-0.0,-0.0,-0.0,-0.0,-135.54024870733826,-0.0,-276.3369216959776,-1005.4674105268444,-379.72601172017164,-0.0,-0.0,7.853107264197747,-0.0,-0.0,29.67883083622666,-272.38114900207347,-0.0,-523.6638333865009,-0.0,-0.0,-84.23167429712181,-0.0,-3068.243816617834,-2381.0397216600404,23.397099750117484,-6879.377861509013,-1036.2767580356683,-674.485226391642,-0.0,-847.0636694490967,-1369.089904042374,-0.0,-0.0,-0.0,22.321056981013406,-0.0,-1178.439307707287,-0.0,-1660.8124473254836,-0.0,-0.0,-2416.2667227014763,-1131.431846561485,-912.4010107258307,-0.0,-0.0,-0.0,-0.0,-295.29043232155414,-711.6788314638188,1441.101620165305,923.2223029226658,-864.3391004929445,24.16156577839386,-0.0,-356.0524418128659,-274.7905285526992,-2042.4067210825945,-436.3324620997993,-129.34528063312536,-1128.1836375814075,-1391.8792232085848,-1060.5003772218968,-637.5680408216907,-0.0,-0.0,-0.0,-4.620196016710853,-0.0,-1599.363480209657,-625.4869063875965,-0.0,-2064.3044322559495,-1299.1181269435951,-0.0,-0.0,-0.0,-0.0,-0.0,-1022.3153559795586,-0.0,-326.3529867498128,-1565.0972453655233,-0.0,-1245.2464056637045,-0.0,-0.0,-0.0,-2511.3475533012547,-1166.0186030596096,-1013.7323561870903,-2597.161529675068,-0.0,-0.0,-0.0,-98.64318775741924,-505.7925830249703,-28.996267259446064,-636.3071516668492,-147.2939614955127,-0.0,-0.0,-350.37003287473595,-1484.1567925075697,-4163.201916292899,-0.0,-516.1367753408833,-1401.5687556219825,-468.3579841268387,-491.83793963556286,-0.0,-0.0,-3.898869348623423,-2220.624040292428,-2130.8368081940466,-40.57790098084565,-1676.9438554473788,-425.4904817085762,-869.5059649380794,9.449314916435121,-1110.5608033072303,-0.0,-2217.7839994085775,-0.0,-483.8048058508935,-0.0,92.81652641992268,-0.0,-0.0,-623.5305814794932,-777.4003290132641,13.924841451301221,-0.0,605.6053578059915,-0.0,-0.0,-1536.4439613202178,-1359.7329392940421,-1175.2567610948265,-0.0,-403.6721766066372,-672.992637059447,-1534.9230492903623,-0.0,-0.0,120.65548412054454,-695.7550381069449,-0.0,-0.0,-18.3043600356827,-0.0,-4.467637468042333,-642.3049005091643,-0.0,-0.0,-1397.07614820926,-1431.1133853459955,-86.23471723145116,-7.857208546428431,-132.3047175277594,-828.3016218914544,-1158.3774501438543,-1766.8349214185937,-0.0,-972.9225652808386,-16.342850123635536,-44.26028558207545,-1395.2323126067085,-0.0,-0.0,-0.0,-0.0,-671.3252347697687,-4.65079248441391,-9.31727868395358,-0.0,-0.0,-522.0672755092439,-0.0,-0.0,920.5715659111639,-1200.7294253317855,-43.23902944743396,-2027.7217564418313,-0.0,-0.0,-544.5837035679616,-0.0,-319.0261798362877,-1058.8597670266577,-888.177074641651,-1067.3609879643145,-0.0,-0.0,344.7031875339336,-0.0,932.4800057782099,1007.7689459769445,-214.53601597403076,-872.9798294251999,-0.0,-0.0,-39.74634165158177,222.5212412937424,-1008.7781331366509,-459.9523286620459,-1340.853056123974,-2666.7882045458023,-2243.0199866283224,28.149670516713677,-0.0,-328.639323315945,-5732.946493209028,-612.082294463826,-515.4109406737978,-0.0,-0.0,-648.6869357306135,-0.0,-816.0570918405474,-1510.5975768533426,-782.0791842067279,-0.0,-0.0,-67.59976206369046,-0.0,-211.16009967080763,-1454.7023090552452,40.65843153881332,-641.9203840179404,-354.129073362531,-246.83031712207224,-800.2724688462418,-2580.2678299383942,-20.061206359135518,-1222.9374784142794,96.22357941256459,-1045.284584973544,-322.0535168836387,-0.0,-0.0,-145.67152542814233,-0.0,-0.0,-1966.509539560266,-617.1803397803336,-0.0,-816.1404076523488,-518.5850902895828,-0.0,-0.0,-1520.2496935767404,-1001.5482977862039,-1538.814582735476,-1444.579259607163,-0.0,-153.2668057453541,-3295.282075899753,-917.2896414615848,-424.84789345699835,1945.5116855119272,-1548.4228754080225,-1237.4348166046695,-12.58624392126917,-962.2997048774921,-17.6207176766671,-1704.6309365875031,-0.0,-3592.7821349533165,-623.8758094300764,-0.0,-1551.7599259726965,-1728.9494813823048,-0.0,-194.20777856808456,-918.2386898460501,-1121.2470681320717,-1449.3989835939258,-753.6928058816749,-511.2806228489235,-633.7038267645715,-0.0,-289.33588401576,-0.0,-2515.3660666769824,32.416998435957,-3415.5962849283906,-819.2534181751311,-0.0,-0.0,-1264.3571102684007,-909.9802404339981,-0.0,-478.26933552175433,-0.0,-0.0,-815.7275687325895,-0.0,-0.0,-0.0,-0.0,-0.0,-0.0,-0.0,-772.5348043296383,-507.00156074698464,-3022.7543565126816,-2625.0246237015554,-0.0,-0.0,-1260.3772057303086,-2022.8586852856938,-488.5854855310366,-210.47935571354208,43.11683342449668,-0.0,-1614.5277959244256,-0.0,-2761.58425397949,-0.0,-0.0,-0.0,-0.0,-1661.4752751144397,-218.4142370580312,-363.0328701938595,-1229.6354003055294,-1237.7601054581635,-706.5635404983436,18.919786415245703,-1204.0752578214062,-0.0,-0.0,-0.0,-0.0,-621.3433347617328,-500.937892009283,-1398.9818502595276,-0.0,-1120.458884922192,-6590.15193757882,-629.2454839040583,-741.5468501925794,-3243.453578144832,-744.3822435459291,-0.0,-471.0657210294447,-443.0923803178944,-1185.2554558568422,-619.979150545607,-1575.0439945661856,-1474.6227644881922,-0.0,-0.0,-0.0,-0.0,-1609.1152562092575,8510.710899676442,7356.327584971052,-0.0,-0.0,-0.0,-0.0,-2114.9526974714004,-963.7344314574108,-93.96078070247326,-1443.4307034644316,-853.2581480391898,-0.0,-0.0,-0.0,-0.0,-662.0168982999221,-0.0,-1898.1215955798034,-233.95390539353147,-0.0,-0.0,-0.0,-0.0,-215.25252057127202,-450.0364527712053,-479.7620121484587,-867.4979278030263,-945.9358086206469,-1246.6753195330984,-933.8909119665658,-359.30705910551836,-1193.604117400866,-1550.593510305709,-1220.430655650548,-1815.1655184728031,-204.61200902295113,-1328.2389785326789,-1148.9847472318172,-942.2283987418216,-1695.2242456032207,-582.4550864984049,-2258.7596231862535,-1664.970202644718,-1492.3128609487435,-634.2232887012779,-670.7375617544676,-1134.4108882157948,-0.0,-1095.500132250111,-0.0,-3037.6811199017347,-699.87208837185,-248.98755847461803,-1816.450777635208,-1478.4919283559966,-1232.1992549793633,-0.0,-0.0,-0.0,-0.0,-822.8029163964752,-3846.9950342166208,-1424.1516772948435,-0.0,-0.0,-1123.5171420035222,-0.0,-0.0,-1051.4886268719983,-404.52116922784217,-1098.5036288430308,-844.250701058274,-967.2248772258863,-704.4352589520389,-1994.302645657314,-0.0,1277.408524091454,-0.0,-0.0,-1056.062431057139,-5839.030923648995,-0.0,1748.3723541922316,330.34854723595885,-942.5976047142333,-0.0,-0.0,-1557.6261632961234,-1070.241885293772,-2358.5921934238363,-2075.4566449774898,-397.86925991954917,-0.0,-483.2221997725242,-191.0060991780056,-0.0,-945.7053671519697,-0.0,-1696.7853743663916,-2396.8711945454857,61.05223950015753,-2322.6639740904034,-2041.780217113375,-0.0,-503.45127385162294,-1613.6044389038495,-2250.0170301173894,194.1848303296996,-429.86816065156216,-2585.959190710265,-940.8082102809893,-817.1981352201246,-920.0161498845968,-449.4466201702402,-1052.6145278708532,-1539.755074834439,-0.0,-974.9455122150855,118.86197705017446,-1409.1014069737041,-0.0,-495.1452004673249,174.96757012261355,-899.150893316309,-800.1762902966333,-0.0,-567.2871171848511,-365.533403380214,-1861.9427944942322,-1128.8234607548256,-1479.964364795588,-889.4853499346142,-847.6851394744396,-1040.197869090571,-2030.272332967571,-71.73243665370288,-0.0,-553.6725510170049,-662.3470816684255,-1479.1138560276656,-2140.906434638381,-334.21229790310355,-792.8376124352562,60.11891252758613,-922.7703975067657,-548.5338057075268,-997.686041138808,-0.0,-984.0406634539311,8.16240458842429,-2259.6656624523557,-0.0,-292.87601865336853,-538.456266762076,-800.7548274605457,-2313.9384388337085,-160.68320162772028,-1473.6128053748362,-741.407129622065,-2627.654208835761,-0.0,357.3549846248346,-0.0,-0.0,-227.57205449278828,-0.0,-0.0,-3702.9112785348498,63.17028589343072,-46.02512056972838,133.31230967393495,-1109.940334474462,-0.0,-0.0,-0.0,-0.0,-0.0,-28.628822421085278,-0.0,-806.9505902169217,-0.0,-373.17763378604053,-1817.3868208518775,555.0559489588778,-3334.2422661351834,-0.0,-0.0,-0.0,-0.0,-0.0,-0.0,-0.0,-0.0,-0.0,-2445.432138767946,-0.0,-2675.7544938173255,-3307.165294678827,-0.0,-0.0,-0.0,-0.0,-0.0,-767.1734851587038,-999.7878485231216,-0.0,181.88879540841057,-657.2386320155792,-2287.9379931456324,-611.2984159448762,-0.0,-618.2986778308078,-848.1846429062844,-0.0,-0.0,-602.6569935538156,-920.1194455803508,678.7790705480752,-472.345241285501,4.468243204576411,4.486845913301307,-0.0,-0.0,-0.0,1477.3140812091335,1744.9986305407147,1454.862286072814,-0.0,-0.0,-0.0,-691.0448492535,-0.0,-0.0,-1007.7429109427254,-91.34003749307439,-479.7736956720897,-60.327991761170324,-1004.1281171824129,-925.4743713666217,-1297.0686788589935,-597.1719315792503,-153.22501202527087,-1114.2157061840255,-0.0,-2064.877050617711,-79.76779084654042,-601.1644705786334,-895.7403086838838,-78.46014165902314,-0.0,-1164.408122533058,75.4721990594546,-0.0,-0.0,-0.0,-0.0,-0.0,-1476.9826817723444,-2948.263449281943,-0.0,-809.6552631739285,-8.405652636114823,-0.0,-0.0,-0.0,-551.902326763041,7.9037583808328895,-0.0,-1159.3888925910035,-800.2827621154655,-0.0,-0.0,-554.1075294928156,-0.0,-0.0,-1719.6827918136087,-1433.3716719080428,-0.0,-813.4658188439903,-2237.7046103277735,-101.4237984788226,-0.0,-0.0,-193.02980749258748,-804.8011689639723,-300.0697101549486,-318.7604793256588,-223.5666605031275,-0.0,-0.0,-0.0,-1188.181032180961,-903.7280606408287,-2121.252526614507,-126.5989975550795,-1288.9871590715763,-43.527766417181276,-392.52951590770033,-517.8223749129628,-2066.7282981855037,-0.0,-0.0,-856.8788554104558,-1858.7439245191838,-0.0,-0.0,-0.0,-579.2402651904792,-2421.6233978315345,-3494.1413438487907,-0.0,-260.95064132041256,-95.74558895847389,-675.2892306316608,-586.0822017657845,-1674.6080983369643,-0.0,-1457.4426338434757,38.909981422595315,-7.956408480362741,471.49070789372956,-0.0,90.15460689294187,-330.1699431552294,-422.3275511429754,-55.65679906974019,-0.0,-0.0,-422.538897941279,13.847570088806622,-0.0,-1601.2586741205046,-992.1411607159033,-976.3612393280561,-763.1397001216324,-1167.841005959449,-1560.5487201662859,-0.0,-0.0,-0.0,-0.0,-0.0,-379.056791490999,-543.4159921075623,-1195.8940336733783,-1444.599955429924,820.4119023882731,-1509.9866696681177,1478.26092472688,-0.0,-2311.2217746327196,-1541.765287402176,-712.9798915698739,-20.120853907830337,-194.98711578767748,-2108.9662949019917,-394.7651840077218,-0.0,139.53497577655827,-795.8822070273617,-0.0,-0.0,-546.0803262420019,-376.6181530389581,-404.17885794558936,-1215.2552340853463,-1450.469548944127,-0.0,-1674.6752710874189,-1350.3568058296992,-5147.078514017772,763.6204185960817,671.8405756046985,763.718910981336,676.4356324970468,-0.0,-0.0,-0.0,-0.0,-0.0,-0.0,-0.0,-0.0,-511.2057359123749,-0.0,-47.98029054119346,-0.0,85.40497940402479,-1112.94762655017,-1307.0860332536417,-1959.5409376437735,-0.0,-0.0,-0.0,74.35386827682318,-3237.001302003155,-770.6824607455611,-2884.0314534292156,-1675.3323094939979,-0.0,-0.0,-331.37911190539387,-1366.1383919090658,-0.0,-2134.8813157357145,-578.939819245333,-0.0,-0.0,-0.0,-2701.6250290780035,-0.0,-0.0,-0.0,-0.0,310.2575361011839,-0.0,-0.0,-0.0,-1061.5489627392192,-0.0,-0.0,-0.0,-0.0,-0.0,-0.0,-0.0,-328.32598352378545,-1094.6165758157686,-1526.1659980483234,-1435.8047482767151,-628.3149187806957,-1023.5345928914271,-58.251929404425844,-0.0,-762.4133208161052,-49.69188462989092,-0.0,-0.0,-0.0,-0.0,-712.7761951751799,-0.0,-607.5025375356771,-1312.1310256688419,776.8640982338702,773.0197843900122,843.6069671830269,800.213362079365,774.1672915301541,-0.0,-0.0,-0.0,-0.0,-0.0,-0.0,-392.3664210594565,-0.0,2019.9502590802272,1028.90378869439,1132.0218029000332,-0.0,-0.0,-1347.5825064387107,82.47147301518419,-52.19280580835669,-2498.189884168651,-0.0,-1929.1195486884108,-0.0,-13.396801687680007,-0.0,-0.0,-661.2971671604801,-0.0,-744.7039491849558,-546.9517908533701,-377.5517105398078,-0.0,-28.94763207107318,-0.0,-907.7479421593424,-0.0,-2220.756694787551,-509.85623497096697,1867.9457604784084,-1982.4892921777528,-894.5276053985026,-86.52464266037987,-846.6199859022261,-0.0,-520.3549035738475,-43.68904998621703,-2762.312594970345,349.2686730016932,-234.55363886586287,592.3702860004694,1194.1200604534113,-0.0,-320.2413982208228,32.26767355291046,-1062.7121448721439,-1208.0624044762062,-1494.492098181391,-2027.561597217885,-0.0,862.9693672617261,-0.0,-396.85347021284593,-2639.177969917105,-1277.9639303903903,-0.0,-1284.4309154565663,-318.8373521967417,-677.8821754110005,-699.2935684216322,-274.52722347979113,-1642.389372185884,-0.0,-1851.6745613508049,-417.3396916594057,-1615.4236480524635,-361.4987026740365,-0.0,-0.0,-0.0,-0.0,-1434.2419182181377,1067.6357297352429,-1002.1493275385079,-722.9967362778114,-0.0,-52.275332217724156,-0.0,-0.0,-920.4630338605707,-778.8982152293743,-687.1316138677544,-730.4893669490175,-0.0,-0.0,-0.0,-0.0,204.2498512755357,-0.0,-623.5009561424428,-1999.166227188906,-1055.3262759137854,13.443848371626347,-1486.0128531656612,-0.0,-0.0,-0.0,-651.2574771158899,-844.3046035988011,-0.0,-1605.0254497298918,-0.0,-3050.8889305031735,-3783.836959528672,-0.0,-94.53987151431026,-0.0,-722.158756506885,-0.0,-0.0,-0.0,-2403.959803075466,-1149.4315437667071,-536.9911971102063,-861.5056681431167,-0.0,-0.0,-2263.8034502240757,-0.0,-560.9316887731591,1103.8549552652185,-1048.9941807607352,-701.885485096728,-510.4145050132536,164.02719736814265,-0.0,-0.0,-1410.6299342292375,-0.0,-582.0010255324893,-94.21007198179707,-423.40129868841495,-321.78424812490306,-0.0,-0.0,-205.0232834051849,-703.4021210752313,-1038.0011126251254,-561.3856096164442,-1245.4160863621466,-85.10161999325807,-0.0,-134.82820077066842,-2019.3803311200784,-1167.0048949776597,-0.0,-0.0,-0.0,-584.7881362223536,-628.155439404316,-1514.8444451883395,-0.0,-0.0,-0.0,-0.0,-0.0,-1542.1258859812667,-682.2666330558181,-0.0,-590.2317554338089,-0.0,-17521.553049222046,-781.8582445198703,-274.80021343410596,-460.26130333271277,-0.0,107.6173406379401,-1817.4314099688618,-2685.8991436357765,-0.0,-0.0,-0.0,-759.4133201436649,-563.4362496562853,-1009.835771295086,-1052.179016655503,-542.192307530903,-0.0,-0.0,-1718.6660483917515,-628.4997594940319,-2538.0776952332226,555.5185972811615,-2101.70427075592,-0.0,-0.0,1705.6013464797152,-1055.4006054278252,-0.0,-195.79809909183183,-350.40767462173005,-639.2508673188843,13.581687630520308,-865.3549546062341,-0.0,-0.0,-1303.51777085882,-1402.0218020741536,-2629.1586511660903,-0.0,-0.0,-2328.757629046199,-752.8241861499147,-787.8217800351522,-2418.1182844257737,-1561.347375183008,-0.0,-0.0,-1116.281918950498,-0.0,-274.6665781790103,-1641.081258510158,-1564.2454944192164,-0.0,223.70150895005048,-789.2476939739985,505.19891468461645,-191.35139752241685,-367.7644843720487,-0.0,-662.1255937619294,115.24867551353606,-201.3369017397467,-380.3986288651524,-2711.140290429281,-2216.0197579809146,-91.73696064638604,-5058.49783981087,-542.55666499913,-1097.482836599844,-50.138723301583276,-3926.258328410945,-335.1489657297805,-798.9483619266529,-304.56644384125525,-1841.473369775367,-1316.0309889569596,-3290.6988562369925,-4505.536952095632,-42.765253097029664,-645.0347731056715,-1618.949836426008,-1085.9724987670309,-0.0,-4082.840978490547,-0.0,-508.76822397411854,-1523.2500268396466,-1305.4450511370571,-0.0,-0.0,-932.6890109322203,-283.55430601594895,-0.0,-1480.672052609916,-0.0,-780.0914533865766,571.3900777894374,-1501.726804856104,-480.63996557848446,-8.037278022006278,-61.17399097652492,-0.0,-1909.7883537820649,-569.8602334806932,-0.0,129.66636254017803,-0.0,108.65583025364775,-136.84043693519382,-0.0,-461.90723348465605,-1305.624543583654,-453.6800012511229,-830.9101730075487,-2283.1495385799626,-0.0,-3877.0412895052773,-1958.3745603099446,-2573.1150723196997,-2360.9848617682424,-73.61730552694424,-168.1963908236127,-618.5038947016675,-1252.0616019425715,-0.0,-0.0,-1057.3064269629585,-162.75495857694443,-0.0,-69.72499030546965,125.33270269740916,-2349.707065871886,-0.0,-0.0,-1185.4551831445629,-0.0,-170.42517843903468,-0.0,-60.200085176686656,-204.61617130256946,-0.0,-343.00761291331617,5611.713767395502,-0.0,-0.0,-1556.2048888652853,-683.6973096772454,-257.6622598335643,-0.0,-0.0,-0.0,-566.55871842571,-2034.9543885033581,-0.0,-0.0,-0.0,-1934.7117302991664,-192.78886795956407,-0.0,-0.0,-1717.6576727454574,-716.7481302788241,-359.8074344297601,-374.9261330236455,37.471731904072016,-595.9589559635012,-372.94453524601494,-276.2165828994088,-2124.3712388216773,-0.0,-0.0,-998.3069432098473,-862.4583453966616,-2591.0760974752156,-0.0,-0.0,-2299.83911832973,-543.4725493646339,-1449.503173686232,-506.2079177136889,-697.9755710123177,-2266.4894295322574,-712.8060418660408,-84.46457941984735,-877.0099935971164,-2316.8418977345723,-1819.7387032227846,-1216.4347394784443,-0.0,-518.1267691044018,-0.0,-1695.278915910102,-397.06721801585087,-207.67422173878944,-595.4635479004379,-895.4666490722096,39.27354403442332,-0.0,-1065.5194890155908,-622.0914439887744,-85.84237712939097,1484.1821145474526,-67.26386391845514,-0.0,-603.339219396936,-408.25762169132156,-0.0,-690.4467587150227,-1506.9731373879874,-0.0,-0.0,-0.0,-0.0,-351.27792352815345,-724.7107196692251,-363.2601864203595,-395.8603639428555,-344.4312462162564,-1861.4833266900905,-739.1626976605247,-1243.7763666012047,-2367.9550700066757,-1708.9951376446584,-0.0,1043.406744943172,875.562772078797,563.940754568876,809.7649666342528,656.7887968748985,-0.0,-0.0,-0.0,-0.0,-0.0,-0.0,-0.0,-0.0,-71.95213280650422,-803.6572721581111,-511.9752055864166,-335.31872621262374,-1032.9474989686373,-120.97089029271177,-349.9820440819001,-1123.613263389451,-288.2023592232454,-1745.8760986730815,-806.5069580729488,-110.80249898022264,-457.4201075522204,-8.787541037199327,-0.0,-861.3632748560572,-167.59231315682808,-127.8657565198628,-846.59038727729,-445.9467274561953,-1642.5287165009834,-265.77685975372316,-0.0,-0.0,-2236.6177394457227,-432.8283477718143,-280.0560807954339,-507.58951349632116,-883.0629772945719,-465.80032912188676,-361.81737209478865,-0.0,-481.8249763695598,-542.7510752420549,-630.6539059706288,413.4332886604921,-1364.0959543427564,-1881.8588101052185,-500.8814198204784,-652.0402068952023,-287.64210977696223,-13.304336705286389,-0.0,529.8805166764399,-938.4199667927408,-49.893897060343576,-1746.1656238996738,-0.0,-0.0,-1290.9373590488135,-480.1535222030122,-0.0,-721.2834349173426,-707.2879010318132,-849.9296249418331,-0.0,-814.148141236581,-578.0302570401494,-2124.752381160726,-4244.847932614506,-406.75852134094004,-0.0,-45.84252004634026,-407.41926209477543,-1667.3094342812833,-204.08414377288983,-613.6109817561821,-646.7652690355658,-742.4930515222087,-189.90206142488822,-0.0,-0.0,-1302.3018250110126,-34.94418254979391,-427.00351884594926,-678.2184354904842,-1446.1840710501278,-2362.078478066509,-0.0,-461.4678525721887,-0.0,-0.0,-0.0,-0.0,-0.0,-52.47681224068313,-161.28115072794702,-399.35452464081754,-0.0,-0.0,-0.0,-0.0,-0.0,-0.0,-970.848464024478,-2103.165187272052,-438.14109670170484,-483.10114229703424,-44.552002030055164,-0.0,-0.0,-468.44047687387865,-0.0,-0.0,-68.41415002871699,-2406.126268666602,-0.0,-0.0,-1340.0229077913712,-607.6165293690364,-928.7213916829986,-955.4836034095429,-799.3549326799923,-0.0,-0.0,-1216.0480968220827,-2033.9595425433088,-1067.9660236491873,-0.0,-1053.6704002770375,-148.85350146708836,-311.28014485195075,-696.2363732970705,-7.932040956782404,-634.5356621133801,-1851.408875967451,-0.0,-1563.2506268489763,-174.15565452022713,-597.587471546985,-1351.8868279914127,-135.4917182014912,-1102.6105540622675,-0.0,-1166.4412961212827,-31.78368345562738,-2056.7675162807477,-2021.0921382654572,-0.0,-0.0,-0.0,-0.0,-719.1117136553496,-894.2909853386694,-0.0,18.42568095915091,-422.6794015437618,-960.6890553580691,-2129.5331839744763,-2458.056205886877,-357.35514691738985,-0.0,-958.1846109320225,-713.7115224208628,-1910.2089115902857,164.02891222494512,-0.0,-3069.66125254961,-832.5300255557595,-0.0,-189.15148909490512,-1569.9962931296254,-0.0,-0.0,-658.2674885873083,-1449.416950293923,-0.0,-1056.3648422378694,-1442.6440532630666,-0.0,-77.96389599146467,-535.270977024381,-0.0,-1549.5862654721252,-2478.4084014147516,-1021.2050438250687,-155.5604622305693,-1929.511513471307,-78.0240650439733,-1020.6950114437046,-609.0946386843925,192.60300111816443,-1173.9615473223757,-1292.081665840773,-757.3456082816624,-1293.6041039439756,-438.7504056318202,-546.923689041857,-653.6631112406088,-2062.302047736309,-0.0,-0.0,-1757.8394984661631,-310.9466847650453,-0.0,-1572.9314782105878,-1156.4154630078497,-0.0,-2688.2279645901885,-485.4221643140344,-0.0,-724.1086852253222,-0.0,-0.0,-1234.996146727367,-1035.0722715991822,-0.0,-0.0,-0.0,-843.3765569088227,4.068324748323091,17.526890816535126,-312.2997505532957,-0.0,-1895.0124594913354,-1520.7525999832912,-549.6570788643224,-2128.0780152516613,-0.0,-79.18246718389021,-788.0769281404735,-0.0,-384.1311029293369,121.68985838123699,-1255.1340259652725,-988.2823064933098,-742.9707863752047,-1158.6704921840835,-0.0,-0.0,-0.0,-898.3195481901834,-0.0,-261.62968916700834,-919.67881286643,-250.973486625202,-1335.4054998883987,-2239.3925539805427,-570.9068907951619,-2059.9271948083106,-0.0,-824.5689402150819,-1741.0950011994566,-540.2712300871618,-1198.663318337629,-277.8051670134653,-602.780117926065,-1497.0135367558678,-0.0,-0.0,231.85328461947276,-2514.5779597759065,-925.7312327685252,-266.5915598745804,-0.0,-377.91756372843207,-280.03266236072045,-593.6333077033793,-0.0,-0.0,-721.3192438270282,-0.0,-59.0914890540901,139.11076548022405,-88.40460803345854,-2290.4195882021363,266.7201107116918,866.5888038284837,211.70838530552388,558.7799336533877,41.17720300048385,-0.0,-255.59920800281816,-816.5184530822141,-303.71577389640123,-59.332477586254754,-0.0,-0.0,-0.0,12.732669256230523,-21.104115507177553,-948.2586252245809,501.37835729995646,2279.6086308253475,-0.0,-0.0,-0.0,107.43060581203123,186.90107487347046,-0.0,-3014.7367013583007,-0.0,-0.0,-0.0,-0.0,-0.0,-2549.859544709034,-252.8536189557917,-0.0,-123.29644918075627,-1709.743407676191,-133.579504982885,-1064.6524524539047,50.65629239972453,-1993.1461252879396,-3690.2775106220156,-1874.0020299855184,-0.0,-0.0,-1439.674703873187,-1029.0106555557834,-772.875297527527,-426.7588616089825,-329.7002847279678,-991.3926852706586,-940.2623038562284,-5567.944082523827,-652.3492283379435,143.20238077919691,-640.6433926144111,-881.7490634934314,-673.2297778689814,-626.5050339192215,-8.032881033645364,-1906.81249437275,-858.1191682568435,-581.8592772886894,-0.0,-0.0,-0.0,-0.0,-234.47737570424124,-1238.6601697989609,-0.0,-1308.7650473870735,-1582.5008331822767,-0.0,-0.0,-1398.0960874880327,-0.0,-0.0,-198.8085331840746,176.57326112075992,-0.0,-0.0,-2508.2749547356398,-1182.942393846188,-117.696426963956,-1239.7362572017064,-1293.1669821095113,-0.0,-303.8718014928813,-493.3559404582393,-0.0,-1508.7718612788615,-279.6854070543958,-1044.723606245962,194.38132151608116,-864.6674208340395,-200.60281876852164,-349.33034261906124,-49.30501385325664,-46.09858213855392,-555.1433579529881,-786.5208307468827,-484.472357485068,-793.9457235609505,-0.0,-104.10037027831703,-663.2930536643622,-281.27267739746725,14.091052200474024,-0.0,-1002.4104580089349,36.14266092624317,-1141.7105372857993,-0.0,-0.0,-0.0,-1906.2717830027855,-0.0,-0.0,-139.10548607434316,-0.0,-0.0,-0.0,-0.0,-0.0,-0.0,-947.8955159623368,-1455.7384081439866,-0.0,-0.0,-0.0,-0.0,-848.7055845044626,-442.20556034092465,-0.0,-0.0,-1656.5503521450194,-0.0,-1364.1081714798818,-2243.8509573680985,-0.0,-0.0,-0.0,-697.6814747896632,-0.0,-0.0,-0.0,-937.8328438416358,-819.7595428220365,-584.4906996614752,-0.0,-0.0,-184.5921241842529,-0.0,-3833.9588621101916,-4960.413918058284,-0.0,149.36265768362966,-0.0,-617.1735002713124,-759.0407920455776,-1899.7460297453333,-0.0,-0.0,-74.42239570062534,-611.3845895239127,-1302.5509363195297,-705.4548846019625,-410.2734737134426,-0.0,-0.0,-1277.3946635920759,-847.158455965233,36.56003794273363,-0.0,-0.0,-667.603136328463,-338.8960966344695,-48.90359651440274,-0.0,-0.0,-0.0,-1947.9333860647953,-461.9973083794901,-1236.5527524965398,-4629.6211737067,-0.0,-843.748916493896,-1015.8891800115814,-2286.6011416336687,-425.9486176677894,-0.0,-0.0,268.3154785015262,-1185.459045789184,-1705.428703393764,-434.17660230239744,-125.62703460454945,-0.0,-1944.8285244895822,-391.6319367642605,-1343.3128382355999,-790.9818908794637,-2678.7020983431294,116.17090226989984,-949.204991867807,-830.5916460147673,-1907.2912418152775,-0.0,-0.0,-903.4932496425691,-1841.4668979994296,-1747.7003641707197,-924.520745349951,-0.0,505.66665663319753,-111.2167855736153,-445.82652108078645,-0.0,-16.149643123160768,-0.0,-2660.515562746057,-35.94871757830651,-0.0,-0.0,-876.9299556261514,-1206.0363888641564,-805.5106655540395,-251.1015665259561,-728.0972835528412,-0.0,207.93890712025285,-796.7825217959512,-63.97284826204894,-1550.299557495729,-0.0,-1389.7807347218857,-167.2551550654375,-618.1051730054354,-424.7011347048557,-625.2815569956981,-46.905395622078004,-4.700585151941189,-1204.9621051790045,-1215.8707602848249,-1546.3184625463855,-210.50374663850295,-1332.139308876207,-4.246808973639075,-0.0,-699.5333890523261,-3051.262256960949,-0.0,-0.0,-28.370585232927276,-2107.137912272198,-218.24774928188583,-629.3864030711811,-354.94848694992925,223.90118667256337,-0.0,-0.0,-1454.0881618648439,-0.0,-0.0,-2129.5698226178947,-1412.901542609732,-905.9031452618198,-975.1556589829664,-481.77825168845317,-847.1713643004434,-942.1707714652565,-1270.6117299716936,-2295.226225137104,-0.0,-0.0,-0.0,-0.0,-42.972844868488714,-0.0,-1934.5301426994238,-648.7500782885035,-751.0859941643519,-850.0613349197737,-473.2649369994216,-0.0,-1468.4852940956866,-597.5274440820881,-0.0,-2612.768003794926,-1655.695074849534,-0.0,-0.0,-2901.1533712787063,-1709.5179144673316,-454.5720949160456,-815.1834067807521,-0.0,-467.0631036406961,-12.115688472276391,-0.0,-734.1778311072883,-515.578054864342,-612.6932831730886,-0.0,-0.0,-0.0,-0.0,-454.82321072701853,-1112.7857201767983,-6156.799588515548,-0.0,-0.0,-605.1406761207575,-631.9643056045004,-1802.5784656699748,-616.2087598999433,-71.91589142619387,-426.0288030576334,-0.0,-723.0452859077283,-584.2727214565874,-0.0,-717.3536327357303,-1300.5995740991773,-0.0,-0.0,-0.0,-0.0,-0.0,-131.70338676692262,-2044.7747001984685,-0.0,-1150.8736710849553,-945.771985917474,-0.0,-2023.7576856384537,-783.4716686753919,-1140.7649573789276,-1467.5717633464114,-21.122761955091143,-121.71003544662933,-1331.161578715742,-862.6297448745178,-395.9061311429125,-0.0,-1432.5559068793814,-1329.602567178305,226.39053511040916,-0.0,-641.955657847071,-963.7964204438056,-933.7751705536533,-49.86888210768322,-0.0,-575.2495397262802,-0.0,-0.0,-2862.150439530513,-2469.436317137273,-1977.6929288644237,-1700.2468137690535,-0.0,-1096.7414590569965,-2069.371124763025,-0.0,-6078.20337101805,-0.0,-0.0,-0.0,-0.0,-986.5152921494666,-2365.3183146835754,-2641.296318109426,-19.91033167306153,-2080.743739242663,-0.0,-964.0159185891954,-23.722265461719203,-0.0,-0.0,-616.8217857805372,371.732544194829,-0.0,-466.58205942278113,-39.767371484727164,-0.0,-1425.8085998913496,-0.0,-2309.1377948565464,55.84283387753125,-0.0,-0.0,-1015.9559859222703,-1570.940176883529,-964.9318393537504,-1336.9968081809652,-1201.185690939775,1365.4177383016397,-52.30536668686145,-975.8652115802739,-83.42862314540798,-2194.0184678589458,-924.0938035441033,-861.9499449435348,-510.614611875231,-1577.6995218460688,-1934.5638239401985,-447.5907063711578,-2051.744058370563,-359.49502558582196,-0.0,-0.0,-7.848212081982686,-0.0,-0.0,-0.0,-0.0,-0.0,-0.0,-1622.0712730383445,-691.0444491418167,-1400.0305764510326,-658.3077633765853,-0.0,-623.03437793789,-1229.8311874033202,-1092.6809705909466,-2097.701602773256,-1311.2836945925403,-68.14729658931022,-32.93777400815689,-1207.8619498158878,-1180.7892157139245,-0.0,-99.40888634679125,-0.0,-81.16861783448503,-834.6639889937085,-204.08009367888974,-549.2392712567499,-980.6511053603272,-0.0,-0.0,-0.0,-3404.9960437305717,-0.0,-98.00563002101597,-0.0,-239.28044108002712,-1007.5166600723311,-1191.4013160677675,-766.6468213673534,-0.0,-41.25459234420096,-562.0567961054883,-481.333880615134,-411.33787541885596,133.77055164742708,-1157.1596587898362,-0.0,-0.0,-3134.349773096842,-0.0,-1137.2936157452755,-681.0811438402867,-409.28674181514407,-268.4969875923739,-1300.453953741646,-2832.3054540376197,605.5568191669273,-2284.071952363246,-1703.9473153959218,-546.126145178453,-4.509410800397558,-0.0,1378.8895967310257,1286.3446223716965,1280.88511629379,-0.0,-0.0,-0.0,-995.5811762443757,-0.0,-302.94936785851763,-184.811803564888,-0.0,-3685.1553284086312,-0.0,-1523.6322673119164,-141.7632256695911,-1028.2700356017374,-699.4027471215612,-1671.2428007720202,-1746.7866502789502,-0.0,408.32726063817785,-2465.237158451622,-1961.2723257271118,-531.8368559375199,-1675.8571266360084,-1834.242142111876,-0.0,-0.0,-417.2183671806397,-765.0251343220326,-2419.224051599032,-863.3000896386123,-146.55645999436854,-0.0,-0.0,-653.4268377245903,-0.0,-0.0,-0.0,-160.78680242968218,-1277.9685721797694,1693.0024187004067,-1328.581191549764,598.4085832443069,-850.035138665685,-1003.090768579779,-8.60521859719591,-4564.869166662883,-1140.2811937638685,-0.0,-78.77386725567455,-2419.311505109745,-1963.2488382789904,-0.0,4.496610227843023,-0.0,-668.9735227948421,-0.0,-2200.620545517049,-1896.3606682574198,-0.0,-313.55181866206703,-0.0,-0.0,-0.0,-807.8541810415779,-1108.9301176126921,-417.3465859632544,-1025.127034416919,-1842.7239776422066,-924.730589068422,-497.39476259891273,-550.4922014594084,-0.0,-1670.7448340615483,-250.67063024552823,-773.0234441094545,-1128.7825235858977,-1611.508841708353,-1533.600017352965,-431.12096204165164,-1873.561398064891,-0.0,-0.0,-0.0,-2475.2913334493574,-0.0,-601.0098579544693,-861.2723104674681,-0.0,-808.335497694291,-653.6680612173038,-875.8399062090479,-725.6214500464564,-204.16455963104127,-1962.1184872218387,-4992.705839008944,-249.67961281887958,13.325027873602082,-0.0,-122.37494277468501,-7654.24270418579,-1872.676840399919,-679.4342860012844,-2443.1469971789784,-273.9733586295513,-0.0,-8.640849227474822,-695.0791855170412,-97.0756526322474,-997.6030618592387,-1066.8222762661087,-173.54289730646843,23.38689419563237,-920.5002238217901,-2430.759852986307,-2129.964479920633,-1949.4696037658691,-0.0,-1583.1119199539685,-0.0,-120.4792172542646,-1148.276313579286,557.652313603439,-0.0,-0.0,-343.22807412284874,-865.0884784459837,-836.2795142226773,-1341.983543302818,332.1409455868046,-1608.3911723873043,-77.41170089182566,-351.85930626639123,-1617.1222557376202,-1880.2772285521683,-396.954336318692,-0.0,-0.0,-0.0,-0.0,-0.0,-1882.9739180879692,-0.0,-724.8177084719206,-934.9876174058794,-2737.5913884336746,-0.0,-0.0,-84.00641867256684,1183.874429294601,-615.2234924141247,-1355.563616851502,-0.0,-1472.639273880111,-4709.055541836961,-766.4190526162976,-5841.632163923598,-1167.3967926306213,-0.0,-813.6440696446673,-2767.4261583184525,-156.8217757700298,-0.0,1215.613135764605,1394.8427176845425,1333.6257949692983,-0.0,-0.0,-0.0,-0.0,-90.90284645220589,-2521.86365715353,-4.673219600679975,-0.0,-1961.2001439278065,-1217.0633568276612,-381.72825868206354,-4.674205313950156,-0.0,-128.82580549803643,-721.7831684760829,-0.0,-0.0,-39.63779213613957,207.3063616881869,-2134.505913862101,-0.0,-1034.503094083869,-78.65143030582301,-91.87879624211446,-0.0,287.0087654027826,-100.64769679108036,-510.5825651103569,-2086.7142592253736,-0.0,-88.16506993464989,-1350.036799125689,-1156.5122969665358,-0.0,409.9020103994753,-0.0,-1034.1028729297486,-1119.8197672008537,-7.9269622563147415,-0.0,-0.0,27.397091519123855,-272.1632317374553,-187.0878164044474,-83.77873291251151,67.81947331737877,67.8444309687452,-771.7371113341482,-785.8834540522802,-1174.1353349352944,-0.0,-2024.9259921290804,-936.4087492556746,-0.0,-0.0,-1102.0779589785473,-2253.1351008885667,-591.0561930169263,-0.0,-2918.988581465859,-122.21796539347673,-76.07418616750283,-1267.1292571999234,-0.0,-370.41058877826083,-1355.7252089035078,-3.970063191693917,-0.0,-5062.166756583023,-183.85065749109705,-1494.8790269508104,-1101.1699335103008,-1163.3137371360294,-2209.560322596548,-98.84675803938717,-857.2051778803205,-2113.0668813408065,-1283.3780086800775,-1134.3276298487303,-259.2218054556344,-1909.7349345089451,-0.0,-3158.454649996425,-0.0,-5632.421050666733,-280.0834196097471,-281.48447800176433,-1433.0732029766953,-0.0,-0.0,-0.0,914.0531133635047,27.672459996617054,-995.7521511776558,-1484.011002493924,-397.4118553681785,-1066.1863839616235,-0.0,-0.0,-1456.4881904464899,-336.9601648487591,-461.9437493118189,-208.12148973580253,-0.0,-1591.698916123274,-401.25367819540384,-1782.7471906729559,-0.0,-37.55307529053249,-0.0,-1897.1342515727727,-855.6787878302157,-1914.2238928538275,-0.0,-0.0,-1672.9632593383462,-549.4867638908042,-725.8258239497302,-1522.4500327057026,-342.05970026492497,-1272.9081759120384,-0.0,5.634699080129447,-1085.0480244982116,-4014.1673534061724,328.654645316914,-1416.714914845747,-6724.029504070633,-661.6091438773111,-698.8159406287889,-220.31101572675436,-123.70477566622864,-970.6070259423134,365.3472999912124,-105.47704058065574,393.2841782075256,-1231.2290516528994,-528.538094637031,-0.0,-1363.5590664087886,-1834.299803676951,-597.4569731766342,-449.80003739181205,-0.0,-0.0,-36.17661010797785,-1130.1066656023959,81.17342711149826,-2159.0391031416652,-0.0,-0.0,-444.4815265121201,-660.6358477846413,-1133.047948782027,35.65525738719109,-2867.883673299951,-1488.5537865230044,-1406.169167212657,-159.11865854984637,-0.0,-427.27890842274377,-0.0,-649.6092968862374,-13.917079659112419,-1614.5749876035402,-502.17085434016127,-1582.028761860767,-381.00884956833363,-303.176786443337,-0.0,-1282.550464521576,-702.5183309555664,-1275.955696783421,-0.0,-3350.5304754907033,-1289.7931014591575,-1524.510053604175,-998.253257706775,-1023.2693677205064,-63.632634195844744,-2329.5884678487687,-809.4775628689632,-1317.0920941929967,-1892.067639091398,-204.3488496164877,336.35062730175576,-1033.4697069535725,-0.0,-0.0,-17.829088133743085,-57.34077430381181,-16.054893972411072,-284.352484262066,-0.0,-0.0,-0.0,-0.0,-0.0,-0.0,-0.0,-0.0,-0.0,-0.0,-1430.0341490257883,-2432.0879894268483,-1969.0812000138446,-0.0,-0.0,1338.594570124105,-428.5645966959366,-0.0,-450.69295622719994,-400.06858860680273,-964.520517803526,-869.377089504204,-1111.5258346510702,-4.0345516447324075,-733.761175379281,-439.2701480004643,224.0866613412074,-0.0,1011.1106463048825,-0.0,256.33070183730956,-0.0,-344.87741403616536,-0.0,-473.4985204422299,-1102.7356886638959,-1880.4276799562554,205.01238201660672,-0.0,-0.0,-0.0,-0.0,-0.0,-479.54413489489093,9.087850295585657,22.368758735381107,-0.0,-0.0,-559.9111988584137,-0.0,-59.128989627180296,-708.1352486690768,-4162.235271726558,-0.0,-1335.953635300756,-0.0,-645.6590019851499,-0.0,-0.0,40.438568636665686,-0.0,-276.25501275946436,-0.0,-0.0,-0.0,-983.726888167756,-1674.4499891545286,-0.0,150.42801633169697,-2238.928710669868,-0.0,-95.27268329612868,-349.71697606378774,-0.0,-0.0,-1821.0670099514855,-0.0,-816.5041323044516,-1361.3743157813424,-164.85625795921575,-2791.357745325496,-1795.2355483491788,283.1978265179289,-730.7947959630828,-0.0,-1242.3493573751978,-0.0,-0.0,-0.0,-3905.8634003188763,-904.8688134200845,-1451.1980414151358,-0.0,-407.62254539395013,-18.63852257442504,-1153.5680469348583,-2202.0419975689983,132.09433525372242,-2627.955198922628,-0.0,-1759.0778736114867,-2519.273837840107,-0.0,-0.0,-0.0,-0.0,-2218.8431044966615,-401.29147464231596,-1330.8532710031907,-0.0,616.2674560617736,1388.5648240482674,-0.0,-0.0,-883.2996953791986,-882.6821886786607,-346.4820248596302,63.275381678957615,78.87246746571674,-0.0,-1470.5804665702317,-0.0,-279.9837446237096,-1193.9738015089404,1689.7924609784452,-0.0,-0.0,-0.0,860.0984845286235,77.99324663651618,-898.1369596249932,-0.0,-1357.1309129334359,-0.0,-993.3969061840114,-696.6320202522083,-0.0,-0.0,-0.0,-0.0,-0.0,-74.56568010451862,-0.0,-0.0,-0.0,-1177.5432120525913,-297.2186252692903,-0.0,-0.0,-0.0,-117.35499296024997,-85.44491091746293,-589.6579882035956,-670.2776288460551,-2934.1930429864487,-842.3695698744995,-469.28847927400085,-0.0,-2568.6069724008153,-46.784413171279716,-0.0,-1073.2592713172999,-2523.699296779527,-701.8069281796263,-532.2596063434313,-1139.456635520365,-231.2162406849453,-679.3328114710454,-742.7859137261971,-853.6842091157476,-204.5903831402956,-1873.4288756643316,-807.4377731748201,-382.41976936426863,-0.0,-0.0,-843.4707752369164,-3949.371799216601,-0.0,-1021.4416242587345,-432.51633898660657,-0.0,-370.22400754214675,-643.5547678879191,-788.8116763980187,-4.379722362465278,-0.0,-0.0,-0.0,-0.0,478.0354400043408,-0.0,-625.7389522095069,-0.0,-0.0,-671.2062088927005,-1216.3854997531553,-2701.6975657307967,-548.7002685179469,-612.0918091396844,-114.29075347087944,-2181.6356320740897,-0.0,-762.9022963596398,-393.09696652601855,-494.4324004546467,-1049.3685910813558,-1030.5768354225545,-1497.4969974747144,24.31786857432749,-379.2478250431302,-0.0,-1107.9351787296494,-1177.4606175177632,-65.00248438463294,7.6479026804308745,-2478.623299407765,-1257.896793244042,-744.5008342534508,-0.0,-673.825657520755,-626.4024488316744,-626.9839826154879,-2309.1729053373147,-8.44101054992053,-0.0,13.252243469929269,-0.0,-0.0,-242.50031725766206,-3460.2742069110986,-218.9079494481472,-1558.594398970584,-3376.7064748808975,-0.0,-4926.87718769104,-297.73927395570786,-2446.1310141534786,305.2146990276763,-0.0,1578.5977037033322,-804.7867697864164,-0.0,-2280.248598818464,-0.0,-20.69148345528248,-0.0,-0.0,-0.0,-0.0,40.21383852538094,-0.0,-0.0,-0.0,-542.0510650137696,-1500.1697500664252,-742.3715196691504,-0.0,-3662.726366575975,-0.0,-0.0,-0.0,-235.8265335484125,-313.0631750046688,-0.0,-1861.292775871648,-0.0,-0.0,-3669.3885329310197,-0.0,-0.0,6.325669577866515,-561.0627467240414,-22.353348829058735,-0.0,-0.0,-186.8070408412576,-0.0,-0.0,-1407.174230074882,-1241.4064821350264,-1462.8002824379987,-0.0,-280.4553672375023,159.8758840631303,-422.301374289761,-15049.310635566268,-0.0,-624.8822435056428,-1310.2419877205905,-1536.9571568855101,-0.0,-0.0,21.147680089485366,-360.1867927440255,-1013.415724096291,-0.0,-0.0,-0.0,-553.1010255707956,-2744.530514618798,-1529.083256740752,-0.0,-0.0,-0.0,-376.72142370867465,22.274919175104706,233.3689388495243,-1106.5264983790505,-0.0,-0.0,-953.7598357598838,-0.0,-0.0,-0.0,-2917.04540245133,-1151.4404058012312,-0.0,-1121.9867426766673,-537.0062782373078,-359.26768441463423,-707.6597610939707,-1025.3256759069905,86.61091218181119,-1105.935564909573,-1073.391006639798,-68.33182579939937,-1286.3072451947198,-0.0,-0.0,-0.0,-0.0,-647.2079504702718,-0.0,-0.0,-542.5509331708421,-1902.2539846578393,-690.2243666002051,-0.0,1491.6864932695462,1364.0502582309546,1235.8032365817726,-0.0,-0.0,-0.0,-835.2291975883592,-216.67107639766547,-791.7922723578835,-98.20249450646298,-617.6754141982593,-1682.2897593318787,-1352.5600978963803,-2208.285970463008,-0.0,-0.0,-0.0,-0.0,-1037.6540929741518,-748.3685362206081,-1738.4689129150154,-462.0207731059193,-1365.658273691801,-2039.386387391775,-1836.0865499263932,-0.0,415.47491544443284,-427.1234101867982,-441.85919379580514,-136.5483571118884,-4416.21492127643,-7.803970305206293,-0.0,-786.7067737371635,-1383.896774706469,-0.0,-48.12896775083292,162.60902007853662,-171.31750996559649,-438.55590461125604,-2102.771148429741,-412.01967542389394,-1602.7795842943162,-0.0,-1884.0549172685717,-1623.5641685230173,-1273.3904263567922,-0.0,-1785.260528323923,-644.5648805225055,-753.7441776416296,-933.6495793094579,152.63122223656896,-1722.6725097193903,-1379.9482340948289,-0.0,-129.18286998219415,-0.0,-0.0,-0.0,-1091.0536125108652,-705.7553663359961,-0.0,-0.0,-0.0,-3648.2846727998794,-2024.2525760595242,-0.0,-0.0,-0.0,-1519.2370426861487,-867.0553991259742,-0.0,-729.7392886650083,-1453.1242889954792,-633.6236182190394,3.9331909497908497,-995.6867035555157,8.626851318273525,-1568.3531594079836,-1867.2353710249433,-0.0,-0.0,-42.30170401603849,-0.0,-0.0,-1417.1913734288082,-112.77444842934314,-401.00745339437333,-0.0,-0.0,-0.0,-1011.2098343319349,-311.9017175912459,87.35000072169898,-496.4762188396554,-236.07826865544442,-2152.0278420906598,-283.9828284917555,-586.0498558494112,-1206.754460045499,-0.0,-389.34942461827046,-0.0,-1830.557413111389,-1595.8612891513212,-1802.1002364858755,-313.1191922526671,-288.0734093462737,-59.63721811905615,-867.2687758014788,221.32105126404107,-0.0,-362.24613428127003,-0.0,-0.0,-441.6047563388617,-100.08602534038852,-2508.9106904265846,-2602.5753697884716,-630.3800850664907,-0.0,-0.0,-1087.4564357860024,329.4723853313152,-0.0,-0.0,-0.0,-1003.7193956125508,-80.24073878018413,-314.64400935041704,-4475.450986404346,-1481.7213237206781,-735.8460061200115,-424.04633915135696,-215.6255954952516,-889.9786858475945,-580.9590350461407,-507.45296152821925,-0.0,-933.0633138789001,-710.1859274768025,-1631.9915917892522,-0.0,27.26721933013273,-8.582511988667706,-0.0,-0.0,-1529.6884771488528,-0.0,-3885.6767060755064,-1356.5706616780103,2930.939841583476,2820.938384922811,-0.0,-0.0,-756.7417816752412,-976.4434130189255,-1339.210078235804,-324.5564677950192,-3626.190043643805,-556.3048386793345,-0.0,-0.0,-0.0,-1495.7996326896778,-819.8920456734901,-188.51673132248126,-2666.069870066132,-1182.7199412905052,-20.844399059524743,-455.7818203786499,-1147.996679334062,-368.89192373164116,-528.6720104052438,-0.0,-4.548710075906143,118.10901710495128,-1093.0850360600655,-159.17622599687866,-0.0,66.16198985142663,125.60570740325394,-217.8620970385314,-1356.8384401383548,-2151.542162944052,-79.47584359303632,-1058.6725740168106,-1267.2064839498407,-0.0,-0.0,-766.1248803794939,-0.0,-0.0,-0.0,-0.0,-580.8130423441856,-40.11852235227503,-1254.2446744871315,-1232.3198553187112,-2340.8439853242435,-1075.1998902791247,-0.0,-610.077647916635,-0.0,-1440.1281881267084,-1462.5726105608187,-1398.0170802435412,-1027.2325988911575,-0.0,-1537.7856624433332,-0.0,-0.0,-0.0,-3844.597888201323,-1129.0974462579118,-256.4289477885804,-953.0675690018567,-734.9363778507011,-1038.065528202186,-0.0,-0.0,-0.0,-0.0,-5781.71210384158,-768.3272601613869,-1829.8599581803696,-3916.5279172431983,-2141.4498559302256,-447.32474179717354,-0.0,-1937.9665320459528,-880.7422079585293,-0.0,-300.8769534510926,-388.7982382916755,-0.0,-961.3668326080584,-252.74238703554275,1528.7539775831306,-464.66847409900697,-0.0,-0.0,-1013.8506036802199,-824.5329026375376,-2264.8656464988544,-417.8050895938207,-0.0,-0.0,-689.6450483975697,-0.0,-0.0,-0.0,-0.0,-1358.2591356988512,-562.2008728951795,-1273.7747964866421,-506.88821274301125,-28.93731433307966,-772.1391299748603,-0.0,-0.0,-0.0,-0.0,-2428.3441556919843,-0.0,-0.0,-0.0,-0.0,-0.0,-0.0,-790.5003116405007,-0.0,-2681.2712481100175,-530.1731525077714,-229.97454815913767,-1186.1106177028514,-0.0,-0.0,-1638.4794260019637,-1517.4386214691478,4.244156483454272,-416.18665004968017,-35.068571632754235,-1612.5021983889726,-860.0346744811424,-0.0,-4154.550340612425,-1360.5413037543565,-0.0,-0.0,-35.78121207356415,-304.8413018141258,-1254.2543535935963,-0.0,-0.0,-58.415963100638685,-1629.7682707697916,-529.7107419309712,-352.2508534287481,-44.462892115496366,-1883.1792295813875,-0.0,-0.0,-0.0,-0.0,-0.0,-652.7998220867531,-463.3186255436334,-621.9628513617066,-4440.925802517329,-1642.1096623636658,-1241.6229561952891,-19.765836268235816,-856.7283635645033,-1350.4507807276611,-20.97949477567651,-0.0,-0.0,-0.0,-665.1585695486381,-492.9176943009632,-1806.6741516582047,-674.3533480368255,-0.0,-1584.1556022151506,-0.0,-751.1106349014984,-0.0,-0.0,-2115.0907742814006,-666.9500552177724,-620.0180055816452,-1597.28494270826,-522.7490786457431,-13.81180742332557,-727.4458724212204,-1351.5727684733029,-0.0,-504.03493502220977,-1249.8903724269455,-4493.456161179673,-0.0,-65.0212390671061,-2411.30122128389,-1558.4657270618584,-1329.7523964896006,-556.9460038843383,-1152.6300909100019,-0.0,-256.9214355236699,-0.0,-269.60144779730575,710.1690236523759,-0.0,-0.0,1033.2309207245219,-0.0,-2395.7897950433285,-681.7956494028684,-1138.4552228494754,-1134.1969527857402,-1463.7356523962317,-415.0753949627644,-68.08511698790369,-0.0,-0.0,-896.4553720646679,-784.4990486886691,-768.1523606869669,-0.0,30.361570377057028,30.726128062988487,-165.88518246342002,-3157.932196896854,-1939.4947985231765,-0.0,13.564158850510823,-1385.6555722766905,-4341.535274902369,-2748.5835202793146,-506.26762847753827,-921.7793832288448,-1230.7696194334958,-0.0,-230.21723213931296,-0.0,-551.8080500759404,-288.73178950749156,-1677.865693185484,-2353.4616255462133,-298.9710428537075,-541.385723408503,-4893.8663222630585,-1254.7934997364782,-442.4857593801731,-500.6854947893716,-1525.895242629137,-484.0836060107207,-8.368684845810787,-1468.3383110109949,-1677.7204863635345,-0.0,-0.0,-545.8813789892461,-1296.4497580013685,-368.0624813428947,13.790792776696689,-0.0,-0.0,-0.0,-0.0,-0.0,-42.085852240198854,-771.6831838555713,663.854453079595,-427.324335486771,-738.817326010084,-527.6454609855821,-1139.0872313386953,-1641.0332734323445,-1067.3568604628588,-1854.2347261021118,-502.16185966679143,-668.2958235029581,-1543.3232466217494,-650.3902507445324,-0.0,956.0137341706746,-497.5538865807705,-42.57867270358091,-0.0,-960.8143184511008,-567.1010257416091,-1657.4581194408838,-1916.137547886455,-2615.233169182631,-0.0,134.69022190538763,-0.0,-0.0,-1091.851652836233,-1560.3514498921265,-0.0,-985.3236040888021,-9.085976060273447,-0.0,-0.0,-0.0,-2683.2012148179374,-755.0739362518983,-252.26907075169711,-185.04931563162813,-0.0,-0.0,-1272.6601744151253,-1594.7906725836885,-1015.3677001036071,589.1493950787956,-9.51834718206363,-0.0,9.11715313959547,-0.0,-1647.467684722014,-617.2462002693783,-1238.9209496274218,-1948.9215185085175,-1750.07166102016,66.18012951856315,-0.0,-0.0,-1859.965978421334,-416.87414442061777,-0.0,-0.0,-143.6586568412255,-0.0,-56.70561285048958,-0.0,-1213.5439263556975,-849.9300088528604,-0.0,9.124307677103149,733.9859673562926,-0.0,-73.68726878461064,-2378.8498012824275,-0.0,-0.0,-678.568425626431,12.028504247499137,-0.0,13.53858786122467,-436.57765076225746,-1697.883855291773,-0.0,-870.5460723532798,-0.0,-1158.1556759384946,1879.6101838902612,-140.136310344575,-1783.7080802512808,-1620.6356393806768,1100.373495247919,-55.56658041451412,-2526.1409196679715,-834.2841279773171,-970.905227357614,-0.0,-752.6146093543555,-89.77504960000262,922.4625156554803,-418.3780327286891,-1571.8102672101813,-0.0,-0.0,-0.0,-782.2499803693113,-697.1837075708129,-658.0821050751542,-1063.33565763329,-1170.148603763622,4.608838434493493,-1002.716562005705,-1013.8442945053265,-1308.5712662643414,-0.0,-0.0,-523.4928973846963,864.7889947257215,-6541.612917962586,-0.0,-1609.6745192155738,-1860.1774758839688,-916.7187695785242,-860.4262128962267,-270.8170685266174,-2824.23521529159,-306.7661659689539,-0.0,-1046.2787510162823,-1033.650891035374,-654.1562669096941,-0.0,-1444.5209947104656,-2316.4629996550852,-30.698282848375673,-1077.2866459696384,-2578.79383084279,405.9705415039472,-0.0,-475.8253395620705,-137.23567691961213,-1503.2613777869149,-1047.1221551477754,108.64950273079705,-127.217221638747,-753.9314748856699,-484.14757237646114,-587.4938765056061,-772.8599340563801,-588.652877220973,-0.0,-1411.9416765175731,-0.0,-1288.136438077553,-746.537742532875,-210.21773854789635,-0.0,-1923.775957480655,-5125.494383071934,-0.0,-488.88458234087165,-0.0,-2586.42148933092,-330.9225035815854,-0.0,-351.01396741624217,-523.2387207365837,-0.0,-2249.866542022998,-1523.1823579721852,-0.0,-4137.321253448024,-134.58448971940007,-1338.0042271961943,-1460.8131565824465,-1832.1459193903531,-131.4883796139307,-0.0,-951.8218222775015,-2250.597351995766,-565.4041025878674,-953.878740042573,-1087.5054908764503,-1830.2973160242125,-2350.8461098638863,-932.7092400899268,-1956.2612633106173,31.148403505676,-0.0,-310.25772492761644,-1585.0803088663579,-1178.6166031233643,-0.0,-0.0,-0.0,-456.2965777383234,-417.9642885341986,-14.162976072877736,-600.3767498456668,-0.0,-1332.424994718327,-801.0686004754695,-560.7088461339051,1.8110962850895238,-0.0,-356.8951397062863,-1644.1702445628287,-1062.6670253466905,-344.7051106559185,-877.4045483633571,8.79497469231496,-0.0,-0.0,-3276.054439794141,-981.9443297613781,-0.0,-0.0,-0.0,-82.75003859746728,-1112.2744104108917,3.9024053796591827,-1820.6410784546927,-1585.7648758890473,762.6712366152364,-0.0,-615.1437201037581,-0.0,855.1761306104127,-239.7134917173844,-0.0,-1730.5659351761512,-330.4281130834914,-1734.2598574235874,-0.0,-1630.6776245422807,-583.626343616731,-237.85293825380202,8.853533431475215,-38.573387969208184,-0.0,-0.0,-734.3322961471629,-1306.9221766459939,-0.0,-605.7385015559032,-0.0,-355.58877498067443,-653.237492329011,-0.0,261.8492865423495,726.8431517286839,801.7485481966245,861.0920631035747,759.3326535513897,954.816481863655,-0.0,-0.0,-0.0,-0.0,-0.0,19.59344941661952,-0.0,-0.0,-734.005584832817,17.73840942032741,-396.7327684290228,-185.42273344196946,-0.0,-949.9781090741936,-1556.3708598735227,-2046.6417059736923,-270.4462661942904,-226.25336981734975,-0.0,-0.0,-587.8927087971236,-0.0,-0.0,-0.0,-0.0,-2807.803365734076,-0.0,-41.65064622144462,1061.016626152747,-0.0,-1090.4922795678904,-589.3139797967254,1201.9739288560675,-994.4141764430428,-0.0,-3229.2221746260266,-2109.27595218712,-251.51516766425772,-855.5901007387546,-1369.562199796371,-596.3517602775676,1024.6249085239729,-89.81368245224452,-564.2082739325613,-0.0,-0.0,-583.8630510581813,-0.0,-1008.0824881180122,-0.0,-500.5018510657628,-121.48097855794266,-0.0,-0.0,-1296.14608745565,-0.0,-0.0,-583.7709581092778,-1328.8887079863148,-1808.1419592466837,-0.0,-0.0,-0.0,-2028.8568695462939,-0.0,-1270.617444744031,27.775405085169158,-0.0,-0.0,-1189.4205869631198,-964.2761459201176,-1352.3342679348973,-383.07076598487834,-0.0,-1279.7460885623543,-298.5844142146025,-0.0,-0.0,4.580566963997615,-44.83997171568353,-4139.854783917458,-0.0,-45.498069056874726,-46.49183358404893,423.140652440299,-90.90255274516241,-789.944946115492,-835.8821212076466,-458.92214784860994,-0.0,-0.0,-1655.4045043115066,-0.0,-0.0,-0.0,-0.0,-0.0,-0.0,-0.0,-157.68685278247946,-0.0,-0.0,-1978.9435742874502,-8747.881207306144,-126.39912214158986,121.25646656236076,-501.77777079513737,-591.7982870620893,-464.90141226040623,-3940.5492149616543,-253.68838587306803,-431.966762815468,-0.0,-0.0,-0.0,-2073.970452935959,-0.0,-89.62711196849568,-0.0,-0.0,-0.0,-525.7600541553529,-13.951748357363819,-312.3045473864403,-1401.6194979321854,-660.0917224490169,-90.88165997997547,-1919.0380888631141,-0.0,-87.9431560340282,-2068.0879501891914,-0.0,-1389.0688369046638,-0.0,-1422.2922237540186,-0.0,-0.0,-974.6314449238442,-667.7208952148578,-35.19526492634454,-710.3641473682758,-115.24181210514112,-776.7641941380305,-163.88510439462848,-704.484772126021,-706.0535103955054,-2253.6540566010217,-989.0582425864532,-0.0,-1758.9284054822092,-435.6220198874299,-805.7391212370626,-0.0,-0.0,-1034.3532686592587,-2276.8838363649124,-147.7509483834193,-0.0,-0.0,-79.13073180836568,-3387.0107556746057,-881.7101689153588,-242.50199613447617,-357.0924111796311,-47.1445755640495,-4517.632784149954,-0.0,-0.0,-2051.7575447051,-875.0363744087801,-0.0,-0.0,-0.0,-82.81641124565469,-0.0,-1907.3462862686438,-1767.390846756095,-0.0,-415.3950897465951,179.74487439618363,-0.0,-0.0,-0.0,-1032.7638404882784,4.685652433278288,-2531.8086068970533,-649.4919315726181,-1214.8137431551768,-718.4757035532854,-3444.946446852231,-1506.8572434163862,348.37716431051456,-0.0,-2120.4315853998596,-0.0,-0.0,-0.0,-1102.0805798084946,-667.2688908739862,-1279.9187540504015,-0.0,-0.0,-935.3974216132115,-1337.318942537655,-703.1701689375541,-519.3032798222828,-0.0,-0.0,-1361.2583779356883,-0.0,-0.0,-0.0,-0.0,-0.0,-0.0,-522.8903363556864,-186.61010776781632,-1503.0834146177444,-0.0,-767.7276296814576,-4292.277367560896,-48.26451141752031,-0.0,-0.0,-0.0,-0.0,-0.0,-0.0,-0.0,-0.0,-0.0,-0.0,-1333.6061233716514,-1974.8738456756205,-0.0,314.56413060237617,-0.0,-630.2609208851167,-94.9671298700382,-0.0,-732.5573959349424,-355.3300091223476,-26.54363551980175,-3255.6683046514977,-500.874964576709,-3074.575568893632,-205.36810310983904,-1927.786261888579,-1746.6963450846144,-668.4029265221142,4.724213727205416,-0.0,-1284.5338147195346,-2178.7585177039623,-2503.3998509427524,16.593862953409047,-519.4823755479766,-1780.8513251837835,-0.0,-2115.2068054870206,-393.4335959209177,-0.0,-3111.117573888253,-0.0,-993.6208404992614,-0.0,-3059.623475338773,-0.0,-0.0,-87.54371454672095,-1000.8731191018779,-710.8969984911921,-0.0,-1254.763840521319,79.97406592048725,324.2414786036772,338.5013142827689,-273.87043436661907,-1896.0698896854324,-761.360680011907,-0.0,-0.0,-5943.212577791119,-1349.4487993895643,-0.0,472.294886313027,-0.0,-1715.703895298945,-596.5290249526627,-736.5935604960521,-0.0,-0.0,61.582020792479085,-0.0,-1065.3175311768855,-1067.9998512787759,-1963.8427697818145,-0.0,-608.9037683728346,-3082.5109859221216,-841.1505654078186,-0.0,-1342.4215434791558,-84.80001725345399,-1343.458804399031,4.465406768195271,-976.6069448466442,-0.0,-0.0,-0.0,-745.0513265007806,-0.0,331.5820154612323,-0.0,-387.9467894860309,-811.9886336453797,-555.1010473905028,-1156.8612517902827,-638.8841112430478,-1789.138830861402,-934.8827248137308,-0.0,684.3894922086894,-2409.8641046697126,-1846.2282038658338,-737.6453292395505,-0.0,-0.0,-0.0,-156.2720284550319,-1172.2741630767844,-337.27294805805036,-766.2880474877641,-2073.8692936755083,-2900.7868669828495,165.01609501931685,759.6565325471461,784.991056824259,-0.0,-0.0,134.39188069198445,-100.36345135742107,12734.934355949967,2241.950622016464,4099.863419342457,6199.896202765188,-0.0,-0.0,-0.0,-0.0,-0.0,-1455.6520105809504,-1620.6743336037207,-860.2254075805498,-0.0,-3015.4468650087465,-597.5816645067907,-965.8234882348613,-0.0,-716.5382231116716,-1363.2652066082019,-1025.3932934666348,-1285.4746291011845,-0.0,-3308.2870551660617,-2074.0661321309794,-805.4619133533985,-146.98542332820819,-3067.6004970243484,-0.0,-289.6101780749641,-0.0,-96.4661995562207,-0.0,-138.48442646884476,-211.0165964712704,-1050.9774861167325,-882.725880228254,-0.0,-0.0,-0.0,-2209.0245891688214,-0.0,-0.0,-286.48837238866184,-964.3953271402029,-1004.0157561445508,-71.16917339611896,-1103.1993834762754,-1935.5639632135724,-352.6581527447242,-0.0,-0.0,-164.88328807170294,-1662.9025637118073,-469.44452480103524,-0.0,-6308.851869019085,296.41240941988445,-0.0,-0.0,-0.0,-224.22419400203236,-456.7483870790509,-0.0,-0.0,-1263.3000837750603,-2118.786974171816,-1184.861106794508,-438.19517509807605,-410.97019889456834,-556.8998786883157,459.8580085464509,-1211.0647007898065,-0.0,-517.3809832290948,-2416.711202636909,-505.92667230169684,8.276955572363622,-0.0,-479.34553711092997,-0.0,-0.0,-0.0,-1324.6575790200638,-471.6804071788487,-1481.798092755584,-0.0,-0.0,-0.0,-200.34659349938312,-544.9616226116699,-1726.985497226576,-2958.290825323931,-220.95204405314206,-129.59210103311025,-0.0,106.4801485581869,-0.0,-1179.0123446376144,-179.59512337712584,-0.0,-0.0,1037.603255605206,-0.0,-1783.24467168041,-0.0,-0.0,-0.0,-205.4852517675538,-2098.6786624418783,-1661.5125094219663,-32.715782197356916,-2338.988048597569,-1629.3754614080406,-29.44950875292369,-33.02223163175427,-70.82688967972598,-0.0,-0.0,-2104.4557963794414,-0.0,-6248.859642409916,-0.0,-1564.140945434591,-294.08467156572925,186.07513094335556,-0.0,-12.050761217668345,-1708.679460853474,-1649.021394445674,-580.9125877711375,-38.596033820524035,-107.162237024866,-0.0,-0.0,-0.0,-0.0,-1122.1465365921408,-1155.5628329734527,-0.0,-613.6670239340428,-1284.9569782043818,-248.88474416845057,-32.35848938510202,-0.0,-0.0,-0.0,1137.249039790626,-81.46592823762967,-0.0,-520.090379978409,-853.6587491925405,-1578.8148761822206,-0.0,-0.0,-2608.4880413006285,-0.0,-0.0,-0.0,-0.0,-722.1346403832713,1161.2980027735962,1097.0703192036067,1211.5304213437769,-0.0,-0.0,-0.0,-676.6982592202002,-0.0,-0.0,-390.35393568371796,-239.29708785219944,-0.0,-229.24905626705453,-1233.014223837665,-1366.162615647611,-0.0,-0.0,-0.0,-21.745320461689705,-1480.8002158595496,-19.700790716212545,346.76820228054646,-0.0,-1685.7260562335073,-928.6594297876054,-598.3340398295796,23.27910130953289,20.312801768145874,-317.54175216403786,-16.74857183481938,-390.60906419091697,-407.9193501541165,-1115.958798786926,-373.48112503206903,786.9203051202271,-1464.0484809717082,-158.67551129538893,-162.13298234072036,-3759.5752527359664,-2718.3423652233455,707.3510831671573,-1210.76420837999,-142.1456959566334,-4.613770765723097,-736.8783454200785,-1164.2274586009942,1955.7979693398117,-684.9459794178376,-700.8947632927542,-766.0675917769993,-0.0,-6149.585774765133,-0.0,-571.4037449260359,-1009.6454250506664,-752.6802974065477,-872.3220464683568,-1145.7787099241511,-0.0,-1125.6806416142083,-214.51737107487514,-87.95469038981327,-8025.726069393571,406.952265861084,-179.18467031781816,-0.0,-601.2977048783232,-1159.5836028495162,-0.0,-0.0,-561.5538965266524,-1654.4022017700677,-43.19065747678507,-242.44862566097302,-298.88476384674027,-1244.390922760688,-0.0,-0.0,67.82106390967395,-0.0,-0.0,-1796.2346320662987,-0.0,-2056.6715101896134,-1047.514903037909,-1387.6186262430363,-0.0,-0.0,-505.84451405534463,-992.8756944675413,-153.3695780176582,-0.0,-431.58779166221194,-166.5839439225839,-466.5385629452631,-0.0,-199.5313246458801,-475.63333431555054,-2446.658377012871,-885.7762861233138,-1451.3323565237765,-0.0,-0.0,-1252.4734386099785,-29.808658478733307,-0.0,-0.0,-1387.150493586335,-0.0,-0.0,-0.0,-0.0,-0.0,-0.0,-0.0,-0.0,-0.0,-0.0,-99.95697755498851,-0.0,-0.0,-0.0,-0.0,-0.0,-0.0,-0.0,-0.0,-0.0,-0.0,-0.0,-317.46744743167767,-0.0,-0.0,-0.0,-0.0,-0.0,-0.0,-0.0,-0.0,-0.0,-0.0,-0.0,-0.0,-0.0,-0.0,-0.0,-0.0,-0.0,-0.0,-0.0,-0.0,-0.0,-0.0,-0.0,-0.0,-0.0,-0.0,-0.0,-0.0,-262.4692470495821,-0.0,-0.0,-0.0,-0.0,-0.0,-0.0,-0.0,-0.0,-0.0,-0.0,-0.0,-0.0,-0.0,-0.0,-0.0,-0.0,-0.0,-0.0,-0.0,-0.0,-0.0,-0.0,-0.0,-0.0,-0.0,-0.0,-0.0,-0.0,-0.0,-0.0,-0.0,-0.0,-0.0,-0.0,-0.0,-0.0,-0.0,-0.0,-0.0,-0.0,-0.0,-0.0,-0.0,-1394.5234700395595,-631.9461840216435,-1696.9625328154532,-0.0,-0.0,-0.0,-0.0,-0.0,-0.0,-0.0,-0.0,-0.0,-0.0,-0.0,-0.0,-0.0,-0.0,-0.0,-0.0,-0.0,-0.0,-0.0,-0.0,-0.0,-0.0,552.6023826050074,-0.0,-0.0,-0.0,-0.0,-0.0,-0.0,-0.0,-0.0,-0.0,-0.0,693.5541532307449,-0.0,-0.0,-0.0,-0.0,-0.0,-0.0,-257.4278565390318,-0.0,-0.0,-0.0,-0.0,-0.0,-0.0,-0.0,-0.0,-0.0,-0.0,-0.0,-0.0,-0.0,-0.0,-0.0,-0.0,-0.0,-0.0,-0.0,-0.0,-0.0,-0.0,-0.0,-0.0,-0.0,-0.0,-0.0,-1106.9423903043007,-0.0,-0.0,-0.0,-0.0,-0.0,-0.0,-0.0,-0.0,-175.67316666431967,-0.0,-0.0,-0.0,-0.0,-0.0,-0.0,-0.0,-0.0,-0.0,-0.0,-0.0,-0.0,-0.0,-0.0,-0.0,-0.0,-0.0,-0.0,-0.0,-0.0,-0.0,-0.0,-0.0,-0.0,-0.0,-0.0,-0.0,-0.0,-0.0,-0.0,-0.0,-0.0,-0.0,-0.0,-0.0,-0.0,-0.0,-0.0,-0.0,-770.0481384455264,-0.0,-0.0,-0.0,-0.0,-0.0,-0.0,-0.0,-0.0,-0.0,-0.0,-0.0,-0.0,-0.0,-0.0,-487.5397042236358,-0.0,-0.0,-256.60892218595933,-0.0,-0.0,-0.0,-0.0,-0.0,-0.0,199.50712643208556,-0.0,795.3861528666012,-0.0,-0.0,-0.0,-0.0,-0.0,-0.0,-0.0,-0.0,-0.0,-0.0,-0.0,-0.0,-0.0,-0.0,-0.0,-0.0,-0.0,-0.0,-0.0,-0.0,-0.0,-0.0,-0.0,-0.0,-0.0,-0.0,-0.0,-0.0,-0.0,-0.0,-0.0,-0.0,-147.26302710615914,-0.0,-0.0,-0.0,-0.0,-0.0,-0.0,-0.0,-0.0,-0.0,-0.0,-0.0,-0.0,-0.0,-0.0,-0.0,-0.0,-0.0,-0.0,-0.0,-0.0,-0.0,-0.0,-0.0,-0.0,-0.0,-964.3883430061378,-0.0,-0.0,-0.0,-0.0,-0.0,-0.0,-0.0,-0.0,-0.0,-0.0,-0.0,-0.0,-0.0,-0.0,-0.0,-0.0,-0.0,-0.0,-0.0,-0.0,-0.0,-0.0,-0.0,-0.0,-0.0,-0.0,-0.0,-0.0,-0.0,-0.0,-0.0,-0.0,-0.0,-0.0,-0.0,1290.499805421356,-0.0,-331.44630308170633,-0.0,-0.0,-0.0,-0.0,-0.0,-0.0,-0.0,-0.0,-0.0,-0.0,-0.0,-0.0,-0.0,-0.0,-0.0,-0.0,-0.0,-0.0,-0.0,-0.0,-0.0,-0.0,-0.0,-0.0,-0.0,-0.0,-0.0,-0.0,-0.0,-0.0,-22.475010993575818,-0.0,2599.7017907816808,-0.0,-0.0,-0.0,-0.0,-0.0,-0.0,-0.0,-0.0,-0.0,-0.0,-0.0,-0.0,-0.0,-0.0,-0.0,-0.0,-0.0,-0.0,-0.0,-0.0,-0.0,-0.0,-0.0,-0.0,-0.0,-0.0,-0.0,-0.0,-0.0,-0.0,-0.0,-0.0,-0.0,-0.0,-0.0,-0.0,-0.0,-0.0,-2407.4756431957335,-1672.0396097496043,-0.0,-0.0,-0.0,-0.0,-0.0,-0.0,-0.0,-0.0,-0.0,-0.0,-0.0,-0.0,-0.0,-0.0,-0.0,-0.0,-0.0,-0.0,-0.0,-0.0,-0.0,-0.0,-0.0,-0.0,-0.0,-0.0,-0.0,-0.0,-0.0,-0.0,-0.0,-0.0,46.35483307970384,-0.0,-0.0,-0.0,-0.0,-0.0,-0.0,-0.0,-0.0,-0.0,-0.0,-0.0,-0.0,-0.0,-0.0,-0.0,-0.0,-0.0,-0.0,679.0307609157408,-0.0,-0.0,-0.0,-0.0,-0.0,-0.0,-0.0,-0.0,-804.2217787137175,-0.0,-0.0,-0.0,-0.0,-0.0,-0.0,-0.0,-827.3139238407758,-0.0,-0.0,-0.0,-0.0,-0.0,-0.0,-0.0,2705.13296894102,-0.0,-0.0,-0.0,-0.0,-0.0,-0.0,-0.0,-0.0,-0.0,-0.0,-0.0,-818.6183830217008,-0.0,-0.0,-0.0,-0.0,-0.0,-0.0,-0.0,-0.0,-0.0,-0.0,-0.0,-0.0,-0.0,-0.0,-0.0,-0.0,-0.0,-0.0,-0.0,-0.0,-0.0,-0.0,-0.0,-0.0,-0.0,-0.0,-0.0,-0.0,-0.0,-0.0,-0.0,83.86521224899117,-0.0,-0.0,-0.0,-0.0,-0.0,-0.0,-0.0,-0.0,697.1156181058293,-0.0,-0.0,-0.0,-0.0,-0.0,-0.0,-0.0,-391.79958450665885,-0.0,-0.0,-0.0,-0.0,-0.0,-0.0,-0.0,-0.0,-0.0,-93.24127695898753,-0.0,-0.0,-0.0,-0.0,-0.0,-0.0,-0.0,-0.0,-0.0,-0.0,-0.0,-0.0,-0.0,-0.0,-0.0,-0.0,-0.0,-0.0,-0.0,-0.0,-0.0,-0.0,-0.0,-0.0,-0.0,-0.0,-0.0,-2056.1101965857288,-0.0,-0.0,-0.0,-0.0,-0.0,-70.49137689306431,-0.0,-0.0,-0.0,-0.0,-0.0,-0.0,-0.0,-0.0,-0.0,-0.0,-0.0,-0.0,-0.0,-0.0,-0.0,-0.0,-0.0,-0.0,-0.0,-0.0,-0.0,-0.0,-0.0,-0.0,-0.0,-0.0,-0.0,-0.0,-0.0,-0.0,-0.0,-0.0,-0.0,-0.0,-0.0,-0.0,-0.0,-0.0,-0.0,-0.0,-0.0,-0.0,-0.0,-0.0,-0.0,-0.0,-0.0,-0.0,-0.0,-0.0,-0.0,-0.0,-0.0,-0.0,-0.0,-0.0,-0.0,-0.0,-0.0,-0.0,-0.0,-0.0,-0.0,-0.0,-0.0,-0.0,-0.0,-0.0,-0.0,-0.0,-0.0,-0.0,-0.0,-0.0,-0.0,-1430.200033094595,-0.0,-0.0,-0.0,-0.0,-0.0,-0.0,-0.0,-0.0,-0.0,-1793.0540788176231,-0.0,-0.0,-0.0,-0.0,-0.0,-0.0,-0.0,-0.0,-0.0,-146.65393203605137,-0.0,-0.0,-0.0,-0.0,-0.0,-0.0,-0.0,-0.0,-0.0,-0.0,-0.0,-0.0,-0.0,-0.0,-0.0,-0.0,-92.06891668215043,-0.0,-0.0,-0.0,-0.0,-0.0,-0.0,-0.0,-0.0,391.4949891692853,-0.0,-0.0,-0.0,-0.0,-149.5150899655644,-0.0,-0.0,-0.0,-0.0,-0.0,-0.0,-0.0,-0.0,-0.0,-0.0,-0.0,-0.0,-0.0,-0.0,-0.0,-0.0,-0.0,-0.0,-0.0,-0.0,-0.0,-0.0,-0.0,-0.0,-0.0,-0.0,-0.0,-0.0,-0.0,-0.0,-0.0,-0.0,-0.0,-0.0,-0.0,-0.0,-0.0,-0.0,-0.0,-0.0,-0.0,-0.0,-0.0,-0.0,-0.0,-0.0,-0.0,-0.0,-0.0,-0.0,-0.0,-0.0,-0.0,-0.0,-0.0,-0.0,-0.0,-0.0,-0.0,-0.0,-0.0,-0.0,-0.0,-0.0,-0.0,-0.0,-0.0,-0.0,-0.0,-0.0,-0.0,-0.0,-0.0,-0.0,-0.0,-0.0,-0.0,-0.0,-0.0,-0.0,-0.0,-0.0,-0.0,-0.0,-0.0,-0.0,-0.0,-0.0,-0.0,-0.0,-0.0,-0.0,-0.0,-0.0,-0.0,-0.0,-0.0,-0.0,-0.0,-0.0,-0.0,-0.0,-0.0,-0.0,-0.0,-0.0,-0.0,-0.0,-0.0,-0.0,-0.0,-0.0,-0.0,-0.0,-0.0,-0.0,-0.0,-0.0,-0.0,-0.0,-0.0,-0.0,-0.0,-0.0,-0.0,-0.0,-0.0,-0.0,-0.0,-0.0,-0.0,-0.0,-0.0,-0.0,-0.0,-0.0,-0.0,-0.0,-0.0,-0.0,-4335.342197924971,-95.43126897737328,34991.65319574053,-4022.525962359799,-4004.120073720838,85137.67041896748,-0.0,-7832.2867987251875,877.9724954786781,2017.978960759151,-25713.712735992685,-0.0,-5409.695654458335,-0.0,-0.0,23799.973750157016,-13411.213791239854,3104.333386448471,6943.776930086875,-4170.927810034596,-25263.010122463696,-9313.289224017648,56.09024897771819,-99.30926082423828,-6437.800946016328,-0.0,-12569.418684210545,-18772.314227735773,14749.0097560149,-137.44451830312838,408.50925573590837,48640.92968746176,-2454.1992660956375,-105348.20909309495,-3343.896505805403,-24627.380887449843,-16542.27223655768,-5362.683744892278,-6634.460761724178,-16621.368411547042,13825.815879672864,-2342.3360728201537,-3729.22937880952,-3554.7521373663403,-12052.712792440954,6932.737897175121,34578.08276531254,-814.0757917537826,-192.05275353561896,21656.81933694049,3602.114915579617,-192.33242107539738,5486.785249017689,6067.709027579372,-5912.017859855471,-7754.862602069341,-3418.065329524515,420.25088740189767,-0.0,-0.0,-1322.887294509354,-8193.301881618416,-4036.9914835788313,-3485.7911666669097,-490.1422842954287,-5171.652475700323,11902.830298874804,6604.813304449611,-8434.101153434778,18160.69580784883,-20181.575511777628,-33021.08270218075,74605.43402380076,-23881.128603116325,-8369.373580437054,-1987.417887921414,-3313.6444874605977,-6553.849885659178,-4082.5700124769946,-33777.66224654163,-0.0,-14658.93153203171,-0.0,3706.5468095276165,-0.0,-0.0,-13953.683251960249,-1463.6298818425742,-0.0,-0.0,3737.313754063209,-0.0,135.6008824667245,-0.0,-6379.553083743504,-4669.075208529349,-8032.839967899656,-8862.546640081711,9588.958592523213,-0.0,-30118.1714848254,48135.16162666702,-0.0,-0.0,-20568.52170001149,-9203.544076511596,135.80081835407583,581.1259601625745,-0.0,61141.85977502074,-0.0,-0.0,-0.0,-0.0,56232.98006150939,-1545.0844721243234,-0.0,-13249.120176369235,-0.0,-5559.158020354515,-959.5339507414664,-2766.4575867297317,-16075.292572689132,9439.054702688634,-1044.9534683618092,-9550.496500292273,-0.0,-0.0,-6841.805904184999,-7337.926156113421,-12906.700747220139,62438.2033515528,-0.0,-222.38252558426316,14160.118804428223,4368.832045772361,-2885.998396131841,711.5608192275392,1790.0937069733773,-3917.8061058889516,153.5817503783482,-19308.528028413333,858.8209443252389,14149.692727119167,-690.4601590101217,10650.528380064497,48411.84333651452,5751.892826555057,1103.7243206518747,9922.777970168694,-2104.313134861792,-8038.065139742879,-9219.08429455444,-16268.502307862425,-0.0,2970.9567852246223,14843.59653137106,13382.380114980893,-8454.16312763191,6194.736521444432,3794.469727471501,-9382.81079948736,23078.709392166897,-15093.88896279282,-0.0,5597.165202744685,-12280.168299734702,-16088.89923016957,-7753.9299841421225,26894.087729894043,2217.6220341907197,-0.0,-5480.8310237280475,-0.0,-2537.8690236926345,58.964777459250676,-3650.631429533899,-857.8633854353947,84.82077443542644,-201.0381532077825,-22885.404251291307,-14540.83409546404,24053.399244250162,-8101.04271438199,3580.832181212982,8759.46686107982,-7870.492043845286,-5095.3665151864325,-14262.296872417572,-0.0,-2079.453719086554,-2135.860008865459,-0.0,1199.4147933107108,-3265.383672568865,-0.0,-0.0,-16672.82968429703,-3338.6171604158408,4062.4769437185064,-3972.153263060109,-0.0,-0.0,-0.0,59329.062080548225,24570.11622402093,-0.0,-1458.6299425305483,12694.843892328205,-0.0,-4310.586258834885,-2964.9646330184637,-0.0,-5346.660904897069,-7977.991780246395,121508.07098165502,-12857.063455039317,-9305.982114047476,-32205.648935503446,-0.0,2640.1074263643122,2378.516062600764,-10512.140478261661,27494.797626204796,-8477.325372037103,-47289.80053455581,-15947.16904030114,-10667.288496777062,-0.0,1345.696241707039,-5110.963385965351,22070.345984938307,-2277.2472994501213,88.22434917459542,-12423.454402677386,-9715.628135897405,31848.112093848096,-0.0,-1646.2955780425361,126.89634841671663,-0.0,-0.0,-0.0,-0.0,-0.0,-0.0,-0.0,-0.0,-0.0,-0.0,-0.0,-0.0,-0.0,-0.0,-1341.413711838815,-0.0,-0.0,4411.382689728405,-12236.524544019972,-908.6018178150814,-9726.989843372394,23856.676167933027,9277.871377319794,-3970.25471352736,2421.1143690420395,41314.62002052482,-0.0,-0.0,-4006.420033352756,2738.793072161065,-6867.8969545065365,-8568.689734753498,-0.0,-208.77204265246647,9749.3665673228,-4443.690057915217,-967.6684236209278,3186.39920530807,-28979.603581310224,24121.60137740137,-5045.149174989419,-2220.430639744012,14547.029508962876,-0.0,-0.0,-0.0,-0.0,-0.0,-0.0,785.4182226510646,53653.493946480885,-9916.698437786159,-7764.857573953408,-12898.806652275405,-0.0,-10650.215470464407,-13057.134356573557,-0.0,-0.0,-0.0,594.8226048400244,571.7684261315065,839.0665871930219,3082.770246340841,-0.0,2699.5066548500613,995.4943197152415,909.2743906409034,802.1254578843269,837.4836584302443,3398.558841511932,1795.1159474698704,3387.0451031903094,2685.1386015815315,2969.6277343970705,3273.5640647192363,38907.15496443937,42622.8865988375,40305.43925610519,36517.838155974554,6957.151379619377,6895.869688434209,7954.6528318425635,9856.113147864255,4849.854622288521,2091.1389677111742,2202.6254785216092,2215.4390420706727,2079.6674084216943,2195.275071706251,5101.9017595110745,3188.2553919875027,1352.447902145734,1300.3074409272162,684.5706538821287,399.6156751690981,484.53495986845843,35187.03319488021,38161.620893192965,40505.21068235942,37239.755414237625,57519.168027597014,60553.177046549485,1362.1221426013208,1351.30844667065,1359.3630624359307,1152.278510263481,1286.338022517938,1341.8664173216914,656.3220191433147,50392.34470325389,53824.96875384241,54932.522964422315,2796.506571439633,-0.0,7221.741681233092,41139.75557511369,37123.75073152479,37555.37807556517,61980.26917380144,68025.45974536485,69852.74112917272,58701.283029121885,2759.2291286246523,2435.869056891576,5099.120766862501,-0.0,20367.77665820355,23718.88978608494,-0.0,497.86712843399374,1036.8815748358818,1628.9122462376583,1492.3906018956122,1733.8640160301798,1536.6065499305291,1774.73456477517,1440.3017112338016,42184.58004362154,40892.90765444705,40159.79824892118,37857.743483614606,1103.3501334856737,1261.4799446512432,-0.0,-0.0,17968.956753378076,40697.802796960445,39148.11932585593,36550.58857045676,35274.05315971974,-0.0,50992.44562796326,54797.17428618519,1117.6114201667133,2202.745038704372,2419.59095955316,2580.7219299382205,2321.3943468183093,2284.925689840247,55673.38771784996,52512.78534845164,-0.0,-0.0,17503.478848264323,915.9612805264605,1104.0248196812806,41521.409507456956,39275.55392427803,35376.70769496414,37482.520286946354,35720.74316944702,37970.487103366904,-0.0,16592.80684659028,10549.738401687038,-0.0,-0.0,1317.5868548417293,1447.4414075406476,460.15729547296667,411.79798571983133,337.13910014854736,338.94997803845746,-0.0,1206.195036813744,1149.9927819964262,1105.662294196214,1260.4711948930114,-0.0,1534.1869269136025,1599.8424602124726,2025.1426778288635,2165.1541546560775,2164.3019403331296,2120.0117118892254,788.6187465526812,961.2891439568313,879.5521985817297,1319.8292201991794,930.6822150379056,835.6602586788268,892.3039790015534,900.686691839449,8503.52454948866,9653.979525366774,43.53733166621705,75.77986685437766,3546.9268379024566,16693.416091549632,1064.9710717604326,1022.5699624087937,-0.0,-0.0,6667.434216078469,6757.337225165108,6628.405294941623,6558.4950305128095,1396.7248925941315,1510.3009942211854,39862.17614771204,40587.289428352495,8830.194825968685,7722.2309184153655,-0.0,55229.6643375564,2251.9978241861227,2116.8776971122575,1153.1930640213852,57384.29061009483,61299.34236909097,59314.51538740601,54699.76673267482,448.85091458490024,61707.66706380493,58074.35887308244,-0.0,-0.0,20112.200795148754,-0.0,726.5446990618117,740.6229493719575,658.1937667886378,1756.6931669614025,9826.498376234722,23143.67583373409,1495.4871948184564,1615.1109291929636,53.95860689139733,706.3775161050221,706.9247630350734,15697.445982749288,1587.129255411182,-0.0,-0.0,-0.0,1140.4746505825606,-0.0,1215.4295628383034,-0.0,4486.661096390264,1049.0942488157475,1182.286642894748,1119.3672822075239,709.5028537539513,686.5610720813138,647.2693877871059,1576.051709617882,1747.8966774444066,1896.6081372398235,1140.9091588200658,128.16962147871072,5217.295386393926,55096.05405934221,59784.66144565009,10781.536799566145,21712.545276585766,16350.204120236784,17085.766976770574,2100.8252347795938,1916.6312576963157,1510.6871750440043,1509.9049180148236,824.2455467059511,996.8131125472835,2465.3332493160556,37198.87693740987,39986.63404572126,1415.8122137374837,1448.4039388712763,1401.6251801667559,2405.136654125539,2566.755563874037,2936.1279020339916,40911.45411523467,36622.95296104523,36379.479587147864,39838.82182741394,-0.0,-0.0,-0.0,2457.7385952093136,2727.853017091362,2371.099859686131,7320.908724415783,6389.622608849306,6910.87617331177,1884.157981467443,1985.8303615175569
10,-0.0,-0.0,-611.2783754131693,-1944.1504306712868,-456.8419025805107,-539.9424282081284,-53.02102622298399,-1004.8361078132043,-685.5824273874417,-0.0,-1449.566682146844,-0.0,-0.0,-2139.9709700238577,-0.0,-578.3050327030965,-431.56676484178513,-0.0,-0.0,-183.80462919292356,-261.9710497626482,-698.1864165432956,-1108.4870474359855,-711.5109422441833,-2092.456936832057,-1292.2192719040754,-0.0,-0.0,-2915.9041318751747,-1759.7433534824193,-0.0,-0.0,-0.0,-0.0,-0.0,-0.0,-109.02924480865927,-315.3284696467267,-1690.8857721522818,-1366.9882901745464,-0.0,-0.0,-133.76503499088,-712.149910111332,-179.1596225517751,-0.0,734.4211615842968,-1663.5096437941663,-407.7453621716624,-0.0,-0.0,-373.19930889919283,-4.581270486384662,27.190697445613022,-1964.6959331112275,-3388.4422958536757,185.55298200811467,-5801.981063320157,-241.8505486286253,-0.0,-1642.2893491677987,-0.0,-659.0906564724543,-2513.3622027466563,-538.1241071726602,-637.2951782294795,-41.076312189483204,-2309.8612177226596,-766.7765044128855,-539.0821088387686,-3097.841859612699,-0.0,-0.0,-2320.864556933158,-1032.316148368183,-399.82879161843533,-1927.7413098097372,-0.0,-0.0,-1511.8407755147896,-1628.0423503021093,-478.2322001343848,-3955.3111777518393,-64.84492466388241,-76.29794338876053,-1748.8529289343514,-0.0,-620.9517776138908,-1040.3091091754932,-17.84877025542524,-0.0,-1495.8798363670296,-85.70712430972728,-656.623812189847,-2298.3712427035302,-53.76928508382138,-2309.504497084956,-353.52570485446347,-1466.1803227989333,-2689.252624875742,-749.5087298786874,718.1768223164776,-567.7783077548888,-0.0,-1691.3666622568617,-2416.4395193849023,-4370.365170259945,-575.8523048340753,-2879.2475923891584,-0.0,-1538.1023712552199,-0.0,-0.0,-518.3005942781256,-0.0,-0.0,-542.3341486332439,-81.34646436368853,-1693.9317480722018,-856.6646975318124,-1040.571498854948,252.7053878896051,-458.54156245476736,-367.6124067798874,-419.3126354714471,-15.621482080024514,-456.39077024462574,-534.934800356521,-800.2117377289907,-0.0,-5249.381365066195,111.13005587749736,-99.06078533995696,-4604.297170556405,-0.0,-1041.7880032855703,90.2819942175457,-0.0,-664.7263892675041,-0.0,-0.0,-532.2022751675031,-0.0,-350.3870361584335,-986.3874357677328,-0.0,-1095.6863784942022,-282.83056531423387,-730.0273020353254,-2257.3621487446053,-0.0,-1762.4277329770448,-1055.6268212419682,-0.0,-0.0,-0.0,59.60263001067275,768.2596654439053,-0.0,-1605.4936364032205,-1909.6204022973093,4.596957400282759,-0.0,-0.0,-498.4300263829812,-364.4787692618627,-389.167086712357,-0.0,-397.3193034104329,-3241.547157063754,-1188.9692432412764,-0.0,-1284.030324900108,-2376.4013115211105,-0.0,-0.0,-0.0,-0.0,-0.0,-0.0,-572.1653168389938,-702.643359635811,-279.3831348764602,-180.23797153776576,-1096.621446639067,-16.72318915663347,-0.0,-0.0,-684.4150206070776,-0.0,-662.0387057492842,-206.98459788534504,13.983729632342781,200.37276628243677,-0.0,-0.0,-1080.8472489505402,-417.75951744494057,-529.7015637140844,-0.0,-2840.427581141987,-2240.3874345417084,-947.979235249019,-0.0,-0.0,-2264.8180144207836,-1349.1905647420156,-730.1841223840772,-26.915387692672862,-1641.0091131694355,-1324.7061649016325,-0.0,-0.0,-1922.92474940204,-0.0,-954.5601054937763,-1118.0378323542186,24.080352278343987,-531.5904782099404,-589.7378260805121,-350.8173650489762,-0.0,-1823.076767191245,-0.0,-3070.251342879988,-2604.216170874934,-205.29659029601024,-514.0283443439541,-490.11065016550543,-0.0,-308.7456264845249,-221.07973290714165,-0.0,-1069.1609217874638,-602.7227826341062,-1029.7890080952698,-1835.9874508529554,-1010.1718302130183,-2196.0366847492073,-1813.4436878957622,-2448.587210122492,-2423.830838368105,-1139.4760363282944,-2244.4245752032325,-582.8646256121074,-446.25357652593726,-0.0,-1384.9767904234952,-910.4306871754095,-1115.047421508986,-480.7222992528836,-422.29547797679487,-2300.5753244368884,-692.8426002777869,-467.7408101147948,773.4194286353655,-0.0,1169.0135605382704,-1514.8240471935753,-0.0,-0.0,-0.0,-0.0,-0.0,-0.0,-1383.1013369935988,-3029.1756682916052,-522.1671045011877,-1002.1469505621385,-0.0,-0.0,-2002.1163648845697,-1394.8302916686519,-2079.14203647674,-0.0,-0.0,-70.70554250673666,80.5682162845475,-487.6852958203139,-2089.554136859428,-499.07535431662313,-0.0,-447.8431775615649,-759.919396426355,-13.380420178249773,-1298.8218306840374,-1181.9033640220096,-1585.3461662015739,-1166.6807144748989,-155.4210778338419,-663.3934574270814,-0.0,-1721.4421212840061,-0.0,-998.2687713500966,-130.33967086381327,-42.30929386146143,-566.9744508426845,-0.0,-2469.420999121668,-129.89735173162214,-660.9216260386091,-1634.0359751589417,-1431.437710021187,6.622448977351569,-548.8387583714751,-836.6987933049708,-25.666570827821893,-308.81043322208933,-473.9744417246983,-66.04445924277132,610.1772026114805,-1323.917890815793,-0.0,-981.880826329609,-1292.7001117126827,-0.0,-591.1837749360215,-0.0,-1624.9300177254702,-0.0,-0.0,-0.0,-1225.5645792896785,-879.4319743912572,-424.83669266472947,-0.0,-1479.5333505764615,-3257.2792569548837,-3785.9470038818654,-0.0,-377.40741210834784,-0.0,-295.98383581512246,-376.87357489038146,289.5993098687529,-586.8790433324181,-0.0,-594.095830122968,-993.4260678669148,-288.95342005043,-538.7210035018003,-0.0,-478.24111018985775,-1229.0929976686432,-569.11897235336,65.34526305502311,-2548.871934890783,-0.0,-0.0,-1135.628584037215,-502.38354098561064,-1262.2565420290973,-74.06591669198677,-137.06938582885763,-241.08667838426163,-654.0331614397278,-990.6494506443621,-1494.4817242324445,-2452.338400125269,-0.0,-0.0,-378.1933032371773,5108.479160839642,-0.0,-0.0,-0.0,-0.0,-0.0,-2621.2657802667063,-524.9783507193114,-0.0,-1122.2358238739416,-1123.5778520939152,-636.1891369075292,-2306.479947791714,-188.24116600290554,-1268.5923663774013,-0.0,-0.0,-2179.5163211382096,-663.1174097649763,-1924.6696290884115,-716.6203438986073,-623.307358608024,-1754.5309290097541,-267.5707012632353,-1920.3410192420365,-1114.3280021057237,-119.46081681620005,-892.3340107561176,-1300.0124920952294,-223.30466771499255,-234.5933032748359,-1941.5502237179553,-0.0,-516.220696467942,-283.6659945994133,-155.12936424064134,-805.0031101021558,-231.65559152138567,-959.8088016991941,-793.554503328986,-1323.8016186085517,-318.0912036817894,-2707.6949578067647,-24.200017527669694,-643.7412548471096,-0.0,-924.9402896872762,-687.0189108953001,-1014.8939580398021,-1147.9434260515768,13.65217978635626,-386.1035775051476,-846.7942179381788,-846.5704952356919,-377.3714936767518,-1094.4650329083047,187.75921552045142,-0.0,-0.0,-0.0,-0.0,-0.0,-0.0,4.737018024665232,-319.3797585075091,-2518.206529228979,-4558.990749612798,-511.6689232228086,-1104.244680387592,-149.3031142540656,-562.4536591256013,-1445.2645007954025,-1186.9036698400832,-84.36988536520042,-472.4400482129344,-509.6498072419081,-0.0,-137.91120934471647,-1095.7162179071763,-679.5135624599488,-0.0,-1397.5822536828096,-0.0,678.514906490863,-0.0,-0.0,-0.0,-28.249646345991952,-0.0,-0.0,-1030.797915870415,-447.3569775836316,-1180.3806754264485,-0.0,-0.0,-0.0,-936.8618315579844,-591.7251781586664,-1439.769952580525,-0.0,342.6240973900681,-0.0,-0.0,-3103.4572549372906,-1442.8543900378004,-13.311315726092115,-0.0,49.54108293000211,-19363.03632594781,-18623.026870713715,-2670.8852527560407,-0.0,-0.0,-0.0,-0.0,-321.04661160420187,-0.0,-0.0,-727.4082871561479,-2585.7733651075146,-2248.010529877824,-1565.6365995771173,-428.1199667193341,-1894.6451531158946,-47.434846625200116,-1671.8648222555523,1021.2489398998191,-0.0,-876.1023930452862,155.19378748804567,-0.0,-0.0,-0.0,-0.0,-117.10377094488754,-0.0,-0.0,-0.0,-816.573156598645,-1658.2129802238871,-0.0,-0.0,-645.8087626198803,-2172.1648449664085,-0.0,-1478.604637535269,-1808.9278025413132,-1889.171221358729,-0.0,-0.0,-250.4140018239271,-79.28514935891499,-1136.6607384495953,-1568.5794581262612,-526.7744955541283,-1474.7418220497282,-1280.3336664939168,-0.0,-0.0,-0.0,-0.0,-403.18878379653603,-95.42363473183877,-0.0,-0.0,-197.19463169636035,263.4076358342353,-0.0,-1229.9307303098553,-1158.5827111685162,-1150.0285181788292,-0.0,-0.0,-863.3127937078157,-1359.0749009576612,-787.4700885795656,-432.85703182763746,-0.0,-2419.7029977082416,-2445.95731240713,-0.0,-0.0,-0.0,-0.0,-0.0,-1477.2636214410386,-0.0,-2195.071722553566,-1192.5854621991207,-82.78531733383932,-0.0,-0.0,-0.0,-2751.33775035909,-1605.4414091262968,-591.2433151494522,-554.0452021205888,-1116.823612584166,-839.1596785589604,-0.0,-0.0,-551.8150214796257,-1360.3776339316053,4.547398370695294,-598.7720494715205,-0.0,-1084.7418229690259,-849.852871990572,-1669.080973959295,-0.0,-264.2467240756896,-254.30078075616194,-328.403154052963,-1522.6419912207627,-106.8575850233741,-0.0,-0.0,-0.0,-0.0,144.4416586433544,-164.10052532298496,-821.803679037742,-1533.8031346009047,-1316.9270402451684,-577.271051138113,-599.1280910859314,-9379.895487428008,-1011.2254169320825,-587.1694315986691,-0.0,-0.0,-0.0,-354.82975052483886,-395.5568426446886,-1193.7060314091639,-349.29463906593054,-0.0,33.238931457463366,-0.0,-0.0,-0.0,-0.0,-0.0,-0.0,-0.0,-97.3115893802157,1759.8234740610974,-0.0,-1439.9725651987483,-612.5161544324757,-443.64037927131443,-1938.840847925878,-0.0,-0.0,-627.5880586266002,-757.1894907769764,-124.2683617515786,-141.40159169074025,-0.0,-662.4315592561657,-186.48059733763301,-2031.702270818078,-399.0306936881341,-521.6409422631509,-0.0,-0.0,-1379.9515902847281,-2437.826539606291,3.959055914991,-577.5984651772593,-434.66755217965454,-1088.574968375224,-1395.166232795812,-812.5967560976791,-318.2007148862081,-179.2366854996584,-1519.263738740753,7010.62531368352,-0.0,-602.5782888319616,-646.6225244533686,-1220.9793250334328,-1204.5585819666394,-1161.056809419277,-1927.844106210659,-1848.1768516490788,-618.3281848216309,-0.0,-0.0,-1820.3958758821595,-0.0,-0.0,-419.8253700288696,-1889.9358898534588,-1561.2429710286056,-274.1100606861003,-126.89102546317311,-1993.1467374274157,-0.0,-1443.6501504261198,-0.0,-0.0,-0.0,-0.0,-0.0,-0.0,-457.5237090425987,-1562.3677886809905,-1061.249904410355,-82.40749002363974,-252.2900563277978,-540.7829658823237,-195.9762494858783,-0.0,-0.0,-513.3823381325433,-643.0165387398058,-3850.106837726136,-0.0,-1304.7816653059476,314.1069603180988,112.58314810209288,-0.0,102.01051930628242,-167.06018238104014,-102.54423554901835,-530.7508379631245,-0.0,-1683.4154552744833,-0.0,-0.0,-1483.764953129013,-0.0,2351.3522892142014,2296.4968918942013,2276.491654105866,-0.0,-0.0,-1938.0465488841173,-0.0,-0.0,-314.85505038335117,-924.518767152401,-853.3111272150659,-1121.8110762767894,-1092.6647131182299,-0.0,-0.0,-0.0,-16.391743662176633,-779.2928911724075,51.919593505531836,-76.14142376393788,-1194.5158299269685,-991.2030940483654,-409.55004631715076,-1483.2103213362816,-0.0,-1930.2181357742816,-1225.7218822670543,-1705.9439790229676,-529.6180148841802,-546.2456129213463,-0.0,-1461.178927865234,-884.1769799354303,-944.5112394371014,-2149.9842126734266,-546.4841550844867,1249.093998097187,-4.4566031668914095,-406.86993339114133,-1288.9315929288796,-0.0,-1673.396643243494,-3453.3467693003795,-501.986555029303,-557.0542913528652,-0.0,-0.0,-0.0,422.03965665385476,-410.405167516991,-516.6050275776446,-184.95525463253406,-554.4314000036153,-448.65009314345235,-0.0,-446.395394531237,-1068.286126971008,-794.2921898362364,-0.0,-2087.209379687966,-4272.646252065294,-0.0,-0.0,665.1485062049421,697.3309123559296,-0.0,-0.0,-760.1402010324007,-858.6429133327925,-417.8888679591782,-702.7261580225429,-0.0,-0.0,-0.0,-0.0,-0.0,-3067.569990619435,-425.46237347170467,-1806.9264535654972,-1101.3840412604939,-0.0,-318.15970551508167,-870.3432079820496,-0.0,-353.21869758597853,-846.9744193038588,-1138.0796920707921,-4896.155258358586,-43.83756552436784,-0.0,-0.0,238.72484458526452,903.0612360518427,-0.0,-0.0,-426.31363697891703,-0.0,-34.38199434013815,-0.0,-2713.5876973879667,-0.0,-447.31043762735527,-0.0,-0.0,2066.297909219774,2350.5418577338633,1922.3294038843958,-0.0,-0.0,-468.84670032139854,684.3425622843491,-2481.93780923503,9.463154217890018,109.06708072726545,-2724.9966967198343,-57.86870250690505,-157.52606750175326,-686.4734337402363,986.73794506253,3448.050718299152,-2992.4754865407244,-0.0,-0.0,-990.0251695813155,-1655.782772984161,-1468.2459288193218,-272.65383956021776,-75.58298982796227,-0.0,-0.0,-0.0,-0.0,-2233.5923508251503,270.27450640487405,-0.0,-12.623699402077024,-0.0,-1763.7139206929494,-1925.8108141917508,142.72069996122391,-0.0,-0.0,-314.38123933202667,-0.0,-1811.7155136722174,-81.60203183389474,-1137.0088146229343,-403.2895254617855,-1304.9813239032396,-705.398955106581,-1056.637677867112,-677.7511916228725,-0.0,-0.0,-0.0,97.9426575086377,-0.0,-0.0,-301.8966488105297,-467.00104757639997,-723.955032890736,-0.0,-1469.4310818027514,-1132.7955191219569,-873.056366080051,80.3334274860124,-419.7674962545179,146.35538746783334,-340.78531040428453,-0.0,-0.0,-8.929313300813718,-1930.9506072454826,-661.0408498391091,-1031.7131198002767,-153.3191278422879,-2108.8902274090347,-1928.6387110194257,-1129.4957472595368,-1166.3373375403417,-113.5721163928469,-623.8383428626698,-734.4706482381716,-1143.776757153615,-2710.7698095321402,-0.0,-1835.9886187414506,-158.77498563043062,-0.0,-2346.8560515100858,-3081.7944215256994,-2341.779768878503,-275.4162718885393,-0.0,-1569.1705806255263,-208.58320397571526,-1285.2192976677818,-732.7630573657865,343.8550937071912,-1916.2080469384048,255.48522070329327,2249.6933320509006,-0.0,-230.79241873314058,-498.68235891117877,-923.3526774734293,-1296.9443691219344,-1805.3979034676343,-4574.92938620456,-0.0,-427.63213280524013,-1398.6195987126878,-730.4002568072467,-259.0239293985731,-29.40801135189472,-343.6645223594843,-0.0,-0.0,-0.0,-0.0,-264.0365180813879,-1296.5818233816258,-935.4921018264936,-55.81286341345409,-18.001313497989862,95.04426996453572,-0.0,-0.0,-1169.385767753594,-544.5924115416075,-0.0,-2370.0307069195565,-30.54345312847344,-1367.2578073663499,-0.0,-238.22253654740211,-196.25409147689285,-0.0,-0.0,-532.1869544224553,-0.0,-0.0,-5481.375302179985,-209.9588060273319,-2268.898991901066,-9.431370937097723,-0.0,-141.4477233462367,-1335.849220393282,-688.4037410295432,-324.59160384979543,-1506.3471951529941,-0.0,-391.4877917770549,39.711793275108356,-602.7806300382027,-0.0,-0.0,-42.26128719524308,-70.9267636343366,12.713816518523341,-421.03341011126156,-1472.017347998718,-1702.0310858093583,-0.0,-0.0,-0.0,-8.2315002007821,-326.45148723521646,-0.0,-1496.5654520666108,-2741.4100082165587,-0.0,-0.0,-24.815970405471845,-1620.4478687441595,128.0277918536021,-0.0,-0.0,-0.0,-0.0,-580.8041648518739,-2397.254820075445,-642.3624811733533,-1296.070643266016,-0.0,-0.0,-702.8550466356834,-523.8283611059157,-407.21268680340194,40.29387046865319,-0.0,-0.0,-0.0,-860.0797307954584,-753.8863579927827,-526.9087033666311,-374.79733398299544,-0.0,-0.0,-0.0,-0.0,-2277.1532798992334,-85.01117414523107,-79.96107836355752,-0.0,-0.0,-715.8995004743418,-458.8778410103962,-0.0,-2033.2546927542164,-5388.610036674225,170.13671957318994,-1126.0614105847308,-0.0,-0.0,82.31131498272246,-677.7075068167563,-1818.1475239590068,-523.9157261164305,-2626.070357640669,-1193.2875309435692,-861.9723189125363,-1562.6988088457877,-0.0,-0.0,-0.0,-40.76197971274839,-1177.2025095382846,-0.0,-0.0,-3542.417812823967,-86.42474218852477,-1493.4700657233464,-792.4192595194921,-0.0,-0.0,-0.0,-0.0,-0.0,-0.0,-759.9098512417954,-0.0,-1707.7753333145633,-0.0,236.337607972266,-1183.5518443839983,-0.0,-0.0,-0.0,-2732.509771965877,-0.0,-0.0,-423.0593299798821,-0.0,-0.0,-1031.726038546596,-664.9389046679476,-0.0,-0.0,-214.42320066746942,-2107.4597614806576,-0.0,-1365.4906135438953,-494.61319404785837,1268.2881634460268,-243.56321272269778,-0.0,-525.0369309372385,-195.46197766473554,-0.0,-20.44984921185036,-0.0,-334.0562866708805,-0.0,-0.0,-0.0,-0.0,495.9731151204783,471.6824428733432,-908.2742957752258,-1894.0972917113868,-0.0,85.2803014930709,74.39513195063827,-82.78766332175421,-886.2007399942821,37.425879186310034,-517.119923290304,-400.6842427856887,-254.28109223241768,-3650.0725034896213,-0.0,-252.8367449643987,-1631.3584218712833,-2442.4869789203917,-0.0,-1090.7166097221113,-1516.3906172535221,-2178.2286555953306,-794.1524220574896,-0.0,-941.9745385067018,-777.9389248119297,-841.650248522036,-1566.3443209724505,-1044.2670660021245,-0.0,-136.09501647521157,-1322.5578100560513,-0.0,764.7445210805904,-554.242516407499,1121.0616215065222,-0.0,-0.0,-17.7577166590105,-635.8347943576906,-2565.8331767120335,-1072.5281449553286,-0.0,-885.8603694541454,-3203.2809696416043,-1026.2685958485558,-923.6692758035289,-1216.6954055182212,-509.57039867350704,-37.59674497441765,-0.0,-0.0,-0.0,-1154.8895387017812,-4.5449732865937,-0.0,-0.0,-2033.598672726936,-871.2856201402935,-560.6446900957991,-1746.2048086113803,-169.1573942386335,-34.82938170168084,-2433.1673019173463,-828.671075228797,-573.1970126501362,-1370.8686036714544,-0.0,-2704.5385655097652,-420.1731324729996,-1191.7160521530611,-1582.4627235955734,-377.92917428965023,-553.4654964419327,-1559.1488618088517,-442.55060810806236,-0.0,-0.0,-0.0,-1423.7561485692424,-0.0,-4076.6555422575348,-1217.4170539291329,-1474.8886657344867,-0.0,-0.0,-0.0,-0.0,-0.0,-135.70139532755078,-0.0,-276.6654644085366,-1006.6628316396541,-380.17747587180975,-0.0,-0.0,7.862443986727482,-0.0,-0.0,29.71411661537144,-272.7049886142174,-0.0,-524.2864282074678,-0.0,-0.0,-84.33181908626949,-0.0,-3071.8917154947458,-2383.8705892982257,23.424917048547023,-6887.55689690344,-1037.5088090224035,-675.2871359030445,-0.0,-848.0707610601742,-1370.7176434991597,-0.0,-0.0,-0.0,22.347594949818728,-0.0,-1179.8403787055602,-0.0,-1662.7870217802733,-0.0,-0.0,-2419.1394724537363,-1132.7770294116938,-913.4857832606252,-0.0,-0.0,-0.0,-0.0,-295.6415092570292,-712.524961225723,1442.8149758488541,924.319941116779,-865.366731223228,24.19029196638129,-0.0,-356.47575996495544,-275.1172327262933,-2044.834980904608,-436.85122683741014,-129.49906192697168,-1129.5249585684144,-1393.5340573608253,-1061.7612281732063,-638.3260587234857,-0.0,-0.0,-0.0,-4.625689063830899,-0.0,-1601.2649967096274,-626.2305607774388,-0.0,-2066.7587267221343,-1300.6626754995432,-0.0,-0.0,-0.0,-0.0,-0.0,-1023.5308079650656,-0.0,-326.7409946021855,-1566.95802202633,-0.0,-1246.7269050099744,-0.0,-0.0,-0.0,-2514.333346630196,-1167.4049068238417,-1014.9376036656628,-2600.2493490249994,-0.0,-0.0,-0.0,-98.76046669460355,-506.3939303447544,-29.030741524560682,-637.0636704713082,-147.46908234927446,-0.0,-0.0,-350.78659509267476,-1485.9213373808377,-4168.151633623884,-0.0,-516.7504210860166,-1403.2351098608005,-468.91482467354996,-492.42269598963804,-0.0,-0.0,-3.903504795467979,-2223.264186391233,-2133.370204385508,-40.6261448911287,-1678.937608868733,-425.99635619024383,-870.5397386609454,9.460549403435325,-1111.8811721401064,-0.0,-2220.420768923718,-0.0,-484.38001144516517,-0.0,92.92687791827893,-0.0,-0.0,-624.2719099539711,-778.3245964302664,13.941396984866142,-0.0,606.3253746092935,-0.0,-0.0,-1538.2706714957853,-1361.349554060863,-1176.6540482972518,-0.0,-404.15211085166317,-673.7927720003545,-1536.7479512219907,-0.0,-0.0,120.79893393461498,-696.5822357397959,-0.0,-0.0,-18.326122469963543,-0.0,-4.472949135131451,-643.0685501619436,-0.0,-0.0,-1398.7371610937023,-1432.8148658094653,-86.33724347999622,-7.866550145057896,-132.46201735767048,-829.2864069140387,-1159.7546691824894,-1768.9355481975426,-0.0,-974.0792931503736,-16.362280477992858,-44.31290755598514,-1396.891133316661,-0.0,-0.0,-0.0,-0.0,-672.1233873014207,-4.6563219083106535,-9.328356190331327,-0.0,-0.0,-522.6879721493506,-0.0,-0.0,921.6660525889229,-1202.1569975144196,-43.290437228688425,-2030.1325570040133,-0.0,-0.0,-545.2311704576106,-0.0,-319.40547669556184,-1060.11866742239,-889.2330468351045,-1068.6299956384003,-0.0,-0.0,345.11301232160616,-0.0,933.5886506477597,1008.9671034331105,-214.7910823046431,-874.0177332977928,-0.0,-0.0,-39.79359690368621,222.78580142478808,-1009.9774904364168,-460.49917555018163,-1342.4472242050915,-2669.9588044973566,-2245.6867597334444,28.183138245356098,-0.0,-329.03004944140486,-5739.76251250994,-612.8100118318066,-516.0237234590018,-0.0,-0.0,-649.4581731177803,-0.0,-817.0273190867323,-1512.3935577249486,-783.0090144119652,-0.0,-0.0,-67.68013282652751,-0.0,-211.4111523043258,-1456.4318348806385,40.70677119355136,-642.6835765110673,-354.55010478187404,-247.12377881887116,-801.2239294259118,-2583.3355640174086,-20.08505754454348,-1224.3914542130342,96.33798162707258,-1046.5273455530412,-322.4364130068811,-0.0,-0.0,-145.84471733392547,-0.0,-0.0,-1968.8475636449052,-617.9141183204036,-0.0,-817.110733954435,-519.2016468872706,-0.0,-0.0,-1522.0571500506321,-1002.7390593843792,-1540.6441113921405,-1446.2967499285612,-0.0,-153.44902783784826,-3299.199905284327,-918.3802261911187,-425.3530039521312,1947.8247448112436,-1550.2638275636475,-1238.9060285902672,-12.601207968394847,-963.443803007394,-17.641667314331144,-1706.6576077553705,-0.0,-3597.0536683445357,-624.6175483532436,-0.0,-1553.6048456171309,-1731.0050653737765,-0.0,-194.43867623452456,-919.3304029189436,-1122.5801420874163,-1451.1222041853969,-754.5888869314341,-511.88849501337666,-634.4572504219187,-0.0,-289.679881464931,-0.0,-2518.35663770004,32.45553967950059,-3419.657158377981,-820.2274456001619,-0.0,-0.0,-1265.8603307287772,-911.0621348646533,-0.0,-478.83795988024303,-0.0,-0.0,-816.6974042018991,-0.0,-0.0,-0.0,-0.0,-0.0,-0.0,-0.0,-773.4532870231668,-507.60434544552277,-3026.348172024533,-2628.1455700633805,-0.0,-0.0,-1261.8756943994185,-2025.263704041452,-489.16637497479303,-210.72959899641356,43.16809592435845,-0.0,-1616.4473415946873,-0.0,-2764.867558925475,-0.0,-0.0,-0.0,-0.0,-1663.4506376189709,-218.67391428633695,-363.4644875224074,-1231.097339402902,-1239.2317041864433,-707.4035885844478,18.942280542746843,-1205.506807933863,-0.0,-0.0,-0.0,-0.0,-622.0820627731047,-501.53346748596647,-1400.6451288727662,-0.0,-1121.791021790128,-6597.9871062579095,-629.9936069448687,-742.4284906630479,-3247.309787550665,-745.2672550745167,-0.0,-471.6257808608662,-443.6191820628456,-1186.6646307153903,-620.7162566499964,-1576.9165971239568,-1476.3759741572903,-0.0,-0.0,-0.0,-0.0,-1611.0283667984995,8520.829460843095,7365.07367580975,-0.0,-0.0,-0.0,-0.0,-2117.4672087133176,-964.8802353635782,-94.07249262854052,-1445.1468282435478,-854.2726043946757,-0.0,-0.0,-0.0,-0.0,-662.8039839567807,-0.0,-1900.3783118157348,-234.23205805666467,-0.0,-0.0,-0.0,-0.0,-215.50843876909957,-450.57151046829637,-480.33241118122874,-868.5293141287859,-947.060451374006,-1248.1575177447814,-935.0012342918224,-359.73424673978604,-1195.0232181567321,-1552.4370431743018,-1221.8816510355903,-1817.323606503612,-204.85527649533222,-1329.8181494746416,-1150.350799090641,-943.3486336784811,-1697.2397329605672,-583.1475794627454,-2261.4451094725805,-1666.9497203412661,-1494.0871027413846,-634.9773299577237,-671.5350155894513,-1135.7596129105748,-0.0,-1096.8025951379843,-0.0,-3041.2926821529772,-700.7041808513741,-249.28358496052024,-1818.6103937373616,-1480.2497381544756,-1233.6642422968723,-0.0,-0.0,-0.0,-0.0,-823.7811638937524,-3851.5688066100656,-1425.8448808388443,-0.0,-0.0,-1124.852914896898,-0.0,-0.0,-1052.73876356592,-405.00211285785,-1099.8096626504605,-845.2544482727367,-968.3748309956109,-705.2727766799557,-1996.6737135437427,-0.0,1278.9272616491253,-0.0,-0.0,-1057.3180056419674,-5845.9730689352555,-0.0,1750.4510304410808,330.7413054932801,-943.7182786075509,-0.0,-0.0,-1559.4780574320985,-1071.5143181266003,-2361.3963727289115,-2077.924198541287,-398.34229495625567,-0.0,-483.7967126943142,-191.23319030124065,-0.0,-946.8297359286746,-0.0,-1698.802717782188,-2399.720884550996,61.12482577726477,-2325.4254375883947,-2044.2077320717917,-0.0,-504.0498375402439,-1615.5228867757485,-2252.692122153017,194.4157007125018,-430.3792398467578,-2589.0336913664514,-941.9267567260553,-818.1697190765112,-921.109976216692,-449.98097660308656,-1053.8660031718853,-1541.5857216617173,-0.0,-976.1046452082973,119.00329452639342,-1410.7767169383537,-0.0,-495.7338888925766,175.1755927051376,-900.2199125109825,-801.1276365276254,-0.0,-567.9615766350607,-365.9679936446651,-1864.1564970012244,-1130.1655424409084,-1481.723925204369,-890.5428775637687,-848.6929699641535,-1041.4345819677778,-2032.686165963223,-71.81772083929789,-0.0,-554.3308238263862,-663.134559887157,-1480.8724052488863,-2143.451802818117,-334.60964985393866,-793.7802335595331,60.19038915284739,-923.8674984211327,-549.1859689557508,-998.8722108197405,-0.0,-985.210609861582,8.172109040974554,-2262.352225947607,-0.0,-293.22422504222646,-539.0964486146879,-801.7068615264027,-2316.689528361388,-160.874241227501,-1475.3648142825427,-742.2886039758419,-2630.7782815660344,-0.0,357.7798513971593,-0.0,-0.0,-227.84261964067665,-0.0,-0.0,-3707.31374675498,63.245390359939144,-46.07984079265418,133.4708074511012,-1111.2599656190403,-0.0,-0.0,-0.0,-0.0,-0.0,-28.66285982339065,-0.0,-807.909990553959,-0.0,-373.62131243498095,-1819.5475498352762,555.7158665188396,-3338.2064161000953,-0.0,-0.0,-0.0,-0.0,-0.0,-0.0,-0.0,-0.0,-0.0,-2448.3395638898546,-0.0,-2678.935753976646,-3311.097252269316,-0.0,-0.0,-0.0,-0.0,-0.0,-768.0855936683828,-1000.97651708656,-0.0,182.105046779602,-658.0200366922895,-2290.6581702027606,-612.0252013433851,-0.0,-619.0337859862416,-849.1930672660154,-0.0,-0.0,-603.3735049855477,-921.2133947228466,679.5860851000846,-472.9068223651622,4.473555591838291,4.492180417710429,-0.0,-0.0,-0.0,1479.0704906406465,1747.0732956993588,1456.59200209821,-0.0,-0.0,-0.0,-691.8664468448761,-0.0,-0.0,-1008.9410374452979,-91.44863356304232,-480.34410859564383,-60.39971696508013,-1005.321945981515,-926.5746870917391,-1298.610790783496,-597.8819217067404,-153.40718442834213,-1115.5404204069346,-0.0,-2067.332025881774,-79.86262843182841,-601.8792075187638,-896.8052729635656,-78.55342455299986,-0.0,-1165.7925115635028,75.5619295263412,-0.0,-0.0,-0.0,-0.0,-0.0,-1478.7386971961755,-2951.7687010051686,-0.0,-810.6178791528873,-8.415646291327269,-0.0,-0.0,-0.0,-552.5584949159953,7.913155323528469,-0.0,-1160.7673141545965,-801.2342349330172,-0.0,-0.0,-554.7663194571521,-0.0,-0.0,-1721.7273584451539,-1435.0758372953667,-0.0,-814.4329652718247,-2240.36506387148,-101.54438334191568,-0.0,-0.0,-193.25930464472023,-805.7580138093853,-300.4264692732237,-319.1394602880706,-223.83246355481043,-0.0,-0.0,-0.0,-1189.5936853180376,-904.8025217249154,-2123.7745278542957,-126.74951373586607,-1290.5196627091505,-43.57951748382329,-392.9962024117125,-518.438024702479,-2069.185474436296,-0.0,-0.0,-857.8976165002271,-1860.9538238231428,-0.0,-0.0,-0.0,-579.9289359869153,-2424.502516246247,-3498.2956011522565,-0.0,-261.2608909642793,-95.85942288019133,-676.0920960404233,-586.7790070828913,-1676.5990747281185,-0.0,-1459.1754176979941,38.956242308631616,-7.965868019856497,472.0512730008715,-0.0,90.26179357981857,-330.5624890664451,-422.8296651507212,-55.722970595522916,-0.0,-0.0,-423.0412632236283,13.864033752841836,-0.0,-1603.1624438559256,-993.3207379731967,-977.5220555086721,-764.0470127803993,-1169.229476416385,-1562.4040889908977,-0.0,-0.0,-0.0,-0.0,-0.0,-379.50745999279036,-544.0620706807737,-1197.315856958319,-1446.3174703570162,821.3873071592755,-1511.7819242194676,1480.0184598803405,-0.0,-2313.969634261838,-1543.5983242129778,-713.8275681891934,-20.1447760094493,-195.218940024344,-2111.4736887854083,-395.23452854402825,-0.0,139.70087181085268,-796.8284479334607,-0.0,-0.0,-546.7295724974699,-377.065922192783,-404.6593945945955,-1216.7000763040678,-1452.1940423530048,-0.0,-1676.666327341653,-1351.96227311647,-5153.197982695251,764.5283027910393,672.6393408357856,764.6269122759385,677.2398608868261,-0.0,-0.0,-0.0,-0.0,-0.0,-0.0,-0.0,-0.0,-511.8135190421919,-0.0,-48.037335306355594,-0.0,85.50651916001263,-1114.2708331268332,-1308.6400550190922,-1961.870676612684,-0.0,-0.0,-0.0,74.44226913698691,-3240.84984016371,-771.5987411492836,-2887.460338396884,-1677.3241469148566,-0.0,-0.0,-331.77309542248094,-1367.7626222517003,-0.0,-2137.4195205262963,-579.6281328353372,-0.0,-0.0,-0.0,-2704.8370472546667,-0.0,-0.0,-0.0,-0.0,310.62640773757965,-0.0,-0.0,-0.0,-1062.8110603756552,-0.0,-0.0,-0.0,-0.0,-0.0,-0.0,-0.0,-328.7163371130506,-1095.917988225024,-1527.9804885396295,-1437.511806399129,-629.06193545328,-1024.7514944530524,-58.32118633462854,-0.0,-763.3197698674109,-49.75096434485726,-0.0,-0.0,-0.0,-0.0,-713.6236296156198,-0.0,-608.2248099354111,-1313.691045530684,777.7877281149481,773.9388436864195,844.609949048899,801.1647523857706,775.0877151216624,-0.0,-0.0,-0.0,-0.0,-0.0,-0.0,-392.83291365661216,-0.0,2022.3518199475895,1030.1270738045564,1133.3676871616012,-0.0,-0.0,-1349.1846753032446,82.56952506442485,-52.25485892051811,-2501.1600340711507,-0.0,-1931.4131190353874,-0.0,-13.412729423789509,-0.0,-0.0,-662.0833971140204,-0.0,-745.5893431960674,-547.6020732112364,-378.0005896195586,-0.0,-28.982048512800986,-0.0,-908.8271825641589,-0.0,-2223.3969986020443,-510.4624136510522,1870.1666000364892,-1984.8463149225738,-895.5911278700306,-86.62751360729631,-847.6265500087084,-0.0,-520.9735643393518,-43.74099280624811,-2765.5967658560794,349.6839257899764,-234.83250456459263,593.0745673516819,1195.5397746247015,-0.0,-320.6221398785044,32.306037260995424,-1063.975625440006,-1209.4986949902327,-1496.2689309144948,-2029.9722073634352,-0.0,863.995369487688,-0.0,-397.3252975560471,-2642.3157434865616,-1279.48332828216,-0.0,-1285.9580020813605,-319.2164245549085,-678.6881236257308,-700.1249730867572,-274.8536146045087,-1644.3420430635372,-0.0,-1853.8760557418875,-417.83587549729026,-1617.3442588199491,-361.9284959989175,-0.0,-0.0,-0.0,-0.0,-1435.9471182593961,1068.9050640555333,-1003.340803713454,-723.8563221321018,-0.0,-52.337483447249795,-0.0,-0.0,-921.5573915023177,-779.824263514447,-687.9485589322056,-731.3578609477203,-0.0,-0.0,-0.0,-0.0,204.49268817103987,-0.0,-624.2422493947413,-2001.5430774885544,-1056.5809752684556,13.459832042516716,-1487.7796047480422,-0.0,-0.0,-0.0,-652.0317706731634,-845.3084148991152,-0.0,-1606.9336978631638,-0.0,-3054.516195795093,-3788.3356419737647,-0.0,-94.65227193348575,-0.0,-723.0173460696002,-0.0,-0.0,-0.0,-2406.8179208750635,-1150.7981268312226,-537.6296371110433,-862.5299301467592,-0.0,-0.0,-2266.494933221253,-0.0,-561.5985921223706,1105.1673513759108,-1050.2413517558036,-702.7199713454862,-511.02134743220114,164.2222127139967,-0.0,-0.0,-1412.3070614917265,-0.0,-582.6929786543053,-94.32208029545026,-423.90468929694583,-322.1668241089188,-0.0,-0.0,-205.26703985023138,-704.2384104840424,-1039.2352137328894,-562.0530526415855,-1246.8967874453272,-85.20279907893419,-0.0,-134.98850082228213,-2021.7812143882377,-1168.392371364863,-0.0,-0.0,-0.0,-585.4834029980261,-628.9022664685533,-1516.6454752500215,-0.0,-0.0,-0.0,-0.0,-0.0,-1543.959351515218,-683.077794043416,-0.0,-590.9334942415605,-0.0,-17542.38478799842,-782.7878120453195,-275.126929122257,-460.80851756725957,-0.0,107.74528913209926,-1819.592191965189,-2689.092464980222,-0.0,-0.0,-0.0,-760.3162024317869,-564.1061307300124,-1011.0363860428519,-1053.4299741681946,-542.8369312400749,-0.0,-0.0,-1720.7094061958994,-629.246995927584,-2541.0952685837533,556.1790648933344,-2104.203030667817,-0.0,-0.0,1707.6291713880828,-1056.6553931544004,-0.0,-196.03088752341282,-350.8242815927246,-640.0108859680957,13.59783518137191,-866.3837931065974,-0.0,-0.0,-1305.0675502429083,-1403.6886949493194,-2632.2845125591343,-0.0,-0.0,-2331.5263374172832,-753.7192344796122,-788.7584377319857,-2420.9932355382703,-1563.203693545177,-0.0,-0.0,-1117.6090897367314,-0.0,-274.9931349854276,-1643.03237414426,-1566.1052584156112,-0.0,223.96747232585608,-790.1860469695654,505.7995561797655,-191.57889917803396,-368.2017272150858,-0.0,-662.912808649083,115.38569706042043,-201.57627536897377,-380.8508927053011,-2714.363621498032,-2218.6544299527345,-91.84602862654484,-5064.511993082772,-543.2017219004726,-1098.7876567661488,-50.19833427233828,-3930.926338583117,-335.5474313044725,-799.8982482480716,-304.9285492197184,-1843.6627357576544,-1317.5956455662538,-3294.6112365364024,-4510.893678669451,-42.816097595729076,-645.8016683607478,-1620.874639552177,-1087.2636340533318,-0.0,-4087.6951530314946,-0.0,-509.3731090953047,-1525.0610504721456,-1306.9971219047454,-0.0,-0.0,-933.7979042923439,-283.8914296268096,-0.0,-1482.4324544034553,-0.0,-781.0189203373075,572.0694153348298,-1503.5122390824172,-481.21140842834427,-8.046833708979754,-61.246722006494196,-0.0,-1912.0589408694302,-570.5377521623742,-0.0,129.82052557498045,-0.0,108.78501342970614,-137.0031293762275,-0.0,-462.45640459978716,-1307.1768277536446,-454.21939083876845,-831.8980593907991,-2285.8640225438835,-0.0,-3881.6507845164388,-1960.7029125485885,-2576.1743023364415,-2363.7918857664667,-73.70483067233802,-168.39636301026323,-619.2392468437065,-1253.5502040174176,-0.0,-0.0,-1058.563480560388,-162.94846133164373,-0.0,-69.80788779635692,125.48171335390718,-2352.5006814640506,-0.0,-0.0,-1186.8645954630367,-0.0,-170.62780047762826,-0.0,-60.27165830979839,-204.85944372357133,-0.0,-343.4154217970632,5618.385650587692,-0.0,-0.0,-1558.0550932185347,-684.510171626029,-257.9685998523003,-0.0,-0.0,-0.0,-567.2323118674881,-2037.3737880921988,-0.0,-0.0,-0.0,-1937.011949307148,-193.01807865367576,-0.0,-0.0,-1719.6998316708307,-717.6002870355042,-360.235216970656,-375.3718904996891,37.516282825347716,-596.6675039590583,-373.3879367592539,-276.5449825386702,-2126.896947963262,-0.0,-0.0,-999.4938510941636,-863.4837400581014,-2594.1566817282596,-0.0,-0.0,-2302.573444882071,-544.1186951799443,-1451.2265181514704,-506.8097588335212,-698.8054086829153,-2269.184105946089,-713.6535117918322,-84.56500111473865,-878.0526890156995,-2319.596439244916,-1821.9022284080409,-1217.8809840356555,-0.0,-518.7427807945019,-0.0,-1697.294468266113,-397.5392994882598,-207.92112993954632,-596.171506895047,-896.5312879922884,39.32023716760901,-0.0,-1066.786307293283,-622.8310614427629,-85.94443691663008,1485.9466895266205,-67.3438353250024,-0.0,-604.0565419411597,-408.7430076673618,-0.0,-691.2676452241204,-1508.764809088144,-0.0,-0.0,-0.0,-0.0,-351.69556515616944,-725.5723433140114,-363.6920740098961,-396.3310105613608,-344.8407476872414,-1863.6964829262558,-740.04150356247,-1245.255118187464,-2370.770381030419,-1711.026997501915,-0.0,1044.6472729196078,876.6037468656224,564.6112354589848,810.7277130419369,657.5696667332559,-0.0,-0.0,-0.0,-0.0,-0.0,-0.0,-0.0,-0.0,-72.03767819342383,-804.6127570008246,-512.58390355473,-335.7173936190839,-1034.1755917300366,-121.11471509973909,-350.39814501189494,-1124.9491505635415,-288.5450090012193,-1747.951807071835,-807.4658309665049,-110.93423437536947,-457.9639438300218,-8.797988727473092,-0.0,-862.3873675653596,-167.79156714297895,-128.01777877672453,-847.5969161933517,-446.47692279381454,-1644.4815530479902,-266.0928473890453,-0.0,-0.0,-2239.2769007860356,-433.34294639503355,-280.3890452935852,-508.1929972241093,-884.1128692313431,-466.3541288193769,-362.2475442923706,-0.0,-482.3978281033911,-543.3963632817781,-631.4037035137218,413.92482809461865,-1365.7177563888963,-1884.0961911773186,-501.4769281562023,-652.8154310561871,-287.98409346271916,-13.320154507855538,-0.0,530.5105026414445,-939.5356738054606,-49.95321695208928,-1748.2416765209898,-0.0,-0.0,-1292.4721813196943,-480.7243867102274,-0.0,-722.1409837920179,-708.1288103252185,-850.9401239469927,-0.0,-815.1160988916967,-578.7174892327339,-2127.2785434503635,-4249.894720592104,-407.2421250054003,-0.0,-45.89702317170668,-407.9036513276579,-1669.2917331389679,-204.3267836552983,-614.3405166122734,-647.5342217132383,-743.3758169511141,-190.1278399346804,-0.0,-0.0,-1303.8501587317971,-34.985728415082576,-427.5111922089327,-679.0247834918155,-1447.9034693652222,-2364.886802287892,-0.0,-462.01650129821616,-0.0,-0.0,-0.0,-0.0,-0.0,-52.539203013997785,-161.4729012418472,-399.82932553963684,-0.0,-0.0,-0.0,-0.0,-0.0,-0.0,-972.0027259518988,-2105.665684097975,-438.66201176260404,-483.67551129107426,-44.60497083171603,-0.0,-0.0,-468.9974154979323,-0.0,-0.0,-68.49548903434065,-2408.986962222192,-0.0,-0.0,-1341.6160888918735,-608.3389372960314,-929.8255678580912,-956.6195977346704,-800.3053023818342,-0.0,-0.0,-1217.4938816917995,-2036.3777593391,-1069.2357506627804,-0.0,-1054.92313092673,-149.03047649035256,-311.6502322891552,-697.0641431993382,-7.941471525220658,-635.2900747570714,-1853.6100544796566,-0.0,-1565.1092080266285,-174.36271179940795,-598.2979557185837,-1353.4941143533479,-135.65280712277612,-1103.9214706784928,-0.0,-1167.8281024340856,-31.821471737821234,-2059.2128499508012,-2023.4950567367282,-0.0,-0.0,-0.0,-0.0,-719.9666805254561,-895.3542264876879,-0.0,18.447587634400506,-423.1819338737658,-961.8312385532644,-2132.065030259994,-2460.9786400246976,-357.78001388266756,-0.0,-959.3238165411602,-714.5600688913152,-1912.4799986875746,164.22392960962807,-0.0,-3073.310836645576,-833.5198378153889,-0.0,-189.37637523364623,-1571.8628943701933,-0.0,-0.0,-659.0501164929916,-1451.1401922463774,-0.0,-1057.6207763656391,-1444.3592427774001,-0.0,-78.05658888864794,-535.9073718197865,-0.0,-1551.4286008063898,-2481.355032701054,-1022.4191757373666,-155.7454112989547,-1931.8055498333647,-78.11682947739428,-1021.9085369678983,-609.8188039662896,192.8319908313233,-1175.3572946182135,-1293.6178486017943,-758.2460322241541,-1295.1420967633167,-439.2720451127768,-547.5739379888952,-654.4402649063178,-2064.7539615258993,-0.0,-0.0,-1759.9294303997062,-311.31637574461814,-0.0,-1574.8015691537346,-1157.7903493991794,-0.0,-2691.4240547182935,-485.9992928194154,-0.0,-724.9695930988391,-0.0,-0.0,-1236.464459327636,-1036.302890546946,-0.0,-0.0,-0.0,-844.3792648351285,4.073161664216132,17.547728901494057,-312.6710502209209,-0.0,-1897.2654792107176,-1522.5606543730676,-550.3105775953608,-2130.6081314568246,-0.0,-79.27660886570402,-789.0138891881952,-0.0,-384.58780438551634,121.8345379843755,-1256.6262809089294,-989.4572958785741,-743.8541197930113,-1160.0480596264938,-0.0,-0.0,-0.0,-899.3875789813488,-0.0,-261.94074614498055,-920.7722381315294,-251.27187422237932,-1336.9931912566274,-2242.0550143555583,-571.5856538694891,-2062.37628508587,-0.0,-825.5492873748009,-1743.165025252002,-540.9135697874126,-1200.0884340826938,-278.13545535341405,-603.4967757429237,-1498.7933672797253,-0.0,-0.0,232.1289398108858,-2517.567593802281,-926.8318538815048,-266.90851612381766,-0.0,-378.3668777786466,-280.36559901620774,-594.3390906873585,-0.0,-0.0,-722.176835275661,-0.0,-59.16174415421871,139.2761571620758,-88.50971411030044,-2293.1427156792315,267.0372197976925,867.619109277845,211.96008980723462,559.4442787361921,41.22615943340039,-0.0,-255.903095216332,-817.4892288503733,-304.0768678956775,-59.403019202660545,-0.0,-0.0,-0.0,12.747807391481812,-21.12920662895865,-949.3860296229028,501.97445645498334,2282.3189049304065,-0.0,-0.0,-0.0,107.55833229327276,187.12328544794696,-0.0,-3018.3209845132137,-0.0,-0.0,-0.0,-0.0,-0.0,-2552.8911257454065,-253.1542418813937,-0.0,-123.44303889310497,-1711.7761571672481,-133.73832043411034,-1065.918239893799,50.71651871914303,-1995.5158181632514,-3694.6649582927585,-1876.2300699683549,-0.0,-0.0,-1441.386363066284,-1030.2340677221837,-773.794185040499,-427.2662440938893,-330.0922722525129,-992.5713726499308,-941.380201261794,-5574.563927027494,-653.1248199009476,143.37263706756167,-641.4050668659038,-882.797393290762,-674.0301947515286,-627.2498987820579,-8.042431492947944,-1909.0795433989815,-859.1394039803498,-582.5510618830708,-0.0,-0.0,-0.0,-0.0,-234.75615073211227,-1240.1328386324521,-0.0,-1310.321065367342,-1584.3823013305418,-0.0,-0.0,-1399.758312999493,-0.0,-0.0,-199.04490078334908,176.7831927427016,-0.0,-0.0,-2511.2570949882524,-1184.3488186572122,-117.83635869344015,-1241.2102054178877,-1294.7044552256136,-0.0,-304.2330809966115,-493.94250159505896,-0.0,-1510.5656715192558,-280.01793085082835,-1045.9656998661844,194.61242551134083,-865.695441911204,-200.84131963123917,-349.74566872763495,-49.36363360951176,-46.153389701466516,-555.8033794353207,-787.4559417180544,-485.0483567453591,-794.8896621415876,-0.0,-104.22413737328114,-664.0816565688709,-281.6070883326175,14.107805345454947,-0.0,-1003.6022446473274,36.18563168739564,-1143.0679406851532,-0.0,-0.0,-0.0,-1908.5381891660252,-0.0,-0.0,-139.27087147939946,-0.0,-0.0,-0.0,-0.0,-0.0,-0.0,-949.022488652506,-1457.469165809132,-0.0,-0.0,-0.0,-0.0,-849.7146282224927,-442.731307727164,-0.0,-0.0,-1658.5198593062198,-0.0,-1365.72998805123,-2246.518718431613,-0.0,-0.0,-0.0,-698.5109628031461,-0.0,-0.0,-0.0,-938.9478528116701,-820.7341719891847,-585.1856128086354,-0.0,-0.0,-184.81158959924093,-0.0,-3838.517135527535,-4966.3114573159855,-0.0,149.5402380533075,-0.0,-617.907270679748,-759.9432314272972,-1902.0046773048239,-0.0,-0.0,-74.51087803446825,-612.1114773759818,-1304.0995662139292,-706.2936145840172,-410.76125637787106,-0.0,-0.0,-1278.9133846707116,-848.1656602699707,36.603504932100265,-0.0,-0.0,-668.3968635798782,-339.2990172510147,-48.96173901723633,-0.0,-0.0,-0.0,-1950.2493245742578,-462.5465865865368,-1238.022915777777,-4635.125426591892,-0.0,-844.7520671262556,-1017.0969917828494,-2289.319729280235,-426.4550368368257,-0.0,-0.0,268.6344843534675,-1186.8684627000366,-1707.4563230431768,-434.6928038934647,-125.77639519837243,-0.0,-1947.1407715645528,-392.09755611776416,-1344.9099308028206,-791.9223056977937,-2681.8868629707654,116.30902027135232,-950.3335214211105,-831.5791536946523,-1909.5588600342987,-0.0,-0.0,-904.5674315549771,-1843.6562562872882,-1749.7782414766584,-925.6199272892668,-0.0,506.2678542364758,-111.34901352270799,-446.3565735025463,-0.0,-16.16884376969754,-0.0,-2663.6787050233374,-35.99145775617962,-0.0,-0.0,-877.9725558859265,-1207.4702706060912,-806.4683539347022,-251.4001063999908,-728.9629335538515,-0.0,208.1861300109638,-797.7298331050005,-64.0489069116465,-1552.142740877713,-0.0,-1391.4330739375268,-167.45400819732237,-618.8400510989585,-425.2060707154563,-626.0249672413782,-46.96116242231864,-4.706173775375782,-1206.3947096827264,-1217.316334315445,-1548.1569127217986,-210.7540189202523,-1333.7231170020216,-4.251858093139126,-0.0,-700.365078845186,-3054.8899661084574,-0.0,-0.0,-28.40431561166967,-2109.643132353485,-218.50722856941246,-630.1346936537196,-355.37049258712585,224.16738744936552,-0.0,-0.0,-1455.8169575178715,-0.0,-0.0,-2132.1017124638574,-1414.5813706346619,-906.9801923492427,-976.3150418240405,-482.3510478703394,-848.1785839521691,-943.2909378876485,-1272.1223866794985,-2297.955067324804,-0.0,-0.0,-0.0,-0.0,-43.02393617736203,-0.0,-1936.830145814132,-649.5213907471705,-751.9789759214525,-851.071990517665,-473.8276115244419,-0.0,-1470.2312067986081,-598.2378568857856,-0.0,-2615.874378006471,-1657.6635651537727,-0.0,-0.0,-2904.6026128505523,-1711.5503958648237,-455.11254513240016,-816.1525952846014,-0.0,-467.6184046770707,-12.130093066243681,-0.0,-735.0507103977294,-516.1910363350822,-613.4217269582512,-0.0,-0.0,-0.0,-0.0,-455.36395950018266,-1114.1087342596072,-6164.119535575386,-0.0,-0.0,-605.8601404543409,-632.7156611089675,-1804.7215886919619,-616.9413833084898,-72.00139372498279,-426.53531756074716,-0.0,-723.9049294836833,-584.967375444927,-0.0,-718.2065093868727,-1302.145883978455,-0.0,-0.0,-0.0,-0.0,-0.0,-131.8599716621876,-2047.2057753600943,-0.0,-1152.241968724628,-946.8964338986146,-0.0,-2026.1637732344257,-784.4031544343704,-1142.121236558667,-1469.3165899336284,-21.14787524602191,-121.85473903870047,-1332.7442243978371,-863.655343316361,-396.3768321749937,-0.0,-1434.259102386699,-1331.183359319164,226.65969552533443,-0.0,-642.7188922779869,-964.942298049968,-934.8853552715373,-49.92817225863153,-0.0,-575.9334658662259,-0.0,-0.0,-2865.5533097057473,-2472.3722813260056,-1980.0442491131626,-1702.2682725621353,-0.0,-1098.0453977841237,-2071.8314431252916,-0.0,-6085.429873400518,-0.0,-0.0,-0.0,-0.0,-987.6881806946329,-2368.130490814084,-2644.4366102270983,-19.93400348041782,-2083.217578742776,-0.0,-965.1620571612673,-23.750469356425004,-0.0,-0.0,-617.5551380283008,372.1745047467042,-0.0,-467.1367885356819,-39.81465173963754,-0.0,-1427.5037733850806,-0.0,-2311.8831767987735,55.909226583965506,-0.0,-0.0,-1017.1638771204747,-1572.8079003271196,-966.0790668830656,-1338.5863914887136,-1202.6138055860783,1367.0411118442144,-52.367553624992006,-977.0254380231859,-83.52781317034216,-2196.6269820394286,-925.1924778834281,-862.9747351571039,-511.22169220538797,-1579.5752816154443,-1936.8638670992345,-448.1228562694952,-2054.1834195470456,-359.9224366973468,-0.0,-0.0,-7.857542984528491,-0.0,-0.0,-0.0,-0.0,-0.0,-0.0,-1623.9997873054115,-691.8660462574916,-1401.6951019166484,-659.0904391658031,-0.0,-623.7751164656588,-1231.2933592760448,-1093.9800817188996,-2100.1956038299545,-1312.8427070448458,-68.22831832733061,-32.97693441260767,-1209.2980020052,-1182.1930805666925,-0.0,-99.52707563895098,-0.0,-81.26512089210883,-835.6563383668445,-204.32272874605724,-549.8922732476353,-981.8170218518757,-0.0,-0.0,-0.0,-3409.0443143329735,-0.0,-98.12215095254963,-0.0,-239.56492657220193,-1008.7145175805389,-1192.817797867322,-767.5583037154989,-0.0,-41.30364078691753,-562.7250371182035,-481.90614847501064,-411.8269235726059,133.92959423800465,-1158.5354299710066,-0.0,-0.0,-3138.076266720068,-0.0,-1138.645767774761,-681.8908953751044,-409.7733513334998,-268.8162092442478,-1302.0000904898523,-2835.6728408889826,606.276778261632,-2286.7875330040947,-1705.9731737923387,-546.7754459090073,-4.5147721326701795,-0.0,1380.5289872462308,1287.8739842424372,1282.4079872442255,-0.0,-0.0,-0.0,-996.7648434076651,-0.0,-303.3095506617182,-185.03153016125987,-0.0,-3689.536686210426,-0.0,-1525.4437453980618,-141.9317709165192,-1029.492567229673,-700.2342815915129,-1673.229776090919,-1748.8634412514425,-0.0,408.81272940941017,-2468.1681301732724,-1963.6041231793185,-532.4691678349535,-1677.8495880228807,-1836.4229107372228,-0.0,-0.0,-417.71440677332856,-765.9346886127274,-2422.100317381115,-864.3264850672854,-146.73070401725946,-0.0,-0.0,-654.2037104798028,-0.0,-0.0,-0.0,-160.9779652026107,-1279.487975590259,1695.0152644815462,-1330.160769355899,599.1200436526775,-851.0457631183051,-1004.283364053556,-8.615449520529406,-4570.2964345404,-1141.636897786986,-0.0,-78.86752314453697,-2422.1878748671256,-1965.582985648071,-0.0,4.50195634124875,-0.0,-669.7688793272239,-0.0,-2203.236909044948,-1898.6152908902397,-0.0,-313.9246069395032,-0.0,-0.0,-0.0,-808.8146556765365,-1110.2485476894362,-417.8427779979202,-1026.3458292653884,-1844.914830498193,-925.8300204952984,-497.9861255753617,-551.1466930850661,-0.0,-1672.73121733747,-250.96865777045792,-773.9425077569784,-1130.1245566009288,-1613.4247980811688,-1535.4233463044109,-431.63353071847166,-1875.788914171274,-0.0,-0.0,-0.0,-2478.2342587887374,-0.0,-601.7244110724356,-862.2962950273173,-0.0,-809.296544576627,-654.445220768143,-876.8812104864036,-726.4841564775265,-204.40729512153573,-1964.451290693042,-4998.641770802967,-249.9764621025828,13.34087027633151,-0.0,-122.52043688890505,-7663.342992504789,-1874.9033048373,-680.2420795525711,-2446.051705448533,-274.2990912528309,-0.0,-8.651122512805586,-695.9055796146939,-97.19106789432492,-998.7891328843803,-1068.0906434546541,-173.74922606585565,23.41469936046596,-921.5946256794554,-2433.649833922544,-2132.49683898287,-1951.7873687165015,-0.0,-1584.9941146360038,-0.0,-120.6224575009923,-1149.6415231666087,558.3153180353174,-0.0,-0.0,-343.6361451175122,-866.1170001272989,-837.2737843273524,-1343.5790554436508,332.5358348637976,-1610.3034220982333,-77.5037372727722,-352.27763911243443,-1619.044886015105,-1882.5127292490715,-397.4262835837038,-0.0,-0.0,-0.0,-0.0,-0.0,-1885.2126249351386,-0.0,-725.6794593179193,-936.0992436270384,-2740.8461677628866,-0.0,-0.0,-84.10629565061836,1185.281962221951,-615.954944417669,-1357.175274624171,-0.0,-1474.390125335979,-4714.654235894241,-767.3302641654386,-5848.577401878513,-1168.7847349530937,-0.0,-814.6114279985854,-2770.716408825987,-157.00822444031098,-0.0,1217.0584035000754,1396.5010751969905,1335.2113704093401,-0.0,-0.0,-0.0,-0.0,-91.01092273665405,-2524.8619532970206,-4.678775688641613,-0.0,-1963.531855561571,-1218.5103487611107,-382.18210334675086,-4.6797625738468,-0.0,-128.9789691770923,-722.641311494378,-0.0,-0.0,-39.68491833146785,207.55283253248007,-2137.043672329589,-0.0,-1035.733036324649,-78.74494062684971,-91.98803285356246,-0.0,287.34999609224286,-100.76735893073806,-511.1896073394487,-2089.1951972008487,-0.0,-88.26989121966497,-1351.641885949835,-1157.8872984857726,-0.0,410.38935142344525,-0.0,-1035.3323393392761,-1121.1511442084404,-7.9363867865804,-0.0,-0.0,27.429664490946358,-272.4868122632318,-187.3102489998133,-83.87833919022825,67.90010529949416,67.9250926235313,-772.6546456338865,-786.8178072330458,-1175.531288850839,-0.0,-2027.333468748934,-937.5220650900419,-0.0,-0.0,-1103.3882423814025,-2255.8139000633732,-591.7589120156645,-0.0,-2922.459027689975,-122.36327287402395,-76.16463234938035,-1268.635773523433,-0.0,-370.8509776298515,-1357.3370587963275,-3.9747832823789566,-0.0,-5068.185271906371,-184.069241360915,-1496.656319711574,-1102.4791373427947,-1164.696825028918,-2212.187314811317,-98.9642790055129,-858.224326941662,-2115.5791504967106,-1284.9038434821102,-1135.6762555559067,-259.52999965059087,-1912.0054580850258,-0.0,-3162.2098024090515,-0.0,-5639.117553178607,-280.41641661158326,-281.81914075105743,-1434.7770135081,-0.0,-0.0,-0.0,915.1398501174803,27.705360359748664,-996.936021616599,-1485.7753740344133,-397.8843465871023,-1067.4539951245852,-0.0,-0.0,-1458.2198395434061,-337.36078379574707,-462.4929638413763,-208.36892970278186,-0.0,-1593.5913200636196,-401.73073703737657,-1784.866735879713,-0.0,-37.59772292265187,-0.0,-1899.3897939348826,-856.6961221346857,-1916.4997534458312,-0.0,-0.0,-1674.952280146211,-550.1400601308288,-726.6887733651839,-1524.2601052085402,-342.46638215561273,-1274.4215629121757,-0.0,5.641398291037921,-1086.3380606578298,-4018.9398804462066,329.04538965901946,-1418.3992766682265,-6732.023842572474,-662.3957447464575,-699.6467774322988,-220.57294807466238,-123.85185084642697,-971.7610008189778,365.7816689934744,-105.60244442756981,393.7517619452391,-1232.6928854754985,-529.1664845685576,-0.0,-1365.1802301376995,-1836.4806408573313,-598.1673021960067,-450.3348140097424,-0.0,-0.0,-36.219621232018454,-1131.4502729174058,81.2699358869715,-2161.6060296280493,-0.0,-0.0,-445.0099798418685,-661.4212914818238,-1134.3950530497725,35.69764866414056,-2871.293359836035,-1490.3235590738918,-1407.8409909764796,-159.30783803182754,-0.0,-427.7869092021217,-0.0,-650.3816308877624,-13.933625964521202,-1616.4945893809706,-502.76789571139904,-1583.9096687536212,-381.4618389125657,-303.53723962922214,-0.0,-1284.0753154391502,-703.353569607926,-1277.4727070444949,-0.0,-3354.513990846427,-1291.3265632983955,-1526.3225753086963,-999.4401017632804,-1024.4859539504105,-63.70828835786432,-2332.3581640213824,-810.4399675763342,-1318.6580123723716,-1894.31715765257,-204.59180421317814,336.75052155687894,-1034.6984205789042,-0.0,-0.0,-17.850285507376558,-57.40894794276816,-16.07398196971223,-284.6905568436414,-0.0,-0.0,-0.0,-0.0,-0.0,-0.0,-0.0,-0.0,-0.0,-0.0,-1431.7343463627546,-2434.979549412117,-1971.4222815990743,-0.0,-0.0,1340.1860530442527,-429.0741260568381,-0.0,-451.2287944549017,-400.54423847111997,-965.6672563040968,-870.4107100043868,-1112.8473508297784,-4.039348407080285,-734.6335592990629,-439.79240541393096,224.3530826327,-0.0,1012.3127767780582,-0.0,256.63545873905446,-0.0,-345.2874459653494,-0.0,-474.06147267946267,-1104.0467540552513,-1882.6633595279616,205.25612550076562,-0.0,-0.0,-0.0,-0.0,-0.0,-480.11427488886346,9.09865502978157,22.39535341779414,-0.0,-0.0,-560.5768889259447,-0.0,-59.199289312520065,-708.9771653917085,-4167.183839793717,-0.0,-1337.5419783585749,-0.0,-646.4266393989216,-0.0,-0.0,40.48664689182737,-0.0,-276.58345808878545,-0.0,-0.0,-0.0,-984.8964615214444,-1676.4407775663879,-0.0,150.60686332842533,-2241.590619571926,-0.0,-95.3859549704702,-350.13276184890384,-0.0,-0.0,-1823.2321143882332,-0.0,-817.4748910463401,-1362.992882014801,-165.05225899244664,-2794.6764485944746,-1797.3699412240692,283.53452630290144,-731.6636530926918,-0.0,-1243.826412360514,-0.0,-0.0,-0.0,-3910.5071625369324,-905.9446307688721,-1452.9234009438615,-0.0,-408.1071763145742,-18.66068230149702,-1154.9395479740076,-2204.6600510908006,132.25138495577303,-2631.079629506274,-0.0,-1761.1692778749918,-2522.2690548935616,-0.0,-0.0,-0.0,-0.0,-2221.481133203865,-401.76857842127043,-1332.4355501318353,-0.0,617.0001492554075,1390.215717642424,-0.0,-0.0,-884.3498687550232,-883.7316278879282,-346.89396454398974,63.35061109603089,78.96624058241925,-0.0,-1472.3288702672767,-0.0,-280.3166231198821,-1195.3933417899302,1691.8014903740986,-0.0,-0.0,-0.0,861.1210735024047,78.08597442929168,-899.2047733328167,-0.0,-1358.744434097008,-0.0,-994.5779764232047,-697.4602605473685,-0.0,-0.0,-0.0,-0.0,-0.0,-74.65433279216887,-0.0,-0.0,-0.0,-1178.9432176641067,-297.5719946734573,-0.0,-0.0,-0.0,-117.49451875174708,-85.54649814885748,-590.3590448475559,-671.0745358572398,-2937.6815661110395,-843.3710805729802,-469.846426105742,-0.0,-2571.6608426438193,-46.84003613296879,-0.0,-1074.5352915831174,-2526.6997753531405,-702.6413210304322,-532.8924208576136,-1140.8113592090403,-231.49113848157742,-680.140484377153,-743.6690273450668,-854.6991720241072,-204.83362490121507,-1875.656234212077,-808.3977527338069,-382.8744361803858,-0.0,-0.0,-844.4735951813517,-3954.0672894748527,-0.0,-1022.6560374464295,-433.0305666560929,-0.0,-370.6641745634259,-644.3199035340156,-789.7495110032227,-4.384929505457205,-0.0,-0.0,-0.0,-0.0,478.603786279585,-0.0,-626.4829062618682,-0.0,-0.0,-672.0042199120121,-1217.831685768233,-2704.9096701477943,-549.3526296772678,-612.8195378198611,-114.42663612432756,-2184.22942404361,-0.0,-763.8093267641373,-393.5643276838709,-495.0202414171409,-1050.6162072206403,-1031.8021096527666,-1499.277402795074,24.346780593959284,-379.69872066868425,-0.0,-1109.252425902866,-1178.8605249309185,-65.07976719002764,7.656995430963793,-2481.57018619076,-1259.3923328991677,-745.3859867769966,-0.0,-674.6267828570113,-627.147191728967,-627.7294169103889,-2311.918329023122,-8.451046242891957,-0.0,13.267999337767638,-0.0,-0.0,-242.78863092758093,-3464.3881988712005,-219.16821366138018,-1560.4474442620867,-3380.7211114266197,-0.0,-4932.73485443262,-298.09326236992484,-2449.0392701828664,305.57757513021085,-0.0,1580.474531339795,-805.7435975123477,-0.0,-2282.959633794778,-0.0,-20.716083990236502,-0.0,-0.0,-0.0,-0.0,40.26164959424012,-0.0,-0.0,-0.0,-542.695520796776,-1501.9533330779202,-743.2541406063084,-0.0,-3667.081058118643,-0.0,-0.0,-0.0,-236.10691261809987,-313.4353823234994,-0.0,-1863.5057055579828,-0.0,-0.0,-3673.751145261805,-0.0,-0.0,6.3331902979683,-561.729805890776,-22.379925190313696,-0.0,-0.0,-187.02913961671777,-0.0,-0.0,-1408.8472487788415,-1242.8824161163627,-1464.539436112342,-0.0,-280.78880645560764,160.0659638262705,-422.80345717530173,-15067.203073927407,-0.0,-625.6251789992109,-1311.7997616659338,-1538.784477209957,-0.0,-0.0,21.17282300610428,-360.6150263119099,-1014.6205951243865,-0.0,-0.0,-0.0,-553.7586188816892,-2747.793544019429,-1530.901215621581,-0.0,-0.0,-0.0,-377.16931564314626,22.30140228971316,233.64639603376912,-1107.8420707429052,-0.0,-0.0,-954.8937806618073,-0.0,-0.0,-0.0,-2920.5135383895076,-1152.8093772435932,-0.0,-1123.320696046459,-537.6447361684105,-359.6948252355132,-708.5011124995367,-1026.544706924458,86.71388569635562,-1107.2504347003376,-1074.6671835284797,-68.41306692803488,-1287.8365626269576,-0.0,-0.0,-0.0,-0.0,-647.9774294611075,-0.0,-0.0,-543.1959832574948,-1904.5156139770775,-691.044988702693,-0.0,1493.4599903606284,1365.672005948037,1237.2725087479528,-0.0,-0.0,-0.0,-836.2222189497467,-216.92868114601353,-792.7336506556048,-98.31924949427714,-618.4097813425998,-1684.289868609528,-1354.1681847229058,-2210.9114475740257,-0.0,-0.0,-0.0,-0.0,-1038.8877815030366,-749.2582871354506,-1740.5358147565903,-462.5700792106672,-1367.2819332119032,-2041.8110562762565,-1838.2695114065448,-0.0,415.96888221109793,-427.6312260910899,-442.3845293796564,-136.71070229314643,-4421.46545103038,-7.8132486077836925,-0.0,-787.6421057798232,-1385.5421183596923,-0.0,-48.18618928142129,162.80234932392042,-171.5211929156978,-439.07731284590477,-2105.27117677469,-412.50953418384773,-1604.6851622714698,-0.0,-1886.294909338146,-1625.4944577245703,-1274.9043867145117,-0.0,-1787.383061690077,-645.3312171125184,-754.6403197683425,-934.7596147092999,152.81268867061272,-1724.720630888724,-1381.5888832460103,-0.0,-129.33645818264029,-0.0,-0.0,-0.0,-1092.3507888389563,-706.5944535670328,-0.0,-0.0,-0.0,-3652.622194312505,-2026.659252041009,-0.0,-0.0,-0.0,-1521.0432951983387,-868.0862593201874,-0.0,-730.6068908800415,-1454.851938680009,-634.3769465147789,3.9378672023007426,-996.8704961824197,8.637107961198957,-1570.2178070927014,-1869.4553659862306,-0.0,-0.0,-42.35199739159613,-0.0,-0.0,-1418.876301722805,-112.90852831619621,-401.48421949455997,-0.0,-0.0,-0.0,-1012.4120827318185,-312.2725440292055,87.45385295397763,-497.06648974032817,-236.35894701823528,-2154.5864327429827,-284.32046158189866,-586.7466227097854,-1208.1891955171932,-0.0,-389.81233024561953,-0.0,-1832.7338008858042,-1597.758641823515,-1804.242790931241,-313.4914661715688,-288.4159058130574,-59.70812204781839,-868.2998896836586,221.5841844642028,-0.0,-362.6768162431315,-0.0,-0.0,-442.12978941672947,-100.20501969717866,-2511.8935865185804,-2605.6696257654935,-631.1295570582166,-0.0,-0.0,-1088.7493353558832,329.8641019015285,-0.0,-0.0,-0.0,-1004.9127384740792,-80.33613866310526,-315.01809615607436,-4480.771943147925,-1483.4829730144604,-736.7208687384145,-424.55049666190774,-215.88195724961426,-891.0368000140749,-581.6497493237996,-508.056282906533,-0.0,-934.1726522555805,-711.030282294112,-1633.9319005295727,-0.0,27.29963789420908,-8.592715915642147,-0.0,-0.0,-1531.5071555888105,-0.0,-3890.2964679129996,-1358.1835167472145,2934.4244969092692,2824.2922572293282,-0.0,-0.0,-757.6414877157241,-977.6043268975515,-1340.802292946345,-324.94233972864834,-3630.5012963923755,-556.9662410702553,-0.0,-0.0,-0.0,-1497.5780199777482,-820.8668323760339,-188.74086278450713,-2669.2396159748855,-1184.12610162306,-20.869181399020487,-456.32370886276294,-1149.3615564584159,-369.3305070107777,-529.300559552012,-0.0,-4.554118131904635,118.24943937143377,-1094.3846275898572,-159.3654739219947,-0.0,66.24065121698243,125.7550426407238,-218.12111781608635,-1358.451613574939,-2154.100176162338,-79.57033407616365,-1059.931251854881,-1268.713092089839,-0.0,-0.0,-767.0357421811455,-0.0,-0.0,-0.0,-0.0,-581.5035830480854,-40.16622009775393,-1255.7358720623222,-1233.7849860204715,-2343.6270634156394,-1076.4782177871807,-0.0,-610.8029819186497,-0.0,-1441.840386476665,-1464.311493551333,-1399.6792118216456,-1028.4538970890148,-0.0,-1539.6139677952665,-0.0,-0.0,-0.0,-3849.168810578022,-1130.4398536910567,-256.7338214969797,-954.2006908534361,-735.8101589931393,-1039.299705894969,-0.0,-0.0,-0.0,-0.0,-5788.586101591042,-769.240740418159,-1832.0355167361138,-3921.184358727192,-2143.9958701948353,-447.8565754846983,-0.0,-1940.270620755414,-881.7893406843772,-0.0,-301.2346723177089,-389.26048860213905,-0.0,-962.5098216267203,-253.04287771520174,1530.571544977122,-465.2209281105238,-0.0,-0.0,-1015.0559917456959,-825.5132069514315,-2267.5583923632707,-418.3018267529874,-0.0,-0.0,-690.4649817365996,-0.0,-0.0,-0.0,-0.0,-1359.8739982299303,-562.869285203786,-1275.289213830002,-507.4908626797504,-28.971718507834208,-773.0571422429206,-0.0,-0.0,-0.0,-0.0,-2431.2312645554734,-0.0,-0.0,-0.0,-0.0,-0.0,-0.0,-791.4401538992593,-0.0,-2684.4590672532363,-530.8034863936012,-230.2479696817052,-1187.5208092811013,-0.0,-0.0,-1640.4274482632925,-1519.2427358009554,4.249202449353585,-416.68146301241774,-35.11026538681027,-1614.4193357842028,-861.0571875898312,-0.0,-4159.489771905177,-1362.158879602494,-0.0,-0.0,-35.82375310065944,-305.2037339769485,-1255.745562676478,-0.0,-0.0,-58.48541505391385,-1631.7059361575186,-530.3405260472505,-352.6696517933547,-44.5157549725268,-1885.4181805276608,-0.0,-0.0,-0.0,-0.0,-0.0,-653.5759493700351,-463.86947469213294,-622.7023159292469,-4446.205711551844,-1644.062000688495,-1243.0991475471374,-19.789336282000566,-857.7469457313894,-1352.0563597431421,-21.00443773327847,-0.0,-0.0,-0.0,-665.9493904037746,-493.5037343978133,-1808.8221441264318,-675.1551007553096,-0.0,-1586.0390377527294,-0.0,-752.0036459544838,-0.0,-0.0,-2117.605449685708,-667.7430060074744,-620.7551578815949,-1599.1839879917723,-523.3705858957766,-13.828228568384118,-728.3107479459903,-1353.1796814433462,-0.0,-504.6341926377335,-1251.3763930818704,-4498.798524649956,-0.0,-65.09854417033279,-2414.168067448258,-1560.318619372653,-1331.3333667656436,-557.6081685699043,-1154.0004767937287,-0.0,-257.22689476097867,-0.0,-269.92198256488416,711.0133583723771,-0.0,-0.0,1034.4593504519405,-0.0,-2398.6381993504833,-682.6062504282073,-1139.8087559378025,-1135.545423128239,-1465.4759181513691,-415.56888673122086,-68.16606479930297,-0.0,-0.0,-897.5211864980727,-785.4317559211094,-769.0656330021168,-0.0,30.397667879439297,30.76265899558444,-166.08240680639017,-3161.6867281541263,-1941.8007042204324,-0.0,13.580285561031364,-1387.3030070009188,-4346.6970164718,-2751.851368382657,-506.86954058873937,-922.8753059057291,-1232.2329070275755,-0.0,-230.49094219391105,-0.0,-552.4641061413811,-289.07506873613977,-1679.8605425988942,-2356.2597050124496,-299.32649574358163,-542.0293881530392,-4899.684741700279,-1256.2853498214206,-443.01183990087685,-501.2807701857518,-1527.709411213695,-484.6591430763,-8.378634549248604,-1470.0840489626703,-1679.7151631375348,-0.0,-0.0,-546.5303887121883,-1297.991134077993,-368.5000784807272,13.807188937004865,-0.0,-0.0,-0.0,-0.0,-0.0,-42.13588898509161,-772.600654039809,664.6437234435426,-427.83239027533006,-739.6957212924922,-528.2727896463985,-1140.4415158350578,-1642.9843320159898,-1068.6258632296724,-1856.4392643263052,-502.758890344075,-669.0903743045592,-1545.158135722665,-651.1635132383392,-0.0,957.150358779288,-498.1454387430305,-42.62929537297065,-0.0,-961.956650574192,-567.7752639438321,-1659.428705865499,-1918.415683662721,-2618.3424742805687,-0.0,134.8503579110592,-0.0,-0.0,-1093.1497779710621,-1562.2065841780072,-0.0,-986.4950758112523,-9.096778566152024,-0.0,-0.0,-0.0,-2686.3913285387084,-755.9716593562749,-252.56899869578373,-185.26932461103513,-0.0,-0.0,-1274.173266561126,-1596.686752377582,-1016.5748918765685,589.8498470458137,-9.529663742959949,-0.0,9.127992712551972,-0.0,-1649.4263933110435,-617.9800571123533,-1240.393928507474,-1951.2386318291901,-1752.1523576102336,66.2588124507464,-0.0,-0.0,-1862.1773306505897,-417.36977475970923,-0.0,-0.0,-143.82945560568857,-0.0,-56.77303133278605,-0.0,-1214.9867339650734,-850.9405083144599,-0.0,9.13515575623807,734.8586185359304,-0.0,-73.77487711077633,-2381.678065278737,-0.0,-0.0,-679.3751897383128,12.042805186328616,-0.0,13.554684169864306,-437.09670700976784,-1699.9025047143841,-0.0,-871.5810826814806,-0.0,-1159.532631305165,1881.8448915238948,-140.3029213180419,-1785.828767879639,-1622.5624467930347,1101.681752178401,-55.63264467746157,-2529.1443011378105,-835.2760257257916,-972.0595567721421,-0.0,-753.5094085138427,-89.88178502332094,923.559250522712,-418.875451071863,-1573.6790251222546,-0.0,-0.0,-0.0,-783.1800136376579,-698.0126037784984,-658.864512574525,-1064.5998795084397,-1171.5398177715738,4.614317978347863,-1003.9087125775046,-1015.0496750696932,-1310.1270538542033,-0.0,-0.0,-524.1152889762961,865.817160344614,-6549.390377591897,-0.0,-1611.5882947242337,-1862.3890795669556,-917.8086755866053,-861.4491915130792,-271.1390485709594,-2827.5930072682895,-307.1308866427973,-0.0,-1047.522693580461,-1034.879820074228,-654.934006898433,-0.0,-1446.2384157595166,-2319.217090685623,-30.734780675216943,-1078.5674544649282,-2581.8598124536284,406.4532083227934,-0.0,-476.3910582029404,-137.39883926968218,-1505.0486364988965,-1048.3671004526645,108.77867838393195,-127.36847283900246,-754.827839693971,-484.7231854929828,-588.1923601921665,-773.7788033034017,-589.3527388675851,-0.0,-1413.620363337746,-0.0,-1289.6679302752468,-747.4253167790313,-210.46767078867933,-0.0,-1926.063174720926,-5131.588189927295,-0.0,-489.4658273870449,-0.0,-2589.49653962355,-331.3159442275412,-0.0,-351.43129522134785,-523.8608101322809,-0.0,-2252.541455140201,-1524.9933011517605,-0.0,-4142.240200720772,-134.74450001787704,-1339.595008245359,-1462.5499477215385,-1834.3241957729158,-131.6447088827205,-0.0,-952.9534630348953,-2253.2731339881425,-566.0763232828659,-955.0128263122708,-1088.7984487689482,-1832.473394563792,-2353.641079689139,-933.8181575009166,-1958.5871030065134,31.18543649032688,-0.0,-310.62659678851185,-1586.9648438069032,-1180.0178849118445,-0.0,-0.0,-0.0,-456.83907822816553,-418.46121496829596,-14.179814729646198,-601.0905502482373,-0.0,-1334.0091425019803,-802.0210075925887,-561.3754845408688,1.8132495351241444,-0.0,-357.319459759425,-1646.1250327566834,-1063.9304522710106,-345.11493773003076,-878.4477128763065,8.805431220615873,-0.0,-0.0,-3279.9494090423154,-983.1117837943092,-0.0,-0.0,-0.0,-82.84842183912141,-1113.5968165868874,3.907045030564568,-1822.8056764926266,-1587.6502247255614,763.5779923079989,-0.0,-615.8750772643438,-0.0,856.1928672952614,-239.99849207246712,-0.0,-1732.6234410031523,-330.8209659383033,-1736.3217550315624,-0.0,-1632.6163710796175,-584.3202291130154,-238.13572655818217,8.864059581478829,-38.61924867228838,-0.0,-0.0,-735.205359084302,-1308.4760035989161,-0.0,-606.4586766565782,-0.0,-356.0115418696253,-654.0141399675454,-0.0,262.1606046042077,727.7073106662891,802.7017637177287,862.1158333635848,760.2354399333228,955.9516830341039,-0.0,-0.0,-0.0,-0.0,-0.0,19.616744476071645,-0.0,-0.0,-734.8782593360806,17.759498984152863,-397.2044522673632,-185.64318638557629,-0.0,-951.1075578026205,-1558.221261553155,-2049.075000857308,-270.7678053840288,-226.52236715360579,-0.0,-0.0,-588.591666663689,-0.0,-0.0,-0.0,-0.0,-2811.141621543141,-0.0,-41.700165540851685,1062.2780908831458,-0.0,-1091.788788515573,-590.0146274419373,1203.4029806548206,-995.596456136001,-0.0,-3233.0614640202775,-2111.783714228522,-251.8141992772865,-856.6073296012972,-1371.1905007753999,-597.0607752863418,1025.8431063845264,-89.92046380696425,-564.8790728820045,-0.0,-0.0,-584.5572179808652,-0.0,-1009.2810183509497,-0.0,-501.0969081243012,-121.62540981951567,-0.0,-0.0,-1297.687102492048,-0.0,-0.0,-584.4650155407396,-1330.468651405136,-1810.2916968218756,-0.0,-0.0,-0.0,-2031.2690196680503,-0.0,-1272.1281082462476,27.808427841857267,-0.0,-0.0,-1190.834713832653,-965.4225938818746,-1353.9420862674858,-383.5262067844151,-0.0,-1281.2676052990344,-298.9394074336477,-0.0,-0.0,4.586012895312815,-44.8932828904919,-4144.776743357265,-0.0,-45.552162657296996,-46.54710869178264,423.6437331610855,-91.01062868041616,-790.8841280886292,-836.8759188435025,-459.4677699333543,-0.0,-0.0,-1657.37264915039,-0.0,-0.0,-0.0,-0.0,-0.0,-0.0,-0.0,-157.8743299608098,-0.0,-0.0,-1981.2963814545392,-8758.281745183433,-126.54940068634099,121.40063089695354,-502.37434482117436,-592.5018883518694,-465.45414321694705,-3945.2342158660217,-253.99000127041674,-432.48033708241616,-0.0,-0.0,-0.0,-2076.4362395351327,-0.0,-89.73367150568758,-0.0,-0.0,-0.0,-526.3851412167822,-13.96833588110888,-312.67585275712014,-1403.285912499591,-660.8765192242728,-90.98971107538623,-1921.319673152863,-0.0,-88.0477134809922,-2070.546742958524,-0.0,-1390.7203297301862,-0.0,-1423.9832165550379,-0.0,-0.0,-975.7902045159225,-668.5147624722616,-35.237109308691885,-711.2087140749202,-115.37882549197654,-777.6877052410513,-164.07995080319154,-705.3223487211799,-706.8929520962145,-2256.3334727730667,-990.234154498274,-0.0,-1761.0196320399473,-436.139939965521,-806.6970812334375,-0.0,-0.0,-1035.5830327694757,-2279.590870905176,-147.92661255839505,-0.0,-0.0,-79.2248119809157,-3391.037643194038,-882.7584524701167,-242.7903118004466,-357.5169657729267,-47.200626730296825,-4523.003891710033,-0.0,-0.0,-2054.196921915766,-876.0767233504694,-0.0,-0.0,-0.0,-82.91487339913046,-0.0,-1909.6139699311602,-1769.492134486238,-0.0,-415.88896160682805,179.95857681510134,-0.0,-0.0,-0.0,-1033.9917148942914,4.691223302893141,-2534.818726798097,-650.2641260360813,-1216.258060476151,-719.329914257756,-3449.0422153196623,-1508.6487773277897,348.7913571655762,-0.0,-2122.9526106055664,-0.0,-0.0,-0.0,-1103.390866327309,-668.0622207340299,-1281.440476072671,-0.0,-0.0,-936.5095350591143,-1338.9089088376386,-704.0061825736453,-519.9206902904407,-0.0,-0.0,-1362.8768063282312,-0.0,-0.0,-0.0,-0.0,-0.0,-0.0,-523.5120115499486,-186.83197240545027,-1504.8704617456135,-0.0,-768.640397025083,-4297.380545379984,-48.321894098792605,-0.0,-0.0,-0.0,-0.0,-0.0,-0.0,-0.0,-0.0,-0.0,-0.0,-1335.1916754237216,-1977.221814257734,-0.0,314.93812243852886,-0.0,-631.0102512000694,-95.08003826555755,-0.0,-733.4283486563106,-355.7524683591886,-26.575193800039266,-3259.539036399676,-501.47046523765925,-3078.2309957224916,-205.6122695182028,-1930.0782470631539,-1748.7730286913832,-669.1976046607219,4.729830443144491,-0.0,-1286.0610236834025,-2181.348889012379,-2506.376195083089,16.613591742139434,-520.099998946767,-1782.9686163566364,-0.0,-2117.7216188432417,-393.9013573044577,-0.0,-3114.8164462667323,-0.0,-994.8021769786187,-0.0,-3063.2611253126806,-0.0,-0.0,-87.6477970893944,-1002.0630779660752,-711.7421987156171,-0.0,-1256.2556553438035,80.06914875050009,324.6269760401066,338.90376553436676,-274.19604462110226,-1898.3241666055615,-762.2658775566712,-0.0,-0.0,-5950.278586812419,-1351.0531871285966,-0.0,472.8564075246143,-0.0,-1717.7437313376838,-597.2382507150954,-737.469311897398,-0.0,-0.0,61.65523693758142,-0.0,-1066.5841093427036,-1069.269618510741,-1966.1776232884094,-0.0,-609.6277067250492,-3086.1758473333016,-842.1506268065399,-0.0,-1344.0175763675063,-84.900837757361,-1345.0560705084586,4.470715783158955,-977.7680531516606,-0.0,-0.0,-0.0,-745.9371335160066,-0.0,331.97624021457625,-0.0,-388.4080274913038,-812.9540238170139,-555.7610185689277,-1158.236668189166,-639.6436938483341,-1791.2659752220916,-935.9942263259057,-0.0,685.2031771076785,-2412.7292422162536,-1848.4232229692468,-738.5223311106269,-0.0,-0.0,-0.0,-156.4578235192984,-1173.6679042064038,-337.6739388795001,-767.1991032821836,-2076.3349600043334,-2904.2356728101163,165.21228608615226,760.559703995552,785.9243490154029,-0.0,-0.0,134.55166199358348,-100.48277555177187,12750.075184225416,2244.6161237317615,4104.73783221731,6207.26738828589,-0.0,-0.0,-0.0,-0.0,-0.0,-1457.3826655262365,-1622.601187020445,-861.2481474557867,-0.0,-3019.0319924919913,-598.2921417742787,-966.9717758640728,-0.0,-717.3901303053558,-1364.886020961085,-1026.612404876025,-1287.0029566188348,-0.0,-3312.220346440921,-2076.5320324851373,-806.419543771556,-147.1601773545269,-3071.247631045218,-0.0,-289.954501638046,-0.0,-96.5808902268627,-0.0,-138.64907348322131,-211.26747849085052,-1052.227015104781,-883.7753713833133,-0.0,-0.0,-0.0,-2211.650944438978,-0.0,-0.0,-286.8289843720462,-965.5419167989908,-1005.2094513552785,-71.25378790631412,-1104.5110001640355,-1937.865195458988,-353.0774353559573,-0.0,-0.0,-165.07932124159663,-1664.879623149432,-470.0026571585484,-0.0,-6316.352594197101,296.764820297263,-0.0,-0.0,-0.0,-224.49077880896536,-457.29142473441345,-0.0,-0.0,-1264.8020475146582,-2121.3060440650347,-1186.2698128032557,-438.7161544539053,-411.4588099100528,-557.5619885346769,460.40474329543986,-1212.504560796352,-0.0,-517.9961082388593,-2419.5844808406073,-506.52817904301037,8.28679621696075,-0.0,-479.9154409878674,-0.0,-0.0,-0.0,-1326.232491961672,-472.24119782341546,-1483.5598333216685,-0.0,-0.0,-0.0,-200.58478973055,-545.6095388171286,-1729.0387461964444,-2961.80799880305,-221.2147385329573,-129.74617577686269,-0.0,106.60674502103481,-0.0,-1180.41409693141,-179.80864775394295,-0.0,-0.0,1038.8368836924858,-0.0,-1785.3648083526816,-0.0,-0.0,-0.0,-205.72955745639277,-2101.1738251451343,-1663.48791619514,-32.754678671127564,-2341.768920127197,-1631.312659776549,-29.484521886274944,-33.061492449630016,-70.91109724169301,-0.0,-0.0,-2106.95782763737,-0.0,-6256.289041582194,-0.0,-1566.0005851305239,-294.4343149471683,186.29635953591824,-0.0,-12.065088618272487,-1710.710945396029,-1650.981950272503,-581.6032468266653,-38.641921447727775,-107.2896444368758,-0.0,-0.0,-0.0,-0.0,-1123.4806799442417,-1156.9367056552046,-0.0,-614.3966254198447,-1286.4846902761165,-249.18064841628618,-32.39696106601837,-0.0,-0.0,-0.0,1138.6011388228321,-81.56278477377424,-0.0,-520.70872624631,-854.6736818310679,-1580.6919620195597,-0.0,-0.0,-2611.5893269757635,-0.0,-0.0,-0.0,-0.0,-722.9932012738257,1162.6786941179848,1098.374648919401,1212.9708350551734,-0.0,-0.0,-0.0,-677.5027998523519,-0.0,-0.0,-390.81803559516123,-239.58159313606785,-0.0,-229.52161523722515,-1234.4801800885969,-1367.786874790352,-0.0,-0.0,-0.0,-21.77117392537491,-1482.5607700290418,-19.724213395967887,347.1804822071927,-0.0,-1687.7302509959998,-929.763532294912,-599.0454116117344,23.306778317162674,20.33695208056747,-317.9192841563841,-16.768484560156004,-391.07346742994775,-408.40433395209186,-1117.285585408878,-373.92516450806284,787.8558910347883,-1465.7891186552442,-158.86416391038415,-162.32574561493857,-3764.0450899333373,-2721.5742589885845,708.1920675791172,-1212.2037111248608,-142.31469593043917,-4.619256173728632,-737.7544354081426,-1165.6116328363332,1958.1232582158718,-685.7603259360416,-701.7280716517579,-766.97838546704,-0.0,-6156.897145171793,-0.0,-572.0830987205712,-1010.8458134918241,-753.5751746639261,-873.3591682891139,-1147.1409500585512,-0.0,-1127.0189867372605,-214.77241523817918,-88.05926155021271,-8035.2680220103675,407.43609987243315,-179.3977066984578,-0.0,-602.012600223483,-1160.9622559081845,-0.0,-0.0,-562.2215396316005,-1656.369154950617,-43.24200774759775,-242.73687787367768,-299.24011415770883,-1245.8704050055449,-0.0,-0.0,67.90169778287762,-0.0,-0.0,-1798.370212772596,-0.0,-2059.1167297160287,-1048.7603152889317,-1389.2683948829463,-0.0,-0.0,-506.4459231170106,-994.0561450272864,-153.55192229824402,-0.0,-432.1009153624754,-166.7819990375834,-467.0932403442972,-0.0,-199.76855158695378,-476.1988246773902,-2449.567260034928,-886.829403969374,-1453.057875742528,-0.0,-0.0,-1253.9625303260025,-29.844098612662,-0.0,-0.0,-1388.7997056535949,-0.0,-0.0,-0.0,-0.0,-0.0,-0.0,-0.0,-0.0,-0.0,-0.0,-100.07581848418309,-0.0,-0.0,-0.0,-0.0,-0.0,-0.0,-0.0,-0.0,-0.0,-0.0,-0.0,-317.8448910815825,-0.0,-0.0,-0.0,-0.0,-0.0,-0.0,-0.0,-0.0,-0.0,-0.0,-0.0,-0.0,-0.0,-0.0,-0.0,-0.0,-0.0,-0.0,-0.0,-0.0,-0.0,-0.0,-0.0,-0.0,-0.0,-0.0,-0.0,-0.0,-262.78130219537934,-0.0,-0.0,-0.0,-0.0,-0.0,-0.0,-0.0,-0.0,-0.0,-0.0,-0.0,-0.0,-0.0,-0.0,-0.0,-0.0,-0.0,-0.0,-0.0,-0.0,-0.0,-0.0,-0.0,-0.0,-0.0,-0.0,-0.0,-0.0,-0.0,-0.0,-0.0,-0.0,-0.0,-0.0,-0.0,-0.0,-0.0,-0.0,-0.0,-0.0,-0.0,-0.0,-0.0,-1396.1814479918437,-632.6975179809839,-1698.9800868586135,-0.0,-0.0,-0.0,-0.0,-0.0,-0.0,-0.0,-0.0,-0.0,-0.0,-0.0,-0.0,-0.0,-0.0,-0.0,-0.0,-0.0,-0.0,-0.0,-0.0,-0.0,-0.0,553.2593830689098,-0.0,-0.0,-0.0,-0.0,-0.0,-0.0,-0.0,-0.0,-0.0,-0.0,694.3787341857998,-0.0,-0.0,-0.0,-0.0,-0.0,-0.0,-257.7339178708166,-0.0,-0.0,-0.0,-0.0,-0.0,-0.0,-0.0,-0.0,-0.0,-0.0,-0.0,-0.0,-0.0,-0.0,-0.0,-0.0,-0.0,-0.0,-0.0,-0.0,-0.0,-0.0,-0.0,-0.0,-0.0,-0.0,-0.0,-1108.2584571307136,-0.0,-0.0,-0.0,-0.0,-0.0,-0.0,-0.0,-0.0,-175.88202814524485,-0.0,-0.0,-0.0,-0.0,-0.0,-0.0,-0.0,-0.0,-0.0,-0.0,-0.0,-0.0,-0.0,-0.0,-0.0,-0.0,-0.0,-0.0,-0.0,-0.0,-0.0,-0.0,-0.0,-0.0,-0.0,-0.0,-0.0,-0.0,-0.0,-0.0,-0.0,-0.0,-0.0,-0.0,-0.0,-0.0,-0.0,-0.0,-0.0,-770.9636646902758,-0.0,-0.0,-0.0,-0.0,-0.0,-0.0,-0.0,-0.0,-0.0,-0.0,-0.0,-0.0,-0.0,-0.0,-488.11935031624904,-0.0,-0.0,-256.9140098696622,-0.0,-0.0,-0.0,-0.0,-0.0,-0.0,199.74432460339963,-0.0,796.3318040035931,-0.0,-0.0,-0.0,-0.0,-0.0,-0.0,-0.0,-0.0,-0.0,-0.0,-0.0,-0.0,-0.0,-0.0,-0.0,-0.0,-0.0,-0.0,-0.0,-0.0,-0.0,-0.0,-0.0,-0.0,-0.0,-0.0,-0.0,-0.0,-0.0,-0.0,-0.0,-0.0,-147.43811118138214,-0.0,-0.0,-0.0,-0.0,-0.0,-0.0,-0.0,-0.0,-0.0,-0.0,-0.0,-0.0,-0.0,-0.0,-0.0,-0.0,-0.0,-0.0,-0.0,-0.0,-0.0,-0.0,-0.0,-0.0,-0.0,-965.5349243613434,-0.0,-0.0,-0.0,-0.0,-0.0,-0.0,-0.0,-0.0,-0.0,-0.0,-0.0,-0.0,-0.0,-0.0,-0.0,-0.0,-0.0,-0.0,-0.0,-0.0,-0.0,-0.0,-0.0,-0.0,-0.0,-0.0,-0.0,-0.0,-0.0,-0.0,-0.0,-0.0,-0.0,-0.0,-0.0,1292.0341074756304,-0.0,-331.84036648378014,-0.0,-0.0,-0.0,-0.0,-0.0,-0.0,-0.0,-0.0,-0.0,-0.0,-0.0,-0.0,-0.0,-0.0,-0.0,-0.0,-0.0,-0.0,-0.0,-0.0,-0.0,-0.0,-0.0,-0.0,-0.0,-0.0,-0.0,-0.0,-0.0,-0.0,-22.50173200150811,-0.0,2602.792630300866,-0.0,-0.0,-0.0,-0.0,-0.0,-0.0,-0.0,-0.0,-0.0,-0.0,-0.0,-0.0,-0.0,-0.0,-0.0,-0.0,-0.0,-0.0,-0.0,-0.0,-0.0,-0.0,-0.0,-0.0,-0.0,-0.0,-0.0,-0.0,-0.0,-0.0,-0.0,-0.0,-0.0,-0.0,-0.0,-0.0,-0.0,-0.0,-2410.337941050761,-1674.0275324112658,-0.0,-0.0,-0.0,-0.0,-0.0,-0.0,-0.0,-0.0,-0.0,-0.0,-0.0,-0.0,-0.0,-0.0,-0.0,-0.0,-0.0,-0.0,-0.0,-0.0,-0.0,-0.0,-0.0,-0.0,-0.0,-0.0,-0.0,-0.0,-0.0,-0.0,-0.0,-0.0,46.40994530468904,-0.0,-0.0,-0.0,-0.0,-0.0,-0.0,-0.0,-0.0,-0.0,-0.0,-0.0,-0.0,-0.0,-0.0,-0.0,-0.0,-0.0,-0.0,679.8380747076621,-0.0,-0.0,-0.0,-0.0,-0.0,-0.0,-0.0,-0.0,-805.1779347100138,-0.0,-0.0,-0.0,-0.0,-0.0,-0.0,-0.0,-828.2975345686087,-0.0,-0.0,-0.0,-0.0,-0.0,-0.0,-0.0,2708.349157780333,-0.0,-0.0,-0.0,-0.0,-0.0,-0.0,-0.0,-0.0,-0.0,-0.0,-0.0,-819.5916554402323,-0.0,-0.0,-0.0,-0.0,-0.0,-0.0,-0.0,-0.0,-0.0,-0.0,-0.0,-0.0,-0.0,-0.0,-0.0,-0.0,-0.0,-0.0,-0.0,-0.0,-0.0,-0.0,-0.0,-0.0,-0.0,-0.0,-0.0,-0.0,-0.0,-0.0,-0.0,83.96492134378934,-0.0,-0.0,-0.0,-0.0,-0.0,-0.0,-0.0,-0.0,697.9444333605339,-0.0,-0.0,-0.0,-0.0,-0.0,-0.0,-0.0,-392.2654031800496,-0.0,-0.0,-0.0,-0.0,-0.0,-0.0,-0.0,-0.0,-0.0,-93.35213345209225,-0.0,-0.0,-0.0,-0.0,-0.0,-0.0,-0.0,-0.0,-0.0,-0.0,-0.0,-0.0,-0.0,-0.0,-0.0,-0.0,-0.0,-0.0,-0.0,-0.0,-0.0,-0.0,-0.0,-0.0,-0.0,-0.0,-0.0,-2058.554748754728,-0.0,-0.0,-0.0,-0.0,-0.0,-70.57518555690238,-0.0,-0.0,-0.0,-0.0,-0.0,-0.0,-0.0,-0.0,-0.0,-0.0,-0.0,-0.0,-0.0,-0.0,-0.0,-0.0,-0.0,-0.0,-0.0,-0.0,-0.0,-0.0,-0.0,-0.0,-0.0,-0.0,-0.0,-0.0,-0.0,-0.0,-0.0,-0.0,-0.0,-0.0,-0.0,-0.0,-0.0,-0.0,-0.0,-0.0,-0.0,-0.0,-0.0,-0.0,-0.0,-0.0,-0.0,-0.0,-0.0,-0.0,-0.0,-0.0,-0.0,-0.0,-0.0,-0.0,-0.0,-0.0,-0.0,-0.0,-0.0,-0.0,-0.0,-0.0,-0.0,-0.0,-0.0,-0.0,-0.0,-0.0,-0.0,-0.0,-0.0,-0.0,-0.0,-1431.9004276545802,-0.0,-0.0,-0.0,-0.0,-0.0,-0.0,-0.0,-0.0,-0.0,-1795.1858780980242,-0.0,-0.0,-0.0,-0.0,-0.0,-0.0,-0.0,-0.0,-0.0,-146.82829194547955,-0.0,-0.0,-0.0,-0.0,-0.0,-0.0,-0.0,-0.0,-0.0,-0.0,-0.0,-0.0,-0.0,-0.0,-0.0,-0.0,-92.1783793317431,-0.0,-0.0,-0.0,-0.0,-0.0,-0.0,-0.0,-0.0,391.9604457029455,-0.0,-0.0,-0.0,-0.0,-149.69285156515204,-0.0,-0.0,-0.0,-0.0,-0.0,-0.0,-0.0,-0.0,-0.0,-0.0,-0.0,-0.0,-0.0,-0.0,-0.0,-0.0,-0.0,-0.0,-0.0,-0.0,-0.0,-0.0,-0.0,-0.0,-0.0,-0.0,-0.0,-0.0,-0.0,-0.0,-0.0,-0.0,-0.0,-0.0,-0.0,-0.0,-0.0,-0.0,-0.0,-0.0,-0.0,-0.0,-0.0,-0.0,-0.0,-0.0,-0.0,-0.0,-0.0,-0.0,-0.0,-0.0,-0.0,-0.0,-0.0,-0.0,-0.0,-0.0,-0.0,-0.0,-0.0,-0.0,-0.0,-0.0,-0.0,-0.0,-0.0,-0.0,-0.0,-0.0,-0.0,-0.0,-0.0,-0.0,-0.0,-0.0,-0.0,-0.0,-0.0,-0.0,-0.0,-0.0,-0.0,-0.0,-0.0,-0.0,-0.0,-0.0,-0.0,-0.0,-0.0,-0.0,-0.0,-0.0,-0.0,-0.0,-0.0,-0.0,-0.0,-0.0,-0.0,-0.0,-0.0,-0.0,-0.0,-0.0,-0.0,-0.0,-0.0,-0.0,-0.0,-0.0,-0.0,-0.0,-0.0,-0.0,-0.0,-0.0,-0.0,-0.0,-0.0,-0.0,-0.0,-0.0,-0.0,-0.0,-0.0,-0.0,-0.0,-0.0,-0.0,-0.0,-0.0,-0.0,-0.0,-0.0,-0.0,-0.0,-0.0,-0.0,-4340.496576416401,-95.54472919752898,35033.25549986731,-4027.3084271238336,-4008.8806553411237,85238.89236574437,-0.0,-7841.598767370566,879.0163352357631,2020.378177908947,-25744.284303774497,-0.0,-5416.12735411514,-0.0,-0.0,23828.270033862864,-13427.158662198974,3108.024192965428,6952.032530873097,-4175.886712841309,-25293.04584053604,-9324.361987243517,56.156935841109984,-99.42733166954255,-6445.45498143345,-0.0,-12584.362727462005,-18794.633022486538,14766.545160415662,-137.60792894906209,408.9949408848969,48698.7599002427,-2457.1171146375364,-105473.45976957445,-3347.8721338966166,-24656.660892706936,-16561.93968801199,-5369.059551112198,-6642.348610085684,-16641.12990208858,13842.253679676465,-2345.120924885401,-3733.6631371663448,-3558.9784561026045,-12067.042513312927,6940.980373425561,34619.19336695449,-815.0436633910937,-192.2810890479847,21682.567579798124,3606.3975449077957,-192.56108909031678,5493.308602096524,6074.923053018697,-5919.046780827932,-7764.0825194773,-3422.1291384725696,420.7505324209381,-0.0,-0.0,-1324.4601027228946,-8203.043068603061,-4041.79114670185,-3489.935496271084,-490.7250246496093,-5177.801160871856,11916.981821333407,6612.665904332652,-8444.128631681046,18182.287436741746,-20205.56980657421,-33060.342154070226,74694.1339757123,-23909.52137351445,-8379.32410272579,-1989.7807703762035,-3317.5841482981177,-6561.641894073848,-4087.423864860814,-33817.821211584276,-0.0,-14676.359840558824,-0.0,3710.9536001061438,-0.0,-0.0,-13970.27307614173,-1465.370021844901,-0.0,-0.0,3741.757124101886,-0.0,135.7621011756744,-0.0,-6387.13786706592,-4674.626369136978,-8042.390378378317,-8873.083506076466,9600.359104793772,-0.0,-30153.97960520328,48192.39052128317,-0.0,-0.0,-20592.97604317771,-9214.486361449473,135.96227477095982,581.8168729009755,-0.0,61214.55260353639,-0.0,-0.0,-0.0,-0.0,56299.83662085477,-1546.9214551828632,-0.0,-13264.872330858941,-0.0,-5565.767418926165,-960.6747606087628,-2769.746685682363,-16094.404822310345,9450.276991107357,-1046.195835269881,-9561.85128418157,-0.0,-0.0,-6849.940269498065,-7346.650369110696,-12922.045792130006,62512.437429903715,-0.0,-222.64692079331726,14176.954064130807,4374.02624104031,-2889.4296196385912,712.4068086822417,1792.2219866061325,-3922.4640670380054,153.76434691506572,-19331.484338902148,859.8420144049061,14166.51559104163,-691.2810614511089,10663.191014730533,48469.401183769034,5758.7313715456685,1105.036561448359,9934.575367239024,-2106.814996506476,-8047.621762537001,-9230.045055580704,-16287.844268555533,-0.0,2974.489017526852,14861.24439195595,13398.29070498272,-8464.214457976483,6202.101572512717,3798.981051435506,-9393.96621835999,23106.148149679022,-15111.834401254193,-0.0,5603.819788845828,-12294.768447189173,-16108.027657028808,-7763.148792741234,26926.0626700517,2220.2586111420446,-0.0,-5487.3472977046185,-0.0,-2540.886348949231,59.03488190932924,-3654.971741154406,-858.8833170533856,84.92161961797875,-201.27717164866752,-22912.613184301717,-14558.121995493015,24081.99683079585,-8110.674212524203,3585.089507055703,8769.8811733818,-7879.849435501056,-5101.424502393164,-14279.253613749956,-0.0,-2081.926024854877,-2138.3993772446543,-0.0,1200.8408024999976,-3269.2659551199895,-0.0,-0.0,-16692.652358215862,-3342.586511783538,4067.3069070350484,-3976.8758386744585,-0.0,-0.0,-0.0,59399.59963618826,24599.328146128868,-0.0,-1460.3641380010545,12709.937056217783,-0.0,-4315.711204475538,-2968.4897411263305,-0.0,-5353.017661229329,-7987.476980574202,121652.53445397396,-12872.349485140316,-9317.046189698352,-32243.938901230988,-0.0,2643.2463049838666,2381.3439298082153,-10524.638580673503,27527.48676284978,-8487.4042404557,-47346.02436179049,-15966.128961190401,-10679.97105789438,-0.0,1347.296167952209,-5117.039916616084,22096.585878226924,-2279.954766119205,88.32924093793157,-12438.224905959243,-9727.179248222143,31885.976976589707,-0.0,-1648.2528930895608,127.04721812412595,-0.0,-0.0,-0.0,-0.0,-0.0,-0.0,-0.0,-0.0,-0.0,-0.0,-0.0,-0.0,-0.0,-0.0,-1343.0085464951705,-0.0,-0.0,4416.6274743417825,-12251.072802505714,-909.682073410421,-9738.554463867413,23885.03986632248,9288.902031531221,-3974.9750319166906,2423.9928822618394,41363.739831394036,-0.0,-0.0,-4011.1833494428756,2742.0492801970495,-6876.062340011887,-8578.877228162828,-0.0,-209.0202560753365,9760.957791970242,-4448.973253430456,-968.8189047321847,3190.187581583606,-29014.05803463139,24150.28005088141,-5051.147457756134,-2223.070555904883,14564.324774847792,-0.0,-0.0,-0.0,-0.0,-0.0,-0.0,786.3520227085429,53717.283701144355,-9928.488606774015,-7774.089374591282,-12914.142311731635,-0.0,-10662.877733105714,-13072.658255129812,-0.0,-0.0,-0.0,595.5298018041007,572.4482135031105,840.0641709067078,3086.4354159921236,-0.0,2702.716154447554,996.6778836129973,910.3554458720618,803.0791215211966,838.4793601670076,3402.5994587907553,1797.2501981487883,3391.072031546217,2688.331018701713,2973.1583865631346,3277.4560731086976,38953.41249004079,42673.561835046734,40353.359230977934,36561.25497313717,6965.422881566766,6904.068331304611,7964.110284009285,9867.83128574107,4855.620715300429,2093.6251663145786,2205.244225756049,2218.0730236172712,2082.1399682497117,2197.8850798891785,5107.967516605682,3192.045975121981,1354.0558555803987,1301.8534034832908,685.3845541679985,400.090786555211,485.11103355802493,35228.86779035084,38206.992037833894,40553.36816963504,37284.030533840676,57587.55376256121,60625.16997792775,1363.7415979416364,1352.9150453830057,1360.9792374484634,1153.6484781456663,1287.8673765419755,1343.4617902090095,657.1023340399205,50452.25720976733,53888.96237847013,54997.8333832823,2799.831396255047,-0.0,7230.3277600921565,41188.6674860075,37167.88793074828,37600.02844551356,62053.958804685804,68106.33662902791,69935.79050567084,58771.074205193174,2762.509633513129,2438.76511226658,5105.183217577119,-0.0,20391.992331415124,23747.08966737978,-0.0,498.4590530160068,1038.1143449018878,1630.8488938800183,1494.1649361160817,1735.925443014091,1538.4334534110765,1776.8445836043766,1442.0141158889883,42234.73416805282,40941.526082714845,40207.54506817192,37902.753342084245,1104.6619294032548,1262.9797443895875,-0.0,-0.0,17990.320419721964,40746.18926100601,39194.66333899744,36594.044325268194,35315.99121503613,-0.0,51053.07160694503,54862.32378618707,1118.9401716245893,2205.3639280863995,2422.4676615597396,2583.7902039061673,2324.154300830035,2287.6422855073356,55739.57896622138,52575.218890942175,-0.0,-0.0,17524.289098247333,917.0502859400559,1105.3374177473097,41570.77517464732,39322.24944706357,35418.76779839215,37527.0840347548,35763.21230380477,38015.631005070536,-0.0,16612.53437969331,10562.28120505188,-0.0,-0.0,1319.1533612523276,1449.1623007292417,460.7043860504062,412.28758090828603,337.5399318354342,339.35296271572435,-0.0,1207.6291071755252,1151.3600323287435,1106.9768390897448,1261.9697953077916,-0.0,1536.0109536540297,1601.7445461817285,2027.5504120708513,2167.728351454368,2166.8751239160897,2122.5322378985848,789.55635177958,962.4320406098401,880.5979164806836,1321.3983926045807,931.7887224766596,836.6537925377086,893.3648577574183,901.7575369769232,8513.634566654137,9665.457342376485,43.58909410518254,75.86996311390352,3551.143852977463,16713.263241076136,1066.237238013446,1023.7857171011789,-0.0,-0.0,6675.361267265531,6765.371163909183,6636.285943832749,6566.29256163679,1398.3854878634686,1512.0966224795327,39909.569117857674,40635.54450075603,8840.693228218892,7731.412039336061,-0.0,55295.32803397388,2254.6752712290086,2119.3944970262773,1154.564119235551,57452.515986492625,61372.222431937524,59385.03564818007,54764.80042281077,449.3845627709887,61781.03259237204,58143.40468598789,-0.0,-0.0,20136.11260890211,-0.0,727.4085031628349,741.503491397528,658.9763070449416,1758.781735997582,9838.181304493713,23171.191831199558,1497.2652106426447,1617.0311681624942,54.02275940118576,707.2173430228568,707.765240586163,15716.109002702498,1589.0162263868817,-0.0,-0.0,-0.0,1141.830584610513,-0.0,1216.8746123201047,-0.0,4491.9953810667175,1050.3415387838074,1183.6922880698298,1120.6981212462929,710.3463964507073,687.3773388167708,648.0389398220452,1577.9255102690333,1749.9747881512787,1898.8630540936626,1142.2656094438973,128.32200500694083,5223.498337371115,55161.558903721525,59855.74067284936,10794.355192866413,21738.359773171847,16369.64321791359,17106.080600423353,2103.3229495873393,1918.9099804544412,1512.4832624407625,1511.7000753699326,825.2255093764023,997.9982443852613,2468.2643352821333,37243.10345574176,40034.17498644991,1417.4955023198443,1450.125976433385,1403.2916014898885,2407.9961711078217,2569.8072329389433,2939.618725552739,40960.094593775364,36666.49475138543,36422.73190693087,39886.187031122536,-0.0,-0.0,-0.0,2460.660651733195,2731.096218268378,2373.918909615719,7329.6127050346395,6397.219364039513,6919.092657704099,1886.3980960721865,1988.1913565291927
11,-0.0,-0.0,-612.1672356794927,-1946.977421023123,-457.5061966755225,-540.7275588292009,-53.09812413023033,-1006.2972406232738,-686.579333222009,-0.0,-1451.67449796198,-0.0,-0.0,-2143.082703143901,-0.0,-579.145946411253,-432.19430634327256,-0.0,-0.0,-184.07189961868573,-262.35198202923397,-699.2016498463428,-1110.0988991419026,-712.5455507483491,-2095.4995797668503,-1294.0982887519992,-0.0,-0.0,-2920.14414988903,-1762.3021973884872,-0.0,-0.0,-0.0,-0.0,-0.0,-0.0,-109.18778430142662,-315.78698897079096,-1693.344490206461,-1368.976028698495,-0.0,-0.0,-133.95954281155397,-713.1854477390714,-179.420138670488,-0.0,735.4890838526709,-1665.9285542030532,-408.33826495669393,-0.0,-0.0,-373.74197824664947,-4.587932114651612,27.23023545569998,-1967.552798690955,-3393.369431906015,185.8227947147941,-5810.417727597149,-242.20222366198337,-0.0,-1644.6774031330558,-0.0,-660.0490406064381,-2517.016884290708,-538.9065937719828,-638.2218695449784,-41.136041280615615,-2313.219988357671,-767.891474605414,-539.8659884689105,-3102.3464333897473,-0.0,-0.0,-2324.2393275305667,-1033.817239922335,-400.41018291329584,-1930.5444396487107,-0.0,-0.0,-1514.0391441278693,-1630.4096876974443,-478.92759787438916,-3961.062598198329,-64.93921570921425,-76.40888827575186,-1751.3959370673028,-0.0,-621.8547039803778,-1041.8218232989323,-17.87472416336785,-0.0,-1498.0549961685558,-85.83175109255475,-657.5786092840233,-2301.713305758711,-53.847471034743194,-2312.8627490122653,-354.03976680202817,-1468.3122965192865,-2693.1630687921365,-750.5985909895134,719.2211236810073,-568.6039145457434,-0.0,-1693.8260795736414,-2419.953265594725,-4376.720120975389,-576.6896520291102,-2883.4343081061215,-0.0,-1540.3389268710184,-0.0,-0.0,-519.0542554950043,-0.0,-0.0,-543.122757056476,-81.46475030817315,-1696.3948952818628,-857.9103742019273,-1042.0845945193832,253.07284695149173,-459.2083280262607,-368.1469522094935,-419.92235823578665,-15.644197286844369,-457.054408347827,-535.7126493828163,-801.3753261151038,-0.0,-5257.014493777859,111.29165016094807,-99.20482968960366,-4610.992281939147,-0.0,-1043.3028678698558,90.41327332155485,-0.0,-665.6929683240544,-0.0,-0.0,-532.9761508272196,-0.0,-350.8965341658929,-987.8217423522932,-0.0,-1097.2796167394404,-283.2418294153722,-731.0888351897935,-2260.644580450725,-0.0,-1764.9904802410076,-1057.1618088600612,-0.0,-0.0,-0.0,59.68929823208505,769.3767923018125,-0.0,-1607.8281856996343,-1912.3971825133856,4.603641838900976,-0.0,-0.0,-499.15479379471054,-365.0087580672025,-389.7329748154747,-0.0,-397.89704565692756,-3246.2606928033097,-1190.6981241582291,-0.0,-1285.8974341950943,-2379.8568381479477,-0.0,-0.0,-0.0,-0.0,-0.0,-0.0,-572.9973027824893,-703.6650737825843,-279.78938606685233,-180.50005568441065,-1098.2160445674767,-16.747506356399445,-0.0,-0.0,-685.4102289147187,-0.0,-663.001376643557,-207.28557431801673,14.004063382308656,200.66412844665757,-0.0,-0.0,-1082.4189096082687,-418.3669818193907,-530.4718030877193,-0.0,-2844.5578486564227,-2243.645183305335,-949.3576924452889,-0.0,-0.0,-2268.1112877058254,-1351.1524235823304,-731.245883571112,-26.95452537467664,-1643.39530554273,-1326.6324209608931,-0.0,-0.0,-1925.7208754775256,-0.0,-955.9481319375669,-1119.6635718624325,24.115367533586447,-532.36346425532,-590.5953642206379,-351.3274887979434,-0.0,-1825.7277042536239,-0.0,-3074.7157972694754,-2608.002963230615,-205.59511219579517,-514.7757932795434,-490.8233203670966,-0.0,-309.1945736922479,-221.40120508442538,-0.0,-1070.7155893495876,-603.5992022076421,-1031.2864249331772,-1838.6571613484862,-1011.6407217003518,-2199.2299430599446,-1816.0806174915392,-2452.147702309434,-2427.3553322994644,-1141.1329491422564,-2247.6881943756093,-583.7121694271522,-446.9024741294399,-0.0,-1386.9906860368571,-911.7545450045445,-1116.6688126589277,-481.42131784756674,-422.9095380942788,-2303.92059244869,-693.8500631342748,-468.4209523180388,774.5440583081424,-0.0,1170.7134238845788,-1517.0267537838606,-0.0,-0.0,-0.0,-0.0,-0.0,-0.0,-1385.1125055089603,-3033.5803945170965,-522.9263880129896,-1003.6041730669747,-0.0,-0.0,-2005.02764353744,-1396.85851526431,-2082.1653182066357,-0.0,-0.0,-70.80835548012313,80.68537057801565,-488.3944393126415,-2092.5925588309733,-499.80106010010263,-0.0,-448.49438660492325,-761.0243956938905,-13.39987665556278,-1300.7104483167943,-1183.6219704395899,-1587.651419049022,-1168.3771856282935,-155.64707571989877,-664.3580982666126,-0.0,-1723.9452713444848,-0.0,-999.7203545921257,-130.52919786037717,-42.37081583201083,-567.7988887447025,-0.0,-2473.011785734167,-130.08623555166048,-661.8826725865791,-1636.4120278879132,-1433.5191644866663,6.632078684533249,-549.6368251517779,-837.9154375413169,-25.703892604444867,-309.2594746653298,-474.6636482555479,-66.14049453208126,611.0644616617473,-1325.8430006452147,-0.0,-983.3085798505792,-1294.5798277500714,-0.0,-592.0434156312783,-0.0,-1627.2928294760675,-0.0,-0.0,-0.0,-1227.3466735075667,-880.7107569728304,-425.45444796407355,-0.0,-1481.6847409428208,-3262.015668750687,-3791.4521517776698,-0.0,-377.95620046130125,-0.0,-296.4142260950865,-377.4215869903038,290.0204164055628,-587.7324245147697,-0.0,-594.9597052394855,-994.8706093307935,-289.37358739845286,-539.5043580484469,-0.0,-478.9365208859793,-1230.8802225618933,-569.946528605442,65.44028164272106,-2552.578251158457,-0.0,-0.0,-1137.2799022684044,-503.1140572053855,-1264.0919900528525,-74.17361598756847,-137.2686985081427,-241.4372426734217,-654.9841914670352,-992.0899546274085,-1496.6548510382452,-2455.90434691993,-0.0,-0.0,-378.7432343549105,5115.907403568402,-0.0,-0.0,-0.0,-0.0,-0.0,-2625.07736447002,-525.7417220659895,-0.0,-1123.8676676842383,-1125.2116473482822,-637.1142199276532,-2309.833801720013,-188.5148875996057,-1270.4370273272866,-0.0,-0.0,-2182.685557177933,-664.0816492034301,-1927.4682923945356,-717.6623819869004,-624.2137102263013,-1757.0821935261508,-267.959775986555,-1923.1333883138877,-1115.948347147463,-119.63452486431919,-893.6315541968028,-1301.902841069486,-223.6293751713658,-234.93442554320603,-1944.3734331072417,-0.0,-516.97133330412,-284.07847349879546,-155.3549379457807,-806.1736656258203,-231.99244206126582,-961.2044602754053,-794.7084114264127,-1325.7265593664845,-318.5537402991343,-2711.632218730958,-24.235206788225714,-644.6773194066321,-0.0,-926.2852459384586,-688.0179055214306,-1016.369715976149,-1149.612651302208,13.672031429484635,-386.6650109576195,-848.0255419377704,-847.8014939199625,-377.9202298006915,-1096.0564951941656,188.03223631265493,-0.0,-0.0,-0.0,-0.0,-0.0,-0.0,4.7439061255245765,-319.84416881322846,-2521.8682549111854,-4565.619980900634,-512.4129413226765,-1105.8503632649424,-149.52021600547153,-563.2715233415685,-1447.3660608059565,-1188.6295472054671,-84.49256766804598,-473.1270235812231,-510.39088934397085,-0.0,-138.11174612010012,-1097.3094995419233,-680.5016435542461,-0.0,-1399.614478908146,-0.0,679.5015354388938,-0.0,-0.0,-0.0,-28.290724174334343,-0.0,-0.0,-1032.2967997617466,-448.0074796432993,-1182.097067701594,-0.0,-0.0,-0.0,-938.2241229306245,-592.5856061086864,-1441.8635229650984,-0.0,343.12230730343055,-0.0,-0.0,-3107.969994064177,-1444.9524455048008,-13.330671718578209,-0.0,49.61312064953921,-19391.19212912648,-18650.106625682736,-2674.768988665199,-0.0,-0.0,-0.0,-0.0,-321.5134456820471,-0.0,-0.0,-728.4660119994493,-2589.5333397678446,-2251.279363389126,-1567.9131927314638,-428.7424962295254,-1897.4001578128114,-47.50382166521488,-1674.2958819346425,1022.7339386192458,-0.0,-877.3763340805509,155.41945487106918,-0.0,-0.0,-0.0,-0.0,-117.2740516111375,-0.0,-0.0,-0.0,-817.7605361341245,-1660.6241887509782,-0.0,-0.0,-646.7478335437427,-2175.3233912200526,-0.0,-1480.7546774594166,-1811.5581655853844,-1891.918266408069,-0.0,-0.0,-250.77812897990881,-79.40043794396762,-1138.3135575371587,-1570.8603304930566,-527.540478676129,-1476.8862450514732,-1282.1954004756126,-0.0,-0.0,-0.0,-0.0,-403.77506085811495,-95.5623902985214,-0.0,-0.0,-197.48137253310054,263.7906570415223,-0.0,-1231.7191733506606,-1160.2674070102607,-1151.7007753632208,-0.0,-0.0,-864.5681373787198,-1361.051132617422,-788.6151493257165,-433.48644950715243,-0.0,-2423.221489343927,-2449.5139804581668,-0.0,-0.0,-0.0,-0.0,-0.0,-1479.4117113928487,-0.0,-2198.263577712173,-1194.3196014623118,-82.90569551532379,-0.0,-0.0,-0.0,-2755.3384722951096,-1607.7758824789948,-592.1030424221706,-554.850839593989,-1118.4475864946562,-840.3799011700868,-0.0,-0.0,-552.6174160459673,-1362.3557598961947,4.554010745497727,-599.6427242815047,-0.0,-1086.3191467292595,-851.0886435809257,-1671.5079856428442,-0.0,-264.6309654017111,-254.67055967980926,-328.88068528376374,-1524.8560658883262,-107.01296670429541,-0.0,-0.0,-0.0,-0.0,144.65169134912964,-164.33914399904037,-822.9986642791572,-1536.0334386940071,-1318.841984674422,-578.110461333032,-599.9992836162487,-9393.534799297015,-1012.6958404405202,-588.0232350347795,-0.0,-0.0,-0.0,-355.3457086860249,-396.13202209588627,-1195.4418000927412,-349.8025486180975,-0.0,33.28726420839311,-0.0,-0.0,-0.0,-0.0,-0.0,-0.0,-0.0,-97.45309022292813,1762.3824344705486,-0.0,-1442.0664302024559,-613.4068145540418,-444.28547702306196,-1941.6601176101378,-0.0,-0.0,-628.50063481344,-758.2905204870073,-124.44906045378185,-141.60720383326668,-0.0,-663.3948013989675,-186.7517588903407,-2034.6565703551892,-399.61092446829724,-522.3994606821147,-0.0,-0.0,-1381.958178751439,-2441.371384695535,3.964812780662241,-578.4383514651365,-435.2996025379408,-1090.1578659145798,-1397.1949448836722,-813.778353546714,-318.6634107438636,-179.49731367565178,-1521.4729010892818,7020.8194683175725,-0.0,-603.4544982969697,-647.5627786688196,-1222.7547518302517,-1206.31013135074,-1162.7451028488285,-1930.6473855259433,-1850.8642867598971,-619.227296220205,-0.0,-0.0,-1823.0429146588167,-0.0,-0.0,-420.4358383608483,-1892.6840468077332,-1563.513175404944,-274.50864429602876,-127.0755377823125,-1996.0449733394153,-0.0,-1445.7493630087965,-0.0,-0.0,-0.0,-0.0,-0.0,-0.0,-458.1889945528116,-1564.6396286553777,-1062.7930685571846,-82.52731880619717,-252.65691145580178,-541.5693187297517,-196.26121867228755,-0.0,-0.0,-514.1288477100983,-643.9515494891854,-3855.7052804762843,-0.0,-1306.6789491379395,314.5637034446877,112.74685532785219,-0.0,102.1588528659263,-167.30310469626662,-102.69334518578313,-531.5226030870982,-0.0,-1685.8633107362386,-0.0,-0.0,-1485.922496671279,-0.0,2354.7713920421043,2299.8362294547032,2279.8019020376432,-0.0,-0.0,-1940.864663577646,-0.0,-0.0,-315.3128813081697,-925.8631104674031,-854.5519274564949,-1123.4423024613407,-1094.2535575579632,-0.0,-0.0,-0.0,-16.41557890684273,-780.4260614507168,51.995089818777885,-76.2521410556453,-1196.2527761390747,-992.6444030846304,-410.145573294522,-1485.3670583881126,-0.0,-1933.0248671674326,-1227.5042052192998,-1708.4245932251338,-530.3881327694095,-547.0399090072352,-0.0,-1463.3036290541002,-885.4626622325198,-945.8846538185016,-2153.110506055842,-547.2787980346835,1250.9103064576148,-4.463083516331455,-407.461563214638,-1290.8058291607583,-0.0,-1675.8299303444367,-3458.3682829879735,-502.7164939915516,-557.8643043447919,-0.0,-0.0,-0.0,422.65334478139374,-411.0019379266314,-517.3562232699285,-185.22419818346444,-555.2375990475978,-449.3024755232608,-0.0,-447.04449835238944,-1069.8395224934443,-795.4471706040727,-0.0,-2090.244392146648,-4278.859109640943,-0.0,-0.0,666.1156990619941,698.3449016698053,-0.0,-0.0,-761.2455213720514,-859.8914665277355,-418.4965204222916,-703.7479925665018,-0.0,-0.0,-0.0,-0.0,-0.0,-3072.0305460529307,-426.0810385738997,-1809.5539064467764,-1102.9855644807083,-0.0,-318.62234174098506,-871.6087745827276,-0.0,-353.732313114083,-848.2060053343685,-1139.7345744596996,-4903.274760768538,-43.90130975569391,-0.0,-0.0,239.0719745304268,904.3743779575101,-0.0,-0.0,-426.933539903908,-0.0,-34.43198921951736,-0.0,-2717.5335269484544,-0.0,-447.96087201324355,-0.0,-0.0,2069.302514296227,2353.959782112846,1925.1246642675935,-0.0,-0.0,-469.5284506002806,685.3376652302981,-2485.546796548909,9.476914596330836,109.22567523726562,-2728.959116113355,-57.95284942325443,-157.75512625459697,-687.4716351876959,988.1727613228743,3453.0645309956867,-2996.826847009079,-0.0,-0.0,-991.4647657968794,-1658.1904477453918,-1470.3809061386755,-273.05030567810024,-75.69289510053565,-0.0,-0.0,-0.0,-0.0,-2236.840218853314,270.6675127329338,-0.0,-12.642055531238197,-0.0,-1766.2785382032707,-1928.6111368958443,142.92823021990785,-0.0,-0.0,-314.83838128790046,-0.0,-1814.34993032878,-81.72068939919693,-1138.662139848278,-403.8759490118826,-1306.878898058922,-706.4246761664442,-1058.174135372453,-678.7367100526382,-0.0,-0.0,-0.0,98.08507598790861,-0.0,-0.0,-302.3356369155522,-467.68011409047625,-725.0077363548597,-0.0,-1471.5677824537963,-1134.4427177916891,-874.3258778856087,80.45024037294239,-420.3778804322053,146.5682029278839,-341.28084653634596,-0.0,-0.0,-8.942297420844596,-1933.7584037258562,-662.0020697504816,-1033.2133344902124,-153.5420692815532,-2111.9567660018884,-1931.443145770057,-1131.138147728949,-1168.033309389122,-113.73726167801361,-624.7454665854824,-735.5386424651201,-1145.439923648407,-2714.711541600142,-0.0,-1838.6583309352088,-159.00586043590295,-0.0,-2350.2686163559433,-3086.2756607130327,-2345.184952298625,-275.81675486099056,-0.0,-1571.452312543916,-208.8865049424984,-1287.08813584881,-733.8285685837841,344.3550936130649,-1918.9944062526556,255.85672192180522,2252.9646125258905,-0.0,-231.12801413293187,-499.4074932397945,-924.695325176703,-1298.830256736665,-1808.0231336832642,-4581.581793873788,-0.0,-428.2539529558332,-1400.653332342078,-731.4623322754809,-259.4005762556024,-29.450773559513497,-344.16424515544264,-0.0,-0.0,-0.0,-0.0,-264.4204537467421,-1298.4671838183697,-936.8524014742782,-55.89402093289753,-18.02748921915647,95.18247389667397,-0.0,-0.0,-1171.0861723266457,-545.3843037063407,-0.0,-2373.4769700462753,-30.587866382686563,-1369.2459377954149,-0.0,-238.56893608613376,-196.53946467351426,-0.0,-0.0,-532.9608078042669,-0.0,-0.0,-5489.345773420066,-210.26410725791484,-2272.198199338003,-9.445085099450148,-0.0,-141.65340256883212,-1337.7916795764716,-689.4047493380343,-325.0635927030724,-1508.5375755474488,-0.0,-392.05705441885226,39.76953821843771,-603.6571337276849,-0.0,-0.0,-42.322739359269235,-71.02989828550245,12.732303687039654,-421.64563505507635,-1474.1578093410487,-1704.5060102710663,-0.0,-0.0,-0.0,-8.243469630349704,-326.92618054608226,-0.0,-1498.7416088223526,-2745.3962942165467,-0.0,-0.0,-24.852055323491022,-1622.8041629991321,128.21395714545767,-0.0,-0.0,-0.0,-0.0,-581.6487125496442,-2400.740669802056,-643.2965408572182,-1297.9552603954353,-0.0,-0.0,-703.8770685966549,-524.590060251981,-407.8048150248488,40.35246181079212,-0.0,-0.0,-0.0,-861.3303732675685,-754.9825846153751,-527.6748816402957,-375.3423270197215,-0.0,-0.0,-0.0,-0.0,-2280.464489901489,-85.13478894649099,-80.07734981739668,-0.0,-0.0,-716.9404903837628,-459.54509556474665,-0.0,-2036.2112496690315,-5396.44561788397,170.38411548306323,-1127.6988171830458,-0.0,-0.0,82.43100391709302,-678.6929617244182,-1820.7912934057324,-524.6775523000118,-2629.8889281829343,-1195.022691085359,-863.2257133982059,-1564.9711301568025,-0.0,-0.0,-0.0,-40.82125173283065,-1178.9142804404328,-0.0,-0.0,-3547.5688447714115,-86.55041245995668,-1495.641721475879,-793.5715168581885,-0.0,-0.0,-0.0,-0.0,-0.0,-0.0,-761.0148366296721,-0.0,-1710.2586104901454,-0.0,236.68126663518282,-1185.2728478578995,-0.0,-0.0,-0.0,-2736.4831161267907,-0.0,-0.0,-423.6745008150393,-0.0,-0.0,-1033.226272021689,-665.905792743274,-0.0,-0.0,-214.7349935770785,-2110.524220032114,-0.0,-1367.4761742953226,-495.3324114013125,1270.1323820542402,-243.9173781419815,-0.0,-525.8003874654479,-195.74619904816944,-0.0,-20.479585350323166,-0.0,-334.5420381253411,-0.0,-0.0,-0.0,-0.0,496.694309936011,472.36831660723584,-909.5950179942831,-1896.851499762694,-0.0,85.4043076325749,74.50330995833258,-82.90804491454118,-887.4893650421335,37.48030018053945,-517.8718676927642,-401.2668779926242,-254.65084252697037,-3655.3800761897983,-0.0,-253.20439503268958,-1633.7305811683518,-2446.0386007573447,-0.0,-1092.3026214234833,-1518.5956017943072,-2181.3960192397863,-795.3071995889118,-0.0,-943.3442642696997,-779.0701262869111,-842.8740926724965,-1568.6219432249186,-1045.7855353930497,-0.0,-136.29291232341276,-1324.4809421911932,-0.0,765.8565365648901,-555.0484407957267,1122.6917579084254,-0.0,-0.0,-17.78353816586187,-636.7593621280921,-2569.5641563320014,-1074.0877087987574,-0.0,-887.1484995689824,-3207.938862494201,-1027.7608936528231,-925.0123838726315,-1218.4646030650056,-510.311365307521,-37.65141442469596,-0.0,-0.0,-0.0,-1156.5688642991422,-4.551582135079832,-0.0,-0.0,-2036.5557298232436,-872.5525571030777,-561.4599238887736,-1748.743966110921,-169.40336611092798,-34.880027127301055,-2436.705372006166,-829.8760463552899,-574.0304987831531,-1372.8619845616752,-0.0,-2708.4712367219536,-420.78410648656495,-1193.448927206563,-1584.7637836273327,-378.4787213373164,-554.2702909649446,-1561.4160211396697,-443.19412122288276,-0.0,-0.0,-0.0,-1425.8264332714314,-0.0,-4082.5834096200115,-1219.187300825321,-1477.033302261725,-0.0,-0.0,-0.0,-0.0,-0.0,-135.89871881099606,-0.0,-277.06776383260905,-1008.126620689977,-380.7302921762065,-0.0,-0.0,7.873876771424423,-0.0,-0.0,29.757323930844446,-273.1015291079712,-0.0,-525.0487934291906,-0.0,-0.0,-84.45444603691516,-0.0,-3076.3585551510732,-2387.3369770065297,23.458979235013704,-6897.572097676019,-1039.0174512276462,-676.2690713478536,-0.0,-849.3039412819143,-1372.7108048780997,-0.0,-0.0,-0.0,22.380090601550815,-0.0,-1181.555985334907,-0.0,-1665.2048814240397,-0.0,-0.0,-2422.657144666998,-1134.4242011955268,-914.8140835068801,-0.0,-0.0,-0.0,-0.0,-296.071401759732,-713.5610442155214,1444.912974003658,925.6639953187189,-866.6250615259523,24.225467084992587,-0.0,-356.9941115894933,-275.51728086571256,-2047.8083767236335,-437.486452478376,-129.68736659355707,-1131.167401514009,-1395.560396101369,-1063.305135836238,-639.2542490429529,-0.0,-0.0,-0.0,-4.632415281178972,-0.0,-1603.5933971384295,-627.1411630258108,-0.0,-2069.7640018736047,-1302.5539699058927,-0.0,-0.0,-0.0,-0.0,-0.0,-1025.0191247502669,-0.0,-327.21610888589385,-1569.2365366618828,-0.0,-1248.53977137887,-0.0,-0.0,-0.0,-2517.989440315174,-1169.1024310257822,-1016.4134250671414,-2604.030373222558,-0.0,-0.0,-0.0,-98.90407435072103,-507.1302780741936,-29.07295514388861,-637.9900251512317,-147.6835172337456,-0.0,-0.0,-351.29667409902925,-1488.082016522787,-4174.21254550979,-0.0,-517.5018281950915,-1405.2755549078254,-469.5966740120949,-493.1387281385018,-0.0,-0.0,-3.90918088422173,-2226.4970362290624,-2136.4723393281265,-40.685219393712266,-1681.3789530912416,-426.61579775704246,-871.805591037006,9.47430599421382,-1113.4979592448692,-0.0,-2223.649484146437,-0.0,-485.0843487214247,-0.0,93.06200294932425,-0.0,-0.0,-625.1796641269611,-779.4563587105882,13.961669178902962,-0.0,607.2070327140638,-0.0,-0.0,-1540.5074718370686,-1363.3290932951174,-1178.3650216815681,-0.0,-404.7397886877128,-674.7725344896822,-1538.9825373747753,-0.0,-0.0,120.97458773966922,-697.5951364025378,-0.0,-0.0,-18.352770496058557,-0.0,-4.479453253254093,-644.0036365411645,-0.0,-0.0,-1400.771065670624,-1434.8983227980339,-86.46278651950155,-7.877988900522222,-132.65463045959262,-830.4922727947182,-1161.4410691691116,-1771.5077584796697,-0.0,-975.49570245709,-16.386072880224486,-44.37734298245537,-1398.9223535834426,-0.0,-0.0,-0.0,-0.0,-673.1007223374182,-4.663092668896959,-9.341920558876334,-0.0,-0.0,-523.448013055124,-0.0,-0.0,923.0062477699018,-1203.9050547530728,-43.353385880419054,-2033.08457401929,-0.0,-0.0,-546.0239914420813,-0.0,-319.86992439811445,-1061.660186636811,-890.5260811622212,-1070.18389118048,-0.0,-0.0,345.6148413677204,-0.0,934.9461824860001,1010.4342431264832,-215.1034101511699,-875.2886430280206,-0.0,-0.0,-39.851460797722815,223.1097543973657,-1011.4460993341603,-461.16878768809596,-1344.3992775497325,-2673.8411932575245,-2248.9522142491323,28.224119364227942,-0.0,-329.50849224118036,-5748.108704753456,-613.7010992516001,-516.7740738766048,-0.0,-0.0,-650.40255065172,-0.0,-818.2153590201686,-1514.592730138984,-784.1475883073912,-0.0,-0.0,-67.7785465498141,-0.0,-211.7185653925345,-1458.5496333186395,40.76596293489148,-643.6181030998628,-355.0656563100111,-247.48312165953243,-802.3889896406016,-2587.0919938696557,-20.114263239225703,-1226.1718425890178,96.4780667461449,-1048.0491016178687,-322.9052679958113,-0.0,-0.0,-146.05679022821633,-0.0,-0.0,-1971.710466113177,-618.8126276246204,-0.0,-818.2988951814823,-519.9566183253095,-0.0,-0.0,-1524.270374300286,-1004.1971428750226,-1542.8843629538549,-1448.3998109332224,-0.0,-153.67215816477798,-3303.9972739209697,-919.7156434498867,-425.9715100200398,1950.6570779855588,-1552.5180671606367,-1240.7075226178908,-12.619531392748298,-964.8447472412709,-17.66732007375815,-1709.139259645521,-0.0,-3602.284146323514,-625.5258051192452,-0.0,-1555.863943390552,-1733.5221209172107,-0.0,-194.72140963471162,-920.667201830283,-1124.2124865710416,-1453.2322818860976,-755.6861351017938,-512.6328323927219,-635.3798151048255,-0.0,-290.10110516094903,-0.0,-2522.0185816550675,32.50273329995819,-3424.6296839813544,-821.420138839554,-0.0,-0.0,-1267.7010190239246,-912.3869108822665,-0.0,-479.53423845587105,-0.0,-0.0,-817.8849644058959,-0.0,-0.0,-0.0,-0.0,-0.0,-0.0,-0.0,-774.5779659294465,-508.3424532403137,-3030.748786785942,-2631.967158173322,-0.0,-0.0,-1263.7105886323984,-2028.208641254604,-489.87767210524134,-211.0360210375328,43.230866679522265,-0.0,-1618.7978186806406,-0.0,-2768.887954564555,-0.0,-0.0,-0.0,-0.0,-1665.8694622269418,-218.9918881612661,-363.99300146003833,-1232.8874788107162,-1241.033671779154,-708.4322245830994,18.96982452467916,-1207.259736133933,-0.0,-0.0,-0.0,-0.0,-622.9866326879454,-502.26274761333616,-1402.6818078268236,-0.0,-1123.4222188134377,-6607.5812434176,-630.909681041016,-743.5080563936216,-3252.0317027347996,-746.3509486541888,-0.0,-472.31157220249116,-444.26424899171906,-1188.3901604938342,-621.6188405453031,-1579.2095925297601,-1478.5227733806325,-0.0,-0.0,-0.0,-0.0,-1613.3709641498276,8533.219604267917,7375.78323402788,-0.0,-0.0,-0.0,-0.0,-2120.546219100027,-966.2832683146387,-94.20928349864938,-1447.248217146371,-855.5148027206703,-0.0,-0.0,-0.0,-0.0,-663.7677676425716,-0.0,-1903.141653102287,-234.5726550381381,-0.0,-0.0,-0.0,-0.0,-215.821809724108,-451.2266867822333,-481.03086283942406,-869.7922431452824,-948.4375725660711,-1249.9724643685456,-936.3608201688191,-360.2573365319722,-1196.7609021623794,-1554.6944428454638,-1223.658389905211,-1819.9661778914526,-205.15315668044477,-1331.751838873853,-1152.0235249039072,-944.7203575141239,-1699.7076903131142,-583.9955347211605,-2264.733478214437,-1669.3736329676021,-1496.2596557278293,-635.9006508886073,-672.5114950737759,-1137.411121670931,-0.0,-1098.3974564745392,-0.0,-3045.715027735869,-701.7230752370695,-249.64606837663698,-1821.2548362433201,-1482.4021702204582,-1235.4581142397828,-0.0,-0.0,-0.0,-0.0,-824.979024597128,-3857.169375210079,-1427.9182027679271,-0.0,-0.0,-1126.4885642208808,-0.0,-0.0,-1054.2695516575477,-405.5910266823462,-1101.4088965657577,-846.4835332922991,-969.7829454403559,-706.2983142636901,-1999.5770780339094,-0.0,1280.7869505766607,-0.0,-0.0,-1058.8554524123495,-5854.473702015005,-0.0,1752.9963623744281,331.2222366315462,-945.0905399441152,-0.0,-0.0,-1561.7456954464772,-1073.072407763806,-2364.830080664907,-2080.9457094122818,-398.9215247353941,-0.0,-484.5002017954969,-191.5112626023361,-0.0,-948.206521637267,-0.0,-1701.2729478719373,-2403.2103201834966,61.21370742448912,-2328.806840165204,-2047.1802158078988,-0.0,-504.7827767228764,-1617.872019611374,-2255.9677631705617,194.69840070396796,-431.0050545674105,-2592.798406869225,-943.2964130095362,-819.3594201744841,-922.4493628066718,-450.63529422136236,-1055.398430383326,-1543.8273424195108,-0.0,-977.5239995807023,119.17633729106605,-1412.8281282409262,-0.0,-496.45473584910235,175.43031564356968,-901.5289228463198,-802.292556722752,-0.0,-568.7874499173081,-366.5001479321073,-1866.8671681242997,-1131.808916859911,-1483.8785008866587,-891.8378165165636,-849.9270549402484,-1042.948932641905,-2035.6418961828772,-71.92215103189027,-0.0,-555.1368766224867,-664.0988242636141,-1483.0257427354786,-2146.5685974192943,-335.09620595414833,-794.9344698914286,60.27791203519431,-925.2108947258672,-549.9845406151803,-1000.3246715234783,-0.0,-986.6432052228596,8.183992109819702,-2265.641913728095,-0.0,-293.65060257044723,-539.8803490963069,-802.8726239729606,-2320.058228047151,-161.1081685618442,-1477.5101431776814,-743.3679662970965,-2634.6036979034106,-0.0,358.30009930186077,-0.0,-0.0,-228.17392573577078,-0.0,-0.0,-3712.7045539826327,63.33735552144361,-46.1468455178441,133.6648874353264,-1112.875849427014,-0.0,-0.0,-0.0,-0.0,-0.0,-28.70453850570783,-0.0,-809.0847729742985,-0.0,-374.16459541804176,-1822.1933550605002,556.5239333063817,-3343.0605041284043,-0.0,-0.0,-0.0,-0.0,-0.0,-0.0,-0.0,-0.0,-0.0,-2451.899695974256,-0.0,-2682.831196124642,-3315.9119208456177,-0.0,-0.0,-0.0,-0.0,-0.0,-769.2024674084129,-1002.4320376633506,-0.0,182.36984584151867,-658.9768640373843,-2293.9890176744157,-612.9151475697587,-0.0,-619.9339233999085,-850.4278794339084,-0.0,-0.0,-604.25087077486,-922.5529316937407,680.574271649598,-473.59447647003634,4.480060591810008,4.498712500053045,-0.0,-0.0,-0.0,1481.221207962085,1749.6137160665148,1458.710033435462,-0.0,-0.0,-0.0,-692.8724902760495,-0.0,-0.0,-1010.4081392361015,-91.5816090780502,-481.0425772630568,-60.48754423112917,-1006.7837852491675,-927.9220199212051,-1300.4991015430023,-598.7513021813875,-153.63025391074405,-1117.1625284268807,-0.0,-2070.338134667909,-79.97875672956054,-602.7544004491991,-898.1093180694108,-78.66764913655656,-0.0,-1167.487691180491,75.67180417511688,-0.0,-0.0,-0.0,-0.0,-0.0,-1480.8889320565597,-2956.060869711328,-0.0,-811.7965991157247,-8.4278834878398,-0.0,-0.0,-0.0,-553.3619705675236,7.92466184761183,-0.0,-1162.4551866289034,-802.3993101329514,-0.0,-0.0,-555.5730055077205,-0.0,-0.0,-1724.2309232691662,-1437.162581963981,-0.0,-815.6172327537633,-2243.6227801059013,-101.69203909296353,-0.0,-0.0,-193.54032311994416,-806.9296670390005,-300.86331958926553,-319.6035211759995,-224.15793847944303,-0.0,-0.0,-0.0,-1191.323474236603,-906.1181956351643,-2126.8627097176955,-126.93382028271466,-1292.3962081542854,-43.64288648733291,-393.567658434353,-519.1918857570234,-2072.1942783231284,-0.0,-0.0,-859.1450859585816,-1863.6598379371558,-0.0,-0.0,-0.0,-580.7722110138482,-2428.0279868648267,-3503.382474964235,-0.0,-261.6407905885143,-95.99881212669182,-677.0752019782693,-587.6322428024702,-1679.037018486677,-0.0,-1461.2972055814782,39.012888604830145,-7.977451193504413,472.73768305088225,-0.0,90.39304331006784,-331.04316018763353,-423.4445020301074,-55.80399740176383,-0.0,-0.0,-423.656407787904,13.884193452954795,-0.0,-1605.4936033638048,-994.7651262768114,-978.9434709382775,-765.1580140174453,-1170.9296537261062,-1564.6759817495881,-0.0,-0.0,-0.0,-0.0,-0.0,-380.05930202668026,-544.8531916765309,-1199.0568746914753,-1448.4205614912653,822.5816869540829,-1513.9802072568418,1482.1705556444406,-0.0,-2317.3343789478968,-1545.8428714973945,-714.8655453005883,-20.17406854078853,-195.50280800659368,-2114.543983991058,-395.80923931809156,-0.0,139.90401093554274,-797.9871166757754,-0.0,-0.0,-547.5245723092798,-377.61421398503757,-405.2478100722516,-1218.469280642645,-1454.3056786142527,-0.0,-1679.1043688922787,-1353.928162299658,-5160.691251090718,765.6400038721895,673.6174261201386,765.7387567452021,678.2246357902501,-0.0,-0.0,-0.0,-0.0,-0.0,-0.0,-0.0,-0.0,-512.5577473989307,-0.0,-48.10718642553679,-0.0,85.630854242767,-1115.8910950391246,-1310.5429493379686,-1964.7234339851777,-0.0,-0.0,-0.0,74.55051568689323,-3245.5623619343264,-772.7207233592532,-2891.658996272931,-1679.7631450013332,-0.0,-0.0,-332.25552688712554,-1369.7514867324046,-0.0,-2140.5275435820367,-580.4709704642199,-0.0,-0.0,-0.0,-2708.7701524893464,-0.0,-0.0,-0.0,-0.0,311.0780897904939,-0.0,-0.0,-0.0,-1064.3564946003462,-0.0,-0.0,-0.0,-0.0,-0.0,-0.0,-0.0,-329.1943237435341,-1097.5115632541156,-1530.2023259194684,-1439.6020932119338,-629.9766548053312,-1026.2415862392359,-58.405991207993566,-0.0,-764.4297136200843,-49.82330725309039,-0.0,-0.0,-0.0,-0.0,-714.6613101798081,-0.0,-609.1092300102719,-1315.6012844980085,778.9187097347183,775.0642286409455,845.8380969017386,802.3297265510896,776.2147706508579,-0.0,-0.0,-0.0,-0.0,-0.0,-0.0,-393.40413224097216,-0.0,2025.2925229882676,1031.6249822240222,1135.0157178212362,-0.0,-0.0,-1351.1465255797227,82.68958946223599,-52.33084274341286,-2504.7969724341333,-0.0,-1934.2215880544425,-0.0,-13.432232881996573,-0.0,-0.0,-663.0461329940346,-0.0,-746.6735051242775,-548.3983417268776,-378.5502405123004,-0.0,-29.02419132759019,-0.0,-910.1487087362402,-0.0,-2226.6300415621918,-511.2046773646005,1872.8860104541307,-1987.7324811850408,-896.8934074867393,-86.75347872877451,-848.859084302882,-0.0,-521.7311123236611,-43.80459661112462,-2769.618221835412,350.19240140421124,-235.17397465570713,593.9369574493678,1197.2782097554302,-0.0,-321.08835673174895,32.353013489893186,-1065.522753059482,-1211.257427795757,-1498.4446564986447,-2032.9239912141995,-0.0,865.2517056924586,-0.0,-397.9030485186326,-2646.157936454501,-1281.3438257865328,-0.0,-1287.8279144129363,-319.68059735662564,-679.6750044489052,-701.1430252460814,-275.2532794166529,-1646.7330818522662,-0.0,-1856.5717780689263,-418.4434509040318,-1619.6960401137983,-362.4547764503177,-0.0,-0.0,-0.0,-0.0,-1438.0351298582027,1070.45935957477,-1004.799762200901,-724.90888206085,-0.0,-52.41358741452031,-0.0,-0.0,-922.897428679143,-780.9582064616097,-688.9489053601255,-732.4213288687313,-0.0,-0.0,-0.0,-0.0,204.7900411162443,-0.0,-625.1499604382938,-2004.4535225238653,-1058.1173503225127,13.479403992671001,-1489.9429859977272,-0.0,-0.0,-0.0,-652.9798904769109,-846.5375783915824,-0.0,-1609.2703411538432,-0.0,-3058.957769697406,-3793.844263189706,-0.0,-94.78990586104297,-0.0,-724.0686860427334,-0.0,-0.0,-0.0,-2410.3176763125016,-1152.4715031040348,-538.4114047011415,-863.7841354552717,-0.0,-0.0,-2269.790644914967,-0.0,-562.4152129848759,1106.77437590972,-1051.7685083593633,-703.7417968933942,-511.76442389170865,164.46100833576313,-0.0,-0.0,-1414.3606980692666,-0.0,-583.5402728774018,-94.459234091141,-424.52108936961247,-322.6352870884646,-0.0,-0.0,-205.5655187806947,-705.2624439952474,-1040.7463663042968,-562.8703343354147,-1248.709900840378,-85.32669252212953,-0.0,-135.1847876853834,-2024.7210877110165,-1170.0913314396073,-0.0,-0.0,-0.0,-586.3347547788984,-629.8167536458344,-1518.8508303799779,-0.0,-0.0,-0.0,-0.0,-0.0,-1546.2044237696596,-684.0710578890781,-0.0,-591.7927710035037,-0.0,-17567.893180642062,-783.9260642902462,-275.5269913612116,-461.47857951959355,-0.0,107.90196162411783,-1822.2380621045618,-2693.0026760080123,-0.0,-0.0,-0.0,-761.421778695182,-564.9263978059685,-1012.506534681356,-1054.9617673495895,-543.6262707598087,-0.0,-0.0,-1723.2114908149122,-630.1619843761861,-2544.7902767961077,556.9878052179213,-2107.262753604971,-0.0,-0.0,1710.1122360295167,-1058.1918764195518,-0.0,-196.3159361590265,-351.3344153990423,-640.9415261959084,13.617607801976336,-867.6436023196396,-0.0,-0.0,-1306.965249780365,-1405.729799554704,-2636.1121191079355,-0.0,-0.0,-2334.916611316333,-754.8152180878001,-789.9053718674414,-2424.5136033095873,-1565.4767490093475,-0.0,-0.0,-1119.2342058100382,-0.0,-275.39300267424454,-1645.421508542598,-1568.3825330470665,-0.0,224.29314356682673,-791.3350569925024,506.5350396293613,-191.85747417462244,-368.7371295759036,-0.0,-663.8767505769268,115.55347947436516,-201.86938755650672,-381.4046882255347,-2718.310579330251,-2221.8805767408558,-91.97958199396203,-5071.876303125519,-543.9915918625328,-1100.385404582053,-50.27132770146154,-3936.6423010197873,-336.03535103327334,-801.0613807889353,-305.37194601301377,-1846.3436068897445,-1319.5115622149215,-3299.4019327869614,-4517.45297197648,-42.87835650990405,-646.7407289688434,-1623.2315543748475,-1088.8446247806335,-0.0,-4093.639073098872,-0.0,-510.1137888504202,-1527.2786426952728,-1308.8976272335572,-0.0,-0.0,-935.1557404064391,-284.30423633140543,-0.0,-1484.5880603584949,-0.0,-782.1546004357002,572.9012618278884,-1505.6984971654845,-481.91113823698396,-8.058534614886641,-61.33578090310137,-0.0,-1914.8392669659627,-571.36737146306,-0.0,130.00929768205657,-0.0,108.94319778547329,-137.20234571196355,-0.0,-463.12886274568126,-1309.0775943928431,-454.8798715378236,-833.1077228769714,-2289.187898842442,-0.0,-3887.2950953392574,-1963.5539718746295,-2579.9203189936193,-2367.2290770194622,-73.8120049125137,-168.64122826657467,-620.1396830181341,-1255.3729921496486,-0.0,-0.0,-1060.1027383766245,-163.18540479073195,-0.0,-69.90939548947007,125.66417639143093,-2355.921454169839,-0.0,-0.0,-1188.5904160103446,-0.0,-170.87591046855047,-0.0,-60.35929936567704,-205.1573299682531,-0.0,-343.91478237573864,5626.555348660707,-0.0,-0.0,-1560.3206620997641,-685.5055182928259,-258.34371215397925,-0.0,-0.0,-0.0,-568.0571247253827,-2040.3363345861098,-0.0,-0.0,-0.0,-1939.8285595887876,-193.2987463620359,-0.0,-0.0,-1722.2004482668979,-718.6437500597228,-360.7590352239668,-375.9177189994038,37.57083527556495,-597.5351185481022,-373.93088039059927,-276.9471067699806,-2129.989670139686,-0.0,-0.0,-1000.9472157254114,-864.7393323022,-2597.928846574508,-0.0,-0.0,-2305.921618362056,-544.9098985134211,-1453.3367475351743,-507.5467112194248,-699.8215420628181,-2272.483727967536,-714.6912358077115,-84.68796713551711,-879.3294659775491,-2322.969365871604,-1824.5514575728437,-1219.6519055329002,-0.0,-519.4970849950696,-0.0,-1699.762505209302,-398.1173616311882,-208.22346818406118,-597.0384002544512,-897.8349346964164,39.377412748958626,-0.0,-1068.3375219269922,-623.7367204770356,-86.06940877586703,1488.1074055331408,-67.44176003788262,-0.0,-604.9349009349345,-409.33736112932985,-0.0,-692.2728179374841,-1510.958704936527,-0.0,-0.0,-0.0,-0.0,-352.2069658964593,-726.6273985102288,-364.2209188811802,-396.9073157306083,-345.34218083318126,-1866.4064851425783,-741.1175983736144,-1247.0658444302246,-2374.217719717723,-1713.5150029244166,-0.0,1046.1662951696485,877.8784169197894,565.4322370080416,811.9065927143007,658.5258391951127,-0.0,-0.0,-0.0,-0.0,-0.0,-0.0,-0.0,-0.0,-72.14242822614182,-805.7827449118013,-513.3292521280682,-336.2055604901923,-1035.6793871019388,-121.29082808238218,-350.90765917274507,-1126.584939823867,-288.9645824784812,-1750.493504882925,-808.6399675341117,-111.095543914652,-458.6298694859132,-8.810781888360104,-0.0,-863.6413655735338,-168.0355529652432,-128.20392950855876,-848.829407396976,-447.1261451652644,-1646.8727946982744,-266.47977316412624,-0.0,-0.0,-2242.5330347218373,-433.97307064322354,-280.7967591789412,-508.931960977818,-885.3984583050179,-467.0322546484858,-362.77428867209295,-0.0,-483.09928308561905,-544.186516271992,-632.3218280321679,414.52671644489664,-1367.703647428876,-1886.8358566221118,-502.2061260696974,-653.7646903809856,-288.40285131234725,-13.339523352819697,-0.0,531.2819182936774,-940.9018532137777,-50.02585395596453,-1750.7837958314262,-0.0,-0.0,-1294.351565923357,-481.4234083402836,-0.0,-723.1910494462176,-709.158500869255,-852.1774765110933,-0.0,-816.3013597186573,-579.559002694187,-2130.371820505023,-4256.074495151671,-407.83429603295497,-0.0,-45.963762061680136,-408.4967842810497,-1671.7190512875713,-204.6238953586431,-615.2338295400211,-648.4758016282426,-744.4567601894331,-190.40430494511955,-0.0,-0.0,-1305.7460880594997,-35.036601184556105,-428.1328364997293,-680.0121538523108,-1450.0088667016169,-2368.325585659683,-0.0,-462.6883197804455,-0.0,-0.0,-0.0,-0.0,-0.0,-52.61560030181592,-161.70769908809004,-400.4107176108725,-0.0,-0.0,-0.0,-0.0,-0.0,-0.0,-973.4161157209589,-2108.727533880392,-439.29987046705713,-484.37882415322105,-44.66983094757736,-0.0,-0.0,-469.6793849318464,-0.0,-0.0,-68.59508836759673,-2412.4898716640037,-0.0,-0.0,-1343.566933682138,-609.2235233235583,-931.1776277953039,-958.0106188874109,-801.4690268203673,-0.0,-0.0,-1219.264240303285,-2039.338857506981,-1070.7905270336184,-0.0,-1056.4570953082973,-149.24718179901652,-312.1034030859874,-698.0777446040172,-7.953019223910532,-636.2138504503624,-1856.3053900140942,-0.0,-1567.3850343005931,-174.61625272720883,-599.1679411485464,-1355.462230987832,-135.85005995408258,-1105.526683576404,-0.0,-1169.5262420050265,-31.867743359690017,-2062.2071526381596,-2026.437422158733,-0.0,-0.0,-0.0,-0.0,-721.0135845239221,-896.656161625949,-0.0,18.47441228306676,-423.7972829873215,-963.2298379561644,-2135.165267348104,-2464.5571505975768,-358.30026202363933,-0.0,-960.7187699001511,-715.5991111324372,-1915.2609370445425,164.46272772793353,-0.0,-3077.779739846853,-834.7318595305782,-0.0,-189.6517475387957,-1574.1485411836754,-0.0,-0.0,-660.008441677766,-1453.2502961035289,-0.0,-1059.158663395119,-1446.4594864517064,-0.0,-78.17009102315573,-536.6866350628522,-0.0,-1553.6845341008768,-2484.9631725992117,-1023.9058760974533,-155.97188079850514,-1934.6145894862875,-78.23041920777969,-1023.3944948078324,-610.7055418688632,193.1123879492651,-1177.0663823921975,-1295.4988991209652,-759.3485982517611,-1297.0253636926882,-439.91079086710425,-548.370165593092,-655.3918869030294,-2067.7563215470495,-0.0,-0.0,-1762.4885448803357,-311.7690610804411,-0.0,-1577.0914890960494,-1159.4738930671817,-0.0,-2695.337656112174,-486.7059846937296,-0.0,-726.0237718355933,-0.0,-0.0,-1238.2624030678744,-1037.8097792253825,-0.0,-0.0,-0.0,-845.6070772499093,4.079084451128373,17.57324506501646,-313.12570538974336,-0.0,-1900.0242941254405,-1524.77461076867,-551.1107845489134,-2133.706250067478,-0.0,-79.39188503202016,-790.1611947757724,-0.0,-385.1470337513511,122.01169766192336,-1258.4535419664837,-990.8960663486332,-744.9357585317905,-1161.7348862323433,-0.0,-0.0,-0.0,-900.6953790199825,-0.0,-262.32163434705706,-922.1111336163493,-251.63724881114982,-1338.937313888562,-2245.315187948031,-572.4167969246996,-2065.3751877262284,-0.0,-826.7497191076314,-1745.6997626006669,-541.7001125460604,-1201.833483421973,-278.53989229223475,-604.374320780321,-1500.9727636483658,-0.0,-0.0,232.46647864680847,-2521.228390408085,-928.17956065736,-267.29662796331377,-0.0,-378.9170612912286,-280.7732788083172,-595.2033195292142,-0.0,-0.0,-723.2269530615254,-0.0,-59.2477712832326,139.47867870893063,-88.63841614070206,-2296.4771759300106,267.42551878528093,868.880714764901,212.2683011058081,560.2577670102611,41.28610641750349,-0.0,-256.27520406643356,-818.6779404470844,-304.51902625862925,-59.48939716987262,-0.0,-0.0,-0.0,12.766343986147659,-21.1599306214747,-950.7665324397477,502.7043778246875,2285.637626271236,-0.0,-0.0,-0.0,107.71473293123557,187.39538153383603,-0.0,-3022.7099269362634,-0.0,-0.0,-0.0,-0.0,-0.0,-2556.603286321005,-253.52235362214927,-0.0,-123.62253749282581,-1714.2652519432859,-133.93278940913066,-1067.468192270162,50.79026564059305,-1998.4174989570242,-3700.0373729092316,-1878.9582972813998,-0.0,-0.0,-1443.4822838743512,-1031.7321317215717,-774.9193596467978,-427.8875322054794,-330.5722596311394,-994.0146713009624,-942.749062798634,-5582.669903904993,-654.0745291082578,143.5811153083979,-642.3377343730281,-884.0810695300524,-675.0103024774266,-628.1619832504572,-8.054125997589756,-1911.8555371517969,-860.3886791226525,-583.398149744902,-0.0,-0.0,-0.0,-0.0,-235.0975097970714,-1241.936116565322,-0.0,-1312.2264040444124,-1586.6861526214807,-0.0,-0.0,-1401.7937024340367,-0.0,-0.0,-199.33433209752081,177.04025329334934,-0.0,-0.0,-2514.908715493802,-1186.0709810119001,-118.00770461599144,-1243.0150499504714,-1296.5870857801526,-0.0,-304.6754665091306,-494.6607436941999,-0.0,-1512.7621860028214,-280.42510509844203,-1047.486639241669,194.89541156045948,-866.9542501923443,-201.13336311917624,-350.2542341223139,-49.43541329988144,-46.22050137417053,-556.6115734754491,-788.6009818932451,-485.7536658629358,-796.0455116942751,-0.0,-104.37568975633464,-665.0472981192027,-282.016573375115,14.128319513992519,-0.0,-1005.0615832961992,36.238249236964606,-1144.730076489477,-0.0,-0.0,-0.0,-1911.3133957353132,-0.0,-0.0,-139.47338534033983,-0.0,-0.0,-0.0,-0.0,-0.0,-0.0,-950.4024628441996,-1459.588472630682,-0.0,-0.0,-0.0,-0.0,-850.9501987924972,-443.3750835974131,-0.0,-0.0,-1660.9315140663757,-0.0,-1367.7158968772776,-2249.785382698962,-0.0,-0.0,-0.0,-699.5266680291118,-0.0,-0.0,-0.0,-940.3131774691142,-821.9276020597347,-586.0365315726078,-0.0,-0.0,-185.08032424675696,-0.0,-3844.0987256845,-4973.532973898526,-0.0,149.75768460657756,-0.0,-618.8057700268062,-761.0482653533223,-1904.7703834904462,-0.0,-0.0,-74.61922434861512,-613.0015490563881,-1305.9958582052066,-707.3206365687836,-411.3585445765458,-0.0,-0.0,-1280.773053419724,-849.3989784847108,36.656730111414554,-0.0,-0.0,-669.3687798754117,-339.7923921632765,-49.03293431242913,-0.0,-0.0,-0.0,-1953.085183331516,-463.219175866114,-1239.82312567051,-4641.865365360932,-0.0,-845.9804216330799,-1018.5759531519338,-2292.648630524111,-427.0751453714381,-0.0,-0.0,269.02510592444105,-1188.5942888706961,-1709.9391363457246,-435.3248909702837,-125.9592867329497,-0.0,-1949.972110172944,-392.667705418269,-1346.8655651706588,-793.0738404156285,-2685.7865963281874,116.47814529015301,-951.7154019863692,-832.7883534598532,-1912.335550761732,-0.0,-0.0,-905.8827636204636,-1846.3371179975761,-1752.3225951071538,-926.9658718019097,-0.0,507.00401863856746,-111.51092619260695,-447.0056208740168,-0.0,-16.19235489549118,-0.0,-2667.55196188695,-36.04379295731429,-0.0,-0.0,-879.2492163261422,-1209.2260538784556,-807.641040070336,-251.76566745125058,-730.0229190094478,-0.0,208.48885359224752,-798.8898125520544,-64.14204046706914,-1554.3997126037225,-0.0,-1393.4563576367666,-167.69750317491352,-619.7399068026051,-425.8243631276539,-626.9352705360615,-47.029448677839035,-4.713017025593029,-1208.1489289812823,-1219.0864347551799,-1550.4080886526044,-211.06047647039802,-1335.6624846169461,-4.258040722639937,-0.0,-701.383480142443,-3059.332083510416,-0.0,-0.0,-28.445618344687595,-2112.7107657458873,-218.82496006653685,-631.0509729041381,-355.8872370416813,224.49334938704175,-0.0,-0.0,-1457.9338618623165,-0.0,-0.0,-2135.202002891583,-1416.6383142865432,-908.2990328117024,-977.7347021342954,-483.05243482940136,-849.4119209592437,-944.6625778278059,-1273.9721806341033,-2301.2965252191075,-0.0,-0.0,-0.0,-0.0,-43.086497309747976,-0.0,-1939.646491735199,-650.4658602059044,-753.0724290185874,-852.3095348290282,-474.5166045494059,-0.0,-1472.3690709119078,-599.1077549259982,-0.0,-2619.678122568401,-1660.073974776068,-0.0,-0.0,-2908.8261973185563,-1714.0391623612109,-455.77432456766985,-817.3393632816122,-0.0,-468.29836889049153,-12.147731442124556,-0.0,-736.1195480934252,-516.9416300424425,-614.3137038733909,-0.0,-0.0,-0.0,-0.0,-456.0261045172411,-1115.728760463835,-6173.082785630383,-0.0,-0.0,-606.7411220618368,-633.6356933457698,-1807.3458354778554,-617.83847815812,-72.10609099643261,-427.1555428316102,-0.0,-724.9575600924117,-585.817976869813,-0.0,-719.2508539193899,-1304.0393351191774,-0.0,-0.0,-0.0,-0.0,-0.0,-132.05170932908908,-2050.182618552814,-0.0,-1153.9174444888363,-948.2733165927666,-0.0,-2029.1100192387516,-785.543755549671,-1143.781995759931,-1471.4531241019752,-21.178626384585655,-122.031928090614,-1334.6821686044166,-864.9111850888643,-396.953203973478,-0.0,-1436.3446594405739,-1333.1190338708607,226.98928152973585,-0.0,-643.653470219461,-966.3454212464195,-936.2447726487785,-50.00077284500242,-0.0,-576.7709310775682,-0.0,-0.0,-2869.720112557733,-2475.9673593997954,-1982.9234326887456,-1704.743541917248,-0.0,-1099.6420662807802,-2074.8440945168427,-0.0,-6094.2787007687475,-0.0,-0.0,-0.0,-0.0,-989.1243786932016,-2371.5739908353808,-2648.2818871486857,-19.96298952729134,-2086.246786721218,-0.0,-966.5654999095793,-23.785004928705288,-0.0,-0.0,-618.4531253390513,372.71568392580457,-0.0,-467.8160524307716,-39.87254624952421,-0.0,-1429.5795075108479,-0.0,-2315.244887565736,55.99052422515519,-0.0,-0.0,-1018.6429357475703,-1575.0949212743524,-967.4838430557851,-1340.5328307940977,-1204.362527069633,1369.0289271761858,-52.44370131732669,-978.4461313209963,-83.64927101548483,-2199.821098701823,-926.5378008416236,-864.2295872568588,-511.9650599863549,-1581.8721430160222,-1939.6802620544433,-448.7744719938369,-2057.170408936522,-360.4458001366674,-0.0,-0.0,-7.868968642675084,-0.0,-0.0,-0.0,-0.0,-0.0,-0.0,-1626.3612464073758,-692.8720891061706,-1403.7333076371624,-660.0488229838011,-0.0,-624.6821482509281,-1233.0837837164784,-1095.5708388369342,-2103.249499565248,-1314.7517124426497,-68.32752916749527,-33.024886193471346,-1211.0564429829299,-1183.9121082612805,-0.0,-99.67179802161179,-0.0,-81.38328855500077,-836.8714667688159,-204.61983455315598,-550.6918719445755,-983.2446825947151,-0.0,-0.0,-0.0,-3414.0014077932124,-0.0,-98.26483043334912,-0.0,-239.9132780811045,-1010.1812899886661,-1194.552274969953,-768.6744107228801,-0.0,-41.36370043670503,-563.5432959450786,-482.60688850558483,-412.4257613586121,134.12434134438234,-1160.2200570611324,-0.0,-0.0,-3142.6393453735445,-0.0,-1140.3014732947022,-682.8824333506739,-410.36920301883436,-269.20709506149814,-1303.893329632172,-2839.796194532656,607.1583657024229,-2290.112752179789,-1708.4538304466373,-547.5705124253735,-4.521337065639584,-0.0,1382.536415306223,1289.7466826048665,1284.2727374970161,-0.0,-0.0,-0.0,-998.2142397871366,-0.0,-303.75059326820235,-185.3005846244841,-0.0,-3694.901643803271,-0.0,-1527.6618940981189,-142.13815399298798,-1030.9895530127335,-701.2524926964019,-1675.6628205502311,-1751.4064646703607,-0.0,409.40718425380675,-2471.757094988254,-1966.4594011575443,-533.2434315834639,-1680.2893501535998,-1839.0932544352424,-0.0,-0.0,-418.321805552323,-767.0484347203768,-2425.622294960829,-865.5833027474265,-146.94406522533825,-0.0,-0.0,-655.1549885025756,-0.0,-0.0,-0.0,-161.2120433620507,-1281.3484798522854,1697.4799872330925,-1332.0949569588931,599.991224481217,-852.2832692923905,-1005.7436931185805,-8.627977251041937,-4576.942105431729,-1143.2969527109406,-0.0,-78.98220445905122,-2425.709979764235,-1968.4411410914447,-0.0,4.50850263876787,-0.0,-670.7427906717099,-0.0,-2206.440637206317,-1901.376068566966,-0.0,-314.38108490593066,-0.0,-0.0,-0.0,-809.9907535709941,-1111.8629607939686,-418.45036344159223,-1027.8382393748152,-1847.5975223020248,-927.1762705046029,-498.71024751065033,-551.948115834673,-0.0,-1675.1635368421883,-251.33359145199685,-775.0678980394317,-1131.7678714223962,-1615.7708800847172,-1537.6560063483603,-432.26116930426195,-1878.5164999993997,-0.0,-0.0,-0.0,-2481.837860767606,-0.0,-602.599378913262,-863.5501606068572,-0.0,-810.4733431860342,-655.3968499711765,-878.1562840005944,-727.5405375418328,-204.70452389665368,-1967.307800538077,-5005.910298914479,-250.3399530317832,13.360269244107508,-0.0,-122.6985939324771,-7674.486264322055,-1877.6296029003418,-681.2312199840264,-2449.6085107565505,-274.6979497322241,-0.0,-8.663702115438397,-696.917496351343,-97.33239348666966,-1000.2414727844404,-1069.6437547243877,-174.0018749236694,23.44874668938604,-922.9347169985208,-2437.1886056614526,-2135.597703964313,-1954.6254639447047,-0.0,-1587.298855565051,-0.0,-120.79785469155452,-1151.313217621312,559.1271646869283,-0.0,-0.0,-344.13582665010534,-867.3764213965037,-838.4912646585022,-1345.5327545848004,333.01937542833883,-1612.6449653070213,-77.61643550540111,-352.7898862468265,-1621.3991401920177,-1885.2500921808887,-398.00418139013505,-0.0,-0.0,-0.0,-0.0,-0.0,-1887.953913786954,-0.0,-726.7346702715846,-937.4604261200932,-2744.8316338821196,-0.0,-0.0,-84.22859466749581,1187.0054814612777,-616.8506048858939,-1359.1487440360972,-0.0,-1476.5340369353137,-4721.509817554408,-768.4460395803682,-5857.0818219204175,-1170.484265563976,-0.0,-815.795954983286,-2774.74530928135,-157.2365301972366,-0.0,1218.8281288824514,1398.5317282800174,1337.152902094471,-0.0,-0.0,-0.0,-0.0,-91.14326177607673,-2528.5333566355084,-4.6855790992838795,-0.0,-1966.3870284554087,-1220.2821854179947,-382.7378345812072,-4.686567419519457,-0.0,-129.16651757648623,-723.6921046754013,-0.0,-0.0,-39.74262419592492,207.85463523550598,-2140.1511488642323,-0.0,-1037.2390963777061,-78.85944369404866,-92.12179270941458,-0.0,287.7678319004897,-100.91388481010576,-511.9329284657921,-2092.233097238013,-0.0,-88.398244523452,-1353.6073092578442,-1159.5709831275021,-0.0,410.98609883489416,-0.0,-1036.8378167385972,-1122.78141078536,-7.94792709154865,-0.0,-0.0,27.46954998316274,-272.8830355066178,-187.58261694951958,-84.0003067354747,67.99883888489066,68.02386254301125,-773.7781632352247,-787.9619194964845,-1177.240629629945,-0.0,-2030.2814156082359,-938.8853165086721,-0.0,-0.0,-1104.9926799117147,-2259.0940804601214,-592.619389018107,-0.0,-2926.708577181916,-122.54120138530408,-76.2753833887063,-1270.4804975916763,-0.0,-371.39023226734713,-1359.3107634587193,-3.9805630172249096,-0.0,-5075.554923266142,-184.3368965593954,-1498.832608598015,-1104.0822529429042,-1166.3904114074342,-2215.404057763284,-99.10818302523859,-859.4722714698729,-2118.6554154567916,-1286.7722229610106,-1137.3276431062811,-259.90738238468873,-1914.785706412208,-0.0,-3166.807973651801,-0.0,-5647.317397524088,-280.8241702975898,-282.2289341391086,-1436.8633236568592,-0.0,-0.0,-0.0,916.4705555433817,27.74564674149954,-998.3856669064106,-1487.9358409309696,-398.462910463232,-1069.0061806435854,-0.0,-0.0,-1460.3402379201007,-337.8513403215346,-463.1654751480864,-208.67191909321127,-0.0,-1595.9085621944325,-402.31489395225515,-1787.4621117117688,-0.0,-37.652393794965306,-0.0,-1902.1516978169684,-857.9418444993352,-1919.2865369306962,-0.0,-0.0,-1677.3878292997424,-550.9400191348301,-727.7454519630338,-1526.4765327766609,-342.96436273515457,-1276.274700100372,-0.0,5.649601451805744,-1087.917705508281,-4024.7838234289047,329.5238547650149,-1420.4617719396485,-6741.812882633902,-663.3589348113585,-700.664134247024,-220.89368333580563,-124.03194389986369,-973.1740390953715,366.3135523461253,-105.7560010077692,394.32431662746774,-1234.4853449678503,-529.9359458832738,-0.0,-1367.1653395604226,-1839.1510685007545,-599.037097642601,-450.9896461432116,-0.0,-0.0,-36.27228820580542,-1133.0955154637943,81.38811055135047,-2164.7492223017352,-0.0,-0.0,-445.6570691306585,-662.3830645936258,-1136.0445776027852,35.74955663729155,-2875.4685092984896,-1492.4906394891464,-1409.8881334381026,-159.53948765830853,-0.0,-428.40895441316985,-0.0,-651.3273512222205,-13.9538868587125,-1618.8451351699596,-503.49897082162,-1586.2128327892358,-382.01652281005977,-303.97861331837566,-0.0,-1285.9424901549073,-704.376316471462,-1279.330280903274,-0.0,-3359.3917917293293,-1293.2042820581798,-1528.542001915874,-1000.8933882375927,-1025.975659613984,-63.80092661963581,-2335.7496474800146,-811.6184288378373,-1320.5754738092733,-1897.071685411079,-204.88930128308115,337.24019069996496,-1036.2029761965614,-0.0,-0.0,-17.876241618647974,-57.49242632971954,-16.097355156903447,-285.1045255596208,-0.0,-0.0,-0.0,-0.0,-0.0,-0.0,-0.0,-0.0,-0.0,-0.0,-1433.816232167323,-2438.5202546911473,-1974.2889279663266,-0.0,-0.0,1342.1348184185006,-429.6980430107162,-0.0,-451.88492652589287,-401.1266700976945,-967.0714336627971,-871.6763747597976,-1114.4655428555757,-4.045222026114271,-735.7017904150864,-440.4319078244963,224.67931458985794,-0.0,1013.7847814171251,-0.0,257.00863251941047,-0.0,-345.78952865553356,-0.0,-474.7508057620778,-1105.6521491277986,-1885.400941491361,205.5545885606666,-0.0,-0.0,-0.0,-0.0,-0.0,-480.81240935494026,9.11188538972599,22.42791851514425,-0.0,-0.0,-561.3920241291959,-0.0,-59.28537103597203,-710.0080895293753,-4173.2433444100125,-0.0,-1339.486898982176,-0.0,-647.366608777793,-0.0,-0.0,40.54551855028328,-0.0,-276.9856382674173,-0.0,-0.0,-0.0,-986.3286000794249,-1678.878491144945,-0.0,150.8258608621721,-2244.8501178876545,-0.0,-95.52465574698834,-350.64189011593146,-0.0,-0.0,-1825.883277341068,-0.0,-818.6635817944415,-1364.9748108132565,-165.29226158502343,-2798.7401893585843,-1799.9834979748018,283.94681403415177,-732.7275656662513,-0.0,-1245.6350611212417,-0.0,-0.0,-0.0,-3916.1934334369994,-907.261965420593,-1455.0360977658904,-0.0,-408.7006052137762,-18.68781681125139,-1156.6189462898826,-2207.865848643905,132.44369177698843,-2634.905484033878,-0.0,-1763.730195218607,-2525.9366878968663,-0.0,-0.0,-0.0,-0.0,-2224.711390302944,-402.35279036132886,-1334.3730454949723,-0.0,617.8973295566377,1392.2372311831168,-0.0,-0.0,-885.635802449853,-885.0166625983281,-347.3983832738395,63.442729259073225,79.0810654420214,-0.0,-1474.4697845943324,-0.0,-280.7242316961102,-1197.1315639925826,1694.2615399747144,-0.0,-0.0,-0.0,862.3732301915934,78.19951929333244,-900.512307553643,-0.0,-1360.7201852247008,-0.0,-996.0241928780324,-698.4744379465299,-0.0,-0.0,-0.0,-0.0,-0.0,-74.76288770396825,-0.0,-0.0,-0.0,-1180.6575197310244,-298.00469429620614,-0.0,-0.0,-0.0,-117.6653676046263,-85.67089136508443,-591.2174863022775,-672.0503457576991,-2941.9532507055774,-844.5974269863975,-470.5296300865096,-0.0,-2575.400296276447,-46.908146258676425,-0.0,-1076.0977740197077,-2530.3738510698245,-703.6630322128682,-533.6673000586078,-1142.4702137168347,-231.82774989019,-681.1294770790005,-744.7503969408023,-855.9419906223575,-205.13147360273118,-1878.3836271101914,-809.5732444094359,-383.4311741364466,-0.0,-0.0,-845.7015447619476,-3959.8169011826244,-0.0,-1024.143082227275,-433.66023667271,-0.0,-371.2031575704663,-645.2568095069539,-790.8978862589391,-4.391305634181528,-0.0,-0.0,-0.0,-0.0,479.2997243432345,-0.0,-627.3938754459663,-0.0,-0.0,-672.9813816666344,-1219.6025355808363,-2708.842880983468,-550.1514436781563,-613.7106390913998,-114.59302396716792,-2187.4055134092027,-0.0,-764.9199823817991,-394.13660981782334,-495.7400506584282,-1052.143908901765,-1033.3024537429023,-1501.457503000059,24.382183262781382,-380.250840814842,-0.0,-1110.8653905460883,-1180.5747067542816,-65.17439972002298,7.668129472787868,-2485.178638943741,-1261.2236160746436,-746.4698530045112,-0.0,-675.607758082045,-628.0591268509764,-628.6421986463971,-2315.280090904956,-8.463334914496103,-0.0,13.287292343866495,-0.0,-0.0,-243.14167002699403,-3469.425767908408,-219.48690629733838,-1562.7164918624585,-3385.637020099876,-0.0,-4939.907547256,-298.52671996835574,-2452.600419710624,306.0219156724869,-0.0,1582.7727003399573,-806.9152297792165,-0.0,-2286.279286819848,-0.0,-20.74620726086634,-0.0,-0.0,-0.0,-0.0,40.320194083985506,-0.0,-0.0,-0.0,-543.484654691496,-1504.1373243547955,-744.3349069149787,-0.0,-3672.4133629686967,-0.0,-0.0,-0.0,-236.45023582675853,-313.89114890810816,-0.0,-1866.2154303648151,-0.0,-0.0,-3679.093149089727,-0.0,-0.0,6.342399393924171,-562.5466175513036,-22.41246785346862,-0.0,-0.0,-187.30109880509502,-0.0,-0.0,-1410.8958544405616,-1244.689692211564,-1466.6690238183426,-0.0,-281.1971016339183,160.29871584394127,-423.41825594565455,-15089.112303299355,-0.0,-626.5349009615624,-1313.707250516213,-1541.022024676449,-0.0,-0.0,21.203610421221498,-361.1393968462203,-1016.0959555635478,-0.0,-0.0,-0.0,-554.5638396342234,-2751.789112322803,-1533.1273000324886,-0.0,-0.0,-0.0,-377.71775777988137,22.333830772669426,233.9861414037304,-1109.4529845878112,-0.0,-0.0,-956.2822923028675,-0.0,-0.0,-0.0,-2924.7602589442454,-1154.4856780768826,-0.0,-1124.9541173700572,-538.4265257140573,-360.2178577048654,-709.5313444083966,-1028.0374062220128,86.8399764115423,-1108.8604882469058,-1076.2298577492297,-68.51254641125486,-1289.7092065745926,-0.0,-0.0,-0.0,-0.0,-648.919653844774,-0.0,-0.0,-543.9858448749907,-1907.2849713172786,-692.0498376510702,-0.0,1495.6316314625699,1367.6578304622722,1239.0716274733566,-0.0,-0.0,-0.0,-837.4381701990262,-217.2441172763466,-793.8863651506481,-98.46221557618888,-619.3090113907258,-1686.7389955562585,-1356.1372815235343,-2214.126335286649,-0.0,-0.0,-0.0,-0.0,-1040.398428873022,-750.3477840773276,-1743.0667289686369,-463.24270265088376,-1369.2700987223752,-2044.780055004597,-1840.9425402477473,-0.0,416.5737428217395,-428.25304492322937,-443.0278009992944,-136.90949341047886,-4427.894706695913,-7.824609857449478,-0.0,-788.7874166562921,-1387.556836016758,-0.0,-48.25625684926032,163.03908032144724,-171.77060198912054,-439.7157754399217,-2108.332452903763,-413.10936455436877,-1607.0185359651452,-0.0,-1889.037771940386,-1627.858090227722,-1276.7582259770995,-0.0,-1789.9820965130607,-646.269593637161,-755.7376427272224,-936.1188492471113,153.03489369636313,-1727.2285482320603,-1383.5978525014355,-0.0,-129.52452640701978,-0.0,-0.0,-0.0,-1093.9391768011997,-707.6219130019518,-0.0,-0.0,-0.0,-3657.933474519695,-2029.6062185213761,-0.0,-0.0,-0.0,-1523.2550452010205,-869.3485440904109,-0.0,-731.6692668150096,-1456.9674397899607,-635.2993944277242,3.9435932574516666,-998.3200461916568,8.649667185263551,-1572.5010617837488,-1872.1737421979965,-0.0,-0.0,-42.41358145737529,-0.0,-0.0,-1420.9394906366558,-113.07270867752746,-402.06801794812594,-0.0,-0.0,-0.0,-1013.8842317717346,-312.7266197299264,87.58101965601439,-497.7892744325764,-236.70263671027212,-2157.719418216467,-284.73389214212756,-587.5998113392271,-1209.9460241787183,-0.0,-390.37915659776075,-0.0,-1835.3987802468916,-1600.081943659494,-1806.8663414970124,-313.9473143077359,-288.835291561293,-59.79494366526759,-869.5624850939266,221.90639016480978,-0.0,-363.20418482746476,-0.0,-0.0,-442.7726906188288,-100.35072787871668,-2515.5461325468605,-2609.4585315908357,-632.0472829401311,-0.0,-0.0,-1090.3324864423741,330.3437574975056,-0.0,-0.0,-0.0,-1006.3739827128404,-80.45295549235955,-315.4761641658526,-4487.2874364205745,-1485.6401065292662,-737.7921350123936,-425.16783580346583,-216.19587133807778,-892.3324571798123,-582.495526586477,-508.7950478638674,-0.0,-935.5310332909224,-712.0641918703451,-1636.3078019235609,-0.0,27.33933431467018,-8.605210589205655,-0.0,-0.0,-1533.7341210974016,-0.0,-3895.9533504294286,-1360.1584522446399,2938.6914453974528,2828.3990623592153,-0.0,-0.0,-758.743174674785,-979.0258619580346,-1342.7519543954184,-325.4148385871851,-3635.7804105881255,-557.7761260282111,-0.0,-0.0,-0.0,-1499.7556491091202,-822.060455348135,-189.01531099060855,-2673.120958962575,-1185.84794012477,-20.89952728868777,-456.9872494519671,-1151.0328438133545,-369.8675507309993,-530.0702158252452,-0.0,-4.560740277916028,118.42138595485615,-1095.9759729582947,-159.59720735685949,-0.0,66.33697178916422,125.93790312653371,-218.43828786932391,-1360.4269389121284,-2157.2324545698257,-79.6860373484912,-1061.4724985482085,-1270.5579285870579,-0.0,-0.0,-768.1510893314742,-0.0,-0.0,-0.0,-0.0,-582.3491477702903,-40.22462582340905,-1257.5618383758183,-1235.5790335369056,-2347.034932987898,-1078.0435254339739,-0.0,-611.6911509149967,-0.0,-1443.9369674804557,-1466.4407498059136,-1401.7144862351174,-1029.949372541177,-0.0,-1541.852721424535,-0.0,-0.0,-0.0,-3854.765889342311,-1132.0836269862189,-257.1071383066833,-955.5881946721743,-736.8801010035106,-1040.8109522444693,-0.0,-0.0,-0.0,-0.0,-5797.003288245843,-770.3592938577972,-1834.6994807217843,-3926.8861553448874,-2147.113455924724,-448.507804009985,-0.0,-1943.0919694732356,-883.071551113745,-0.0,-301.6726978423009,-389.8265125210028,-0.0,-963.90940775769,-253.41082752125394,1532.79715001374,-465.8974061517763,-0.0,-0.0,-1016.5319852953554,-826.7135862196958,-2270.855650433585,-418.91007969974,-0.0,-0.0,-691.4689872964863,-0.0,-0.0,-0.0,-0.0,-1361.8513918575322,-563.6877537818922,-1277.143612669938,-508.228805459181,-29.01384630175676,-774.1812451148286,-0.0,-0.0,-0.0,-0.0,-2434.7665194511596,-0.0,-0.0,-0.0,-0.0,-0.0,-0.0,-792.5909875198636,-0.0,-2688.3625408545067,-531.5753280736906,-230.58277339779175,-1189.2475840293307,-0.0,-0.0,-1642.8127948372849,-1521.451867609096,4.255381217281113,-417.2873597872462,-35.16131924557194,-1616.7668639456442,-862.3092513824746,-0.0,-4165.538088572564,-1364.1395956775225,-0.0,-0.0,-35.87584444235009,-305.64753091657076,-1257.5715430811022,-0.0,-0.0,-58.57045873236185,-1634.0786007753272,-531.1116945364118,-353.18246895363023,-44.58048535955173,-1888.1597682779914,-0.0,-0.0,-0.0,-0.0,-0.0,-654.5263145649873,-464.5439875841283,-623.6077877545882,-4452.670942045605,-1646.452632267432,-1244.9067387916473,-19.818111968210783,-858.9941960992852,-1354.0223857377525,-21.034980299265616,-0.0,-0.0,-0.0,-666.9177478270386,-494.2213384852995,-1811.452353532536,-676.1368442077281,-0.0,-1588.3452981051314,-0.0,-753.097134924329,-0.0,-0.0,-2120.6846610887014,-668.7139715283047,-621.6577983432067,-1601.509362424502,-524.1316193906237,-13.848336204156062,-729.3697850580883,-1355.1473408607403,-0.0,-505.3679815314772,-1253.1960202742664,-4505.340230385992,-0.0,-65.19320400394687,-2417.6785107384053,-1562.587479648673,-1333.2692594432615,-558.418986955037,-1155.6785096056155,-0.0,-257.6009285488224,-0.0,-270.3144762878087,712.047243339525,-0.0,-0.0,1035.963558437577,-0.0,-2402.1260606497594,-683.5988286020049,-1141.4661525595557,-1137.196620435099,-1467.6068675964857,-416.17316570818605,-68.26518511657376,-0.0,-0.0,-898.8262726142343,-786.5738527264723,-770.1839318179524,-0.0,30.44186914723102,30.80739099718543,-166.32390733754468,-3166.2841387942763,-1944.6242778335732,-0.0,13.600032662721926,-1389.3202851672543,-4353.017551310084,-2755.852837170964,-507.6065799033305,-924.217259462709,-1234.0246976649796,-0.0,-230.82609921647892,-0.0,-553.2674445421335,-289.49541297359224,-1682.3032288599145,-2359.6859437167204,-299.7617465874291,-542.8175534238671,-4906.809376334155,-1258.1121151308685,-443.6560236931344,-502.0096828658199,-1529.9308544198254,-485.3638862380381,-8.390817926963933,-1472.2216990936693,-1682.1576380021897,-0.0,-0.0,-547.325098890732,-1299.878543794298,-369.0359146743062,13.82726597903572,-0.0,-0.0,-0.0,-0.0,-0.0,-42.197158807502305,-773.7240931319367,665.6101822956668,-428.45450162043505,-740.7713133014225,-529.0409514387718,-1142.0998325533715,-1645.3733965562392,-1070.1797527628141,-1859.1387138165423,-503.4899523595857,-670.0632990344693,-1547.404951129969,-652.1103705084101,-0.0,958.5421517119939,-498.8697923356954,-42.6912826579172,-0.0,-963.3554323387899,-568.6008663086791,-1661.8416821800029,-1921.2052531029074,-2622.1498077028277,-0.0,135.04644390046724,-0.0,-0.0,-1094.7393277438998,-1564.478189744826,-0.0,-987.929538915267,-9.110006197529511,-0.0,-0.0,-0.0,-2690.2976118423176,-757.0709182168786,-252.9362594340587,-185.53872485131683,-0.0,-0.0,-1276.0260427014434,-1599.0084955784503,-1018.0530940598541,590.7075480756948,-9.543520832942585,-0.0,9.141265732439175,-0.0,-1651.8248252566334,-618.8786622982085,-1242.1975860912937,-1954.0759291387437,-1754.700163444477,66.35515943118953,-0.0,-0.0,-1864.8851238666423,-417.97667240907805,-0.0,-0.0,-144.03859810664554,-0.0,-56.855585032998874,-0.0,-1216.7534469314883,-852.1778614374695,-0.0,9.148439191911558,735.9271769107304,-0.0,-73.88215320552176,-2385.141264836499,-0.0,-0.0,-680.3630696247493,12.060316636848954,-0.0,13.574394044556032,-437.7322896036051,-1702.3743340049964,-0.0,-872.8484492765299,-0.0,-1161.2187084263717,1884.58128335246,-140.50693588329528,-1788.425542603025,-1624.9218158572648,1103.2837083002464,-55.71354014072879,-2532.82193144096,-836.4906011149149,-973.4730291789332,-0.0,-754.605087013963,-90.01248218289157,924.9021986039853,-419.4845381260949,-1575.9673127725944,-0.0,-0.0,-0.0,-784.3188361831644,-699.027584340296,-659.8225678725258,-1066.1479148561455,-1173.2433545500978,4.621027660993454,-1005.3684968615844,-1016.5256594342702,-1312.0321104190118,-0.0,-0.0,-524.8774053443562,867.0761456166041,-6558.913850218173,-0.0,-1613.931706267107,-1865.0971806872394,-919.1432617532832,-862.7018253188716,-271.5333120303212,-2831.704612020864,-307.577485856311,-0.0,-1049.0458969814752,-1036.3846394650043,-655.886346845683,-0.0,-1448.341391940426,-2322.589465701335,-30.77947213893492,-1080.1358000720757,-2585.614096414608,407.0442321861087,-0.0,-477.0837787373158,-137.5986310074207,-1507.2371286584037,-1049.8915317062372,108.93685352790509,-127.55367941466834,-755.9254353256915,-485.4280217788389,-589.0476510693816,-774.9039555431071,-590.2097170521547,-0.0,-1415.6759095883183,-0.0,-1291.5432372157195,-748.5121483975717,-210.7737119598286,-0.0,-1928.8638643826223,-5139.050035509642,-0.0,-490.1775599514324,-0.0,-2593.261928154262,-331.7977109483486,-0.0,-351.94231168656086,-524.6225564624956,-0.0,-2255.8168770727484,-1527.2107948605587,-0.0,-4148.263434775959,-134.94043207925668,-1341.5429141809968,-1464.6766425112312,-1836.991487728199,-131.8361335358803,-0.0,-954.3391532588861,-2256.5496198553587,-566.8994552170399,-956.4015110576855,-1090.3816712712837,-1835.1379952678844,-2357.0635106486966,-935.1760230652151,-1961.4350857325817,31.230783252946225,-0.0,-311.0782791163251,-1589.2724503744653,-1181.7337496530763,-0.0,-0.0,-0.0,-457.50336821628485,-419.0696996815517,-14.200433607074162,-601.9645963916445,-0.0,-1335.9489260267624,-803.1872268391371,-562.1917809825009,1.8158861824022554,-0.0,-357.83903820835934,-1648.5186641918356,-1065.4775142041535,-345.61676957588253,-879.7250642425978,8.818235203636798,-0.0,-0.0,-3284.7187855203856,-984.5413272512953,-0.0,-0.0,-0.0,-82.9688917809063,-1115.2160984113086,3.9127262671763776,-1825.456219361852,-1589.958827905944,764.6883115420841,-0.0,-616.7706215976912,-0.0,857.4378578767355,-240.3474740292336,-0.0,-1735.142849827597,-331.3020129108721,-1738.8465415767387,-0.0,-1634.9903595614132,-585.1698895220172,-238.48199986645443,8.876948816035792,-38.67540494583046,-0.0,-0.0,-736.2744216547493,-1310.3786593705204,-0.0,-607.3405285959384,-0.0,-356.5292184743417,-654.9651423357182,-0.0,262.5418125026067,728.7654703198627,803.8689728521825,863.369436533707,761.3408987599184,957.3417329716625,-0.0,-0.0,-0.0,-0.0,-0.0,19.64526919642939,-0.0,-0.0,-735.9468462705803,17.78532308268433,-397.7820275087392,-185.91313025849715,-0.0,-952.4905638946635,-1560.4870720598635,-2052.054562091987,-271.1615290184413,-226.85175346873638,-0.0,-0.0,-589.447538172693,-0.0,-0.0,-0.0,-0.0,-2815.2293043254876,-0.0,-41.76080177753079,1063.8227501165657,-0.0,-1093.3763592727962,-590.872568079095,1205.1528496783342,-997.0441535628133,-0.0,-3237.762660708295,-2114.8544602423617,-252.180362461257,-857.8529228526687,-1373.1843497363998,-597.9289617314677,1027.3347854842993,-90.05121720937825,-565.700463893625,-0.0,-0.0,-585.4072229955274,-0.0,-1010.7486145081999,-0.0,-501.82555345043124,-121.80226540366878,-0.0,-0.0,-1299.5740701158345,-0.0,-0.0,-585.3148864837761,-1332.4032866996095,-1812.924043105469,-0.0,-0.0,-0.0,-2034.2226892143942,-0.0,-1273.977910520586,27.848864094098058,-0.0,-0.0,-1192.5663073315543,-966.8264154767943,-1355.9108542982094,-384.0838924805171,-0.0,-1283.1306973217283,-299.37409541214265,-0.0,-0.0,4.59268141951954,-44.958562241097425,-4150.8036658006795,-0.0,-45.61840008538171,-46.61479287151564,424.25975377727246,-91.14296729225148,-792.034153191756,-838.0928206382046,-460.135882303719,-0.0,-0.0,-1659.782635751544,-0.0,-0.0,-0.0,-0.0,-0.0,-0.0,-0.0,-158.10389512231208,-0.0,-0.0,-1984.1773857565397,-8771.017168122771,-126.73341624867965,121.5771596299354,-503.1048476688008,-593.3634457166651,-466.130960376431,-3950.9709833959582,-254.35932828942032,-433.1092070098676,-0.0,-0.0,-0.0,-2079.4555867640106,-0.0,-89.86415329329999,-0.0,-0.0,-0.0,-527.1505581783988,-13.9886472470115,-313.13051490931343,-1405.3264314187645,-661.837500182396,-91.12201927091905,-1924.1134652859753,-0.0,-88.17574371599108,-2073.5575262667626,-0.0,-1392.7425770276304,-0.0,-1426.0538314369262,-0.0,-0.0,-977.2091016599209,-669.486850204648,-35.28834761127934,-712.242883108917,-115.54659791396931,-778.8185414174982,-164.3185395618249,-706.3479583876504,-707.9208455780306,-2259.614408680816,-991.6740545989359,-0.0,-1763.5803317834605,-436.77413132380354,-807.8700999615788,-0.0,-0.0,-1037.0888747022698,-2282.9056254100306,-148.1417127378282,-0.0,-0.0,-79.3400128293494,-3395.9685531425616,-884.0420720855357,-243.14335334401798,-358.0368314154783,-47.26926119101656,-4529.580794485384,-0.0,-0.0,-2057.1839309390452,-877.3506270594148,-0.0,-0.0,-0.0,-83.03543996817014,-0.0,-1912.390740793929,-1772.0651541008342,-0.0,-416.4937060048692,180.22025469370604,-0.0,-0.0,-0.0,-1035.4952428907723,4.698044813619041,-2538.5046082871327,-651.2096755066613,-1218.0266220792373,-720.3758923339955,-3454.057469752632,-1510.842504454318,349.29853489521844,-0.0,-2126.0395973185828,-0.0,-0.0,-0.0,-1104.9953076731026,-669.033650425193,-1283.3038194668645,-0.0,-0.0,-937.871314157196,-1340.8558171157006,-705.0298784021011,-520.6767072899398,-0.0,-0.0,-1364.8585663409585,-0.0,-0.0,-0.0,-0.0,-0.0,-0.0,-524.2732506919275,-187.1036448928629,-1507.058694821101,-0.0,-769.7580775050195,-4303.629369106944,-48.39215899509107,-0.0,-0.0,-0.0,-0.0,-0.0,-0.0,-0.0,-0.0,-0.0,-0.0,-1337.1331784703616,-1980.0968937290365,-0.0,315.3960741584746,-0.0,-631.9278035992613,-95.21829420840459,-0.0,-734.494827274788,-356.2697682449521,-26.61383680589193,-3264.2787341421777,-502.1996537534205,-3082.7070533301458,-205.9112504473413,-1932.884775044043,-1751.3159206413416,-670.1706853143597,4.736708092537071,-0.0,-1287.931085818754,-2184.5207897901896,-2510.0207182690474,16.637749576236747,-520.856276679095,-1785.5612321319118,-0.0,-2120.800999167879,-394.47412951339135,-0.0,-3119.3457028008042,-0.0,-996.2487194436137,-0.0,-3067.7154152224507,-0.0,-0.0,-87.77524580571922,-1003.5201785117173,-712.7771434899621,-0.0,-1258.0823774744931,80.18557734955621,325.0990163281075,339.39656571086124,-274.5947532603241,-1901.0845209582842,-763.3742888438793,-0.0,-0.0,-5958.930890610664,-1353.0177544092835,-0.0,473.54398832123735,-0.0,-1720.2415035670385,-598.1066952273527,-738.5416664830406,-0.0,-0.0,61.74488985600427,-0.0,-1068.135029960247,-1070.824444128838,-1969.0366433947463,-0.0,-610.5141667530053,-3090.6634575546304,-843.3751985573755,-0.0,-1345.9719131622046,-85.02429211841063,-1347.0119173781338,4.477216653763103,-979.1898262865919,-0.0,-0.0,-0.0,-747.0218011663376,-0.0,332.4589670721895,-0.0,-388.9728118459355,-814.136140769262,-556.569151012094,-1159.9208608495987,-640.5738001418567,-1793.8706561920599,-937.3552561132377,-0.0,686.1995314741778,-2416.2375933097355,-1851.1110163287556,-739.5962168921629,-0.0,-0.0,-0.0,-156.68532893790206,-1175.3745354367381,-338.1649507642899,-768.3146879759911,-2079.3541599625823,-2908.458723710379,165.45252137422565,761.6656343347225,787.067162100691,-0.0,-0.0,134.7473136490719,-100.62888761827102,12768.615076490103,2247.880021434973,4110.706534055104,6216.293379660381,-0.0,-0.0,-0.0,-0.0,-0.0,-1459.5018465676712,-1624.9606124168638,-862.5004889232902,-0.0,-3023.421968792186,-599.1621187501813,-968.3778501254775,-0.0,-718.4332877405423,-1366.8707025740614,-1028.1052026132136,-1288.8743884194541,-0.0,-3317.036648109157,-2079.5515190066035,-807.5921589323011,-147.37416306005284,-3075.7135341379467,-0.0,-290.3761246594288,-0.0,-96.72132855948125,-0.0,-138.85068318730825,-211.57468266287756,-1053.7570590626528,-885.0604697011572,-0.0,-0.0,-0.0,-2214.866907454453,-0.0,-0.0,-287.2460625768262,-966.9459119014385,-1006.6711270444249,-71.3573980836775,-1106.1170702971388,-1940.683046446388,-353.59084547456507,-0.0,-0.0,-165.3193631854068,-1667.3005256461524,-470.68608831498716,-0.0,-6325.537206437434,297.19634620724884,-0.0,-0.0,-0.0,-224.81721099021897,-457.9563724798692,-0.0,-0.0,-1266.6411969595251,-2124.390636504619,-1187.9947684767276,-439.35409188727954,-412.05711242175306,-558.3727397693917,461.0742181193538,-1214.2676644332169,-0.0,-518.7493267023988,-2423.1028001408413,-507.26472198356527,8.298846052499913,-0.0,-480.6132863294449,-0.0,-0.0,-0.0,-1328.160967454061,-472.9278840432289,-1485.717078599095,-0.0,-0.0,-0.0,-200.87646019819874,-546.4029099872665,-1731.5529425139387,-2966.1147656583885,-221.53640702200562,-129.93483977185107,-0.0,106.76176195535254,-0.0,-1182.1305378047866,-180.07010762060645,-0.0,-0.0,1040.3474570519331,-0.0,-1787.9609084322306,-0.0,-0.0,-0.0,-206.02870893399523,-2104.229143312651,-1665.9067950099115,-32.802307269779156,-2345.174087772143,-1633.6847525309272,-29.5273953479094,-33.109567186387984,-71.01420911234757,-0.0,-0.0,-2110.0215563265124,-0.0,-6265.386315373268,-0.0,-1568.2777075564902,-294.86245206787333,186.56725318832372,-0.0,-12.082632471145091,-1713.1984912469668,-1653.382644154439,-582.4489564700327,-38.698110689766736,-107.44565437565933,-0.0,-0.0,-0.0,-0.0,-1125.1143339005253,-1158.6190080393071,-0.0,-615.2900199354444,-1288.355368465324,-249.54298215230983,-32.44406950727763,-0.0,-0.0,-0.0,1140.2567794477866,-81.68138526990187,-0.0,-521.4658891293833,-855.9164633640127,-1582.9904471858085,-0.0,-0.0,-2615.3868406423217,-0.0,-0.0,-0.0,-0.0,-724.0445061379963,1164.3693459310866,1099.971796180338,1214.7346167017283,-0.0,-0.0,-0.0,-678.4879570954894,-0.0,-0.0,-391.3863243440774,-239.92996887983134,-0.0,-229.8553627608617,-1236.2752384871583,-1369.7757745366875,-0.0,-0.0,-0.0,-21.802831402936427,-1484.7165625679122,-19.752894386948974,347.6853175625549,-0.0,-1690.1843806049005,-931.1155020261737,-599.9164839177768,23.340668718026485,20.36652405525138,-318.3815707854401,-16.792867623996447,-391.642127602454,-408.99819494839966,-1118.9102310743401,-374.4688893226123,789.0015127765297,-1467.9205235254085,-159.09516839004888,-162.56178358271538,-3769.518390242431,-2725.5317018132682,709.221850105566,-1213.966377296031,-142.52163581840912,-4.625973037007202,-738.8272045920597,-1167.3065494374516,1960.9705664649414,-686.7574904529991,-702.7484548777037,-768.093649214935,-0.0,-6165.849893144407,-0.0,-572.9149651106495,-1012.315685018663,-754.6709487946463,-874.6291203995524,-1148.809008428341,-0.0,-1128.6577857476552,-215.08471594091301,-88.18730857726622,-8046.952110244629,408.0285529589628,-179.65856901547664,-0.0,-602.8879871203333,-1162.6504118474168,-0.0,-0.0,-563.0390663224669,-1658.7776823702302,-43.30488597798976,-243.0898417189429,-299.6752393940385,-1247.6820259372507,-0.0,-0.0,68.0004336839052,-0.0,-0.0,-1800.9852240188102,-0.0,-2062.110892634894,-1050.2853183164427,-1391.2885309210249,-0.0,-0.0,-507.1823464491723,-995.5016026867564,-153.77520224407266,-0.0,-432.7292335725676,-167.02451684623693,-467.77244091593474,-0.0,-200.05903516220963,-476.8912656848764,-2453.129177313059,-888.118943157903,-1455.1707681044454,-0.0,-0.0,-1255.7859180221756,-29.8874949350382,-0.0,-0.0,-1390.8191601703732,-0.0,-0.0,-0.0,-0.0,-0.0,-0.0,-0.0,-0.0,-0.0,-0.0,-100.22133879415684,-0.0,-0.0,-0.0,-0.0,-0.0,-0.0,-0.0,-0.0,-0.0,-0.0,-0.0,-318.3070695356221,-0.0,-0.0,-0.0,-0.0,-0.0,-0.0,-0.0,-0.0,-0.0,-0.0,-0.0,-0.0,-0.0,-0.0,-0.0,-0.0,-0.0,-0.0,-0.0,-0.0,-0.0,-0.0,-0.0,-0.0,-0.0,-0.0,-0.0,-0.0,-263.1634126505321,-0.0,-0.0,-0.0,-0.0,-0.0,-0.0,-0.0,-0.0,-0.0,-0.0,-0.0,-0.0,-0.0,-0.0,-0.0,-0.0,-0.0,-0.0,-0.0,-0.0,-0.0,-0.0,-0.0,-0.0,-0.0,-0.0,-0.0,-0.0,-0.0,-0.0,-0.0,-0.0,-0.0,-0.0,-0.0,-0.0,-0.0,-0.0,-0.0,-0.0,-0.0,-0.0,-0.0,-1398.2116363047526,-633.6175238358526,-1701.4505748608474,-0.0,-0.0,-0.0,-0.0,-0.0,-0.0,-0.0,-0.0,-0.0,-0.0,-0.0,-0.0,-0.0,-0.0,-0.0,-0.0,-0.0,-0.0,-0.0,-0.0,-0.0,-0.0,554.0638778823377,-0.0,-0.0,-0.0,-0.0,-0.0,-0.0,-0.0,-0.0,-0.0,-0.0,695.38843073556,-0.0,-0.0,-0.0,-0.0,-0.0,-0.0,-258.1086889212801,-0.0,-0.0,-0.0,-0.0,-0.0,-0.0,-0.0,-0.0,-0.0,-0.0,-0.0,-0.0,-0.0,-0.0,-0.0,-0.0,-0.0,-0.0,-0.0,-0.0,-0.0,-0.0,-0.0,-0.0,-0.0,-0.0,-0.0,-1109.8699764433254,-0.0,-0.0,-0.0,-0.0,-0.0,-0.0,-0.0,-0.0,-176.1377783118903,-0.0,-0.0,-0.0,-0.0,-0.0,-0.0,-0.0,-0.0,-0.0,-0.0,-0.0,-0.0,-0.0,-0.0,-0.0,-0.0,-0.0,-0.0,-0.0,-0.0,-0.0,-0.0,-0.0,-0.0,-0.0,-0.0,-0.0,-0.0,-0.0,-0.0,-0.0,-0.0,-0.0,-0.0,-0.0,-0.0,-0.0,-0.0,-0.0,-772.0847234351709,-0.0,-0.0,-0.0,-0.0,-0.0,-0.0,-0.0,-0.0,-0.0,-0.0,-0.0,-0.0,-0.0,-0.0,-488.82912496748946,-0.0,-0.0,-257.28758869139074,-0.0,-0.0,-0.0,-0.0,-0.0,-0.0,200.03477295018362,-0.0,797.4897505756602,-0.0,-0.0,-0.0,-0.0,-0.0,-0.0,-0.0,-0.0,-0.0,-0.0,-0.0,-0.0,-0.0,-0.0,-0.0,-0.0,-0.0,-0.0,-0.0,-0.0,-0.0,-0.0,-0.0,-0.0,-0.0,-0.0,-0.0,-0.0,-0.0,-0.0,-0.0,-0.0,-147.65250103065875,-0.0,-0.0,-0.0,-0.0,-0.0,-0.0,-0.0,-0.0,-0.0,-0.0,-0.0,-0.0,-0.0,-0.0,-0.0,-0.0,-0.0,-0.0,-0.0,-0.0,-0.0,-0.0,-0.0,-0.0,-0.0,-966.9389092960832,-0.0,-0.0,-0.0,-0.0,-0.0,-0.0,-0.0,-0.0,-0.0,-0.0,-0.0,-0.0,-0.0,-0.0,-0.0,-0.0,-0.0,-0.0,-0.0,-0.0,-0.0,-0.0,-0.0,-0.0,-0.0,-0.0,-0.0,-0.0,-0.0,-0.0,-0.0,-0.0,-0.0,-0.0,-0.0,1293.9128550758435,-0.0,-332.3228957673169,-0.0,-0.0,-0.0,-0.0,-0.0,-0.0,-0.0,-0.0,-0.0,-0.0,-0.0,-0.0,-0.0,-0.0,-0.0,-0.0,-0.0,-0.0,-0.0,-0.0,-0.0,-0.0,-0.0,-0.0,-0.0,-0.0,-0.0,-0.0,-0.0,-0.0,-22.534451784023037,-0.0,2606.577352685312,-0.0,-0.0,-0.0,-0.0,-0.0,-0.0,-0.0,-0.0,-0.0,-0.0,-0.0,-0.0,-0.0,-0.0,-0.0,-0.0,-0.0,-0.0,-0.0,-0.0,-0.0,-0.0,-0.0,-0.0,-0.0,-0.0,-0.0,-0.0,-0.0,-0.0,-0.0,-0.0,-0.0,-0.0,-0.0,-0.0,-0.0,-0.0,-2413.842814951729,-1676.4617368885401,-0.0,-0.0,-0.0,-0.0,-0.0,-0.0,-0.0,-0.0,-0.0,-0.0,-0.0,-0.0,-0.0,-0.0,-0.0,-0.0,-0.0,-0.0,-0.0,-0.0,-0.0,-0.0,-0.0,-0.0,-0.0,-0.0,-0.0,-0.0,-0.0,-0.0,-0.0,-0.0,46.477430035055455,-0.0,-0.0,-0.0,-0.0,-0.0,-0.0,-0.0,-0.0,-0.0,-0.0,-0.0,-0.0,-0.0,-0.0,-0.0,-0.0,-0.0,-0.0,680.8266276754209,-0.0,-0.0,-0.0,-0.0,-0.0,-0.0,-0.0,-0.0,-806.3487444462494,-0.0,-0.0,-0.0,-0.0,-0.0,-0.0,-0.0,-829.5019625293951,-0.0,-0.0,-0.0,-0.0,-0.0,-0.0,-0.0,2712.2873699771153,-0.0,-0.0,-0.0,-0.0,-0.0,-0.0,-0.0,-0.0,-0.0,-0.0,-0.0,-820.7834241767571,-0.0,-0.0,-0.0,-0.0,-0.0,-0.0,-0.0,-0.0,-0.0,-0.0,-0.0,-0.0,-0.0,-0.0,-0.0,-0.0,-0.0,-0.0,-0.0,-0.0,-0.0,-0.0,-0.0,-0.0,-0.0,-0.0,-0.0,-0.0,-0.0,-0.0,-0.0,84.08701478819921,-0.0,-0.0,-0.0,-0.0,-0.0,-0.0,-0.0,-0.0,698.9593147956843,-0.0,-0.0,-0.0,-0.0,-0.0,-0.0,-0.0,-392.8357965470723,-0.0,-0.0,-0.0,-0.0,-0.0,-0.0,-0.0,-0.0,-0.0,-93.4878768474741,-0.0,-0.0,-0.0,-0.0,-0.0,-0.0,-0.0,-0.0,-0.0,-0.0,-0.0,-0.0,-0.0,-0.0,-0.0,-0.0,-0.0,-0.0,-0.0,-0.0,-0.0,-0.0,-0.0,-0.0,-0.0,-0.0,-0.0,-2061.5480944967276,-0.0,-0.0,-0.0,-0.0,-0.0,-70.67780897816692,-0.0,-0.0,-0.0,-0.0,-0.0,-0.0,-0.0,-0.0,-0.0,-0.0,-0.0,-0.0,-0.0,-0.0,-0.0,-0.0,-0.0,-0.0,-0.0,-0.0,-0.0,-0.0,-0.0,-0.0,-0.0,-0.0,-0.0,-0.0,-0.0,-0.0,-0.0,-0.0,-0.0,-0.0,-0.0,-0.0,-0.0,-0.0,-0.0,-0.0,-0.0,-0.0,-0.0,-0.0,-0.0,-0.0,-0.0,-0.0,-0.0,-0.0,-0.0,-0.0,-0.0,-0.0,-0.0,-0.0,-0.0,-0.0,-0.0,-0.0,-0.0,-0.0,-0.0,-0.0,-0.0,-0.0,-0.0,-0.0,-0.0,-0.0,-0.0,-0.0,-0.0,-0.0,-0.0,-1433.9825549580585,-0.0,-0.0,-0.0,-0.0,-0.0,-0.0,-0.0,-0.0,-0.0,-1797.7962590012053,-0.0,-0.0,-0.0,-0.0,-0.0,-0.0,-0.0,-0.0,-0.0,-147.04179505622554,-0.0,-0.0,-0.0,-0.0,-0.0,-0.0,-0.0,-0.0,-0.0,-0.0,-0.0,-0.0,-0.0,-0.0,-0.0,-0.0,-92.31241597052765,-0.0,-0.0,-0.0,-0.0,-0.0,-0.0,-0.0,-0.0,392.53039563111076,-0.0,-0.0,-0.0,-0.0,-149.9105200338247,-0.0,-0.0,-0.0,-0.0,-0.0,-0.0,-0.0,-0.0,-0.0,-0.0,-0.0,-0.0,-0.0,-0.0,-0.0,-0.0,-0.0,-0.0,-0.0,-0.0,-0.0,-0.0,-0.0,-0.0,-0.0,-0.0,-0.0,-0.0,-0.0,-0.0,-0.0,-0.0,-0.0,-0.0,-0.0,-0.0,-0.0,-0.0,-0.0,-0.0,-0.0,-0.0,-0.0,-0.0,-0.0,-0.0,-0.0,-0.0,-0.0,-0.0,-0.0,-0.0,-0.0,-0.0,-0.0,-0.0,-0.0,-0.0,-0.0,-0.0,-0.0,-0.0,-0.0,-0.0,-0.0,-0.0,-0.0,-0.0,-0.0,-0.0,-0.0,-0.0,-0.0,-0.0,-0.0,-0.0,-0.0,-0.0,-0.0,-0.0,-0.0,-0.0,-0.0,-0.0,-0.0,-0.0,-0.0,-0.0,-0.0,-0.0,-0.0,-0.0,-0.0,-0.0,-0.0,-0.0,-0.0,-0.0,-0.0,-0.0,-0.0,-0.0,-0.0,-0.0,-0.0,-0.0,-0.0,-0.0,-0.0,-0.0,-0.0,-0.0,-0.0,-0.0,-0.0,-0.0,-0.0,-0.0,-0.0,-0.0,-0.0,-0.0,-0.0,-0.0,-0.0,-0.0,-0.0,-0.0,-0.0,-0.0,-0.0,-0.0,-0.0,-0.0,-0.0,-0.0,-0.0,-0.0,-0.0,-0.0,-4346.808095190939,-95.68366084774956,35084.19737850441,-4033.1645388154666,-4014.709971198333,85362.83829221055,-0.0,-7853.001241021061,880.2945134361814,2023.3160110755075,-25781.719083611246,-0.0,-5424.002948273311,-0.0,-0.0,23862.91873615666,-13446.683101970593,3112.543572879745,6962.14148570518,-4181.958872310722,-25329.824474242414,-9337.920547815327,56.23859367648473,-99.57190901443533,-6454.827321535453,-0.0,-12602.661657140126,-18821.962310067705,14788.017202928357,-137.80802472423358,409.58966068311344,48769.57279733773,-2460.6900101639453,-105626.82879310232,-3352.740276851192,-24692.514158664402,-16586.02241482523,-5376.866703948714,-6652.007253335714,-16665.32777944142,13862.381709371473,-2348.5309666825533,-3739.0922590590017,-3564.153568891753,-12084.589207345525,6951.073257308617,34669.533157586295,-816.2288188895477,-192.5606850993003,21714.09621481736,3611.6416098235027,-192.84109228986827,5501.296425555443,6083.756602412867,-5927.653670437648,-7775.372276703464,-3427.105258583738,421.3623460321272,-0.0,-0.0,-1326.386000982988,-8214.971118637044,-4047.6683177250393,-3495.010213649349,-491.43858821352035,-5185.330204764029,11934.310312020356,6622.281385941763,-8456.40724438242,18208.726312225386,-20234.950738211697,-33108.4152181827,74802.74676243745,-23944.288223431824,-8391.508483121259,-1992.674111833418,-3322.4082494739746,-6571.183181637869,-4093.3673904478933,-33866.99572646596,-0.0,-14697.700744541758,-0.0,3716.3497000468205,-0.0,-0.0,-13990.587258920854,-1467.5008173061324,-0.0,-0.0,3747.198015465986,-0.0,135.95951293153124,-0.0,-6396.425408215608,-4681.423746251169,-8054.084823235408,-8885.985862327803,9614.318992946071,-0.0,-30197.826525723693,48262.46710634894,-0.0,-0.0,-20622.92030246507,-9227.885151805398,136.1599775993662,582.6628931781505,-0.0,61303.564722594696,-0.0,-0.0,-0.0,-0.0,56381.70224834232,-1549.1708346340922,-0.0,-13284.160789975105,-0.0,-5573.860604795756,-962.0716783763636,-2773.774176062699,-16117.807706384241,9464.01864476469,-1047.7171092853994,-9575.755178087938,-0.0,-0.0,-6859.900771909311,-7357.333137987083,-12940.83574696273,62603.33680409622,-0.0,-222.97067181948216,14197.568781863263,4380.386515321056,-2893.631141047718,713.442719866353,1794.8280577128498,-3928.1677244803527,153.98793574766196,-19359.59426231681,861.0923112134647,14187.115130183869,-692.2862536730166,10678.696367424882,48539.880570211615,5767.1051464189195,1106.6433958004527,9949.021239466656,-2109.878517504782,-8059.323814353055,-9243.466469843452,-16311.528433048667,-0.0,2978.8142238594132,14882.854136680196,13417.773167839776,-8476.522277490381,6211.120052271276,3804.5051521479745,-9407.625990487608,23139.74681409137,-15133.808529066999,-0.0,5611.968306690214,-12312.646277644022,-16131.450350075153,-7774.43719223477,26965.215874546728,2223.4870905710322,-0.0,-5495.32645282711,-0.0,-2544.581053371415,59.12072456787385,-3660.286437839122,-860.1322198195282,85.04510419794484,-201.5698489092945,-22945.930429400396,-14579.290969751813,24117.014477383058,-8122.4679489470445,3590.3025879403012,8782.633463056905,-7891.307529471897,-5108.8424869386845,-14300.017085321215,-0.0,-2084.953354784007,-2141.508825110659,-0.0,1202.5869458586608,-3274.0197967810586,-0.0,-0.0,-16716.92515440424,-3347.4469689117072,4073.221180541227,-3982.658616307824,-0.0,-0.0,-0.0,59485.972631006596,24635.098044503833,-0.0,-1462.4876544034714,12728.41858360554,-0.0,-4321.9866828253025,-2972.806223907342,-0.0,-5360.801487543777,-7999.091575825352,121829.42948007493,-12891.067176542103,-9330.594112364395,-32290.82483286515,-0.0,2647.0898510818583,2384.806643499381,-10539.942464187216,27567.51449849265,-8499.745780246743,-47414.870245296726,-15989.345319254768,-10695.500810459944,-0.0,1349.2552721489722,-5124.48060754515,22128.71653751171,-2283.270049764317,88.45768054218088,-12456.31133654012,-9741.32354562397,31932.34239556635,-0.0,-1650.6496186477477,127.23195756311088,-0.0,-0.0,-0.0,-0.0,-0.0,-0.0,-0.0,-0.0,-0.0,-0.0,-0.0,-0.0,-0.0,-0.0,-1344.961416058903,-0.0,-0.0,4423.0496951024,-12268.887095096421,-911.0048426798143,-9752.715301977392,23919.771117665,9302.409029759348,-3980.7550455857654,2427.517611821325,41423.88687123953,-0.0,-0.0,-4017.0160136490117,2746.036495762822,-6886.060826542132,-8591.351778882256,-0.0,-209.32419255984982,9775.151206773568,-4455.442508208586,-970.2276649048267,3194.8264353324753,-29056.24739448622,24185.396988141463,-5058.4923344197405,-2226.3031241845015,14585.502768571912,-0.0,-0.0,-0.0,-0.0,-0.0,-0.0,787.4954576744145,53795.39403682324,-9942.925628239467,-7785.393682791699,-12932.920774108592,-0.0,-10678.382630257058,-13091.66721563877,-0.0,-0.0,-0.0,596.3957620597326,573.2806108068214,841.2857087407202,3090.923403652401,-0.0,2706.6461756906824,998.1271535441773,911.6791942927707,804.2468793718675,839.6985935267367,3407.5471807825375,1799.8635807810406,3396.002991498865,2692.2401225099957,2977.481658024383,3282.2218240254338,39010.05467139834,42735.61348788335,40412.03707576321,36614.41871675983,6975.55130731613,6914.107541364235,7975.690901732411,9882.180105358235,4862.681276406079,2096.6695079725896,2208.450872757898,2221.298324982078,2085.167609274065,2201.0810259524396,5115.395015352243,3196.687531162051,1356.024789043151,1303.746429327943,686.3811722749942,400.6725588170723,485.81643381399397,35280.094108941346,38262.54884874711,40612.33684754256,37338.24526585621,57671.29186034638,60713.32507534316,1365.7246154483873,1354.8823199929398,1362.9582382051012,1155.3259991160996,1289.7400652961433,1345.4153188347086,658.057826953017,50525.61986839202,53967.32235222062,55077.80576705136,2803.90263283176,-0.0,7240.8413841903375,41248.55995304655,37221.93377973234,37654.702670289225,62144.19150482389,68205.37009552911,70037.48418219324,58856.53326079092,2766.526600491399,2442.311322134914,5112.606667672729,-0.0,20421.644340162064,23781.62032525212,-0.0,499.18386263538133,1039.6238676172297,1633.2203122721176,1496.337602280085,1738.4496532817159,1540.6704904536439,1779.4282944198135,1444.110949512826,42296.1477213056,41001.05918128547,40266.010884492265,37957.867759320514,1106.2682190026587,1264.8162440223452,-0.0,-0.0,18016.48015584662,40805.43832018256,39251.656323364674,36647.2557479082,35367.34421985272,-0.0,51127.30791015877,54942.09912536662,1120.567223224898,2208.5707491474814,2425.9901732948524,2587.54729485056,2327.533855046093,2290.9687475791766,55820.62992270447,52651.668549469396,-0.0,-0.0,17549.77117793724,918.3837693318766,1106.9446895747353,41631.223264714354,39379.42795447,35470.2702507026,37581.65219101736,35815.21561308502,38070.90955778685,-0.0,16636.690676279228,10577.639824729142,-0.0,-0.0,1321.0715429763443,1451.2695285331065,461.3742965850367,412.8870885364109,338.0307488604978,339.84641607012,-0.0,1209.385121412244,1153.0342256686897,1108.5864948007652,1263.8048263729609,-0.0,1538.244468138192,1604.0736439237169,2030.4986743875727,2170.880446600034,2170.0259783830606,2125.618613347386,790.7044461623492,963.8315136393848,881.8783944593749,1323.3198388300846,933.1436370382256,837.870371338411,894.66390015337,903.0687831729541,8526.014247978837,9679.51188991659,43.652477034063246,75.98028567451068,3556.3075734653285,16737.566007562116,1067.7876542451734,1025.2744045499137,-0.0,-0.0,6685.067914240922,6775.2086943313325,6645.935771356005,6575.840611739411,1400.4188810721273,1514.2953631198432,39967.601647163116,40694.632671317806,8853.54848574703,7742.654290396708,-0.0,55375.733004899754,2257.95379594486,2122.4763098841227,1156.2429716402635,57536.057725763516,61461.46381879148,59471.38746549438,54844.433953206906,450.03801314353984,61870.86843033485,58227.951046946924,-0.0,-0.0,20165.39254278521,-0.0,728.4662283202318,742.5817120860937,659.9345249033516,1761.3391816150665,9852.487010054685,23204.885075669703,1499.4423849177676,1619.3824941910234,54.10131392927029,708.2457082017213,708.7944024632155,15738.961806589545,1591.3268158711305,-0.0,-0.0,-0.0,1143.490921174598,-0.0,1218.6440704516112,-0.0,4498.527194347434,1051.8688410693871,1185.4134957629817,1122.3277290822411,711.3793115881097,688.3768546331652,648.9812536479658,1580.2199727360692,1752.5194275804158,1901.6241920430175,1143.9265785778634,128.50859811432585,5231.09382955609,55241.76936087181,59942.776942633136,10810.051271473865,21769.96953565421,16393.44632630992,17130.954562876163,2106.381392798046,1921.7002686519002,1514.6825652944813,1513.898239390844,826.4254703034437,999.4494342538624,2471.853439989023,37297.25867566755,40092.38870522646,1419.5566834124236,1452.234605518691,1405.3321286814262,2411.4976398396575,2573.5439912365455,2943.893226972027,41019.654692829485,36719.81152423516,36475.6942240767,39944.185560521095,-0.0,-0.0,-0.0,2464.2386999191017,2735.06750697998,2377.3708265803994,7340.270699433085,6406.521564700228,6929.153714646095,1889.1411087183205,1991.0823868187426
12,-0.0,-0.0,-594.4803157777968,-1890.7247637605647,-444.28779003187447,-525.104695558781,-51.56399715693804,-977.2229980718154,-666.7424766163489,-0.0,-1409.7322817303507,-0.0,-0.0,-2081.164113085512,-0.0,-562.4130875312808,-419.7072184484466,-0.0,-0.0,-178.75363892952132,-254.77202965388074,-679.000105472216,-1078.0255878509283,-691.958470375766,-2034.9557756211834,-1256.7088117528383,-0.0,-0.0,-2835.7744667857446,-1711.3852322340306,-0.0,-0.0,-0.0,-0.0,-0.0,-0.0,-106.03309799574842,-306.6631763026325,-1644.4198718690948,-1329.4231615149774,-0.0,-0.0,-130.08914340811998,-692.5798792701632,-174.2362780578015,-0.0,714.2391120206524,-1617.7960453348978,-396.5404329850597,-0.0,-0.0,-362.94371259655713,-4.45537620003101,26.443491302568855,-1910.705671428129,-3295.3271816173897,180.45394663787644,-5642.541390946538,-235.2044441660468,-0.0,-1597.158888913563,-0.0,-640.9787051948424,-2444.2944753982238,-523.3363423717083,-619.7821713248948,-39.94752640298498,-2246.3857406807747,-745.7053231537348,-524.2680179484844,-3012.712507108524,-0.0,-0.0,-2257.0867057918767,-1003.9478812736274,-388.8414114726781,-1874.7665690267552,-0.0,-0.0,-1470.295069781097,-1583.303400603779,-465.090277664147,-3846.6183861977097,-63.0629723564433,-74.20125969332572,-1700.7940788664448,-0.0,-603.8878908307237,-1011.7211938196792,-17.358282256457436,-0.0,-1454.7727406323565,-83.35187432340481,-638.5796503172543,-2235.211512616459,-52.291693705296204,-2246.038822801988,-343.8107433710502,-1425.8893760074013,-2615.3513913555626,-728.9120707326404,698.4411706473663,-552.1756392212752,-0.0,-1644.8875470114256,-2350.035247968525,-4250.266606804694,-560.0277611452342,-2800.125256793261,-0.0,-1495.8349912907488,-0.0,-0.0,-504.05758382344004,-0.0,-0.0,-527.4306909984429,-79.11104623919765,-1647.3821437235533,-833.1233696271058,-1011.9763729749924,245.7609901377947,-445.94074289165786,-357.51033973454577,-407.7898351568544,-15.192200433351198,-443.8490549084322,-520.2346783845122,-778.2217491542909,-0.0,-5105.127249812087,108.07617833005311,-96.33857391125609,-4477.7701060292065,-0.0,-1013.1594476053892,87.80102583412852,-0.0,-646.4595668552536,-0.0,-0.0,-517.5772435682713,-0.0,-340.75832595766366,-959.2812994539639,-0.0,-1065.5766840114381,-275.05832128606363,-709.9659966656553,-2195.329357272775,-0.0,-1713.9958444097908,-1026.6179719039956,-0.0,-0.0,-0.0,57.9647370741402,747.1477266044932,-0.0,-1561.374330153783,-1857.143627902939,4.470632034202169,-0.0,-0.0,-484.73306335597664,-354.4628152413239,-378.47269248272346,-0.0,-386.40088453382543,-3152.4687524523943,-1156.2961158153453,-0.0,-1248.7448987524551,-2311.097298563794,-0.0,-0.0,-0.0,-0.0,-0.0,-0.0,-556.4420923636361,-683.3345708215771,-271.7056269691995,-175.2849937845391,-1066.486056285007,-16.263632365413972,-0.0,-0.0,-665.6071504223495,-0.0,-643.8457414511696,-201.2966171572005,13.599453770906903,194.86648009156357,-0.0,-0.0,-1051.1453369005228,-406.27939714370905,-515.1452521969217,-0.0,-2762.3720277032944,-2178.8211118228105,-921.9285644461389,-0.0,-0.0,-2202.5803341760156,-1312.114521358836,-710.1185075579036,-26.175747120134872,-1595.913834072448,-1288.302958028295,-0.0,-0.0,-1870.0823687224417,-0.0,-928.3285909783252,-1087.3139151703422,23.418619081354983,-516.9822589210918,-573.5317053175463,-341.17682931886185,-0.0,-1772.9782302776146,-0.0,-2985.8801836378166,-2532.65175717849,-199.65499637507352,-499.9027362251895,-476.6423053645845,-0.0,-300.2612310691922,-215.0044148737886,-0.0,-1039.780152490895,-586.1598325061191,-1001.4901873523582,-1785.5341256091535,-982.4120936863955,-2135.6891300578623,-1763.6098700479233,-2381.2995133341883,-2357.2234519356275,-1108.1629927442107,-2182.7473110011797,-566.8473818583701,-433.9904334269945,-0.0,-1346.9173339550482,-885.4118584515753,-1084.4056814505127,-467.51194832979525,-410.69070851638725,-2237.3550257154807,-673.8031384130901,-454.887193271413,752.1656984071514,-0.0,1136.8888195130248,-1473.1963605202905,-0.0,-0.0,-0.0,-0.0,-0.0,-0.0,-1345.093418383885,-2945.9332773145184,-507.8178415240506,-974.6077394333772,-0.0,-0.0,-1947.0977817855778,-1356.500058892403,-2022.0067715566624,-0.0,-0.0,-68.7625391757637,78.35418458262669,-474.2836002721167,-2032.1327452085634,-485.3606575408885,-0.0,-435.5363518884187,-739.0366499516117,-13.012723388798225,-1263.1299308146738,-1149.4244084583192,-1541.7805167140336,-1134.620080555137,-151.150073592473,-645.1632642650153,-0.0,-1674.1365260343368,-0.0,-970.8361334100834,-126.7579090150561,-41.1466254766442,-551.3938724678147,-0.0,-2401.5607853850884,-126.32774490659764,-642.7593593282911,-1589.1323193760734,-1392.1014976105903,6.440462672374607,-533.7565526790256,-813.7061326905964,-24.96124800806756,-300.32425690383883,-460.9495233602095,-64.22954347023786,593.4094034386659,-1287.5363458818201,-0.0,-954.8985326007244,-1257.1764379813405,-0.0,-574.9379191912838,-0.0,-1580.2765955876268,-0.0,-0.0,-0.0,-1191.8858042536842,-855.2649968810637,-413.1620900847626,-0.0,-1438.87545974447,-3167.768530895898,-3681.908375810683,-0.0,-367.0361762354241,-0.0,-287.85013711889735,-366.5170089776324,281.6410593020616,-570.7514825267788,-0.0,-577.7699504829653,-966.1265084475542,-281.0129186731791,-523.9168358629004,-0.0,-465.0989428694024,-1195.3172609459077,-553.4794620717279,63.54956134228797,-2478.8283925582364,-0.0,-0.0,-1104.4212692595625,-488.577934537318,-1227.5694640610402,-72.03056956442057,-133.30268998299078,-234.46156523829862,-636.060191200187,-963.4261932562283,-1453.4130489162883,-2384.9476198386697,-0.0,-0.0,-367.80047090905407,4968.097068095332,-0.0,-0.0,-0.0,-0.0,-0.0,-2549.2328396816256,-510.55183409879146,-0.0,-1091.3965449911511,-1092.7016939904977,-618.7065242534737,-2243.097388765954,-183.06825876532892,-1233.7311786100731,-0.0,-0.0,-2119.622749548995,-644.894802451317,-1871.7792987442951,-696.9274645871259,-606.178739958645,-1706.3160462933643,-260.21780154146734,-1867.5696400162033,-1083.7060318453077,-116.1780081881139,-867.8124825453071,-1264.287872597305,-217.16820800038528,-228.14662945653478,-1888.1960110467796,-0.0,-502.0348420469987,-275.87079279698173,-150.8663763507943,-782.8814535966131,-225.28964664624837,-933.4330518968217,-771.7474569700686,-1287.4232688595382,-309.3499898194104,-2633.286925059177,-23.53499590420381,-626.0511083874673,-0.0,-899.522734003544,-668.1394852522001,-987.0044564371832,-1116.3976967988212,13.277014985132869,-375.4933691594355,-823.5241329098974,-823.3065581548094,-367.00124484995996,-1064.3889012617417,182.59955238453324,-0.0,-0.0,-0.0,-0.0,-0.0,-0.0,4.60684376286777,-310.6031348847386,-2449.0056787595327,-4433.708715159437,-497.6081524977619,-1073.8998019504054,-145.2002329517597,-546.9973130676548,-1405.5483252365361,-1154.2873048100917,-82.05138298919825,-459.4572953081632,-495.6445222530205,-0.0,-134.1213800097706,-1065.6057034310038,-660.8403853865224,-0.0,-1359.1763964056993,-0.0,659.8691726956525,-0.0,-0.0,-0.0,-27.473340062169285,-0.0,-0.0,-1002.4713701274788,-435.0635127891825,-1147.9435636688918,-0.0,-0.0,-0.0,-911.1166693706615,-575.464444538338,-1400.2047683740366,-0.0,333.2087143960535,-0.0,-0.0,-3018.173590176486,-1403.2044448346319,-12.94551794166856,-0.0,48.179683445034854,-18830.935973624193,-18111.26213545059,-2597.4887585242473,-0.0,-0.0,-0.0,-0.0,-312.2241825041761,-0.0,-0.0,-707.4189528718226,-2514.7157636321226,-2186.234722879402,-1522.6125731681313,-416.3551390707457,-1842.579901750838,-46.13132696140327,-1625.9216217169305,993.1848020454368,-0.0,-852.02691313792,150.92902923367188,-0.0,-0.0,-0.0,-0.0,-113.8857344381493,-0.0,-0.0,-0.0,-794.1335527570777,-1612.644935204918,-0.0,-0.0,-628.0618006073564,-2112.4732935043717,-0.0,-1437.9722679349738,-1759.21808218251,-1837.2563948014117,-0.0,-0.0,-243.53257184805497,-77.10637660872526,-1105.4250598493877,-1525.4745613390721,-512.2986204919187,-1434.2156034397126,-1245.149825304699,-0.0,-0.0,-0.0,-0.0,-392.10907035182316,-92.80137297463857,-0.0,-0.0,-191.77568131917445,256.16913803498755,-0.0,-1196.1319725161454,-1126.744612100206,-1118.4254901513948,-0.0,-0.0,-839.588774707664,-1321.7272339151393,-765.8302432307249,-420.9620286233832,-0.0,-2353.2090452141438,-2378.741885766822,-0.0,-0.0,-0.0,-0.0,-0.0,-1436.6681032479403,-0.0,-2134.750685228383,-1159.8129603078858,-80.51035922401394,-0.0,-0.0,-0.0,-2675.73040439933,-1561.323538093526,-574.9958232269989,-538.8199222476944,-1086.1330624175573,-816.0993922949393,-0.0,-0.0,-536.6510274445941,-1322.9941675101663,4.422434897277632,-582.317666330258,-0.0,-1054.9328871974958,-826.4987344990551,-1623.214274163342,-0.0,-256.98516795328464,-247.3125412694036,-319.3785656033922,-1480.7994657845234,-103.92111588277794,-0.0,-0.0,-0.0,-0.0,140.47237117414988,-159.59100802048223,-799.2203393282131,-1491.653898573158,-1280.73760537023,-561.4075199993944,-582.6639238454562,-9122.133966476318,-983.4367276185629,-571.0338908617741,-0.0,-0.0,-0.0,-345.0789535893316,-384.6868565643958,-1160.9027360379484,-339.6959481693656,-0.0,32.32551855869832,-0.0,-0.0,-0.0,-0.0,-0.0,-0.0,-0.0,-94.6374462281422,1711.4631510821832,-0.0,-1400.4018131544617,-595.6840803666604,-431.44904738815774,-1885.5610894771328,-0.0,-0.0,-610.3418054311854,-736.3817626895043,-120.85344076720365,-137.51584590732008,-0.0,-644.2277992602119,-181.35607090104816,-1975.870660737882,-388.06524544307433,-507.3061383361093,-0.0,-0.0,-1342.0302273838042,-2370.834548330105,3.8502602172618894,-561.7259366311788,-422.72279549144355,-1058.660696953499,-1356.826768286011,-790.2664245867486,-309.4564916326637,-174.31122329950333,-1477.5140484004455,6817.971840507884,-0.0,-586.0193094243581,-628.8532000927595,-1187.4265537586343,-1171.4570562002507,-1129.1507216053612,-1874.8665405607383,-1797.3885590815034,-601.3363949258328,-0.0,-0.0,-1770.3710104313152,-0.0,-0.0,-408.28847965969766,-1838.0000500434364,-1518.339682465652,-266.57745797796684,-123.40403312276317,-1938.3746415967335,-0.0,-1403.9783375584043,-0.0,-0.0,-0.0,-0.0,-0.0,-0.0,-444.9508603075201,-1519.4335898899583,-1032.0865315521721,-80.14291468857604,-245.35707197555186,-525.9221350790995,-190.5907805107075,-0.0,-0.0,-499.2744824017259,-625.3463076327733,-3744.305083788799,-0.0,-1268.925987914881,305.4752343098908,109.48933927157657,-0.0,99.20724856145357,-162.4693330737403,-99.72629816843981,-516.1656921666575,-0.0,-1637.154840886325,-0.0,-0.0,-1442.990776959784,-0.0,2286.7366287120735,2233.388669365616,2213.9331797622403,-0.0,-0.0,-1884.7886179418053,-0.0,-0.0,-306.20276670120245,-899.1127949974887,-829.8619561352004,-1090.9834695482155,-1062.6380546420141,-0.0,-0.0,-0.0,-15.941295063567416,-757.877756945734,50.49283204458415,-74.0490412610491,-1161.690281120425,-963.9646224218565,-398.29552402678667,-1442.45138656656,-0.0,-1877.1753312875398,-1192.0387845118194,-1659.0642760155397,-515.0639993066148,-531.2346674168348,-0.0,-1421.0254204691323,-859.8796086647061,-918.5558698959818,-2090.9021896995455,-531.4666543906488,1214.7686296330398,-4.334134764965639,-395.6890611734307,-1253.5114788944177,-0.0,-1627.4113479386558,-3358.4480663434506,-488.1918578394378,-541.7463210685233,-0.0,-0.0,-0.0,410.4419172177562,-399.12714631436677,-502.40861165614734,-179.8726449375766,-539.1955073308395,-436.32109325866963,-0.0,-434.12835424337635,-1038.929397221864,-772.4648716953626,-0.0,-2029.852422462366,-4155.233025244483,-0.0,-0.0,646.8700839295632,678.1681107216888,-0.0,-0.0,-739.2513868001687,-835.0472236375613,-406.4051930783322,-683.4150938910494,-0.0,-0.0,-0.0,-0.0,-0.0,-2983.2725155070934,-413.770577050223,-1757.2717307017783,-1071.117773794323,-0.0,-309.41660920776917,-846.4259917038818,-0.0,-343.5121727275334,-823.699382303761,-1106.8050203235873,-4761.607871567161,-42.63289990954031,-0.0,-0.0,232.1646351339195,878.2449214106799,-0.0,-0.0,-414.59844765538827,-0.0,-33.437169830489324,-0.0,-2639.0177309046503,-0.0,-435.018251760793,-0.0,-0.0,2009.515603645724,2285.9484680610085,1869.503383426116,-0.0,-0.0,-455.9626933801695,665.5366832697249,-2413.733630897074,9.203104729335154,106.06989417527227,-2650.113208510795,-56.27845826658561,-153.19721769706058,-667.6089979252555,959.622176678867,3353.2975519489946,-2910.2416243558814,-0.0,-0.0,-962.8190675694359,-1610.2815105764887,-1427.8982187354677,-265.16125411802847,-73.50595320828519,-0.0,-0.0,-0.0,-0.0,-2172.212758450543,262.8473055433333,-0.0,-12.276797460336036,-0.0,-1715.2466874139845,-1872.8891238385256,138.7987048022584,-0.0,-0.0,-305.74197607823953,-0.0,-1761.9291864192287,-79.35959066102187,-1105.7635708155271,-392.20704361470695,-1269.1201598514976,-686.0144419433259,-1027.6010499743024,-659.1264448745018,-0.0,-0.0,-0.0,95.25117247031137,-0.0,-0.0,-293.6004647568886,-454.16775956475146,-704.0605947673412,-0.0,-1429.0508034631018,-1101.6660575701203,-849.0645916408822,78.12584783016116,-408.2321962689616,142.33351032392,-331.42045766732844,-0.0,-0.0,-8.683933874085902,-1877.8876742870832,-642.8753068334216,-1003.3614240588934,-149.10588563329065,-2050.937475881505,-1875.6393094605296,-1098.4569641395858,-1134.2861396916992,-110.45113050357344,-606.6951326531544,-714.2872387707644,-1112.3455288474725,-2636.2772792058217,-0.0,-1785.5352614038247,-154.4118152902028,-0.0,-2282.363948575388,-2997.1060560297724,-2277.4271632690843,-267.8477742190306,-0.0,-1526.0494396664612,-202.85129321254968,-1249.9011982958507,-712.6265728583662,334.40588267283084,-1863.5502426696125,248.46443255512844,2187.8712812912154,-0.0,-224.45019402962356,-484.97846173268596,-897.9787497106554,-1261.304062295204,-1755.7851854853773,-4449.209354631156,-0.0,-415.88071093626166,-1360.1852349737503,-710.328702561202,-251.90589678358853,-28.5998729515907,-334.22054826624986,-0.0,-0.0,-0.0,-0.0,-256.78073846436905,-1260.9514793888693,-909.78458010322,-54.27911406822917,-17.506633578305344,92.43243323174507,-0.0,-0.0,-1137.250798394988,-529.6268963622688,-0.0,-2304.9017595302603,-29.70411254690042,-1329.6852723170857,-0.0,-231.67613062766353,-190.86098734477557,-0.0,-0.0,-517.5623438405527,-0.0,-0.0,-5330.745944241972,-204.18909342751212,-2206.54916552805,-9.17219485985206,-0.0,-137.56070985512187,-1299.1397999874562,-669.4862599601178,-315.6717576096521,-1464.9524541748708,-0.0,-380.7296240791606,38.62050475829805,-586.2160902512601,-0.0,-0.0,-41.099938043813566,-68.97768109977409,12.364438139275121,-409.4633225439518,-1431.5659985144962,-1655.2589099388172,-0.0,-0.0,-0.0,-8.005296826308305,-317.48053100447027,-0.0,-1455.4395154668398,-2666.075478720234,-0.0,-0.0,-24.13402226605174,-1575.91761701265,124.50956093125313,-0.0,-0.0,-0.0,-0.0,-564.8435429976163,-2331.377748272286,-624.7102237072153,-1260.4543466114476,-0.0,-0.0,-683.5404406177156,-509.4334464443116,-396.0223956490971,39.186586346889655,-0.0,-0.0,-0.0,-836.4445570510709,-733.1694006960405,-512.4291402452186,-364.4978236115227,-0.0,-0.0,-0.0,-0.0,-2214.5766239382297,-82.67504901729829,-77.76373094070479,-0.0,-0.0,-696.2264300933177,-446.2677804411285,-0.0,-1977.3804217893705,-5240.5298879422535,165.46132637017445,-1095.117003766301,-0.0,-0.0,80.04938255821762,-659.0839605361394,-1768.1844436967203,-509.51841064577485,-2553.905386248518,-1160.4957360540675,-838.285136444571,-1519.7555135502944,-0.0,-0.0,-0.0,-39.641831849497414,-1144.852734454603,-0.0,-0.0,-3445.0714186659825,-84.04977191041988,-1452.4291909979684,-770.6434099016661,-0.0,-0.0,-0.0,-0.0,-0.0,-0.0,-739.0273670707519,-0.0,-1660.8453043020922,-0.0,229.8430002902651,-1151.0275882297062,-0.0,-0.0,-0.0,-2657.419822852765,-0.0,-0.0,-411.4335697041331,-0.0,-0.0,-1003.3739877953191,-646.6662422873395,-0.0,-0.0,-208.53080555438362,-2049.546319460773,-0.0,-1327.96664135635,-481.02111838438975,1233.435335239887,-236.87004388692247,-0.0,-510.60880451988334,-190.09064098847767,-0.0,-19.88788301050576,-0.0,-324.87634893584175,-0.0,-0.0,-0.0,-0.0,482.3436685369901,458.7205091242733,-883.3147251452397,-1842.0470956941306,-0.0,82.93678068843768,72.3507379178156,-80.51264074368248,-861.8477553671501,36.39740807435069,-502.9093579252223,-389.67335466009666,-247.29339379047508,-3549.767735558629,-0.0,-245.8887374922634,-1586.5283458216625,-2375.3669177816455,-0.0,-1060.7434855411368,-1474.719880902139,-2118.3704693288264,-772.3289447648725,-0.0,-916.0888780461255,-756.5609978685209,-818.5215208662554,-1523.3008462291505,-1015.5703851517632,-0.0,-132.35509650620827,-1286.213640430334,-0.0,743.7291791551489,-539.0118142960769,1090.2546099542726,-0.0,-0.0,-17.26973083221844,-618.3619191121921,-2495.3235358504644,-1043.0548436506692,-0.0,-861.5167382817752,-3115.2541279910656,-998.06651678217,-898.2866478513758,-1183.26035726191,-495.5672958489511,-36.563578434297064,-0.0,-0.0,-0.0,-1123.1529287975495,-4.42007645500241,-0.0,-0.0,-1977.7149491193538,-847.3425061757818,-545.2380548911452,-1698.2187294525982,-164.50891310388997,-33.87226289227991,-2366.303347482806,-805.8990180128145,-557.4454369546828,-1333.196843172536,-0.0,-2630.217271093141,-408.6266855179735,-1158.9674418346165,-1538.9763117234945,-367.5436002811249,-538.2561470042585,-1516.3031198121948,-430.38922336801676,-0.0,-0.0,-0.0,-1384.6310270994554,-0.0,-3964.628181784612,-1183.9621746211603,-1434.358411828814,-0.0,-0.0,-0.0,-0.0,-0.0,-131.97229215131833,-0.0,-269.062638663161,-978.9995231393882,-369.73011805810745,-0.0,-0.0,7.646382355429705,-0.0,-0.0,28.897566377388546,-265.2109975851566,-0.0,-509.878925764587,-0.0,-0.0,-82.01436277970033,-0.0,-2987.475478464589,-2318.361319000588,22.781195350933917,-6698.285369969409,-1008.9978465097795,-656.7301019293953,-0.0,-824.7655963556717,-1333.0500314178505,-0.0,-0.0,-0.0,21.733478292378543,-0.0,-1147.4181144166907,-0.0,-1617.093281127483,-0.0,-0.0,-2352.6610057533653,-1101.6480759610238,-888.3829998472495,-0.0,-0.0,-0.0,-0.0,-287.51721776735496,-692.9446239002432,1403.1661137559722,898.9194327435703,-841.5862695837503,23.52553760340601,-0.0,-346.6797303403043,-267.55695271650035,-1988.6424811609122,-424.8464623056362,-125.94040019040405,-1098.485372715489,-1355.2394453787679,-1032.5838040293788,-620.7847230038934,-0.0,-0.0,-0.0,-4.498574145531357,-0.0,-1557.2618943774337,-609.0216119113481,-0.0,-2009.963757785209,-1264.920188823523,-0.0,-0.0,-0.0,-0.0,-0.0,-995.403963891419,-0.0,-317.76208264748294,-1523.8976826476755,-0.0,-1212.4665847668027,-0.0,-0.0,-0.0,-2445.238932041504,-1135.324371944461,-987.0469026719719,-2528.7939444358267,-0.0,-0.0,-0.0,-96.04650808608605,-492.4781175447805,-28.232970579270756,-619.5570254491068,-143.41660063339106,-0.0,-0.0,-341.14690492749725,-1445.087903314199,-4053.6099411199343,-0.0,-502.55000972001733,-1364.67391089485,-456.0289456606494,-478.89081567822694,-0.0,-0.0,-3.796235654306371,-2162.1684141697065,-2074.744737889376,-39.509729797636815,-1632.8000466512178,-414.2898858102008,-846.6171216779644,9.200571495735122,-1081.3264412870265,-0.0,-2159.4031344183427,-0.0,-471.0691458138746,-0.0,90.37322756880414,-0.0,-0.0,-607.1167852286661,-756.9360711488416,13.55828443357739,-0.0,589.6634244883813,-0.0,-0.0,-1495.9986666049447,-1323.939379067767,-1144.3193450450062,-0.0,-393.0459249747962,-655.2768034642605,-1494.517791007808,-0.0,-0.0,117.4793535638035,-677.4400078980385,-0.0,-0.0,-17.822516730716654,-0.0,-4.350031542525398,-625.3968897699799,-0.0,-0.0,-1360.299566715556,-1393.4408088652008,-83.96467768499262,-7.650375675656759,-128.8219329763247,-806.4974402526054,-1127.8843644589476,-1720.3248234853063,-0.0,-947.311387210855,-15.912641533945086,-43.0951794411323,-1358.5042681740554,-0.0,-0.0,-0.0,-0.0,-653.6532938115496,-4.528365192936213,-9.072010980214468,-0.0,-0.0,-508.3243956185726,-0.0,-0.0,896.3384736363344,-1169.1214677990451,-42.10080681567514,-1974.3440829929466,-0.0,-0.0,-530.2481020475423,-0.0,-310.62814633151925,-1030.9863811969917,-864.7967337717089,-1039.2638163052145,-0.0,-0.0,335.6292334164503,-0.0,907.9334361673062,981.2404730543692,-208.88857772600355,-849.9995402832177,-0.0,-0.0,-38.70006040578167,216.66360026607975,-982.2230944081466,-447.84456036327384,-1305.5564892526318,-2596.587769260555,-2183.974810432324,27.408659618269958,-0.0,-319.98823377336254,-5582.032619132233,-595.9698625022215,-501.8432818981952,-0.0,-0.0,-631.6109245293796,-0.0,-794.5752347634959,-1470.8326614186706,-761.4917603290996,-0.0,-0.0,-65.82026839637898,-0.0,-205.60152892023257,-1416.4087786083735,39.588140472138136,-625.0224952768255,-344.8069925708001,-240.33276487025543,-779.2061256083191,-2512.3449538339355,-19.53311589572418,-1190.7449169034012,93.69059342291901,-1017.7685517403763,-313.57579186901694,-0.0,-0.0,-141.8368735137946,-0.0,-0.0,-1914.7432142726398,-600.9337070600365,-0.0,-794.6563573729109,-504.9338753154381,-0.0,-0.0,-1480.2306961740098,-975.1835769793767,-1498.3068838686604,-1406.5522079441926,-0.0,-149.232215949373,-3208.53719090232,-893.1429424460853,-413.6642130282853,1894.2981069672699,-1507.6622481958623,-1204.8606276928197,-12.254924096030226,-936.9681625967393,-17.156870548188007,-1659.7582940787506,-0.0,-3498.205869268303,-607.4529254112884,-0.0,-1510.911454363366,-1683.4366783886705,-0.0,-189.09546009899094,-894.0670081155442,-1091.7314012669617,-1411.2450576927804,-733.8526239901908,-497.8216904088725,-617.0222303764637,-0.0,-281.71941677365754,-0.0,-2449.1516622179156,31.563654553242117,-3325.6842530872696,-797.687421120402,-0.0,-0.0,-1231.0742198815517,-886.0259538241543,-0.0,-465.6793910034826,-0.0,-0.0,-794.2543860097952,-0.0,-0.0,-0.0,-0.0,-0.0,-0.0,-0.0,-752.1986263592619,-493.6552701814015,-2943.183481245627,-2555.923571392931,-0.0,-0.0,-1227.1990822051444,-1969.6090271442872,-475.7239790567441,-204.93870484203217,41.98182747638214,-0.0,-1572.0270251992417,-0.0,-2688.8884109516166,-0.0,-0.0,-0.0,-0.0,-1617.7386606619339,-212.66470865985067,-353.4764061795745,-1197.2665229434444,-1205.177353654416,-687.9639876672941,18.421742648744054,-1172.3792247164242,-0.0,-0.0,-0.0,-0.0,-604.9871155136093,-487.75122123806017,-1362.1551031346632,-0.0,-1090.9639661631084,-6416.673018696042,-612.6812487705583,-722.0263979949931,-3158.073024629132,-724.7871525572792,-0.0,-458.66540419593815,-431.4284326834814,-1154.0548345313343,-603.6588420329584,-1533.5825939857098,-1435.804848700149,-0.0,-0.0,-0.0,-0.0,-1566.756964981829,8286.675256828703,7162.679886332834,-0.0,-0.0,-0.0,-0.0,-2059.278759917185,-938.365121486575,-91.48736054341765,-1405.4338863514085,-830.7970117176284,-0.0,-0.0,-0.0,-0.0,-644.5899896509245,-0.0,-1848.1555120314756,-227.79531133371307,-0.0,-0.0,-0.0,-0.0,-209.58622108239916,-438.1897096271812,-467.1327744651894,-844.6619440391058,-921.0350289472264,-1213.8578839596933,-909.3072017126967,-349.8486732062281,-1162.1837262138295,-1509.7757433797901,-1188.3040836505343,-1767.3831676680586,-199.22580997140457,-1293.2744641790887,-1118.7389147152746,-917.4252127906286,-1650.599224484335,-567.1225600770731,-2199.300117372434,-1621.1415878475661,-1453.0292717076484,-617.5280180161228,-653.0810906792369,-1104.5486974316427,-0.0,-1066.6622267846853,-0.0,-2957.7173130604638,-681.4486810821561,-242.43321908023552,-1768.6345937152196,-1439.5721608396284,-1199.7628868004956,-0.0,-0.0,-0.0,-0.0,-801.1434824802219,-3745.7268774571726,-1386.6623605624932,-0.0,-0.0,-1093.9417177967402,-0.0,-0.0,-1023.809278666514,-393.8725687452522,-1069.5866594430036,-822.0266764420184,-941.7636848881388,-685.8917309266735,-1941.8046956600033,-0.0,1243.782068763863,-0.0,-0.0,-1028.262682197355,-5685.324486900302,-0.0,1702.3482642042186,321.6524641453397,-917.7846997985087,-0.0,-0.0,-1516.6232690697702,-1042.0688769986034,-2296.504698677721,-2020.8224000664309,-387.39576405461275,-0.0,-470.5018762366311,-185.97806160022697,-0.0,-920.810653611353,-0.0,-1652.1192581509686,-2333.7760447720816,59.44510257764359,-2261.522252477652,-1988.032469259294,-0.0,-490.19844090859004,-1571.1279745951474,-2190.787664004169,189.073115949195,-418.5523268925974,-2517.886495432739,-916.0424093189633,-795.6862413588287,-895.7976783609625,-437.61540375805873,-1024.9055414886016,-1499.2226184879644,-0.0,-949.2810821638981,115.73305870804144,-1372.0082730075383,-0.0,-482.1110162966598,170.361730197841,-875.4816780444218,-779.1124788593372,-0.0,-552.3538718336807,-355.91111542166976,-1812.9290803841584,-1099.1083532070613,-1441.0058369161684,-866.0705700736482,-825.3707068267684,-1012.8157383805014,-1976.827518235389,-69.84415461144035,-0.0,-539.0976950083302,-644.9114812844963,-1440.1777169099857,-2084.5492918550085,-325.4145055810558,-771.9669840859192,58.53634447020602,-898.4794232693314,-534.094221842673,-971.4229902348881,-0.0,-958.1368129737558,7.947537748191178,-2200.182306093991,-0.0,-285.16636103637813,-524.2819636643146,-779.6757866320793,-2253.026407892332,-156.45338289743444,-1434.8214757136016,-721.8903554236733,-2558.483935424116,-0.0,347.94798506286935,-0.0,-0.0,-221.58145604296774,-0.0,-0.0,-3605.435977296943,61.50739359502728,-44.81355697703534,129.80300130364915,-1080.7223056531477,-0.0,-0.0,-0.0,-0.0,-0.0,-27.875198345413125,-0.0,-785.7084523559724,-0.0,-363.35411938551823,-1769.5459965644447,540.4446764333134,-3246.471794513113,-0.0,-0.0,-0.0,-0.0,-0.0,-0.0,-0.0,-0.0,-0.0,-2381.058672472642,-0.0,-2605.318030260811,-3220.1075962643185,-0.0,-0.0,-0.0,-0.0,-0.0,-746.9784383583473,-973.4694697183909,-0.0,177.10076140203006,-639.9375062737123,-2227.7103969868162,-595.2066187727713,-0.0,-602.0226060205201,-825.8570613485189,-0.0,-0.0,-586.7926728690832,-895.8982549045946,660.9109150890981,-459.9112424075118,4.350621333673081,4.368734345373014,-0.0,-0.0,-0.0,1438.4253192980354,1699.0633503308704,1416.5645443967755,-0.0,-0.0,-0.0,-672.8538098839202,-0.0,-0.0,-981.2151233654399,-88.93560568253369,-467.14415043217105,-58.739919909682484,-977.6954853040343,-901.11221782007,-1262.9246903354392,-581.4519994655805,-149.1915224056506,-1084.8851326339975,-0.0,-2010.5213025621324,-77.66798643401737,-585.3394390141816,-872.1608735172804,-76.39475975594708,-0.0,-1133.7562856484637,73.48547164822737,-0.0,-0.0,-0.0,-0.0,-0.0,-1438.102643607915,-2870.6534699358604,-0.0,-788.341927600854,-8.184382543159561,-0.0,-0.0,-0.0,-537.3740700729657,7.695700133920705,-0.0,-1128.8691817320637,-779.2161479178997,-0.0,-0.0,-539.5212231266324,-0.0,-0.0,-1674.4139248176914,-1395.6396483742785,-0.0,-792.0521743426474,-2178.799355903353,-98.75392211242807,-0.0,-0.0,-187.9484978910569,-783.6156123895726,-292.1706860656385,-310.36944011142674,-217.6814998983836,-0.0,-0.0,-0.0,-1156.903398091161,-879.9383561834836,-2065.4127525880463,-123.2664101677897,-1255.0559081797078,-42.38194308397768,-382.1965832690841,-504.1912376305322,-2012.3238179565717,-0.0,-0.0,-834.3224077203088,-1809.8144173454862,-0.0,-0.0,-0.0,-563.9923656078278,-2357.8766719629657,-3402.1616947457073,-0.0,-254.08138617017934,-93.22518557208198,-657.5129415911682,-570.6541952946438,-1630.5257759256585,-0.0,-1419.076967186976,37.88571649291287,-7.746964274153712,459.0792037215313,-0.0,87.7813803142182,-321.4785616319074,-411.2102161132747,-54.191691524034376,-0.0,-0.0,-411.41599942617984,13.483047159606565,-0.0,-1559.1071992729987,-966.0240730416951,-950.6595417280598,-743.0508385312475,-1137.098801976933,-1519.4688926596364,-0.0,-0.0,-0.0,-0.0,-0.0,-369.07851435780253,-529.1111293809729,-1164.4133628140291,-1406.5723589708712,798.8154094374339,-1470.2378357318746,1439.3472381416066,-0.0,-2250.3812570605364,-1501.1799142934963,-694.2114349475909,-19.591193284525932,-189.8542820740826,-2053.449943190345,-384.3733997237041,-0.0,135.86186217108573,-774.9314328811936,-0.0,-0.0,-531.7053276809792,-366.7040705352957,-393.53926845268956,-1183.2648996935693,-1412.287441519808,-0.0,-1630.5911804230839,-1314.8100625982522,-5011.587007224891,743.5189025901349,654.1550688331648,743.6148022654373,658.629165615725,-0.0,-0.0,-0.0,-0.0,-0.0,-0.0,-0.0,-0.0,-497.74877479330615,-0.0,-46.71725912558913,-0.0,83.15678184582714,-1083.650433882104,-1272.678348258912,-1907.9580535784512,-0.0,-0.0,-0.0,72.39657976426808,-3151.7905979689226,-750.3950438000304,-2808.112314795723,-1631.230922974648,-0.0,-0.0,-322.65590026806046,-1330.1762147821282,-0.0,-2078.682777962253,-563.699828590767,-0.0,-0.0,-0.0,-2630.507550496274,-0.0,-0.0,-0.0,-0.0,302.0903280538013,-0.0,-0.0,-0.0,-1033.6047866198455,-0.0,-0.0,-0.0,-0.0,-0.0,-0.0,-0.0,-319.6831423264462,-1065.8019290576462,-1485.9912600627908,-1398.0086765294961,-611.7751798095118,-996.5911056553552,-56.7185077425835,-0.0,-742.3435804080261,-48.38379727401604,-0.0,-0.0,-0.0,-0.0,-694.0131006493503,-0.0,-591.510662928162,-1277.5905364780554,756.4139560888973,752.6708398222416,821.3998881937893,779.1485747658144,753.788140026342,-0.0,-0.0,-0.0,-0.0,-0.0,-0.0,-382.03778172366805,-0.0,1966.7771622440157,1001.8189629441245,1102.222502310466,-0.0,-0.0,-1312.1087937630937,80.30049697201261,-50.81888429473238,-2432.4276249105296,-0.0,-1878.337476154731,-0.0,-13.044144769405746,-0.0,-0.0,-643.8892046877071,-0.0,-725.1003896288153,-532.5538518897501,-367.6130531025936,-0.0,-28.185615661820076,-0.0,-883.8524184877404,-0.0,-2162.297576672746,-496.4347980653859,1818.7740245110408,-1930.302316465925,-870.9800933888865,-84.24697112752048,-824.3335923182824,-0.0,-506.6571000994548,-42.53898103023343,-2689.597579120833,340.07453721152245,-228.37925744402563,576.7767522296232,1162.6860876003054,-0.0,-311.81137535168875,31.418260492962425,-1034.7373491887913,-1176.261413868324,-1455.151142778986,-1974.1881397945613,-0.0,840.2525931600777,-0.0,-386.4067139590445,-2569.70434543969,-1244.3228545676739,-0.0,-1250.6196029551909,-310.4442893838592,-660.0376297868504,-680.8853900699759,-267.30057887671364,-1599.1551743449083,-0.0,-1802.9311478349255,-406.3536568605563,-1572.8992949485844,-351.982624029504,-0.0,-0.0,-0.0,-0.0,-1396.4869863522943,1039.5313257838006,-975.7687852464352,-703.9645966013275,-0.0,-50.899238281914144,-0.0,-0.0,-896.2327985794765,-758.394527062913,-669.043586363528,-711.259991536432,-0.0,-0.0,-0.0,-0.0,198.87318565130334,-0.0,-607.087939747906,-1946.540248449012,-1027.5459055751048,13.089952998162381,-1446.8951050993244,-0.0,-0.0,-0.0,-634.1137990771256,-822.0791600540376,-0.0,-1562.7748184188354,-0.0,-2970.577441738079,-3684.2313736203,-0.0,-92.05120738987661,-0.0,-703.1486757792815,-0.0,-0.0,-0.0,-2340.678053030048,-1119.1739497945007,-522.8554604524453,-838.8274244036012,-0.0,-0.0,-2204.2111708915513,-0.0,-546.1657434873499,1074.7971177439242,-1021.3804962635678,-683.4090772251927,-496.9783722274716,159.7093514161339,-0.0,-0.0,-1373.49656336743,-0.0,-566.6804517954384,-91.73008948821054,-412.25569836754954,-313.3136113312505,-0.0,-0.0,-199.62625798182327,-684.885789333597,-1010.6768092520101,-546.607715334937,-1212.631798796737,-82.86140805710849,-0.0,-131.278988138524,-1966.222237046672,-1136.2847007500873,-0.0,-0.0,-0.0,-569.3941946853091,-611.6198985624105,-1474.9677353467446,-0.0,-0.0,-0.0,-0.0,-0.0,-1501.5310204887628,-664.3066711287794,-0.0,-574.6945162634842,-0.0,-17060.316326773576,-761.2766366504884,-267.5663826534427,-448.14540159599625,-0.0,104.78442569398382,-1769.5894119191423,-2615.1956326880004,-0.0,-0.0,-0.0,-739.4225516437044,-548.6043744012742,-983.252891338332,-1024.481494654576,-527.9196570324114,-0.0,-0.0,-1673.423946112532,-611.9551547826619,-2471.265430693641,540.8951460180608,-2046.3790843026304,-0.0,-0.0,1660.703158936407,-1027.6182784417324,-0.0,-190.6439170833616,-341.18355579451844,-622.4232508378444,13.224163781440149,-842.5753823904683,-0.0,-0.0,-1269.2040166730317,-1365.1150313687626,-2559.948774869495,-0.0,-0.0,-2267.4554982829773,-733.0068697725209,-767.0831882746994,-2354.463827034465,-1520.246523910871,-0.0,-0.0,-1086.896954491079,-0.0,-267.43626520792077,-1597.8814954058,-1523.0683531621669,-0.0,217.81279859971545,-768.4715665071046,491.90007690813286,-186.31427032363283,-358.08346551897125,-0.0,-644.6958238175603,112.21487358906849,-196.0369164926916,-370.38502925393277,-2639.7723324553094,-2157.685334817578,-89.32208024525619,-4925.338127450177,-528.2744231679538,-1068.5927384975394,-48.81887338083668,-3822.9036475904186,-326.32651659807743,-777.916874430915,-296.5490478986414,-1792.9984920538948,-1281.387837275033,-3204.0746197465483,-4386.9333619448535,-41.639502136613004,-628.0549012999721,-1576.3326600681867,-1057.385398377393,-0.0,-3975.3644217089045,-0.0,-495.3754278302762,-1483.152048773698,-1271.0805632956233,-0.0,-0.0,-908.136939477277,-276.09003282192674,-0.0,-1441.694895582322,-0.0,-759.5563544624512,556.348826253183,-1462.19540329946,-467.98761668119266,-7.825705008936989,-59.56364907259436,-0.0,-1859.5151549169789,-554.8592535101405,-0.0,126.2530299490638,-0.0,105.79557814698106,-133.2382542717565,-0.0,-449.7480043427415,-1271.2553307896123,-441.73734547000333,-809.0373239644036,-2223.047993524223,-0.0,-3774.9821962191263,-1906.8223799189532,-2505.380485145523,-2298.834382508027,-71.67940626531212,-163.7687951753725,-602.2224207699674,-1219.1023780677672,-0.0,-0.0,-1029.4739312003899,-158.4706029924034,-0.0,-67.88955220755093,122.03344920969803,-2287.8534628988964,-0.0,-0.0,-1154.2493042052286,-0.0,-165.93891226701828,-0.0,-58.615380333456656,-199.22986268332627,-0.0,-333.97829304021076,5463.991219164689,-0.0,-0.0,-1515.2394082151338,-665.6996866710832,-250.8795679174744,-0.0,-0.0,-0.0,-551.6446474168686,-1981.386323512276,-0.0,-0.0,-0.0,-1883.7824493810338,-187.71390084149985,-0.0,-0.0,-1672.4421149099176,-697.8804786784112,-350.335876668712,-365.05659119306085,36.48532740217946,-580.2709541756334,-363.12715692294574,-268.9454676606774,-2068.4493679289935,-0.0,-0.0,-972.0275477024893,-839.7550234159227,-2522.868704930917,-0.0,-0.0,-2239.2982373862865,-529.1661978268753,-1411.3465050889026,-492.8825189783244,-679.6020875763209,-2206.8264445785367,-694.0421616570113,-82.2411369164827,-853.9236145606847,-2255.8534362471455,-1771.8359680697286,-1184.413355829784,-0.0,-504.4876189603945,-0.0,-1650.6524556520549,-386.6148350726908,-202.20741311156627,-579.7885872163262,-871.8944177112278,38.239708695827154,-0.0,-1037.4707929075514,-605.7155315406848,-83.58266552944785,1445.112558777629,-65.49321242164929,-0.0,-587.4569398240293,-397.51066297056633,-0.0,-672.271463458931,-1467.3036315654097,-0.0,-0.0,-0.0,-0.0,-342.0308963005172,-705.6334611565532,-353.6977385420314,-385.43975018222955,-335.36445067208626,-1812.4817075937096,-719.7050058071051,-1211.0352429588872,-2305.6211072393967,-1664.0076120666909,-0.0,1015.940143902371,852.51448964875,549.095598744974,788.448743231296,639.4995125768436,-0.0,-0.0,-0.0,-0.0,-0.0,-0.0,-0.0,-0.0,-70.05806749074031,-782.5018274814452,-498.4979889757553,-326.49180831217126,-1005.7562267368193,-117.78645699541562,-340.7691295374717,-1094.0353088868171,-280.6157308463763,-1699.9177200241727,-785.2764983683528,-107.8857380444101,-445.3789973494476,-8.55621812792336,-0.0,-838.6887794722289,-163.1806192270229,-124.49982301585564,-824.3047728464679,-434.2076420919759,-1599.290850565347,-258.78055940574137,-0.0,-0.0,-2177.7410957707,-421.43459015522444,-272.683894754335,-494.2277456840409,-859.8172597363889,-453.53861827262295,-352.2929048080644,-0.0,-469.14143329148925,-528.4637157627453,-614.0525955860945,402.55008587149484,-1328.1875422677087,-1832.320827527684,-487.6962356210909,-634.8759243063187,-280.0702293860525,-12.954113831831139,-0.0,515.9319613106818,-913.7170338650627,-48.580491936628476,-1700.1996237992757,-0.0,-0.0,-1256.9547711639802,-467.51397842336775,-0.0,-702.2963961232889,-688.6692801605398,-827.5561085407038,-0.0,-792.7165353054991,-562.8142096678487,-2068.8204770910315,-4133.10671069022,-396.05102488304976,-0.0,-44.635763223154946,-396.6943723214165,-1623.419241635977,-198.71184022690426,-597.4583086861329,-629.7398437182186,-722.9476915553837,-184.90308649659485,-0.0,-0.0,-1268.0200793393064,-34.024313164778206,-415.7630938132371,-660.3650381682846,-1408.1147743893528,-2299.899210490805,-0.0,-449.3201896773644,-0.0,-0.0,-0.0,-0.0,-0.0,-51.09541455210831,-157.03559160738843,-388.84193072161156,-0.0,-0.0,-0.0,-0.0,-0.0,-0.0,-945.291884520205,-2047.8015437057559,-426.60748647634614,-470.38400547370406,-43.37921675599108,-0.0,-0.0,-456.10926687162953,-0.0,-0.0,-66.61321844236173,-2342.787488660099,-0.0,-0.0,-1304.7481937144132,-591.6216540446637,-904.2737636922444,-930.3314879348569,-778.3127426305945,-0.0,-0.0,-1184.0368911405853,-1980.41766584094,-1039.852925052819,-0.0,-1025.9336191481339,-144.93508733172115,-303.08601768916634,-677.9086724382013,-7.723238200374017,-617.8321685219352,-1802.6724563438981,-0.0,-1522.0996744495055,-169.57118743211456,-581.8566007743832,-1316.2998085124686,-131.92503916073449,-1073.5854741127848,-0.0,-1135.7359380494186,-30.947010933321256,-2002.6252433108336,-1967.888982643284,-0.0,-0.0,-0.0,-0.0,-700.181843172469,-870.7497021068652,-0.0,17.940644006627043,-411.5528044169631,-935.3999117564325,-2073.475430226143,-2393.3504241098603,-347.94814308324135,-0.0,-932.9613942339759,-694.9238063747831,-1859.9246419768178,159.71102113110854,-0.0,-2988.855601864672,-810.6145355733046,-0.0,-184.17227220520965,-1528.6677680573857,-0.0,-0.0,-640.9392792626289,-1411.2625514380234,-0.0,-1028.5571327172102,-1404.6679439012098,-0.0,-75.91157724121479,-521.1805233773239,-0.0,-1508.7950132224132,-2413.1668691860746,-994.3228795535271,-151.465494305053,-1878.7191228709996,-75.970162405783,-993.8262732459398,-593.0608536643941,187.53292675204395,-1143.0582264325906,-1258.0689552657468,-737.4092701532289,-1259.5513167639317,-427.20075598044167,-532.5264898292968,-636.4561073770174,-2008.0140839625217,-0.0,-0.0,-1711.5661957180946,-302.7613355934081,-0.0,-1531.5256874334916,-1125.9740246006445,-0.0,-2617.4631498446743,-472.6439289919099,-0.0,-705.0472746453607,-0.0,-0.0,-1202.4861532722884,-1007.8250669302504,-0.0,-0.0,-0.0,-821.1755432312269,3.9612303162541345,17.065513582894884,-304.0787833272728,-0.0,-1845.1282207278314,-1480.7203640906844,-535.1879259979197,-2072.058567311634,-0.0,-77.09807081008232,-767.3316198706162,-0.0,-374.0192498071898,118.48649899424063,-1222.0939237127225,-962.2667991567026,-723.41285053356,-1128.169692471214,-0.0,-0.0,-0.0,-874.6722172170294,-0.0,-254.74255878606527,-895.4692213901399,-244.3668697307246,-1300.2523342884163,-2180.442866189063,-555.878358655695,-2005.7017465762524,-0.0,-802.863017552336,-1695.2624799858015,-526.049149961127,-1167.1097489299332,-270.49223394454253,-586.9125561198549,-1457.6062070965302,-0.0,-0.0,225.7499872241802,-2448.3843014141157,-901.3623176118124,-259.5738133903762,-0.0,-367.96927558524425,-272.6610927856415,-578.0065261953606,-0.0,-0.0,-702.331262400544,-0.0,-57.53596685469704,135.44881877109685,-86.07744836078875,-2230.1266666256993,259.69898025994706,843.776751810861,206.13538150392804,544.0706310907531,40.0932558128011,-0.0,-248.8708237877626,-795.0244511486894,-295.7207709583428,-57.77061161354371,-0.0,-0.0,-0.0,12.397494935822612,-20.548571541448062,-923.2966998117251,488.18009173651103,2219.600296496,-0.0,-0.0,-0.0,104.60260646881122,181.98109780553796,-0.0,-2935.376882552664,-0.0,-0.0,-0.0,-0.0,-0.0,-2482.737135194213,-246.19750952652043,-0.0,-120.05079795623818,-1664.736184665246,-130.06316297304642,-1036.6265801846446,49.32281800894399,-1940.6786194905872,-3593.1347802291657,-1824.6708690008663,-0.0,-0.0,-1401.7767595562063,-1001.9230166461622,-752.5301564266467,-415.5248769244396,-321.02126647592956,-965.295300436731,-915.5108733149872,-5421.373725878778,-635.1768110798888,139.4327265383962,-623.7791193483574,-858.5379333541556,-655.5077017877869,-610.0129382910204,-7.821423766737077,-1856.617631922054,-835.5300706166337,-566.5424349272308,-0.0,-0.0,-0.0,-0.0,-228.3050018310848,-1206.0537247343834,-0.0,-1274.3131640856257,-1540.8431390544508,-0.0,-0.0,-1361.2926571500102,-0.0,-0.0,-193.57510461852394,171.92515304480412,-0.0,-0.0,-2442.2472164482956,-1151.802661480558,-114.59819051971792,-1207.1014852516462,-1259.125701708671,-0.0,-295.87269129007245,-480.36885670269606,-0.0,-1469.0550059142834,-272.3229786153162,-1017.222340196328,189.2644347087636,-841.9059472321792,-195.32215749478684,-340.1345834401356,-48.007110469574435,-44.88508474620649,-540.5297844762556,-765.8164851279738,-471.7191248432151,-773.0459253348172,-0.0,-101.36003593364119,-645.832551548166,-273.8684657118556,13.720119857060238,-0.0,-976.0230417278972,35.191242840223275,-1111.6561908061667,-0.0,-0.0,-0.0,-1856.0911542184413,-0.0,-0.0,-135.44367834010353,-0.0,-0.0,-0.0,-0.0,-0.0,-0.0,-922.9431490244369,-1417.417603462549,-0.0,-0.0,-0.0,-0.0,-826.3642896990955,-430.56495732319206,-0.0,-0.0,-1612.9433811848653,-0.0,-1328.199437801363,-2184.783906728699,-0.0,-0.0,-0.0,-679.315733131889,-0.0,-0.0,-0.0,-913.1453663170767,-798.1802225605896,-569.1045878335947,-0.0,-0.0,-179.73292784992307,-0.0,-3733.0338690690933,-4829.836163271042,-0.0,145.43084053861645,-0.0,-600.9270475940009,-739.0598299616637,-1849.7371846513686,-0.0,-0.0,-72.46330327466922,-595.2905239216611,-1268.2626330508374,-686.8845159882328,-399.4734497776912,-0.0,-0.0,-1243.7685731277645,-824.8578877150197,35.59763283937741,-0.0,-0.0,-650.0291757536538,-329.9750081657049,-47.61626002608575,-0.0,-0.0,-0.0,-1896.656058763243,-449.8357081093342,-1204.0017830080526,-4507.751195038723,-0.0,-821.5381008361841,-989.1469503448906,-2226.4087367052216,-414.7359618151582,-0.0,-0.0,261.2523516463567,-1154.2530651697339,-1660.535060500744,-422.7473532827929,-122.32003313446599,-0.0,-1893.6329294507225,-381.32263196622984,-1307.9515201498011,-770.1601124765764,-2608.1880421527467,113.11282368198442,-924.2181543340034,-808.7271818645452,-1857.0837768343918,-0.0,-0.0,-879.7097263413651,-1792.992190640751,-1701.693963623487,-900.1836950198286,-0.0,492.3555060347449,-108.28911897265117,-434.0906000248025,-0.0,-15.724520507493441,-0.0,-2590.480248254422,-35.00240484989343,-0.0,-0.0,-853.8456835063437,-1174.2887310172405,-784.3064322173191,-244.49157806084966,-708.9308772561998,-0.0,202.46513092471633,-775.8080477967011,-62.288829341169624,-1509.4895285728426,-0.0,-1353.19619742634,-162.8523364729145,-601.8341950091026,-413.5213175481733,-608.8216681293412,-45.6706597010612,-4.5768471201023075,-1173.2427267365754,-1183.8642228038566,-1505.613231821526,-204.9624537011753,-1297.0721223691235,-4.13501612934249,-0.0,-681.1188976711475,-2970.940940763817,-0.0,-0.0,-27.623758983563423,-2051.6696908381114,-212.50260350184314,-612.8184583866732,-345.60483594485487,218.00722001315464,-0.0,-0.0,-1415.810798206179,-0.0,-0.0,-2073.5111043952506,-1375.7083740118928,-882.0561839563622,-949.4856970359374,-469.0959385891813,-824.8704562516855,-917.3691024923868,-1237.1641932042412,-2234.8067738255654,-0.0,-0.0,-0.0,-0.0,-41.841629269862985,-0.0,-1883.6056418866337,-631.6724049248822,-731.3144338892942,-827.6843513899961,-460.80672808505335,-0.0,-1429.828940854069,-581.7981534702797,-0.0,-2543.989594301019,-1612.1106181776652,-0.0,-0.0,-2824.7835159051656,-1664.5166273313798,-442.6059556938766,-793.7245485573011,-0.0,-454.76815156112525,-11.796755531488497,-0.0,-714.8513606989311,-502.0059969808917,-596.5647675670194,-0.0,-0.0,-0.0,-0.0,-442.85046114141414,-1083.4927895261906,-5994.728221040216,-0.0,-0.0,-589.2109750668557,-615.3285003078698,-1755.1274559834378,-599.987703012928,-70.02278012720143,-414.81403640772896,-0.0,-704.0118682125598,-568.8923476790102,-0.0,-698.4700419107594,-1266.3626384182953,-0.0,-0.0,-0.0,-0.0,-0.0,-128.23643162447104,-1990.9481256810363,-0.0,-1120.5781146059003,-920.8755187069077,-0.0,-1970.4843622445994,-762.8475890874746,-1110.7355023102239,-1428.9394578548688,-20.566727140947883,-118.50614491930061,-1296.1201299416884,-839.9219109801845,-385.484312608184,-0.0,-1394.8453575144335,-1294.602157767016,220.43103893365236,-0.0,-625.0568405589665,-938.4254786771564,-909.1945070725101,-48.55613547666822,-0.0,-560.1066918549769,-0.0,-0.0,-2786.80729590763,-2404.430965727388,-1925.6322124452568,-1655.4895787492326,-0.0,-1067.870876950049,-2014.8970748638021,-0.0,-5918.200967501196,-0.0,-0.0,-0.0,-0.0,-960.5462996339021,-2303.0537617671075,-2571.7669303115736,-19.38621282937532,-2025.9703170552923,-0.0,-938.6391987613847,-23.09780141222094,-0.0,-0.0,-600.5845916226335,361.94707027992024,-0.0,-454.2997703336313,-38.720536650367514,-0.0,-1388.275666389092,-0.0,-2248.352135891869,54.37282915834054,-0.0,-0.0,-989.2119976592267,-1529.586805049829,-939.5310088611899,-1301.8017530396155,-1169.5657226878363,1329.4745316339402,-50.92848212478295,-950.1765713965916,-81.23245111717074,-2136.2632058531267,-899.7679920144828,-839.2600060777534,-497.1732114837237,-1536.1682172624774,-1883.6384365036567,-435.8083449660314,-1997.7340227231819,-350.0316916637702,-0.0,-0.0,-7.641616033812465,-0.0,-0.0,-0.0,-0.0,-0.0,-0.0,-1579.3719280971586,-672.8534203047622,-1363.1762226962103,-640.9784938598241,-0.0,-606.6336437309669,-1197.4571561488247,-1063.9172766340596,-2042.481782405735,-1276.7655105140554,-66.3533896431464,-32.07072124830207,-1176.0662359691614,-1149.706163530798,-0.0,-96.79205045376052,-0.0,-79.0319381035001,-812.6923246356614,-198.7078967474307,-534.7811167425474,-954.8364814835957,-0.0,-0.0,-0.0,-3315.363052251542,-0.0,-95.42573339624744,-0.0,-232.98163148936268,-980.9948283146935,-1160.0389113425604,-746.4656384454025,-0.0,-40.168607962261035,-547.2612335353602,-468.6632651237644,-400.5098322114912,130.24918053216956,-1126.6986302000498,-0.0,-0.0,-3051.8412641599316,-0.0,-1107.3555401469364,-663.1523886880547,-398.5126925738406,-261.42908269852705,-1266.2208513657363,-2757.747948722688,589.6161635786789,-2223.9461257207686,-1659.0926685064453,-531.7499404814207,-4.390705235205582,-0.0,1342.5917573541249,1252.4829335193904,1247.167143280056,-0.0,-0.0,-0.0,-969.3735337270513,-0.0,-294.9745397650056,-179.9468243985667,-0.0,-3588.1474341532657,-0.0,-1483.524227161738,-138.03145569532685,-1001.2018927447334,-680.991694753796,-1627.249066330888,-1700.8043023028288,-0.0,397.57846874432937,-2400.342345541593,-1909.6438646651272,-517.8368019685133,-1631.7419248493825,-1785.9576189632787,-0.0,-0.0,-406.2355261229377,-744.8866406306266,-2355.5404860330455,-840.5746096131952,-142.69851309482394,-0.0,-0.0,-636.226053516404,-0.0,-0.0,-0.0,-156.55425651566978,-1244.327374166759,1648.435884871753,-1293.6076687932123,582.6560975573781,-827.6588447251432,-976.6854438281244,-8.378695137170803,-4444.703717463096,-1110.2644732708968,-0.0,-76.70022685145186,-2355.625637420737,-1911.5683475727872,-0.0,4.378241624455399,-0.0,-651.3634882167487,-0.0,-2142.691490660116,-1846.440939295604,-0.0,-305.29789204088377,-0.0,-0.0,-0.0,-786.5882570887663,-1079.7386817031463,-406.36036967900236,-998.1416278082982,-1794.2161789649292,-900.3880148199197,-484.3013610368667,-536.0010648563175,-0.0,-1626.764208077913,-244.07198573132675,-752.674403203363,-1099.0684936666728,-1569.087541823678,-1493.2295865148037,-419.77214958465595,-1824.241836258822,-0.0,-0.0,-0.0,-2410.131854803943,-0.0,-585.1888964070882,-838.6002096268824,-0.0,-787.0569035794948,-636.4609270507067,-852.7843285102792,-706.5202175006009,-198.7901392209431,-1910.467751835575,-4861.278032874142,-243.10705581121775,12.974260326587887,-0.0,-119.15354925113998,-7452.75269883147,-1823.380563657512,-661.5488826746505,-2378.833684867392,-266.7612939445601,-0.0,-8.41338782803975,-676.7819464270242,-94.52023669829103,-971.3421952988431,-1038.7392856340743,-168.9745604168683,22.771258447092286,-896.2690095535152,-2366.7726194059765,-2073.8953727535677,-1898.1518371256677,-0.0,-1541.4381396002861,-0.0,-117.30772674007292,-1118.0491298443353,542.97269446981,-0.0,-0.0,-334.1929508369165,-842.3159209389268,-814.265322837514,-1306.6572175282738,323.3976794674697,-1566.051941915956,-75.37391810520833,-342.5969747407901,-1574.5531885470832,-1830.780879469665,-386.5049248692047,-0.0,-0.0,-0.0,-0.0,-0.0,-1833.4065814486291,-0.0,-705.7376335899145,-910.3750375180858,-2665.527132722029,-0.0,-0.0,-81.79503677597812,1152.7101620618719,-599.0283716724168,-1319.8798097169092,-0.0,-1433.8735714263828,-4585.094535763866,-746.2438654706298,-5687.857252220933,-1136.6662821035475,-0.0,-792.2257328757585,-2694.5765332141505,-152.6936050729734,-0.0,1183.6133799820964,1358.1249289343896,1298.519478256598,-0.0,-0.0,-0.0,-0.0,-88.5099232426555,-2455.478210360099,-4.550201938612897,-0.0,-1909.5735829768703,-1185.025425478862,-371.6796579441116,-4.5511617040029595,-0.0,-125.43459969979605,-702.7829747140829,-0.0,-0.0,-38.59436834381893,201.84923659549878,-2078.317258153848,-0.0,-1007.2708724230597,-76.5810129273959,-89.46018216594356,-0.0,279.45355714604426,-97.99825049716488,-497.1420083167176,-2031.783669288066,-0.0,-85.8442158541434,-1314.4984797390293,-1126.0683095057393,-0.0,399.1117648504321,-0.0,-1006.8811866759813,-1090.3416725533211,-7.718293191431953,-0.0,-0.0,26.67589148272283,-264.99881676665217,-182.16292355927467,-81.5733446075537,66.0341959790507,66.05849664611421,-751.4219318050472,-765.1958867141983,-1143.2274392667348,-0.0,-1971.6219142778423,-911.7587595449775,-0.0,-0.0,-1073.0668990425943,-2193.8236547942615,-575.4972513817783,-0.0,-2842.149232670828,-119.00070413678063,-74.07161206963245,-1233.773392918509,-0.0,-360.65991396945,-1320.0371480256404,-3.8655553932524134,-0.0,-4928.910463791237,-179.01097949891388,-1455.5278860496126,-1072.1827764036059,-1132.690708812651,-2151.395937374322,-96.24471959138738,-834.6401400893966,-2057.4425859415287,-1249.5944128582264,-1104.4676307547918,-252.3980601175555,-1859.4631418508532,-0.0,-3075.3116051605016,-0.0,-5484.153404667474,-272.7105139026988,-274.07469088478183,-1395.3490363281774,-0.0,-0.0,-0.0,889.9916125954367,26.94401117047303,-969.5400079224331,-1444.9459510715471,-386.9504002039445,-1038.120132535385,-0.0,-0.0,-1418.147648523109,-328.0900377776067,-449.783558928604,-202.64290724216355,-0.0,-1549.799091996093,-390.69109102739833,-1735.8182187450527,-0.0,-36.564529508306016,-0.0,-1847.1941588320205,-833.1539306752154,-1863.8339330202357,-0.0,-0.0,-1628.9242356087582,-535.0220943895432,-706.7192114727102,-1482.3731136561141,-333.0553332097509,-1239.4001875855358,-0.0,5.4863714673658235,-1056.4852599354572,-3908.4985586227717,320.00315243853765,-1379.42136317646,-6547.026397017743,-644.19296894084,-680.4203353337048,-214.511556596183,-120.44837567022213,-945.0568020452961,355.72991101148233,-102.70046681722751,382.93137986609474,-1198.8182230709585,-514.6248771400028,-0.0,-1327.6647873521038,-1786.0137626474207,-581.7295376383668,-437.95951763759945,-0.0,-0.0,-35.22429834493806,-1100.3577790170964,79.03662078128089,-2102.2046366549544,-0.0,-0.0,-432.7810110440324,-643.2452938589616,-1103.2216359657448,34.716669694129564,-2792.3896082407423,-1449.369151019783,-1369.1532214188533,-154.93002479439357,-0.0,-416.03123404487144,-0.0,-632.5090054836345,-13.550726962522646,-1572.0729746063191,-488.9517271135775,-1540.383494521165,-370.97918652961334,-295.19597179130517,-0.0,-1248.7886529419252,-684.0252640727593,-1242.3674856288187,-0.0,-3262.3312336405265,-1255.8406349693173,-1484.3789066397026,-971.975275414639,-996.3328622621458,-61.957571057617,-2268.2644661152563,-788.1689050722257,-1282.421010015596,-1842.2609196725348,-198.96957796354434,327.4965456747258,-1006.2646881378341,-0.0,-0.0,-17.359755868963187,-55.83133785555577,-15.632265529927125,-276.8671998530485,-0.0,-0.0,-0.0,-0.0,-0.0,-0.0,-0.0,-0.0,-0.0,-0.0,-1392.389982322465,-2368.0657940313704,-1917.247178430375,-0.0,-0.0,1303.3574555557263,-417.2830779069237,-0.0,-438.82893131018074,-389.5371976938392,-939.130514924429,-846.4916387563029,-1082.2660691810213,-3.9283462546087233,-714.4456730010885,-427.7068166699586,218.18781225339623,-0.0,984.4942065849386,-0.0,249.58306180527453,-0.0,-335.7988735866013,-0.0,-461.0341626858454,-1073.707314675731,-1830.9273703964866,199.6156435609998,-0.0,-0.0,-0.0,-0.0,-0.0,-466.92063260448606,8.848622056361487,21.779924347506693,-0.0,-0.0,-545.1721169118442,-0.0,-57.57248026407101,-689.4943222495516,-4052.6687424698484,-0.0,-1300.7860406042005,-0.0,-628.6626980012286,-0.0,-0.0,39.374065232995584,-0.0,-268.9828858945006,-0.0,-0.0,-0.0,-957.8312974967525,-1630.371828803566,-0.0,146.46815472454693,-2179.991233072755,-0.0,-92.76472866111826,-340.5110391601859,-0.0,-0.0,-1773.129308500623,-0.0,-795.0105073505575,-1325.5375480203709,-160.51658784649115,-2717.878145998983,-1747.9778333499758,275.74293727719123,-711.5573804482877,-0.0,-1209.6457982716204,-0.0,-0.0,-0.0,-3803.0455948404688,-881.0490798282472,-1412.99675718162,-0.0,-396.89230439844914,-18.14788278699528,-1123.2015638043495,-2144.075524460172,128.61708879758473,-2558.7770022589307,-0.0,-1712.7719719213276,-2452.956565355683,-0.0,-0.0,-0.0,-0.0,-2160.4343596627746,-390.72789252202256,-1295.8199381101006,-0.0,600.0448540591384,1352.0122943408796,-0.0,-0.0,-860.0477464628027,-859.4464949860939,-337.36124469336175,61.60972284293485,76.79623151316653,-0.0,-1431.8689600849257,-0.0,-272.61346275735286,-1162.5436787709464,1645.3104259596125,-0.0,-0.0,-0.0,837.457283439175,75.94015526095806,-874.4944351065598,-0.0,-1321.4058483540314,-0.0,-967.24676231197,-678.2939043973441,-0.0,-0.0,-0.0,-0.0,-0.0,-72.60281586514823,-0.0,-0.0,-0.0,-1146.5456075512773,-289.39465303436714,-0.0,-0.0,-0.0,-114.26574441225371,-83.19566220356415,-574.1358528608806,-652.6332650279053,-2856.953452501731,-820.1950640868124,-456.93494648754637,-0.0,-2500.9910562842338,-45.55286198787853,-0.0,-1045.0068334626658,-2457.2655286756326,-683.3325882375074,-518.2484239081816,-1109.4616206684761,-225.12971281091558,-661.4500793562389,-723.2328444654119,-831.2118571779698,-199.20475336769414,-1824.1128023730944,-786.1828107274828,-372.3529653243776,-0.0,-0.0,-821.2672813594934,-3845.408680234865,-0.0,-994.5532322524987,-421.13079467788157,-0.0,-360.47824429098,-626.6138556855108,-768.0470266418683,-4.264430710976232,-0.0,-0.0,-0.0,-0.0,465.45165254312576,-0.0,-609.2670228882494,-0.0,-0.0,-653.5374011673215,-1184.3654122892247,-2630.5781776968684,-534.2563026921523,-595.9791267141003,-111.28216785127222,-2124.2063353851568,-0.0,-742.8196841772137,-382.74909633805333,-481.41698000547854,-1021.7450506205847,-1003.4479684513292,-1458.0769412130735,23.67772589024884,-369.26451914968544,-0.0,-1078.769933554918,-1146.465187231967,-63.29136136007279,7.446579569630293,-2413.37611021217,-1224.783964006563,-724.9026214873479,-0.0,-656.0878955253733,-609.9130536495708,-610.4792791593011,-2248.386322125624,-8.218809696533784,-0.0,12.903391896898722,-0.0,-0.0,-236.11674776411172,-3369.1860750836795,-213.14542458304334,-1517.5660169437037,-3287.818176978918,-0.0,-4797.18225256897,-289.9015961837814,-2381.7391506880545,297.1802384392143,-0.0,1537.0427554133385,-783.6015922554407,-0.0,-2220.2234179950415,-0.0,-20.14680160061464,-0.0,-0.0,-0.0,-0.0,39.155250908951466,-0.0,-0.0,-0.0,-527.7821325781399,-1460.6793363631891,-722.829358902386,-0.0,-3566.308891492618,-0.0,-0.0,-0.0,-229.61864449344753,-304.8221114212739,-0.0,-1812.2961728280516,-0.0,-0.0,-3572.7956832238847,-0.0,-0.0,6.159152882959914,-546.2933514735204,-21.764920090995464,-0.0,-0.0,-181.88953912175424,-0.0,-0.0,-1370.1318270430056,-1208.7277432448304,-1424.2935812355986,-0.0,-273.0726703946873,155.6673171309254,-411.18472833858823,-14653.153132109937,-0.0,-608.4328661530122,-1275.751225495752,-1496.498352828922,-0.0,-0.0,20.59098933128251,-350.70524876856973,-986.738605592765,-0.0,-0.0,-0.0,-538.5412143770906,-2672.2835936029246,-1488.8317249439604,-0.0,-0.0,-0.0,-366.8046227116749,21.688555016387284,227.22574342764298,-1077.3983352544128,-0.0,-0.0,-928.6530966818424,-0.0,-0.0,-0.0,-2840.257205829698,-1121.1299306182066,-0.0,-1092.4516046458637,-522.8701445845079,-349.81033501326857,-689.0313513920042,-998.3350402670409,84.33096969322087,-1076.8229574960005,-1045.1351009893463,-66.53306131304957,-1252.446540257855,-0.0,-0.0,-0.0,-0.0,-630.1708720230075,-0.0,-0.0,-528.2688422241044,-1852.1791202503673,-672.0549255860204,-0.0,1452.4193925083587,1328.1430490586852,1203.271997322848,-0.0,-0.0,-0.0,-813.2426546999122,-210.96743489703502,-770.9491615025595,-95.61741562817052,-601.4157491570686,-1638.005225157135,-1316.9553552850507,-2150.155131239797,-0.0,-0.0,-0.0,-0.0,-1010.338924533653,-728.6685102091994,-1692.7055207534354,-449.85855515116197,-1329.708735179277,-1985.7016546238447,-1787.7534746538581,-0.0,404.53796894655073,-415.87982913880893,-430.2277085183543,-132.9538631470508,-4299.962641002222,-7.59853887595189,-0.0,-765.9975333617707,-1347.4671265594425,-0.0,-46.86202256179285,158.32850617369692,-166.80775409106954,-427.01137499763826,-2047.4178775275363,-401.17368453810104,-1560.5880730629501,-0.0,-1834.4591244462877,-1580.8255246556246,-1239.8697432871975,-0.0,-1738.2653953875015,-627.5973781520014,-733.9026434418129,-909.0722218876392,148.61336351765678,-1677.3249414985282,-1343.6225271866329,-0.0,-125.78226483151549,-0.0,-0.0,-0.0,-1062.332757068635,-687.1770878520756,-0.0,-0.0,-0.0,-3552.2473603359645,-1970.9662251883028,-0.0,-0.0,-0.0,-1479.2447022684723,-844.231064470784,-0.0,-710.5296582857727,-1414.8722982910197,-616.9441332377543,3.8296537748983503,-969.4762831411074,8.39975839928896,-1527.0678881278127,-1818.0823353235999,-0.0,-0.0,-41.188155504697534,-0.0,-0.0,-1379.8852794811846,-109.80577796826243,-390.45134783903615,-0.0,-0.0,-0.0,-984.59078358999,-303.69122817037686,85.05060249338173,-483.4069969899759,-229.86375293471718,-2095.377939783751,-276.50727488773305,-570.6227008509916,-1174.9878997190344,-0.0,-379.1002045865963,-0.0,-1782.3698866344064,-1553.851894868591,-1754.6618156869122,-304.87665407328217,-280.49017544125576,-58.06733016769106,-844.4388242264768,215.4950039948803,-0.0,-352.7103802744105,-0.0,-0.0,-429.9799688637335,-97.45136446522454,-2442.8662170561342,-2534.0652708198395,-613.7859827334349,-0.0,-0.0,-1058.8302722924816,320.7993662946698,-0.0,-0.0,-0.0,-977.2975229058477,-78.12848450353147,-306.36133194144867,-4357.639378115458,-1442.7165457186918,-716.4756227335537,-412.8837588089068,-209.9494751957074,-866.5509194300756,-565.6658906285912,-494.0947883049594,-0.0,-908.5013892868607,-691.4910190632489,-1589.0311047396324,-0.0,26.549438044490795,-8.35658625657608,-0.0,-0.0,-1489.4210135521453,-0.0,-3783.390294398991,-1320.8603451321892,2853.785888253659,2746.680105920046,-0.0,-0.0,-736.8213386563389,-950.7395522816925,-1303.956761054376,-316.0128551920329,-3530.734349390732,-541.6606904263876,-0.0,-0.0,-0.0,-1456.4242577966374,-798.3092374118216,-183.55422377320096,-2595.888344191488,-1151.5860647578254,-20.29569186007646,-443.78383638759163,-1117.7768566807683,-359.1812262060444,-514.7552677144249,-0.0,-4.428969998021185,114.99991965291254,-1064.310705498529,-154.98607683805298,-0.0,64.4203440473125,122.29926734963836,-212.12710315405587,-1321.121074602125,-2094.9050456372584,-77.38372438935039,-1030.8041158490983,-1233.8485867542822,-0.0,-0.0,-745.9574370130423,-0.0,-0.0,-0.0,-0.0,-565.5237410331897,-39.06244383530473,-1221.2279834904064,-1199.8803124609158,-2279.2236937598436,-1046.8963676418255,-0.0,-594.017986197514,-0.0,-1402.218306306803,-1424.0719025845972,-1361.2157296893367,-1000.1917654802279,-0.0,-1497.3050488367041,-0.0,-0.0,-0.0,-3743.3928338260193,-1099.375126325772,-249.67872153371275,-927.9790531286667,-715.5899394855782,-1010.739529155773,-0.0,-0.0,-0.0,-0.0,-5629.514525611782,-748.1018414300042,-1781.6907914815147,-3813.429379410824,-2085.0784081446163,-435.5493816337777,-0.0,-1886.9515718455277,-857.5575822475764,-0.0,-292.9566795187414,-378.56352766872914,-0.0,-936.0598472228506,-246.0892056712771,1488.5111137188562,-452.4365581600216,-0.0,-0.0,-987.1620374224116,-802.8279286266668,-2205.245405950392,-406.80680367674563,-0.0,-0.0,-671.49085733459,-0.0,-0.0,-0.0,-0.0,-1322.5043718245813,-547.4015176529024,-1240.2439952717893,-493.54490594614435,-28.175569527584614,-751.8133677217461,-0.0,-0.0,-0.0,-0.0,-2364.42051283899,-0.0,-0.0,-0.0,-0.0,-0.0,-0.0,-769.691210311909,-0.0,-2610.6895617150158,-516.2168938070786,-223.92070655380132,-1154.8874851281462,-0.0,-0.0,-1595.348153441513,-1477.493622625896,4.132433463212423,-405.23096787604743,-34.14542783406231,-1570.054749419322,-837.3951531250528,-0.0,-4045.186109201653,-1324.7264641715556,-0.0,-0.0,-34.83930875393935,-296.81667052027404,-1221.237407804426,-0.0,-0.0,-56.87822342176898,-1586.8663103414754,-515.7666557094112,-342.9782148299473,-43.29245256756817,-1833.606488329794,-0.0,-0.0,-0.0,-0.0,-0.0,-635.6155434153138,-451.122242968713,-605.5903239812349,-4324.023033907964,-1598.8828275938333,-1208.9385188498381,-19.24552111630818,-834.175877416212,-1314.9015637044329,-20.42723132153096,-0.0,-0.0,-0.0,-647.6489596604468,-479.94214692125604,-1759.115327283319,-656.6016951355739,-0.0,-1542.4543480077482,-0.0,-731.3384259845761,-0.0,-0.0,-2059.4132019982826,-649.3932863262654,-603.6966742504472,-1555.2380722212995,-508.98825099421106,-13.448225909225314,-708.2966138474134,-1315.994016285642,-0.0,-490.76673780384203,-1216.9883039186009,-4375.170585327684,-0.0,-63.30962234496958,-2347.8262160137174,-1517.4407321896033,-1294.748042976994,-542.2849776219551,-1122.2882984996302,-0.0,-250.15824503965317,-0.0,-262.5044691333675,691.4745602144792,-0.0,-0.0,1006.0321877087547,-0.0,-2332.7231119909184,-663.848085632306,-1108.486569148156,-1104.3403936300344,-1425.204328549218,-404.1489654274482,-66.29284685529603,-0.0,-0.0,-872.8571135957482,-763.8479243868098,-747.9315460029602,-0.0,29.562333507484894,29.91729459020829,-161.51842697963082,-3074.80290509724,-1888.4396082918288,-0.0,13.20709642839535,-1349.17962560667,-4227.248858911447,-2676.22990809048,-492.94065791820725,-897.5144964150633,-1198.3708849285165,-0.0,-224.15700212974713,-0.0,-537.2822751219327,-281.1312244271587,-1633.6976179663775,-2291.5091876815013,-291.10094004230365,-527.1343054009869,-4765.04036395671,-1221.7623614839365,-430.83778041316623,-487.5054681133463,-1485.7276319993691,-471.3406068484784,-8.148387891617146,-1429.6858269467298,-1633.5562335635052,-0.0,-0.0,-531.5116175084378,-1262.3220619278625,-358.37361802844185,13.427764451386677,-0.0,-0.0,-0.0,-0.0,-0.0,-40.97798580312056,-751.3694239114467,646.3791727056987,-416.0754652885246,-719.368725707375,-513.755741144189,-1109.1019406689916,-1597.8347734854221,-1039.2597974559565,-1805.4239189028353,-488.94296921566087,-650.7036286562695,-1502.6968618514823,-633.26940154109,-0.0,930.847663553197,-484.4562962448384,-41.45783327862607,-0.0,-935.5218774283787,-552.1726790547931,-1613.827252447592,-1865.6972130676854,-2546.389866765105,-0.0,131.14464142385285,-0.0,-0.0,-1063.1097898096282,-1519.2768153209681,-0.0,-959.3859815262172,-8.846797158351174,-0.0,-0.0,-0.0,-2612.568724049813,-735.1973975349977,-245.62834894799835,-180.17808420633767,-0.0,-0.0,-1239.1587144709686,-1552.8094611723777,-988.6391978549653,573.6406479229202,-9.267786558524808,-0.0,8.877153533375946,-0.0,-1604.0998055673356,-600.9978338399733,-1206.3076398041655,-1897.6181796446103,-1704.0028385412802,64.4380062065139,-0.0,-0.0,-1811.0043019453549,-405.900364670277,-0.0,-0.0,-139.8769916060346,-0.0,-55.2128963691299,-0.0,-1181.598640366086,-827.5564823456713,-0.0,8.884119735099612,714.6645475623083,-0.0,-71.7475278127393,-2316.229046007003,-0.0,-0.0,-660.705815176677,11.711866341059656,-0.0,13.18219856889712,-425.0851966307,-1653.188822704595,-0.0,-847.6298493435596,-0.0,-1127.668428229669,1830.1313940670725,-136.44736722989927,-1736.7538139012167,-1577.9740860074553,1071.4073035529511,-54.10384778139301,-2459.6428783723486,-812.3224630667901,-945.3471536174329,-0.0,-732.8028098688727,-87.41181447359398,898.179646088653,-407.3646646774599,-1530.4339911505049,-0.0,-0.0,-0.0,-761.658060459738,-678.8310691191255,-640.7587757792771,-1035.3444486227886,-1139.3456546608,4.4875155398934226,-976.3210878542374,-987.1558943300076,-1274.1244840500897,-0.0,-0.0,-509.71248947585,842.0243208171773,-6369.411738459175,-0.0,-1567.3015059691954,-1811.2102319565088,-892.5870981736218,-837.7763846972005,-263.6880899070044,-2749.8901506466227,-298.6908646214009,-0.0,-1018.73654739252,-1006.4411027364843,-636.9362812342833,-0.0,-1406.4954768105074,-2255.4845122668626,-29.890182372007825,-1048.928191651766,-2510.909756236683,395.28378779850294,-0.0,-463.29973070416827,-133.6230899732621,-1463.6895801884941,-1019.5577497844631,105.78941718961076,-123.86836014326094,-734.0850102800425,-471.4028893659436,-572.0287091601792,-752.515197382953,-573.1572003830504,-0.0,-1374.7737753996823,-0.0,-1254.2275815340565,-726.8859102676279,-204.68397447709864,-0.0,-1873.13454944674,-4990.571056153656,-0.0,-476.01520245308234,-0.0,-2518.3366245213906,-322.21131168508913,-0.0,-341.7738885596542,-509.46500376453776,-0.0,-2190.641137352878,-1483.0861612190317,-0.0,-4028.4105598984315,-131.04169252806707,-1302.7826527934862,-1422.3587644084832,-1783.9165771321072,-128.02708431192082,-0.0,-926.7660993955794,-2191.3527095106174,-550.520425644166,-928.7688709325374,-1058.8780360585204,-1782.1166363334519,-2288.9625227384577,-908.1566361233748,-1904.7647132726427,30.328454069567183,-0.0,-302.0905119095737,-1543.3547127148463,-1147.5907427147115,-0.0,-0.0,-0.0,-444.28504329333185,-406.96181187003214,-13.790150408073997,-584.572454213016,-0.0,-1297.3502878275708,-779.9812998976196,-545.9487669495917,1.7634210526357215,-0.0,-347.5002450851599,-1600.8891671024533,-1034.693417388078,-335.63110591424226,-854.3077830816709,8.563456099773262,-0.0,-0.0,-3189.815702387214,-956.0956630927516,-0.0,-0.0,-0.0,-80.571729604083,-1082.994939459885,3.799678602990308,-1772.7145892089934,-1544.021259220236,742.594706841082,-0.0,-598.9506992854344,-0.0,832.6645053857055,-233.40328251756043,-0.0,-1685.010580711893,-321.7299355044081,-1688.6072642850174,-0.0,-1587.7517263184739,-568.2629850657995,-231.59170619539196,8.620473340822869,-37.55798351329777,-0.0,-0.0,-715.0017596067382,-1272.5188050066185,-0.0,-589.7930633670837,-0.0,-346.2282690568668,-636.0416924421016,-0.0,254.9563754881193,707.7097591523712,780.6433486997997,838.424707088012,739.3440085158579,929.6819276721745,-0.0,-0.0,-0.0,-0.0,-0.0,19.077672169876962,-0.0,-0.0,-714.6836486290972,17.271464178687193,-386.28918952456985,-180.54167217987958,-0.0,-924.9709200312891,-1515.401010208613,-1992.7659844644302,-263.32704856172904,-220.29748437475715,-0.0,-0.0,-572.4170426050233,-0.0,-0.0,-0.0,-0.0,-2733.890852496646,-0.0,-40.55423613170701,1033.0864632422306,-0.0,-1061.7862006335472,-573.8009001187472,1170.3332110580125,-968.2372539858611,-0.0,-3144.216248056717,-2053.7514490684107,-244.89429157789448,-833.0675781795103,-1333.5098944756712,-580.6534183232844,997.6527198590165,-87.44943035604463,-549.3560759387016,-0.0,-0.0,-568.4934614292075,-0.0,-981.5457615235683,-0.0,-487.3266586204097,-118.28311771578484,-0.0,-0.0,-1262.0263851944974,-0.0,-0.0,-568.4037927317269,-1293.90709017832,-1760.5444963584541,-0.0,-0.0,-0.0,-1975.4493154215104,-0.0,-1237.1697575411204,27.044246336274423,-0.0,-0.0,-1158.1103228785123,-938.8925758775532,-1316.735470063225,-372.98682513372563,-0.0,-1246.058099273017,-290.7244890013718,-0.0,-0.0,4.459988286554191,-43.6596059381338,-4030.8773978043314,-0.0,-44.30037954895415,-45.2679842550148,412.0019133617482,-88.50963726714551,-769.1504642086944,-813.8783907816952,-446.84149799194086,-0.0,-0.0,-1611.8276966078668,-0.0,-0.0,-0.0,-0.0,-0.0,-0.0,-0.0,-153.53590982974652,-0.0,-0.0,-1926.8499359238504,-8517.602301943609,-123.0717962673838,118.06451576577376,-488.5689910854344,-576.2198105704033,-452.66336446576884,-3836.818341365578,-247.01030206995836,-420.5956855297974,-0.0,-0.0,-0.0,-2019.3753304899144,-0.0,-87.26777114689503,-0.0,-0.0,-0.0,-511.9199656944895,-13.584483043227637,-304.0834538887569,-1364.7233174663324,-642.7154920587966,-88.48929448234618,-1868.5214003096246,-0.0,-85.62814360693571,-2013.647678530579,-0.0,-1352.5030395812548,-0.0,-1384.8518552087558,-0.0,-0.0,-948.9752823685593,-650.1438347594244,-34.26878605801994,-691.664547500809,-112.20819085278544,-756.316681864827,-159.5709988928642,-685.9399407176722,-687.4673835782529,-2194.3289495354984,-963.0223095364732,-0.0,-1712.6264383856253,-424.15472174811447,-784.5288740412872,-0.0,-0.0,-1007.124990997454,-2216.9472294254106,-143.86155781515305,-0.0,-0.0,-77.04769731469332,-3297.851208261403,-858.5000626355355,-236.1183824462339,-347.69232359144627,-45.903543478976886,-4398.710783758009,-0.0,-0.0,-1997.7471540439412,-852.0019488517707,-0.0,-0.0,-0.0,-80.63635506110396,-0.0,-1857.1373722995781,-1720.8661146645297,-0.0,-404.46024457746705,175.01327688821684,-0.0,-0.0,-0.0,-1005.5774028755889,4.562307489780033,-2465.161369609839,-632.3947296902439,-1182.835030554519,-699.5625753770996,-3354.261802420717,-1467.1907883824836,339.2064965625658,-0.0,-2064.6134217999456,-0.0,-0.0,-0.0,-1073.0694508819097,-649.7037289643114,-1246.226219521064,-0.0,-0.0,-910.7740540544332,-1302.1154075432664,-684.6599430955192,-505.63315925311304,-0.0,-0.0,-1325.4246621183308,-0.0,-0.0,-0.0,-0.0,-0.0,-0.0,-509.12579024135766,-181.69779010734473,-1463.5163017152884,-0.0,-747.5179956009257,-4179.287614923562,-46.993998181949436,-0.0,-0.0,-0.0,-0.0,-0.0,-0.0,-0.0,-0.0,-0.0,-0.0,-1298.5003244933687,-1922.8873386993414,-0.0,306.28355591865346,-0.0,-613.6699554256187,-92.46721861225508,-0.0,-713.2735818028715,-345.9763149415425,-25.84490182795223,-3169.96621112141,-487.6899503049226,-2993.640553924762,-199.9620006651675,-1877.0392867479163,-1700.71637429913,-650.8079122994616,4.599853697614373,-0.0,-1250.7197935017196,-2121.4049580686146,-2437.5004447095766,16.15704671115652,-505.8075404694656,-1733.9722599497659,-0.0,-2059.526178802684,-383.07686431305734,-0.0,-3029.2206285146945,-0.0,-967.464801788485,-0.0,-2979.0820587344783,-0.0,-0.0,-85.23921700274971,-974.5261716740742,-692.1833718702294,-0.0,-1221.7334830168738,77.86883153045234,315.706157764658,329.59061805021,-266.6610790561658,-1846.1578151681242,-741.3186492819071,-0.0,-0.0,-5786.763666984288,-1313.92595848648,-0.0,459.8622129774938,-0.0,-1670.5397686295405,-580.8260166895474,-717.2034985155058,-0.0,-0.0,59.96093792657767,-0.0,-1037.2741513996154,-1039.8858622051218,-1912.1466444444259,-0.0,-592.8750078159457,-3001.367079325255,-819.0081486491852,-0.0,-1307.083687803969,-82.56774469681021,-1308.0936439052778,4.347859563539629,-950.8987793035516,-0.0,-0.0,-0.0,-725.4386225968672,-0.0,322.8534625981066,-0.0,-377.734492370343,-790.6138745132471,-540.4885876954717,-1126.4080784554526,-622.0661492355515,-1742.0416056306492,-910.2729061147015,-0.0,666.3736482148533,-2346.4269300047977,-1797.6281600654465,-718.2275805370188,-0.0,-0.0,-0.0,-152.15832928621458,-1141.415260828244,-328.3945872931218,-746.1163089163144,-2019.2768341421402,-2824.426659455005,160.67221736166059,739.6593617327603,764.3269809182104,-0.0,-0.0,130.85415373365365,-97.72148752991843,12399.700409139781,2182.9335957354465,3991.9387644496164,6036.690361590562,-0.0,-0.0,-0.0,-0.0,-0.0,-1417.3334802258064,-1578.011761645185,-837.5808653733185,-0.0,-2936.068351881116,-581.8509465985029,-940.3991860097242,-0.0,-697.6760970998596,-1327.3786631061737,-998.400877864515,-1251.6358419199526,-0.0,-3221.1998275694623,-2019.4684910292997,-784.2589633678269,-143.11618441353258,-2986.8490935925834,-0.0,-281.9864903260665,-0.0,-93.92682684277584,-0.0,-134.8389674849745,-205.46180329367812,-1023.3115931618191,-859.4890364009315,-0.0,-0.0,-0.0,-2150.8743065737785,-0.0,-0.0,-278.94686293861855,-939.0086197755544,-977.5860820540286,-69.29571867527444,-1074.158803202807,-1884.6122481473308,-343.3747924136073,-0.0,-0.0,-160.54290641928455,-1619.1283773663997,-457.08688427782704,-0.0,-6142.777882865874,288.60965998153193,-0.0,-0.0,-0.0,-218.32172450948136,-444.7249592214775,-0.0,-0.0,-1230.0450185150116,-2063.012103257796,-1153.6708662993124,-426.6601413149867,-400.1518343905986,-542.2400666239078,447.75272312695654,-1179.1846778434315,-0.0,-503.7614651252273,-2353.0937852152133,-492.6086770602844,8.059073296213558,-0.0,-466.72726270133575,-0.0,-0.0,-0.0,-1289.787341296424,-459.26390936959825,-1442.7912938883271,-0.0,-0.0,-0.0,-195.0726770902738,-530.6160727641485,-1681.5243940801176,-2880.416885697194,-215.13571051632206,-126.18072329919549,-0.0,103.67716901699922,-0.0,-1147.9760667437959,-174.86746790951466,-0.0,-0.0,1010.2894254057502,-0.0,-1736.3026040806383,-0.0,-0.0,-0.0,-200.0760655058957,-2043.4331219913297,-1617.7749148149092,-31.854573141820776,-2277.4166126437694,-1586.4838412790148,-28.674280960229876,-32.152955612500904,-68.962445222929,-0.0,-0.0,-2049.058178866145,-0.0,-6084.364889438596,-0.0,-1522.9665563211938,-286.343197413623,181.1768959932697,-0.0,-11.733537419559122,-1663.7002451398266,-1605.6126154929832,-565.6206660299586,-37.580033236050774,-104.34130221179646,-0.0,-0.0,-0.0,-0.0,-1092.6071921521434,-1125.1438391681288,-0.0,-597.5128756117506,-1251.1318176464488,-242.33311125410805,-31.50668569250465,-0.0,-0.0,-0.0,1107.312137608089,-79.32142211845236,-0.0,-506.3995398134802,-831.1870674608513,-1537.2542110518252,-0.0,-0.0,-2539.8222973830852,-0.0,-0.0,-0.0,-0.0,-703.125194487625,1130.7280365679449,1068.1910801941724,1179.6381387865508,-0.0,-0.0,-0.0,-658.8848789626112,-0.0,-0.0,-380.0782729394493,-232.9978400525124,-0.0,-223.21431248378497,-1200.5564024483404,-1330.1998008558646,-0.0,-0.0,-0.0,-21.172897440159275,-1441.8196850672539,-19.18218782102041,337.6398887903032,-0.0,-1641.3510651046445,-904.2134328795221,-582.5835164207772,22.666303096989083,19.778088316377907,-309.18279467909116,-16.307683041623743,-380.32668545314397,-397.1812960809504,-1086.58234013089,-363.64962153907203,766.2054437525062,-1425.5089222367003,-154.4985429320754,-157.86499963590242,-3660.608331110985,-2646.784820095569,688.730799091661,-1178.8920955848348,-138.40385784850378,-4.492318032615905,-717.4807867715946,-1133.5803775071483,1904.3136150354017,-666.915486475035,-682.4444351457981,-745.9016564736271,-0.0,-5987.7043034594635,-0.0,-556.3621336165769,-983.0675557614976,-732.8667687511784,-849.3590727809034,-1115.617273016587,-0.0,-1096.048265522702,-208.87042363449225,-85.63937433276041,-7814.457149502896,396.2396692795225,-174.46781960154735,-0.0,-585.469166059033,-1129.0587664448435,-0.0,-0.0,-546.7715722666678,-1610.8517786419172,-42.0537081870147,-236.06641689512574,-291.0169322407642,-1211.6336215644765,-0.0,-0.0,66.03574470065242,-0.0,-0.0,-1748.95061722382,-0.0,-2002.5317644805355,-1019.940158993483,-1351.091004212111,-0.0,-0.0,-492.5286815446081,-966.7392709536856,-149.33228284813495,-0.0,-420.22669039933675,-162.1987942676677,-454.2574188557986,-0.0,-194.27886934429065,-463.11277979674423,-2382.2526312667987,-862.4591435226334,-1413.1275365842473,-0.0,-0.0,-1219.5033735617847,-29.023976441776135,-0.0,-0.0,-1350.6351946623652,-0.0,-0.0,-0.0,-0.0,-0.0,-0.0,-0.0,-0.0,-0.0,-0.0,-97.32571372901363,-0.0,-0.0,-0.0,-0.0,-0.0,-0.0,-0.0,-0.0,-0.0,-0.0,-0.0,-309.1104459417915,-0.0,-0.0,-0.0,-0.0,-0.0,-0.0,-0.0,-0.0,-0.0,-0.0,-0.0,-0.0,-0.0,-0.0,-0.0,-0.0,-0.0,-0.0,-0.0,-0.0,-0.0,-0.0,-0.0,-0.0,-0.0,-0.0,-0.0,-0.0,-255.56001617760518,-0.0,-0.0,-0.0,-0.0,-0.0,-0.0,-0.0,-0.0,-0.0,-0.0,-0.0,-0.0,-0.0,-0.0,-0.0,-0.0,-0.0,-0.0,-0.0,-0.0,-0.0,-0.0,-0.0,-0.0,-0.0,-0.0,-0.0,-0.0,-0.0,-0.0,-0.0,-0.0,-0.0,-0.0,-0.0,-0.0,-0.0,-0.0,-0.0,-0.0,-0.0,-0.0,-0.0,-1357.8140851527517,-615.310855756898,-1652.2917530874881,-0.0,-0.0,-0.0,-0.0,-0.0,-0.0,-0.0,-0.0,-0.0,-0.0,-0.0,-0.0,-0.0,-0.0,-0.0,-0.0,-0.0,-0.0,-0.0,-0.0,-0.0,-0.0,538.0556976705195,-0.0,-0.0,-0.0,-0.0,-0.0,-0.0,-0.0,-0.0,-0.0,-0.0,675.2970590349267,-0.0,-0.0,-0.0,-0.0,-0.0,-0.0,-250.65133504670496,-0.0,-0.0,-0.0,-0.0,-0.0,-0.0,-0.0,-0.0,-0.0,-0.0,-0.0,-0.0,-0.0,-0.0,-0.0,-0.0,-0.0,-0.0,-0.0,-0.0,-0.0,-0.0,-0.0,-0.0,-0.0,-0.0,-0.0,-1077.8032792558142,-0.0,-0.0,-0.0,-0.0,-0.0,-0.0,-0.0,-0.0,-171.04875264195695,-0.0,-0.0,-0.0,-0.0,-0.0,-0.0,-0.0,-0.0,-0.0,-0.0,-0.0,-0.0,-0.0,-0.0,-0.0,-0.0,-0.0,-0.0,-0.0,-0.0,-0.0,-0.0,-0.0,-0.0,-0.0,-0.0,-0.0,-0.0,-0.0,-0.0,-0.0,-0.0,-0.0,-0.0,-0.0,-0.0,-0.0,-0.0,-0.0,-749.7774193770515,-0.0,-0.0,-0.0,-0.0,-0.0,-0.0,-0.0,-0.0,-0.0,-0.0,-0.0,-0.0,-0.0,-0.0,-474.7057268582795,-0.0,-0.0,-249.85395829162914,-0.0,-0.0,-0.0,-0.0,-0.0,-0.0,194.25530812339213,-0.0,774.4484368320412,-0.0,-0.0,-0.0,-0.0,-0.0,-0.0,-0.0,-0.0,-0.0,-0.0,-0.0,-0.0,-0.0,-0.0,-0.0,-0.0,-0.0,-0.0,-0.0,-0.0,-0.0,-0.0,-0.0,-0.0,-0.0,-0.0,-0.0,-0.0,-0.0,-0.0,-0.0,-0.0,-143.3864805597729,-0.0,-0.0,-0.0,-0.0,-0.0,-0.0,-0.0,-0.0,-0.0,-0.0,-0.0,-0.0,-0.0,-0.0,-0.0,-0.0,-0.0,-0.0,-0.0,-0.0,-0.0,-0.0,-0.0,-0.0,-0.0,-939.0018194915792,-0.0,-0.0,-0.0,-0.0,-0.0,-0.0,-0.0,-0.0,-0.0,-0.0,-0.0,-0.0,-0.0,-0.0,-0.0,-0.0,-0.0,-0.0,-0.0,-0.0,-0.0,-0.0,-0.0,-0.0,-0.0,-0.0,-0.0,-0.0,-0.0,-0.0,-0.0,-0.0,-0.0,-0.0,-0.0,1256.5287356822291,-0.0,-322.72132270630203,-0.0,-0.0,-0.0,-0.0,-0.0,-0.0,-0.0,-0.0,-0.0,-0.0,-0.0,-0.0,-0.0,-0.0,-0.0,-0.0,-0.0,-0.0,-0.0,-0.0,-0.0,-0.0,-0.0,-0.0,-0.0,-0.0,-0.0,-0.0,-0.0,-0.0,-21.88337962513782,-0.0,2531.2673358018583,-0.0,-0.0,-0.0,-0.0,-0.0,-0.0,-0.0,-0.0,-0.0,-0.0,-0.0,-0.0,-0.0,-0.0,-0.0,-0.0,-0.0,-0.0,-0.0,-0.0,-0.0,-0.0,-0.0,-0.0,-0.0,-0.0,-0.0,-0.0,-0.0,-0.0,-0.0,-0.0,-0.0,-0.0,-0.0,-0.0,-0.0,-0.0,-2344.101342303415,-1628.0249001380516,-0.0,-0.0,-0.0,-0.0,-0.0,-0.0,-0.0,-0.0,-0.0,-0.0,-0.0,-0.0,-0.0,-0.0,-0.0,-0.0,-0.0,-0.0,-0.0,-0.0,-0.0,-0.0,-0.0,-0.0,-0.0,-0.0,-0.0,-0.0,-0.0,-0.0,-0.0,-0.0,45.1345901469418,-0.0,-0.0,-0.0,-0.0,-0.0,-0.0,-0.0,-0.0,-0.0,-0.0,-0.0,-0.0,-0.0,-0.0,-0.0,-0.0,-0.0,-0.0,661.155979968719,-0.0,-0.0,-0.0,-0.0,-0.0,-0.0,-0.0,-0.0,-783.0514739871019,-0.0,-0.0,-0.0,-0.0,-0.0,-0.0,-0.0,-805.5357423293348,-0.0,-0.0,-0.0,-0.0,-0.0,-0.0,-0.0,2633.923147478473,-0.0,-0.0,-0.0,-0.0,-0.0,-0.0,-0.0,-0.0,-0.0,-0.0,-0.0,-797.0691026091544,-0.0,-0.0,-0.0,-0.0,-0.0,-0.0,-0.0,-0.0,-0.0,-0.0,-0.0,-0.0,-0.0,-0.0,-0.0,-0.0,-0.0,-0.0,-0.0,-0.0,-0.0,-0.0,-0.0,-0.0,-0.0,-0.0,-0.0,-0.0,-0.0,-0.0,-0.0,81.65754746513872,-0.0,-0.0,-0.0,-0.0,-0.0,-0.0,-0.0,-0.0,678.7647720387309,-0.0,-0.0,-0.0,-0.0,-0.0,-0.0,-0.0,-381.485866555581,-0.0,-0.0,-0.0,-0.0,-0.0,-0.0,-0.0,-0.0,-0.0,-90.78679699019374,-0.0,-0.0,-0.0,-0.0,-0.0,-0.0,-0.0,-0.0,-0.0,-0.0,-0.0,-0.0,-0.0,-0.0,-0.0,-0.0,-0.0,-0.0,-0.0,-0.0,-0.0,-0.0,-0.0,-0.0,-0.0,-0.0,-0.0,-2001.985226875456,-0.0,-0.0,-0.0,-0.0,-0.0,-68.63576446260797,-0.0,-0.0,-0.0,-0.0,-0.0,-0.0,-0.0,-0.0,-0.0,-0.0,-0.0,-0.0,-0.0,-0.0,-0.0,-0.0,-0.0,-0.0,-0.0,-0.0,-0.0,-0.0,-0.0,-0.0,-0.0,-0.0,-0.0,-0.0,-0.0,-0.0,-0.0,-0.0,-0.0,-0.0,-0.0,-0.0,-0.0,-0.0,-0.0,-0.0,-0.0,-0.0,-0.0,-0.0,-0.0,-0.0,-0.0,-0.0,-0.0,-0.0,-0.0,-0.0,-0.0,-0.0,-0.0,-0.0,-0.0,-0.0,-0.0,-0.0,-0.0,-0.0,-0.0,-0.0,-0.0,-0.0,-0.0,-0.0,-0.0,-0.0,-0.0,-0.0,-0.0,-0.0,-0.0,-1392.5514996651036,-0.0,-0.0,-0.0,-0.0,-0.0,-0.0,-0.0,-0.0,-0.0,-1745.8537887426849,-0.0,-0.0,-0.0,-0.0,-0.0,-0.0,-0.0,-0.0,-0.0,-142.79341928604194,-0.0,-0.0,-0.0,-0.0,-0.0,-0.0,-0.0,-0.0,-0.0,-0.0,-0.0,-0.0,-0.0,-0.0,-0.0,-0.0,-89.64529788246065,-0.0,-0.0,-0.0,-0.0,-0.0,-0.0,-0.0,-0.0,381.1892893747424,-0.0,-0.0,-0.0,-0.0,-145.57926019872954,-0.0,-0.0,-0.0,-0.0,-0.0,-0.0,-0.0,-0.0,-0.0,-0.0,-0.0,-0.0,-0.0,-0.0,-0.0,-0.0,-0.0,-0.0,-0.0,-0.0,-0.0,-0.0,-0.0,-0.0,-0.0,-0.0,-0.0,-0.0,-0.0,-0.0,-0.0,-0.0,-0.0,-0.0,-0.0,-0.0,-0.0,-0.0,-0.0,-0.0,-0.0,-0.0,-0.0,-0.0,-0.0,-0.0,-0.0,-0.0,-0.0,-0.0,-0.0,-0.0,-0.0,-0.0,-0.0,-0.0,-0.0,-0.0,-0.0,-0.0,-0.0,-0.0,-0.0,-0.0,-0.0,-0.0,-0.0,-0.0,-0.0,-0.0,-0.0,-0.0,-0.0,-0.0,-0.0,-0.0,-0.0,-0.0,-0.0,-0.0,-0.0,-0.0,-0.0,-0.0,-0.0,-0.0,-0.0,-0.0,-0.0,-0.0,-0.0,-0.0,-0.0,-0.0,-0.0,-0.0,-0.0,-0.0,-0.0,-0.0,-0.0,-0.0,-0.0,-0.0,-0.0,-0.0,-0.0,-0.0,-0.0,-0.0,-0.0,-0.0,-0.0,-0.0,-0.0,-0.0,-0.0,-0.0,-0.0,-0.0,-0.0,-0.0,-0.0,-0.0,-0.0,-0.0,-0.0,-0.0,-0.0,-0.0,-0.0,-0.0,-0.0,-0.0,-0.0,-0.0,-0.0,-0.0,-0.0,-0.0,-4221.218808266185,-92.91913973868253,34070.534195174914,-3916.637135859623,-3898.7157631608716,82896.50949272835,-0.0,-7626.109967129725,854.8607795778739,1964.8577563079368,-25036.825901189117,-0.0,-5267.291023653256,-0.0,-0.0,23173.464110512406,-13058.177489277921,3022.6150277772676,6760.989199818367,-4061.1324587169834,-24597.987566795608,-9068.126538676164,54.61373131246762,-96.69504746982416,-6268.332509070435,-0.0,-12238.541765897346,-18278.15251371134,14360.757361942628,-133.82643382382713,397.75567300975507,47360.50763110258,-2389.5950142608012,-102575.02668503938,-3255.8718963308993,-23979.090612546286,-16106.814066451068,-5221.516653877385,-6459.815458973091,-16183.828116619201,13461.865607479416,-2280.676503599014,-3631.061280861318,-3461.1769719486642,-11735.437621148703,6750.240758005753,33667.850577650795,-792.646090347843,-186.9971638667622,21086.726015785232,3507.2929741183007,-187.26946944843908,5342.351314541323,5907.9828767758645,-5756.390117664112,-7550.723882198532,-3328.0883026436345,409.1882183926618,-0.0,-0.0,-1288.06365769051,-7977.621702167866,-3930.7218672264753,-3394.031327322951,-477.2397967073283,-5035.514084837737,11589.500628868349,6430.948440280869,-8212.08218274874,17682.634314768584,-19650.316455188928,-32151.836927307504,72641.52330371129,-23252.482646086803,-8149.058496018268,-1935.1011720352597,-3226.4162310119705,-6381.326580665108,-3975.1005885947948,-32888.500299378626,-0.0,-14273.050353837234,-0.0,3608.9758067046528,-0.0,-0.0,-13586.367003729387,-1425.1013422957512,-0.0,-0.0,3638.9328433161318,-0.0,132.0313297898373,-0.0,-6211.61796139643,-4546.166643289859,-7821.383782004559,-8629.24928605524,9336.539196794713,-0.0,-29325.341838801607,46868.05339026573,-0.0,-0.0,-20027.076686097913,-8961.270318424342,132.22600257219312,565.8284216143574,-0.0,59532.363691664905,-0.0,-0.0,-0.0,-0.0,54752.70514842272,-1504.4117249182596,-0.0,-12900.350820804277,-0.0,-5412.8189476890775,-934.275214071564,-2693.6334582685517,-15652.127158196576,9190.581371480519,-1017.4461514302338,-9299.089579274734,-0.0,-0.0,-6661.702455477581,-7144.762856016292,-12566.94522820036,60794.582367240575,-0.0,-216.5285361038699,13787.368354254779,4253.827070582142,-2810.0274797704924,692.8297182137608,1742.971345618732,-3814.673921065355,149.5388699913523,-18800.251041886433,836.2133731574388,13777.216732623967,-672.2845110051512,10370.164260025294,47137.451740889715,5600.480209891324,1074.6699219513705,9661.571125336655,-2048.919272765075,-7826.471406615044,-8976.40145633507,-15840.250847358646,-0.0,2892.749427332116,14452.854238479333,13030.10282965958,-8231.61604626992,6031.666503532422,3694.5842449681904,-9135.818030732664,22471.186289136003,-14696.557981078915,-0.0,5449.825630398317,-11956.90559797684,-15665.375634522517,-7549.8158144715635,26186.128746867213,2159.245432766964,-0.0,-5336.553828060712,-0.0,-2471.062252215065,57.412590811251704,-3554.532341131439,-835.2810210128335,82.58795546748263,-195.74603220617027,-22282.969705727864,-14158.061709875963,23420.218441156052,-7887.791161879771,3486.5704856737266,8528.882975390543,-7663.309498772826,-4961.236273161876,-13886.856690514689,-0.0,-2024.7142553426513,-2079.635708009799,-0.0,1167.841442103273,-3179.425832048599,-0.0,-0.0,-16233.93472470507,-3250.7315242365303,3955.536449044355,-3867.590445656307,-0.0,-0.0,-0.0,57767.28601748464,23923.33338202574,-0.0,-1420.2330212035397,12360.665285417992,-0.0,-4197.1145436124325,-2886.9150123217537,-0.0,-5205.915598536935,-7767.979416039613,118309.49695952501,-12518.61458628578,-9061.011780801935,-31357.868609318426,-0.0,2570.609334909331,2315.9040926502053,-10235.419276294548,26771.025577809938,-8254.16856859945,-46044.94555266431,-15527.376344995128,-10386.483184037725,-0.0,1310.272182995318,-4976.422572484125,21489.367003406267,-2217.301124721641,85.90193462954193,-12096.41984277955,-9459.87429573605,31009.74355442287,-0.0,-1602.958553381274,123.55593357620658,-0.0,-0.0,-0.0,-0.0,-0.0,-0.0,-0.0,-0.0,-0.0,-0.0,-0.0,-0.0,-0.0,-0.0,-1306.1023862869147,-0.0,-0.0,4295.257612940958,-11914.410718893347,-884.6838167519076,-9470.936918038482,23228.673895914082,9033.641030081058,-3865.7418734721086,2357.381042828732,40227.05547222601,-0.0,-0.0,-3900.9551787394516,2666.697183370874,-6687.106685943496,-8343.127859169015,-0.0,-203.27633502761233,9492.724597924986,-4326.714523147729,-942.1955553840787,3102.5205490188687,-28216.745555189482,23486.625223845447,-4912.340852393892,-2161.980104690262,14164.094035536158,-0.0,-0.0,-0.0,-0.0,-0.0,-0.0,764.7429020473946,52241.12133166394,-9655.651630342487,-7560.455746807814,-12559.258937122599,-0.0,-10369.859587446088,-12713.418828716129,-0.0,-0.0,-0.0,579.1645163176229,556.7172149673155,816.9790290007921,3001.619514982182,-0.0,2628.4449402741293,969.2889636060173,885.3386847952302,781.0103366306507,815.4377691969454,3309.09530270897,1747.8613808398454,3297.8846516143576,2614.4551111150104,2891.455362390002,3187.3908838548136,37882.964438338175,41500.88328891895,39244.44034538607,35556.543918263524,6774.011580829911,6714.343066645031,7745.25484126105,9596.661185379457,4722.187226364663,2036.09190190931,2144.643645881499,2157.1199056517453,2024.9223195275388,2137.4867309066562,4967.599483953632,3104.327873507954,1316.8461129712464,1266.078195349282,666.5500409950184,389.0962067329248,471.7800792837519,34260.771018354,37157.055778750735,39438.952995912754,36259.45745298994,56005.03554947233,58959.177425834794,1326.2656890744563,1315.736652480467,1323.5792388345576,1121.945972849206,1252.476507399941,1306.5431747671962,639.0450222852157,49065.818461993884,52408.082242460034,53486.481236456864,2722.8914346025654,-0.0,7031.63681700878,40056.79415208852,36146.50647330747,36566.771674909614,60348.70283205713,66234.76002783065,68013.94012323726,57156.032598876816,2686.595281830593,2371.7473288142696,4964.891698053957,-0.0,19831.616049437802,23094.514597748763,-0.0,484.7612923309594,1009.5867421346366,1586.0328197678575,1453.1049662046714,1688.2218430059909,1496.156975238617,1728.0165169187185,1402.3872615979633,41074.11469945224,39816.444247068765,39102.63318675527,36861.177627002224,1074.3055848744643,1228.2727926670045,-0.0,-0.0,17495.94259216396,39626.47532272393,38117.585662706646,35588.43221203119,34345.50027281771,-0.0,49650.122351881415,53354.6954718817,1088.191457965842,2144.7600587663783,2355.897735515591,2512.7871001219537,2260.2860468274916,2224.7773894436095,54207.84349317724,51130.44070510194,-0.0,-0.0,17042.71791042166,891.8495492356955,1074.9625106553028,40428.40144025766,38241.665677414756,34445.45253382606,36495.831792057084,34780.431631045416,36970.95338782641,-0.0,16156.018405255072,10272.027473357035,-0.0,-0.0,1282.9027466030839,1409.3390128000233,448.04413163535094,400.95783058571044,328.2642627910994,330.02747119758243,-0.0,1174.4432027239982,1119.720414009561,1076.556880350918,1227.2905972005615,-0.0,1493.8010462896052,1557.728265728151,1971.8328959511791,2108.158715776669,2107.328935112429,2064.204601024269,767.8591754747322,935.9842036448405,856.3988986341435,1285.0860840167725,906.1829704047808,813.66236855398,868.815001651987,876.9770482633377,8279.678079860765,9399.848520977155,42.39125653774723,73.78504040735524,3453.557665382029,16253.979216125126,1036.9368121681857,995.6518680703111,-0.0,-0.0,6491.920921319398,6579.457326878776,6453.919396076927,6385.849446895288,1359.9575575404097,1470.5438860168888,38812.84567886695,39518.87110399444,8597.74909991519,7518.951193793108,-0.0,53775.80067093841,2192.7163157221908,2061.1530859378117,1122.8364519273935,55873.708640181736,59685.70071968128,57753.12225096134,53259.85207125187,437.0353795047876,60083.27669004669,56545.61157142096,-0.0,-0.0,19582.767956066502,-0.0,707.4191629426,721.1268179058254,640.8674981138937,1710.4500402019928,9567.825991916545,22534.44255646845,1456.1200445285256,1572.594808088919,52.53820249456343,687.7828601733073,688.3157013951616,15284.226988088501,1545.3497228656674,-0.0,-0.0,-0.0,1110.4528375393602,-0.0,1183.4346394228014,-0.0,4368.554393575586,1021.4779301307552,1151.1641724932106,1089.9010987584277,690.8259265481271,668.4880634982331,630.2306920661574,1534.5637819831948,1701.885109153728,1846.6818939135544,1110.8759077978928,124.79568904462627,5079.955493217464,53645.707544807476,58210.89220154149,10497.724018677398,21140.985027830815,15919.801944208428,16636.001870975124,2045.5231880372362,1866.1779264785455,1470.9199010298341,1470.1582361061155,802.5481370421269,970.573040583721,2400.4359069136217,36219.65505969301,38934.027351715114,1378.5424247391973,1410.2762064910635,1364.7288501219678,2341.8239246960666,2499.188384167887,2858.837378390382,39834.50249150007,35658.8916850451,35421.82749534873,38790.106136843315,-0.0,-0.0,-0.0,2393.0411742041715,2656.0451139112124,2308.683113590201,7128.193390569057,6221.422416691161,6728.954521362825,1834.5594755869524,1933.5554356184693
13,-0.0,-0.0,-590.7900346982251,-1878.9879481971184,-441.529840303473,-521.8450688371131,-51.243909783067004,-971.1568131291086,-662.6036227618106,-0.0,-1400.9812630196225,-0.0,-0.0,-2068.245130999528,-0.0,-558.9218661724965,-417.10185445893666,-0.0,-0.0,-177.6440123293821,-253.19051320046256,-674.7851614686067,-1071.3336632832738,-687.6630863515932,-2022.3236352504548,-1248.9076976916017,-0.0,-0.0,-2818.171184417984,-1700.7616802428956,-0.0,-0.0,-0.0,-0.0,-0.0,-0.0,-105.37488959934402,-304.7595416703733,-1634.2120123673203,-1321.1706676821675,-0.0,-0.0,-129.28160530831158,-688.2806378037425,-173.15469331356914,-0.0,709.8054192449187,-1607.7534552301365,-394.0788785512255,-0.0,-0.0,-360.6907123205224,-4.42771911861556,26.279341350010686,-1898.8448228840082,-3274.8711913573748,179.33376525030513,-5607.514892704175,-233.7443949649197,-0.0,-1587.2444055027606,-0.0,-636.9997818807977,-2429.1213343941145,-520.0876928348774,-615.9348270822117,-39.69954914125217,-2232.4411329683935,-741.076301515954,-521.0135849657394,-2994.0108686049416,-0.0,-0.0,-2243.075671037195,-997.715799617075,-386.42764929144556,-1863.1288151521944,-0.0,-0.0,-1461.168103028124,-1573.474926174268,-462.20319493591364,-3822.740214500223,-62.67150423288725,-73.74064981700305,-1690.2362722529883,-0.0,-600.1392115244973,-1005.4408587433703,-17.25052941942521,-0.0,-1445.7421299000089,-82.83446132149564,-634.6156193160224,-2221.336269761601,-51.96708910060556,-2232.0963686083187,-341.6765124343106,-1417.0380609239776,-2599.1164017355554,-724.3872944668749,694.1055447757819,-548.7479675895364,-0.0,-1634.6767843811817,-2335.4472281775606,-4223.882758549423,-556.5513468786235,-2782.743269566223,-0.0,-1486.5494835623738,-0.0,-0.0,-500.92860862404325,-0.0,-0.0,-524.1566254858943,-78.61995849520788,-1637.155895697404,-827.9516939192879,-1005.694453854967,244.23541038699045,-443.17253233459314,-355.2910675274458,-405.2584492165948,-15.097893711449219,-441.0938286611655,-517.005282659159,-773.3908793670249,-0.0,-5073.436790096632,107.40528735947152,-95.74054499910869,-4449.97401276524,-0.0,-1006.8701844609976,87.25599439102893,-0.0,-642.4466206820017,-0.0,-0.0,-514.3643440685496,-0.0,-338.6430431306068,-953.3264889490436,-0.0,-1058.9620369466395,-273.350876158141,-705.5588295734923,-2181.701685883904,-0.0,-1703.3560868480715,-1020.2451639621399,-0.0,-0.0,-0.0,57.60491662789517,742.5097511392732,-0.0,-1551.6819820713122,-1845.6152697551493,4.442880251053625,-0.0,-0.0,-481.7240465645543,-352.2624607707383,-376.1232949011127,-0.0,-384.00227210633176,-3132.8995665897883,-1149.1183210838362,-0.0,-1240.993221277569,-2296.7509890097413,-0.0,-0.0,-0.0,-0.0,-0.0,-0.0,-552.9879364045104,-679.0927202997127,-270.018993942325,-174.1968990588969,-1059.865764223719,-16.16267464955643,-0.0,-0.0,-661.4753441901826,-0.0,-639.8490207948573,-200.04705333151668,13.515034143189496,193.65683182325418,-0.0,-0.0,-1044.6202735036484,-403.75738736052955,-511.9474494657643,-0.0,-2745.224396473092,-2165.2959166038377,-916.2056238410474,-0.0,-0.0,-2188.907651805007,-1303.969472206003,-705.7103937429557,-26.013259209639962,-1586.0070794328115,-1280.3057209380343,-0.0,-0.0,-1858.47369237206,-0.0,-922.5659217292507,-1080.564332615269,23.273246249636323,-513.7730528331246,-569.971464306204,-339.05894860084953,-0.0,-1761.972335138554,-0.0,-2967.345108791595,-2516.9301317308386,-198.4156230333323,-496.79955255340667,-473.6835125592936,-0.0,-298.3973369913978,-213.6697588672309,-0.0,-1033.3256393273582,-582.5212014495597,-995.2733620148737,-1774.4502888095376,-976.3136970440607,-2122.431679845759,-1752.6621297065653,-2366.517418274652,-2342.5908108302283,-1101.283987978754,-2169.1977436067828,-563.3286342854756,-431.2964053108652,-0.0,-1338.5562437367146,-879.9155980336045,-1077.674151974047,-464.60983289955107,-408.141315187508,-2223.4664768425378,-669.6204549716904,-452.06344695363515,747.496573506181,-0.0,1129.831497026684,-1464.0513837877825,-0.0,-0.0,-0.0,-0.0,-0.0,-0.0,-1336.7436502580485,-2927.6461758808387,-504.6655242433795,-968.5577889045198,-0.0,-0.0,-1935.0110264910843,-1348.0794831913909,-2009.4550130983882,-0.0,-0.0,-68.33569056434816,77.86779511404987,-471.3394493053258,-2019.518129010532,-482.3477449115642,-0.0,-432.8327273676696,-734.449024602136,-12.93194593386676,-1255.2889571759965,-1142.2892703648367,-1532.2097986958297,-1127.5768414357785,-150.21179819133647,-641.1583649871696,-0.0,-1663.7441981764136,-0.0,-964.8095954080633,-125.97104980221181,-40.891204717613654,-547.9710537117428,-0.0,-2386.6529169619716,-125.54355596967069,-638.7693824703636,-1579.2676614967677,-1383.459923312618,6.400483018023132,-530.4432189063643,-808.6549909351779,-24.806299191762093,-298.459971588456,-458.0881446744103,-63.83083376913087,589.7257701276377,-1279.5438675938685,-0.0,-948.9709284492617,-1249.3724210952707,-0.0,-571.3689490020118,-0.0,-1570.4669102769244,-0.0,-0.0,-0.0,-1184.4870838659572,-849.9558753639269,-410.5973554697211,-0.0,-1429.9435325737477,-3148.104370512836,-3659.05265383746,-0.0,-364.757771684875,-0.0,-286.06328583624014,-364.24182719671546,279.8927513349372,-567.2084999566151,-0.0,-574.1834002473654,-960.1292057951829,-279.26850993604864,-520.664582869251,-0.0,-462.21180635125853,-1187.8972395337892,-550.0436968620043,63.155072681162665,-2463.440879677184,-0.0,-0.0,-1097.5654915228467,-485.5450504201032,-1219.949234682785,-71.58343440963151,-132.47520355216315,-233.00612751374817,-632.1117999301013,-957.445653012628,-1444.3908785720926,-2370.1428788848075,-0.0,-0.0,-365.5173219420821,4937.257233494785,-0.0,-0.0,-0.0,-0.0,-0.0,-2533.4082859226137,-507.3825453544697,-0.0,-1084.6216192057257,-1085.918666394919,-614.8658571705394,-2229.1731937443415,-181.9318488394461,-1226.0726999273168,-0.0,-0.0,-2106.4650325970783,-640.8915696702844,-1860.1600885737232,-692.6012351592686,-602.4158400349003,-1695.7239616535767,-258.6024800512346,-1855.9765616174384,-1076.9788454961615,-115.4568245019594,-862.4254715712547,-1256.4397109482964,-215.82012008595234,-226.73039216876188,-1876.474892905177,-0.0,-498.918423168658,-274.1583041913107,-149.929862021531,-778.0216583450659,-223.89114429322376,-927.6386963243332,-766.9567768363822,-1279.4314925056706,-307.429676591036,-2616.94059927055,-23.3889006546421,-622.1648492485007,-0.0,-893.9388792688504,-663.9919593619356,-980.8775523591606,-1109.4675744912659,13.194596920324917,-373.16246595046925,-818.4120451828682,-818.1958210393661,-364.72305713860214,-1057.7816274473123,181.46605198860965,-0.0,-0.0,-0.0,-0.0,-0.0,-0.0,4.5782464352129235,-308.6750426645258,-2433.8032926077462,-4406.18613627896,-494.51921262630367,-1067.2334885076996,-144.29889163197146,-543.6017862833086,-1396.8232787490713,-1147.1219799233334,-81.54204288463723,-456.60517973974686,-492.56777176335856,-0.0,-133.28881149929174,-1058.9908762259847,-656.7381692052883,-0.0,-1350.7392071391478,-0.0,655.7729853899292,-0.0,-0.0,-0.0,-27.30279724631269,-0.0,-0.0,-996.2484540244391,-432.36282345255177,-1140.817618030337,-0.0,-0.0,-0.0,-905.4608444139312,-571.8922059035438,-1391.512892415963,-0.0,331.1402963481398,-0.0,-0.0,-2999.4380515907906,-1394.49394816029,-12.86515766958303,-0.0,47.8806044519746,-18714.041528358714,-17998.835119430434,-2581.3646525352356,-0.0,-0.0,-0.0,-0.0,-310.28602750946874,-0.0,-0.0,-703.0275967447526,-2499.1054772075995,-2172.6635071146056,-1513.1608415949356,-413.770583365003,-1831.1419490237843,-45.844963294612256,-1615.8285914882706,987.0195330092179,-0.0,-846.737892268112,149.99212598194615,-0.0,-0.0,-0.0,-0.0,-113.17878021296126,-0.0,-0.0,-0.0,-789.2039092573458,-1602.6343210020445,-0.0,-0.0,-624.1630599458583,-2099.3599573362594,-0.0,-1429.0459473950475,-1748.2976041932181,-1825.851488142413,-0.0,-0.0,-242.02082517066583,-76.62773300159215,-1098.5630510074138,-1516.005063759977,-509.11848844024837,-1425.3126026759692,-1237.4204645174675,-0.0,-0.0,-0.0,-0.0,-389.67502393339026,-92.22530150219877,-0.0,-0.0,-190.58521941570805,254.57894892666712,-0.0,-1188.7068937209426,-1119.7502605410587,-1111.4827801647461,-0.0,-0.0,-834.3769645136279,-1313.5225131292373,-761.0762946444532,-418.3488753057422,-0.0,-2338.6013238390988,-2363.9756673719457,-0.0,-0.0,-0.0,-0.0,-0.0,-1427.7498784079746,-0.0,-2121.499060482837,-1152.6133345008202,-80.01058513987932,-0.0,-0.0,-0.0,-2659.1206075341966,-1551.631505306573,-571.4264935940889,-535.4751572292506,-1079.3908100943786,-811.0333942013007,-0.0,-0.0,-533.3197260030646,-1314.781582139095,4.394982301465928,-578.7028858079672,-0.0,-1048.384312298511,-821.3681817098995,-1613.1380499973684,-0.0,-255.38991327813568,-245.77733014875747,-317.3959992398198,-1471.607292206707,-103.27601777350169,-0.0,-0.0,-0.0,-0.0,139.6003784104058,-158.60033488676,-794.2591192199022,-1482.3943452909405,-1272.7873307731477,-557.9225407763691,-579.0469939037092,-9065.50763674198,-977.3319704843616,-567.489155220722,-0.0,-0.0,-0.0,-342.93685014268846,-382.29888409388235,-1153.6963453664275,-337.5872601319888,-0.0,32.12485548145508,-0.0,-0.0,-0.0,-0.0,-0.0,-0.0,-0.0,-94.04997719348161,1700.8391154039632,-0.0,-1391.7087140261576,-591.9863268282559,-428.7707951161836,-1873.8563278084976,-0.0,-0.0,-606.5530629667567,-731.810617751527,-120.10323398318113,-136.6622059955778,-0.0,-640.2287069514387,-180.230289509555,-1963.6052956425517,-385.65630137059605,-504.1569974912977,-0.0,-0.0,-1333.699474245497,-2356.1174153245306,3.8263594386253432,-558.2389808130663,-420.09871208160894,-1052.088981396286,-1348.4041645119714,-785.3607865747352,-307.5355172863079,-173.22917332707058,-1468.3422692970787,6775.648769724353,-0.0,-582.3815506753523,-624.9495467596895,-1180.0555145022993,-1164.1851487959314,-1122.1414339412722,-1863.2281661053937,-1786.2311349983543,-597.6035542215122,-0.0,-0.0,-1759.3812998046994,-0.0,-0.0,-405.75399834634413,-1826.590527088832,-1508.9144751814797,-264.9226584441432,-122.637993345685,-1926.34203584822,-0.0,-1395.2630368870243,-0.0,-0.0,-0.0,-0.0,-0.0,-0.0,-442.1887945207266,-1510.001592093529,-1025.6797771167714,-79.6454215439123,-243.8339995769883,-522.6574340403929,-189.40767396774442,-0.0,-0.0,-496.1751986626008,-621.4644235972726,-3721.062029578044,-0.0,-1261.0490348176997,303.57897391651403,108.80967599862181,-0.0,98.59141213658606,-161.46079252169827,-99.10723970426639,-512.9615549779695,-0.0,-1626.9920796084389,-0.0,-0.0,-1434.0333036492602,-0.0,2272.5415398404443,2219.5247419467464,2200.1900237520645,-0.0,-0.0,-1873.0886514480744,-0.0,-0.0,-304.3019900960233,-893.5314849898747,-824.7105258958738,-1084.2111079595363,-1056.041649339094,-0.0,-0.0,-0.0,-15.842338280650246,-753.1731740136214,50.17939400836535,-73.58937629204411,-1154.479001703827,-957.9807398388887,-395.82307473387596,-1433.4972615622962,-0.0,-1865.5226248408583,-1184.6391144876836,-1648.7655102783374,-511.866700958859,-527.9369884357974,-0.0,-1412.2042987539637,-854.5418415993437,-912.8538655448845,-2077.922757773716,-528.1675353330984,1207.2278623931238,-4.307230298837874,-393.2327916938746,-1245.7302125163412,-0.0,-1617.309070122912,-3337.6002484645082,-485.1613703222376,-538.3833902102474,-0.0,-0.0,-0.0,407.89406827949466,-396.6495346638274,-499.2898725749671,-178.75607202384236,-535.8484108398653,-433.61259739709703,-0.0,-431.4334699734508,-1032.4801651853709,-767.6697381560433,-0.0,-2017.2519615385502,-4129.439105063611,-0.0,-0.0,642.8545894408297,673.9583313877997,-0.0,-0.0,-734.6624284556244,-829.8636054619001,-403.8824024074679,-679.1727435162011,-0.0,-0.0,-0.0,-0.0,-0.0,-2964.7536279560763,-411.20206520677505,-1746.3633348350613,-1064.4687299997365,-0.0,-307.4958824345525,-841.1717389733168,-0.0,-341.37979519042284,-818.5862067029954,-1099.9344452736275,-4732.049834117604,-42.36825299066359,-0.0,-0.0,230.72345577500425,872.7931502911073,-0.0,-0.0,-412.0247967431613,-0.0,-33.2296060947272,-0.0,-2622.6358307095697,-0.0,-432.3178433853856,-0.0,-0.0,1997.0413850476941,2271.7582717556447,1857.89830117032,-0.0,-0.0,-453.1322708149246,661.405314467685,-2398.750198623843,9.145975767526641,105.41145736382788,-2633.6624323075575,-55.92910552232035,-152.24623449558848,-663.4647650748002,953.6652501530456,3332.481706273867,-2892.1760815308153,-0.0,-0.0,-956.8422961040028,-1600.285567508988,-1419.0344336103715,-263.51524577572195,-73.04965949903846,-0.0,-0.0,-0.0,-0.0,-2158.7285850800145,261.2156612100909,-0.0,-12.200588320717447,-0.0,-1704.5991651506438,-1861.2630243455687,137.93710144785518,-0.0,-0.0,-303.84405986536,-0.0,-1750.9918790473587,-78.86696005892067,-1098.8994606413805,-389.7723890199077,-1261.2420014174788,-681.7559559207833,-1021.2221395017048,-655.0348681073496,-0.0,-0.0,-0.0,94.65989368404186,-0.0,-0.0,-291.7779178847886,-451.34847918558455,-699.6900858997051,-0.0,-1420.1798635819941,-1094.8273830162987,-843.7939596036091,77.64087577907493,-405.69806433897105,141.4499643995269,-329.36314035697717,-0.0,-0.0,-8.630027704240963,-1866.230545917886,-638.884610222673,-997.1329828794201,-148.18029968199568,-2038.206127909575,-1863.9961379843685,-1091.6382102735565,-1127.2449735352584,-109.76549683951954,-602.9290271830869,-709.8532472446252,-1105.4405606759335,-2619.9123905698884,-0.0,-1774.4514175536785,-153.45329238321264,-0.0,-2268.196003443168,-2978.501295739996,-2263.289863601359,-266.1850891020092,-0.0,-1516.5763734870973,-201.59207861882587,-1242.1423430049563,-708.202890040242,332.3300331131857,-1851.9821149808809,246.92207098306346,2174.2899064675194,-0.0,-223.0569026415815,-481.9679216124629,-892.4044793740858,-1253.4744228720967,-1744.8860174594154,-4421.590554370348,-0.0,-413.2991002786927,-1351.7417832662381,-705.9192839450302,-250.34217206460136,-28.42233709845934,-332.14584918381286,-0.0,-0.0,-0.0,-0.0,-255.18675280058181,-1253.1240286505574,-904.1370241903747,-53.942172402801894,-17.397959839333026,91.8586519803884,-0.0,-0.0,-1130.1912288976296,-526.3391977404552,-0.0,-2290.593909248729,-29.51972204378699,-1321.4311514118428,-0.0,-230.23798369705392,-189.67620347265478,-0.0,-0.0,-514.3495368320066,-0.0,-0.0,-5297.654939584733,-202.9215743387689,-2192.851846339206,-9.11525777337314,-0.0,-136.7067914470638,-1291.0752923891855,-665.3303738649968,-313.7122015342959,-1455.8586521083707,-0.0,-378.3662164256481,38.3807650828025,-582.5771099705347,-0.0,-0.0,-40.844807100518636,-68.54949697875371,12.28768496357879,-406.9215483054128,-1422.6794453717494,-1644.9837662965122,-0.0,-0.0,-0.0,-7.955603346759146,-315.50974683281044,-0.0,-1446.4047656797736,-2649.5256155292905,-0.0,-0.0,-23.984208515489033,-1566.1349903878865,123.73665850751311,-0.0,-0.0,-0.0,-0.0,-561.3372344045131,-2316.9055463079076,-620.8322882103174,-1252.6299818620807,-0.0,-0.0,-679.2973121436746,-506.2711001751087,-393.5640569708207,38.94333267754027,-0.0,-0.0,-0.0,-831.2522648236019,-728.6181967357047,-509.2481979824054,-362.23517607497837,-0.0,-0.0,-0.0,-0.0,-2200.829473700145,-82.1618374591628,-77.28100675732803,-0.0,-0.0,-691.9045523895797,-443.49753977398433,-0.0,-1965.1056847392501,-5207.998906210585,164.43421279568068,-1088.3189829544115,-0.0,-0.0,79.5524700212575,-654.9926474936991,-1757.2083063468572,-506.35553695492854,-2538.051827306775,-1153.291871865426,-833.0814186826798,-1510.3215173886356,-0.0,-0.0,-0.0,-39.395752209598214,-1137.7459753698615,-0.0,-0.0,-3423.6858798404573,-83.52802665697521,-1443.4131280254799,-765.8595832228367,-0.0,-0.0,-0.0,-0.0,-0.0,-0.0,-734.4397993454544,-0.0,-1650.5354826984237,-0.0,228.41623265350418,-1143.882498277734,-0.0,-0.0,-0.0,-2640.9236902938223,-0.0,-0.0,-408.8795650087996,-0.0,-0.0,-997.1454686255111,-642.6520131608654,-0.0,-0.0,-207.23633496247115,-2036.8236071965048,-0.0,-1319.7231889815002,-478.0351437693583,1225.7786930270063,-235.39965535079477,-0.0,-507.43916212740623,-188.9106390990532,-0.0,-19.764427487356297,-0.0,-322.85965467051574,-0.0,-0.0,-0.0,-0.0,479.3494840928434,455.8729672112698,-877.8314828393178,-1830.6124504005747,-0.0,82.42194441135305,71.90161529399609,-80.01285249684368,-856.497770883742,36.171468438003785,-499.7875104240769,-387.25442812922574,-245.75830152923834,-3527.7322865055057,-0.0,-244.36236474018955,-1576.679852303202,-2360.621649753281,-0.0,-1054.1588409177905,-1465.5654468027674,-2105.2205260001565,-767.5346550021535,-0.0,-910.402187731684,-751.8645888169895,-813.4404872281222,-1513.844842149385,-1009.2661559320024,-0.0,-131.53349233285104,-1278.229372935527,-0.0,739.1124245792287,-535.6658580933723,1083.4867728161057,-0.0,-0.0,-17.162527684783605,-614.523391191479,-2479.833628132139,-1036.5800025965232,-0.0,-856.1688086117138,-3095.9159546967285,-991.8709441361415,-892.7104662140398,-1175.915179982326,-492.49102474797576,-36.33660728299664,-0.0,-0.0,-0.0,-1116.180872881477,-4.392638499397749,-0.0,-0.0,-1965.4381354657805,-842.0825641129966,-541.8534488336768,-1687.6769095134905,-163.4877117060709,-33.661998283753526,-2351.6143422458235,-800.8963395064167,-553.9850526588698,-1324.9209239282336,-0.0,-2613.8900004113884,-406.09010476642726,-1151.7730646467928,-1529.4230010177703,-365.26204585781227,-534.9148816628583,-1506.8905546432077,-427.71755003301564,-0.0,-0.0,-0.0,-1376.0358263066287,-0.0,-3940.017455443514,-1176.6126407577613,-1425.4545245713007,-0.0,-0.0,-0.0,-0.0,-0.0,-131.1530642646615,-0.0,-267.39241218412405,-972.9223102842842,-367.43499066195045,-0.0,-0.0,7.598916864336876,-0.0,-0.0,28.71818257002291,-263.56468045655265,-0.0,-506.7138141491425,-0.0,-0.0,-81.50525248086214,-0.0,-2968.9305007062617,-2303.969917495687,22.63977937475717,-6656.7052619148135,-1002.7344168158426,-652.6534006405319,-0.0,-819.6458021513323,-1324.7750235185097,-0.0,-0.0,-0.0,21.5985660983041,-0.0,-1140.2954305437188,-0.0,-1607.0550534841677,-0.0,-0.0,-2338.0566863743143,-1094.8095130293873,-882.8682958465624,-0.0,-0.0,-0.0,-0.0,-285.7324331065041,-688.6431182542163,1394.4558550246718,893.339323046628,-836.3620597906827,23.379501066954816,-0.0,-344.5276899521006,-265.89607289573496,-1976.2978340338511,-422.2091960750155,-125.15861572481032,-1091.6664425010972,-1346.826695030546,-1026.1739627378363,-616.931155346584,-0.0,-0.0,-0.0,-4.47064890963421,-0.0,-1547.595074548016,-605.2410646470603,-0.0,-1997.486757236797,-1257.0681020241873,-0.0,-0.0,-0.0,-0.0,-0.0,-989.2249192418528,-0.0,-315.7895507229143,-1514.4379736611463,-0.0,-1204.9401076427891,-0.0,-0.0,-0.0,-2430.0599282520534,-1128.2767608835604,-980.919735105768,-2513.096266649679,-0.0,-0.0,-0.0,-95.45029219442058,-489.42102274947035,-28.05771230009212,-615.7110788163084,-142.52633134479157,-0.0,-0.0,-339.0292099673853,-1436.1174119347809,-4028.4468538441056,-0.0,-499.43039289976656,-1356.20259539541,-453.19811182941186,-475.9180650767779,-0.0,-0.0,-3.772670237190157,-2148.746591818501,-2061.865604555656,-39.26447019111738,-1622.6643180846677,-411.7181503187354,-841.361682493772,9.14345825916389,-1074.6140264244732,-0.0,-2145.99847774828,-0.0,-468.14494881385696,-0.0,89.81222899080976,-0.0,-0.0,-603.3480623186595,-752.2373338018341,13.47412036760454,-0.0,586.0030446222154,-0.0,-0.0,-1486.7121428497994,-1315.720926225167,-1137.2158970149692,-0.0,-390.6060629611321,-651.2091236344539,-1485.2404598988314,-0.0,-0.0,116.75009167877438,-673.2347483169534,-0.0,-0.0,-17.71188212341992,-0.0,-4.3230283959604545,-621.5146917420744,-0.0,-0.0,-1351.8554052851944,-1384.7909206923173,-83.44346066032485,-7.602885395729569,-128.0222611801704,-801.4910469953395,-1120.8829378016799,-1709.6457783120118,-0.0,-941.4308808325853,-15.81386261995885,-42.827662887444085,-1350.0712511938361,-0.0,-0.0,-0.0,-0.0,-649.5956920394933,-4.5002550268813115,-9.015695792670956,-0.0,-0.0,-505.16893386542495,-0.0,-0.0,890.7743854363329,-1161.8640587346338,-41.839462904525924,-1962.0881942432902,-0.0,-0.0,-526.9565472449166,-0.0,-308.6998988508775,-1024.5864560273087,-859.4284432840116,-1032.8125083372174,-0.0,-0.0,333.54578981544995,-0.0,902.2973713690714,975.149349334848,-207.59188623654293,-844.723104482231,-0.0,-0.0,-38.45982688264661,215.31864474194654,-976.1258709929854,-445.0645317166812,-1297.4521495752153,-2580.4692562298706,-2170.417623243283,27.23851831111265,-0.0,-318.00188284896825,-5547.381733622282,-592.2703349498088,-498.72805214382373,-0.0,-0.0,-627.6901524153492,-0.0,-789.6428494896326,-1461.7023575253481,-756.7647432003397,-0.0,-0.0,-65.41168415116692,-0.0,-204.32524203239393,-1407.6163150432862,39.342394125484724,-621.1426213307739,-342.6665773425461,-238.8408812343078,-774.3691452304968,-2496.749384388779,-19.411862616007486,-1183.3532786593398,93.10900204795466,-1011.4506772369008,-311.62924665795816,-0.0,-0.0,-140.95641049959244,-0.0,-0.0,-1902.8573023789484,-597.2033660707992,-0.0,-789.7234685243744,-501.7994604709811,-0.0,-0.0,-1471.0420532761445,-969.1300518958292,-1489.0060316819931,-1397.8209297796411,-0.0,-148.30584579318034,-3188.6199560091886,-887.5986907452539,-411.0963614474689,1882.5391096082676,-1498.30332188453,-1197.3813651169369,-12.178850736958616,-931.1518625598441,-17.050367989418163,-1649.4552201724473,-0.0,-3476.4904943615365,-603.6821158859253,-0.0,-1501.532358361423,-1672.986619138539,-0.0,-187.92163586946498,-888.5170202078684,-1084.9543968361277,-1402.484648311977,-729.2971788700913,-494.7314249848396,-613.192018673904,-0.0,-279.9706223966602,-0.0,-2433.9483698628787,31.36772080386713,-3305.0398190327282,-792.735716716663,-0.0,-0.0,-1223.4322344690768,-880.5258813631699,-0.0,-462.78865131007785,-0.0,-0.0,-789.3239924285982,-0.0,-0.0,-0.0,-0.0,-0.0,-0.0,-0.0,-747.529297055563,-490.59086812294504,-2924.9134493769707,-2540.0574844157663,-0.0,-0.0,-1219.5811519999966,-1957.3825316084096,-472.7708868307807,-203.66653248429648,41.7212221383917,-0.0,-1562.2685497145183,-0.0,-2672.196934775434,-0.0,-0.0,-0.0,-0.0,-1607.6964267768276,-211.3445765548317,-351.2821749171098,-1189.8344013415,-1197.6961249784079,-683.6933996936726,18.307388301686395,-1165.1015928819816,-0.0,-0.0,-0.0,-0.0,-601.2316126878453,-484.72346900556136,-1353.6994233230228,-0.0,-1084.191725643153,-6376.841040401334,-608.8779840364044,-717.5443650584001,-3138.469049827297,-720.2879820299937,-0.0,-455.818204350904,-428.75030837883037,-1146.8909527212406,-599.9115845642972,-1524.062765186767,-1426.891982577436,-0.0,-0.0,-0.0,-0.0,-1557.031203790569,8235.23509960025,7118.217014540383,-0.0,-0.0,-0.0,-0.0,-2046.4956327999423,-932.5401497227559,-90.91944590154829,-1396.709550251893,-825.6397770507496,-0.0,-0.0,-0.0,-0.0,-640.5886490181772,-0.0,-1836.6829482860594,-226.38125487949708,-0.0,-0.0,-0.0,-0.0,-208.2851989195587,-435.4696141895643,-464.2330127851053,-839.4186417665258,-915.3176350306594,-1206.3227702417485,-903.6626091619605,-347.6769613678688,-1154.969383699861,-1500.4036973888287,-1180.9275970616789,-1756.4120042991492,-197.989100836405,-1285.2463660920912,-1111.794259122174,-911.7302270781853,-1640.3530061884426,-563.6021043147784,-2185.6477971928825,-1611.078230037117,-1444.0094836892158,-613.6946665989126,-649.0270409009756,-1097.692128675006,-0.0,-1060.0408411318276,-0.0,-2939.3570613424095,-677.2185373620795,-240.92829671748083,-1757.6556620254057,-1430.6359088446836,-1192.3152688329612,-0.0,-0.0,-0.0,-0.0,-796.1703243167748,-3722.474997355746,-1378.0545501150725,-0.0,-0.0,-1087.1509926605215,-0.0,-0.0,-1017.4539058982671,-391.4275752784774,-1062.9471201554147,-816.9238842881549,-935.917616287493,-681.6340066419564,-1929.7507975940223,-0.0,1236.061198427787,-0.0,-0.0,-1021.8796645931843,-5650.032409385869,-0.0,1691.7808098688884,319.65578238628063,-912.0874825435427,-0.0,-0.0,-1507.2087165502915,-1035.600156406287,-2282.2489737802703,-2008.2779936828772,-384.99097583798937,-0.0,-467.58120060499584,-184.82358885533748,-0.0,-915.0946525214865,-0.0,-1641.8636041322584,-2319.288955202577,59.0760926516741,-2247.4836837347493,-1975.6916088267947,-0.0,-487.15549737671927,-1561.3750800343769,-2177.1881855163806,187.8994304226522,-415.95413197890775,-2502.256526453114,-910.3560074626256,-790.7469594283239,-890.2369471881319,-434.898873367133,-1018.5433635867897,-1489.9160818100702,-0.0,-943.3883487567011,115.01463707910581,-1363.4914289060287,-0.0,-479.1182760587178,169.3041969996061,-870.0470599649786,-774.2760798007222,-0.0,-548.9250938096529,-353.7017705192545,-1801.6751873512262,-1092.2855557946145,-1432.0606852696135,-860.6943721517117,-820.247156353864,-1006.528608836863,-1964.5562133754859,-69.41059179120792,-0.0,-535.751205694673,-640.9081449683576,-1431.2377058803854,-2071.6092960183046,-323.39447066805315,-767.1749412212213,58.172975728243436,-892.9020449641519,-530.7787919633912,-965.3928092751795,-0.0,-952.1891069543695,7.898202812444888,-2186.5245096618846,-0.0,-283.39616949473555,-521.0274441124943,-774.8358907982802,-2239.040577740929,-155.48218680663368,-1425.9147139523454,-717.4091669815298,-2542.6019547954875,-0.0,345.7880718884985,-0.0,-0.0,-220.2059725608116,-0.0,-0.0,-3583.0549634643517,61.125581843126746,-44.53537346610732,128.99723945238287,-1074.0136410077841,-0.0,-0.0,-0.0,-0.0,-0.0,-27.702160964168968,-0.0,-780.8311082979186,-0.0,-361.0985714786065,-1758.5614072731914,537.0898256315879,-3226.3190777272252,-0.0,-0.0,-0.0,-0.0,-0.0,-0.0,-0.0,-0.0,-0.0,-2366.2780724507898,-0.0,-2589.145323481177,-3200.1185372134196,-0.0,-0.0,-0.0,-0.0,-0.0,-742.3415137625929,-967.4265850840319,-0.0,176.00139516292325,-635.9650462799437,-2213.881717868972,-591.511829112967,-0.0,-598.2855056094404,-820.7304917934988,-0.0,-0.0,-583.1501134085786,-890.3368993953375,656.8082610894536,-457.0563089284811,4.323614525935419,4.341615099758779,-0.0,-0.0,-0.0,1429.4961864078448,1688.5162873444092,1407.7711139038918,-0.0,-0.0,-0.0,-668.6770194704585,-0.0,-0.0,-975.1241570060112,-88.38353125005882,-464.24431813492,-58.375287457934014,-971.62636736145,-895.5184962455523,-1255.084990742407,-577.84259263518,-148.26540485767805,-1078.1506269284052,-0.0,-1998.0408410127643,-77.18585659183597,-581.7059006116609,-866.7468695806275,-75.92053356371908,-0.0,-1126.7184086006762,73.02930507979852,-0.0,-0.0,-0.0,-0.0,-0.0,-1429.1755137512353,-2852.83367354403,-0.0,-783.4482360480021,-8.133577375611695,-0.0,-0.0,-0.0,-534.0382802901732,7.647928499024588,-0.0,-1121.861641747822,-774.3791053258401,-0.0,-0.0,-536.1721047304637,-0.0,-0.0,-1664.019874986047,-1386.9761107404759,-0.0,-787.1354511552931,-2165.2742957358796,-98.14089974544154,-0.0,-0.0,-186.78179351533026,-778.7512597923385,-290.3570146518376,-308.44279856902017,-216.3302256860545,-0.0,-0.0,-0.0,-1149.721833609447,-874.476072940741,-2052.591548251937,-122.50122469551083,-1247.2650546411837,-42.11885399838928,-379.8240693565426,-501.0614327651188,-1999.832167157906,-0.0,-0.0,-829.1432888937338,-1798.5798588166172,-0.0,-0.0,-0.0,-560.4913407621145,-2343.2399759453288,-3381.0425212448363,-0.0,-252.50415693790708,-92.64648325120511,-653.431380766479,-567.1118166422593,-1620.4041650649524,-0.0,-1410.267940641472,37.65053807060145,-7.698874413268035,456.2294351849535,-0.0,87.23647082215466,-319.4829593857237,-408.65759790208295,-53.85529254059708,-0.0,-0.0,-408.8621037996625,13.39935013464625,-0.0,-1549.4289245752511,-960.0274062647768,-944.7582514298883,-738.4382948055495,-1130.0401760087223,-1510.0366757186207,-0.0,-0.0,-0.0,-0.0,-0.0,-366.78743184041247,-525.8266324213204,-1157.185179663892,-1397.8409557173125,793.8567029617443,-1461.1112242635481,1430.4123823711536,-0.0,-2236.411846881012,-1491.8612275553114,-689.9020654771188,-19.46957948506896,-188.67574740031966,-2040.7029988894417,-381.98737306000334,-0.0,135.0184894872495,-770.1209879785977,-0.0,-0.0,-528.4047270411053,-364.4277275557509,-391.096343972441,-1175.9196942165006,-1403.5205614633362,-0.0,-1620.469163559062,-1306.648280671312,-4980.477205570328,738.903453321739,650.094352255085,738.9987576926253,654.5406757468118,-0.0,-0.0,-0.0,-0.0,-0.0,-0.0,-0.0,-0.0,-494.65896199841734,-0.0,-46.42725824100971,-0.0,82.6405798950826,-1076.9235926614779,-1264.7781021038886,-1896.1142610778954,-0.0,-0.0,-0.0,71.94717257375372,-3132.2256218010584,-745.7369103701344,-2790.6807473080003,-1621.1049348608283,-0.0,-0.0,-320.65298960412446,-1321.9190463147677,-0.0,-2065.779198949869,-560.2006196904946,-0.0,-0.0,-0.0,-2614.1784778833876,-0.0,-0.0,-0.0,-0.0,300.21507971949774,-0.0,-0.0,-0.0,-1027.188607502413,-0.0,-0.0,-0.0,-0.0,-0.0,-0.0,-0.0,-317.69868528005634,-1059.185883767355,-1476.7668580331897,-1389.3304329760085,-607.9775395662872,-990.4046917343868,-56.366423358241605,-0.0,-737.7354270400931,-48.08345122907672,-0.0,-0.0,-0.0,-0.0,-689.7049623538874,-0.0,-587.8388161910455,-1269.6597975467985,751.7184598102244,747.9985792181081,816.3009868749155,774.3119516391569,749.1089436975193,-0.0,-0.0,-0.0,-0.0,-0.0,-0.0,-379.66625358361205,-0.0,1954.568245721579,995.6000967075328,1095.3803735842478,-0.0,-0.0,-1303.96378016474,79.80202562352343,-50.50342226475342,-2417.3281482695065,-0.0,-1866.6775556067557,-0.0,-12.963172263901079,-0.0,-0.0,-639.8922142300993,-0.0,-720.5992746589507,-529.2479839723061,-365.33106754569053,-0.0,-28.010651341837825,-0.0,-878.3658384101282,-0.0,-2148.8749525356297,-493.35314187943663,1807.4838485497253,-1918.3198202801805,-865.5734192333068,-83.72400174516784,-819.2164798113569,-0.0,-503.51198820810237,-42.27491711983339,-2672.901700730132,337.9634990543148,-226.96157610059936,573.1963673465593,1155.4686266404096,-0.0,-309.87578288829474,31.223229288104882,-1028.314139604397,-1168.959683053992,-1446.1181830869755,-1961.933219073987,-0.0,835.0366622632862,-0.0,-384.0080653449573,-2553.7527132756168,-1236.5986272632224,-0.0,-1242.8562881135736,-308.5171832089887,-655.940396771118,-676.658743021041,-265.641290515758,-1589.2282988427933,-0.0,-1791.7393177170168,-403.8311861046233,-1563.1354047840696,-349.7976655316021,-0.0,-0.0,-0.0,-0.0,-1387.8181888045378,1033.078357230682,-969.7116274387449,-699.594683649496,-0.0,-50.583277448542205,-0.0,-0.0,-890.6693663653042,-753.686736241598,-664.8904481979088,-706.8447918742041,-0.0,-0.0,-0.0,-0.0,197.6386654581781,-0.0,-603.3193958983813,-1934.4569540844577,-1021.1673374154948,13.008696134647227,-1437.9133953794876,-0.0,-0.0,-0.0,-630.1774901819049,-816.9760421042221,-0.0,-1553.0737767005796,-0.0,-2952.1373598081905,-3661.3612314642096,-0.0,-91.47979262648255,-0.0,-698.7838277170555,-0.0,-0.0,-0.0,-2326.1481187274053,-1112.226593688567,-519.6097960261404,-833.6203403485935,-0.0,-0.0,-2190.528364979501,-0.0,-542.7753787334478,1068.1252341462323,-1015.0402003439735,-679.1667641992483,-493.893341764204,158.71794365692065,-0.0,-0.0,-1364.9704805920567,-0.0,-563.1627404534106,-91.1606680882389,-409.6965902469704,-311.3686936255141,-0.0,-0.0,-198.3870630358103,-680.6343095066518,-1004.4029572711166,-543.2146070076927,-1205.10429609426,-82.34703966127734,-0.0,-130.46406398844667,-1954.016765263955,-1129.2311283762087,-0.0,-0.0,-0.0,-565.8596375810658,-607.8232222391559,-1465.8117626723467,-0.0,-0.0,-0.0,-0.0,-0.0,-1492.2101542325775,-660.1829377192174,-0.0,-571.1270570161145,-0.0,-16954.413135563907,-756.5509549180737,-265.90544429563755,-445.36350545492206,-0.0,104.13396852440306,-1758.6045531238235,-2598.9616099515865,-0.0,-0.0,-0.0,-734.8325307805758,-545.1988716633499,-977.1492753816074,-1018.1219490552422,-524.6425562265894,-0.0,-0.0,-1663.036041647837,-608.1563973313134,-2455.9248654647376,537.5374988926533,-2033.6760328877942,-0.0,-0.0,1650.3942197107408,-1021.2392610221328,-0.0,-189.46048069114445,-339.06563332140473,-618.5595118962998,13.142073794437033,-837.3450326055805,-0.0,-0.0,-1261.3253376915131,-1356.6409775809464,-2544.0577011403107,-0.0,-0.0,-2253.3800984724103,-728.4566747350644,-762.3214619382369,-2339.8483165073026,-1510.809479765628,-0.0,-0.0,-1080.1499602506476,-0.0,-265.77613456390293,-1587.9625263610826,-1513.6137923005256,-0.0,216.46070934086512,-763.7012217087918,488.84657034336294,-185.15771053791485,-355.86063559064434,-0.0,-640.6938262112978,111.51829135772836,-194.82000265277065,-368.0858364474828,-2623.3857480145925,-2144.2913415171793,-88.76760674299095,-4894.763722175812,-524.9951201247778,-1061.9593690486522,-48.51582656838234,-3799.1726869087834,-324.3008203083881,-773.0878971763257,-294.7081974758758,-1781.8683196405827,-1273.4335263147068,-3184.185086598059,-4359.701144572364,-41.3810218088052,-624.1562034664414,-1566.5474570325744,-1050.8215993315957,-0.0,-3950.687049354462,-0.0,-492.3003477643953,-1473.9452713607961,-1263.1902355104144,-0.0,-0.0,-902.4996114170056,-274.3761832673825,-0.0,-1432.745466552495,-0.0,-754.8413515105468,552.8952492504224,-1453.1187158327386,-465.0825485040354,-7.777126359043416,-59.19390326037977,-0.0,-1847.972075337651,-551.4149231417334,-0.0,125.46930481083099,-0.0,105.13884417282523,-132.41116783043182,-0.0,-446.9561599251014,-1263.3639181220965,-438.99522781721714,-804.0151641887902,-2209.2482566250305,-0.0,-3751.5487115356154,-1894.9856371976869,-2489.8281481613044,-2284.5641959237346,-71.23445098300016,-162.7521881150206,-598.4840799938667,-1211.5347087598973,-0.0,-0.0,-1023.0833946773249,-157.48688485679776,-0.0,-67.46812272811671,121.27591743490036,-2273.651441195415,-0.0,-0.0,-1147.0842152100709,-0.0,-164.90883404230445,-0.0,-58.251520970454116,-197.99312839081395,-0.0,-331.9050977752314,5430.073084484909,-0.0,-0.0,-1505.8334461155446,-661.5673060132224,-249.32221421178323,-0.0,-0.0,-0.0,-548.2202719565205,-1969.0867195272174,-0.0,-0.0,-0.0,-1872.0887287539936,-186.54865274452683,-0.0,-0.0,-1662.0603052359402,-693.5483333442131,-348.1611404783737,-362.79047506490923,36.25884200002096,-576.6688787723162,-360.8730179025172,-267.2759685294131,-2055.6093135757496,-0.0,-0.0,-965.9936139070265,-834.54218122058,-2507.207808512725,-0.0,-0.0,-2225.397625881374,-525.8813590257208,-1402.5854659657907,-489.82291383083077,-675.3834067237193,-2193.1274041592224,-689.7338429631669,-81.73061890020779,-848.6228197747548,-2241.85005710552,-1760.837163608865,-1177.0610212252443,-0.0,-501.35597428568065,-0.0,-1640.4059069197024,-384.21489453120483,-200.95219545178816,-576.1895061420323,-866.4820678189453,38.00233284040642,-0.0,-1031.0306152665712,-601.9555070178832,-83.0638198738437,1436.1419143475753,-65.08665840089292,-0.0,-583.8102568766564,-395.04308576143865,-0.0,-668.098288004513,-1458.195234389183,-0.0,-0.0,-0.0,-0.0,-339.90771389775693,-701.2531886030173,-351.50213334235167,-383.0471040682008,-333.2826507298006,-1801.230591660877,-715.2373830863626,-1203.5176509963364,-2291.3087915530905,-1653.678160200755,-0.0,1009.6336193774754,847.2224421112375,545.6870466951495,783.5543886124188,635.5297714617487,-0.0,-0.0,-0.0,-0.0,-0.0,-0.0,-0.0,-0.0,-69.62317679029015,-777.6443887874373,-495.40352537772185,-324.4650859617883,-999.512919640381,-117.05528874283644,-338.6537796463841,-1087.2440027768978,-278.87378768242525,-1689.3653534738582,-780.4018356970251,-107.21602924616332,-442.6142738699041,-8.503104763137088,-0.0,-833.4825560660155,-162.16766331291763,-123.7269810409547,-819.187839238572,-431.51226563679245,-1589.3631328429328,-257.1741597036982,-0.0,-0.0,-2164.222604832251,-418.81850337648535,-270.9911890569238,-491.15978994103034,-854.4798797066683,-450.723243335142,-350.10602021899336,-0.0,-466.22920271131665,-525.1832376716114,-610.2408181138859,400.0512260673179,-1319.9427186339092,-1820.946558772151,-484.66882471592714,-630.9348844616638,-278.33167246326786,-12.873700200113696,-0.0,512.7292750237858,-908.0450669509976,-48.27892489484094,-1689.6455073101663,-0.0,-0.0,-1249.1521302912795,-464.61185039116566,-0.0,-697.9368386508529,-684.3943140309486,-822.4189920230001,-0.0,-787.7956880477153,-559.3204983133625,-2055.978119049873,-4107.450141263937,-393.5925084866596,-0.0,-44.358683380268744,-394.2318622976237,-1613.3417451190676,-197.4783215975838,-593.749541492567,-625.8306864784447,-718.4599396200208,-183.7552867401638,-0.0,-0.0,-1260.1487497374499,-33.81310469279856,-413.1822132727674,-656.2657727405056,-1399.3737964765755,-2285.6224139070664,-0.0,-446.53100095129776,-0.0,-0.0,-0.0,-0.0,-0.0,-50.77823593984792,-156.06078141242023,-386.4281653171024,-0.0,-0.0,-0.0,-0.0,-0.0,-0.0,-939.4239143561239,-2035.0896622676498,-423.95928855630643,-467.4640615336567,-43.10993701939992,-0.0,-0.0,-453.2779344404597,-0.0,-0.0,-66.19971190035689,-2328.244459877811,-0.0,-0.0,-1296.6488715920818,-587.9491183218795,-898.6604165849636,-924.5563855529319,-773.48130799451,-0.0,-0.0,-1176.6868934687966,-1968.1240748709167,-1033.3979601481542,-0.0,-1019.5650593772599,-144.0353919232255,-301.20458853688615,-673.7005035868858,-7.675295620868123,-613.9969290676829,-1791.4822320727928,-0.0,-1512.6511267335154,-168.51856158729996,-578.2446823510586,-1308.128778876202,-131.1061046005554,-1066.9211118836706,-0.0,-1128.6857721611,-30.75490504539607,-1990.193797140587,-1955.6731644124568,-0.0,-0.0,-0.0,-0.0,-695.8354119458296,-865.3444581224222,-0.0,17.829276115418793,-408.9980595632205,-929.5933467540715,-2060.6041762147984,-2378.4935221192163,-345.78822892794716,-0.0,-927.169966511751,-690.6100148053288,-1848.3790204759005,158.71960300701454,-0.0,-2970.3020568869842,-805.5825851385149,-0.0,-183.02900903322154,-1519.178448408454,-0.0,-0.0,-636.960600688011,-1402.5020334634862,-0.0,-1022.1722872893866,-1395.9483624468137,-0.0,-75.44035044063152,-517.9452562483455,-0.0,-1499.4290551873485,-2398.1869551286086,-988.1505458159484,-150.52526090622192,-1867.0568332224525,-75.49857193340334,-987.6570222292053,-589.3793840021918,186.368802065284,-1135.9626068907826,-1250.2593980117954,-732.8317468857227,-1251.7325576399694,-424.54887529552656,-529.2207917638921,-632.5052584276146,-1995.549186160371,-0.0,-0.0,-1700.9415203825804,-300.8819219295521,-0.0,-1522.0186270360093,-1118.9844565211085,-0.0,-2601.2150513257006,-469.7099564073824,-0.0,-700.6706408884916,-0.0,-0.0,-1195.0216304241908,-1001.5689173533802,-0.0,-0.0,-0.0,-816.078034550509,3.936640682417776,16.959578129328627,-302.19119150794796,-0.0,-1833.67444911989,-1471.5286815425563,-531.8657068681889,-2059.196108582937,-0.0,-76.6194787618163,-762.5683513764175,-0.0,-371.6974973044963,117.75098517852906,-1214.507684161231,-956.2934559387998,-718.9222110890054,-1121.1664946189424,-0.0,-0.0,-0.0,-869.2426239262911,-0.0,-253.16122527526608,-889.9105291385531,-242.84994408674999,-1292.180920550157,-2166.907603808412,-552.4277021157782,-1993.251202781593,-0.0,-797.8791852461563,-1684.7390111866466,-522.7836604680284,-1159.8648277610553,-268.813133145737,-583.2692524750935,-1448.558007408914,-0.0,-0.0,224.34862727254412,-2433.1857725087343,-895.767043524108,-257.9624895048182,-0.0,-365.68507875060334,-270.96852863315854,-574.4185073983093,-0.0,-0.0,-697.971488493081,-0.0,-57.17880803169891,134.608010085098,-85.54311615393,-2216.2829883331224,258.08687939167277,838.5389444353281,204.85578068619705,540.6932719039514,39.844373924843495,-0.0,-247.32593951168727,-790.0892773304741,-293.88506212671206,-57.41199621563298,-0.0,-0.0,-0.0,12.32053655758616,-20.4210147447652,-917.5652664038951,485.14967725827586,2205.8219614343006,-0.0,-0.0,-0.0,103.95327795568677,180.85143651272824,-0.0,-2917.1553107300147,-0.0,-0.0,-0.0,-0.0,-0.0,-2467.32535850053,-244.66922004892064,-0.0,-119.30557363757295,-1654.402210130343,-129.2557861487344,-1030.191643057363,49.01664292247132,-1928.6317116267574,-3570.830126998583,-1813.344087935778,-0.0,-0.0,-1393.0751253451467,-995.7035044884227,-747.8587691252269,-412.94547513314666,-319.0285029236725,-959.3031575703343,-909.8277710081998,-5387.720142480104,-631.2339034580543,138.56718744658534,-619.9069637514956,-853.2084948387587,-651.4385886393454,-606.2262372939924,-7.772871692975073,-1845.0925389337065,-830.3434551321905,-563.025580335248,-0.0,-0.0,-0.0,-0.0,-226.88778143493673,-1198.5670559192667,-0.0,-1266.4027696889302,-1531.278239878267,-0.0,-0.0,-1352.8423310364062,-0.0,-0.0,-192.3734726601718,170.85791478216524,-0.0,-0.0,-2427.086783957433,-1144.6527602033375,-113.8868136700492,-1199.608312384654,-1251.3095846220376,-0.0,-294.0360394016055,-477.3869310509003,-0.0,-1459.9357369506292,-270.6325133318662,-1010.9078563419167,188.0895615566933,-836.6797530161689,-194.1096805748722,-338.02317254146703,-47.70910273618298,-44.606457221294775,-537.17440535998,-761.0626219461553,-468.7908930496973,-768.2471848615171,-0.0,-100.7308359199431,-641.8234976193886,-272.16840670151566,13.634951185576604,-0.0,-969.9643056040575,34.972790564894396,-1104.7555017521424,-0.0,-0.0,-0.0,-1844.5693293798658,-0.0,-0.0,-134.602901563715,-0.0,-0.0,-0.0,-0.0,-0.0,-0.0,-917.2139103095956,-1408.6188775416308,-0.0,-0.0,-0.0,-0.0,-821.234571486104,-427.89219310650384,-0.0,-0.0,-1602.9309143562214,-0.0,-1319.9545403251473,-2171.221697013807,-0.0,-0.0,-0.0,-675.0988298459456,-0.0,-0.0,-0.0,-907.4769480721266,-793.2254590550059,-565.5718284855715,-0.0,-0.0,-178.61722224047355,-0.0,-3709.8607817677885,-4799.854593591261,-0.0,144.52806770496306,-0.0,-597.1967479438979,-734.4720607205397,-1838.2548025547162,-0.0,-0.0,-72.01348189296726,-591.5952134143615,-1260.389797778652,-682.6206289158985,-396.99368842246935,-0.0,-0.0,-1236.0477865668602,-819.7375206051556,35.37665786769509,-0.0,-0.0,-645.9940709658446,-327.9266635913816,-47.32067852609221,-0.0,-0.0,-0.0,-1884.882424241885,-447.043319263995,-1196.5278517748677,-4479.76899191951,-0.0,-816.4383415519821,-983.0067465754889,-2212.588137741054,-412.1614572734863,-0.0,-0.0,259.6306081088726,-1147.0879528281073,-1650.2271647587058,-420.1231174286294,-121.56072236849366,-0.0,-1881.8780612309681,-378.95554317184923,-1299.8323131387315,-765.3792859027063,-2591.997519559364,112.41066735819693,-918.4810009282205,-803.7069473192425,-1845.5557902165924,-0.0,-0.0,-874.2488623354891,-1781.8620573439325,-1691.1305709080107,-894.5957373201285,-0.0,489.29917235956543,-107.61690615708397,-431.39595011701607,-0.0,-15.626909368866892,-0.0,-2574.399648117763,-34.7851248005312,-0.0,-0.0,-848.5453724832698,-1166.9992457794365,-779.4377913042701,-242.97387828057666,-704.5301357452889,-0.0,201.20831346231313,-770.9921612413693,-61.90216676835483,-1500.1192592817292,-0.0,-1344.7961306927975,-161.84141839858975,-598.098264173486,-410.95435300175086,-605.0423620310536,-45.387155660787165,-4.5484359988538134,-1165.9597346486767,-1176.5152969836988,-1496.2670249327841,-203.69013392061797,-1289.0204500345126,-4.109347707056932,-0.0,-676.8908011062914,-2952.498602386504,-0.0,-0.0,-27.452282430987715,-2038.933797587004,-211.18347767673222,-609.0143419135519,-343.45946804410755,216.65392386882058,-0.0,-0.0,-1407.0220466492199,-0.0,-0.0,-2060.63962893383,-1367.1685612563058,-876.5807541391198,-943.591693466599,-466.1839904207803,-819.7500111216888,-911.6744650888218,-1229.4844038263002,-2220.934043417062,-0.0,-0.0,-0.0,-0.0,-41.581894222738654,-0.0,-1871.9130188053557,-627.7512511666926,-726.7747447743259,-822.5464387952017,-457.94623581161824,-0.0,-1420.953170626834,-578.1865978629722,-0.0,-2528.197588380363,-1602.1033207877522,-0.0,-0.0,-2807.248460688085,-1654.1840157150693,-439.8584460780773,-788.7974439817688,-0.0,-451.9451442036787,-11.723526288092561,-0.0,-710.4138673436769,-498.8897571604591,-592.8615470968659,-0.0,-0.0,-0.0,-0.0,-440.10143373973875,-1076.7669268947095,-5957.515496675515,-0.0,-0.0,-585.5534038143569,-611.5088025615509,-1744.2323708626152,-596.2632344146575,-69.58810847570302,-412.23904721217684,-0.0,-699.6416618186615,-565.3609058276409,-0.0,-694.1342368186453,-1258.501597505078,-0.0,-0.0,-0.0,-0.0,-0.0,-127.44039437180537,-1978.5891660929517,-0.0,-1113.622042041745,-915.1591149621029,-0.0,-1958.2524330005347,-758.1121555501619,-1103.8405284989865,-1420.0692091599626,-20.43905764202149,-117.770509150038,-1288.0743671713635,-834.7080328177889,-383.09138986955895,-0.0,-1386.1867505006262,-1286.5658179226432,219.06269675185462,-0.0,-621.176753412004,-932.6001322415567,-903.5506140821922,-48.25471962942989,-0.0,-556.6297876200745,-0.0,-0.0,-2769.5079809201434,-2389.505280444855,-1913.6787062799547,-1645.2130032130124,-0.0,-1061.2419885107765,-2002.389450380179,-0.0,-5881.463291793803,-0.0,-0.0,-0.0,-0.0,-954.5836365456316,-2288.7573830700835,-2555.802494497446,-19.265871461444252,-2013.3939545915136,-0.0,-932.8125256423571,-22.954420080208788,-0.0,-0.0,-596.8564177936186,359.70025673570245,-0.0,-451.4796704877305,-38.48017601941077,-0.0,-1379.6578412249357,-0.0,-2234.395321633955,54.03530574947327,-0.0,-0.0,-983.0713901037501,-1520.0917804099422,-933.698799764182,-1293.7207211684256,-1162.3055558779333,1321.2217189172698,-50.6123397580664,-944.2782791729213,-80.72819459353342,-2123.002192022533,-894.1826148223196,-834.0502367396082,-494.08697154118187,-1526.6323380134122,-1871.9456098473377,-433.103032027884,-1985.3329391710265,-347.85884372462976,-0.0,-0.0,-7.594180130018014,-0.0,-0.0,-0.0,-0.0,-0.0,-0.0,-1569.567858577652,-668.6766323096422,-1354.7142042084222,-636.9995718576573,-0.0,-602.8679199579888,-1190.0238511769817,-1057.3129304648255,-2029.8029237842845,-1268.8398929932546,-65.94149600787071,-31.871639844444346,-1168.765716736255,-1142.5692764216028,-0.0,-96.19120655201563,-0.0,-78.54134142918691,-807.6474761696659,-197.4744025975544,-531.4614229117344,-948.9092625190895,-0.0,-0.0,-0.0,-3294.7826878241212,-0.0,-94.83337100995767,-0.0,-231.53538056438785,-974.9052294532896,-1152.8378829275262,-741.8318970935103,-0.0,-39.9192583201927,-543.8640684449463,-465.75400280830195,-398.023637434699,129.4406489899288,-1119.7045640769911,-0.0,-0.0,-3032.8967309666823,-0.0,-1100.4815477039458,-659.0358205731853,-396.0388951909107,-259.8062420898015,-1258.360690606266,-2740.6290218090453,585.9560770881493,-2210.1408135987067,-1648.7937265207295,-528.4490629042472,-4.363449603647358,-0.0,1334.2575184764748,1244.7080519137548,1239.4252598404196,-0.0,-0.0,-0.0,-963.3560749220945,-0.0,-293.14346321939115,-178.8297910102732,-0.0,-3565.8737402469415,-0.0,-1474.315139423621,-137.17461509721258,-994.9868570176155,-676.7643878105754,-1617.1477958903772,-1690.2464322266253,-0.0,395.1104706257832,-2385.442040675052,-1897.789607366004,-514.6222912405842,-1621.6127646531577,-1774.8711532969526,-0.0,-0.0,-403.71378867240503,-740.2627010259174,-2340.9182920645203,-835.356679775156,-141.81270138839616,-0.0,-0.0,-632.2766326435693,-0.0,-0.0,-0.0,-155.58243424432962,-1236.6031188065576,1638.2030956685135,-1285.5775023136198,579.0392161979004,-822.5210904648809,-970.6225957936417,-8.32668375964395,-4417.112886282426,-1103.3724234076954,-0.0,-76.22410444935272,-2341.0029148685962,-1899.7021439018943,-0.0,4.3510633616942815,-0.0,-647.320100584401,-0.0,-2129.390572770182,-1834.9790188888464,-0.0,-303.4027325129227,-0.0,-0.0,-0.0,-781.7054515769469,-1073.036122977114,-403.8378572527461,-991.94558890495,-1783.0784476689269,-894.7987887897594,-481.2950240699195,-532.673798106229,-0.0,-1616.6659474313178,-242.55689060186162,-748.0021204792744,-1092.2459436853078,-1559.3473134021403,-1483.9602520316885,-417.1663825302554,-1812.9177184466093,-0.0,-0.0,-0.0,-2395.1707808255396,-0.0,-581.556292509075,-833.3945360246167,-0.0,-782.1711889094881,-632.5100481828185,-847.4906059278261,-702.1344403406522,-197.5561345447535,-1898.608380195142,-4831.101285434183,-241.5979505564933,12.893721633995511,-0.0,-118.41389467100473,-7406.489178332492,-1812.0617922594708,-657.4422684434425,-2364.066896622724,-265.1053532352068,-0.0,-8.361161093036268,-672.5807718118012,-93.93349525056456,-965.3125158797505,-1032.2912337294995,-167.925638178931,22.62990415499029,-890.7053525570099,-2352.0807011283882,-2061.0215119175355,-1886.3689174481096,-0.0,-1531.8695469136558,-0.0,-116.57953024140488,-1111.1087561424777,539.602150806805,-0.0,-0.0,-332.1184230675888,-837.0871817804298,-809.2107098673819,-1298.5460449976551,321.390164153603,-1556.330557208175,-74.90602886397599,-340.4702783637194,-1564.779031714199,-1819.416170057026,-384.1056666035378,-0.0,-0.0,-0.0,-0.0,-0.0,-1822.0255727943222,-0.0,-701.3567143781974,-904.7238162966196,-2648.9806734299336,-0.0,-0.0,-81.28728795973288,1145.5546274068322,-595.309858195285,-1311.6865569550673,-0.0,-1424.9726938519761,-4556.63221806502,-741.6115007910865,-5652.5494523761,-1129.6103410348414,-0.0,-787.3079323108126,-2677.849747593052,-151.74574808457987,-0.0,1176.2660112875399,1349.6942667309086,1290.4588213519262,-0.0,-0.0,-0.0,-0.0,-87.96049126580463,-2440.2356454836877,-4.5219562193239,-0.0,-1897.71976195659,-1177.6692914061389,-369.37242863311536,-4.522910026898429,-0.0,-124.6559550286261,-698.4203967686058,-0.0,-0.0,-38.35479091207356,200.59624234326722,-2065.4159481330476,-0.0,-1001.0181630500955,-76.10563055465802,-88.90485138566349,-0.0,277.71882826237083,-97.38991901832075,-494.0559620701717,-2019.1712200049528,-0.0,-85.31133145553595,-1306.3386319860215,-1119.078156145594,-0.0,396.634248681482,-0.0,-1000.6308963064748,-1083.5732949675507,-7.670381308439389,-0.0,-0.0,26.510298888642396,-263.35381676636894,-181.03213356948208,-81.06697196204601,65.62428376234863,65.64843358120152,-746.7574238909585,-760.4458759435087,-1136.130769323587,-0.0,-1959.3829235943424,-906.0989487654053,-0.0,-0.0,-1066.4057559070632,-2180.2053301662845,-571.9248090960465,-0.0,-2824.5063784664426,-118.261998354139,-73.6118069906429,-1226.1146521872715,-0.0,-358.4210905444219,-1311.8429185744642,-3.841559668665482,-0.0,-4898.313882971511,-177.89975543791846,-1446.4925876955363,-1065.5271215255664,-1125.6594464128707,-2138.0409859795523,-95.64727328695912,-829.4590489153462,-2044.6708570117469,-1241.8374619609103,-1097.6115652256224,-250.83128025781565,-1847.9203851465284,-0.0,-3056.2213780678467,-0.0,-5450.110111711281,-271.0176429649307,-272.3733517162371,-1386.6873026904143,-0.0,-0.0,-0.0,884.4669230106497,26.776754203351967,-963.5215157164416,-1435.9763408713059,-384.5483766167766,-1031.6759240700371,-0.0,-0.0,-1409.3443907928056,-326.05339429812904,-446.9914938032095,-201.38498621995652,-0.0,-1540.1785980713314,-388.2658468218113,-1725.0429971604156,-0.0,-36.337552453142465,-0.0,-1835.7275627585836,-827.9820652574026,-1852.2640443024077,-0.0,-0.0,-1618.8125664295053,-531.7009046719402,-702.3321990427773,-1473.1711715412875,-330.98786728703766,-1231.706518105024,-0.0,5.452314405619325,-1049.9270485664476,-3884.236261120881,318.0167089054121,-1370.8585017625762,-6506.385240365212,-640.1940928438827,-676.1965751468723,-213.1799600442927,-119.7006833581236,-939.1902911732828,353.52169094901336,-102.06294597843751,380.55430464865,-1191.376469174269,-511.4303046759811,-0.0,-1319.4232087585908,-1774.9269484649708,-578.1184079689745,-435.2408511339965,-0.0,-0.0,-35.005640875088204,-1093.527225700367,78.54599503889472,-2089.1550439432326,-0.0,-0.0,-430.0944905079165,-639.2523005260443,-1096.3733050425385,34.50116336714484,-2775.0556406314004,-1440.3720834746189,-1360.6541002638894,-153.96828506309853,-0.0,-413.44868900383335,-0.0,-628.5826584648252,-13.466609810117331,-1562.3142138872104,-485.916522650953,-1530.8214486228433,-368.6763054473794,-293.3635206898049,-0.0,-1241.0367038596312,-679.7791260208137,-1234.6553964234886,-0.0,-3242.080068198575,-1248.0449101804802,-1475.164513414721,-965.9416661033176,-990.14805140638,-61.5729647954046,-2254.1840445762887,-783.2762875696775,-1274.4602855581109,-1830.8249470506203,-197.73445940792223,325.4635863419221,-1000.0182247291714,-0.0,-0.0,-17.251993884370975,-55.484760644725895,-15.5352270709826,-275.14852597595814,-0.0,-0.0,-0.0,-0.0,-0.0,-0.0,-0.0,-0.0,-0.0,-0.0,-1383.7466172340396,-2353.3658482754518,-1905.345722991658,-0.0,-0.0,1295.2667665446645,-414.69276195136405,-0.0,-436.10486785609663,-387.11911636753285,-933.3007919235257,-841.2369785167439,-1075.5478215079493,-3.903960751047647,-710.0106979825997,-425.05179457541544,216.83339506920672,-0.0,978.3828850708612,-0.0,248.03375625836748,-0.0,-333.71437693154076,-0.0,-458.1722585950938,-1067.0421961121979,-1819.5617516304487,198.37651450479902,-0.0,-0.0,-0.0,-0.0,-0.0,-464.0221878108891,8.793693572291918,21.644723836066795,-0.0,-0.0,-541.7879201693203,-0.0,-57.21509478134978,-685.2142346094072,-4027.5114977551248,-0.0,-1292.7113138440182,-0.0,-624.7602272241581,-0.0,-0.0,39.12964777442079,-0.0,-267.31315448674764,-0.0,-0.0,-0.0,-951.8854879875691,-1620.2511735811488,-0.0,145.55894268540214,-2166.4587742384956,-0.0,-92.18888466099885,-338.3972913844431,-0.0,-0.0,-1762.122475532179,-0.0,-790.0754200895134,-1317.309174424314,-159.52016910668422,-2701.006713871514,-1737.1271300470705,274.03124234423416,-707.1403347221187,-0.0,-1202.1368313910184,-0.0,-0.0,-0.0,-3779.437904508407,-875.5799016852999,-1404.2254739950586,-0.0,-394.42856569646545,-18.035228445538216,-1116.2292059828303,-2130.766015076777,127.81868858701031,-2542.893202395978,-0.0,-1702.1398116397336,-2437.7296537794773,-0.0,-0.0,-0.0,-0.0,-2147.0233015847807,-388.30241986840167,-1287.776038803051,-0.0,596.3200306914687,1343.6195767744002,-0.0,-0.0,-854.7089356694672,-854.1114165063265,-335.2670495026533,61.22727587456471,76.31951315494021,-0.0,-1422.9805262855423,-0.0,-270.92119427183746,-1155.3271018245237,1635.0970382766293,-0.0,-0.0,-0.0,832.2587046368109,75.46875106017708,-869.065945411586,-0.0,-1313.2031225930677,-0.0,-961.2425055998418,-674.083344189793,-0.0,-0.0,-0.0,-0.0,-0.0,-72.15212844859307,-0.0,-0.0,-0.0,-1139.4283398300124,-287.59821405349913,-0.0,-0.0,-0.0,-113.55643124669326,-82.67921890008728,-570.5718615584196,-648.5819951609113,-2839.2186999940886,-815.1036418038094,-454.09848858832737,-0.0,-2485.465967008387,-45.270089185730704,-0.0,-1038.5198752855813,-2442.011868886929,-679.0907500226821,-515.0313580062366,-1102.574554572928,-223.7322032591509,-657.3440784540292,-718.7433224220056,-826.0520473268291,-197.96817494313896,-1812.7894855483903,-781.3025220543141,-370.0415564073957,-0.0,-0.0,-816.1692032074742,-3821.538017877735,-0.0,-988.3794685832905,-418.5165937323187,-0.0,-358.24054859408585,-622.7241032505486,-763.2793172065618,-4.237958937983596,-0.0,-0.0,-0.0,-0.0,462.5623265532686,-0.0,-605.484952216944,-0.0,-0.0,-649.4805188075334,-1177.0133752978033,-2614.2486666603454,-530.9398666838593,-592.2795416533986,-110.59137546064785,-2111.0201654809066,-0.0,-738.2085753594791,-380.3731526592597,-478.42854804978896,-1015.4024917025185,-997.2189900410588,-1449.0258194081764,23.53074463361001,-366.97228199362024,-0.0,-1072.0733884055635,-1139.3484187258568,-62.89847549467314,7.400354369293123,-2398.394897275364,-1217.181025828496,-720.4027341780318,-0.0,-652.0151807808562,-606.1269726939346,-606.6896833164099,-2234.429295654104,-8.16779081985317,-0.0,12.82329312539083,-0.0,-0.0,-234.65103537007911,-3348.2716002113357,-211.82230839793132,-1508.145612246197,-3267.40879942753,-0.0,-4767.403384485255,-288.1020103153495,-2366.95432654672,295.33546985389955,-0.0,1527.5014474032093,-778.7373266892391,-0.0,-2206.441214859973,-0.0,-20.021738820927208,-0.0,-0.0,-0.0,-0.0,38.912191756679725,-0.0,-0.0,-0.0,-524.5058854656667,-1451.6120599955098,-718.3423415258284,-0.0,-3544.170761975302,-0.0,-0.0,-0.0,-228.1932695620969,-302.9299053371393,-0.0,-1801.0462086161708,-0.0,-0.0,-3550.617286461115,-0.0,-0.0,6.120919480192929,-542.9021945834878,-21.6298127196015,-0.0,-0.0,-180.76044618633074,-0.0,-0.0,-1361.626631120344,-1201.2244752595586,-1415.4521721677265,-0.0,-271.3775513433741,154.70100060223703,-408.63226834466656,-14562.192586698531,-0.0,-604.6559735721091,-1267.8319042251596,-1487.2087272341207,-0.0,-0.0,20.46316922299267,-348.52821967326,-980.6133518037681,-0.0,-0.0,-0.0,-535.1981794586254,-2655.695193073934,-1479.5896905158927,-0.0,-0.0,-0.0,-364.5276555469651,21.55392168691277,225.81522260885765,-1070.7103044042246,-0.0,-0.0,-922.8884130393118,-0.0,-0.0,-0.0,-2822.626096523619,-1114.1704326148306,-0.0,-1085.6701294986206,-519.6243890053537,-347.63886116211313,-684.7541376781289,-992.1378007413708,83.80747888348117,-1070.1384983463365,-1038.6473465819843,-66.12005235242772,-1244.671884566116,-0.0,-0.0,-0.0,-0.0,-626.259039142753,-0.0,-0.0,-524.9895738250552,-1840.6815796556125,-667.8830943066647,-0.0,1443.403390360728,1319.8985016198126,1195.802596288956,-0.0,-0.0,-0.0,-808.1943900188298,-209.657838746004,-766.1634368477704,-95.02386336007142,-597.6824158554149,-1627.8371850552044,-1308.7802562931008,-2136.807882242028,-0.0,-0.0,-0.0,-0.0,-1004.0671699974523,-724.145245863623,-1682.1979244702006,-447.06602448109965,-1321.45446862656,-1973.3752628977445,-1776.655861078845,-0.0,402.02676920931697,-413.2982239550637,-427.55703779887796,-132.1285420849302,-4273.270300893038,-7.551370376840816,-0.0,-761.2425463094826,-1339.1026234623444,-0.0,-46.57112304734217,157.34567011473473,-165.7722824656672,-424.36066990935626,-2034.7083777259636,-398.6833688482769,-1550.9006057302518,-0.0,-1823.0715820525,-1571.0124318266246,-1232.1731590045035,-0.0,-1727.4749827705925,-623.7015204276746,-729.3468878222217,-903.4290879917642,147.69083493427857,-1666.9128213128374,-1335.2818897280554,-0.0,-125.00146200300448,-0.0,-0.0,-0.0,-1055.7382469232646,-682.9113846179864,-0.0,-0.0,-0.0,-3530.1965188263416,-1958.7313047439293,-0.0,-0.0,-0.0,-1470.0621800016147,-838.990436915392,-0.0,-706.1189922218913,-1406.0893725425663,-613.1144063290317,3.8058809122959487,-963.4581865114683,8.347616269985126,-1517.5884998533554,-1806.7964530747147,-0.0,-0.0,-40.93247694490775,-0.0,-0.0,-1371.3195382720974,-109.12415037840057,-388.0275918572447,-0.0,-0.0,-0.0,-978.4788625669212,-301.80604212871157,84.52264450914325,-480.4062118548269,-228.43685647436172,-2082.3707243040944,-274.7908352718189,-567.0805177027246,-1167.694074339155,-0.0,-376.7469116766077,-0.0,-1771.3056920851893,-1544.2062428664924,-1743.7696210631009,-302.98410941155055,-278.7490116718846,-57.70687286713484,-839.1969069868426,214.15730261961426,-0.0,-350.52090417511823,-0.0,-0.0,-427.31083600671593,-96.84642782237886,-2427.701942072643,-2518.334870880404,-609.9758602804752,-0.0,-0.0,-1052.2575040836527,318.80798020440557,-0.0,-0.0,-0.0,-971.2308753446526,-77.64349608509784,-304.45957103066604,-4330.589005341355,-1433.760774719134,-712.028046650082,-410.32075195610383,-208.64619810575525,-861.1717397035369,-562.1544772509849,-491.0276579048364,-0.0,-902.8617988771033,-687.1985367781051,-1579.1670751577622,-0.0,26.384630419598018,-8.304712121581206,-0.0,-0.0,-1480.1753210709119,-0.0,-3759.9046158163637,-1312.6610056233267,2836.0707986382986,2729.629883469449,-0.0,-0.0,-732.2474650176285,-944.8377653120175,-1295.8623518095505,-314.05118172788997,-3508.8170515076163,-538.2982911267354,-0.0,-0.0,-0.0,-1447.383395147814,-793.3536730368872,-182.4147971831389,-2579.7741728942988,-1144.4375080209818,-20.16970483295334,-441.0290149891771,-1110.8381731349637,-356.9515818460435,-511.5598858411477,-0.0,-4.401476835082216,114.28604903956487,-1057.7039170901555,-154.0239891594993,-0.0,64.02044993733466,121.54008548883044,-210.81030827547426,-1312.9201165955524,-2081.90076568343,-76.90335912509906,-1024.4053221052118,-1226.1893792516782,-0.0,-0.0,-741.3268503595997,-0.0,-0.0,-0.0,-0.0,-562.0132100598421,-38.819960789892775,-1213.6471193276932,-1192.4319655648005,-2265.0752419945584,-1040.3976800398207,-0.0,-590.3305750634347,-0.0,-1393.5139311612222,-1415.2318696035522,-1352.7658811087058,-993.9830001937507,-0.0,-1488.010415616023,-0.0,-0.0,-0.0,-3720.155442475225,-1092.550672899213,-248.12882217187766,-922.2185536619701,-711.1478613471952,-1004.4652878363801,-0.0,-0.0,-0.0,-0.0,-5594.568892611539,-743.4579432255533,-1770.6308124663155,-3789.7572309584216,-2072.13512777892,-432.8456762299085,-0.0,-1875.2381786534602,-852.23422933509,-0.0,-291.13812899171893,-376.2135662208987,-0.0,-930.2491856216607,-244.56158849796938,1479.2710695089784,-449.6280243432206,-0.0,-0.0,-981.0341551486223,-797.8443141376209,-2191.5561799467623,-404.2815199780159,-0.0,-0.0,-667.3225275511469,-0.0,-0.0,-0.0,-0.0,-1314.294826896908,-544.0034817383231,-1232.5450877918743,-490.4811889819432,-28.00066756973296,-747.1464299398907,-0.0,-0.0,-0.0,-0.0,-2349.74319543906,-0.0,-0.0,-0.0,-0.0,-0.0,-0.0,-764.9132944833411,-0.0,-2594.483510751617,-513.0124387803733,-222.53070199891764,-1147.7184345771175,-0.0,-0.0,-1585.4449103067554,-1468.3219703170544,4.106781073020278,-402.71546629606155,-33.93346753370306,-1560.308516984202,-832.1969600012665,-0.0,-4020.0753134933,-1316.5031254392306,-0.0,-0.0,-34.62304113580668,-294.974158810043,-1213.656485139578,-0.0,-0.0,-56.52514759038777,-1577.0157188829487,-512.5649955694146,-340.84915187647294,-43.02371142617423,-1822.2242387385518,-0.0,-0.0,-0.0,-0.0,-0.0,-631.6699123296515,-448.32186786188834,-601.8310766937351,-4297.181337107986,-1588.9576427045708,-1201.4339424592135,-19.12605310272208,-828.997668187473,-1306.7392137775237,-20.30042775335015,-0.0,-0.0,-0.0,-643.6286302422856,-476.96287010238393,-1748.195487152759,-652.5257909414993,-0.0,-1532.8794471313267,-0.0,-726.7985879368796,-0.0,-0.0,-2046.629240321753,-645.3621288696971,-599.9491819354628,-1545.583815419476,-505.82866830910444,-13.364745039784431,-703.8998095741111,-1307.8248848775233,-0.0,-487.7202665264354,-1209.4337578843306,-4348.011386271935,-0.0,-62.91662312313866,-2333.251908954043,-1508.02110520659,-1286.7107975392553,-538.9187030127849,-1115.3216098408823,-0.0,-248.60536899974446,-0.0,-260.87495298281425,687.1821800988716,-0.0,-0.0,999.787167563917,-0.0,-2318.242558580505,-659.727198926556,-1101.60555575794,-1097.4851179348457,-1416.3572659491927,-401.6401804586909,-65.88132904390986,-0.0,-0.0,-867.4387876966683,-759.1062811932135,-743.2887049201257,-0.0,29.37882310837617,29.731580743596272,-160.51578924837932,-3055.7158357983235,-1876.716978002085,-0.0,13.125112388264398,-1340.8044920434909,-4201.007895049975,-2659.6170105187766,-489.88069186889044,-891.943107965593,-1190.9319079168465,-0.0,-222.76553075238007,-0.0,-533.9470551631732,-279.38608129820074,-1623.556317658671,-2277.2844727926627,-289.29390915705363,-523.8620797242304,-4735.461019053593,-1214.1781801298102,-428.16332262671585,-484.47924141177305,-1476.504866460714,-468.4147247337593,-8.097806163564293,-1420.8109451097919,-1623.4158109100676,-0.0,-0.0,-528.2122193389665,-1254.4861031957998,-356.1489869566834,13.344410597977644,-0.0,-0.0,-0.0,-0.0,-0.0,-40.72361188749248,-746.7052419440397,642.3667255851507,-413.49264567872916,-714.9031904705349,-510.566563906949,-1102.217107313976,-1587.9160944705243,-1032.8085144352672,-1794.216614721844,-485.9078191183436,-646.6643371515589,-1493.36875854773,-629.3383343068095,-0.0,925.0693569724658,-481.44899750598506,-41.20048067385902,-0.0,-929.7145553149754,-548.7450257985093,-1603.8092989218933,-1854.1157578994257,-2530.582960973377,-0.0,130.33055124106778,-0.0,-0.0,-1056.5104561753278,-1509.8457907144164,-0.0,-953.4305211994938,-8.79188000247267,-0.0,-0.0,-0.0,-2596.351008045495,-730.6336046324117,-244.10359257731295,-179.05961525546888,-0.0,-0.0,-1231.466543952899,-1543.170280155514,-982.5021459971695,570.0797306421965,-9.210256079417713,-0.0,8.822047938026149,-0.0,-1594.142235896614,-597.2670947789474,-1198.8193947922382,-1885.8385726858303,-1693.425113311845,64.03800245736015,-0.0,-0.0,-1799.7623571187241,-403.38070775956123,-0.0,-0.0,-139.0086947055463,-0.0,-54.87015818014079,-0.0,-1174.2637783185755,-822.4193635075453,-0.0,8.828970896530931,710.2282138635896,-0.0,-71.3021496608202,-2301.850880746391,-0.0,-0.0,-656.6044343500982,11.639164053670479,-0.0,13.100369084093552,-422.4464484388782,-1642.9265292838206,-0.0,-842.3681235765421,-0.0,-1120.6683420127154,1818.7707163837085,-135.6003599795632,-1725.9727845395828,-1568.178693697402,1064.7564624807055,-53.767994094566596,-2444.3744610073677,-807.2799105441815,-939.4788403662917,-0.0,-728.2538815485498,-86.86919908916212,892.6041286727722,-404.8359180147913,-1520.933707539454,-0.0,-0.0,-0.0,-756.9300110104632,-674.6171744213368,-636.7812176935496,-1028.9174704231934,-1132.2730811862923,4.4596589511189295,-970.2605015867484,-981.0280501899244,-1266.2152608988447,-0.0,-0.0,-506.5484110261319,836.7973917882736,-6329.873138100835,-0.0,-1557.5723644989769,-1799.967008803912,-887.0462969177378,-832.5758250498805,-262.05122634185994,-2732.8200016029914,-296.83671871093264,-0.0,-1012.4126639835426,-1000.1935442209891,-632.9824515697024,-0.0,-1397.7645508087169,-2241.4834232484727,-29.704636826520666,-1042.4168913500605,-2495.3230958880904,392.83003408377186,-0.0,-460.4237629302793,-132.79361463550077,-1454.6036175068386,-1013.2287687001397,105.13272146005919,-123.09943802143056,-729.528122604646,-468.47662062783314,-568.47779811004,-747.8439029409172,-569.5992841391349,-0.0,-1366.239764234971,-0.0,-1246.441869895217,-722.3737115446838,-203.4133833771795,-0.0,-1861.5069264559406,-4959.591712589207,-0.0,-473.06030243607705,-0.0,-2502.703861331738,-320.2111608380762,-0.0,-339.6523015516922,-506.3024616009063,-0.0,-2177.0425684402503,-1473.8797928080598,-0.0,-4003.403899668664,-130.22824140826222,-1294.6955319136166,-1413.5293658609598,-1772.8427813857975,-127.23234659837537,-0.0,-921.0131294300165,-2177.7497234605326,-547.1030288746626,-923.0034686126754,-1052.304971352537,-1771.0540138544436,-2274.7536164629673,-902.5191857946977,-1892.9407436711779,30.140187919696178,-0.0,-300.21526243397165,-1533.774222757079,-1140.4669872386517,-0.0,-0.0,-0.0,-441.5271106155156,-404.43556594633435,-13.704547016700504,-580.9436769260866,-0.0,-1289.2968887600455,-775.1395075673453,-542.5597490937967,1.7524744843925897,-0.0,-345.343111290231,-1590.9515277104406,-1028.2704805136266,-333.54765068957164,-849.0046035408776,8.510297804734696,-0.0,-0.0,-3170.0146825360534,-950.160627664109,-0.0,-0.0,-0.0,-80.07157455871821,-1076.2721672699734,3.776091813512303,-1761.7103306416097,-1534.4366316251203,737.9849945870095,-0.0,-595.2326679654615,-0.0,827.4956781120295,-231.9544141622515,-0.0,-1674.5507513452237,-319.732772836086,-1678.12510823572,-0.0,-1577.895638573963,-564.7354500299832,-230.15408333576806,8.566961106990586,-37.324839518000545,-0.0,-0.0,-710.5633326390008,-1264.6195492282818,-0.0,-586.13187875787,-0.0,-344.0790311483891,-632.093416004442,-0.0,253.37371469412983,703.3165978235369,775.7974466520064,833.2201229308995,734.7544752150772,923.9108574842244,-0.0,-0.0,-0.0,-0.0,-0.0,18.959246091195688,-0.0,-0.0,-710.2471963590762,17.16425027137435,-383.89127045221073,-179.4209462294367,-0.0,-919.2290937760673,-1505.9940449525473,-1980.3957403818122,-261.69242618777304,-218.92997124288536,-0.0,-0.0,-568.8637209459437,-0.0,-0.0,-0.0,-0.0,-2716.9200202944344,-0.0,-40.30249267389795,1026.673501655981,-0.0,-1055.195083278178,-570.2389880605169,1163.068280006576,-962.2268487224915,-0.0,-3124.6982902331606,-2041.00263314719,-243.37409192330603,-827.8962488012814,-1325.2320319419607,-577.0489687451288,991.4597158883768,-86.90658146820549,-545.9459069571905,-0.0,-0.0,-564.9644956941055,-0.0,-975.4527427030122,-0.0,-484.30154189215455,-117.54886640459009,-0.0,-0.0,-1254.1922618978997,-0.0,-0.0,-564.8753836217796,-1285.8750650180564,-1749.6157845538328,-0.0,-0.0,-0.0,-1963.1865658587851,-0.0,-1229.4899336221415,26.876367151855245,-0.0,-0.0,-1150.9212663207963,-933.0643299011022,-1308.5617360252563,-370.67148148450883,-0.0,-1238.3231003071082,-288.91979496415,-0.0,-0.0,4.4323025752662595,-43.38858566469673,-4005.8554244935267,-0.0,-44.02538162534172,-44.98697985272762,409.444380630598,-87.96020706550904,-764.3759051020577,-808.8261797212762,-444.06769593013547,-0.0,-0.0,-1601.8221554747859,-0.0,-0.0,-0.0,-0.0,-0.0,-0.0,-0.0,-152.58282417149684,-0.0,-0.0,-1914.8888706488622,-8464.728647788963,-122.30781887546593,117.33162144255434,-485.5361624853669,-572.6428829443972,-449.8534227318398,-3813.001004180291,-245.47696712177685,-417.9848063143445,-0.0,-0.0,-0.0,-2006.839906899125,-0.0,-86.72604992220076,-0.0,-0.0,-0.0,-508.7421841708309,-13.500156347423426,-302.19583307657183,-1356.2516952719,-638.7257875102296,-87.93999056006977,-1856.922413787563,-0.0,-85.096600492984,-2001.147809768259,-0.0,-1344.107275676945,-0.0,-1376.2552836089033,-0.0,-0.0,-943.0844472364926,-646.1080182172503,-34.056060002247435,-687.3709880248938,-111.51165010503125,-751.6217894231849,-158.5804499673001,-681.6819171670671,-683.1998783117039,-2180.707488252575,-957.0442764313093,-0.0,-1701.9951815143531,-421.52174954880763,-779.6588523039578,-0.0,-0.0,-1000.873187194364,-2203.185363476235,-142.96852642152587,-0.0,-0.0,-76.5694179636723,-3277.379549916976,-853.1708592054606,-234.65265990478963,-345.5339974548052,-45.61859379521127,-4371.405457157627,-0.0,-0.0,-1985.3459889781288,-846.7130829496385,-0.0,-0.0,-0.0,-80.13579884837503,-0.0,-1845.609052983915,-1710.183709385704,-0.0,-401.949527320075,173.92686886555686,-0.0,-0.0,-0.0,-999.3352058416609,4.533986624375607,-2449.858695797233,-628.4690920469799,-1175.4924935223232,-695.2199883016757,-3333.439971088575,-1458.0830916887655,337.1008468326923,-0.0,-2051.7971793695638,-0.0,-0.0,-0.0,-1066.408291905645,-645.670644411819,-1238.4901769361254,-0.0,-0.0,-905.1203559079361,-1294.0324286382563,-680.4098652260101,-502.49440355124506,-0.0,-0.0,-1317.1969892699647,-0.0,-0.0,-0.0,-0.0,-0.0,-0.0,-505.9653537710743,-180.56988746828785,-1454.4314146727315,-0.0,-742.8777216631817,-4153.34437407586,-46.70227941895326,-0.0,-0.0,-0.0,-0.0,-0.0,-0.0,-0.0,-0.0,-0.0,-0.0,-1290.4397864871166,-1910.950871543375,-0.0,304.38227780835683,-0.0,-609.8605532208612,-91.89322142804389,-0.0,-708.845882628271,-343.828641057104,-25.684467664384854,-3150.2884084737684,-484.66257841632967,-2975.0573059988265,-198.7207215713046,-1865.3874248079026,-1690.1590500425941,-646.7679734462263,4.571299761313058,-0.0,-1242.9558567197817,-2108.2361779238463,-2422.369478159758,16.056750633729756,-502.66770228313806,-1723.2084972925904,-0.0,-2046.741515814181,-380.698885990013,-0.0,-3010.4165146112246,-0.0,-961.4591915799779,-0.0,-2960.5891837576914,-0.0,-0.0,-84.71008817981938,-968.4767274831911,-687.8865917531874,-0.0,-1214.1494809279943,77.38545492729396,313.7463881477634,327.54465960631484,-265.005760438237,-1834.6976522755906,-736.7168582506946,-0.0,-0.0,-5750.8418981629175,-1305.7696647020225,-0.0,457.00758385232166,-0.0,-1660.1697679125614,-577.2204956941077,-712.7514040886085,-0.0,-0.0,59.58872591404985,-0.0,-1030.8351944255216,-1033.4306928406177,-1900.2768509523949,-0.0,-589.1946918057653,-2982.7358684142728,-813.9240942326469,-0.0,-1298.9698679271762,-82.05519923827993,-1299.9735546503528,4.320869899696894,-944.9960039202143,-0.0,-0.0,-0.0,-720.9354080205237,-0.0,320.84932555121173,-0.0,-375.3896772212121,-785.706079679795,-537.1334643112979,-1119.4158159541073,-618.2046270289457,-1731.2277519058632,-904.6223188815702,-0.0,662.237083890238,-2331.8613091178127,-1786.4692486412464,-713.7691290442816,-0.0,-0.0,-0.0,-151.21379506235303,-1134.3298401184634,-326.35605329971946,-741.4847360536346,-2006.7420219748058,-2806.893819451063,159.6748325399835,735.0678708532696,759.5823639453198,-0.0,-0.0,130.0418667749595,-97.11487407791971,12322.728340262549,2169.382871964611,3967.1585056213935,5999.217154095938,-0.0,-0.0,-0.0,-0.0,-0.0,-1408.53527650618,-1568.216135460789,-832.3815194268435,-0.0,-2917.8424877108273,-578.2390632738985,-934.5615876380507,-0.0,-693.3452204796159,-1319.1388606503447,-992.2032296470283,-1243.8662186988574,-0.0,-3201.2039884109417,-2006.9324891374854,-779.3906171212161,-142.2277799811154,-2968.308004165258,-0.0,-280.236038069992,-0.0,-93.3437690311667,-0.0,-134.0019444965047,-204.1863837631301,-1016.9593098136132,-854.1536938421457,-0.0,-0.0,-0.0,-2137.5225932412663,-0.0,-0.0,-277.21527939718294,-933.179653447916,-971.5176432403117,-68.86556031218699,-1067.490881990431,-1872.9133764823068,-341.24326767508353,-0.0,-0.0,-159.54632430496608,-1609.0775167107774,-454.2494832133966,-0.0,-6104.646129138262,286.8180939038259,-0.0,-0.0,-0.0,-216.96647605493376,-441.9642957325929,-0.0,-0.0,-1222.409421947094,-2050.2058011321838,-1146.5093680007735,-424.01161653609284,-397.66786191208934,-538.8740708031212,444.9732645668858,-1171.8648006490569,-0.0,-500.63432810482533,-2338.4867793252433,-489.5507718070044,8.009045995200257,-0.0,-463.8300182658937,-0.0,-0.0,-0.0,-1281.780889785864,-456.4129942588778,-1433.8350588839085,-0.0,-0.0,-0.0,-193.86174883865326,-527.3222337557428,-1671.0862054780384,-2862.536482170864,-213.8002394822309,-125.39744700990663,-0.0,103.03358522616095,-0.0,-1140.8499193399696,-173.7819650070093,-0.0,-0.0,1004.0179781390929,-0.0,-1725.5243756377558,-0.0,-0.0,-0.0,-198.83407834599194,-2030.7483578581578,-1607.7324558794332,-31.656833493520907,-2263.2793784698406,-1576.6356240258358,-28.496283213812628,-31.953363732669054,-68.53435567975512,-0.0,-0.0,-2036.338496771174,-0.0,-6046.59573874211,-0.0,-1513.5126273710662,-284.5657005720378,180.05222684343462,-0.0,-11.660700607327257,-1653.3727012771074,-1595.6456549413572,-562.109533387435,-37.3467523654483,-103.69359576441596,-0.0,-0.0,-0.0,-0.0,-1085.8247511838033,-1118.159424526836,-0.0,-593.8037696899075,-1243.365323193777,-240.8288103181809,-31.311105581598973,-0.0,-0.0,-0.0,1100.4384145896086,-78.82902845043752,-0.0,-503.25602674689105,-826.0274114937359,-1527.711590414985,-0.0,-0.0,-2524.0561602701273,-0.0,-0.0,-0.0,-0.0,-698.7604921872754,1123.7089576031037,1061.5602040692827,1172.3154466994129,-0.0,-0.0,-0.0,-654.7948017339473,-0.0,-0.0,-377.7189085969148,-231.55148851166803,-0.0,-221.82869292299125,-1193.1038586729971,-1321.9424859761853,-0.0,-0.0,-0.0,-21.04146509370571,-1432.8694813973539,-19.063112953607707,335.54396389549595,-0.0,-1631.1622554506766,-898.6004602802794,-578.9670856141404,22.525600323082735,19.655314352014535,-307.2635193270712,-16.206451877894764,-377.96577907132763,-394.71576344145564,-1079.8372988826604,-361.3922392804126,761.4491660808976,-1416.6599688485496,-153.53948165675345,-156.88504082848462,-3637.8848307603516,-2630.3547051126748,684.4554510786978,-1171.5740346167413,-137.54470553613524,-4.464431632008188,-713.0269710570822,-1126.5435924223214,1892.4924456600263,-662.7755586488424,-678.2081102078016,-741.2714160820601,-0.0,-5950.535180589151,-0.0,-552.9084740073614,-976.9650902892455,-728.3174434013038,-844.0866127299005,-1108.6919952481041,-0.0,-1089.2444638337195,-207.5738448379142,-85.10776150323709,-7765.948321539088,393.779981858914,-173.38479754584253,-0.0,-581.8348223661665,-1122.0500495992997,-0.0,-0.0,-543.3774467852489,-1600.8522955926942,-41.79265664413001,-234.6010169337316,-289.21042284023343,-1204.1123151219201,-0.0,-0.0,65.62582287014502,-0.0,-0.0,-1738.0938752921684,-0.0,-1990.1008985871285,-1013.6088040753567,-1342.7040056230994,-0.0,-0.0,-489.4712728694824,-960.738164532169,-148.40529151917443,-0.0,-417.61810174878946,-161.19193310552444,-451.43758190986813,-0.0,-193.07286871369988,-460.23797253461345,-2367.464619656319,-857.1053638014646,-1404.35544157475,-0.0,-0.0,-1211.9332150443558,-28.84380793446923,-0.0,-0.0,-1342.2510255452682,-0.0,-0.0,-0.0,-0.0,-0.0,-0.0,-0.0,-0.0,-0.0,-0.0,-96.72155707252267,-0.0,-0.0,-0.0,-0.0,-0.0,-0.0,-0.0,-0.0,-0.0,-0.0,-0.0,-307.1916196999764,-0.0,-0.0,-0.0,-0.0,-0.0,-0.0,-0.0,-0.0,-0.0,-0.0,-0.0,-0.0,-0.0,-0.0,-0.0,-0.0,-0.0,-0.0,-0.0,-0.0,-0.0,-0.0,-0.0,-0.0,-0.0,-0.0,-0.0,-0.0,-253.97360823883034,-0.0,-0.0,-0.0,-0.0,-0.0,-0.0,-0.0,-0.0,-0.0,-0.0,-0.0,-0.0,-0.0,-0.0,-0.0,-0.0,-0.0,-0.0,-0.0,-0.0,-0.0,-0.0,-0.0,-0.0,-0.0,-0.0,-0.0,-0.0,-0.0,-0.0,-0.0,-0.0,-0.0,-0.0,-0.0,-0.0,-0.0,-0.0,-0.0,-0.0,-0.0,-0.0,-0.0,-1349.3853525353236,-611.4912675404507,-1642.0350282935417,-0.0,-0.0,-0.0,-0.0,-0.0,-0.0,-0.0,-0.0,-0.0,-0.0,-0.0,-0.0,-0.0,-0.0,-0.0,-0.0,-0.0,-0.0,-0.0,-0.0,-0.0,-0.0,534.7156766333698,-0.0,-0.0,-0.0,-0.0,-0.0,-0.0,-0.0,-0.0,-0.0,-0.0,671.1051019693904,-0.0,-0.0,-0.0,-0.0,-0.0,-0.0,-249.095398113651,-0.0,-0.0,-0.0,-0.0,-0.0,-0.0,-0.0,-0.0,-0.0,-0.0,-0.0,-0.0,-0.0,-0.0,-0.0,-0.0,-0.0,-0.0,-0.0,-0.0,-0.0,-0.0,-0.0,-0.0,-0.0,-0.0,-0.0,-1071.1127346854119,-0.0,-0.0,-0.0,-0.0,-0.0,-0.0,-0.0,-0.0,-169.98695470045053,-0.0,-0.0,-0.0,-0.0,-0.0,-0.0,-0.0,-0.0,-0.0,-0.0,-0.0,-0.0,-0.0,-0.0,-0.0,-0.0,-0.0,-0.0,-0.0,-0.0,-0.0,-0.0,-0.0,-0.0,-0.0,-0.0,-0.0,-0.0,-0.0,-0.0,-0.0,-0.0,-0.0,-0.0,-0.0,-0.0,-0.0,-0.0,-0.0,-745.1231198970138,-0.0,-0.0,-0.0,-0.0,-0.0,-0.0,-0.0,-0.0,-0.0,-0.0,-0.0,-0.0,-0.0,-0.0,-471.7589555090928,-0.0,-0.0,-248.30297113449618,-0.0,-0.0,-0.0,-0.0,-0.0,-0.0,193.04945375084452,-0.0,769.640990163591,-0.0,-0.0,-0.0,-0.0,-0.0,-0.0,-0.0,-0.0,-0.0,-0.0,-0.0,-0.0,-0.0,-0.0,-0.0,-0.0,-0.0,-0.0,-0.0,-0.0,-0.0,-0.0,-0.0,-0.0,-0.0,-0.0,-0.0,-0.0,-0.0,-0.0,-0.0,-0.0,-142.49639824378602,-0.0,-0.0,-0.0,-0.0,-0.0,-0.0,-0.0,-0.0,-0.0,-0.0,-0.0,-0.0,-0.0,-0.0,-0.0,-0.0,-0.0,-0.0,-0.0,-0.0,-0.0,-0.0,-0.0,-0.0,-0.0,-933.1728953772131,-0.0,-0.0,-0.0,-0.0,-0.0,-0.0,-0.0,-0.0,-0.0,-0.0,-0.0,-0.0,-0.0,-0.0,-0.0,-0.0,-0.0,-0.0,-0.0,-0.0,-0.0,-0.0,-0.0,-0.0,-0.0,-0.0,-0.0,-0.0,-0.0,-0.0,-0.0,-0.0,-0.0,-0.0,-0.0,1248.7287394566863,-0.0,-320.71800592768125,-0.0,-0.0,-0.0,-0.0,-0.0,-0.0,-0.0,-0.0,-0.0,-0.0,-0.0,-0.0,-0.0,-0.0,-0.0,-0.0,-0.0,-0.0,-0.0,-0.0,-0.0,-0.0,-0.0,-0.0,-0.0,-0.0,-0.0,-0.0,-0.0,-0.0,-21.74753690731448,-0.0,2515.554304253579,-0.0,-0.0,-0.0,-0.0,-0.0,-0.0,-0.0,-0.0,-0.0,-0.0,-0.0,-0.0,-0.0,-0.0,-0.0,-0.0,-0.0,-0.0,-0.0,-0.0,-0.0,-0.0,-0.0,-0.0,-0.0,-0.0,-0.0,-0.0,-0.0,-0.0,-0.0,-0.0,-0.0,-0.0,-0.0,-0.0,-0.0,-0.0,-2329.550157676245,-1617.9188136510825,-0.0,-0.0,-0.0,-0.0,-0.0,-0.0,-0.0,-0.0,-0.0,-0.0,-0.0,-0.0,-0.0,-0.0,-0.0,-0.0,-0.0,-0.0,-0.0,-0.0,-0.0,-0.0,-0.0,-0.0,-0.0,-0.0,-0.0,-0.0,-0.0,-0.0,-0.0,-0.0,44.854413798570086,-0.0,-0.0,-0.0,-0.0,-0.0,-0.0,-0.0,-0.0,-0.0,-0.0,-0.0,-0.0,-0.0,-0.0,-0.0,-0.0,-0.0,-0.0,657.0518047104817,-0.0,-0.0,-0.0,-0.0,-0.0,-0.0,-0.0,-0.0,-778.1906233212483,-0.0,-0.0,-0.0,-0.0,-0.0,-0.0,-0.0,-800.5353188839472,-0.0,-0.0,-0.0,-0.0,-0.0,-0.0,-0.0,2617.5728722915333,-0.0,-0.0,-0.0,-0.0,-0.0,-0.0,-0.0,-0.0,-0.0,-0.0,-0.0,-792.1212364638785,-0.0,-0.0,-0.0,-0.0,-0.0,-0.0,-0.0,-0.0,-0.0,-0.0,-0.0,-0.0,-0.0,-0.0,-0.0,-0.0,-0.0,-0.0,-0.0,-0.0,-0.0,-0.0,-0.0,-0.0,-0.0,-0.0,-0.0,-0.0,-0.0,-0.0,-0.0,81.15065212408682,-0.0,-0.0,-0.0,-0.0,-0.0,-0.0,-0.0,-0.0,674.5512888850337,-0.0,-0.0,-0.0,-0.0,-0.0,-0.0,-0.0,-379.1177644702627,-0.0,-0.0,-0.0,-0.0,-0.0,-0.0,-0.0,-0.0,-0.0,-90.22323114904474,-0.0,-0.0,-0.0,-0.0,-0.0,-0.0,-0.0,-0.0,-0.0,-0.0,-0.0,-0.0,-0.0,-0.0,-0.0,-0.0,-0.0,-0.0,-0.0,-0.0,-0.0,-0.0,-0.0,-0.0,-0.0,-0.0,-0.0,-1989.5577536551616,-0.0,-0.0,-0.0,-0.0,-0.0,-68.20970281471821,-0.0,-0.0,-0.0,-0.0,-0.0,-0.0,-0.0,-0.0,-0.0,-0.0,-0.0,-0.0,-0.0,-0.0,-0.0,-0.0,-0.0,-0.0,-0.0,-0.0,-0.0,-0.0,-0.0,-0.0,-0.0,-0.0,-0.0,-0.0,-0.0,-0.0,-0.0,-0.0,-0.0,-0.0,-0.0,-0.0,-0.0,-0.0,-0.0,-0.0,-0.0,-0.0,-0.0,-0.0,-0.0,-0.0,-0.0,-0.0,-0.0,-0.0,-0.0,-0.0,-0.0,-0.0,-0.0,-0.0,-0.0,-0.0,-0.0,-0.0,-0.0,-0.0,-0.0,-0.0,-0.0,-0.0,-0.0,-0.0,-0.0,-0.0,-0.0,-0.0,-0.0,-0.0,-0.0,-1383.9071319456782,-0.0,-0.0,-0.0,-0.0,-0.0,-0.0,-0.0,-0.0,-0.0,-1735.0162706057447,-0.0,-0.0,-0.0,-0.0,-0.0,-0.0,-0.0,-0.0,-0.0,-141.90701844232484,-0.0,-0.0,-0.0,-0.0,-0.0,-0.0,-0.0,-0.0,-0.0,-0.0,-0.0,-0.0,-0.0,-0.0,-0.0,-0.0,-89.08881798250738,-0.0,-0.0,-0.0,-0.0,-0.0,-0.0,-0.0,-0.0,378.82302831448413,-0.0,-0.0,-0.0,-0.0,-144.67556603892118,-0.0,-0.0,-0.0,-0.0,-0.0,-0.0,-0.0,-0.0,-0.0,-0.0,-0.0,-0.0,-0.0,-0.0,-0.0,-0.0,-0.0,-0.0,-0.0,-0.0,-0.0,-0.0,-0.0,-0.0,-0.0,-0.0,-0.0,-0.0,-0.0,-0.0,-0.0,-0.0,-0.0,-0.0,-0.0,-0.0,-0.0,-0.0,-0.0,-0.0,-0.0,-0.0,-0.0,-0.0,-0.0,-0.0,-0.0,-0.0,-0.0,-0.0,-0.0,-0.0,-0.0,-0.0,-0.0,-0.0,-0.0,-0.0,-0.0,-0.0,-0.0,-0.0,-0.0,-0.0,-0.0,-0.0,-0.0,-0.0,-0.0,-0.0,-0.0,-0.0,-0.0,-0.0,-0.0,-0.0,-0.0,-0.0,-0.0,-0.0,-0.0,-0.0,-0.0,-0.0,-0.0,-0.0,-0.0,-0.0,-0.0,-0.0,-0.0,-0.0,-0.0,-0.0,-0.0,-0.0,-0.0,-0.0,-0.0,-0.0,-0.0,-0.0,-0.0,-0.0,-0.0,-0.0,-0.0,-0.0,-0.0,-0.0,-0.0,-0.0,-0.0,-0.0,-0.0,-0.0,-0.0,-0.0,-0.0,-0.0,-0.0,-0.0,-0.0,-0.0,-0.0,-0.0,-0.0,-0.0,-0.0,-0.0,-0.0,-0.0,-0.0,-0.0,-0.0,-0.0,-0.0,-0.0,-0.0,-0.0,-4195.01527639567,-92.34233722023562,33859.03880268768,-3892.324317530053,-3874.5141930944233,82381.9232021069,-0.0,-7578.770318405424,849.5541672699176,1952.6607546415887,-24881.407929452227,-0.0,-5234.5939201675765,-0.0,-0.0,23029.61309663439,-12977.117874613768,3003.851918635055,6719.019853044227,-4035.922674849826,-24445.29371688315,-9011.835464094398,54.27471248543795,-96.0948057213664,-6229.421365598136,-0.0,-12162.570101366873,-18164.68951317006,14271.61188517144,-132.99569621388542,395.28657488246085,47066.51373325366,-2374.7614242580303,-101938.2845252639,-3235.660827709024,-23830.23861182522,-16006.829811928128,-5189.103698220036,-6419.715670749516,-16083.365791612421,13378.300068590173,-2266.5190334078543,-3608.5211960378256,-3439.691456695026,-11662.589013273171,6708.3381329890935,33458.854873875476,-787.7256803824095,-185.8363649682348,20955.828584901665,3485.5211903276636,-186.10698019262102,5309.1882686788485,5871.308630631861,-5720.656894924758,-7503.852198241947,-3307.4289452714374,406.6481518837439,-0.0,-0.0,-1280.0679060750167,-7928.100018024341,-3906.3216168721697,-3372.9626236867225,-474.2772949297825,-5004.255754057043,11517.55793580131,6391.027846237617,-8161.105067613757,17572.868038044347,-19528.335644222454,-31952.251991797766,72190.59560783254,-23108.141118731677,-8098.472605138375,-1923.088886594192,-3206.388010638435,-6341.714018031496,-3950.4248540041663,-32684.34247081958,-0.0,-14184.449324887053,-0.0,3586.572819115923,-0.0,-0.0,-13502.028613099275,-1416.2549189906067,-0.0,-0.0,3616.3438951792164,-0.0,131.21173542261815,-0.0,-6173.05887772605,-4517.945973398775,-7772.831956450777,-8575.682574885714,9278.581930536817,-0.0,-29143.302583224046,46577.11643899567,-0.0,-0.0,-19902.757107783287,-8905.642561832026,131.40519975909888,562.3159993134852,-0.0,59162.812085795325,-0.0,-0.0,-0.0,-0.0,54412.8236308989,-1495.072976473598,-0.0,-12820.27092700398,-0.0,-5379.2184687166655,-928.4756307143081,-2676.9125268558028,-15554.965406707173,9133.530149353737,-1011.1302782508274,-9241.364784322117,-0.0,-0.0,-6620.349438604311,-7100.411205531301,-12488.934974584197,60417.19544441746,-0.0,-215.18441900063826,13701.78223268871,4227.421120481337,-2792.5840237527664,688.5289258533877,1732.1517204633437,-3790.9940470274314,148.61059625722936,-18683.547075632647,831.0225160213024,13691.693628009407,-668.111254557113,10305.790688781386,46844.84247918348,5565.714809580234,1067.9988279310862,9601.596199041378,-2036.200452940129,-7777.887999250491,-8920.679772071036,-15741.921303980582,-0.0,2874.7924686300285,14363.137063450102,12949.217490547459,-8180.517673214279,5994.224482012921,3671.6498365879033,-9079.106756144685,22331.694717426293,-14605.327996817035,-0.0,5415.995429671635,-11882.682211049876,-15568.13164212417,-7502.949767413396,26023.5763916469,2145.8417550417116,-0.0,-5303.426770529728,-0.0,-2455.722948231783,57.05619785428263,-3532.467315432411,-830.0959515224566,82.07528454907987,-194.53092405224163,-22144.646502554802,-14070.17448154443,23274.835681291654,-7838.8271075423045,3464.9273382819733,8475.93929561069,-7615.738931170055,-4930.439027459669,-13800.652987650816,-0.0,-2012.1456899760176,-2066.726213612782,-0.0,1160.5919788942265,-3159.689308095641,-0.0,-0.0,-16133.16135917622,-3230.552364859382,3930.9821603151026,-3843.5820883291776,-0.0,-0.0,-0.0,57408.691263460496,23774.82749848867,-0.0,-1411.4168183661534,12283.935529994522,-0.0,-4171.060640769874,-2868.99427118777,-0.0,-5173.599487598943,-7719.7591020868995,117575.08189719926,-12440.904348748682,-9004.764871612484,-31163.212291601223,-0.0,2554.6520849553526,2301.5279445618903,-10171.882144627916,26604.842431709854,-8202.930199072538,-45759.11810493697,-15430.988993521,-10322.00831185092,-0.0,1302.1385702958453,-4945.531056691606,21355.9701484391,-2203.537061940912,85.36869193731376,-12021.330410730045,-9401.15141761517,30817.248249054286,-0.0,-1593.0080681189636,122.78895086568816,-0.0,-0.0,-0.0,-0.0,-0.0,-0.0,-0.0,-0.0,-0.0,-0.0,-0.0,-0.0,-0.0,-0.0,-1297.9946579127768,-0.0,-0.0,4268.594479645814,-11840.451122110646,-879.192075707309,-9412.145367861203,23084.48016315864,8977.564026876444,-3841.7449912952484,2342.747423466062,39977.343012862555,-0.0,-0.0,-3876.739707333094,2650.1434609017533,-6645.59597040714,-8291.337268183917,-0.0,-202.01448195499106,9433.797799093178,-4299.856118726734,-936.3468059149877,3083.2614203695925,-28041.587994062887,23340.830238904437,-4881.8471286777785,-2148.5594512842526,14076.169361091343,-0.0,-0.0,-0.0,-0.0,-0.0,-0.0,759.9957032129471,51916.83065876988,-9595.713449755684,-7513.5236515728675,-12481.296396733911,-0.0,-10305.487907480032,-12634.499329255665,-0.0,-0.0,-0.0,575.5693092101682,553.2613511640241,811.9075704964278,2982.9867370579545,-0.0,2612.1286714686617,963.2720297764203,879.8428786082109,776.1621564777937,810.3758781782351,3288.5538458062133,1737.0114004246177,3277.412785667813,2598.225685221717,2873.5064366929523,3167.6049162462823,37647.80309961163,41243.263447989084,39000.827543008454,35335.82400913608,6731.961396650422,6672.663279235796,7697.17559180807,9537.089192397432,4692.87389552233,2023.452708949566,2131.330609841836,2143.7294222952373,2012.352462586896,2124.2181219526656,4936.762738143908,3085.057525756565,1308.6716921091402,1258.2189201377169,662.4123816990106,386.68086289103326,468.8514691109797,34048.09471654044,36926.40057239035,39194.132741690344,36034.37415545596,55657.38009719961,58593.18391663507,1318.0327954882773,1307.5691186774427,1315.3630215894254,1114.9814092025692,1244.7016656849235,1298.4327101655572,635.078102452642,48761.23871945506,52082.75514720886,53154.45989869142,2705.9888821106547,-0.0,6987.987404882699,39808.138602620325,35922.124327438534,36339.78070132896,59974.083739839654,65823.60279477596,67591.73849650128,56801.232246224165,2669.918040425157,2357.0245296554835,4934.071761027985,-0.0,19708.509807662882,22951.15366888359,-0.0,481.75210030606087,1003.3196568270071,1576.187402264485,1444.08470830698,1677.7420794881464,1486.8694687707728,1717.2897249824214,1393.6818376497602,40819.14405650129,39569.28068763528,38859.900662934495,36632.359106426506,1067.6367525038693,1220.648197323757,-0.0,-0.0,17387.335218288743,39380.49100961469,37880.967895159534,35367.514353932136,34132.298007811885,-0.0,49341.91549918883,53023.492204119015,1081.4364279981482,2131.4463000850137,2341.2733238941496,2497.188786020603,2246.25515192374,2210.9669171897367,53871.34424518191,50813.044665373796,-0.0,-0.0,16936.923962699402,886.3133263700771,1068.2896003687276,40177.43911071927,38004.27767388425,34231.629807674806,36269.28118311177,34564.52949706229,36741.45342599451,-0.0,16055.728711114198,10208.263093565627,-0.0,-0.0,1274.9390317296554,1400.5904353356314,445.2628641351414,398.4688548254606,326.22653779680314,327.97880095505997,-0.0,1167.1527585915064,1112.769665686089,1069.8740728950581,1219.6720989092262,-0.0,1484.5281644271427,1548.0585508636484,1959.592595583142,2095.072162672911,2094.2475329342847,2051.390896379468,763.0926321396133,930.1740116068258,851.082738336959,1277.108815912843,900.5577717538555,808.6114984677168,863.4217674655033,871.5331475612755,8228.281358132344,9341.498257348296,42.12810963819708,73.32701424342002,3432.119447544497,16153.081422914696,1030.4999492526338,989.4712845369894,-0.0,-0.0,6451.621836033997,6538.614852800449,6413.856208105324,6346.2088082308455,1351.515519157615,1461.415374718499,38571.91203270297,39273.55475213121,8544.377928510112,7472.27674117919,-0.0,53441.9833611169,2179.10486498443,2048.3583238014317,1115.8663605651927,55526.868409533236,59315.197262727204,57394.61541957859,52929.23755100122,434.3224496578509,59710.30525048295,56194.60045300939,-0.0,-0.0,19461.2064574669,-0.0,703.0278055114999,716.6503691800036,636.889265126132,1699.8322934854311,9508.432995557348,22394.55831674214,1447.081070306346,1562.832808049388,52.21206766810289,683.5133965621691,684.0429301322353,15189.349004456315,1535.7568487329868,-0.0,-0.0,-0.0,1103.559618390856,-0.0,1176.088380273652,-0.0,4341.436265025611,1015.1370293831338,1144.0182346841943,1083.1354560674827,686.5375728745782,664.3383737824022,626.3184878485051,1525.0378623862784,1691.3205298880584,1835.2184777629614,1103.980062409076,124.02101045919497,5048.421289066129,53312.697797808825,57849.54372890908,10432.558610678974,21009.75078006663,15820.978581439254,16532.73264352584,2032.8254496625636,1854.593487245788,1461.7890555900924,1461.0321187584273,797.5662593802952,964.5481357501228,2385.535021257857,35994.81883849614,38692.341461241886,1369.9850194014846,1401.5218113266499,1356.257193583161,2327.286877309245,2483.6744851142003,2841.0909312717026,39587.22683416193,35437.53644449075,35201.94384850516,38549.31364808936,-0.0,-0.0,-0.0,2378.1861919054763,2639.5575149609735,2294.351790270165,7083.944596281682,6182.802471130304,6687.1840322542075,1823.171310255944,1921.5527454519658
14,-0.0,-0.0,-586.9939456089262,-1866.914613797159,-438.6928144382144,-518.4919818590485,-50.914644840539864,-964.9166980868824,-658.3460993860466,-0.0,-1391.9793344586956,-0.0,-0.0,-2054.9557349118077,-0.0,-555.3305442588969,-414.4217892820643,-0.0,-0.0,-176.50257043399313,-251.5636513913171,-670.449366281438,-1064.4498673636867,-683.2445447616926,-2009.3293052246836,-1240.882909515934,-0.0,-0.0,-2800.0631794473,-1689.8335289900303,-0.0,-0.0,-0.0,-0.0,-0.0,-0.0,-104.69780900353052,-302.8013258863417,-1623.7114723693535,-1312.681557741016,-0.0,-0.0,-128.45091341688757,-683.858128170727,-172.04209729223595,-0.0,705.24460330479,-1597.4229232454538,-391.5467462481551,-0.0,-0.0,-358.37311385535736,-4.399269051333632,26.110484877975416,-1886.6438992206567,-3253.8286854445573,178.18146593984483,-5571.484112135662,-232.24248312603038,-0.0,-1577.0456532965602,-0.0,-632.9067745857125,-2413.5131479784673,-516.7458977802984,-611.9771715032709,-39.444461857286434,-2218.096704441104,-736.3145562303218,-517.6658406418609,-2974.773015350766,-0.0,-0.0,-2228.662910866578,-991.3050312582585,-383.9446795439481,-1851.1573827451289,-0.0,-0.0,-1451.779447215116,-1563.3646490051776,-459.23333355998244,-3798.177406112805,-62.268811906585675,-73.26683330052927,-1679.3757514340914,-0.0,-596.2830498103068,-998.9804534392073,-17.139687085147926,-0.0,-1436.4525928345156,-82.30221301605307,-630.537931327235,-2207.0631949261174,-51.63317740888551,-2217.7541553455885,-339.4810886716466,-1407.932960285402,-2582.415921302628,-719.7327834842089,689.6456075212697,-545.2220175054161,-0.0,-1624.1732580160335,-2320.4409396133897,-4196.742430662211,-552.97525660723,-2764.862904726765,-0.0,-1476.9977410754907,-0.0,-0.0,-497.70991921827704,-0.0,-0.0,-520.7886857268782,-78.11479024741027,-1626.6364399379431,-822.6317355463289,-999.23241908927,242.66608910169816,-440.3249514414394,-353.0081641848815,-402.6544831930258,-15.000883020301215,-438.25960436489237,-513.6832934627522,-768.4214985269637,-0.0,-5040.837699196306,106.71516055378399,-95.12536935813789,-4421.380947876882,-0.0,-1000.4005951025293,86.69533576642483,-0.0,-638.3186150217952,-0.0,-0.0,-511.0593240787653,-0.0,-336.4671107592158,-947.2009416806512,-0.0,-1052.157734236137,-271.594475038301,-701.0252998632789,-2167.6832809016337,-0.0,-1692.4112653773136,-1013.689634403648,-0.0,-0.0,-0.0,57.23477938342925,737.738795301405,-0.0,-1541.7117342738668,-1833.7563696771551,4.414332766743566,-0.0,-0.0,-478.6287550230328,-349.99901757541693,-373.7065352197572,-0.0,-381.5348864874233,-3112.7692915950934,-1141.7347240954273,-0.0,-1233.0192871376812,-2281.993341016119,-0.0,-0.0,-0.0,-0.0,-0.0,-0.0,-549.4347426324263,-674.7292471286244,-268.2840016496207,-173.0776064014895,-1053.0556546629743,-16.05882226666644,-0.0,-0.0,-657.2250705067356,-0.0,-635.7377058708021,-198.76166192019056,13.428194029715561,192.41250043109054,-0.0,-0.0,-1037.9081230105664,-401.16306632790406,-508.65795910019966,-0.0,-2727.585107102797,-2151.3829259957242,-910.3185946632553,-0.0,-0.0,-2174.8429452824194,-1295.5908876065716,-701.1758901654523,-25.846112433859865,-1575.8162775976703,-1272.0791864794726,-0.0,-0.0,-1846.5321712020789,-0.0,-916.6380248048819,-1073.62122553422,23.12370527742622,-510.47183215286736,-566.3091438035068,-336.88034385158306,-0.0,-1750.650878166988,-0.0,-2948.2785949201784,-2500.7577346854628,-197.14071428825164,-493.6073941718255,-470.6398850297169,-0.0,-296.4800012059229,-212.29683550578096,-0.0,-1026.6860618890776,-578.7782432965206,-988.878287405424,-1763.0486554284093,-970.0404467259928,-2108.794111048986,-1741.400494951326,-2351.311489901576,-2327.538621566022,-1094.207747884215,-2155.259682022444,-559.708996924136,-428.52513382303334,-0.0,-1329.9554237265102,-874.2617484338808,-1070.7496155907988,-461.62450780287463,-405.5188254661524,-2209.179714477842,-665.3178453239365,-449.15873797436444,742.6935751136564,-0.0,1122.5718264724912,-1454.6442016117853,-0.0,-0.0,-0.0,-0.0,-0.0,-0.0,-1328.1544769682077,-2908.8347453338324,-501.422823490473,-962.3343737504473,-0.0,-0.0,-1922.5777188624477,-1339.417472126386,-1996.5433697011597,-0.0,-0.0,-67.89660331824466,77.36745985096236,-468.31088342611616,-2006.5418256118226,-479.24844583039055,-0.0,-430.0515843264008,-729.7298625222229,-12.848852421823976,-1247.2231665661611,-1134.949553068708,-1522.364668348773,-1120.3316580478986,-149.24662048909346,-637.0386369435446,-0.0,-1653.0539007320638,-0.0,-958.6102640665143,-125.16162970431532,-40.6284605158498,-544.4500956452965,-0.0,-2371.317609042212,-124.73688271003846,-634.6650047033747,-1569.1201634233569,-1374.570577162675,6.359357064090324,-527.0348849848019,-803.4590224729404,-24.646907671632892,-296.5422333477998,-455.1447243291027,-63.42069223423579,585.9365194121895,-1271.3222283823447,-0.0,-942.8733675968884,-1241.3446468647637,-0.0,-567.6976490377552,-0.0,-1560.3759609496353,-0.0,-0.0,-0.0,-1176.8762268247144,-844.4945303253251,-407.95908459572144,-0.0,-1420.7555085321956,-3127.8763978812694,-3635.541610927778,-0.0,-362.414040551974,-0.0,-284.2252018225742,-361.90141123693365,278.0943157535734,-563.5639327303877,-0.0,-570.4940161804034,-953.9599480413718,-277.4740853836871,-517.3190810392753,-0.0,-459.2418896431485,-1180.2644707236216,-546.5094211402378,62.749273212217155,-2447.6121748984174,-0.0,-0.0,-1090.5131444241197,-482.4252072270739,-1212.1105175289936,-71.12347896289526,-131.62399136971004,-231.50895937203003,-628.0502000959784,-951.2936382806015,-1435.1100238981794,-2354.913655312663,-0.0,-0.0,-363.1687103605024,4905.533156895042,-0.0,-0.0,-0.0,-0.0,-0.0,-2517.130009397786,-504.1223865308622,-0.0,-1077.6524422513653,-1078.9411553347104,-610.9150701993614,-2214.849763181988,-180.7628556848338,-1218.194636782161,-0.0,-0.0,-2092.9300566198413,-636.7735559053912,-1848.207731557087,-688.1509637640072,-598.5450499686029,-1684.828179986264,-256.94084394478,-1844.051085624687,-1070.0587767666982,-114.71496298427002,-856.8840038235169,-1248.3665262329703,-214.43337969597954,-225.27354842161924,-1864.4177060046916,-0.0,-495.7126500997061,-272.3967149867587,-148.96649588474307,-773.0225226876904,-222.45254397817902,-921.6782045639618,-762.0287379705953,-1271.2105753541362,-305.4543040009583,-2600.125590430212,-23.238616551371578,-618.1671630025166,-0.0,-888.1949238417317,-659.7255153052014,-974.5749772381182,-1102.3387512087127,13.109815758718954,-370.76473091376704,-813.1533833016528,-812.938548494571,-362.37954906212144,-1050.9849093935545,180.3000517862129,-0.0,-0.0,-0.0,-0.0,-0.0,-0.0,4.548829162882474,-306.69166804278524,-2418.1650225254025,-4377.87442799855,-491.3417064443345,-1060.3760380371143,-143.37170698776558,-540.1089027060025,-1387.848067088897,-1139.7512103159781,-81.01809894324757,-453.6712881046031,-489.4028044580345,-0.0,-132.432371523427,-1052.1863882102687,-652.5183339808844,-0.0,-1342.0601061632347,-0.0,651.5593519013967,-0.0,-0.0,-0.0,-27.127364614333697,-0.0,-0.0,-989.8471140145574,-429.5846997532157,-1133.4873567558775,-0.0,-0.0,-0.0,-899.6428552292916,-568.2175437806552,-1382.5718023530321,-0.0,329.0125724662763,-0.0,-0.0,-2980.1653262688615,-1385.533703486548,-12.782493301883326,-0.0,47.57295024409341,-18593.795476986543,-17883.184587762513,-2564.7782349969025,-0.0,-0.0,-0.0,-0.0,-308.29230159262545,-0.0,-0.0,-698.5103313327827,-2483.0476115059873,-2158.7031764562043,-1503.4381092809638,-411.11192308853595,-1819.3760464773788,-45.550388987767555,-1605.4461731567578,980.6774929270842,-0.0,-841.2972242040734,149.02835977148249,-0.0,-0.0,-0.0,-0.0,-112.45155614438664,-0.0,-0.0,-0.0,-784.1329226576918,-1592.3366817346532,-0.0,-0.0,-620.1525343062135,-2085.870634631915,-0.0,-1419.86369073802,-1737.064013458203,-1814.119579163349,-0.0,-0.0,-240.46573358168402,-76.13536568985569,-1091.5042941447216,-1506.2640560518819,-505.8471754091889,-1416.1543344214576,-1229.469486930939,-0.0,-0.0,-0.0,-0.0,-387.17118835755593,-91.63271286625702,-0.0,-0.0,-189.36062450124717,252.9431657996221,-0.0,-1181.068922522032,-1112.5553664211016,-1104.3410082882415,-0.0,-0.0,-829.0157209155187,-1305.0825459872976,-756.1860404957021,-415.6607974645515,-0.0,-2323.574768805583,-2348.786070880423,-0.0,-0.0,-0.0,-0.0,-0.0,-1418.5759495714112,-0.0,-2107.8674841808256,-1145.2072804946554,-79.49648149655525,-0.0,-0.0,-0.0,-2642.034573355325,-1541.6615818448215,-567.7548238802,-532.0344908629215,-1072.4552434181705,-805.8221434388242,-0.0,-0.0,-529.8929092423143,-1306.3335249180236,4.366742582813973,-574.984462033464,-0.0,-1041.6479761798064,-816.0905253349424,-1602.772919593204,-0.0,-253.74891934395848,-244.19810134228092,-315.35658858808654,-1462.1515599539919,-102.6124233639303,-0.0,-0.0,-0.0,-0.0,138.70338380619512,-157.58125710030018,-789.1556506448323,-1472.8693014179987,-1264.6091053198124,-554.3376399735027,-575.3263590814378,-9007.25771272901,-971.0521773059378,-563.8427846594291,-0.0,-0.0,-0.0,-340.73332814893956,-379.8424435015808,-1146.2833325331176,-335.4181116365712,-0.0,31.918438977746195,-0.0,-0.0,-0.0,-0.0,-0.0,-0.0,-0.0,-93.44566420357927,1689.9104665957013,-0.0,-1382.7663657221692,-588.1825510292365,-426.01575179866734,-1861.8159663549718,-0.0,-0.0,-602.6556894005538,-727.1084086106794,-119.33151721523335,-135.78409045768737,-0.0,-636.1149523747289,-179.07222963144977,-1950.9882570997709,-383.17828787702024,-500.9175642492526,-0.0,-0.0,-1325.1298611423017,-2340.9783116021918,3.8017733751110505,-554.6520467420332,-417.3993907598197,-1045.3288411287033,-1339.7400672248807,-780.3144937499037,-305.55946462262546,-172.11609873847996,-1458.9075162706804,6732.112208751704,-0.0,-578.6394898407328,-620.9339675919932,-1172.4731322678776,-1156.704740729256,-1114.9311754672772,-1851.2560953242066,-1774.7538044337032,-593.7636852347828,-0.0,-0.0,-1748.0764913891062,-0.0,-0.0,-403.146848198917,-1814.8538694553963,-1499.2190276628914,-263.22041237673693,-121.84998961994364,-1913.9644303453163,-0.0,-1386.2978504756888,-0.0,-0.0,-0.0,-0.0,-0.0,-0.0,-439.34753458114795,-1500.2991593646186,-1019.0893277483823,-79.13366423932288,-242.26725753492403,-519.2991272540992,-188.19064530722255,-0.0,-0.0,-492.98705203283254,-617.4712378980417,-3697.152548812511,-0.0,-1252.9462331436878,301.62834380608285,108.11052537046422,-0.0,97.95791840458458,-160.42333502099032,-98.47043155041175,-509.66554853284333,-0.0,-1616.537930893943,-0.0,-0.0,-1424.8190010071128,-0.0,2257.9394483397414,2205.2633069842614,2186.0528229649594,-0.0,-0.0,-1861.0532226570595,-0.0,-0.0,-302.34671428463366,-887.7901472524368,-819.4113934709635,-1077.2445687227596,-1049.2561114196044,-0.0,-0.0,-0.0,-15.740544201596633,-748.3337009346853,49.85696905378722,-73.11653177533991,-1147.0609599549825,-951.8252869356953,-393.27973519353054,-1424.286403229291,-0.0,-1853.5358111404273,-1177.0272805819873,-1638.1714575746944,-508.57772943841366,-524.544758161192,-0.0,-1403.1302571901124,-849.051029685257,-906.9883729068962,-2064.571178623909,-524.7738236920006,1199.4708857219296,-4.27955442588435,-390.70609587567895,-1237.725841098061,-0.0,-1606.9171390568206,-3316.15468042254,-482.0439924447141,-534.9240371517943,-0.0,-0.0,-0.0,405.2731672296378,-394.1008847503569,-496.08171277814955,-177.6074846496456,-532.4053461528545,-430.8264433435635,-0.0,-428.6613177841182,-1025.846020294996,-762.7371181962507,-0.0,-2004.2902192751167,-4102.905619711809,-0.0,-0.0,638.7239623996533,669.6278489521403,-0.0,-0.0,-729.9418951609103,-824.5313622057839,-401.2872780974887,-674.8087561603073,-0.0,-0.0,-0.0,-0.0,-0.0,-2945.703765503179,-408.5599088033991,-1735.1421726421254,-1057.6290443338876,-0.0,-305.52008444244456,-835.7668359231591,-0.0,-339.1862779681978,-813.3264257564479,-1092.866876592006,-4701.64430645076,-42.0960180959219,-0.0,-0.0,229.2409548158264,867.185065590208,-0.0,-0.0,-409.37735392324936,-0.0,-33.016091076312364,-0.0,-2605.7842274707873,-0.0,-429.54000870301354,-0.0,-0.0,1984.209504739269,2257.1612131012257,1845.9604771450686,-0.0,-0.0,-450.2206941663299,657.1554907563938,-2383.3371602817174,9.087208799935803,104.73414180384162,-2616.739978242661,-55.569736110552974,-151.26798463402682,-659.2017084761538,947.5375261930457,3311.069027145086,-2873.592562137096,-0.0,-0.0,-950.6941582088274,-1590.003020028839,-1409.9165053881743,-261.8220429615206,-72.58028290309952,-0.0,-0.0,-0.0,-0.0,-2144.8577925017917,259.537234250875,-0.0,-12.122194107059187,-0.0,-1693.64635634817,-1849.303580475391,137.0507941388919,-0.0,-0.0,-301.8917264596479,-0.0,-1739.7409763964736,-78.36020471607071,-1091.8385421969656,-387.2679278300295,-1253.1379598471228,-677.3753702747214,-1014.6603324402618,-650.8259773510882,-0.0,-0.0,-0.0,94.05166170905308,-0.0,-0.0,-289.9031148151218,-448.44836419264425,-695.1942654813204,-0.0,-1411.0545754620966,-1087.79262948418,-838.3722076180602,77.14199857377626,-403.09127359245224,140.5410853815979,-327.2468354938374,-0.0,-0.0,-8.57457593274121,-1854.239183509253,-634.7794920660573,-990.7259593777084,-147.22817526243063,-2025.109745794985,-1852.0191326418324,-1084.6239485966514,-1120.0019225464414,-109.06020463677137,-599.0549396608076,-705.2921239882975,-1098.337612750629,-2603.0782866469244,-0.0,-1763.0497769198664,-152.4672866371434,-0.0,-2253.6218339491616,-2959.3630983988764,-2248.747218240852,-264.47473135538553,-0.0,-1506.8316948595648,-200.29675973193076,-1234.1610252461928,-703.6523710639614,330.1946646427414,-1840.0823050867505,245.33548670690064,2160.319125468937,-0.0,-221.6236627006894,-478.87106306514545,-886.6703831496566,-1245.4202914532914,-1733.6743476885613,-4393.179865843135,-0.0,-410.6434694910366,-1343.0562402921973,-701.3834381549464,-248.73361211580118,-28.239710924328037,-330.0116641771436,-0.0,-0.0,-0.0,-0.0,-253.54706426295314,-1245.0721486706784,-898.3275411402528,-53.59556992123507,-17.286170198947694,91.26841923091662,-0.0,-0.0,-1122.9292469059544,-522.9572339826652,-0.0,-2275.87582323471,-29.330044682646673,-1312.940367746718,-0.0,-228.75860211218847,-188.4574493904706,-0.0,-0.0,-511.0446119853117,-0.0,-0.0,-5263.61514721535,-201.6177128497642,-2178.7617966101357,-9.056688182575414,-0.0,-135.82838942779085,-1282.7795586376753,-661.0553298989993,-311.69646092345,-1446.5041118821582,-0.0,-375.9350449745819,38.134151573750685,-578.8337925803487,-0.0,-0.0,-40.58236102410843,-68.10903593121607,12.208731115200475,-404.3068961295144,-1413.53809632563,-1634.4140129822035,-0.0,-0.0,-0.0,-7.9044850521202585,-313.48245619286035,-0.0,-1437.1109708842816,-2632.5012334473104,-0.0,-0.0,-23.830099294084132,-1556.0718755751639,122.94159536880156,-0.0,-0.0,-0.0,-0.0,-557.7303926743058,-2302.0183963075388,-616.8431642624779,-1244.5812763528481,-0.0,-0.0,-674.932524378871,-503.01808288177574,-391.0352326256872,38.69310442114515,-0.0,-0.0,-0.0,-825.9110988126286,-723.9365003216718,-505.9760515097696,-359.9076537423431,-0.0,-0.0,-0.0,-0.0,-2186.688164162336,-81.63391106159789,-76.78444187076663,-0.0,-0.0,-687.4587574913907,-440.64787056328595,-0.0,-1952.4790055283045,-5174.535193785163,163.37764974545934,-1081.3260487912949,-0.0,-0.0,79.04130997159835,-650.7840280236841,-1745.9174603820027,-503.1019771176802,-2521.74371396049,-1145.8814579544978,-827.7284995435234,-1500.6170289972208,-0.0,-0.0,-0.0,-39.14261695621844,-1130.4354507674934,-0.0,-0.0,-3401.687173277494,-82.99132188536346,-1434.138555834283,-760.9385943146668,-0.0,-0.0,-0.0,-0.0,-0.0,-0.0,-729.720696541924,-0.0,-1639.9300571337008,-0.0,226.9485566304351,-1136.532543782699,-0.0,-0.0,-0.0,-2623.9545794124647,-0.0,-0.0,-406.25233170355267,-0.0,-0.0,-990.7383648973199,-638.5226877625079,-0.0,-0.0,-205.90474921482192,-2023.7361083932208,-0.0,-1311.2433797356548,-474.96355507119887,1217.902519007125,-233.8871077267335,-0.0,-504.1786395158175,-187.69680410892394,-0.0,-19.63743223839392,-0.0,-320.78513759932713,-0.0,-0.0,-0.0,-0.0,476.26945017274625,452.94378036772224,-872.1910246079065,-1818.849950118643,-0.0,81.89234671077817,71.43961539337162,-79.49873428474129,-850.9943912529034,35.93905064383506,-496.5761530824491,-384.76614595947837,-244.17919499011686,-3505.0650354412396,-0.0,-242.7922277166371,-1566.548982056376,-2345.4536043187154,-0.0,-1047.385400880942,-1456.1485360975905,-2091.693546532063,-762.6029030117857,-0.0,-904.5524482155334,-747.033523980738,-808.2137698209168,-1504.117714827222,-1002.7811713897544,-0.0,-130.6883310643859,-1270.016179937611,-0.0,734.3632980775542,-532.22396638906,1076.524887755218,-0.0,-0.0,-17.05225080084416,-610.5748047167384,-2463.899592643816,-1029.9195144248633,-0.0,-850.6675427099808,-3076.0233158796,-985.4977315768756,-886.9744038878886,-1168.3594012411493,-489.32655057640585,-36.10312839820201,-0.0,-0.0,-0.0,-1109.0089136669078,-4.364413840717926,-0.0,-0.0,-1952.8093201108554,-836.6718086056682,-538.3717991031305,-1676.832833740042,-162.43723034688742,-33.44570495295246,-2336.50417277352,-795.7502238350298,-550.4254519707721,-1316.4077169204734,-0.0,-2597.094593027346,-403.4807949855615,-1144.3724097486659,-1519.5957770869334,-362.9150745387647,-531.4778153165696,-1497.2081117154582,-424.96927428423567,-0.0,-0.0,-0.0,-1367.1941832863718,-0.0,-3914.701088552024,-1169.052380520479,-1416.2953444054049,-0.0,-0.0,-0.0,-0.0,-0.0,-130.3103474159633,-0.0,-265.67429684900003,-966.670851136548,-365.07405720478584,-0.0,-0.0,7.550090439202719,-0.0,-0.0,28.533655456978014,-261.8711600025105,-0.0,-503.4579522213577,-0.0,-0.0,-80.98154493420185,-0.0,-2949.8537999857176,-2289.1658846714945,22.49430870934124,-6613.932965952948,-996.2914016064145,-648.4598118733637,-0.0,-814.379212832124,-1316.2627539858609,-0.0,-0.0,-0.0,21.459785691907854,-0.0,-1132.9685245564242,-0.0,-1596.7290090417457,-0.0,-0.0,-2323.0336308790716,-1087.7748743198931,-877.1954738483665,-0.0,-0.0,-0.0,-0.0,-283.8964749689765,-684.2182795228708,1385.4958551162913,887.5992200352575,-830.9880610713293,23.22927736022142,-0.0,-342.31394610407415,-264.18757220695386,-1963.5992402791119,-419.49631395363593,-124.35441587768968,-1084.6519994195564,-1338.172733687421,-1019.5803380067395,-612.9670979148163,-0.0,-0.0,-0.0,-4.441922999325623,-0.0,-1537.6510869515678,-601.3521212543777,-0.0,-1984.6520152137045,-1248.990879616336,-0.0,-0.0,-0.0,-0.0,-0.0,-982.868708570976,-0.0,-313.7604622183559,-1504.707035204861,-0.0,-1197.1978308147484,-0.0,-0.0,-0.0,-2414.445710952853,-1121.02708020151,-974.616888941792,-2496.9485038949133,-0.0,-0.0,-0.0,-94.83698155698792,-486.2762747080079,-27.87742900268093,-611.7548609196253,-141.6105361898646,-0.0,-0.0,-336.8507963020833,-1426.889717968713,-4002.5622886846586,-0.0,-496.2213301972796,-1347.488389716756,-450.28611212297596,-472.86007955208805,-0.0,-0.0,-3.7484291507063,-2134.9399379926,-2048.617199766546,-39.01217848317458,-1612.2379771653893,-409.07267783866956,-835.9555589719015,9.08470746768549,-1067.7091527107498,-0.0,-2132.20948177919,-0.0,-465.1369090230192,-0.0,89.23514542044829,-0.0,-0.0,-599.4712823090111,-747.403873913048,13.387543143360244,-0.0,582.2377140761059,-0.0,-0.0,-1477.1593552045522,-1307.2668332999929,-1129.9087784021087,-0.0,-388.09624504489364,-647.0248149902782,-1475.6971284719782,-0.0,-0.0,115.99992034349987,-668.9089152247817,-0.0,-0.0,-17.598075392549777,-0.0,-4.295251013197021,-617.5211830476256,-0.0,-0.0,-1343.1691322390789,-1375.8930222914319,-82.90729926290417,-7.554033471013774,-127.19966113563571,-796.3411100634753,-1113.68076572587,-1698.6605427723987,-0.0,-935.3817681442118,-15.7122515097072,-42.55247607951114,-1341.3964421323549,-0.0,-0.0,-0.0,-0.0,-645.421750411879,-4.4713388840839245,-8.957765931940521,-0.0,-0.0,-501.92299848149645,-0.0,-0.0,885.0507632914382,-1154.398564705331,-41.570625721591504,-1949.4809037526613,-0.0,-0.0,-523.5706167416154,-0.0,-306.71636451706956,-1018.0030317338448,-853.9062327777866,-1026.176227994078,-0.0,-0.0,331.4026095667398,-0.0,896.4997089076408,968.8835804693697,-206.25801591360823,-839.2953823270296,-0.0,-0.0,-38.212705366319554,213.9351265543978,-969.8538275409464,-442.2047938848699,-1289.1154416762647,-2563.8885920115767,-2156.4717233889896,27.063498699919815,-0.0,-315.95857912520773,-5511.737335381989,-588.4647342721216,-495.52350229349065,-0.0,-0.0,-623.6569636357494,-0.0,-784.569042503498,-1452.3102688892582,-751.9021926898249,-0.0,-0.0,-64.99138494851407,-0.0,-203.01236135331524,-1398.5717533180966,39.08960172155913,-617.1515033544242,-340.46479197190774,-237.30622220134828,-769.3934785965788,-2480.706657632846,-19.287132753363075,-1175.749706821505,92.51073524243839,-1004.9516561723626,-309.62688995986497,-0.0,-0.0,-140.05070278528143,-0.0,-0.0,-1890.63059674783,-593.3660684711674,-0.0,-784.649143525037,-498.57517545425264,-0.0,-0.0,-1461.5899529352953,-962.9029596971725,-1479.4385047793846,-1388.8393077672783,-0.0,-147.35291468393726,-3168.131652696642,-881.8954738530881,-408.4548842378231,1870.4429574146836,-1488.676055751696,-1189.6876565760135,-12.100596196957135,-925.1687971417733,-16.940811781473283,-1638.8567357755633,-0.0,-3454.1524946330237,-599.803189433332,-0.0,-1491.8843442311293,-1662.2369350232698,-0.0,-186.7141556655518,-882.8079026399149,-1077.9830816372848,-1393.4730598309936,-724.6111196934511,-491.55255524395517,-609.2519868605337,-0.0,-278.17168645904394,-0.0,-2418.3091675945584,31.16616922766196,-3283.8034662510886,-787.6420366811444,-0.0,-0.0,-1215.5711374904574,-874.8681104212558,-0.0,-459.8150281162017,-0.0,-0.0,-784.2522342410882,-0.0,-0.0,-0.0,-0.0,-0.0,-0.0,-0.0,-742.7260883996597,-487.4386033039515,-2906.119577814809,-2523.7364838293092,-0.0,-0.0,-1211.7447999413728,-1944.805477095941,-469.7331233279599,-202.35788430742954,41.453144705039826,-0.0,-1552.2302785050938,-0.0,-2655.0268793703176,-0.0,-0.0,-0.0,-0.0,-1597.3662612253559,-209.9865935252904,-349.0250304949816,-1182.1891854039766,-1190.0003939651917,-679.300365108503,18.18975517840413,-1157.6152962539024,-0.0,-0.0,-0.0,-0.0,-597.3684318096646,-481.60890483902284,-1345.0013016397556,-0.0,-1077.2253109463911,-6335.866996704023,-604.9656718168939,-712.9338229447752,-3118.3029884223556,-715.6598109554192,-0.0,-452.8893693831237,-425.9953966977256,-1139.52166756655,-596.0568854547028,-1514.2699831583982,-1417.7235661036593,-0.0,-0.0,-0.0,-0.0,-1547.026584861229,8182.320046411562,7072.479300027374,-0.0,-0.0,-0.0,-0.0,-2033.3459869245883,-926.548163941371,-90.33524796942123,-1387.7350693479639,-820.3346737733145,-0.0,-0.0,-0.0,-0.0,-636.4725816533836,-0.0,-1824.8814423516346,-224.92665449493097,-0.0,-0.0,-0.0,-0.0,-206.9468737538594,-432.6715279760915,-461.2501089254861,-834.0250031466874,-909.4363115764518,-1198.5716091907218,-897.8561744396833,-345.4429820484252,-1147.5481910282938,-1490.7629354079486,-1173.3396113084193,-1745.126274929595,-196.71693268639703,-1276.9880857880312,-1104.6504858546466,-905.8719543177732,-1629.8130075702004,-559.980709786707,-2171.6040366879984,-1600.726334893566,-1434.7310796472843,-609.751405048763,-644.8567531101827,-1090.6389678761766,-0.0,-1053.2296066239753,-0.0,-2920.470383140711,-672.8671066510583,-239.38022511038312,-1746.3619416010806,-1421.4434359772315,-1184.654112216917,-0.0,-0.0,-0.0,-0.0,-791.0545753977764,-3698.556437642957,-1369.19993589528,-0.0,-0.0,-1080.1655633552234,-0.0,-0.0,-1010.9163114159603,-388.9124787797283,-1056.117211510485,-811.6747845034606,-929.903928779229,-677.2542045743227,-1917.3512892787637,-0.0,1228.1189547312524,-0.0,-0.0,-1015.3136326401909,-5613.728434836924,-0.0,1680.9103647079285,317.6018516214063,-906.2269142576571,-0.0,-0.0,-1497.5242292905912,-1028.945964182787,-2267.5845076931664,-1995.3739131595948,-382.5172373572724,-0.0,-464.57678314747295,-183.63601498324738,-0.0,-909.2147618292087,-0.0,-1631.3138992494617,-2304.386490738577,58.696502446047184,-2233.0426001193823,-1962.9969103390015,-0.0,-484.0253063447592,-1551.342549765566,-2163.198781784121,186.6920928986243,-413.28144143012344,-2486.178413856737,-904.5065646752709,-785.6660580441029,-884.5167783233375,-432.10445441763153,-1011.9987688536293,-1480.3427074300855,-0.0,-937.3266584651302,114.27561681254242,-1354.730389225888,-0.0,-476.03972775321154,168.21634213196091,-864.4566201174333,-769.3010111536385,-0.0,-545.3980056106828,-351.42907911778275,-1790.0986218719893,-1085.2671346344323,-1422.8590575790877,-855.1640274887131,-814.9767030660834,-1000.0612142539051,-1951.933064762767,-68.964597826,-0.0,-532.3087655940117,-636.7900246997923,-1422.0413661989605,-2058.2982836720616,-321.31651716589283,-762.2455005520992,57.79918845106494,-887.164751659209,-527.3683018354853,-959.1897305247921,-0.0,-946.0708678718415,7.847453341803076,-2172.475115888931,-0.0,-281.57522289140024,-517.6796107374255,-769.8572251162176,-2224.653744841824,-154.48314451029825,-1416.752576864725,-712.799493575761,-2526.264604853626,-0.0,343.56622952520246,-0.0,-0.0,-218.79105111538888,-0.0,-0.0,-3560.0322395619196,60.73282275667691,-44.24921385715437,128.1683747382294,-1067.1126250377529,-0.0,-0.0,-0.0,-0.0,-0.0,-27.5241622424407,-0.0,-775.8139206733694,-0.0,-358.77835233670515,-1747.2618670322634,533.6387843016594,-3205.5885407678243,-0.0,-0.0,-0.0,-0.0,-0.0,-0.0,-0.0,-0.0,-0.0,-2351.0736819812278,-0.0,-2572.508911666789,-3179.5563503955864,-0.0,-0.0,-0.0,-0.0,-0.0,-737.5716389247967,-961.210438418303,-0.0,174.87050781439066,-631.8786876219276,-2199.656541849384,-587.7111021730924,-0.0,-594.4412547813272,-815.4569328602583,-0.0,-0.0,-579.4031142161083,-884.6160882930966,652.5879754934775,-454.1195185873832,4.295833377025855,4.3137182891456005,-0.0,-0.0,-0.0,1420.31103676464,1677.6668181945686,1398.725557527081,-0.0,-0.0,-0.0,-664.3804718159719,-0.0,-0.0,-968.8585500124653,-87.81562769897161,-461.2613416333932,-58.00020023778998,-965.3832352241586,-889.7643910758543,-1247.0205107077466,-574.1296966274552,-147.3127335994565,-1071.2230289813708,-0.0,-1985.2025387546423,-76.68990308746429,-577.9681811296107,-861.1776349260862,-75.43271032333182,-0.0,-1119.4787410260765,72.56005927006832,-0.0,-0.0,-0.0,-0.0,-0.0,-1419.9924245726652,-2834.5029466433016,-0.0,-778.4142322120853,-8.081315518574279,-0.0,-0.0,-0.0,-530.6068464981104,7.598787152309566,-0.0,-1114.6531810632791,-769.4033746938736,-0.0,-0.0,-532.7269601660443,-0.0,-0.0,-1653.3278061954186,-1378.0641715203271,-0.0,-782.0777553201607,-2151.361444051472,-97.51030075619498,-0.0,-0.0,-185.58163730618668,-773.7474361207264,-288.49134151826104,-306.4609162190263,-214.94020764041855,-0.0,-0.0,-0.0,-1142.3343587842785,-868.8571747123053,-2039.4027334049053,-121.71409976925861,-1239.2508211786885,-41.84822160324617,-377.3835305511209,-497.8418899050912,-1986.98235483151,-0.0,-0.0,-823.815673992371,-1787.0231822017618,-0.0,-0.0,-0.0,-556.8899342752899,-2328.1836155061433,-3359.3178172526486,-0.0,-250.88170527342663,-92.05118833494699,-649.2327931305177,-563.4678706493859,-1609.9923466354157,-0.0,-1401.2063410408766,37.40861659531954,-7.6494057163645435,453.2979578759172,-0.0,86.67593764517567,-317.430139085597,-406.0317908343527,-53.50924830083804,-0.0,-0.0,-406.23498269046087,13.313253342448649,-0.0,-1539.4731536756478,-953.8588026182864,-938.6877589035375,-733.6934998879038,-1122.7791645991317,-1500.3340175617939,-0.0,-0.0,-0.0,-0.0,-0.0,-364.4306592370753,-522.4479621239836,-1149.7497495164214,-1388.8592050293812,788.7558200903546,-1451.7229339219343,1421.2213457608445,-0.0,-2222.0419047484224,-1482.2753547476166,-685.469137449177,-19.344478765835838,-187.46342169396695,-2027.5905732667907,-379.5329340648302,-0.0,134.15093555997655,-765.1726176469977,-0.0,-0.0,-525.0094913376471,-362.0861171033691,-388.5833757823516,-1168.363886469359,-1394.5023167789973,-0.0,-1610.0569274852526,-1298.2524835344473,-4948.475421401397,734.1556695534622,645.9172065135003,734.2503615513205,650.3349603965622,-0.0,-0.0,-0.0,-0.0,-0.0,-0.0,-0.0,-0.0,-491.48055786449305,-0.0,-46.12894242980145,-0.0,82.10957736415246,-1070.003878956085,-1256.6513395117722,-1883.9308824902412,-0.0,-0.0,-0.0,71.48487994731725,-3112.0996772017816,-740.9452185969487,-2772.749380638988,-1610.6886136732558,-0.0,-0.0,-318.5926513387557,-1313.425127707601,-0.0,-2052.505647573804,-556.6010812160316,-0.0,-0.0,-0.0,-2597.3812169031103,-0.0,-0.0,-0.0,-0.0,298.2860641274383,-0.0,-0.0,-0.0,-1020.5884632268182,-0.0,-0.0,-0.0,-0.0,-0.0,-0.0,-0.0,-315.65732973570925,-1052.3801427413364,-1467.2779732721567,-1380.403366186967,-604.0710131035223,-984.0409004998177,-56.004243984613,-0.0,-732.9951483608722,-47.774493640312095,-0.0,-0.0,-0.0,-0.0,-685.2733008012949,-0.0,-584.0616899950203,-1261.501667887332,746.888333917922,743.1923552153094,811.0558894835171,769.3366524995351,744.2955851084245,-0.0,-0.0,-0.0,-0.0,-0.0,-0.0,-377.22672881481674,-0.0,1942.0092742493134,989.202922682167,1088.342066841448,-0.0,-0.0,-1295.5852321392088,79.28926206797675,-50.17891528431761,-2401.7957383269654,-0.0,-1854.6833209617898,-0.0,-12.879878108780753,-0.0,-0.0,-635.7806217689858,-0.0,-715.9691033905966,-525.847329967509,-362.9836527315586,-0.0,-27.830670432042652,-0.0,-872.7219467061918,-0.0,-2135.0674739349543,-490.1831282213415,1795.869959835322,-1905.993761085104,-860.0117245198591,-83.18603774633428,-813.9526490793875,-0.0,-500.2766994379654,-42.00328194963018,-2655.7271168898797,335.79193305625813,-225.50324689373375,569.5133254055735,1148.044226110605,-0.0,-307.8846929758505,31.02260613423974,-1021.7067632837759,-1161.4485964783048,-1436.8262297122756,-1949.3269243678412,-0.0,829.6711798133301,-0.0,-381.5406425019105,-2537.3437147443788,-1228.6529303470688,-0.0,-1234.8703829395222,-306.5348229045548,-651.7256875899026,-672.310909237973,-263.934426917239,-1579.0167992383292,-0.0,-1780.2265946252542,-401.2363908821997,-1553.0915636447573,-347.55005974342214,-0.0,-0.0,-0.0,-0.0,-1378.9008388577965,1026.440368690003,-963.4807983582124,-695.0994762330575,-0.0,-50.258257362985965,-0.0,-0.0,-884.9464190147127,-748.8439632966254,-660.6182309502492,-702.3029992834878,-0.0,-0.0,-0.0,-0.0,196.3687490115464,-0.0,-599.4428000832503,-1922.0272066177974,-1014.6058824818626,12.925109468382681,-1428.6741614199218,-0.0,-0.0,-0.0,-626.1283191493853,-811.7266071823304,-0.0,-1543.0945860027866,-0.0,-2933.1685624969696,-3637.8353549151193,-0.0,-90.89199421708977,-0.0,-694.2938304111087,-0.0,-0.0,-0.0,-2311.201581082936,-1105.0800424789043,-516.2710716713954,-828.2639583977175,-0.0,-0.0,-2176.4532446529606,-0.0,-539.2878051927015,1061.2620538127683,-1008.5181149948296,-674.8028152631289,-490.7198570812639,157.6981101817339,-0.0,-0.0,-1356.1999373461176,-0.0,-559.5441690338251,-90.57492019613079,-407.06410719069487,-309.36801109669517,-0.0,-0.0,-197.1123378014333,-676.2609309383411,-997.9492209461564,-539.7242112296681,-1197.360964282295,-81.81792325708153,-0.0,-129.62577427337877,-1941.461337299239,-1121.9753154579776,-0.0,-0.0,-0.0,-562.2237373963355,-603.9176873339452,-1456.3932692780077,-0.0,-0.0,-0.0,-0.0,-0.0,-1482.6220394155819,-655.9409683229371,-0.0,-567.4573113155972,-0.0,-16845.47348028984,-751.6897780924859,-264.1968833914384,-442.50184658369056,-0.0,103.46486139915712,-1747.3047356515895,-2582.26212412481,-0.0,-0.0,-0.0,-730.1109045026665,-541.6957261011935,-970.8706561005845,-1011.5800620981297,-521.2714941461484,-0.0,-0.0,-1652.3502944245704,-604.2487216277516,-2440.144454424645,534.083581062645,-2020.6087586512588,-0.0,-0.0,1639.789701823627,-1014.6773439472959,-0.0,-188.24311272390656,-336.8869856198316,-614.5849915484895,13.057630117306788,-831.9647178481111,-0.0,-0.0,-1253.2207606484817,-1347.923955101511,-2527.7109973798474,-0.0,-0.0,-2238.901127766305,-723.7760161718217,-757.423207035071,-2324.813748990528,-1501.1018559986205,-0.0,-0.0,-1073.2095156965877,-0.0,-264.06840453232,-1577.7591599085424,-1503.888149576543,-0.0,215.0698528796344,-758.7941012346053,485.7055134144499,-183.96798978520857,-353.57407251960905,-0.0,-636.5770830361964,110.80173666956988,-193.56819736999344,-365.7207210162831,-2606.5293262231394,-2130.5133146586704,-88.19723533580841,-4863.312685311355,-521.6217926642718,-1055.135807144492,-48.20409077549844,-3774.761310382259,-322.2170431061335,-768.120463131777,-292.81456605479644,-1770.4190221076442,-1265.251148767225,-3163.7252792966083,-4331.688123066392,-41.11513031408375,-620.1457218827304,-1556.4816919379618,-1044.0696025582245,-0.0,-3925.3021255702456,-0.0,-489.1370987773655,-1464.4745165507654,-1255.0736756683389,-0.0,-0.0,-896.7006494731964,-272.61319409273125,-0.0,-1423.53943883725,-0.0,-749.9911596482476,549.3426510345827,-1443.7817809173648,-462.0941859990698,-7.7271548585377525,-58.813556069123365,-0.0,-1836.0980317341537,-547.8718366804254,-0.0,124.66310864796307,-0.0,104.46328027400317,-131.56036710601,-0.0,-444.08426753958867,-1255.246242291889,-436.1744879660068,-798.8490086798082,-2195.0528526575094,-0.0,-3727.4433402608474,-1882.809510521111,-2473.8298934305994,-2269.8848535032434,-70.77673791020452,-161.706432822485,-594.6385532368957,-1203.750058682684,-0.0,-0.0,-1016.5096282224433,-156.47496148267055,-0.0,-67.03460999174413,120.4966656535048,-2259.042218084197,-0.0,-0.0,-1139.7136882578175,-0.0,-163.84922133919451,-0.0,-57.87722900511323,-196.72093436197517,-0.0,-329.7724597035841,5395.182446560323,-0.0,-0.0,-1496.157795580883,-657.316441434106,-247.7202079464395,-0.0,-0.0,-0.0,-544.6977125518588,-1956.434460394751,-0.0,-0.0,-0.0,-1860.0597249116174,-185.34999456866808,-0.0,-0.0,-1651.3808275536774,-689.0919764213103,-345.9240500925094,-360.4593846889537,36.02586279180327,-572.9635243988898,-358.55424804279556,-265.55860139663037,-2042.4011082425097,-0.0,-0.0,-959.7866747193032,-829.1798760315472,-2491.097881723994,-0.0,-0.0,-2211.09845502404,-522.5023370855777,-1393.573229686481,-486.6755834601829,-671.0437675443499,-2179.0355838484347,-685.3019958397974,-81.2054632739332,-843.1700402120078,-2227.4451720502575,-1749.523000619941,-1169.4978799437658,-0.0,-498.1345388652053,-0.0,-1629.8655683907018,-381.74614271852226,-199.66098809922192,-572.4872319512506,-860.9145346336559,37.758150927051936,-0.0,-1024.4057843800013,-598.0876747962358,-82.53009783755435,1426.9140629425926,-64.66844763344021,-0.0,-580.0590159683999,-392.5047579976199,-0.0,-663.805458957441,-1448.8256805811877,-0.0,-0.0,-0.0,-0.0,-337.7236554534487,-696.7473245536148,-349.2435755893798,-380.5858558293343,-331.1411612669083,-1789.6568829069574,-710.6416643593536,-1195.7845140857596,-2276.5861121018834,-1643.0525415334453,-0.0,1003.1462737189354,841.7786605986558,542.1807643909984,778.5197026989991,631.4462096382949,-0.0,-0.0,-0.0,-0.0,-0.0,-0.0,-0.0,-0.0,-69.17581687178551,-772.6476772549918,-492.2203370924841,-322.3802532795527,-993.0906039850429,-116.30315638050166,-336.4777782880976,-1080.2579758401787,-277.0818993963382,-1678.510428695993,-775.387406340119,-106.52711850814248,-439.77028003601396,-8.448468528060785,-0.0,-828.1270594405192,-161.1256638525616,-122.93198008427578,-813.9241925350383,-428.73960715023014,-1579.1507668699678,-255.52170119159837,-0.0,-0.0,-2150.3165107302843,-416.12740796578487,-269.2499499776279,-488.00386954597855,-848.9894659253376,-447.82714576099806,-347.856433114617,-0.0,-463.23347244239125,-521.8087014720862,-606.3197490784709,397.48071877159055,-1311.4614988122764,-1809.246166148768,-481.55461166328615,-626.880846833581,-276.54326750890226,-12.790980942850801,-0.0,509.43476108081427,-902.2104729856387,-47.968711300716926,-1678.7887824191323,-0.0,-0.0,-1241.1257715272975,-461.62651233120704,-0.0,-693.4522836268745,-679.9967757590003,-817.1345837237886,-0.0,-782.7337498965036,-555.7266150107216,-2042.767543977209,-4081.057944797632,-391.06350132786554,-0.0,-44.073659083808636,-391.6987470058493,-1602.9753058830279,-196.2094354316677,-589.9344362540579,-621.809445595628,-713.8435145320739,-182.57457718494655,-0.0,-0.0,-1252.0517327960324,-33.59584043602209,-410.52733353618163,-652.048972873776,-1390.3821966040946,-2270.9362719647406,-0.0,-443.66184040154207,-0.0,-0.0,-0.0,-0.0,-0.0,-50.45196315915763,-155.05802138805768,-383.94519225391025,-0.0,-0.0,-0.0,-0.0,-0.0,-0.0,-933.3876973211914,-2022.0133048327696,-421.2351613113071,-464.46039674683664,-42.83293647445454,-0.0,-0.0,-450.36542183819773,-0.0,-0.0,-65.77434926845663,-2313.2844523078165,-0.0,-0.0,-1288.3173251119238,-584.1712833855393,-892.886123177788,-918.6156990120157,-768.5113461102436,-0.0,-0.0,-1169.1261561247763,-1955.478001159094,-1026.757918016391,-0.0,-1013.0138997936198,-143.10990038200146,-299.2692149099839,-669.3716778096742,-7.625978428206937,-610.0517253465548,-1779.971160870791,-0.0,-1502.9316695645368,-167.43575477707225,-574.5292027378332,-1299.7234688790109,-130.26368948861318,-1060.0656685720157,-0.0,-1121.4334633994326,-30.5572910833649,-1977.4059156341314,-1943.1070933455117,-0.0,-0.0,-0.0,-0.0,-691.36435952433,-859.7842345860829,-0.0,17.71471507586705,-406.3700648776882,-923.620295494159,-2047.3638766645727,-2363.210641945219,-343.5663855556028,-0.0,-921.2124865491807,-686.1725378876583,-1836.5023620686516,157.69975886976442,-0.0,-2951.216543307138,-800.4063582518586,-0.0,-181.85296613572902,-1509.4170502906825,-0.0,-0.0,-632.8678451495393,-1393.4903332751617,-0.0,-1015.6043751052466,-1386.9787725135377,-0.0,-74.95561259066616,-514.617227302998,-0.0,-1489.7945557166831,-2382.7775358767876,-981.8012384728197,-149.5580690664309,-1855.0601615498892,-75.01345998441721,-981.3108859949187,-585.5923589718674,185.1712995101383,-1128.6635412251399,-1242.2259245595726,-728.1229765354142,-1243.689618481044,-421.8209596931473,-525.8203124811445,-628.4411304474131,-1982.7268938943678,-0.0,-0.0,-1690.0122135767233,-298.94862157930584,-0.0,-1512.2389795056436,-1111.7944830330407,-0.0,-2584.5010861344945,-466.69186074575885,-0.0,-696.1685199676003,-0.0,-0.0,-1187.343084229608,-995.1333909970697,-0.0,-0.0,-0.0,-810.8343697270898,3.911346012796868,16.85060528666932,-300.2494785175595,-0.0,-1821.8922741324839,-1462.0734543983688,-528.4482328279474,-2045.964856494348,-0.0,-76.12716448724653,-757.6685100986557,-0.0,-369.3091753437881,116.99438265675713,-1206.7039313930093,-950.1488445861191,-714.3028157009913,-1113.9625005642956,-0.0,-0.0,-0.0,-863.6573529385608,-0.0,-251.53455165408377,-884.1924576551019,-241.28952503947295,-1283.878082645306,-2152.984257392223,-548.8781080985071,-1980.4436760822368,-0.0,-792.7524561346222,-1673.9138127183808,-519.4245426207206,-1152.4121796811423,-267.0858890456973,-579.5214877610606,-1439.2503770763367,-0.0,-0.0,222.907087425611,-2417.5514702680475,-890.0113413274514,-256.30496562265284,-0.0,-363.33538925681614,-269.22743515717747,-570.7276126631943,-0.0,-0.0,-693.4867108284344,-0.0,-56.81140872473679,133.74309367079644,-84.99346353485285,-2202.042383081364,256.4285562490856,833.1509582626277,203.53949105998507,537.2190768268791,39.588356077143494,-0.0,-245.73676020035967,-785.0126018466395,-291.9967197168456,-57.04309857073557,-0.0,-0.0,-0.0,12.241371623085444,-20.28980063025392,-911.6695009171013,482.03237451389606,2191.6485729393276,-0.0,-0.0,-0.0,103.28533184781782,179.68938548849138,-0.0,-2898.411288663852,-0.0,-0.0,-0.0,-0.0,-0.0,-2451.471694215318,-243.09711134334742,-0.0,-118.53898219259457,-1643.7719391197704,-128.42526015690956,-1023.5722029408848,48.701689161467044,-1916.2393939372387,-3547.885953114941,-1801.692544573382,-0.0,-0.0,-1384.123997239884,-989.3056660220107,-743.0534434645411,-410.29211654454247,-316.9786027087128,-953.1392075442596,-903.981722375322,-5353.101641070357,-627.1779444997475,137.67683155446284,-615.9237854254097,-847.726250271433,-647.252805580318,-602.3309637282932,-7.722927530593771,-1833.236997634045,-825.0081286282352,-559.407890230508,-0.0,-0.0,-0.0,-0.0,-225.42992639166346,-1190.8657287868748,-0.0,-1258.265567884012,-1521.4390952114957,-0.0,-0.0,-1344.1497165527983,-0.0,-0.0,-191.1373874221924,169.7600765857978,-0.0,-0.0,-2411.491670434456,-1137.297856432384,-113.15504017118047,-1191.9002947157342,-1243.269363253129,-0.0,-292.146726895508,-474.3195074081472,-0.0,-1450.5549996385203,-268.8935789038449,-1004.4123231433814,186.88100235545173,-831.3037129763528,-192.86243942779706,-335.85122311467904,-47.40255050320637,-44.319840867556636,-533.7228205676278,-756.17245565058,-465.7787027794642,-763.310854549468,-0.0,-100.08359543731213,-637.6994958023756,-270.41960347456336,13.547340551698648,-0.0,-963.7318529537793,34.74807480990786,-1097.6569556355234,-0.0,-0.0,-0.0,-1832.7171499346066,-0.0,-0.0,-133.7380179739385,-0.0,-0.0,-0.0,-0.0,-0.0,-0.0,-911.3204024421889,-1399.5678739058847,-0.0,-0.0,-0.0,-0.0,-815.9577736163398,-425.14279519819706,-0.0,-0.0,-1592.6313693444376,-0.0,-1311.4732445438833,-2157.270630627433,-0.0,-0.0,-0.0,-670.7610191997561,-0.0,-0.0,-0.0,-901.6460045235839,-788.12863220685,-561.9377776024594,-0.0,-0.0,-177.4695270379736,-0.0,-3686.023274008064,-4769.013390147028,-0.0,143.59941050242153,-0.0,-593.3594928686788,-729.7527506233065,-1826.4431967565686,-0.0,-0.0,-71.55076319962309,-587.7939506932141,-1252.291231996216,-678.2344873607491,-394.442827167826,-0.0,-0.0,-1228.105629047505,-814.4703419540335,35.149347085420274,-0.0,-0.0,-641.8432713576591,-325.8195887312152,-47.016622091655435,-0.0,-0.0,-0.0,-1872.7712152081533,-444.1708668409123,-1188.8396274372906,-4450.984481020487,-0.0,-811.1923615956108,-976.6904904333411,-2198.3712735499016,-409.51313634880347,-0.0,-0.0,257.96236582175686,-1139.7174018599935,-1639.623720274059,-417.4236392916163,-120.77964058855801,-0.0,-1869.786156567615,-376.52058503397404,-1291.4803116288474,-760.4613831187253,-2575.3427811149095,111.68837875680366,-912.5793514392732,-798.542772240916,-1833.6972723211234,-0.0,-0.0,-868.6314240363835,-1770.412800049039,-1680.2643038219671,-888.8475612874896,-0.0,486.15520726112584,-106.92541960637449,-428.624039009471,-0.0,-15.526499516515676,-0.0,-2557.8579838347714,-34.5616148816602,-0.0,-0.0,-843.0930905538629,-1159.5007558863458,-774.4295563619378,-241.41266290090851,-700.0032158510644,-0.0,199.91546043746368,-766.0381932335671,-61.504417777897764,-1490.4803249423655,-0.0,-1336.1552166298818,-160.8015152071059,-594.2552164549893,-408.31378825961417,-601.1546953911737,-45.09552297188064,-4.519210271853454,-1158.4679240775615,-1168.9556622235182,-1486.6528429147572,-202.38133409401144,-1280.737919560283,-4.082943317885299,-0.0,-672.5414762466754,-2933.5274839308336,-0.0,-0.0,-27.27588929012193,-2025.832739870659,-209.8265297792303,-605.1011535339519,-341.25258799758706,215.26182591819702,-0.0,-0.0,-1397.9813033631278,-0.0,-0.0,-2047.3991015840948,-1358.383894363154,-870.9483323966361,-937.5286965947048,-463.18855066095745,-814.4827522134351,-905.8165506240257,-1221.584418964145,-2206.6635530649787,-0.0,-0.0,-0.0,-0.0,-41.31471203329643,-0.0,-1859.8851439776545,-623.7176698004041,-722.1048933601511,-817.2612115937186,-455.0037272939552,-0.0,-1411.8229136647703,-574.4714914684515,-0.0,-2511.952792907899,-1591.8090934332258,-0.0,-0.0,-2789.2106390819495,-1643.5551467007904,-437.0321596650949,-783.7290691025352,-0.0,-449.04119537226427,-11.64819741045997,-0.0,-705.849141853533,-495.6841682833766,-589.0521476178295,-0.0,-0.0,-0.0,-0.0,-437.27358602281237,-1069.8482198366414,-5919.235806348966,-0.0,-0.0,-581.7909624106915,-607.5795861613456,-1733.0249010622558,-592.4319775796167,-69.14097388673777,-409.59022773758215,-0.0,-695.1461525465638,-561.7282102165432,-0.0,-689.6741152049792,-1250.4151642503352,-0.0,-0.0,-0.0,-0.0,-0.0,-126.62153308065669,-1965.875849509257,-0.0,-1106.4665244549312,-909.2788100699348,-0.0,-1945.669788984199,-753.2409473152111,-1096.7478614930149,-1410.944632044008,-20.30772759385969,-117.01378117805383,-1279.7979157008806,-829.3446619583798,-380.6298570746955,-0.0,-1377.2798832715707,-1278.2990595529361,217.65512136267785,-0.0,-617.1854161218313,-926.6077610457744,-897.744898978181,-47.94466156491629,-0.0,-553.0531933319825,-0.0,-0.0,-2751.712658704752,-2374.1516448193793,-1901.382468309313,-1634.6417769494215,-0.0,-1054.4230360960673,-1989.523206370159,-0.0,-5843.672270754501,-0.0,-0.0,-0.0,-0.0,-948.4500115440435,-2274.0510975546845,-2539.3803252089597,-19.142079656987054,-2000.4570017409305,-0.0,-926.8187897243823,-22.80692770813082,-0.0,-0.0,-593.0213494911857,357.38902238878273,-0.0,-448.5787125322461,-38.232923750817235,-0.0,-1370.792925145715,-0.0,-2220.0383365741654,53.68810484467588,-0.0,-0.0,-976.7547185981432,-1510.3245137272963,-927.6993691402603,-1285.407989358831,-1154.8372250328582,1312.7322809491961,-50.28713293422817,-938.2108706820836,-80.20947998987249,-2109.360957430939,-888.4370932857188,-828.6910925129597,-490.91224270068903,-1516.823045335238,-1859.9175256076767,-430.32015215878954,-1972.5762908418742,-345.62369573004025,-0.0,-0.0,-7.545384140511424,-0.0,-0.0,-0.0,-0.0,-0.0,-0.0,-1559.4826860579356,-664.3800871428363,-1346.0095621060198,-632.9065659120644,-0.0,-598.9942250768456,-1182.377417939891,-1050.5192239979208,-2016.7605359986806,-1260.6870315857002,-65.51779252807964,-31.66685036397628,-1161.2558764805449,-1135.2277599618546,-0.0,-95.57313520985915,-0.0,-78.03667833105166,-802.4579814385072,-196.20554161295888,-528.0465465759664,-942.8120978977813,-0.0,-0.0,-0.0,-3273.6122416786498,-0.0,-94.2240243658894,-0.0,-230.04766262683648,-968.6410291667725,-1145.430386097714,-737.0652967697777,-0.0,-39.662759306901805,-540.3694995879408,-462.76132591039016,-395.46615829895035,128.60893517201814,-1112.5099635771671,-0.0,-0.0,-3013.409018728486,-0.0,-1093.41046364555,-654.8012219154525,-393.4941689080103,-258.1368712761374,-1250.275162741103,-2723.019259767579,582.1910483293638,-2195.9396745551176,-1638.1994925151628,-525.0535423231227,-4.335412496622403,-0.0,1325.6843196905631,1236.7102483325793,1231.4614005510784,-0.0,-0.0,-0.0,-957.1660830970131,-0.0,-291.2598859127853,-177.6807299587569,-0.0,-3542.9614133555724,-0.0,-1464.8420080465607,-136.29320710263582,-988.5936233303721,-672.4158752126842,-1606.7569010830555,-1679.3858461253728,-0.0,392.57170988420023,-2370.1145131747157,-1885.5954639323104,-511.3156138253393,-1611.1931804330004,-1763.466815674055,-0.0,-0.0,-401.119747780768,-735.5061834857818,-2325.876849478263,-829.989141070162,-140.90149162376383,-0.0,-0.0,-628.2139736858519,-0.0,-0.0,-0.0,-154.58274781356045,-1228.657393030238,1627.6769111828537,-1277.3170943118603,575.3186313508526,-817.2360261377095,-964.3859133357169,-8.273181108086577,-4388.730968766869,-1096.2827641854121,-0.0,-75.73433063082585,-2325.9609285431343,-1887.4957115691834,-0.0,4.323105841790255,-0.0,-643.160780645351,-0.0,-2115.7082899871325,-1823.1884614596668,-0.0,-301.4532348320011,-0.0,-0.0,-0.0,-776.6826459074293,-1066.1413879957806,-401.2430191652248,-985.5718967198005,-1771.6213745244593,-889.0493080609964,-478.202489188997,-529.2511317198887,-0.0,-1606.2781487149432,-240.99835455374037,-743.1958737222955,-1085.2277770505698,-1549.327812437035,-1474.4251465105397,-414.4859027317864,-1801.2689146980708,-0.0,-0.0,-0.0,-2379.7807418369102,-0.0,-577.8195343257138,-828.0396049670874,-0.0,-777.1453906701865,-628.4458894263067,-842.0451013432925,-697.622913856358,-196.28674839599682,-1886.4089757813697,-4800.059308078722,-240.04557612524047,12.81087373010311,-0.0,-117.65303266050788,-7358.899186781196,-1800.4184882178831,-653.2179090678534,-2348.8767139426345,-263.4019332724023,-0.0,-8.307436909256902,-668.2591408099324,-93.32993070902229,-959.1099530501887,-1025.6583028078717,-166.84664116566856,22.484496942259426,-884.9821739791096,-2336.967535092565,-2047.7785307995534,-1874.2481570334978,-0.0,-1522.0266028358353,-0.0,-115.83045483932732,-1103.9693875368928,536.1349666687274,-0.0,-0.0,-329.9844142859308,-831.7085238293495,-804.0111706635081,-1290.2023083334343,319.32508921344316,-1546.3304402451693,-74.42472426810802,-338.2826051921716,-1554.7246295398493,-1807.7256108627168,-381.63761662893666,-0.0,-0.0,-0.0,-0.0,-0.0,-1810.318247025293,-0.0,-696.8501851295828,-898.9105628458792,-2631.959792843639,-0.0,-0.0,-80.7649809321943,1138.1939287374373,-591.4847272270526,-1303.2583866492146,-0.0,-1415.8166096630418,-4527.353826705931,-736.8463166117534,-5616.2293047049425,-1122.352091506391,-0.0,-782.249128207439,-2660.6433703480257,-150.77071407110734,-0.0,1168.7079782989797,1341.0218799624968,1282.167048701384,-0.0,-0.0,-0.0,-0.0,-87.39530593502286,-2424.5560446693803,-4.492900636700149,-0.0,-1885.5260673107587,-1170.102241717847,-366.9990462741217,-4.493848315636221,-0.0,-123.85498500034521,-693.9327346683616,-0.0,-0.0,-38.10834429863663,199.30732214795182,-2052.144730805259,-0.0,-994.5861755354694,-75.61661798366853,-88.33359812052802,-0.0,275.93436110493445,-96.7641454147054,-490.88143247934056,-2006.1971456511048,-0.0,-84.76316815637443,-1297.944824479866,-1111.8875805957086,-0.0,394.0856969872559,-0.0,-994.201397153151,-1076.610853963306,-7.621095692424213,-0.0,-0.0,26.33995841156134,-261.66165120544724,-179.8689214861797,-80.54608056291329,65.2026185125098,65.22661315802112,-741.959174863902,-755.5596725156765,-1128.8306231394201,-0.0,-1946.793015672462,-900.2768594761191,-0.0,-0.0,-1059.5536239870787,-2166.196539935923,-568.2499374831259,-0.0,-2806.357667052533,-117.5021123451271,-73.1388183467104,-1218.2363194801617,-0.0,-356.1180754099752,-1303.4137435755692,-3.816875936903553,-0.0,-4866.840034742829,-176.7566702791585,-1437.1982286044802,-1058.680635222795,-1118.426583141951,-2124.303120439053,-95.03269695827869,-824.1294051152165,-2031.5329361335207,-1233.858103198638,-1090.5589220828354,-249.21957757104312,-1836.0466736755302,-0.0,-3036.583794584077,-0.0,-5415.090726963005,-269.27623390749426,-270.6232316262902,-1377.7772191906117,-0.0,-0.0,-0.0,878.7838291209541,26.60470163220441,-957.3304608605752,-1426.7495533496487,-382.07748203317345,-1025.046946787008,-0.0,-0.0,-1400.2887254113034,-323.95835602745774,-444.11937438179353,-200.09099799395557,-0.0,-1530.2822646392742,-385.771065836515,-1713.958827632341,-0.0,-36.104067495208696,-0.0,-1823.9321956016668,-822.6619117350699,-1840.3624228868252,-0.0,-0.0,-1608.4109747300413,-528.2844895592065,-697.8194018707475,-1463.7053906673532,-328.8611228297781,-1223.7922551689792,-0.0,5.417280857300977,-1043.1807996801429,-3859.2783132458258,315.97330991763596,-1362.0501253583063,-6464.578817488865,-636.0805606782299,-671.8517109982286,-211.81018385841867,-118.9315531572232,-933.1555752713474,351.2501566389813,-101.4071460954074,378.1090737562562,-1183.721344764139,-508.14413719600833,-0.0,-1310.9453270192776,-1763.5222523332695,-574.4037397248919,-432.44423482503845,-0.0,-0.0,-34.78071404222835,-1086.500826258046,78.04130203924454,-2075.7312923523355,-0.0,-0.0,-427.33094185798257,-635.1448197954737,-1089.3286182729037,34.27947802694943,-2757.2246722316386,-1431.1170513490317,-1351.9112916839174,-152.978970259702,-0.0,-410.7920970419969,-0.0,-624.5437349363677,-13.38008084454982,-1552.275649265139,-482.79429258340025,-1520.9852390433261,-366.30739598988197,-291.4785294159461,-0.0,-1233.062490324788,-675.4112423872672,-1226.7221856309245,-0.0,-3221.2482598560246,-1240.025665798826,-1465.6859244314876,-959.7350607033686,-983.7859092002166,-61.17733107423831,-2239.6999081584177,-778.2433885793134,-1266.271310625209,-1819.0610813830735,-196.46392744250028,323.37233785004844,-993.5926622635933,-0.0,-0.0,-17.141142140254193,-55.12824634669209,-15.435406318227246,-273.380574155431,-0.0,-0.0,-0.0,-0.0,-0.0,-0.0,-0.0,-0.0,-0.0,-0.0,-1374.8554289479684,-2338.244424596851,-1893.1030281498508,-0.0,-0.0,1286.9441007049752,-412.02817626677495,-0.0,-433.3026998548975,-384.6317036361172,-927.3039186772384,-835.8316562734643,-1068.6369477449364,-3.8788760645402434,-705.4485630351577,-422.32064749268096,215.4401439361907,-0.0,972.09633929818,-0.0,246.4400289092067,-0.0,-331.57011343552716,-0.0,-455.22829778038454,-1060.185974780448,-1807.8702570096937,197.1018570494317,-0.0,-0.0,-0.0,-0.0,-0.0,-461.040638595623,8.737190174699123,21.505646845648446,-0.0,-0.0,-538.3066914896265,-0.0,-56.84746231586036,-680.8114279825795,-4001.6329426751226,-0.0,-1284.405067926036,-0.0,-620.7458645187937,-0.0,-0.0,38.878222360550254,-0.0,-265.59554841762775,-0.0,-0.0,-0.0,-945.7691997921237,-1609.8403381900325,-0.0,144.6236616519971,-2152.538311752185,-0.0,-91.59653001948055,-336.22293807747013,-0.0,-0.0,-1750.8000538417168,-0.0,-784.9988336446235,-1308.8448762971125,-158.49518097570075,-2683.651542804879,-1725.9653145833665,272.2704695686383,-702.5966431369804,-0.0,-1194.4125668613726,-0.0,-0.0,-0.0,-3755.1533327479583,-869.9539108655754,-1395.202699933761,-0.0,-391.894186497749,-17.91934407054179,-1109.0569362065592,-2117.074894464335,126.99739658705049,-2526.5539810585724,-0.0,-1691.2028052788742,-2422.066155077947,-0.0,-0.0,-0.0,-0.0,-2133.227720666122,-385.8074038849927,-1279.5015042251991,-0.0,592.4884089150544,1334.9862225944046,-0.0,-0.0,-849.2170501015623,-848.6233702651581,-333.11280939386654,60.83386335867207,75.82912629298839,-0.0,-1413.837242660461,-0.0,-269.18040494020886,-1147.903610654691,1624.590811593037,-0.0,-0.0,-0.0,826.9110718018061,74.98383072358257,-863.4818096619989,-0.0,-1304.765207677568,-0.0,-955.0660943989626,-669.7520584912046,-0.0,-0.0,-0.0,-0.0,-0.0,-71.68851888938089,-0.0,-0.0,-0.0,-1132.107005286724,-285.7502674424362,-0.0,-0.0,-0.0,-112.8267806020349,-82.14796809634159,-566.9056832359819,-644.4145669872055,-2820.975455362032,-809.8662378877468,-451.1807035602204,-0.0,-2469.4957412343456,-44.979208701063556,-0.0,-1031.8469225679455,-2426.3208550461904,-674.7272895115011,-511.7220521548389,-1095.4900220132502,-222.29462421103662,-653.1203499928522,-714.1250764733475,-820.74429502926,-196.69614125131486,-1801.1415057533331,-776.2823053864295,-367.66387460444713,-0.0,-0.0,-810.9249525848307,-3796.9829341390314,-0.0,-982.0286903094278,-415.8274382255415,-0.0,-355.9386935220769,-618.7228235485301,-758.374907656703,-4.210728164374501,-0.0,-0.0,-0.0,-0.0,459.59015759675174,-0.0,-601.5944417380063,-0.0,-0.0,-645.3073172192281,-1169.4505401626286,-2597.4509546859167,-527.5283415791376,-588.4738818185406,-109.88077661994268,-2097.4559207462007,-0.0,-733.4652564915831,-377.92908574907625,-475.3544315539198,-1008.8780784700446,-990.8114139050289,-1439.7151831751576,23.379549119602476,-364.61432164572324,-0.0,-1065.1848394226192,-1132.0275977112567,-62.49432477692986,7.352803796622125,-2382.9841419026407,-1209.3600956494531,-715.7738257697997,-0.0,-647.8256928605264,-602.2323369474997,-602.7914319036148,-2220.0720922961036,-8.115309126199083,-0.0,12.740897756032505,-0.0,-0.0,-233.14329796280202,-3326.7574639817626,-210.46125572853376,-1498.4551050143914,-3246.4142427063393,-0.0,-4736.770694512115,-286.25082658893166,-2351.745590843413,293.4378079284271,-0.0,1517.686570310136,-773.7335925440198,-0.0,-2192.263847385947,-0.0,-19.89309023204954,-0.0,-0.0,-0.0,-0.0,38.66216359457017,-0.0,-0.0,-0.0,-521.1357015557327,-1442.2848060149,-713.7266720580105,-0.0,-3521.3978863850443,-0.0,-0.0,-0.0,-226.72702617618975,-300.9834457814021,-0.0,-1789.4736846054311,-0.0,-0.0,-3527.8029890799885,-0.0,-0.0,6.081589846498098,-539.4138061944259,-21.490831539747308,-0.0,-0.0,-179.59897981546476,-0.0,-0.0,-1352.8775735964896,-1193.5060730243874,-1406.3572615707071,-0.0,-269.63382971431605,153.70697777517674,-406.0066240306236,-14468.624013858822,-0.0,-600.7707896501613,-1259.6855195943617,-1477.6527488130437,-0.0,-0.0,20.33168424718471,-346.2887706400849,-974.3124742889594,-0.0,-0.0,-0.0,-531.7592927978284,-2638.6311687085245,-1470.0826677989717,-0.0,-0.0,-0.0,-362.18540301273543,21.4154281407427,224.3642592337206,-1063.830513843057,-0.0,-0.0,-916.9584439646497,-0.0,-0.0,-0.0,-2804.489466758601,-1107.0113913743514,-0.0,-1078.69421539866,-516.2855708842179,-345.40512665346,-680.3542873789952,-985.7628735095682,83.26897850685626,-1063.2623818937523,-1031.973574804498,-65.69520156860038,-1236.6743133762566,-0.0,-0.0,-0.0,-0.0,-622.2350459032953,-0.0,-0.0,-521.616282001995,-1828.8543807337937,-663.5916479749408,-0.0,1434.1288807383642,1311.417565912188,1188.1190320408784,-0.0,-0.0,-0.0,-803.0013811226147,-208.310693758096,-761.240495544735,-94.41329271781531,-593.8420401475655,-1617.377606161834,-1300.3707602633617,-2123.077939942222,-0.0,-0.0,-0.0,-0.0,-997.6155912552728,-719.4922901510325,-1671.3890536157955,-444.193426166885,-1312.9635351379459,-1960.6954479641618,-1765.240055913605,-0.0,399.4435681690673,-410.6425987981772,-424.8097934126887,-131.27955735679444,-4245.812636050856,-7.502849459064295,-0.0,-756.3512239197411,-1330.498292719065,-0.0,-46.27188284068107,156.33465410821717,-164.70712172188868,-421.63396361040293,-2021.634470214074,-396.1216506443757,-1540.9353786237943,-0.0,-1811.3575352081327,-1560.9179772804232,-1224.2558976928547,-0.0,-1716.3751866518548,-619.693960384987,-724.6605092434254,-897.6241537470073,146.74185554370737,-1656.2021640536466,-1326.7021089006346,-0.0,-124.19827193853698,-0.0,-0.0,-0.0,-1048.954658499421,-678.5233748279591,-0.0,-0.0,-0.0,-3507.5134339719352,-1946.1455837633703,-0.0,-0.0,-0.0,-1460.6163757829543,-833.5995497024289,-0.0,-701.5818632171859,-1397.0546221029883,-609.1748732095429,3.781426432433712,-957.2675385739483,8.293979117726234,-1507.8373178631557,-1795.1869811823792,-0.0,-0.0,-40.669467550702386,-0.0,-0.0,-1362.5081995029252,-108.42297911229745,-385.53434176620584,-0.0,-0.0,-0.0,-972.191700096083,-299.8668038946163,83.97954887486475,-477.3193879882309,-226.96904793405852,-2068.990564988367,-273.0251817733683,-563.436772819477,-1160.1911198631167,-0.0,-374.32614497973344,-0.0,-1759.924264138504,-1534.28403002286,-1732.5651246362954,-301.0373015704948,-276.95792512723597,-57.3360805084242,-833.8046931117162,212.78124657242103,-0.0,-348.26865125654956,-0.0,-0.0,-424.5651735766906,-96.2241463917486,-2412.1028758848065,-2502.1534477603727,-606.0564937171424,-0.0,-0.0,-1045.49628098275,316.75949694612996,-0.0,-0.0,-0.0,-964.990284419707,-77.14460204316597,-302.5032826915906,-4302.763042295429,-1424.548223196737,-707.4529493389978,-407.6842583828682,-207.30555335950874,-855.6383277414157,-558.5423843715187,-487.87258651696396,-0.0,-897.060509717558,-682.7829801261076,-1569.020223396377,-0.0,26.21509741839873,-8.251350647583754,-0.0,-0.0,-1470.6645354168563,-0.0,-3735.745554135177,-1304.2265740507967,2817.847780674413,2712.09079579043,-0.0,-0.0,-727.5424489385404,-938.7667618735613,-1287.5358590692824,-312.0332630183308,-3486.2713392523683,-534.839484867794,-0.0,-0.0,-0.0,-1438.0833122221438,-788.256022356796,-181.24270087033074,-2563.1979748960007,-1137.0839873411653,-20.04010549654973,-438.19520714961214,-1103.7005431457096,-354.6580089594495,-508.272885744478,-0.0,-4.373195386159348,113.55171027564212,-1050.9076983600519,-153.03431643247484,-0.0,63.609090034110736,120.75913631003755,-209.45575815757147,-1304.484020119627,-2068.523626061143,-76.40922079276523,-1017.8230616778677,-1218.3105663898987,-0.0,-0.0,-736.5634951860618,-0.0,-0.0,-0.0,-0.0,-558.4020248849944,-38.570525252821135,-1205.8488960717912,-1184.7700591202818,-2250.5211247827324,-1033.712661590333,-0.0,-586.5374382069159,-0.0,-1384.5599835331632,-1406.1383745486226,-1344.0737578499313,-987.5962167336819,-0.0,-1478.4492859900495,-0.0,-0.0,-0.0,-3696.2517869355884,-1085.5305482435601,-246.53448398188368,-916.2928887321385,-706.5784196186845,-998.0111510097782,-0.0,-0.0,-0.0,-0.0,-5558.621295859299,-738.6808948312406,-1759.253720921748,-3765.406352929679,-2058.8207367294285,-430.0644499864329,-0.0,-1863.1889381928297,-846.7582448575278,-0.0,-289.26743685062877,-373.7962265061101,-0.0,-924.2719203049371,-242.9901713730462,1469.766094073929,-446.73896403887034,-0.0,-0.0,-974.7305737849124,-792.7178090884894,-2177.474455451306,-401.68383115989354,-0.0,-0.0,-663.0346831104832,-0.0,-0.0,-0.0,-0.0,-1305.8498972950508,-540.5080170888181,-1224.6254366721228,-487.32962890027767,-27.820750810119975,-742.3456813757207,-0.0,-0.0,-0.0,-0.0,-2334.6450489183308,-0.0,-0.0,-0.0,-0.0,-0.0,-0.0,-759.9983859017651,-0.0,-2577.812798706582,-509.7161053841548,-221.10084313150526,-1140.3438324829726,-0.0,-0.0,-1575.2577206586188,-1458.8873477206432,4.0803931756154155,-400.127840070309,-33.715429892068556,-1550.282839857997,-826.8497239030439,-0.0,-3994.244539208986,-1308.0440065357432,-0.0,-0.0,-34.40057267666769,-293.0788184689421,-1205.8582017041633,-0.0,-0.0,-56.16194834287763,-1566.882690543765,-509.2715371951014,-338.65904427386926,-42.747264919067064,-1810.5156364523523,-0.0,-0.0,-0.0,-0.0,-0.0,-627.6111518201621,-445.4412001946452,-597.964043992337,-4269.570033209017,-1578.7478821863353,-1193.7141943039956,-19.003159693489675,-823.670988964002,-1298.3428323549533,-20.169988463963765,-0.0,-0.0,-0.0,-639.4930296442302,-473.8981712400864,-1736.9625525652077,-648.3330221234801,-0.0,-1523.030013994835,-0.0,-722.1285833197666,-0.0,-0.0,-2033.4787359585675,-641.2153897709235,-596.094241246014,-1535.65275105867,-502.5784938375536,-13.278870600733166,-699.3769398062608,-1299.421527534617,-0.0,-484.58644660116084,-1201.6626073521797,-4320.073476669237,-0.0,-62.5123557988002,-2318.259726293598,-1498.3313979879647,-1278.443107610943,-535.4559103311667,-1108.1551717740335,-0.0,-247.00796878414482,-0.0,-259.1987152256976,682.766728545823,-0.0,-0.0,993.3630897435302,-0.0,-2303.346817680828,-655.488157854988,-1094.527249447205,-1090.4332872722168,-1407.2565397215315,-399.0594634233366,-65.45801216365841,-0.0,-0.0,-861.8651071600764,-754.2286852582588,-738.5127439572979,-0.0,29.19005108564712,29.54054209595553,-159.4844038145725,-3036.0815006487855,-1864.658235597036,-0.0,13.040777695722804,-1332.1892260366274,-4174.0145483483775,-2642.5277867296495,-486.7329902486158,-886.2119762579414,-1183.2796400107868,-0.0,-221.33416300564252,-0.0,-530.5162075331797,-277.5909012974754,-1613.1242452448657,-2262.6519058354124,-287.4350669497495,-520.4960325529128,-4705.033573004318,-1206.3765445717395,-425.41218259049054,-481.3662465162947,-1467.017665112216,-465.4049515124878,-8.045774152495477,-1411.6816020100173,-1612.9846413146986,-0.0,-0.0,-524.8182205832305,-1246.4254712803493,-353.86057109970017,13.258666816771207,-0.0,-0.0,-0.0,-0.0,-0.0,-40.4619445443019,-741.9073282092321,638.2392332865238,-410.83577127567975,-710.3096190799199,-507.2859463460959,-1095.1348715121308,-1577.71302636356,-1026.1722597547266,-1782.6879738935277,-482.78564497486406,-642.5092307846182,-1483.7731991820096,-625.2945552245169,-0.0,919.1253743617204,-478.35547327716165,-40.935749236336044,-0.0,-923.7407252360772,-545.2190946167066,-1593.5041098980746,-1842.2022383992967,-2514.322838419645,-0.0,129.49311940486348,-0.0,-0.0,-1049.721905963126,-1500.144359078755,-0.0,-947.3043054775602,-8.73538825787366,-0.0,-0.0,-0.0,-2579.6682964986317,-725.9389583250531,-242.5351182801547,-177.90907748082185,-0.0,-0.0,-1223.553822957657,-1533.2547238336797,-976.189132138468,566.4167144800726,-9.151076082194866,-0.0,8.765362351005509,-0.0,-1583.8991620580907,-593.4293876939831,-1191.1164462702047,-1873.7212199725125,-1682.5441027689512,63.626529771377804,-0.0,-0.0,-1788.1980824256361,-400.78880706113137,-0.0,-0.0,-138.11550193265373,-0.0,-54.517592976663494,-0.0,-1166.7186105685626,-817.1349528213801,-0.0,8.772240826418663,705.6646812797386,-0.0,-70.84400159386905,-2287.0604636770545,-0.0,-0.0,-652.3854584316997,11.564377240965914,-0.0,13.016193378301022,-419.7320418653972,-1632.369994633537,-0.0,-836.9555332224825,-0.0,-1113.4675488104228,1807.084304516712,-134.7290672752332,-1714.8826407135039,-1558.1024471807245,1057.9149280055208,-53.42251078620285,-2428.668266460043,-802.0927775858669,-933.442270407282,-0.0,-723.5745260218471,-86.31102579663705,886.8687496126824,-402.2346669423739,-1511.1610311000375,-0.0,-0.0,-0.0,-752.0663985806641,-670.2824586257622,-632.689614770708,-1022.3062174333598,-1124.9977223664812,4.431003656188329,-964.0261457453664,-974.7245080532931,-1258.0792639214123,-0.0,-0.0,-503.29361188707696,831.4205958669546,-6289.200884093597,-0.0,-1547.564268371072,-1788.4014191326023,-881.3466294019299,-827.2261545749877,-260.3674305045421,-2715.2604159942025,-294.92941059295225,-0.0,-1005.9074617257234,-993.7668552495952,-628.9152574110386,-0.0,-1388.7832910563513,-2227.080893979027,-29.513771305546975,-1035.7188985686214,-2479.289533670991,390.3059261625947,-0.0,-457.46533519747845,-131.94035652002853,-1445.2571414368877,-1006.718322606053,104.45719690239346,-122.30846930813689,-724.8405795116573,-465.46644969787604,-564.8250750778776,-743.0386728020866,-565.9393550597665,-0.0,-1357.4610652763336,-0.0,-1238.432925761331,-717.7321387290694,-202.1063617960692,-0.0,-1849.5459154060788,-4927.724127014319,-0.0,-470.02067930909703,-0.0,-2486.6228744095392,-318.15366151930374,-0.0,-337.46988424545873,-503.0492427964454,-0.0,-2163.054100362557,-1464.4094587268921,-0.0,-3977.6802466430136,-129.3914669582988,-1286.376536510839,-1404.4468101508091,-1761.451476955792,-126.41482210682788,-0.0,-915.0952098877273,-2163.756711596893,-543.5876482543812,-917.0727602547131,-1045.5434432532913,-1759.674203052479,-2260.1373113847867,-896.7200980767943,-1880.7777563462307,29.94652378897024,-0.0,-298.2862456678904,-1523.9190402886913,-1133.138978923187,-0.0,-0.0,-0.0,-438.6901022897178,-401.83688731425906,-13.616489198612129,-577.2108550706828,-0.0,-1281.0125820438886,-770.1588910123218,-539.0735610695187,1.7412140553420632,-0.0,-343.12412799694806,-1580.7289555930386,-1021.6633847221077,-331.4044584839165,-843.5493708474007,8.455615351162608,-0.0,-0.0,-3149.6459263916827,-944.0554224644318,-0.0,-0.0,-0.0,-79.55707903121562,-1069.3566392628422,3.751828741876731,-1750.3905571656237,-1524.5771928847428,733.2431123251514,-0.0,-591.4080329788335,-0.0,822.1786498437249,-230.46400374721156,-0.0,-1663.791016983919,-317.67834737328286,-1667.3424070395054,-0.0,-1567.7569563588804,-561.1067732509408,-228.67524084809006,8.511914566465732,-37.08501080097337,-0.0,-0.0,-705.997646767768,-1256.4938054090046,-0.0,-582.3657203950609,-0.0,-341.86817013299276,-628.0319342952291,-0.0,251.74567573379628,698.7974754509252,770.8126025453419,827.8663125551744,730.0333504789394,917.9743187486445,-0.0,-0.0,-0.0,-0.0,-0.0,18.83742449130211,-0.0,-0.0,-705.6835418042375,17.053962319048882,-381.4245980683661,-178.26808674235826,-0.0,-913.3226374573992,-1496.317362498833,-1967.6708157537291,-260.0109358012417,-217.5232486742148,-0.0,-0.0,-565.2085181876847,-0.0,-0.0,-0.0,-0.0,-2699.462599146825,-0.0,-40.043531209205874,1020.0766671648588,-0.0,-1048.4149849226594,-566.574948598553,1155.5950483192848,-956.0441126786586,-0.0,-3104.6207120916065,-2027.8882822409869,-241.8103049927428,-822.5766466878988,-1316.7168259266562,-573.3411721243489,985.0891456537489,-86.34816797724632,-542.4379613605688,-0.0,-0.0,-561.3343471946624,-0.0,-969.185024400023,-0.0,-481.1896887952306,-116.79356258595703,-0.0,-0.0,-1246.1335180436542,-0.0,-0.0,-561.2458077070885,-1277.6127450433974,-1738.373723922931,-0.0,-0.0,-0.0,-1950.572217841352,-0.0,-1221.5899132285851,26.703674523149576,-0.0,-0.0,-1143.5260846062738,-927.0689760286205,-1300.153644085559,-368.28975213239414,-0.0,-1230.3663228836303,-287.0633566071521,-0.0,-0.0,4.403823057234047,-43.10979467810536,-3980.116019329057,-0.0,-43.74249894109749,-44.6979184716116,406.8135181334327,-87.39502356084073,-759.4644494865901,-803.6291112948468,-441.21436321220705,-0.0,-0.0,-1591.5297347326161,-0.0,-0.0,-0.0,-0.0,-0.0,-0.0,-0.0,-151.6024115713627,-0.0,-0.0,-1902.5848568331871,-8410.338996345095,-121.5219366677434,116.57771351955537,-482.4163764012766,-568.9633973871971,-446.96291414245854,-3788.5007745566686,-243.8996682815194,-415.29906777856655,-0.0,-0.0,-0.0,-1993.9450667238998,-0.0,-86.16879642682684,-0.0,-0.0,-0.0,-505.47328906229467,-13.413411830413315,-300.2540902620378,-1347.5371741046724,-634.6216898602752,-87.37493695545261,-1844.9908602733703,-0.0,-84.54981693589023,-1988.2895438521523,-0.0,-1335.470787814297,-0.0,-1367.4122304777406,-0.0,-0.0,-937.0247096475357,-641.9564864472267,-33.83723464940431,-682.9543232968323,-110.79513808987912,-746.7922846811725,-157.56149995030384,-677.301807252972,-678.8100148212098,-2166.6954714328654,-950.8948407225763,-0.0,-1691.059104466462,-418.8132845775226,-774.64919694625,-0.0,-0.0,-994.442131214178,-2189.0289162973872,-142.0498899662933,-0.0,-0.0,-76.07742535202587,-3256.3209266832814,-847.6888564638402,-233.14491205915348,-343.31378763290115,-45.32547401321695,-4343.317230230621,-0.0,-0.0,-1972.589256798154,-841.2725742965201,-0.0,-0.0,-0.0,-79.62089065120824,-0.0,-1833.7501928514446,-1699.1950173993678,-0.0,-399.3668225933644,172.80931127240328,-0.0,-0.0,-0.0,-992.9140320766269,4.504853741041495,-2434.117262598905,-624.4308982333355,-1167.9394307299012,-690.752890251177,-3312.0211346815836,-1448.7142584475646,334.93482375935343,-0.0,-2038.6134686963844,-0.0,-0.0,-0.0,-1059.5561436907403,-641.5219229632855,-1230.532325970896,-0.0,-0.0,-899.3045545135888,-1285.717693969345,-676.0379288121618,-499.26565321572355,-0.0,-0.0,-1308.7334119823431,-0.0,-0.0,-0.0,-0.0,-0.0,-0.0,-502.7143010345556,-179.4096455220532,-1445.0860450826826,-0.0,-738.1044014508167,-4126.6572867241175,-46.40219647419229,-0.0,-0.0,-0.0,-0.0,-0.0,-0.0,-0.0,-0.0,-0.0,-0.0,-1282.1481361440583,-1898.672161125794,-0.0,302.42648611265827,-0.0,-605.9419275567401,-91.30276655447496,-0.0,-704.291232138247,-341.6193889095588,-25.519433520714802,-3130.0464024256116,-481.54840549894544,-2955.9412378256216,-197.4438524322377,-1853.4014798278965,-1679.299025410791,-642.6122011699365,4.541927124456211,-0.0,-1234.9693117730912,-2094.6898215490814,-2406.804675427447,15.953578859816153,-499.4378384260832,-1712.1361152431862,-0.0,-2033.5902900309532,-378.25272609810975,-0.0,-2991.073247774982,-0.0,-955.2813880751722,-0.0,-2941.5660797134606,-0.0,-0.0,-84.1657881364762,-962.2538331848525,-683.4666140415404,-0.0,-1206.3480297750768,76.88821891472313,311.7304278727005,325.4400392918832,-263.3029804035081,-1822.9089027522116,-731.983124329579,-0.0,-0.0,-5713.890177751705,-1297.379513064064,-0.0,454.07110659153847,-0.0,-1649.5024377745776,-573.5115969362887,-708.1716588838246,-0.0,-0.0,59.20584181140399,-0.0,-1024.2116192048886,-1026.7904403867271,-1888.066725870931,-0.0,-585.408853505058,-2963.5704620577967,-808.6942694350565,-0.0,-1290.623408011878,-81.52795803877697,-1291.6206456008526,4.293106386233269,-938.9239837282269,-0.0,-0.0,-0.0,-716.3030769456201,-0.0,318.78772573994206,-0.0,-372.97763136017653,-780.6575681929827,-533.6821425834171,-1112.2230707895708,-614.232386974461,-1720.1038425740846,-898.8097175969248,-0.0,657.9819156899671,-2316.8780616806384,-1774.9903880903926,-709.1828445034,-0.0,-0.0,-0.0,-150.24217908396082,-1127.0412657065078,-324.25907031016965,-736.720366394196,-1993.8478107538137,-2788.8582765728197,158.6488506275596,730.3447324105814,754.7017089666529,-0.0,-0.0,129.2062898650195,-96.49086776054142,12243.549322581996,2155.4436208481234,3941.667745394875,5960.669512048064,-0.0,-0.0,-0.0,-0.0,-0.0,-1399.4848100443194,-1558.1396483641067,-827.0330974521155,-0.0,-2899.0940502265194,-574.5236197657464,-928.5566132177851,-0.0,-688.8901686473273,-1310.6628059742652,-985.8278820053671,-1235.8738242710094,-0.0,-3180.634827085744,-1994.037054080146,-774.3826852940194,-141.31390315166394,-2949.2353032622273,-0.0,-278.4353967184681,-0.0,-92.74399374322664,-0.0,-133.1409223235294,-202.87439531027383,-1010.4248933314253,-848.6653759502659,-0.0,-0.0,-0.0,-2123.788058604984,-0.0,-0.0,-275.4340477654677,-927.1835585702853,-965.2752097039204,-68.42306841696895,-1060.6317776520852,-1860.8790739110082,-339.05062770294893,-0.0,-0.0,-158.52116811518508,-1598.738477041393,-451.33072797757603,-0.0,-6065.421058971516,284.9751599121617,-0.0,-0.0,-0.0,-215.57236981731506,-439.12447829771156,-0.0,-0.0,-1214.5548969944518,-2037.032315772921,-1139.142534697856,-421.28715306051845,-395.1126687925229,-535.4115649033276,442.114113167159,-1164.3350473989879,-0.0,-497.41752958245695,-2323.460960291243,-486.4051900700618,7.957584307743725,-0.0,-460.8497038255395,-0.0,-0.0,-0.0,-1273.5448767104685,-453.480337501041,-1424.6220300526695,-0.0,-0.0,-0.0,-192.6161007634031,-523.9339535537462,-1660.348732366913,-2844.1434104034306,-212.42647772471824,-124.5917125654125,-0.0,102.37154855367686,-0.0,-1133.5194505152099,-172.6653384856818,-0.0,-0.0,997.5667154765116,-0.0,-1714.437113038576,-0.0,-0.0,-0.0,-197.55648083916267,-2017.6998952375675,-1597.4020588249314,-31.45342423952445,-2248.736800480973,-1566.5050379653894,-28.31318190295727,-31.7480491398223,-68.09399192180695,-0.0,-0.0,-2023.2541150184234,-0.0,-6007.743668187189,-0.0,-1503.7876346768103,-282.7372392106643,178.89531109726184,-0.0,-11.585775412673852,-1642.7490453194223,-1585.3929209659032,-558.4977292923086,-37.106782848617094,-103.02731823027892,-0.0,-0.0,-0.0,-0.0,-1078.8478435706527,-1110.9747522367704,-0.0,-589.9883160110793,-1235.3761472426295,-239.2813779555063,-31.109917783411234,-0.0,-0.0,-0.0,1093.3676076806823,-78.32251683506541,-0.0,-500.0223826431383,-820.7198174923664,-1517.8953630594708,-0.0,-0.0,-2507.837975317713,-0.0,-0.0,-0.0,-0.0,-694.2706448225002,1116.4886270914635,1054.7392069778884,1164.782797847769,-0.0,-0.0,-0.0,-650.587453511052,-0.0,-0.0,-375.29189638693555,-230.06366707338148,-0.0,-220.403344776541,-1185.4376350160214,-1313.4484167587548,-0.0,-0.0,-0.0,-20.9062643093765,-1423.662656831499,-18.940623962864613,333.3879444884075,-0.0,-1620.68131149915,-892.8265521190638,-575.2469642382176,22.380863308925004,19.529020203541744,-305.28921437141486,-16.10231820681592,-375.5371806086032,-392.1795388693202,-1072.898863317138,-359.07013319209574,756.5565160671039,-1407.5572976199471,-152.55292210621613,-155.87698457027872,-3614.509800541317,-2613.4535046681467,680.0575199739895,-1164.0461496679263,-136.66091954566357,-4.435745670477297,-708.4454552117984,-1119.3050481195244,1880.3323388494564,-658.5169305084304,-673.8503210505269,-736.5084170984438,-0.0,-5912.300341902236,-0.0,-549.3557908165686,-970.6876544794703,-723.637679461389,-838.6629803176781,-1101.568155407603,-0.0,-1082.2455830437777,-206.24009043900068,-84.56090623168174,-7716.04864490268,391.24977010020945,-172.27072300233695,-0.0,-578.0962745044264,-1114.840378310401,-0.0,-0.0,-539.8860046891306,-1590.5661066322073,-41.52412021226444,-233.0936009171844,-287.35211706969665,-1196.3753572294947,-0.0,-0.0,65.20414773085315,-0.0,-0.0,-1726.9258480597116,-0.0,-1977.3136139952524,-1007.0959160847303,-1334.076534395513,-0.0,-0.0,-486.3262019486193,-954.5649939472647,-147.45172142685232,-0.0,-414.9347194531621,-160.15620314630561,-448.53689439224115,-0.0,-191.83228954459102,-457.28073858784904,-2352.2526050925167,-851.5980801155299,-1395.3318324138702,-0.0,-0.0,-1204.1460043867849,-28.6584736225088,-0.0,-0.0,-1333.6264649164225,-0.0,-0.0,-0.0,-0.0,-0.0,-0.0,-0.0,-0.0,-0.0,-0.0,-96.10007799207314,-0.0,-0.0,-0.0,-0.0,-0.0,-0.0,-0.0,-0.0,-0.0,-0.0,-0.0,-305.2177767314456,-0.0,-0.0,-0.0,-0.0,-0.0,-0.0,-0.0,-0.0,-0.0,-0.0,-0.0,-0.0,-0.0,-0.0,-0.0,-0.0,-0.0,-0.0,-0.0,-0.0,-0.0,-0.0,-0.0,-0.0,-0.0,-0.0,-0.0,-0.0,-252.34171469530133,-0.0,-0.0,-0.0,-0.0,-0.0,-0.0,-0.0,-0.0,-0.0,-0.0,-0.0,-0.0,-0.0,-0.0,-0.0,-0.0,-0.0,-0.0,-0.0,-0.0,-0.0,-0.0,-0.0,-0.0,-0.0,-0.0,-0.0,-0.0,-0.0,-0.0,-0.0,-0.0,-0.0,-0.0,-0.0,-0.0,-0.0,-0.0,-0.0,-0.0,-0.0,-0.0,-0.0,-1340.7149506781975,-607.5621638105654,-1631.4842219341626,-0.0,-0.0,-0.0,-0.0,-0.0,-0.0,-0.0,-0.0,-0.0,-0.0,-0.0,-0.0,-0.0,-0.0,-0.0,-0.0,-0.0,-0.0,-0.0,-0.0,-0.0,-0.0,531.2798902681142,-0.0,-0.0,-0.0,-0.0,-0.0,-0.0,-0.0,-0.0,-0.0,-0.0,666.7929528034686,-0.0,-0.0,-0.0,-0.0,-0.0,-0.0,-247.4948492427534,-0.0,-0.0,-0.0,-0.0,-0.0,-0.0,-0.0,-0.0,-0.0,-0.0,-0.0,-0.0,-0.0,-0.0,-0.0,-0.0,-0.0,-0.0,-0.0,-0.0,-0.0,-0.0,-0.0,-0.0,-0.0,-0.0,-0.0,-1064.2303583304597,-0.0,-0.0,-0.0,-0.0,-0.0,-0.0,-0.0,-0.0,-168.89471281050203,-0.0,-0.0,-0.0,-0.0,-0.0,-0.0,-0.0,-0.0,-0.0,-0.0,-0.0,-0.0,-0.0,-0.0,-0.0,-0.0,-0.0,-0.0,-0.0,-0.0,-0.0,-0.0,-0.0,-0.0,-0.0,-0.0,-0.0,-0.0,-0.0,-0.0,-0.0,-0.0,-0.0,-0.0,-0.0,-0.0,-0.0,-0.0,-0.0,-740.3353720009778,-0.0,-0.0,-0.0,-0.0,-0.0,-0.0,-0.0,-0.0,-0.0,-0.0,-0.0,-0.0,-0.0,-0.0,-468.7276941156912,-0.0,-0.0,-246.70751395985775,-0.0,-0.0,-0.0,-0.0,-0.0,-0.0,191.80902503330017,-0.0,764.695704031726,-0.0,-0.0,-0.0,-0.0,-0.0,-0.0,-0.0,-0.0,-0.0,-0.0,-0.0,-0.0,-0.0,-0.0,-0.0,-0.0,-0.0,-0.0,-0.0,-0.0,-0.0,-0.0,-0.0,-0.0,-0.0,-0.0,-0.0,-0.0,-0.0,-0.0,-0.0,-0.0,-141.58079542236413,-0.0,-0.0,-0.0,-0.0,-0.0,-0.0,-0.0,-0.0,-0.0,-0.0,-0.0,-0.0,-0.0,-0.0,-0.0,-0.0,-0.0,-0.0,-0.0,-0.0,-0.0,-0.0,-0.0,-0.0,-0.0,-927.1768439231963,-0.0,-0.0,-0.0,-0.0,-0.0,-0.0,-0.0,-0.0,-0.0,-0.0,-0.0,-0.0,-0.0,-0.0,-0.0,-0.0,-0.0,-0.0,-0.0,-0.0,-0.0,-0.0,-0.0,-0.0,-0.0,-0.0,-0.0,-0.0,-0.0,-0.0,-0.0,-0.0,-0.0,-0.0,-0.0,1240.7051011673796,-0.0,-318.6572499034777,-0.0,-0.0,-0.0,-0.0,-0.0,-0.0,-0.0,-0.0,-0.0,-0.0,-0.0,-0.0,-0.0,-0.0,-0.0,-0.0,-0.0,-0.0,-0.0,-0.0,-0.0,-0.0,-0.0,-0.0,-0.0,-0.0,-0.0,-0.0,-0.0,-0.0,-21.607799297124167,-0.0,2499.390747512488,-0.0,-0.0,-0.0,-0.0,-0.0,-0.0,-0.0,-0.0,-0.0,-0.0,-0.0,-0.0,-0.0,-0.0,-0.0,-0.0,-0.0,-0.0,-0.0,-0.0,-0.0,-0.0,-0.0,-0.0,-0.0,-0.0,-0.0,-0.0,-0.0,-0.0,-0.0,-0.0,-0.0,-0.0,-0.0,-0.0,-0.0,-0.0,-2314.5817604163854,-1607.5229647112649,-0.0,-0.0,-0.0,-0.0,-0.0,-0.0,-0.0,-0.0,-0.0,-0.0,-0.0,-0.0,-0.0,-0.0,-0.0,-0.0,-0.0,-0.0,-0.0,-0.0,-0.0,-0.0,-0.0,-0.0,-0.0,-0.0,-0.0,-0.0,-0.0,-0.0,-0.0,-0.0,44.56620421339212,-0.0,-0.0,-0.0,-0.0,-0.0,-0.0,-0.0,-0.0,-0.0,-0.0,-0.0,-0.0,-0.0,-0.0,-0.0,-0.0,-0.0,-0.0,652.8299542382751,-0.0,-0.0,-0.0,-0.0,-0.0,-0.0,-0.0,-0.0,-773.19040198865,-0.0,-0.0,-0.0,-0.0,-0.0,-0.0,-0.0,-795.3915229308451,-0.0,-0.0,-0.0,-0.0,-0.0,-0.0,-0.0,2600.753800815444,-0.0,-0.0,-0.0,-0.0,-0.0,-0.0,-0.0,-0.0,-0.0,-0.0,-0.0,-787.0315047376512,-0.0,-0.0,-0.0,-0.0,-0.0,-0.0,-0.0,-0.0,-0.0,-0.0,-0.0,-0.0,-0.0,-0.0,-0.0,-0.0,-0.0,-0.0,-0.0,-0.0,-0.0,-0.0,-0.0,-0.0,-0.0,-0.0,-0.0,-0.0,-0.0,-0.0,-0.0,80.6292230426449,-0.0,-0.0,-0.0,-0.0,-0.0,-0.0,-0.0,-0.0,670.2169964333727,-0.0,-0.0,-0.0,-0.0,-0.0,-0.0,-0.0,-376.68176398829775,-0.0,-0.0,-0.0,-0.0,-0.0,-0.0,-0.0,-0.0,-0.0,-89.6435067067712,-0.0,-0.0,-0.0,-0.0,-0.0,-0.0,-0.0,-0.0,-0.0,-0.0,-0.0,-0.0,-0.0,-0.0,-0.0,-0.0,-0.0,-0.0,-0.0,-0.0,-0.0,-0.0,-0.0,-0.0,-0.0,-0.0,-0.0,-1976.7739590113704,-0.0,-0.0,-0.0,-0.0,-0.0,-67.77142509601644,-0.0,-0.0,-0.0,-0.0,-0.0,-0.0,-0.0,-0.0,-0.0,-0.0,-0.0,-0.0,-0.0,-0.0,-0.0,-0.0,-0.0,-0.0,-0.0,-0.0,-0.0,-0.0,-0.0,-0.0,-0.0,-0.0,-0.0,-0.0,-0.0,-0.0,-0.0,-0.0,-0.0,-0.0,-0.0,-0.0,-0.0,-0.0,-0.0,-0.0,-0.0,-0.0,-0.0,-0.0,-0.0,-0.0,-0.0,-0.0,-0.0,-0.0,-0.0,-0.0,-0.0,-0.0,-0.0,-0.0,-0.0,-0.0,-0.0,-0.0,-0.0,-0.0,-0.0,-0.0,-0.0,-0.0,-0.0,-0.0,-0.0,-0.0,-0.0,-0.0,-0.0,-0.0,-0.0,-1375.0149122810974,-0.0,-0.0,-0.0,-0.0,-0.0,-0.0,-0.0,-0.0,-0.0,-1723.8680183540512,-0.0,-0.0,-0.0,-0.0,-0.0,-0.0,-0.0,-0.0,-0.0,-140.99520264861565,-0.0,-0.0,-0.0,-0.0,-0.0,-0.0,-0.0,-0.0,-0.0,-0.0,-0.0,-0.0,-0.0,-0.0,-0.0,-0.0,-88.51638265005516,-0.0,-0.0,-0.0,-0.0,-0.0,-0.0,-0.0,-0.0,376.38892164358487,-0.0,-0.0,-0.0,-0.0,-143.74596109389358,-0.0,-0.0,-0.0,-0.0,-0.0,-0.0,-0.0,-0.0,-0.0,-0.0,-0.0,-0.0,-0.0,-0.0,-0.0,-0.0,-0.0,-0.0,-0.0,-0.0,-0.0,-0.0,-0.0,-0.0,-0.0,-0.0,-0.0,-0.0,-0.0,-0.0,-0.0,-0.0,-0.0,-0.0,-0.0,-0.0,-0.0,-0.0,-0.0,-0.0,-0.0,-0.0,-0.0,-0.0,-0.0,-0.0,-0.0,-0.0,-0.0,-0.0,-0.0,-0.0,-0.0,-0.0,-0.0,-0.0,-0.0,-0.0,-0.0,-0.0,-0.0,-0.0,-0.0,-0.0,-0.0,-0.0,-0.0,-0.0,-0.0,-0.0,-0.0,-0.0,-0.0,-0.0,-0.0,-0.0,-0.0,-0.0,-0.0,-0.0,-0.0,-0.0,-0.0,-0.0,-0.0,-0.0,-0.0,-0.0,-0.0,-0.0,-0.0,-0.0,-0.0,-0.0,-0.0,-0.0,-0.0,-0.0,-0.0,-0.0,-0.0,-0.0,-0.0,-0.0,-0.0,-0.0,-0.0,-0.0,-0.0,-0.0,-0.0,-0.0,-0.0,-0.0,-0.0,-0.0,-0.0,-0.0,-0.0,-0.0,-0.0,-0.0,-0.0,-0.0,-0.0,-0.0,-0.0,-0.0,-0.0,-0.0,-0.0,-0.0,-0.0,-0.0,-0.0,-0.0,-0.0,-0.0,-0.0,-0.0,-4168.060434937821,-91.74899657768204,33641.4793987978,-3867.3144002904432,-3849.6187138362934,81852.58265562542,-0.0,-7530.073343801415,844.0954033847261,1940.1140396490391,-24721.533802232672,-0.0,-5200.95932293303,-0.0,-0.0,22881.63757593766,-12893.734112733746,2984.550832251591,6675.847158081705,-4009.9900742109585,-24288.221817708734,-8953.930407694319,53.92597328573895,-95.47735379748026,-6189.394558966789,-0.0,-12084.420171699872,-18047.973293156854,14179.9104227531,-132.1411396342723,392.7466825925983,46764.09042080661,-2359.502524474931,-101283.28564759009,-3214.870265845515,-23677.118715623947,-15903.978801527517,-5155.76139592119,-6378.466138457419,-15980.023003456,13292.338532441914,-2251.9556391931856,-3585.334840249377,-3417.589907172471,-11587.651684770535,6665.234072835175,33243.86682995555,-782.6641920616262,-184.64228355856574,20821.178053280903,3463.1251643556247,-184.91115995961312,5275.07436953351,5833.58285781304,-5683.899126602651,-7455.63660592579,-3286.1772412896844,404.0352564016155,-0.0,-0.0,-1271.8428996828638,-7877.158444521555,-3881.2217607504,-3351.289836634838,-471.22985208402633,-4972.101182123986,11443.552496562992,6349.962645994521,-8108.666332895396,17459.954534584554,-19402.857390498917,-31746.94454238124,71726.73887999036,-22959.661020519452,-8046.436311885637,-1910.7321840240797,-3185.785539661651,-6300.965681097208,-3925.041614941848,-32474.331014028907,-0.0,-14093.307920737572,-0.0,3563.5274914242045,-0.0,-0.0,-13415.272065948358,-1407.1548503877361,-0.0,-0.0,3593.1072750648386,-0.0,130.36864158560005,-0.0,-6133.39422518108,-4488.916158391111,-7722.888049394341,-8520.57999504541,9218.962909290683,-0.0,-28956.043884761362,46277.837722123964,-0.0,-0.0,-19774.873029402694,-8848.419842123434,130.56086282755695,558.7028685828316,-0.0,58782.66466918251,-0.0,-0.0,-0.0,-0.0,54063.19700558063,-1485.4664667487073,-0.0,-12737.894976616268,-0.0,-5344.654594347185,-922.5097612777411,-2659.7121716714173,-15455.017826354053,9074.843150402485,-1004.6333158924688,-9181.984899815574,-0.0,-0.0,-6577.810744998775,-7054.787901271233,-12408.688005255746,60028.98805606883,-0.0,-213.8017632732567,13613.742179568946,4200.258057042855,-2774.640427684946,684.1048208590748,1721.0218742220814,-3766.635221904613,147.65570699053,-18563.49696470036,825.6828262487056,13603.718398667803,-663.8183421941658,10239.571393782166,46543.84350326814,5529.952613162028,1061.1364598138512,9539.901667261314,-2023.1169581804725,-7727.9116048672895,-8863.360431589632,-15640.772448724132,-0.0,2856.3206466912247,14270.847510999343,12866.013001060877,-8127.954203859269,5955.708920106734,3648.057851168723,-9020.769451732998,22188.2036331434,-14511.482259756374,-0.0,5381.1952469489,-11806.330685730032,-15468.099462844735,-7454.739973617223,25856.363323377514,2132.05376608581,-0.0,-5269.34989157596,-0.0,-2439.9438345998383,56.689586372316526,-3509.76963969848,-824.762215339423,81.54791429250976,-193.2809762282179,-22002.35728635692,-13979.767344157279,23125.284496275293,-7788.459152248269,3442.66363698108,8421.47761076175,-7566.804416764559,-4898.758760870282,-13711.977645896986,-0.0,-1999.2167577815208,-2053.446577245742,-0.0,1153.1346585444364,-3139.3868970805956,-0.0,-0.0,-16029.49861232107,-3209.7946271448054,3905.723849218804,-3818.8853616201973,-0.0,-0.0,-0.0,57039.8148543527,23622.063643368674,-0.0,-1402.3478367145087,12205.005773396846,-0.0,-4144.259718514443,-2850.559705249839,-0.0,-5140.356806758348,-7670.156211756467,116819.60963235077,-12360.965997582314,-8946.905246918084,-30962.974773668004,-0.0,2538.237307560525,2286.739602501363,-10106.52327166287,26433.894470258343,-8150.222719257165,-45465.095391668256,-15331.838016837179,-10255.684811400739,-0.0,1293.7717500566037,-4913.753817092963,21218.748529064134,-2189.3783549427944,84.82016007151054,-11944.088008978397,-9340.744832826573,30619.233704174214,-0.0,-1582.7722818135287,121.99997717064981,-0.0,-0.0,-0.0,-0.0,-0.0,-0.0,-0.0,-0.0,-0.0,-0.0,-0.0,-0.0,-0.0,-0.0,-1289.654464156144,-0.0,-0.0,4241.166859037586,-11764.370950345425,-873.5428750607622,-9351.668142045972,22936.152097123697,8919.879179723739,-3817.060068752887,2327.6942278959214,39720.470779552445,-0.0,-0.0,-3851.8299281548175,2633.1151088880897,-6602.895056590885,-8238.061733576216,-0.0,-200.71644893853804,9373.181446764076,-4272.227628164615,-930.3303606722216,3063.4500925713846,-27861.408302499112,23190.85500946384,-4850.479086679126,-2134.7539999196297,13985.723703933201,-0.0,-0.0,-0.0,-0.0,-0.0,-0.0,755.1123923453995,51583.2418999219,-9534.056717259742,-7465.245915861746,-12401.098508670093,-0.0,-10239.270557985521,-12553.317044119387,-0.0,-0.0,-0.0,571.8710200608867,549.7064005803411,806.6907027619288,2963.819718758715,-0.0,2595.344581407508,957.0825779788304,874.1894962631819,771.1749689480699,805.1688522490406,3267.4234227448064,1725.85032857528,3256.3539488796173,2581.530928039084,2855.0428780820966,3147.2516439235455,37405.899197736384,40978.25711208844,38750.22985649658,35108.775602588415,6688.705546506539,6629.788445905523,7647.7178105890525,9475.809146864127,4662.720090708496,2010.4511241224295,2117.635861456579,2129.9550060179877,1999.4222017862853,2110.5690744697395,4905.041838897024,3065.2346571813255,1300.2628936526337,1250.1343032109537,658.156087132247,384.1962661333863,465.83888961257446,33829.32054420544,36689.13200303891,38942.29298318585,35802.83725310941,55299.75664230524,58216.69661470074,1309.5638477734653,1299.167404746281,1306.9112283609336,1107.8171570763345,1236.7039031381123,1290.0897017281077,630.9974428037287,48447.92604420289,51748.10024962594,52812.91882078196,2688.6016983942072,-0.0,6943.086473611264,39552.35358300351,35691.308680228976,36106.281425908215,59588.72354153875,65400.65683138436,67157.43147376286,56436.25903184223,2652.7626279311776,2341.879597319573,4902.368152507534,-0.0,19581.873854696234,22803.68228495313,-0.0,478.656628506756,996.8728811898628,1566.059696228477,1434.8058209133771,1666.961839422222,1477.315670236416,1706.2553736811155,1384.7268111477326,40556.862876578285,39315.030436500856,38610.2084943908,36396.97988444925,1060.7767108825094,1212.8049890237048,-0.0,-0.0,17275.61384582544,39127.45381624159,37637.56580562979,35140.262322805436,33912.98279182938,-0.0,49024.871717014576,52682.792651975426,1074.487717315865,2117.7508083384205,2326.2296000702686,2481.143235913492,2231.8219621724015,2196.760470062659,53525.19686607207,50486.54822311947,-0.0,-0.0,16828.096683150026,880.6183685164764,1061.4253639090814,39919.28117086492,37760.08326410852,34011.67634063942,36036.234898493494,34342.43700126119,36505.373224427385,-0.0,15952.563503508527,10142.670456800906,-0.0,-0.0,1266.7469806393854,1391.5910180166345,442.40185192921143,395.9085149696927,324.130387002041,325.87139108911185,-0.0,1159.653282310229,1105.6196249969776,1062.9996554937638,1211.8351624762063,-0.0,1474.9894098159255,1538.1115852254568,1947.0013404253534,2081.610390958906,2080.7910598336107,2038.2097962554433,758.1894221244524,924.1972293166274,845.6141527018917,1268.9028229928533,894.7712869947069,803.4158094639529,857.873898072931,865.9331589390747,8175.41098582953,9281.474970681758,41.85741777144608,72.85585551972473,3410.066551553031,16049.290680778355,1023.8785281315426,983.1134908593691,-0.0,-0.0,6410.167292420104,6496.60134031031,6372.644325470307,6305.43159026771,1342.831430031242,1452.0251300747545,38324.070319368155,39021.204671837964,8489.476494964721,7424.264035237219,-0.0,53098.59481690887,2165.1031457329686,2035.196709306818,1108.6964222323281,55170.083550357274,58934.07070348579,57025.829454036604,52589.1436269815,431.53173448739966,59326.63994645349,55833.52511807057,-0.0,-0.0,19336.15953866516,-0.0,698.5105387581107,712.0455713880506,632.7969679504157,1688.9101139563975,9447.337078851166,22250.663305836486,1437.7829299524267,1552.7909112288617,51.87658187998213,679.1215185772862,679.6476496583298,15091.750672319886,1525.8889270097145,-0.0,-0.0,-0.0,1096.4687563574362,-0.0,1168.5314886434667,-0.0,4313.540603505238,1008.6143218642891,1136.6674080222956,1076.1758283731685,682.1262632100302,660.069703858736,622.2941126246367,1515.2388149241299,1680.4530422309674,1823.4263817038693,1096.8864988355888,123.22412023255386,5015.982933900918,52970.13997092414,57477.834646371135,10365.524775323747,20874.753774326953,15719.321747965902,16426.50247321425,2019.763640802069,1842.6768981218454,1452.3964098803242,1451.6443367049144,792.441540956815,958.3504844033208,2370.2068963158663,35763.53609667755,38443.72593519383,1361.182255510402,1392.5164095021096,1347.542637086835,2312.3330226337257,2467.71577040919,2822.8356567198634,39332.86127104351,35209.83449024692,34975.7556816149,38301.61713944018,-0.0,-0.0,-0.0,2362.9052864649757,2622.597182364574,2279.6095581969603,7038.427097319671,6143.075211658271,6644.215896618777,1811.4566226134543,1909.2059132728339
15,-0.0,-0.0,-583.9319567186401,-1857.1760605304305,-436.40442196993314,-515.7873258740401,-50.64905423603564,-959.8833170244448,-654.9119098899488,-0.0,-1384.718228463473,-0.0,-0.0,-2044.236285967914,-0.0,-552.4337239940928,-412.2600039277745,-0.0,-0.0,-175.58186432821688,-250.25139747196712,-666.9520414343759,-1058.8972825499661,-679.6804752835337,-1998.847861496773,-1234.4099812830166,-0.0,-0.0,-2785.456960061728,-1681.018699585218,-0.0,-0.0,-0.0,-0.0,-0.0,-0.0,-104.15166448125008,-301.22179631408005,-1615.2415613479247,-1305.8340998134613,-0.0,-0.0,-127.7808634567954,-680.2908580026873,-171.14465875047404,-0.0,701.5657729583996,-1589.0901435282938,-389.5042860217625,-0.0,-0.0,-356.5037002073785,-4.376320751676829,25.974282426119792,-1876.80243032212,-3236.8554485649333,177.2520020616498,-5542.4210824717575,-231.03101594054405,-0.0,-1568.8191693507015,-0.0,-629.6052865092761,-2400.9233240101753,-514.0503500494563,-608.78486038274,-39.238704191651514,-2206.52624870236,-732.473652916414,-514.9654941309924,-2959.2554414604974,-0.0,-0.0,-2217.037337682536,-986.1339983791225,-381.94187465636367,-1841.501025328603,-0.0,-0.0,-1444.2064005563352,-1555.209530502628,-456.837793749174,-3778.3646344345752,-61.94399354739206,-72.88464498109109,-1670.6154738673908,-0.0,-593.1726053369979,-993.7693825705451,-17.05027980619676,-0.0,-1428.9594970137075,-81.87289263926506,-627.2488000592368,-2195.55029426747,-51.363838658837295,-2206.1854864762536,-337.7102231801866,-1400.5886339683916,-2568.9450347282805,-715.9783771509083,686.0481476083328,-542.3779272506025,-0.0,-1615.7009381409352,-2308.3366165095276,-4174.850588686312,-550.0907224395428,-2750.440303674798,-0.0,-1469.2931459804608,-0.0,-0.0,-495.11367056080474,-0.0,-0.0,-518.0720492405713,-77.70731309761365,-1618.1512711472196,-818.3405682287058,-994.0200338697069,241.40024833036315,-438.0280451112884,-351.1667362025313,-400.5540806873714,-14.92263257581836,-435.9734716889678,-511.00372146805836,-764.4131129053612,-0.0,-5014.542727760677,106.15849274062313,-94.62915840683613,-4398.317303961309,-0.0,-995.1821162222031,86.24309915147809,-0.0,-634.9888966792456,-0.0,-0.0,-508.39343972968067,-0.0,-334.71196734964855,-942.2599728989613,-0.0,-1046.6692699731582,-270.1777325464042,-697.3684790458782,-2156.375801202002,-0.0,-1683.5829894961978,-1008.4018347219627,-0.0,-0.0,-0.0,56.936220497224326,733.8904626021596,-0.0,-1533.669565802311,-1824.19078271762,4.39130588888408,-0.0,-0.0,-476.1320411447803,-348.17328647300286,-371.75713647786193,-0.0,-379.5446520183622,-3096.531875416975,-1135.7789913881547,-0.0,-1226.5873786197706,-2270.0895755511283,-0.0,-0.0,-0.0,-0.0,-0.0,-0.0,-546.5686771636719,-671.2095967572467,-266.8845278754228,-172.1747662411725,-1047.56250649756,-15.97505319930306,-0.0,-0.0,-653.7967287335994,-0.0,-632.4214505549265,-197.7248437295309,13.358147343130161,191.40880193798088,-0.0,-0.0,-1032.4939902659787,-399.07044363310797,-506.0046012055033,-0.0,-2713.3569615525143,-2140.160475291712,-905.5700185589683,-0.0,-0.0,-2163.4981179866904,-1288.8325812664748,-697.5182838104228,-25.71128905157188,-1567.5962065539552,-1265.4435263236874,-0.0,-0.0,-1836.899940689188,-0.0,-911.8564840933252,-1068.0207993466026,23.00308303048247,-507.80901239033204,-563.3550548903836,-335.1230448573673,-0.0,-1741.5188017975186,-0.0,-2932.8992262390434,-2487.7128089955386,-196.11235159134597,-491.03254588178174,-468.1848442067803,-0.0,-294.9334461235825,-211.18941258153384,-0.0,-1021.3304677831541,-575.7591107072146,-983.7199133667626,-1753.8519074272772,-964.9803381963861,-2097.793820180169,-1732.316672181147,-2339.0461339919643,-2315.397274190533,-1088.4999343833265,-2144.0170086500834,-556.7893369460471,-426.2897799343091,-0.0,-1323.017858590635,-869.7012588735845,-1065.1641688383354,-459.2164946965216,-403.4034814363411,-2197.65577322942,-661.8472884874811,-446.81575117536823,738.8193963544092,-0.0,1116.7160548978097,-1447.0562112790508,-0.0,-0.0,-0.0,-0.0,-0.0,-0.0,-1321.226306271589,-2893.6611311244887,-498.807206879179,-957.3144630968417,-0.0,-0.0,-1912.5488051744853,-1332.4305492632352,-1986.1286223894858,-0.0,-0.0,-67.54242820859689,76.96388106738982,-465.8679915820388,-1996.0749224625163,-476.74849940369063,-0.0,-427.8082678777254,-725.9233075335933,-12.781827806556883,-1240.7171650847126,-1129.0292144544374,-1514.4234217033543,-1114.487572063639,-148.46809202680024,-633.7155954648448,-0.0,-1644.4309281836247,-0.0,-953.6097798185193,-124.5087379283241,-40.416526652375445,-541.610032035353,-0.0,-2358.9478934283743,-124.08620657968956,-631.3543450143056,-1560.935021917439,-1367.4002820213511,6.326184182452836,-524.2856658920178,-799.2678674891183,-24.518339808139586,-294.9953536383853,-452.77051229541246,-63.08986521891788,582.8800464685173,-1264.6905168146177,-0.0,-937.9549731259995,-1234.8693100301173,-0.0,-564.7363171408957,-0.0,-1552.2364326072418,-0.0,-0.0,-0.0,-1170.737182361418,-840.0893181606901,-405.83101122449176,-0.0,-1413.344294812733,-3111.5601771567694,-3616.5772108583947,-0.0,-360.52354785753454,-0.0,-282.74257254363465,-360.0135926165273,276.6436675626354,-560.624163906714,-0.0,-567.5180973441247,-948.9837216517616,-276.0266725557647,-514.6205433614598,-0.0,-456.84630520048006,-1174.1077518613747,-543.6586152869813,62.42194857984804,-2434.844477133676,-0.0,-0.0,-1084.8246034128938,-479.90868957646865,-1205.7876772914806,-70.7524712139193,-130.93738939998943,-230.30131853194695,-624.774045802358,-946.3313204004855,-1427.6239314394984,-2342.6295091062316,-0.0,-0.0,-361.2742810146089,4879.943986615337,-0.0,-0.0,-0.0,-0.0,-0.0,-2503.99967955054,-501.49268794802464,-0.0,-1072.0309876683198,-1073.3129783226289,-607.7282994126231,-2203.296244752627,-179.81992627299942,-1211.8400594105603,-0.0,-0.0,-2082.0125188335396,-633.4518971925613,-1838.566760669222,-684.561300494654,-595.4228060220519,-1676.039460430039,-255.60054049615837,-1834.4317974198566,-1064.4769336984298,-114.11656508794583,-852.4141633428801,-1241.8545605424808,-213.31481172564986,-224.09843391200235,-1854.6921775808562,-0.0,-493.126819975334,-270.97578769904254,-148.18942866141634,-768.9901363332534,-221.29214492573146,-916.8703723130413,-758.0536994762474,-1264.5794462120618,-303.86093546225766,-2586.5623233287315,-23.117394882497116,-614.9425624770549,-0.0,-883.5617534154326,-656.2841302387724,-969.4912148324288,-1096.5885232297317,13.041429857114377,-368.8306777681419,-808.9116587585056,-808.6979446133956,-360.4892362887179,-1045.5025630414416,179.35953653964646,-0.0,-0.0,-0.0,-0.0,-0.0,-0.0,4.5251006994719924,-305.0918449316352,-2405.5509325688695,-4355.037731024286,-488.77867686332905,-1054.8447039027783,-142.62382436093117,-537.291484448111,-1380.6085113922488,-1133.8058243886032,-80.59547700526663,-451.3047620877512,-486.84988894444973,-0.0,-131.7415527281866,-1046.697774477008,-649.1145443774247,-0.0,-1335.0593982923808,-0.0,648.160564721719,-0.0,-0.0,-0.0,-26.98585772198294,-0.0,-0.0,-984.6836861992157,-427.34381875619505,-1127.5746455266913,-0.0,-0.0,-0.0,-894.9499679371072,-565.2534999104631,-1375.3597697068756,-0.0,327.2963148299031,-0.0,-0.0,-2964.619623986047,-1378.3062204112468,-12.715814841614165,-0.0,47.3247912192598,-18496.803002694967,-17789.898936453348,-2551.3993534592723,-0.0,-0.0,-0.0,-0.0,-306.6841289538803,-0.0,-0.0,-694.8666295701141,-2470.0950687117074,-2147.4425404765993,-1495.5955909342447,-408.9674032845789,-1809.8854728807685,-45.31278042966894,-1597.0715410452483,975.561897424338,-0.0,-836.9086904326234,148.25096984204384,-0.0,-0.0,-0.0,-0.0,-111.8649650591033,-0.0,-0.0,-0.0,-780.0425801326173,-1584.0304338328822,-0.0,-0.0,-616.9175773112848,-2074.989921538373,-0.0,-1412.4571290872855,-1728.0028114633387,-1804.6564253461725,-0.0,-0.0,-239.21137072116457,-75.73821398898359,-1085.8105829107776,-1498.4067964668898,-503.20847965623904,-1408.7671222170275,-1223.0560955525611,-0.0,-0.0,-0.0,-0.0,-385.15155274417685,-91.1547209706299,-0.0,-0.0,-188.37284578083984,251.62371579618332,-0.0,-1174.9080073260957,-1106.7518446006582,-1098.5803357570144,-0.0,-0.0,-824.6912522454329,-1298.2747274627404,-752.2414797854799,-413.4925489613346,-0.0,-2311.454098428904,-2336.5338885393703,-0.0,-0.0,-0.0,-0.0,-0.0,-1411.1761052798167,-0.0,-2096.872026958415,-1139.233433581615,-79.08179690742072,-0.0,-0.0,-0.0,-2628.252692687078,-1533.619674987856,-564.7931937371087,-529.259191879929,-1066.8608994470944,-801.6186614962693,-0.0,-0.0,-527.1287815826018,-1299.5191808004572,4.343963953876933,-571.9851192838429,-0.0,-1036.2143349054609,-811.8334795157541,-1594.4122322127664,-0.0,-252.42526621641676,-242.9242689988087,-313.71156587880876,-1454.5244083181276,-102.07715702482054,-0.0,-0.0,-0.0,-0.0,137.9798529700822,-156.7592519294327,-785.0391076156291,-1465.186241871095,-1258.0124120148637,-551.4459990839099,-572.3252328637411,-8960.2723506914,-965.98679119584,-560.9015612355586,-0.0,-0.0,-0.0,-338.95593048896893,-377.86103747386716,-1140.303872513823,-333.6684402147195,-0.0,31.751939976732228,-0.0,-0.0,-0.0,-0.0,-0.0,-0.0,-0.0,-92.95821524813913,1681.095235854392,-0.0,-1375.5533181577512,-585.1143619104487,-423.79348782328475,-1852.1040096177992,-0.0,-0.0,-599.5120027587811,-723.3155281459756,-118.7090375751836,-135.07578779192863,-0.0,-632.7967291942568,-178.13811918313596,-1940.811142986403,-381.17948078666575,-498.30458326681804,-0.0,-0.0,-1318.2174680190728,-2328.7668575724733,3.7819418454589013,-551.7587657843621,-415.2220730772788,-1039.8759990301169,-1332.7514615801356,-776.2440696362227,-303.9655475251916,-171.21827417637158,-1451.297286829316,6696.9948911957745,-0.0,-575.6210810434578,-617.6949343368962,-1166.3570560595635,-1150.6709185885861,-1109.1152605021357,-1841.5992229844471,-1765.4959978194772,-590.6663827476877,-0.0,-0.0,-1738.957844023074,-0.0,-0.0,-401.04387732575344,-1805.3868852942555,-1491.3985176880446,-261.8473522550384,-121.21437264759021,-1903.9804469227265,-0.0,-1379.0663813122708,-0.0,-0.0,-0.0,-0.0,-0.0,-0.0,-437.05572683777075,-1492.4730150024063,-1013.7733611645402,-78.72087224621795,-241.0034972242747,-516.5902608845529,-187.20896965367095,-0.0,-0.0,-490.41543968883553,-614.2502675887932,-3677.86676211089,-0.0,-1246.4103779194368,300.0549329649003,107.54657879131517,-0.0,97.4469317749708,-159.58650446549396,-97.95677145274881,-507.006934659492,-0.0,-1608.1054398569383,-0.0,-0.0,-1417.386590529307,-0.0,2246.1611573412156,2193.759795241672,2174.649520584126,-0.0,-0.0,-1851.3452446878905,-0.0,-0.0,-300.7695561434306,-883.1590882983749,-815.1370247110283,-1071.6252417667918,-1043.782783150607,-0.0,-0.0,-0.0,-15.658435396500956,-744.4301010839038,49.596895697855636,-72.73512748715753,-1141.0774435283872,-946.8601957692658,-391.2282350222843,-1416.8567709887923,-0.0,-1843.8670469156586,-1170.8874481634996,-1629.626117642314,-505.9247900528602,-521.808528539128,-0.0,-1395.8109836417566,-844.6220490464784,-902.2571685354804,-2053.8015717830863,-522.036399174971,1193.2139787235242,-4.2572306043092585,-388.6680208088274,-1231.2693813628064,-0.0,-1598.5348338146462,-3298.8563268945654,-479.5294633587902,-532.1336651706887,-0.0,-0.0,-0.0,403.15910464880335,-392.0451011434141,-493.49395747920005,-176.68101488126544,-529.6281126443251,-428.5790849286637,-0.0,-426.42525350684735,-1020.4948081729884,-758.7583845149296,-0.0,-1993.8350613808336,-4081.503267065024,-0.0,-0.0,635.3921296074114,666.134809459219,-0.0,-0.0,-726.1342341275099,-820.2302856961319,-399.1940074657567,-671.2886910388738,-0.0,-0.0,-0.0,-0.0,-0.0,-2930.337828134459,-406.4287012992492,-1726.0909957169774,-1052.1120395878934,-0.0,-303.9263727673581,-831.4071508095221,-0.0,-337.4169503241133,-809.0837985565048,-1087.166057597672,-4677.118699772663,-41.8764288809066,-0.0,-0.0,228.045144770262,862.6614907620133,-0.0,-0.0,-407.24188230718806,-0.0,-32.84386629472374,-0.0,-2592.1914427160464,-0.0,-427.2993608319054,-0.0,-0.0,1973.859095667828,2245.3869816806086,1836.331228810894,-0.0,-0.0,-447.87216779050146,653.7275119383172,-2370.90474601036,9.039806381908734,104.18780775553329,-2603.090044027693,-55.2798627381281,-150.47891194959757,-655.7630557900214,942.5948016555336,3293.797202364046,-2858.6027848722815,-0.0,-0.0,-945.7349674500956,-1581.708945414834,-1402.5618321278716,-260.4562772789657,-72.20167589775372,-0.0,-0.0,-0.0,-0.0,-2133.6693794337984,258.1833870198488,-0.0,-12.058960024392114,-0.0,-1684.8116377518277,-1839.6568932130417,136.33588385370513,-0.0,-0.0,-300.3169417120304,-0.0,-1730.665810320995,-77.95144738888524,-1086.1430873950849,-385.24778758590907,-1246.6011045017628,-673.8419166950887,-1009.367469219802,-647.4310157385091,-0.0,-0.0,-0.0,93.56105163475782,-0.0,-0.0,-288.39086733205386,-446.1090829797854,-691.5678616088134,-0.0,-1403.6939655853282,-1082.1182797377608,-833.998931871599,76.73959588397963,-400.9885926180668,139.8079683787968,-325.5397886287732,-0.0,-0.0,-8.529847607276572,-1844.566750220442,-631.4682351663437,-985.5579471628879,-146.46017579605964,-2014.545985146991,-1842.3582800024344,-1078.9661279230565,-1114.159556590897,-108.49130416093477,-595.9300359311626,-701.6130457555261,-1092.6082562671697,-2589.499617132728,-0.0,-1753.8530230685983,-151.67195792667312,-0.0,-2241.8660653078,-2943.9259086332822,-2237.0168774923245,-263.0951282176879,-0.0,-1498.9714742496153,-199.25193387359377,-1227.7231609779205,-699.9818464206685,328.47224075348134,-1830.4837195859361,244.05572131867302,2149.050060070321,-0.0,-220.46758741560268,-476.37308521383414,-882.0451653209897,-1238.9236944701474,-1724.6308275096785,-4370.263329747885,-0.0,-408.5013933233758,-1336.050336198011,-697.7247491488217,-247.4361207828212,-28.092401600676528,-328.29019488953963,-0.0,-0.0,-0.0,-0.0,-252.2244640900801,-1238.5773677357927,-893.6415150383037,-53.315994568039336,-17.19599880706074,90.79232763268193,-0.0,-0.0,-1117.0716108871766,-520.2292855046131,-0.0,-2264.0039691235297,-29.177047753731685,-1306.0915597654393,-0.0,-227.56530820606775,-187.4743819829752,-0.0,-0.0,-508.3788043802327,-0.0,-0.0,-5236.158081901336,-200.56599638582273,-2167.3965270605845,-9.00944497196774,-0.0,-135.119855681362,-1276.0880811759102,-657.6070080020581,-310.07053086466715,-1438.9585834257418,-0.0,-373.9740214584241,37.935228996554116,-575.8143702243574,-0.0,-0.0,-40.37066763352585,-67.75375269037593,12.145045621816971,-402.19787399483056,-1406.1645314374005,-1625.8882733432915,-0.0,-0.0,-0.0,-7.863252181501948,-311.84720968760655,-0.0,-1429.6144407073118,-2618.7690823905937,-0.0,-0.0,-23.705792221006565,-1547.9547990173212,122.30028415598692,-0.0,-0.0,-0.0,-0.0,-554.821053866097,-2290.010172359989,-613.6254702297715,-1238.0890559990296,-0.0,-0.0,-671.4118136342363,-500.3941447765893,-388.9954406534408,38.49126612834075,-0.0,-0.0,-0.0,-821.6028250598137,-720.1601657651748,-503.33668348891797,-358.03023533703947,-0.0,-0.0,-0.0,-0.0,-2175.281547594529,-81.20807680792103,-76.38390433590125,-0.0,-0.0,-683.8727050393762,-438.3492797613087,-0.0,-1942.2941150909037,-5147.542804179971,162.52540833448072,-1075.6854312466944,-0.0,-0.0,78.62899973430004,-647.3892852351242,-1736.8100753620422,-500.47760138750596,-2508.589317234497,-1139.904094269423,-823.4107455211267,-1492.7892265032838,-0.0,-0.0,-0.0,-38.93843383107167,-1124.5386594678066,-0.0,-0.0,-3383.9426489758007,-82.55840684849792,-1426.6575309311384,-756.9692424339343,-0.0,-0.0,-0.0,-0.0,-0.0,-0.0,-725.9141893666152,-0.0,-1631.375543661538,-0.0,225.76470462605374,-1130.6039476727321,-0.0,-0.0,-0.0,-2610.267011029725,-0.0,-0.0,-404.13316141971154,-0.0,-0.0,-985.5702879704808,-635.1919048971135,-0.0,-0.0,-204.83066990059854,-2013.1795131725619,-0.0,-1304.4034239043442,-472.48596030246557,1211.549465435537,-232.66706153920856,-0.0,-501.54864749551564,-186.7177045232757,-0.0,-19.534995748550177,-0.0,-319.111797465505,-0.0,-0.0,-0.0,-0.0,473.78504334688233,450.58104931438675,-867.6413367490543,-1809.362120845407,-0.0,81.46516435616677,71.06695855372757,-79.08403794418678,-846.5552732837921,35.751578567466886,-493.9858185904261,-382.75905598333907,-242.90546126953626,-3486.7812519737327,-0.0,-241.52572895719086,-1558.3772528332242,-2333.2188054203125,-0.0,-1041.921830966233,-1448.5526985706604,-2080.782458863654,-758.6248694491061,-0.0,-899.8339505754193,-743.1367063590035,-803.9978122242832,-1496.2716513934572,-997.5502744969453,-0.0,-130.0066098629959,-1263.3912812269123,-0.0,730.5325732856406,-529.4476790279753,1070.9093149352914,-0.0,-0.0,-16.963299623583904,-607.3898088871957,-2451.04693336872,-1024.5470533719877,-0.0,-846.2301297100854,-3059.9775810130955,-980.3569918331971,-882.34760016872,-1162.2647838550185,-486.77403283274725,-35.91480042840466,-0.0,-0.0,-0.0,-1103.223891524382,-4.341647359406052,-0.0,-0.0,-1942.622706624027,-832.3074028022854,-535.5634422537476,-1668.0858210217887,-161.58989452952213,-33.271239138168816,-2324.3160575933575,-791.5992809453244,-547.5542185765046,-1309.5408218963419,-0.0,-2583.5471367880446,-401.3760821159799,-1138.4029178463852,-1511.668974056045,-361.02196825603755,-528.7054201698962,-1489.3980914608828,-422.75246914287874,-0.0,-0.0,-0.0,-1360.0623662865491,-0.0,-3894.280483992802,-1162.9541482847053,-1408.9073966380142,-0.0,-0.0,-0.0,-0.0,-0.0,-129.63059792440237,-0.0,-264.2884363107924,-961.6283197290511,-363.16968882815274,-0.0,-0.0,7.510706228822982,-0.0,-0.0,28.384812804235008,-260.5051381063525,-0.0,-500.8317195864899,-0.0,-0.0,-80.55911367615965,-0.0,-2934.4662144218587,-2277.224704427097,22.37696963987057,-6579.432117325223,-991.0943578787459,-645.0771931008763,-0.0,-810.1310938850281,-1309.3966151448185,-0.0,-0.0,-0.0,21.34784309715353,-0.0,-1127.0585197579303,-0.0,-1588.3998490511576,-0.0,-0.0,-2310.91578328844,-1082.1006171913216,-872.6196808344426,-0.0,-0.0,-0.0,-0.0,-282.4155604572525,-680.6491306652002,1378.268569472821,882.969157031873,-826.653303907316,23.108104408203,-0.0,-340.5283033256408,-262.80946700314263,-1953.3563423690293,-417.30805790355095,-123.70573484320217,-1078.9940324219515,-1331.1923038644454,-1014.2618101222786,-609.7696229528233,-0.0,-0.0,-0.0,-4.418752200074309,-0.0,-1529.6301003969315,-598.2152345314307,-0.0,-1974.2992978353946,-1242.4756570555878,-0.0,-0.0,-0.0,-0.0,-0.0,-977.7416828345654,-0.0,-312.1237655254675,-1496.8578976466313,-0.0,-1190.952780955458,-0.0,-0.0,-0.0,-2401.8510223731146,-1115.1793666246244,-969.5329079083434,-2483.9234486354226,-0.0,-0.0,-0.0,-94.34227494870336,-483.7396683905083,-27.732009482540224,-608.5637094576265,-140.87184051539558,-0.0,-0.0,-335.0936514393863,-1419.4465058252704,-3981.683365908178,-0.0,-493.63284659952996,-1340.4593658060887,-447.9372445016236,-470.3934573303779,-0.0,-0.0,-3.728875885291304,-2123.8032603139573,-2037.9308150890568,-38.808675775872516,-1603.8279163606624,-406.9387955316516,-831.5948894053874,9.037318097581007,-1062.1395661960787,-0.0,-2121.0870472229053,-0.0,-462.71057386480385,-0.0,88.76966016980056,-0.0,-0.0,-596.3442067740641,-743.5051244019189,13.317708507620226,-0.0,579.2005355407172,-0.0,-0.0,-1469.4539170673215,-1300.4476206826437,-1124.0147344304714,-0.0,-386.0717839757825,-643.6496817200629,-1467.9993178785132,-0.0,-0.0,115.39481960945838,-665.419625970006,-0.0,-0.0,-17.506276981773144,-0.0,-4.272845312113075,-614.2999522050371,-0.0,-0.0,-1336.162639256558,-1368.715828761594,-82.47482252074069,-7.514628692245402,-126.53613819445539,-792.1870848812173,-1107.8713733846246,-1689.799668228044,-0.0,-930.5024527719509,-15.63029029030451,-42.330505801990704,-1334.3991961913976,-0.0,-0.0,-0.0,-0.0,-642.0549793504499,-4.44801464012845,-8.911038738294714,-0.0,-0.0,-499.30477276277105,-0.0,-0.0,880.4339940303408,-1148.3767724764127,-41.353777157694125,-1939.3116525810447,-0.0,-0.0,-520.8394686203516,-0.0,-305.1164125794973,-1012.692731692823,-849.4519255099334,-1020.8232933801888,-0.0,-0.0,329.67388456659944,-0.0,891.8232174900465,963.8295066044336,-205.18209382278536,-834.9172909419681,-0.0,-0.0,-38.01337302196621,212.81915766638488,-964.7946924896451,-439.89808156486106,-1282.390913782516,-2550.514351198025,-2145.22272753711,26.92232495703655,-0.0,-314.3104161989814,-5482.985968160293,-585.3950731757075,-492.93865883769604,-0.0,-0.0,-620.4037261734427,-0.0,-780.4764250075613,-1444.7344532580182,-747.979978197119,-0.0,-0.0,-64.65236458865292,-0.0,-201.95336985995368,-1391.2762587001998,38.88569514451095,-613.9322009050024,-338.68879510115624,-236.0683405819348,-765.3800227486188,-2467.7663261651155,-19.18652356197694,-1169.6165387250098,92.02816324035292,-999.7094371861306,-308.0117555887473,-0.0,-0.0,-139.32014380896962,-0.0,-0.0,-1880.7683316832874,-590.270840107872,-0.0,-780.5561081909948,-495.97441328347816,-0.0,-0.0,-1453.9657308602293,-957.8800830779635,-1471.7211777108803,-1381.5945813734404,-0.0,-146.58426452819256,-3151.6054448948603,-877.295163809804,-406.32422458268496,1860.685998934343,-1480.910542021877,-1183.481782708665,-12.037474777395499,-920.3427566013572,-16.8524419135124,-1630.3078211653628,-0.0,-3436.134290794569,-596.6743825416395,-0.0,-1484.1020948198707,-1653.566060193744,-0.0,-185.74018195665096,-878.2028330129428,-1072.3599023105107,-1386.2041619828408,-720.8312660597352,-488.98842579354425,-606.0738913637966,-0.0,-276.72063467239195,-0.0,-2405.6943257212406,31.00359435846313,-3266.673869247983,-783.5333892515051,-0.0,-0.0,-1209.2302453122816,-870.3044578408249,-0.0,-457.4164539601806,-0.0,-0.0,-780.1612693403563,-0.0,-0.0,-0.0,-0.0,-0.0,-0.0,-0.0,-738.8517400384577,-484.89593382809346,-2890.960126976043,-2510.5716920400537,-0.0,-0.0,-1205.4238674291414,-1934.6606147695368,-467.2828125269898,-201.3023068210751,41.23690896785078,-0.0,-1544.1332412127965,-0.0,-2641.1772257770267,-0.0,-0.0,-0.0,-0.0,-1589.0337770793465,-208.89122172240673,-347.20438008827466,-1176.022426480819,-1183.7928887378976,-675.7568700065701,18.094870335570665,-1151.5767243012094,-0.0,-0.0,-0.0,-0.0,-594.2523255613943,-479.0966453393952,-1337.985251348523,-0.0,-1071.6060844464805,-6302.816648400834,-601.8099354077455,-709.214882635942,-3102.036706327759,-711.9266508321125,-0.0,-450.5269221586617,-423.77323890247214,-1133.5774790234987,-592.9476207427005,-1506.3709615415485,-1410.3281681759977,-0.0,-0.0,-0.0,-0.0,-1538.9566920603613,8139.637880323993,7035.586495245551,-0.0,-0.0,-0.0,-0.0,-2022.7392628371497,-921.7149280868505,-89.86402415569576,-1380.4961030915133,-816.0554888239627,-0.0,-0.0,-0.0,-0.0,-633.1524929393976,-0.0,-1815.3621504673317,-223.75334951905387,-0.0,-0.0,-0.0,-0.0,-205.8673583124243,-430.41454488160394,-458.8440488294012,-829.6744041107693,-904.692337804148,-1192.31939316872,-893.17260716991,-343.64101700062173,-1141.5621330147799,-1482.9865357015867,-1167.2190152081785,-1736.0230170409,-195.69078059927108,-1270.326818902809,-1098.8881989679783,-901.146573620251,-1621.3112685663223,-557.0596324485708,-2160.2761048001466,-1592.376323295494,-1427.2469639093088,-606.5707043923724,-641.4929292945878,-1084.9497705208519,-0.0,-1047.7355510574268,-0.0,-2905.2360729157394,-669.3571699291945,-238.13152468455195,-1737.2522379940804,-1414.0286337604603,-1178.4744952761034,-0.0,-0.0,-0.0,-0.0,-786.9281268379616,-3679.263327710774,-1362.0576561091698,-0.0,-0.0,-1074.5309993543422,-0.0,-0.0,-1005.6429784664124,-386.8837599177615,-1050.608093072934,-807.4407729071455,-925.0531879491824,-673.7213830421434,-1907.3496386817426,-0.0,1221.7126082544828,-0.0,-0.0,-1010.0173615516105,-5584.445042343459,-0.0,1672.1420820010887,315.94511674624465,-901.499681950931,-0.0,-0.0,-1489.7125600437043,-1023.5785815468997,-2255.7559043109995,-1984.9652661884184,-380.52187856372325,-0.0,-462.15336982383684,-182.67809805422044,-0.0,-904.4719437466182,-0.0,-1622.8043310104072,-2292.365913888764,58.390318643415284,-2221.3941807715332,-1952.7571544163254,-0.0,-481.500441954365,-1543.250143211896,-2151.9146949773444,185.71823427770303,-411.1256045740759,-2473.2095395788238,-899.7883063815615,-781.5677180881255,-879.9027945356714,-429.85042939954144,-1006.7197893847721,-1472.620663688621,-0.0,-932.4371977879645,113.67951071685245,-1347.6635882270475,-0.0,-473.55651924890054,167.33886021817676,-859.9472779227912,-765.288037651851,-0.0,-542.552997333414,-349.59588825775467,-1780.76077071749,-1079.6059588521234,-1415.4368709290525,-850.7031590740885,-810.7254673773717,-994.8445057161792,-1941.7510221648904,-68.60485164131457,-0.0,-529.5320358872683,-633.4682800793208,-1414.6234449454262,-2047.5613986928463,-319.64040514942775,-758.2693313397577,57.497685387483735,-882.536955011978,-524.6173435106356,-954.1862235542106,-0.0,-941.1357939949861,7.806517970783682,-2161.142640112926,-0.0,-280.10641693399145,-514.979192396379,-765.8413501859116,-2213.0490850282163,-153.67730030054872,-1409.3622439948624,-709.0812539812003,-2513.086625401112,-0.0,341.77405434903034,-0.0,-0.0,-217.64975183484117,-0.0,-0.0,-3541.4617257633645,60.416016714727455,-44.01839273498088,127.4997986098549,-1061.5461502436046,-0.0,-0.0,-0.0,-0.0,-0.0,-27.38058549922002,-0.0,-771.76697330057,-0.0,-356.90682480708045,-1738.1474690639448,530.8551166996666,-3188.8669432588804,-0.0,-0.0,-0.0,-0.0,-0.0,-0.0,-0.0,-0.0,-0.0,-2338.8095665702886,-0.0,-2559.0897039107117,-3162.970546923882,-0.0,-0.0,-0.0,-0.0,-0.0,-733.7241781782723,-956.1963906488484,-0.0,173.95831518247024,-628.5825624472466,-2188.182277176005,-584.6453723150357,-0.0,-591.3404178277535,-811.2031921060251,-0.0,-0.0,-576.3807220568733,-880.0015864659748,649.1838226127823,-451.7506544258727,4.273424638105511,4.2912162555624676,-0.0,-0.0,-0.0,1412.9021415829145,1668.9154550887968,1391.4292606065665,-0.0,-0.0,-0.0,-660.9148046845788,-0.0,-0.0,-963.8046067161349,-87.35754720526428,-458.8552229431319,-57.69764861849134,-960.3474205224272,-885.1230336975934,-1240.5155663581334,-571.134812666884,-146.54429304388776,-1065.6351127204,-0.0,-1974.8469496312678,-76.28985870368902,-574.9532741398599,-856.6853971944498,-75.03922394633929,-0.0,-1113.6391041889754,72.18155775906385,-0.0,-0.0,-0.0,-0.0,-0.0,-1412.5851913961435,-2819.717076027376,-0.0,-774.3537206022058,-8.039160231416929,-0.0,-0.0,-0.0,-527.838994663793,7.559148920920511,-0.0,-1108.83871622515,-765.3898672240184,-0.0,-0.0,-529.9480489936434,-0.0,-0.0,-1644.7034048494731,-1370.8756524310556,-0.0,-777.9981333478318,-2140.1391054056417,-97.00164907445712,-0.0,-0.0,-184.61357125384745,-769.7112683356715,-286.9864583942004,-304.8622967992023,-213.81899585826292,-0.0,-0.0,-0.0,-1136.3754981490788,-864.3248775121109,-2028.7644149704163,-121.07919165125745,-1232.7864065537801,-41.629924991184104,-375.41495117041575,-495.2449528371508,-1976.617481494738,-0.0,-0.0,-819.5183307910005,-1777.701373737606,-0.0,-0.0,-0.0,-553.9849796252139,-2316.038903591218,-3341.794308002997,-0.0,-249.57300865045488,-91.57101350839602,-645.8461421869329,-560.5286029229159,-1601.593999913578,-0.0,-1393.8971033879827,37.213478690963456,-7.609503438843603,450.93337929484585,-0.0,86.2238022183795,-315.77429992985617,-403.91377097752434,-53.23012323481243,-0.0,-0.0,-404.1159029058246,13.243806231225289,-0.0,-1531.4426625117933,-948.8831038425709,-933.7911981967171,-729.8662690240466,-1116.9223114680815,-1492.5076913656578,-0.0,-0.0,-0.0,-0.0,-0.0,-362.52964707466543,-519.7226702061655,-1143.7522073169418,-1381.6143748436798,784.6413627329457,-1444.1501820584867,1413.807702053084,-0.0,-2210.4508693093235,-1474.5432295655182,-681.8934636297033,-19.24357043532841,-186.4855395218323,-2017.0138716571153,-377.553142558806,-0.0,133.4511520658214,-761.1811794525955,-0.0,-0.0,-522.270837486451,-360.1973349852721,-386.55637364971267,-1162.269245686532,-1387.228049925996,-0.0,-1601.6582438845662,-1291.4802932740436,-4922.662247556023,730.3260278327434,642.5478509602036,730.4202258802849,646.9425601195318,-0.0,-0.0,-0.0,-0.0,-0.0,-0.0,-0.0,-0.0,-488.9168039804363,-0.0,-45.88831591176441,-0.0,81.68126184990247,-1064.422322256164,-1250.0961570106024,-1874.1035657429316,-0.0,-0.0,-0.0,71.11198699014194,-3095.8657539929663,-737.0801599457885,-2758.2856406590863,-1602.2866349515475,-0.0,-0.0,-316.93074806662895,-1306.5737910296882,-0.0,-2041.7989792390888,-553.6976333359403,-0.0,-0.0,-0.0,-2583.832265522113,-0.0,-0.0,-0.0,-0.0,296.73008791794285,-0.0,-0.0,-0.0,-1015.2646765688266,-0.0,-0.0,-0.0,-0.0,-0.0,-0.0,-0.0,-314.0107382435509,-1046.8905183090285,-1459.6240802691204,-1373.2026449478524,-600.9199435824422,-978.9077601540654,-55.71210404999772,-0.0,-729.1715603703925,-47.52528328667901,-0.0,-0.0,-0.0,-0.0,-681.6986485420002,-0.0,-581.0149968913099,-1254.9211841855088,742.9922736640661,739.3155746249165,806.8251062845126,765.3234930786151,740.4130496415095,-0.0,-0.0,-0.0,-0.0,-0.0,-0.0,-375.25896737299865,-0.0,1931.8789980052964,984.0428552195475,1082.6648510159212,-0.0,-0.0,-1288.826955300231,78.87565841603573,-49.91716253153955,-2389.26703692807,-0.0,-1845.0085708791587,-0.0,-12.812691651454665,-0.0,-0.0,-632.4641425870816,-0.0,-712.2343298775651,-523.1043056239158,-361.09018871828584,-0.0,-27.685494822805786,-0.0,-868.1694893510294,-0.0,-2123.9301309791963,-487.6261422352895,1786.5020031356837,-1896.0513557757224,-855.5255686306976,-82.75210699575054,-809.7067552548531,-0.0,-497.6670614558241,-41.784176482448736,-2641.87381058514,334.04031163638246,-224.32693418748298,566.5425222340812,1142.0555805850347,-0.0,-306.27864658230004,30.86078014601388,-1016.377143137422,-1155.3900285396428,-1429.3311848560859,-1939.1584764126278,-0.0,825.3432920145156,-0.0,-379.5503780072375,-2524.1079423424594,-1222.2437984456528,-0.0,-1228.428818385425,-304.93581795869306,-648.3260327385323,-668.8038738582992,-262.55764221778827,-1570.7800330280284,-0.0,-1770.9402398072677,-399.14338569798906,-1544.9900335539419,-345.737103358244,-0.0,-0.0,-0.0,-0.0,-1371.707955386045,1021.0860562154346,-958.4549075076409,-691.4735668181634,-0.0,-49.99609073104403,-0.0,-0.0,-880.3301940539756,-744.9377017187595,-657.1721891315525,-698.6395134886048,-0.0,-0.0,-0.0,-0.0,195.34441318598863,-0.0,-596.3158731226787,-1912.001164615974,-1009.3133032935789,12.857687066679945,-1421.221640924896,-0.0,-0.0,-0.0,-622.8621901348176,-807.4923252587519,-0.0,-1535.0452040383789,-0.0,-2917.8680136260864,-3618.858989784326,-0.0,-90.4178661982395,-0.0,-690.6721235583955,-0.0,-0.0,-0.0,-2299.1454540693157,-1099.3155148576916,-513.5780008183493,-823.9434112135258,-0.0,-0.0,-2165.1000174089536,-0.0,-536.4746700990272,1055.726097875291,-1003.2572919712412,-671.2827811317273,-488.1600713085727,156.87549545971208,-0.0,-0.0,-1349.1254706123038,-0.0,-556.6253688621665,-90.1024461587855,-404.94070236995327,-307.7542271384887,-0.0,-0.0,-196.0841231273276,-672.7332907080494,-992.7435293875546,-536.9087996722468,-1191.115063455343,-81.39112912417173,-0.0,-128.94959578177938,-1931.3339193076217,-1116.122655516922,-0.0,-0.0,-0.0,-559.2909595531555,-600.7674176197567,-1448.7961551275532,-0.0,-0.0,-0.0,-0.0,-0.0,-1474.8881057913186,-652.5193249265903,-0.0,-564.4972331138407,-0.0,-16757.600934015532,-747.7686716369958,-262.8187296168648,-440.1935847211857,-0.0,102.92514841146938,-1738.190114063867,-2568.792039816403,-0.0,-0.0,-0.0,-726.3023618507576,-538.8700303548487,-965.8062168757457,-1006.3032667666785,-518.5523391432077,-0.0,-0.0,-1643.7309921604892,-601.0967251098413,-2427.4157111964832,531.297593227623,-2010.0684769040822,-0.0,-0.0,1631.2359204993904,-1009.3843919881941,-0.0,-187.26116337988813,-335.12965197956754,-611.3790770235861,12.98951643631953,-827.6248660622153,-0.0,-0.0,-1246.6834733819142,-1340.8926591122656,-2514.5254729809512,-0.0,-0.0,-2227.2221480579915,-720.0005187631139,-753.4721927826491,-2312.6866156109686,-1493.2715244583396,-0.0,-0.0,-1067.6112371477293,-0.0,-262.69092095348213,-1569.5289540344845,-1496.0432836444772,-0.0,213.94796481745044,-754.8359358644586,483.1718844100094,-183.00834114640324,-351.7296925391219,-0.0,-633.2564492023234,110.2237516848105,-192.55847031182972,-363.8129793895145,-2592.932654743299,-2119.3997279702694,-87.73716422813789,-4837.943753444498,-518.9008103679174,-1049.6318080940964,-47.952639476000286,-3755.0706861733806,-320.53623359586106,-764.1136478279649,-291.28713130886626,-1761.1838274052163,-1258.6511063137582,-3147.2220568535313,-4309.092351835304,-40.90065779152001,-616.9108004240542,-1548.362477618462,-1038.623329138143,-0.0,-3904.8262218757977,-0.0,-486.58556928802915,-1456.8352474691503,-1248.5267228758355,-0.0,-0.0,-892.0231098714022,-271.1911375657403,-0.0,-1416.1137030537539,-0.0,-746.0789138476995,546.4770659514465,-1436.2504531988475,-459.68372286843703,-7.6868470112296885,-58.506761669233846,-0.0,-1826.520229753907,-545.0139239374314,-0.0,124.0128173518363,-0.0,103.91835914485928,-130.8740970252127,-0.0,-441.76775115346743,-1248.698389324711,-433.89923206878854,-794.6819013222422,-2183.6026026188047,-0.0,-3707.9995450012393,-1872.9880432864531,-2460.9254338415244,-2258.0442506219897,-70.40753889751808,-160.86290912944827,-591.5366870977853,-1197.470829852574,-0.0,-0.0,-1011.2071183554001,-155.6587271803374,-0.0,-66.68493137479271,119.86810814570154,-2247.2581746094634,-0.0,-0.0,-1133.7684980601023,-0.0,-162.99452002723774,-0.0,-57.57531885162714,-195.69476140055187,-0.0,-328.05223819961753,5367.039075004256,-0.0,-0.0,-1488.3532541840698,-653.8876230346492,-246.42800292404445,-0.0,-0.0,-0.0,-541.856357275753,-1946.2289367652234,-0.0,-0.0,-0.0,-1850.356929413378,-184.38313685500785,-0.0,-0.0,-1642.766582406131,-685.4974044636754,-344.11957560654645,-358.57908824028766,35.83793786948224,-569.9747236465607,-356.6838895283938,-264.1733443709333,-2031.7471491178392,-0.0,-0.0,-954.7800538554602,-824.8545510644838,-2478.103345586928,-0.0,-0.0,-2199.5645048781166,-519.7767615267959,-1386.3038093133737,-484.13689419281286,-667.5433420689474,-2167.668886118085,-681.7271938960133,-80.7818639706774,-838.7717371033225,-2215.8259510658504,-1740.39680769875,-1163.3973238096032,-0.0,-495.536075226384,-0.0,-1621.3635552091262,-379.75480625473455,-198.6194786731764,-569.5009157257111,-856.4236693355489,37.56118971557565,-0.0,-1019.0620850890955,-594.9678166966034,-82.09958872483998,1419.4707238062908,-64.33111184030825,-0.0,-577.0332023703345,-390.4573004090644,-0.0,-660.3427913169248,-1441.2680419188355,-0.0,-0.0,-0.0,-0.0,-335.9619574176836,-693.1128193205045,-347.4217851663983,-378.6005718735679,-329.41380008286086,-1780.3213360348336,-706.9346808418568,-1189.5468366366192,-2264.710552847513,-1634.4817399673188,-0.0,997.913472310272,837.387615467587,539.3525384961473,774.4586409140088,628.1523404371059,-0.0,-0.0,-0.0,-0.0,-0.0,-0.0,-0.0,-0.0,-68.8149688863465,-768.6172462402291,-489.65272423203703,-320.698592401491,-987.9102568635828,-115.69647384926554,-334.72257923254773,-1074.622929779807,-275.6365323631726,-1669.7546649894953,-771.3426838320901,-105.97143159548148,-437.4762670878031,-8.404398027902527,-0.0,-823.8072263745722,-160.2851696765191,-122.29071902852768,-809.6784471509151,-426.50313448515385,-1570.9133018323573,-254.1888005439366,-0.0,-0.0,-2139.0996228633667,-413.9567254405793,-267.84543744098437,-485.458251421389,-844.5608064270926,-445.49110506526955,-346.04187856668796,-0.0,-460.8170663502367,-519.0867441866416,-603.1569492752916,395.4073046348928,-1304.6204051869659,-1799.808433950707,-479.04263537799517,-623.6107923417134,-275.100710189308,-12.72425820774279,-0.0,506.7773510846399,-897.5041919998681,-47.71848783217371,-1670.0315667112739,-0.0,-0.0,-1234.651576431602,-459.218488768454,-0.0,-689.834966609735,-676.4496479080572,-812.8720916896754,-0.0,-778.650706001138,-552.8277286867171,-2032.111673381122,-4059.769558126759,-389.0235618950659,-0.0,-43.8437537236624,-389.6554938843428,-1594.6135627769297,-195.1859306477507,-586.857108620068,-618.5658455065101,-710.1198289178509,-181.62219712860872,-0.0,-0.0,-1245.5205436337526,-33.42059145612297,-408.38586317886376,-648.647631640536,-1383.1294219015601,-2259.0901844755585,-0.0,-441.3475275597901,-0.0,-0.0,-0.0,-0.0,-0.0,-50.188786082388624,-154.24917839675996,-381.9423846918311,-0.0,-0.0,-0.0,-0.0,-0.0,-0.0,-928.5187837984763,-2011.4656964260323,-419.0378347566097,-462.03759053996623,-42.60950320635319,-0.0,-0.0,-448.01614050650187,-0.0,-0.0,-65.43124466195701,-2301.217460227191,-0.0,-0.0,-1281.5969605048176,-581.124018600048,-888.2284816298419,-913.8238419820437,-764.5024918086762,-0.0,-0.0,-1163.027539046736,-1945.277466793213,-1021.4019490809395,-0.0,-1007.72962500667,-142.3633834403232,-297.7081102033443,-665.8799746051392,-7.586198356539405,-606.8694581026001,-1770.6861384946878,-0.0,-1495.0917930044952,-166.5623447107517,-571.5322347978943,-1292.9436053865124,-129.58418338296156,-1054.5359534456118,-0.0,-1115.5836299696143,-30.397892359554486,-1967.090996731558,-1932.9710904497954,-0.0,-0.0,-0.0,-0.0,-687.7579339319719,-855.2992653729598,-0.0,17.622308227103698,-404.25028045178664,-918.8023325410453,-2036.6840298082022,-2350.8832154271554,-341.7742095655153,-0.0,-916.4070836646922,-682.5931948577198,-1826.9224509440062,156.87713554754413,-0.0,-2935.8218491437074,-796.2311271527727,-0.0,-180.90435028348963,-1501.543343460531,-0.0,-0.0,-629.566560144194,-1386.2213453220008,-0.0,-1010.3065873908057,-1379.7437513957414,-0.0,-74.56461494114336,-511.93278354588745,-0.0,-1482.023207455704,-2370.348040824144,-976.6797810759222,-148.77791596713615,-1845.3834457200767,-74.62216058037322,-976.1919864674012,-582.5376813030063,184.20537393945511,-1122.7759928952892,-1235.7459906374586,-724.3248036895245,-1237.202049361736,-419.6205773860856,-523.0774290712759,-625.1629369089217,-1972.384218698156,-0.0,-0.0,-1681.196452083559,-297.3891892122606,-0.0,-1504.3505523943547,-1105.9949302765008,-0.0,-2571.019322528796,-464.25741435413886,-0.0,-692.5370340044932,-0.0,-0.0,-1181.1494405641736,-989.9423879034606,-0.0,-0.0,-0.0,-806.6047420613547,3.890942909618649,16.76270597089554,-298.6832603744043,-0.0,-1812.3885749130573,-1454.446710191483,-525.6916411627099,-2035.2923074717125,-0.0,-75.73005556703933,-753.7162162499772,-0.0,-367.38271494254786,116.38409442022471,-1200.4092940131347,-945.1924983954906,-710.5767341931019,-1108.1516385844761,-0.0,-0.0,-0.0,-859.1521800326148,-0.0,-250.22244953028942,-879.5801656502736,-240.03086496207328,-1277.1808748547492,-2141.753453520375,-546.014946252135,-1970.1129110388079,-0.0,-788.6171507680343,-1665.182026749919,-516.7150220358077,-1146.4007492096518,-265.69266509317123,-576.4984781193417,-1431.7426869239687,-0.0,-0.0,221.74431729762406,-2404.940580838896,-885.3686957605602,-254.9679791628562,-0.0,-361.44009044892465,-267.82304006660064,-567.750475296741,-0.0,-0.0,-689.8692142256119,-0.0,-56.51505830467209,133.04543763867562,-84.5501045478693,-2190.555672931501,255.09092509247756,828.8049185850209,202.4777498529039,534.4167330255522,39.38184780325125,-0.0,-244.45490161340638,-780.9176705725266,-290.4735511757366,-56.74553956625573,-0.0,-0.0,-0.0,12.17751586410846,-20.18396113296318,-906.913877959994,479.51790603162124,2180.2160809486477,-0.0,-0.0,-0.0,102.74655535614642,178.7520557150176,-0.0,-2883.29204726152,-0.0,-0.0,-0.0,-0.0,-0.0,-2438.6838636956163,-241.82902219223737,-0.0,-117.92063672369366,-1635.1973848958296,-127.75534401420619,-1018.2328519352125,48.44764219511225,-1906.2435434190913,-3529.3787990740752,-1792.2942150054816,-0.0,-0.0,-1376.9038677410517,-984.1450626101407,-739.1773874919076,-408.15187317060423,-315.32511894246096,-948.1672624565313,-899.2662018633284,-5325.177779374431,-623.9063402308167,136.95865561444998,-612.7108872305585,-843.304180197708,-643.8764830224465,-599.188970982017,-7.682641734673625,-1823.6741199212372,-820.7045651193564,-556.4898009421299,-0.0,-0.0,-0.0,-0.0,-224.25399615368931,-1184.6537096363447,-0.0,-1251.7019649393621,-1513.5026767158129,-0.0,-0.0,-1337.1381084608336,-0.0,-0.0,-190.1403404148371,168.8745419522496,-0.0,-0.0,-2398.9123912798336,-1131.365268153761,-112.56477943940308,-1185.682878866645,-1236.783986348662,-0.0,-290.62277585856924,-471.8452722427009,-0.0,-1442.9883401748787,-267.49092533742913,-999.172917528148,185.90615830927624,-826.9673092491447,-191.85639387775518,-334.0992924147817,-47.155280349744274,-44.08865132740741,-530.9387145997631,-752.2279658041975,-463.34901977521605,-759.3291280360187,-0.0,-99.5615204489389,-634.3730070266485,-269.0089895700269,13.476672350480335,-0.0,-958.7046525047216,34.56681532704149,-1091.9311497245023,-0.0,-0.0,-0.0,-1823.156983949734,-0.0,-0.0,-133.04038841862803,-0.0,-0.0,-0.0,-0.0,-0.0,-0.0,-906.566600518603,-1392.2671831352914,-0.0,-0.0,-0.0,-0.0,-811.7014202817854,-422.925084904215,-0.0,-0.0,-1584.3235842373954,-0.0,-1304.632089648265,-2146.017467364447,-0.0,-0.0,-0.0,-667.2620686497704,-0.0,-0.0,-0.0,-896.942668025014,-784.0174465055558,-559.0064914368655,-0.0,-0.0,-176.5437769101918,-0.0,-3666.7955419355635,-4744.136360106952,-0.0,142.85034008542786,-0.0,-590.2642988062853,-725.9460762414332,-1816.9157581534232,-0.0,-0.0,-71.17752656976064,-584.7277886650302,-1245.7587935128902,-674.6965522920098,-392.3852598561428,-0.0,-0.0,-1221.6993520826886,-810.2217476419684,34.96599441018149,-0.0,-0.0,-638.4951670357938,-324.1199869407783,-46.771365090999176,-0.0,-0.0,-0.0,-1863.0021116289565,-441.8538987191291,-1182.63817722,-4427.766413553739,-0.0,-806.9608665049519,-971.5956926874246,-2186.903713336225,-407.37695643876117,-0.0,-0.0,256.61673371742785,-1133.7721922906837,-1631.0708047741884,-415.2461951192956,-120.14960697335391,-0.0,-1860.0326242161332,-374.5565071129623,-1284.7434476529702,-756.494520557331,-2561.908790792791,111.10576870181812,-907.8189823477098,-794.3772623318087,-1824.1319936363993,-0.0,-0.0,-864.1003044395814,-1761.1776378032907,-1671.4993912201687,-884.2109864502537,-0.0,483.6192324785511,-106.36765500015822,-426.3881691927984,-0.0,-15.445507251807928,-0.0,-2544.5152010207057,-34.38132804635356,-0.0,-0.0,-838.6951888445448,-1153.4523486423507,-770.3898303722098,-240.15336048849582,-696.3517266216875,-0.0,198.87262358465605,-762.0422398600059,-61.18358679599714,-1482.70539944219,-0.0,-1329.1853109611372,-159.96271191656334,-591.1553499497358,-406.1838646160158,-598.0188385183715,-44.860287171963996,-4.495636312106854,-1152.4249044862802,-1162.8579345080263,-1478.8978830505716,-201.32563428444305,-1274.0570920825933,-4.061645096374575,-0.0,-669.0332381397429,-2918.2250627860517,-0.0,-0.0,-27.133607635253433,-2015.2652078041622,-208.73199293114612,-601.944710399435,-339.47248167613935,214.13893644992413,-0.0,-0.0,-1390.6888887620112,-0.0,-0.0,-2036.719070980834,-1351.2980352594986,-866.4051269040391,-932.6381820080179,-460.77237889829934,-810.2340931646266,-901.0914589337344,-1215.2121591693108,-2195.152737093828,-0.0,-0.0,-0.0,-0.0,-41.09919841480401,-0.0,-1850.1832591615173,-620.4641156711144,-718.338113178464,-812.9980590193496,-452.6302507556792,-0.0,-1404.4582958368842,-571.4748245729562,-0.0,-2498.8494694369424,-1583.505597637383,-0.0,-0.0,-2774.661030770952,-1634.981723350487,-434.75242981847094,-779.6408332347925,-0.0,-446.69882172123056,-11.587435879051517,-0.0,-702.1671579987737,-493.09848673124424,-585.9794223447709,-0.0,-0.0,-0.0,-0.0,-434.9925968023385,-1064.267475115273,-5888.3587684960075,-0.0,-0.0,-578.7561143058743,-604.4102145575878,-1723.9847686497537,-589.3416217979789,-68.78030765587037,-407.4536456888505,-0.0,-691.519999649851,-558.7980172360022,-0.0,-686.0765065848684,-1243.8925120665756,-0.0,-0.0,-0.0,-0.0,-0.0,-125.96102588043036,-1955.6210759193273,-0.0,-1100.6947644040847,-904.5356578867919,-0.0,-1935.520418070578,-749.3117493573086,-1091.0267977708788,-1403.5845956749006,-20.20179458254924,-116.40339175128405,-1273.12199164919,-825.0184774037839,-378.64434359130706,-0.0,-1370.0954553350657,-1271.6309541182986,216.51974753384724,-0.0,-613.9659367702152,-921.774214309561,-893.0619121645256,-47.69456354915565,-0.0,-550.1682526160045,-0.0,-0.0,-2737.3586544543796,-2361.7671457718634,-1891.4641172978586,-1626.114849205006,-0.0,-1048.9227551368854,-1979.1450789628104,-0.0,-5813.18940171407,-0.0,-0.0,-0.0,-0.0,-943.5025271277827,-2262.1887619228714,-2526.133929054167,-19.042227119009233,-1990.0218394012722,-0.0,-921.9841421804447,-22.68795789628479,-0.0,-0.0,-589.9279193162615,355.5247421449219,-0.0,-446.23875137171365,-38.03348593950095,-0.0,-1363.6423357076505,-0.0,-2208.4577525264926,53.408046793303,-0.0,-0.0,-971.6595858131203,-1502.4460732146565,-922.86012815135,-1278.7028009793858,-1148.813144580936,1305.884558429645,-50.024815676067675,-933.3167976098409,-79.79107612308331,-2098.357709670766,-883.8026596093426,-824.3683172309737,-488.3514533697265,-1508.9107059523703,-1850.2154718763538,-428.07543475576836,-1962.2865651420057,-343.820788009336,-0.0,-0.0,-7.506024480017448,-0.0,-0.0,-0.0,-0.0,-0.0,-0.0,-1551.3478173850579,-660.9144220180481,-1338.9882523357599,-629.6050789241509,-0.0,-595.8696380581019,-1176.2096771225622,-1045.0393068420858,-2006.2403280786666,-1254.1107973438993,-65.17602622139493,-31.501663747095147,-1155.1983138444016,-1129.3059701121458,-0.0,-95.07458853759522,-0.0,-77.62960864341352,-798.2720482743463,-195.18205714071578,-525.2920502625636,-937.8940230334903,-0.0,-0.0,-0.0,-3256.5358060695457,-0.0,-93.73251518088904,-0.0,-228.84764447934276,-963.5882205438367,-1139.4553753790108,-733.2204773010125,-0.0,-39.45586291680388,-537.5507219552834,-460.3473827183156,-393.40325289378586,127.93806090894591,-1106.7066785956295,-0.0,-0.0,-2997.6899044066804,-0.0,-1087.7068090895696,-651.3855238799796,-391.4415501670473,-256.79032888343727,-1243.753240859707,-2708.814931454118,579.1541132206733,-2184.484798508226,-1629.6540063416212,-522.3146586848409,-4.312797297609244,-0.0,1318.76903429574,1230.2590863244789,1225.0376185759646,-0.0,-0.0,-0.0,-952.1731322590597,-0.0,-289.74056098358903,-176.75387811433583,-0.0,-3524.4799476308226,-0.0,-1457.2008219862685,-135.58224868629847,-983.4367342103233,-668.9082922896314,-1598.3754317045202,-1670.6255159008333,-0.0,390.52390304854526,-2357.7510733771924,-1875.75946408031,-508.64839256918333,-1602.7885696946857,-1754.267886386325,-0.0,-0.0,-399.02735105237423,-731.6694969587446,-2313.744170552779,-825.6595946616746,-140.16649460172616,-0.0,-0.0,-624.9369650854427,-0.0,-0.0,-0.0,-153.77638403421346,-1222.2482378497295,1619.1863148891441,-1270.654111190121,572.3175454440066,-812.9730049404817,-959.3553010531334,-8.230024975336338,-4365.837639850371,-1090.564126591858,-0.0,-75.33927088491266,-2313.8278110285232,-1877.649799285894,-0.0,4.300554839078702,-0.0,-639.8058036822397,-0.0,-2104.671932069835,-1813.6780008226392,-0.0,-299.8807374273833,-0.0,-0.0,-0.0,-772.6311669256836,-1060.5799795520686,-399.14997940531,-980.4307701018698,-1762.3799078838454,-884.4116808340659,-475.7079988792462,-526.4903518215261,-0.0,-1597.8991766951003,-239.74121333492374,-739.3190747780006,-1079.566806572737,-1541.2459155374474,-1466.7339710700667,-412.3237829367886,-1791.8727949484853,-0.0,-0.0,-0.0,-2367.366879228392,-0.0,-574.8054027355486,-823.7202280977128,-0.0,-773.0914978316487,-625.167671063129,-837.6526663535954,-693.9838412086473,-195.26284031756606,-1876.568732334929,-4775.0203304470115,-238.79340496954768,12.744047226474114,-0.0,-117.03930864919592,-7320.512304389616,-1791.0268046238216,-649.8104702084512,-2336.6240587720895,-262.02792626706037,-0.0,-8.264102084914702,-664.7732410314101,-92.84308546453558,-954.1068622299656,-1020.3080698933404,-165.97630414524008,22.367209054784794,-880.3657625065616,-2324.7770028341965,-2037.0965209458232,-1864.4713491508844,-0.0,-1514.087119671714,-0.0,-115.22623810331501,-1098.2106535241471,533.3382780079431,-0.0,-0.0,-328.26308714436567,-827.3700084511714,-799.8171354598167,-1283.472110920171,317.6593652602823,-1538.2641788055728,-74.03649593870823,-336.5179914570147,-1546.6145807417024,-1798.2958104728589,-379.64684627947275,-0.0,-0.0,-0.0,-0.0,-0.0,-1800.8749224361043,-0.0,-693.2151433356728,-894.2214954757898,-2618.230466151851,-0.0,-0.0,-80.3436793562777,1132.2566661969015,-588.3993126719428,-1296.4600836497648,-0.0,-1408.4311591624007,-4503.737387007585,-733.002639428724,-5586.932866700857,-1116.497466154818,-0.0,-778.1686122874282,-2646.7644189517423,-149.9842353434821,-0.0,1162.6115425992418,1334.0265878836046,1275.478766329848,-0.0,-0.0,-0.0,-0.0,-86.93941800323407,-2411.9086166538286,-4.469463918250756,-0.0,-1875.6904294585468,-1163.9985329974406,-365.08463640525804,-4.47040665372464,-0.0,-123.20890919170259,-690.3129114315884,-0.0,-0.0,-37.909556342231774,198.26765758116207,-2041.439945152885,-0.0,-989.3980269306954,-75.22217227273907,-87.87281569149722,-0.0,274.4949800781421,-96.2593859696476,-488.32080386648454,-1995.7320404866302,-0.0,-84.32101047972067,-1291.174239088838,-1106.0875422060462,-0.0,392.0299926055968,-0.0,-989.0152557021828,-1070.9948327101783,-7.5813410910069825,-0.0,-0.0,26.202558936438763,-260.29672218871974,-178.9306551830629,-80.12592085652334,64.86249627616245,64.88636575626357,-738.088827022201,-751.6183791846333,-1122.9422032452728,-0.0,-1936.6377855712524,-895.5806649710158,-0.0,-0.0,-1054.026579884528,-2154.896815655838,-565.2857246347735,-0.0,-2791.7186131696694,-116.88917559292143,-72.75729780309734,-1211.8815246753845,-0.0,-354.2604249202342,-1296.6146301739236,-3.7969656264108695,-0.0,-4841.45270284842,-175.83463868968903,-1429.7012432572792,-1053.1581449694238,-1112.5924347698947,-2113.2219285408355,-94.53696942228459,-819.8304253701987,-2020.9356696246844,-1227.421819089669,-1084.8701422775243,-247.91955125310093,-1826.4691395989066,-0.0,-3020.7437916113145,-0.0,-5386.843506067649,-267.8715842636423,-269.2115555180581,-1370.5901969563797,-0.0,-0.0,-0.0,874.1997506277082,26.465921153399506,-952.3366525642278,-1419.3070723594142,-380.0844171745565,-1019.6999029434338,-0.0,-0.0,-1392.984274398688,-322.2684631512332,-441.80267486471905,-199.0472454689305,-0.0,-1522.2997167299145,-383.75873380716183,-1705.018151279753,-0.0,-35.915734626715846,-0.0,-1814.4178553578781,-818.3705870067013,-1830.7623761825382,-0.0,-0.0,-1600.0208770595643,-525.5287520425908,-694.1793042650767,-1456.0701336457053,-327.1456552136561,-1217.408478441166,-0.0,5.389022211833335,-1037.7391626018136,-3839.1468154542736,314.32507014986277,-1354.9451417668088,-6430.857058231202,-632.7625168982327,-668.3470709753026,-210.7052994985789,-118.31115988537418,-928.2878725875909,349.4178991082429,-100.8781669516487,376.1367096597969,-1177.5465935014113,-505.49345959635417,-0.0,-1304.1069259469439,-1754.323033866348,-571.4074262488614,-430.18843738009394,-0.0,-0.0,-34.59928430042233,-1080.8332150600502,77.63420823254482,-2064.903470014562,-0.0,-0.0,-425.1018173393519,-631.8316572041304,-1083.6462562111244,34.100662927290365,-2742.841915173322,-1423.6517877893132,-1344.8591961951058,-152.1809724082988,-0.0,-408.6492455751814,-0.0,-621.2858717298076,-13.310285135064875,-1544.178375301298,-480.27584963992086,-1513.0511880380666,-364.39659403810526,-289.9580639571368,-0.0,-1226.6303564422378,-671.8880344631739,-1220.3231252454332,-0.0,-3204.444975157235,-1233.5572092827936,-1458.040336174862,-954.728709078322,-978.6540989883307,-60.858206303892764,-2228.0167617006778,-774.1837681563185,-1259.6659466104231,-1809.5721507669857,-195.4390951292013,321.6855018727275,-988.409696210741,-0.0,-0.0,-17.051727271169256,-54.84067595671231,-15.354889231097099,-271.9545146753531,-0.0,-0.0,-0.0,-0.0,-0.0,-0.0,-0.0,-0.0,-0.0,-0.0,-1367.6836479088624,-2326.0472315858365,-1883.2278659207948,-0.0,-0.0,1280.2308993708627,-409.8788769296158,-0.0,-431.0424243222252,-382.6253149634643,-922.4667405118606,-831.4716330316508,-1063.0625214902502,-3.8586423372500955,-701.7686687554285,-420.1176586195682,214.31632429173098,-0.0,967.0255064327217,-0.0,245.15450179894154,-0.0,-329.8405146700113,-0.0,-452.85364979504396,-1054.6556320900354,-1798.439702089234,196.07369704700773,-0.0,-0.0,-0.0,-0.0,-0.0,-458.63567117830877,8.69161359005566,21.393465021266117,-0.0,-0.0,-535.4986742668968,-0.0,-56.55092382623156,-677.260050588559,-3980.7588677291483,-0.0,-1277.7051111751416,-0.0,-617.50781248254,-0.0,-0.0,38.67541842052225,-0.0,-264.21009866188865,-0.0,-0.0,-0.0,-940.8356995333875,-1601.4427844034108,-0.0,143.86924834234784,-2141.3098341063674,-0.0,-91.11872686766532,-334.4690683676479,-0.0,-0.0,-1741.6671993138657,-0.0,-780.903974190811,-1302.0174319932837,-157.66840842218141,-2669.6525718258117,-1716.962007721673,270.85020082616035,-698.9316255814655,-0.0,-1188.1820460229444,-0.0,-0.0,-0.0,-3735.564991382244,-865.4158926627334,-1387.924779609621,-0.0,-389.84991388778366,-17.82586979729644,-1103.271663559775,-2106.0314078061742,126.33492873648107,-2513.374492107142,-0.0,-1682.380833195989,-2409.4317152956196,-0.0,-0.0,-0.0,-0.0,-2122.099974579484,-383.7948823022352,-1272.8271263711351,-0.0,589.3977587656066,1328.0224148535451,-0.0,-0.0,-844.7872034356737,-844.1966204643684,-331.3751633257833,60.51653024961554,75.43357205600496,-0.0,-1406.4621173085154,-0.0,-267.7762551775489,-1141.915698634069,1616.1163135959607,-0.0,-0.0,-0.0,822.5975818006698,74.5926858772954,-858.9775524581083,-0.0,-1297.959044513149,-0.0,-950.0840979194165,-666.2583710729828,-0.0,-0.0,-0.0,-0.0,-0.0,-71.31456367222334,-0.0,-0.0,-0.0,-1126.2014945080618,-284.2596828276369,-0.0,-0.0,-0.0,-112.23823219993547,-81.71945232109005,-563.9484825409936,-641.0530497865359,-2806.260149405805,-805.6416603745024,-448.8271694017382,-0.0,-2456.6138902700663,-44.74457964165538,-0.0,-1026.464407404009,-2413.6642210928135,-671.2076493518163,-509.05271075816216,-1089.7755196714174,-221.13504892956007,-649.7134200395571,-710.3999221224491,-816.4629733360042,-195.67009762040675,-1791.7460506183936,-772.232914736662,-365.7459967322478,-0.0,-0.0,-806.694852403653,-3777.176393291529,-0.0,-976.9060464352217,-413.6583204592554,-0.0,-354.0819787580823,-615.495324481386,-754.4189289634174,-4.188763367368027,-0.0,-0.0,-0.0,-0.0,457.1927564528843,-0.0,-598.4562909771007,-0.0,-0.0,-641.9411430858718,-1163.3502309711898,-2583.901639525501,-524.7765484246943,-585.4041730049638,-109.30759572125854,-2086.5147742910576,-0.0,-729.639216234118,-375.95766054011744,-472.87479782131555,-1003.6153777368644,-985.6429559261334,-1432.205068413266,23.2575922915983,-362.71235142870466,-0.0,-1059.628420708573,-1126.122501153415,-62.16833005483033,7.314448710158065,-2370.553569112551,-1203.0516026829837,-712.0400709008443,-0.0,-644.4463818996219,-599.0908586768996,-599.6470371761125,-2208.4913321654467,-8.072976515153355,-0.0,12.674436274320335,-0.0,-0.0,-231.92713177651163,-3309.403802207924,-209.3634079028498,-1490.6385799574134,-3229.47968244589,-0.0,-4712.061854921984,-284.7576308627964,-2339.477970494328,291.90712211030564,-0.0,1509.7697264448977,-769.6974969724492,-0.0,-2180.828145884276,-0.0,-19.789320130603596,-0.0,-0.0,-0.0,-0.0,38.46048670115998,-0.0,-0.0,-0.0,-518.4172548997971,-1434.7612871001268,-710.0035959396097,-0.0,-3503.0289044099363,-0.0,-0.0,-0.0,-225.5443297608819,-299.4133989793237,-0.0,-1780.1390933669522,-0.0,-0.0,-3509.4005955962275,-0.0,-0.0,6.049865906780226,-536.6000138304844,-21.37872699776698,-0.0,-0.0,-178.66212163316922,-0.0,-0.0,-1345.8204376051253,-1187.2802808106387,-1399.0211547114864,-0.0,-268.22731471155214,152.9051823532175,-403.88873545363884,-14393.150039519607,-0.0,-597.6369353791281,-1253.1145096289167,-1469.9447369427126,-0.0,-0.0,20.225626268646103,-344.48239362978916,-969.2300812008243,-0.0,-0.0,-0.0,-528.985429355056,-2624.8670415235897,-1462.4141444176394,-0.0,-0.0,-0.0,-360.29610298069105,21.303716932240118,223.19388793042162,-1058.281159818365,-0.0,-0.0,-912.1752318220422,-0.0,-0.0,-0.0,-2789.8601581356115,-1101.2367890855799,-0.0,-1073.0673265213989,-513.5924243976344,-343.6033590741307,-676.8052946082914,-980.62075068237,82.8346151049834,-1057.7159914664364,-1026.5903989732,-65.3525098273091,-1230.223338818875,-0.0,-0.0,-0.0,-0.0,-618.9892257173202,-0.0,-0.0,-518.8953284513999,-1819.3143644565412,-660.130095655729,-0.0,1426.6479063042855,1304.5767014579837,1181.9213407296456,-0.0,-0.0,-0.0,-798.8126133741993,-207.2240641006923,-757.2695688296803,-93.9207962354242,-590.7443289307482,-1608.9407350518131,-1293.5875202470636,-2112.0031390623412,-0.0,-0.0,-0.0,-0.0,-992.411640038994,-715.7391383245626,-1662.6704377735002,-441.876340366877,-1306.1146063065376,-1950.467697365009,-1756.0318767146043,-0.0,397.3599150459314,-408.5005271723892,-422.59382018563093,-130.5947520889459,-4223.664824784528,-7.463711676024111,-0.0,-752.4058015484864,-1323.557895767229,-0.0,-46.03051068982557,155.51915170375966,-163.8479452676235,-419.4345567476915,-2011.0888379561582,-394.05532593600645,-1532.8972599254828,-0.0,-1801.9087892872703,-1552.7756215698844,-1217.8697024251778,-0.0,-1707.421905630125,-616.4613954901176,-720.8803979745935,-892.9417967874741,145.97639291027477,-1647.562768938354,-1319.7815143211476,-0.0,-123.5504054116105,-0.0,-0.0,-0.0,-1043.482902726187,-674.98393280975,-0.0,-0.0,-0.0,-3489.2168787047253,-1935.993730918992,-0.0,-0.0,-0.0,-1452.997232265251,-829.2511699972712,-0.0,-697.9221391487055,-1389.767041432008,-605.9971799676235,3.761701040354012,-952.2740585047386,8.250714494462706,-1499.9718515322104,-1785.822587165224,-0.0,-0.0,-40.45731977857346,-0.0,-0.0,-1355.4008264183974,-107.85740265281765,-383.5232445817412,-0.0,-0.0,-0.0,-967.1203697915864,-298.3025819312391,83.54147886138391,-474.82950427806423,-225.78508903906183,-2058.197904908153,-271.6009761582811,-560.4976673113919,-1154.139111411915,-0.0,-372.37351411216537,-0.0,-1750.7438141784166,-1526.280607347691,-1723.5273905965855,-299.4669738356587,-275.51320479211125,-57.03699319612285,-829.4552432986897,211.67129677150766,-0.0,-346.4519464183485,-0.0,-0.0,-422.35047638190844,-95.72220379177314,-2399.520408444662,-2489.10124148781,-602.8950671563922,-0.0,-0.0,-1040.0425654527137,315.10715612081617,-0.0,-0.0,-0.0,-959.956519502316,-76.74218577265968,-300.9253078286372,-4280.318155543871,-1417.1172252013823,-703.7625994001598,-405.5576186121328,-206.22416690564518,-851.1749851920656,-555.6288098985736,-485.3276532157518,-0.0,-892.3810929446643,-679.2213183487382,-1560.8356032165384,-0.0,26.07834926681493,-8.208308391012357,-0.0,-0.0,-1462.9929767875544,-0.0,-3716.2584512966096,-1297.4232206090219,2803.1487898867117,2697.943474598654,-0.0,-0.0,-723.7473043505491,-933.8697890564997,-1280.8195708932174,-310.4055760687308,-3468.0855910190717,-532.0495539443111,-0.0,-0.0,-0.0,-1430.5817099343008,-784.1441721388968,-180.2972683992433,-2549.827336610126,-1131.1525146869642,-19.935568506262822,-435.9094103946272,-1097.9432115299483,-352.80797474460206,-505.6215365422835,-0.0,-4.3503830968884944,112.95938035820777,-1045.425754770742,-152.2360298738926,-0.0,63.27728026254042,120.1292096531309,-208.36315539857773,-1297.679323738954,-2057.733401716115,-76.01064055708638,-1012.5137004307061,-1211.955384284342,-0.0,-0.0,-732.7212933096687,-0.0,-0.0,-0.0,-0.0,-555.4891825817617,-38.369326380669015,-1199.5587188889494,-1178.5898373552914,-2238.781530647242,-1028.3204140054722,-0.0,-583.4778306369208,-0.0,-1377.3375797601304,-1398.8034094893042,-1337.0625459881255,-982.4445304746523,-0.0,-1470.7371190717745,-0.0,-0.0,-0.0,-3676.970698958512,-1079.86799839334,-245.24846415719563,-911.5131483846714,-702.8926315672525,-992.8051363998601,-0.0,-0.0,-0.0,-0.0,-5529.625363651561,-734.8276477741632,-1750.0767687760683,-3745.7645278200134,-2048.081126431717,-427.8210664254672,-0.0,-1853.4698195001622,-842.341224276809,-0.0,-287.7585053112424,-371.84635989955547,-0.0,-919.4505582231848,-241.72264006244444,1462.0992220643634,-444.4085997225469,-0.0,-0.0,-969.6459997270736,-788.5826844543794,-2166.115901174299,-399.5884919530415,-0.0,-0.0,-659.5760361367865,-0.0,-0.0,-0.0,-0.0,-1299.0380759674035,-537.6885168949624,-1218.237313745298,-484.7875278773243,-27.675626945491974,-738.4733173656178,-0.0,-0.0,-0.0,-0.0,-2322.466631651806,-0.0,-0.0,-0.0,-0.0,-0.0,-0.0,-756.0339385140626,-0.0,-2564.3659238113246,-507.05722778658924,-219.9474950767834,-1134.395355207714,-0.0,-0.0,-1567.0405632652996,-1451.2772234862857,4.059108256639339,-398.04061751860365,-33.53955708702004,-1542.1959611636655,-822.5365539164253,-0.0,-3973.409005051208,-1301.2207398803046,-0.0,-0.0,-34.221125900183196,-291.5500052795673,-1199.5679759795212,-0.0,-0.0,-55.8689857609479,-1558.709220567257,-506.61497863824496,-336.8924668859445,-42.52427854714372,-1801.0712822030841,-0.0,-0.0,-0.0,-0.0,-0.0,-624.337287773235,-443.1176055196494,-594.8448307990975,-4247.29829411225,-1570.5125187520455,-1187.4873164486476,-18.90403181611193,-819.3744004960539,-1291.570170799936,-20.064773953565727,-0.0,-0.0,-0.0,-636.1571850979041,-471.4261339280853,-1727.9018798298523,-644.9510647356772,-0.0,-1515.0852966475602,-0.0,-718.3616795620295,-0.0,-0.0,-2022.871319400499,-637.8705607237988,-592.9847816716647,-1527.6421886018443,-499.9568487999188,-13.209602843273057,-695.7287174764929,-1292.6432390856926,-0.0,-482.058655084782,-1195.3942674806883,-4297.538291954413,-0.0,-62.18626701987255,-2306.1667812473847,-1490.5155182349858,-1271.7742507655682,-532.6627638925416,-1102.3746030815146,-0.0,-245.71947907843827,-0.0,-257.84663384166527,679.2051515430218,-0.0,-0.0,988.1813212302968,-0.0,-2291.3316641703464,-652.0688764942851,-1088.8177693018074,-1084.7451628269775,-1399.9157418774587,-396.9778139400558,-65.11655769462224,-0.0,-0.0,-857.3692833056894,-750.2943348747976,-734.6603740406267,-0.0,29.037784417822436,29.386447130602846,-158.65247108969993,-3020.244117836692,-1854.9314524772278,-0.0,12.972751923525834,-1325.2400085184613,-4152.241263852782,-2628.743333268473,-484.1940015250934,-881.589149658043,-1177.107192851973,-0.0,-220.17959786364435,-0.0,-527.7488285069818,-276.14287911227956,-1604.7095613208826,-2250.8490328244043,-285.9356937649618,-517.7809226594679,-4680.490286592706,-1200.0836149689503,-423.19306706701923,-478.855252816926,-1459.3651299778592,-462.9772181403198,-8.003804262937017,-1404.3177213187237,-1604.5706856191518,-0.0,-0.0,-522.080564474736,-1239.9236308879906,-352.01469663110817,13.189504450111968,-0.0,-0.0,-0.0,-0.0,-0.0,-40.25087929294654,-738.0372508198616,634.9099290300024,-408.69269198706246,-706.6043676398393,-504.63974540394025,-1089.4222217735437,-1569.483061140029,-1020.8193458407183,-1773.388779563259,-480.26724714067666,-639.1576525591769,-1476.03326066035,-622.0327754470992,-0.0,914.3308586667482,-475.8601849428625,-40.722212435292604,-0.0,-918.922134074556,-542.3750196088181,-1585.1917722366163,-1832.592594501203,-2501.2071518688285,-0.0,128.81763289269026,-0.0,-0.0,-1044.2461479284927,-1492.3190222150852,-0.0,-942.3627975100744,-8.689821072729702,-0.0,-0.0,-0.0,-2566.2117426046934,-722.152178168213,-241.26996070360138,-176.9810344868482,-0.0,-0.0,-1217.1712899850609,-1525.2566704202204,-971.0969496725565,563.4620644364318,-9.103340507565086,-0.0,8.719638809325248,-0.0,-1575.6369275430068,-590.3338290329764,-1184.9031192796972,-1863.9471607987036,-1673.7672978485011,63.294629027350005,-0.0,-0.0,-1778.8701452246175,-398.69813664834004,-0.0,-0.0,-137.3950377172088,-0.0,-54.23320799234051,-0.0,-1160.632552185209,-812.8724588619102,-0.0,8.726481403933406,701.9836596431281,-0.0,-70.47445170762822,-2275.130266128037,-0.0,-0.0,-648.9823619588224,11.504052948186061,-0.0,12.94829584747244,-417.5425561667744,-1623.8549173899053,-0.0,-832.589647401067,-0.0,-1107.6592686915967,1797.6578494303644,-134.02626802103063,-1705.9371453923177,-1549.9747783710475,1052.3964319790239,-53.14383817681358,-2415.999387495071,-797.9087494671461,-928.5730722101089,-0.0,-719.8000796641857,-85.86079389207399,882.2424970273362,-400.13645436168395,-1503.2782269871916,-0.0,-0.0,-0.0,-748.1433275261193,-666.7860044339959,-629.3892594843896,-1016.973470300842,-1119.1292963746087,4.40788981648085,-958.9974101505632,-969.6399656366714,-1251.5166328107448,-0.0,-0.0,-500.66823651535736,827.0835824330959,-6256.393964397185,-0.0,-1539.4915708037397,-1779.0724212481773,-876.7491823449244,-822.9110209794699,-259.00925264672753,-2701.096560829763,-293.3909439947705,-0.0,-1000.6602568857061,-988.5829805383285,-625.634590641765,-0.0,-1381.5388568674805,-2215.463573210824,-29.359815987056795,-1030.3161856708136,-2466.356594473419,388.26993853672076,-0.0,-455.0790179542698,-131.25210426654812,-1437.71811766366,-1001.4668880000803,103.91230750648367,-121.67046072728021,-721.0595289262193,-463.0383955272367,-561.8787276448571,-739.1626938789774,-562.98719510866,-0.0,-1350.380020008379,-0.0,-1231.972777597261,-713.9881685375033,-201.0520963490317,-0.0,-1839.8979640304092,-4902.019199997295,-0.0,-467.5688685042067,-0.0,-2473.6516816523895,-316.494048188939,-0.0,-335.7095099790874,-500.425142149016,-0.0,-2151.7707682703885,-1456.7705290122083,-0.0,-3956.9311182824194,-128.71651070485203,-1279.6662958124707,-1397.1206689497812,-1752.2630604592273,-125.75539319149716,-0.0,-910.3217170992735,-2152.4697144110555,-540.7520835057107,-912.2889517938423,-1040.0894817064955,-1750.495057508345,-2248.3475554771644,-892.0424570235139,-1870.966887532149,29.790311065090453,-0.0,-296.73026851140924,-1515.9696854342408,-1127.2280849683718,-0.0,-0.0,-0.0,-436.40172396905876,-399.7407497069333,-13.545460291137454,-574.1998985884221,-0.0,-1274.3303218197802,-766.1414424752871,-536.2615435565791,1.732131205113452,-0.0,-341.3342589944222,-1572.4832581087853,-1016.3339908552153,-329.67572383910453,-839.1490890024779,8.411507570393363,-0.0,-0.0,-3133.2161473333285,-939.1308619352737,-0.0,-0.0,-0.0,-79.14207834175453,-1063.77845881708,3.732257742871,-1741.2598387318196,-1516.6244048501849,729.4182308581213,-0.0,-588.3230184907733,-0.0,817.8898459974769,-229.26181380238555,-0.0,-1655.1120354580062,-316.0212134665058,-1658.6449000807895,-0.0,-1559.5789258715986,-558.1798219274883,-227.48238178676877,8.467513107076666,-36.89156095039455,-0.0,-0.0,-702.314888253575,-1249.9394446670306,-0.0,-579.3278741288897,-0.0,-340.0848526955297,-624.7558752831349,-0.0,250.43247230462836,695.1522758327741,766.7917439945131,823.5478396464694,726.2252123790039,913.1858074077644,-0.0,-0.0,-0.0,-0.0,-0.0,18.739161153246492,-0.0,-0.0,-702.0024217837903,16.965002213843512,-379.4349389066253,-177.33817101634273,-0.0,-908.5583910966633,-1488.5119887388691,-1957.4066789212309,-258.65461755855455,-216.3885627446548,-0.0,-0.0,-562.2601705661596,-0.0,-0.0,-0.0,-0.0,-2685.3811515438933,-0.0,-39.83464856466136,1014.7555502343279,-0.0,-1042.9460442968539,-563.6194731441622,1149.5670147661406,-951.057014475101,-0.0,-3088.425802075771,-2017.3100276654277,-240.5489283244087,-818.2857667352031,-1309.8483184696368,-570.3504014144956,979.9505372532753,-85.89774232461271,-539.608393826218,-0.0,-0.0,-558.4062087569431,-0.0,-964.1293780862165,-0.0,-478.6796160896548,-116.18432190507718,-0.0,-0.0,-1239.6332005930124,-0.0,-0.0,-558.3181311257977,-1270.948219692369,-1729.3056899685168,-0.0,-0.0,-0.0,-1940.397273950687,-0.0,-1215.2176247735292,26.56437776322324,-0.0,-0.0,-1137.5610074653428,-922.2330234155423,-1293.3715366317504,-366.36860943940474,-0.0,-1223.9482532598565,-285.5659224081886,-0.0,-0.0,4.380851002109955,-42.88491720985492,-3959.3541850300803,-0.0,-43.5143210411499,-44.46475673152413,404.69142048274813,-86.93913710202558,-755.5027873190479,-799.4370690615276,-438.9128173640826,-0.0,-0.0,-1583.2276961804878,-0.0,-0.0,-0.0,-0.0,-0.0,-0.0,-0.0,-150.81159438586252,-0.0,-0.0,-1892.6602336951983,-8366.467394665056,-120.88803094727353,115.96959879141872,-479.8999048156959,-565.9954628542919,-444.63138161522886,-3768.7384799549773,-242.62739268104835,-413.13270619818434,-0.0,-0.0,-0.0,-1983.543873171868,-0.0,-85.71930644601528,-0.0,-0.0,-0.0,-502.83654364605445,-13.34344225353301,-298.6878480622284,-1340.5078957156497,-631.3112561182867,-86.91915527618929,-1835.366669838193,-0.0,-84.10877218224314,-1977.917851708664,-0.0,-1328.504452392648,-0.0,-1360.2792760588998,-0.0,-0.0,-932.1368240529272,-638.6077915513886,-33.66072646333265,-679.3917677267941,-110.2171875258797,-742.8967254575199,-156.73959784042063,-673.7687374066929,-675.2690775772297,-2155.3931445318985,-945.934603125743,-0.0,-1682.2378819829457,-416.62859147451235,-770.6083252257455,-0.0,-0.0,-989.2547340006488,-2177.6100894553756,-141.308902451521,-0.0,-0.0,-75.68057589050746,-3239.3346893033254,-843.26698145077,-231.92873745310828,-341.5229292918948,-45.08903869916708,-4320.660797050278,-0.0,-0.0,-1962.2994634628108,-836.8841691085823,-0.0,-0.0,-0.0,-79.20555709550048,-0.0,-1824.1846381126365,-1690.3313548273304,-0.0,-397.2835698050223,171.9078706439055,-0.0,-0.0,-0.0,-987.7346060229664,4.481354670547465,-2421.4199595492123,-621.1736236269367,-1161.847004073418,-687.149654320544,-3294.7443433370536,-1441.157201006429,333.18767335517475,-0.0,-2027.979267373813,-0.0,-0.0,-0.0,-1054.0290864444346,-638.1754949197207,-1224.1133904104072,-0.0,-0.0,-894.6134319296109,-1279.0108900501077,-672.5114518477573,-496.66128924419723,-0.0,-0.0,-1301.9065491197643,-0.0,-0.0,-0.0,-0.0,-0.0,-0.0,-500.09194757372234,-178.47377498112488,-1437.5479138146327,-0.0,-734.2541616075946,-4105.1310361375645,-46.16014455670368,-0.0,-0.0,-0.0,-0.0,-0.0,-0.0,-0.0,-0.0,-0.0,-0.0,-1275.4599524277826,-1888.7679481315158,-0.0,300.84891185055136,-0.0,-602.781098617674,-90.82649578723192,-0.0,-700.6173749469328,-339.83736921178786,-25.386314222787863,-3113.7188621127984,-479.0364615874232,-2940.5218978166354,-196.41390844878546,-1843.7334163275386,-1670.5391480768913,-639.2600858108872,4.518234664764575,-0.0,-1228.527231167693,-2083.763104143972,-2394.2498454630554,15.870358783025779,-496.83257626948165,-1703.204946867857,-0.0,-2022.9822915634238,-376.27961265512295,-0.0,-2975.470645528006,-0.0,-950.2982685400144,-0.0,-2926.2217261242913,-0.0,-0.0,-83.72674662651869,-957.234342662185,-679.9013861635839,-0.0,-1200.0552489165657,76.48714003840432,310.1043206290897,323.7424173790502,-261.9294895748448,-1813.3999004022119,-728.1648154503469,-0.0,-0.0,-5684.084302622207,-1290.6118765574115,-0.0,451.7024949658412,-0.0,-1640.8979910392266,-570.5199372242836,-704.4775598762645,-0.0,-0.0,58.89700109639714,-0.0,-1018.8689327551094,-1021.4343018019337,-1878.2178349547933,-0.0,-582.3551330721358,-2948.111325045766,-804.4758053654153,-0.0,-1283.8910139787913,-81.10267647730622,-1284.8830495883567,4.2707118723583,-934.0261907807773,-0.0,-0.0,-0.0,-712.5665612965363,-0.0,317.1248048838118,-0.0,-371.0320348645171,-776.5853544694749,-530.8982488077507,-1106.4212823524776,-611.0283117722565,-1711.131111431796,-894.1211762749049,-0.0,654.5496259177755,-2304.7923239348183,-1765.73134736373,-705.4834707580742,-0.0,-0.0,-0.0,-149.4584574005451,-1121.1621797971848,-322.5676087912024,-732.8773462165238,-1983.4471245267757,-2774.310506321817,157.82127647332482,726.5349700212943,750.7648911074183,-0.0,-0.0,128.53229956736598,-95.98753383809296,12179.682203876837,2144.1999879792556,3921.1064722575898,5929.576339859337,-0.0,-0.0,-0.0,-0.0,-0.0,-1392.1845525671583,-1550.0117854985776,-822.7189709176922,-0.0,-2883.971247274132,-571.5266809487629,-923.7129005101096,-0.0,-685.2966493975891,-1303.8258786416652,-980.6854200685522,-1229.4270253763675,-0.0,-3164.043397859859,-1983.6353806862605,-770.3432038020248,-140.57675483057778,-2933.8509440180096,-0.0,-276.98296931646155,-0.0,-92.26020497401211,-0.0,-132.44640745153328,-201.81612350149197,-1005.1541238098763,-844.2384070314732,-0.0,-0.0,-0.0,-2112.709553469766,-0.0,-0.0,-273.9972765677861,-922.3470082500719,-960.2399585053482,-68.06614706045528,-1055.0991094803785,-1851.1720043694809,-337.2820076634458,-0.0,-0.0,-157.69426000263147,-1590.3988348835928,-448.97641123334034,-0.0,-6033.781461942603,283.4886185599279,-0.0,-0.0,-0.0,-214.44786043119436,-436.8338341027268,-0.0,-0.0,-1208.2193059222448,-2026.4063623594152,-1133.200323859414,-419.0895552966209,-393.0516073262092,-532.6186497877144,439.8078738730685,-1158.261422608858,-0.0,-494.82280614312907,-2311.340883584072,-483.86791127985725,7.916074450740772,-0.0,-458.4457323983017,-0.0,-0.0,-0.0,-1266.901570943962,-451.11480755685915,-1417.1906470520273,-0.0,-0.0,-0.0,-191.61134021171472,-521.2009101262522,-1651.6877071373697,-2829.3072513762677,-211.31837853619777,-123.94179369904113,-0.0,101.83753871133075,-0.0,-1127.6065718724833,-171.76464887527672,-0.0,-0.0,992.3630192153183,-0.0,-1705.4939417631508,-0.0,-0.0,-0.0,-196.52594934210265,-2007.1747872541457,-1589.0693879447094,-31.289350936378245,-2237.0065140755364,-1558.33353797172,-28.16548932608483,-31.582438958522136,-67.73878715637532,-0.0,-0.0,-2012.7000340628092,-0.0,-5976.404938877821,-0.0,-1495.9432930695841,-281.26237172385385,177.96212352488263,-0.0,-11.525339498701767,-1634.179826907675,-1577.122894422955,-555.5843877576373,-36.91321942656364,-102.48988763806075,-0.0,-0.0,-0.0,-0.0,-1073.220153309051,-1105.1794755151197,-0.0,-586.9107073193056,-1228.9319444250737,-238.0331931549083,-30.94763634363982,-0.0,-0.0,-0.0,1087.6641766780951,-77.91395610253616,-0.0,-497.4140712763841,-816.4386234834702,-1509.9774300499857,-0.0,-0.0,-2494.7561163368773,-0.0,-0.0,-0.0,-0.0,-690.6490589148416,1110.6645878524585,1049.2372767483266,1158.7068374170249,-0.0,-0.0,-0.0,-647.1937361316609,-0.0,-0.0,-373.33422778413745,-228.86356544046532,-0.0,-219.2536351447192,-1179.2539309153246,-1306.5969585960863,-0.0,-0.0,-0.0,-20.797209097595246,-1416.2362782949858,-18.841822296197993,331.648863208583,-0.0,-1612.2272069762207,-888.1692213169462,-572.2462521749254,22.264116014818164,19.42714923306796,-303.6967070044782,-16.018322247699214,-373.57823250783525,-390.1337777503198,-1067.302205252003,-357.19708361996226,752.6100228121047,-1400.2149309056153,-151.75714668780813,-155.06386954826542,-3595.655110580918,-2599.820713978506,676.5100752575781,-1157.974031880807,-135.94804299810224,-4.412607094577598,-704.7499279760244,-1113.4663173322285,1870.5237935064035,-655.0818498907072,-670.3352554996684,-732.6665025307933,-0.0,-5881.459482131256,-0.0,-546.4901371912154,-965.6241698623153,-719.8629036708063,-834.288187787641,-1095.821947156252,-0.0,-1076.6001688506149,-205.16426185443035,-84.11980363195163,-7675.798731927701,389.20885901699364,-171.37209185988536,-0.0,-575.080699329776,-1109.02493697857,-0.0,-0.0,-537.0697491540515,-1582.2690947393144,-41.3075142392046,-231.87769397002705,-285.853176583769,-1190.1345977125484,-0.0,-0.0,64.8640175175077,-0.0,-0.0,-1717.9175306815462,-0.0,-1966.999176573953,-1001.8425118042059,-1327.1174719423682,-0.0,-0.0,-483.7893351912,-949.5856114027132,-146.68255585667902,-0.0,-412.770258455457,-159.32076605464079,-446.19715137140344,-0.0,-190.83161765729523,-454.89538427240495,-2339.982339959768,-847.1558130703431,-1388.053238484453,-0.0,-0.0,-1197.864710149772,-28.508979869632615,-0.0,-0.0,-1326.669750200857,-0.0,-0.0,-0.0,-0.0,-0.0,-0.0,-0.0,-0.0,-0.0,-0.0,-95.59878258116034,-0.0,-0.0,-0.0,-0.0,-0.0,-0.0,-0.0,-0.0,-0.0,-0.0,-0.0,-303.625642011044,-0.0,-0.0,-0.0,-0.0,-0.0,-0.0,-0.0,-0.0,-0.0,-0.0,-0.0,-0.0,-0.0,-0.0,-0.0,-0.0,-0.0,-0.0,-0.0,-0.0,-0.0,-0.0,-0.0,-0.0,-0.0,-0.0,-0.0,-0.0,-251.0254020949197,-0.0,-0.0,-0.0,-0.0,-0.0,-0.0,-0.0,-0.0,-0.0,-0.0,-0.0,-0.0,-0.0,-0.0,-0.0,-0.0,-0.0,-0.0,-0.0,-0.0,-0.0,-0.0,-0.0,-0.0,-0.0,-0.0,-0.0,-0.0,-0.0,-0.0,-0.0,-0.0,-0.0,-0.0,-0.0,-0.0,-0.0,-0.0,-0.0,-0.0,-0.0,-0.0,-0.0,-1333.7212596619154,-604.3928830885704,-1622.9737652256915,-0.0,-0.0,-0.0,-0.0,-0.0,-0.0,-0.0,-0.0,-0.0,-0.0,-0.0,-0.0,-0.0,-0.0,-0.0,-0.0,-0.0,-0.0,-0.0,-0.0,-0.0,-0.0,528.5085275755299,-0.0,-0.0,-0.0,-0.0,-0.0,-0.0,-0.0,-0.0,-0.0,-0.0,663.3147012322581,-0.0,-0.0,-0.0,-0.0,-0.0,-0.0,-246.20381977907093,-0.0,-0.0,-0.0,-0.0,-0.0,-0.0,-0.0,-0.0,-0.0,-0.0,-0.0,-0.0,-0.0,-0.0,-0.0,-0.0,-0.0,-0.0,-0.0,-0.0,-0.0,-0.0,-0.0,-0.0,-0.0,-0.0,-0.0,-1058.6789185612938,-0.0,-0.0,-0.0,-0.0,-0.0,-0.0,-0.0,-0.0,-168.01369225122292,-0.0,-0.0,-0.0,-0.0,-0.0,-0.0,-0.0,-0.0,-0.0,-0.0,-0.0,-0.0,-0.0,-0.0,-0.0,-0.0,-0.0,-0.0,-0.0,-0.0,-0.0,-0.0,-0.0,-0.0,-0.0,-0.0,-0.0,-0.0,-0.0,-0.0,-0.0,-0.0,-0.0,-0.0,-0.0,-0.0,-0.0,-0.0,-0.0,-736.4734945470269,-0.0,-0.0,-0.0,-0.0,-0.0,-0.0,-0.0,-0.0,-0.0,-0.0,-0.0,-0.0,-0.0,-0.0,-466.2826280248258,-0.0,-0.0,-245.4205915434578,-0.0,-0.0,-0.0,-0.0,-0.0,-0.0,190.80847450275033,-0.0,760.7067536043656,-0.0,-0.0,-0.0,-0.0,-0.0,-0.0,-0.0,-0.0,-0.0,-0.0,-0.0,-0.0,-0.0,-0.0,-0.0,-0.0,-0.0,-0.0,-0.0,-0.0,-0.0,-0.0,-0.0,-0.0,-0.0,-0.0,-0.0,-0.0,-0.0,-0.0,-0.0,-0.0,-140.8422548873141,-0.0,-0.0,-0.0,-0.0,-0.0,-0.0,-0.0,-0.0,-0.0,-0.0,-0.0,-0.0,-0.0,-0.0,-0.0,-0.0,-0.0,-0.0,-0.0,-0.0,-0.0,-0.0,-0.0,-0.0,-0.0,-922.3403286291957,-0.0,-0.0,-0.0,-0.0,-0.0,-0.0,-0.0,-0.0,-0.0,-0.0,-0.0,-0.0,-0.0,-0.0,-0.0,-0.0,-0.0,-0.0,-0.0,-0.0,-0.0,-0.0,-0.0,-0.0,-0.0,-0.0,-0.0,-0.0,-0.0,-0.0,-0.0,-0.0,-0.0,-0.0,-0.0,1234.2331004520147,-0.0,-316.9950096600943,-0.0,-0.0,-0.0,-0.0,-0.0,-0.0,-0.0,-0.0,-0.0,-0.0,-0.0,-0.0,-0.0,-0.0,-0.0,-0.0,-0.0,-0.0,-0.0,-0.0,-0.0,-0.0,-0.0,-0.0,-0.0,-0.0,-0.0,-0.0,-0.0,-0.0,-21.495084605795128,-0.0,2486.3529525597173,-0.0,-0.0,-0.0,-0.0,-0.0,-0.0,-0.0,-0.0,-0.0,-0.0,-0.0,-0.0,-0.0,-0.0,-0.0,-0.0,-0.0,-0.0,-0.0,-0.0,-0.0,-0.0,-0.0,-0.0,-0.0,-0.0,-0.0,-0.0,-0.0,-0.0,-0.0,-0.0,-0.0,-0.0,-0.0,-0.0,-0.0,-0.0,-2302.5080010717265,-1599.1374992466774,-0.0,-0.0,-0.0,-0.0,-0.0,-0.0,-0.0,-0.0,-0.0,-0.0,-0.0,-0.0,-0.0,-0.0,-0.0,-0.0,-0.0,-0.0,-0.0,-0.0,-0.0,-0.0,-0.0,-0.0,-0.0,-0.0,-0.0,-0.0,-0.0,-0.0,-0.0,-0.0,44.33372954614139,-0.0,-0.0,-0.0,-0.0,-0.0,-0.0,-0.0,-0.0,-0.0,-0.0,-0.0,-0.0,-0.0,-0.0,-0.0,-0.0,-0.0,-0.0,649.424539102264,-0.0,-0.0,-0.0,-0.0,-0.0,-0.0,-0.0,-0.0,-769.1571399104371,-0.0,-0.0,-0.0,-0.0,-0.0,-0.0,-0.0,-791.2424511646695,-0.0,-0.0,-0.0,-0.0,-0.0,-0.0,-0.0,2587.1872567240816,-0.0,-0.0,-0.0,-0.0,-0.0,-0.0,-0.0,-0.0,-0.0,-0.0,-0.0,-782.9260420802606,-0.0,-0.0,-0.0,-0.0,-0.0,-0.0,-0.0,-0.0,-0.0,-0.0,-0.0,-0.0,-0.0,-0.0,-0.0,-0.0,-0.0,-0.0,-0.0,-0.0,-0.0,-0.0,-0.0,-0.0,-0.0,-0.0,-0.0,-0.0,-0.0,-0.0,-0.0,80.2086296327199,-0.0,-0.0,-0.0,-0.0,-0.0,-0.0,-0.0,-0.0,666.7208837178813,-0.0,-0.0,-0.0,-0.0,-0.0,-0.0,-0.0,-374.7168452951262,-0.0,-0.0,-0.0,-0.0,-0.0,-0.0,-0.0,-0.0,-0.0,-89.1758912847115,-0.0,-0.0,-0.0,-0.0,-0.0,-0.0,-0.0,-0.0,-0.0,-0.0,-0.0,-0.0,-0.0,-0.0,-0.0,-0.0,-0.0,-0.0,-0.0,-0.0,-0.0,-0.0,-0.0,-0.0,-0.0,-0.0,-0.0,-1966.4623366405117,-0.0,-0.0,-0.0,-0.0,-0.0,-67.41790296469772,-0.0,-0.0,-0.0,-0.0,-0.0,-0.0,-0.0,-0.0,-0.0,-0.0,-0.0,-0.0,-0.0,-0.0,-0.0,-0.0,-0.0,-0.0,-0.0,-0.0,-0.0,-0.0,-0.0,-0.0,-0.0,-0.0,-0.0,-0.0,-0.0,-0.0,-0.0,-0.0,-0.0,-0.0,-0.0,-0.0,-0.0,-0.0,-0.0,-0.0,-0.0,-0.0,-0.0,-0.0,-0.0,-0.0,-0.0,-0.0,-0.0,-0.0,-0.0,-0.0,-0.0,-0.0,-0.0,-0.0,-0.0,-0.0,-0.0,-0.0,-0.0,-0.0,-0.0,-0.0,-0.0,-0.0,-0.0,-0.0,-0.0,-0.0,-0.0,-0.0,-0.0,-0.0,-0.0,-1367.8422993148515,-0.0,-0.0,-0.0,-0.0,-0.0,-0.0,-0.0,-0.0,-0.0,-1714.8756518058,-0.0,-0.0,-0.0,-0.0,-0.0,-0.0,-0.0,-0.0,-0.0,-140.2597167933981,-0.0,-0.0,-0.0,-0.0,-0.0,-0.0,-0.0,-0.0,-0.0,-0.0,-0.0,-0.0,-0.0,-0.0,-0.0,-0.0,-88.0546467457749,-0.0,-0.0,-0.0,-0.0,-0.0,-0.0,-0.0,-0.0,374.4255305300635,-0.0,-0.0,-0.0,-0.0,-142.9961262119743,-0.0,-0.0,-0.0,-0.0,-0.0,-0.0,-0.0,-0.0,-0.0,-0.0,-0.0,-0.0,-0.0,-0.0,-0.0,-0.0,-0.0,-0.0,-0.0,-0.0,-0.0,-0.0,-0.0,-0.0,-0.0,-0.0,-0.0,-0.0,-0.0,-0.0,-0.0,-0.0,-0.0,-0.0,-0.0,-0.0,-0.0,-0.0,-0.0,-0.0,-0.0,-0.0,-0.0,-0.0,-0.0,-0.0,-0.0,-0.0,-0.0,-0.0,-0.0,-0.0,-0.0,-0.0,-0.0,-0.0,-0.0,-0.0,-0.0,-0.0,-0.0,-0.0,-0.0,-0.0,-0.0,-0.0,-0.0,-0.0,-0.0,-0.0,-0.0,-0.0,-0.0,-0.0,-0.0,-0.0,-0.0,-0.0,-0.0,-0.0,-0.0,-0.0,-0.0,-0.0,-0.0,-0.0,-0.0,-0.0,-0.0,-0.0,-0.0,-0.0,-0.0,-0.0,-0.0,-0.0,-0.0,-0.0,-0.0,-0.0,-0.0,-0.0,-0.0,-0.0,-0.0,-0.0,-0.0,-0.0,-0.0,-0.0,-0.0,-0.0,-0.0,-0.0,-0.0,-0.0,-0.0,-0.0,-0.0,-0.0,-0.0,-0.0,-0.0,-0.0,-0.0,-0.0,-0.0,-0.0,-0.0,-0.0,-0.0,-0.0,-0.0,-0.0,-0.0,-0.0,-0.0,-0.0,-0.0,-0.0,-4146.318209415237,-91.27039810095614,33465.992348305226,-3847.140983141058,-3829.537604274974,81425.60772580266,-0.0,-7490.793550382352,839.6922732215615,1929.9936496863609,-24592.57665979615,-0.0,-5173.829094785395,-0.0,-0.0,22762.27804834255,-12826.475377098,2968.9822534626423,6641.023340929572,-3989.0724052141272,-24161.52499923733,-8907.223221635844,53.644674419994246,-94.97930675834338,-6157.108267908891,-0.0,-12021.383132582016,-17953.828039821237,14105.9424908783,-131.4518400179191,390.6979630311934,46520.15072363597,-2347.1944409408675,-100754.9526081362,-3198.100251245929,-23553.60964878678,-15821.017457946527,-5128.866937752802,-6345.193576450391,-15896.664983719802,13223.00052100802,-2240.208562072188,-3566.632338237349,-3399.762428021114,-11527.20598343291,6630.465617666517,33070.45388138097,-778.5815110070007,-183.67911754098972,20712.566684528745,3445.060155579552,-183.94659137807707,5247.5575284557235,5803.152619077517,-5654.249696469075,-7416.745103503779,-3269.035261752056,401.92765124548015,-0.0,-0.0,-1265.2084720909775,-7836.068120124551,-3860.975797395827,-3333.808204456742,-468.7717337633073,-4946.164767115057,11383.858472677392,6316.83876929832,-8066.368373245053,17368.87661596252,-19301.6445343631,-31581.340123091264,71352.5842924858,-22839.894492269086,-8004.462968246071,-1900.7650612563577,-3169.167242314208,-6268.097391640526,-3904.5670701722333,-32304.932263789196,-0.0,-14019.79174122074,-0.0,3544.938745031513,-0.0,-0.0,-13345.292785355461,-1399.814582994808,-0.0,-0.0,3574.3642290076236,-0.0,129.68858800896103,-0.0,-6101.400053660679,-4465.500224531417,-7682.602459423498,-8476.13333340811,9170.87321054784,-0.0,-28804.997889576865,46036.434508289094,-0.0,-0.0,-19671.719594898295,-8802.263040241834,129.87980655010347,555.7884569617765,-0.0,58476.03141085864,-0.0,-0.0,-0.0,-0.0,53781.182327502975,-1477.7176954843653,-0.0,-12671.449158570276,-0.0,-5316.774795734729,-917.6975913033427,-2645.8380777698726,-15374.398437964317,9027.505236416344,-999.3927574930411,-9134.088092762746,-0.0,-0.0,-6543.49832393505,-7017.987381711174,-12343.959458906424,59715.85348986454,-0.0,-212.68649006002593,13542.727601614795,4178.347876191402,-2760.166823267619,680.536263845955,1712.0443542694,-3746.986986536073,146.8854773522612,-18466.662539241664,821.3757432544325,13532.756108656293,-660.3556073496725,10186.15780394262,46301.05269974395,5501.106227961674,1055.6011590235562,9490.137827040997,-2012.5635926883094,-7687.59981007583,-8817.125693778196,-15559.184091924635,-0.0,2841.420966459957,14196.405215877685,12798.89886953324,-8085.555631166745,5924.641624296337,3629.0281615186673,-8973.713607205702,22072.461326892502,-14435.784720125257,-0.0,5353.124838070108,-11744.744269609082,-15387.411835547424,-7415.853148378321,25721.486468459952,2120.93214380319,-0.0,-5241.862911603282,-0.0,-2427.2161378827686,56.39387142505778,-3491.4613151840394,-820.4599346099732,81.12252863145214,-192.27274742732197,-21887.584426986043,-13906.843436480192,23004.654011511357,-7747.831517883332,3424.705363495835,8377.547905733541,-7527.33301977244,-4873.204928476975,-13640.450633515227,-0.0,-1988.788065037083,-2042.7350006556292,-0.0,1147.1194593419914,-3123.0106331121515,-0.0,-0.0,-15945.882508552117,-3193.0510890522246,3885.3500734340687,-3798.964569186083,-0.0,-0.0,-0.0,56742.2729790156,23498.841765216945,-0.0,-1395.0326445758876,12141.33971284617,-0.0,-4122.641646792446,-2835.690076331405,-0.0,-5113.542704922813,-7630.145691575048,116210.23307993889,-12296.486387799394,-8900.234706832554,-30801.45984582862,-0.0,2524.996873830672,2274.811078689124,-10053.803712613335,26296.004988091772,-8107.707985320967,-45227.9317581649,-15251.861182277973,-10202.187167703223,-0.0,1287.022933046013,-4888.121764650017,21108.063277967773,-2177.9577052928,84.37770510284501,-11881.782997041431,-9292.019872170562,30459.51186354433,-0.0,-1574.5159255444053,121.36357780485369,-0.0,-0.0,-0.0,-0.0,-0.0,-0.0,-0.0,-0.0,-0.0,-0.0,-0.0,-0.0,-0.0,-0.0,-1282.9271245113416,-0.0,-0.0,4219.043281952389,-11703.003412535825,-868.9861354237803,-9302.886201157497,22816.508200567918,8873.34961812379,-3797.14879775681,2315.55206881725,39513.2733439507,-0.0,-0.0,-3831.737284038963,2619.3797556181407,-6568.451785994572,-8195.088797152597,-0.0,-199.66943381794778,9324.287284104776,-4249.94202601817,-925.4773954074451,3047.46994453141,-27716.07235256614,23069.882483381738,-4825.177099857832,-2123.6182921663462,13912.768725565187,-0.0,-0.0,-0.0,-0.0,-0.0,-0.0,751.173432201815,51314.163632924356,-9484.323366573608,-7426.304287538971,-12336.409552088948,-0.0,-10185.85853742258,-12487.834056410788,-0.0,-0.0,-0.0,568.8879182364096,546.8389180379955,802.4826900758836,2948.359281526717,-0.0,2581.806253909956,952.0900627360753,869.62938359833,767.1522201530443,800.9687781276058,3250.379270424076,1716.8476215253595,3239.367539243032,2568.0646579340564,2840.1498631892273,3130.834354374449,37210.775468383756,40764.49857342014,38548.093575187006,34925.63456399533,6653.8146549956355,6595.204888923089,7607.824337841605,9426.379638176315,4638.397527889808,1999.9638285505134,2106.589448576247,2118.8443316847615,1988.9924373659555,2099.5595247008678,4879.455231523228,3049.2452001577567,1293.480216310561,1243.6131161076923,654.7228888140215,382.19214887222876,463.40889265037885,33652.853641186826,36497.7472103542,38739.15482585258,35616.07571880428,55011.291587868254,57913.01566603534,1302.7326530345777,1292.3904419007301,1300.0938707173552,1102.038351600041,1230.2527742290158,1283.3600917147267,627.7059145450179,48195.20280503752,51478.16201731011,52537.42608034993,2674.5769054768843,-0.0,6906.868632174349,39346.03311213359,35505.128922369186,35917.93700869112,59277.885566402154,65059.50155008521,66807.11217215662,56141.865538591555,2638.924785554686,2329.6634418327535,4876.795492122598,-0.0,19479.72717900631,22684.729402497578,-0.0,476.15976922956355,991.6728042383631,1557.8905193106434,1427.3213152958667,1658.2663176523224,1469.6094166991384,1697.3548815426782,1377.5035371369297,40345.30249425762,39109.947935534095,38408.802619005124,36207.11907092665,1055.2432866826618,1206.4785261525728,-0.0,-0.0,17185.497519985118,38923.34978793474,37441.23361308103,34956.95703722443,33736.07947396411,-0.0,48769.138904660824,52407.97870028764,1068.8827711698582,2106.703795850413,2314.095081060399,2468.200627083524,2220.1799101471815,2185.3013124269296,53245.98860612269,50223.190737195626,-0.0,-0.0,16740.314781013007,876.0247203517034,1055.8885560825781,39711.04666288103,37563.111972810046,33834.258198810014,35848.25587122693,34163.29348308721,36314.946989054566,-0.0,15869.34872321185,10089.762339964473,-0.0,-0.0,1260.1391353446652,1384.3319376311142,440.0941116777443,393.8433020599594,322.4395967452952,324.1715190774136,-0.0,1153.6040794290407,1099.8522827033341,1057.4546355496086,1205.5137585978223,-0.0,1467.2952909584287,1530.0881965325887,1936.8450236211484,2070.751900954536,2069.9368437792905,2027.5777006454412,754.2344109958979,919.3762568521413,841.2031001511608,1262.2837319853195,890.1038116985476,799.224879896005,853.3988939186023,861.4161145432398,8132.764860091104,9233.05918469573,41.639073188591354,72.47581102035214,3392.278317152828,15965.571333876853,1018.5375792144478,977.985188243268,-0.0,-0.0,6376.729364855273,6462.712539109793,6339.402132305789,6272.540004890573,1335.8266986348779,1444.450801838553,38124.1570520742,38817.654880422655,8445.192081289959,7385.5361843547635,-0.0,52821.61187929013,2153.809125022618,2024.580331131095,1102.913030166753,54882.29492123929,58626.64765235668,56728.360531990955,52314.81818505819,429.2806969993799,59017.169101357125,55542.27571951043,-0.0,-0.0,19235.29460448467,-0.0,694.8668359134308,708.3312645450628,629.496052668128,1680.1001014438125,9398.056091552018,22134.595185622245,1430.2828945754172,1544.6909494580675,51.6059734374747,675.5789564084708,676.1023429850148,15013.02622679656,1517.9292964594072,-0.0,-0.0,-0.0,1090.749148556321,-0.0,1162.4359735824655,-0.0,4291.039496799564,1003.3529969882239,1130.7381084079632,1070.5620763828397,678.5680271237026,656.6265233708467,619.0479843236533,1507.3347395037013,1671.6871450961667,1813.9146799822445,1091.1647119271136,122.58133526008545,4989.81761459505,52693.827103779295,57178.007889312656,10311.45416362246,20765.86293376106,15637.323647448573,16340.815442784893,2009.227767518531,1833.0647782138917,1444.820144904147,1444.0719948351425,788.307857444809,953.3513552671606,2357.842974611921,35576.97957250118,38243.18849763533,1354.0817990658236,1385.2525019144202,1340.513330200771,2300.270993580596,2454.843204465536,2808.110647229326,39127.685757503656,35026.16628916163,34793.30852670367,38101.82099667197,-0.0,-0.0,-0.0,2350.579452799948,2608.916694693163,2267.718227470971,7001.711922080982,6111.030540344367,6609.557080437966,1802.007359814119,1899.246752127406
16,-0.0,-0.0,-583.2814538658613,-1855.10715796124,-435.9182654611304,-515.2127364496256,-50.59263095950145,-958.814002648215,-654.1823350468519,-0.0,-1383.175646065736,-0.0,-0.0,-2041.9589974577102,-0.0,-551.818310315676,-411.8007444103667,-0.0,-0.0,-175.3862653336293,-249.97261627820924,-666.2090538300364,-1057.7176661662882,-678.9233081460567,-1996.6211358976448,-1233.0348429555381,-0.0,-0.0,-2782.3539483529753,-1679.1460371164612,-0.0,-0.0,-0.0,-0.0,-0.0,-0.0,-104.03563905382282,-300.8862338644368,-1613.4421749100115,-1304.3793946934368,-0.0,-0.0,-127.6385149943542,-679.5330108960881,-170.95400282305974,-0.0,700.7842254998808,-1587.319889888646,-389.0703764774886,-0.0,-0.0,-356.1065534656343,-4.371445510476402,25.945346957487416,-1874.7116638878126,-3233.249576889137,177.05454252603917,-5536.246800204848,-230.77364633913666,-0.0,-1567.0714976683853,-0.0,-628.9039033596016,-2398.2486845190465,-513.477695624002,-608.1066712823646,-39.194992096907725,-2204.0681684363335,-731.6576739391973,-514.3918202308736,-2955.958817453843,-0.0,-0.0,-2214.5675480156306,-985.0354406245983,-381.51638967270935,-1839.4495848198442,-0.0,-0.0,-1442.5975480646125,-1553.4770200198216,-456.3288743713736,-3774.1555190654663,-61.8749876571484,-72.80345115544333,-1668.754400639349,-0.0,-592.511808359675,-992.6623189633415,-17.031285717027647,-0.0,-1427.367629641803,-81.78168586488954,-626.550042046174,-2193.1044412645515,-51.306619109208604,-2203.7277858208954,-337.33401245723564,-1399.0283718668177,-2566.083218288034,-715.1807739858377,685.2838868549555,-541.7737157754448,-0.0,-1613.9010399551876,-2305.7651190312063,-4170.1997861628015,-549.4779188755027,-2747.376300680353,-0.0,-1467.6563467403585,-0.0,-0.0,-494.56211168233636,-0.0,-0.0,-517.4949146239462,-77.62074679777312,-1616.3486432793702,-817.4289331177097,-992.9126910358173,241.13132735696271,-437.5400798789295,-350.7755348629361,-400.10786162163726,-14.906008695330488,-435.48779526073594,-510.4344610006856,-763.5615532246054,-0.0,-5008.95650437924,106.04023169739726,-94.52374109443964,-4393.417558501699,-0.0,-994.073478823293,86.1470239471927,-0.0,-634.2815161633823,-0.0,-0.0,-507.8270871280238,-0.0,-334.3390966973149,-941.2102910081561,-0.0,-1045.5032756510466,-269.8767533248415,-696.5916073918476,-2153.973588762341,-0.0,-1681.7074703968299,-1007.2784704965824,-0.0,-0.0,-0.0,56.872793288910515,733.0729052925159,-0.0,-1531.9610509380436,-1822.1586258977761,4.386413954172722,-0.0,-0.0,-475.6016278877211,-347.7854198500066,-371.3429973388111,-0.0,-379.12183755161806,-3093.082324839201,-1134.5137284315322,-0.0,-1225.2209547071998,-2267.5606854502034,-0.0,-0.0,-0.0,-0.0,-0.0,-0.0,-545.9597971740709,-670.4618662169339,-266.5872172988257,-171.98296276933345,-1046.395517105902,-15.957256917459134,-0.0,-0.0,-653.0683962073774,-0.0,-631.7169301857105,-197.50457735528744,13.343266306299475,191.19557166298907,-0.0,-0.0,-1031.3437872698637,-398.6258773457929,-505.4409097808157,-0.0,-2710.334269569675,-2137.7763267987866,-904.5612094439922,-0.0,-0.0,-2161.087971253772,-1287.3968159153553,-696.7412452732038,-25.68264655875362,-1565.8498972577509,-1264.0338164860382,-0.0,-0.0,-1834.853625809622,-0.0,-910.8406718271824,-1066.831019323762,22.977457491475967,-507.24331084338644,-562.7274747997291,-334.7497162628224,-0.0,-1739.5787419400253,-0.0,-2929.631963175891,-2484.9414856238227,-195.89388154067055,-490.4855333947477,-467.6632841632168,-0.0,-294.6048889246215,-210.9541466164153,-0.0,-1020.1927010018046,-575.1177124420244,-982.6240449139101,-1751.8981084340794,-963.9053457154134,-2095.4568683335237,-1730.3868635378549,-2336.4404259716443,-2312.817911107476,-1087.2873405110115,-2141.6285639614753,-556.1690710950129,-425.81489118268814,-0.0,-1321.5440106852614,-868.7324077198615,-1063.9775711148598,-458.7049254350586,-402.9540881252268,-2195.207574713372,-661.109987601117,-446.3179963985285,737.9963481901717,-0.0,1115.4720281390466,-1445.4441840852353,-0.0,-0.0,-0.0,-0.0,-0.0,-0.0,-1319.7544541636382,-2890.437579477565,-498.251533384471,-956.2480104355584,-0.0,-0.0,-1910.4182171161851,-1330.9462155776873,-1983.916066080511,-0.0,-0.0,-67.46718563670512,76.87814295420861,-465.3490125228255,-1993.8512859300706,-476.21739940933026,-0.0,-427.3316875236365,-725.1146256708934,-12.767588792308347,-1239.3350005258237,-1127.7714707799853,-1512.7363471310548,-1113.2460278448777,-148.30269789774317,-633.0096334123193,-0.0,-1642.5990246584397,-0.0,-952.5474541912398,-124.37003462858794,-40.37150245805917,-541.0066759989538,-0.0,-2356.3200147576217,-123.94797398179549,-630.65101340551,-1559.1961332111837,-1365.8769918946316,6.319136784531656,-523.7016092782126,-798.3774794533997,-24.491026266198464,-294.66672747417164,-452.26612388763056,-63.019582822426074,582.2307154485363,-1263.2816458329828,-0.0,-936.9100870245003,-1233.4936600083277,-0.0,-564.1071983178186,-0.0,-1550.5072341689986,-0.0,-0.0,-0.0,-1169.4329758212245,-839.1534548434581,-405.3789136341644,-0.0,-1411.7698228470254,-3108.093884982579,-3612.548327414203,-0.0,-360.12192298724466,-0.0,-282.4275960332289,-359.61253583869274,276.3354852600878,-559.9996260410226,-0.0,-566.8858796052627,-947.9265494742975,-275.71917758845797,-514.0472537380654,-0.0,-456.33737634088425,-1172.799790491445,-543.0529771195323,62.35241024552673,-2432.1320493238527,-0.0,-0.0,-1083.6161038759783,-479.374069115898,-1204.4444243406892,-70.67365263953533,-130.79152455330637,-230.04476181676802,-624.078044676781,-945.2771030100661,-1426.0335518937113,-2340.0198091897537,-0.0,-0.0,-360.87181982417115,4874.507706843063,-0.0,-0.0,-0.0,-0.0,-0.0,-2501.2102125310294,-500.9340228152049,-0.0,-1070.836740277469,-1072.1173027883647,-607.0512873259686,-2200.8417627256754,-179.61960605815045,-1210.4900640785904,-0.0,-0.0,-2079.6931474282937,-632.7462289011092,-1836.5185889446254,-683.7986960957167,-594.7595023109424,-1674.1723448563234,-255.31580033276865,-1832.388232063106,-1063.291101558022,-113.9894387159689,-851.4645700921193,-1240.4711289198842,-213.07717805622838,-223.84878723847174,-1852.6260420685567,-0.0,-492.57747445744474,-270.673919440414,-148.0243449646144,-768.133477827604,-221.04562447088145,-915.8489745526421,-757.2092242109445,-1263.170698963583,-303.52243299961293,-2583.680881148943,-23.091641999568115,-614.2575136685699,-0.0,-882.5774616078172,-655.5530267359725,-968.4111972143892,-1095.3669186326927,13.026901645002061,-368.41979871738954,-808.0105274954979,-807.7970514289166,-360.08764964167153,-1044.3378684361528,179.15972920105213,-0.0,-0.0,-0.0,-0.0,-0.0,-0.0,4.5200597167337655,-304.7519712302491,-2402.871137900782,-4350.186199205561,-488.2341751966216,-1053.6696021101254,-142.46494077260633,-536.6929392933445,-1379.070507238001,-1132.542759548983,-80.5056932777111,-450.80200653236,-486.307535956247,-0.0,-131.59479203990236,-1045.5317484007496,-648.3914278258482,-0.0,-1333.5721360570706,-0.0,647.4385109078131,-0.0,-0.0,-0.0,-26.955795353875054,-0.0,-0.0,-983.5867440990492,-426.8677558005376,-1126.3185222486334,-0.0,-0.0,-0.0,-893.9529896067743,-564.6238049434311,-1373.8276126747119,-0.0,326.93170524816816,-0.0,-0.0,-2961.317024255688,-1376.7707810196118,-12.701649366108494,-0.0,47.27207118682951,-18476.19748011293,-17770.0809082128,-2548.557082987675,-0.0,-0.0,-0.0,-0.0,-306.34248144085916,-0.0,-0.0,-694.0925449877661,-2467.3433715827114,-2145.050279729973,-1493.929490650963,-408.5118117392469,-1807.8692522410763,-45.26230178639948,-1595.2923960925043,974.4751170383099,-0.0,-835.976370349131,148.08581758808705,-0.0,-0.0,-0.0,-0.0,-111.74034697978826,-0.0,-0.0,-0.0,-779.1736091543605,-1582.265816732823,-0.0,-0.0,-616.2303283273013,-2072.67837333842,-0.0,-1410.8836454282268,-1726.0778084804856,-1802.6460298891914,-0.0,-0.0,-238.94488816736555,-75.65384127449634,-1084.6009849882219,-1496.7375644878725,-502.64790312366097,-1407.1977492423869,-1221.6936055053711,-0.0,-0.0,-0.0,-0.0,-384.7224921645501,-91.05317419732285,-0.0,-0.0,-188.16299757480041,251.34340583357738,-0.0,-1173.5991544679423,-1105.5189180174366,-1097.3565122717707,-0.0,-0.0,-823.7725424435889,-1296.8284435178593,-751.4034793593192,-413.0319163831595,-0.0,-2308.879128061561,-2333.9309791718983,-0.0,-0.0,-0.0,-0.0,-0.0,-1409.6040486870997,-0.0,-2094.5361019936067,-1137.9643223606943,-78.99369942637135,-0.0,-0.0,-0.0,-2625.324807246411,-1531.9112157021827,-564.164011553245,-528.6695947355768,-1065.6724115580116,-800.7256546653462,-0.0,-0.0,-526.5415577250001,-1298.071510528904,4.339124758296262,-571.3479252622449,-0.0,-1035.059987428515,-810.929093331148,-1592.6360497421442,-0.0,-252.14406332300098,-242.65365025945948,-313.3620897691253,-1452.90406151888,-101.96344260812492,-0.0,-0.0,-0.0,-0.0,137.82614278698583,-156.58462141057467,-784.1645704830553,-1463.5540177408295,-1256.6109804723164,-550.8316857355305,-571.6876599540699,-8950.290566583277,-964.9106775216534,-560.2767143479825,-0.0,-0.0,-0.0,-338.5783320424163,-377.4400985613748,-1139.0335688190685,-333.2967320563552,-0.0,31.71656817133868,-0.0,-0.0,-0.0,-0.0,-0.0,-0.0,-0.0,-92.85465937401307,1679.2224881238837,-0.0,-1374.020945511734,-584.4625418529141,-423.3213799524169,-1850.0407573363696,-0.0,-0.0,-598.8441436639284,-722.5097513613615,-118.5767951679908,-134.92531275063487,-0.0,-632.0917907629315,-177.93967250902608,-1938.6490705553751,-380.7548451132461,-497.74946969709777,-0.0,-0.0,-1316.7489677706058,-2326.1726007127863,3.777728745060459,-551.1441040124575,-414.75951380138076,-1038.7175724427,-1331.2667703968086,-775.3793302159166,-303.6269285242334,-171.02753624103838,-1449.680535058069,6689.53440846034,-0.0,-574.9798365439402,-617.0068193736544,-1165.0577289999708,-1149.3890659574035,-1107.8797010628623,-1839.5476730830537,-1763.5292272566794,-590.008377713716,-0.0,-0.0,-1737.020637084177,-0.0,-0.0,-400.5971126243388,-1803.3756761015736,-1489.737092963428,-261.555653114968,-121.07933928574418,-1901.8594040544476,-0.0,-1377.5300950979386,-0.0,-0.0,-0.0,-0.0,-0.0,-0.0,-436.5688447723861,-1490.8103932828997,-1012.6440130342984,-78.63317683688095,-240.735018233409,-516.0147769868887,-187.00041801092505,-0.0,-0.0,-489.86911466090413,-613.565989999959,-3673.7696018281445,-0.0,-1245.0218710955837,299.72067040632953,107.4267714139223,-0.0,97.33837545024015,-159.40872437446563,-97.84764716430074,-506.44212663078264,-0.0,-1606.3140030907878,-0.0,-0.0,-1415.8076154278058,-0.0,2243.658923606891,2191.315936862803,2172.22695113805,-0.0,-0.0,-1849.2828376740401,-0.0,-0.0,-300.43449749139216,-882.1752450615293,-814.2289583620656,-1070.4314463787189,-1042.62000438793,-0.0,-0.0,-0.0,-15.640991828327849,-743.6008025691065,49.54164453071328,-72.65410022467731,-1139.806278072008,-945.8053892092827,-390.7924049909914,-1415.2783861086662,-0.0,-1841.8129706481025,-1169.58307422652,-1627.810706743335,-505.3611875381592,-521.2272314675884,-0.0,-1394.256043864353,-843.6811362464459,-901.2520499504819,-2051.5136275010263,-521.4548482545076,1191.884732930064,-4.252488030074065,-388.2350428678002,-1229.8977416779078,-0.0,-1596.7540587471092,-3295.1813859586196,-478.99526535794905,-531.540865850031,-0.0,-0.0,-0.0,402.7099835745407,-391.608361119551,-492.94420296846346,-176.48419142796797,-529.0381045205653,-428.1016458808779,-0.0,-425.9502138370511,-1019.3579723202414,-757.913124227292,-0.0,-1991.6139200638095,-4076.956453881907,-0.0,-0.0,634.6842998882341,665.3927322550128,-0.0,-0.0,-725.3253172916261,-819.3165454312914,-398.7493035277707,-670.540872387172,-0.0,-0.0,-0.0,-0.0,-0.0,-2927.0734184804323,-405.97593787946306,-1724.1681225055518,-1050.9399819957027,-0.0,-303.58779740725817,-830.4809594661652,-0.0,-337.0410663084565,-808.18247552898,-1085.9549496701566,-4671.908368291433,-41.82977834887493,-0.0,-0.0,227.7911014429041,861.7004819419506,-0.0,-0.0,-406.78821300006456,-0.0,-32.80727807845097,-0.0,-2589.3037296716857,-0.0,-426.8233474025776,-0.0,-0.0,1971.660207667365,2242.8856103814874,1834.285547478944,-0.0,-0.0,-447.3732361607528,652.9992565199196,-2368.2635473515074,9.029735996528485,104.07174206433427,-2600.190189891955,-55.218280719883296,-150.3112777580107,-655.0325327665249,941.5447467639723,3290.1278973158123,-2855.4182883823646,-0.0,-0.0,-944.6814143995723,-1579.9469144634197,-1400.9993718745832,-260.1661278027387,-72.12124290276775,-0.0,-0.0,-0.0,-0.0,-2131.29246205115,257.895769553697,-0.0,-12.045526288137134,-0.0,-1682.9347499327207,-1837.6075070758382,136.18400505967352,-0.0,-0.0,-299.98238727452497,-0.0,-1728.7378407453155,-77.86460912233505,-1084.9331190610228,-384.81861980023143,-1245.2123852076306,-673.0912537384057,-1008.243029273204,-646.7097746454853,-0.0,-0.0,-0.0,93.45682419815819,-0.0,-0.0,-288.06959859559174,-445.6121154345262,-690.7974518689617,-0.0,-1402.1302441302246,-1080.912795057715,-833.0698532723636,76.65410762551174,-400.5418895040677,139.6522216668294,-325.1771358252068,-0.0,-0.0,-8.520345318288173,-1842.511894480225,-630.7647766834012,-984.4600311320357,-146.29701849480625,-2012.3017717667947,-1840.3058845080743,-1077.7641547544536,-1112.9183777828628,-108.37044435518794,-595.2661671636298,-700.8314456348963,-1091.3910857056107,-2586.614902794297,-0.0,-1751.8992228325708,-151.5029946764474,-0.0,-2239.3686163255147,-2940.6463617958443,-2234.5248305272976,-262.802039049526,-0.0,-1497.3016132169826,-199.02996631399176,-1226.3554717986426,-699.2020634635089,328.1063211849249,-1828.44455240583,243.78384213629892,2146.656008539564,-0.0,-220.22198552156522,-475.8424034325869,-881.0625629994018,-1237.5435278456712,-1722.7095809322698,-4365.394836543008,-0.0,-408.04632091525787,-1334.561970053372,-696.9474806082777,-247.16047582008576,-28.061106537660386,-327.92447812090273,-0.0,-0.0,-0.0,-0.0,-251.94348489114535,-1237.197586920872,-892.6459943304449,-53.256600307858506,-17.176842386262617,90.69118456719983,-0.0,-0.0,-1115.827188037426,-519.6497477169888,-0.0,-2261.4818584158143,-29.144544389973138,-1304.6365678338589,-0.0,-227.31179941882243,-187.2655346696886,-0.0,-0.0,-507.8124680824216,-0.0,-0.0,-5230.324978008516,-200.34256495461187,-2164.9820374822466,-8.999408409336109,-0.0,-134.96933154823918,-1274.666513255794,-656.8744308074197,-309.7251108845319,-1437.3555770261453,-0.0,-373.5574126994329,37.892968979099784,-575.1729103998141,-0.0,-0.0,-40.325694526364934,-67.67827470205135,12.131515985815344,-401.7498237358836,-1404.5980577607131,-1624.0770264198438,-0.0,-0.0,-0.0,-7.854492482846423,-311.4998104791905,-0.0,-1428.021843725157,-2615.8517617348843,-0.0,-0.0,-23.67938386076918,-1546.23037033835,122.16404108378687,-0.0,-0.0,-0.0,-0.0,-554.2029806913563,-2287.4590906237136,-612.9418886680339,-1236.7098191656025,-0.0,-0.0,-670.6638578234039,-499.8367034258536,-388.56209796521915,38.44838668299534,-0.0,-0.0,-0.0,-820.6875557798861,-719.3579040685887,-502.77596413668783,-357.63138802822533,-0.0,-0.0,-0.0,-0.0,-2172.858274067492,-81.1176106414021,-76.29881231943395,-0.0,-0.0,-683.1108677389046,-437.8609566720902,-0.0,-1940.1303906222138,-5141.808418109142,162.34435429118992,-1074.4871127890942,-0.0,-0.0,78.54140667135871,-646.6680906300707,-1734.8752610471918,-499.9200670657265,-2505.794737337754,-1138.634235929449,-822.4934622095914,-1491.1262525227285,-0.0,-0.0,-0.0,-38.89505623887379,-1123.2859182920117,-0.0,-0.0,-3380.1729214904817,-82.4664364081788,-1425.0682279599084,-756.1259752587035,-0.0,-0.0,-0.0,-0.0,-0.0,-0.0,-725.1055176615948,-0.0,-1629.5581838940252,-0.0,225.5132017193773,-1129.3444497383205,-0.0,-0.0,-0.0,-2607.3591617201396,-0.0,-0.0,-403.6829552417806,-0.0,-0.0,-984.4723581919128,-634.4842982291732,-0.0,-0.0,-204.6024876037164,-2010.9368220483534,-0.0,-1302.9503125637825,-471.95960879603007,1210.1997938265756,-232.40786937557115,-0.0,-500.98992002350576,-186.50970015211703,-0.0,-19.513233674532405,-0.0,-318.75630547329894,-0.0,-0.0,-0.0,-0.0,473.2572446560332,450.0790999783132,-866.6747803579369,-1807.34648322226,-0.0,81.37441179295105,70.98778963901825,-78.99593796661225,-845.6122068631759,35.711751146511595,-493.4355161441769,-382.3326606559738,-242.6348634820829,-3482.8969618174438,-0.0,-241.25666819780201,-1556.6412134933496,-2330.6195890704967,-0.0,-1040.7611253127443,-1446.939004283203,-2078.4644577508034,-757.7797578978584,-0.0,-898.8315314662377,-742.308848691806,-803.1021550086398,-1494.6047979757525,-996.4389989589579,-0.0,-129.8617819089459,-1261.983857599625,-0.0,729.7187566799515,-528.8578719080839,1069.7163170929616,-0.0,-0.0,-16.9444024307334,-606.7131738805244,-2448.316455949038,-1023.4057032996783,-0.0,-845.2874255008876,-3056.5687520853658,-979.2648696902118,-881.3646609333377,-1160.9700156052543,-486.2317643485976,-35.874791177554705,-0.0,-0.0,-0.0,-1101.994895096916,-4.336810744522147,-0.0,-0.0,-1940.4586161028762,-831.3802085741185,-534.9668221458367,-1666.22756583851,-161.4098826528604,-33.234174826606754,-2321.726758945069,-790.7174357498563,-546.9442406892921,-1308.0819874710762,-0.0,-2580.6690535397615,-400.92894733691963,-1137.1347318237667,-1509.984967950939,-360.6197881431592,-528.1164399297451,-1487.7388952201718,-422.28152097155055,-0.0,-0.0,-0.0,-1358.547250631297,-0.0,-3889.942237840642,-1161.6586120798345,-1407.3378673970315,-0.0,-0.0,-0.0,-0.0,-0.0,-129.4861888493603,-0.0,-263.9940177919932,-960.5570614118803,-362.76511614479926,-0.0,-0.0,7.5023392679604735,-0.0,-0.0,28.35319199380958,-260.21493419894176,-0.0,-500.2737907754279,-0.0,-0.0,-80.46937045751797,-0.0,-2931.1972057267512,-2274.6878657601874,22.35204159402585,-6572.102600054006,-989.9902742612024,-644.3585741769648,-0.0,-809.2286041657492,-1307.9379413665295,-0.0,-0.0,-0.0,21.324061502953054,-0.0,-1125.802971446324,-0.0,-1586.6303644026937,-0.0,-0.0,-2308.3414126066086,-1080.8951521874326,-871.6475785453958,-0.0,-0.0,-0.0,-0.0,-282.1009482397967,-679.8908844412272,1376.7331720245022,881.9855253793213,-825.7324083710064,23.082361874904574,-0.0,-340.1489532486044,-262.5166960628716,-1951.1802945288923,-416.8431748310791,-123.56792609255115,-1077.79202816761,-1329.7093495898976,-1013.1319178576786,-609.0903368224706,-0.0,-0.0,-0.0,-4.413829690047587,-0.0,-1527.9260855154787,-597.5488200422749,-0.0,-1972.0999194477172,-1241.0915335286538,-0.0,-0.0,-0.0,-0.0,-0.0,-976.6524741576868,-0.0,-311.7760582325916,-1495.190391147937,-0.0,-1189.626054146585,-0.0,-0.0,-0.0,-2399.1753494217946,-1113.9370517435793,-968.4528438440278,-2481.1563466283646,-0.0,-0.0,-0.0,-94.23717722578264,-483.20078020213344,-27.70111589798107,-607.8857667203864,-140.71490864503448,-0.0,-0.0,-334.72035558924256,-1417.8652359687705,-3977.247752548464,-0.0,-493.08293736568226,-1338.9660879824346,-447.43824037612313,-469.86943688176024,-0.0,-0.0,-3.7247219006135843,-2121.4373338328332,-2035.66055090206,-38.76544273473766,-1602.0412447751207,-406.485463864573,-830.6684889203817,9.027250484160804,-1060.9563378936882,-0.0,-2118.7241466155056,-0.0,-462.1951121832727,-0.0,88.67077036506174,-0.0,-0.0,-595.6798766183306,-742.6768563153477,13.302872519836024,-0.0,578.5553035126269,-0.0,-0.0,-1467.816938727498,-1298.9989161248434,-1122.7625769095487,-0.0,-385.64169825438285,-642.9326530503153,-1466.3639599687945,-0.0,-0.0,115.26626925613697,-664.678345483456,-0.0,-0.0,-17.486774909678697,-0.0,-4.268085343022445,-613.6156192673147,-0.0,-0.0,-1334.6741480058013,-1367.191073109829,-82.38294519374244,-7.50625736174082,-126.39517636161163,-791.3045848694941,-1106.6371996412515,-1687.9172237203245,-0.0,-929.4658688119854,-15.61287807590758,-42.28334942620592,-1332.9126694242275,-0.0,-0.0,-0.0,-0.0,-641.3397271863873,-4.443059531610559,-8.901111800654485,-0.0,-0.0,-498.7485449774081,-0.0,-0.0,879.4531865608908,-1147.097475534422,-41.30770886205669,-1937.151250589141,-0.0,-0.0,-520.2592510859641,-0.0,-304.7765115096399,-1011.5645873887223,-848.505632205577,-1019.6860915934285,-0.0,-0.0,329.3066263613758,-0.0,890.8297223739175,962.755796155083,-204.9535200380573,-833.9871892865558,-0.0,-0.0,-37.971025951712534,212.58207615783738,-963.7199068188331,-439.40803310339663,-1280.9623244782401,-2547.673066622968,-2142.832939672184,26.89233336471747,-0.0,-313.9602729673205,-5476.87789688076,-584.7429404045481,-492.389522932169,-0.0,-0.0,-619.712593603788,-0.0,-779.6069707241427,-1443.1250125131867,-747.1467251030892,-0.0,-0.0,-64.58034156076428,-0.0,-201.72839288838935,-1389.726370626984,38.842376303449505,-613.2482776438991,-338.3114942446394,-235.8053593779907,-764.5273859259045,-2465.0172232658965,-19.165149687558234,-1168.313580586919,91.92564344838907,-998.5957563310976,-307.6686290936231,-0.0,-0.0,-139.16494053578936,-0.0,-0.0,-1878.6731472168456,-589.613275710198,-0.0,-779.6865651401479,-495.4218955337061,-0.0,-0.0,-1452.3460064302083,-956.8130003134515,-1470.0816736323986,-1380.0554787327535,-0.0,-146.42096899152781,-3148.094542110471,-876.3178530114805,-405.87157755043575,1858.6131862778238,-1479.2608009498028,-1182.163378625782,-12.024064975803288,-919.3174905890846,-16.83366821665458,-1628.491650845562,-0.0,-3432.30642158314,-596.0096845686008,-0.0,-1482.4487983434792,-1651.7239800899958,-0.0,-185.53326655007274,-877.2245110670032,-1071.1652885072544,-1384.6599242484122,-720.028256754372,-488.4436904655756,-605.3987222952251,-0.0,-276.41236662813435,-0.0,-2403.0143713125294,30.96905621348831,-3263.034779716071,-782.66052949603,-0.0,-0.0,-1207.8831573250745,-869.3349347207119,-0.0,-456.9068899522761,-0.0,-0.0,-779.2921661417828,-0.0,-0.0,-0.0,-0.0,-0.0,-0.0,-0.0,-738.0286558432093,-484.3557575547679,-2887.7395842600126,-2507.7749037687713,-0.0,-0.0,-1204.0810197641897,-1932.5053940548862,-466.7622573508158,-201.07805513669408,41.1909708639078,-0.0,-1542.413069766582,-0.0,-2638.234942347777,-0.0,-0.0,-0.0,-0.0,-1587.263586232179,-208.65851595234668,-346.81759283139303,-1174.712332154664,-1182.4741380814844,-675.0040737831979,18.074712567805914,-1150.2938625983475,-0.0,-0.0,-0.0,-0.0,-593.5903257708358,-478.56292949979405,-1336.4947296996154,-0.0,-1070.4123103997495,-6295.795282018755,-601.1395164054815,-708.4248140344899,-3098.581023343341,-711.1335613085695,-0.0,-450.02503312048555,-423.3011535889941,-1132.3146685616525,-592.2870743992377,-1504.6928574464544,-1408.7570561890666,-0.0,-0.0,-0.0,-0.0,-1537.2422873134217,8130.57028674427,7027.748819924873,-0.0,-0.0,-0.0,-0.0,-2020.4859221083818,-920.6881334693088,-89.7639152245046,-1378.958224160623,-815.1463993018053,-0.0,-0.0,-0.0,-0.0,-632.4471581856437,-0.0,-1813.3398287839261,-223.50408727110485,-0.0,-0.0,-0.0,-0.0,-205.6380211399414,-429.9350611230915,-458.33289447432634,-828.7501430551072,-903.6845064295204,-1190.9911439476323,-892.1776088275468,-343.2581993464093,-1140.2904276121105,-1481.3344819631213,-1165.918727922178,-1734.089079512595,-195.47278018059615,-1268.9116690550402,-1097.6640325217186,-900.1426922430339,-1619.505120446991,-556.4390654871187,-2157.869547404557,-1590.6024088366555,-1425.657004307063,-605.8949818718298,-640.778303256841,-1083.7411315472093,-0.0,-1046.568368893343,-0.0,-2901.9996267310717,-668.6115030007844,-237.86624508414383,-1735.3169311080487,-1412.4533994380556,-1177.16166933417,-0.0,-0.0,-0.0,-0.0,-786.0514853293917,-3675.1646116476054,-1360.54031769199,-0.0,-0.0,-1073.333966939115,-0.0,-0.0,-1004.5226876194353,-386.4527696514734,-1049.437710883994,-806.5412802176589,-924.0226744949873,-672.9708543604975,-1905.224842518537,-0.0,1220.3516148582464,-0.0,-0.0,-1008.8921976220022,-5578.223945194324,-0.0,1670.27930812465,315.59315245074714,-900.4954072094291,-0.0,-0.0,-1488.0530134835633,-1022.4383103566036,-2253.2429819849585,-1982.7540058635368,-380.09797546216765,-0.0,-461.6385288701389,-182.4745938230216,-0.0,-903.464357891972,-0.0,-1620.9965196127296,-2289.8122078457222,58.325271563160165,-2218.9195375616323,-1950.58177407429,-0.0,-480.9640482744135,-1541.530955540867,-2149.517452230286,185.51134332093886,-410.6676087827021,-2470.4543729151314,-898.7859381202193,-780.6970480992571,-878.922578824872,-429.371574068239,-1005.5982989655396,-1470.9801575786737,-0.0,-931.398458513261,113.55287122543061,-1346.162284866885,-0.0,-473.02897513493485,167.15244396761844,-858.9892927481628,-764.4355033009525,-0.0,-541.9485908293885,-349.2064368499068,-1778.776995128331,-1078.4032729089586,-1413.8600678240439,-849.7554718898567,-809.8223155233219,-993.7362444169069,-1939.5879027041876,-68.52842552489182,-0.0,-528.9421347934524,-632.7625935372586,-1413.047548000659,-2045.2804059919602,-319.2843242858602,-757.4246158595793,57.43363270473125,-881.55380483444,-524.0329174064562,-953.1232557659906,-0.0,-940.0873644445874,7.7978214742966605,-2158.735117393061,-0.0,-279.7943771129117,-514.4055032363302,-764.9881994423363,-2210.5837382928876,-153.50610308980757,-1407.7922080518576,-708.2913342426767,-2510.287035482639,-0.0,341.393316499694,-0.0,-0.0,-217.407289022443,-0.0,-0.0,-3537.516521310843,60.34871299761748,-43.969356045484126,127.35776325493016,-1060.3635830092812,-0.0,-0.0,-0.0,-0.0,-0.0,-27.350083402574917,-0.0,-770.907221385923,-0.0,-356.50922898270073,-1736.211164886434,530.2637416878144,-3185.3145309960223,-0.0,-0.0,-0.0,-0.0,-0.0,-0.0,-0.0,-0.0,-0.0,-2336.204122087151,-0.0,-2556.238866353772,-3159.4469833641974,-0.0,-0.0,-0.0,-0.0,-0.0,-732.9068061102323,-955.131183525352,-0.0,173.76452482900734,-627.8823186168238,-2185.744632177602,-583.9940747140413,-0.0,-590.6816619156401,-810.2995080644571,-0.0,-0.0,-575.7386313138154,-879.0212607005162,648.4606288849368,-451.247402144391,4.268664023643093,4.28643582115737,-0.0,-0.0,-0.0,1411.3281621779138,1667.056275689398,1389.8792020885317,-0.0,-0.0,-0.0,-660.1785425894077,-0.0,-0.0,-962.7309240053729,-87.26023050078366,-458.34405614004356,-57.633373175791014,-959.2775891327922,-884.1370026166503,-1239.1336263811415,-570.4985658907206,-146.38104203563813,-1064.4479903633,-0.0,-1972.6469611570017,-76.20487145448328,-574.312773580267,-855.7310457697728,-74.95562990993528,-0.0,-1112.3985051672814,72.1011471757758,-0.0,-0.0,-0.0,-0.0,-0.0,-1411.0115650750906,-2816.575898393783,-0.0,-773.4910870393122,-8.03020457039459,-0.0,-0.0,-0.0,-527.2509796255919,7.550727994678915,-0.0,-1107.6034648574575,-764.5372194345139,-0.0,-0.0,-529.3576844593368,-0.0,-0.0,-1642.8711977840444,-1369.34849072591,-0.0,-777.1314398925819,-2137.7549807188666,-96.89358879667789,-0.0,-0.0,-184.40791089671072,-768.853806485695,-286.6667541756757,-304.5226788154786,-213.58080052542707,-0.0,-0.0,-0.0,-1135.1095706812146,-863.3620156716512,-2026.5043621947977,-120.9443088816555,-1231.4130768959267,-41.58354906560554,-374.9967372091788,-494.6932477096301,-1974.415520639932,-0.0,-0.0,-818.605383647159,-1775.7210063305824,-0.0,-0.0,-0.0,-553.3678378409761,-2313.458825730094,-3338.0715339610147,-0.0,-249.2949831849263,-91.46900298331055,-645.126666650246,-559.9041715125946,-1599.809816921108,-0.0,-1392.3442956818772,37.17202270662869,-7.601026417440264,450.4310374615733,-0.0,86.12774851096523,-315.42252592506816,-403.46380920154274,-53.170824635686955,-0.0,-0.0,-403.6657159539565,13.229052570912753,-0.0,-1529.7366284279094,-947.8260437538033,-932.7509505594065,-729.0531946843321,-1115.678054938562,-1490.845031016525,-0.0,-0.0,-0.0,-0.0,-0.0,-362.12578740073326,-519.1436967902854,-1142.4780621615498,-1380.075250152977,783.7672686899783,-1442.5413921944262,1412.2327138496053,-0.0,-2207.98841699811,-1472.9005817084492,-681.1338312131544,-19.22213301043361,-186.27779378354006,-2014.7669090401344,-377.1325466426478,-0.0,133.30248687610774,-760.3332201603898,-0.0,-0.0,-521.6890254006436,-359.796073517604,-386.1257480932146,-1160.9744724662671,-1385.6826715757468,-0.0,-1599.8739893240204,-1290.041578359718,-4917.178379446978,729.5124413196273,641.8320497349285,729.6065344301157,646.2218631682865,-0.0,-0.0,-0.0,-0.0,-0.0,-0.0,-0.0,-0.0,-488.37214843949283,-0.0,-45.837196119353045,-0.0,81.59026855309693,-1063.2365509531512,-1248.7035442120962,-1872.0158058560273,-0.0,-0.0,-0.0,71.03276791354986,-3092.4169454774856,-736.2590492988122,-2755.2128979235963,-1600.5016803604983,-0.0,-0.0,-316.5776857733625,-1305.1182618902883,-0.0,-2039.5244058996548,-553.0808116567742,-0.0,-0.0,-0.0,-2580.9538646391247,-0.0,-0.0,-0.0,-0.0,296.3995292518602,-0.0,-0.0,-0.0,-1014.1336671064488,-0.0,-0.0,-0.0,-0.0,-0.0,-0.0,-0.0,-313.66092885449393,-1045.7242775152656,-1457.9980524121502,-1371.6728909624708,-600.2505160351151,-977.817252461755,-55.65004051296768,-0.0,-728.3592599392746,-47.472339905174714,-0.0,-0.0,-0.0,-0.0,-680.9392331503441,-0.0,-580.3677435450315,-1253.523196284808,742.164576895547,738.4919737158314,805.9262994504408,764.4709192302101,739.5882261402697,-0.0,-0.0,-0.0,-0.0,-0.0,-0.0,-374.84092717842066,-0.0,1929.7268760243592,982.9466270080037,1081.4587574529883,-0.0,-0.0,-1287.3911962164634,78.7877905742023,-49.8615545856894,-2386.605382593709,-0.0,-1842.9532229487208,-0.0,-12.798418254742689,-0.0,-0.0,-631.7595746587477,-0.0,-711.4408975981676,-522.5215650508164,-360.68793260750266,-0.0,-27.654653055788906,-0.0,-867.2023445955138,-0.0,-2121.564063163575,-487.082924497394,1784.5118317875265,-1893.9391459510055,-854.5725092603101,-82.65992077258734,-808.8047382507361,-0.0,-497.1126580882978,-41.73762872000808,-2638.9307511572492,333.66818921156494,-224.07703296360737,565.9113912903241,1140.7833254795303,-0.0,-305.9374507784831,30.826401096720584,-1015.2448943822325,-1154.1029187985341,-1427.7389034222363,-1936.9982450596717,-0.0,824.4238558374063,-0.0,-379.12755716171574,-2521.2960746268404,-1220.8822133011304,-0.0,-1227.060343100589,-304.59611807206375,-647.603794592504,-668.0588233042259,-262.26515181147226,-1569.0301769346665,-0.0,-1768.9674043341604,-398.6987381528823,-1543.2689076371666,-345.35195065430594,-0.0,-0.0,-0.0,-0.0,-1370.1798664916262,1019.948561709682,-957.3871843861026,-690.7032621231369,-0.0,-49.94039485882102,-0.0,-0.0,-879.3495022181709,-744.1078377345488,-656.4400963271114,-697.8612258964303,-0.0,-0.0,-0.0,-0.0,195.12679862218576,-0.0,-595.6515745307615,-1909.8711866317437,-1008.1889236880687,12.843363544870979,-1419.63839355983,-0.0,-0.0,-0.0,-622.1683188251403,-806.5927751397114,-0.0,-1533.3351567068667,-0.0,-2914.617495402076,-3614.827564428044,-0.0,-90.31714028449666,-0.0,-689.9027116748017,-0.0,-0.0,-0.0,-2296.5841955877113,-1098.0908723795894,-513.0058725920845,-823.025534509989,-0.0,-0.0,-2162.688086152801,-0.0,-535.8770348791567,1054.5500142057483,-1002.1396587898586,-670.534969063689,-487.6162587712638,156.70073544503316,-0.0,-0.0,-1347.6225387085226,-0.0,-556.0052856723225,-90.00207162439966,-404.4895965877348,-307.4113875312282,-0.0,-0.0,-195.86568452328933,-671.9838627657529,-991.6376085854577,-536.3106808300594,-1189.7881558630277,-81.30045903654083,-0.0,-128.8059453462182,-1929.1824045468302,-1114.879289807765,-0.0,-0.0,-0.0,-558.6679068831712,-600.098159987045,-1447.1821896283855,-0.0,-0.0,-0.0,-0.0,-0.0,-1473.2450737405672,-651.792415434013,-0.0,-563.868380631456,-0.0,-16738.932890439766,-746.935653939434,-262.525948358,-439.7032070678626,-0.0,102.81048932851633,-1736.2537623796327,-2565.9303938131834,-0.0,-0.0,-0.0,-725.4932577198263,-538.2697266927703,-964.730304362172,-1005.1822403555349,-517.974669481449,-0.0,-0.0,-1641.899868367214,-600.4271006270895,-2424.7115590656654,530.7057252949083,-2007.8292514884113,-0.0,-0.0,1629.4187162727148,-1008.2599331895552,-0.0,-187.0525535930941,-334.7563160246585,-610.6979979540863,12.97504605599384,-826.7028882012511,-0.0,-0.0,-1245.2946623284752,-1339.3988985978997,-2511.724280179737,-0.0,-0.0,-2224.741012466055,-719.1984349140135,-752.6328213366181,-2310.110272213885,-1491.608013195671,-0.0,-0.0,-1066.421913379039,-0.0,-262.39828207404906,-1567.7804916488058,-1494.3766846294823,-0.0,213.7096258126081,-753.9950452024386,482.63362873556844,-182.8044690228993,-351.3378640636101,-0.0,-632.5509986408206,110.10096192465099,-192.3439593010461,-363.407690077553,-2590.044115985372,-2117.038707044183,-87.63942462856905,-4832.554262122797,-518.3227525076311,-1048.4625134910582,-47.89922001775946,-3750.8875203684665,-320.17915477533415,-763.2624217526658,-290.9626361211753,-1759.2218606198517,-1257.2489632628603,-3143.716037183335,-4304.29200337774,-40.85509427291517,-616.2235589895538,-1546.637594783677,-1037.4662980306769,-0.0,-3900.476227723723,-0.0,-486.0435107531246,-1455.2123263845897,-1247.1358584340858,-0.0,-0.0,-891.0293920742522,-270.8890294063819,-0.0,-1414.5361459546832,-0.0,-745.2477785479921,545.8682880171523,-1434.6504636686275,-459.17163311266785,-7.678283828735314,-58.44158487091892,-0.0,-1824.4854779194811,-544.4067759499883,-0.0,123.8746665098755,-0.0,103.80259362063674,-130.7283026865227,-0.0,-441.2756198715868,-1247.3073336457571,-433.4158663529175,-793.796622073669,-2181.170059398665,-0.0,-3703.8688166614506,-1870.9015260966335,-2458.1839517274343,-2255.5287790677617,-70.32910457930171,-160.68370711782518,-590.8777125408134,-1196.136841907616,-0.0,-0.0,-1010.0806290313069,-155.4853226510499,-0.0,-66.6106440582697,119.73457452862714,-2244.754718792918,-0.0,-0.0,-1132.5054748021814,-0.0,-162.8129433913899,-0.0,-57.51117968484288,-195.47675654724623,-0.0,-327.68678651581433,5361.060169090484,-0.0,-0.0,-1486.6952218968322,-653.1591892517629,-246.15348100918388,-0.0,-0.0,-0.0,-541.2527268319169,-1944.0608288873111,-0.0,-0.0,-0.0,-1848.2956233872337,-184.17773320283834,-0.0,-0.0,-1640.9365329697036,-684.7337572406635,-343.73622483587275,-358.1796295068457,35.798014243872146,-569.3397692148366,-356.2865420549274,-263.87905406507804,-2029.483773562829,-0.0,-0.0,-953.7164245375866,-823.9356593470134,-2475.3427272011086,-0.0,-0.0,-2197.11418002634,-519.1977278529389,-1384.7594605713662,-483.5975634930895,-666.7996957530144,-2165.25409313052,-680.9677467047031,-80.69187260719559,-837.8373415773746,-2213.3575108891396,-1738.4579977477806,-1162.101293905184,-0.0,-494.9840457871991,-0.0,-1619.5573488422372,-379.3317576752163,-198.3982156715411,-568.8664891181634,-855.4696094768957,37.51934637957971,-0.0,-1017.9268452963732,-594.3050198456697,-82.00812940999516,1417.88942697085,-64.25944668944082,-0.0,-576.390384761243,-390.0223292024332,-0.0,-659.6071664472441,-1439.6624627719848,-0.0,-0.0,-0.0,-0.0,-335.587694270735,-692.3406884907428,-347.0347557192719,-378.1788091163943,-329.0468316129337,-1778.3380499779075,-706.147152395563,-1188.2216760561048,-2262.187655002319,-1632.660919883009,-0.0,996.8017921682705,836.4547618594298,538.7516973178073,773.5958904694112,627.452575875957,-0.0,-0.0,-0.0,-0.0,-0.0,-0.0,-0.0,-0.0,-68.73830869835817,-767.7610031358374,-489.10724887258976,-320.34133271251693,-986.8097203490368,-115.56758745175047,-334.3496967585283,-1073.4257949536682,-275.3294720138129,-1667.8945507064543,-770.4834045778385,-105.85337893922117,-436.98891653866923,-8.395035490315509,-0.0,-822.8895013815647,-160.1066112692714,-122.15448661192309,-808.7764616821544,-426.0280080555939,-1569.163297276942,-253.90563306526764,-0.0,-0.0,-2136.7166561648664,-413.49557576769746,-267.54705640676553,-484.91744872370964,-843.6199618516163,-444.99482595021476,-345.656386341783,-0.0,-460.30371404467957,-518.5084791952365,-602.4850296934593,394.9668191010646,-1303.1670521282695,-1797.8034391781664,-478.5089797057364,-622.9160870857766,-274.7942467482845,-12.71008332628889,-0.0,506.212798813076,-896.5043682523246,-47.66532921992794,-1668.1711439584567,-0.0,-0.0,-1233.2761689660306,-458.70691728558586,-0.0,-689.0664873227855,-675.6960799269552,-811.9665484863888,-0.0,-777.7832855769874,-552.2118760852826,-2029.8478917444263,-4055.246956394142,-388.5901878796533,-0.0,-43.794911582817704,-389.221415893823,-1592.8371560231442,-194.96849263421547,-586.2033471347811,-617.8767603442684,-709.3287522021293,-181.4198691758383,-0.0,-0.0,-1244.1330280893367,-33.38336076540015,-407.9309194718517,-647.9250352318696,-1381.5886094415516,-2256.573547746266,-0.0,-440.85586440890205,-0.0,-0.0,-0.0,-0.0,-0.0,-50.132875546668735,-154.0773441112214,-381.516899139995,-0.0,-0.0,-0.0,-0.0,-0.0,-0.0,-927.4844096547597,-2009.224914501466,-418.57102470486467,-461.5228785649165,-42.56203602619238,-0.0,-0.0,-447.5170484904935,-0.0,-0.0,-65.358353958128,-2298.653893521313,-0.0,-0.0,-1280.1692556681003,-580.4766438030907,-887.2389910657931,-912.8058380702745,-763.6508325594159,-0.0,-0.0,-1161.7319210842224,-1943.1104188571724,-1020.2641026690995,-0.0,-1006.6070096259666,-142.20478998436718,-297.3764620159923,-665.1381812881182,-7.577747297103635,-606.193402769067,-1768.7135860915973,-0.0,-1493.4262539543963,-166.3767935019966,-570.8955452916712,-1291.5032603358454,-129.43982601392952,-1053.361195602371,-0.0,-1114.3408647373662,-30.364028969358355,-1964.8996484240602,-1930.8177518729133,-0.0,-0.0,-0.0,-0.0,-686.991768468862,-854.3464581054294,-0.0,17.602676895674783,-403.7999438027218,-917.7787825681745,-2034.415154545673,-2348.264320844337,-341.39347154326714,-0.0,-915.3862020099521,-681.8327829374037,-1824.8872510333472,156.70237370579994,-0.0,-2932.5513302653603,-795.3441220595856,-0.0,-180.70282201536608,-1499.8706173539126,-0.0,-0.0,-628.8652201358663,-1384.6770884452542,-0.0,-1009.1811012622984,-1378.2067105880585,-0.0,-74.48154962132745,-511.36248809913894,-0.0,-1480.3722268692813,-2367.707462337398,-975.5917553624273,-148.61217669280194,-1843.327680177363,-74.53903115445375,-975.1045041593164,-581.8887316793752,184.00016831598117,-1121.5252153380645,-1234.3693639894896,-723.5179025673694,-1235.8238006577328,-419.1531181564037,-522.4947184387784,-624.466502556885,-1970.1869737173383,-0.0,-0.0,-1679.3235915977116,-297.05789630434157,-0.0,-1502.67469904423,-1104.7628468992752,-0.0,-2568.1551953225153,-463.74022948527477,-0.0,-691.7655446021895,-0.0,-0.0,-1179.833634721036,-988.8395875857034,-0.0,-0.0,-0.0,-805.7061807140287,3.886608381539505,16.74403224028549,-298.3505258653313,-0.0,-1810.3695658063289,-1452.8264499483016,-525.1060182860651,-2033.0249825941892,-0.0,-75.64569194107118,-752.876572960695,-0.0,-366.9734489289618,116.25444201026951,-1199.0720326057512,-944.1395496579588,-709.7851484828277,-1106.917152624397,-0.0,-0.0,-0.0,-858.1950806006485,-0.0,-249.9437005846701,-878.6003093495183,-239.76346948796666,-1275.7580895575097,-2139.3675304424655,-545.4066831212854,-1967.918196305042,-0.0,-787.7386276791326,-1663.327006406652,-516.1393991536542,-1145.123653566558,-265.39668225712865,-575.8562561954952,-1430.147719065859,-0.0,-0.0,221.4972931206974,-2402.2614661054085,-884.3823910109628,-254.68394367566572,-0.0,-361.0374445460238,-267.52468398315864,-567.1179986877839,-0.0,-0.0,-689.1006967866626,-0.0,-56.45210027295425,132.89722441667712,-84.45591534726414,-2188.1153839594426,254.80675264296286,827.8816261401848,202.252188719645,533.8213903569314,39.33797624587378,-0.0,-244.18257774237034,-780.0477247395439,-290.14996232001033,-56.68232477736534,-0.0,-0.0,-0.0,12.1639500561094,-20.16147610855871,-905.9035717795396,478.98372090569507,2177.787310329035,-0.0,-0.0,-0.0,102.63209522666841,178.55292511282192,-0.0,-2880.08004682113,-0.0,-0.0,-0.0,-0.0,-0.0,-2435.967158791719,-241.5596235628067,-0.0,-117.78927259863138,-1633.375767579818,-127.61302398053998,-1017.0985359119911,48.39367130159338,-1904.1199794510333,-3525.447055056782,-1790.2975911069855,-0.0,-0.0,-1375.3699905766628,-983.0487205390995,-738.3539405239164,-407.6971901295245,-314.97384532733366,-947.1109998183201,-898.2644152287917,-5319.24550713418,-623.2113057331886,136.80608304984742,-612.0283245184372,-842.3647355095604,-643.1592016950176,-598.5214717460312,-7.67408323687644,-1821.6425386660958,-819.7902965050837,-555.8698687755649,-0.0,-0.0,-0.0,-0.0,-224.0041761831147,-1183.3340000215399,-0.0,-1250.3075632635275,-1511.8166278576127,-0.0,-0.0,-1335.6485305329516,-0.0,-0.0,-189.9285232117451,168.6864149452624,-0.0,-0.0,-2396.239991976903,-1130.1049221048747,-112.4393817636889,-1184.3620227526417,-1235.4062033687546,-0.0,-290.2990207658683,-471.3196344656748,-0.0,-1441.380844607955,-267.1929392313043,-998.0598343584516,185.69905800428708,-826.0460639094576,-191.6426649833089,-333.7271042851091,-47.10274915319277,-44.03953636951949,-530.3472464594704,-751.3899804326735,-462.83284686204,-758.4832319375055,-0.0,-99.45060846281817,-633.6663126146564,-268.7093123334499,13.461659276252961,-0.0,-957.636651166122,34.5283077377188,-1090.7147334627082,-0.0,-0.0,-0.0,-1821.1259787864144,-0.0,-0.0,-132.8921808214836,-0.0,-0.0,-0.0,-0.0,-0.0,-0.0,-905.556681206796,-1390.7161911677526,-0.0,-0.0,-0.0,-0.0,-810.797181211766,-422.45394443814445,-0.0,-0.0,-1582.5586405664537,-0.0,-1303.1787235730258,-2143.626794155742,-0.0,-0.0,-0.0,-666.5187356737043,-0.0,-0.0,-0.0,-895.9434698177297,-783.1440475081005,-558.3837556656553,-0.0,-0.0,-176.34710634061761,-0.0,-3662.7107150423935,-4738.851370647627,-0.0,142.6912041575568,-0.0,-589.606741695651,-725.1373690142892,-1814.8917057439965,-0.0,-0.0,-71.0982344817791,-584.0763992518474,-1244.3710125570262,-673.9449372673889,-391.9481408939282,-0.0,-0.0,-1220.338373453888,-809.3191569339923,34.92704213354657,-0.0,-0.0,-637.7838805188231,-323.758915802743,-46.719261577790164,-0.0,-0.0,-0.0,-1860.9267188123729,-441.36167146846896,-1181.320712917464,-4422.833861652246,-0.0,-806.0619084333778,-970.5133306714932,-2184.467492663748,-406.92313665844136,-0.0,-0.0,256.3308615101727,-1132.5091649173735,-1629.2537844871808,-414.78360897133314,-120.01575976530656,-0.0,-1857.9605394220187,-374.13924946230554,-1283.3122376152744,-755.6517822244276,-2559.054812760257,110.98199637069438,-906.8076678768554,-793.4923224524548,-1822.0999023078589,-0.0,-0.0,-863.1376927745448,-1759.2156779131708,-1669.63733330418,-883.2259713940879,-0.0,483.08047845632933,-106.24916094922493,-425.9131708350964,-0.0,-15.428300886555412,-0.0,-2541.680599526202,-34.34302709070428,-0.0,-0.0,-837.7608785937049,-1152.1673974854511,-769.5316126010416,-239.88582855381622,-695.5759876344767,-0.0,198.65107857843924,-761.1933213425942,-61.11542800232931,-1481.0536588907948,-0.0,-1327.704592485802,-159.78451272872525,-590.4968002040792,-405.73137394540714,-597.3526428152664,-44.81031260823945,-4.490628152830019,-1151.1410979068385,-1161.5625054857396,-1477.2503840897357,-201.10135661316187,-1272.6377866935543,-4.057120405283829,-0.0,-668.287932072818,-2914.974146807655,-0.0,-0.0,-27.10338067307089,-2013.0201932066582,-208.499464542683,-601.2741412572179,-339.09430778921745,213.90038470181554,-0.0,-0.0,-1389.139655021575,-0.0,-0.0,-2034.4501566822792,-1349.7926831088298,-865.4399476563057,-931.5992188359801,-460.2590763747667,-809.3314887036822,-900.0876389545285,-1213.8584073028892,-2192.707326971407,-0.0,-0.0,-0.0,-0.0,-41.053413721042794,-0.0,-1848.1221466048223,-619.772915827285,-717.5378812567378,-812.0923754878855,-452.1260185998898,-0.0,-1402.8937229144076,-570.8381990219845,-0.0,-2496.0657397748973,-1581.7415652072302,-0.0,-0.0,-2771.570045776479,-1633.1603462824169,-434.2681136364304,-778.7723098044052,-0.0,-446.201197204334,-11.574527422836736,-0.0,-701.3849405945876,-492.5491727767176,-585.3266386059823,-0.0,-0.0,-0.0,-0.0,-434.50801307318676,-1063.0818763126788,-5881.79911007516,-0.0,-0.0,-578.111377365059,-603.736898832537,-1722.06424178485,-588.6850925537238,-68.70368608065026,-406.99974047635766,-0.0,-690.7496432284391,-558.1755137059988,-0.0,-685.3122142394625,-1242.5068101567222,-0.0,-0.0,-0.0,-0.0,-0.0,-125.82070472531734,-1953.4425051557257,-0.0,-1099.4685854357215,-903.5280010543041,-0.0,-1933.3642395311438,-748.4770126641557,-1089.8113889612698,-1402.020996058374,-20.17928969160091,-116.27371784401437,-1271.7037279662825,-824.0994030716267,-378.222532072241,-0.0,-1368.5691627730298,-1270.2143514579748,216.27854355137438,-0.0,-613.2819759272047,-920.7473536468979,-892.0670371369014,-47.64143158866986,-0.0,-549.5553626829956,-0.0,-0.0,-2734.3092244766,-2359.136126441191,-1889.3570176776475,-1624.3033498750192,-0.0,-1047.754250422063,-1976.9403023529412,-0.0,-5806.7134823093365,-0.0,-0.0,-0.0,-0.0,-942.4514610259213,-2259.668673364224,-2523.3198043801463,-19.021013991483578,-1987.804946030858,-0.0,-920.9570476571796,-22.6626834081095,-0.0,-0.0,-589.2707369339073,355.128685966907,-0.0,-445.7416393752767,-37.991116463365756,-0.0,-1362.1232319501983,-0.0,-2205.9975205564306,53.348549986525,-0.0,-0.0,-970.5771526199566,-1500.7723414629904,-921.8320577757335,-1277.2783202495289,-1147.5333615184384,1304.429797098493,-49.9690878041254,-932.2770784569395,-79.70218850176519,-2096.0201296486657,-882.8180994311327,-823.449967180203,-487.80742763193194,-1507.2297725704636,-1848.1543234345484,-427.59855677656344,-1960.1005689931264,-343.4377700894031,-0.0,-0.0,-7.49766273464438,-0.0,-0.0,-0.0,-0.0,-0.0,-0.0,-1549.6196088682093,-660.1781603491692,-1337.4966133391954,-628.9036960057272,-0.0,-595.2058365740742,-1174.8993741983418,-1043.8751283063077,-2004.0053672381796,-1252.713712217822,-65.10341983206825,-31.4665707505585,-1153.9114176743344,-1128.0479181306337,-0.0,-94.96867501400934,-0.0,-77.54312890668801,-797.3827695857572,-194.964623442285,-524.7068725319972,-936.849204830671,-0.0,-0.0,-0.0,-3252.908010386075,-0.0,-93.62809673311999,-0.0,-228.59270716366294,-962.5147788882538,-1138.1860169139195,-732.4036663580382,-0.0,-39.41190890625364,-536.9518880087562,-459.8345536424584,-392.9649998827023,127.79553732782881,-1105.473802327543,-0.0,-0.0,-2994.350464233684,-0.0,-1086.4950987624354,-650.6598774469194,-391.00548250171397,-256.5042632903785,-1242.3676940986106,-2705.797299313444,578.5089329072584,-2182.0512725178573,-1627.8385643745046,-521.7327977820194,-4.3079928218252554,-0.0,1317.2999195999346,1228.8885721128431,1223.6729211031236,-0.0,-0.0,-0.0,-951.1124070636885,-0.0,-289.417788682267,-176.55697349106566,-0.0,-3520.5536609562946,-0.0,-1455.577493650035,-135.43120944526734,-982.3411812203376,-668.1631254129512,-1596.594834211658,-1668.7644314859208,-0.0,390.08885764627115,-2355.1245279694144,-1873.6698595151347,-508.08175594890497,-1601.0030559460522,-1752.313623990677,-0.0,-0.0,-398.58283277038987,-730.8544138149183,-2311.166649034685,-824.7398061219794,-140.0103484899175,-0.0,-0.0,-624.2407824670441,-0.0,-0.0,-0.0,-153.60507644374283,-1220.8866477596907,1617.3825339778637,-1269.2385967372572,571.6799810981557,-812.0673493193752,-958.2865748890947,-8.220856690122114,-4360.974076884146,-1089.3492332000446,-0.0,-75.25534259485589,-2311.2501963345594,-1875.5580888787113,-0.0,4.295764001449138,-0.0,-639.0930571100902,-0.0,-2102.327317975295,-1811.6575552895893,-0.0,-299.5466689234327,-0.0,-0.0,-0.0,-771.7704522954118,-1059.3984886362853,-398.7053245147833,-979.3385657695582,-1760.4166086593932,-883.4264422034447,-475.1780580071974,-525.9038391775788,-0.0,-1596.1191097524822,-239.47414053404574,-738.4954699697291,-1078.3641642453892,-1539.5289605851535,-1465.1000227624415,-411.86445236927494,-1789.8766405138474,-0.0,-0.0,-0.0,-2364.729621769208,-0.0,-574.1650669053719,-822.802600021181,-0.0,-772.2302703906562,-624.4712314372231,-836.7195174775469,-693.2107400565449,-195.04531662630922,-1874.4782262412414,-4769.700936104411,-238.5273880314949,12.729850299963438,-0.0,-116.90892632761279,-7312.3572204230395,-1789.031592626249,-649.0865783923371,-2334.0210489545684,-261.73602596672015,-0.0,-8.254895837645583,-664.0326806206184,-92.73965784551153,-953.0439828506213,-1019.1714420678853,-165.79140578833753,22.342291882276204,-879.3850310473391,-2322.1871906908154,-2034.8271861662924,-1862.394319597026,-0.0,-1512.4004197414058,-0.0,-115.09787555055736,-1096.9872418665902,532.7441367431118,-0.0,-0.0,-327.8974005738801,-826.4483145027438,-798.926135537083,-1282.0423171573714,317.30549128415174,-1536.5505455215452,-73.95401894586044,-336.1431088856201,-1544.8916450719794,-1796.292500769745,-379.2239179678574,-0.0,-0.0,-0.0,-0.0,-0.0,-1798.8687395905456,-0.0,-692.4428985164933,-893.2253286670884,-2615.3137455170786,-0.0,-0.0,-80.25417613244716,1130.9953271265451,-587.7438331643353,-1295.015821226336,-0.0,-1406.8621604521295,-4498.720203096504,-732.1860711581293,-5580.708998104085,-1115.2536829049077,-0.0,-777.301728917865,-2643.8159113639117,-149.81715222388195,-0.0,1161.3163880586612,1332.5404762037824,1274.0578771892385,-0.0,-0.0,-0.0,-0.0,-86.8425670965842,-2409.221739496785,-4.464484915139585,-0.0,-1873.6009017982535,-1162.7018333432547,-364.67793046160347,-4.4654266004018695,-0.0,-123.07165390708458,-689.5438997119359,-0.0,-0.0,-37.86732492423099,198.04678650982171,-2039.165771779054,-0.0,-988.2958330335351,-75.13837443106826,-87.7749249755819,-0.0,274.18919142321437,-96.15215257633947,-487.7768122723759,-1993.5087859262635,-0.0,-84.22707649094828,-1289.7358651202653,-1104.8553556587106,-0.0,391.5932694127135,-0.0,-987.9134882139101,-1069.8017396006587,-7.572895442587083,-0.0,-0.0,26.173369166736755,-260.0067504575882,-178.73132562024836,-80.03666021665086,64.79023916061924,64.81408205001107,-737.2665927155189,-750.7810728953731,-1121.6912405289631,-0.0,-1934.4803622793459,-894.5829840413217,-0.0,-0.0,-1052.8523894857485,-2152.496250812795,-564.6559937692521,-0.0,-2788.6086259509057,-116.7589605202451,-72.67624584278445,-1210.5314831509213,-0.0,-353.86577719735186,-1295.1701955849646,-3.792735789452189,-0.0,-4836.059302541141,-175.63875810331433,-1428.1085495766895,-1051.9849220110852,-1111.353001742689,-2110.867789711381,-94.43165480883573,-818.917130551578,-2018.6843381069496,-1226.0544656066236,-1083.6615920101065,-247.64336774662522,-1824.4344446791456,-0.0,-3017.3786693032303,-0.0,-5380.842537927694,-267.57317410174426,-268.91165262209466,-1369.0633532499298,-0.0,-0.0,-0.0,873.225888133733,26.436437996991266,-951.2757452064938,-1417.7259578324288,-379.66100140697597,-1018.563952618724,-0.0,-0.0,-1391.4324835882237,-321.90945461911156,-441.3105046776654,-198.82550593314124,-0.0,-1520.603867929171,-383.33122483415895,-1703.1187533127713,-0.0,-35.87572433516473,-0.0,-1812.3965856235145,-817.45891845465,-1828.7228985777174,-0.0,-0.0,-1598.2384465331008,-524.9433106251661,-693.4059853662413,-1454.4480649014201,-326.7812134674182,-1216.0522798650968,-0.0,5.383018816605258,-1036.583116459886,-3834.869988459355,313.97491059363404,-1353.4357267229207,-6423.693054250842,-632.0576165795605,-667.6025293017163,-210.47057283763428,-118.17936071573551,-927.2537556800123,349.0286459811163,-100.765788215342,375.7176916563236,-1176.2348012462705,-504.93033758574137,-0.0,-1302.654144906454,-1752.3687100361565,-570.7708757799289,-429.70920550636544,-0.0,-0.0,-34.56074054051577,-1079.6291619478939,77.54772337185611,-2062.6031581674324,-0.0,-0.0,-424.628251983459,-631.1277938673867,-1082.4390693583453,34.062674633858876,-2739.786376818189,-1422.0658332295993,-1343.3610169404085,-152.01144211362794,-0.0,-408.1940084589832,-0.0,-620.5937564459953,-13.295457416951427,-1542.458153575504,-479.74082016137146,-1511.3656421403048,-363.9906545767737,-289.63504935651406,-0.0,-1225.2638846521775,-671.1395481401744,-1218.963679739582,-0.0,-3200.8752088960664,-1232.1830209471977,-1456.4160726160083,-953.6651369587635,-977.5638738757115,-60.79040998557146,-2225.534740905533,-773.3213239212217,-1258.262673022824,-1807.556279169552,-195.2213750892835,321.3271427621187,-987.3086033184932,-0.0,-0.0,-17.032731569517587,-54.77958319453737,-15.337783814731361,-271.65155611042627,-0.0,-0.0,-0.0,-0.0,-0.0,-0.0,-0.0,-0.0,-0.0,-0.0,-1366.1600421112569,-2323.4560044018554,-1881.1299415220378,-0.0,-0.0,1278.804716332455,-409.42226999850214,-0.0,-430.5622411031633,-382.1990686242028,-921.4391083718617,-830.5453698548055,-1061.8782650114686,-3.8543437921553223,-700.9868952700699,-419.64964563913384,214.07757493276068,-0.0,965.9482356250419,-0.0,244.8813985701203,-0.0,-329.4730708380954,-0.0,-452.34916877170974,-1053.480740924241,-1796.4362320902057,195.8552700576703,-0.0,-0.0,-0.0,-0.0,-0.0,-458.124748956884,8.68193109302749,21.369632604034905,-0.0,-0.0,-534.9021263108176,-0.0,-56.48792584015976,-676.505579815189,-3976.324284264606,-0.0,-1276.2817418762595,-0.0,-616.8199059738942,-0.0,-0.0,38.63233382868669,-0.0,-263.9157674115863,-0.0,-0.0,-0.0,-939.7876042895824,-1599.658769865706,-0.0,143.70897734604932,-2138.9244052225004,-0.0,-91.0172201919525,-334.0964683058837,-0.0,-0.0,-1739.7269741408652,-0.0,-780.0340436156598,-1300.5669786585513,-157.49276509885985,-2666.6785667316913,-1715.04930424435,270.5484724718788,-698.1530125750924,-0.0,-1186.8584058253743,-0.0,-0.0,-0.0,-3731.4035550099484,-864.4518154264391,-1386.378625099339,-0.0,-389.41561931249674,-17.806011697353487,-1102.0426139140448,-2103.6852792494874,126.19419105188766,-2510.574581503851,-0.0,-1680.506653304201,-2406.7475974179424,-0.0,-0.0,-0.0,-0.0,-2119.735945566407,-383.3673330596445,-1271.4091911694868,-0.0,588.7411669845145,1326.5429918497573,-0.0,-0.0,-843.8461066529013,-843.2561815937092,-331.00600988829245,60.44911455997104,75.34953871401514,-0.0,-1404.8953121198153,-0.0,-267.4779512126858,-1140.6435993576936,1614.315952680069,-0.0,-0.0,-0.0,821.6812043572135,74.50958928632907,-858.0206475620535,-0.0,-1296.513112240508,-0.0,-949.0256999177909,-665.5161562205773,-0.0,-0.0,-0.0,-0.0,-0.0,-71.23511892428705,-0.0,-0.0,-0.0,-1124.9469009264774,-283.943016249482,-0.0,-0.0,-0.0,-112.11319829932967,-81.6284164799261,-563.3202413692402,-640.3389137765596,-2803.1339628496075,-804.7441719045512,-448.32717389585576,-0.0,-2453.877211235104,-44.69473397664529,-0.0,-1025.3209213905968,-2410.9753881844485,-670.459920980922,-508.4856237255843,-1088.561504791296,-220.88870348036355,-648.9896363377721,-709.6085333816251,-815.5534298742491,-195.45212024266425,-1789.7500373775154,-771.3726437611382,-365.3385540301842,-0.0,-0.0,-805.7961906729963,-3772.9686016284522,-0.0,-975.8177686610885,-413.1975032108785,-0.0,-353.6875298250353,-614.8096598935167,-753.5785028489797,-4.1840970659458545,-0.0,-0.0,-0.0,-0.0,456.6834416450193,-0.0,-597.7896079499692,-0.0,-0.0,-641.2260177359251,-1162.0542535284067,-2581.023161359558,-524.1919449655173,-584.7520300965533,-109.18582656300484,-2084.190387352777,-0.0,-728.8263948322431,-375.53884199817685,-472.34801314811745,-1002.4973456463119,-984.5449451951328,-1430.6095854600767,23.231683228118595,-362.308288221292,-0.0,-1058.4479898336645,-1124.8679955707867,-62.09907425269815,7.3063003810630125,-2367.912761666358,-1201.7113977317372,-711.2468550268294,-0.0,-643.7284657022547,-598.4234687384675,-598.9790276523053,-2206.0310627875147,-8.063983182637298,-0.0,12.660316894726625,-0.0,-0.0,-231.66876389799162,-3305.7171113365584,-209.13017611523944,-1488.9780018068814,-3225.882027407061,-0.0,-4706.81259660716,-284.440409568268,-2336.8717814061824,291.5819362500451,-0.0,1508.0878361102596,-768.8400504638339,-0.0,-2178.398693421544,-0.0,-19.767274738068735,-0.0,-0.0,-0.0,-0.0,38.41764154423629,-0.0,-0.0,-0.0,-517.8397357224992,-1433.1629565077067,-709.2126487079539,-0.0,-3499.1265142950156,-0.0,-0.0,-0.0,-225.2930723528065,-299.0798510925275,-0.0,-1778.1560103291863,-0.0,-0.0,-3505.4911073883763,-0.0,-0.0,6.043126328673549,-536.0022389771275,-21.354910998760904,-0.0,-0.0,-178.46309121794928,-0.0,-0.0,-1344.32118752313,-1185.9576451836124,-1397.4626387889264,-0.0,-267.9285082643189,152.73484528537765,-403.4388015673446,-14377.116004982785,-0.0,-596.9711651178553,-1251.7185343718802,-1468.3072118273176,-0.0,-0.0,20.20309482909118,-344.09863867818916,-968.1503544868367,-0.0,-0.0,-0.0,-528.3961371834004,-2621.9429277137015,-1460.7850084165316,-0.0,-0.0,-0.0,-359.8947314850273,21.279984494787836,222.94524892522415,-1057.1022297982092,-0.0,-0.0,-911.1590644694815,-0.0,-0.0,-0.0,-2786.7522412441995,-1100.010006299259,-0.0,-1071.8719246443575,-513.0202801034368,-343.2205833710195,-676.0513304351496,-979.5283347108285,82.74233696741165,-1056.5376910463924,-1025.4467726046073,-65.27970683444362,-1228.852864430123,-0.0,-0.0,-0.0,-0.0,-618.2996689076002,-0.0,-0.0,-518.3172766979935,-1817.287639988795,-659.3947077299811,-0.0,1425.0586140549335,1303.12339708544,1180.6046749862169,-0.0,-0.0,-0.0,-797.9227324936329,-206.9932155517973,-756.4259670894802,-93.81616804170498,-590.0862370643742,-1607.1483677630206,-1292.1464578723162,-2109.650357969904,-0.0,-0.0,-0.0,-0.0,-991.3060889631394,-714.9418016726316,-1660.818215351764,-441.3840881161193,-1304.6595887010055,-1948.2948674885304,-1754.0756492257158,-0.0,396.91725429523393,-408.0454557291674,-422.1230487499619,-130.44926894178408,-4218.959642980224,-7.455397067306932,-0.0,-751.5676180671352,-1322.0834462579871,-0.0,-45.97923249178541,155.3459026621872,-163.66541791218043,-418.9673047458459,-2008.8484758536392,-393.6163465125913,-1531.189605413471,-0.0,-1799.901454709342,-1551.0458224726872,-1216.512990043495,-0.0,-1705.5198298698758,-615.7746546947556,-720.077333936054,-891.9470555689257,145.81377454535414,-1645.7273765283392,-1318.3112717179938,-0.0,-123.41276969865199,-0.0,-0.0,-0.0,-1042.3204580316653,-674.2319976419267,-0.0,-0.0,-0.0,-3485.3298752491924,-1933.8370251068943,-0.0,-0.0,-0.0,-1451.378586747065,-828.3273804263345,-0.0,-697.1446507148049,-1388.2188346336854,-605.3220963558958,3.7575104883044173,-951.2132208770712,8.241523161030173,-1498.3008760747398,-1783.8331726895447,-0.0,-0.0,-40.412250140529274,-0.0,-0.0,-1353.890903739737,-107.73724901623089,-383.0959979448054,-0.0,-0.0,-0.0,-966.0429933056938,-297.9702714996813,83.44841327437601,-474.30054205299245,-225.53356342405667,-2055.9050630910174,-271.29841143686855,-559.8732703634823,-1152.85339519817,-0.0,-371.9586883256295,-0.0,-1748.793477615219,-1524.5803238167127,-1721.6073732529112,-299.1333662662292,-275.2062818302261,-56.973453726564614,-828.531226389168,211.43549398521213,-0.0,-346.06599737599373,-0.0,-0.0,-421.87997603234237,-95.61556882185177,-2396.847331807847,-2486.32837139599,-602.2234393124302,-0.0,-0.0,-1038.8839533095452,314.7561253172625,-0.0,-0.0,-0.0,-958.8871235781934,-76.65669462904404,-300.5900756685138,-4275.549861671708,-1415.53855017408,-702.978604667004,-405.1058255824177,-205.9944322467683,-850.2267723913948,-555.0098368799429,-484.7869960050669,-0.0,-891.3869763527442,-678.4646627141727,-1559.0968252631676,-0.0,26.04929786724921,-8.199164298171734,-0.0,-0.0,-1461.3631959645566,-0.0,-3712.1185224976853,-1295.9778852466445,2800.026069399154,2694.9379533103097,-0.0,-0.0,-722.9410465652815,-932.8294538686143,-1279.3927320720593,-310.05978284671596,-3464.222127914027,-531.4568483239417,-0.0,-0.0,-0.0,-1428.9880354098325,-783.2706319685101,-180.096416423097,-2546.9868173724412,-1129.8924056464064,-19.913360192373023,-435.42380533096826,-1096.720097803988,-352.41494505781435,-505.058271853371,-0.0,-4.345536750353345,112.83354309527724,-1044.2611457302157,-152.0664382449549,-0.0,63.20678908483853,119.99538516779094,-208.13103789680162,-1296.2337030765266,-2055.441077357646,-75.92596435816453,-1011.3857555682447,-1210.6052604799388,-0.0,-0.0,-731.9050384599287,-0.0,-0.0,-0.0,-0.0,-554.8703651085963,-38.32658277675653,-1198.2224050261186,-1177.2768829217578,-2236.2875178505833,-1027.1748603922736,-0.0,-582.8278336826602,-0.0,-1375.8032194385817,-1397.2451361359108,-1335.5730522371814,-981.350082804136,-0.0,-1469.0987112390878,-0.0,-0.0,-0.0,-3672.8745368941895,-1078.6650205369358,-244.97525625388036,-910.4977185960679,-702.109605982215,-991.6991469672716,-0.0,-0.0,-0.0,-0.0,-5523.465335873553,-734.0090464359799,-1748.1271753044796,-3741.591729117786,-2045.7995547517683,-427.344471813738,-0.0,-1851.4050457003182,-841.4028523259325,-0.0,-287.43794102894446,-371.43212136520754,-0.0,-918.4262861239589,-241.45335994318972,1460.470436888188,-443.9135265233621,-0.0,-0.0,-968.5658096779581,-787.7041997611077,-2163.702838219016,-399.14334855754436,-0.0,-0.0,-658.84126543586,-0.0,-0.0,-0.0,-0.0,-1297.5909416488203,-537.0895294442463,-1216.8801918429344,-484.24747236872037,-27.644796171335255,-737.6506547349462,-0.0,-0.0,-0.0,-0.0,-2319.879393272419,-0.0,-0.0,-0.0,-0.0,-0.0,-0.0,-755.1917132716479,-0.0,-2561.509208521444,-506.49236373110784,-219.70247256797433,-1133.1316336280827,-0.0,-0.0,-1565.2948729582433,-1449.6604940656941,4.0545863915995835,-397.597198462259,-33.5021938680439,-1540.4779478562277,-821.6202444583093,-0.0,-3968.9826093670817,-1299.7711740642055,-0.0,-0.0,-34.183003410452606,-291.22521724907864,-1198.2316518042496,-0.0,-0.0,-55.806747456979096,-1556.9728114138184,-506.0506072503241,-336.5171671472207,-42.476906307640476,-1799.064880611853,-0.0,-0.0,-0.0,-0.0,-0.0,-623.6417731980868,-442.623970493872,-594.1821709550123,-4242.56678451574,-1568.7629606708028,-1186.1644501829796,-18.882972638781574,-818.4616136912149,-1290.1313557616384,-20.04242170422061,-0.0,-0.0,-0.0,-635.4485031034344,-470.900963073046,-1725.9769892852973,-644.2325863193375,-0.0,-1513.3974847435659,-0.0,-717.561421387245,-0.0,-0.0,-2020.6178315601196,-637.1599700210976,-592.3241939307583,-1525.9403882631627,-499.39989459888795,-13.194887285690097,-694.9536725243005,-1291.2032286444494,-0.0,-481.52163955286716,-1194.062592835647,-4292.75081477205,-0.0,-62.11699123587982,-2303.5977009754038,-1488.8550771757718,-1270.3574884721281,-532.0693751535039,-1101.1465527652326,-0.0,-245.44574646236077,-0.0,-257.5593915200839,678.4485139183512,-0.0,-0.0,987.0804827488147,-0.0,-2288.77911028619,-651.3424688033078,-1087.6048213599493,-1083.5367517872355,-1398.3562293807313,-396.53557885172626,-65.04401755350457,-0.0,-0.0,-856.4141700287772,-749.458503576914,-733.8419590461426,-0.0,29.005436194052812,29.353710494987094,-158.47573151609586,-3016.8795521674633,-1852.8650504116067,-0.0,12.958300218943563,-1323.7636851279722,-4147.615648219858,-2625.81490125197,-483.6546072075424,-880.6070553399754,-1175.7958900911522,-0.0,-219.9343167912762,-0.0,-527.1609139142892,-275.8352546903409,-1602.9219075788499,-2248.341576775493,-285.6171601030081,-517.2041123591769,-4675.27619914844,-1198.7467163695019,-422.7216280676018,-478.3218058896916,-1457.73939059269,-462.4614594158542,-7.994887988624199,-1402.753304996899,-1602.7831865852818,-0.0,-0.0,-521.498964353928,-1238.542350329802,-351.622550659743,13.174811282230301,-0.0,-0.0,-0.0,-0.0,-0.0,-40.20603963054126,-737.2150739693033,634.2026364844592,-408.23740647136407,-705.8172071639534,-504.0775744348165,-1088.2086004688858,-1567.734649879243,-1019.6821484515349,-1771.4132164057391,-479.73222724535043,-638.4456280303233,-1474.3889529018716,-621.3398281091523,-0.0,913.3122899360887,-475.33007453484737,-40.676847705625335,-0.0,-917.8984506422325,-541.7708113727865,-1583.425861400299,-1830.5510780248599,-2498.420795737843,-0.0,128.67412946438708,-0.0,-0.0,-1043.082852975348,-1490.6565720442434,-0.0,-941.3130010721852,-8.680140572573976,-0.0,-0.0,-0.0,-2563.3529710642906,-721.3476973607596,-241.0011848712091,-176.78387681034698,-0.0,-0.0,-1215.8153556380094,-1523.5575275596314,-970.0151432586096,562.8343651366569,-9.093199344880201,-0.0,8.709925092075483,-0.0,-1573.881660847089,-589.6761944653535,-1183.5831318214166,-1861.8707151930512,-1671.9027134742246,63.2241185230453,-0.0,-0.0,-1776.8884758008473,-398.25398511269753,-0.0,-0.0,-137.24197902096114,-0.0,-54.17279195223781,-0.0,-1159.3396022489408,-811.966915249592,-0.0,8.716760064002159,701.2016466569438,-0.0,-70.39594284823738,-2272.595760674908,-0.0,-0.0,-648.2593926590607,11.491237380935098,-0.0,12.933871387070004,-417.07741186217197,-1622.0459356342278,-0.0,-831.6621387511346,-0.0,-1106.4253312338153,1795.6552504187503,-133.87696214952996,-1704.0367236617192,-1548.2480994258988,1051.2240575724172,-53.08463569963474,-2413.3079532007246,-797.0198754950787,-927.538637588855,-0.0,-718.9982191051521,-85.7651445775845,881.2596748773309,-399.690700533574,-1501.6035682124423,-0.0,-0.0,-0.0,-747.3098924601949,-666.0432017956291,-628.6881169898024,-1015.8405572344831,-1117.8825812538762,4.402979407198802,-957.9290826786159,-968.55978230956,-1250.1224375957436,-0.0,-0.0,-500.1104898251794,826.1622075645537,-6249.424313095999,-0.0,-1537.7765701994497,-1777.090526487998,-875.7724797724334,-821.9942943633444,-258.72071516251515,-2698.0875269890316,-293.0641051501891,-0.0,-999.5455168132079,-987.4816946065523,-624.9376308653272,-0.0,-1379.9998163041464,-2212.99553672469,-29.32710901865595,-1029.1684087589124,-2463.609062021709,387.83740406115334,-0.0,-454.5720578606956,-131.10588882607385,-1436.1164931485582,-1000.351249336856,103.79654872381379,-121.53491928124124,-720.2562653349858,-462.5225686508842,-561.2527921894615,-738.3392632797379,-562.3600248154736,-0.0,-1348.8756905308708,-0.0,-1230.6003543257618,-713.1927824738702,-200.8281234002533,-0.0,-1837.84830933922,-4896.558328337018,-0.0,-467.04799466037446,-0.0,-2470.8960224404186,-316.14147238132034,-0.0,-335.3355280597324,-499.86766626706657,-0.0,-2149.3736858583356,-1455.1476800243026,-0.0,-3952.5230790390183,-128.57311992712553,-1278.2407417449922,-1395.5642701769943,-1750.3110314487703,-125.61530111213386,-0.0,-909.3076145705351,-2150.0718533698264,-540.1496832278715,-911.2726577567163,-1038.9308172984072,-1748.5449980612082,-2245.8428860853833,-891.0487176735485,-1868.8826219190225,29.757124523216795,-0.0,-296.3997096441447,-1514.2808883171201,-1125.9723477603504,-0.0,-0.0,-0.0,-435.9155704658412,-399.29543669560655,-13.530370586831662,-573.5602372926163,-0.0,-1272.9107120515725,-765.287957427538,-535.6641457606452,1.730201603081316,-0.0,-340.9540110791091,-1570.7315046149454,-1015.2017901718642,-329.30846358492295,-838.2142731047999,8.40213711274371,-0.0,-0.0,-3129.7257303099714,-938.0846658882987,-0.0,-0.0,-0.0,-79.05391370691342,-1062.5934047808637,3.7280999907885715,-1739.3200673603583,-1514.93487837266,728.6056556349594,-0.0,-587.6676239752303,-0.0,816.9787129930941,-229.00641510019813,-0.0,-1653.2682331307897,-315.66916439891617,-1656.797162126332,-0.0,-1557.8415478624995,-557.5580070698672,-227.22896537993128,8.458080259004698,-36.85046358388536,-0.0,-0.0,-701.5325062772139,-1248.547006446787,-0.0,-578.6825002450338,-0.0,-339.70599662450996,-624.0598943995988,-0.0,250.15348939268424,694.3778730391917,765.937534507917,822.6304036114556,725.4161941929345,912.1685142694097,-0.0,-0.0,-0.0,-0.0,-0.0,18.718285642583627,-0.0,-0.0,-701.220387896496,16.946103124299725,-379.01224666078605,-177.1406154881251,-0.0,-907.5462529211031,-1486.8537796206163,-1955.2261189877727,-258.36647513944166,-216.14750490263307,-0.0,-0.0,-561.6338101816166,-0.0,-0.0,-0.0,-0.0,-2682.389624740507,-0.0,-39.790272585178464,1013.6251079409998,-0.0,-1041.7841976650614,-562.9915984903715,1148.2863918888313,-949.9975326400121,-0.0,-3084.9852817005285,-2015.0627351293078,-240.2809557253627,-817.3741926733197,-1308.3891414917914,-569.7150284760311,978.8588679025388,-85.8020518494015,-539.0072676238779,-0.0,-0.0,-557.7841417033654,-0.0,-963.0553335786728,-0.0,-478.14636482253263,-116.05489204261148,-0.0,-0.0,-1238.252243575492,-0.0,-0.0,-557.6961621911014,-1269.5323776012976,-1727.3792355730895,-0.0,-0.0,-0.0,-1938.2356625716452,-0.0,-1213.8638668183996,26.534784925704336,-0.0,-0.0,-1136.293759334714,-921.2056516374506,-1291.9307148637317,-365.9604731439566,-0.0,-1222.584769344927,-285.2478006732063,-0.0,-0.0,4.375970714189963,-42.83714321724291,-3954.943446479313,-0.0,-43.46584588981024,-44.41522279050725,404.24059240168464,-86.84228650830093,-754.6611537814778,-798.5464925344885,-438.42386649141423,-0.0,-0.0,-1581.4639733338206,-0.0,-0.0,-0.0,-0.0,-0.0,-0.0,-0.0,-150.64358958453016,-0.0,-0.0,-1890.5518015958862,-8357.147111975797,-120.75336113156433,115.84040813147719,-479.3652941413887,-565.3649413371693,-444.1360602360034,-3764.5400881656933,-242.35710466326591,-412.6724744864823,-0.0,-0.0,-0.0,-1981.3341962852646,-0.0,-85.62381474918351,-0.0,-0.0,-0.0,-502.27638145188155,-13.328577598238944,-298.35510844245033,-1339.0145638294557,-630.607972510717,-86.82232694230942,-1833.322063029321,-0.0,-84.01507462789841,-1975.7144422355316,-0.0,-1327.0244923968514,-0.0,-1358.7639187651755,-0.0,-0.0,-931.0984193959292,-637.8963795701958,-33.623228261120786,-678.634922210847,-110.09440507822306,-742.0691351301369,-156.56498921630705,-673.0181559720697,-674.51682475684,-2152.9920267762327,-944.8808276801701,-0.0,-1680.3638613394587,-416.1644653307295,-769.7498640503178,-0.0,-0.0,-988.1526997324636,-2175.1842219221257,-141.15148369217735,-0.0,-0.0,-75.59626738512377,-3235.7260557420823,-842.3275782021957,-231.67036778585728,-341.14247119701304,-45.03880930520192,-4315.847561292187,-0.0,-0.0,-1960.1134529451438,-835.9518763419563,-0.0,-0.0,-0.0,-79.1173217450393,-0.0,-1822.1524881379105,-1688.4483180183236,-0.0,-396.8409941032701,171.7163644949744,-0.0,-0.0,-0.0,-986.6342651842549,4.476362421084212,-2418.7224867129703,-620.4816333880209,-1160.5527012322286,-686.3841664836849,-3291.0739831694727,-1439.5517453368584,332.81650077327635,-0.0,-2025.720089256184,-0.0,-0.0,-0.0,-1052.8548932533358,-637.4645645189397,-1222.7497225319416,-0.0,-0.0,-893.6168285019194,-1277.5860661076265,-671.762271034959,-496.1080063114842,-0.0,-0.0,-1300.456219309057,-0.0,-0.0,-0.0,-0.0,-0.0,-0.0,-499.5348428720436,-178.27495438493105,-1435.946478907392,-0.0,-733.4361991356064,-4100.557901512351,-46.10872194594685,-0.0,-0.0,-0.0,-0.0,-0.0,-0.0,-0.0,-0.0,-0.0,-0.0,-1274.0390842459456,-1886.6638520560055,-0.0,300.51376479589464,-0.0,-602.1095977351819,-90.7253146582704,-0.0,-699.8368840081076,-339.4587888384934,-25.358033753405333,-3110.2501651537596,-478.5028127927952,-2937.246143062713,-196.19510246240077,-1841.6794889250646,-1668.6781598761268,-638.5479471709258,4.513201330820206,-0.0,-1227.1586462505704,-2081.4417825787373,-2391.582640257348,15.852679131237247,-496.2791025222443,-1701.3075688188278,-0.0,-2020.7286800995507,-375.86043545706355,-0.0,-2972.15595771035,-0.0,-949.2396319513443,-0.0,-2922.961901826605,-0.0,-0.0,-83.6334746503787,-956.16797925543,-679.1439729303829,-0.0,-1198.7183819170282,76.4019330168954,309.7588630070034,323.38176685522205,-261.6376989334269,-1811.379764674294,-727.3536365376438,-0.0,-0.0,-5677.752206884429,-1289.174129063254,-0.0,451.1992963342168,-0.0,-1639.0700232220715,-569.8843754221567,-703.69276867389,-0.0,-0.0,58.83138956958737,-0.0,-1017.7339081349648,-1020.2964193490157,-1876.1254917532945,-0.0,-581.7063868080633,-2944.8271156354294,-803.579615663241,-0.0,-1282.4607535560815,-81.01232772723446,-1283.4516840334704,4.2659542799292485,-932.9856813606605,-0.0,-0.0,-0.0,-711.7727589098286,-0.0,316.77152641036935,-0.0,-370.61870349195783,-775.7202348563142,-530.3068257465343,-1105.1887240171025,-610.3476234568403,-1709.2249035994314,-893.125121222249,-0.0,653.8204546606697,-2302.2247748145282,-1763.7643146204707,-704.6975589664071,-0.0,-0.0,-0.0,-149.29195999996213,-1119.9132000350837,-322.2082670094787,-732.0609175231367,-1981.2375554186026,-2771.2199118131725,157.64546285429978,725.7256067638041,749.9285356077537,-0.0,-0.0,128.38911400168357,-95.8806032892945,12166.11398256543,2141.8113394508437,3916.738341832623,5922.970764876725,-0.0,-0.0,-0.0,-0.0,-0.0,-1390.633652650448,-1548.2850653273208,-821.8024582462081,-0.0,-2880.7584902018425,-570.889997629553,-922.6838801422109,-0.0,-684.5332258166329,-1302.3734106891502,-979.5929320550206,-1228.0574380844084,-0.0,-3160.518639139357,-1981.4256018598703,-769.4850379730677,-140.42015168701025,-2930.5826207369273,-0.0,-276.6744090302186,-0.0,-92.15742668650272,-0.0,-132.29886155188484,-201.59129942299452,-1004.0343775492075,-843.2979216103885,-0.0,-0.0,-0.0,-2110.3559854284686,-0.0,-0.0,-273.6920423568302,-921.3195094923567,-959.1702468288885,-67.99032106338312,-1053.9237242787565,-1849.1097903461323,-336.9062739745261,-0.0,-0.0,-157.51858788053184,-1588.6271233558296,-448.47624947137945,-0.0,-6027.059801980552,283.1728109508704,-0.0,-0.0,-0.0,-214.2089645403671,-436.34719922685713,-0.0,-0.0,-1206.873344126111,-2024.1489364651188,-1131.9379335501342,-418.6226876279593,-392.61374604988555,-532.0253101919898,439.3179259033826,-1156.9711141217108,-0.0,-494.2715712889435,-2308.76603933858,-483.328880228321,7.907255907837326,-0.0,-457.9350217695408,-0.0,-0.0,-0.0,-1265.4902368379815,-450.61226361167843,-1415.6118902324497,-0.0,-0.0,-0.0,-191.39788430816574,-520.620289944385,-1649.8477195274602,-2826.155390243765,-211.0829689024198,-123.80372197775222,-0.0,101.72409123052502,-0.0,-1126.3504130283313,-171.57330227604658,-0.0,-0.0,991.257522303282,-0.0,-1703.5940137634088,-0.0,-0.0,-0.0,-196.30701854165378,-2004.9387854218917,-1587.299157426876,-31.254494457277346,-2234.5144786554024,-1556.5975473303997,-28.134112843010524,-31.547255978032975,-67.66332583972361,-0.0,-0.0,-2010.4578770805074,-0.0,-5969.747196623145,-0.0,-1494.2768054445442,-280.94904416388636,177.76387291073567,-0.0,-11.512500218136818,-1632.3593431558857,-1575.3659723531816,-554.9654642254734,-36.872097932413595,-102.37571343758681,-0.0,-0.0,-0.0,-0.0,-1072.024581182274,-1103.9483005582033,-0.0,-586.2568861248243,-1227.5629086555434,-237.76802309627095,-30.913160536147753,-0.0,-0.0,-0.0,1086.4525138436609,-77.82715960144931,-0.0,-496.85994974106706,-815.5291071475615,-1508.2953083325879,-0.0,-0.0,-2491.9769466887833,-0.0,-0.0,-0.0,-0.0,-689.8796727253654,1109.4273024554775,1048.0684216550003,1157.4160327357574,-0.0,-0.0,-0.0,-646.472759369197,-0.0,-0.0,-372.91833175820614,-228.60861038876246,-0.0,-219.00938559902687,-1177.940236678548,-1305.1414036479123,-0.0,-0.0,-0.0,-20.77404091217199,-1414.6585846465398,-18.820832420555455,331.2794048681792,-0.0,-1610.4311785427726,-887.1797967691552,-571.6087672501003,22.23931368842448,19.40550730055842,-303.3583874930816,-16.00047776393879,-373.1620646595332,-389.6991669494003,-1066.1132257462484,-356.7991644459462,751.771611827338,-1398.6550851109512,-151.58808853691545,-154.89112769308267,-3591.6495344514915,-2596.924501891296,675.7564399601342,-1156.684043548236,-135.79659626054584,-4.4076914302263175,-703.9648333543493,-1112.225910795878,1868.4400215020348,-654.3520857336774,-669.588498979489,-731.8503087182299,-0.0,-5874.907509546764,-0.0,-545.8813446955005,-964.5484601499415,-719.060973125544,-833.358786956001,-1094.6011965284417,-0.0,-1075.400831371168,-204.93570793459602,-84.0260937885218,-7667.247857266665,388.77527857974536,-171.1811825709539,-0.0,-574.4400568179426,-1107.7894781601121,-0.0,-0.0,-536.47145101341,-1580.5064397790077,-41.26149748066855,-231.6193811654481,-285.5347348463301,-1188.808782363525,-0.0,-0.0,64.79175870729472,-0.0,-0.0,-1716.0037627473046,-0.0,-1964.807930554528,-1000.7264546943571,-1325.6390570490948,-0.0,-0.0,-483.2503916737835,-948.5277687173319,-146.51915082302776,-0.0,-412.31043051218705,-159.14328199740945,-445.70008571755585,-0.0,-190.61903036821442,-454.3886287475867,-2337.3755890017464,-846.2120776456762,-1386.5069408704005,-0.0,-0.0,-1196.5302834203733,-28.477220736532207,-0.0,-0.0,-1325.1918340716377,-0.0,-0.0,-0.0,-0.0,-0.0,-0.0,-0.0,-0.0,-0.0,-0.0,-95.49228510302832,-0.0,-0.0,-0.0,-0.0,-0.0,-0.0,-0.0,-0.0,-0.0,-0.0,-0.0,-303.2874016663729,-0.0,-0.0,-0.0,-0.0,-0.0,-0.0,-0.0,-0.0,-0.0,-0.0,-0.0,-0.0,-0.0,-0.0,-0.0,-0.0,-0.0,-0.0,-0.0,-0.0,-0.0,-0.0,-0.0,-0.0,-0.0,-0.0,-0.0,-0.0,-250.74575865649533,-0.0,-0.0,-0.0,-0.0,-0.0,-0.0,-0.0,-0.0,-0.0,-0.0,-0.0,-0.0,-0.0,-0.0,-0.0,-0.0,-0.0,-0.0,-0.0,-0.0,-0.0,-0.0,-0.0,-0.0,-0.0,-0.0,-0.0,-0.0,-0.0,-0.0,-0.0,-0.0,-0.0,-0.0,-0.0,-0.0,-0.0,-0.0,-0.0,-0.0,-0.0,-0.0,-0.0,-1332.2354881191193,-603.7195866708548,-1621.1657650775285,-0.0,-0.0,-0.0,-0.0,-0.0,-0.0,-0.0,-0.0,-0.0,-0.0,-0.0,-0.0,-0.0,-0.0,-0.0,-0.0,-0.0,-0.0,-0.0,-0.0,-0.0,-0.0,527.9197666746234,-0.0,-0.0,-0.0,-0.0,-0.0,-0.0,-0.0,-0.0,-0.0,-0.0,662.5757656414294,-0.0,-0.0,-0.0,-0.0,-0.0,-0.0,-245.92954760525242,-0.0,-0.0,-0.0,-0.0,-0.0,-0.0,-0.0,-0.0,-0.0,-0.0,-0.0,-0.0,-0.0,-0.0,-0.0,-0.0,-0.0,-0.0,-0.0,-0.0,-0.0,-0.0,-0.0,-0.0,-0.0,-0.0,-0.0,-1057.4995454360912,-0.0,-0.0,-0.0,-0.0,-0.0,-0.0,-0.0,-0.0,-167.82652423471382,-0.0,-0.0,-0.0,-0.0,-0.0,-0.0,-0.0,-0.0,-0.0,-0.0,-0.0,-0.0,-0.0,-0.0,-0.0,-0.0,-0.0,-0.0,-0.0,-0.0,-0.0,-0.0,-0.0,-0.0,-0.0,-0.0,-0.0,-0.0,-0.0,-0.0,-0.0,-0.0,-0.0,-0.0,-0.0,-0.0,-0.0,-0.0,-0.0,-735.6530597280612,-0.0,-0.0,-0.0,-0.0,-0.0,-0.0,-0.0,-0.0,-0.0,-0.0,-0.0,-0.0,-0.0,-0.0,-465.7631870587314,-0.0,-0.0,-245.14719188945222,-0.0,-0.0,-0.0,-0.0,-0.0,-0.0,190.59591299524882,-0.0,759.8593228247104,-0.0,-0.0,-0.0,-0.0,-0.0,-0.0,-0.0,-0.0,-0.0,-0.0,-0.0,-0.0,-0.0,-0.0,-0.0,-0.0,-0.0,-0.0,-0.0,-0.0,-0.0,-0.0,-0.0,-0.0,-0.0,-0.0,-0.0,-0.0,-0.0,-0.0,-0.0,-0.0,-140.6853559754771,-0.0,-0.0,-0.0,-0.0,-0.0,-0.0,-0.0,-0.0,-0.0,-0.0,-0.0,-0.0,-0.0,-0.0,-0.0,-0.0,-0.0,-0.0,-0.0,-0.0,-0.0,-0.0,-0.0,-0.0,-0.0,-921.3128373126084,-0.0,-0.0,-0.0,-0.0,-0.0,-0.0,-0.0,-0.0,-0.0,-0.0,-0.0,-0.0,-0.0,-0.0,-0.0,-0.0,-0.0,-0.0,-0.0,-0.0,-0.0,-0.0,-0.0,-0.0,-0.0,-0.0,-0.0,-0.0,-0.0,-0.0,-0.0,-0.0,-0.0,-0.0,-0.0,1232.8581591705859,-0.0,-316.64187577912077,-0.0,-0.0,-0.0,-0.0,-0.0,-0.0,-0.0,-0.0,-0.0,-0.0,-0.0,-0.0,-0.0,-0.0,-0.0,-0.0,-0.0,-0.0,-0.0,-0.0,-0.0,-0.0,-0.0,-0.0,-0.0,-0.0,-0.0,-0.0,-0.0,-0.0,-21.47113898388506,-0.0,2483.5831440742495,-0.0,-0.0,-0.0,-0.0,-0.0,-0.0,-0.0,-0.0,-0.0,-0.0,-0.0,-0.0,-0.0,-0.0,-0.0,-0.0,-0.0,-0.0,-0.0,-0.0,-0.0,-0.0,-0.0,-0.0,-0.0,-0.0,-0.0,-0.0,-0.0,-0.0,-0.0,-0.0,-0.0,-0.0,-0.0,-0.0,-0.0,-0.0,-2299.9429966974844,-1597.3560528071107,-0.0,-0.0,-0.0,-0.0,-0.0,-0.0,-0.0,-0.0,-0.0,-0.0,-0.0,-0.0,-0.0,-0.0,-0.0,-0.0,-0.0,-0.0,-0.0,-0.0,-0.0,-0.0,-0.0,-0.0,-0.0,-0.0,-0.0,-0.0,-0.0,-0.0,-0.0,-0.0,44.28434157000433,-0.0,-0.0,-0.0,-0.0,-0.0,-0.0,-0.0,-0.0,-0.0,-0.0,-0.0,-0.0,-0.0,-0.0,-0.0,-0.0,-0.0,-0.0,648.7010772151556,-0.0,-0.0,-0.0,-0.0,-0.0,-0.0,-0.0,-0.0,-768.3002953620439,-0.0,-0.0,-0.0,-0.0,-0.0,-0.0,-0.0,-790.3610034791983,-0.0,-0.0,-0.0,-0.0,-0.0,-0.0,-0.0,2584.305118365651,-0.0,-0.0,-0.0,-0.0,-0.0,-0.0,-0.0,-0.0,-0.0,-0.0,-0.0,-782.0538589122937,-0.0,-0.0,-0.0,-0.0,-0.0,-0.0,-0.0,-0.0,-0.0,-0.0,-0.0,-0.0,-0.0,-0.0,-0.0,-0.0,-0.0,-0.0,-0.0,-0.0,-0.0,-0.0,-0.0,-0.0,-0.0,-0.0,-0.0,-0.0,-0.0,-0.0,-0.0,80.11927685489496,-0.0,-0.0,-0.0,-0.0,-0.0,-0.0,-0.0,-0.0,665.9781536242881,-0.0,-0.0,-0.0,-0.0,-0.0,-0.0,-0.0,-374.299409027006,-0.0,-0.0,-0.0,-0.0,-0.0,-0.0,-0.0,-0.0,-0.0,-89.07654893666502,-0.0,-0.0,-0.0,-0.0,-0.0,-0.0,-0.0,-0.0,-0.0,-0.0,-0.0,-0.0,-0.0,-0.0,-0.0,-0.0,-0.0,-0.0,-0.0,-0.0,-0.0,-0.0,-0.0,-0.0,-0.0,-0.0,-0.0,-1964.2716886632113,-0.0,-0.0,-0.0,-0.0,-0.0,-67.34279911449342,-0.0,-0.0,-0.0,-0.0,-0.0,-0.0,-0.0,-0.0,-0.0,-0.0,-0.0,-0.0,-0.0,-0.0,-0.0,-0.0,-0.0,-0.0,-0.0,-0.0,-0.0,-0.0,-0.0,-0.0,-0.0,-0.0,-0.0,-0.0,-0.0,-0.0,-0.0,-0.0,-0.0,-0.0,-0.0,-0.0,-0.0,-0.0,-0.0,-0.0,-0.0,-0.0,-0.0,-0.0,-0.0,-0.0,-0.0,-0.0,-0.0,-0.0,-0.0,-0.0,-0.0,-0.0,-0.0,-0.0,-0.0,-0.0,-0.0,-0.0,-0.0,-0.0,-0.0,-0.0,-0.0,-0.0,-0.0,-0.0,-0.0,-0.0,-0.0,-0.0,-0.0,-0.0,-0.0,-1366.318516778859,-0.0,-0.0,-0.0,-0.0,-0.0,-0.0,-0.0,-0.0,-0.0,-1712.9652725384465,-0.0,-0.0,-0.0,-0.0,-0.0,-0.0,-0.0,-0.0,-0.0,-140.1034668316444,-0.0,-0.0,-0.0,-0.0,-0.0,-0.0,-0.0,-0.0,-0.0,-0.0,-0.0,-0.0,-0.0,-0.0,-0.0,-0.0,-87.95655346923898,-0.0,-0.0,-0.0,-0.0,-0.0,-0.0,-0.0,-0.0,374.0084187879151,-0.0,-0.0,-0.0,-0.0,-142.8368278776959,-0.0,-0.0,-0.0,-0.0,-0.0,-0.0,-0.0,-0.0,-0.0,-0.0,-0.0,-0.0,-0.0,-0.0,-0.0,-0.0,-0.0,-0.0,-0.0,-0.0,-0.0,-0.0,-0.0,-0.0,-0.0,-0.0,-0.0,-0.0,-0.0,-0.0,-0.0,-0.0,-0.0,-0.0,-0.0,-0.0,-0.0,-0.0,-0.0,-0.0,-0.0,-0.0,-0.0,-0.0,-0.0,-0.0,-0.0,-0.0,-0.0,-0.0,-0.0,-0.0,-0.0,-0.0,-0.0,-0.0,-0.0,-0.0,-0.0,-0.0,-0.0,-0.0,-0.0,-0.0,-0.0,-0.0,-0.0,-0.0,-0.0,-0.0,-0.0,-0.0,-0.0,-0.0,-0.0,-0.0,-0.0,-0.0,-0.0,-0.0,-0.0,-0.0,-0.0,-0.0,-0.0,-0.0,-0.0,-0.0,-0.0,-0.0,-0.0,-0.0,-0.0,-0.0,-0.0,-0.0,-0.0,-0.0,-0.0,-0.0,-0.0,-0.0,-0.0,-0.0,-0.0,-0.0,-0.0,-0.0,-0.0,-0.0,-0.0,-0.0,-0.0,-0.0,-0.0,-0.0,-0.0,-0.0,-0.0,-0.0,-0.0,-0.0,-0.0,-0.0,-0.0,-0.0,-0.0,-0.0,-0.0,-0.0,-0.0,-0.0,-0.0,-0.0,-0.0,-0.0,-0.0,-0.0,-0.0,-0.0,-4141.699192091866,-91.16872246280035,33428.71108078225,-3842.8552506070164,-3825.271481984967,81334.89922885291,-0.0,-7482.448772334096,838.7568522141955,1927.8436279920168,-24565.180417665,-0.0,-5168.065425667403,-0.0,-0.0,22736.920767180207,-12812.186625253033,2965.6747937432256,6633.625210755432,-3984.6285604310556,-24134.608950614453,-8897.300534498507,53.584914008965036,-94.87349937909246,-6150.249221324681,-0.0,-12007.991257155238,-17933.82739381475,14090.228406855542,-131.30540207091036,390.26272372530775,46468.327064373545,-2344.579655669586,-100642.71113316798,-3194.537553036024,-23527.370820626264,-15803.392772618308,-5123.153356682022,-6338.125001977932,-15878.95602670418,13208.270038351193,-2237.712959556038,-3562.659093608173,-3395.9750772300636,-11514.364623595491,6623.079248844058,33033.6132455072,-777.714167666388,-183.47449816953466,20689.492791138204,3441.222342914199,-183.74167403955227,5241.71172552765,5796.6878806942395,-5647.950836618099,-7408.482815761772,-3265.3935416181657,401.47990201590363,-0.0,-0.0,-1263.7990241048115,-7827.338704636907,-3856.67465281585,-3330.094326970394,-468.2495199221114,-4940.654717092443,11371.17680261823,6309.801782209853,-8057.382402229103,17349.527608499837,-19280.142414658123,-31546.158366709762,71273.0971894058,-22814.45074603557,-7995.5459601325465,-1898.6476003423195,-3165.6367756077047,-6261.114702668219,-3900.217364716334,-32268.94442247544,-0.0,-14004.173629524512,-0.0,3540.9896671637293,-0.0,-0.0,-13330.426068560537,-1398.2551831895355,-0.0,-0.0,3570.382371017001,-0.0,129.5441143327013,-0.0,-6094.603066280241,-4460.5256369930585,-7674.04400537912,-8466.690882364843,9160.656816125007,-0.0,-28772.90899105733,45985.14971108825,-0.0,-0.0,-19649.805209894508,-8792.457279223441,129.73511985552014,555.169306095592,-0.0,58410.88884619117,-0.0,-0.0,-0.0,-0.0,53721.269846044604,-1476.07151125784,-0.0,-12657.333106637083,-0.0,-5310.8518844564305,-916.6752720172299,-2642.8906021303274,-15357.271288253496,9017.448554568062,-998.2794294206251,-9123.912677128252,-0.0,-0.0,-6536.20883707293,-7010.169311882932,-12330.20823198655,59649.329757768144,-0.0,-212.44955634379463,13527.640941537547,4173.693177673721,-2757.0919848861563,679.7781433561313,1710.1371290803654,-3742.8128260092817,146.72184626314194,-18446.090593272853,820.4607269446678,13517.680556867504,-659.619968202873,10174.810377869975,46249.47311667558,5494.977970630396,1054.425214536462,9479.565770384868,-2010.3215877023188,-7679.03578896012,-8807.303375696236,-15541.851090155758,-0.0,2838.2556105938143,14180.590355968276,12784.640838042988,-8076.548285458297,5918.041546609283,3624.9854076588717,-8963.716849476752,22047.87250469192,-14419.703190360537,-0.0,5347.161432679498,-11731.660571132516,-15370.27018885257,-7407.591854278377,25692.832615672945,2118.5694157589032,-0.0,-5236.023452504255,-0.0,-2424.5122080775286,56.33104839607443,-3487.571811416072,-819.5459385151993,81.03215776599048,-192.05855471312984,-21863.20155849191,-13891.351149708607,22979.026722424853,-7739.200398371472,3420.890226161342,8368.215279304608,-7518.947536589273,-4867.776156046084,-13625.255109536454,-0.0,-1986.5725460969156,-2040.4593845840843,-0.0,1145.8415630525449,-3119.5315850780034,-0.0,-0.0,-15928.11872299022,-3189.4940156319426,3881.021775799845,-3794.7325053960685,-0.0,-0.0,-0.0,56679.06182911824,23472.663948727553,-0.0,-1393.4785718717396,12127.814205243973,-0.0,-4118.049005267408,-2832.5311047029027,-0.0,-5107.846195117028,-7621.645674608381,116080.77435230667,-12282.788046096417,-8890.31980493246,-30767.146879619242,-0.0,2522.184015841336,2272.276928812252,-10042.60372959976,26266.71111906367,-8098.675961789345,-45177.54763670099,-15234.870539626712,-10190.821884846522,-0.0,1285.5891836512328,-4882.6763747958585,21084.54879957527,-2175.5314505139277,84.28370795600489,-11868.546636799894,-9281.668519816272,30425.579828940798,-0.0,-1572.761907649807,121.22837822778457,-0.0,-0.0,-0.0,-0.0,-0.0,-0.0,-0.0,-0.0,-0.0,-0.0,-0.0,-0.0,-0.0,-0.0,-1281.4979378658777,-0.0,-0.0,4214.343248567798,-11689.96621356368,-868.0180809208293,-9292.522743663347,22791.09050676961,8863.464666334665,-3792.9187567444174,2312.972533292276,39469.255377923786,-0.0,-0.0,-3827.4687112957054,2616.461754669682,-6561.134500862345,-8185.959430999596,-0.0,-199.4470011615109,9313.89998570699,-4245.207571292306,-924.4464093842141,3044.075049167547,-27685.19652204218,23044.182529481215,-4819.80183064623,-2121.2525717405792,13897.26983799464,-0.0,-0.0,-0.0,-0.0,-0.0,-0.0,750.3366215855151,51256.99942150022,-9473.757787252856,-7418.031350822518,-12322.66673579957,-0.0,-10174.511444734198,-12473.922552535623,-0.0,-0.0,-0.0,568.25417451085,546.2297369988328,801.5887207131972,2945.0747958917336,-0.0,2578.9301100131083,951.0294300805301,868.6606125139903,766.2976090943698,800.076495269708,3246.758333149285,1714.935045474779,3235.758869086807,2565.2038222375586,2836.985923337903,3127.3465906792694,37169.322495451226,40719.08673680288,38505.15082380763,34886.72724841243,6646.40227523951,6587.857800712652,7599.3491869644095,9415.878608432255,4633.230331969979,1997.735859759017,2104.242698359607,2116.4839294726603,1986.7766907540856,2097.2206058513643,4874.019496226347,3045.848327151061,1292.0392734728864,1242.2277254462063,653.993524541262,381.7663850819609,462.8926530385479,33615.3642093346,36457.08855414064,38695.999231371905,35576.39924863803,54950.00875910505,57848.50030346557,1301.281402940356,1290.9507130766995,1298.6455602386236,1100.8106758694373,1228.882267049083,1281.9304227418309,627.0066473043411,48141.51313014611,51420.81511094067,52478.89914900168,2671.5974146527037,-0.0,6899.174349137939,39302.201452484755,35465.57604743823,35877.92426367648,59211.849732562325,64987.02496977178,66732.68874567022,56079.323245310676,2635.985011354078,2327.0681861741273,4871.362719787494,-0.0,19458.026674426113,22659.458510879038,-0.0,475.6293250832919,990.5680762289471,1556.1550221941243,1425.7312728658387,1656.4190014404105,1467.9722651320183,1695.4640204930004,1375.9689919381092,40300.357643977084,39066.3792758446,38366.015038383775,36166.784175780835,1054.0677408669812,1205.1345035930117,-0.0,-0.0,17166.352797668507,38879.98899942945,37399.52390872826,34918.01482826405,33698.49732815605,-0.0,48714.80986234685,52349.595973908894,1067.6920309064903,2104.3569182503898,2311.5171686264052,2465.451040371109,2217.7066196402725,2182.866876836346,53186.6723329015,50167.241874533975,-0.0,-0.0,16721.665994290226,875.0488248331642,1054.7122914338545,39666.808376478286,37521.266495410804,33796.56668145642,35808.32075131601,34125.23541893201,36274.491973118056,-0.0,15851.67019663454,10078.522298876655,-0.0,-0.0,1258.7353346226662,1382.7897855631197,439.6038448378435,393.4045588321054,322.0803975695722,323.81039053234394,-0.0,1152.3189592433553,1098.6270422634132,1056.2766262812434,1204.1708107937004,-0.0,1465.6607173378977,1528.3836713299593,1934.6873694651129,2068.445073928768,2067.6309247309187,2025.3189698749723,753.3941904353144,918.3520675249804,840.2659960757311,1260.8775421729192,889.1122320082821,798.3345397486603,852.4482036735062,860.456493077943,8123.704923087147,9222.773514815166,41.59268707187931,72.39507263759411,3388.499303695288,15947.785614874092,1017.4029237236529,976.8957083002579,-0.0,-0.0,6369.625659371253,6455.513047979004,6332.340009528419,6265.55236682692,1334.3385816235,1442.8416770826914,38081.68656790765,38774.41183652454,8435.784098942127,7377.308663490481,-0.0,52762.768363670715,2151.409771871882,2022.324939443883,1101.6843800402519,54821.15579534878,58561.337300511885,56665.16488062278,52256.539239916674,428.8024763525597,58951.423706843874,55480.40137201214,-0.0,-0.0,19213.866398903025,-0.0,694.0927511012155,707.5421802981786,628.7947912054489,1678.2284622975587,9387.586614367581,22109.937146020744,1428.6895529326164,1542.970156722334,51.54848414860251,674.8263583816553,675.349161903175,14996.301647370812,1516.2383163267011,-0.0,-0.0,-0.0,1089.5340490491985,-0.0,1161.141014626567,-0.0,4286.259259304531,1002.2352571910176,1129.4784610178829,1069.369465365835,677.8120992585299,655.8950384405421,618.3583620565789,1505.6555617555784,1669.824878021507,1811.8939707875354,1089.949149480508,122.44477909567854,4984.258935102014,52635.12594098036,57114.311328745534,10299.96715683587,20742.72966810673,15619.90359785983,16322.61170013995,2006.989478656935,1831.0227357227475,1443.2106086984325,1442.4632920720037,787.4296789100745,952.2893175260053,2355.21632682575,35537.34665561954,38200.58541189763,1352.573345789627,1383.7093243336315,1339.019992260536,2297.7084812428625,2452.108497982604,2804.9823992101456,39084.097337799896,34987.146980780155,34754.54862292752,38059.37539497262,-0.0,-0.0,-0.0,2347.960896610076,2606.010349642111,2265.1919790625816,6993.911983188712,6104.222824558009,6602.194003820974,1799.999915428176,1897.1309826166355
17,-0.0,-0.0,-592.7852594633896,-1885.3336938385517,-443.0209813522258,-523.6074516529551,-51.41697146633534,-974.4366181539228,-664.841377429249,-0.0,-1405.7126774771057,-0.0,-0.0,-2075.230038772912,-0.0,-560.8094652917825,-418.51049695582236,-0.0,-0.0,-178.24395429178134,-254.04559191298742,-677.0640558071265,-1074.9517870348516,-689.9854722067964,-2029.1534562752634,-1253.125527075118,-0.0,-0.0,-2827.6887534516186,-1706.5055175196985,-0.0,-0.0,-0.0,-0.0,-0.0,-0.0,-105.73076322111639,-305.78878006176143,-1639.7310971302684,-1325.632544627189,-0.0,-0.0,-129.71821704080827,-690.6051092627622,-173.73947388198238,-0.0,712.2025845113383,-1613.1831837660834,-395.4097675163979,-0.0,-0.0,-361.9088422812864,-4.442672476525814,26.368092326828595,-1905.2576294537023,-3285.931134348894,179.93941387103783,-5626.452674196489,-234.53379996189233,-0.0,-1592.6048705753403,-0.0,-639.1510668815039,-2437.3249985714365,-521.8441406147244,-618.0149712087955,-39.83362304054018,-2239.9805658864616,-743.5790752643576,-522.7731596820628,-3004.122285997524,-0.0,-0.0,-2250.6510190731137,-1001.0853000403663,-387.7326984130077,-1869.4210010970405,-0.0,-0.0,-1466.1027813639212,-1578.788888759422,-463.76415434096754,-3835.6504287875327,-62.8831593556407,-73.98968782047811,-1695.9445629676432,-0.0,-602.1660104666827,-1008.8364483495791,-17.30878816024405,-0.0,-1450.624711413239,-83.11421107848355,-636.758852487967,-2228.838199172869,-52.142593115665676,-2239.6346371831364,-342.830427360503,-1421.8237026347088,-2607.8941757461425,-726.8337058560397,696.4496881960108,-550.6012072693959,-0.0,-1640.197438778988,-2343.3345347902646,-4238.147717316566,-558.4309402454024,-2792.141190926507,-0.0,-1491.569880268559,-0.0,-0.0,-502.62035206385366,-0.0,-0.0,-525.926814924734,-78.88547497147339,-1642.6849225862868,-830.7478645163621,-1009.090899906304,245.06024579502701,-444.66922110695253,-356.49096172866507,-406.62709399169177,-15.148882539401084,-442.5834972050087,-518.7513204781776,-776.0027863814241,-0.0,-5090.570875192139,107.76801807032159,-96.06388137107399,-4465.0025302302365,-0.0,-1010.2706012069715,87.55067661431147,-0.0,-644.6163008265487,-0.0,-0.0,-516.1014628710484,-0.0,-339.78671337980114,-956.5460771416746,-0.0,-1062.5383790604062,-274.27404074396327,-707.9416531950258,-2189.069760797524,-0.0,-1709.1086859928912,-1023.6907508849396,-0.0,-0.0,-0.0,57.79946079672145,745.0173659547565,-0.0,-1556.922345206194,-1851.8483086977615,4.457884811362586,-0.0,-0.0,-483.35093207587107,-353.4521267168245,-377.3935440059834,-0.0,-385.29913020851245,-3143.4800409290788,-1152.9991403219296,-0.0,-1245.1843217753271,-2304.507610116306,-0.0,-0.0,-0.0,-0.0,-0.0,-0.0,-554.8554953692026,-681.3861621890585,-270.9309060466883,-174.7851993798302,-1063.445158418493,-16.217259471300356,-0.0,-0.0,-663.7092884186902,-0.0,-642.0099282869891,-200.722655172379,13.560677314605394,194.31085251436895,-0.0,-0.0,-1048.1481804036896,-405.12096272752325,-513.6764058963829,-0.0,-2754.4956085452027,-2172.608585712964,-919.2998469039068,-0.0,-0.0,-2196.300062812363,-1308.3732570215218,-708.093729229224,-26.101111569953094,-1591.3633657896505,-1284.6295881859005,-0.0,-0.0,-1864.7501569680167,-0.0,-925.6816248833692,-1084.213630318621,23.351844998016983,-515.5081747181957,-571.8963802902756,-340.2040234520944,-0.0,-1767.9228939363152,-0.0,-2977.3664701892612,-2525.4303450656544,-199.08571518387757,-498.47735128453036,-475.28324346130717,-0.0,-299.40508885188495,-214.39136750891424,-0.0,-1036.815401823299,-584.4885005898698,-998.6346138020928,-1780.4429883353423,-979.6109179728237,-2129.599587226189,-1758.5812459420697,-2374.5096555887876,-2350.502242854979,-1105.0032604059147,-2176.523590023258,-565.2311160066284,-432.75298585295616,-0.0,-1343.0768355040304,-882.8872618893564,-1081.313688916972,-466.178920037613,-409.5196960198199,-2230.975600420384,-671.8819069877229,-453.5901622531717,750.0210298912604,-0.0,1133.6471805198594,-1468.995799581625,-0.0,-0.0,-0.0,-0.0,-0.0,-0.0,-1341.2581205080987,-2937.5334654603594,-506.3698880493964,-971.8288164666255,-0.0,-0.0,-1941.5459740937356,-1352.6322369825875,-2016.2413740238323,-0.0,-0.0,-68.56647486020759,78.13077137311907,-472.931263802558,-2026.338475238543,-483.9767367860808,-0.0,-434.29449639913065,-736.9294166138015,-12.975619891235048,-1259.5283374425821,-1146.1470264327397,-1537.3844000875868,-1131.3849104730427,-150.71909567803888,-643.3236944157005,-0.0,-1669.3630194701682,-0.0,-968.0679645161505,-126.39648107812616,-41.02930309358181,-549.8216695866661,-0.0,-2394.7131561774268,-125.96754350714744,-640.9266437921201,-1584.6011873925647,-1388.1321644448094,6.422098823091844,-532.2346395206545,-811.3859924240772,-24.89007538901086,-299.46793497942247,-459.6352066714013,-64.04640419658793,591.7174006428941,-1283.8651618994534,-0.0,-952.1758069791276,-1253.5918199494781,-0.0,-573.2985845918828,-0.0,-1575.7707141466976,-0.0,-0.0,-0.0,-1188.4873510081645,-852.82635880512,-411.98403087727553,-0.0,-1434.772758832507,-3158.736194738812,-3671.410060095517,-0.0,-365.9896369781406,-0.0,-287.02938295836975,-365.4719500346927,280.8380092374994,-569.1240848169849,-0.0,-576.1225408432373,-963.3717682228629,-280.2116596414082,-522.4229789305783,-0.0,-463.7727948389105,-1191.9090235037052,-551.901312497756,63.36836091836793,-2471.7604483259024,-0.0,-0.0,-1101.2722057892695,-487.1848402816504,-1224.0692651205459,-71.82518703361167,-132.92260075146172,-233.79303922306292,-634.2465771665139,-960.6791525065145,-1449.268896619531,-2378.147360157659,-0.0,-0.0,-366.75175239961,4953.931410995576,-0.0,-0.0,-0.0,-0.0,-0.0,-2541.964149521308,-509.0960851240099,-0.0,-1088.2846192368238,-1089.586046832797,-616.9423911562682,-2236.7015901301597,-182.54627174615956,-1230.2134106216613,-0.0,-0.0,-2113.579017182376,-643.0559980737602,-1866.442248491652,-694.94029820301,-604.4503276402625,-1701.4507854733154,-259.4758361375381,-1862.244592866807,-1080.6160342398578,-115.84674698206898,-865.3380675155424,-1260.68297755739,-216.54899095906418,-227.49610937267792,-1882.8121514194413,-0.0,-500.6033777806826,-275.0841956349222,-150.43620734926805,-780.6492044941091,-224.64727274759593,-930.7715313271724,-769.5469545054019,-1283.7524072964602,-308.4679326012178,-2625.7785694223253,-23.46788999277464,-624.266033497266,-0.0,-896.9579027555477,-666.2344027400907,-984.1901864069922,-1113.214484646754,13.23915790645469,-374.42271570040714,-821.1759983383947,-820.9590439595457,-365.95480519339316,-1061.353983064815,182.07890179937067,-0.0,-0.0,-0.0,-0.0,-0.0,-0.0,4.593708156183267,-309.71750454326593,-2442.0227687629767,-4421.06677268563,-496.1893101599996,-1070.8377650889238,-144.7862199639684,-545.4376462042263,-1401.540650801127,-1150.9960570887965,-81.8174278671355,-458.14723344582285,-494.2312788623674,-0.0,-133.73895642727547,-1062.5673157361884,-658.956114976998,-0.0,-1355.3009433890481,-0.0,657.9876715287097,-0.0,-0.0,-0.0,-27.395004653385715,-0.0,-0.0,-999.612998906686,-433.8230055176227,-1144.6704040124039,-0.0,-0.0,-0.0,-908.5187800502089,-573.8236086442927,-1396.2123301534534,-0.0,332.2586282109229,-0.0,-0.0,-3009.5677977453065,-1399.2034535629373,-12.908606068646176,-0.0,48.0423075311784,-18777.242863724452,-18059.621049228223,-2590.0824750782126,-0.0,-0.0,-0.0,-0.0,-311.33393002984155,-0.0,-0.0,-705.4018718496733,-2507.54549285788,-2180.0010581584015,-1518.271110569546,-415.1679754443195,-1837.326108455468,-45.999791576660364,-1621.285591492756,990.3529098441318,-0.0,-849.5975078896238,150.49868158844302,-0.0,-0.0,-0.0,-0.0,-113.56100924850577,-0.0,-0.0,-0.0,-791.8692202680829,-1608.0467611228385,-0.0,-0.0,-626.2709925810813,-2106.449946557238,-0.0,-1433.872142315984,-1754.2019804891825,-1832.017780552059,-0.0,-0.0,-242.83818144904774,-76.88652130471795,-1102.2731342463503,-1521.1249382833748,-510.83789086222384,-1430.126189290396,-1241.5994990487247,-0.0,-0.0,-0.0,-0.0,-390.9910401361942,-92.53676614229877,-0.0,-0.0,-191.22886661237544,255.43871668467864,-0.0,-1192.7214120668475,-1123.5318975346008,-1115.2364961023743,-0.0,-0.0,-837.1948346287369,-1317.9585606145934,-763.6466126628164,-419.761729259711,-0.0,-2346.4992825099043,-2371.959320647675,-0.0,-0.0,-0.0,-0.0,-0.0,-1432.57169622573,-0.0,-2128.6638182074844,-1156.5059571494564,-80.28079806083345,-0.0,-0.0,-0.0,-2668.1010286281667,-1556.871697970585,-573.3563235243998,-537.2835717794045,-1083.0361445602712,-813.7724280685737,-0.0,-0.0,-535.1208611992863,-1319.2218817707671,4.409825100117439,-580.6572896767223,-0.0,-1051.9249311655446,-824.1421183730371,-1618.5859634656922,-0.0,-256.2524198368423,-246.6073729508154,-318.46791366094044,-1476.5772259252187,-103.62480305457794,-0.0,-0.0,-0.0,-0.0,140.07183885467862,-159.13596226255194,-796.9415027598257,-1487.4007092032484,-1277.085806803542,-559.8067649592789,-581.0025598993694,-9096.123802017779,-980.6326303411133,-569.4056879141637,-0.0,-0.0,-0.0,-344.09502149986395,-383.58998948909857,-1157.5926255752343,-338.7273647753642,-0.0,32.23334801428304,-0.0,-0.0,-0.0,-0.0,-0.0,-0.0,-0.0,-94.36760415507287,1706.5832141959272,-0.0,-1396.4088130952603,-593.9855917287375,-430.2188461305039,-1880.1847428663334,-0.0,-0.0,-608.601522862049,-734.2820992969021,-120.50884838549919,-137.12374360090263,-0.0,-642.3908967252239,-180.83896588515756,-1970.2368122301248,-386.95874548465326,-505.8596438933134,-0.0,-0.0,-1338.203663659695,-2364.074529596257,3.83928187580942,-560.1242736819065,-421.5174756099868,-1055.642111726101,-1352.9580148216833,-788.0131185352149,-308.5741307432372,-173.81420543047716,-1473.3011763323605,6798.531590069006,-0.0,-584.3483781850206,-627.0601355297086,-1184.0408152834923,-1168.1168519454282,-1125.9311464406721,-1869.5206875797353,-1792.263620970595,-599.6217897046854,-0.0,-0.0,-1765.323108119951,-0.0,-0.0,-407.12431669722605,-1832.759315391641,-1514.010403265194,-265.81735912955844,-123.0521681744774,-1932.8477064085992,-0.0,-1399.975139667393,-0.0,-0.0,-0.0,-0.0,-0.0,-0.0,-443.6821609993211,-1515.1011916044142,-1029.1437178947792,-79.91440122901744,-244.6574793345533,-524.4225603879072,-190.0473443406641,-0.0,-0.0,-497.8508888166125,-623.5632423582615,-3733.628854808804,-0.0,-1265.30786810293,304.60422527717867,109.17714963137,-0.0,98.92437649883692,-162.0060802769444,-99.44194612693998,-514.693936260589,-0.0,-1632.4867811086417,-0.0,-0.0,-1438.8763419428449,-0.0,2280.216400440405,2227.020553439724,2207.6205377513406,-0.0,-0.0,-1879.4144738980533,-0.0,-0.0,-305.32968323752755,-896.5491326186412,-827.4957503727894,-1087.8727216060365,-1059.6081286770245,-0.0,-0.0,-0.0,-15.895841257713515,-755.7168014971437,50.34886059335536,-73.83790341235326,-1158.3779251110886,-961.2160464358483,-397.1598542239633,-1438.3384895266872,-0.0,-1871.822895194874,-1188.6398950699352,-1654.3337453277602,-513.5953846844365,-529.7199449718051,-0.0,-1416.9736158122398,-857.4278128329296,-915.9367690004948,-2084.940348970099,-529.9512704754671,1211.3049300259145,-4.321776740139813,-394.56082324211013,-1249.9373108503473,-0.0,-1622.771070021544,-3348.872040947191,-486.7998644137341,-540.2016264874544,-0.0,-0.0,-0.0,409.27161410592464,-397.9891052865047,-500.97608165137143,-179.35976965054266,-537.6580859475841,-435.077000217053,-0.0,-432.89051341232937,-1035.9670723336462,-770.2623236484826,-0.0,-2024.0646544325566,-4143.385107339818,-0.0,-0.0,645.0256473834492,676.2344333436507,-0.0,-0.0,-737.1435411779121,-832.6662329946614,-405.2463999771106,-681.4664556611265,-0.0,-0.0,-0.0,-0.0,-0.0,-2974.766237366678,-412.59078284891746,-1752.2611786881962,-1068.0636693980011,-0.0,-308.53436203607953,-844.012556500331,-0.0,-342.53270803878974,-821.3507480393605,-1103.6491600053823,-4748.030982181225,-42.511339675710516,-0.0,-0.0,231.50265841186283,875.7407601119403,-0.0,-0.0,-413.41629292630824,-0.0,-33.34182960752008,-0.0,-2631.4930348804432,-0.0,-433.7778735431143,-0.0,-0.0,2003.7858224865226,2279.430487091148,1864.1728225466761,-0.0,-0.0,-454.66259576207267,663.6390221907874,-2406.851292956252,9.176863690953251,105.7674544827905,-2642.556875678979,-56.117990117316324,-152.76040271039903,-665.7054280046809,956.8859824149804,3343.7362123408348,-2901.943580987766,-0.0,-0.0,-960.0737579320933,-1605.6900753850564,-1423.8268175002029,-264.40519332644305,-73.29636387988295,-0.0,-0.0,-0.0,-0.0,-2166.0190749008525,262.097842570109,-0.0,-12.241792326434142,-0.0,-1710.3559624377283,-1867.5489091143534,138.40294464878926,-0.0,-0.0,-304.8702064781768,-0.0,-1756.9053544878536,-79.13331071248777,-1102.6106800078642,-391.088734045509,-1265.5014863923382,-684.058392128507,-1024.6710258806174,-657.2470614656238,-0.0,-0.0,-0.0,94.97958046454538,-0.0,-0.0,-292.7633145460394,-452.87277988549465,-702.0530895140776,-0.0,-1424.9761158347158,-1098.5248501025371,-846.6436329325733,77.90308568283982,-407.0681937887034,141.92767129271397,-330.4754703824967,-0.0,-0.0,-8.65917316030532,-1872.5332070733402,-641.0422606932837,-1000.5005150054818,-148.68073636215402,-2045.089587521402,-1870.2912530645967,-1095.3249068388602,-1131.0519217833846,-110.13619848442231,-604.9652479316082,-712.2505740364666,-1109.1738707413353,-2628.760397098801,-0.0,-1780.4441208914943,-153.9715370916147,-0.0,-2275.8561882339095,-2988.560333975755,-2270.933479304711,-267.0840532867473,-0.0,-1521.6981774460799,-202.27289834173592,-1246.3373243334563,-710.5946432215412,333.4523829724112,-1858.2366561265167,247.75597982064698,2181.6329502110507,-0.0,-223.81021368281918,-483.59563074216624,-895.4183208629667,-1257.7076750668332,-1750.7788720946542,-4436.523214803599,-0.0,-414.69490005841897,-1356.3069054309308,-708.3033248983509,-251.18763131769032,-28.5183254319316,-333.26757701437225,-0.0,-0.0,-0.0,-0.0,-256.04857324274565,-1257.3560974887928,-907.1904890015885,-54.12434669814156,-17.456716484327057,92.16887836634888,-0.0,-0.0,-1134.0081272825526,-528.1167581943058,-0.0,-2298.3297365752724,-29.619416481782416,-1325.8939080663342,-0.0,-231.01554679049465,-190.31678072735463,-0.0,-0.0,-516.086605627289,-0.0,-0.0,-5315.546257501351,-203.6068840541125,-2200.2575777381585,-9.146041955539621,-0.0,-137.16847962702894,-1295.4355307916203,-667.5773373562305,-314.7716749798073,-1460.7753992886942,-0.0,-379.64404035796895,38.510385165237174,-584.5445979259213,-0.0,-0.0,-40.98274878177423,-68.78100334476993,12.329183113354446,-408.2958097231308,-1427.4841392487308,-1650.5392295847255,-0.0,-0.0,-0.0,-7.982471126997496,-316.57529097465294,-0.0,-1451.2895850562725,-2658.4736322756157,-0.0,-0.0,-24.065208336055434,-1571.424164434312,124.1545437643946,-0.0,-0.0,-0.0,-0.0,-563.2329907407975,-2324.7302336808116,-622.9289721144115,-1256.8603821982601,-0.0,-0.0,-681.5914449835947,-507.98088635569724,-394.8932072730053,39.07485267150218,-0.0,-0.0,-0.0,-834.059582157115,-731.0788967900297,-510.96803846134793,-363.4585220213732,-0.0,-0.0,-0.0,-0.0,-2208.2621472591595,-82.43931562098331,-77.5420013061576,-0.0,-0.0,-694.2412625860592,-444.9953261662321,-0.0,-1971.7422684628739,-5225.587436457086,164.9895424294614,-1091.9944697765588,-0.0,-0.0,79.82113578911782,-657.2046982638981,-1763.1427759967505,-508.0656082966476,-2546.623373141498,-1157.1867860803961,-835.894913461418,-1515.4221973559168,-0.0,-0.0,-0.0,-39.528800121435495,-1141.5883877553104,-0.0,-0.0,-3435.248401979293,-83.81011873298061,-1448.2878439994402,-768.4460554335017,-0.0,-0.0,-0.0,-0.0,-0.0,-0.0,-736.9201602014479,-0.0,-1656.1096953246486,-0.0,229.18764330261683,-1147.7456350182983,-0.0,-0.0,-0.0,-2649.842656492153,-0.0,-0.0,-410.2604390692295,-0.0,-0.0,-1000.5130429186174,-644.8223869599027,-0.0,-0.0,-207.9362165506402,-2043.7023977391143,-0.0,-1324.1801774802361,-479.64957106408207,1229.9184107969372,-236.19465051740588,-0.0,-509.1528931039419,-189.54863087852868,-0.0,-19.83117620157964,-0.0,-323.9500210288449,-0.0,-0.0,-0.0,-0.0,480.96835019697363,457.41254807846155,-880.7961081906861,-1836.794821601747,-0.0,82.70030101018524,72.14444248312293,-80.28307307514896,-859.3903477103777,36.2936272514251,-501.4754001303198,-388.56226946039806,-246.5882800675635,-3539.646195694075,-0.0,-245.18762890032866,-1582.0046386118577,-2368.5939757915444,-0.0,-1057.7189616075218,-1470.5149759124179,-2112.330307619533,-770.1267842897853,-0.0,-913.476811345046,-754.4037969274041,-816.1876503652493,-1518.9574211406941,-1012.6746643879491,-0.0,-131.97770917121585,-1282.5462279104834,-0.0,741.6085658936544,-537.4749166812798,1087.145940227342,-0.0,-0.0,-17.220489224854255,-616.5987685960833,-2488.2085586112294,-1040.0807557758,-0.0,-859.0602744621424,-3106.371527439817,-995.2207052278268,-895.7253410861618,-1179.886497965088,-494.15427265583924,-36.45932380574592,-0.0,-0.0,-0.0,-1119.950455286694,-4.407473382526558,-0.0,-0.0,-1972.075841946871,-844.9264576920237,-543.6834042437321,-1693.3765567107857,-164.03984480249773,-33.77568207778532,-2359.556248673141,-803.6011383639822,-555.8559790991923,-1329.3954662936217,-0.0,-2622.71766803598,-407.46155822083784,-1155.6628495237612,-1534.5881907955593,-366.49561419320645,-536.7214040421567,-1511.979647512813,-429.1620440126023,-0.0,-0.0,-0.0,-1380.682994669587,-0.0,-3953.3237401480233,-1180.5863142152778,-1430.2685904864327,-0.0,-0.0,-0.0,-0.0,-0.0,-131.595996315778,-0.0,-268.2954537580723,-976.2080777719701,-368.67589749838885,-0.0,-0.0,7.62458003775837,-0.0,-0.0,28.815170037158328,-264.4547949588025,-0.0,-508.42509546985355,-0.0,-0.0,-81.78051321426952,-0.0,-2978.9572163127414,-2311.7509184733512,22.716238769522434,-6679.186384501381,-1006.1208661867018,-654.857551271969,-0.0,-822.4139219689775,-1329.2490731468954,-0.0,-0.0,-0.0,21.671509092329707,-0.0,-1144.1464529865516,-0.0,-1612.4824233675008,-0.0,-0.0,-2345.95280568749,-1098.506919764844,-885.84993159665,-0.0,-0.0,-0.0,-0.0,-286.6974128679451,-690.9688138875266,1399.165231778623,896.3563217032631,-839.1866339986595,23.45845866066204,-0.0,-345.6912339167995,-266.7940610107047,-1982.9722160481303,-423.63508716087205,-125.58130323644954,-1095.3532344126938,-1351.3752178872023,-1029.6395724867673,-619.0146642875867,-0.0,-0.0,-0.0,-4.485747250663971,-0.0,-1552.8216353189034,-607.2850936423956,-0.0,-2004.2326987931112,-1261.3134908448335,-0.0,-0.0,-0.0,-0.0,-0.0,-992.565744139479,-0.0,-316.85603982255594,-1519.5525557848914,-0.0,-1209.0094490367023,-0.0,-0.0,-0.0,-2438.2667622623103,-1132.0871936990434,-984.2325116137898,-2521.5835321991444,-0.0,-0.0,-0.0,-95.77264832035927,-491.0739026015834,-28.15246921735055,-617.7904672969687,-143.0076733602039,-0.0,-0.0,-340.17418438488136,-1440.9674887094168,-4042.0517836091185,-0.0,-501.1170765434717,-1360.7827826802134,-454.7286591357992,-477.5253425423083,-0.0,-0.0,-3.7854113544161536,-2156.0033703053773,-2068.8289672988203,-39.39707473539748,-1628.1444038052148,-413.10861089108283,-844.2031415008278,9.174337680424356,-1078.2432286665362,-0.0,-2153.2459752640357,-0.0,-469.7259747972035,-0.0,90.11554416705275,-0.0,-0.0,-605.3856982387831,-754.7778007520754,13.519625364417806,-0.0,587.982102694326,-0.0,-0.0,-1491.7330888913145,-1320.1643982234557,-1141.0565192120278,-0.0,-391.925223482588,-653.4083966324154,-1490.2564357511123,-0.0,-0.0,117.1443817997506,-675.5084065774511,-0.0,-0.0,-17.77169895135334,-0.0,-4.337628190827569,-623.6136802693788,-0.0,-0.0,-1356.420911175835,-1389.4676568883697,-83.72526713880674,-7.628561971733454,-128.45461983721768,-804.197854307754,-1124.6684000894697,-1715.4196190950397,-0.0,-944.6102950031159,-15.867269428603429,-42.972301098328586,-1354.6307316131267,-0.0,-0.0,-0.0,-0.0,-651.7895161326222,-4.515453354124214,-9.0461437326568,-0.0,-0.0,-506.8749977937966,-0.0,-0.0,893.7827217480727,-1165.7879230647522,-41.98076375194278,-1968.7145872537797,-0.0,-0.0,-528.7361926205629,-0.0,-309.7424446742945,-1028.0467044253069,-862.3309176204363,-1036.3005378796565,-0.0,-0.0,334.67224554603126,-0.0,905.3446232778108,978.4426380114601,-208.29296859768658,-847.5759157328989,-0.0,-0.0,-38.589713973750634,216.04582202517582,-979.4224575928555,-446.56761017708726,-1301.8339239932125,-2589.184054827321,-2177.7475894551476,27.3305086344235,-0.0,-319.075843469095,-5566.116432528294,-594.2705590066817,-500.4123638320327,-0.0,-0.0,-629.8099967989613,-0.0,-792.3096428957563,-1466.6388401532645,-759.3205001839658,-0.0,-0.0,-65.63259344970679,-0.0,-205.01529223484786,-1412.3701374957225,39.4752618356182,-623.2403532964313,-343.82383593045915,-239.64749815941525,-776.9843560587099,-2505.181443007856,-19.477420642979304,-1187.3497166979837,93.42345113449134,-1014.8665632902197,-312.68168551772857,-0.0,-0.0,-141.43245055531398,-0.0,-0.0,-1909.283659953209,-599.2202500326838,-0.0,-792.390534198284,-503.49414496441426,-0.0,-0.0,-1476.0100780614548,-972.4030121128975,-1494.034724678497,-1402.5416711133812,-0.0,-148.80670646950566,-3199.388610064393,-890.5963020543327,-412.48472210532594,1888.8968482840726,-1503.3634138257885,-1201.4251790147935,-12.219981330188805,-934.296562279191,-17.107950742121552,-1655.0257845202345,-0.0,-3488.2313490185593,-605.720879976653,-0.0,-1506.6033554520031,-1678.6366540718452,-0.0,-188.55628757273635,-891.5177329126695,-1088.6185207287172,-1407.2211400243066,-731.7601719928333,-496.40223920522345,-615.2628997477264,-0.0,-280.9161432865135,-0.0,-2442.168335975142,31.473656330363628,-3316.201647955854,-795.412955399322,-0.0,-0.0,-1227.564027744771,-883.4996062767282,-0.0,-464.35158792698036,-0.0,-0.0,-791.9897089859815,-0.0,-0.0,-0.0,-0.0,-0.0,-0.0,-0.0,-750.0538639550929,-492.24769879400134,-2934.7915099524857,-2548.6358037850773,-0.0,-0.0,-1223.6999393435258,-1963.9930325860716,-474.36753559980633,-204.35435808320898,41.86212366135996,-0.0,-1567.5446659608263,-0.0,-2681.2215174334406,-0.0,-0.0,-0.0,-0.0,-1613.125962715446,-212.05833255672633,-352.4685302274418,-1193.8527275226684,-1201.7410018878822,-686.0023790649058,18.369216281814168,-1169.0363910598794,-0.0,-0.0,-0.0,-0.0,-603.2621009032522,-486.3604842103123,-1358.271156858411,-0.0,-1087.85327383141,-6398.377001436671,-610.9342956892125,-719.9676664060609,-3149.068333507016,-722.7205491611078,-0.0,-457.357600272161,-430.19829020504096,-1150.7642496582503,-601.9376147613759,-1529.2098522975355,-1431.7109030968172,-0.0,-0.0,-0.0,-0.0,-1562.2896323954517,8263.047256293225,7142.2567613829,-0.0,-0.0,-0.0,-0.0,-2053.4070878491952,-935.6895379858594,-91.22650038697213,-1401.426538218401,-828.4281398082867,-0.0,-0.0,-0.0,-0.0,-642.7520543935864,-0.0,-1842.8858208616734,-227.14579297184204,-0.0,-0.0,-0.0,-0.0,-208.9886227464582,-436.94028855385255,-465.8008273207531,-842.2535387079558,-918.4088591646918,-1210.3967811840585,-906.7144717717862,-348.85114109815595,-1158.8699632323878,-1505.470882749028,-1184.9158430528748,-1762.3437846660945,-198.6577525299347,-1289.586918959193,-1115.5490269911031,-914.8093357654952,-1645.8928304057401,-565.5055096029229,-2193.0291989714583,-1616.5191870512776,-1448.8862136842652,-615.7672452226752,-651.218944537144,-1101.3992706222753,-0.0,-1063.620826598902,-0.0,-2949.283901095973,-679.5056497333359,-241.74196329275603,-1763.5916424914542,-1435.4674734067341,-1196.3419734361871,-0.0,-0.0,-0.0,-0.0,-798.8591624065664,-3735.0465944819966,-1382.7085361416678,-0.0,-0.0,-1090.8225349287277,-0.0,-0.0,-1020.8900661434184,-392.74951022337336,-1066.5369207506087,-819.6828116048938,-939.0784109801868,-683.936031000788,-1936.2679802745363,-0.0,1240.2356424256818,-0.0,-0.0,-1025.3307715754743,-5669.113781658756,-0.0,1697.4943168186198,320.7353285801682,-915.167797759247,-0.0,-0.0,-1512.298883920953,-1039.0976004346473,-2289.9566184684268,-2015.0603795610982,-386.2911730049053,-0.0,-469.16032268962783,-185.44777778882062,-0.0,-918.1851235957204,-0.0,-1647.4085299630744,-2327.1216918589366,59.27560529773284,-2255.073918575764,-1982.3639434884185,-0.0,-488.8007260633347,-1566.648178841784,-2184.5410173703995,188.5340071333631,-417.3588983706103,-2510.707183873096,-913.4304751153062,-793.4174816507168,-893.2434684555421,-436.36762021714964,-1021.9832031644162,-1494.9478482412062,-0.0,-946.5743737165982,115.40306619736921,-1368.096232146206,-0.0,-480.7363613236861,169.87597361542603,-872.9853956493092,-776.8909763270016,-0.0,-550.7789316827793,-354.8962973233213,-1807.7598312034565,-1095.974438584701,-1436.8970616074912,-863.6011218016648,-823.0173070737369,-1009.9278720086321,-1971.1909414163656,-69.64500625924694,-0.0,-537.5605525197507,-643.0726293501731,-1436.0713028402063,-2078.605565299102,-324.48664321480874,-769.7658556781993,58.369438354590194,-895.917566838837,-532.5713458799285,-968.6531480216877,-0.0,-955.404853963856,7.924876738757358,-2193.9088722866622,-0.0,-284.3532591924612,-522.7870656341312,-777.4526779264663,-2246.60229840062,-156.00728352702265,-1430.7303340258009,-719.8320117362636,-2551.188867387463,-0.0,346.955872433548,-0.0,-0.0,-220.9496553991907,-0.0,-0.0,-3595.1557092084827,61.33201605412489,-44.685778982190236,129.4328908203426,-1077.6408156194173,-0.0,-0.0,-0.0,-0.0,-0.0,-27.795717108243938,-0.0,-783.4681425625243,-0.0,-362.31807886729774,-1764.5004466353673,538.9036932635385,-3237.215049808901,-0.0,-0.0,-0.0,-0.0,-0.0,-0.0,-0.0,-0.0,-0.0,-2374.269501442701,-0.0,-2597.8894230201245,-3210.9260244456163,-0.0,-0.0,-0.0,-0.0,-0.0,-744.8485604043417,-970.6937923280135,-0.0,176.59578965454995,-638.1128367564112,-2221.358471658317,-593.5094915328092,-0.0,-600.3060441888372,-823.5022748409033,-0.0,-0.0,-585.1195365195754,-893.343758222807,659.026443576502,-458.599886194666,4.338216300289277,4.356277665914411,-0.0,-0.0,-0.0,1434.3239018825752,1694.2187693008186,1412.525459145309,-0.0,-0.0,-0.0,-670.9352853022871,-0.0,-0.0,-978.417360602721,-88.68202140734945,-465.81217085116094,-58.57243333441983,-974.9077581717006,-898.5428544378577,-1259.3236821705632,-579.7940911092217,-148.7661289562832,-1081.7917730295305,-0.0,-2004.7886538289283,-77.4465297981319,-583.6704463060303,-869.6740598136169,-76.17693350253695,-0.0,-1130.5235785259865,73.27594071939998,-0.0,-0.0,-0.0,-0.0,-0.0,-1434.0021462455693,-2862.468305244034,-0.0,-786.0941089148081,-8.161046212349085,-0.0,-0.0,-0.0,-535.8418421984663,7.673757195257177,-0.0,-1125.650409328925,-776.9943497914331,-0.0,-0.0,-537.9828730219347,-0.0,-0.0,-1669.6396272995637,-1391.6602267923902,-0.0,-789.7937765390078,-2172.5868918266938,-98.4723426306413,-0.0,-0.0,-187.41259572629508,-781.3812699620842,-291.337612617862,-309.48447610959664,-217.06081929527627,-0.0,-0.0,-0.0,-1153.6046910388882,-877.4293663526151,-2059.5235905162103,-122.91493762721305,-1251.477336466512,-42.261098409503724,-381.10681677115133,-502.7536247805655,-2006.5860296669855,-0.0,-0.0,-831.9434837628226,-1804.6540490799482,-0.0,-0.0,-0.0,-562.3842403339904,-2351.153600340022,-3392.4610276079434,-0.0,-253.35691767800122,-92.95937031248167,-655.6381588038014,-569.0270749823226,-1625.8766177635914,-0.0,-1415.0307182027468,37.77769201966663,-7.724875164788988,457.7702199210112,-0.0,87.5310871101542,-320.56192191924043,-410.0377223319464,-54.03717342399259,-0.0,-0.0,-410.24291888984095,13.444602616332764,-0.0,-1554.6616786513314,-963.2696248935906,-947.9489028451738,-740.932159439022,-1133.8565642556146,-1515.1363937144386,-0.0,-0.0,-0.0,-0.0,-0.0,-368.02615173170665,-527.6024618320617,-1161.0932424150285,-1402.5617646829428,796.537727455582,-1466.045710507548,1435.2431920363213,-0.0,-2243.96468975231,-1496.899563161171,-692.2320128454444,-19.535332434297004,-189.31294590010705,-2047.5948909705419,-383.2774264155898,-0.0,135.47447590908828,-772.7218518678688,-0.0,-0.0,-530.1892632307871,-365.6584782191457,-392.417160278115,-1179.8910274448006,-1408.2605516767455,-0.0,-1625.941835771568,-1311.0611123980468,-4997.297346194343,741.3988888953709,652.2898604308034,741.4945151295755,656.751200111402,-0.0,-0.0,-0.0,-0.0,-0.0,-0.0,-0.0,-0.0,-496.3295314957413,-0.0,-46.584053058086255,-0.0,82.91967487287525,-1080.5605948044906,-1269.0495292498194,-1902.5178459542326,-0.0,-0.0,-0.0,72.19015361959354,-3142.8038200841297,-748.255423995077,-2800.105475234464,-1626.579754209494,-0.0,-0.0,-321.73590358084545,-1326.383450695077,-0.0,-2072.755778741388,-562.092537434906,-0.0,-0.0,-0.0,-2623.007119758326,-0.0,-0.0,-0.0,-0.0,301.2289704873712,-0.0,-0.0,-0.0,-1030.6576439245162,-0.0,-0.0,-0.0,-0.0,-0.0,-0.0,-0.0,-318.771621936909,-1062.762981859886,-1481.7542167130412,-1394.0225000794871,-610.0308102248318,-993.7495009769682,-56.55678486944339,-0.0,-740.2269179382453,-48.24583936538954,-0.0,-0.0,-0.0,-0.0,-692.034244062656,-0.0,-589.8240740578076,-1273.9477112261366,754.2571744116154,750.5247309842364,819.0578105333799,776.9269693123348,751.6388454028435,-0.0,-0.0,-0.0,-0.0,-0.0,-0.0,-380.9484680204791,-0.0,1961.1692422516912,998.9624519479453,1099.0797082383383,-0.0,-0.0,-1308.3675457570137,80.07153419422178,-50.6739831627206,-2425.4919843257803,-0.0,-1872.9817264098833,-0.0,-13.006951679288884,-0.0,-0.0,-642.0532675957337,-0.0,-723.0328930920941,-531.0353680216567,-366.56486898214075,-0.0,-28.105249324138203,-0.0,-881.3322683949629,-0.0,-2156.132164524202,-495.01930134191366,1813.5881094977005,-1924.7983980965514,-868.4966464725824,-84.00675567111374,-821.9831497153024,-0.0,-505.21245627531204,-42.417688589609206,-2681.9286635340513,339.1048743372937,-227.72807406227875,575.1321745204503,1159.3708922235135,-0.0,-310.92229992451945,31.32867683573635,-1031.7869771900134,-1172.9075108305717,-1451.002034612541,-1968.559088700063,-0.0,837.8567603193055,-0.0,-385.3049430121483,-2562.377284372582,-1240.774886273658,-0.0,-1247.0536805879597,-309.55911196246166,-658.1556482940691,-678.9439648466432,-266.5384181759394,-1594.5954639490415,-0.0,-1797.7904060046753,-405.1950107058173,-1568.4144485860247,-350.979007335077,-0.0,-0.0,-0.0,-0.0,-1392.5051487348335,1036.567284601901,-972.9865517612618,-701.9573650699906,-0.0,-50.75410803460663,-0.0,-0.0,-893.6773480050981,-756.2320981350048,-667.135925965731,-709.2319584664697,-0.0,-0.0,-0.0,-0.0,198.30613365621167,-0.0,-605.3569350058502,-1940.9900304656555,-1024.6160387159987,13.052629293918617,-1442.7695375757392,-0.0,-0.0,-0.0,-632.3057348390823,-819.7351455691021,-0.0,-1558.3188402246851,-0.0,-2962.10736137307,-3673.7264342844674,-0.0,-91.78873952307958,-0.0,-701.1437707030093,-0.0,-0.0,-0.0,-2334.0040202513646,-1115.9828216441308,-521.3646298458798,-836.4356551814815,-0.0,-0.0,-2197.926249483147,-0.0,-544.6084476986746,1071.7325223438984,-1018.468208987346,-681.4604561507368,-495.5613255976503,159.25396822277514,-0.0,-0.0,-1369.5802789072684,-0.0,-565.0646619154821,-91.46853723276756,-411.0802235770108,-312.42025254176406,-0.0,-0.0,-199.0570587331133,-682.9329576736642,-1007.7950416612596,-545.0491593410856,-1209.1741919878182,-82.62514329068958,-0.0,-130.90466913773076,-1960.615899326182,-1133.0447842955773,-0.0,-0.0,-0.0,-567.7706670436489,-609.8759717349614,-1470.7621236435625,-0.0,-0.0,-0.0,-0.0,-0.0,-1497.2496682387261,-662.4125172136469,-0.0,-573.055875684825,-0.0,-17011.671828128325,-759.105989892779,-266.8034640598364,-446.8675936138194,-0.0,104.48565128933134,-1764.5437381987986,-2607.738861197092,-0.0,-0.0,-0.0,-737.3142179749287,-547.0401252844238,-980.4493182377802,-1021.5603654255356,-526.4143867578495,-0.0,-0.0,-1668.652471344983,-610.2102720309239,-2464.2190509200855,539.3528784133032,-2040.5441933963104,-0.0,-0.0,1655.9679552615328,-1024.6882052240953,-0.0,-190.10032940370448,-340.2107307483859,-620.6485201469111,13.186457398696158,-840.1729265237566,-0.0,-0.0,-1265.585104110859,-1361.2226453764924,-2552.6495301001805,-0.0,-0.0,-2260.9902467717084,-730.9168292949212,-764.8959851538367,-2347.7504865400256,-1515.9118076866016,-0.0,-0.0,-1083.7978585295757,-0.0,-266.6737176213803,-1593.3254166819513,-1518.7255909868986,-0.0,217.19174362139862,-766.2804046693136,490.49751014638963,-185.78302787204206,-357.0624533454755,-0.0,-642.8575867926654,111.89491256597103,-195.477951621461,-369.32894132984836,-2632.245484817181,-2151.533073667432,-89.0673940056662,-4911.294389967294,-526.7681413400029,-1065.5458337963296,-48.679674929028955,-3812.003308596451,-325.39605379243454,-775.6987809548293,-295.70349032031453,-1787.8860714488455,-1277.7341846861564,-3194.9387631472805,-4374.424791183651,-41.52077440223361,-626.2641129458615,-1571.8380240673982,-1054.3704494401238,-0.0,-3964.0293675679254,-0.0,-493.9629517151549,-1478.9231009367782,-1267.4563000900105,-0.0,-0.0,-905.5475463337993,-275.3028105354034,-0.0,-1437.5841555437587,-0.0,-757.3906127875645,554.7624951906992,-1458.026209660109,-466.65323210416597,-7.803391384182683,-59.393813778153124,-0.0,-1854.213073718623,-553.2771697029768,-0.0,125.89304158620571,-0.0,105.49392061852315,-132.85834876735228,-0.0,-448.46562682002104,-1267.6305692651547,-440.47780893552823,-806.7304959867897,-2216.7093622211437,-0.0,-3764.218496835566,-1901.385410468912,-2498.2368322799402,-2292.279659614051,-71.4750250150364,-163.30183719039417,-600.5052892015854,-1215.6263215373688,-0.0,-0.0,-1026.5385669144996,-158.01875187282724,-0.0,-67.69597706116257,121.68549224096114,-2281.330050170501,-0.0,-0.0,-1150.9581648359908,-0.0,-165.46576657391643,-0.0,-58.448248860944204,-198.66179368625944,-0.0,-333.0260125366047,5448.411606901509,-0.0,-0.0,-1510.9189689027348,-663.8015608165468,-250.16422884826082,-0.0,-0.0,-0.0,-550.071729494953,-1975.736748059882,-0.0,-0.0,-0.0,-1878.4111742503926,-187.17866758906305,-0.0,-0.0,-1667.6734396617733,-695.8905949418275,-349.3369553854501,-364.0156963751926,36.381295892716665,-578.6164133626955,-362.091763548365,-268.1786168481438,-2062.55154748131,-0.0,-0.0,-969.2559816997442,-837.3606093079736,-2515.6751874750557,-0.0,-0.0,-2232.913271364062,-527.6573732599528,-1407.3222981609786,-491.47715095539485,-677.6643214648839,-2200.5340661760833,-692.0632222079525,-82.00664074439007,-851.4888012010719,-2249.421265980103,-1766.7838886886964,-1181.036208959848,-0.0,-503.04916103106797,-0.0,-1645.9459097941249,-385.5124707049555,-201.6308541518869,-578.1354217881378,-869.4083637595436,38.130674875924896,-0.0,-1034.5126269736127,-603.9884399798325,-83.34434422389661,1440.992073872119,-65.30647001770463,-0.0,-585.7819094338502,-396.377231061335,-0.0,-670.3545993359517,-1463.1198727094356,-0.0,-0.0,-0.0,-0.0,-341.05565521160406,-703.621471150752,-352.68923149950166,-384.3407363628819,-334.40821778320463,-1807.3137340180251,-717.6528932606909,-1207.5821884488125,-2299.0470331906313,-1659.262986323507,-0.0,1013.0433688363565,850.0836941615822,547.5299489880966,786.2006199792215,637.6760919217197,-0.0,-0.0,-0.0,-0.0,-0.0,-0.0,-0.0,-0.0,-69.85830920350422,-780.2706608162003,-497.0766094254044,-325.56087420620725,-1002.8884893237577,-117.45060957981109,-339.7974861550969,-1090.9158591602322,-279.81560432600395,-1695.070702908846,-783.0374202159107,-107.57812079173893,-444.1090772835934,-8.531821573184274,-0.0,-836.2974055718048,-162.7153383225614,-124.14483361495427,-821.9544124171553,-432.9695751855403,-1594.7307533125427,-258.0426920455873,-0.0,-0.0,-2171.5316491371295,-420.2329433652586,-271.90638447287887,-492.81854198319013,-857.3656416816419,-452.2454324793731,-351.28840340243846,-0.0,-467.80375880884407,-526.9568942001731,-612.3017323499173,401.4022849320661,-1324.4004485314051,-1827.09628618243,-486.3056553751822,-633.065687001905,-279.2716582673819,-12.917177449136167,-0.0,514.4608718471392,-911.1117300615077,-48.4419731876831,-1695.3518028847966,-0.0,-0.0,-1253.3707851761544,-466.18094434272984,-0.0,-700.293921172917,-686.7056605403559,-825.1964774981302,-0.0,-790.4562431931411,-561.2094436989579,-2062.9215984906864,-4121.321882089279,-394.9217548757206,-0.0,-44.50849217600378,-395.5632679217469,-1618.7903465095421,-198.145248279981,-595.7547611474587,-627.944251046438,-720.8863330595119,-184.37586778808407,-0.0,-0.0,-1264.4045425667102,-33.927298805609944,-414.5776182999839,-658.4821231279499,-1404.0997821744868,-2293.3414514266683,-0.0,-448.03903199309894,-0.0,-0.0,-0.0,-0.0,-0.0,-50.94972494258694,-156.5878321709931,-387.73321618139397,-0.0,-0.0,-0.0,-0.0,-0.0,-0.0,-942.5965505700514,-2041.962596906029,-425.3910900801441,-469.0427880144999,-43.25552853062053,-0.0,-0.0,-454.8087513249391,-0.0,-0.0,-66.42328253776246,-2336.1074411958325,-0.0,-0.0,-1301.0279331678996,-589.9347487026148,-901.6953857166945,-927.6788109306525,-776.0935204057954,-0.0,-0.0,-1180.660817693657,-1974.7708523459376,-1036.887966887031,-0.0,-1023.0083494408864,-144.52183036014358,-302.22182108844225,-675.9757348029082,-7.701216741745758,-616.0705284966858,-1797.5324521270454,-0.0,-1517.7596742916244,-169.08768494368937,-580.1975387683826,-1312.5466105631758,-131.5488780588059,-1070.5243335019813,-0.0,-1132.497586295465,-30.858770961530222,-1996.915108805162,-1962.2778924901681,-0.0,-0.0,-0.0,-0.0,-698.1853974988221,-868.2669121108779,-0.0,17.889489408062786,-410.3793338051965,-932.732783030994,-2067.5632788436797,-2386.5262053068054,-346.9560300033526,-0.0,-930.3012185133964,-692.9423530705029,-1854.6213931979587,159.2556331768505,-0.0,-2980.333404533102,-808.3032104535215,-0.0,-183.64713728542392,-1524.309040133003,-0.0,-0.0,-639.1117533654185,-1407.2385838892044,-0.0,-1025.6243825213355,-1400.6627797187086,-0.0,-75.69512869796743,-519.6944685599478,-0.0,-1504.4929489716185,-2406.286147266829,-991.487742323892,-151.0336170237999,-1873.3622849275034,-75.75354681721808,-990.9925520020574,-591.369844697148,186.99820951546997,-1139.7989964580627,-1254.481792377447,-735.3066770033779,-1255.959927181911,-425.98266798034234,-531.0080839793179,-634.6413644578325,-2002.2885841232442,-0.0,-0.0,-1706.6859650181393,-301.89806476671214,-0.0,-1527.1588106534514,-1122.763507230089,-0.0,-2609.9999129264465,-471.2962677573141,-0.0,-703.0369560475455,-0.0,-0.0,-1199.057474991453,-1004.9514305823707,-0.0,-0.0,-0.0,-818.8341052511153,3.949935563034925,17.0168542651857,-303.2117560295198,-0.0,-1839.8671613480205,-1476.4983497759808,-533.6619315296749,-2066.150455865172,-0.0,-76.87823918860254,-765.1437083906469,-0.0,-372.95279954084907,118.14865553170408,-1218.6093373148067,-959.5230642158392,-721.3501657184776,-1124.952914538972,-0.0,-0.0,-0.0,-872.1782428574402,-0.0,-254.01620507618065,-892.9159480221415,-243.67010047768878,-1296.5448928962235,-2174.2257159311907,-554.2933690490183,-1999.982839961315,-0.0,-800.5737945261277,-1690.4287364706477,-524.5492131092843,-1163.7819402590244,-269.72097279934223,-585.2390779442921,-1453.450098744943,-0.0,-0.0,225.10630074514,-2441.4031631660346,-898.7922411139259,-258.8336842056672,-0.0,-366.920075758884,-271.8836475199983,-576.3584420014977,-0.0,-0.0,-700.3286880351001,-0.0,-57.371913140328076,135.06261022988292,-85.8320136197223,-2223.7678517282775,258.95849418387104,841.3708704500363,205.54762263156937,542.5193091474733,39.978936928513534,-0.0,-248.16121229998566,-792.7575784192458,-294.8775750663839,-57.605888850815084,-0.0,-0.0,-0.0,12.362145654246646,-20.48998089509872,-920.6640812715476,486.7881318597854,2213.271495696072,-0.0,-0.0,-0.0,104.30435048977778,181.4622106350949,-0.0,-2927.00717040597,-0.0,-0.0,-0.0,-0.0,-0.0,-2475.6580458680705,-245.49552052530638,-0.0,-119.70849416967948,-1659.9894815251307,-129.69231068438685,-1033.6708213751617,49.18218264745009,-1935.1451149137388,-3582.889586845807,-1819.4681401701089,-0.0,-0.0,-1397.779839078585,-999.0662089591086,-750.38444872266,-414.34008064484783,-320.105930660164,-962.5429302558409,-912.9004546929834,-5405.915629920143,-633.3657158496331,139.0351585831903,-622.0005226362637,-856.0899630741202,-653.638636589885,-608.2735934288319,-7.799122349193728,-1851.3238125021262,-833.1477032202921,-564.9270385781581,-0.0,-0.0,-0.0,-0.0,-227.65403017618954,-1202.6148741494812,-0.0,-1270.679683686044,-1536.4496951959304,-0.0,-0.0,-1357.4111699871605,-0.0,-0.0,-193.02315917190916,171.4349386364553,-0.0,-0.0,-2435.2835770211973,-1148.5184982837677,-114.27143388656356,-1203.6596471614662,-1255.535525693303,-0.0,-295.0290622239431,-478.9991691921295,-0.0,-1464.8662533216452,-271.546497422905,-1014.3219091725522,188.7247803810571,-839.5054001423638,-194.76523063342893,-339.1647493546215,-47.870226617278284,-44.757102802477675,-538.9885586358291,-763.6328937888813,-470.37410052538553,-770.8417205154344,-0.0,-101.07102557555545,-643.9910733435946,-273.08757783415604,13.680999342585833,-0.0,-973.240083274978,35.09090118583206,-1108.4864982265049,-0.0,-0.0,-0.0,-1850.798835957311,-0.0,-0.0,-135.05748445592664,-0.0,-0.0,-0.0,-0.0,-0.0,-0.0,-920.3115385722962,-1413.3760858628323,-0.0,-0.0,-0.0,-0.0,-824.0080569188352,-429.3372768932382,-0.0,-0.0,-1608.3443561364384,-0.0,-1324.4123101470323,-2178.554378755396,-0.0,-0.0,-0.0,-677.3787835099072,-0.0,-0.0,-0.0,-910.5416925232314,-795.9043517026687,-567.4818859550584,-0.0,-0.0,-179.22045094165014,-0.0,-3722.389777980253,-4816.064732882479,-0.0,145.01617001375305,-0.0,-599.2136095549472,-736.9525305301221,-1844.462983619607,-0.0,-0.0,-72.25668687961192,-593.5931574408887,-1264.6464046788906,-684.9259853099359,-398.33442132626504,-0.0,-0.0,-1240.2221852700216,-822.5059501757075,35.49613243520778,-0.0,-0.0,-648.1757316114897,-329.0341423265121,-47.480490615251554,-0.0,-0.0,-0.0,-1891.24807679422,-448.55308051471155,-1200.5687831749542,-4494.898133424849,-0.0,-819.1956290866752,-986.3265713692383,-2220.0605228326294,-413.5534149885795,-0.0,-0.0,260.507436404323,-1150.9619150767658,-1655.8003361290653,-421.541963379103,-121.97125902195091,-0.0,-1888.2335674045034,-380.23535738709586,-1304.2221258800048,-767.9641360462214,-2600.751251576715,112.7903023117491,-921.5829084279317,-806.4212382027123,-1851.788628284035,-0.0,-0.0,-877.2013884083766,-1787.8797880030754,-1696.8418818611922,-897.6169791574649,-0.0,490.95164069675565,-107.98035155003932,-432.8528668432855,-0.0,-15.679684796251463,-0.0,-2583.0939483457264,-34.90260163389859,-0.0,-0.0,-851.4110923534589,-1170.940452738516,-782.0701200383013,-243.79445322389148,-706.9094852469468,-0.0,201.88783712791127,-773.5959672697534,-62.11122367334588,-1505.185484033384,-0.0,-1349.3377958978078,-162.38799160912666,-600.1181703983606,-412.34223406660345,-607.0857199650014,-45.540437828183634,-4.563797043581514,-1169.8974309555279,-1180.4886416903946,-1501.3202398621283,-204.3780392266472,-1293.3737487932265,-4.1232258563692845,-0.0,-679.1768066418607,-2962.4698239451145,-0.0,-0.0,-27.544994681617627,-2045.8197146955322,-211.89668961313433,-611.0711140761815,-344.6194043941204,217.38561067629007,-0.0,-0.0,-1411.7738621297246,-0.0,-0.0,-2067.598851294153,-1371.7857829617571,-879.5411555111882,-946.7784051652311,-467.75839382669733,-822.5184828753962,-914.7533854559239,-1233.6366365770623,-2228.4346144236233,-0.0,-0.0,-0.0,-0.0,-41.72232520542786,-0.0,-1878.2348708915408,-629.8713018939033,-729.2292190956649,-825.324354685439,-459.4928185519177,-0.0,-1425.7520345034427,-580.1392581165117,-0.0,-2536.7358543349374,-1607.5139676068388,-0.0,-0.0,-2816.7291413390303,-1659.7705502204792,-441.3439424697523,-791.461382272019,-0.0,-453.471459969434,-11.763119152919753,-0.0,-712.8130874699344,-500.57461496122056,-594.863767804068,-0.0,-0.0,-0.0,-0.0,-441.5877507529065,-1080.4033999437986,-5977.635305337978,-0.0,-0.0,-587.5309433529403,-613.5739990532455,-1750.1230179929858,-598.2769433501322,-69.82312245569102,-413.6312669651483,-0.0,-702.0045018945177,-567.2702509660356,-0.0,-696.4784771380619,-1262.7518275476748,-0.0,-0.0,-0.0,-0.0,-0.0,-127.87078793973825,-1985.271286427448,-0.0,-1117.3829827259422,-918.2498037398361,-0.0,-1964.8658718219292,-760.6724630345266,-1107.5684349122664,-1424.865087708948,-20.508084727092104,-118.16824543985578,-1292.4244708051642,-837.5270210216277,-384.38517172689757,-0.0,-1390.8682007135678,-1290.9108268618083,219.80251850241322,-0.0,-623.2746006490265,-935.7497230785019,-906.6020984605929,-48.41768617589489,-0.0,-558.5096458980753,-0.0,-0.0,-2778.861203869605,-2397.575152704075,-1920.1416100580932,-1650.7692406835006,-0.0,-1064.8260305103859,-2009.151949383642,-0.0,-5901.3262558351435,-0.0,-0.0,-0.0,-0.0,-957.8074703955535,-2296.487008053496,-2564.4339881456,-19.330936444948897,-2020.1936181679066,-0.0,-935.9628337774087,-23.031942084176602,-0.0,-0.0,-598.8721300366958,360.915041715347,-0.0,-453.0044142488293,-38.610131833917755,-0.0,-1384.3172419097687,-0.0,-2241.94135426663,54.21779457611649,-0.0,-0.0,-986.3914332125706,-1525.2254566527145,-936.8521010371892,-1298.089893751711,-1166.2309112386758,1325.6837682732705,-50.783268493788555,-947.467309618865,-81.00083103565335,-2130.172026145049,-897.2024614563007,-836.8670034248895,-495.75560930394926,-1531.7881031231966,-1878.2675720004675,-434.5657139362058,-1992.0378346748146,-349.0336377106783,-0.0,-0.0,-7.619827306470934,-0.0,-0.0,-0.0,-0.0,-0.0,-0.0,-1574.8686261568478,-670.9348968339457,-1359.2893648766915,-639.1508561490703,-0.0,-604.9039343342938,-1194.0428171709116,-1060.8837031920089,-2036.658003971963,-1273.125037678916,-66.16419459477918,-31.97927721371128,-1172.7128894469433,-1146.4279781300652,-0.0,-96.51606490478332,-0.0,-78.80659239874466,-810.3750750649307,-198.14131604464725,-533.2562822195166,-952.1139327898721,-0.0,-0.0,-0.0,-3305.9098762133767,-0.0,-95.15364366062916,-0.0,-232.31732524554658,-978.1976936846594,-1156.7312639244005,-744.3372226503742,-0.0,-40.05407422454039,-545.700814149025,-467.3269540537513,-399.36784869739614,129.87779784707834,-1123.4860467437652,-0.0,-0.0,-3043.139474263634,-0.0,-1104.198110118048,-661.2615260067744,-397.37640355300914,-260.68366353890684,-1262.6104447760188,-2749.8847143144803,587.9349765408153,-2217.604933551315,-1654.36205686246,-530.233748825656,-4.37818590960958,-0.0,1338.7635925258298,1248.9116981919906,1243.6110649958287,-0.0,-0.0,-0.0,-966.6095351794904,-0.0,-294.1334716203625,-179.43373760181507,-0.0,-3577.916461312175,-0.0,-1479.2942181234464,-137.6378832180665,-998.3471412159582,-679.0499664213094,-1622.609251131307,-1695.954757253692,-0.0,396.4448434988312,-2393.498190501361,-1904.198850246383,-516.3602811860535,-1627.089299052042,-1780.8652741724732,-0.0,-0.0,-405.07721679727007,-742.76272707082,-2348.8240756343794,-838.1778585990072,-142.29163332225914,-0.0,-0.0,-634.4119665554381,-0.0,-0.0,-0.0,-156.10786952183463,-1240.7793929858992,1643.735659176489,-1289.9191734988228,580.9947559265785,-825.2989207483655,-973.9005966518399,-8.354804758092106,-4432.030424669376,-1107.0987489295994,-0.0,-76.4815296122154,-2348.9089842278295,-1906.1178458286968,-0.0,4.365757836658618,-0.0,-649.5062395167113,-0.0,-2136.5819818258024,-1841.1761369291235,-0.0,-304.4273886685357,-0.0,-0.0,-0.0,-784.345438686491,-1076.659996300525,-405.2017043838394,-995.2956020880428,-1789.1002863393055,-897.8207163754955,-482.9204606801786,-534.4727518652894,-0.0,-1622.1257753665686,-243.37605728827558,-750.5282842050017,-1095.9346926967983,-1564.6135640063535,-1488.9719043471948,-418.57524295228944,-1819.0403307396516,-0.0,-0.0,-0.0,-2403.259786695692,-0.0,-583.5203329447673,-836.2090882678319,-0.0,-784.8127489139787,-634.646170389068,-850.3527636249429,-704.5056990646727,-198.2233240181765,-1905.0203882471214,-4847.416951511117,-242.4138786965296,12.937266499697971,-0.0,-118.81380381183484,-7431.502482152147,-1818.1815139060475,-659.6625921094203,-2372.0508579992165,-266.00067092014837,-0.0,-8.389398528840134,-674.8522214532595,-94.25072882763078,-968.5725834582267,-1035.7775028156925,-168.49275910569443,22.706330199018602,-893.7134557298978,-2360.0241825497596,-2067.982023978669,-1892.7395902070898,-0.0,-1537.0429992021066,-0.0,-116.97324433979469,-1114.8612089206952,541.4245031001636,-0.0,-0.0,-333.24005827426646,-839.9142048810195,-811.943588138405,-1302.9315137353076,322.47556772701824,-1561.5866195791496,-75.15900260265097,-341.6201195785272,-1570.0636263971155,-1825.560729016103,-385.40287389113,-0.0,-0.0,-0.0,-0.0,-0.0,-1828.1789442665731,-0.0,-703.7253465546975,-907.7792628307359,-2657.926849789813,-0.0,-0.0,-81.56181258016451,1149.4234112864017,-597.3203473746166,-1316.11640402232,-0.0,-1429.7851325213403,-4572.020943184383,-744.1160820223272,-5671.639325243469,-1133.4252776367593,-0.0,-789.9668402004139,-2686.8934210133666,-152.25822604934686,-0.0,1180.2385141029283,1354.252473992745,1294.8169777993373,-0.0,-0.0,-0.0,-0.0,-88.25755272625939,-2448.476845075338,-4.537227836152023,-0.0,-1904.1287689540286,-1181.6465333997137,-370.61987861346955,-4.538184864939474,-0.0,-125.07694494719402,-700.7791123702332,-0.0,-0.0,-38.484323274158115,201.2736989133102,-2072.3913011485834,-0.0,-1004.3988162635798,-76.36265560574691,-89.20510215295776,-0.0,278.6567443600663,-97.71882568040076,-495.724495107299,-2025.990394646785,-0.0,-85.59944613464727,-1310.7504179626774,-1122.85752329832,-0.0,397.97376768011566,-0.0,-1004.0102416370358,-1087.232754582665,-7.696285832629053,-0.0,-0.0,26.599829858645215,-264.24321913667336,-181.6435179445975,-81.34075252806079,65.84591105541172,65.87014243338683,-749.2793840091226,-763.0140649025941,-1139.9677268115001,-0.0,-1966.0001803251414,-909.1590394170523,-0.0,-0.0,-1070.0072370576154,-2187.568351565441,-573.8563219447751,-0.0,-2834.045342810281,-118.66139450850127,-73.86040986423616,-1230.2555045634033,-0.0,-359.6315555052548,-1316.2732937084702,-3.8545334402892597,-0.0,-4914.85654041807,-178.50056109969262,-1451.377703665834,-1069.1256353392062,-1129.461039995558,-2145.261609337463,-95.97029466033094,-832.2603101738084,-2051.57614940146,-1246.0314136406794,-1101.3184350928295,-251.67839133426423,-1854.1612089586295,-0.0,-3066.5428937048887,-0.0,-5468.51630346994,-271.93292772141166,-273.29321499218537,-1391.3704433755483,-0.0,-0.0,-0.0,887.4539576678288,26.86718505014941,-966.7755347029133,-1440.8259412186785,-385.8470790311149,-1035.1601151234288,-0.0,-0.0,-1414.1040493279938,-327.1545466007434,-448.5010800282202,-202.0651065473815,-0.0,-1545.3801118091485,-389.57710393101786,-1730.8688376566354,-0.0,-36.460272167934214,-0.0,-1841.92720879219,-830.7783384250051,-1858.5195375838805,-0.0,-0.0,-1624.2796439579024,-533.4965727610333,-704.7041256403855,-1478.146386816012,-332.10568436416116,-1235.8662554127004,-0.0,5.470728041751681,-1053.4728775850192,-3897.3541607582656,319.090719596314,-1375.4881851891935,-6528.358699971565,-642.3561657183965,-678.4802361323552,-213.89991453021156,-120.10493826057001,-942.3621383915728,354.7156095857158,-102.40763445566589,381.8395182245912,-1195.4000032495264,-513.1575145976352,-0.0,-1323.8791841597206,-1780.9212577727506,-580.0708379306043,-436.7107529163402,-0.0,-0.0,-35.12386243857498,-1097.22030187626,78.81126172469136,-2096.2105689811137,-0.0,-0.0,-431.54701192571684,-641.4111927657374,-1100.0759930393044,34.617681201797005,-2784.4275992185585,-1445.2365291883455,-1365.249321236186,-154.488269012328,-0.0,-414.8449939767949,-0.0,-630.7055170329501,-13.51208944216576,-1567.5904843512315,-487.55756705396334,-1535.991361258383,-369.9214044703067,-294.354272272091,-0.0,-1245.2279512074028,-682.0748860496223,-1238.8250927262477,-0.0,-3253.0292685283002,-1252.2598257453672,-1480.1464606328393,-969.2038584571511,-993.4919939194837,-61.780909914667056,-2261.7969079741533,-785.921579729562,-1278.7644115159278,-1837.0080358985936,-198.40225112268706,326.5627467364612,-1003.3955009363009,-0.0,-0.0,-17.310257571002293,-55.67214459168791,-15.58769286756685,-276.0777616110957,-0.0,-0.0,-0.0,-0.0,-0.0,-0.0,-0.0,-0.0,-0.0,-0.0,-1388.4198265931452,-2361.3136699146066,-1911.7804844964878,-0.0,-0.0,1299.641160455057,-416.09326842572,-0.0,-437.5776876083793,-388.4265007218401,-936.4527490386193,-844.0780163717005,-1079.1801773764562,-3.91714526452154,-712.4085565193812,-426.4872857265952,217.56568798944488,-0.0,981.6870940917591,-0.0,248.87141949575815,-0.0,-334.8414020170017,-0.0,-459.7196046628507,-1070.64582665794,-1825.7068022497497,199.04647457744846,-0.0,-0.0,-0.0,-0.0,-0.0,-465.58929034534367,8.823391763124922,21.717822714680967,-0.0,-0.0,-543.6176542750097,-0.0,-57.40832243812177,-687.5283501666106,-4041.113268621843,-0.0,-1297.0770774420912,-0.0,-626.8701766214667,-0.0,-0.0,39.261796994458955,-0.0,-268.21592839043853,-0.0,-0.0,-0.0,-955.1002096106305,-1625.723109594706,-0.0,146.05052648028692,-2173.775370567472,-0.0,-92.50022631360895,-339.54013167723804,-0.0,-0.0,-1768.0735413862783,-0.0,-792.7436743794077,-1321.758010277702,-160.05890296008693,-2710.1285933377862,-1742.9937812540081,274.95670467271316,-709.5284994260223,-0.0,-1206.196705519283,-0.0,-0.0,-0.0,-3792.2018775996735,-878.5369229637905,-1408.9678448494028,-0.0,-395.76063563019056,-18.0961372834104,-1119.9989516193057,-2137.9620692963163,128.25035973571195,-2551.4810985936188,-0.0,-1707.8883031620912,-2445.9623900992106,-0.0,-0.0,-0.0,-0.0,-2154.2742601506193,-389.61380049263727,-1292.1251349179133,-0.0,598.3339314401619,1348.1572685042709,-0.0,-0.0,-857.595471215596,-856.9959341019788,-336.39931829668103,61.43405352813649,76.57726053348193,-0.0,-1427.786236977399,-0.0,-271.8361533003783,-1159.2288894479448,1640.6191119620514,-0.0,-0.0,-0.0,835.0694209336139,75.72362523250163,-872.0009676614653,-0.0,-1317.6380914280235,-0.0,-964.4888278799413,-676.3598683407114,-0.0,-0.0,-0.0,-0.0,-0.0,-72.3958016744177,-0.0,-0.0,-0.0,-1143.2764339213768,-288.5694949577035,-0.0,-0.0,-0.0,-113.93993569084462,-82.95844437009403,-572.4988052128922,-650.7723957820828,-2848.807351005848,-817.8564217709486,-455.6320766603029,-0.0,-2493.8599191048907,-45.42297599451162,-0.0,-1042.0271798313388,-2450.2590671662933,-681.3841852579793,-516.770729457983,-1106.298185520508,-224.487794935533,-659.5640705113353,-721.1706729060494,-828.8418024095856,-198.6367559654352,-1818.911664771409,-783.941148384368,-371.29126617587747,-0.0,-0.0,-818.9255818042051,-3834.444172088989,-0.0,-991.7174382125596,-419.9300141074162,-0.0,-359.45040382599774,-624.8271762201274,-765.8570753050143,-4.252271435030257,-0.0,-0.0,-0.0,-0.0,464.12449882288485,-0.0,-607.5298048729553,-0.0,-0.0,-651.673953935935,-1180.9884021218825,-2623.0775455778503,-532.7329645843037,-594.2797968032858,-110.96486627493587,-2118.14953372775,-0.0,-740.701664181071,-381.65775444604697,-480.04430395521524,-1018.8317238815778,-1000.5868126317674,-1453.919490645747,23.61021300930751,-368.21162616356145,-0.0,-1075.6940103676675,-1143.1962429064968,-63.11089714809891,7.425346954545766,-2406.4947916788515,-1221.291707430737,-722.8356888517823,-0.0,-654.217176006828,-608.1739935909118,-608.7386046079497,-2241.9754430243374,-8.195375202735963,-0.0,12.866600138901667,-0.0,-0.0,-235.44350228631785,-3359.579432139562,-212.53767780280924,-1513.2389437147363,-3278.443540319638,-0.0,-4783.5039290774,-289.0749926476742,-2374.948039393877,296.3328811318081,-0.0,1532.6601476819646,-781.3672898039048,-0.0,-2213.8928404734907,-0.0,-20.089356530758035,-0.0,-0.0,-0.0,-0.0,39.04360658106723,-0.0,-0.0,-0.0,-526.2772544304296,-1456.5144655227018,-720.7683378113119,-0.0,-3556.140187424188,-0.0,-0.0,-0.0,-228.963927216989,-303.9529646538834,-0.0,-1807.1287282721976,-0.0,-0.0,-3562.608483206989,-0.0,-0.0,6.141591139183753,-544.7356918330622,-21.70286124017457,-0.0,-0.0,-181.37091301483332,-0.0,-0.0,-1366.2251365381048,-1205.2812681653222,-1420.2324579917038,-0.0,-272.29405158770635,155.22345908912567,-410.0123072311774,-14611.372236959418,-0.0,-606.6980265892897,-1272.113644716378,-1492.2313503476978,-0.0,-0.0,20.532277738047977,-349.70527428557415,-983.9250935896113,-0.0,-0.0,-0.0,-537.0056585953922,-2664.6640458079787,-1484.5865825069827,-0.0,-0.0,-0.0,-365.75874368863657,21.62671390717781,226.57784908872114,-1074.3263229390589,-0.0,-0.0,-926.0052053158097,-0.0,-0.0,-0.0,-2832.158710751718,-1117.9332253317095,-0.0,-1089.336670574049,-521.3792721087163,-348.81291221982696,-687.0666993892319,-995.4884630650951,84.09051472964221,-1073.7525857693704,-1042.1550816256724,-66.34335396244036,-1248.8754086994552,-0.0,-0.0,-0.0,-0.0,-628.374050349643,-0.0,-0.0,-526.7625763092356,-1846.897956467701,-670.1386788827925,-0.0,1448.2780734485043,1324.3560821869603,1199.8410783455845,-0.0,-0.0,-0.0,-810.9238359595628,-210.36589827224594,-768.7509352373514,-95.34477934430001,-599.7009176712542,-1633.3347406579098,-1313.2002881591566,-2144.024341143922,-0.0,-0.0,-0.0,-0.0,-1007.4581203618925,-726.5908398026969,-1687.879067958895,-448.5758624122082,-1325.9173040282908,-1980.0397747619431,-1782.6560092956474,-0.0,403.38449990732244,-414.69402077525694,-429.00098969419463,-132.57476853404012,-4287.702051992122,-7.576872975567788,-0.0,-763.8134257954058,-1343.6250604712786,-0.0,-46.728403726751466,157.87706021826733,-166.33213104795124,-425.79382698418306,-2041.5800246845997,-400.02980816557454,-1556.1383299895012,-0.0,-1829.2284861225505,-1576.3180780397718,-1236.334472258666,-0.0,-1733.3090366042638,-625.8078943448712,-731.8100488227655,-906.4801619504708,148.1896185869162,-1672.542343727095,-1339.7914232990167,-0.0,-125.42361877279082,-0.0,-0.0,-0.0,-1059.303701606109,-685.2177229564429,-0.0,-0.0,-0.0,-3542.118750256426,-1965.3463608179952,-0.0,-0.0,-0.0,-1475.0268955445388,-841.8238877171219,-0.0,-708.503707632932,-1410.8380381824065,-615.1850252893053,3.818734189100725,-966.7119916216207,8.375807962014042,-1522.7137219803383,-1812.8983925406155,-0.0,-0.0,-41.0707147060469,-0.0,-0.0,-1375.9507787179728,-109.4926860586338,-389.33804432829254,-0.0,-0.0,-0.0,-981.7833957244256,-302.82530591815424,84.80809562313839,-482.0286467554447,-229.20833677454448,-2089.4033372382437,-275.7188629086673,-568.9956703395505,-1171.6376278834314,-0.0,-378.01926686919376,-0.0,-1777.2877716328421,-1549.4213588253501,-1749.6587053880655,-304.0073517870893,-279.69040692009145,-57.90176136406678,-842.0310550823243,214.8805578012047,-0.0,-351.70468851074145,-0.0,-0.0,-428.7539564257312,-97.17349899802525,-2435.900812657411,-2526.839828320867,-612.0358796970278,-0.0,-0.0,-1055.8112035507577,319.8846631883371,-0.0,-0.0,-0.0,-974.510930493467,-77.90571483819863,-305.4877963568127,-4345.214334009296,-1438.6028926240208,-714.4327182063543,-411.7064932142175,-209.350841104398,-864.0801015261833,-564.0529935917897,-492.6859637087468,-0.0,-905.9109569786964,-689.5193537496792,-1584.5002613519007,-0.0,26.473736980205093,-8.33275891709123,-0.0,-0.0,-1485.1741908620968,-0.0,-3772.6026207987347,-1317.0941436129058,2845.648818511456,2738.8484295236544,-0.0,-0.0,-734.7204218899942,-948.0286852627512,-1300.2387571392298,-315.11179998228,-3520.667079887285,-540.1162400060701,-0.0,-0.0,-0.0,-1452.2715195660974,-796.032998690689,-183.03085111007786,-2588.4866240461192,-1148.3025191485865,-20.237822255768915,-442.5184646433372,-1114.5897120962818,-358.15708396055976,-513.2875333862123,-0.0,-4.416341567167854,114.67201755962127,-1061.2760102631012,-154.54416123341966,-0.0,64.23666073929444,121.9505524471152,-211.5222599387044,-1317.354129658505,-2088.9317914664366,-77.16307827680939,-1027.864958775073,-1230.3304839971472,-0.0,-0.0,-743.8304702652306,-0.0,-0.0,-0.0,-0.0,-563.9112493110183,-38.9510641305073,-1217.7458661690987,-1196.4590642779397,-2272.7248873039907,-1043.9113263353197,-0.0,-592.3242481347858,-0.0,-1398.220126836095,-1420.0114114184805,-1357.3344618716437,-997.339894152113,-0.0,-1493.0357462033548,-0.0,-0.0,-0.0,-3732.7192059667323,-1096.2404510466713,-248.96680646726497,-925.33308367956,-713.5495603287605,-1007.8575827302216,-0.0,-0.0,-0.0,-0.0,-5613.462952682575,-745.9687602892494,-1776.6106128006265,-3802.556054630239,-2079.1331729064477,-434.30748899245697,-0.0,-1881.5712605182255,-855.1124072667114,-0.0,-292.12136494854184,-377.4841201913939,-0.0,-933.3908368072202,-245.38752547950355,1484.2668854485335,-451.1465146978181,-0.0,-0.0,-984.3473180776899,-800.5388056503733,-2198.957535602182,-405.6468654533683,-0.0,-0.0,-669.5762189730111,-0.0,-0.0,-0.0,-0.0,-1318.7334826516412,-545.8406982710197,-1236.7076571293892,-492.1376492429968,-28.095231834691845,-749.6697038149855,-0.0,-0.0,-0.0,-0.0,-2357.678782601954,-0.0,-0.0,-0.0,-0.0,-0.0,-0.0,-767.4965708738042,-0.0,-2603.2456384948628,-514.7449919085161,-223.2822359476317,-1151.5945260979804,-0.0,-0.0,-1590.7992980977815,-1473.2808087983233,4.120650554258539,-404.0755228719635,-34.04806813766506,-1565.5780137792424,-835.0074677731812,-0.0,-4033.6519707695275,-1320.949239092171,-0.0,-0.0,-34.73997057784569,-295.970349862998,-1217.7552636113408,-0.0,-0.0,-56.71604514739299,-1582.3416394851406,-514.2960375857866,-342.0002726284617,-43.16901173505747,-1828.3782811483418,-0.0,-0.0,-0.0,-0.0,-0.0,-633.8031972167827,-449.83594704567105,-603.8635894277697,-4311.69384090907,-1594.3238937469416,-1205.4914427806743,-19.190645889616146,-831.7973712641781,-1311.1523526048777,-20.368986655528662,-0.0,-0.0,-0.0,-645.8023022868458,-478.57367609876184,-1754.0995185775573,-654.7295106075902,-0.0,-1538.056310069596,-0.0,-729.2531427816967,-0.0,-0.0,-2053.541146592287,-647.541655311232,-601.9753391069345,-1550.8035837365526,-507.5369603023098,-13.409880652637327,-706.2770303289843,-1312.2416902492303,-0.0,-489.3674025597019,-1213.5182752997086,-4362.695554060138,-0.0,-63.1291060650013,-2341.131801502485,-1513.1140161881299,-1291.0562961057067,-540.7387471562355,-1119.0882903303634,-0.0,-249.4449626960642,-0.0,-261.7559836980129,689.5029418304289,-0.0,-0.0,1003.163663441401,-0.0,-2326.071761330854,-661.9552392932545,-1105.325914188518,-1101.191560762409,-1421.1406084691557,-402.9966055635011,-66.10382443406569,-0.0,-0.0,-870.3683146856615,-761.6699460532722,-745.7989504297359,-0.0,29.478041700421585,29.831990673898183,-161.05788552471864,-3066.035644110602,-1883.055054089687,-0.0,13.16943871021397,-1345.3326766279438,-4215.195600492801,-2668.5991080721833,-491.53512412229156,-894.9553913041901,-1194.9539406133088,-0.0,-223.51785776820253,-0.0,-535.7503089846301,-280.32962806728796,-1629.0394158532547,-2284.975351295313,-290.27091678761775,-525.6312744188062,-4751.4536874209825,-1218.2787204775411,-429.6093220760402,-486.1154318075143,-1481.4913403387868,-469.99666180829695,-8.12515419324001,-1425.6093286602995,-1628.8984345832002,-0.0,-0.0,-529.996105388815,-1258.722772052155,-357.3517785359747,13.389477537055601,-0.0,-0.0,-0.0,-0.0,-0.0,-40.86114426649812,-749.2270258325677,644.5361359068055,-414.88909910281745,-717.3175720046623,-512.2908567906169,-1105.9395310854334,-1593.2788279809315,-1036.2965304894421,-1800.2760693732605,-487.548834127656,-648.8482614299916,-1498.4121854093553,-631.4637449544649,-0.0,928.1935147647838,-483.0749541175894,-41.33962354112006,-0.0,-932.8544009392265,-550.598255543309,-1609.2257071953413,-1860.3775048152015,-2539.129282843238,-0.0,130.77070548914435,-0.0,-0.0,-1060.0785187745776,-1514.9448640506002,-0.0,-956.650460731366,-8.821572068491095,-0.0,-0.0,-0.0,-2605.119442727976,-733.1011111518279,-244.92798280831045,-179.66433801282045,-0.0,-0.0,-1235.6254708163513,-1548.3818974459189,-985.8202666464492,572.005012264925,-9.241361091255882,-0.0,8.851841887638738,-0.0,-1599.5259964231104,-599.2841939663591,-1202.8680652249932,-1892.2074543567055,-1699.1441734272669,64.25427253794784,-0.0,-0.0,-1805.8405409326547,-404.74301099868507,-0.0,-0.0,-139.47815690693798,-0.0,-55.05546648265039,-0.0,-1178.2295191634319,-825.1968502372584,-0.0,8.85878822646046,712.6268069981929,-0.0,-71.54295232582352,-2309.624725282084,-0.0,-0.0,-658.8219284704948,11.678472009122974,-0.0,13.144611842593584,-423.8731407768957,-1648.4750448410393,-0.0,-845.2129815511753,-0.0,-1124.4530795644612,1824.913095507179,-136.05831150295788,-1731.8017651273688,-1573.4747697686014,1068.3523736133225,-53.94958015237052,-2452.629638267473,-810.006268091428,-942.651662077146,-0.0,-730.7133512322845,-87.16257502168142,895.6186444201912,-406.20313581131995,-1526.0702271508694,-0.0,-0.0,-0.0,-759.4863261389602,-676.8955014315382,-638.9317645560789,-1032.3923455864947,-1136.097010433281,4.474720176699698,-973.5372795750834,-984.3411925012362,-1270.4915416385243,-0.0,-0.0,-508.2591337449914,839.6234362058539,-6351.2504784480525,-0.0,-1562.8326207197365,-1806.0458837705135,-890.0420426742852,-835.3876123303909,-262.936229584689,-2742.0493213709196,-297.83920002848697,-0.0,-1015.8317988726034,-1003.5714125196762,-635.1201691835947,-0.0,-1402.48510173857,-2249.0533939218194,-29.804955761430875,-1045.9373569555946,-2503.7503376247355,394.1567054331028,-0.0,-461.97871281148025,-133.24208717737736,-1459.5161261659089,-1016.650659750012,105.48777722804181,-123.51517124794589,-731.9918956739535,-470.05876673809155,-570.3976696627393,-750.3695323320547,-571.5229431908906,-0.0,-1370.8538491935071,-0.0,-1250.6513716489546,-724.8133226320881,-204.10035403721673,-0.0,-1867.7936349345075,-4976.341318420182,-0.0,-474.65792862372723,-0.0,-2511.1560294976293,-321.29258266421203,-0.0,-340.7993802832202,-508.01235369576176,-0.0,-2184.3949085141453,-1478.8574012489137,-0.0,-4016.924254001748,-130.66805013407176,-1299.0679966420398,-1418.3031579552928,-1778.8300520139671,-127.6620375443182,-0.0,-924.1235884712207,-2185.1044517487276,-548.9507132433822,-926.1206494565423,-1055.8588311267981,-1777.0352434306863,-2282.435947720523,-905.5671868183667,-1899.3336108980104,30.2419778041427,-0.0,-301.22915381891113,-1538.9541075447075,-1144.3185890652692,-0.0,-0.0,-0.0,-443.01824244552625,-405.801431667989,-13.750830213770762,-582.9056484274521,-0.0,-1293.6511211116756,-777.7573200745346,-544.3920898314436,1.7583929669095892,-0.0,-346.50940910782566,-1596.32451253048,-1031.7431706531215,-334.67411270472434,-851.8718743329259,8.539038907227402,-0.0,-0.0,-3180.720502588962,-953.3695240636024,-0.0,-0.0,-0.0,-80.34199345403162,-1079.9069694096054,3.7888444861360093,-1767.6600045939433,-1539.6187535096878,740.4773283283394,-0.0,-597.2428964568176,-0.0,830.290308645835,-232.73777400981928,-0.0,-1680.2060686887457,-320.8125790432491,-1683.7924969497267,-0.0,-1583.2245308538336,-566.6426828698901,-230.93136307967882,8.595893573618259,-37.45089351313969,-0.0,-0.0,-712.9630575416446,-1268.890440907117,-0.0,-588.1113719305121,-0.0,-345.24105989599946,-634.2281311543916,-0.0,254.22941211742454,705.691848947137,778.4174811607166,836.034086143658,737.2358987990301,927.031102775089,-0.0,-0.0,-0.0,-0.0,-0.0,19.023275535005325,-0.0,-0.0,-712.6458536016414,17.222217628989686,-385.18775367797804,-180.02688927905007,-0.0,-922.33352774591,-1511.0801101164839,-1987.0839619054782,-262.57621768546227,-219.66934475090954,-0.0,-0.0,-570.7848958429014,-0.0,-0.0,-0.0,-0.0,-2726.09564241242,-0.0,-40.43860284292255,1030.140798455069,-0.0,-1058.7587035807985,-572.164807529733,1166.996211250426,-965.4764953406135,-0.0,-3135.2510671017226,-2047.8955371574978,-244.19601847400156,-830.6922321482904,-1329.707624985893,-578.9977869809358,994.8080881739959,-87.20008364904325,-547.7896834768089,-0.0,-0.0,-566.8725020703865,-0.0,-978.7470560041545,-0.0,-485.9371321584734,-117.94585415927904,-0.0,-0.0,-1258.4279383891162,-0.0,-0.0,-566.7830890474638,-1290.2177411363866,-1755.5246126278332,-0.0,-0.0,-0.0,-1969.8166683059947,-0.0,-1233.642185048211,26.96713441296253,-0.0,-0.0,-1154.808174491972,-936.2154884331875,-1312.9810299014603,-371.9233186451946,-0.0,-1242.5051832331856,-289.89553913077793,-0.0,-0.0,4.4472714124935,-43.53511823220675,-4019.384058152185,-0.0,-44.174064789504385,-45.13891054051921,410.8271621946251,-88.25726756615839,-766.957366613225,-811.5577593514532,-445.5674078621113,-0.0,-0.0,-1607.231852738256,-0.0,-0.0,-0.0,-0.0,-0.0,-0.0,-0.0,-153.0981291218947,-0.0,-0.0,-1921.3558614118463,-8493.315853456867,-122.7208786341977,117.72787551437305,-487.1759223304506,-574.5768208826522,-451.3726743051794,-3825.878327063748,-246.30599553341725,-419.39643072917886,-0.0,-0.0,-0.0,-2013.6174360495802,-0.0,-87.01894240925508,-0.0,-0.0,-0.0,-510.46031573251173,-13.54574927332938,-303.21641327371725,-1360.832048377526,-640.8829016024478,-88.23698278524063,-1863.193639382745,-0.0,-85.38398997954098,-2007.9061154848473,-0.0,-1348.646614470698,-0.0,-1380.9031931262796,-0.0,-0.0,-946.269445855721,-648.2900636872232,-34.171074627291205,-689.6923874013464,-111.88824888433795,-754.1601775479277,-159.11601018745057,-683.9841033300265,-685.5071909552917,-2188.072205547381,-960.2764203903218,-0.0,-1707.743184589731,-422.9453189801791,-782.2919276084375,-0.0,-0.0,-1004.2533507932632,-2210.625993380734,-143.45136182463318,-0.0,-0.0,-76.82800932439724,-3288.447964173791,-856.0522003372096,-235.44513230743078,-346.700939935953,-45.77265757886781,-4386.168631744943,-0.0,-0.0,-1992.0509285539167,-849.5726147847563,-0.0,-0.0,-0.0,-80.4064346429009,-0.0,-1851.8420709311563,-1715.9593668774392,-0.0,-403.30699715563986,174.51425723656303,-0.0,-0.0,-0.0,-1002.7101753473916,4.549298870464016,-2458.13239449546,-630.5915670769338,-1179.4623840021766,-697.567895436916,-3344.6977134215217,-1463.0073512790464,338.2393087539433,-0.0,-2058.7265388796036,-0.0,-0.0,-0.0,-1070.0097816208088,-647.851212776565,-1242.6728241158432,-0.0,-0.0,-908.1771416414404,-1298.4026539245779,-682.707755396508,-504.19143501663547,-0.0,-0.0,-1321.6454462500049,-0.0,-0.0,-0.0,-0.0,-0.0,-0.0,-507.6741073804254,-181.1797107390946,-1459.3433417658664,-0.0,-745.3865791941123,-4167.371109576986,-46.86000304158329,-0.0,-0.0,-0.0,-0.0,-0.0,-0.0,-0.0,-0.0,-0.0,-0.0,-1294.7978786497033,-1917.4045628380557,-0.0,305.41024209870005,-0.0,-611.9201832207219,-92.20356456244973,-0.0,-711.2398073335638,-344.9898241836278,-25.771209625071826,-3160.9276086647606,-486.29938798049017,-2985.1047131419487,-199.39184410510455,-1871.6872385623851,-1695.867079961268,-648.9522477266723,4.5867380218744795,-0.0,-1247.1535854587241,-2115.356144047104,-2430.5503398692344,16.110977727334767,-504.36531901554616,-1729.0281422889661,-0.0,-2053.653801263154,-381.9845878481796,-0.0,-3020.583337391979,-0.0,-964.7062456551457,-0.0,-2970.587728946303,-0.0,-0.0,-84.99617233132673,-971.7474812834765,-690.209732434109,-0.0,-1218.24992435236,77.64680222001417,314.80597704880694,328.6508482319874,-265.90074177692486,-1840.8938200804168,-739.2049092234006,-0.0,-0.0,-5770.263725718999,-1310.1795291540266,-0.0,458.55099656346516,-0.0,-1665.7765175880336,-579.169893213241,-715.1585185782254,-0.0,-0.0,59.78996983267662,-0.0,-1034.3165461544343,-1036.9208101248232,-1906.6944937882724,-0.0,-591.1845287555283,-2992.809207710939,-816.6728906144385,-0.0,-1303.356768005839,-82.33231725993775,-1304.3638443945292,4.335462404858788,-948.1874582766951,-0.0,-0.0,-0.0,-723.3701616481831,-0.0,321.9329025965712,-0.0,-376.65744874170065,-788.3595777692105,-538.9474793204372,-1123.1963234564882,-620.292436757181,-1737.0744796464676,-907.6774226371286,-0.0,664.4736006772265,-2339.7365053121043,-1792.5025387743722,-716.179680609537,-0.0,-0.0,-0.0,-151.72447650757582,-1138.1607154818664,-327.4582277467505,-743.9888891731458,-2013.5192205468597,-2816.3733024024245,160.21408872500024,737.5503528415658,762.1476366390274,-0.0,-0.0,130.4810460736255,-97.44285185419528,12364.344839043619,2176.7093435992897,3980.556451478405,6019.477798207117,-0.0,-0.0,-0.0,-0.0,-0.0,-1413.2922024887391,-1573.5123379808606,-835.1926504955557,-0.0,-2927.6966681309555,-580.1919007143928,-937.7178027309126,-0.0,-695.6867961214867,-1323.5938757468753,-995.5541129382116,-1248.06702192562,-0.0,-3212.0151414448337,-2013.710330958033,-782.0227865379047,-142.70811372448605,-2978.3326174672943,-0.0,-281.18245532554783,-0.0,-93.65901097620038,-0.0,-134.45449782769992,-204.8759650114016,-1020.3937997016175,-857.0383542174363,-0.0,-0.0,-0.0,-2144.7414658756234,-0.0,-0.0,-278.15149490226975,-936.3312014523742,-974.7986668658666,-69.09813409192583,-1071.096027844698,-1879.2386069911022,-342.39571944072435,-0.0,-0.0,-160.0851464900878,-1614.5117168865652,-455.7835812266332,-0.0,-6125.262829529364,287.7867401748255,-0.0,-0.0,-0.0,-217.6992184182277,-443.4569040305893,-0.0,-0.0,-1226.5377609653463,-2057.129786216313,-1150.381376244272,-425.44359478275095,-399.0108716444764,-540.693964214019,446.47603479853575,-1175.8224396313628,-0.0,-502.3250776961526,-2346.3843511546374,-491.2040898495365,8.0360942627343,-0.0,-465.39647180254406,-0.0,-0.0,-0.0,-1286.1097389955867,-457.95439891333064,-1438.6774276623655,-0.0,-0.0,-0.0,-194.51646157851616,-529.1031141332338,-1676.7298223064734,-2872.2038823383896,-214.5222887849598,-125.82094110606276,-0.0,103.38155176048467,-0.0,-1144.7028144104927,-174.36886400658034,-0.0,-0.0,1007.4087623720679,-0.0,-1731.3518418524257,-0.0,-0.0,-0.0,-199.50558370995296,-2037.6066309796493,-1613.162113496065,-31.763745415630808,-2270.922958762653,-1581.9602609661047,-28.592521279189583,-32.061277101049235,-68.76581091035442,-0.0,-0.0,-2043.2156489917445,-0.0,-6067.016390503846,-0.0,-1518.6240844017566,-285.5267400272611,180.66030186319108,-0.0,-11.700081296344452,-1658.9564957995049,-1601.0344928366887,-564.0078979431652,-37.47288036497706,-104.0437912960041,-0.0,-0.0,-0.0,-0.0,-1089.4918144498536,-1121.935688925672,-0.0,-595.8091724850623,-1247.5644347888974,-241.64214090653007,-31.416849906336946,-0.0,-0.0,-0.0,1104.1548313339247,-79.09525100082043,-0.0,-504.95563037730193,-828.8170833759959,-1532.8710003917997,-0.0,-0.0,-2532.5804397329816,-0.0,-0.0,-0.0,-0.0,-701.120356364136,1127.503963966392,1065.1453207511408,1176.2746076101657,-0.0,-0.0,-0.0,-657.0061843365464,-0.0,-0.0,-378.994546431748,-232.33348759282242,-0.0,-222.57785603636384,-1197.1332265133901,-1326.4069695172627,-0.0,-0.0,-0.0,-21.112526638052426,-1437.7085892133696,-19.127493178107592,336.6771678888702,-0.0,-1636.6710405298618,-901.6352269266994,-580.9223817423538,22.601674110681014,19.72169456775779,-308.3012141885056,-16.261184544735936,-379.24225064074574,-396.04880330361493,-1083.4841412370336,-362.61273844830873,764.0207433661417,-1421.4443336611816,-154.0580174448335,-157.41487528803967,-3650.1707487360277,-2639.237977579328,686.767004061039,-1175.5306916197408,-138.00922353184438,-4.479508975956815,-715.4350161955043,-1130.3481719558717,1898.8837988882444,-665.0138939806789,-680.498564578978,-743.7748487742364,-0.0,-5970.631415225808,-0.0,-554.7757646104811,-980.2645111128245,-730.7771277470594,-846.9372744112926,-1112.4362861060038,-0.0,-1092.9230762034583,-208.27486626938196,-85.39518868292151,-7792.175596046244,395.1098613857958,-173.97035522564192,-0.0,-583.7998034569749,-1125.8394534741606,-0.0,-0.0,-545.2125490635254,-1606.258717431154,-41.933799416758156,-235.3933149269739,-290.1871485195846,-1208.1788608827978,-0.0,-0.0,65.84745536110553,-0.0,-0.0,-1743.9637914053185,-0.0,-1996.821896513347,-1017.0319785862689,-1347.2386052726572,-0.0,-0.0,-491.1243224270374,-963.9827835442219,-148.9064880450633,-0.0,-419.0284877235898,-161.73631286480924,-452.96218352880476,-0.0,-193.72491723604114,-461.7922949617668,-2375.4600558728453,-859.9999925998084,-1409.0982513575095,-0.0,-0.0,-1216.0261736630928,-28.941219665426907,-0.0,-0.0,-1346.7840953838672,-0.0,-0.0,-0.0,-0.0,-0.0,-0.0,-0.0,-0.0,-0.0,-0.0,-97.04820653284227,-0.0,-0.0,-0.0,-0.0,-0.0,-0.0,-0.0,-0.0,-0.0,-0.0,-0.0,-308.2290717409362,-0.0,-0.0,-0.0,-0.0,-0.0,-0.0,-0.0,-0.0,-0.0,-0.0,-0.0,-0.0,-0.0,-0.0,-0.0,-0.0,-0.0,-0.0,-0.0,-0.0,-0.0,-0.0,-0.0,-0.0,-0.0,-0.0,-0.0,-0.0,-254.8313316313976,-0.0,-0.0,-0.0,-0.0,-0.0,-0.0,-0.0,-0.0,-0.0,-0.0,-0.0,-0.0,-0.0,-0.0,-0.0,-0.0,-0.0,-0.0,-0.0,-0.0,-0.0,-0.0,-0.0,-0.0,-0.0,-0.0,-0.0,-0.0,-0.0,-0.0,-0.0,-0.0,-0.0,-0.0,-0.0,-0.0,-0.0,-0.0,-0.0,-0.0,-0.0,-0.0,-0.0,-1353.9425165276107,-613.556404812615,-1647.580533060548,-0.0,-0.0,-0.0,-0.0,-0.0,-0.0,-0.0,-0.0,-0.0,-0.0,-0.0,-0.0,-0.0,-0.0,-0.0,-0.0,-0.0,-0.0,-0.0,-0.0,-0.0,-0.0,536.5215262545224,-0.0,-0.0,-0.0,-0.0,-0.0,-0.0,-0.0,-0.0,-0.0,-0.0,673.371567957026,-0.0,-0.0,-0.0,-0.0,-0.0,-0.0,-249.9366467434772,-0.0,-0.0,-0.0,-0.0,-0.0,-0.0,-0.0,-0.0,-0.0,-0.0,-0.0,-0.0,-0.0,-0.0,-0.0,-0.0,-0.0,-0.0,-0.0,-0.0,-0.0,-0.0,-0.0,-0.0,-0.0,-0.0,-0.0,-1074.7301123136908,-0.0,-0.0,-0.0,-0.0,-0.0,-0.0,-0.0,-0.0,-170.56103713558585,-0.0,-0.0,-0.0,-0.0,-0.0,-0.0,-0.0,-0.0,-0.0,-0.0,-0.0,-0.0,-0.0,-0.0,-0.0,-0.0,-0.0,-0.0,-0.0,-0.0,-0.0,-0.0,-0.0,-0.0,-0.0,-0.0,-0.0,-0.0,-0.0,-0.0,-0.0,-0.0,-0.0,-0.0,-0.0,-0.0,-0.0,-0.0,-0.0,-747.6395606197734,-0.0,-0.0,-0.0,-0.0,-0.0,-0.0,-0.0,-0.0,-0.0,-0.0,-0.0,-0.0,-0.0,-0.0,-473.3521867688257,-0.0,-0.0,-249.14154356831276,-0.0,-0.0,-0.0,-0.0,-0.0,-0.0,193.70142319583002,-0.0,772.2402329972053,-0.0,-0.0,-0.0,-0.0,-0.0,-0.0,-0.0,-0.0,-0.0,-0.0,-0.0,-0.0,-0.0,-0.0,-0.0,-0.0,-0.0,-0.0,-0.0,-0.0,-0.0,-0.0,-0.0,-0.0,-0.0,-0.0,-0.0,-0.0,-0.0,-0.0,-0.0,-0.0,-142.97763916869087,-0.0,-0.0,-0.0,-0.0,-0.0,-0.0,-0.0,-0.0,-0.0,-0.0,-0.0,-0.0,-0.0,-0.0,-0.0,-0.0,-0.0,-0.0,-0.0,-0.0,-0.0,-0.0,-0.0,-0.0,-0.0,-936.3244205582157,-0.0,-0.0,-0.0,-0.0,-0.0,-0.0,-0.0,-0.0,-0.0,-0.0,-0.0,-0.0,-0.0,-0.0,-0.0,-0.0,-0.0,-0.0,-0.0,-0.0,-0.0,-0.0,-0.0,-0.0,-0.0,-0.0,-0.0,-0.0,-0.0,-0.0,-0.0,-0.0,-0.0,-0.0,-0.0,1252.9459644598285,-0.0,-321.80113947848315,-0.0,-0.0,-0.0,-0.0,-0.0,-0.0,-0.0,-0.0,-0.0,-0.0,-0.0,-0.0,-0.0,-0.0,-0.0,-0.0,-0.0,-0.0,-0.0,-0.0,-0.0,-0.0,-0.0,-0.0,-0.0,-0.0,-0.0,-0.0,-0.0,-0.0,-21.820983007739933,-0.0,2524.0498711236714,-0.0,-0.0,-0.0,-0.0,-0.0,-0.0,-0.0,-0.0,-0.0,-0.0,-0.0,-0.0,-0.0,-0.0,-0.0,-0.0,-0.0,-0.0,-0.0,-0.0,-0.0,-0.0,-0.0,-0.0,-0.0,-0.0,-0.0,-0.0,-0.0,-0.0,-0.0,-0.0,-0.0,-0.0,-0.0,-0.0,-0.0,-0.0,-2337.41754861601,-1623.3828727844955,-0.0,-0.0,-0.0,-0.0,-0.0,-0.0,-0.0,-0.0,-0.0,-0.0,-0.0,-0.0,-0.0,-0.0,-0.0,-0.0,-0.0,-0.0,-0.0,-0.0,-0.0,-0.0,-0.0,-0.0,-0.0,-0.0,-0.0,-0.0,-0.0,-0.0,-0.0,-0.0,45.00589678234038,-0.0,-0.0,-0.0,-0.0,-0.0,-0.0,-0.0,-0.0,-0.0,-0.0,-0.0,-0.0,-0.0,-0.0,-0.0,-0.0,-0.0,-0.0,659.270809696617,-0.0,-0.0,-0.0,-0.0,-0.0,-0.0,-0.0,-0.0,-780.8187401012858,-0.0,-0.0,-0.0,-0.0,-0.0,-0.0,-0.0,-803.2388984973744,-0.0,-0.0,-0.0,-0.0,-0.0,-0.0,-0.0,2626.412977765023,-0.0,-0.0,-0.0,-0.0,-0.0,-0.0,-0.0,-0.0,-0.0,-0.0,-0.0,-794.7963999148205,-0.0,-0.0,-0.0,-0.0,-0.0,-0.0,-0.0,-0.0,-0.0,-0.0,-0.0,-0.0,-0.0,-0.0,-0.0,-0.0,-0.0,-0.0,-0.0,-0.0,-0.0,-0.0,-0.0,-0.0,-0.0,-0.0,-0.0,-0.0,-0.0,-0.0,-0.0,81.42471529597145,-0.0,-0.0,-0.0,-0.0,-0.0,-0.0,-0.0,-0.0,676.8293933856361,-0.0,-0.0,-0.0,-0.0,-0.0,-0.0,-0.0,-380.3981265416562,-0.0,-0.0,-0.0,-0.0,-0.0,-0.0,-0.0,-0.0,-0.0,-90.52793436780111,-0.0,-0.0,-0.0,-0.0,-0.0,-0.0,-0.0,-0.0,-0.0,-0.0,-0.0,-0.0,-0.0,-0.0,-0.0,-0.0,-0.0,-0.0,-0.0,-0.0,-0.0,-0.0,-0.0,-0.0,-0.0,-0.0,-0.0,-1996.276917264354,-0.0,-0.0,-0.0,-0.0,-0.0,-68.44006162290285,-0.0,-0.0,-0.0,-0.0,-0.0,-0.0,-0.0,-0.0,-0.0,-0.0,-0.0,-0.0,-0.0,-0.0,-0.0,-0.0,-0.0,-0.0,-0.0,-0.0,-0.0,-0.0,-0.0,-0.0,-0.0,-0.0,-0.0,-0.0,-0.0,-0.0,-0.0,-0.0,-0.0,-0.0,-0.0,-0.0,-0.0,-0.0,-0.0,-0.0,-0.0,-0.0,-0.0,-0.0,-0.0,-0.0,-0.0,-0.0,-0.0,-0.0,-0.0,-0.0,-0.0,-0.0,-0.0,-0.0,-0.0,-0.0,-0.0,-0.0,-0.0,-0.0,-0.0,-0.0,-0.0,-0.0,-0.0,-0.0,-0.0,-0.0,-0.0,-0.0,-0.0,-0.0,-0.0,-1388.5808833974206,-0.0,-0.0,-0.0,-0.0,-0.0,-0.0,-0.0,-0.0,-0.0,-1740.8757929872354,-0.0,-0.0,-0.0,-0.0,-0.0,-0.0,-0.0,-0.0,-0.0,-142.3862689051249,-0.0,-0.0,-0.0,-0.0,-0.0,-0.0,-0.0,-0.0,-0.0,-0.0,-0.0,-0.0,-0.0,-0.0,-0.0,-0.0,-89.38969004448914,-0.0,-0.0,-0.0,-0.0,-0.0,-0.0,-0.0,-0.0,380.10239499861206,-0.0,-0.0,-0.0,-0.0,-145.16416648124667,-0.0,-0.0,-0.0,-0.0,-0.0,-0.0,-0.0,-0.0,-0.0,-0.0,-0.0,-0.0,-0.0,-0.0,-0.0,-0.0,-0.0,-0.0,-0.0,-0.0,-0.0,-0.0,-0.0,-0.0,-0.0,-0.0,-0.0,-0.0,-0.0,-0.0,-0.0,-0.0,-0.0,-0.0,-0.0,-0.0,-0.0,-0.0,-0.0,-0.0,-0.0,-0.0,-0.0,-0.0,-0.0,-0.0,-0.0,-0.0,-0.0,-0.0,-0.0,-0.0,-0.0,-0.0,-0.0,-0.0,-0.0,-0.0,-0.0,-0.0,-0.0,-0.0,-0.0,-0.0,-0.0,-0.0,-0.0,-0.0,-0.0,-0.0,-0.0,-0.0,-0.0,-0.0,-0.0,-0.0,-0.0,-0.0,-0.0,-0.0,-0.0,-0.0,-0.0,-0.0,-0.0,-0.0,-0.0,-0.0,-0.0,-0.0,-0.0,-0.0,-0.0,-0.0,-0.0,-0.0,-0.0,-0.0,-0.0,-0.0,-0.0,-0.0,-0.0,-0.0,-0.0,-0.0,-0.0,-0.0,-0.0,-0.0,-0.0,-0.0,-0.0,-0.0,-0.0,-0.0,-0.0,-0.0,-0.0,-0.0,-0.0,-0.0,-0.0,-0.0,-0.0,-0.0,-0.0,-0.0,-0.0,-0.0,-0.0,-0.0,-0.0,-0.0,-0.0,-0.0,-0.0,-0.0,-0.0,-0.0,-4209.182743478936,-92.65419711507812,33973.3880448483,-3905.4695322701,-3887.59925922116,82660.14464072458,-0.0,-7604.365452616685,852.4232940566474,1959.255309164865,-24965.43778503089,-0.0,-5252.272267485051,-0.0,-0.0,23107.389043559484,-13020.944387322492,3013.9965713660526,6741.7114253813825,-4049.552852067122,-24527.850721150422,-9042.270366921988,54.458009840019166,-96.41933850783575,-6250.459458746805,-0.0,-12203.645711395895,-18226.035568857533,14319.810182027708,-133.4448512286307,396.6215424973858,47225.467453349,-2382.781503350016,-102282.55199400528,-3246.5883488856725,-23910.718442976027,-16060.888312201996,-5206.628415293139,-6441.396428614934,-16137.682770318766,13423.481459685045,-2274.173554710811,-3620.707946715896,-3451.3080331026295,-11701.976079842607,6730.993630864704,33571.85260900569,-790.3859990969218,-186.463974264052,21026.600916375563,3497.2925435834777,-186.73550341414077,5327.1185371235415,5891.137300202675,-5739.976781245442,-7529.194317879618,-3318.598842786717,408.0214899830591,-0.0,-0.0,-1284.3909701710415,-7954.874913617736,-3919.5141034967314,-3384.353842501359,-475.8790311623215,-5021.156199943561,11556.455201289997,6412.611719161579,-8188.666871276085,17632.215385570926,-19594.28702561246,-32060.161605590383,72434.39874551122,-23186.182271644084,-8125.822885530346,-1929.583570571225,-3217.216671228183,-6363.1313475719835,-3963.766286727649,-32794.724511309156,-0.0,-14232.353255067073,-0.0,3598.685445413726,-0.0,-0.0,-13547.627862048314,-1421.0379158629212,-0.0,-0.0,3628.557064791494,-0.0,131.6548656188293,-0.0,-6193.906622654498,-4533.204046765576,-7799.082478470659,-8604.644495782604,9309.917693440928,-0.0,-29241.725771899586,46734.41735937512,-0.0,-0.0,-19969.972990828417,-8935.718828433488,131.84898332590308,564.2150611489673,-0.0,59362.617601998136,-0.0,-0.0,-0.0,-0.0,54596.587416465045,-1500.1221588449832,-0.0,-12863.567733902124,-0.0,-5397.385244179451,-931.6112922242372,-2685.9530350805057,-15607.497863888162,9164.376041256222,-1014.5450822479941,-9272.57485693449,-0.0,-0.0,-6642.70777977148,-7124.3908183346275,-12531.112788847006,60621.237282486145,-0.0,-215.9111429747265,13748.056092489876,4241.698029056263,-2802.015179452338,690.8542358344481,1738.001568644104,-3803.7970476926066,149.11248614128903,-18746.64542468564,833.8290574437926,13737.933416426968,-670.3676096793832,10340.595556160983,47003.04756787026,5584.5114232191045,1071.6056892278295,9634.022850467925,-2043.0771389570498,-7804.15559661223,-8950.806822559336,-15795.085151358298,-0.0,2884.501259894676,14411.644460480058,12992.949777670141,-8208.145037412798,6014.468264798757,3684.049786236198,-9109.76884856587,22407.11364417082,-14654.653324617268,-0.0,5434.286408826046,-11922.812579593035,-15620.708564508404,-7528.288839348445,26111.46359529834,2153.0887232712457,-0.0,-5321.337581158418,-0.0,-2464.016451769292,57.24888888202338,-3544.3972158300794,-832.8993637377396,82.35247040314373,-195.18789674044484,-22219.433727326254,-14117.692481048438,23353.439797524195,-7865.3005093538295,3476.6291416787876,8504.564362042745,-7641.458916322242,-4947.090178415095,-13847.260755214917,-0.0,-2018.941137894854,-2073.7059916761023,-0.0,1164.5115471376616,-3170.3602571426372,-0.0,-0.0,-16187.646508203261,-3241.4626336604133,3944.257930888462,-3856.562690098289,-0.0,-0.0,-0.0,57602.57273710967,23855.120194415285,-0.0,-1416.1834759341205,12325.421017128116,-0.0,-4185.147207906569,-2878.683480695024,-0.0,-5191.071843624671,-7745.830385685065,117972.15818723412,-12482.91995327787,-9035.175895531502,-31268.457148952348,-0.0,2563.279693423538,2309.3006984727676,-10206.234774109325,26694.692695552174,-8230.633255181914,-45913.656469352165,-15483.102755742091,-10356.867949624868,-0.0,1306.5361717625951,-4962.233176669377,21428.093843866776,-2210.978879606621,85.65700033508493,-12061.929024005512,-9432.901123987702,30921.324711569676,-0.0,-1598.387998317416,123.2036355104299,-0.0,-0.0,-0.0,-0.0,-0.0,-0.0,-0.0,-0.0,-0.0,-0.0,-0.0,-0.0,-0.0,-0.0,-1302.378264497884,-0.0,-0.0,4283.010439492842,-11880.438867201205,-882.161296072855,-9443.93220316366,23162.441407945054,9007.883187703901,-3854.719388793328,2350.6593844053023,40112.35508168575,-0.0,-0.0,-3889.8322894991397,2659.093564244527,-6668.039574531585,-8319.338893942995,-0.0,-202.6967282246397,9465.657759303778,-4314.377655839509,-939.5090500731827,3093.674256033857,-28136.290456078637,23419.65723292432,-4898.334174360362,-2155.8155977573733,14123.707606590431,-0.0,-0.0,-0.0,-0.0,-0.0,-0.0,762.5623718420882,52092.16494028352,-9628.120233875112,-7538.898433784495,-12523.448413879636,-0.0,-10340.291752302179,-12677.168745590796,-0.0,-0.0,-0.0,577.5131303181043,555.12983350905,814.6495566446987,2993.060923591882,-0.0,2620.9503907073295,966.5252061953182,882.8142968748535,778.7834226898736,813.112691472757,3299.6599980589017,1742.877660787778,3288.4813121688926,2607.0004510914373,2883.210884751691,3178.3025980011544,37774.94781209269,41382.550801862046,39132.5417094728,35455.160671943086,6754.6966753583465,6695.198295472377,7723.170606044287,9569.297989815577,4708.722738031874,2030.2863430986213,2138.5285708190922,2150.9692567236566,2019.1486088212246,2131.392062531565,4953.435245627751,3095.47642725427,1313.0913573306425,1262.468195518165,664.6494905043285,387.98676716927565,470.43488116503,34163.08244110457,37051.108953681935,39326.49974130521,36156.069972056684,55845.34701710683,58791.06567623521,1322.4840751653296,1311.9850602717895,1319.8052848669322,1118.7469407614678,1248.9052903954935,1302.8177961471533,637.2228975294148,48925.91588961561,52258.649791337026,53333.97391981567,2715.1275874285343,-0.0,7011.587338378533,39942.57923182901,36043.441052274684,36462.50794139314,60176.62909456436,66045.90323099705,67820.0103065321,56993.062200376015,2678.934926767759,2364.9847074470254,4950.735180504467,-0.0,19775.06967587871,23028.6646414792,-0.0,483.37908056088463,1006.7080826790108,1581.5105254636512,1448.9616923517112,1683.4081746318523,1491.8909461356945,1723.089381014192,1398.388600380887,40956.99906814845,39702.91464239222,38991.13888907371,36756.074446569095,1071.2423909941726,1224.7705883083945,-0.0,-0.0,17446.055981656846,39513.48738110368,38008.90005520592,35486.958041836115,34247.57010496557,-0.0,49508.55373948163,53202.56391922539,1085.0886709548108,2138.644651773055,2349.1803064827077,2505.6223285933115,2253.841237749114,2218.4338270715016,54053.279338629436,50984.65122465091,-0.0,-0.0,16994.12359057286,889.3065967277469,1071.8974436664096,40313.12694701723,38132.62627752286,34347.23736963902,36391.77033116963,34681.26133273725,36865.53720107227,-0.0,16109.952353467172,10242.73858932107,-0.0,-0.0,1279.2447745160605,1405.3205298841315,446.7666124066983,399.81456968285596,327.3282748421792,329.0864557692593,-0.0,1171.094483996305,1116.5277277123632,1073.4872672965819,1223.7911933999906,-0.0,1489.5417347047153,1553.2866768935426,1966.2105604212552,2102.1476710909005,2101.3202564006333,2058.318883784638,765.6697597625213,933.3154089136005,853.9570274363025,1281.421886526197,903.5991486612749,811.3423530732176,866.337728114889,874.4765020824199,8256.070030547702,9373.046502193562,42.27038530759396,73.57465531077278,3443.7104516518043,16207.63384627299,1033.9801687866343,992.8129414631015,-0.0,-0.0,6473.410347868505,6560.697158726351,6435.517177307611,6367.6413176426795,1356.0798771798436,1466.3508881438734,38702.17765941873,39406.18997692393,8573.23412689639,7497.512223720426,-0.0,53622.46841069306,2186.4641698764435,2055.2760695580387,1119.6348807948052,55714.39456345579,59515.517416383256,57588.44935608148,53107.99094791147,435.78924980126715,59911.95976862686,56384.381681376995,-0.0,-0.0,19526.93112918339,-0.0,705.4020813214707,719.0706513116794,639.0401768880344,1705.5729920236536,9540.545014847474,22470.189547355752,1451.9681737087428,1568.1108299172154,52.38839902837212,685.821768024188,686.3530899427891,15240.646696564305,1540.943429274123,-0.0,-0.0,-0.0,1107.2865761104013,-0.0,1180.0602831909769,-0.0,4356.09822721796,1018.5653650389567,1147.88182983574,1086.7934370066457,688.8561576291687,666.5819870764159,628.4336998264357,1530.1882426096024,1697.0324823734918,1841.4164045072582,1107.7084400583226,124.4398560336558,5065.470891444873,53492.746222285474,58044.914055966714,10467.791600542605,21080.705218368446,15874.40942221325,16588.567230551424,2039.6907375689434,1860.856847556115,1466.7258310159839,1465.9663378461553,800.2598118424453,967.8056218528208,2393.591485099553,36116.38106830061,38823.01380398901,1374.6117528906682,1406.2550513317992,1360.8375652577645,2335.146624665379,2492.062386991791,2850.6859052103764,39720.92139690799,35557.21661202537,35320.82836927123,38679.502955209355,-0.0,-0.0,-0.0,2386.217837172963,2648.471867291944,2302.1003087675786,7107.868597810879,6203.683122265222,6709.768088190733,1829.328551129545,1928.0422415506162
18,-0.0,-0.0,-618.3030451965145,-1966.4921579986822,-462.0918241185565,-546.1473217766535,-53.63033159966904,-1016.3834520800427,-693.4609821594894,-0.0,-1466.224767367245,-0.0,-0.0,-2164.563021722401,-0.0,-584.95078045434,-436.5262303396952,-0.0,-0.0,-185.91686950218983,-264.9815605076668,-706.2098134451061,-1121.2255243403745,-719.6874615151683,-2116.5029682447994,-1307.0691570593704,-0.0,-0.0,-2949.4130281001885,-1779.9659173074442,-0.0,-0.0,-0.0,-0.0,-0.0,-0.0,-110.28218368612349,-318.95215152662087,-1710.317040570207,-1382.6974036037352,-0.0,-0.0,-135.30223185103952,-720.3337722533386,-181.21848351848985,-0.0,742.8609597998699,-1682.6263120734357,-412.4310776167907,-0.0,-0.0,-377.48802908599396,-4.633917387779277,27.503166655087636,-1987.2737646032365,-3427.3814914242757,187.68531398377303,-5868.656088477881,-244.62983922579167,-0.0,-1661.1621587266368,-0.0,-666.6647739371492,-2542.2451801762154,-544.3081050161801,-644.6188270965841,-41.5483516737095,-2336.405608874874,-775.5881227487829,-545.2771158159778,-3133.441542147018,-0.0,-0.0,-2347.5353959159793,-1044.1792869086225,-404.4235316648095,-1949.8944673134256,-0.0,-0.0,-1529.2145002205093,-1646.7514366434075,-483.7279340272058,-4000.7646994722845,-65.59010754816453,-77.17474171667806,-1768.9503425179682,-0.0,-628.0876118991631,-1052.264100973828,-18.053884197168085,-0.0,-1513.070141649693,-86.6920507697039,-664.1695812502971,-2324.7835937189184,-54.38718927836301,-2336.0447888860635,-357.588340531455,-1483.029328137196,-2720.1568943764873,-758.1219109413637,726.4299443403272,-574.3030848164507,-0.0,-1710.803456952703,-2444.208683742517,-4420.588396515836,-582.4698664036358,-2912.335240136152,-0.0,-1555.777888148395,-0.0,-0.0,-524.2567848939877,-0.0,-0.0,-548.5665273000095,-82.28127912760249,-1713.398020141272,-866.5092902039198,-1052.5295059748235,255.60941979028664,-463.81101609118423,-371.83692357903647,-424.13127934737383,-15.801000540929408,-461.63550747415405,-541.0821474233697,-809.4075860370607,-0.0,-5309.706042233961,112.40713679012815,-100.19916898557781,-4657.208689282531,-0.0,-1053.7599901931478,91.31949402494764,-0.0,-672.3652712706887,-0.0,-0.0,-538.3182206865472,-0.0,-354.41360298032436,-997.7227721601341,-0.0,-1108.2777530701944,-286.0807887899563,-738.4166070326736,-2283.3032327321343,-0.0,-1782.6811450706844,-1067.7578406464336,-0.0,-0.0,-0.0,60.287569656641544,777.0883279235144,-0.0,-1623.9435981368933,-1931.5653185208064,4.649784572065606,-0.0,-0.0,-504.15786902599615,-368.66727502304565,-393.6393049105764,-0.0,-401.88520499842963,-3278.7982676565725,-1202.632602935096,-0.0,-1298.7861045694415,-2403.710366049436,-0.0,-0.0,-0.0,-0.0,-0.0,-0.0,-578.740508394822,-710.717974697346,-282.5937412785211,-182.30922464174967,-1109.2235668020237,-16.91536818058531,-0.0,-0.0,-692.2801598102703,-0.0,-669.646701514779,-209.3632170363992,14.144427420711937,202.67540379314232,-0.0,-0.0,-1093.2680956801219,-422.5603132475351,-535.7887716351858,-0.0,-2873.069118293603,-2266.133449037598,-958.8731934797374,-0.0,-0.0,-2290.8447794931194,-1364.6951508247666,-738.5752295246217,-27.224693106108997,-1659.8672105521277,-1339.9293819213835,-0.0,-0.0,-1945.0225561069492,-0.0,-965.5296895640727,-1130.886064671069,24.357078120163035,-537.699393099775,-596.5149568503736,-354.84887711099975,-0.0,-1844.027143966067,-0.0,-3105.53396157401,-2634.143221103857,-207.65581125405808,-519.9354392511726,-495.74288846018777,-0.0,-312.2936598525299,-223.6203300915474,-0.0,-1081.4474719467712,-609.6491335229983,-1041.6231053238823,-1857.086194219904,-1021.7804913682368,-2221.273030680876,-1834.283363550163,-2476.7258083106035,-2451.6849420548524,-1152.570631529427,-2270.2169835863538,-589.5627711510375,-451.38181946862704,-0.0,-1400.8926235392119,-920.8931461716213,-1127.8612887156853,-486.2466487891476,-427.14839998926067,-2327.0130042500473,-700.8045872783838,-473.1159793787655,782.3073859208081,-0.0,1182.4475941395467,-1532.2320549677959,-0.0,-0.0,-0.0,-0.0,-0.0,-0.0,-1398.9956178320404,-3063.9862548285655,-528.1677281587268,-1013.66339165549,-0.0,-0.0,-2025.1242233281787,-1410.8593589428813,-2103.035056132554,-0.0,-0.0,-71.51807425649207,81.49408760144063,-493.2896625035213,-2113.566809965914,-504.8106129190735,-0.0,-452.98968783189406,-768.6522144624028,-13.534184873837251,-1313.7475909185432,-1195.4855242652338,-1603.5645978651037,-1180.0879395484897,-157.2071409322075,-671.0170216856848,-0.0,-1741.2245362025576,-0.0,-1009.7406453044473,-131.83750423125298,-42.795502486038394,-573.4899901664359,-0.0,-2497.7990143968905,-131.39010206984395,-668.5167845822999,-1652.813938851571,-1447.8874612847258,6.6985526301128875,-555.1458865097065,-846.3139424211457,-25.961525126531416,-312.3592113341413,-479.42124644212504,-66.80342690114217,617.1892179715427,-1339.132049171972,-0.0,-993.1643738081234,-1307.5555225679043,-0.0,-597.9775222158758,-0.0,-1643.6033378602638,-0.0,-0.0,-0.0,-1239.6484841257613,-889.5382033460085,-429.7188177289461,-0.0,-1496.5358058231748,-3294.7111572029207,-3829.45423166747,-0.0,-381.74449084445735,-0.0,-299.38521363484944,-381.2045188925872,292.92731819219085,-593.6233216317924,-0.0,-600.923042067862,-1004.8422905923062,-292.2740059573837,-544.9118607399524,-0.0,-483.7369464749765,-1243.217450273086,-575.6591560225711,66.09619571243488,-2578.162981953493,-0.0,-0.0,-1148.6789652060193,-508.15681650452007,-1276.7621024190396,-74.91706508507411,-138.64455552499297,-243.85719076116075,-661.5491593406285,-1002.0337651264919,-1511.6559627336533,-2480.520106121744,-0.0,-0.0,-382.5394132524678,5167.184622448263,-0.0,-0.0,-0.0,-0.0,-0.0,-2651.3887606654653,-531.0112805685241,-0.0,-1135.1322985389031,-1136.4897490369492,-643.5000754034414,-2332.985482171517,-190.40438996761475,-1283.170736596126,-0.0,-0.0,-2204.562818870211,-670.7378017476595,-1946.7874875473194,-724.855579232284,-630.47026268555,-1774.6935928576759,-270.6455619088485,-1942.409134317218,-1127.133601910946,-120.83363290774803,-902.588506930259,-1314.951935135432,-225.87083333588038,-237.2891952860264,-1963.8620700681229,-0.0,-522.1529853789717,-286.925818635358,-156.9120750338282,-814.2540197539349,-234.3177240282052,-970.8387025729619,-802.6738482382588,-1339.0144407914033,-321.74663426256376,-2738.8111623343093,-24.478118534871435,-651.138980536589,-0.0,-935.5694896814247,-694.9139734037536,-1026.5568847964096,-1161.1353265380349,13.80906748053846,-390.5405905637375,-856.5253813405176,-856.2990876684507,-381.70815964654855,-1107.0423720631575,189.91690102162693,-0.0,-0.0,-0.0,-0.0,-0.0,-0.0,4.791454740766199,-323.0499968624703,-2547.1451765386287,-4611.381617422752,-517.5489042079213,-1116.9344049905528,-151.01887112923882,-568.9172465559943,-1461.8731463422316,-1200.543292441867,-85.33944458435099,-477.86922003482385,-515.5065850129197,-0.0,-139.4960530820949,-1108.3079353908045,-687.3223752391664,-0.0,-1413.6429458683451,-0.0,686.3122429465393,-0.0,-0.0,-0.0,-28.57428475143652,-0.0,-0.0,-1042.6436072339543,-452.49790055620736,-1193.9453372843268,-0.0,-0.0,-0.0,-947.6280311554535,-598.5251471192013,-1456.3154560494227,-0.0,346.561454314162,-0.0,-0.0,-3139.1214682965906,-1459.4353391489392,-13.46428628929001,-0.0,50.110397602809506,-19585.551863325956,-18837.038390497488,-2701.5784486623024,-0.0,-0.0,-0.0,-0.0,-324.7360050496302,-0.0,-0.0,-735.7674950399322,-2615.488474875911,-2273.8441472231143,-1583.6285334571846,-433.0398224100042,-1916.4179772375705,-47.97995691728338,-1691.077506314265,1032.984896638905,-0.0,-886.1703592208962,156.97723861829922,-0.0,-0.0,-0.0,-0.0,-118.44950041015173,-0.0,-0.0,-0.0,-825.9570265501579,-1677.2687804698164,-0.0,-0.0,-653.2302476307465,-2197.126861233656,-0.0,-1495.5964202263997,-1829.7155826851406,-1910.8811403220395,-0.0,-0.0,-253.29170164563288,-80.19627596730047,-1149.7229808983075,-1586.6052106564857,-532.8280662845747,-1491.6892141582516,-1295.0469650193886,-0.0,-0.0,-0.0,-0.0,-407.8221360963043,-96.52022108345746,-0.0,-0.0,-199.46074681908001,266.43465549429845,-0.0,-1244.0648099441553,-1171.896875860095,-1163.2443800620108,-0.0,-0.0,-873.2337847643627,-1374.6930755472779,-796.5195128010491,-437.8313247754828,-0.0,-2447.509665204343,-2474.0656884186405,-0.0,-0.0,-0.0,-0.0,-0.0,-1494.2399934852122,-0.0,-2220.296979362749,-1206.2903786452562,-83.73666706347205,-0.0,-0.0,-0.0,-2782.955487769907,-1623.8907706761765,-598.0377466516757,-560.4121615068311,-1129.6578913681058,-848.8031075996007,-0.0,-0.0,-558.1563521454846,-1376.0107792274107,4.599656021566495,-605.6529994481842,-0.0,-1097.2074252429338,-859.6191847382235,-1688.2616666769188,-0.0,-267.2833863438547,-257.22314654286504,-332.17708718362843,-1540.1398410004992,-108.08556768860018,-0.0,-0.0,-0.0,-0.0,146.10154879445358,-165.98633062550084,-831.247656944005,-1551.4292456602866,-1332.0608613626382,-583.9049166122334,-606.013132610523,-9487.687078054676,-1022.8461856623227,-593.9170469728712,-0.0,-0.0,-0.0,-358.9073719932231,-400.1024904409867,-1207.4238251776235,-353.3086523129596,-0.0,33.62090557405485,-0.0,-0.0,-0.0,-0.0,-0.0,-0.0,-0.0,-98.42987167022221,1780.0469586132913,-0.0,-1456.5203970450173,-619.5550484861781,-448.738591955237,-1961.121558755759,-0.0,-0.0,-634.8001555191865,-765.8909373683636,-125.69642503818201,-143.02654609518075,-0.0,-670.0440696033471,-188.6235892542249,-2055.0501236534133,-403.6162621775865,-527.6355193858815,-0.0,-0.0,-1395.8096749621063,-2465.841478656334,4.004552470366141,-584.2360932178304,-439.6626512088542,-1101.0846202700466,-1411.1991606278166,-821.9349301738444,-321.85740394442837,-181.29643205595585,-1536.7227664239272,7091.189799168715,-0.0,-609.5029792314815,-654.0533610271109,-1235.0105371875586,-1218.4010907373627,-1174.3994058760254,-1949.9984450268237,-1869.4156727921988,-625.4338693850204,-0.0,-0.0,-1841.315444473789,-0.0,-0.0,-424.64990613180333,-1911.6545962103453,-1579.184414345052,-277.2600701385222,-128.34922779487894,-2016.051518985762,-0.0,-1460.2402442316884,-0.0,-0.0,-0.0,-0.0,-0.0,-0.0,-462.7814657428962,-1580.3221581418782,-1073.4455429867246,-83.35449784916457,-255.18931533418169,-546.9975187154968,-198.2283632418839,-0.0,-0.0,-519.282009285715,-650.4059361593099,-3894.3513754906935,-0.0,-1319.775914582216,317.71660489516006,113.8769276146629,-0.0,103.18280061276549,-168.97999937829448,-103.72265019918576,-536.850103901339,-0.0,-1702.7608765377333,-0.0,-0.0,-1500.8160369740567,-0.0,2378.373486168663,2322.8877033033755,2302.6525699469116,-0.0,-0.0,-1960.3181318130255,-0.0,-0.0,-318.47329183850917,-935.1431231070205,-863.1171814323254,-1134.7026698405518,-1105.2213634142283,-0.0,-0.0,-0.0,-16.580113791125175,-788.2483449315796,52.51624147204195,-77.01642340450898,-1208.2429297127967,-1002.5937708725105,-414.256500775297,-1500.2550314809753,-0.0,-1952.399756389396,-1239.8075947925897,-1725.548292873302,-535.704262681442,-552.5229412315124,-0.0,-1477.9704583290722,-894.3377373970102,-955.3653442616326,-2174.6913342417756,-552.7642246660487,1263.4482975749993,-4.507817420269279,-411.5455886110934,-1303.7436968373918,-0.0,-1692.626930634895,-3493.0318320761085,-507.7552684773723,-563.4558304969652,-0.0,-0.0,-0.0,426.8896388268146,-415.1214488302907,-522.5417331329426,-187.0807176633666,-560.8027974866535,-453.80587630111694,-0.0,-451.5252672136602,-1080.5626241905077,-803.4200120683223,-0.0,-2111.195107387066,-4321.746515102604,-0.0,-0.0,672.7922390783926,705.3444780013825,-0.0,-0.0,-768.8755565039387,-868.5102392035882,-422.69115022798087,-710.8017245839981,-0.0,-0.0,-0.0,-0.0,-0.0,-3102.821795833117,-430.3516887151187,-1827.691234669539,-1114.040892059889,-0.0,-321.81592330308894,-880.3449909342419,-0.0,-357.27780520641033,-856.7076535386356,-1151.158240806505,-4952.420742762008,-44.34133669361017,-0.0,-0.0,241.46821531412172,913.4390070193106,-0.0,-0.0,-431.21273474577265,-0.0,-34.77710427113983,-0.0,-2744.771619916576,-0.0,-452.45082577351195,-0.0,-0.0,2090.0433271342786,2377.5537413970974,1944.4203690162399,-0.0,-0.0,-474.2345782199791,692.2068688132471,-2510.459664798612,9.571902598600552,110.32045440635991,-2756.3117288313906,-58.53371625882599,-159.33632065478,-694.3622277513197,998.0773094267214,3487.6749200810427,-3026.8643230728453,-0.0,-0.0,-1001.4023099697814,-1674.8106458502732,-1485.1186716244724,-275.7871144560901,-76.4515720748322,-0.0,-0.0,-0.0,-0.0,-2259.260277789763,273.3804385541466,-0.0,-12.768768037432995,-0.0,-1783.982113358497,-1947.9417868860626,144.36081325297556,-0.0,-0.0,-317.9940358601119,-0.0,-1832.5353295479367,-82.53978352009774,-1150.075057082567,-407.9240354614828,-1319.9778676099538,-713.5052368342655,-1068.7803138022375,-685.5397516438309,-0.0,-0.0,-0.0,99.0681918876944,-0.0,-0.0,-305.3659753103573,-472.3677156602875,-732.2745567747779,-0.0,-1486.3174441120202,-1145.8133433636638,-883.089328017915,81.256600664308,-424.59136728541523,148.037269748194,-344.70153641340323,-0.0,-0.0,-9.03192690511119,-1953.1406452534216,-668.6373784751547,-1043.5693284758138,-155.08103581725038,-2133.125106398266,-1950.802181250367,-1142.4756512857966,-1179.7406166055778,-114.87726090039821,-631.0073488885047,-742.9110151429314,-1156.9207752442908,-2741.921349544911,-0.0,-1857.0873755295038,-160.59959106188447,-0.0,-2373.82557874023,-3117.209690611148,-2368.69096064211,-278.58129201814774,-0.0,-1587.203126198865,-210.98019393841625,-1299.988740737311,-741.1838010309782,347.80659695639673,-1938.2286668512766,258.4211978000663,2275.546287769757,-0.0,-233.444631857814,-504.4131013012771,-933.9636329950185,-1311.8485540021743,-1826.1451188273002,-4627.503417141753,-0.0,-432.5463824213402,-1414.6922118275074,-738.7938477146193,-262.00057251764247,-29.74596142021228,-347.6138356068157,-0.0,-0.0,-0.0,-0.0,-267.070764710859,-1311.4818419700264,-946.2425608065236,-56.45425193775361,-18.208180431413414,96.13649674394486,-0.0,-0.0,-1182.824078674147,-550.8507416436819,-0.0,-2397.266551932469,-30.894451431211674,-1382.9700180248037,-0.0,-240.96013486840485,-198.50939812883152,-0.0,-0.0,-538.3027238790389,-0.0,-0.0,-5544.366000043904,-212.37160409081736,-2294.972654623221,-9.539754071692611,-0.0,-143.07320788499808,-1351.2004908308452,-696.3147176857736,-328.32173552662766,-1523.657788903126,-0.0,-395.9866789814092,40.16815202340131,-609.7076456960904,-0.0,-0.0,-42.74694413830938,-71.74183760615152,12.859920758949482,-425.8718287315641,-1488.9334310812533,-1721.5904335954106,-0.0,-0.0,-0.0,-8.326094698244816,-330.20299226197176,-0.0,-1513.7636362864025,-2772.913658309632,-0.0,-0.0,-25.1011498007578,-1639.0696810589811,129.49905764188478,-0.0,-0.0,-0.0,-0.0,-587.4786320520562,-2424.80351830345,-649.7443623144998,-1310.9647874906955,-0.0,-0.0,-710.932094355286,-529.84807554033,-411.8922808663347,40.756918313497785,-0.0,-0.0,-0.0,-869.9635682403914,-762.5498457457865,-532.9638163822344,-379.10441830465027,-0.0,-0.0,-0.0,-0.0,-2303.321798990951,-85.98810290679745,-80.87997259181239,-0.0,-0.0,-724.1264520420215,-464.15115908223805,-0.0,-2056.6203856635743,-5450.534697551147,172.09189142466505,-1139.0018480078263,-0.0,-0.0,83.2572175869095,-685.4955648220213,-1839.0412550100784,-529.9364445293497,-2656.248551131954,-1207.0005154014214,-871.8779055426083,-1580.6569823138884,-0.0,-0.0,-0.0,-41.230406960815095,-1190.7306486484606,-0.0,-0.0,-3583.1264594416534,-87.41791534727554,-1510.6326784788298,-801.5255584693361,-0.0,-0.0,-0.0,-0.0,-0.0,-0.0,-768.6425595867888,-0.0,-1727.4006926650695,-0.0,239.0535451298151,-1197.1529485824697,-0.0,-0.0,-0.0,-2763.911142601392,-0.0,-0.0,-427.92103000299056,-0.0,-0.0,-1043.5823956813795,-672.5802288489876,-0.0,-0.0,-216.88730252214216,-2131.6782018861154,-0.0,-1381.1825160194571,-500.2971745360008,1282.8630378349856,-246.3621848597232,-0.0,-531.0705339767737,-197.70818152785483,-0.0,-20.684854151678888,-0.0,-337.89518429477783,-0.0,-0.0,-0.0,-0.0,501.6727235072195,477.10290846980286,-918.7119740199516,-1915.863819936449,-0.0,86.2603230039055,75.2500636093746,-83.73904001093777,-896.3847540386334,37.855968738320605,-523.0625459081053,-405.28881347912557,-257.20323176315725,-3692.018292926311,-0.0,-255.74228639021845,-1650.1056157404907,-2470.5554746616963,-0.0,-1103.2508728642172,-1533.8166276887337,-2203.260355772578,-803.2786381105718,-0.0,-952.7994921505405,-786.8788191026784,-851.3222986169563,-1584.3443878231917,-1056.2675417253652,-0.0,-137.65898894397606,-1337.756338678544,-0.0,773.532788333759,-560.6117432839142,1133.9446025093132,-0.0,-0.0,-17.96178423387186,-643.141660830932,-2595.319138444887,-1084.853390464893,-0.0,-896.0404720389316,-3240.0923340544164,-1038.0622373134295,-934.2838695999408,-1230.6773878595754,-515.4262638996071,-38.02879807656676,-0.0,-0.0,-0.0,-1168.161262309109,-4.597203068959003,-0.0,-0.0,-2056.968318574624,-881.2982330751545,-567.0874892722741,-1766.2717906084015,-171.1013119097508,-35.22963290482053,-2461.1286980849263,-838.1939716645778,-579.7840602157328,-1386.6223087663525,-0.0,-2735.6184975066835,-425.0016649815504,-1205.4109775399256,-1600.6480194032295,-382.2722489961335,-559.8257939845244,-1577.0662401062318,-447.6362973936951,-0.0,-0.0,-0.0,-1440.117625104293,-0.0,-4123.503525364163,-1231.4073292872047,-1491.8377453366902,-0.0,-0.0,-0.0,-0.0,-0.0,-137.26084439307826,-0.0,-279.84483996981373,-1018.2311681944293,-384.5463875403438,-0.0,-0.0,7.952797375491606,-0.0,-0.0,30.055584374615684,-275.8388513031944,-0.0,-530.3114066431235,-0.0,-0.0,-85.30094085654223,-0.0,-3107.1931849716575,-2411.265479040121,23.69411078021972,-6966.707108592257,-1049.4316204187137,-683.047379565277,-0.0,-857.8165942009772,-1386.4696137946546,-0.0,-0.0,-0.0,22.604408344973304,-0.0,-1193.3988315984202,-0.0,-1681.8953858544048,-0.0,-0.0,-2446.939664047881,-1145.7946411739247,-923.9833507148134,-0.0,-0.0,-0.0,-0.0,-299.0389531390849,-720.713133368437,1459.395472021245,934.9420122085589,-875.3113256549012,24.468281209680924,-0.0,-360.5722969933237,-278.27881636697697,-2068.333751808419,-441.87142015098493,-130.9872352108296,-1142.505198284283,-1409.5482286100346,-1073.9627427640578,-645.6615542309228,-0.0,-0.0,-0.0,-4.678846413249452,-0.0,-1619.6663638934601,-633.4270576185502,-0.0,-2090.509440244851,-1315.6095902971276,-0.0,-0.0,-0.0,-0.0,-0.0,-1035.2929874044664,-0.0,-330.49582658067766,-1584.9651413877154,-0.0,-1261.0540024012203,-0.0,-0.0,-0.0,-2543.2274842207694,-1180.820454148498,-1026.6010319877132,-2630.130813454218,-0.0,-0.0,-0.0,-99.89539914777554,-512.2132923311126,-29.364356095234555,-644.3846589047727,-149.163762953764,-0.0,-0.0,-354.81775355347344,-1502.99720189522,-4216.05106866169,-0.0,-522.6887974699027,-1419.3607633627842,-474.3034854414374,-498.0815037804645,-0.0,-0.0,-3.9483629702191028,-2248.813424477694,-2157.8864016112093,-41.093011156825774,-1698.231571756215,-430.89180783962064,-880.5437800982684,9.569267850220289,-1124.658653540988,-0.0,-2245.9373311139443,-0.0,-489.9463945644034,-0.0,93.99477211776198,-0.0,-0.0,-631.445898432593,-787.2689227700989,14.101608296236375,-0.0,613.2931256523669,-0.0,-0.0,-1555.9481224564197,-1376.9938684381186,-1190.1758846176315,-0.0,-408.7965334832603,-681.5358427780637,-1554.40790343324,-0.0,-0.0,122.1871273587603,-704.5871977666449,-0.0,-0.0,-18.53672203300816,-0.0,-4.5243512325977,-650.4585452846876,-0.0,-0.0,-1414.8111252082283,-1449.280443028971,-87.3294111238153,-7.956950720844348,-133.98424024040278,-838.8163745993023,-1173.0823017446473,-1789.2637465993091,-0.0,-985.273187213043,-16.55031202283965,-44.8221412459718,-1412.9438833067122,-0.0,-0.0,-0.0,-0.0,-679.8472738960752,-4.7098312832966895,-9.435555503269905,-0.0,-0.0,-528.6945814974954,-0.0,-0.0,932.2576258072299,-1215.971907831783,-43.787920926034374,-2053.4623710510623,-0.0,-0.0,-551.4968410294882,-0.0,-323.0760105979949,-1072.3013060847977,-899.4519074487037,-1080.910444517135,-0.0,-0.0,349.0789712807403,-0.0,944.3172356068573,1020.5619201466664,-217.25941177004847,-884.0617430454876,-0.0,-0.0,-40.25089572036855,225.34600435421325,-1021.5839182838474,-465.79112562375695,-1357.8743173772245,-2700.6413538743927,-2271.4936728494126,28.507012355082583,-0.0,-332.8111867089573,-5805.72253646458,-619.8522828268123,-521.9537488017462,-0.0,-0.0,-656.921596310468,-0.0,-826.4164081685714,-1529.7736348760427,-792.0071730003642,-0.0,-0.0,-68.45789726761043,-0.0,-213.8406403954931,-1473.168812849265,41.174563998077794,-650.0691476056084,-358.6245126260247,-249.96366815839122,-810.4314096069783,-2613.022659139215,-20.315870382858822,-1238.461877766923,97.44507544184518,-1058.5537958863806,-326.1417777287538,-0.0,-0.0,-147.52073111115695,-0.0,-0.0,-1991.4731047152907,-625.0150445272793,-0.0,-826.500781620651,-525.1681921914242,-0.0,-0.0,-1539.5482789708371,-1014.2623048554403,-1558.3488373754049,-1462.9172578438076,-0.0,-155.21242859353123,-3337.113547932329,-928.9340394520344,-430.24106234630887,1970.208696507358,-1568.0791011014012,-1253.1432502776202,-12.746018137394202,-974.5154764759061,-17.844401276950137,-1726.2701224621308,-0.0,-3638.3901775839013,-631.7955088284501,-0.0,-1571.4585133620249,-1750.8973754351782,-0.0,-196.67312055416062,-929.8951353911666,-1135.4805735776922,-1467.7981651054806,-763.2604479846,-517.770999266749,-641.7482864786919,-0.0,-293.0088156985268,-0.0,-2547.2970100215393,32.82851123887343,-3458.955067932889,-829.6533097961322,-0.0,-0.0,-1280.4073050253821,-921.5318503117406,-0.0,-484.34065502403223,-0.0,-0.0,-826.0827019781467,-0.0,-0.0,-0.0,-0.0,-0.0,-0.0,-0.0,-782.341633401375,-513.437617242412,-3061.1262656280137,-2658.3476114161085,-0.0,-0.0,-1276.3768781764397,-2048.5375663557693,-494.7877618772682,-213.15125483451843,43.66417370371621,-0.0,-1635.0231807762939,-0.0,-2796.6407777687023,-0.0,-0.0,-0.0,-0.0,-1682.5666278129152,-221.18686435929638,-367.64133739230823,-1245.2448254392189,-1253.4726684624623,-715.5329070966565,19.15996085192896,-1219.3602134982036,-0.0,-0.0,-0.0,-0.0,-629.2308860341428,-507.29697415672626,-1416.7410189119514,-0.0,-1134.6823848923657,-6673.8096488513775,-637.233347842647,-750.96030725337,-3284.627120960913,-753.8316940892291,-0.0,-477.04559531057674,-448.7171511533485,-1200.301506334811,-627.849384382796,-1595.0381581282782,-1493.3421455640732,-0.0,-0.0,-0.0,-0.0,-1629.5419323744322,8618.748863279285,7449.711399936015,-0.0,-0.0,-0.0,-0.0,-2141.8006523889894,-975.968415980673,-95.15355196744648,-1461.754121524613,-864.0897076854222,-0.0,-0.0,-0.0,-0.0,-670.4207741225296,-0.0,-1922.2170200718767,-236.92379872131562,-0.0,-0.0,-0.0,-0.0,-217.98501192916586,-455.7493741096913,-485.8522802139022,-878.5102522321274,-957.9438511528244,-1262.5010554068665,-945.7460523356158,-363.8682295449186,-1208.7561487308058,-1570.2772908034792,-1235.9232325115456,-1838.207869285748,-207.2094259771995,-1345.1001122393877,-1163.5703645515607,-954.1893781063894,-1716.7440196272798,-589.8489766419177,-2287.4331139009532,-1686.1059211849852,-1511.2568063436415,-642.2743426482975,-679.2521407524033,-1148.8114998329024,-0.0,-1109.4067970176154,-0.0,-3076.242514612188,-708.7565113185909,-252.14829429294596,-1839.509443980926,-1497.2604259616305,-1247.8412265878653,-0.0,-0.0,-0.0,-0.0,-833.2478665988531,-3895.8301449830797,-1442.2303606022926,-0.0,-0.0,-1137.7794645669123,-0.0,-0.0,-1064.8365940791934,-409.6563035160105,-1112.4484210548126,-854.9679169980229,-979.5031706978765,-713.3776083943296,-2019.6190262963003,-0.0,1293.624398095234,-0.0,-0.0,-1069.4684597466128,-5913.153640052044,-0.0,1770.5668090377858,334.54210811979607,-954.5632709095347,-0.0,-0.0,-1577.399218769482,-1083.8279129726113,-2388.532993969271,-2101.8032230850695,-402.9199525266159,-0.0,-489.3563926791466,-193.4307979175314,-0.0,-957.710484378929,-0.0,-1718.3249659091616,-2427.2979222218833,61.827258145103016,-2352.148689157384,-2067.6992947770145,-0.0,-509.8422617539677,-1634.0881023362786,-2278.5795392745076,196.6498810027499,-435.32505858194065,-2618.7862680505386,-952.7511612727163,-827.5719363549485,-931.6951591338756,-455.152053965814,-1065.9767876621308,-1559.301268412531,-0.0,-987.3218141486234,120.3708528775506,-1426.9890368455078,-0.0,-501.43074814680773,177.18867012182784,-910.5650316451367,-810.3340101329645,-0.0,-574.488459780228,-370.1736132281969,-1885.5789525347773,-1143.1531435985585,-1498.751554028319,-900.7767904493131,-858.4459533858475,-1053.4025074392703,-2056.045325494123,-72.64303348535304,-0.0,-560.7010655112456,-670.7551489550798,-1497.8902486023505,-2168.0838554424813,-338.45490659961683,-802.9021725084342,60.882083191008,-934.4843701460438,-555.4970871577534,-1010.3510193609816,-0.0,-996.5324224427123,8.26602102895799,-2288.350654748816,-0.0,-296.59389005288006,-545.2916203812871,-810.9198914515304,-2343.312388880988,-162.7229708189994,-1492.3193656737908,-750.8188130206917,-2661.0105774307563,-0.0,361.89137474280454,-0.0,-0.0,-230.46093435607332,-0.0,-0.0,-3749.9173393270344,63.972191765758616,-46.60937967094139,135.00462311638907,-1124.0303082581838,-0.0,-0.0,-0.0,-0.0,-0.0,-28.992246782596492,-0.0,-817.1943054039176,-0.0,-377.9148821888624,-1840.4573696600792,562.1020247941456,-3376.568312553405,-0.0,-0.0,-0.0,-0.0,-0.0,-0.0,-0.0,-0.0,-0.0,-2476.4753161847084,-0.0,-2709.721464381931,-3349.147616478605,-0.0,-0.0,-0.0,-0.0,-0.0,-776.9122557553872,-1012.4795078289748,-0.0,184.1977558806604,-665.5818508419618,-2316.981884371972,-619.0584534776794,-0.0,-626.1475791551037,-858.9517976902968,-0.0,-0.0,-610.3073338252775,-931.799766101596,687.3957312927178,-478.3413582477067,4.524964658564823,4.543803516630453,-0.0,-0.0,-0.0,1496.0676268079749,1767.1502581492302,1473.3308206714757,-0.0,-0.0,-0.0,-699.8172161158757,-0.0,-0.0,-1020.5355546145473,-92.49954012011511,-485.86411205229973,-61.093816550069405,-1016.8748733882743,-937.2226692030422,-1313.5341257962502,-604.7526425408987,-155.1701043292358,-1128.3599530430042,-0.0,-2091.0893276259058,-80.78039129622616,-608.7958642374364,-907.1111518493902,-79.4561423490658,-0.0,-1179.1895296145585,76.43026975309333,-0.0,-0.0,-0.0,-0.0,-0.0,-1495.7320204699395,-2985.689744567948,-0.0,-819.9333124326525,-8.512356953094175,-0.0,-0.0,-0.0,-558.908369406719,8.004091475252363,-0.0,-1174.1065837986848,-810.4418335425892,-0.0,-0.0,-561.1415657571283,-0.0,-0.0,-1741.513051243224,-1451.567397076528,-0.0,-823.7922406393499,-2266.1108212887984,-102.71130792165113,-0.0,-0.0,-195.4801958986771,-815.0175986400595,-303.87890080966446,-322.80693719144284,-226.40469448348088,-0.0,-0.0,-0.0,-1203.2642209558535,-915.2003031448119,-2148.180453783497,-128.20608984751442,-1305.3500163484696,-44.08032322463566,-397.51242392238674,-524.3957946370085,-2092.964075582762,-0.0,-0.0,-867.7563775921103,-1882.339474976883,-0.0,-0.0,-0.0,-586.593345259305,-2452.3643386999006,-3538.497205512976,-0.0,-264.26324072855186,-96.96101720847138,-683.861590118475,-593.5221357888109,-1695.8661637218465,-0.0,-1475.943924286134,39.403918439875675,-8.0574099337012,477.47597710789563,-0.0,91.29906124616147,-334.3612367759202,-427.68872591870377,-56.36332609233895,-0.0,-0.0,-427.90275562775037,14.023356023833408,-0.0,-1621.585616063738,-1004.7357502717982,-988.7555130005128,-772.8272644294224,-1182.66599127302,-1580.3588756065553,-0.0,-0.0,-0.0,-0.0,-0.0,-383.8686719937278,-550.3143062282722,-1211.0751340075199,-1462.9382163866364,830.8265002161622,-1529.1549726197056,1497.026489891033,-0.0,-2340.5612383871935,-1561.336999327065,-722.0307095900127,-20.376275118558446,-197.46235095508203,-2135.738256315568,-399.77647238118976,-0.0,141.30628193558246,-805.9854162573027,-0.0,-0.0,-553.0124623592097,-381.39907660572374,-409.3096468136995,-1230.6821123210136,-1468.8823205895383,-0.0,-1695.9341891868694,-1367.498711031135,-5212.417342667158,773.3140853136066,680.3691566491859,773.4138279959111,685.0225448131682,-0.0,-0.0,-0.0,-0.0,-0.0,-0.0,-0.0,-0.0,-517.6951616890353,-0.0,-48.589369259087675,-0.0,86.48914031198187,-1127.0757759593655,-1323.678644018015,-1984.4160409101157,-0.0,-0.0,-0.0,75.29774248537223,-3278.092937351909,-780.4657755150174,-2920.642365122489,-1696.5995682705425,-0.0,-0.0,-335.58575514034834,-1383.4806341261205,-0.0,-2161.982251557023,-586.2890853474445,-0.0,-0.0,-0.0,-2735.9204093347985,-0.0,-0.0,-0.0,-0.0,314.1960546089717,-0.0,-0.0,-0.0,-1075.0246393954917,-0.0,-0.0,-0.0,-0.0,-0.0,-0.0,-0.0,-332.49386927104524,-1108.5120244065022,-1545.5396870964742,-1454.0313597741172,-636.290969797648,-1036.5277017393914,-58.99139992609871,-0.0,-772.0916642089918,-50.322690926366676,-0.0,-0.0,-0.0,-0.0,-721.8244274014954,-0.0,-615.2143888501671,-1328.7876793449477,786.7258848882068,782.8327699695576,854.3160113380914,810.3715525179715,783.994843969754,-0.0,-0.0,-0.0,-0.0,-0.0,-0.0,-397.3472586906596,-0.0,2045.5922195630296,1041.965056006151,1146.3920866261537,-0.0,-0.0,-1364.6891937059265,83.51839495918136,-52.85535967967522,-2529.90278699902,-0.0,-1953.6084721218988,-0.0,-13.566865409757922,-0.0,-0.0,-669.6919064623476,-0.0,-754.1574835730169,-553.8949896494862,-382.3444850145043,-0.0,-29.31510351463989,-0.0,-919.2712144560543,-0.0,-2248.9477629357298,-516.3285297070705,1891.6581222847906,-2007.6557099442716,-905.8830540811097,-87.6230169683177,-857.3672783787947,-0.0,-526.9604721092572,-44.24365418413815,-2797.3783645767853,353.70241263004834,-237.53114542170977,599.8900431808897,1209.2786413462945,-0.0,-324.3066553929845,32.677290773134715,-1076.2025873723537,-1223.3979743978357,-1513.463707581752,-2053.3001787094818,-0.0,873.9242045473087,-0.0,-401.8912680273795,-2672.680625196603,-1294.186854917472,-0.0,-1300.7359341712468,-322.88478591384364,-686.487450652679,-708.1706474322364,-278.0121688066764,-1663.2384417061116,-0.0,-1875.1803708209789,-422.637548788971,-1635.9304051669715,-366.0876946092998,-0.0,-0.0,-0.0,-0.0,-1452.4486905999856,1081.1886739569313,-1014.870964291242,-732.1747116549242,-0.0,-52.9389337083681,-0.0,-0.0,-932.1477160125364,-788.7858236817385,-695.8543047409961,-739.7624564205094,-0.0,-0.0,-0.0,-0.0,206.84267087170255,-0.0,-631.4158970210732,-2024.544347845933,-1068.722959590425,13.614509320891008,-1504.8768240414397,-0.0,-0.0,-0.0,-659.5247690540286,-855.0225037963964,-0.0,-1625.4002084502408,-0.0,-3089.6179898162495,-3831.870319436149,-0.0,-95.73999396213875,-0.0,-731.326094273455,-0.0,-0.0,-0.0,-2434.476516046792,-1164.0228328791297,-543.8079526189199,-872.441924716234,-0.0,-0.0,-2292.5409690567967,-0.0,-568.0523533204249,1117.8676791005792,-1062.3104825898724,-710.7954668110788,-516.8938866260258,166.10941641988006,-0.0,-0.0,-1428.536967764724,-0.0,-589.3891516660753,-95.4060078381281,-428.77610399390755,-325.869090777496,-0.0,-0.0,-207.6259212213874,-712.3313555012036,-1051.1778645730462,-568.5120363948707,-1261.2258370862492,-86.18192994994148,-0.0,-136.5397574689522,-2045.0150567364944,-1181.8192664037563,-0.0,-0.0,-0.0,-592.2116429213023,-636.1294659338589,-1534.074414454414,-0.0,-0.0,-0.0,-0.0,-0.0,-1561.7021754716052,-690.9275661480607,-0.0,-597.7243653535306,-0.0,-17743.977818775562,-791.7834286272555,-278.28862419168155,-466.10402252778573,-0.0,108.98347308773562,-1840.5025248070292,-2719.9948939604715,-0.0,-0.0,-0.0,-769.0535804707209,-570.5887079820876,-1022.6549824738107,-1065.5357479139248,-549.075087768332,-0.0,-0.0,-1740.4834009220374,-636.4781569441429,-2570.296947994965,562.5705461372842,-2128.38404547562,-0.0,-0.0,1727.2528510795178,-1068.7982326695123,-0.0,-198.28362916711532,-354.85587313807,-647.3657431207528,13.754098359916263,-876.3400753783238,-0.0,-0.0,-1320.0650848427854,-1419.8195609462869,-2662.5341176822394,-0.0,-0.0,-2358.3196991167847,-762.3808016878359,-797.8226673641061,-2448.814730149255,-1581.1676690315307,-0.0,-0.0,-1130.4523950425328,-0.0,-278.15329252356037,-1661.9137223743655,-1584.1025780147122,-0.0,226.54125474411396,-799.266682357029,511.61208775561886,-193.78047960082063,-372.43301634844516,-0.0,-670.5308494030393,116.71168281776495,-203.8927433278912,-385.2275431244144,-2745.5564607671467,-2244.150693783824,-92.90150195582311,-5122.712194163256,-549.4440705186717,-1111.4146705151313,-50.775201925637504,-3976.099635368786,-339.4034648177968,-809.0904940074951,-308.4327176181755,-1864.8496817244613,-1332.7371501415146,-3332.4721472638985,-4562.7318260585425,-43.30813029166435,-653.2230718460279,-1639.5013562184697,-1099.7582163972631,-0.0,-4134.670000793152,-0.0,-515.2267071151788,-1542.5866995215943,-1322.0168306961086,-0.0,-0.0,-944.5288939459526,-287.1538443099762,-0.0,-1499.4682254811735,-0.0,-789.9942092246431,578.6435048127413,-1520.7902541727321,-486.7413786941871,-8.13930606180733,-61.950555177620465,-0.0,-1934.0318802144905,-577.0942401211765,-0.0,131.31239304476975,-0.0,110.03514565662148,-138.57753766852545,-0.0,-467.7708466971553,-1322.1986016830815,-459.4391750781142,-841.4580395825999,-2312.1326434764437,-0.0,-3926.2578180256164,-1983.234857171343,-2605.779101894452,-2390.956035688893,-74.55182954835844,-170.3315350864288,-626.3554011212469,-1267.9557131835409,-0.0,-0.0,-1070.7282473748842,-164.82102738108938,-0.0,-70.61010390568808,126.92372019663866,-2379.535075476778,-0.0,-0.0,-1200.5037690311124,-0.0,-172.58861571733587,-0.0,-60.964286274324,-207.21364109426221,-0.0,-347.36187243831483,5682.95083970335,-0.0,-0.0,-1575.959902180117,-692.3764042827358,-260.93311536818044,-0.0,-0.0,-0.0,-573.7508144705276,-2060.786816692985,-0.0,-0.0,-0.0,-1959.2716428568822,-195.23619779430683,-0.0,-0.0,-1739.462224599906,-725.8467836491803,-364.37495680987433,-379.6855774920156,37.947411275079844,-603.5242689851925,-377.67882461381845,-279.72297355015013,-2151.338756022557,-0.0,-0.0,-1010.9798033817361,-873.4066955905888,-2623.9681306333223,-0.0,-0.0,-2329.0340866334877,-550.3715814430977,-1467.9036778235386,-512.6338994247468,-706.8359188993041,-2295.26104513294,-721.8546529767691,-85.53680255897874,-888.1430675417589,-2346.2527053124095,-1842.8391076546798,-1231.8765907712666,-0.0,-524.7040529155917,-0.0,-1716.7993839383041,-402.1077292203272,-210.31051150047278,-603.0225720375793,-906.8340183061592,39.77209624362912,-0.0,-1079.045568931754,-629.9884920233696,-86.93209051822657,1503.0228453820016,-68.11773511293842,-0.0,-610.9982200836884,-413.44018782390475,-0.0,-699.211533205317,-1526.103185498748,-0.0,-0.0,-0.0,-0.0,-355.7371692908146,-733.9104529555701,-367.87153925110084,-400.8855549163959,-348.8035778441358,-1885.1136520843988,-748.5458894488231,-1259.565302144773,-2398.0147262072255,-1730.6897242255873,-0.0,1056.652117892853,886.6774744834396,571.0996172578422,820.0444085073651,665.1263053354693,-0.0,-0.0,-0.0,-0.0,-0.0,-0.0,-0.0,-0.0,-72.8655185385459,-813.8591808049996,-518.4743992823047,-339.5753803000382,-1046.0600985637502,-122.5065374080361,-354.4248394941618,-1137.8768061515905,-291.8609015428063,-1768.0388651713167,-816.7450416371593,-112.20906495256511,-463.22675960672893,-8.899093180131537,-0.0,-872.2977238386047,-169.71978904484607,-129.48892949704242,-857.3373040184822,-451.6077323801847,-1663.379554907056,-269.15072487956616,-0.0,-0.0,-2265.010153284723,-438.32282336076037,-283.61121138562726,-514.0330336711615,-894.2728899475319,-471.7133626624545,-366.41040933198803,-0.0,-487.94143242987946,-549.6409486737366,-638.6596489153028,418.6815565336499,-1381.4122691375248,-1905.74778906696,-507.23978509005445,-660.3174350810183,-291.2935400926024,-13.47322664429023,-0.0,536.6070067016998,-950.3326005799357,-50.52726777380704,-1768.332065733173,-0.0,-0.0,-1307.3249728515295,-486.2487602350687,-0.0,-730.4396610431642,-716.2664629180254,-860.7189311427915,-0.0,-824.4832246728639,-585.36797683907,-2151.7247367167847,-4298.733528289109,-411.9220573653453,-0.0,-46.42446115215521,-412.59118579517576,-1688.474847852364,-206.67485981961758,-621.4003758144152,-654.9755353011374,-751.9185199961489,-192.31274512007832,-0.0,-0.0,-1318.8337033498485,-35.387776318510596,-432.4240520036573,-686.8279793361203,-1464.5424413288156,-2392.0635347378743,-0.0,-467.32588812853345,-0.0,-0.0,-0.0,-0.0,-0.0,-53.142971389746414,-163.32851049584053,-404.42407172171005,-0.0,-0.0,-0.0,-0.0,-0.0,-0.0,-983.1727565843555,-2129.863507380881,-443.7030141979468,-489.2337984573983,-45.11756084535223,-0.0,-0.0,-474.3870253804813,-0.0,-0.0,-69.28262336048095,-2436.6704835156725,-0.0,-0.0,-1357.0336308491176,-615.3298277360332,-940.5109083396675,-967.612849013714,-809.5022259132656,-0.0,-0.0,-1231.4850399367601,-2059.779341807704,-1081.5231607382252,-0.0,-1067.046063684762,-150.74310027536984,-315.2316447156203,-705.0746431953116,-8.03273308018865,-642.5906814385833,-1874.9113127337328,-0.0,-1583.0950812449128,-176.36644777664014,-605.1734575194331,-1369.048155833397,-137.21169782388628,-1116.6074810301918,-0.0,-1181.2485130248663,-32.18715673498338,-2082.8768480020135,-2046.7485941650712,-0.0,-0.0,-0.0,-0.0,-728.2403711860886,-905.6434302828446,-0.0,18.65958304703619,-428.04504283248093,-972.88438080384,-2156.5662287263576,-2489.2596376607657,-361.89153909555876,-0.0,-970.348144077604,-722.7716280208739,-1934.4577767317467,166.11115304567915,-0.0,-3108.6286143347006,-843.0984551099447,-0.0,-191.5526447604131,-1589.9263793907137,-0.0,-0.0,-666.623768081614,-1467.8163598810997,-0.0,-1069.7747098414507,-1460.9574853083516,-0.0,-78.95359716411076,-542.0658954530655,-0.0,-1569.257259648993,-2509.870191131425,-1034.1685805561783,-157.53520156252642,-1954.0054126438897,-79.01453002377738,-1033.6520736440139,-616.8267006919708,195.0479714937171,-1188.8642289450793,-1308.483805877196,-766.9596203456155,-1310.0255703462358,-444.3200579103607,-553.8665311036738,-661.960941146148,-2088.481636750415,-0.0,-0.0,-1780.1541325776502,-314.89395156884984,-0.0,-1592.8988247455452,-1171.0954084524722,-0.0,-2722.353277788828,-491.5842843458834,-0.0,-733.3007760742605,-0.0,-0.0,-1250.673623065431,-1048.2118438069037,-0.0,-0.0,-0.0,-854.0826761546626,4.119969496483974,17.74938334558811,-316.26419365107927,-0.0,-1919.0684155141444,-1540.0575694485526,-556.6346195398783,-2155.092587578928,-0.0,-80.18763732871578,-798.0810544093986,-0.0,-389.007398529811,123.23463233086403,-1271.0671396396049,-1000.8279103937214,-752.4023193837377,-1173.3790637638126,-0.0,-0.0,-0.0,-909.723133130988,-0.0,-264.95090864783015,-931.353539840712,-254.15943251537703,-1352.357607942905,-2267.8201922931808,-578.1541840724701,-2086.076636602376,-0.0,-835.0363089462154,-1763.1970747613523,-547.1296234904718,-1213.8795729472818,-281.3317237108174,-610.4320211817013,-1516.0171541861275,-0.0,-0.0,234.79651192682616,-2546.4988986137073,-937.4827912941076,-269.97576709088355,-0.0,-382.7149824724431,-283.5874956690501,-601.169098126425,-0.0,-0.0,-730.4759245237697,-0.0,-59.84161724184304,140.8766865642415,-89.52684728440119,-2319.4949816707153,270.1059497976266,877.5895875174481,214.39588616128952,565.873283062817,41.69992092751416,-0.0,-258.8438744304104,-826.8836260924381,-307.57124896923864,-60.08566496736694,-0.0,-0.0,-0.0,12.894302247162448,-21.372018587180108,-960.2961544093625,507.74303086903336,2308.546786190864,-0.0,-0.0,-0.0,108.79436778413543,189.27366298773478,-0.0,-3053.006831533429,-0.0,-0.0,-0.0,-0.0,-0.0,-2582.2283604203167,-256.063431908389,-0.0,-124.86161776020556,-1731.447493060614,-135.27521029675896,-1078.167525902383,51.2993412283182,-2018.4478246497624,-3737.1231939117774,-1897.791272211444,-0.0,-0.0,-1457.9504419508246,-1042.073279473146,-782.6864489399183,-432.17628900149964,-333.8856163390605,-1003.9777734154653,-952.1983249194049,-5638.6255270261,-660.6303793508625,145.02024226983352,-648.7759456231508,-892.9422968615352,-681.7759939366102,-634.4581096198818,-8.134853256526524,-1931.0182441970471,-869.0124354068954,-589.2456040201122,-0.0,-0.0,-0.0,-0.0,-237.45391414863695,-1254.3841585372127,-0.0,-1325.378972148594,-1602.5896564817865,-0.0,-0.0,-1415.8440119556644,-0.0,-0.0,-201.33227877069675,178.81474432740075,-0.0,-0.0,-2540.115881006082,-1197.9590814997978,-119.19050688776117,-1255.473906172696,-1309.5828995331492,-0.0,-307.7292572350174,-499.6187746405752,-0.0,-1527.9247430246196,-283.2358321814833,-1057.985695897124,196.84886651750108,-875.6438138101165,-203.14934164871548,-353.76486510327356,-49.93090907574836,-46.68377378681177,-562.1905433888328,-796.5052033670758,-490.62242033428834,-804.0243503872912,-0.0,-105.42185706687646,-671.7131294529232,-284.8432518936937,14.269928983237076,-0.0,-1015.1354096438912,36.601468601852,-1156.2038132208277,-0.0,-0.0,-0.0,-1930.4706688463884,-0.0,-0.0,-140.87134013972172,-0.0,-0.0,-0.0,-0.0,-0.0,-0.0,-959.9284357101724,-1474.2180645449928,-0.0,-0.0,-0.0,-0.0,-859.4793523047186,-447.8190735710478,-0.0,-0.0,-1677.579186135623,-0.0,-1381.4246413632948,-2272.3351922246197,-0.0,-0.0,-0.0,-706.5380893155506,-0.0,-0.0,-0.0,-949.7380244831689,-830.1658593676797,-591.9104305958941,-0.0,-0.0,-186.9354016647214,-0.0,-3882.628487113574,-5023.383160540083,-0.0,151.2587199003666,-0.0,-625.0081181951201,-768.676323369666,-1923.8620753772054,-0.0,-0.0,-75.36713982044337,-619.1457209744987,-1319.0859769651104,-714.4101775316013,-415.4816297820443,-0.0,-0.0,-1293.6103616457922,-857.9125839705553,37.02414394928659,-0.0,-0.0,-676.077925825371,-343.19816312279676,-49.524396003722956,-0.0,-0.0,-0.0,-1972.6611389805275,-467.8620650344497,-1252.2499889368344,-4688.391216509926,-0.0,-854.45976260354,-1028.7852352939651,-2315.628062395767,-431.3557595381615,-0.0,-0.0,271.72156974844296,-1200.5076807095056,-1727.0780164013886,-439.68819310952205,-127.22178845674001,-0.0,-1969.5168631982276,-396.603450592965,-1360.3653248298801,-801.0228937691977,-2712.706486838414,117.64561664559575,-961.2545345642872,-841.1354690959131,-1931.5030690283359,-0.0,-0.0,-914.9625113729855,-1864.8431277935194,-1769.8862885381104,-936.2569375216282,-0.0,512.0857673853423,-112.62861064598194,-451.4860000626819,-0.0,-16.35465238460863,-0.0,-2694.289084948965,-36.405063268704886,-0.0,-0.0,-888.0620135405826,-1221.3462398295749,-815.73610182989,-254.28913830753066,-737.3400070746566,-0.0,210.57855689145194,-806.8971599388641,-64.78494214393231,-1569.979606452931,-0.0,-1407.423101170912,-169.3783509498182,-625.9516179112809,-430.09244058684413,-633.2191014490995,-47.50082924504217,-4.760256036494063,-1220.2583188087121,-1231.3054522269993,-1565.9479740812374,-213.17595538647686,-1349.0499547508957,-4.3007194634595765,-0.0,-708.4135124305366,-3089.996055411652,-0.0,-0.0,-28.730731440561097,-2133.886663552292,-221.0182631286451,-637.3760558873416,-359.45432813828853,226.74346724600912,-0.0,-0.0,-1472.5468694579838,-0.0,-0.0,-2156.603332473628,-1430.8374127425868,-917.40299905655,-987.5346285936381,-487.8941146092036,-857.9256561687221,-954.1310192888659,-1286.7413230755135,-2324.3626357489456,-0.0,-0.0,-0.0,-0.0,-43.518357306232176,-0.0,-1959.0877501201512,-656.9855404222412,-760.6205444806149,-860.8523130936107,-479.27272890314947,-0.0,-1487.1267639593675,-605.1126680447413,-0.0,-2645.9354016567654,-1676.7130516487223,-0.0,-0.0,-2937.981634631464,-1731.2191373614905,-460.3425932944213,-825.5316322427128,-0.0,-472.99216728604705,-12.26948929169336,-0.0,-743.4977432427361,-522.1229843987214,-620.4710276420819,-0.0,-0.0,-0.0,-0.0,-460.5968968579998,-1126.9118142894292,-6234.956172342091,-0.0,-0.0,-612.8225451340521,-639.9866832239528,-1825.461031998567,-624.0311310694719,-72.82881709738126,-431.4369628296041,-0.0,-732.2238775909536,-591.6896852988513,-0.0,-726.4599725676726,-1317.1098434650114,-0.0,-0.0,-0.0,-0.0,-0.0,-133.37527597496006,-2070.7317908857403,-0.0,-1165.4832670698067,-957.7779488265212,-0.0,-2049.4479789358434,-793.4173341576288,-1155.246229789366,-1486.201636528804,-21.390901739675105,-123.2550655310355,-1348.059812939191,-873.5802708738235,-400.9319031014202,-0.0,-1450.7412764390915,-1346.481010759853,229.26441635024966,-0.0,-650.1048692131576,-976.0311918771081,-945.6288416604169,-50.50193527252156,-0.0,-582.5519601196062,-0.0,-0.0,-2898.4835859217983,-2500.784212054083,-2002.7984599046538,-1721.8303460435209,-0.0,-1110.66388166447,-2095.640451132273,-0.0,-6155.362226759899,-0.0,-0.0,-0.0,-0.0,-999.038464947046,-2395.344498982778,-2674.8258644474495,-20.163080440346825,-2107.1574335881833,-0.0,-976.2534764093134,-24.023404259963144,-0.0,-0.0,-624.6519389166436,376.45144812108504,-0.0,-472.5050165232948,-40.272192513627466,-0.0,-1443.9083167581905,-0.0,-2338.450803837282,56.55172249154464,-0.0,-0.0,-1028.8528892624286,-1590.8822451376436,-977.1810241948531,-1353.9691168637642,-1216.4339654362027,1382.7508322878207,-52.96934944564171,-988.2531885016845,-84.48769549048805,-2221.8701115310996,-935.8245759660293,-872.8918413229337,-517.0965337150332,-1597.7273956073439,-1959.1218589224668,-453.27258054288365,-2077.7896205466923,-364.05858213796853,-0.0,-0.0,-7.947840052108291,-0.0,-0.0,-0.0,-0.0,-0.0,-0.0,-1642.6624174472556,-699.8168109250336,-1417.8030580033355,-666.6645541332601,-0.0,-630.943395908355,-1245.4430979274305,-1106.551847926788,-2124.3305662149182,-1327.9295919493375,-69.0123823894668,-33.35589771972454,-1223.1949750954125,-1195.7785701654755,-0.0,-100.67081778489731,-0.0,-82.19900087565125,-845.2595078318508,-206.6707583122969,-556.2115081352865,-993.0998361040813,-0.0,-0.0,-0.0,-3448.220263537447,-0.0,-99.24974802877095,-0.0,-242.31795132905447,-1020.3064316358664,-1206.5253842612485,-776.3789063082563,-0.0,-41.77829267883485,-569.191743161754,-487.44410253286935,-416.5595433778348,135.4686821749916,-1171.8490513179934,-0.0,-0.0,-3174.1383137600296,-0.0,-1151.7308217216062,-689.7270279146237,-414.4823719612734,-271.9053829796594,-1316.9623745513404,-2868.2597376647464,613.2439708467119,-2313.0667667053795,-1725.577823142214,-553.0588629373882,-4.5666548503560795,-0.0,1396.393707236016,1302.6739343564084,1297.145123384247,-0.0,-0.0,-0.0,-1008.2194345697587,-0.0,-306.79511390300456,-187.15786973283622,-0.0,-3731.935988912158,-0.0,-1542.973792289133,-143.56281801806284,-1041.3232578283855,-708.2812120850602,-1692.4581458835764,-1768.9609756401774,-0.0,413.5107107920954,-2496.531747768161,-1986.1694078439798,-538.5881804228354,-1697.1310476263156,-1857.5266583084979,-0.0,-0.0,-422.514684174513,-774.7366329960488,-2449.9345343207174,-874.2591252306041,-148.41689934864561,-0.0,-0.0,-661.7216682908469,-0.0,-0.0,-0.0,-162.8278867660536,-1294.1915556313613,1714.49398807072,-1345.4466694291184,606.0049926980265,-860.8257842950403,-1015.8243563168844,-8.71445627481855,-4622.81722466805,-1154.7563251084837,-0.0,-79.77385048900787,-2450.023097997117,-1988.171010942777,-0.0,4.553691782822213,-0.0,-677.4657084605216,-0.0,-2228.555998289775,-1920.4337389174566,-0.0,-317.53215595369153,-0.0,-0.0,-0.0,-818.1093667289558,-1123.0072673475386,-422.64453061154256,-1038.1403582788346,-1866.116165248316,-936.469445070217,-503.70886701291045,-557.4803434755096,-0.0,-1691.9538578081826,-253.85273157008353,-782.8364761467683,-1143.1116867587805,-1631.9659028914282,-1553.0680764621513,-436.5937634744026,-1897.3450467539235,-0.0,-0.0,-0.0,-2506.7135540067256,-0.0,-608.6392889061308,-872.2056047160081,-0.0,-818.5967933848897,-661.9659539595917,-886.9581266520107,-734.83274446518,-206.75629650501347,-1987.0263108109343,-5056.085006515979,-252.84913381895527,13.494180473588742,-0.0,-123.92841342704779,-7751.408358668728,-1896.4492602022062,-688.0592642818085,-2474.161166203055,-277.45127300082817,-0.0,-8.750539212875578,-703.9027656657732,-98.30796517927605,-1010.2669867131929,-1080.3648942227733,-175.74591200685506,23.683775672829217,-932.1853780762304,-2461.6167752363826,-2157.002999695257,-1974.2168579705103,-0.0,-1603.2085006043244,-0.0,-122.00862289875782,-1162.85293779257,564.7313486065453,-0.0,-0.0,-347.5851322601387,-876.0702164757807,-846.895541107438,-1359.0191553587363,336.35725980700505,-1628.8086567772532,-78.394392305266,-356.32593230642914,-1637.6505755767266,-1904.1461303602762,-401.9934145631216,-0.0,-0.0,-0.0,-0.0,-0.0,-1906.8770526234428,-0.0,-734.0187999118333,-946.8566797402896,-2772.3433383318074,-0.0,-0.0,-85.07282575770199,1198.9029485346714,-623.0333562509492,-1372.7716191470925,-0.0,-1491.3334758271685,-4768.833952504404,-776.1482461804018,-5915.787901387452,-1182.2161389436417,-0.0,-823.9727542185119,-2802.5568413002143,-158.81252666058344,-0.0,1231.0445573303246,1412.5493427292988,1350.5553108223373,-0.0,-0.0,-0.0,-0.0,-92.05679922209394,-2553.877083201551,-4.732543097280657,-0.0,-1986.0963097434749,-1232.513188010659,-386.5740517308248,-4.733541323542487,-0.0,-130.46116567529646,-730.945738395821,-0.0,-0.0,-40.140968239121065,209.93798170474244,-2161.602084199722,-0.0,-1047.6354409516152,-79.64985928136429,-93.04513806259104,-0.0,290.65215582172647,-101.92535412556202,-517.0640801372315,-2113.203745455753,-0.0,-89.28426840454549,-1367.1746420492434,-1171.1934716555572,-0.0,415.10545098185406,-0.0,-1047.230139249114,-1134.0351539854273,-8.027589908907357,-0.0,-0.0,27.744879854464838,-275.6181677200182,-189.4627750815195,-84.8422496743649,68.6803976133862,68.70567208597495,-781.533814209868,-795.8597355880804,-1189.0402226792046,-0.0,-2050.63111632081,-948.2958519386377,-0.0,-0.0,-1116.0681249967756,-2281.7371919349607,-598.5592686378858,-0.0,-2956.043251262422,-123.76944331963867,-77.03989869765033,-1283.2146425670455,-0.0,-375.1127113365602,-1372.9352625055565,-4.020460573024484,-0.0,-5126.4276854579575,-186.18452253204643,-1513.8555481613362,-1115.1485727332185,-1178.081251703604,-2237.6092600501797,-100.10155362264734,-868.0868425144139,-2139.890897043813,-1299.66966142506,-1148.7271845547837,-262.51245841201006,-1933.977782818291,-0.0,-3198.549186462293,-0.0,-5703.920988526324,-283.6388972484844,-285.057741169507,-1451.2651392753762,-0.0,-0.0,-0.0,925.6564257256231,28.02374395645985,-1008.3925799190989,-1502.8495611717603,-402.45674152066636,-1079.7209296772664,-0.0,-0.0,-1474.9773648482908,-341.2376559367153,-467.80782606909753,-210.76345727507126,-0.0,-1611.904503129331,-406.34733380083975,-1805.3780118075706,-0.0,-38.02978726315602,-0.0,-1921.2171423720495,-866.541075931065,-1938.5237255824536,-0.0,-0.0,-1694.200444557287,-556.4621425280618,-735.0397127628098,-1541.776549980171,-346.40192665269075,-1289.0669209099647,-0.0,5.706227936097888,-1098.8220065262617,-4065.1246085092093,332.8267032128065,-1434.699193269718,-6809.386704354904,-670.0078435215725,-707.6869564638596,-223.1077214049248,-125.27512768599162,-982.9282536020855,369.9851473771867,-106.816003307215,398.2766661714128,-1246.8587071584452,-535.2475434838109,-0.0,-1380.8685657589074,-1857.5850518498014,-605.0413025567774,-455.5099575901519,-0.0,-0.0,-36.63584874646438,-1144.4526379007057,82.20387120332181,-2186.4467064302694,-0.0,-0.0,-450.1239316589425,-669.0221920652822,-1147.4312587656198,36.107877790498854,-2904.289599381278,-1507.450012902326,-1424.0195741995205,-161.13856687990076,-0.0,-432.70293747279567,-0.0,-657.8556662436705,-14.093747973122028,-1635.0709715232151,-508.54558814596743,-1602.1115925205488,-385.8455101842628,-307.0254194194891,-0.0,-1298.8316121293578,-711.436346238284,-1292.153128085331,-0.0,-3393.063290178962,-1306.166189652758,-1543.8627215099448,-1010.9254363759674,-1036.2591097066775,-64.44040928046958,-2359.161084879928,-819.7533563373888,-1333.8117254213848,-1916.0862125262026,-206.94292593248477,340.6203807052701,-1046.5889356408886,-0.0,-0.0,-18.055416862044552,-58.06867830151776,-16.258700454746734,-287.96215491205254,-0.0,-0.0,-0.0,-0.0,-0.0,-0.0,-0.0,-0.0,-0.0,-0.0,-1448.1875065025583,-2462.9617715089767,-1994.0774107330012,-0.0,-0.0,1355.5871613601118,-434.0049467260454,-0.0,-456.4142114519289,-405.14720026733806,-976.7644811839075,-880.4132686742156,-1125.6359353328141,-4.085767665213606,-743.0757983400749,-444.846398071806,226.93129639546405,-0.0,1023.9460411962875,-0.0,259.5846541054383,-0.0,-349.25540947559426,-0.0,-479.50927753650296,-1116.7342041345546,-1904.2984916475107,207.61488144674058,-0.0,-0.0,-0.0,-0.0,-0.0,-485.63163714969085,9.203214670082255,22.652715642222546,-0.0,-0.0,-567.018908947049,-0.0,-59.87959386042443,-717.1245670848284,-4215.072153168548,-0.0,-1352.9127015793667,-0.0,-653.8552249069003,-0.0,-0.0,40.95191007876369,-0.0,-279.76189125239307,-0.0,-0.0,-0.0,-996.2146639824703,-1695.7060474457264,-0.0,152.33760258657838,-2267.3504607920468,-0.0,-96.48210831498152,-354.1564066092092,-0.0,-0.0,-1844.184276377132,-0.0,-826.8691235216754,-1378.6560811370214,-166.9490013982833,-2826.79222430697,-1818.0249010974258,286.79283953557365,-740.0717626581221,-0.0,-1258.1201779607281,-0.0,-0.0,-0.0,-3955.4458068717017,-916.3555370418848,-1469.6200608007177,-0.0,-412.7970496441936,-18.875126548786692,-1168.2118462763312,-2229.9954947550364,133.77118729963385,-2661.3153883918644,-0.0,-1781.4082280935108,-2551.25438780903,-0.0,-0.0,-0.0,-0.0,-2247.009880855278,-406.38561004916966,-1347.7475914598792,-0.0,624.0905723410668,1406.1917552986774,-0.0,-0.0,-894.5126130149519,-893.8872674667285,-350.88038979436755,64.07862167422604,79.87370236486616,-0.0,-1489.248533291709,-0.0,-283.5379569530455,-1209.1305257392364,1711.2432820141457,-0.0,-0.0,-0.0,871.0168778170028,78.98332039659465,-909.5382267222013,-0.0,-1374.3588110378548,-0.0,-1006.0074366154427,-705.4753126323365,-0.0,-0.0,-0.0,-0.0,-0.0,-75.51224312705759,-0.0,-0.0,-0.0,-1192.4913605896716,-300.9916232476556,-0.0,-0.0,-0.0,-118.84473860048001,-86.52957873012473,-597.1433145198833,-678.7863692935566,-2971.4407235760846,-853.0629060720318,-475.2457926219334,-0.0,-2601.2137745664013,-47.37831100037542,-0.0,-1086.8836027577438,-2555.7360250838974,-710.7159126647855,-539.01629737139,-1153.9212996320368,-234.15138113207945,-687.9565015981199,-752.2150998961686,-864.5211773314433,-207.1875255679679,-1897.2108420673062,-817.6876728339822,-387.27434069334,-0.0,-0.0,-854.1780905234186,-3999.5065167187636,-0.0,-1034.4081642252474,-438.00685382607145,-0.0,-374.9237615724778,-651.7242789204408,-798.8251298202734,-4.435320101686401,-0.0,-0.0,-0.0,-0.0,484.10379035448847,-0.0,-633.6823029989529,-0.0,-0.0,-679.7267370625749,-1231.826725979551,-2735.9938667934266,-555.6656631057557,-619.8619182853193,-115.74160057509698,-2209.33008366469,-0.0,-772.5868469804063,-398.0870779588414,-500.7088995995555,-1062.689645807057,-1043.6593409791171,-1516.5067521257258,24.62656816839216,-384.062130593096,-0.0,-1121.9996983596668,-1192.4077175707096,-65.82764883033255,7.744987852417844,-2510.087817115299,-1273.8649784598972,-753.9517902289871,-0.0,-682.3794378946901,-634.3542222810793,-634.9431382596953,-2338.486360022867,-8.548163712718974,-0.0,13.420472119044192,-0.0,-0.0,-245.57870174967397,-3504.2001472031516,-221.6868441084923,-1578.3797455688311,-3419.5715769306607,-0.0,-4989.420703098157,-301.51888123199143,-2477.183063340691,309.0892019843985,-0.0,1598.6369793016506,-815.003016674269,-0.0,-2309.19487816323,-0.0,-20.954148438593755,-0.0,-0.0,-0.0,-0.0,40.724327164244336,-0.0,-0.0,-0.0,-548.9320522689079,-1519.2134335807978,-751.7954453749162,-0.0,-3709.2223059333264,-0.0,-0.0,-0.0,-238.82019867796782,-317.03730928149287,-0.0,-1884.920682346711,-0.0,-0.0,-3715.969044176039,-0.0,-0.0,6.405969856852978,-568.1850749671246,-22.637110117118382,-0.0,-0.0,-189.17843525437644,-0.0,-0.0,-1425.0373956839344,-1257.165333529959,-1481.3695847601198,-0.0,-284.0155665105124,161.9054048807204,-427.6622167672891,-15240.35188862481,-0.0,-632.8147189328707,-1326.8746612832247,-1556.4678327070842,-0.0,-0.0,21.416136193649262,-364.7591308322788,-1026.2803804575622,-0.0,-0.0,-0.0,-560.1222849195985,-2779.3705522302917,-1548.4939784988783,-0.0,-0.0,-0.0,-381.50365822971753,22.557684849495985,236.33140640583824,-1120.5731357242341,-0.0,-0.0,-965.8671992500002,-0.0,-0.0,-0.0,-2954.075404848645,-1166.0571961163064,-0.0,-1136.2296378116414,-543.8232251911639,-363.82835501783154,-716.6430435028672,-1038.3415213939886,87.71038162545815,-1119.9747007370315,-1087.0170103748533,-69.19925407838272,-1302.6360827003743,-0.0,-0.0,-0.0,-0.0,-655.4238362899905,-0.0,-0.0,-549.4382659285354,-1926.401867153253,-698.986317966616,-0.0,1510.6224873323727,1381.3659929431753,1251.4909584028924,-0.0,-0.0,-0.0,-845.8318913835993,-219.4215754031633,-801.8435625157085,-99.44911158137748,-625.516403594346,-1703.6453384286897,-1369.7299724638196,-2236.318730841535,-0.0,-0.0,-0.0,-0.0,-1050.8264397323226,-757.8685901680154,-1760.537649986712,-467.88582763038585,-1382.994421118997,-2065.275076937268,-1859.3944796858398,-0.0,420.7491004475195,-432.54546528744055,-447.46831012693406,-138.28175008100487,-4472.275909900227,-7.903036654625304,-0.0,-796.6935067832075,-1401.4644480933669,-0.0,-48.739933829624825,164.67323628794946,-173.49227481478155,-444.1230878252933,-2129.464466470634,-417.2499983924245,-1623.1258332073126,-0.0,-1907.9717743886222,-1644.1742642733543,-1289.5552932118246,-0.0,-1807.9232546524581,-652.7472142808062,-763.3124718757805,-945.5016561167054,154.56877676368592,-1744.540721681772,-1397.4657833156127,-0.0,-130.82276286185683,-0.0,-0.0,-0.0,-1104.903831589706,-714.7144736866661,-0.0,-0.0,-0.0,-3694.5972842067295,-2049.949151670334,-0.0,-0.0,-0.0,-1538.52277313295,-878.0621059400878,-0.0,-739.0028563784118,-1471.5707608467164,-641.6670597376147,3.9831202618877612,-1008.3263014817775,8.736363609281575,-1588.2623871505173,-1890.9387148972398,-0.0,-0.0,-42.838696755269794,-0.0,-0.0,-1435.1817001859517,-114.20604702296981,-406.09798333540755,-0.0,-0.0,-0.0,-1024.0464883511122,-315.8611079183299,88.45885241574935,-502.77866293544935,-239.07512939916776,-2179.3464419604934,-287.5878066011154,-593.4893792619755,-1222.0734264595642,-0.0,-394.2919634333647,-0.0,-1853.795154059464,-1616.1197147875473,-1824.9767320046617,-317.09403763217955,-291.7303147306503,-60.394273983891864,-878.2781912943119,224.13057868929016,-0.0,-366.8446143767739,-0.0,-0.0,-447.21064275124047,-101.3565526195244,-2540.759686949941,-2635.613378762029,-638.3823520321043,-0.0,-0.0,-1101.2609910357396,333.6548239071479,-0.0,-0.0,-0.0,-1016.4609633627581,-81.25934299762127,-318.6382112955618,-4532.263938515531,-1500.5308164092119,-745.1870946569882,-429.4293328278187,-218.3628227977138,-901.27638894224,-588.3339337852628,-513.8947482642515,-0.0,-944.9079484261537,-719.201277932063,-1652.70866822062,-0.0,27.61335902213561,-8.691461420599166,-0.0,-0.0,-1549.1068817881383,-0.0,-3935.0028556171806,-1373.7914477555428,2968.146224887972,2856.7483709684816,-0.0,-0.0,-766.3481285514449,-988.8387298331747,-1356.2104829487052,-328.67650198112204,-3672.222178041305,-563.3667683608617,-0.0,-0.0,-0.0,-1514.7878403939033,-830.3000442570278,-190.90982914911748,-2699.9139006036735,-1197.7338050529736,-21.10900520740854,-461.5676754383932,-1162.5697537716853,-373.5747678206134,-535.3831592259814,-0.0,-4.606453004718272,119.60833459341599,-1106.9610427453774,-161.19686510839426,-0.0,67.00187346816794,127.20019052043489,-220.62771527979754,-1374.0626254900365,-2178.8545974316303,-80.48473796139466,-1072.111736780911,-1283.2928496605432,-0.0,-0.0,-775.8503396175487,-0.0,-0.0,-0.0,-0.0,-588.1860878004968,-40.6278010140446,-1270.1664984203649,-1247.9633578704245,-2370.559483861035,-1088.8488566206054,-0.0,-617.8221885898507,-0.0,-1458.4096828932825,-1481.1390227358922,-1415.7640017653666,-1040.2726515305762,-0.0,-1557.3068556064497,-0.0,-0.0,-0.0,-3893.402568751434,-1143.430607170182,-259.6841472254395,-965.16614461377,-744.2659192458456,-1051.243097864144,-0.0,-0.0,-0.0,-0.0,-5855.107194945038,-778.0806771845808,-1853.0888453897453,-3966.2457029323728,-2168.6341751157233,-453.003239720863,-0.0,-1962.567762204137,-891.9226599476256,-0.0,-304.6963915367076,-393.7337801532845,-0.0,-973.5707619971107,-255.9507879709428,1548.1605193555818,-470.56713947301296,-0.0,-0.0,-1026.7207805561948,-834.9998138949611,-2293.616649225439,-423.10885464878635,-0.0,-0.0,-698.3996456945463,-0.0,-0.0,-0.0,-0.0,-1375.5013558606756,-569.3376489129906,-1289.944542671567,-513.3228303589287,-29.304654799643984,-781.9409362168894,-0.0,-0.0,-0.0,-0.0,-2459.170412229237,-0.0,-0.0,-0.0,-0.0,-0.0,-0.0,-800.5352011936518,-0.0,-2715.3082502978923,-536.9033573554084,-232.8939261237377,-1201.1675239066794,-0.0,-0.0,-1659.2788612873446,-1536.7015221232004,4.298033301629547,-421.46987006268347,-35.51374444032865,-1632.9718695918416,-870.9522577422902,-0.0,-4207.289666830441,-1377.8124945617853,-0.0,-0.0,-36.235431390051126,-308.7110647350223,-1270.1763003968183,-0.0,-0.0,-59.15751592386191,-1650.45712358057,-536.435076775778,-356.7224499064585,-45.02731973813288,-1907.0849704133168,-0.0,-0.0,-0.0,-0.0,-0.0,-661.086693095523,-469.2001554643483,-629.8582669961738,-4497.300479776492,-1662.9551811488316,-1257.3845555882351,-20.016750759927525,-867.6039753496273,-1367.593878879571,-21.24581587619312,-0.0,-0.0,-0.0,-673.6023268533006,-499.17496523212697,-1829.6087100681802,-682.9138271001464,-0.0,-1604.2654317359566,-0.0,-760.6454980159629,-0.0,-0.0,-2141.9404819946785,-675.4165542728948,-627.8887326583554,-1617.5614407044782,-529.3850396832981,-13.987139374472852,-736.6803267005531,-1368.73010953308,-0.0,-510.43333212515455,-1265.756921315234,-4550.4976773250455,-0.0,-65.84664159135477,-2441.9111288053,-1578.249440253548,-1346.6327420572309,-564.0160727429446,-1167.26198350713,-0.0,-260.18288677340644,-0.0,-273.0238635916792,719.1841595245318,-0.0,-0.0,1046.3471181752907,-0.0,-2426.2027950533266,-690.450603662631,-1152.9071746757738,-1148.5948486311013,-1482.3168286342566,-420.3445083120531,-68.94941345828597,-0.0,-0.0,-907.8352924967409,-794.4577560948755,-777.9035574745925,-0.0,30.74699085179625,31.116176361474526,-167.99098743276932,-3198.0201011589475,-1964.1154290346317,-0.0,13.736347063395645,-1403.2455724598003,-4396.648253775636,-2783.4750081730695,-512.6943681780764,-933.4807755836144,-1246.3934427445301,-0.0,-233.13969081988682,-0.0,-558.8128959381264,-292.3970526016685,-1699.1651116274522,-2383.337296854836,-302.76628663849647,-548.2582645828167,-4955.990786110366,-1270.7222906508503,-448.1028295556514,-507.0413729175526,-1545.265494612574,-490.2287339117174,-8.474919880631408,-1486.977915019597,-1699.0180614989297,-0.0,-0.0,-552.8109895999122,-1312.9073481391313,-372.7347961978626,13.965857960513441,-0.0,-0.0,-0.0,-0.0,-0.0,-42.62010488091469,-781.4792021568725,672.2816554701878,-432.7489412039836,-748.1961335289319,-534.3435784261982,-1153.5472061034957,-1661.8651281570626,-1080.9062646197212,-1877.7730352059214,-508.5364792910438,-676.7794062149839,-1562.9147358300456,-658.6465338054753,-0.0,968.1497094415623,-503.87001097067423,-43.119181380944354,-0.0,-973.0112340307213,-574.3000060266208,-1678.4984769494672,-1940.4616732264974,-2648.4318607227046,-0.0,136.40002705132744,-0.0,-0.0,-1105.7120025202184,-1580.1591011140115,-0.0,-997.8316491781511,-9.201316642566454,-0.0,-0.0,-0.0,-2717.2627166833836,-764.6591109104968,-255.47146324337848,-187.39839686145825,-0.0,-0.0,-1288.8157711946462,-1615.035507435886,-1028.257135536253,596.6282651347128,-9.63917643575783,-0.0,9.232889494721173,-0.0,-1668.3812201313322,-625.0817410725832,-1254.6482487967232,-1973.6618151257392,-1772.2876874654771,67.02024340663209,-0.0,-0.0,-1883.5770420619576,-422.16609172946045,-0.0,-0.0,-145.48231046099957,-0.0,-57.425453884856154,-0.0,-1228.9490806479262,-860.7193199273206,-0.0,9.24013485444946,743.3034439056664,-0.0,-74.62268094427492,-2409.0477590414375,-0.0,-0.0,-687.1824123702003,12.181198319640318,-0.0,13.710451466959471,-442.1197213247366,-1719.4373913385489,-0.0,-881.5970910035638,-0.0,-1172.8577122593647,1903.4706179983434,-141.91525005653483,-1806.3510992568504,-1641.208559349975,1114.3420242028442,-56.27196216970755,-2558.208642793793,-844.8748247258424,-983.2302404912475,-0.0,-762.1685644505725,-90.91468571917771,934.1725799340309,-423.689070925732,-1591.7633806975496,-0.0,-0.0,-0.0,-792.1801373096293,-706.0340032641953,-666.4360312458216,-1076.8340152242356,-1185.0028825369895,4.667344653880655,-1015.4453994326768,-1026.7143912904116,-1325.1827310999952,-0.0,-0.0,-530.1383007194687,875.766931003626,-6624.654457813457,-0.0,-1630.1082948624526,-1883.7912243479211,-928.3559207200971,-871.3487664840061,-274.2549158389517,-2860.087052463869,-310.66036379381444,-0.0,-1059.5605822232408,-1046.7724197372793,-662.4603571071002,-0.0,-1462.858253311977,-2345.8689973671662,-31.08797766989389,-1090.9621023232926,-2611.529948579608,411.1240746345928,-0.0,-481.865634118295,-138.97779496860096,-1522.3443075131584,-1060.4146928240211,110.0287378099657,-128.83216188558163,-763.5021467370461,-490.2935122890483,-594.9517308252983,-782.6708904394541,-596.1254443042146,-0.0,-1429.865361771967,-0.0,-1304.4884960023273,-756.014555739981,-212.88631660836984,-0.0,-1948.197047484102,-5190.559215156167,-0.0,-495.09065552741845,-0.0,-2619.2544352528125,-335.1233504695542,-0.0,-355.46986242699234,-529.8808974634051,-0.0,-2278.4271408312097,-1542.5181716416807,-0.0,-4189.841867561503,-136.2929526637076,-1354.9893244110187,-1479.3572336286315,-1855.403825396973,-133.1575394453928,-0.0,-963.9045839414556,-2279.1672279633326,-572.5815415323166,-965.9876129455596,-1101.3106688487942,-1853.5317552081965,-2380.6885788946474,-944.5493798997164,-1981.094733235114,31.543812317454673,-0.0,-314.1962458324335,-1605.20187693929,-1193.5783776649937,-0.0,-0.0,-0.0,-462.0889673094071,-423.2700745166201,-14.342765882625317,-607.998143899868,-0.0,-1349.3392671897805,-811.2376476116891,-567.8266818381715,1.8340869796197754,-0.0,-361.42569239079637,-1665.0419211046446,-1076.1568950837427,-349.0809188155134,-888.5426309252558,8.906621200685061,-0.0,-0.0,-3317.6418294375685,-994.409477151452,-0.0,-0.0,-0.0,-83.80049675114122,-1126.3940137771526,3.951943888879039,-1843.752937955807,-1605.8951340970284,772.3528540821749,-0.0,-622.9525712827605,-0.0,866.0320378033616,-242.756499263823,-0.0,-1752.5343490631728,-334.6226840042387,-1756.2751632614725,-0.0,-1651.3780210103318,-591.0351021108917,-240.87232727885635,8.965923305118158,-39.06305215056512,-0.0,-0.0,-743.6541691162652,-1323.5127073568412,-0.0,-613.4279595759641,-0.0,-360.1027442109536,-661.5299192780849,-0.0,265.1732936696469,736.0699548591278,811.9262268288514,872.0230692285526,768.971889868294,966.937258791808,-0.0,-0.0,-0.0,-0.0,-0.0,19.84217556886226,-0.0,-0.0,-743.3233104133517,17.963587041082747,-401.76903401257346,-187.77655496908824,-0.0,-962.0374659929624,-1576.1279800828265,-2072.6224970902663,-273.87940641113573,-229.1255098326188,-0.0,-0.0,-595.3556260344856,-0.0,-0.0,-0.0,-0.0,-2843.4466112169707,-0.0,-42.17937420357809,1074.4855451407786,-0.0,-1104.3353728885218,-596.794939149057,1217.2322095224042,-1007.0376204616604,-0.0,-3270.215058990246,-2136.051844499407,-254.70798984444795,-866.4512630144088,-1386.9479050374048,-603.9220596956582,1037.6318582228384,-90.9538089904614,-571.3705326066123,-0.0,-0.0,-591.2748144000269,-0.0,-1020.8794425021748,-0.0,-506.85539795579444,-123.02310091347698,-0.0,-0.0,-1312.5998226924823,-0.0,-0.0,-591.1815523907735,-1345.7580895876931,-1831.0951505234889,-0.0,-0.0,-0.0,-2054.6118936813227,-0.0,-1286.747110393185,28.127995866247126,-0.0,-0.0,-1204.519511083275,-976.5170071576867,-1369.5012757372162,-387.93360129448337,-0.0,-1295.9916364333594,-302.3747499991865,-0.0,-0.0,4.638714295374547,-45.409186119659545,-4192.407559559611,-0.0,-46.07563758043403,-47.08201730475008,428.51214901045813,-92.05650178662975,-799.9727856629403,-846.4931034454208,-464.74786733200716,-0.0,-0.0,-1676.4187925058789,-0.0,-0.0,-0.0,-0.0,-0.0,-0.0,-0.0,-159.68858526550952,-0.0,-0.0,-2004.064981461447,-8858.929894380317,-128.00367714508357,122.79573888349806,-508.147514659888,-599.3107830863954,-470.8030346335278,-3990.5719354699277,-256.90879565111135,-437.4503011413285,-0.0,-0.0,-0.0,-2100.2981647979827,-0.0,-90.76487011523854,-0.0,-0.0,-0.0,-532.4342375771895,-14.12885676804737,-316.2690513769143,-1419.4121498137558,-668.4711594108804,-92.03534380131825,-1943.3990346925561,-0.0,-89.05953745065987,-2094.340987488168,-0.0,-1406.702166271903,-0.0,-1440.3473025028904,-0.0,-0.0,-987.0037599764999,-676.1971795845715,-35.6420460232385,-719.381760209649,-116.70473228284497,-786.624712574565,-165.96551966808207,-713.4277501059921,-715.0164024919422,-2282.2627354541264,-1001.6136964930955,-0.0,-1781.256862563123,-441.1519593347895,-815.9674576098683,-0.0,-0.0,-1047.4837135902617,-2305.787402229245,-149.6265509942823,-0.0,-0.0,-80.13524520610116,-3430.006663896317,-892.9029085419809,-245.58040193874206,-361.6254680977485,-47.74304542149159,-4574.981206867914,-0.0,-0.0,-2077.803278081513,-886.1443945358805,-0.0,-0.0,-0.0,-83.86771195711654,-0.0,-1931.5588122353925,-1789.8267290489703,-0.0,-420.6682614141403,182.02661917951903,-0.0,-0.0,-0.0,-1045.8741086579146,4.745133756637695,-2563.9482776420323,-657.7368110533969,-1230.2350169493814,-727.5962873476388,-3488.677811156112,-1525.9858203282265,352.7995868133482,-0.0,-2147.349091251745,-0.0,-0.0,-0.0,-1116.0707790964618,-675.7394373412964,-1296.1664937979647,-0.0,-0.0,-947.2716861466574,-1354.295340507508,-712.0964588813433,-525.895498675165,-0.0,-0.0,-1378.5386715354944,-0.0,-0.0,-0.0,-0.0,-0.0,-0.0,-529.5280905683951,-188.97900224309547,-1522.1640852167986,-0.0,-777.4734347840108,-4346.765049198334,-48.877198135387,-0.0,-0.0,-0.0,-0.0,-0.0,-0.0,-0.0,-0.0,-0.0,-0.0,-1350.5353895064968,-1999.9435902803184,-0.0,318.5573185385415,-0.0,-638.2616751386148,-96.17267608601361,-0.0,-741.8567376952201,-359.8406934876239,-26.880589783902586,-3296.9969055107085,-507.2332479011455,-3113.6053147423536,-207.9751181888977,-1952.2582601095378,-1768.8695240798781,-676.8878688376116,4.7841845612201475,-0.0,-1300.8401396737243,-2206.4164461907626,-2535.178890927508,16.80451129793913,-526.0768679051197,-1803.458079533716,-0.0,-2142.0579861413157,-398.4279806459182,-0.0,-3150.611196826929,-0.0,-1006.2342136318118,-0.0,-3098.4634140423213,-0.0,-0.0,-88.65502531233699,-1013.5785552149413,-719.9213755325131,-0.0,-1270.6922549311607,80.98928489865949,328.3575142059731,342.79836926479,-277.3470421810286,-1920.1392690997968,-771.0256608114414,-0.0,-0.0,-6018.657812828741,-1366.5791780372388,-0.0,478.29036405146536,-0.0,-1737.483645213915,-604.1015746310127,-745.94413875174,-0.0,-0.0,62.3637646678609,-0.0,-1078.841047369068,-1081.5574177876656,-1988.772482021418,-0.0,-616.6334074054092,-3121.6414667512936,-851.8284271330352,-0.0,-1359.4627156636775,-85.87649855866404,-1360.5131439392328,4.522092215460611,-989.0043375915482,-0.0,-0.0,-0.0,-754.5092706189154,-0.0,335.79123442543414,-0.0,-392.8715227564237,-822.2963035312215,-562.1476957211557,-1171.5468562348196,-646.9943313140332,-1811.850789729184,-946.7504556046088,-0.0,693.077373623181,-2440.4557689263374,-1869.6648753546256,-747.0092590183447,-0.0,-0.0,-0.0,-158.2558006594207,-1187.1554244491872,-341.5544097262999,-776.0155780265964,-2100.195721386228,-2937.610477800908,167.11086748635694,769.2998802981676,794.9560099551378,-0.0,-0.0,136.0978985894165,-101.63750038019083,12896.596100856024,2270.4107333462935,4151.908530508479,6278.599870201619,-0.0,-0.0,-0.0,-0.0,-0.0,-1474.1305702208422,-1641.2477447711233,-871.1454120748818,-0.0,-3053.7260102515374,-605.1675767626241,-978.0839919811059,-0.0,-725.6342118464702,-1380.5709755984467,-1038.4099973147656,-1301.7928970847074,-0.0,-3350.2836169888083,-2100.3950585784246,-815.6867307516322,-148.8513080942252,-3106.541698852526,-0.0,-293.28659174318835,-0.0,-97.69077549111184,-0.0,-140.24239658471018,-213.69531551576588,-1064.318964723038,-893.9315136522506,-0.0,-0.0,-0.0,-2237.0667258335125,-0.0,-0.0,-290.1251567552816,-976.637701306183,-1016.761085999798,-72.07261996546566,-1117.203785252303,-1960.1346943162573,-357.1349196234967,-0.0,-0.0,-166.97637464054466,-1684.0120349147592,-475.4038190458833,-0.0,-6388.938658082348,300.1751730101215,-0.0,-0.0,-0.0,-227.07057494435634,-462.5465120771376,-0.0,-0.0,-1279.3368602652058,-2145.68360274916,-1199.9021512664985,-443.7577790845405,-416.1871994381671,-563.9693620174278,465.69560817537325,-1226.4383829189444,-0.0,-523.948799771545,-2447.389786368263,-512.3490837843751,8.382026163458821,-0.0,-485.4305182954682,-0.0,-0.0,-0.0,-1341.4732491791617,-477.66808450259606,-1500.6085599773028,-0.0,-0.0,-0.0,-202.88986376570864,-551.8795575107279,-1748.9084597724068,-2995.844411655376,-223.7568871708062,-131.23718883595916,-0.0,107.83184509093975,-0.0,-1193.9791428614974,-181.87496716824833,-0.0,-0.0,1050.7749570158985,-0.0,-1805.8818080142612,-0.0,-0.0,-0.0,-208.09375397296034,-2125.3200290233203,-1682.604334785864,-33.13108786664136,-2368.679987219462,-1650.0593277583425,-29.82335119596695,-33.44142747816138,-71.72599117894522,-0.0,-0.0,-2131.170499935131,-0.0,-6328.184869005454,-0.0,-1583.9967018484297,-297.81788603127757,188.43723423428236,-0.0,-12.203737827632912,-1730.3700401219612,-1669.9546531938006,-588.2868968921813,-39.08598547629868,-108.52259222900432,-0.0,-0.0,-0.0,-0.0,-1136.3914602073944,-1170.2319548319251,-0.0,-621.4571294114326,-1301.2686749449845,-252.04417482574098,-32.76925945350647,-0.0,-0.0,-0.0,1151.6856799040786,-82.50008544183494,-0.0,-526.6925905580717,-864.495394210998,-1598.8569086445245,-0.0,-0.0,-2641.6011078101724,-0.0,-0.0,-0.0,-0.0,-731.301672011269,1176.039928898766,1110.9969164776821,1226.9100154937614,-0.0,-0.0,-0.0,-685.2885054125032,-0.0,-0.0,-395.30922611629825,-242.33480942121957,-0.0,-232.1592245818903,-1248.6665409480752,-1383.50516536934,-0.0,-0.0,-0.0,-22.02136322336564,-1499.5980156802668,-19.95087949674277,351.17020005232285,-0.0,-1707.1252568942466,-940.4481598781367,-605.9295030029213,23.574614425843986,20.570659632661293,-321.57273907771446,-16.96118410841436,-395.56759331468294,-413.09762214858887,-1130.1251730777267,-378.2222260597278,796.9097488089028,-1482.6336283659207,-160.6897941580162,-164.19115555931867,-3807.300625986828,-2752.849961236885,716.3304471096629,-1226.1340759525747,-143.95014351772343,-4.672339597861197,-746.2325388359592,-1179.0065722708694,1980.6255580473637,-693.6409250770857,-709.7921684353638,-775.7923237733436,-0.0,-6227.650783897553,-0.0,-578.6573454447886,-1022.4622199070803,-762.2350863700497,-883.3956099599668,-1160.3236286764027,-0.0,-1139.9704284041418,-217.24053018597192,-89.07121822762234,-8127.607464636886,412.1182613467097,-181.4593036731492,-0.0,-608.9307898602824,-1174.3037657778411,-0.0,-0.0,-568.6824595984266,-1675.403766382736,-43.73893490454226,-245.52635396163885,-302.6789123754073,-1260.1876596967336,-0.0,-0.0,68.68200839722057,-0.0,-0.0,-1819.0366675353591,-0.0,-2082.779623175723,-1060.8124263942889,-1405.2335461250368,-0.0,-0.0,-512.2658825922886,-1005.4796084537522,-155.31650549328012,-0.0,-437.0665191946917,-168.69861921616135,-472.4609678861616,-0.0,-202.06424560205286,-481.67119148950707,-2477.7171207300794,-897.0206424748012,-1469.7560809526847,-0.0,-0.0,-1268.372777850748,-30.187060094971656,-0.0,-0.0,-1404.7594708274069,-0.0,-0.0,-0.0,-0.0,-0.0,-0.0,-0.0,-0.0,-0.0,-0.0,-101.22586665605603,-0.0,-0.0,-0.0,-0.0,-0.0,-0.0,-0.0,-0.0,-0.0,-0.0,-0.0,-321.49749109489443,-0.0,-0.0,-0.0,-0.0,-0.0,-0.0,-0.0,-0.0,-0.0,-0.0,-0.0,-0.0,-0.0,-0.0,-0.0,-0.0,-0.0,-0.0,-0.0,-0.0,-0.0,-0.0,-0.0,-0.0,-0.0,-0.0,-0.0,-0.0,-265.80112417405195,-0.0,-0.0,-0.0,-0.0,-0.0,-0.0,-0.0,-0.0,-0.0,-0.0,-0.0,-0.0,-0.0,-0.0,-0.0,-0.0,-0.0,-0.0,-0.0,-0.0,-0.0,-0.0,-0.0,-0.0,-0.0,-0.0,-0.0,-0.0,-0.0,-0.0,-0.0,-0.0,-0.0,-0.0,-0.0,-0.0,-0.0,-0.0,-0.0,-0.0,-0.0,-0.0,-0.0,-1412.2260424421975,-639.9683315993365,-1718.5043732700117,-0.0,-0.0,-0.0,-0.0,-0.0,-0.0,-0.0,-0.0,-0.0,-0.0,-0.0,-0.0,-0.0,-0.0,-0.0,-0.0,-0.0,-0.0,-0.0,-0.0,-0.0,-0.0,559.617312004265,-0.0,-0.0,-0.0,-0.0,-0.0,-0.0,-0.0,-0.0,-0.0,-0.0,702.3583740821654,-0.0,-0.0,-0.0,-0.0,-0.0,-0.0,-260.695736475616,-0.0,-0.0,-0.0,-0.0,-0.0,-0.0,-0.0,-0.0,-0.0,-0.0,-0.0,-0.0,-0.0,-0.0,-0.0,-0.0,-0.0,-0.0,-0.0,-0.0,-0.0,-0.0,-0.0,-0.0,-0.0,-0.0,-0.0,-1120.9943071281568,-0.0,-0.0,-0.0,-0.0,-0.0,-0.0,-0.0,-0.0,-177.90322375470882,-0.0,-0.0,-0.0,-0.0,-0.0,-0.0,-0.0,-0.0,-0.0,-0.0,-0.0,-0.0,-0.0,-0.0,-0.0,-0.0,-0.0,-0.0,-0.0,-0.0,-0.0,-0.0,-0.0,-0.0,-0.0,-0.0,-0.0,-0.0,-0.0,-0.0,-0.0,-0.0,-0.0,-0.0,-0.0,-0.0,-0.0,-0.0,-0.0,-779.823400904151,-0.0,-0.0,-0.0,-0.0,-0.0,-0.0,-0.0,-0.0,-0.0,-0.0,-0.0,-0.0,-0.0,-0.0,-493.728705053385,-0.0,-0.0,-259.8664062812474,-0.0,-0.0,-0.0,-0.0,-0.0,-0.0,202.03974020760418,-0.0,805.4830650102004,-0.0,-0.0,-0.0,-0.0,-0.0,-0.0,-0.0,-0.0,-0.0,-0.0,-0.0,-0.0,-0.0,-0.0,-0.0,-0.0,-0.0,-0.0,-0.0,-0.0,-0.0,-0.0,-0.0,-0.0,-0.0,-0.0,-0.0,-0.0,-0.0,-0.0,-0.0,-0.0,-149.13243587236977,-0.0,-0.0,-0.0,-0.0,-0.0,-0.0,-0.0,-0.0,-0.0,-0.0,-0.0,-0.0,-0.0,-0.0,-0.0,-0.0,-0.0,-0.0,-0.0,-0.0,-0.0,-0.0,-0.0,-0.0,-0.0,-976.6306285130586,-0.0,-0.0,-0.0,-0.0,-0.0,-0.0,-0.0,-0.0,-0.0,-0.0,-0.0,-0.0,-0.0,-0.0,-0.0,-0.0,-0.0,-0.0,-0.0,-0.0,-0.0,-0.0,-0.0,-0.0,-0.0,-0.0,-0.0,-0.0,-0.0,-0.0,-0.0,-0.0,-0.0,-0.0,-0.0,1306.8818647641176,-0.0,-335.65379926513316,-0.0,-0.0,-0.0,-0.0,-0.0,-0.0,-0.0,-0.0,-0.0,-0.0,-0.0,-0.0,-0.0,-0.0,-0.0,-0.0,-0.0,-0.0,-0.0,-0.0,-0.0,-0.0,-0.0,-0.0,-0.0,-0.0,-0.0,-0.0,-0.0,-0.0,-22.76031670402942,-0.0,2632.703321530586,-0.0,-0.0,-0.0,-0.0,-0.0,-0.0,-0.0,-0.0,-0.0,-0.0,-0.0,-0.0,-0.0,-0.0,-0.0,-0.0,-0.0,-0.0,-0.0,-0.0,-0.0,-0.0,-0.0,-0.0,-0.0,-0.0,-0.0,-0.0,-0.0,-0.0,-0.0,-0.0,-0.0,-0.0,-0.0,-0.0,-0.0,-0.0,-2438.036987480639,-1693.2650698351424,-0.0,-0.0,-0.0,-0.0,-0.0,-0.0,-0.0,-0.0,-0.0,-0.0,-0.0,-0.0,-0.0,-0.0,-0.0,-0.0,-0.0,-0.0,-0.0,-0.0,-0.0,-0.0,-0.0,-0.0,-0.0,-0.0,-0.0,-0.0,-0.0,-0.0,-0.0,-0.0,46.94327766771954,-0.0,-0.0,-0.0,-0.0,-0.0,-0.0,-0.0,-0.0,-0.0,-0.0,-0.0,-0.0,-0.0,-0.0,-0.0,-0.0,-0.0,-0.0,687.6506167066141,-0.0,-0.0,-0.0,-0.0,-0.0,-0.0,-0.0,-0.0,-814.4308534057728,-0.0,-0.0,-0.0,-0.0,-0.0,-0.0,-0.0,-837.8161383614726,-0.0,-0.0,-0.0,-0.0,-0.0,-0.0,-0.0,2739.472880222745,-0.0,-0.0,-0.0,-0.0,-0.0,-0.0,-0.0,-0.0,-0.0,-0.0,-0.0,-829.0102132826579,-0.0,-0.0,-0.0,-0.0,-0.0,-0.0,-0.0,-0.0,-0.0,-0.0,-0.0,-0.0,-0.0,-0.0,-0.0,-0.0,-0.0,-0.0,-0.0,-0.0,-0.0,-0.0,-0.0,-0.0,-0.0,-0.0,-0.0,-0.0,-0.0,-0.0,-0.0,84.92982681001985,-0.0,-0.0,-0.0,-0.0,-0.0,-0.0,-0.0,-0.0,705.9650494475463,-0.0,-0.0,-0.0,-0.0,-0.0,-0.0,-0.0,-396.77322651488964,-0.0,-0.0,-0.0,-0.0,-0.0,-0.0,-0.0,-0.0,-0.0,-94.42491458986517,-0.0,-0.0,-0.0,-0.0,-0.0,-0.0,-0.0,-0.0,-0.0,-0.0,-0.0,-0.0,-0.0,-0.0,-0.0,-0.0,-0.0,-0.0,-0.0,-0.0,-0.0,-0.0,-0.0,-0.0,-0.0,-0.0,-0.0,-2082.211184059126,-0.0,-0.0,-0.0,-0.0,-0.0,-71.38621927472441,-0.0,-0.0,-0.0,-0.0,-0.0,-0.0,-0.0,-0.0,-0.0,-0.0,-0.0,-0.0,-0.0,-0.0,-0.0,-0.0,-0.0,-0.0,-0.0,-0.0,-0.0,-0.0,-0.0,-0.0,-0.0,-0.0,-0.0,-0.0,-0.0,-0.0,-0.0,-0.0,-0.0,-0.0,-0.0,-0.0,-0.0,-0.0,-0.0,-0.0,-0.0,-0.0,-0.0,-0.0,-0.0,-0.0,-0.0,-0.0,-0.0,-0.0,-0.0,-0.0,-0.0,-0.0,-0.0,-0.0,-0.0,-0.0,-0.0,-0.0,-0.0,-0.0,-0.0,-0.0,-0.0,-0.0,-0.0,-0.0,-0.0,-0.0,-0.0,-0.0,-0.0,-0.0,-0.0,-1448.355496362197,-0.0,-0.0,-0.0,-0.0,-0.0,-0.0,-0.0,-0.0,-0.0,-1815.815739222818,-0.0,-0.0,-0.0,-0.0,-0.0,-0.0,-0.0,-0.0,-0.0,-148.5156087347778,-0.0,-0.0,-0.0,-0.0,-0.0,-0.0,-0.0,-0.0,-0.0,-0.0,-0.0,-0.0,-0.0,-0.0,-0.0,-0.0,-93.23767195849724,-0.0,-0.0,-0.0,-0.0,-0.0,-0.0,-0.0,-0.0,396.46476453695453,-0.0,-0.0,-0.0,-0.0,-151.41308721141016,-0.0,-0.0,-0.0,-0.0,-0.0,-0.0,-0.0,-0.0,-0.0,-0.0,-0.0,-0.0,-0.0,-0.0,-0.0,-0.0,-0.0,-0.0,-0.0,-0.0,-0.0,-0.0,-0.0,-0.0,-0.0,-0.0,-0.0,-0.0,-0.0,-0.0,-0.0,-0.0,-0.0,-0.0,-0.0,-0.0,-0.0,-0.0,-0.0,-0.0,-0.0,-0.0,-0.0,-0.0,-0.0,-0.0,-0.0,-0.0,-0.0,-0.0,-0.0,-0.0,-0.0,-0.0,-0.0,-0.0,-0.0,-0.0,-0.0,-0.0,-0.0,-0.0,-0.0,-0.0,-0.0,-0.0,-0.0,-0.0,-0.0,-0.0,-0.0,-0.0,-0.0,-0.0,-0.0,-0.0,-0.0,-0.0,-0.0,-0.0,-0.0,-0.0,-0.0,-0.0,-0.0,-0.0,-0.0,-0.0,-0.0,-0.0,-0.0,-0.0,-0.0,-0.0,-0.0,-0.0,-0.0,-0.0,-0.0,-0.0,-0.0,-0.0,-0.0,-0.0,-0.0,-0.0,-0.0,-0.0,-0.0,-0.0,-0.0,-0.0,-0.0,-0.0,-0.0,-0.0,-0.0,-0.0,-0.0,-0.0,-0.0,-0.0,-0.0,-0.0,-0.0,-0.0,-0.0,-0.0,-0.0,-0.0,-0.0,-0.0,-0.0,-0.0,-0.0,-0.0,-0.0,-0.0,-0.0,-0.0,-4390.376559696452,-96.64270713875442,35435.849573567015,-4073.5893245907305,-4054.9497851145716,86218.43801246014,-0.0,-7931.7126076925515,889.1177877614211,2043.5958968863183,-26040.13166778494,-0.0,-5478.368237643019,-0.0,-0.0,24102.09900480123,-13581.460465639637,3143.740888520825,7031.923681642906,-4223.875037621393,-25583.707676438033,-9431.515399723534,56.80227836621022,-100.56992758084989,-6519.524660108707,-0.0,-12728.97931484661,-19010.61660049694,14936.238883872935,-139.18928745824184,413.6950161997373,49258.39479150872,-2485.3537365165093,-106685.53638734685,-3386.3451065444565,-24940.00953989917,-16752.265670345856,-5430.759542328453,-6718.680944826261,-16832.365920056516,14001.32565910204,-2372.070512441477,-3776.569530841918,-3599.8774138045883,-12205.71417638348,7020.744515356867,35017.02913433994,-824.4099567602326,-194.49073887443424,21931.738634148278,3647.841431816638,-194.7739566125263,5556.436434684508,6144.734664427073,-5987.067098149619,-7853.305560997632,-3461.4554554512865,425.58570027621516,-0.0,-0.0,-1339.680492052969,-8297.310543281103,-4088.2384762342217,-3530.0410282390826,-496.36432319384033,-5237.303254879945,12053.929021620694,6688.657132280353,-8541.166605919143,18391.234080834376,-20437.767543946447,-33440.26396367093,75552.50169660163,-24184.28406606553,-8475.617358297752,-2012.646871019295,-3355.7090584170187,-6637.046765890681,-4134.395595041527,-34206.44779541037,-0.0,-14845.017175168101,-0.0,3753.5990210314985,-0.0,-0.0,-14130.816224877724,-1482.209715391914,-0.0,-0.0,3784.756532004266,-0.0,137.32224785877537,-0.0,-6460.537378943813,-4728.346094755457,-8134.811669477768,-8975.050930571244,9710.68421234747,-0.0,-30500.50216824521,48746.20633270167,-0.0,-0.0,-20829.625763465763,-9320.377108637398,137.52472180274444,588.5029779079543,-0.0,61918.01609132034,-0.0,-0.0,-0.0,-0.0,56946.82132868199,-1564.6983189498605,-0.0,-13417.30917729496,-0.0,-5629.727931487126,-971.7146128821388,-2801.5759743223916,-16279.358002045832,9558.877389704483,-1058.2184759636805,-9671.733868762498,-0.0,-0.0,-6928.658199600432,-7431.076376855222,-13070.54295523286,63230.81591008517,-0.0,-225.20552773863008,14339.872343003113,4424.291539475294,-2922.6342768889945,720.5936230432388,1812.817787375053,-3967.540117355269,155.53137124469293,-19553.637288138918,869.7231200680309,14329.313913394219,-699.2251036084847,10785.729940902404,49026.40033768532,5824.9093812433875,1117.735386165414,10048.741210821237,-2131.026027421898,-8140.1031714938845,-9336.11459968494,-16475.020409690605,-0.0,3008.671157714929,15032.026377090822,13552.26076453235,-8561.483253887203,6273.374690067742,3842.638063482566,-9501.919506573851,23371.678662854527,-15285.49610884798,-0.0,5668.217590445483,-12436.057084049293,-16293.137387231742,-7852.361104089761,27235.490757860178,2245.773309852529,-0.0,-5550.406624360583,-0.0,-2570.085627504298,59.71329712536158,-3696.9738314978017,-868.753405588165,85.89751923961992,-203.59020237677385,-23175.91963839385,-14725.420568119389,24358.741571431514,-8203.880205660744,3626.288526919247,8870.662620526145,-7970.402843658935,-5160.048893497718,-14443.347495398286,-0.0,-2105.851037461569,-2162.9733685622787,-0.0,1214.640587408515,-3306.8356037324206,-0.0,-0.0,-16884.480460339364,-3380.998743283911,4114.047457786788,-4022.5771764932056,-0.0,-0.0,-0.0,60082.20610402724,24882.017938650817,-0.0,-1477.1463050881252,12855.996714759907,-0.0,-4365.306359990785,-3002.602939016843,-0.0,-5414.533302755392,-8079.2672196002095,123050.53725796417,-13020.275549771353,-9424.115530724146,-32614.478793374907,-0.0,2673.6218804915206,2408.7097837633296,-10645.585294301833,27843.82627730377,-8584.93952798598,-47890.11392895536,-16149.608024382942,-10802.70281644331,-0.0,1362.778984064972,-5175.843756451132,22350.514735155582,-2306.1554792429533,89.34430015605476,-12581.162111281265,-9838.961743547588,32252.40325304435,-0.0,-1667.1942343165779,128.50721538578497,-0.0,-0.0,-0.0,-0.0,-0.0,-0.0,-0.0,-0.0,-0.0,-0.0,-0.0,-0.0,-0.0,-0.0,-1358.4420902533025,-0.0,-0.0,4467.382336301901,-12391.859299118089,-920.1359295102999,-9850.467680541487,24159.52122305221,9395.647946397336,-4020.6545261035794,2451.848848119554,41839.08236763761,-0.0,-0.0,-4057.278941244636,2773.5602766559446,-6955.080458910059,-8677.463702122373,-0.0,-211.42226853973466,9873.128462511982,-4500.09982560661,-979.9523476271763,3226.8484798076047,-29347.480882495653,24427.809486497525,-5109.194076686073,-2248.6175688345556,14731.694628380637,-0.0,-0.0,-0.0,-0.0,-0.0,-0.0,795.3885983754957,54334.59030781723,-10042.58450271202,-7863.427412577337,-13062.548649864772,-0.0,-10785.41305911757,-13222.88622184095,-0.0,-0.0,-0.0,602.3734926200684,579.0266560420065,849.7179941643204,3121.904018313139,-0.0,2733.7751437178254,1008.1314754532327,920.8170402126087,812.3079211409645,848.1149711459542,3441.701345205171,1817.9037819624043,3430.0414474314903,2719.2246973173505,3007.3252354477736,3315.1198406637764,39401.05610166376,43163.9565429697,40817.090706927374,36981.40846356186,7045.46791115135,6983.40828858068,8055.631998359961,9981.230121767685,4911.420386105242,2117.684622750479,2230.5863826204964,2243.562606061155,2106.0674394444404,2223.142667150509,5166.667098517043,3228.7282295749246,1369.6163524607734,1316.8140018516085,693.26083502675,404.68853738683424,490.6858174143966,35633.70979527384,38646.05795816729,41019.39810207222,37712.48999392768,58249.336618104244,61321.860416823554,1379.4134011342103,1368.462432336309,1376.6192962328141,1166.9059397719743,1302.6672507217804,1358.9005425391263,664.6536021628536,51032.04288676509,54508.24187681652,55629.85577088249,2832.006411434408,-0.0,7313.4170153036985,41661.9981313287,37595.01270688879,38032.119280553474,62767.06855449102,68888.99890568525,70739.47644337064,59446.457804073,2794.25575562259,2466.790837176669,5163.850802967679,-0.0,20626.332393348242,24019.98573231268,-0.0,504.1872292263785,1050.0441149765456,1649.5902323713358,1511.335534161488,1755.87429691791,1556.1127750238516,1797.2636708127366,1458.5854087638522,42720.085969868815,41412.016636160144,40669.6008814697,38338.32302165578,1117.3564489354496,1277.4936156538765,-0.0,-0.0,18197.06102323129,41214.435048851505,39645.07934960757,37014.574623347784,35721.834422215616,-0.0,51639.761704107164,55492.78892882269,1131.7987734157446,2230.707460542356,2450.3060999337254,2613.482523644478,2350.8629447892417,2313.9313418267975,56380.12532259419,53179.401152823,-0.0,-0.0,17725.674177540965,927.5888158350435,1118.0396998354045,42048.49691319599,39774.131647734,35825.79209030909,37958.33660948856,36174.19487235398,38452.49784865161,-0.0,16803.441784528197,10683.660499017862,-0.0,-0.0,1334.3127667361616,1465.815738891871,465.9986943556124,417.02549448112813,341.4188627042615,343.2527285163165,-0.0,1221.506901712147,1164.5911956647349,1119.697961028928,1276.4720604706988,-0.0,1553.662436459597,1620.151424237239,2050.850552705233,2192.639384563742,2191.776351931832,2146.9238877187904,798.6297508554846,973.4920871387649,890.7175441724,1336.5835974697393,942.4966230772975,846.2684245154688,903.6312001870017,912.1203261359933,8611.471287029523,9776.530543827972,44.09000989831378,76.74184319143697,3591.952777231428,16905.32819870093,1078.4901898746793,1035.5508258974455,-0.0,-0.0,6752.072975831007,6843.117245399642,6712.54860781423,6641.75087785018,1414.4554106305277,1529.473287319428,40368.20066041641,41102.51878459406,8942.288431128069,7820.259639250921,-0.0,55930.7691613291,2280.585478241244,2143.750088653718,1167.8321031975988,58112.74701912924,62077.49782494152,60067.474750035566,55394.14484949857,454.54878628382835,62491.00593723666,58811.57525184899,-0.0,-0.0,20367.512160214854,-0.0,735.7677135289182,750.0246781101195,666.5491104324492,1778.993249136765,9951.239409789909,23437.469811327195,1514.4714363262317,1635.613716544057,54.64357646398785,715.3445212441253,715.8987151195737,15896.714894328263,1607.2768335336673,-0.0,-0.0,-0.0,1154.9522377362127,-0.0,1230.8586540645997,-0.0,4543.616353588406,1062.4118209440423,1197.2950062146726,1133.5769249881223,718.5095330306373,695.2765202960416,655.4860535137769,1596.0586654699912,1770.0850938816805,1920.6843493583387,1155.3922617744192,129.79665182476953,5283.52557276789,55795.4627871548,60543.589008037256,10918.401427452696,21988.17197851098,16557.759373665536,17302.659724335663,2127.4938507068105,1940.9616503626835,1529.8643704577141,1529.0721831821127,834.7088101659057,1009.4670095062687,2496.6290584438934,37671.09259130822,40494.238470845834,1433.7850329554465,1466.7904889344368,1419.4179041806146,2435.6683064588537,2599.338863607289,2973.4001444062824,41430.79853225736,37087.85763301387,36841.29352230057,40344.54987214566,-0.0,-0.0,-0.0,2488.9379951213255,2762.4813446715666,2401.199436955195,7413.842919882136,6470.734730150125,6998.605271066034,1908.0761469207569,2011.0391919957733
19,-0.0,-0.0,-647.3825685912103,-2058.9786096800476,-483.82454905715423,-571.833276170598,-56.15262951576972,-1064.1851677635707,-726.0752722081603,-0.0,-1535.1830520720969,-0.0,-0.0,-2266.364980354943,-0.0,-612.4617073972297,-457.0565751700802,-0.0,-0.0,-194.66075973232648,-277.44395665436,-739.4236961053697,-1173.9580866641186,-753.5352139022651,-2216.044605728497,-1368.5421652007308,-0.0,-0.0,-3088.127410663193,-1863.6798193110353,-0.0,-0.0,-0.0,-0.0,-0.0,-0.0,-115.46888519994106,-333.95284839228015,-1790.7552735370216,-1447.727297614852,-0.0,-0.0,-141.6656558177068,-754.2119213987513,-189.74140309969997,-0.0,777.7985892152979,-1761.7622173331595,-431.8281989207061,-0.0,-0.0,-395.24173749533054,-4.851856002401799,28.79667310696132,-2080.737599818666,-3588.575296042758,196.51237624916638,-6144.66592434417,-256.135069853511,-0.0,-1739.2885794718584,-0.0,-698.0188066250578,-2661.8099773518315,-569.9075588708994,-674.936012833974,-43.5024197862524,-2446.2895275949923,-812.0649493394609,-570.9221433945229,-3280.8110033500043,-0.0,-0.0,-2457.9427616822577,-1093.2882735743203,-423.4440486132171,-2041.6003099741345,-0.0,-0.0,-1601.1352665504517,-1724.2001040875425,-506.47823080075835,-4188.925394424064,-68.67488787024956,-80.80436108320806,-1852.1461690126564,-0.0,-657.6273150367003,-1101.7533260057726,-18.90297972072291,-0.0,-1584.2316197044122,-90.76928043576599,-695.4062620754333,-2434.1209153225473,-56.945083106120634,-2445.9117378154174,-374.4061430555392,-1552.7779512074235,-2848.089089861832,-793.7772809359334,760.594803668067,-601.3132380419747,-0.0,-1791.264566657202,-2559.162708557031,-4628.493896405372,-609.8641130248966,-3049.30581048458,-0.0,-1628.9479620253283,-0.0,-0.0,-548.9132014515147,-0.0,-0.0,-574.3662597905678,-86.15106498734403,-1793.9811552207502,-907.2622468195509,-1102.0312133178218,267.6310330759431,-485.62459666129854,-389.3248538136218,-444.07867497484364,-16.544140281966136,-483.34677130134475,-566.5298806776177,-847.4749819796574,-0.0,-5559.4277964346475,117.69377736130697,-104.91165439428079,-4876.242721358061,-0.0,-1103.3195686640527,95.61435781952308,-0.0,-703.9874050893613,-0.0,-0.0,-563.6359631978592,-0.0,-371.08209384306815,-1044.6468539996956,-0.0,-1160.4013663996138,-299.535506593823,-773.1452132817564,-2390.6896839056294,-0.0,-1866.5227474468945,-1117.975754577424,-0.0,-0.0,-0.0,63.12296535113059,813.6357109376395,-0.0,-1700.3195859644793,-2022.40911963852,4.868469439128978,-0.0,-0.0,-527.8690098021214,-386.00613293775007,-412.15262692176066,-0.0,-420.7863414419993,-3433.004027553006,-1259.1938364337277,-0.0,-1359.869550957012,-2516.7597070912407,-0.0,-0.0,-0.0,-0.0,-0.0,-0.0,-605.9593588987467,-744.1438815124638,-295.88445911428977,-190.88344306785115,-1161.3916628697305,-17.710917949519228,-0.0,-0.0,-724.8389143874668,-0.0,-701.1409777829653,-219.20981671773143,14.809656568911333,212.2074677089183,-0.0,-0.0,-1144.6857870726983,-442.43382448157126,-560.9875511663924,-0.0,-3008.1929564973157,-2372.7123849796767,-1003.9701336920867,-0.0,-0.0,-2398.5859185290983,-1428.8783775989834,-773.311295977081,-28.505102617663145,-1737.932728353351,-1402.9478452971205,-0.0,-0.0,-2036.4992670223007,-0.0,-1010.9396926589598,-1184.0729736307135,25.502620307807607,-562.9880314178818,-624.5697606844759,-371.537839430846,-0.0,-1930.753921215518,-0.0,-3251.59089626032,-2758.030091819047,-217.42210962234074,-544.388617812877,-519.0582627491019,-0.0,-326.98119998070524,-234.13745865972385,-0.0,-1132.309225426597,-638.3216532179378,-1090.6118717468175,-1944.4271540458749,-1069.8360361917994,-2325.7421280975996,-1920.5518792840703,-2593.2091519469336,-2566.9905841389022,-1206.777391311674,-2376.9879729872764,-617.2906054703386,-472.6108402233388,-0.0,-1466.7782602607936,-964.2038398454678,-1180.9059388851754,-509.1154036964802,-447.23769436843804,-2436.455177667362,-733.7642557600341,-495.3671833759519,819.1002274043838,-0.0,1238.0595028045834,-1604.2947404659362,-0.0,-0.0,-0.0,-0.0,-0.0,-0.0,-1464.792036131895,-3208.0891517340715,-553.0080810029111,-1061.3371796806225,-0.0,-0.0,-2120.368210377798,-1477.2137430167386,-2201.943281783028,-0.0,-0.0,-74.88165386303316,85.32685091280729,-516.4896586746119,-2212.970356453579,-528.5524530123975,-0.0,-474.2943285371276,-804.8028370842597,-14.170713593410031,-1375.5346937019349,-1251.710622202188,-1678.9821372105612,-1235.5888708676812,-164.60077867678373,-702.5757457319916,-0.0,-1823.1163852388627,-0.0,-1057.2299419298158,-138.03797796072095,-44.80822557611308,-600.4619025890382,-0.0,-2615.2734558357433,-137.56953394658194,-699.9579195209596,-1730.5477329438156,-1515.983320799592,7.0135934817329195,-581.2550540443697,-886.1170879483865,-27.182526354236852,-327.04983442601525,-501.9689946056442,-69.94527106721804,646.2163567546829,-1402.1130130456122,-0.0,-1039.8740687826203,-1369.0514050542863,-0.0,-626.1011122286859,-0.0,-1720.9039464958187,-0.0,-0.0,-0.0,-1297.9506182902098,-931.3742369797334,-449.92900189408846,-0.0,-1566.9196545111647,-3449.665319112631,-4009.557992733855,-0.0,-399.6983856838066,-0.0,-313.4656542724232,-399.13301821249195,306.70403637026163,-621.542128442039,-0.0,-629.1851633625586,-1052.101211802975,-306.01999808847194,-570.5397099403367,-0.0,-506.4876671146055,-1301.687437135952,-602.7330868805516,69.20477795936408,-2699.4170358215715,-0.0,-0.0,-1202.7026953189559,-532.0560325095469,-1336.8097339408207,-78.44050324978662,-145.16517292653728,-255.32608281788703,-692.6625986245526,-1049.1605980632598,-1582.7509302816031,-2597.181900071109,-0.0,-0.0,-400.5306942327075,5410.2034257366095,-0.0,-0.0,-0.0,-0.0,-0.0,-2776.086709500086,-555.9853690452062,-0.0,-1188.5189128987686,-1189.9402058990015,-673.7646449257143,-2442.708548288279,-199.35933359199274,-1343.519773761836,-0.0,-0.0,-2308.246015264687,-702.2833937500873,-2038.347205275445,-758.9463943072147,-660.1220247071934,-1858.1595312075658,-283.3743427394484,-2033.7629329152762,-1180.1440281094774,-126.51658155615742,-945.0383117742898,-1376.7956796515507,-236.49380573298802,-248.44918674852266,-2056.224825603883,-0.0,-546.710457757443,-300.42027919215064,-164.29183548027117,-852.5493492054243,-245.33796368350957,-1016.498394827872,-840.4245485291435,-1401.9898734038266,-336.8787589559318,-2867.6206901014607,-25.62935339635703,-681.7628168007208,-0.0,-979.570429146162,-727.5965993488885,-1074.8370690512606,-1215.7448940547838,14.458524254168976,-408.9081763747811,-896.8087829157533,-896.5718463846838,-399.66034578669644,-1159.1078839629063,198.84891746439126,-0.0,-0.0,-0.0,-0.0,-0.0,-0.0,5.016802523396726,-338.24342024021365,-2666.940426337698,-4828.260348115556,-541.8898412043259,-1169.4651508967781,-158.12146722699455,-595.6740974390639,-1530.6267691642338,-1257.0062631972717,-89.3530595819809,-500.34397456104665,-539.7514693224227,-0.0,-146.0567174206948,-1160.4329682304544,-719.6479593451169,-0.0,-1480.1282453270594,-0.0,718.5903193362277,-0.0,-0.0,-0.0,-29.918167154040578,-0.0,-0.0,-1091.6803690685226,-473.7794119242985,-1250.0979984062087,-0.0,-0.0,-0.0,-992.196098085637,-626.6744925788129,-1524.8076941246638,-0.0,362.8606493395164,-0.0,-0.0,-3286.758063143232,-1528.074309015793,-14.097527595772416,-0.0,52.46714886051239,-20506.68352850577,-19722.966581889716,-2828.6368778756223,-0.0,-0.0,-0.0,-0.0,-340.0087233862178,-0.0,-0.0,-770.3715104192682,-2738.4979908156847,-2380.7857264192044,-1658.1084561179887,-453.40619735257684,-2006.5493809821266,-50.236511030176665,-1770.610881233161,1081.567397892204,-0.0,-927.8479991627468,164.36006378517956,-0.0,-0.0,-0.0,-0.0,-124.02032048782463,-0.0,-0.0,-0.0,-864.802762250756,-1756.152714682631,-0.0,-0.0,-683.9524386593607,-2300.460335747035,-0.0,-1565.9360884988955,-1915.769270283301,-2000.7521400788285,-0.0,-0.0,-265.20430990611055,-83.9680016627762,-1203.7958123038613,-1661.2251299660659,-557.8876003419368,-1561.8451219088654,-1355.9545552521715,-0.0,-0.0,-0.0,-0.0,-427.00249343017134,-101.05968122175508,-0.0,-0.0,-208.8416216158481,278.9653924165818,-0.0,-1302.5746491344037,-1227.0125717676149,-1217.95313886007,-0.0,-0.0,-914.303002311275,-1439.3465165443185,-833.9807674184643,-458.42304974053246,-0.0,-2562.618939080607,-2590.423923470706,-0.0,-0.0,-0.0,-0.0,-0.0,-1564.515867404017,-0.0,-2324.7201719317436,-1263.0236416610678,-87.67490153891795,-0.0,-0.0,-0.0,-2913.841175365512,-1700.2642739658133,-626.1641690909204,-586.7690081822836,-1182.7870378849257,-888.7233215087659,-0.0,-0.0,-584.407105439048,-1440.7261933867887,4.815983283619984,-634.1375762319256,-0.0,-1148.8103879633345,-900.0480915458546,-1767.6626093277773,-0.0,-279.85404008166597,-269.32065530602046,-347.7997684124879,-1612.5744390271718,-113.16895975442878,-0.0,-0.0,-0.0,-0.0,152.97287740778637,-173.7928640432521,-870.342217248502,-1624.3947977384828,-1394.7092589115168,-611.3666553418343,-634.5146468827674,-9933.904221074174,-1070.9518513487815,-621.849668033256,-0.0,-0.0,-0.0,-375.7872101267852,-418.9197837107568,-1264.2103955242185,-369.9251760391492,-0.0,35.20213652186759,-0.0,-0.0,-0.0,-0.0,-0.0,-0.0,-0.0,-103.05914493388762,1863.7646720853327,-0.0,-1525.022273737636,-648.6934550761531,-469.8432985942247,-2053.3554248036858,-0.0,-0.0,-664.6555575211445,-801.911693863118,-131.6080765510186,-149.75325369519823,-0.0,-701.5570345626495,-197.49477971515236,-2151.701561184436,-422.5988122873672,-552.4508418221111,-0.0,-0.0,-1461.4562546012262,-2581.812919397675,4.1928913086623165,-611.7134075748281,-460.3405056217147,-1152.8699320575795,-1477.5695259767515,-860.5915019255027,-336.9947382669261,-189.82301764906165,-1608.9966553923753,7424.696841165598,-0.0,-638.168625117255,-684.8142640521353,-1293.094543222863,-1275.7039348644835,-1229.632798729581,-2041.7091778823533,-1957.3365025757462,-654.8487638739136,-0.0,-0.0,-1927.9146872893768,-0.0,-0.0,-444.621693390251,-2001.5619725122174,-1653.4553248285845,-290.29993911320213,-134.38564375845564,-2110.86880602116,-0.0,-1528.9170697364307,-0.0,-0.0,-0.0,-0.0,-0.0,-0.0,-484.54662534262775,-1654.6465780616234,-1123.930956284816,-87.27475845452439,-267.1911706104697,-572.723458876882,-207.55127758165162,-0.0,-0.0,-543.7044562634252,-680.9952964795109,-4077.5073259757096,-0.0,-1381.8465365563516,332.6591925416364,119.23269418643224,-0.0,108.03560974521201,-176.92732857767606,-108.600849096085,-562.0987991441098,-0.0,-1782.8437341745,-0.0,-0.0,-1571.4011899946936,-0.0,2490.23120378735,2432.135858938761,2410.9490433313276,-0.0,-0.0,-2052.5142117417367,-0.0,-0.0,-333.4514673667573,-979.1240100475605,-903.7106031610637,-1188.0690782546733,-1157.20123112377,-0.0,-0.0,-0.0,-17.35989614966508,-825.3205967429594,54.98614241196432,-80.63859687359712,-1265.0680235143193,-1049.7469415417527,-433.7394738890254,-1570.8137997498511,-0.0,-2044.223425757997,-1298.117212119857,-1806.7028696477678,-560.8990676566174,-578.5087485479576,-0.0,-1547.4811567698175,-936.3994987928803,-1000.2973061770199,-2276.9696393894187,-578.7613798277517,1322.869765110621,-4.719825404299303,-430.90106431992893,-1365.0603046519636,-0.0,-1772.233176811874,-3657.3132498507703,-531.6355992038285,-589.9558245243384,-0.0,-0.0,-0.0,446.9667633625221,-434.64510147389655,-547.1174887779998,-195.87934504884115,-587.1780162341868,-475.1489033152481,-0.0,-472.7610344854561,-1131.382762233973,-841.2058053265167,-0.0,-2210.487109897772,-4525.003364423034,-0.0,-0.0,704.4344536979758,738.5176629124187,-0.0,-0.0,-805.0366831661239,-909.3573028169117,-442.5708148799297,-744.2315702553242,-0.0,-0.0,-0.0,-0.0,-0.0,-3248.75117415734,-450.59163755114736,-1913.6497147866169,-1166.435552631239,-0.0,-336.9513067419712,-921.7486569167362,-0.0,-374.08100288693174,-896.9996275908961,-1205.2985741828193,-5185.338946818002,-46.426762194505294,-0.0,-0.0,252.82475103047216,956.3991237138733,-0.0,-0.0,-451.49317959485967,-0.0,-36.41271261094828,-0.0,-2873.861475052407,-0.0,-473.73012315890423,-0.0,-0.0,2188.340536406493,2489.3729054497817,2035.8687583605943,-0.0,-0.0,-496.5383912434756,724.7621764281827,-2628.529551597809,10.022080497141046,115.50895583740754,-2885.944328936331,-61.28662615398271,-166.83009623958696,-727.0189044459494,1045.0180655731913,3651.7043959497187,-3169.221331629049,-0.0,-0.0,-1048.499444823797,-1753.5789710850447,-1554.965558989676,-288.75770858317,-80.04717991791628,-0.0,-0.0,-0.0,-0.0,-2365.5159603601337,286.2378438675247,-0.0,-13.369298298040016,-0.0,-1867.8849018117533,-2039.555792677115,151.15027301527218,-0.0,-0.0,-332.9496714129481,-0.0,-1918.7216331755678,-86.42172714711474,-1204.164447047417,-427.10918524299603,-1382.057987673805,-747.0622318837814,-1119.046315854879,-717.7814968540373,-0.0,-0.0,-0.0,103.7274861060381,-0.0,-0.0,-319.72769824212673,-494.58372792992884,-766.7142951369023,-0.0,-1556.220711164931,-1199.702299892591,-924.6220634187918,85.07819468417927,-444.5604013926917,154.99963760708317,-360.91325730042445,-0.0,-0.0,-9.456709108234396,-2044.9991595014415,-700.0841850872047,-1092.6496280751055,-162.37468032402793,-2233.448502695961,-2042.5507147709543,-1196.2076322092878,-1235.2252129160345,-120.28007432954763,-660.6843707094084,-777.850998720337,-1211.3321274297443,-2870.8771530945533,-0.0,-1944.4283909138624,-168.15277974782785,-0.0,-2485.469402894394,-3263.8157486412993,-2480.093297635137,-291.68329962024774,-0.0,-1661.8511661834727,-220.90284195561904,-1361.1287485260432,-776.042551686168,364.1643525126686,-2029.3858531207668,270.5750523306128,2382.567920648635,-0.0,-244.42380895586285,-528.1362459531356,-977.8890471207758,-1373.5463428336682,-1912.0308832879464,-4845.1403751403,-0.0,-452.8895502977246,-1481.226859505099,-773.5401960390828,-274.32276927397413,-31.144949162124274,-363.9625253688653,-0.0,-0.0,-0.0,-0.0,-279.6314186018331,-1373.1623839009899,-990.7454674277981,-59.10936216680349,-19.064532689329017,100.65790987277899,-0.0,-0.0,-1238.4536938520607,-576.7579034360386,-0.0,-2510.0128327761704,-32.34745401649682,-1448.0127334145257,-0.0,-252.29277496055872,-207.84552987167237,-0.0,-0.0,-563.6197375571679,-0.0,-0.0,-5805.124089559362,-222.3596917729105,-2402.9079325080197,-9.988419986995133,-0.0,-149.80211004417095,-1414.749047787332,-729.0632222909529,-343.7630950078821,-1595.3172165286794,-0.0,-414.61040077105037,42.05730771422433,-638.3829172877242,-0.0,-0.0,-44.75738347186732,-75.11594106764021,13.464738039842786,-445.90108445487266,-1558.9597310948832,-1802.5588675676397,-0.0,-0.0,-0.0,-8.717680777991697,-345.73282947218433,-0.0,-1584.957730213984,-2903.3270667906763,-0.0,-0.0,-26.281686559448527,-1716.1570664538606,135.58955146290646,-0.0,-0.0,-0.0,-0.0,-615.1084468449172,-2538.8448952396334,-680.3026080344299,-1372.6210117380494,-0.0,-0.0,-744.3680714711256,-554.767457108979,-431.26406192191786,42.67376437919422,-0.0,-0.0,-0.0,-910.8789836369613,-798.4134667504972,-558.029734927222,-396.93414741041397,-0.0,-0.0,-0.0,-0.0,-2411.64974700871,-90.032225072408,-84.68385334804972,-0.0,-0.0,-758.1829754029592,-485.9807369794604,-0.0,-2153.3456744738605,-5706.879789949429,180.1855765869797,-1192.5704518551813,-0.0,-0.0,87.17290298649593,-717.7352318737445,-1925.5335400058273,-554.8599821960538,-2781.1750616591967,-1263.7671769886533,-912.883354486316,-1654.9971494103922,-0.0,-0.0,-0.0,-43.16952175752257,-1246.7321191622425,-0.0,-0.0,-3751.6451340834237,-91.52928328279766,-1581.6795197581826,-839.2222533344694,-0.0,-0.0,-0.0,-0.0,-0.0,-0.0,-804.7927281284283,-0.0,-1808.642389992312,-0.0,250.29651605191043,-1253.456467456889,-0.0,-0.0,-0.0,-2893.9011521226817,-0.0,-0.0,-448.04666208539334,-0.0,-0.0,-1092.6633098468017,-704.2124723767676,-0.0,-0.0,-227.08776884153505,-2231.9335485535553,-0.0,-1446.1411630760429,-523.826742284767,1343.1976035640873,-257.94888975120523,-0.0,-556.0474092113166,-207.0066311064668,-0.0,-21.65768730346846,-0.0,-353.7867943927551,-0.0,-0.0,-0.0,-0.0,525.2669849507683,499.5416224569149,-961.9200845881429,-2005.9691610078103,-0.0,90.31724800259906,78.78916308847498,-87.67738608890912,-938.5427890478746,39.636379714955844,-547.6627959938696,-424.3500256545062,-269.2998039106726,-3865.6582792677546,-0.0,-267.77014854919213,-1727.7120341940724,-2586.748620209742,-0.0,-1155.1380660729728,-1605.9538375157886,-2306.882295787334,-841.0577823843504,-0.0,-997.6107790068746,-823.8866604947816,-891.3609930587569,-1658.857977961368,-1105.9450533101547,-0.0,-144.13325398372567,-1400.672601260821,-0.0,809.9129501163466,-586.97797652636,1187.275358120388,-0.0,-0.0,-18.806548187239336,-673.3893736920137,-2717.3800666409034,-1135.8753283203218,-0.0,-938.1823150585935,-3392.4777081215357,-1086.8835319029008,-978.2243448319258,-1288.5576007577852,-539.6673706121668,-39.8173374213604,-0.0,-0.0,-0.0,-1223.1012678937468,-4.813414965750603,-0.0,-0.0,-2153.709971081167,-922.7467311627998,-593.7582845064965,-1849.34164163924,-179.14840894606147,-36.886524201412264,-2576.8784911828584,-877.6152253648021,-607.0519901958554,-1451.8367957086944,-0.0,-2864.277870471481,-444.9899958746769,-1262.102881281811,-1675.9283886146022,-400.2509649254606,-586.1550631019893,-1651.2375303504493,-468.6891618159264,-0.0,-0.0,-0.0,-1507.848060035313,-0.0,-4317.436772443396,-1289.3218721939538,-1562.0006386842726,-0.0,-0.0,-0.0,-0.0,-0.0,-143.7163842237702,-0.0,-293.00627372629907,-1066.1197841518479,-402.6320588947055,-0.0,-0.0,8.326826840703736,-0.0,-0.0,31.46913405022032,-288.8118786753754,-0.0,-555.2525792214527,-0.0,-0.0,-89.31274497832042,-0.0,-3253.3281548964865,-2524.670145980236,24.80847282986954,-7294.3595824433505,-1098.7876305405794,-715.1719055692548,-0.0,-898.1607230439743,-1451.6769193119069,-0.0,-0.0,-0.0,23.667520400457345,-0.0,-1249.5257899116195,-0.0,-1760.9969147896852,-0.0,-0.0,-2562.0221300956973,-1199.682718116752,-967.4393803626717,-0.0,-0.0,-0.0,-0.0,-313.1031087360698,-754.6091243157093,1528.032566889938,978.9134406657191,-916.4782524067078,25.619053410129606,-0.0,-377.5304385185106,-291.36659818150747,-2165.60993408023,-462.65315557919087,-137.14771978277474,-1196.2385688380543,-1475.8409486738506,-1124.4724805792957,-676.0277806585258,-0.0,-0.0,-0.0,-4.898898093071007,-0.0,-1695.8411883365004,-663.2178812024736,-0.0,-2188.828571367861,-1377.484265113216,-0.0,-0.0,-0.0,-0.0,-0.0,-1083.9840408959208,-0.0,-346.03943613519243,-1659.5079263001085,-0.0,-1320.3628634034267,-0.0,-0.0,-0.0,-2662.838480317232,-1236.3558364955686,-1074.883292537178,-2753.8289758927413,-0.0,-0.0,-0.0,-104.59359790178127,-536.3032891912812,-30.745396487442484,-674.6908314351842,-156.17911112025448,-0.0,-0.0,-371.50525209560385,-1573.684937681453,-4414.336936145027,-0.0,-547.2714697246392,-1486.1149785399118,-496.6105392530459,-521.5068659134391,-0.0,-0.0,-4.1340591498760295,-2354.57777918279,-2259.374350904432,-43.02566406639315,-1778.101410832942,-451.15715911679666,-921.9567953702265,10.019321833428716,-1177.552679990911,-0.0,-2351.566419746996,-0.0,-512.9891528907096,-0.0,98.41545740471351,-0.0,-0.0,-661.1435457571656,-824.2951111990009,14.764823610375593,-0.0,642.1370266063819,-0.0,-0.0,-1629.1262026541713,-1441.7555184456362,-1246.1512639230032,-0.0,-428.02271787851714,-713.5892794194593,-1627.5135453089333,-0.0,-0.0,127.93373245178626,-737.7247668927137,-0.0,-0.0,-19.408525990966208,-0.0,-4.737136821373719,-681.0503798742684,-0.0,-0.0,-1481.3513655227368,-1517.4418161225506,-91.43661660104674,-8.331175522799988,-140.28567750302054,-878.2669006455742,-1228.2537496333523,-1873.4149365097176,-0.0,-1031.6117503501887,-17.328692768974772,-46.930179553543674,-1479.396305026471,-0.0,-0.0,-0.0,-0.0,-711.8212951461205,-4.931340218197967,-9.879320836678673,-0.0,-0.0,-553.5597128772365,-0.0,-0.0,976.1028043974934,-1273.1605046142051,-45.84731862893426,-2150.039134699587,-0.0,-0.0,-577.4343896400094,-0.0,-338.2706574324827,-1122.732904568265,-941.7541943099067,-1131.746940961879,-0.0,-0.0,365.4965681061422,-0.0,988.7295919071831,1068.5601541246476,-227.4773788274111,-925.640212275048,-0.0,-0.0,-42.14394294510914,235.94429342367246,-1069.6302180427922,-487.6978330867822,-1421.7367522883735,-2827.655710411668,-2378.3247064561356,29.84773085733262,-0.0,-348.4636903883523,-6078.7725329571185,-649.004668699324,-546.5018508483818,-0.0,-0.0,-687.8173958327228,-0.0,-865.2837491299287,-1601.720697970044,-829.2562069408505,-0.0,-0.0,-71.67755313152817,-0.0,-223.89781859221554,-1542.4536842248715,43.1110524342102,-680.6426683618567,-375.49104754904994,-261.71975506837185,-848.5469571827988,-2735.9162048489225,-21.271349791656146,-1296.7082044310846,102.02803257431152,-1108.3388327079906,-341.4806112168481,-0.0,-0.0,-154.45880554710945,-0.0,-0.0,-2085.1344398621522,-654.4102411878283,-0.0,-865.3720907652361,-549.8674733119415,-0.0,-0.0,-1611.9550551356983,-1061.964260476616,-1631.6398260347803,-1531.719986464451,-0.0,-162.51225265795682,-3494.061944421322,-972.62290584568,-450.4758082933903,2062.869941389808,-1641.82771557041,-1312.0800592525318,-13.345478443299326,-1020.3480917554693,-18.683644571041444,-1807.4586477357645,-0.0,-3809.5079702424437,-661.5095987433742,-0.0,-1645.366065586001,-1833.244149539285,-0.0,-205.92288999116028,-973.6292032633811,-1188.8835677244874,-1536.8304485665958,-799.1574894529302,-542.1223816564104,-671.930467296242,-0.0,-306.78936680069603,-0.0,-2667.099400728862,34.37247494405047,-3621.633815192152,-868.6728860688571,-0.0,-0.0,-1340.6263747364023,-964.8725829966014,-0.0,-507.11976879064355,-0.0,-0.0,-864.9343483427415,-0.0,-0.0,-0.0,-0.0,-0.0,-0.0,-0.0,-819.1360855844614,-537.5851955509941,-3205.094653859315,-2783.372843230775,-0.0,-0.0,-1336.4063921465415,-2144.882710615608,-518.0582154334952,-223.17601041306992,45.71775142841223,-0.0,-1711.9202544776579,-0.0,-2928.170100736597,-0.0,-0.0,-0.0,-0.0,-1761.6997260512867,-231.58954415637112,-384.93194424700846,-1303.8101621536364,-1312.424970364163,-749.1852658764499,20.06107646855679,-1276.708166302985,-0.0,-0.0,-0.0,-0.0,-658.8243587062359,-531.155750759323,-1483.372024409557,-0.0,-1188.0478392813857,-6987.686808802674,-667.203185756968,-786.278858557483,-3439.1070187212063,-789.2852901118134,-0.0,-499.48161379203435,-469.82084940606836,-1256.7531056036746,-657.3778833985207,-1670.0546889299046,-1563.5757926333897,-0.0,-0.0,-0.0,-0.0,-1706.1812164815635,9024.09881448821,7800.080136789509,-0.0,-0.0,-0.0,-0.0,-2242.532069873963,-1021.8693647233304,-99.62873604105285,-1530.5021464686888,-904.7288684739121,-0.0,-0.0,-0.0,-0.0,-701.9514559408441,-0.0,-2012.6211596586336,-248.06660515127098,-0.0,-0.0,-0.0,-0.0,-228.23710482007593,-477.18380612405826,-508.7024875007773,-919.8276282837767,-1002.997083296538,-1321.8779730231522,-990.2256075763536,-380.9813826756379,-1265.6053798296566,-1644.129288733663,-1294.050163687252,-1924.6609591653548,-216.95473031803508,-1408.3617611766679,-1218.2944547856591,-999.0660329428476,-1797.4845210194233,-617.5902715439095,-2395.013798269641,-1765.4054765760643,-1582.3330010945433,-672.481264509596,-711.1981721869224,-1202.8414632060712,-0.0,-1161.5835106190416,-0.0,-3220.921837909054,-742.0901681914621,-264.00712675348143,-1926.0237484576346,-1567.6783543916374,-1306.5286751186984,-0.0,-0.0,-0.0,-0.0,-872.4364991287812,-4079.055643746053,-1510.0601599822155,-0.0,-0.0,-1191.2905782755022,-0.0,-0.0,-1114.9171183295834,-428.9229239126354,-1164.7681858316046,-895.1780691834396,-1025.5703631349359,-746.9286009273873,-2114.6040974192965,-0.0,1354.4650833233063,-0.0,-0.0,-1119.7668261167908,-6191.256248389794,-0.0,1853.8386598644659,350.2760190800575,-999.4575103666747,-0.0,-0.0,-1651.5861693939985,-1134.8016214088916,-2500.8685252540263,-2200.6535141706063,-421.86975437008493,-0.0,-512.3714025190778,-202.5280770866964,-0.0,-1002.7527410072965,-0.0,-1799.1398210745022,-2541.456613924128,64.73506720997507,-2462.7730235602917,-2164.9456377843567,-0.0,-533.8207462422125,-1710.9411981928242,-2385.74382955865,205.89855745616464,-455.79891088410335,-2741.950883103146,-997.5601750707123,-866.4936231733901,-975.5138842513418,-476.5583933074488,-1116.1109365650714,-1632.6370510298873,-0.0,-1033.7567266331694,126.03203643387567,-1494.1020187454026,-0.0,-525.0136292030065,185.5220628135056,-953.38998187921,-848.4449768963417,-0.0,-601.507331409515,-387.58331601002163,-1974.259960478631,-1196.9169877866927,-1569.2396119746475,-943.1413881247856,-898.8196817355625,-1102.945273073516,-2152.743568544598,-76.0595212547568,-0.0,-587.0714996836714,-702.3015568171867,-1568.3377983359524,-2270.051403048468,-354.3728410994947,-840.6636111597519,63.74543956006493,-978.4342751558156,-581.6227720742091,-1057.8690226000315,-0.0,-1043.4005207274063,8.654781772997726,-2395.974492148624,-0.0,-310.54305144149225,-570.9373301266911,-849.0584129061582,-2453.5211416324605,-170.37602456593928,-1562.5049101953712,-786.1307096837166,-2786.161051686203,-0.0,378.9115540544353,-0.0,-0.0,-241.2997846322205,-0.0,-0.0,-3926.280386289674,66.98087959531814,-48.801473915152364,141.35405019232618,-1176.8947828864018,-0.0,-0.0,-0.0,-0.0,-0.0,-30.355786433790275,-0.0,-855.6279199665836,-0.0,-395.6886660044053,-1927.016256202455,588.5383477383615,-3535.3723132800683,-0.0,-0.0,-0.0,-0.0,-0.0,-0.0,-0.0,-0.0,-0.0,-2592.9468788801364,-0.0,-2837.162869254132,-3506.6619894423116,-0.0,-0.0,-0.0,-0.0,-0.0,-813.4513578872296,-1060.0976163977352,-0.0,192.86079416422524,-696.8849523760846,-2425.9522823590414,-648.1735046171524,-0.0,-655.5960402584869,-899.3493164958403,-0.0,-0.0,-639.010809458793,-975.623411008458,719.7247654206145,-500.8383179924121,4.737779097489487,4.757503969327983,-0.0,-0.0,-0.0,1566.4294564832314,1850.2614245473526,1542.6233114665447,-0.0,-0.0,-0.0,-732.7304473641296,-0.0,-0.0,-1068.5325485903743,-96.84990287801902,-508.71487580452657,-63.96713098938993,-1064.6997011970625,-981.3013596556616,-1375.3111890625055,-633.1948744745662,-162.46793783346072,-1181.4280559855076,-0.0,-2189.435731538197,-84.57958862637142,-637.4282536688356,-949.773662032257,-83.19305868522517,-0.0,-1234.6482076521354,80.0248757227948,-0.0,-0.0,-0.0,-0.0,-0.0,-1566.0780661822441,-3126.110264005746,-0.0,-858.495745734914,-8.912703166952511,-0.0,-0.0,-0.0,-585.1944909613821,8.38053336263448,-0.0,-1229.3262048836639,-848.5578713684283,-0.0,-0.0,-587.5327171770351,-0.0,-0.0,-1823.4184694830774,-1519.8363283234198,-0.0,-862.536163898578,-2372.6886930210926,-107.54194219526717,-0.0,-0.0,-204.673860678427,-853.3488401095395,-318.17068486911467,-337.98892918542566,-237.05277500168185,-0.0,-0.0,-0.0,-1259.8551601969261,-958.2432556789914,-2249.211920872538,-134.23577386415766,-1366.742171269213,-46.15347295342139,-416.2079033008837,-549.0587489871369,-2191.3986511084618,-0.0,-0.0,-908.567986202361,-1970.8681264603194,-0.0,-0.0,-0.0,-614.1815239674002,-2567.701933611593,-3704.9169135658067,-0.0,-276.6918534465786,-101.52120850979531,-716.0244094076209,-621.4361837092042,-1775.6247548614856,-0.0,-1545.3593124343463,41.257131321515075,-8.436359451236324,499.93223695423245,-0.0,95.59296406298765,-350.0866411429883,-447.80343246530947,-59.01415997135392,-0.0,-0.0,-448.02752824467507,14.68289104106368,-0.0,-1697.850705205973,-1051.9896607652036,-1035.2578540374948,-809.1742445884663,-1238.2881714135112,-1654.6850223920849,-0.0,-0.0,-0.0,-0.0,-0.0,-401.9224695844943,-576.1962388286764,-1268.0334297262689,-1531.741930712334,869.9012530217066,-1601.0729392961873,1567.4334160309966,-0.0,-2450.6406012775483,-1634.7685247767015,-755.9886677050958,-21.334595433507815,-206.7492388311476,-2236.184552144074,-418.57843263607236,-0.0,147.9520834778622,-843.8918635082438,-0.0,-0.0,-579.0212924331776,-399.33672620495304,-428.5599635356731,-1288.5625474162316,-1537.965593165145,-0.0,-1775.6959796445724,-1431.8137925572291,-5457.563494277705,809.6839612345276,712.3677226622665,809.7883949331323,717.2399651745015,-0.0,-0.0,-0.0,-0.0,-0.0,-0.0,-0.0,-0.0,-542.0429773477346,-0.0,-50.87458475508135,-0.0,90.55682685926395,-1180.0834825350116,-1385.932815972719,-2077.745474000834,-0.0,-0.0,-0.0,78.8390843583938,-3432.26552473002,-817.172003883398,-3058.0036293826797,-1776.3926522933998,-0.0,-0.0,-351.3687500541593,-1448.5473643949204,-0.0,-2263.662833516777,-613.8629543520798,-0.0,-0.0,-0.0,-2864.5939815699003,-0.0,-0.0,-0.0,-0.0,328.9730666122343,-0.0,-0.0,-0.0,-1125.58431946506,-0.0,-0.0,-0.0,-0.0,-0.0,-0.0,-0.0,-348.13144913608903,-1160.6466557939075,-1618.2282462706708,-1522.4161741004548,-666.2164865580961,-1085.2768253061386,-61.76583522536467,-0.0,-808.4040482197792,-52.689426590125585,-0.0,-0.0,-0.0,-0.0,-755.7726838213121,-0.0,-644.1486490843794,-1391.2821352728072,823.7265336033497,819.650320886243,894.4955036294052,848.4842849441116,820.8670486008883,-0.0,-0.0,-0.0,-0.0,-0.0,-0.0,-416.034970152991,-0.0,2141.798840680163,1090.9699047740494,1200.3082621351134,-0.0,-0.0,-1428.8721403097998,87.44636383944307,-55.341209749929476,-2648.887106827919,-0.0,-2045.4889888207756,-0.0,-14.204931133581676,-0.0,-0.0,-701.1883087726754,-0.0,-789.6264018602885,-579.9453260255552,-400.32659828919867,-0.0,-30.69382749973843,-0.0,-962.5056267632896,-0.0,-2354.7184357373703,-540.6120710475367,1980.6250407709574,-2102.0781321519185,-948.4878053736376,-91.74403107562196,-897.6902753673326,-0.0,-551.7440462737849,-46.32448556109759,-2928.9423771245038,370.337455369595,-248.70251608520726,628.1035813163511,1266.1524458907295,-0.0,-339.5591809074893,34.21414240098111,-1126.8176677282654,-1280.9358278726124,-1584.6436955076706,-2149.86931426038,-0.0,915.0258933530744,-0.0,-420.7926896223706,-2798.379955598984,-1355.0539931550315,-0.0,-1361.9110833507766,-338.0704392253016,-718.7737672679804,-741.4767504337143,-291.0874098711198,-1741.4625124951826,-0.0,-1963.3723211699084,-442.51469250185636,-1712.8701467042745,-383.30523180664267,-0.0,-0.0,-0.0,-0.0,-1520.759070123466,1132.0382558612514,-1062.6015458854583,-766.609754182989,-0.0,-55.4287143640229,-0.0,-0.0,-975.9877254151808,-825.8833537543379,-728.5811555809175,-774.5543595578467,-0.0,-0.0,-0.0,-0.0,216.57072628621754,-0.0,-661.1121333437835,-2119.761062665886,-1118.9862642066605,14.25481579419703,-1575.652960679971,-0.0,-0.0,-0.0,-690.5429988688154,-895.2352232634926,-0.0,-1701.8447023833894,-0.0,-3234.926377529235,-4012.0877119674583,-0.0,-100.24275909625707,-0.0,-765.7212253225305,-0.0,-0.0,-0.0,-2548.972825505724,-1218.7682032337436,-569.3838837149368,-913.4739001486626,-0.0,-0.0,-2400.361881893798,-0.0,-594.7685272518395,1170.4423179918494,-1112.2722008296469,-744.2250181719444,-541.2040173709577,173.92173870809705,-0.0,-0.0,-1495.722750686267,-0.0,-617.1088204556836,-99.89306520987631,-448.94195121727756,-341.19509947580457,-0.0,-0.0,-217.39081382608686,-745.8331415234429,-1100.6160026225248,-595.2498297648782,-1320.542779676897,-90.23516803060278,-0.0,-142.96138372887552,-2141.1945332033674,-1237.401624072345,-0.0,-0.0,-0.0,-620.064056812403,-666.0473869766054,-1606.2237482979067,-0.0,-0.0,-0.0,-0.0,-0.0,-1635.1508755871612,-723.4227066458033,-0.0,-625.836049099732,-0.0,-18578.498078872373,-829.0219396052838,-291.3768672798062,-488.0254459022262,-0.0,114.10909470631061,-1927.0635350493646,-2847.9194703746757,-0.0,-0.0,-0.0,-805.2230798105877,-597.4241696726261,-1070.7516556482049,-1115.6491541959522,-574.8987384591177,-0.0,-0.0,-1822.3403934896642,-666.4124773374502,-2691.1810529839345,589.0289041943216,-2228.484464071544,-0.0,-0.0,1808.4875952421605,-1119.065077467672,-0.0,-207.6091427287018,-371.54516448934265,-677.8121195671463,14.400969870799754,-917.5553854461791,-0.0,-0.0,-1382.149306836236,-1486.595353916321,-2787.7562458373877,-0.0,-0.0,-2469.234263415659,-798.2364723505967,-835.3452108816775,-2563.985382773193,-1655.5318543282817,-0.0,-0.0,-1183.6189080067074,-0.0,-291.2351708032958,-1740.0754900467073,-1658.604795551642,-0.0,237.1957578528629,-836.8571396073488,535.6738092536428,-202.89420471306954,-389.9489815308899,-0.0,-702.0667081919664,122.2007712789981,-213.4820601615608,-403.3452500314008,-2874.6832278962997,-2349.6957547504385,-97.27076945420347,-5363.63940655814,-575.2850749045493,-1163.6858167815724,-53.16321971681254,-4163.100303187913,-355.3660111324006,-847.1429767369616,-322.9386730672817,-1952.5557675485445,-1395.4173543514144,-3489.202253190731,-4777.322499532296,-45.34496287364964,-683.9449253890011,-1716.6090438065805,-1151.4811458421098,-0.0,-4329.128420416813,-0.0,-539.4584284361794,-1615.1363761980658,-1384.1928456050932,-0.0,-0.0,-988.9512047882644,-300.65902918389963,-0.0,-1569.989989333435,-0.0,-827.1485710983111,605.8577931234885,-1592.3148182488894,-509.63340133400044,-8.522107251094194,-64.86416304773768,-0.0,-2024.9916866455098,-604.2356646813844,-0.0,137.48817017416306,-0.0,115.21022867977481,-145.0950031410276,-0.0,-489.7706627833972,-1384.3831654965381,-481.04714279542907,-881.0328062569579,-2420.874975929689,-0.0,-4110.914366234263,-2076.5087377940085,-2728.331974541013,-2503.405525491108,-78.05809025386706,-178.34242860843304,-655.8136363374595,-1327.589169805512,-0.0,-0.0,-1121.0858630469913,-172.57275520921752,-0.0,-73.93098059290342,132.89309285212497,-2491.4474240142717,-0.0,-0.0,-1256.9648809537703,-0.0,-180.70566241054001,-0.0,-63.83150875159918,-216.9591436770379,-0.0,-363.69871207458885,5950.226738112578,-0.0,-0.0,-1650.0791600433606,-724.9396853512869,-273.2051083524431,-0.0,-0.0,-0.0,-600.7349937685913,-2157.70805768163,-0.0,-0.0,-0.0,-2051.418505172452,-204.4183870546663,-0.0,-0.0,-1821.271190037503,-759.9842162399943,-381.5119419230988,-397.5426392016155,39.73212290235495,-631.9087290579124,-395.44150636245536,-292.87867578480467,-2252.5187618007762,-0.0,-0.0,-1058.5273790768556,-914.4840453381356,-2747.3764548110507,-0.0,-0.0,-2438.5713139453424,-576.2562077645864,-1536.940923672559,-536.7436779339213,-740.0792480394847,-2403.2098863644496,-755.8043309411343,-89.55969953554262,-929.9134862887813,-2456.599744622746,-1929.5100101514847,-1289.81320360054,-0.0,-549.381505017095,-0.0,-1797.5424891794664,-421.0193312412005,-220.20166356068088,-631.3834367095673,-949.4834945707614,41.64262496277059,-0.0,-1129.7943580723945,-659.617595801049,-91.02060953752257,1573.7117872117426,-71.32139274846053,-0.0,-639.7341889149499,-432.88476877419185,-0.0,-732.0962784700323,-1597.8776230180165,-0.0,-0.0,-0.0,-0.0,-372.4679090423345,-768.4271294496189,-385.1729727714471,-419.7396766344635,-365.2082225905456,-1973.7727763978266,-783.7508878283995,-1318.8041478134446,-2510.796194571828,-1812.086108596591,-0.0,1106.3477165495833,928.3789646557807,597.9591076157991,858.6120667893979,696.4079820257127,-0.0,-0.0,-0.0,-0.0,-0.0,-0.0,-0.0,-0.0,-76.29247004310275,-852.1359405138006,-542.8588634065089,-355.54601200307184,-1095.2575420257572,-128.26816473340034,-371.09385882343923,-1191.3924979500196,-305.58746488475714,-1851.191823808517,-855.1575267935941,-117.48638997099195,-485.0128619034623,-9.31762805608539,-0.0,-913.3229173332326,-177.7019114270896,-135.57894697943502,-897.6588912774081,-472.8473780862821,-1741.6102624168418,-281.80920175694774,-0.0,-0.0,-2371.536259299182,-458.9376640855012,-296.9497820437503,-538.208615118502,-936.3316014911671,-493.89859993679744,-383.6431241843678,-0.0,-510.8898950160153,-575.4912124720666,-668.6965674557542,438.3726452525779,-1446.38172175495,-1995.3773612437376,-531.0958720232162,-691.3729449164279,-304.99341975461243,-14.106888426240783,-0.0,561.844268795695,-995.0278666084623,-52.903624928625014,-1851.498813939524,-0.0,-0.0,-1368.8100123121123,-509.1176144461998,-0.0,-764.7931020891604,-749.9533216955699,-901.1995603243432,-0.0,-863.2596457283169,-612.8985250212925,-2252.9228956234974,-4500.908049625514,-431.29523884488935,-0.0,-48.60785845975084,-431.99583717605776,-1767.8858166660027,-216.39502288190673,-650.6255703308434,-685.7798092727937,-787.2821371786966,-201.357440944017,-0.0,-0.0,-1380.8600120155063,-37.05210528686191,-452.7614665358353,-719.1303114180988,-1533.4216042506323,-2504.565111530045,-0.0,-489.3047772871038,-0.0,-0.0,-0.0,-0.0,-0.0,-55.642348178842795,-171.01004348986788,-423.44461406963234,-0.0,-0.0,-0.0,-0.0,-0.0,-0.0,-1029.4125339851535,-2230.0335068197587,-464.57089166014725,-512.2430425461059,-47.239493086033725,-0.0,-0.0,-496.6980081742138,-0.0,-0.0,-72.5410670678327,-2551.269977859159,-0.0,-0.0,-1420.856527278689,-644.2695171975611,-984.7442485674153,-1013.1208255609743,-847.5740728811573,-0.0,-0.0,-1289.403237667255,-2156.653200061097,-1132.3884739514197,-0.0,-1117.2305019035275,-157.83272654375313,-330.05736174624377,-738.235137456323,-8.410522016121275,-672.8124810872778,-1963.0906089626424,-0.0,-1657.5499150173355,-184.66117037909825,-633.6354808791791,-1433.43610958085,-143.6649262333105,-1169.1228513159547,-0.0,-1236.804027487097,-33.70095677940368,-2180.8370092858613,-2143.0096009472186,-0.0,-0.0,-0.0,-0.0,-762.4903770293191,-948.2369117847711,-0.0,19.537165303774227,-448.176507384907,-1018.6402837250811,-2257.992088727625,-2606.332462113412,-378.9117261368939,-0.0,-1015.9847647863636,-756.7644324059394,-2025.43761357962,173.92355700946112,-0.0,-3254.8310941999516,-882.7503724664399,-0.0,-200.5615921655741,-1664.7024971933386,-0.0,-0.0,-697.9758722156449,-1536.8494990640286,-0.0,-1120.087479515747,-1529.6680435091082,-0.0,-82.66687820593295,-567.559895540489,-0.0,-1643.0612843077356,-2627.912354286968,-1082.8067518638818,-164.9442683864972,-2045.9045979249208,-82.73067681004633,-1082.2659530208389,-645.8367898587552,204.2213082485714,-1244.777919533062,-1370.0233466253628,-803.0306382645696,-1371.6376221006071,-465.21695566804584,-579.9155290406794,-693.0937470153415,-2186.705397877087,-0.0,-0.0,-1863.8768865679747,-329.703786491439,-0.0,-1667.8147401682963,-1226.17341040003,-0.0,-2850.3887717834054,-514.704074565512,-0.0,-767.7887787436032,-0.0,-0.0,-1309.4942825520766,-1097.5104863922597,-0.0,-0.0,-0.0,-894.2511944163675,4.313736534005778,18.584157834003264,-331.13847267918624,-0.0,-2009.3244725051443,-1612.4882981468463,-582.8138039494631,-2256.449140494366,-0.0,-83.9589567388032,-835.6157501752676,-0.0,-407.30287650641077,129.03050282146322,-1330.8469303272464,-1047.8980305564141,-787.7886902236045,-1228.564468721217,-0.0,-0.0,-0.0,-952.5084878823473,-0.0,-277.4118632013076,-975.1561981988361,-266.1128511848007,-1415.96058548553,-2374.478457765241,-605.3454590501523,-2184.187287728034,-0.0,-874.3090540346764,-1846.1223182698748,-572.8617766956457,-1270.9697647457788,-294.5630873679682,-639.1413610090394,-1587.317233725448,-0.0,-0.0,245.83926954319702,-2666.2637531977066,-981.5737155962793,-282.67304667912344,-0.0,-400.71452068071903,-296.92495094897737,-629.4427917285312,-0.0,-0.0,-764.8310710841424,-0.0,-62.65603926689959,147.50228372818572,-93.73740078286029,-2428.5835735956275,282.8093520325132,918.8636636188266,224.4791782229876,592.4869727431395,43.6611175213029,-0.0,-271.0176079427215,-865.7729408652671,-322.0366885290489,-62.911564845555425,-0.0,-0.0,-0.0,13.500736530104508,-22.377169894982984,-1005.4600181569657,531.6227860462977,2417.1204715354847,-0.0,-0.0,-0.0,113.91109555665416,198.17542718509898,-0.0,-3196.5933531775613,-0.0,-0.0,-0.0,-0.0,-0.0,-2703.673613845235,-268.1063979208554,-0.0,-130.73400729955102,-1812.8795161960347,-141.63736340777388,-1128.8750196410153,53.712009910723346,-2113.3778127743085,-3912.8845170857207,-1987.0466399914656,-0.0,-0.0,-1526.519575346474,-1091.083218118678,-819.4971182055466,-452.5020509466921,-349.5886517145344,-1051.1960353609657,-996.9813381699437,-5903.816753562871,-691.7006073253575,151.84071575860594,-679.2886455608782,-934.9384290388327,-713.8407251709849,-664.2974247987065,-8.517445025115334,-2021.8363157623673,-909.8831179015364,-616.9585215941775,-0.0,-0.0,-0.0,-0.0,-248.62165253403137,-1313.379328895019,-0.0,-1387.7131125460157,-1677.9613431810621,-0.0,-0.0,-1482.4328301553533,-0.0,-0.0,-210.80117392834413,187.22461321189337,-0.0,-0.0,-2659.580534723707,-1254.3005137586179,-124.79617737635905,-1314.5203286504884,-1371.1741319556972,-0.0,-322.20212811042114,-523.1164364400125,-0.0,-1599.784850548427,-296.5567483117279,-1107.7440143044282,206.1069014949864,-916.8263778730494,-212.70369542229798,-370.40284505648964,-52.279218775768,-48.879366874267475,-588.6310294672353,-833.9657849948894,-513.6969729519917,-841.8385663912918,-0.0,-110.37997167217357,-703.3045922707109,-298.2397668738703,14.941060618334884,-0.0,-1062.8784284157646,38.322878953550166,-1210.5814458344687,-0.0,-0.0,-0.0,-2021.2629872954278,-0.0,-0.0,-147.4966858549983,-0.0,-0.0,-0.0,-0.0,-0.0,-0.0,-1005.0750052125039,-1543.5522834686503,-0.0,-0.0,-0.0,-0.0,-899.9016826276422,-468.88053417304343,-0.0,-0.0,-1756.4777190939735,-0.0,-1446.3946758611287,-2379.2058034827037,-0.0,-0.0,-0.0,-739.7674111782064,-0.0,-0.0,-0.0,-994.405326894744,-869.2095414528739,-619.7486781151299,-0.0,-0.0,-195.72719466693508,-0.0,-4065.233096295221,-5259.638811021342,-0.0,158.3725963694635,-0.0,-654.4029891020768,-804.8280798619418,-2014.343583860345,-0.0,-0.0,-78.91174553219969,-648.2648764075459,-1381.124150357222,-748.0097330122576,-435.0222221617459,-0.0,-0.0,-1354.4503867230483,-898.261227325929,38.765433222412646,-0.0,-0.0,-707.874670178179,-359.3391785861349,-51.85358691324002,-0.0,-0.0,-0.0,-2065.437725132646,-489.86617122696543,-1311.144786774556,-4908.891799716103,-0.0,-894.6460156868621,-1077.1702215078694,-2424.5347885343226,-451.6429310123697,-0.0,-0.0,284.5009565001805,-1256.9689766030244,-1808.304537882367,-460.3672487881758,-133.20517961498183,-0.0,-2062.1455703420165,-415.2561798808657,-1424.344914767288,-838.6959477190534,-2840.288280846705,123.17862911918255,-1006.4634720639164,-880.695064898824,-2022.343942478805,-0.0,-0.0,-957.9942802789336,-1952.54890537848,-1853.126133680936,-980.2902084712371,-0.0,536.1697665965057,-117.9256673945072,-472.7199205539317,-0.0,-17.12383102657891,-0.0,-2821.0046867667525,-38.11723644532449,-0.0,-0.0,-929.8286202220786,-1278.7875978013117,-854.1011353540594,-266.2486571937439,-772.017979554572,-0.0,220.48231544337696,-844.8464875733385,-67.83185458490166,-1643.8176039360794,-0.0,-1473.61587397818,-177.34441509468232,-655.3908627256317,-450.3201966768241,-663.0001446084534,-49.734849416913775,-4.984136507168399,-1277.6485105683082,-1289.2152037351314,-1639.5963591263069,-223.2018726611968,-1412.4973694524094,-4.502987385675531,-0.0,-741.7310376600866,-3235.3222239966735,-0.0,-0.0,-30.08197171596194,-2234.2458767835255,-231.4130134104616,-667.3526055297651,-376.3598902661604,237.40748064785018,-0.0,-0.0,-1541.8024901004146,-0.0,-0.0,-2258.030937508007,-1498.131388311848,-960.549546984274,-1033.9795499931984,-510.84035178227697,-898.2749143250342,-999.0049294411234,-1347.258289145774,-2433.6801592014394,-0.0,-0.0,-0.0,-0.0,-45.565077113318196,-0.0,-2051.2259637428488,-687.8843473116904,-796.3934281653142,-901.3392153860415,-501.81349211118,-0.0,-1557.0680942817667,-633.5718324036055,-0.0,-2770.3768725682944,-1755.5708492778997,-0.0,-0.0,-3076.158385241351,-1812.6404206583375,-481.99304983879335,-864.3573611459784,-0.0,-495.237548254098,-12.846537882462258,-0.0,-778.4653213365154,-546.6790457956137,-649.6525138149574,-0.0,-0.0,-0.0,-0.0,-482.2593135996957,-1179.911809553844,-6528.193534323544,-0.0,-0.0,-641.6443141298021,-670.0860137572349,-1911.3146230466855,-653.3800531165657,-76.25404248975858,-451.72795339063634,-0.0,-766.6612324511316,-619.5175509057229,-0.0,-760.6262441584547,-1379.0550769617216,-0.0,-0.0,-0.0,-0.0,-0.0,-139.64807292803857,-2168.1207557711773,-0.0,-1220.297323371456,-1002.8233783876397,-0.0,-2145.8359409759382,-830.7326896449384,-1209.5788261218277,-1556.099457014127,-22.39694114447024,-129.0518970192022,-1411.4606601004002,-914.6657840722037,-419.7882046294389,-0.0,-1518.9713542554691,-1409.807604987543,240.04699296963125,-0.0,-680.680069998852,-1021.9350930444109,-990.1028843444917,-52.87710100984693,-0.0,-609.9500677054097,-0.0,-0.0,-3034.802696592143,-2618.399050868923,-2096.9924398989583,-1802.8100633818951,-0.0,-1162.8997174434132,-2194.2008997650355,-0.0,-6444.856191356179,-0.0,-0.0,-0.0,-0.0,-1046.024425374259,-2508.000383403317,-2800.626087988667,-21.111373957464867,-2206.259539525345,-0.0,-1022.1678318810302,-25.15325337137388,-0.0,-0.0,-654.0300582909312,394.156404901825,-0.0,-494.7274862148895,-42.166241351739714,-0.0,-1511.8170324004054,-0.0,-2448.4309104950435,59.211416876003874,-0.0,-0.0,-1077.2410573224747,-1665.703318436713,-1023.1390033358027,-1417.6478855766397,-1273.6442933341707,1447.7832391131324,-55.46056058938886,-1034.7319046234588,-88.46125172099104,-2326.367290366292,-979.8375124403859,-913.9449768654277,-541.416195192203,-1672.8704044277895,-2051.261676722473,-474.590526026852,-2175.5105235073756,-381.1806877762419,-0.0,-0.0,-8.321636368539382,-0.0,-0.0,-0.0,-0.0,-0.0,-0.0,-1719.9187734830941,-732.7300231166831,-1484.4840124553316,-698.0185764835319,-0.0,-660.6174099449743,-1304.0177596314375,-1158.5942898963303,-2224.240344887738,-1390.3836910122434,-72.25811634437618,-34.924665034761006,-1280.7232812729378,-1252.0174503976618,-0.0,-105.40548539438426,-0.0,-86.06491709190475,-885.0130620534271,-216.39072847584646,-582.3707931151598,-1039.8064957940376,-0.0,-0.0,-0.0,-3610.394140251465,-0.0,-103.91758104713011,-0.0,-253.71445113504913,-1068.2926496870548,-1263.269699869088,-812.8929243848837,-0.0,-43.74317518876734,-595.9615039448005,-510.3691751058275,-436.15083130864156,141.83993449723147,-1226.962497980743,-0.0,-0.0,-3323.4217922582616,-0.0,-1205.898084255468,-722.1657056795418,-433.97596806398394,-284.6934146850308,-1378.90067241065,-3003.1573850101136,642.0855599920886,-2421.8530320787363,-1806.733788760148,-579.0698752854191,-4.781430028301749,-0.0,1462.06775460363,1363.9402299764436,1358.1513924861226,-0.0,-0.0,-0.0,-1055.6371868553551,-0.0,-321.2240509128252,-195.9601256713747,-0.0,-3907.4533517007994,-0.0,-1615.5416743962212,-150.31474712078602,-1090.2979220690204,-741.5925150729096,-1772.0564539141033,-1852.157302223177,-0.0,432.95860852097405,-2613.946588158849,-2079.581303855055,-563.918619459788,-1776.9491277517802,-1944.8883336814297,-0.0,-0.0,-442.3860494192859,-811.1734130167199,-2565.157852659073,-915.3765657521683,-155.39712163657796,-0.0,-0.0,-692.8432208747016,-0.0,-0.0,-0.0,-170.4858748340526,-1355.0589149490543,1795.1286678179658,-1408.7246173608555,634.5061241405602,-901.3114389067024,-1063.5997770655079,-9.124307458771717,-4840.233785492866,-1209.0658806444628,-0.0,-83.52570901469696,-2565.2505815899053,-2081.6770447146005,-0.0,4.767857292372188,-0.0,-709.327721871794,-0.0,-2333.367622285675,-2010.754008682688,-0.0,-332.46606874832906,-0.0,-0.0,-0.0,-856.5860177078512,-1175.8236271519238,-442.52200268779984,-1086.9653269896914,-1953.881815290216,-980.5127105011386,-527.3988906933894,-583.6993032819048,-0.0,-1771.528448574174,-265.79172573135844,-819.6542013693506,-1196.873581182715,-1708.719189198459,-1626.1107046909715,-457.1272844679747,-1986.5794280229904,-0.0,-0.0,-0.0,-2624.607256785388,-0.0,-637.2643144145392,-913.226465739364,-0.0,-857.0963686158238,-693.0989955873293,-928.672816227727,-769.3927974195888,-216.48028963092037,-2080.478507981883,-5293.8786634853095,-264.74092759118224,14.128827738910319,-0.0,-129.75691326303675,-8115.966260265521,-1985.6415115704267,-720.4195051508483,-2590.52389168823,-290.5001344722308,-0.0,-9.162087420075727,-737.0081451407575,-102.9315050365108,-1057.7810377974438,-1131.1757327920286,-184.01145007824073,24.7976516501566,-976.0271587702679,-2577.389523179927,-2258.449401551699,-2067.066611426455,-0.0,-1678.6092922745017,-0.0,-127.74683271593801,-1217.5432865977943,591.291331758986,-0.0,-0.0,-363.93247206985075,-917.2728347603256,-886.7260399086691,-1422.9354333539927,352.17653949763775,-1705.4134540659086,-82.08137328128464,-373.0843622788197,-1714.6712187626013,-1993.7003746340247,-420.89964023048276,-0.0,-0.0,-0.0,-0.0,-0.0,-1996.5597354007014,-0.0,-768.5405720913616,-991.3884691012503,-2902.729923989858,-0.0,-0.0,-89.07390135662243,1255.2887719763191,-652.3353517684014,-1437.3346917773993,-0.0,-1561.4726527833905,-4993.1178527125885,-812.6514160384472,-6194.014402150972,-1237.817161997106,-0.0,-862.7251672448358,-2934.3644037320837,-166.28166759442664,-0.0,1288.9420386429429,1478.9832087391349,1414.0735242000615,-0.0,-0.0,-0.0,-0.0,-96.38633935199721,-2673.9889425318465,-4.9551201956516335,-0.0,-2079.504767864441,-1290.479740760914,-404.755086529895,-4.956165369675017,-0.0,-136.59690857487786,-765.3229808581783,-0.0,-0.0,-42.028845444422984,219.81161324811933,-2263.2647864390924,-0.0,-1096.9069746290572,-83.39588635393113,-97.4211609369307,-0.0,304.32187042300325,-106.7190240627122,-541.382215284259,-2212.5902165901603,-0.0,-93.48341313142143,-1431.4744822278892,-1226.2760856315215,-0.0,434.6283512277295,-0.0,-1096.4826111081945,-1187.370168339506,-8.405136955412525,-0.0,-0.0,29.04975436394507,-288.5808160823114,-198.3734334442904,-88.83248100741643,71.91051793168532,71.93698109260843,-818.2902737010849,-833.289960102945,-1244.962190460626,-0.0,-2147.0747227112483,-992.8953272699911,-0.0,-0.0,-1168.5581287304674,-2389.0499903578307,-626.7102188728719,-0.0,-3095.0694610613687,-129.59046660348486,-80.6631762375358,-1343.5657446824891,-0.0,-392.7547057431903,-1437.5060314765294,-4.209547588200932,-0.0,-5367.5296418022135,-194.9410008006924,-1585.0539648130868,-1167.5953288365315,-1233.487806120426,-2342.8466696526775,-104.80944806539588,-908.9139932807543,-2240.5324964765064,-1360.7946625364073,-1202.753182480715,-274.8587297672885,-2024.9350449847936,-0.0,-3348.980737170981,-0.0,-5972.18313783311,-296.97877000547777,-298.46434383397104,-1519.5198549804425,-0.0,-0.0,-0.0,969.1911420697477,29.341733774429834,-1055.8184754352292,-1573.5303532401751,-421.3847580027518,-1130.5014818324214,-0.0,-0.0,-1544.347294563129,-357.2864664286789,-489.8093813389321,-220.6759119106933,-0.0,-1687.7142780817853,-425.4583294387121,-1890.2870746667738,-0.0,-39.818373130564716,-0.0,-2011.5742565281705,-907.2955274670322,-2029.694788812995,-0.0,-0.0,-1773.8806949548075,-582.633215139817,-769.6094996810081,-1614.2881243656607,-362.69361890347545,-1349.6932625965333,-0.0,5.974598583877063,-1150.5009049137527,-4256.312226092309,348.47993665172675,-1502.1747929439491,-7129.64021355424,-701.5191047254095,-740.9703109071022,-233.60074138037996,-131.1669650861462,-1029.1565317384884,387.3859863871666,-111.83968625885376,417.00808876664206,-1305.4999466386266,-560.4208684150249,-0.0,-1445.812447363475,-1944.9494735400344,-633.4971105123489,-476.93312956248104,-0.0,-0.0,-38.35887603702018,-1198.277598842597,86.0700164768451,-2289.277880633345,-0.0,-0.0,-471.2937924624398,-700.4870969155402,-1201.3963077691797,37.806073982639404,-3040.8817737305685,-1578.3471696559295,-1490.992898759613,-168.71710423593552,-0.0,-453.0534683183854,-0.0,-688.7953961794755,-14.756593606969892,-1711.9702928799222,-532.4630885410364,-1677.460795306389,-403.99228081285565,-321.4651879700996,-0.0,-1359.9171987912866,-744.8960389164881,-1352.9246177449756,-0.0,-3552.6430692096196,-1367.5967301691744,-1616.472411009498,-1058.4704551265133,-1084.9956010725004,-67.47111793344024,-2470.11522054623,-858.3073260916815,-1396.5424681774443,-2006.202012984052,-216.67569646106574,356.6401600131352,-1095.8112509360142,-0.0,-0.0,-18.904584468640984,-60.799716911607995,-17.023366363986902,-301.50535558946575,-0.0,-0.0,-0.0,-0.0,-0.0,-0.0,-0.0,-0.0,-0.0,-0.0,-1516.2974774988402,-2578.7977762177575,-2087.861229471618,-0.0,-0.0,1419.3420286190817,-454.41671260651674,-0.0,-477.87991155270987,-424.20175220590255,-1022.7028698144661,-921.8201458395632,-1178.5759245010988,-4.277926150165121,-778.0235318661078,-465.76805022971155,237.6041436243228,-0.0,1072.1034343891515,-0.0,271.7932273618808,-0.0,-365.6813043979485,-0.0,-502.06116590649253,-1169.2555343577733,-1993.8599016527737,217.37925483778324,-0.0,-0.0,-0.0,-0.0,-0.0,-508.4714673323329,9.636052739349738,23.71809964702239,-0.0,-0.0,-593.6864787674758,-0.0,-62.69580197076241,-750.8517835160955,-4413.311981098618,-0.0,-1416.541785832145,-0.0,-684.6068093558838,-0.0,-0.0,42.877926837769614,-0.0,-292.9194238326065,-0.0,-0.0,-0.0,-1043.0678177110112,-1775.4571081275526,-0.0,159.50222018424898,-2373.9866342361242,-0.0,-101.01977596470716,-370.81280122246994,-0.0,-0.0,-1930.9184437496936,-0.0,-865.7577562214514,-1443.495906973431,-174.80081036089237,-2959.7396054613887,-1903.5287621156087,300.28104592804794,-774.8782128335869,-0.0,-1317.291057730081,-0.0,-0.0,-0.0,-4141.475100712265,-959.4528215923744,-1538.738030170877,-0.0,-432.2113830453408,-19.76284607130471,-1223.154230884766,-2334.8748199719853,140.06260443049982,-2786.4801982672684,-0.0,-1865.1899636789867,-2671.242898673526,-0.0,-0.0,-0.0,-0.0,-2352.689412771017,-425.49840586426484,-1411.1337544756966,-0.0,653.4422899814565,1472.3266164534366,-0.0,-0.0,-936.5825990179343,-935.9278427290708,-367.3827094627469,67.09231502824032,83.63025704235748,-0.0,-1559.2896529349232,-0.0,-296.87308236857666,-1265.997364231516,1791.725077211403,-0.0,-0.0,-0.0,911.9818316085601,82.69799935719,-952.3148851064927,-0.0,-1438.99653117973,-0.0,-1053.3211560214322,-738.6546508507859,-0.0,-0.0,-0.0,-0.0,-0.0,-79.06367321891703,-0.0,-0.0,-0.0,-1248.5756394681923,-315.14761522899187,-0.0,-0.0,-0.0,-124.43414719763607,-90.59916714403283,-625.2276707582521,-710.7104949455645,-3111.1910947063443,-893.1834633408134,-497.59716425457333,-0.0,-2723.55193446996,-49.606568994315445,-0.0,-1138.0010238981488,-2675.935312649226,-744.1417225000736,-564.3668712547062,-1208.1915829323927,-245.16379748426894,-720.3119094166229,-787.5926655821372,-905.1806306476233,-216.93179990665882,-1986.438911531257,-856.1444910503196,-405.4883109104494,-0.0,-0.0,-894.3510962357191,-4187.608037847771,-0.0,-1083.0576034362289,-458.6068341299436,-0.0,-392.5568694482591,-682.3756424597143,-836.3948203326282,-4.6439184510912,-0.0,-0.0,-0.0,-0.0,506.87176409558504,-0.0,-663.485131074959,-0.0,-0.0,-711.6950893227989,-1289.760993608702,-2864.6708938196753,-581.7992763483969,-649.0147573248393,-121.18506492127912,-2313.2374901600165,-0.0,-808.9225200225155,-416.80958399623444,-524.2578312649493,-1112.6691965413181,-1092.7438739728843,-1587.8298580351238,25.784784791692513,-402.12502677056676,-0.0,-1174.7686710030437,-1248.488062619136,-68.92360099982426,8.109243790013037,-2628.1402154782186,-1333.7763548158634,-789.4110345150449,-0.0,-714.4725498120207,-664.1886515155072,-664.8052649090247,-2448.4681389300836,-8.950193960826027,-0.0,14.051652793287147,-0.0,-0.0,-257.1285585039763,-3669.006824045417,-232.11303854442667,-1652.6128115282506,-3580.398072034833,-0.0,-5224.0790590433535,-315.6996707798441,-2593.687912221817,323.62603266957893,-0.0,1673.822766918875,-853.3335723366539,-0.0,-2417.799044039717,-0.0,-21.939646819153,-0.0,-0.0,-0.0,-0.0,42.63964042965046,-0.0,-0.0,-0.0,-574.7489758310079,-1590.663837919835,-787.1532742124845,-0.0,-3883.67141735123,-0.0,-0.0,-0.0,-250.05219504048713,-331.9479488519521,-0.0,-1973.5707310651774,-0.0,-0.0,-3890.735462671905,-0.0,-0.0,6.707250194650548,-594.9074909545344,-23.70176017561814,-0.0,-0.0,-198.0757207788285,-0.0,-0.0,-1492.0585895920717,-1316.2913058365743,-1551.0401481365811,-0.0,-297.3731544683321,169.52000753476398,-447.77567655715524,-15957.1236605442,-0.0,-662.5767435042807,-1389.279145709387,-1629.6703554925118,-0.0,-0.0,22.423362404656004,-381.91418410408494,-1074.547560386375,-0.0,-0.0,-0.0,-586.4654983563578,-2910.0876360680745,-1621.3214814913504,-0.0,-0.0,-0.0,-399.4462264263971,23.618599443734492,247.44635192465853,-1173.2750154398739,-0.0,-0.0,-1011.2930758245412,-0.0,-0.0,-0.0,-3093.00906450366,-1220.8982449797168,-0.0,-1189.667861335171,-569.3998745743143,-380.939632802388,-750.3476133106451,-1087.1759510440381,91.8355045959015,-1172.6484353475391,-1138.1407058332532,-72.45377682980839,-1363.9005981122646,-0.0,-0.0,-0.0,-0.0,-686.2491943872944,-0.0,-0.0,-575.2789973176746,-2017.0028250470707,-731.8604710923252,-0.0,1581.6688493100557,1446.3332691364558,1310.3500581370051,-0.0,-0.0,-0.0,-885.612365480491,-229.74123157307483,-839.5552134872008,-104.12632090337465,-654.9351797647051,-1783.7697933541153,-1434.149992853689,-2341.495445329225,-0.0,-0.0,-0.0,-0.0,-1100.2480498559617,-793.5120461870481,-1843.3378176031597,-489.89105140588913,-1448.0382842150968,-2162.4074061128285,-1946.8440009069548,-0.0,440.53742820170703,-452.8885900299331,-468.51327390935495,-144.78530431348,-4682.612334667703,-8.274725814290163,-0.0,-834.1629445433615,-1467.376978399946,-0.0,-51.032230555422174,172.41801332619573,-181.65182166396772,-465.01072184694914,-2229.6156985436137,-436.8737592390704,-1699.463360583206,-0.0,-1997.705943225069,-1721.5017242532704,-1350.2046036252782,-0.0,-1892.9520232925533,-683.4466876797579,-799.2119600892344,-989.9697171142551,161.83832912139837,-1826.5885348427457,-1463.1902516890418,-0.0,-136.97551210473173,-0.0,-0.0,-0.0,-1156.8687654020407,-748.3283405753428,-0.0,-0.0,-0.0,-3868.358563557897,-2146.360684456798,-0.0,-0.0,-0.0,-1610.8813185455356,-919.3584051416635,-0.0,-773.7590346274983,-1540.7804739468543,-671.8454203654767,4.170451118074372,-1055.7490798446224,9.147245121081228,-1662.9602454303188,-1979.871798803229,-0.0,-0.0,-44.85345132290615,-0.0,-0.0,-1502.6799927310456,-119.57729246971454,-425.1972517260193,-0.0,-0.0,-0.0,-1072.208605692452,-330.71642934775343,92.61917685257006,-526.4249380181452,-250.31911545497542,-2281.8436823290817,-301.1134012347767,-621.4018866041752,-1279.5489848784496,-0.0,-412.83598074668214,-0.0,-1940.9813323748442,-1692.127736129019,-1910.807545851354,-332.00734520405615,-305.450736420399,-63.23468810907553,-919.5846532456302,234.6717048524169,-0.0,-384.0977504058825,-0.0,-0.0,-468.2434881322759,-106.12347114920495,-2660.254619622444,-2759.569392730429,-668.4062289722194,-0.0,-0.0,-1153.0545977489517,349.3470048416236,-0.0,-0.0,-0.0,-1064.2663244935736,-85.08106599267124,-333.6241431809019,-4745.421671208097,-1571.1025551693942,-780.2341249455355,-449.62590217572847,-228.63268458055484,-943.6644833256389,-616.0039744300802,-538.0638259853745,-0.0,-989.3480866489231,-753.0261645303062,-1730.4375113106023,-0.0,28.91204795134041,-9.100231129365651,-0.0,-0.0,-1621.9632103470976,-0.0,-4120.070693285271,-1438.4024841313112,3107.741651848995,2991.1046251252665,-0.0,-0.0,-802.3903872881947,-1035.3449846562057,-1419.9946657591004,-344.1345465482632,-3844.9311296896562,-589.8625736906528,-0.0,-0.0,-0.0,-1586.030103851841,-869.3500372162496,-199.88854417591264,-2826.894044153372,-1254.0646422940974,-22.101786684932232,-483.2757490447268,-1217.246784097526,-391.1444309249814,-560.5628623259232,-0.0,-4.823099936927214,125.23365601311625,-1159.0227296311346,-168.7781442990561,-0.0,70.15305081096558,133.18256590219147,-231.00409763443733,-1438.6864156753416,-2281.3287057703915,-84.27003036557565,-1122.5344195958398,-1343.6476299480785,-0.0,-0.0,-812.3394985776514,-0.0,-0.0,-0.0,-0.0,-615.8491750738143,-42.53857454045908,-1329.903930886405,-1306.6565503799034,-2482.0496997106848,-1140.058705974207,-0.0,-646.8790967296944,-0.0,-1527.0004149335348,-1550.798742507701,-1482.3490569911892,-1089.1979045146225,-0.0,-1630.5488386310276,-0.0,-0.0,-0.0,-4076.513895733484,-1197.2075007982064,-271.897399760972,-1010.5590497597315,-779.2696255654637,-1100.684303912445,-0.0,-0.0,-0.0,-0.0,-6130.479810326127,-814.6747315579643,-1940.2418051731377,-4152.78292865617,-2270.627604906727,-474.30851778746063,-0.0,-2054.86964491046,-933.8708373950824,-0.0,-319.02662315178077,-412.25154544685574,-0.0,-1019.3589462375567,-267.9884562058231,1620.9723393702097,-492.69846851528126,-0.0,-0.0,-1075.0086730224448,-874.2708425780041,-2401.488152572825,-443.0081644336053,-0.0,-0.0,-731.2462069295261,-0.0,-0.0,-0.0,-0.0,-1440.1928112366936,-596.1142718160598,-1350.6121599474222,-537.4650101046384,-30.682887369320056,-818.7165431375419,-0.0,-0.0,-0.0,-0.0,-2574.82810482759,-0.0,-0.0,-0.0,-0.0,-0.0,-0.0,-838.1853183849548,-0.0,-2843.0124083184182,-562.1545571710992,-243.84720287987162,-1257.659853006064,-0.0,-0.0,-1737.3167083268881,-1608.974411947063,4.500174890478093,-441.2920964642239,-37.18399783841365,-1709.7724677024069,-911.9141723753169,-0.0,-4405.16347522479,-1442.6126455239717,-0.0,-0.0,-37.93962657881813,-323.2301111781954,-1329.9141938614027,-0.0,-0.0,-61.939763854944445,-1728.080073863549,-561.6642528020401,-373.49952857048345,-47.14500783282652,-1996.777431810108,-0.0,-0.0,-0.0,-0.0,-0.0,-692.1783820450466,-491.26719363215153,-659.4812461368256,-4708.813839658249,-1741.1659298589218,-1316.5208381674938,-20.958162219132138,-908.4084163021894,-1431.913436262119,-22.245031721256275,-0.0,-0.0,-0.0,-705.2826408589133,-522.6517541502545,-1915.6573713207817,-715.0320719737557,-0.0,-1679.7159321271367,-0.0,-796.4195552949386,-0.0,-0.0,-2242.678475831364,-707.1821935394798,-657.4190822700112,-1693.6372681207474,-554.2826441280242,-14.644971079855413,-771.3272736323644,-1433.1031051869209,-0.0,-534.4396153519311,-1325.28696615544,-4764.5129643162745,-0.0,-68.94348701285739,-2556.7570968941245,-1652.4763777998962,-1409.9664723872677,-590.5424156256651,-1222.1596949462617,-0.0,-272.4195956196682,-0.0,-285.86449876290186,753.0082410238253,-0.0,-0.0,1095.5580605090458,-0.0,-2540.309981629782,-722.9233120506481,-1207.1297624801753,-1202.614622642047,-1552.031942010289,-440.1138076196561,-72.19218590989752,-0.0,-0.0,-950.5318598705908,-831.8220438562529,-814.4892816985608,-0.0,32.19305819165083,32.57960693243248,-175.891802230789,-3348.4267683601447,-2056.4901003421983,-0.0,14.382383709811835,-1469.2418711516157,-4603.427820441496,-2914.385129427598,-536.8069906042277,-977.3834803543066,-1305.0128002891229,-0.0,-244.10452618031158,-0.0,-585.0945272626587,-306.1488317619473,-1779.0788561882885,-2495.4284683600868,-317.0057431377461,-574.0434991132469,-5189.076893526816,-1330.4858626827468,-469.17763553716077,-530.8881282916078,-1617.9411581900042,-513.2847709914104,-8.873505384700316,-1556.9122448003363,-1778.9248901183262,-0.0,-0.0,-578.810344171757,-1374.6549333109713,-390.26495444349763,14.622688775830989,-0.0,-0.0,-0.0,-0.0,-0.0,-44.62457881420259,-818.2330931786549,703.8998567388824,-453.1016356594532,-783.3846824739892,-559.4743888117617,-1207.799895342817,-1740.0246103858992,-1131.742564478947,-1966.0869216268504,-532.453551285894,-708.6091420200565,-1636.4204640931819,-689.6234591779586,-0.0,1013.6829351696128,-527.5676134420488,-45.14712747221547,-0.0,-1018.7731030092339,-601.3100144530183,-1757.4402452419072,-2031.7238804264737,-2772.9907430563117,-0.0,142.81508162447057,-0.0,-0.0,-1157.7149455671242,-1654.4758522689117,-0.0,-1044.7608516326234,-9.634065445355342,-0.0,-0.0,-0.0,-2845.0587955692886,-800.6219331502318,-267.48658826949224,-196.21196507529308,-0.0,-0.0,-1349.4303010131046,-1690.9925372234713,-1076.6172845940437,624.6883979914214,-10.092518302415034,-0.0,9.667123206083621,-0.0,-1746.8471618713743,-654.4800745505304,-1313.6558396317362,-2066.485464260324,-1855.64047323965,70.1722847093592,-0.0,-0.0,-1972.1638977888997,-442.0210622593118,-0.0,-0.0,-152.32451556322488,-0.0,-60.126240889980735,-0.0,-1286.7480092141489,-901.1999673938686,-0.0,9.674709323647985,778.2618838718531,-0.0,-78.13227387471936,-2522.3481239874327,-0.0,-0.0,-719.5014138569092,12.754094481584382,-0.0,14.35527021285223,-462.91313465077457,-1800.304565187341,-0.0,-923.0596447329991,-0.0,-1228.0185974389867,1992.9930921268776,-148.58969208968296,-1891.3059275695257,-1718.3965387202272,1166.7508473749833,-58.91849909539803,-2678.5242204940314,-884.610286846033,-1029.4727214281647,-0.0,-798.014253345082,-95.19051090042355,978.1078210814218,-443.61566896819494,-1666.6258948439952,-0.0,-0.0,-0.0,-829.4373059661207,-739.2396173637451,-697.7793058944555,-1127.4787923787212,-1240.7349694371344,4.8868553923576,-1063.2029973908975,-1075.0019832619362,-1387.507642048835,-0.0,-0.0,-555.0713319215007,916.9552854137629,-6936.219791001385,-0.0,-1706.7742156671518,-1972.3881533210551,-972.0175975061208,-912.3293293920501,-287.1534488531541,-2994.600328759566,-325.27108807688137,-0.0,-1109.3929693968564,-1096.0033645064386,-693.6166510995255,-0.0,-1531.6582068797122,-2456.197990439081,-32.550082023040225,-1142.271340121327,-2734.35329034648,430.4597260426488,-0.0,-504.5283447248542,-145.51408501525307,-1593.941960555674,-1110.2872498292265,115.20351946451316,-134.89129081054156,-799.4105555835267,-513.3525959724313,-622.9330142908364,-819.4808279704067,-624.1619289026501,-0.0,-1497.1136206345736,-0.0,-1365.840132602394,-791.5708143273603,-222.8986118288408,-0.0,-2039.8230584829407,-5434.677353181372,-0.0,-518.3753545302013,-0.0,-2742.441068762578,-350.8845979448775,-0.0,-372.1880304206008,-554.8018226859101,-0.0,-2385.5842636363436,-1615.0646253709217,-0.0,-4386.895085323202,-142.7029714017793,-1418.716074691296,-1548.9331537516573,-1942.665661427703,-139.42009599199972,-0.0,-1009.2381563971296,-2386.3591579414856,-599.5107285413633,-1011.4191527185989,-1153.1066119683012,-1940.7055455641173,-2492.6551780619684,-988.9726542206595,-2074.2679612982383,33.027355113126625,-0.0,-328.9732668291616,-1680.6964194557836,-1249.7137802420275,-0.0,-0.0,-0.0,-483.8215578888922,-443.1769666624751,-15.0173231232352,-636.5930156004408,-0.0,-1412.8002885974236,-849.3911135142943,-594.532242172906,1.9203462591852012,-0.0,-378.4239701107159,-1743.3508116625471,-1126.7698264772873,-365.49860723577876,-930.3318416107109,9.325510128347867,-0.0,-0.0,-3473.67444797932,-1041.1777308085923,-0.0,-0.0,-0.0,-87.7417332122805,-1179.3696562711461,4.137808483375186,-1930.466818972331,-1681.4222813174672,808.6775221615701,-0.0,-652.250767387626,-0.0,906.762548674216,-254.17362449779816,-0.0,-1834.9581119728205,-350.3603845436311,-1838.874861086595,-0.0,-1729.044282188447,-618.8321818963512,-252.20083767623618,9.38760128088062,-40.90023368752415,-0.0,-0.0,-778.6291041038593,-1385.7590751141408,-0.0,-642.2782019288549,-0.0,-377.03880211351236,-692.6424536791151,-0.0,277.6447072536836,770.6881952814368,850.1120774263244,913.0353453920746,805.1375472025247,1012.4134615320075,-0.0,-0.0,-0.0,-0.0,-0.0,20.77537655038582,-0.0,-0.0,-778.2826847248881,18.80843578260527,-420.6647067972994,-196.6079084059187,-0.0,-1007.2832256835438,-1650.2551428485963,-2170.100384124372,-286.76027877288635,-239.9015535142112,-0.0,-0.0,-623.3559051693411,-0.0,-0.0,-0.0,-0.0,-2977.1772678825423,-0.0,-44.16312005192135,1125.0198709700378,-0.0,-1156.2735714159046,-624.8629108817618,1274.480079783716,-1054.3997906321895,-0.0,-3424.0171404329612,-2236.512888751035,-266.68720781375856,-907.2014905426967,-1452.1777051574106,-632.3252283359018,1086.432911574731,-95.23147418542125,-598.2427644337951,-0.0,-0.0,-619.0831681379182,-0.0,-1068.8926099320242,-0.0,-530.693406707472,-128.80902283136834,-0.0,-0.0,-1374.3329445789,-0.0,-0.0,-618.9855199060818,-1409.0506839777604,-1917.2137208285053,-0.0,-0.0,-0.0,-2151.2427207385253,-0.0,-1347.2643486478394,29.450888774818317,-0.0,-0.0,-1261.1694881034934,-1022.4437567921399,-1433.9105402495861,-406.1785773172784,-0.0,-1356.9436556798698,-316.59579206727466,-0.0,-0.0,4.856878514233896,-47.544833841855464,-4389.581444850061,-0.0,-48.24262930294756,-49.296340255800416,448.6655821188145,-96.38602792779139,-837.5964517867451,-886.3046751275015,-486.60550912385816,-0.0,-0.0,-1755.2627507795899,-0.0,-0.0,-0.0,-0.0,-0.0,-0.0,-0.0,-167.19892827153234,-0.0,-0.0,-2098.3185274623024,-9275.575843509881,-134.02384145296676,128.57096769625076,-532.0462931881617,-627.4970779346042,-492.94545810415474,-4178.253252677143,-268.9915201200895,-458.0241061142815,-0.0,-0.0,-0.0,-2199.0776712124593,-0.0,-95.03364929146551,-0.0,-0.0,-0.0,-557.4752494047182,-14.793353610038755,-331.1435588696118,-1486.16878175644,-699.9101485437739,-96.36387485741015,-2034.7993894758808,-0.0,-93.24811281501722,-2192.8403208090576,-0.0,-1472.8610326583237,-0.0,-1508.0885394335735,-0.0,-0.0,-1033.4237139972133,-707.9995325826992,-37.3183335964918,-753.2151351028378,-122.19349385220144,-823.6206030361552,-173.77107432189578,-746.9811008630447,-748.6444694493794,-2389.6002508101883,-1048.7207731052792,-0.0,-1865.031479248706,-461.89985767000576,-854.3433720699617,-0.0,-0.0,-1096.7481113504728,-2414.2313104830196,-156.66366462959198,-0.0,-0.0,-83.9041005527053,-3591.323933480578,-934.8971882400309,-257.13033865494685,-378.63314150541237,-49.988457306576244,-4790.147983206733,-0.0,-0.0,-2175.52482337221,-927.8208133278899,-0.0,-0.0,-0.0,-87.81210962887869,-0.0,-2022.402307354809,-1874.0043966897456,-0.0,-440.45278721299115,190.5875463365345,-0.0,-0.0,-0.0,-1095.0628047947066,4.968303008607416,-2684.533797156633,-688.6709510890502,-1288.0944246205554,-761.8160011662807,-3652.7544541780253,-1597.7547380247343,369.39216858709165,-0.0,-2248.341458377783,-0.0,-0.0,-0.0,-1168.5609076556004,-707.5202621804161,-1357.1267367931116,-0.0,-0.0,-991.8229937496786,-1417.989451904127,-745.5871974377718,-550.6289858796945,-0.0,-0.0,-1443.3729754595004,-0.0,-0.0,-0.0,-0.0,-0.0,-0.0,-554.4324228654133,-197.86690819718592,-1593.7532621915932,-0.0,-814.0389298291961,-4551.1985497631495,-51.17595056380732,-0.0,-0.0,-0.0,-0.0,-0.0,-0.0,-0.0,-0.0,-0.0,-0.0,-1414.052665961179,-2094.003302380142,-0.0,333.53944594185856,-0.0,-668.2798765017217,-100.6957907720894,-0.0,-776.7471373575157,-376.7644268347744,-28.14481570929129,-3452.0585688663637,-531.0890273825823,-3260.041854713012,-217.7564339399248,-2044.0752747407694,-1852.0615495878503,-708.7227057680897,5.009190418709216,-0.0,-1362.0201897612646,-2310.1868208701453,-2654.4113521634613,17.59484733658752,-550.8188851190137,-1888.276845707649,-0.0,-2242.801506336973,-417.1665197398215,-0.0,-3298.7881671936207,-0.0,-1053.5585986290582,-0.0,-3244.187812516884,-0.0,-0.0,-92.82457599247002,-1061.2483532819508,-753.7801291724626,-0.0,-1330.4544143476412,84.79830674195597,343.8005564008275,358.92058195020667,-290.3910015537171,-2010.4456896012762,-807.2879094218312,-0.0,-0.0,-6301.722407176963,-1430.8510128392293,-0.0,500.78492547881797,-0.0,-1819.1995557232042,-632.5131860709528,-781.0267737193119,-0.0,-0.0,65.29680626894825,-0.0,-1129.5802176187567,-1132.4243421504061,-2082.306803689344,-0.0,-645.6344057603462,-3268.4559564541473,-891.8909253974731,-0.0,-1423.3998548246113,-89.91537183980327,-1424.499685984158,4.734771559989254,-1035.5183811432962,-0.0,-0.0,-0.0,-789.9947338669642,-0.0,351.58389327301387,-0.0,-411.3487350649514,-860.9698710992222,-588.5861666230775,-1226.6460903054442,-677.4232398239408,-1897.064274988475,-991.2772491188523,-0.0,725.67362210875,-2555.233289719007,-1957.5974254293803,-782.1419878516214,-0.0,-0.0,-0.0,-165.6987581110685,-1242.9887479409679,-357.6181175235674,-812.5125083444806,-2198.970409765904,-3075.769772466139,174.97028920250412,805.4809634101829,832.3437311847773,-0.0,-0.0,142.4987437037116,-106.41763221529249,13503.138266449907,2377.1908350275457,4347.177698570211,6573.889846904602,-0.0,-0.0,-0.0,-0.0,-0.0,-1543.460674182968,-1718.437567078071,-912.1164109845864,-0.0,-3197.346355721253,-633.6293235434231,-1024.0844387648547,-0.0,-759.7616469340243,-1445.5008611858505,-1087.2476474683458,-1363.0177564799772,-0.0,-3507.851417399896,-2199.179122021978,-854.0494422956069,-155.85196113917564,-3252.6460286147526,-0.0,-307.08020698122425,-0.0,-102.28528818744972,-0.0,-146.83816234083247,-223.74565891153966,-1114.3751442526816,-935.9741698650216,-0.0,-0.0,-0.0,-2342.2786194102223,-0.0,-0.0,-303.77008596725653,-1022.5701273291677,-1064.580562253146,-75.46228051248215,-1169.7472004307963,-2052.3221469625696,-373.9313972260832,-0.0,-0.0,-174.82947099910774,-1763.213112358408,-497.762622848117,-0.0,-6689.417998461359,314.292766371287,-0.0,-0.0,-0.0,-237.74997260807444,-484.30062152812224,-0.0,-0.0,-1339.5055856932922,-2246.5976399813853,-1256.334968394239,-464.62823220412014,-435.76097559317304,-590.493508039489,487.5978233398461,-1284.119230401928,-0.0,-548.5907314245534,-2562.4934222011025,-536.445467077172,8.77624276615691,-0.0,-508.2608896205615,-0.0,-0.0,-0.0,-1404.5643224577443,-500.1333793868838,-1571.1839551094288,-0.0,-0.0,-0.0,-212.43201398760573,-577.8351057299461,-1831.1616928208857,-3136.742517094777,-234.28043817990684,-137.4094290224788,-0.0,112.90330428295874,-0.0,-1250.1333938996509,-190.42876195183646,-0.0,-0.0,1100.194145846503,-0.0,-1890.8145650048334,-0.0,-0.0,-0.0,-217.88064930520557,-2225.276343302116,-1761.739206427764,-34.68928210843668,-2480.0818081194448,-1727.6635692333855,-31.22597867055057,-35.01421735888103,-75.09934936422307,-0.0,-0.0,-2231.4019687794294,-0.0,-6625.806886839309,-0.0,-1658.4939399040543,-311.82461339819986,197.29966019824633,-0.0,-12.777694049292139,-1811.7513893715266,-1748.4945953514462,-615.9547253362932,-40.924245594686944,-113.62653807577492,-0.0,-0.0,-0.0,-0.0,-1189.8372944295606,-1225.2693475346248,-0.0,-650.684993116643,-1362.4688795530997,-263.89811042460656,-34.31043647714903,-0.0,-0.0,-0.0,1205.850819364879,-86.38016202128595,-0.0,-551.4635659364618,-905.1536349165335,-1674.0530397988234,-0.0,-0.0,-2765.8387317565425,-0.0,-0.0,-0.0,-0.0,-765.695654452473,1231.3504774900941,1163.2484152777236,1284.6130444144712,-0.0,-0.0,-0.0,-717.518434215337,-0.0,-0.0,-413.901086496566,-253.73210208322445,-0.0,-243.07794745568407,-1307.3928049892506,-1448.573049371518,-0.0,-0.0,-0.0,-23.0570539772959,-1570.1258837190762,-20.889192952543226,367.6861498398512,-0.0,-1787.413376500312,-984.6785489715351,-634.4270840758232,24.683356420636166,21.53812208117985,-336.696685274898,-17.75888865461406,-414.1716050098249,-432.52609183006217,-1183.2762964059377,-396.01046462096946,834.389356687244,-1552.3636412079672,-168.24722520224105,-171.91325977080908,-3986.362476780132,-2882.319750318116,750.0203151394052,-1283.8006115190692,-150.72028899673046,-4.8920852544603575,-781.3287376005417,-1234.456645608215,2073.7767202465816,-726.2636780539641,-743.1745334871613,-812.2787541796863,-0.0,-6520.5445648214145,-0.0,-605.8722846968283,-1070.5498272300083,-798.0839038690983,-924.9427501627744,-1214.8950210828395,-0.0,-1193.584585732938,-227.45760922010686,-93.26034295273344,-8509.858455064557,431.5006705315198,-189.99354931101672,-0.0,-637.5695250032813,-1229.532660564479,-0.0,-0.0,-595.4282681732326,-1754.1999867775485,-45.79602873692257,-257.0737487375656,-316.9142595597387,-1319.455775577048,-0.0,-0.0,71.91220447258826,-0.0,-0.0,-1904.5881131255906,-0.0,-2180.7352118610165,-1110.703689279647,-1471.3233415692218,-0.0,-0.0,-536.3583528346314,-1052.76850347711,-162.62122441737785,-0.0,-457.62227444884996,-176.63271477376946,-494.68136591826186,-0.0,-211.567566025372,-504.32475722929473,-2594.247086961782,-939.2085840691702,-1538.8804475114423,-0.0,-0.0,-1328.0258495172209,-31.606793229182276,-0.0,-0.0,-1470.826969949723,-0.0,-0.0,-0.0,-0.0,-0.0,-0.0,-0.0,-0.0,-0.0,-0.0,-105.98663887033095,-0.0,-0.0,-0.0,-0.0,-0.0,-0.0,-0.0,-0.0,-0.0,-0.0,-0.0,-336.6178982904608,-0.0,-0.0,-0.0,-0.0,-0.0,-0.0,-0.0,-0.0,-0.0,-0.0,-0.0,-0.0,-0.0,-0.0,-0.0,-0.0,-0.0,-0.0,-0.0,-0.0,-0.0,-0.0,-0.0,-0.0,-0.0,-0.0,-0.0,-0.0,-278.30206536915665,-0.0,-0.0,-0.0,-0.0,-0.0,-0.0,-0.0,-0.0,-0.0,-0.0,-0.0,-0.0,-0.0,-0.0,-0.0,-0.0,-0.0,-0.0,-0.0,-0.0,-0.0,-0.0,-0.0,-0.0,-0.0,-0.0,-0.0,-0.0,-0.0,-0.0,-0.0,-0.0,-0.0,-0.0,-0.0,-0.0,-0.0,-0.0,-0.0,-0.0,-0.0,-0.0,-0.0,-1478.6447032572098,-670.066799034011,-1799.3276661756925,-0.0,-0.0,-0.0,-0.0,-0.0,-0.0,-0.0,-0.0,-0.0,-0.0,-0.0,-0.0,-0.0,-0.0,-0.0,-0.0,-0.0,-0.0,-0.0,-0.0,-0.0,-0.0,585.9367759676564,-0.0,-0.0,-0.0,-0.0,-0.0,-0.0,-0.0,-0.0,-0.0,-0.0,735.3911189946402,-0.0,-0.0,-0.0,-0.0,-0.0,-0.0,-272.9565652498471,-0.0,-0.0,-0.0,-0.0,-0.0,-0.0,-0.0,-0.0,-0.0,-0.0,-0.0,-0.0,-0.0,-0.0,-0.0,-0.0,-0.0,-0.0,-0.0,-0.0,-0.0,-0.0,-0.0,-0.0,-0.0,-0.0,-0.0,-1173.7159950329826,-0.0,-0.0,-0.0,-0.0,-0.0,-0.0,-0.0,-0.0,-186.27022274874196,-0.0,-0.0,-0.0,-0.0,-0.0,-0.0,-0.0,-0.0,-0.0,-0.0,-0.0,-0.0,-0.0,-0.0,-0.0,-0.0,-0.0,-0.0,-0.0,-0.0,-0.0,-0.0,-0.0,-0.0,-0.0,-0.0,-0.0,-0.0,-0.0,-0.0,-0.0,-0.0,-0.0,-0.0,-0.0,-0.0,-0.0,-0.0,-0.0,-816.4994176349372,-0.0,-0.0,-0.0,-0.0,-0.0,-0.0,-0.0,-0.0,-0.0,-0.0,-0.0,-0.0,-0.0,-0.0,-516.9493499147889,-0.0,-0.0,-272.0882306757064,-0.0,-0.0,-0.0,-0.0,-0.0,-0.0,211.54190811324338,-0.0,843.3658860879308,-0.0,-0.0,-0.0,-0.0,-0.0,-0.0,-0.0,-0.0,-0.0,-0.0,-0.0,-0.0,-0.0,-0.0,-0.0,-0.0,-0.0,-0.0,-0.0,-0.0,-0.0,-0.0,-0.0,-0.0,-0.0,-0.0,-0.0,-0.0,-0.0,-0.0,-0.0,-0.0,-156.14631068917618,-0.0,-0.0,-0.0,-0.0,-0.0,-0.0,-0.0,-0.0,-0.0,-0.0,-0.0,-0.0,-0.0,-0.0,-0.0,-0.0,-0.0,-0.0,-0.0,-0.0,-0.0,-0.0,-0.0,-0.0,-0.0,-1022.5627218942187,-0.0,-0.0,-0.0,-0.0,-0.0,-0.0,-0.0,-0.0,-0.0,-0.0,-0.0,-0.0,-0.0,-0.0,-0.0,-0.0,-0.0,-0.0,-0.0,-0.0,-0.0,-0.0,-0.0,-0.0,-0.0,-0.0,-0.0,-0.0,-0.0,-0.0,-0.0,-0.0,-0.0,-0.0,-0.0,1368.3460643273484,-0.0,-351.4399943745989,-0.0,-0.0,-0.0,-0.0,-0.0,-0.0,-0.0,-0.0,-0.0,-0.0,-0.0,-0.0,-0.0,-0.0,-0.0,-0.0,-0.0,-0.0,-0.0,-0.0,-0.0,-0.0,-0.0,-0.0,-0.0,-0.0,-0.0,-0.0,-0.0,-0.0,-23.83076131401052,-0.0,2756.522472066081,-0.0,-0.0,-0.0,-0.0,-0.0,-0.0,-0.0,-0.0,-0.0,-0.0,-0.0,-0.0,-0.0,-0.0,-0.0,-0.0,-0.0,-0.0,-0.0,-0.0,-0.0,-0.0,-0.0,-0.0,-0.0,-0.0,-0.0,-0.0,-0.0,-0.0,-0.0,-0.0,-0.0,-0.0,-0.0,-0.0,-0.0,-0.0,-2552.700750121568,-1772.9013284533457,-0.0,-0.0,-0.0,-0.0,-0.0,-0.0,-0.0,-0.0,-0.0,-0.0,-0.0,-0.0,-0.0,-0.0,-0.0,-0.0,-0.0,-0.0,-0.0,-0.0,-0.0,-0.0,-0.0,-0.0,-0.0,-0.0,-0.0,-0.0,-0.0,-0.0,-0.0,-0.0,49.15107552957269,-0.0,-0.0,-0.0,-0.0,-0.0,-0.0,-0.0,-0.0,-0.0,-0.0,-0.0,-0.0,-0.0,-0.0,-0.0,-0.0,-0.0,-0.0,719.9916383969431,-0.0,-0.0,-0.0,-0.0,-0.0,-0.0,-0.0,-0.0,-852.7344995530241,-0.0,-0.0,-0.0,-0.0,-0.0,-0.0,-0.0,-877.2196221146422,-0.0,-0.0,-0.0,-0.0,-0.0,-0.0,-0.0,2868.3135293647088,-0.0,-0.0,-0.0,-0.0,-0.0,-0.0,-0.0,-0.0,-0.0,-0.0,-0.0,-867.9995439658553,-0.0,-0.0,-0.0,-0.0,-0.0,-0.0,-0.0,-0.0,-0.0,-0.0,-0.0,-0.0,-0.0,-0.0,-0.0,-0.0,-0.0,-0.0,-0.0,-0.0,-0.0,-0.0,-0.0,-0.0,-0.0,-0.0,-0.0,-0.0,-0.0,-0.0,-0.0,88.92417699932628,-0.0,-0.0,-0.0,-0.0,-0.0,-0.0,-0.0,-0.0,739.1674205675572,-0.0,-0.0,-0.0,-0.0,-0.0,-0.0,-0.0,-415.4339405651683,-0.0,-0.0,-0.0,-0.0,-0.0,-0.0,-0.0,-0.0,-0.0,-98.86582998594805,-0.0,-0.0,-0.0,-0.0,-0.0,-0.0,-0.0,-0.0,-0.0,-0.0,-0.0,-0.0,-0.0,-0.0,-0.0,-0.0,-0.0,-0.0,-0.0,-0.0,-0.0,-0.0,-0.0,-0.0,-0.0,-0.0,-0.0,-2180.1400383805535,-0.0,-0.0,-0.0,-0.0,-0.0,-74.74359758554684,-0.0,-0.0,-0.0,-0.0,-0.0,-0.0,-0.0,-0.0,-0.0,-0.0,-0.0,-0.0,-0.0,-0.0,-0.0,-0.0,-0.0,-0.0,-0.0,-0.0,-0.0,-0.0,-0.0,-0.0,-0.0,-0.0,-0.0,-0.0,-0.0,-0.0,-0.0,-0.0,-0.0,-0.0,-0.0,-0.0,-0.0,-0.0,-0.0,-0.0,-0.0,-0.0,-0.0,-0.0,-0.0,-0.0,-0.0,-0.0,-0.0,-0.0,-0.0,-0.0,-0.0,-0.0,-0.0,-0.0,-0.0,-0.0,-0.0,-0.0,-0.0,-0.0,-0.0,-0.0,-0.0,-0.0,-0.0,-0.0,-0.0,-0.0,-0.0,-0.0,-0.0,-0.0,-0.0,-1516.4733681202354,-0.0,-0.0,-0.0,-0.0,-0.0,-0.0,-0.0,-0.0,-0.0,-1901.2157007455764,-0.0,-0.0,-0.0,-0.0,-0.0,-0.0,-0.0,-0.0,-0.0,-155.5004734418695,-0.0,-0.0,-0.0,-0.0,-0.0,-0.0,-0.0,-0.0,-0.0,-0.0,-0.0,-0.0,-0.0,-0.0,-0.0,-0.0,-97.62274992964385,-0.0,-0.0,-0.0,-0.0,-0.0,-0.0,-0.0,-0.0,415.11097125563674,-0.0,-0.0,-0.0,-0.0,-158.53422375769375,-0.0,-0.0,-0.0,-0.0,-0.0,-0.0,-0.0,-0.0,-0.0,-0.0,-0.0,-0.0,-0.0,-0.0,-0.0,-0.0,-0.0,-0.0,-0.0,-0.0,-0.0,-0.0,-0.0,-0.0,-0.0,-0.0,-0.0,-0.0,-0.0,-0.0,-0.0,-0.0,-0.0,-0.0,-0.0,-0.0,-0.0,-0.0,-0.0,-0.0,-0.0,-0.0,-0.0,-0.0,-0.0,-0.0,-0.0,-0.0,-0.0,-0.0,-0.0,-0.0,-0.0,-0.0,-0.0,-0.0,-0.0,-0.0,-0.0,-0.0,-0.0,-0.0,-0.0,-0.0,-0.0,-0.0,-0.0,-0.0,-0.0,-0.0,-0.0,-0.0,-0.0,-0.0,-0.0,-0.0,-0.0,-0.0,-0.0,-0.0,-0.0,-0.0,-0.0,-0.0,-0.0,-0.0,-0.0,-0.0,-0.0,-0.0,-0.0,-0.0,-0.0,-0.0,-0.0,-0.0,-0.0,-0.0,-0.0,-0.0,-0.0,-0.0,-0.0,-0.0,-0.0,-0.0,-0.0,-0.0,-0.0,-0.0,-0.0,-0.0,-0.0,-0.0,-0.0,-0.0,-0.0,-0.0,-0.0,-0.0,-0.0,-0.0,-0.0,-0.0,-0.0,-0.0,-0.0,-0.0,-0.0,-0.0,-0.0,-0.0,-0.0,-0.0,-0.0,-0.0,-0.0,-0.0,-0.0,-0.0,-4596.861161173128,-101.18792794107951,37102.439483953036,-4265.17504778116,-4245.658868721104,90273.39311047459,-0.0,-8304.750431341134,930.9340487530372,2139.7086285871987,-27264.82985408231,-0.0,-5736.022374346592,-0.0,-0.0,25235.64922312279,-14220.212612201005,3291.5947401633443,7362.643368046939,-4422.5288756172,-26786.939702674594,-9875.090722284862,59.47375668975179,-105.29985020473198,-6826.145614588516,-0.0,-13327.638264777928,-19904.70838037171,15638.707861547633,-145.73552424678385,433.15158202988914,51575.07534945354,-2602.2428618193876,-111703.08332545953,-3545.608921454143,-26112.96768156404,-17540.14453534506,-5686.174585791347,-7034.6684548901585,-17624.01199452279,14659.824562226813,-2483.6317937521435,-3954.18606188926,-3769.1839056390195,-12779.763348061593,7350.938432350458,36663.92142418972,-863.182931939111,-203.63786832024385,22963.21423766139,3819.4037281384003,-203.9344061234797,5817.762211015101,6433.728802199133,-6268.645943828635,-8222.655808519286,-3624.251798892392,445.60149903990526,-0.0,-0.0,-1402.6872498438677,-8687.542870181114,-4280.513166349914,-3696.0630322748043,-519.7089242931606,-5483.619820370889,12620.83955797559,7003.232586935322,-8942.867771818917,19256.19556835377,-21398.979920380163,-35012.999122928166,79105.8251965948,-25321.699545006937,-8874.235665566115,-2107.304033434637,-3513.5320237543733,-6949.1949239821015,-4328.841109038188,-35815.217486331,-0.0,-15543.195888007465,-0.0,3930.135221838501,-0.0,-0.0,-14795.405222441012,-1551.9197911054914,-0.0,-0.0,3962.758107397876,-0.0,143.7806755670722,-0.0,-6764.384091834565,-4950.725803134475,-8517.401482178495,-9397.158189352709,10167.389174299764,-0.0,-31934.976853825257,51038.79806173632,-0.0,-0.0,-21809.267695358478,-9758.725465941487,143.9926721000633,616.1809688977664,-0.0,64830.09360972952,-0.0,-0.0,-0.0,-0.0,59625.09767867902,-1638.2879312363118,-0.0,-14048.341094647087,-0.0,-5894.500693583778,-1017.415500234704,-2933.337405420362,-17044.995460164224,10008.442697267532,-1107.9877422927905,-10126.606949994957,-0.0,-0.0,-7254.521188266604,-7780.568686536234,-13685.2660470903,66204.63595643255,-0.0,-235.7972100267367,15014.293497022783,4632.371202557392,-3060.089223115115,754.4839932785893,1898.0767516771598,-4154.138220920096,162.84619555917078,-20473.267973106857,910.6272269027107,15003.23849198343,-732.1104871053087,11292.995574772374,51332.16992211997,6098.861757735427,1170.3038031634994,10521.345393183701,-2231.250701553052,-8522.941849791936,-9775.203109803488,-17249.860102222643,-0.0,3150.17252018988,15739.000353845808,14189.639614620308,-8964.139935766527,6568.418920369952,4023.361875749858,-9948.806017537276,24470.87634873004,-16004.39106683012,-0.0,5934.800566719195,-13020.939555068737,-17059.422906130345,-8221.666932686165,28516.408095745028,2351.394684371692,-0.0,-5811.448811581042,-0.0,-2690.959793840693,62.52168410359405,-3870.846882678473,-909.6119056041134,89.9373811482427,-213.16529035174023,-24265.91054585261,-15417.97451109935,25504.361993156366,-8589.718393295692,3796.8371646361293,9287.860373640977,-8345.260314858459,-5402.732095015107,-15122.635208200452,-0.0,-2204.891702044007,-2264.7005639268427,-0.0,1271.7665706170676,-3462.3599927002724,-0.0,-0.0,-17678.577543263596,-3540.011112407071,4307.5359748255105,-4211.763738033794,-0.0,-0.0,-0.0,62907.94330778255,26052.248666730557,-0.0,-1546.6182426273401,13460.629443214566,-0.0,-4570.611880328342,-3143.818905990403,-0.0,-5669.185206982699,-8459.24471113867,128837.74953958181,-13632.634506105824,-9867.342828695659,-34148.3762995344,-0.0,2799.3654792435104,2521.9942533323197,-11146.259759713028,29153.354354059982,-8988.699386174569,-50142.44261986305,-16909.143187614995,-11310.766704721376,-0.0,1426.8720912504978,-5419.269809051559,23401.68587392602,-2414.616698593955,93.5462682471952,-13172.869043326513,-10301.699749487821,33769.27191836684,-0.0,-1745.6043507100726,134.55106169259145,-0.0,-0.0,-0.0,-0.0,-0.0,-0.0,-0.0,-0.0,-0.0,-0.0,-0.0,-0.0,-0.0,-0.0,-1422.3312281942378,-0.0,-0.0,4677.488610516115,-12974.663096045782,-963.4110103891119,-10313.74682430498,25295.7720762032,9837.536380213392,-4209.750663122698,2567.1621988996553,43806.82388852181,-0.0,-0.0,-4248.097567818328,2904.0040963624792,-7282.186117677413,-9085.575081635783,-0.0,-221.3657078482162,10337.473369649233,-4711.744842033147,-1026.0406653863984,3378.6109797478734,-30727.727613492556,25576.678253944734,-5349.4855160300485,-2354.372712217144,15424.543647834123,-0.0,-0.0,-0.0,-0.0,-0.0,-0.0,832.7966647501054,56890.01034378876,-10514.899127811443,-8233.25370274846,-13676.89576008702,-0.0,-11292.66378966247,-13844.774197681689,-0.0,-0.0,-0.0,630.7038303194769,606.2589644081645,889.6812362705306,3268.730856126429,-0.0,2862.34782157406,1055.5450909175622,964.1241545332032,850.5117232733116,888.0028211839433,3603.568629481024,1903.401946604437,3591.3603529265433,2847.1130504726266,3148.763297606869,3471.033847091099,41254.134364152174,45194.00846306009,42736.76675144414,38720.6878362571,7376.824598685999,7311.8462386767405,8434.497897493477,10450.659177776193,5142.410294902376,2217.2818348429537,2335.4934979925174,2349.0800085667247,2205.1182816680407,2327.6996957813526,5409.661562042901,3380.579136369663,1434.0310291675373,1378.7453215673904,725.8657119190826,423.72151786773327,513.7633516717482,37309.60530586789,40463.6277651381,42948.58890262284,39486.15299554221,60988.87180246245,64205.90002887259,1444.2888446256623,1432.822838815042,1441.3633296665628,1221.7869060531993,1363.933232002575,1422.81124203321,695.9130470638902,53432.140212071245,57071.82895143111,58246.193673308284,2965.199021975508,-0.0,7657.375666071943,43621.41117116694,39363.150612770194,39820.81482549812,65719.07801429674,72128.92998944427,74066.4376740237,62242.295013472336,2925.672908178527,2582.8069273718925,5406.712812783418,-0.0,21596.413197638165,25149.67406632541,-0.0,527.8997508474479,1099.4289314417763,1727.1724117355955,1582.4154315747635,1838.4551415248472,1629.2985990265606,1881.7911066192755,1527.1844053996033,44729.26213200365,43359.672750663034,42582.340305079946,40141.4196906481,1169.9070440674948,1337.5756511081488,-0.0,-0.0,19052.890322230745,43152.79866765162,41509.63431401838,38755.41383975865,37401.8745382272,-0.0,54068.440764055566,58102.68041557694,1185.028608146982,2335.6202703522235,2565.546893442258,2736.3976973256845,2461.4268091140484,2422.7582691905245,59031.74928927412,55680.49127675717,-0.0,-0.0,18559.3335957454,971.2144147711773,1170.6224290652583,44026.08744780261,41644.75609433751,37510.721458387074,39743.56206816075,37875.51003527797,40260.964294775884,-0.0,17593.72752269611,11186.125686332985,-0.0,-0.0,1397.0670740577652,1534.7547865038262,487.91516402155884,436.6386966433369,357.4761955647903,359.3963102546386,-0.0,1278.955815802213,1219.3632967932776,1172.3586802437028,1336.5060509766581,-0.0,1626.733018141962,1696.3490616418592,2147.304479448327,2295.7618077426346,2294.858185665459,2247.896257019846,836.1902524640784,1019.2765712075853,932.609043599829,1399.4447046461319,986.8233538173786,886.069429281778,946.1300441279423,955.0184237091972,9016.47896522127,10236.332336616888,46.16361520281765,80.35110282839734,3760.8865640364825,17700.40577541396,1129.2128588814976,1084.2540058381337,-0.0,-0.0,7069.6309526010655,7164.957141832627,7028.247706816609,6954.12027588994,1480.978921267794,1601.4062247126633,42266.76487520733,43035.61884913869,9362.854830817172,8188.055697994114,-0.0,58561.25937635509,2387.84411020713,2244.5731904315426,1222.7566280399726,60845.858233122555,64997.07595787927,62892.51912079197,57999.39698854988,475.92675323298045,65430.0318456929,61577.5531840319,-0.0,-0.0,21325.42034287062,-0.0,770.3717391840496,785.2992256691897,697.897703328953,1862.6614054060526,10419.25796714835,24539.761732717212,1585.6988189267006,1712.5385638409218,57.21352848427807,748.988020014497,749.568278283274,16644.356194593096,1682.8689637125506,-0.0,-0.0,-0.0,1209.2710072747518,-0.0,1288.7473921267895,-0.0,4757.308003786737,1112.3783052464519,1253.605206227526,1186.8903882905756,752.301886048138,727.9761972502533,686.314337760691,1671.1231919387076,1853.334289074913,2011.0164056289664,1209.731726163829,135.90114185213457,5532.016028529669,58419.58938339575,63391.025595380124,11431.90675822683,23022.301708945164,17336.490377516922,18116.424272566805,2227.5524023900507,2032.2473720786263,1601.8157009534214,1600.9862561734412,873.9661525994426,1056.9434367164588,2614.048475470737,39442.80862412273,42398.73039290825,1501.2176385890498,1535.7753801935924,1486.1748067579772,2550.2206672302264,2721.5888442312507,3113.2426694153146,43379.337981544384,38832.14343603073,38573.98312361427,42242.00176239578,-0.0,-0.0,-0.0,2605.995692344981,2892.4041091053987,2514.130686032379,7762.5247197021445,6775.061036527068,7327.7579532196905,1997.8152245208164,2105.6207433654654
20,-0.0,-0.0,-645.6619559220579,-2053.506258626421,-482.5386407099983,-570.3134583266249,-56.003387119637075,-1061.3567776109555,-724.145510159055,-0.0,-1531.1028442675965,-0.0,-0.0,-2260.3414380365143,-0.0,-610.8339073540317,-455.8418107140825,-0.0,-0.0,-194.14339058210183,-276.70656641563596,-737.45845663011,-1170.8379421700156,-751.5324688507353,-2210.154804845658,-1364.9048553595994,-0.0,-0.0,-3079.919789073525,-1858.7265331647488,-0.0,-0.0,-0.0,-0.0,-0.0,-0.0,-115.16199212557194,-333.06526888408655,-1785.9958061672028,-1443.8795296170595,-0.0,-0.0,-141.28913699559183,-752.2073777947917,-189.23710861004983,-0.0,775.7313569919079,-1757.0798076758003,-430.6804864149815,-0.0,-0.0,-394.1912644459987,-4.8389607449270695,28.720137341277823,-2075.207417745304,-3579.037584621187,195.9900858746273,-6128.334638100021,-255.45431435037287,-0.0,-1734.6659002241552,-0.0,-696.1636130189041,-2654.7354217611946,-568.3928591962188,-673.1421686514275,-43.38679910343745,-2439.7877820154745,-809.9066440223303,-569.4047471582263,-3272.0912675224813,-0.0,-0.0,-2451.4100441501723,-1090.382533219523,-422.31861949283376,-2036.1741469460947,-0.0,-0.0,-1596.8797710238289,-1719.6175269728965,-505.13211352351675,-4177.792073180236,-68.49236382982119,-80.58959934239522,-1847.223536989276,-0.0,-655.8794738918651,-1098.8250872440592,-18.852739402292674,-0.0,-1580.021050671534,-90.528033943406,-693.5580120872714,-2427.6515114671624,-56.793734527718925,-2439.4109963251544,-373.4110468258836,-1548.6509796996147,-2840.5194418536144,-791.6675805635001,758.5732956467272,-599.7150683882016,-0.0,-1786.5037456886962,-2552.3609687629737,-4616.1922904869725,-608.2432168651259,-3041.201368900591,-0.0,-1624.6185459476756,-0.0,-0.0,-547.4543005565806,-0.0,-0.0,-572.8397097855532,-85.92209278285485,-1789.2131141061884,-904.850926231296,-1099.10223598752,266.9197236145671,-484.33390414962685,-388.29010665114356,-442.89840316751815,-16.500169284366784,-482.06213279137563,-565.0241581922741,-845.2225639172478,-0.0,-5544.65195543448,117.3809709710315,-104.63282031617862,-4863.282648888874,-0.0,-1100.387167144348,95.36023408589345,-0.0,-702.1163481488626,-0.0,-0.0,-562.1379321631673,-0.0,-370.0958322677041,-1041.8703927556226,-0.0,-1157.3172529415176,-298.73940145829573,-771.0903487957353,-2384.335711528691,-0.0,-1861.5619053693777,-1115.0043998631363,-0.0,-0.0,-0.0,62.955197204184685,811.4732308520842,-0.0,-1695.8004784642803,-2017.0339629347616,4.855530026480634,-0.0,-0.0,-526.4660401362946,-384.9802062679163,-411.05720812936215,-0.0,-419.66797597277304,-3423.8797932754082,-1255.8471524589006,-0.0,-1356.25529118035,-2510.070665947212,-0.0,-0.0,-0.0,-0.0,-0.0,-0.0,-604.3488407901397,-742.1660967336909,-295.09805772868367,-190.37611326564672,-1158.30491740278,-17.663845891535683,-0.0,-0.0,-722.9124383287991,-0.0,-699.2774860737885,-218.62720111121627,14.770295480191077,211.64346293779312,-0.0,-0.0,-1141.643442463819,-441.25792435605325,-559.4965590782456,-0.0,-3000.1977846108257,-2366.406192647784,-1001.3017829899039,-0.0,-0.0,-2392.2109595485795,-1425.080706239798,-771.2559900766574,-28.429341787701084,-1733.313652685239,-1399.2190920777816,-0.0,-0.0,-2031.0866615405323,-0.0,-1008.2528182707239,-1180.9259458013057,25.434839471981757,-561.4917224555525,-622.9097798707481,-370.5503665753668,-0.0,-1925.6223655959584,-0.0,-3242.9488216008476,-2750.699802515437,-216.8442453817509,-542.941742351294,-517.6787102769712,-0.0,-326.1121497118885,-233.51516838309536,-0.0,-1129.2997752294643,-636.625122639564,-1087.713244729814,-1939.2592577233406,-1066.9926271673748,-2319.5607732620897,-1915.4474386401837,-2586.3169235535875,-2560.1680394258497,-1203.5700197062629,-2370.670417002343,-615.6499711872248,-471.3547356590213,-0.0,-1462.8798586357173,-961.6411799547424,-1177.767328397184,-507.76227734405603,-446.0490265228897,-2429.9795698121193,-731.8140579390156,-494.0505970281703,816.9232237330546,-0.0,1234.7689896381173,-1600.0308476930627,-0.0,-0.0,-0.0,-0.0,-0.0,-0.0,-1460.8989134910944,-3199.562695962709,-551.5382967416699,-1058.5163589075594,-0.0,-0.0,-2114.7326981118695,-1473.2876059772261,-2196.090959383252,-0.0,-0.0,-74.68263348686796,85.10006930356666,-515.116933035527,-2207.0887263070354,-527.1476668919684,-0.0,-473.03374959944625,-802.6638330009858,-14.133050686617821,-1371.8787991263478,-1248.383827105804,-1674.5197403578752,-1232.3049241440228,-164.16330291070008,-700.7084406981592,-0.0,-1818.2709085424362,-0.0,-1054.4200373686685,-137.67110077677043,-44.68913432412544,-598.865995613683,-0.0,-2608.3225849601167,-137.20390179261,-698.0975721427128,-1725.948285108271,-1511.9541420194655,6.994952760795352,-579.7101950096662,-883.7619669398083,-27.110280665993425,-326.1806017406463,-500.6348619713354,-69.75937060374488,644.4988436420497,-1398.3864786425008,-0.0,-1037.1102926417766,-1365.4127417560398,-0.0,-624.437061390531,-0.0,-1716.3301299051454,-0.0,-0.0,-0.0,-1294.5009265837675,-928.8988315709087,-448.7331810943985,-0.0,-1562.7550972000793,-3440.496802472899,-3998.901393970295,-0.0,-398.63606775988734,-0.0,-312.6325256059239,-398.07220292160775,305.8888787242854,-619.8901944659103,-0.0,-627.5129157367378,-1049.3049383750417,-305.2066584786785,-569.0233301352484,-0.0,-505.1415247575394,-1298.227813716547,-601.1311435541181,69.02084557764752,-2692.242528232855,-0.0,-0.0,-1199.506153436012,-530.6419345794357,-1333.2567625201193,-78.23202416768841,-144.77935309175143,-254.64747743959035,-690.8216407420521,-1046.372140195246,-1578.5442966234223,-2590.2791129122265,-0.0,-0.0,-399.4661642000548,5395.8241931025395,-0.0,-0.0,-0.0,-0.0,-0.0,-2768.7084293381317,-554.507671751125,-0.0,-1185.3600686569303,-1186.7775841462114,-671.9739140034885,-2436.216320231571,-198.8294765774015,-1339.948968404778,-0.0,-0.0,-2302.1111615783607,-700.4168657290265,-2032.9296883454472,-756.9292674264366,-658.3675531257768,-1853.220916876847,-282.62119072719815,-2028.357600059247,-1177.0074426270965,-126.18032592672783,-942.5265900027077,-1373.1364336289123,-235.8652527597349,-247.78885877693332,-2050.7597935545045,-0.0,-545.2574113122434,-299.62182250899775,-163.85518082307084,-850.2834444954586,-244.68590471711428,-1013.7967465272079,-838.1908691008995,-1398.2636662811178,-335.98340296590374,-2859.9991310278983,-25.561235729469704,-679.9508283462014,-0.0,-976.9669279515225,-725.6627939182043,-1071.9803682872769,-1212.5136886305784,14.420096404523429,-407.8213806794297,-894.4252455322091,-894.1889387307878,-398.5981289651733,-1156.0272083209886,198.32041703321497,-0.0,-0.0,-0.0,-0.0,-0.0,-0.0,5.003468871242364,-337.3444372549454,-2659.8522350454655,-4815.427803144486,-540.4496069884276,-1166.3569477223489,-157.70121216765958,-594.0909154868992,-1526.558671043367,-1253.6653933521538,-89.11557711982742,-499.01416090320095,-538.3169184689285,-0.0,-145.6685280399462,-1157.3487707810477,-717.7352798009742,-0.0,-1476.1943621265555,-0.0,716.6804507865218,-0.0,-0.0,-0.0,-29.838650682728904,-0.0,-0.0,-1088.7789022005286,-472.5202015314167,-1246.775489339552,-0.0,-0.0,-0.0,-989.5590404021643,-625.0089178110026,-1520.7550619349506,-0.0,361.89623871018927,-0.0,-0.0,-3278.0225212268197,-1524.0129948206634,-14.060059202643147,-0.0,52.32770173075701,-20452.180887882885,-19670.54690329392,-2821.118929934738,-0.0,-0.0,-0.0,-0.0,-339.1050485802159,-0.0,-0.0,-768.3240178776232,-2731.2196139083494,-2374.4580767694333,-1653.7015373116424,-452.2011348666734,-2001.21637627409,-50.10299248716023,-1765.904953606752,1078.6928092677294,-0.0,-925.3819657848613,163.9232277908665,-0.0,-0.0,-0.0,-0.0,-123.69069941827983,-0.0,-0.0,-0.0,-862.5042904332576,-1751.4852139551635,-0.0,-0.0,-682.1346306303062,-2294.346174831052,-0.0,-1561.7741453084611,-1910.6775408522853,-1995.4345432712023,-0.0,-0.0,-264.49945018687026,-83.74483160155756,-1200.5963651358136,-1656.8099276674402,-556.4048472996357,-1557.6940516848736,-1352.35070074673,-0.0,-0.0,-0.0,-0.0,-425.86760667912023,-100.79108491365699,-0.0,-0.0,-208.2865625867171,278.2239585075848,-0.0,-1299.1126676839383,-1223.7514191221444,-1214.7160643652826,-0.0,-0.0,-911.8729688109225,-1435.5210229771133,-831.7642142644734,-457.20465346994473,-0.0,-2555.8080133209173,-2583.539097654499,-0.0,-0.0,-0.0,-0.0,-0.0,-1560.3576988756251,-0.0,-2318.541533250192,-1259.6667788341767,-87.44187928334064,-0.0,-0.0,-0.0,-2906.096771537738,-1695.745313473783,-624.4999506603073,-585.2094941664191,-1179.6434278141096,-886.3612736555363,-0.0,-0.0,-582.8538688856614,-1436.8970329160095,4.803183368617244,-632.4521660887011,-0.0,-1145.7570809948056,-897.6559447314443,-1762.964517615152,-0.0,-279.1102443258954,-268.6048551685648,-346.87538657569996,-1608.2885404806918,-112.868179419345,-0.0,-0.0,-0.0,-0.0,152.56630626473364,-173.33095756292806,-868.0290226736854,-1620.0774830557964,-1391.0024021978898,-609.7417657267686,-632.8282345615876,-9907.50190150891,-1068.1054767120763,-620.1969166787445,-0.0,-0.0,-0.0,-374.78844329860715,-417.80637917658794,-1260.8503785442329,-368.9419893186348,-0.0,35.10857632266024,-0.0,-0.0,-0.0,-0.0,-0.0,-0.0,-0.0,-102.78523445336427,1858.8111604174371,-0.0,-1520.9690712384665,-646.9693583343623,-468.59454959896397,-2047.8980190445554,-0.0,-0.0,-662.8890367212686,-799.7803738570743,-131.25828875186724,-149.35523966445984,-0.0,-699.6924370582275,-196.9698783097765,-2145.9827711736616,-421.4756296351485,-550.9825385905435,-0.0,-0.0,-1457.5719977968593,-2574.9509798984946,4.181747446816047,-610.087596362064,-459.11701313902336,-1149.8058356372821,-1473.6424433376844,-858.3042227910023,-336.0990740272145,-189.31850624435322,-1604.7202658752517,7404.963490177594,-0.0,-636.4725012567967,-682.9941654645127,-1289.6577579873217,-1272.3133703684514,-1226.3646820478118,-2036.2827255053085,-1952.1342958010796,-653.1083075592614,-0.0,-0.0,-1922.7906777825813,-0.0,-0.0,-443.4399783491864,-1996.2422233328525,-1649.0607731093921,-289.5283802586298,-134.02847374427657,-2105.2585412615413,-0.0,-1524.8535156527971,-0.0,-0.0,-0.0,-0.0,-0.0,-0.0,-483.2587978619252,-1650.2488602309163,-1120.9437738420686,-87.04279969879073,-266.48103021506415,-571.2012751063045,-206.99964802745635,-0.0,-0.0,-542.2593991656456,-679.1853479396457,-4066.6701315500036,-0.0,-1378.1738663718618,331.77505131052055,118.91579766473443,-0.0,107.74847282206048,-176.45709132100646,-108.3122098804168,-560.6048535823264,-0.0,-1778.1052940851798,-0.0,-0.0,-1567.2247216635956,-0.0,2483.6126700698305,2425.6717309640203,2404.541225651491,-0.0,-0.0,-2047.0590417577448,-0.0,-0.0,-332.5652204284944,-976.5216953451037,-901.3087221273651,-1184.9114295828504,-1154.125622981643,-0.0,-0.0,-0.0,-17.313757037029895,-823.127060580936,54.840000303955875,-80.42427570071581,-1261.7057271316178,-1046.9569252906954,-432.5866815988206,-1566.638892583891,-0.0,-2038.7902910157509,-1294.66707764052,-1801.901016774783,-559.4083107398442,-576.9711886409411,-0.0,-1543.3682630763606,-933.9107372488104,-997.6387171117125,-2270.9179120200297,-577.2231484776015,1319.3538433235376,-4.707281057601032,-429.7558159515128,-1361.4322488959176,-0.0,-1767.5229374500843,-3647.5928467721915,-530.2226187008886,-588.3878405915522,-0.0,-0.0,-0.0,445.77881559709925,-433.4899022077061,-545.6633605262076,-195.35873714392065,-585.6174151571777,-473.8860530896741,-0.0,-471.5045307349961,-1128.3757743896806,-838.9700494748275,-0.0,-2204.6120797211565,-4512.976815525176,-0.0,-0.0,702.5622085921833,736.5548314911694,-0.0,-0.0,-802.8970575669942,-906.9404139911622,-441.39455066148366,-742.2535524175082,-0.0,-0.0,-0.0,-0.0,-0.0,-3240.116646908107,-449.3940555991467,-1908.5636187078376,-1163.3354015197028,-0.0,-336.0557579345182,-919.2988343638731,-0.0,-373.08677081445387,-894.6155829805871,-1202.0951329759248,-5171.557358745342,-46.3033691976975,-0.0,-0.0,252.1527936890118,953.8572071889823,-0.0,-0.0,-450.2932015254202,-0.0,-36.315934943960826,-0.0,-2866.223329227559,-0.0,-472.47104376564823,-0.0,-0.0,2182.5243673682153,2482.7566529166274,2030.457828644044,-0.0,-0.0,-495.21869206072915,722.8359043235776,-2621.5434486856425,9.995443822767541,115.20195626334284,-2878.2740693159,-61.123738627307986,-166.38669539576998,-725.0866344121343,1042.2406177234118,3641.9989000767855,-3160.7981787066346,-0.0,-0.0,-1045.712744168126,-1748.9183108504417,-1550.832773260342,-287.99024866718116,-79.8344306123605,-0.0,-0.0,-0.0,-0.0,-2359.228894677573,285.47708124516816,-0.0,-13.33376539192649,-0.0,-1862.9204394018836,-2034.1350635648682,150.74854598814218,-0.0,-0.0,-332.0647581474119,-0.0,-1913.6220569577483,-86.19203557703904,-1200.9640201223588,-425.9740149265637,-1378.384755494771,-745.0766907166446,-1116.0721158040215,-715.8737779918229,-0.0,-0.0,-0.0,103.45179930909241,-0.0,-0.0,-318.8779263221452,-493.26922384915827,-764.676522737958,-0.0,-1552.0845894935449,-1196.5137324572668,-922.1646039293306,84.8520739531859,-443.3788492534299,154.58767974303203,-359.95402244748806,-0.0,-0.0,-9.431575077308098,-2039.563963014917,-698.2235021204766,-1089.7455851116042,-161.9431210796648,-2227.5124457551615,-2037.122025758105,-1193.0283528978366,-1231.9422327220746,-119.96039408207298,-658.9284045254141,-775.783627203023,-1208.112650251756,-2863.246938997278,-0.0,-1939.2604913039816,-167.70586347725708,-0.0,-2478.86352508598,-3255.141182782796,-2473.5017084332876,-290.9080640716618,-0.0,-1657.4343000064864,-220.31572662851386,-1357.511142055486,-773.9799866573654,363.19647690250116,-2023.9921536625363,269.8559182581435,2376.235534285028,-0.0,-243.7741796288837,-526.7325660273646,-975.2900147014092,-1369.8957328948022,-1906.9490897377198,-4832.26296645222,-0.0,-451.6858609557877,-1477.2900564090571,-771.4842817683297,-273.5936745235904,-31.062172150959032,-362.99518617465566,-0.0,-0.0,-0.0,-0.0,-278.8882145291835,-1369.5127944477474,-988.1122652288707,-58.95226136992686,-19.013862995598906,100.39038139212434,-0.0,-0.0,-1235.162133005068,-575.2249969232091,-0.0,-2503.3417234671756,-32.261480989270076,-1444.1642067857829,-0.0,-251.62223150450396,-207.2931182540687,-0.0,-0.0,-562.1217496469659,-0.0,-0.0,-5789.69523722521,-221.76870443198493,-2396.5214864835657,-9.961872775487972,-0.0,-149.4039661630827,-1410.98892934517,-727.1255188714483,-342.84944183716925,-1591.077184208919,-0.0,-413.50844971005495,41.94552784866352,-636.6862238817741,-0.0,-0.0,-44.63842734796767,-74.91629800320376,13.428951474089883,-444.71596904966265,-1554.8163296593802,-1797.7680286187642,-0.0,-0.0,-0.0,-8.69451093573771,-344.81394114340793,-0.0,-1580.7452313254028,-2895.6106073489523,-0.0,-0.0,-26.211835122207503,-1711.5958661156715,135.2291817041725,-0.0,-0.0,-0.0,-0.0,-613.4736123005656,-2532.097156107163,-678.494500521142,-1368.972861143138,-0.0,-0.0,-742.3896908405305,-553.2929967798843,-430.11784877887976,42.56034609579643,-0.0,-0.0,-0.0,-908.4580504896246,-796.2914443285739,-556.5466041197784,-395.8791762758964,-0.0,-0.0,-0.0,-0.0,-2405.240066999421,-89.79293752497114,-84.45878069701993,-0.0,-0.0,-756.1678775360938,-484.6890979184481,-0.0,-2147.622514740618,-5691.712051205265,179.70667956238302,-1189.400839437621,-0.0,-0.0,86.94121494211166,-715.8276359745431,-1920.4158591096275,-553.3852759538858,-2773.783257680546,-1260.4083379943975,-910.4570941243702,-1650.598499831545,-0.0,-0.0,-0.0,-43.05478585071729,-1243.4185559256885,-0.0,-0.0,-3741.6740158280845,-91.28601685571802,-1577.4757336936966,-836.9917693650535,-0.0,-0.0,-0.0,-0.0,-0.0,-0.0,-802.6537509127259,-0.0,-1803.8353822643176,-0.0,249.6312782505578,-1250.125032254933,-0.0,-0.0,-0.0,-2886.2097448664554,-0.0,-0.0,-446.8558441663487,-0.0,-0.0,-1089.759230519903,-702.3408172526832,-0.0,-0.0,-226.48421522264695,-2226.0015180561873,-0.0,-1442.2976107048596,-522.4345161530418,1339.627654470622,-257.2633134795649,-0.0,-554.569547026951,-206.45644911306616,-0.0,-21.600125526295525,-0.0,-352.84650024499075,-0.0,-0.0,-0.0,-0.0,523.870930943691,498.21394128959724,-959.3634944595946,-2000.6376984077747,-0.0,90.07720292153604,78.57975733864616,-87.4443572298976,-936.0483310693542,39.53103418913283,-546.207218425167,-423.22218862935244,-268.58405919203227,-3855.3841370022374,-0.0,-267.05846934686645,-1723.120123075504,-2579.8735626104453,-0.0,-1152.0679414086178,-1601.6855351966253,-2300.751066593115,-838.8224199478719,-0.0,-994.9593301904853,-821.6969354469202,-888.9919348050219,-1654.449067076702,-1103.0056737802845,-0.0,-143.75017678195573,-1396.9498951825456,-0.0,807.7603643803523,-585.4179071146633,1184.1198189970535,-0.0,-0.0,-18.756564164431296,-671.5996401652546,-2710.1578169288987,-1132.8564001388932,-0.0,-935.6888151474399,-3383.461184650548,-1083.9948140633783,-975.6244212586763,-1285.13287380287,-538.233043276131,-39.711510946347026,-0.0,-0.0,-0.0,-1219.8505107073524,-4.800621876820233,-0.0,-0.0,-2147.985843120808,-920.2942559293182,-592.1801943998084,-1844.4264634855865,-178.67226850446468,-36.78848723850784,-2570.0296664014863,-875.2827005971214,-605.438568093005,-1447.978105491449,-0.0,-2856.665195940205,-443.8073019596797,-1258.7484656508295,-1671.4741080115307,-399.1871783570489,-584.5971808286747,-1646.8488730829488,-467.4434802841085,-0.0,-0.0,-0.0,-1503.840503142177,-0.0,-4305.961893802322,-1285.8951139592677,-1557.8491551279685,-0.0,-0.0,-0.0,-0.0,-0.0,-143.33441497798356,-0.0,-292.2275219786088,-1063.2862521779525,-401.56194385739656,-0.0,-0.0,8.304695809608582,-0.0,-0.0,31.385495420820867,-288.04427478617595,-0.0,-553.7768295353483,-0.0,-0.0,-89.0753696642756,-0.0,-3244.6814629529476,-2517.960080480546,24.742536898436775,-7274.97264167629,-1095.8672740009677,-713.2711224758482,-0.0,-895.7735924754643,-1447.8186540139707,-0.0,-0.0,-0.0,23.604616891119633,-0.0,-1246.2048016600618,-0.0,-1756.316539152573,-0.0,-0.0,-2555.2127905342622,-1196.4942027258498,-964.8681210559663,-0.0,-0.0,-0.0,-0.0,-312.2709436426929,-752.6035250262797,1523.971363636984,976.3116856143306,-914.0424375290764,25.550963118534195,-0.0,-376.5270385398563,-290.59220436165236,-2159.854178411477,-461.4235165380205,-136.7832087260172,-1193.0592073032656,-1471.9184602456123,-1121.4838588738824,-674.2310347766721,-0.0,-0.0,-0.0,-4.885877807180135,-0.0,-1691.3339835165252,-661.4551814571148,-0.0,-2183.011105230807,-1373.8231889689052,-0.0,-0.0,-0.0,-0.0,-0.0,-1081.1030293203646,-0.0,-345.1197329075689,-1655.0972879834721,-0.0,-1316.853604456906,-0.0,-0.0,-0.0,-2655.7611911725603,-1233.0698513315194,-1072.0264689204648,-2746.5098523103575,-0.0,-0.0,-0.0,-104.31560915387033,-534.8779029070959,-30.66368140693062,-672.8976388954861,-155.7640184528148,-0.0,-0.0,-370.51786585070795,-1569.5023996082987,-4402.604516356883,-0.0,-545.8169322224587,-1482.1651838065482,-495.29064831540006,-520.1208055465477,-0.0,-0.0,-4.123071652075801,-2348.319784985969,-2253.3693882731645,-42.91131050439898,-1773.3755748853127,-449.95807412220927,-919.5064196272137,9.992692491028553,-1174.4229817906707,-0.0,-2345.316429137927,-0.0,-511.62573089199515,-0.0,98.15388891172879,-0.0,-0.0,-659.386359178241,-822.1043005713132,14.725581678642559,-0.0,640.4303555328695,-0.0,-0.0,-1624.796312848774,-1437.923622235863,-1242.8392444828564,-0.0,-426.8851195760644,-711.6927026280695,-1623.1879416224306,-0.0,-0.0,127.593710320286,-735.7640428296216,-0.0,-0.0,-19.35694203222246,-0.0,-4.724546464410445,-679.240284933818,-0.0,-0.0,-1477.4142315147403,-1513.4087609551805,-91.19359646337055,-8.309032933782406,-139.91282638573205,-875.9326438560587,-1224.989298186734,-1868.435776379792,-0.0,-1028.8699337900646,-17.282636588650004,-46.8054485746402,-1475.464367176082,-0.0,-0.0,-0.0,-0.0,-709.9294173013615,-4.918233707663096,-9.85306358877161,-0.0,-0.0,-552.0884624894146,-0.0,-0.0,973.5085194520456,-1269.776700044257,-45.72546567658913,-2144.3247630840706,-0.0,-0.0,-575.8996851629009,-0.0,-337.37160205623525,-1119.7489063060345,-939.2512010620605,-1128.7389852037697,-0.0,-0.0,364.5251517348555,-0.0,986.1017474999674,1065.720136138159,-226.87278970353682,-923.1800467506916,-0.0,-0.0,-42.031932820528255,235.31720094362248,-1066.7873560416147,-486.40163032964995,-1417.9580619329777,-2820.1403702165762,-2372.0035977024786,29.768401591531816,-0.0,-347.53754398047704,-6062.616378095146,-647.2797448143125,-545.0493588383927,-0.0,-0.0,-685.9893155248013,-0.0,-862.9839989460389,-1597.4636464844468,-827.0522107184303,-0.0,-0.0,-71.48704861071549,-0.0,-223.30274321954417,-1538.3541525423402,42.99647192710724,-678.8336570366096,-374.49306786144086,-261.024156595095,-846.2916900258892,-2728.644689809451,-21.214814821891448,-1293.2618148108122,101.75686258306806,-1105.393090993905,-340.57302442901073,-0.0,-0.0,-154.04828510590443,-0.0,-0.0,-2079.5925718722247,-652.6709503782824,-0.0,-863.0721057870464,-548.4060361543204,-0.0,-0.0,-1607.6708027870347,-1059.1417730489125,-1627.303255523964,-1527.6489827918624,-0.0,-162.0803277739979,-3484.7754304803343,-970.037869770724,-449.2785341922618,2057.3872479591014,-1637.4640676981426,-1308.5928143336503,-13.310008845569175,-1017.6362117346025,-18.633987201327535,-1802.65478615662,-0.0,-3799.383064205662,-659.751439269231,-0.0,-1640.9930134910064,-1828.3717552821906,-0.0,-205.3755883636878,-971.0414926522701,-1185.7237543034598,-1532.7458623135287,-797.0334895682978,-540.6815293947578,-670.1446112492754,-0.0,-305.9739823635969,-0.0,-2660.0107869146696,34.2811198184598,-3612.008240875236,-866.3641282405889,-0.0,-0.0,-1337.063259452049,-962.3081457210743,-0.0,-505.77194643444756,-0.0,-0.0,-862.6355267958745,-0.0,-0.0,-0.0,-0.0,-0.0,-0.0,-0.0,-816.9589866093012,-536.1564022175147,-3196.576156861066,-2775.9751979907132,-0.0,-0.0,-1332.8544927272112,-2139.1820437382744,-516.6813208860051,-222.58285346137248,45.59624283962821,-0.0,-1707.3703147336164,-0.0,-2920.3876135069445,-0.0,-0.0,-0.0,-0.0,-1757.0174824831868,-230.97402572406946,-383.90887255467953,-1300.3448969580459,-1308.9368087409136,-747.1940821119341,20.007758161881114,-1273.314932761755,-0.0,-0.0,-0.0,-0.0,-657.0733360600701,-529.744045597044,-1479.4295198966236,-0.0,-1184.8902470584824,-6969.114942591542,-665.4298938736068,-784.1890874836885,-3429.966563920485,-787.1875285475851,-0.0,-498.15409211567925,-468.57216007623487,-1253.412908600527,-655.6307051928154,-1665.6160194393076,-1559.4201226346754,-0.0,-0.0,-0.0,-0.0,-1701.6465299463105,9000.114574718393,7779.349092496844,-0.0,-0.0,-0.0,-0.0,-2236.5718706384437,-1019.1534414648654,-99.36394289746093,-1526.4343795698833,-902.3242810958002,-0.0,-0.0,-0.0,-0.0,-700.0858101437227,-0.0,-2007.272017383999,-247.40729400462436,-0.0,-0.0,-0.0,-0.0,-227.63049649730524,-475.9155475360673,-507.3504585965578,-917.3829114386729,-1000.3313187666118,-1318.3646872199731,-987.5937870603599,-379.9688107814496,-1262.241655261939,-1639.759523742808,-1290.6108386047058,-1919.5455974135402,-216.37810827763926,-1404.6186188577394,-1215.056473141785,-996.4107163541695,-1792.707168663147,-615.9488408086393,-2388.6483332663656,-1760.7133838683505,-1578.12747820809,-670.6939445544097,-709.3079504776698,-1199.6445525059917,-0.0,-1158.496255259357,-0.0,-3212.36127543868,-740.1178417696644,-263.30544890628966,-1920.904764685958,-1563.5117806088554,-1303.0561846623796,-0.0,-0.0,-0.0,-0.0,-870.1177383739177,-4068.2143342031036,-1506.0467237723067,-0.0,-0.0,-1188.124367504515,-0.0,-0.0,-1111.9538928553059,-427.7829330435887,-1161.6724662456897,-892.7988659090353,-1022.8446033670181,-744.9434149244576,-2108.9839050063633,-0.0,1350.8651875346968,-0.0,-0.0,-1116.7907110945623,-6174.80113443433,-0.0,1848.9115295407862,349.34505586700567,-996.8011533097358,-0.0,-0.0,-1647.1965855140368,-1131.7855469244955,-2494.2217196753704,-2194.804619713753,-420.74850940718613,-0.0,-511.0096223766124,-201.98979818917718,-0.0,-1000.0876258900344,-0.0,-1794.3580692635846,-2534.701933368649,64.56301442050578,-2456.2274681635718,-2159.191647681558,-0.0,-532.4019580579098,-1706.393860583485,-2379.4030022678817,205.35132049967655,-454.587489046843,-2734.6633291025382,-994.9088607494081,-864.1906573876163,-972.9211645372019,-475.2917969409447,-1113.144538162018,-1628.2978300955908,-0.0,-1031.0092091574713,125.69706862793196,-1490.1309960654842,-0.0,-523.6182485645531,185.02898248176473,-950.8560630481329,-846.1899807825239,-0.0,-599.9086458946061,-386.55319750477645,-1969.0127745564148,-1193.7358231507787,-1565.0688886832015,-940.6347079947647,-896.4307997873767,-1100.0138663562147,-2147.022009087823,-75.85737034395086,-0.0,-585.5111817062316,-700.4349805223465,-1564.16947188379,-2264.018062959914,-353.43098935744644,-838.4292963511148,63.57601700186041,-975.8337936299853,-580.0769357189359,-1055.0574194909914,-0.0,-1040.6273719865148,8.631779103649098,-2389.606473814228,-0.0,-309.71769046553914,-569.4198935271148,-846.8017864027973,-2447.000175877215,-169.9231993577692,-1558.352086386807,-784.0413323598336,-2778.7559959488167,-0.0,377.90448334844916,-0.0,-0.0,-240.65845833360632,-0.0,-0.0,-3915.8451226556904,66.80285788819452,-48.67176941218057,140.978359555295,-1173.7668332443527,-0.0,-0.0,-0.0,-0.0,-0.0,-30.2751068584447,-0.0,-853.3538330346806,-0.0,-394.6370051089803,-1921.8946345448007,586.9741311737971,-3525.9760046867773,-0.0,-0.0,-0.0,-0.0,-0.0,-0.0,-0.0,-0.0,-0.0,-2586.0553475558545,-0.0,-2829.622260942866,-3497.3419871157125,-0.0,-0.0,-0.0,-0.0,-0.0,-811.2893677750062,-1057.2800901345836,-0.0,192.34820896048106,-695.03277232649,-2419.504589087241,-646.4507897991119,-0.0,-653.8535978334929,-896.9590268849789,-0.0,-0.0,-637.3124472417306,-973.0304001942251,717.81188174137,-499.5071904691456,4.7251870334854695,4.744859480581581,-0.0,-0.0,-0.0,1562.266202019918,1845.343801795711,1538.5233289489195,-0.0,-0.0,-0.0,-730.7829971979135,-0.0,-0.0,-1065.692603973844,-96.5924953141102,-507.3628139746871,-63.797119219951675,-1061.8699435180613,-978.6932579958435,-1371.6558885173,-631.5119698430217,-162.03613072939297,-1178.288057815269,-0.0,-2183.6166516915196,-84.35479309000269,-635.7340975667876,-947.2493546520379,-82.97194826658841,-0.0,-1231.3667610221228,79.81218569730396,-0.0,-0.0,-0.0,-0.0,-0.0,-1561.9157456436812,-3117.8016916308047,-0.0,-856.2140366988807,-8.88901499441054,-0.0,-0.0,-0.0,-583.6391616956321,8.358259590405206,-0.0,-1226.0589030666767,-846.3025752038084,-0.0,-0.0,-585.9711733762555,-0.0,-0.0,-1818.5721899074833,-1515.7969090241916,-0.0,-860.2437162436534,-2366.382563657661,-107.25611734117957,-0.0,-0.0,-204.1298787196696,-851.0808105135401,-317.3250511775403,-337.0906225861991,-236.4227364005295,-0.0,-0.0,-0.0,-1256.5067185565385,-955.6964378222192,-2243.233967936481,-133.87900217401662,-1363.1096454499464,-46.03080630445392,-415.1017063994452,-547.5994612561248,-2185.574354216338,-0.0,-0.0,-906.1531952214299,-1965.6299553507763,-0.0,-0.0,-0.0,-612.549152997639,-2560.877498274705,-3695.069989522871,-0.0,-275.9564621469218,-101.25138555498555,-714.1213605304629,-619.7845313128682,-1770.9055013673365,-0.0,-1541.2520581763988,41.14747816387884,-8.413937304490995,498.6035176121392,-0.0,95.33889718966029,-349.1561812584065,-446.6132610016779,-58.857312202766224,-0.0,-0.0,-446.8367611795309,14.64386686962203,-0.0,-1693.338159494302,-1049.193683817494,-1032.506346867055,-807.0236221832005,-1234.997050491871,-1650.2872023840791,-0.0,-0.0,-0.0,-0.0,-0.0,-400.854240492863,-574.6648251074141,-1264.6632518902427,-1527.6708687163477,867.5892304411205,-1596.8176094228716,1563.2674932451164,-0.0,-2444.1272914192473,-1630.4236388138565,-753.9794018667837,-21.277892369546706,-206.19974093464938,-2230.241223334102,-417.46593534440933,-0.0,147.55885659531967,-841.6489686541134,-0.0,-0.0,-577.4823702875943,-398.2753694991936,-427.4209373423117,-1285.1378073140934,-1533.8779899260294,-0.0,-1770.976536849274,-1428.00831945544,-5443.058388106261,807.5319841049281,710.4743925230642,807.6361402397652,715.3336855945814,-0.0,-0.0,-0.0,-0.0,-0.0,-0.0,-0.0,-0.0,-540.6023361267651,-0.0,-50.739370340430135,-0.0,90.31614502578276,-1176.9470579705908,-1382.2492852793516,-2072.2232443961357,-0.0,-0.0,-0.0,78.62954592786944,-3423.1432532444023,-815.0001250423934,-3049.87607074532,-1771.6713578823121,-0.0,-0.0,-350.4348825819426,-1444.697416824554,-0.0,-2257.6464729612026,-612.2314300762872,-0.0,-0.0,-0.0,-2856.9804668788997,-0.0,-0.0,-0.0,-0.0,328.09872236250465,-0.0,-0.0,-0.0,-1122.5927427154954,-0.0,-0.0,-0.0,-0.0,-0.0,-0.0,-0.0,-347.2061857586437,-1157.5618904059327,-1613.9273210416015,-1518.369898089996,-664.4458171227658,-1082.3923777696182,-61.60167405735421,-0.0,-806.2554728415635,-52.54938869086823,-0.0,-0.0,-0.0,-0.0,-753.7639920247254,-0.0,-642.4366315228873,-1387.584387164567,821.5372341405618,817.4718551770708,892.1181144769696,846.2291843574083,818.6853490741526,-0.0,-0.0,-0.0,-0.0,-0.0,-0.0,-414.9292328730802,-0.0,2136.106370108906,1088.0703261772653,1197.1180841740163,-0.0,-0.0,-1425.0744855280745,87.21394899110868,-55.19412394434598,-2641.846897628155,-0.0,-2040.052490466432,-0.0,-14.167177283449341,-0.0,-0.0,-699.324691267247,-0.0,-787.5277336896354,-578.4039479845203,-399.26261070251707,-0.0,-30.6122494792246,-0.0,-959.947480381401,-0.0,-2348.4600677037156,-539.1752328877368,1975.3609377454356,-2096.4912312355104,-945.9669155418123,-91.50019389209794,-895.3043951541331,-0.0,-550.2776215626377,-46.201364395012064,-2921.157837339528,369.35317289353566,-248.04151481518926,626.4342083180871,1262.7872673314446,-0.0,-338.6567008949862,34.12320809144692,-1123.8228129870618,-1277.5313580571756,-1580.432031260182,-2144.1553939934383,-0.0,912.5939385537168,-0.0,-419.67430728095763,-2790.9424244723987,-1351.4525321625279,-0.0,-1358.2913975915942,-337.1719159887819,-716.8634111505659,-739.5060543529494,-290.3137580776449,-1736.8340553707133,-0.0,-1958.1540724033105,-441.3385774454042,-1708.3176823377319,-382.2864835888244,-0.0,-0.0,-0.0,-0.0,-1516.71719836211,1129.0295258467272,-1059.7773646813055,-764.5722596328756,-0.0,-55.28139598877362,-0.0,-0.0,-973.3937463265238,-823.6883218973571,-726.6447333977775,-772.4957498444239,-0.0,-0.0,-0.0,-0.0,215.99512485130938,-0.0,-659.3550302527362,-2114.1271640764694,-1116.0122237610067,14.21692936066932,-1571.4651919974854,-0.0,-0.0,-0.0,-688.7076744561829,-892.8558680850381,-0.0,-1697.3215414304725,-0.0,-3226.32859380907,-4001.4243897189394,-0.0,-99.9763340028735,-0.0,-763.6860923034318,-0.0,-0.0,-0.0,-2542.1981683714816,-1215.5289624617724,-567.870575863502,-911.0460702351137,-0.0,-0.0,-2393.9822027598284,-0.0,-593.1877521231089,1167.3315177038044,-1109.3160050141523,-742.2470177482483,-539.7656059368793,173.45948970483244,-0.0,-0.0,-1491.747420426803,-0.0,-615.468669320579,-99.62756953251414,-447.7487537997762,-340.2882715207542,-0.0,-0.0,-216.81303276342942,-743.8508670312958,-1097.6907866376316,-593.667775430865,-1317.0330425491052,-89.99534110159786,-0.0,-142.5814211225626,-2135.5036687598486,-1234.1128594152399,-0.0,-0.0,-0.0,-618.4160512534039,-664.2771669739542,-1601.9547286101676,-0.0,-0.0,-0.0,-0.0,-0.0,-1630.8049734127585,-721.4999945824926,-0.0,-624.1727027460657,-0.0,-18529.12016738814,-826.8185660183269,-290.6024461667531,-486.7283724161182,-0.0,113.8058156815997,-1921.9417877340436,-2840.350273180942,-0.0,-0.0,-0.0,-803.0829588066641,-595.83633638043,-1067.9058130914098,-1112.683983117565,-573.3707732328912,-0.0,-0.0,-1817.4969792232437,-664.6412869980451,-2684.0284349812227,587.4633838293553,-2222.5616005470674,-0.0,-0.0,1803.6809989274805,-1116.0908275522208,-0.0,-207.05735938058322,-370.5576721653311,-676.0106312713305,14.36269498913017,-915.1167077655562,-0.0,-0.0,-1378.475831949234,-1482.6442824418177,-2780.3469503947645,-0.0,-0.0,-2462.6715353428535,-796.1149203441922,-833.1250313113709,-2557.1708252809804,-1651.1317836113,-0.0,-0.0,-1180.4730869924092,-0.0,-290.46112629098,-1735.4507193489553,-1654.196557574902,-0.0,236.56533923204805,-834.6329416345604,534.2500960005341,-202.35495272195305,-388.91257556246046,-0.0,-700.2007560775405,121.87598620531224,-212.91466778003578,-402.2732394754837,-2867.0428980176594,-2343.450735992712,-97.0122433115776,-5349.383931722337,-573.7560828737488,-1160.5929739149124,-53.02192257071122,-4152.035619842784,-354.421519744146,-844.891441077716,-322.08036702198916,-1947.366267006104,-1391.7086156625166,-3479.928655331679,-4764.625337118408,-45.224445081870925,-682.1271373287082,-1712.0466422034872,-1148.4207405362679,-0.0,-4317.622467726788,-0.0,-538.024656426426,-1610.8436685378288,-1380.5139394030293,-0.0,-0.0,-986.3227713785803,-299.85993795128485,-0.0,-1565.8172716898814,-0.0,-824.9501765480837,604.2475449562858,-1588.0827656999304,-508.2788982480327,-8.499457203941986,-64.69176714749469,-0.0,-2019.609665998039,-602.6297278053469,-0.0,137.12275426873478,-0.0,114.90402306241667,-144.70936980341946,-0.0,-488.46895086180785,-1380.703753462479,-479.7686162355395,-878.6911982465916,-2414.440777117257,-0.0,-4099.988382614198,-2070.9897951854223,-2721.0806168604,-2496.7519770760505,-77.85062754860313,-177.86843030047916,-654.0706155858493,-1324.060704789891,-0.0,-0.0,-1118.1062422898801,-172.1140915327925,-0.0,-73.73448691509583,132.53988973808097,-2484.825657827989,-0.0,-0.0,-1253.6241210943333,-0.0,-180.22538310242123,-0.0,-63.66185743879334,-216.38250990682144,-0.0,-362.7320740430587,5934.41223212085,-0.0,-0.0,-1645.6935814911712,-723.012941463664,-272.47898412001075,-0.0,-0.0,-0.0,-599.1383609718035,-2151.9733036111606,-0.0,-0.0,-0.0,-2045.9662473561586,-203.87508409342138,-0.0,-0.0,-1816.4306174988258,-757.9643310372401,-380.49795990913395,-396.48605081829356,39.62652291039521,-630.2292427422226,-394.39050236765115,-292.1002631667811,-2246.5320199465864,-0.0,-0.0,-1055.714026188705,-912.0535306618282,-2740.074480732005,-0.0,-0.0,-2432.090081825459,-574.7246346579532,-1532.8560437988783,-535.3171211850266,-738.1122662390253,-2396.8226378073728,-753.7955550328679,-89.3216678659509,-927.4419632615146,-2450.070596559905,-1924.3817605973645,-1286.3851395057889,-0.0,-547.9213594654664,-0.0,-1792.764982755479,-419.9003465319457,-219.61641182473215,-629.7053465152953,-946.959958397298,41.53194724056434,-0.0,-1126.7915918869123,-657.8644648902168,-90.7786950629561,1569.5291777779369,-71.13183483031693,-0.0,-638.0339041007752,-431.73424811828846,-0.0,-730.1505137971959,-1593.6307856527428,-0.0,-0.0,-0.0,-0.0,-371.4779642488786,-766.3848046815476,-384.1492604737746,-418.624092989796,-364.2375725836487,-1968.5268853129176,-781.6678355923908,-1315.2990316194814,-2504.123003244726,-1807.269948157129,-0.0,1103.4072668218041,925.9115200783997,596.3698525661339,856.3300485953957,694.5570696673836,-0.0,-0.0,-0.0,-0.0,-0.0,-0.0,-0.0,-0.0,-76.08970000126682,-849.8711345609947,-541.4160537244819,-354.60104220870375,-1092.346567751465,-127.9272537481548,-370.1075659791235,-1188.2260162970351,-304.7752748612304,-1846.2717282427564,-852.884690072142,-117.1741347746913,-483.72379525974804,-9.292863674624458,-0.0,-910.8954887016422,-177.22961548498628,-135.21860540528542,-895.273094476808,-471.59064485189606,-1736.9814126027954,-281.060209574656,-0.0,-0.0,-2365.2331928728117,-457.717900073481,-296.16054924404983,-536.7781648611913,-933.84302040447,-492.5859167884433,-382.62347791656464,-0.0,-509.5320524225401,-573.961672569069,-666.9193064641787,437.20753892468764,-1442.537530027178,-1990.074049517308,-529.6843260065752,-689.5354146741151,-304.1828085835704,-14.06939515390673,-0.0,560.350999724388,-992.3832826537663,-52.763017733262366,-1846.5779024557355,-0.0,-0.0,-1365.171990587227,-507.7644822180475,-0.0,-762.7604358349568,-747.9600965931543,-898.804353137497,-0.0,-860.9652752041916,-611.2695640047001,-2246.935079662884,-4488.945541228464,-430.1489428398601,-0.0,-48.47866854772059,-430.84767912156497,-1763.1871317131627,-215.81988843131072,-648.8963384152823,-683.95714446016,-785.189699592101,-200.82227336193284,-0.0,-0.0,-1377.1899638148416,-36.95362824273315,-451.558117614778,-717.2190076780396,-1529.3460780201883,-2497.908481168505,-0.0,-488.00430359546715,-0.0,-0.0,-0.0,-0.0,-0.0,-55.49446200787862,-170.55553318690858,-422.31918344637955,-0.0,-0.0,-0.0,-0.0,-0.0,-0.0,-1026.676562499833,-2224.106526251193,-463.33615566215866,-510.8816035586336,-47.113940013968396,-0.0,-0.0,-495.37788476176684,-0.0,-0.0,-72.34826750064268,-2544.489215355953,-0.0,-0.0,-1417.0801763843428,-642.5571783929324,-982.1269964012854,-1010.4281541601428,-845.3213914550603,-0.0,-0.0,-1285.9762631795047,-2150.9212495900356,-1129.3788131276458,-0.0,-1114.2611279209657,-157.4132388990842,-329.18013565811566,-736.2730569309159,-8.388168540082193,-671.0242808250405,-1957.873108930435,-0.0,-1653.1444807009038,-184.1703781263099,-631.9514052044236,-1429.6263246866836,-143.28309375251354,-1166.01555790497,-0.0,-1233.51685112153,-33.61138641404246,-2175.040783113601,-2137.313912418673,-0.0,-0.0,-0.0,-0.0,-760.4638309552126,-945.7166887776467,-0.0,19.485239447608294,-446.98534436317,-1015.9329427144936,-2251.99079987123,-2599.405354600934,-377.90465497354717,-0.0,-1013.2844816110513,-754.7531047410702,-2020.0544077480406,173.4613031735172,-0.0,-3246.180407746007,-880.4041995105167,-0.0,-200.02853978948616,-1660.2780527519726,-0.0,-0.0,-696.1207927205168,-1532.7648621785706,-0.0,-1117.1105122612723,-1525.602493488219,-0.0,-82.44716626918752,-566.051435482791,-0.0,-1638.6943578578532,-2620.9278917611264,-1079.9288692858026,-164.50587969384603,-2040.4669949651636,-82.510795309442,-1079.3895077773218,-644.1202855585947,203.6785290831576,-1241.469550166104,-1366.382100101892,-800.896344329343,-1367.9920851575778,-463.9805025618572,-578.3742301940376,-691.2516432271285,-2180.89357470817,-0.0,-0.0,-1858.9230766565522,-328.82750013522895,-0.0,-1663.3820240110208,-1222.914488076707,-0.0,-2842.8130116831403,-513.3360946498818,-0.0,-765.7481505833267,-0.0,-0.0,-1306.013910107627,-1094.5935242449416,-0.0,-0.0,-0.0,-891.8744545886859,4.3022714898542995,18.534764880028156,-330.2583732156256,-0.0,-2003.9840921619511,-1608.202628545502,-581.2648020709996,-2250.4519524840653,-0.0,-83.73581071717341,-833.3948515659281,-0.0,-406.2203473752601,128.68756569489702,-1327.3098068393422,-1045.1129283389125,-785.6949063208908,-1225.2991914457532,-0.0,-0.0,-0.0,-949.9769118850323,-0.0,-276.6745582605273,-972.5644291422878,-265.40557674556266,-1412.1972470198239,-2368.167571567067,-603.7365725638786,-2178.382157189464,-0.0,-871.9853164054715,-1841.2156964302837,-571.3392253041236,-1267.591782721811,-293.7801979227165,-637.4426518122123,-1583.0984637510644,-0.0,-0.0,245.1858782066467,-2659.177360366591,-978.9648900691458,-281.9217585707606,-0.0,-399.64950207433765,-296.1357841453329,-627.7698593783266,-0.0,-0.0,-762.7983039159863,-0.0,-62.48951211557987,147.11025232291647,-93.48826562355042,-2422.128886880912,282.057701651934,916.4215087979348,223.88255771333763,590.912261527439,43.54507505182464,-0.0,-270.2972976464397,-863.4718905081285,-321.1807797772566,-62.74435855863759,-0.0,-0.0,-0.0,13.464854287604314,-22.31769587778034,-1002.787707641513,530.2098395981536,2410.696251440647,-0.0,-0.0,-0.0,113.60834277386247,197.64871675563626,-0.0,-3188.0974509267876,-0.0,-0.0,-0.0,-0.0,-0.0,-2696.487793128192,-267.3938250353245,-0.0,-130.3865426006819,-1808.061247038739,-141.26091978119447,-1125.8746968721914,53.569254190656395,-2107.760879579338,-3902.4848569779747,-1981.7654696466939,-0.0,-0.0,-1522.4623933207579,-1088.1833383578128,-817.3190596782885,-451.29939150009835,-348.6595153857005,-1048.402167709971,-994.3315622807091,-5888.125595976345,-689.8622062222596,151.43715367352235,-677.4832329559221,-932.4535507243265,-711.9434800873569,-662.5318558435811,-8.494807369222135,-2016.4626814561125,-907.4648315650411,-615.3187699232195,-0.0,-0.0,-0.0,-0.0,-247.96086618306958,-1309.88863077873,-0.0,-1384.0248501824003,-1673.50165939361,-0.0,-0.0,-1478.4928218318616,-0.0,-0.0,-210.24090680326134,186.7270078436015,-0.0,-0.0,-2652.511904543202,-1250.9668352513422,-124.46449423524076,-1311.0265979863211,-1367.5298268762585,-0.0,-321.34577965349393,-521.7260981583697,-0.0,-1595.532944155949,-295.7685601166423,-1104.7998534980325,205.5591108019442,-914.3896377479417,-212.13837177770932,-369.4183887877934,-52.14027112638237,-48.74945534747578,-587.0665665732752,-831.7492716611671,-512.3316697099074,-839.60112878795,-0.0,-110.08660390650586,-701.4353501093605,-297.4471055539263,14.90135028407855,-0.0,-1060.0535113135313,38.22102444858664,-1207.3639638171874,-0.0,-0.0,-0.0,-2015.890876780933,-0.0,-0.0,-147.10466932775017,-0.0,-0.0,-0.0,-0.0,-0.0,-0.0,-1002.4037179840258,-1539.4498319302736,-0.0,-0.0,-0.0,-0.0,-897.5099249386915,-467.6343440119881,-0.0,-0.0,-1751.8093545701438,-0.0,-1442.5504497039476,-2372.882352950352,-0.0,-0.0,-0.0,-737.8012581774094,-0.0,-0.0,-0.0,-991.7623975254052,-866.8993573025243,-618.1015107692808,-0.0,-0.0,-195.20699114713,-0.0,-4054.428524303478,-5245.659748852427,-0.0,157.9516738593736,-0.0,-652.6637175671165,-802.6890086884414,-2008.989863728587,-0.0,-0.0,-78.70201398288859,-646.5419187416627,-1377.4534001299673,-746.0216735776779,-433.8660205846117,-0.0,-0.0,-1350.8505299950466,-895.8738296372505,38.662402497206664,-0.0,-0.0,-705.9932816688604,-358.3841273178507,-51.71577050774416,-0.0,-0.0,-0.0,-2059.94820704917,-488.56420546314126,-1307.6600276218237,-4895.84495256285,-0.0,-892.268226503648,-1074.3073196938874,-2418.0908626760297,-450.4425549337797,-0.0,-0.0,283.7448101751328,-1253.6282058581753,-1803.4984280973335,-459.1436852275265,-132.8511470370874,-0.0,-2056.664802143873,-414.15251246887203,-1420.559292440563,-836.4668625641156,-2832.7393658199926,122.85124509601907,-1003.7884945697882,-878.3543545370629,-2016.9689590028288,-0.0,-0.0,-955.4481241487022,-1947.3594230743074,-1848.2008971085527,-977.6847942479098,-0.0,534.7447351885238,-117.61224468716,-471.463526076033,-0.0,-17.07831932756472,-0.0,-2813.50702365489,-38.01592849679009,-0.0,-0.0,-927.3573227517495,-1275.3888375493634,-851.8311063085977,-265.54102180944665,-769.9661110290946,-0.0,219.89631779116726,-842.601055520432,-67.65157115739933,-1639.448667340732,-0.0,-1469.6992993509875,-176.87306930593277,-653.6489656212558,-449.12333616007663,-661.2380235631715,-49.60266418957386,-4.970889674715556,-1274.252777781138,-1285.788729003756,-1635.2386417507091,-222.60864697284512,-1408.7432355184158,-4.491019350821446,-0.0,-739.7596657350149,-3226.723388196209,-0.0,-0.0,-30.002019885068187,-2228.3077005827654,-230.79796416137964,-665.5789165186984,-375.3596013693463,236.7764993104268,-0.0,-0.0,-1537.7046891609014,-0.0,-0.0,-2252.029545399367,-1494.1496563779874,-957.9965994690415,-1031.2314402978227,-509.4826408647532,-895.8874802590648,-996.3497752532639,-1343.677547566696,-2427.211926787182,-0.0,-0.0,-0.0,-0.0,-45.44397430215865,-0.0,-2045.7742176629524,-686.0560890602027,-794.2767745996908,-898.943637024128,-500.47977277122766,-0.0,-1552.929720436477,-631.8879258936975,-0.0,-2763.0137680045727,-1750.904895031656,-0.0,-0.0,-3067.982574914107,-1807.8227869688956,-480.71200924821835,-862.0600731150397,-0.0,-493.9213064503987,-12.812394368398522,-0.0,-776.3963170732369,-545.2260828370913,-647.9258680879196,-0.0,-0.0,-0.0,-0.0,-480.97756533359376,-1176.7758412616813,-6510.842908825117,-0.0,-0.0,-639.9389525869607,-668.3050598968281,-1906.2347331721296,-651.6435003397272,-76.05137458063109,-450.5273513396642,-0.0,-764.6236010821344,-617.8709978495134,-0.0,-758.6046525746144,-1375.3898259154307,-0.0,-0.0,-0.0,-0.0,-0.0,-139.27691643547874,-2162.358326843333,-0.0,-1217.0540185056873,-1000.1580755304267,-0.0,-2140.1327406040155,-828.5247692284331,-1206.364008866101,-1551.9636576118876,-22.337414579262752,-128.7089030311611,-1407.7092815313665,-912.2347863708914,-418.67249200712047,-0.0,-1514.9342338833544,-1406.0606199065458,239.40899633930135,-0.0,-678.8709592675756,-1019.2189950932874,-987.4713900021669,-52.73656430972604,-0.0,-608.3289430953848,-0.0,-0.0,-3026.736801368091,-2611.4398727903013,-2091.419055729751,-1798.0185568050642,-0.0,-1159.8089638706979,-2188.3691550595563,-0.0,-6427.727059754992,-0.0,-0.0,-0.0,-0.0,-1043.2443028225218,-2501.3346227800216,-2793.1825870939206,-21.055264171293956,-2200.395745380553,-0.0,-1019.4511153568862,-25.086401082602237,-0.0,-0.0,-652.2917779310649,393.10881644825037,-0.0,-493.41260005350944,-42.05417196247855,-0.0,-1507.798926776942,-0.0,-2441.9234735504406,59.054044838234894,-0.0,-0.0,-1074.3779672411436,-1661.2762140137622,-1020.4197056332487,-1413.8800626066322,-1270.2592029511018,1443.9353224340882,-55.313157573277294,-1031.9817953207853,-88.22613950477638,-2320.184273975201,-977.2333013920648,-911.5158949247061,-539.9772198321477,-1668.4242513316808,-2045.8098357246593,-473.3291598558127,-2169.7284540630794,-380.16758616917934,-0.0,-0.0,-8.299519132675359,-0.0,-0.0,-0.0,-0.0,-0.0,-0.0,-1715.347575284156,-730.7825740780313,-1480.5385525018096,-696.1633834890481,-0.0,-658.8616217292249,-1300.5519426835017,-1155.5149792841505,-2218.328761378497,-1386.6883307881574,-72.06606880330354,-34.83184229896279,-1277.3193763636166,-1248.6898398136418,-0.0,-105.1253388128005,-0.0,-85.83617385119602,-882.6608753236419,-215.81560543891808,-580.8229686703978,-1037.0428992486077,-0.0,-0.0,-0.0,-3600.7984387300776,-0.0,-103.64138901606191,-0.0,-253.04012914964258,-1065.453342673562,-1259.912183068966,-810.7324184766003,-0.0,-43.626914626511955,-594.3775581239453,-509.01271648114914,-434.99163011537485,141.46295247743632,-1223.7014784213272,-0.0,-0.0,-3314.5888055234773,-0.0,-1202.6930496713705,-720.2463344719981,-432.8225472198245,-283.93675684483395,-1375.2358317406029,-2995.1755966599085,640.3790257064862,-2415.4162337897615,-1801.9318537103807,-577.5308240163854,-4.768721948902477,-0.0,1458.1818725552382,1360.3151511536214,1354.5416992291296,-0.0,-0.0,-0.0,-1052.8315155168693,-0.0,-320.37030198838346,-195.43930306780567,-0.0,-3897.068126538359,-0.0,-1611.247889534885,-149.91524075344702,-1087.4001294671207,-739.6215113130156,-1767.3466842462344,-1847.2346406099623,-0.0,431.80789161387395,-2606.999243830655,-2074.054194983817,-562.4198371815983,-1772.2263543408394,-1939.7192116361741,-0.0,-0.0,-441.2102762702752,-809.017477223834,-2558.3401789777045,-912.9436789360993,-154.9841073399163,-0.0,-0.0,-691.0017829345859,-0.0,-0.0,-0.0,-170.0327576659624,-1351.4574408754117,1790.3575768457022,-1404.9805106431652,632.8197344711151,-898.9159343690847,-1060.7729427636375,-9.100056884578827,-4827.369417533282,-1205.852426694654,-0.0,-83.30371447838534,-2558.4326614536876,-2076.1443657856416,-0.0,4.7551852865753395,-0.0,-707.4424714433038,-0.0,-2327.166000420212,-2005.4098289198357,-0.0,-331.5824408014158,-0.0,-0.0,-0.0,-854.3093843448395,-1172.6985244263917,-441.3458682023437,-1084.0763917552786,-1948.688790379566,-977.9067049121642,-525.9971705096057,-582.1479479243026,-0.0,-1766.8200822383092,-265.08530477899257,-817.4757253466348,-1193.6925319128245,-1704.1777572421481,-1621.7888294726995,-455.9123320808839,-1981.2994994336677,-0.0,-0.0,-0.0,-2617.631578544002,-0.0,-635.5705940300585,-910.7992934567123,-0.0,-854.8183788427378,-691.2568778494676,-926.2045906519656,-767.3479061002633,-215.9049285584539,-2074.949014522517,-5279.808598674683,-264.037299448942,14.091276156295507,-0.0,-129.4120454836087,-8094.395654186004,-1980.364075774406,-718.5047749931233,-2583.6388001766054,-289.7280435386564,-0.0,-9.137736434343799,-735.049325714159,-102.6579337971644,-1054.969668534314,-1128.1692951903565,-183.52238465134374,24.73174447924321,-973.4330748756837,-2570.539340178283,-2252.44689724979,-2061.572764090803,-0.0,-1674.1478863686714,-0.0,-127.40730732634734,-1214.3073014078927,589.7197983165603,-0.0,-0.0,-362.9652127512657,-914.8349080426005,-884.3693004282497,-1419.153557145397,351.2405250835386,-1700.880808088748,-81.86321749887526,-372.09277907663903,-1710.1139675087497,-1988.4015200007368,-419.7809736358628,-0.0,-0.0,-0.0,-0.0,-0.0,-1991.2532811615554,-0.0,-766.4979458155635,-988.7535579331919,-2895.0150516336043,-0.0,-0.0,-88.83716084088911,1251.9524668774538,-650.6015755976416,-1433.5145452358167,-0.0,-1557.322572507425,-4979.8471496495695,-810.4915520107778,-6177.551957577517,-1234.5272929237676,-0.0,-860.4322172570281,-2926.5654532908347,-165.8397243636514,-0.0,1285.516289929445,1475.052368815598,1410.3152011637364,-0.0,-0.0,-0.0,-0.0,-96.1301638467111,-2666.8820177011303,-4.941950482719195,-0.0,-2073.977862410473,-1287.049905144441,-403.67932891210376,-4.942992878880224,-0.0,-136.23386146353462,-763.2889062927732,-0.0,-0.0,-41.917141225851125,219.22739818745652,-2257.2494838125976,-0.0,-1093.9916164946305,-83.17423686014259,-97.16223508398969,-0.0,303.51304409502615,-106.43538635952,-539.9433302359652,-2206.7095967789223,-0.0,-93.23495302020842,-1427.669910944715,-1223.0168904180825,-0.0,433.4731964803247,-0.0,-1093.5683808466606,-1184.2143772296768,-8.38279779178179,-0.0,-0.0,28.972545959178873,-287.81382631101417,-197.8461967540127,-88.59638213841814,71.71939423728647,71.74578706444998,-816.1154227238054,-831.0752429758671,-1241.6533313386021,-0.0,-2141.3682299066104,-990.2564111759716,-0.0,-0.0,-1165.4523362385407,-2382.7003759565755,-625.044549151757,-0.0,-3086.843388897891,-129.24604120580298,-80.4487897376484,-1339.9948171439696,-0.0,-391.710842724077,-1433.6854295484857,-4.198359457313472,-0.0,-5353.263827503516,-194.42288682606866,-1580.8412101522954,-1164.4920952730897,-1230.2094436043108,-2336.619854385689,-104.5308856311607,-906.4982826825959,-2234.577611704934,-1357.177943999221,-1199.5565064130487,-274.1282105417031,-2019.5531748794656,-0.0,-3340.079819900898,-0.0,-5956.31027614668,-296.1894601616049,-297.6710856336328,-1515.4812768037123,-0.0,-0.0,-0.0,966.61522693273,29.263749347111926,-1053.012322268158,-1569.3482260213768,-420.2648020626575,-1127.4968362541981,-0.0,-0.0,-1540.2427300451516,-356.3368708564786,-488.507566511209,-220.08939971800854,-0.0,-1683.2286729548257,-424.32754676499616,-1885.2630717868624,-0.0,-39.71254390284458,-0.0,-2006.2278967115087,-904.8841184255094,-2024.3002682658262,-0.0,-0.0,-1769.1660768211343,-581.0846932300904,-767.5640324106538,-1609.9976711881984,-361.72965220745505,-1346.1060493477323,-0.0,5.95871930242083,-1147.4431048911576,-4244.999804202391,347.5537470645508,-1498.1823144537648,-7110.691063742197,-699.6546080308667,-739.0009608407466,-232.97987759033825,-130.8183496725545,-1026.4212406556537,386.3563923443731,-111.54243886538474,415.8997651331647,-1302.0301903357154,-558.9313824556629,-0.0,-1441.9697686525462,-1939.7801889973307,-631.8134025982,-475.66553722237603,-0.0,-0.0,-38.25692585904833,-1195.0928179761354,85.84125968299678,-2283.1934404340977,-0.0,-0.0,-470.041188346193,-698.625343090204,-1198.2032380016092,37.70559304135148,-3032.7997215420746,-1574.1522403078307,-1487.030139495327,-168.26868810436932,-0.0,-451.8493433153159,-0.0,-686.9647165433227,-14.717373548930736,-1707.420220143871,-531.0479087378585,-1673.0024418745202,-402.91855057924886,-320.6107981518558,-0.0,-1356.302812376264,-742.9162550546052,-1349.328816204063,-0.0,-3543.200858420471,-1363.961933104216,-1612.1761524374288,-1055.6572535307748,-1082.1119009734346,-67.29179327140804,-2463.5501510665454,-856.0261178371661,-1392.8307391622739,-2000.8699315102933,-216.0998160365439,355.6922821934057,-1092.8988050147973,-0.0,-0.0,-18.854339885113518,-60.638123491774884,-16.97812167984096,-300.7040149914736,-0.0,-0.0,-0.0,-0.0,-0.0,-0.0,-0.0,-0.0,-0.0,-0.0,-1512.2674637533885,-2571.9438503627593,-2082.312114223306,-0.0,-0.0,1415.5697029575847,-453.2089643742978,-0.0,-476.6098028564866,-423.0743092617552,-1019.9847312670989,-919.3701332835208,-1175.44350672274,-4.266556282811895,-775.9557017903912,-464.5301324250113,236.9726395962598,-0.0,1069.2539990763255,-0.0,271.0708556251713,-0.0,-364.70939703475136,-0.0,-500.7267882994031,-1166.147888301948,-1988.5606230287533,216.80150449659206,-0.0,-0.0,-0.0,-0.0,-0.0,-507.12005243325956,9.61044204912058,23.655061708219538,-0.0,-0.0,-592.108579506001,-0.0,-62.52916913817268,-748.8561704828547,-4401.582285434854,-0.0,-1412.7769026528056,-0.0,-682.7872621411216,-0.0,-0.0,42.76396593161701,-0.0,-292.1409029144669,-0.0,-0.0,-0.0,-1040.2955532278258,-1770.7383002047059,-0.0,159.07829536124336,-2367.677055205978,-0.0,-100.75128571675677,-369.82725537273274,-0.0,-0.0,-1925.7864508623259,-0.0,-863.456746222042,-1439.6593851609684,-174.3362249619689,-2951.87321283727,-1898.4695654935565,299.4829592989092,-772.8187423832888,-0.0,-1313.7899630252548,-0.0,-0.0,-0.0,-4130.46789280617,-956.902788952666,-1534.6483739495484,-0.0,-431.06265211327695,-19.710320401046406,-1219.9033329333934,-2328.669192278192,139.6903461965748,-2779.0742943024547,-0.0,-1860.2326638726822,-2664.143272275115,-0.0,-0.0,-0.0,-0.0,-2346.4364374723405,-424.3675166754697,-1407.3832447560678,-0.0,651.705571791548,1468.4134684134563,-0.0,-0.0,-934.0933508302903,-933.4403347519615,-366.4062801070651,66.9139971481473,83.4079846384145,-0.0,-1555.1453746335217,-0.0,-296.0840534211873,-1262.6325978480922,1786.9630322984597,-0.0,-0.0,-0.0,909.5579673131139,82.47820470668344,-949.7838236664197,-0.0,-1435.1719678032366,-0.0,-1050.5216402271149,-736.6914553431467,-0.0,-0.0,-0.0,-0.0,-0.0,-78.85353787636953,-0.0,-0.0,-0.0,-1245.2571765254243,-314.3100162485371,-0.0,-0.0,-0.0,-124.10342625992322,-90.35837277858998,-623.5659413518636,-708.8215693843403,-3102.922174482936,-890.8095613275942,-496.2746510660983,-0.0,-2716.3132811745195,-49.47472471053971,-0.0,-1134.9764460453832,-2668.823214758181,-742.1639434595213,-562.8668976133956,-1204.9804526900684,-244.51220141660386,-718.3974652267204,-785.499402673497,-902.7748425765096,-216.3552388106848,-1981.1593564065092,-853.8690311763661,-404.41060452971686,-0.0,-0.0,-891.9740908890934,-4176.478217872783,-0.0,-1080.1790541451203,-457.3879493974105,-0.0,-391.5135322382299,-680.5620252378416,-834.1718511114929,-4.631575849808551,-0.0,-0.0,-0.0,-0.0,505.52460088599105,-0.0,-661.7217210331871,-0.0,-0.0,-709.8035469077365,-1286.333068277609,-2857.0571747113827,-580.2529708802605,-647.28980662629,-120.86297939081857,-2307.089370137278,-0.0,-806.7725666505206,-415.70178794851455,-522.8644593854133,-1109.7119455910636,-1089.8395805227408,-1583.6097256084213,25.716254019415928,-401.05625932267213,-0.0,-1171.6463721387881,-1245.1698324380193,-68.74041592991733,8.087691050907464,-2621.155147343157,-1330.2314455068188,-787.3129387474818,-0.0,-712.573625465566,-662.4233716578926,-663.0383462170201,-2441.9606030397877,-8.92640614529389,-0.0,14.014306326156785,-0.0,-0.0,-256.4451625078104,-3659.2553417983786,-231.49612876932397,-1648.220499039969,-3570.882094030115,-0.0,-5210.194507543605,-314.8606045467617,-2586.7944113799454,322.76589976070164,-0.0,1669.3740826347992,-851.0655833193242,-0.0,-2411.3730204356334,-0.0,-21.881335650293586,-0.0,-0.0,-0.0,-0.0,42.52631284084774,-0.0,-0.0,-0.0,-573.2214086437275,-1586.4361733445542,-785.0611791177369,-0.0,-3873.349399787394,-0.0,-0.0,-0.0,-249.38760659524633,-331.06569796352187,-0.0,-1968.325376976128,-0.0,-0.0,-3880.3946702962903,-0.0,-0.0,6.689423672559902,-593.3263464882298,-23.638765663844172,-0.0,-0.0,-197.5492753489412,-0.0,-0.0,-1488.092997935879,-1312.792868271216,-1546.9177953598366,-0.0,-296.5827964298735,169.06945744770516,-446.58557886314543,-15914.712835066906,-0.0,-660.8157477739816,-1385.5867211445757,-1625.3390194383073,-0.0,-0.0,22.363765617052646,-380.8991330112999,-1071.691629078198,-0.0,-0.0,-0.0,-584.9067910085702,-2902.3532083928612,-1617.0123350651595,-0.0,-0.0,-0.0,-398.3845786910711,23.555825956461025,246.7886892863462,-1170.1566864117092,-0.0,-0.0,-1008.6052622149218,-0.0,-0.0,-0.0,-3084.788468459856,-1217.6533429851675,-0.0,-1186.505963419459,-567.8865242223912,-379.9271718709663,-748.3533402604144,-1084.2864560132482,91.59142429415724,-1169.5317716432453,-1135.115756733996,-72.26120926251569,-1360.275624622967,-0.0,-0.0,-0.0,-0.0,-684.4252820434266,-0.0,-0.0,-573.7500214398779,-2011.6420371870508,-729.9153331480743,-0.0,1577.465091605475,1442.4892061859991,1306.8674112131598,-0.0,-0.0,-0.0,-883.2585859227254,-229.1306255838967,-837.3238445766623,-103.84957408374919,-653.1944937739949,-1779.0288919857398,-1430.338310601356,-2335.272221344737,-0.0,-0.0,-0.0,-0.0,-1097.3238118155214,-791.4030507552347,-1838.4385964063367,-488.58901951555316,-1444.189689677465,-2156.660162119337,-1941.6696810915273,-0.0,439.3665683161077,-451.6849032401948,-467.26805985221904,-144.40049409307048,-4670.166892824418,-8.25273325724493,-0.0,-831.945907199211,-1463.476985502467,-0.0,-50.89659714993854,171.9597609225749,-181.16902765483988,-463.77481686878036,-2223.6898284254185,-435.7126366487561,-1694.946528757871,-0.0,-1992.396442596045,-1716.9263188895397,-1346.616031334861,-0.0,-1887.920937515155,-681.6302238350934,-797.0878154326055,-987.3385767036464,161.40819539066368,-1821.7338298709726,-1459.301386269148,-0.0,-136.6114587413489,-0.0,-0.0,-0.0,-1153.794040886938,-746.3394343459371,-0.0,-0.0,-0.0,-3858.0772444798035,-2140.6560894222366,-0.0,-0.0,-0.0,-1606.5999199727844,-916.9149353973038,-0.0,-771.7025387277888,-1536.6853893207349,-670.0597903561478,4.159366897741633,-1052.9431111170745,9.122933583195021,-1658.5404315437465,-1974.6096977433695,-0.0,-0.0,-44.7342398699791,-0.0,-0.0,-1498.68617152143,-119.25948007508354,-424.0671629443571,-0.0,-0.0,-0.0,-1069.3588908554534,-329.8374515904886,92.37301370757561,-525.0258064046961,-249.65381758895452,-2275.779000733801,-300.31310237263153,-619.7503253626468,-1276.1482010127763,-0.0,-411.7387457372495,-0.0,-1935.8225943533062,-1687.6304009181813,-1905.729003686003,-331.1249364520675,-304.6389097936324,-63.0666230255081,-917.140582179312,234.04799465685304,-0.0,-383.0768958330146,-0.0,-0.0,-466.99899111147755,-105.84141630588238,-2653.1841978598463,-2752.235012274573,-666.6297396419418,-0.0,-0.0,-1149.9900105243858,348.41851076157906,-0.0,-0.0,-0.0,-1061.437718642692,-84.85493763031735,-332.73743730505265,-4732.809294780169,-1566.926880549602,-778.1604195579966,-448.4308869541321,-228.02502488633772,-941.1564129137763,-614.366759753511,-536.6337605484603,-0.0,-986.7185984070721,-751.0247724296298,-1725.8383564219914,-0.0,28.83520554252413,-9.076044545214218,-0.0,-0.0,-1617.6523583346695,-0.0,-4109.120373989376,-1434.5794996124007,3099.4818995509672,2983.154870586848,-0.0,-0.0,-800.2577950112995,-1032.5932459101045,-1416.22060551934,-343.21990613406035,-3834.712076019183,-588.2948375998284,-0.0,-0.0,-0.0,-1581.8147548098004,-867.0394796564167,-199.35728062602135,-2819.380728314012,-1250.731590685737,-22.043044580918288,-481.9912992976321,-1214.0115869516392,-390.1048476924849,-559.0729989753031,-0.0,-4.810281107291248,124.90081014176485,-1155.942280312305,-168.32956593527817,-0.0,69.9665981107211,132.82859342699768,-230.39013520124905,-1434.8626765234899,-2275.2653928792342,-84.04605757280738,-1119.5509488667478,-1340.0764847749913,-0.0,-0.0,-810.1804635638615,-0.0,-0.0,-0.0,-0.0,-614.2123718228015,-42.42551556446398,-1326.3693137013638,-1303.183720056858,-2475.45291078558,-1137.0286592163131,-0.0,-645.1598221874943,-0.0,-1522.9419549329,-1546.677031338568,-1478.4092713199198,-1086.3030355381525,-0.0,-1626.2151677453169,-0.0,-0.0,-0.0,-4065.6793416455685,-1194.0255640371342,-271.1747511549763,-1007.8731870437689,-777.198483623302,-1097.7589063964597,-0.0,-0.0,-0.0,-0.0,-6114.186227920001,-812.5094899645625,-1935.0850326661719,-4141.745666817572,-2264.5927333895165,-473.04790113760555,-0.0,-2049.408214658818,-931.3887965244568,-0.0,-318.1787145483928,-411.1558637489115,-0.0,-1016.6496951665447,-267.276196785651,1616.6641208935594,-491.38897507488144,-0.0,-0.0,-1072.1515161696177,-871.9472065071661,-2395.1054800379,-441.830737828003,-0.0,-0.0,-729.3027015758825,-0.0,-0.0,-0.0,-0.0,-1436.3650683883982,-594.5299199689267,-1347.0225044542663,-536.0365361999045,-30.601338425472658,-816.5405592218293,-0.0,-0.0,-0.0,-0.0,-2567.984729560788,-0.0,-0.0,-0.0,-0.0,-0.0,-0.0,-835.9575903800919,-0.0,-2835.4562531087477,-560.6604634156939,-243.19910605587847,-1254.3172460506812,-0.0,-0.0,-1732.6992699161158,-1604.6980815485433,4.488214330670608,-440.1192308221577,-37.08517025040841,-1705.2282363436623,-909.4904879045052,-0.0,-4393.455436650855,-1438.778471242805,-0.0,-0.0,-37.83879068158895,-322.37103054901655,-1326.3795493994378,-0.0,-0.0,-61.77514041961617,-1723.487184569557,-560.1714621770403,-372.5068419397956,-47.01970588356185,-1991.4703989776876,-0.0,-0.0,-0.0,-0.0,-0.0,-690.3387111128313,-489.9615042325406,-657.728477615979,-4696.298759484207,-1736.5382609914525,-1313.0217905513625,-20.902459638948578,-905.9940494259611,-1428.107698327402,-22.18590890074447,-0.0,-0.0,-0.0,-703.4081414422301,-521.2626509006836,-1910.5659392947039,-713.1316605299232,-0.0,-1675.2515849951396,-0.0,-794.3028322886593,-0.0,-0.0,-2236.7178874782544,-705.3026454937997,-655.6717945659913,-1689.1359208774647,-552.8094723343298,-14.606047692044394,-769.277240864317,-1429.2942053514614,-0.0,-533.0191823379985,-1321.764619934114,-4751.849847070805,-0.0,-68.76024908992719,-2549.9617507320636,-1648.0844279250257,-1406.2190650686723,-588.9728726517037,-1218.9114402713974,-0.0,-271.6955591221014,-0.0,-285.1047284167483,751.0068965602244,-0.0,-0.0,1092.6462875170637,-0.0,-2533.558348592337,-721.0019272777358,-1203.9214543430653,-1199.4183148385655,-1547.9069532448927,-438.9440736323675,-72.00031359866014,-0.0,-0.0,-948.0055373530021,-829.6112281553391,-812.3245329935886,-0.0,32.10749551747526,32.493016889444554,-175.42431719488985,-3339.52732342775,-2051.0243632459164,-0.0,14.344158226420205,-1465.3369217442598,-4591.192835111853,-2906.639279879324,-535.3802655829885,-974.7857916297284,-1301.5443387232365,-0.0,-243.45574544273737,-0.0,-583.5394636803157,-305.3351497381601,-1774.3504223874831,-2488.796121358579,-316.16320562700673,-572.5178069412005,-5175.285370743561,-1326.9496988400256,-467.93065574043106,-529.4771344160251,-1613.6409959833159,-511.92056329923736,-8.849921391980319,-1552.7742851716248,-1774.1968655283702,-0.0,-0.0,-577.2719826842279,-1371.0013769615707,-389.22770868261324,14.583824609902766,-0.0,-0.0,-0.0,-0.0,-0.0,-44.50597565837405,-816.0583941757043,702.029032484292,-451.89738263727827,-781.3026035381632,-557.9874184048342,-1204.5898061273317,-1735.399974916053,-1128.7346203526492,-1960.8614579981838,-531.0383968308221,-706.7258014322953,-1632.071187607863,-687.7905787168914,-0.0,1010.98876979449,-526.1654448271319,-45.027135487146154,-0.0,-1016.065408991701,-599.7118533668964,-1752.7693225171543,-2026.3239669618763,-2765.6206913505207,-0.0,142.43550785972766,-0.0,-0.0,-1154.637972075322,-1650.0785881930262,-0.0,-1041.9840874057684,-9.608460036953947,-0.0,-0.0,-0.0,-2837.497201473864,-798.4940410687732,-266.77566271336184,-195.69047313323705,-0.0,-0.0,-1345.8437866633067,-1686.4982191430192,-1073.7558523751748,623.0281018635915,-10.065694418521192,-0.0,9.641429936802613,-0.0,-1742.2043934317953,-652.740598137951,-1310.1644066055192,-2060.993161496963,-1850.7085540583903,69.985780889281,-0.0,-0.0,-1966.922282779764,-440.846259172768,-0.0,-0.0,-151.91966763555988,-0.0,-59.96643743396717,-0.0,-1283.328091789621,-898.8047591251134,-0.0,9.64899589199217,776.1934203044414,-0.0,-77.92461400431063,-2515.644229955207,-0.0,-0.0,-717.5891238012017,12.720196663488451,-0.0,14.317116791682595,-461.68280463751756,-1795.5197177208188,-0.0,-920.6063378381793,-0.0,-1224.7547709796083,1987.6961173082489,-148.19477057168268,-1886.2792167835048,-1713.829386315145,1163.6498582734287,-58.76190557417983,-2671.4052418066026,-882.259170611745,-1026.736589976725,-0.0,-795.8932919521027,-94.93751366666302,975.5082072048664,-442.4366277377178,-1662.1963383984976,-0.0,-0.0,-0.0,-827.232828418913,-737.2748671327598,-695.9247488330768,-1124.4821805011584,-1237.4373454184347,4.873867113543261,-1060.377217649604,-1072.1448441891473,-1383.8199257844778,-0.0,-0.0,-553.5960639542681,914.5182026783372,-6917.784713772793,-0.0,-1702.2379530593244,-1967.1459422858159,-969.434170218995,-909.9045415173823,-286.3902527368874,-2986.641283343925,-324.40658294157635,-0.0,-1106.4444259994543,-1093.0904079859886,-691.7731575374205,-0.0,-1527.587367404835,-2449.669910158061,-32.46357045132357,-1139.2354126268635,-2727.0859292194314,429.315650662614,-0.0,-503.18740985265157,-145.12733784230676,-1589.7055833897057,-1107.3363296142882,114.89733167889986,-134.5327768881911,-797.2858831000145,-511.98820801509936,-621.2773836198492,-817.3028127393173,-622.5030320237775,-0.0,-1493.1345937225112,-0.0,-1362.2100042204906,-789.4669782994196,-222.30619214679132,-0.0,-2034.4016190319333,-5420.233073770222,-0.0,-516.9976170907735,-0.0,-2735.1522119470706,-349.95201725159717,-0.0,-371.1988294882338,-553.3272710200233,-0.0,-2379.2438604397057,-1610.772108409953,-0.0,-4375.235600455583,-142.3236956034613,-1414.9454126894504,-1544.8164009422405,-1937.5024467982857,-139.04954541628635,-0.0,-1006.5558043500738,-2380.0166952316276,-597.9173495953316,-1008.731004021951,-1150.041886500401,-1935.5475405284571,-2486.030201908324,-986.3441638026978,-2068.754974222925,32.939575045523156,-0.0,-328.0989220472957,-1676.2294663856574,-1246.3922923499792,-0.0,-0.0,-0.0,-482.53565749165995,-441.99909141449706,-14.977410098578352,-634.9010793932,-0.0,-1409.045349565264,-847.1336027596279,-592.952095042395,1.915242365038184,-0.0,-377.4181953047918,-1738.7173358186558,-1123.7750988885073,-364.52718544489557,-927.8592066791359,9.300724797924062,-0.0,-0.0,-3464.4421199036497,-1038.4104897962693,-0.0,-0.0,-0.0,-87.50853333155622,-1176.2351289133737,4.126811020600563,-1925.3360264127934,-1676.953399052494,806.5282199446168,-0.0,-650.5172160251391,-0.0,904.3525561831345,-253.49808212193994,-0.0,-1830.0811623482807,-349.42919710414424,-1833.9875015306268,-0.0,-1724.4488302226441,-617.1874504131307,-251.5305385709932,9.362650924660828,-40.79152909202169,-0.0,-0.0,-776.5596645389243,-1382.0760061890337,-0.0,-640.5711556397276,-0.0,-376.03670880554716,-690.8015493378281,-0.0,276.90678346024043,768.6398610551181,847.8526504945763,910.6086810688689,802.9976535270716,1009.7226701625037,-0.0,-0.0,-0.0,-0.0,-0.0,20.720159777748897,-0.0,-0.0,-776.2141658729923,18.758446742948372,-419.54666460849626,-196.0853641261199,-0.0,-1004.6060694491593,-1645.8690965695032,-2164.332693742497,-285.99812762362075,-239.26394343270383,-0.0,-0.0,-621.6991505394483,-0.0,-0.0,-0.0,-0.0,-2969.2645294586787,-0.0,-44.045743360676795,1122.029794411054,-0.0,-1153.2004288067149,-623.2021509337665,1271.0927680483533,-1051.5974080440062,-0.0,-3414.9167914939335,-2230.568687288395,-265.9784068501123,-904.7903314324066,-1448.3181088714125,-630.6446350488952,1083.5453913934145,-94.97836807948752,-596.6527554813551,-0.0,-0.0,-617.4377695837446,-0.0,-1066.0517083448613,-0.0,-529.2829303626986,-128.46667435407292,-0.0,-0.0,-1370.6802440107926,-0.0,-0.0,-617.34038088127,-1405.3057106405793,-1912.118152338441,-0.0,-0.0,-0.0,-2145.5251502333763,-0.0,-1343.6835909638237,29.372614235462052,-0.0,-0.0,-1257.8175532438609,-1019.7263069150747,-1430.0994944141173,-405.09903634725924,-0.0,-1353.337172344414,-315.7543441240334,-0.0,-0.0,4.843969907932817,-47.418469235469686,-4377.914820179086,-0.0,-48.114410096563134,-49.16532049762009,447.47311923479486,-96.12985325020819,-835.3702888708705,-883.9490555499277,-485.3122095441369,-0.0,-0.0,-1750.5976153971917,-0.0,-0.0,-0.0,-0.0,-0.0,-0.0,-0.0,-166.754547146352,-0.0,-0.0,-2092.7416188190477,-9250.923228372658,-133.6676330365519,128.2292519216281,-530.6322211432081,-625.8293169003522,-491.6353082151009,-4167.148295839754,-268.27659475776414,-456.80677015561884,-0.0,-0.0,-0.0,-2193.2329650292636,-0.0,-94.78106896431441,-0.0,-0.0,-0.0,-555.9935923082783,-14.754035851304417,-330.26344588797997,-1482.2188440249474,-698.0499281311769,-96.10775905823272,-2029.3913019267602,-0.0,-93.00027808472286,-2187.012192248811,-0.0,-1468.9464642475496,-0.0,-1504.080343394561,-0.0,-0.0,-1030.677081602128,-706.1178122142211,-37.21914897105847,-751.2132407563843,-121.8687281204524,-821.4315851155108,-173.30922575426888,-744.9957753258445,-746.6547230130046,-2383.2491739273164,-1045.9334842035485,-0.0,-1860.074600662144,-460.67222074317874,-852.0726992080264,-0.0,-0.0,-1093.8331754426908,-2407.814769197206,-156.2472841163753,-0.0,-0.0,-83.68110032778577,-3581.778916733488,-932.4124195352737,-256.4469379274977,-377.6268107639886,-49.85559804046988,-4777.416733236633,-0.0,-0.0,-2169.7427159217486,-925.3548522044861,-0.0,-0.0,-0.0,-87.57872270179284,-0.0,-2017.0271687567306,-1869.0236698932108,-0.0,-439.2821522861173,190.0810029683327,-0.0,-0.0,-0.0,-1092.15234809281,4.955098258409398,-2677.39884622305,-686.84060220292,-1284.6709286946616,-759.7912474475912,-3643.0461674615035,-1593.5082272630589,368.4103984931892,-0.0,-2242.3658189559746,-0.0,-0.0,-0.0,-1165.45510777785,-705.639815616279,-1353.519766864877,-0.0,-0.0,-989.1869277024941,-1414.2207211195152,-743.6055766155415,-549.1655247748198,-0.0,-0.0,-1439.5367803742786,-0.0,-0.0,-0.0,-0.0,-0.0,-0.0,-552.9588529899577,-197.34101774914535,-1589.5173865479264,-0.0,-811.8753780689203,-4539.102379330894,-51.03993517944561,-0.0,-0.0,-0.0,-0.0,-0.0,-0.0,-0.0,-0.0,-0.0,-0.0,-1410.294398361858,-2088.4378627373003,-0.0,332.6529651742369,-0.0,-666.5037229908993,-100.42816161162278,-0.0,-774.6826996817013,-375.7630627611192,-28.07001244947268,-3442.883691450104,-529.6774995576196,-3251.377319105585,-217.17768113253638,-2038.6425337541318,-1847.1391424658827,-706.8390633507256,4.995876997998208,-0.0,-1358.4002140191863,-2304.046808912845,-2647.3564606306027,17.54808377094964,-549.3549193001522,-1883.2581856120241,-0.0,-2236.8405909935227,-416.0577750286802,-0.0,-3290.0206516800736,-0.0,-1050.758451760043,-0.0,-3235.565413765133,-0.0,-0.0,-92.5778669378705,-1058.427768591591,-751.7767331854006,-0.0,-1326.9183340882703,84.57292989682344,342.8868036652662,357.96664322759483,-289.61920067349183,-2005.1023292885347,-805.1423005160686,-0.0,-0.0,-6284.973696387815,-1427.0480986123011,-0.0,499.45393986211457,-0.0,-1814.3644891718984,-630.8320932300876,-778.9509616307456,-0.0,-0.0,65.12326049003418,-0.0,-1126.5780205755334,-1129.414585996173,-2076.7724509876844,-0.0,-643.9184393564169,-3259.7690578564916,-889.520458690159,-0.0,-1419.6167442771484,-89.67639486475777,-1420.7136523066654,4.7221874894150515,-1032.766181544205,-0.0,-0.0,-0.0,-787.8950867439144,-0.0,350.6494539933899,-0.0,-410.2554528554338,-858.6815863355538,-587.0218229655345,-1223.3859116939955,-675.6227850922728,-1892.0222596731032,-988.6426335511392,-0.0,723.7449275648312,-2548.4419935299575,-1952.394525174244,-780.0632117481774,-0.0,-0.0,-0.0,-165.25836413646837,-1239.6851338322729,-356.6676404894568,-810.3530135055254,-2193.1259886620614,-3067.594994993496,174.5052533629043,803.3401570035159,830.1315289438633,-0.0,-0.0,142.12001070154184,-106.13479555101638,13467.249640617534,2370.8727398761084,4335.62377452883,6556.417769797535,-0.0,-0.0,-0.0,-0.0,-0.0,-1539.3584661236487,-1713.870305627865,-909.6921890042246,-0.0,-3188.848452141158,-631.9452642336277,-1021.3626282850712,-0.0,-757.7423532757233,-1441.6590106083172,-1084.3579618828794,-1359.3951294061856,-0.0,-3498.5282538129973,-2193.3341462029334,-851.7795506398984,-155.43773797059097,-3244.001149625685,-0.0,-306.2640495494175,-0.0,-102.01343446252442,-0.0,-146.4478960366462,-223.150987948698,-1111.4133592365013,-933.4865387597021,-0.0,-0.0,-0.0,-2336.053313906535,-0.0,-0.0,-302.9627261713909,-1019.85234158463,-1061.7511212214972,-75.26171694745527,-1166.63824762543,-2046.867487448134,-372.937562775364,-0.0,-0.0,-174.36480942597194,-1758.526846513868,-496.43966990397644,-0.0,-6671.638870761866,313.4574394071733,-0.0,-0.0,-0.0,-237.11808099590098,-483.0134478760836,-0.0,-0.0,-1335.945449240808,-2240.6266352781663,-1252.9958827157006,-463.3933438064977,-434.6028105579923,-588.9240950520556,486.3018863885078,-1280.706299742797,-0.0,-547.1326875900975,-2555.6828300400352,-535.01970291276,8.752917277916058,-0.0,-506.91003439469574,-0.0,-0.0,-0.0,-1400.83127296721,-498.80412544865726,-1567.0080641449667,-0.0,-0.0,-0.0,-211.86741241763136,-576.2993362300605,-1826.294833314936,-3128.405686329427,-233.65776789246902,-137.04422239519567,-0.0,112.6032300066909,-0.0,-1246.810790758891,-189.92264060059532,-0.0,-0.0,1097.2700510720788,-0.0,-1885.7891601616893,-0.0,-0.0,-0.0,-217.30156635835777,-2219.3620063174444,-1757.0568579287635,-34.59708497311765,-2473.4902494544176,-1723.0717869249356,-31.142986299248157,-34.92115661101558,-74.89975039719748,-0.0,-0.0,-2225.471351114192,-0.0,-6608.196824681377,-0.0,-1654.085996559331,-310.9958462883068,196.77527738130502,-0.0,-12.743733508291461,-1806.9361185484474,-1743.8474483650002,-614.3176415539106,-40.8154771803644,-113.32454158953871,-0.0,-0.0,-0.0,-0.0,-1186.6749461947593,-1222.0128280285776,-0.0,-648.9556032672681,-1358.8477112837927,-263.1967223208921,-34.219246237326544,-0.0,-0.0,-0.0,1202.6459104013552,-86.15058092295534,-0.0,-549.9978866856425,-902.7479185946438,-1669.6037434957439,-0.0,-0.0,-2758.4876886584116,-0.0,-0.0,-0.0,-0.0,-763.6605893956043,1228.0777955636302,1160.1567349362929,1281.1988012970085,-0.0,-0.0,-0.0,-715.6114145207106,-0.0,-0.0,-412.80102065025864,-253.05773318514753,-0.0,-242.43189515789982,-1303.918017849525,-1444.7230335356494,-0.0,-0.0,-0.0,-22.995772964937167,-1565.952804895576,-20.833673678799528,366.7089140006734,-0.0,-1782.6627912207123,-982.0614714217179,-632.7409044789741,24.61775302345639,21.480878084321432,-335.8018132000964,-17.71168910014399,-413.07082017971453,-431.37652446534105,-1180.1313859843701,-394.95794844954,832.1717175851498,-1548.2377708528131,-167.80005791464683,-171.4563489006251,-3975.767527033018,-2874.6591240986954,748.0269119818892,-1280.38852768485,-150.31970478064562,-4.87908307572435,-779.2521229527085,-1231.175708111589,2068.265038791187,-724.3334152600117,-741.1993250404894,-810.1198806122896,-0.0,-6503.2142687456035,-0.0,-604.2619980139381,-1067.704521092558,-795.9627573590338,-922.4844383524426,-1211.6660744500714,-0.0,-1190.4122779514876,-226.85307263987286,-93.01247571719269,-8487.240962748783,430.3538285303829,-189.4885846674472,-0.0,-635.874993430438,-1226.2648100298136,-0.0,-0.0,-593.8457395858167,-1749.5376760081301,-45.674312102795255,-256.39049841473576,-316.07196519395103,-1315.948927487541,-0.0,-0.0,71.72107629570287,-0.0,-0.0,-1899.526100961605,-0.0,-2174.939256245838,-1107.7516622524015,-1467.4128600321105,-0.0,-0.0,-534.9328202023561,-1049.970456522109,-162.18900990839822,-0.0,-456.4060064779398,-176.1632605413395,-493.3666023353548,-0.0,-211.00526198422804,-502.9843634517108,-2587.35209994591,-936.7123565413843,-1534.7904127734648,-0.0,-0.0,-1324.496223894749,-31.52278872937043,-0.0,-0.0,-1466.9178076685484,-0.0,-0.0,-0.0,-0.0,-0.0,-0.0,-0.0,-0.0,-0.0,-0.0,-105.70494769968664,-0.0,-0.0,-0.0,-0.0,-0.0,-0.0,-0.0,-0.0,-0.0,-0.0,-0.0,-335.7232356156186,-0.0,-0.0,-0.0,-0.0,-0.0,-0.0,-0.0,-0.0,-0.0,-0.0,-0.0,-0.0,-0.0,-0.0,-0.0,-0.0,-0.0,-0.0,-0.0,-0.0,-0.0,-0.0,-0.0,-0.0,-0.0,-0.0,-0.0,-0.0,-277.56239445004695,-0.0,-0.0,-0.0,-0.0,-0.0,-0.0,-0.0,-0.0,-0.0,-0.0,-0.0,-0.0,-0.0,-0.0,-0.0,-0.0,-0.0,-0.0,-0.0,-0.0,-0.0,-0.0,-0.0,-0.0,-0.0,-0.0,-0.0,-0.0,-0.0,-0.0,-0.0,-0.0,-0.0,-0.0,-0.0,-0.0,-0.0,-0.0,-0.0,-0.0,-0.0,-0.0,-0.0,-1474.7147630131653,-668.2858962424742,-1794.5454151102745,-0.0,-0.0,-0.0,-0.0,-0.0,-0.0,-0.0,-0.0,-0.0,-0.0,-0.0,-0.0,-0.0,-0.0,-0.0,-0.0,-0.0,-0.0,-0.0,-0.0,-0.0,-0.0,584.3794738576441,-0.0,-0.0,-0.0,-0.0,-0.0,-0.0,-0.0,-0.0,-0.0,-0.0,733.4365972983303,-0.0,-0.0,-0.0,-0.0,-0.0,-0.0,-272.2311015949958,-0.0,-0.0,-0.0,-0.0,-0.0,-0.0,-0.0,-0.0,-0.0,-0.0,-0.0,-0.0,-0.0,-0.0,-0.0,-0.0,-0.0,-0.0,-0.0,-0.0,-0.0,-0.0,-0.0,-0.0,-0.0,-0.0,-0.0,-1170.5964939697467,-0.0,-0.0,-0.0,-0.0,-0.0,-0.0,-0.0,-0.0,-185.7751539583592,-0.0,-0.0,-0.0,-0.0,-0.0,-0.0,-0.0,-0.0,-0.0,-0.0,-0.0,-0.0,-0.0,-0.0,-0.0,-0.0,-0.0,-0.0,-0.0,-0.0,-0.0,-0.0,-0.0,-0.0,-0.0,-0.0,-0.0,-0.0,-0.0,-0.0,-0.0,-0.0,-0.0,-0.0,-0.0,-0.0,-0.0,-0.0,-0.0,-814.3293263929141,-0.0,-0.0,-0.0,-0.0,-0.0,-0.0,-0.0,-0.0,-0.0,-0.0,-0.0,-0.0,-0.0,-0.0,-515.5754025088382,-0.0,-0.0,-271.3650748795183,-0.0,-0.0,-0.0,-0.0,-0.0,-0.0,210.97967226566965,-0.0,841.1243891760018,-0.0,-0.0,-0.0,-0.0,-0.0,-0.0,-0.0,-0.0,-0.0,-0.0,-0.0,-0.0,-0.0,-0.0,-0.0,-0.0,-0.0,-0.0,-0.0,-0.0,-0.0,-0.0,-0.0,-0.0,-0.0,-0.0,-0.0,-0.0,-0.0,-0.0,-0.0,-0.0,-155.73130519868565,-0.0,-0.0,-0.0,-0.0,-0.0,-0.0,-0.0,-0.0,-0.0,-0.0,-0.0,-0.0,-0.0,-0.0,-0.0,-0.0,-0.0,-0.0,-0.0,-0.0,-0.0,-0.0,-0.0,-0.0,-0.0,-1019.8449558318379,-0.0,-0.0,-0.0,-0.0,-0.0,-0.0,-0.0,-0.0,-0.0,-0.0,-0.0,-0.0,-0.0,-0.0,-0.0,-0.0,-0.0,-0.0,-0.0,-0.0,-0.0,-0.0,-0.0,-0.0,-0.0,-0.0,-0.0,-0.0,-0.0,-0.0,-0.0,-0.0,-0.0,-0.0,-0.0,1364.7092756828997,-0.0,-350.50593754930674,-0.0,-0.0,-0.0,-0.0,-0.0,-0.0,-0.0,-0.0,-0.0,-0.0,-0.0,-0.0,-0.0,-0.0,-0.0,-0.0,-0.0,-0.0,-0.0,-0.0,-0.0,-0.0,-0.0,-0.0,-0.0,-0.0,-0.0,-0.0,-0.0,-0.0,-23.767423943154732,-0.0,2749.19618971257,-0.0,-0.0,-0.0,-0.0,-0.0,-0.0,-0.0,-0.0,-0.0,-0.0,-0.0,-0.0,-0.0,-0.0,-0.0,-0.0,-0.0,-0.0,-0.0,-0.0,-0.0,-0.0,-0.0,-0.0,-0.0,-0.0,-0.0,-0.0,-0.0,-0.0,-0.0,-0.0,-0.0,-0.0,-0.0,-0.0,-0.0,-0.0,-2545.9161849134375,-1768.1893132788682,-0.0,-0.0,-0.0,-0.0,-0.0,-0.0,-0.0,-0.0,-0.0,-0.0,-0.0,-0.0,-0.0,-0.0,-0.0,-0.0,-0.0,-0.0,-0.0,-0.0,-0.0,-0.0,-0.0,-0.0,-0.0,-0.0,-0.0,-0.0,-0.0,-0.0,-0.0,-0.0,49.0204418558198,-0.0,-0.0,-0.0,-0.0,-0.0,-0.0,-0.0,-0.0,-0.0,-0.0,-0.0,-0.0,-0.0,-0.0,-0.0,-0.0,-0.0,-0.0,718.0780454229997,-0.0,-0.0,-0.0,-0.0,-0.0,-0.0,-0.0,-0.0,-850.4681027506709,-0.0,-0.0,-0.0,-0.0,-0.0,-0.0,-0.0,-874.8881487808388,-0.0,-0.0,-0.0,-0.0,-0.0,-0.0,-0.0,2860.6901288637255,-0.0,-0.0,-0.0,-0.0,-0.0,-0.0,-0.0,-0.0,-0.0,-0.0,-0.0,-865.6925757454779,-0.0,-0.0,-0.0,-0.0,-0.0,-0.0,-0.0,-0.0,-0.0,-0.0,-0.0,-0.0,-0.0,-0.0,-0.0,-0.0,-0.0,-0.0,-0.0,-0.0,-0.0,-0.0,-0.0,-0.0,-0.0,-0.0,-0.0,-0.0,-0.0,-0.0,-0.0,88.68783442082288,-0.0,-0.0,-0.0,-0.0,-0.0,-0.0,-0.0,-0.0,737.2028622211363,-0.0,-0.0,-0.0,-0.0,-0.0,-0.0,-0.0,-414.3298007010261,-0.0,-0.0,-0.0,-0.0,-0.0,-0.0,-0.0,-0.0,-0.0,-98.60306449321897,-0.0,-0.0,-0.0,-0.0,-0.0,-0.0,-0.0,-0.0,-0.0,-0.0,-0.0,-0.0,-0.0,-0.0,-0.0,-0.0,-0.0,-0.0,-0.0,-0.0,-0.0,-0.0,-0.0,-0.0,-0.0,-0.0,-0.0,-2174.345664616788,-0.0,-0.0,-0.0,-0.0,-0.0,-74.54494413520203,-0.0,-0.0,-0.0,-0.0,-0.0,-0.0,-0.0,-0.0,-0.0,-0.0,-0.0,-0.0,-0.0,-0.0,-0.0,-0.0,-0.0,-0.0,-0.0,-0.0,-0.0,-0.0,-0.0,-0.0,-0.0,-0.0,-0.0,-0.0,-0.0,-0.0,-0.0,-0.0,-0.0,-0.0,-0.0,-0.0,-0.0,-0.0,-0.0,-0.0,-0.0,-0.0,-0.0,-0.0,-0.0,-0.0,-0.0,-0.0,-0.0,-0.0,-0.0,-0.0,-0.0,-0.0,-0.0,-0.0,-0.0,-0.0,-0.0,-0.0,-0.0,-0.0,-0.0,-0.0,-0.0,-0.0,-0.0,-0.0,-0.0,-0.0,-0.0,-0.0,-0.0,-0.0,-0.0,-1512.4428868928865,-0.0,-0.0,-0.0,-0.0,-0.0,-0.0,-0.0,-0.0,-0.0,-1896.162651775455,-0.0,-0.0,-0.0,-0.0,-0.0,-0.0,-0.0,-0.0,-0.0,-155.08718445689493,-0.0,-0.0,-0.0,-0.0,-0.0,-0.0,-0.0,-0.0,-0.0,-0.0,-0.0,-0.0,-0.0,-0.0,-0.0,-0.0,-97.36328829370271,-0.0,-0.0,-0.0,-0.0,-0.0,-0.0,-0.0,-0.0,414.00768977896536,-0.0,-0.0,-0.0,-0.0,-158.11287167451155,-0.0,-0.0,-0.0,-0.0,-0.0,-0.0,-0.0,-0.0,-0.0,-0.0,-0.0,-0.0,-0.0,-0.0,-0.0,-0.0,-0.0,-0.0,-0.0,-0.0,-0.0,-0.0,-0.0,-0.0,-0.0,-0.0,-0.0,-0.0,-0.0,-0.0,-0.0,-0.0,-0.0,-0.0,-0.0,-0.0,-0.0,-0.0,-0.0,-0.0,-0.0,-0.0,-0.0,-0.0,-0.0,-0.0,-0.0,-0.0,-0.0,-0.0,-0.0,-0.0,-0.0,-0.0,-0.0,-0.0,-0.0,-0.0,-0.0,-0.0,-0.0,-0.0,-0.0,-0.0,-0.0,-0.0,-0.0,-0.0,-0.0,-0.0,-0.0,-0.0,-0.0,-0.0,-0.0,-0.0,-0.0,-0.0,-0.0,-0.0,-0.0,-0.0,-0.0,-0.0,-0.0,-0.0,-0.0,-0.0,-0.0,-0.0,-0.0,-0.0,-0.0,-0.0,-0.0,-0.0,-0.0,-0.0,-0.0,-0.0,-0.0,-0.0,-0.0,-0.0,-0.0,-0.0,-0.0,-0.0,-0.0,-0.0,-0.0,-0.0,-0.0,-0.0,-0.0,-0.0,-0.0,-0.0,-0.0,-0.0,-0.0,-0.0,-0.0,-0.0,-0.0,-0.0,-0.0,-0.0,-0.0,-0.0,-0.0,-0.0,-0.0,-0.0,-0.0,-0.0,-0.0,-0.0,-0.0,-0.0,-4584.643628703167,-100.91899077899376,37003.828661651365,-4253.839070293637,-4234.3747613125315,90033.46458689499,-0.0,-8282.678074902175,928.4598132759908,2134.0217133793126,-27192.36541968874,-0.0,-5720.777180474104,-0.0,-0.0,25168.57794274822,-14182.41814697183,3282.8463433321394,7343.074942710618,-4410.77468330146,-26715.745404192723,-9848.844717171118,59.31568740551826,-105.01998438023753,-6808.003092383293,-0.0,-13292.216082654364,-19851.805668626504,15597.143321225969,-145.34818853289482,432.00035223801217,51437.99917168145,-2595.3266236420122,-111406.19899511461,-3536.1854060150577,-26043.564665168586,-17493.526358751344,-5671.061877315715,-7015.9717209124265,-17577.17091508956,14620.861696846903,-2477.0307999392594,-3943.676630581775,-3759.1661728561908,-12745.797307280955,7331.401116379184,36566.47609469846,-860.8887653048091,-203.0966398208212,22902.18263245805,3809.2525211673137,-203.39238948621417,5802.299769095831,6416.629244960444,-6251.985143626903,-8200.80164307735,-3614.619266501316,444.4171798724772,-0.0,-0.0,-1398.959189234834,-8664.453128424911,-4269.136423227957,-3686.239640067694,-518.3276424935034,-5469.045461725,12587.295904667086,6984.619403172398,-8919.099427823756,19205.01647323744,-21342.105735401616,-34919.941612888884,78895.57782256803,-25254.39956018278,-8850.649731906447,-2101.703243123625,-3504.1937622582377,-6930.725361459537,-4317.335919964025,-35720.02784121971,-0.0,-15501.885199302607,-0.0,3919.6897128268924,-0.0,-0.0,-14756.082010933518,-1547.7951004146448,-0.0,-0.0,3952.2258933173935,-0.0,143.398535447825,-0.0,-6746.405719335671,-4937.56776961357,-8494.763942013666,-9372.182432792233,10140.366298686085,-0.0,-31850.100107941667,50903.14720114173,-0.0,-0.0,-21751.303047988946,-9732.78873627634,143.60996853666703,614.5432838054982,-0.0,64657.788259200875,-0.0,-0.0,-0.0,-0.0,59466.62616053382,-1633.9336913989018,-0.0,-14011.00342934568,-0.0,-5878.83429621108,-1014.711414452312,-2925.541184534081,-16999.69329023057,9981.84226942333,-1105.0429337064193,-10099.692465331576,-0.0,-0.0,-7235.240129939179,-7759.889499754302,-13648.89336224556,66028.67734878708,-0.0,-235.17050846477514,14974.388524503107,4620.059291539025,-3051.9561213890574,752.4787265622906,1893.0320454023733,-4143.0973569872285,162.41338312214128,-20418.854144309862,908.2069628741417,14963.362901443823,-730.1646846687773,11262.981063722254,51195.73933812187,6082.652209754232,1167.1933710200108,10493.381773126035,-2225.3204859256807,-8500.28958444424,-9749.222585874852,-17204.01344327169,-0.0,3141.7999951772745,15697.16925624991,14151.926406270022,-8940.315054637738,6550.96138388533,4012.6685890414055,-9922.364091993983,24405.837680848523,-15961.854614093088,-0.0,5919.0270603886,-12986.332516433957,-17014.082390946885,-8199.815395477315,28440.617218095926,2345.145150200712,-0.0,-5796.00314940775,-0.0,-2683.8077639002854,62.35551404127759,-3860.5589501485942,-907.19434009536,89.69834567688176,-212.59873988066266,-24201.4166358535,-15376.99663563045,25436.57652828114,-8566.888649325108,3786.7459350523636,9263.175108693262,-8323.080291296243,-5388.372719675501,-15082.442285201578,-0.0,-2199.031543336148,-2258.6814452925414,-0.0,1268.3864708433432,-3453.15773617123,-0.0,-0.0,-17631.59143957575,-3530.602474818631,4296.087410513309,-4200.569717065779,-0.0,-0.0,-0.0,62740.746646183776,25983.00702926504,-0.0,-1542.507642386129,13424.853797285203,-0.0,-4558.46411316775,-3135.4632676065344,-0.0,-5654.117652859126,-8436.761739975083,128495.32471247333,-13596.401705312044,-9841.11741592486,-34057.616783071324,-0.0,2791.925328793281,2515.2912998171264,-11116.635242948605,29075.870601355546,-8964.809230965862,-50009.17409176269,-16864.202085699886,-11280.704961581889,-0.0,1423.0797521969328,-5404.866479794022,23339.48889929659,-2408.19913302405,93.29764107972555,-13137.8582066672,-10274.319903377127,33679.519985105435,-0.0,-1740.9648854126126,134.19345203081144,-0.0,-0.0,-0.0,-0.0,-0.0,-0.0,-0.0,-0.0,-0.0,-0.0,-0.0,-0.0,-0.0,-0.0,-1418.550957841442,-0.0,-0.0,4665.056786501168,-12940.179050932207,-960.8504576796317,-10286.334959492266,25228.541001376732,9811.390186988145,-4198.561992502938,2560.339198069083,43690.39416082317,-0.0,-0.0,-4236.806978838013,2896.285837512314,-7262.831531531437,-9061.42745031167,-0.0,-220.77736231665767,10309.998444450752,-4699.221971844259,-1023.3136556496809,3369.6313112520993,-30646.059493294182,25508.700586992196,-5335.2676593887145,-2348.115263047076,15383.548312920933,-0.0,-0.0,-0.0,-0.0,-0.0,-0.0,830.5832587028664,56738.80813771338,-10486.952640630698,-8211.371370235056,-13640.545321781748,-0.0,-11262.650160430445,-13807.977572252115,-0.0,-0.0,-0.0,629.027546382311,604.6476500083685,887.3166424725149,3260.043226900731,-0.0,2854.7402767245926,1052.7396643515572,961.5617064300118,848.251234163277,885.6426882756737,3593.9910687945535,1898.343087032509,3581.815239383891,2839.54599658081,3140.394518024474,3461.8085372015257,41144.48917182588,45073.89187774557,42623.18102041161,38617.77603528856,7357.218482490694,7292.412821894235,8412.080698383608,10422.883427463043,5128.742802552925,2211.388745653953,2329.286225976971,2342.8366263385187,2199.2575207571094,2321.5131381246347,5395.2837695735525,3371.5942369094137,1430.2196630967567,1375.0808937886413,723.93650683908,422.5953512898746,512.3978720083765,37210.44387847566,40356.083580369464,42834.44019091303,39381.2067421266,60826.775646971284,64035.25365934735,1440.4502153443916,1429.0146838712333,1437.5324758156894,1218.5396421762396,1360.3081717789603,1419.0296959001682,694.0634501431509,53290.128329377396,56920.14350806302,58091.38700469147,2957.3181193202636,-0.0,7637.023901562475,43505.474233181805,39258.5312749504,39714.97910824391,65544.40992200862,71937.22579972177,73869.5839785369,62076.867511168166,2917.8970579844718,2575.942345999426,5392.342857496565,-0.0,21539.014274715402,25082.831290626735,-0.0,526.4966994781051,1096.506870453344,1722.5819348249956,1578.209689604672,1833.5688974990624,1624.9682510262771,1876.78968431377,1523.1254563893128,44610.38074896974,43244.43146076015,42469.16500848442,40034.73187014068,1166.7976664298892,1334.0206440336538,-0.0,-0.0,19002.25157157093,43038.107207455956,41399.31005421014,38652.40974405672,37302.46787777206,-0.0,53924.73772246394,57948.25517633655,1181.879040433222,2329.4126614012403,2558.72818576873,2729.1249025760453,2454.884831684583,2416.3190649633634,58874.85477181686,55532.50372910988,-0.0,-0.0,18510.00661960306,968.633122182229,1167.511150078203,43909.07496166053,41534.07270801216,37411.025504708865,39637.93167319887,37774.84454692674,40153.95874875287,-0.0,17546.96693329834,11156.39521395323,-0.0,-0.0,1393.353950745671,1530.6757169430757,486.61838364251037,435.47819880212745,356.5260957307035,358.4411071418695,-0.0,1275.5566084606496,1216.1224743823072,1169.2427866502007,1332.9538866842004,-0.0,1622.4094889396936,1691.8405069967791,2141.597375996489,2289.6601345691442,2288.7589141377184,2241.9218008537105,833.9678269431961,1016.5675390728362,930.1303563233458,1395.7252620701101,984.200575807633,883.7144349403508,943.6154207513276,952.4801768072397,8992.514977478339,10209.126223943256,46.04092159779103,80.13754575686889,3750.890883918916,17653.361656675035,1126.211638203917,1081.372276750055,-0.0,-0.0,7050.841295335891,7145.914126727975,7009.568037895949,6935.637622772566,1477.042777141723,1597.150009033739,42154.428314637546,42921.238829334055,9337.970245684774,8166.293492687362,-0.0,58405.61532646393,2381.4977007927955,2238.607566308081,1219.5067868369974,60684.14217893656,64824.32680185186,62725.36345358018,57845.24625588671,474.66183563876217,65256.131979989485,61413.89243182102,-0.0,-0.0,21268.741664455178,-0.0,768.3242460343938,783.2120582625937,696.0428315910048,1857.7108259991073,10391.565674937803,24474.539981338923,1581.484350373365,1707.9869807549437,57.061466432049535,746.9973604898132,747.5760765488103,16600.118843252876,1678.3962364567203,-0.0,-0.0,-0.0,1206.0570081396138,-0.0,1285.3221607445855,-0.0,4744.664035877331,1109.4218274267564,1250.2733757078313,1183.7358723396255,750.3024189340041,726.0413829246901,684.4902522788379,1666.6816825820047,1848.4084992673556,2005.6715284678028,1206.5165025305412,135.5399439488115,5517.313042495683,58264.321863853955,63222.54499821587,11401.523049188172,22961.113061126514,17290.413472716864,18068.27446032989,2221.632016098072,2026.8460672784995,1597.558396969001,1596.7311566864323,871.6433263332899,1054.1342936285482,2607.1008603465584,39337.97757132916,42286.04309453262,1497.2277040226427,1531.693598100071,1482.2248530132422,2543.4426935836395,2714.355408434858,3104.9682965189318,43264.04442541278,38728.93540849335,38471.46123426746,42129.73101719962,-0.0,-0.0,-0.0,2599.069479898818,2884.7166806884343,2507.44863229759,7741.893490155149,6757.054286856472,7308.28224630001,1992.5054334440865,2100.024426900923
21,-0.0,-0.0,-635.8974928699024,-2022.4507104315571,-475.2411211872298,-561.6885042916226,-55.15643772249578,-1045.3056862541216,-713.1941260586327,-0.0,-1507.9476978093378,-0.0,-0.0,-2226.1578838491773,-0.0,-601.5961552073306,-448.9480322011626,-0.0,-0.0,-191.20732481770054,-272.521882744448,-726.3057384217392,-1153.1311472729021,-740.1669067988277,-2176.73023222911,-1344.2631512795851,-0.0,-0.0,-3033.3416025965735,-1830.616674142268,-0.0,-0.0,-0.0,-0.0,-0.0,-0.0,-113.42037639800921,-328.0282623171897,-1758.985867141572,-1422.0434771914904,-0.0,-0.0,-139.15239570983,-740.8316089723172,-186.37524143920072,-0.0,763.999830758604,-1730.5071705483156,-424.16722718031303,-0.0,-0.0,-388.22983834390067,-4.765780262522473,28.28579748688567,-2043.8236789787923,-3524.9111490510413,193.02609220184138,-6035.654720077723,-251.59103234791112,-0.0,-1708.4322326908343,-0.0,-685.6354042322015,-2614.5873757112818,-559.7969507307671,-662.9621173500339,-42.7306526588296,-2402.8904281694217,-797.6582787148876,-560.7935357273028,-3222.606836866541,-0.0,-0.0,-2414.3369247225246,-1073.8924800877214,-415.93181829066896,-2005.3807154247716,-0.0,-0.0,-1572.729868153016,-1693.6114387219839,-497.4929088069963,-4114.610564708207,-67.45654136910953,-79.37082819140947,-1819.287639867623,-0.0,-645.9604894593095,-1082.2073558340467,-18.56762599947074,-0.0,-1556.1261052912112,-89.1589620405055,-683.0692082767987,-2390.9376966453206,-55.9348325631485,-2402.5193406775447,-367.7638837298467,-1525.2304496013742,-2797.5617503178023,-779.6950479261043,747.1012538921275,-590.6454684630601,-0.0,-1759.4861250014083,-2513.7611501633805,-4546.380775887611,-599.0446442013205,-2995.208728125611,-0.0,-1600.0491445445864,-0.0,-0.0,-539.1750497171929,-0.0,-0.0,-564.1765507908117,-84.62267736485346,-1762.1545191481314,-891.1667012961648,-1082.4803132067127,262.88304814496485,-477.0092345317283,-382.4179248303979,-436.2003701582604,-16.25063422681267,-474.7718195844242,-556.4791952040727,-832.4401095376462,-0.0,-5460.799176655553,115.60579722328303,-103.05043916664798,-4789.734341912279,-0.0,-1083.7458121162315,93.9180839424072,-0.0,-691.4981150673992,-0.0,-0.0,-553.636618095524,-0.0,-364.4988057636817,-1026.1139975369067,-0.0,-1139.814933883813,-294.2215112202116,-759.4290093724806,-2348.276969418187,-0.0,-1833.4091664979646,-1098.1419857692065,-0.0,-0.0,-0.0,62.00311432024962,799.2011737674246,-0.0,-1670.154579764635,-1986.529991893301,4.782098963821081,-0.0,-0.0,-518.5041985720287,-379.15808067195184,-404.8407152970264,-0.0,-413.3212609340854,-3372.0998371701808,-1236.854747831579,-0.0,-1335.7443960307223,-2472.110411279676,-0.0,-0.0,-0.0,-0.0,-0.0,-0.0,-595.2091634831796,-730.9421840288305,-290.6352361933191,-187.49702072047626,-1140.7876617160057,-17.396712341254627,-0.0,-0.0,-711.979702197669,-0.0,-688.702185619202,-215.32086223238608,14.5469216184312,208.44274040004493,-0.0,-0.0,-1124.3781612893165,-434.5847006058752,-551.0351909756047,-0.0,-2954.8252484898844,-2330.6186019084425,-986.1589142264814,-0.0,-0.0,-2356.033118631632,-1403.52895183521,-759.5921456302204,-27.9993996872924,-1707.1004354371025,-1378.0584475622586,-0.0,-0.0,-2000.3701689852041,-0.0,-993.0048277380052,-1163.0665881926616,25.050183774083315,-553.0001811347096,-613.4894021102402,-364.9464660664376,-0.0,-1896.5008287471373,-0.0,-3193.9051174486776,-2709.1004697022217,-213.56487046631412,-534.7307357494087,-509.84976109849856,-0.0,-321.18029642935574,-229.98367607062303,-0.0,-1112.221169576932,-626.997325258796,-1071.2635597327524,-1909.9314876775616,-1050.856303833875,-2284.481634310187,-1886.4797790601203,-2547.2035828811627,-2521.4501530783677,-1185.3682116543687,-2334.818337623437,-606.3393848322747,-464.226352364038,-0.0,-1440.7564607827467,-947.0981056958761,-1159.9557391333456,-500.0832961822747,-439.3033460642776,-2393.230547341005,-720.7467009974272,-486.57898009870803,804.5687454159952,-0.0,1216.095353896252,-1575.8332905173477,-0.0,-0.0,-0.0,-0.0,-0.0,-0.0,-1438.8054738314097,-3151.1751280702088,-543.1972828860651,-1042.5082237187753,-0.0,-0.0,-2082.7512113501016,-1451.0068098705094,-2162.879076856509,-0.0,-0.0,-73.55319445359119,83.8130854959736,-507.32672607965634,-2173.710522553219,-519.1755169624502,-0.0,-465.8799742716276,-790.5250020403681,-13.919313993634814,-1351.1316268278426,-1229.5042917036055,-1649.195674126531,-1213.6685529122537,-161.6806314584195,-690.1114996568373,-0.0,-1790.7728672804,-0.0,-1038.4738515946663,-135.58907571000836,-44.013292427389295,-589.8092363703554,-0.0,-2568.8764486726313,-135.12894226095804,-687.5401157408526,-1699.8464556520141,-1489.0885848639116,6.889166819471275,-570.9431324187691,-870.3966741671213,-26.70028696655264,-321.2477132456474,-493.0636700070218,-68.70438696942321,634.751970548199,-1377.2384258912143,-0.0,-1021.4258852818155,-1344.763356817788,-0.0,-614.9935862741492,-0.0,-1690.3737575572861,-0.0,-0.0,-0.0,-1274.9239539084035,-914.8509257947172,-441.9469076785905,-0.0,-1539.1212679706862,-3388.465544318886,-3938.425281737736,-0.0,-392.60742208981804,-0.0,-307.90452712749163,-392.05208468192103,301.26286564271373,-610.5154824440259,-0.0,-618.02292391631,-1033.436109172343,-300.59096273781523,-560.4178869432527,-0.0,-497.5021777132172,-1278.5944786500372,-592.0401280669942,67.97703079145803,-2651.527255398126,-0.0,-0.0,-1181.365803971976,-522.6169402049015,-1313.0936782973968,-77.04890705435342,-142.58982863392504,-250.7963973783026,-680.3742195725299,-1030.5476642322008,-1554.6716844628402,-2551.1058513303487,-0.0,-0.0,-393.42496483072324,5314.222163609824,-0.0,-0.0,-0.0,-0.0,-0.0,-2726.836748789979,-546.1217514978273,-0.0,-1167.4336530028254,-1168.8297311478525,-661.8115304293641,-2399.372978250878,-195.82254228320588,-1319.6846767367372,-0.0,-0.0,-2267.295916273896,-689.8243342289311,-2002.185323360939,-745.4820886092712,-648.4109410189753,-1825.194320289654,-278.34705911807936,-1997.6823795964694,-1159.207345253802,-124.27207793546906,-928.2725891600957,-1352.3702418953596,-232.29821969431177,-244.0415028516367,-2019.7457806498535,-0.0,-537.011384427991,-295.0905872570608,-161.37716915709578,-837.424453499499,-240.98547532975556,-998.4649141603411,-825.5147563194026,-1377.117470843483,-330.90226492717113,-2816.746844613969,-25.174668518007778,-669.6678084473637,-0.0,-962.192079621583,-714.6884636598585,-1055.768614438734,-1194.1766238488099,14.202018667003012,-401.65382385344867,-880.8986900602484,-880.6659569695131,-392.5700570503886,-1138.5443988424333,195.32118133898325,-0.0,-0.0,-0.0,-0.0,-0.0,-0.0,4.927800502558498,-332.24271604741034,-2619.62680649872,-4742.603213693526,-532.2762894023632,-1148.7179197182977,-155.31626808760737,-585.1063706477833,-1503.4722469422854,-1234.705983864148,-87.76786605806073,-491.4674790955618,-530.1758539187747,-0.0,-143.46555642784827,-1139.84597507333,-706.8808387787575,-0.0,-1453.869606618543,-0.0,705.8419621351137,-0.0,-0.0,-0.0,-29.387395347881743,-0.0,-0.0,-1072.3131010719471,-465.3741926843234,-1227.9202771215678,-0.0,-0.0,-0.0,-974.5937592681155,-615.5567944060889,-1497.7564068687152,-0.0,356.4232161490981,-0.0,-0.0,-3228.4483911436205,-1500.9650694435522,-13.847426373132125,-0.0,51.53634039148698,-20142.878840915386,-19373.06564906916,-2778.454635865026,-0.0,-0.0,-0.0,-0.0,-333.97670132777125,-0.0,-0.0,-756.7045141793825,-2689.914883526264,-2338.5487159237928,-1628.6923085468588,-445.36241495596914,-1970.9516174691653,-49.34527582992798,-1739.1988521941532,1062.3795419548385,-0.0,-911.3872462088359,161.44418703823587,-0.0,-0.0,-0.0,-0.0,-121.8201025009808,-0.0,-0.0,-0.0,-849.4604813641077,-1724.9971848848454,-0.0,-0.0,-671.8185846928104,-2259.6483608317762,-0.0,-1538.1551511927273,-1881.7820173029813,-1965.2572241771243,-0.0,-0.0,-260.4993769519886,-82.47834329992824,-1182.4395282021908,-1631.7536901506273,-547.9902357158716,-1534.1367615662105,-1331.8988554275484,-0.0,-0.0,-0.0,-0.0,-419.4271334990183,-99.26680302651901,-0.0,-0.0,-205.13660706280209,274.01632704013673,-0.0,-1279.4659508101345,-1205.2444041006747,-1196.3456926551885,-0.0,-0.0,-898.082548250216,-1413.8113777658898,-819.1852929515518,-450.2902644384501,-0.0,-2517.156064440275,-2544.467766547774,-0.0,-0.0,-0.0,-0.0,-0.0,-1536.7601259366108,-0.0,-2283.4778084501477,-1240.616609303298,-86.11947985800376,-0.0,-0.0,-0.0,-2862.1473421321525,-1670.1002490443102,-615.0555244580739,-576.3592646753564,-1161.8034659579719,-872.95667109519,-0.0,-0.0,-574.0392639436491,-1415.1665780565102,4.730543953973999,-622.8874770879227,-0.0,-1128.429588517504,-884.0805308085958,-1736.3028849502218,-0.0,-274.8892093970118,-264.54269514834573,-341.62952709016844,-1583.9661007168343,-111.16125343803893,-0.0,-0.0,-0.0,-0.0,150.25901829947267,-170.7096420039202,-854.9016620752254,-1595.5767569717634,-1369.9660201760869,-600.520530236298,-623.257858208976,-9757.668950428046,-1051.9523235527488,-610.8175660411155,-0.0,-0.0,-0.0,-369.1204495854916,-411.48781740443184,-1241.7823092199228,-363.36241259114144,-0.0,34.57762294501105,-0.0,-0.0,-0.0,-0.0,-0.0,-0.0,-0.0,-101.23079468047455,1830.7000215616401,-0.0,-1497.9671796706566,-637.1851231980191,-461.50790909919,-2016.9272852756962,-0.0,-0.0,-652.8640453966672,-787.6851499729073,-129.27324580632705,-147.09651324272608,-0.0,-689.1108612245223,-193.99106705800196,-2113.528683880005,-415.10157712174134,-542.6499295664187,-0.0,-0.0,-1435.5288716875955,-2536.0095284567346,4.118506120509979,-600.8611308120713,-452.17370314484873,-1132.4171131080143,-1451.3562809611049,-845.3239321078023,-331.0161866740086,-186.4554080822936,-1580.4517897764747,7292.976882109381,-0.0,-626.8470119969259,-672.6651206255736,-1270.154029430465,-1253.0719441363847,-1207.8181461763847,-2005.4876519307097,-1922.6118142155356,-643.2312319785716,-0.0,-0.0,-1893.7119650629743,-0.0,-0.0,-436.73375500007216,-1966.0526895464768,-1624.1217274646935,-285.14978996744793,-132.00153678785665,-2073.4203338949224,-0.0,-1501.7928789264504,-0.0,-0.0,-0.0,-0.0,-0.0,-0.0,-475.9503872717223,-1625.2918469288475,-1103.9915375164921,-85.7264356265089,-262.4509891854368,-562.5628944568599,-203.86915474620548,-0.0,-0.0,-534.0587117637134,-668.9139045400556,-4005.1691403879695,-0.0,-1357.3314926278235,326.7575569383732,117.11741245407619,-0.0,106.11897309368528,-173.788498673273,-106.67418465409804,-552.1267245405644,-0.0,-1751.2146847071779,-0.0,-0.0,-1543.5232974914763,-0.0,2446.052544480381,2388.98785672238,2368.1769118803186,-0.0,-0.0,-2016.100995994805,-0.0,-0.0,-327.5357761852316,-961.7535803487532,-887.6780665883844,-1166.991798778964,-1136.6715715236217,-0.0,-0.0,-0.0,-17.051917944093645,-810.67876051222,54.010645016972205,-79.20800476919634,-1242.6247222152356,-1031.123605516418,-426.0445946281022,-1542.9463280113675,-0.0,-2007.9572950724066,-1275.087592232541,-1774.650540359749,-550.9482772328563,-568.2455485409338,-0.0,-1520.0276244612867,-919.7870355125752,-982.5512455590087,-2236.5744078952885,-568.4936979432126,1299.4010154734679,-4.636091991029167,-423.25654067624157,-1340.8430616742967,-0.0,-1740.7923669738952,-3592.429637518597,-522.2039657165599,-579.4895443901149,-0.0,-0.0,-0.0,439.03722158740516,-426.93415566763804,-537.4111943982465,-192.40429147268173,-576.7610166028677,-466.71938822134086,-0.0,-464.37388206186665,-1111.3111425697048,-826.2821530069878,-0.0,-2171.271330743573,-4444.726247304071,-0.0,-0.0,691.9372326822394,725.4157789699296,-0.0,-0.0,-790.7546995088966,-893.2245893530564,-434.71926068686867,-731.0283171044541,-0.0,-0.0,-0.0,-0.0,-0.0,-3191.1157742483165,-442.5977876581471,-1879.7000643871452,-1145.7420689077767,-0.0,-330.9735256584511,-905.3961110894058,-0.0,-367.4445118034467,-881.0861490008174,-1183.9156299039855,-5093.346957329547,-45.603114933721926,-0.0,-0.0,248.33944118327523,939.4318513643109,-0.0,-0.0,-443.4833356372362,-0.0,-35.76672246254959,-0.0,-2822.876913133551,-0.0,-465.32577834037676,-0.0,-0.0,2149.5176548770605,2445.209473030092,1999.750846042845,-0.0,-0.0,-487.7294098178902,711.9043256301119,-2581.8973708742974,9.84428091003571,113.4597361508646,-2834.7454076903646,-60.19935322413889,-163.87039917503,-714.1210175186656,1026.478623525252,3586.9202890952774,-3112.996853650668,-0.0,-0.0,-1029.8982403709865,-1722.4691015220872,-1527.3792475017322,-283.63491981947806,-78.62708001526514,-0.0,-0.0,-0.0,-0.0,-2323.549847519283,281.1597594849371,-0.0,-13.132116435655488,-0.0,-1834.747155173502,-2003.3724694719451,148.4687483417635,-0.0,-0.0,-327.0428824861413,-0.0,-1884.6820029564724,-84.88853776512262,-1182.8016230755852,-419.5319325152053,-1357.5391924362161,-733.8087605702335,-1099.1935544479534,-705.0474887996315,-0.0,-0.0,-0.0,101.88727895479948,-0.0,-0.0,-314.0554775141246,-485.80942376822867,-753.1121807713284,-0.0,-1528.6121322906317,-1178.4186379193038,-908.2185411011212,83.56884062432817,-436.67355037073565,152.2498221794504,-354.5103723757661,-0.0,-0.0,-9.288939654047814,-2008.7192666893816,-687.6641412566858,-1073.2651646617483,-159.49402584053934,-2193.825370381902,-2006.3142592933136,-1174.9859683881148,-1213.3113465385672,-118.14621125003104,-648.9633105610101,-764.0513104778208,-1189.8421431728952,-2819.945535393422,-0.0,-1909.9327026025385,-165.16961723797704,-0.0,-2441.375221678864,-3205.9130913375734,-2436.094492753453,-286.5086085715382,-0.0,-1632.368619993365,-216.98385187154335,-1336.9812544449321,-762.2749467157897,357.70379060302275,-1993.3829526386553,265.7748381835491,2340.299292626481,-0.0,-240.0875384256608,-518.7666937436302,-960.5405266351838,-1349.1785508671662,-1878.109952231942,-4759.183775768236,-0.0,-444.8549336260439,-1454.9487305173636,-759.8169848251674,-269.4560676819825,-30.592413278679516,-357.5055440314215,-0.0,-0.0,-0.0,-0.0,-274.6705373972501,-1348.8014036678119,-973.1688639385928,-58.06071561179774,-18.726312891405243,98.87215941713542,-0.0,-0.0,-1216.4825516846447,-566.525764797767,-0.0,-2465.483231819163,-31.773584751559007,-1422.3238491356763,-0.0,-247.8169027870671,-204.15818676926816,-0.0,-0.0,-553.6206803104548,-0.0,-0.0,-5702.136624380518,-218.41485602774054,-2360.278456684718,-9.81121756380276,-0.0,-147.1445028416585,-1389.6502874425105,-716.1290675579118,-337.6644674452828,-1567.0150349126222,-0.0,-407.254886305995,41.31117801106696,-627.0575024558203,-0.0,-0.0,-43.963352302043525,-73.7833252189983,13.225863001406557,-437.99044866138513,-1531.3025598536838,-1770.5800561344238,-0.0,-0.0,-0.0,-8.563022267387518,-339.5992572716368,-0.0,-1556.8393340294947,-2851.8197621093395,-0.0,-0.0,-25.81542877793951,-1685.71109089914,133.18408622315116,-0.0,-0.0,-0.0,-0.0,-604.1959394164219,-2493.803790827544,-668.2335049325632,-1348.269635872654,-0.0,-0.0,-731.1623966813737,-544.9254462768379,-423.6130984153924,41.91669825015889,-0.0,-0.0,-0.0,-894.7192743590546,-784.248984159475,-548.1298487218714,-389.89222357656405,-0.0,-0.0,-0.0,-0.0,-2368.86518452359,-88.43498261874629,-83.18149521352196,-0.0,-0.0,-744.7322133565563,-477.3590566406582,-0.0,-2115.143629307118,-5605.635255882651,176.98894280134598,-1171.4133144729421,-0.0,-0.0,85.62638715455925,-705.0020445964614,-1891.3730612042277,-545.0163298961272,-2731.8348295814635,-1241.3469537296248,-896.68808609376,-1625.6361988662795,-0.0,-0.0,-0.0,-42.40366050284477,-1224.6141112215519,-0.0,-0.0,-3685.087999963811,-89.90548183953736,-1553.6192816044186,-824.3337907866937,-0.0,-0.0,-0.0,-0.0,-0.0,-0.0,-790.5150724253605,-0.0,-1776.555652088583,-0.0,245.8560590808625,-1231.2191642909524,-0.0,-0.0,-0.0,-2842.5610705779523,-0.0,-0.0,-440.09796205794584,-0.0,-0.0,-1073.2786037080584,-691.7191894841851,-0.0,-0.0,-223.05905329208255,-2192.3372927169985,-0.0,-1420.4854819263758,-514.5336440583526,1319.368222091578,-253.37267365464453,-0.0,-546.1826910226165,-203.33417072767665,-0.0,-21.273462904022495,-0.0,-347.5103385227094,-0.0,-0.0,-0.0,-0.0,515.9483356871796,490.6793613485448,-944.8548660522422,-1970.3816910533467,-0.0,88.71494901807851,77.3913813933966,-86.1219203301248,-921.8923021134498,38.93319917777299,-537.9468274354011,-416.8217225869912,-264.52221367314417,-3797.07846231855,-0.0,-263.0196956003497,-1697.0610644274402,-2540.8576660560825,-0.0,-1134.6450086428297,-1577.462953881199,-2265.956390252191,-826.136756108187,-0.0,-979.9123794929361,-809.2702634204064,-875.5475482782188,-1629.4285332834831,-1086.3247186006274,-0.0,-141.57621674442538,-1375.8235681438975,-0.0,795.5444576498344,-576.5645257567235,1166.212159863862,-0.0,-0.0,-18.472905237203,-661.4429168023775,-2669.1716079286784,-1115.724007001749,-0.0,-921.5382232161332,-3332.292486506111,-1067.6013635687857,-960.8698759013362,-1265.697575891538,-530.0932471857548,-39.11094655220192,-0.0,-0.0,-0.0,-1201.4024898324894,-4.728021200082762,-0.0,-0.0,-2115.501463006211,-906.3764787136856,-583.2245457427994,-1816.5328670146541,-175.97017532977054,-36.232128262901,-2531.1626408777615,-862.045641309702,-596.2824106420807,-1426.080069558373,-0.0,-2813.4633292322587,-437.095523508875,-1239.7121839370457,-1646.1961014314384,-393.15019814130244,-575.7562114634533,-1621.9432784041699,-460.3742476146895,-0.0,-0.0,-0.0,-1481.0976500213105,-0.0,-4240.842049849339,-1266.4482885515797,-1534.289519351759,-0.0,-0.0,-0.0,-0.0,-0.0,-141.16674258174314,-0.0,-287.80811207686213,-1047.2059810267283,-395.48904963158185,-0.0,-0.0,8.179102386225738,-0.0,-0.0,30.910846871995425,-283.6881288916607,-0.0,-545.4019619416465,-0.0,-0.0,-87.72826666716342,-0.0,-3195.6115557508533,-2479.8805127638093,24.368351018123665,-7164.951908824461,-1079.2942741379547,-702.4841937158305,-0.0,-882.2266457077363,-1425.923029494555,-0.0,-0.0,-0.0,23.24763998179489,-0.0,-1227.3582200555272,-0.0,-1729.7554450736225,-0.0,-0.0,-2516.5698433159523,-1178.3994035395629,-950.2762451806112,-0.0,-0.0,-0.0,-0.0,-307.5484134339765,-741.2217651972583,1500.9240678558265,961.5467466332896,-900.2192076988335,25.164551261633594,-0.0,-370.8327517350693,-286.19752566530326,-2127.1903113062444,-454.44532487393695,-134.7146114120356,-1175.0163561767654,-1449.6583699785178,-1104.5234547442565,-664.0345163550601,-0.0,-0.0,-0.0,-4.811987789520002,-0.0,-1665.7556324313705,-651.4518745861513,-0.0,-2149.9970317145344,-1353.0466113095881,-0.0,-0.0,-0.0,-0.0,-0.0,-1064.7533118117703,-0.0,-339.9004244913974,-1630.0669510277226,-0.0,-1296.9385881734167,-0.0,-0.0,-0.0,-2615.597632225495,-1214.421911966935,-1055.8140178836716,-2704.9738848752513,-0.0,-0.0,-0.0,-102.73802524637273,-526.7888472140247,-30.19994898256398,-662.7212856620135,-153.4083709052282,-0.0,-0.0,-364.9144568561419,-1545.7665296988525,-4336.023128466641,-0.0,-537.5624436018369,-1459.750130477593,-487.8002778650499,-512.2549241176755,-0.0,-0.0,-4.060717690472798,-2312.8057182753246,-2219.291273660961,-42.26235496025298,-1746.5564939099843,-443.1532764266242,-905.6005570030984,9.841571187186425,-1156.6619696881062,-0.0,-2309.8477827233705,-0.0,-503.88832202036264,-0.0,96.66948981880833,-0.0,-0.0,-649.4143394824291,-809.6714678880201,14.502884031826333,-0.0,630.7450109237867,-0.0,-0.0,-1600.224223044546,-1416.1776420795866,-1224.0435608109092,-0.0,-420.4292583635778,-700.9296445981498,-1598.6401755084398,-0.0,-0.0,125.6640874600841,-724.6369495489674,-0.0,-0.0,-19.064203481433246,-0.0,-4.653096289954918,-668.9680107120851,-0.0,-0.0,-1455.0710277003654,-1490.5212053332118,-89.8144591375727,-8.183373919282788,-137.79689929534754,-862.6857553586639,-1206.463562495294,-1840.179082708362,-0.0,-1013.3101468739845,-17.02126813590803,-46.09760127303799,-1453.1506515143187,-0.0,-0.0,-0.0,-0.0,-699.193025755761,-4.8438543658420965,-9.704053918183687,-0.0,-0.0,-543.739128377262,-0.0,-0.0,958.7859732621077,-1250.5736363383216,-45.03395115254684,-2111.8957501479513,-0.0,-0.0,-567.1902496046442,-0.0,-332.2694700304755,-1102.8147401792685,-925.0467345214142,-1111.6688604806707,-0.0,-0.0,359.01237164451663,-0.0,971.1887516345399,1049.6030569176583,-223.44175129050842,-909.2186271962266,-0.0,-0.0,-41.39627626484562,231.75845616537504,-1050.6541370606399,-479.045690113102,-1396.5140245721611,-2777.4908750832496,-2336.131356389655,29.318208646452476,-0.0,-342.2816705682237,-5970.930329257464,-637.4908156468474,-536.8064783694975,-0.0,-0.0,-675.6149744873932,-0.0,-849.9329351579051,-1573.3049135589747,-814.5445498911312,-0.0,-0.0,-70.40593698803961,-0.0,-219.92569526803777,-1515.0893432317496,42.34622847129495,-668.5675323224352,-368.8295411647203,-257.0766408565333,-833.4930670579262,-2687.378900472281,-20.893979323397733,-1273.703581447891,100.21797506478971,-1088.6760304700217,-335.4224767111282,-0.0,-0.0,-151.71858490540802,-0.0,-0.0,-2048.1425156232317,-642.800489029692,-0.0,-850.0197095431504,-540.1123920445932,-0.0,-0.0,-1583.3577051825382,-1043.1241796084541,-1602.6932527702409,-1504.5460697081392,-0.0,-159.62915753310872,-3432.074538591186,-955.3678108464046,-442.48401330248447,2026.273006857528,-1612.700401136068,-1288.8027274798733,-13.108719163864416,-1002.2463144379163,-18.352182027779932,-1775.3929103502926,-0.0,-3741.924303919188,-649.7738984008815,-0.0,-1616.1759780406283,-1800.720957079961,-0.0,-202.2696560317633,-956.3562557567923,-1167.7918385652545,-1509.565868194886,-784.9798073142365,-532.5047044040109,-660.0098925530191,-0.0,-301.3466822442278,-0.0,-2619.7829605592033,33.762680215841684,-3557.3831840810194,-853.26194614309,-0.0,-0.0,-1316.842608884726,-947.754984817761,-0.0,-498.1230654085813,-0.0,-0.0,-849.5897330153721,-0.0,-0.0,-0.0,-0.0,-0.0,-0.0,-0.0,-804.6039674437676,-528.0480115471164,-3148.233754941943,-2733.9936207801265,-0.0,-0.0,-1312.6974921036444,-2106.8308050810624,-508.8674554084806,-219.2166925334561,44.90668257602426,-0.0,-1681.549443298261,-0.0,-2876.222061102145,-0.0,-0.0,-0.0,-0.0,-1730.4457879109123,-227.4809635736606,-378.10294893308185,-1280.6795448570797,-1289.1415195972245,-735.8941302708007,19.705177200534006,-1254.0583597196678,-0.0,-0.0,-0.0,-0.0,-647.1362966330645,-521.7326301607036,-1457.0558385099466,-0.0,-1166.97093660176,-6863.719751285932,-655.3664767047114,-772.3296534557026,-3378.0945564770523,-775.2827485506847,-0.0,-490.6204172845563,-461.4858581772805,-1234.4573174852871,-645.7154829344875,-1640.4266057968894,-1535.8367288314757,-0.0,-0.0,-0.0,-0.0,-1675.9122203480922,8864.004207019088,7661.700582952826,-0.0,-0.0,-0.0,-0.0,-2202.7477879369135,-1003.7405988273442,-97.86124393829247,-1503.3498351513342,-888.6782670740505,-0.0,-0.0,-0.0,-0.0,-689.4982852573843,-0.0,-1976.9156780184846,-243.66570855269546,-0.0,-0.0,-0.0,-0.0,-224.18799914678755,-468.7181902545377,-499.677705444507,-903.5091630146553,-985.2031265099355,-1298.4268185573505,-972.6582268096126,-374.22247342981103,-1243.1525454070838,-1614.961142581971,-1271.0926964365333,-1890.5159606338646,-213.1057828383077,-1383.3763163178298,-1196.6809533679243,-981.341816080004,-1765.5957324832852,-606.6337345941112,-2352.5243705938806,-1734.0857955080203,-1554.2611696681233,-660.5509181907864,-698.5809574877414,-1181.5021100076785,-0.0,-1140.9761059354187,-0.0,-3163.780152303739,-728.9249051967167,-259.32343276967987,-1891.8545729727116,-1539.8665079188102,-1283.3498292649206,-0.0,-0.0,-0.0,-0.0,-856.9587897484812,-4006.689989783822,-1483.2705055760625,-0.0,-0.0,-1170.1561468567681,-0.0,-0.0,-1095.137612133019,-421.3134940349334,-1144.104282506006,-879.2969064715685,-1007.375938617504,-733.6775003320628,-2077.0893582870717,-0.0,1330.4358079016836,-0.0,-0.0,-1099.9012822913733,-6081.418495146737,-0.0,1820.9501046011314,344.0618471241347,-981.7263483865636,-0.0,-0.0,-1622.2857323169962,-1114.669348495047,-2456.5011515014667,-2161.612190735512,-414.3854532650771,-0.0,-503.281531025982,-198.93506977713386,-0.0,-984.9631190450004,-0.0,-1767.2216662140354,-2496.3691755693135,63.58661622472775,-2419.0814939574225,-2126.5378001489116,-0.0,-524.35034652858,-1680.5877562416276,-2343.418858415619,202.24575517506807,-447.71267986836034,-2693.306518789976,-979.8626733103847,-851.1213450846656,-958.2075010223417,-468.1038727529774,-1096.3102510944618,-1603.6727862099438,-0.0,-1015.4170695913832,123.79612902459274,-1467.5954743106456,-0.0,-515.6994746695644,182.23075556681357,-936.4760940714996,-833.392895981925,-0.0,-590.8361184616693,-380.70728327658304,-1939.2350366704627,-1175.6827394399006,-1541.4000675648795,-926.4093184274433,-882.8739139540805,-1083.3781568237323,-2114.5522052103997,-74.71016555177847,-0.0,-576.656389739699,-689.8421750689408,-1540.514252809116,-2229.7789065059546,-348.0859883001375,-825.7495777909995,62.61454534734525,-961.0760818962386,-571.3043268416694,-1039.1015944713645,-0.0,-1024.8897751967008,8.50123914019162,-2353.468021008179,-0.0,-305.0337735684519,-560.8084530349031,-833.9954491546607,-2409.993747688568,-167.3534199451608,-1534.784844689806,-772.1841328594273,-2736.732364225542,-0.0,372.18936519559134,-0.0,-0.0,-237.0189367495425,-0.0,-0.0,-3856.6250855024555,65.79258613275844,-47.935697401511206,138.84631821321946,-1156.0157441954516,-0.0,-0.0,-0.0,-0.0,-0.0,-29.817250917564348,-0.0,-840.448407995067,-0.0,-388.6688379898615,-1892.8294728498565,578.097214756703,-3472.6520290292938,-0.0,-0.0,-0.0,-0.0,-0.0,-0.0,-0.0,-0.0,-0.0,-2546.9459627447623,-0.0,-2786.829369453579,-3444.4510489076915,-0.0,-0.0,-0.0,-0.0,-0.0,-799.0200912850623,-1041.2906512630373,-0.0,189.4392920538612,-684.5216654490105,-2382.9139816525435,-636.674397068932,-0.0,-643.9652510925944,-883.3941525773265,-0.0,-0.0,-627.6742553261427,-958.3150846886798,706.9562822540929,-491.95305248581553,4.6537271715874535,4.673102108692379,-0.0,-0.0,-0.0,1538.6397664411486,1817.4363322508684,1515.255961152799,-0.0,-0.0,-0.0,-719.7312331752181,-0.0,-0.0,-1049.5759411272657,-95.13170946021363,-499.6898739700084,-62.832303796426274,-1045.811091459991,-963.8923020630339,-1350.91208733643,-621.9614996008653,-159.5856288884383,-1160.468593465844,-0.0,-2150.593420386116,-83.0790802299763,-626.1197753200612,-932.9239305816835,-81.71714842003796,-0.0,-1212.7445778016754,78.60517151410006,-0.0,-0.0,-0.0,-0.0,-0.0,-1538.2946100803545,-3070.6506102597473,-0.0,-843.2653562796609,-8.754584805846887,-0.0,-0.0,-0.0,-574.8126806277961,8.23185611223483,-0.0,-1207.51699154633,-833.5037876173222,-0.0,-0.0,-577.1094248721337,-0.0,-0.0,-1791.0695923126318,-1492.8732370051373,-0.0,-847.2340942486351,-2330.59533026383,-105.63406359418441,-0.0,-0.0,-201.04278548099066,-838.2097608064373,-312.5260867824312,-331.99273986400823,-232.8472724087326,-0.0,-0.0,-0.0,-1237.5043391913036,-941.2432669785616,-2209.3091331272576,-131.85432570330715,-1342.4950906555184,-45.33467405862739,-408.82404788503624,-539.3180151251076,-2152.52151622001,-0.0,-0.0,-892.4492758357871,-1935.9033764542032,-0.0,-0.0,-0.0,-603.2854608794734,-2522.1488826521695,-3639.188774814628,-0.0,-271.7831224388557,-99.72014245762925,-703.3215734658886,-610.4114172540425,-1744.1237757625406,-0.0,-1517.9434233124628,40.5251973766412,-8.28669180213593,491.0630460375894,-0.0,93.89706972793189,-343.8758289005529,-439.8590475225427,-57.9672023781408,-0.0,-0.0,-440.07916766660435,14.422405010707163,-0.0,-1667.7294988917513,-1033.3265371376801,-1016.8915658154107,-794.8188573387688,-1216.3199657442844,-1625.3296092266628,-0.0,-0.0,-0.0,-0.0,-0.0,-394.7920489935935,-565.9740645621047,-1245.5375197896635,-1504.5676246478124,854.4685209004874,-1572.6686466332426,1539.6259149572509,-0.0,-2407.1643103841543,-1605.766445936783,-742.5768344023578,-20.95610293784096,-203.08134479367638,-2196.5128801617984,-411.15252216617324,-0.0,145.32729720107645,-828.9205584048653,-0.0,-0.0,-568.7489994946819,-392.2521787344462,-420.956972860408,-1265.7024347923748,-1510.6808744358373,-0.0,-1744.1937369619804,-1406.4122902243532,-5360.742027301808,795.3195312108037,699.7297592181842,795.4221121734922,704.5155643178282,-0.0,-0.0,-0.0,-0.0,-0.0,-0.0,-0.0,-0.0,-532.4267087901965,-0.0,-49.972029625316715,-0.0,88.95027755747581,-1159.1478738054266,-1361.3452782348234,-2040.8846358252963,-0.0,-0.0,-0.0,77.44041702074033,-3371.3744359678653,-802.6747300961883,-3003.7522408784707,-1744.8780500903126,-0.0,-0.0,-345.1351921916807,-1422.8489953421665,-0.0,-2223.5036752202745,-602.9725429395795,-0.0,-0.0,-0.0,-2813.7738322712744,-0.0,-0.0,-0.0,-0.0,323.13682578089026,-0.0,-0.0,-0.0,-1105.6155687340897,-0.0,-0.0,-0.0,-0.0,-0.0,-0.0,-0.0,-341.9553235369746,-1140.0558716514122,-1589.5196049749645,-1495.4073142898835,-654.3972823253436,-1066.023161210199,-60.67006074985345,-0.0,-794.0623248591695,-51.75467473942816,-0.0,-0.0,-0.0,-0.0,-742.3646822424729,-0.0,-632.720945637542,-1366.5996964050394,809.1129773059158,805.1090798070177,878.6264501670772,833.4315066740245,806.3042218154472,-0.0,-0.0,-0.0,-0.0,-0.0,-0.0,-408.65418270714247,-0.0,2103.8016454227263,1071.6152409726055,1179.0138499152529,-0.0,-0.0,-1403.52282520044,85.89499659698767,-54.35941318121761,-2601.893767070071,-0.0,-2009.2004060515003,-0.0,-13.952924487742917,-0.0,-0.0,-688.7486769199445,-0.0,-775.6178087085692,-569.6566400046809,-393.2244897097069,-0.0,-30.149294869243928,-0.0,-945.4300202488645,-0.0,-2312.9438794720463,-531.0211878927036,1945.4871954343507,-2064.7856134911094,-931.6608860310934,-90.11641983768808,-881.7645441427313,-0.0,-541.9556731267832,-45.502652768197976,-2876.9806366997873,363.7673777621423,-244.2903379267279,616.9605299859127,1243.689906086145,-0.0,-333.5351340860334,33.60715661656311,-1106.8270364294813,-1258.211019249378,-1556.530870545757,-2111.7289424568444,-0.0,898.7926146366166,-0.0,-413.3274964927461,-2748.7344951767413,-1331.014270010009,-0.0,-1337.7497100348244,-332.07280385169577,-706.0221555563353,-728.3223699522437,-285.9232903750321,-1710.5675984332381,-0.0,-1928.5405526426416,-434.6641339639042,-1682.482483689998,-376.505095650285,-0.0,-0.0,-0.0,-0.0,-1493.7796086402163,1111.955007224704,-1043.7501590731272,-753.0094944561249,-0.0,-54.445365394663284,-0.0,-0.0,-958.6729358714132,-811.2315337717924,-715.6555530903001,-760.8131562858008,-0.0,-0.0,-0.0,-0.0,212.72859133990806,-0.0,-649.383484349956,-2082.154834915922,-1099.1345681631851,14.001924155261,-1547.6996384221711,-0.0,-0.0,-0.0,-678.2922231828309,-879.3530465933085,-0.0,-1671.6526394192688,-0.0,-3177.5362403810723,-3940.910121763339,-0.0,-98.46437374176922,-0.0,-752.136728796188,-0.0,-0.0,-0.0,-2503.752043648412,-1197.146297146092,-559.2825659837705,-897.2681550117858,-0.0,-0.0,-2357.7775750100277,-0.0,-584.2168659876147,1149.6777511008804,-1092.5396175488934,-731.0218812601844,-531.602632622975,170.83623033089304,-0.0,-0.0,-1469.1874531927042,-0.0,-606.1608248266941,-98.12088369985263,-440.9773680567786,-335.1420301728323,-0.0,-0.0,-213.53412988208967,-732.6014752391648,-1081.0902094617502,-584.6896298156853,-1297.1153125907504,-88.63432520931448,-0.0,-140.42513638918868,-2103.208058835659,-1215.4491464499297,-0.0,-0.0,-0.0,-609.0636329671192,-654.2311827033699,-1577.7280762338457,-0.0,-0.0,-0.0,-0.0,-0.0,-1606.1420135432713,-710.5886190947265,-0.0,-614.7332255734883,-0.0,-18248.90091704524,-814.3144386422721,-286.2076125817249,-479.3674908196397,-0.0,112.08470965676595,-1892.8759129328525,-2797.3951400136984,-0.0,-0.0,-0.0,-790.9377893303476,-586.8253952240631,-1051.755679481289,-1095.8566611076117,-564.6995828691612,-0.0,-0.0,-1790.0106422348958,-654.5897960741894,-2643.437385370933,578.5790683554721,-2188.949397705274,-0.0,-0.0,1776.4036035189947,-1099.2119832149856,-0.0,-203.925993320055,-364.95366117263774,-665.7871996886431,14.145485343642445,-901.277231551372,-0.0,-0.0,-1357.6288915249131,-1460.221983617167,-2738.2992583783866,-0.0,-0.0,-2425.428106338105,-784.075129779377,-820.5255301150393,-2518.4982663474934,-1626.1614176985554,-0.0,-0.0,-1162.6205780497996,-0.0,-286.06842991210567,-1709.205182853438,-1629.1798425287507,-0.0,232.98771863172448,-822.01063603648,526.17053474536,-199.2947020115756,-383.0309800312895,-0.0,-689.6114928429636,120.03283352559876,-209.69472058052773,-396.18958819682075,-2823.6840874359536,-2308.0103047945177,-95.54510953246276,-5268.484226738941,-565.0790654023237,-1143.0411155338504,-52.22006240356447,-4089.2436308935667,-349.0615387158565,-832.1139943289693,-317.2094871215006,-1917.9158931861998,-1370.6615534461955,-3427.301062103582,-4692.56904259008,-44.540507583299345,-671.8112047137737,-1686.1550498182905,-1131.0529650518329,-0.0,-4252.326278796054,-0.0,-529.888011808234,-1586.4825871081914,-1359.6361763094367,-0.0,-0.0,-971.4064329288849,-295.32510163625744,-0.0,-1542.137132639396,-0.0,-812.4743051654042,595.1093995646227,-1564.0659015387193,-500.5921041344697,-8.370918368611743,-63.71342180083683,-0.0,-1989.066742131243,-593.5160489563546,-0.0,135.0490219458279,-0.0,113.16630864785942,-142.52090371557586,-0.0,-481.0817461812969,-1359.8231197763828,-472.51298829610863,-865.4025916300221,-2377.9267506308875,-0.0,-4037.9835134886334,-2039.6698402910686,-2679.929220372549,-2458.9931433598226,-76.67327836562414,-175.1784937169714,-644.1789868460578,-1304.0366942188043,-0.0,-0.0,-1101.1969184694412,-169.51117885981762,-0.0,-72.61938687466692,130.53546490800704,-2447.247188004318,-0.0,-0.0,-1234.6653357741802,-0.0,-177.49980189351908,-0.0,-62.69908760375643,-213.11011790085215,-0.0,-357.2464109923883,5844.665037872659,-0.0,-0.0,-1620.8054584970082,-712.0786854053677,-268.3582349438739,-0.0,-0.0,-0.0,-590.0774826976864,-2119.428620407195,-0.0,-0.0,-0.0,-2015.024728121474,-200.7918441601619,-0.0,-0.0,-1788.9604072925545,-746.501498765056,-374.74362013911076,-390.48992024501007,39.02724380575696,-620.6981714150354,-388.42606315426985,-287.6827778231638,-2212.5573080976806,-0.0,-0.0,-1039.7482711867078,-898.260379431449,-2698.6358365903457,-0.0,-0.0,-2395.3091416977654,-566.0329696019458,-1509.6743833856167,-527.2214231141487,-726.9496603491659,-2360.575053642347,-742.3957679175094,-87.97084005639158,-913.4160899694249,-2413.0177338414924,-1895.278985643309,-1266.9309033527416,-0.0,-539.6350452093524,-0.0,-1765.6526722425963,-413.55011731107857,-216.29511293257872,-620.1821981659203,-932.6389109190766,40.90385205763627,-0.0,-1109.750917946713,-647.9154610781942,-89.40583236640886,1545.7929028973665,-70.05609517017115,-0.0,-628.3848014620461,-425.2050526539516,-0.0,-719.1083149358683,-1569.5300177779166,-0.0,-0.0,-0.0,-0.0,-365.86003551182296,-754.7946280567539,-378.3397014220069,-412.29316478309454,-358.729141605056,-1938.7564956182625,-769.8465309147746,-1295.4075254234206,-2466.252696160708,-1779.9382764174645,-0.0,1086.7202382776256,911.9087919565927,587.3508429475706,843.3796137071898,684.0531569276353,-0.0,-0.0,-0.0,-0.0,-0.0,-0.0,-0.0,-0.0,-74.93898164548119,-837.0183790030753,-533.2281203888608,-349.2383462295702,-1075.8268121686447,-125.99258665010083,-364.51036202405163,-1170.256258396133,-300.16610301318013,-1818.3502254976854,-839.9863599667766,-115.40208904831451,-476.40835242942524,-9.152326009105659,-0.0,-897.1198507501999,-174.5493398139821,-133.17366987155344,-881.7337168312355,-464.45869385933304,-1710.7127271551303,-276.8096849670793,-0.0,-0.0,-2329.4633416221577,-450.7957491203633,-291.6816594564832,-528.6603711613815,-919.7203427623735,-485.13645048432437,-376.83699355158757,-0.0,-501.8263066307446,-565.2815459273337,-656.8333646381053,430.5955698891924,-1420.7217729051981,-1959.9777981440723,-521.6738137204503,-679.1074453350777,-299.5825967106663,-13.856621135108753,-0.0,551.8767097606353,-977.3752899910869,-51.96507303100572,-1818.6517693824212,-0.0,-0.0,-1344.5262465726364,-500.08546771155625,-0.0,-751.225071198643,-736.6485601758651,-885.2115716257007,-0.0,-847.9447409419327,-602.0252233433283,-2212.954272268668,-4421.058402334137,-423.6437222352399,-0.0,-47.74551683650368,-424.33189140122215,-1736.5221324147876,-212.55600505212297,-639.082961209115,-673.6135363149323,-773.3151331254255,-197.78520163994776,-0.0,-0.0,-1356.3624698079116,-36.394771809719444,-444.72912217078647,-706.3723743329253,-1506.217499457028,-2460.132157430794,-0.0,-480.6241258599742,-0.0,-0.0,-0.0,-0.0,-0.0,-54.655209177655195,-167.97619087493055,-415.9323737154428,-0.0,-0.0,-0.0,-0.0,-0.0,-0.0,-1011.1499463362288,-2190.47095921732,-456.32903880914546,-503.15544825984375,-46.4014273402878,-0.0,-0.0,-487.88619501879066,-0.0,-0.0,-71.25413150824302,-2506.0084427131387,-0.0,-0.0,-1395.6494154461573,-632.8396694553725,-967.2741114187877,-995.147265627591,-832.537442488651,-0.0,-0.0,-1266.5282105374172,-2118.3924767901503,-1112.299012170621,-0.0,-1097.4099544636422,-155.03264989108666,-324.2018846667792,-725.1382657375389,-8.261312743432509,-660.8762587259868,-1928.263838231407,-0.0,-1628.143676404441,-181.38513604100274,-622.3942893014677,-1408.0058260685535,-141.11619749648906,-1148.3816928011447,-0.0,-1214.862151697918,-33.10307531136498,-2142.1472462266174,-2104.9909258507773,-0.0,-0.0,-0.0,-0.0,-748.963198291703,-931.4144434917391,-0.0,19.190560631699338,-440.22550379976525,-1000.5688042646191,-2217.933533901867,-2560.0940752080996,-372.18953422517177,-0.0,-997.960396319571,-743.3388364275232,-1989.5047579709662,170.83801637416144,-0.0,-3197.087831729505,-867.0896868646442,-0.0,-197.00347184450902,-1635.169366149477,-0.0,-0.0,-685.5932315129656,-1509.5845807215173,-0.0,-1100.2162470469432,-1502.5305298340056,-0.0,-81.20030279611711,-557.490936793507,-0.0,-1613.9120853941954,-2581.2911231289745,-1063.5969088127122,-162.01802739064047,-2009.6086419233975,-81.26296956283682,-1063.0657041663062,-634.37913746741,200.5982616870251,-1222.6945806301317,-1345.7180553812796,-788.7842434209936,-1347.3036923404939,-456.963641133626,-569.6273716417423,-680.797719051909,-2147.9115249906677,-0.0,-0.0,-1830.8102452711403,-323.85458211496587,-0.0,-1638.2263954872985,-1204.4201301154765,-0.0,-2799.82063407414,-505.5728196364294,-0.0,-754.1676021941169,-0.0,-0.0,-1286.262824490951,-1078.039787530882,-0.0,-0.0,-0.0,-878.3864751915479,4.237207456550632,18.254460263670566,-325.26381584183133,-0.0,-1973.6774766868634,-1583.8814880434472,-572.4742288750997,-2216.4179587832896,-0.0,-82.46945884001738,-820.7912698288706,-0.0,-400.07700326678616,126.74140026115208,-1307.2366595077206,-1029.3074956655225,-773.8126995210786,-1206.768769182261,-0.0,-0.0,-0.0,-935.6102384711477,-0.0,-272.49035865448377,-957.8561606016106,-261.3917999941244,-1390.8403315094645,-2332.3533431743526,-594.6061547005305,-2145.438088095328,-0.0,-858.7981240581944,-1813.3706569728056,-562.698758408777,-1248.421761917461,-289.33730662060367,-627.8024907892516,-1559.1569780936882,-0.0,-0.0,241.47788762937918,-2618.9621380722137,-964.1598261951461,-277.6582046012044,-0.0,-393.6055300530277,-291.65726888485307,-618.27598175253,-0.0,-0.0,-751.2623665938039,-0.0,-61.54447187183743,144.8854772525795,-92.07442559918718,-2385.4985917139434,277.7920917904654,902.5622998407042,220.49674112191087,581.975788049595,42.88653497129648,-0.0,-266.20954251117394,-850.4134482472695,-316.32350449809167,-61.795464225840675,-0.0,-0.0,-0.0,13.261222850150006,-21.98018130872598,-987.622366969647,522.191379874517,2374.2388540963257,-0.0,-0.0,-0.0,111.89022316768592,194.6596393067253,-0.0,-3139.883274017774,-0.0,-0.0,-0.0,-0.0,-0.0,-2655.708318381244,-263.34997964380955,-0.0,-128.4146832305499,-1780.7176083423387,-139.124605229492,-1108.8478893018653,52.759116627991425,-2075.8848288957574,-3843.4668695496466,-1951.794870436201,-0.0,-0.0,-1499.4379179718164,-1071.7265440494166,-804.9585950623207,-444.47430881814006,-343.3866741960655,-1032.5469912720403,-979.2941054313015,-5799.078402935127,-679.4292947552738,149.14694208802325,-667.2375309504417,-918.3518862846178,-701.1766295043635,-652.5122662302795,-8.366338854187061,-1985.967350008234,-893.7410760646985,-606.0131923851519,-0.0,-0.0,-0.0,-0.0,-244.2109089585226,-1290.0789470574523,-0.0,-1363.0939909472893,-1648.1929897856355,-0.0,-0.0,-1456.1333063001812,-0.0,-0.0,-207.0613953767279,183.9031013826353,-0.0,-0.0,-2612.397485148107,-1232.0482365477224,-122.58219507835511,-1291.1997045802368,-1346.848424875138,-0.0,-316.4860090512263,-513.835939597707,-0.0,-1571.4034095925274,-291.29559845185923,-1088.0917646125686,202.45040302684677,-900.5611571457155,-208.93016464366855,-363.8316073845839,-51.35174433419146,-48.01220847829429,-578.1882522388427,-819.1705763279498,-504.5835847972888,-826.9036883930142,-0.0,-108.4217441969892,-690.8274158849606,-292.948758941566,14.675994456711702,-0.0,-1044.0221294896683,37.643000952513084,-1189.1047792592854,-0.0,-0.0,-0.0,-1985.404192839033,-0.0,-0.0,-144.87997869006335,-0.0,-0.0,-0.0,-0.0,-0.0,-0.0,-987.2441844575068,-1516.1684524612551,-0.0,-0.0,-0.0,-0.0,-883.9367192996951,-460.56222487573956,-0.0,-0.0,-1725.316423462421,-0.0,-1420.7344971953491,-2336.9968220622777,-0.0,-0.0,-0.0,-726.6433557189644,-0.0,-0.0,-0.0,-976.7637946213137,-853.7890808386906,-608.7538493358778,-0.0,-0.0,-192.25484035816717,-0.0,-3993.112665191677,-5166.328683529395,-0.0,155.56294200165803,-0.0,-642.7933656016432,-790.5497969913288,-1978.6075450607348,-0.0,-0.0,-77.51178912819867,-636.7641478519298,-1356.621922127787,-734.7394522837911,-427.3045859380029,-0.0,-0.0,-1330.4213720306682,-882.3253669647154,38.07770396072186,-0.0,-0.0,-695.3164170174797,-352.96421905536573,-50.93366351552488,-0.0,-0.0,-0.0,-2028.7952360980462,-481.17556022999014,-1287.8840474709423,-4821.804199952435,-0.0,-878.7742920223062,-1058.0603749365018,-2381.5216352826706,-443.63043034686916,-0.0,-0.0,279.4536858649831,-1234.6693587633965,-1776.2237937406785,-452.19997186651204,-130.84201500633677,-0.0,-2025.5614867216048,-407.8892087867083,-1399.0759161982332,-823.8168222466624,-2789.8993337873867,120.99334339893319,-988.6080188154003,-865.0708420691046,-1986.4659710276396,-0.0,-0.0,-940.9987085978385,-1917.9091527564271,-1820.250219192266,-962.8990894955605,-0.0,526.6576934150522,-115.83357334498868,-464.33349752381014,-0.0,-16.82004080187898,-0.0,-2770.957845826648,-37.441006704053855,-0.0,-0.0,-913.332729493465,-1256.1009004684217,-838.9487097418854,-261.52519669770203,-758.3217736578168,-0.0,216.5707858302349,-829.8582466885459,-66.62846415701345,-1614.6549873177346,-0.0,-1447.4727698572412,-174.19818574756556,-643.7637135704769,-442.33116235833376,-651.2380008104877,-48.85251408807703,-4.895714007139192,-1254.9820215384511,-1266.3435124750765,-1610.5086307095146,-219.242095964969,-1387.4385556514574,-4.42310084932791,-0.0,-728.5721459233064,-3177.9250642209745,-0.0,-0.0,-29.548293888095948,-2194.6085984262795,-227.30756462196717,-655.5132456532695,-369.68296992896876,233.195685297878,-0.0,-0.0,-1514.4497018030115,-0.0,-0.0,-2217.9716934743433,-1471.553359693202,-943.5086428629451,-1015.6359398898278,-501.77764233292237,-882.3388111456962,-981.2817966024382,-1323.3568679186453,-2390.504759884312,-0.0,-0.0,-0.0,-0.0,-44.75671682330837,-0.0,-2014.8356025282028,-675.6807381944884,-782.2647826468923,-885.3487490968114,-492.9109262490613,-0.0,-1529.4444821647853,-622.3317699998894,-0.0,-2721.2282088542756,-1724.4256422298406,-0.0,-0.0,-3021.5849170954357,-1780.4827545474507,-473.4421142048773,-849.0229820250911,-0.0,-486.4516448058314,-12.618630200830044,-0.0,-764.6547345278245,-536.9805297390598,-638.1271674808113,-0.0,-0.0,-0.0,-0.0,-473.70365423733193,-1158.9792464379095,-6412.378248737127,-0.0,-0.0,-630.2610395538985,-658.198161069853,-1877.4063990104655,-641.7885773047194,-74.90123582714403,-443.7139443613031,-0.0,-753.0600594593199,-608.5268225048717,-0.0,-747.132136603498,-1354.5895557209717,-0.0,-0.0,-0.0,-0.0,-0.0,-137.17060632679306,-2129.656589046455,-0.0,-1198.6482894904086,-985.032503262683,-0.0,-2107.7671243853965,-815.9948386312782,-1188.1199468085786,-1528.4930292837898,-21.99960180070372,-126.76241490900364,-1386.4202383383854,-898.4388939774966,-412.34083185328774,-0.0,-1492.0236082571712,-1384.7965097228173,235.78837059595813,-0.0,-668.604270424986,-1003.8051610763349,-972.5376807843656,-51.939019667399144,-0.0,-599.129073978226,-0.0,-0.0,-2980.962910875578,-2571.946593192665,-2059.790145416949,-1770.8267955374508,-0.0,-1142.26896221596,-2155.274050782365,-0.0,-6330.519375751547,-0.0,-0.0,-0.0,-0.0,-1027.4671297122761,-2463.5064848803167,-2750.940779411984,-20.73684158627364,-2167.1187607931533,-0.0,-1004.0337709430197,-24.707014881764668,-0.0,-0.0,-642.4270508762752,387.1637604038628,-0.0,-485.95063166819534,-41.41817908021217,-0.0,-1484.9962096963486,-0.0,-2404.9938212533293,58.160959790224275,-0.0,-0.0,-1058.1299540680668,-1636.1524320371757,-1004.987713052676,-1392.4976975704487,-1251.0488422660535,1422.0984262436118,-54.47664664295462,-1016.3749471574667,-86.89187956963983,-2285.095705708747,-962.4544246481938,-897.7308744572479,-531.811046242863,-1643.1923682882032,-2014.8706819314918,-466.1709169850219,-2136.9152564933793,-374.41824270124204,-0.0,-0.0,-8.174003997118186,-0.0,-0.0,-0.0,-0.0,-0.0,-0.0,-1689.4060622883235,-719.7308164542549,-1458.1480990135744,-685.6351781735673,-0.0,-648.8975377331797,-1280.8834593924169,-1138.039916338372,-2184.7805725323988,-1365.7171912519902,-70.97620055306874,-34.30507402022625,-1258.00224339348,-1229.8056765256717,-0.0,-103.53550921657316,-0.0,-84.53805780080637,-869.3122345594936,-212.55178683220237,-572.0390774012799,-1021.3595110911742,-0.0,-0.0,-0.0,-3546.342909810106,-0.0,-102.07400146218909,-0.0,-249.2133573085391,-1049.340298219093,-1240.8583022452635,-798.4715648320732,-0.0,-42.9671368712286,-585.388678336157,-501.3148247011393,-428.413172671351,139.32358254856678,-1205.1952186621484,-0.0,-0.0,-3264.4616768801266,-0.0,-1184.5045041966268,-709.3539183138263,-426.27689321047166,-279.6427296903288,-1354.4378904280247,-2949.879011999694,630.6944573676926,-2378.8874552949296,-1774.6809109427677,-568.7967204489302,-4.696603700569936,-0.0,1436.129523199212,1339.7428580040923,1334.056719041876,-0.0,-0.0,-0.0,-1036.9093532474071,-0.0,-315.5252837120533,-192.48363898346403,-0.0,-3838.1320573084877,-0.0,-1586.8806949976772,-147.64804533351315,-1070.9551797690583,-728.4360808357286,-1740.6187792792657,-1819.2985755662367,-0.0,425.2775824255751,-2567.573120671472,-2042.6878966146246,-553.9142598131496,-1745.4246532365758,-1910.3844856238147,-0.0,-0.0,-434.53777311075424,-796.7825589474136,-2519.649935695834,-899.1370658316615,-152.64025452977086,-0.0,-0.0,-680.5516374419609,-0.0,-0.0,-0.0,-167.4613213831565,-1331.0191044875364,1763.2816739697291,-1383.7327351480424,623.2494866669159,-885.3214653940529,-1044.7306808472606,-8.962435071171704,-4754.3642328785745,-1187.616101387246,-0.0,-82.04389727114433,-2519.7410195425323,-2044.7464573837071,-0.0,4.683271755646279,-0.0,-696.7436904317002,-0.0,-2291.971846236411,-1975.0816517687554,-0.0,-326.5678593129878,-0.0,-0.0,-0.0,-841.3895083291743,-1154.9635916058166,-434.671314461402,-1067.6817075464317,-1919.2184157984316,-963.1176441645264,-518.0424197458804,-573.3440187532284,-0.0,-1740.1001411691702,-261.07637155868633,-805.1128914473044,-1175.6401029032024,-1678.4051674337052,-1597.2622223859155,-449.01748706052274,-1951.335947175356,-0.0,-0.0,-0.0,-2578.04466065545,-0.0,-625.9587444770206,-897.0251102834343,-0.0,-841.8908052108155,-680.8028745101036,-912.1974303706347,-755.7431643177548,-212.63975910197473,-2043.5691836348851,-5199.961094092215,-260.0442154036257,13.878171227123442,-0.0,-127.45492361040804,-7971.982638257328,-1950.4146700980252,-707.638696755327,-2544.5659612505265,-285.3464337034193,-0.0,-8.999544786260607,-723.9330412302794,-101.10541921522419,-1039.015170588346,-1111.1077859928216,-180.74694228907478,24.357721814646148,-958.7116696477797,-2531.664606765443,-2218.382733636915,-2030.3952246684173,-0.0,-1648.829443752758,-0.0,-125.48050347248528,-1195.9431114942604,580.8013586764806,-0.0,-0.0,-357.4760239015585,-900.9996935368192,-870.9948228408872,-1397.6914400933058,345.92865081536985,-1675.1580786412849,-80.62518518914005,-366.46555238325413,-1684.2516033140564,-1958.3305625952166,-413.43254971298876,-0.0,-0.0,-0.0,-0.0,-0.0,-1961.1391960539413,-0.0,-754.9060581368467,-973.8004582568477,-2851.2332130912655,-0.0,-0.0,-87.49366031908669,1233.0189622876999,-640.7624097797872,-1411.8352443519773,-0.0,-1533.7709003358466,-4904.536016552539,-798.2343410335699,-6084.1277170918065,-1215.857312405221,-0.0,-847.419744526941,-2882.3064722926997,-163.33170008519446,-0.0,1266.0751935463784,1452.7448838798848,1388.9867481747563,-0.0,-0.0,-0.0,-0.0,-94.67636991558442,-2626.550276474233,-4.867212467800567,-0.0,-2042.6127184326542,-1267.5856156198772,-397.5744130874567,-4.868239099615088,-0.0,-134.1735720279995,-751.7455495017224,-0.0,-0.0,-41.28322068430815,215.9119824192089,-2223.112689810682,-0.0,-1077.4469825408232,-81.91637776644352,-95.69283295205273,-0.0,298.92296119215354,-104.82574467625673,-531.7776691652,-2173.337126669833,-0.0,-91.824943888363,-1406.0789995270122,-1204.520983807641,-0.0,426.9177025840066,-0.0,-1077.0301475624437,-1166.3052880751559,-8.25602321793432,-0.0,-0.0,28.53438888340495,-283.46116553065275,-194.85413277921154,-87.2565229566737,70.6347688094914,70.66076249313514,-803.7731609281564,-818.5067411009036,-1222.8755824465718,-0.0,-2108.983929158826,-975.2805835770242,-0.0,-0.0,-1147.8269888382933,-2346.666365323009,-615.5918868876042,-0.0,-3040.160495563035,-127.29142984545241,-79.23214807589511,-1319.7298320971167,-0.0,-385.7869284902799,-1412.0035443501422,-4.134866904554868,-0.0,-5272.305446151388,-191.4825941891958,-1556.9338613511525,-1146.881269771403,-1211.6047627054147,-2301.282727850954,-102.95004605838932,-892.7891444765885,-2200.7836885435377,-1336.6530954034017,-1181.415395451794,-269.98251981478796,-1989.011105338118,-0.0,-3289.5671860163498,-0.0,-5866.231913800627,-291.71013314898005,-293.16935172983824,-1492.562378148067,-0.0,-0.0,-0.0,951.9969292578164,28.821188349601474,-1037.08742562535,-1545.614687707093,-413.9090611145914,-1110.4454967753156,-0.0,-0.0,-1516.9493594339017,-350.9479236253693,-481.11977783921714,-216.76094774402077,-0.0,-1657.772899953729,-417.9103641907471,-1856.751895870098,-0.0,-39.11196388711071,-0.0,-1975.8873477726024,-891.1993915187954,-1993.6864075688266,-0.0,-0.0,-1742.4106568497393,-572.2968438529106,-755.956022110691,-1585.6493839301656,-356.25914896430726,-1325.7486430260788,-0.0,5.868604507932803,-1130.0901143681835,-4180.80190100497,342.2976286101135,-1475.5250311483153,-7003.154791037314,-689.0736042924143,-727.8249150609827,-229.4564805777672,-128.8399600056313,-1010.8984857706815,380.5134544363726,-109.85556229931393,409.61003743154805,-1282.3393512368436,-550.4785616217567,-0.0,-1420.1625978889763,-1910.4445408132613,-622.2583737337279,-468.4719608922379,-0.0,-0.0,-37.678359419422414,-1177.019212185998,84.54306671864889,-2248.6642912631437,-0.0,-0.0,-462.93267006584426,-688.0599051124284,-1180.0825927643791,37.135364508084244,-2986.9341404063634,-1550.3460500127824,-1464.5415125577092,-165.72393016600918,-0.0,-445.01594361215024,-0.0,-676.5756243391174,-14.494800035151254,-1681.5985939799302,-523.0167747423761,-1647.7013220237764,-396.82514014353467,-315.7621428083562,-0.0,-1335.7911985549574,-731.6809975691818,-1328.9226713937844,-0.0,-3489.616388170858,-1343.3344890087637,-1587.7949196117147,-1039.692357111997,-1065.7469261155563,-66.27412725735026,-2426.2934345965955,-843.0802793490299,-1371.766706868418,-1970.610412052468,-212.8316992613298,350.3130831937458,-1076.3706978475227,-0.0,-0.0,-18.569202277899137,-59.72108213451865,-16.721358461383932,-296.1564135460301,-0.0,-0.0,-0.0,-0.0,-0.0,-0.0,-0.0,-0.0,-0.0,-0.0,-1489.3971681763337,-2533.0478762872517,-2050.820929841298,-0.0,-0.0,1394.1617851834287,-446.3550028748647,-0.0,-469.401946225626,-416.6760796259343,-1004.5593168828842,-905.4663317425393,-1157.6670610362362,-4.202032377072453,-764.2207827499448,-457.5049588445123,233.38885931853693,-0.0,1053.0834766046396,-0.0,266.9714018320665,-0.0,-359.19383056927165,-0.0,-493.15420611653053,-1148.5120219414896,-1958.4872594792373,213.52277595932594,-0.0,-0.0,-0.0,-0.0,-0.0,-499.45078375547257,9.465101588152104,23.29732191276185,-0.0,-0.0,-583.1540138940408,-0.0,-61.58352915407337,-737.5310825773483,-4335.016356928547,-0.0,-1391.4112209050068,-0.0,-672.4613463387287,-0.0,-0.0,42.117238706212206,-0.0,-287.7228029685627,-0.0,-0.0,-0.0,-1024.5629745933786,-1743.959103213467,-0.0,156.6725254018898,-2331.870244981301,-0.0,-99.22760572010355,-364.23429060588336,-0.0,-0.0,-1896.6624325222135,-0.0,-850.3985329909727,-1417.8871547466522,-171.69970656146566,-2907.231497994036,-1869.7586653733374,294.9538241005247,-761.1312641498247,-0.0,-1293.921278747686,-0.0,-0.0,-0.0,-4068.0020765109803,-942.4313742417135,-1511.4396078018185,-0.0,-424.54361331732787,-19.412237644989773,-1201.45451321841,-2293.4523050508483,137.5777837145073,-2737.045848895355,-0.0,-1832.1000273618974,-2623.852949592824,-0.0,-0.0,-0.0,-0.0,-2310.950852968279,-417.9497296290035,-1386.0991322764683,-0.0,641.849710038698,1446.206384774566,-0.0,-0.0,-919.9668873956884,-919.3237469981409,-360.86505137062227,65.90204461349309,82.14659053460134,-0.0,-1531.6266286209059,-0.0,-291.6063204938463,-1243.537575697487,1759.9384657363369,-0.0,-0.0,-0.0,895.8025569406083,81.23087183368426,-935.4200703607421,-0.0,-1413.467601416818,-0.0,-1034.634410621278,-725.550336634574,-0.0,-0.0,-0.0,-0.0,-0.0,-77.66102149831224,-0.0,-0.0,-0.0,-1226.424926027949,-309.55664877437897,-0.0,-0.0,-0.0,-122.22658759962091,-88.99186669230612,-614.1356403420766,-698.1019320240437,-3055.9961187527606,-877.3376865046952,-488.76939936339267,-0.0,-2675.233981970294,-48.726509461026154,-0.0,-1117.8119910688617,-2628.4621164555474,-730.9400633190174,-554.3545592688225,-1186.757314403937,-240.81439897581416,-707.5330098540156,-773.6201525108602,-889.122014631637,-213.08325923045652,-1951.1979235566562,-840.9558147016635,-398.2946294910591,-0.0,-0.0,-878.4846046740842,-4113.316579073246,-0.0,-1063.8433100809532,-450.4707883483068,-0.0,-385.5926019667543,-670.2697620973798,-821.5565186691558,-4.5615316868469495,-0.0,-0.0,-0.0,-0.0,497.8794605117876,-0.0,-651.7143832357945,-0.0,-0.0,-699.0690589229648,-1266.8796196072049,-2813.8493800372717,-571.4776997912702,-637.5007252922145,-119.03514659718631,-2272.1988384804217,-0.0,-794.571598564517,-409.4150542918265,-514.9570851811161,-1092.9295702445322,-1073.3577385632068,-1559.660508045099,25.327342438194087,-394.99101265594015,-0.0,-1153.9273512083955,-1226.3389028610452,-67.7008421322341,7.965379429912146,-2581.514941883554,-1310.114113702876,-775.406262149346,-0.0,-701.7972450795442,-652.4054226706387,-653.0110968577906,-2405.030389226664,-8.79141048356285,-0.0,13.80236542570846,-0.0,-0.0,-252.5668957286635,-3603.9157585138614,-227.99517075971505,-1623.2941610126686,-3516.8789954257268,-0.0,-5131.399789507602,-310.0989104257481,-2547.673849572381,317.8846524240697,-0.0,1644.1278351199753,-838.1947638958458,-0.0,-2374.9053881908576,-0.0,-21.55042023622992,-0.0,-0.0,-0.0,-0.0,41.88317968630736,-0.0,-0.0,-0.0,-564.5524771478134,-1562.444210898658,-773.1885562895426,-0.0,-3814.772033170987,-0.0,-0.0,-0.0,-245.61607251626037,-326.0589312709043,-0.0,-1938.558034728657,-0.0,-0.0,-3821.710756774114,-0.0,-0.0,6.588258303140473,-584.3533643649745,-23.28127231642596,-0.0,-0.0,-194.5617017704885,-0.0,-0.0,-1465.588297196983,-1292.9392632387478,-1523.523476523222,-0.0,-292.09752092140906,166.5125893290958,-439.8317840260201,-15674.031741751203,-0.0,-650.8221111747695,-1364.6322414511699,-1600.7587221837362,-0.0,-0.0,22.025554326962112,-375.1387262275744,-1055.4842418851672,-0.0,-0.0,-0.0,-576.0611393523535,-2858.460393572782,-1592.5579637710123,-0.0,-0.0,-0.0,-392.3597363358757,23.199586921304622,243.05645910594927,-1152.4601942691875,-0.0,-0.0,-993.3519416084091,-0.0,-0.0,-0.0,-3038.1366520600873,-1199.2385502769107,-0.0,-1168.562218190694,-559.298273152731,-374.18146423213517,-737.0358567477075,-1067.8885949644673,90.20627054580389,-1151.844730200291,-1117.9491949366231,-71.16838986766646,-1339.7039292403415,-0.0,-0.0,-0.0,-0.0,-674.0745941684839,-0.0,-0.0,-565.0730956366183,-1981.2196092181853,-718.876690966427,-0.0,1553.6088004584306,1420.6741798742482,1287.1034179442156,-0.0,-0.0,-0.0,-869.9009058726053,-225.66544150868486,-824.6608439645515,-102.27903810927826,-643.3161147835227,-1752.1243148689043,-1408.707044490897,-2299.9554753092953,-0.0,-0.0,-0.0,-0.0,-1080.7287844665404,-779.4345186501846,-1810.6355555370164,-481.1999990149796,-1422.348946644958,-2124.0445987027247,-1912.3054577752669,-0.0,432.7219478869107,-444.8539903941579,-460.2014800978589,-142.21669918870572,-4599.539110508731,-8.127925672981146,-0.0,-819.3642381110305,-1441.3445571914147,-0.0,-50.12687866522266,169.35918221945448,-178.4291755379464,-456.761066062651,-2190.060563188463,-429.12327529194783,-1669.3135444947663,-0.0,-1962.2650692503871,-1690.9609302673641,-1326.2509124629712,-0.0,-1859.3695662121463,-671.3218061331935,-785.0333115986293,-972.4068760454859,158.9671899299091,-1794.183418220601,-1437.232106303852,-0.0,-134.54545883358605,-0.0,-0.0,-0.0,-1136.3450040051712,-735.0524074982266,-0.0,-0.0,-0.0,-3799.7308414424956,-2108.2825585043665,-0.0,-0.0,-0.0,-1582.3030175236272,-903.0482642599736,-0.0,-760.0319410449795,-1513.4458170194966,-659.926354421667,4.096464036544931,-1037.0192611670775,8.984965801318882,-1633.458023302444,-1944.7473165713084,-0.0,-0.0,-44.05771583387901,-0.0,-0.0,-1476.0212682940144,-117.4558972928993,-417.6539182019296,-0.0,-0.0,-0.0,-1053.186782086337,-324.8492598908971,90.97603984053742,-517.0857457567901,-245.87825755275009,-2241.3619814813624,-295.771412769737,-610.37772860662,-1256.8487799402296,-0.0,-405.51194588785967,-0.0,-1906.546797591986,-1662.1080597854645,-1876.9083177632297,-326.11727388502624,-300.0318002192719,-62.112855028635245,-903.2704985447059,230.50844431584795,-0.0,-377.28355434651786,-0.0,-0.0,-459.93648053256345,-104.24075733964254,-2613.059611250793,-2710.61246220528,-656.5481769875246,-0.0,-0.0,-1132.5985026848425,343.1493143286562,-0.0,-0.0,-0.0,-1045.3854031999313,-83.57166099355015,-327.7053885946803,-4661.234160039912,-1543.2299606827564,-766.3921581702356,-441.64918518752296,-224.57656101132156,-926.9231335081903,-605.0755796381848,-528.5181507013048,-0.0,-971.7962737933178,-739.666888362928,-1699.7381894372272,-0.0,28.39912549082092,-8.938785874777455,-0.0,-0.0,-1593.1883078523488,-0.0,-4046.977400099302,-1412.8840932300616,3052.6078717235578,2938.0400775507546,-0.0,-0.0,-788.1553510002874,-1016.9771506684458,-1394.8028440274982,-338.0293291433125,-3776.719028669086,-579.3979478995302,-0.0,-0.0,-0.0,-1557.8926829159452,-853.9270840967699,-196.3423642553161,-2776.7427213831766,-1231.8165496284182,-21.70968361332029,-474.7020573184744,-1195.651869181449,-384.2052212133001,-550.6180364490441,-0.0,-4.737534352256641,123.01191250016248,-1138.460755215453,-165.78388733042198,-0.0,68.9084805371659,130.81980247858957,-226.905903333288,-1413.1629876052816,-2240.8561410116836,-82.7750137760933,-1102.6197764862977,-1319.8102646537186,-0.0,-0.0,-797.9279572337495,-0.0,-0.0,-0.0,-0.0,-604.923526544198,-41.78390678544547,-1306.3103896183204,-1283.4754359184599,-2438.016186718111,-1119.8331682471971,-0.0,-635.4029529950257,-0.0,-1499.9102270865797,-1523.2863536199848,-1456.0510193378095,-1069.874677390879,-0.0,-1601.6216203407353,-0.0,-0.0,-0.0,-4004.1933343792484,-1175.9680985221967,-267.0737261309003,-992.6309377430604,-765.4447697674292,-1081.1572990330906,-0.0,-0.0,-0.0,-0.0,-6021.7202788750965,-800.2217613450953,-1905.8203901842337,-4079.1092946972553,-2230.344886090254,-465.8939117935045,-0.0,-2018.414641927338,-917.3032345559388,-0.0,-313.36684004704745,-404.93787892971926,-0.0,-1001.2747171391305,-263.2341303075245,1592.2150157055867,-483.95761033773647,-0.0,-0.0,-1055.937174020559,-858.7605905028042,-2358.883864761766,-435.14885131562977,-0.0,-0.0,-718.2733243327938,-0.0,-0.0,-0.0,-0.0,-1414.642658525088,-585.5387359852782,-1326.6512384155508,-527.9299582850657,-30.138548825340006,-804.1918680096892,-0.0,-0.0,-0.0,-0.0,-2529.1486299883936,-0.0,-0.0,-0.0,-0.0,-0.0,-0.0,-823.3152518783935,-0.0,-2792.575133096117,-552.1814933763196,-239.52116179476957,-1235.3479784758981,-0.0,-0.0,-1706.4953440902073,-1580.4299409473692,4.420338250006382,-433.463227741151,-36.524324483716335,-1679.4397599489341,-895.7360980353545,-0.0,-4327.012411955053,-1417.0195630497024,-0.0,-0.0,-37.26654777621135,-317.495754891206,-1306.320470520073,-0.0,-0.0,-60.84090374880654,-1697.4225747838375,-551.6998873922315,-366.8733532985114,-46.30861832975423,-1961.353030357898,-0.0,-0.0,-0.0,-0.0,-0.0,-679.8985933758222,-482.55172739626266,-647.7815303642085,-4625.275780201837,-1710.2762774061098,-1293.1647234856648,-20.58634794462982,-892.292536831094,-1406.5101661715812,-21.850387370084608,-0.0,-0.0,-0.0,-692.7703723361203,-513.37950113709,-1881.6721035160292,-702.3468408782489,-0.0,-1649.916450944397,-0.0,-782.2904462606967,-0.0,-0.0,-2202.89159653753,-694.6362254587572,-645.7559509056084,-1663.5908114929066,-544.4492342593119,-14.385157779422368,-757.6433214016834,-1407.6787294343717,-0.0,-524.9582364137541,-1301.7753334714143,-4679.986758599297,-0.0,-67.72037535176217,-2511.3982159426005,-1623.1601477259157,-1384.9525586899733,-580.0657289041422,-1200.4776211293317,-0.0,-267.5866578245271,-0.0,-280.79303781598406,739.6492828335431,-0.0,-0.0,1076.1219992177805,-0.0,-2495.2428854333207,-710.0980841522997,-1185.714331481316,-1181.2792937735958,-1524.4976751938889,-432.3058426670243,-70.91143977633044,-0.0,-0.0,-933.6686773942907,-817.0648668424634,-800.0396015119932,-0.0,31.621928030027565,32.00161909225369,-172.7713433778823,-3289.023045047733,-2020.0063492057593,-0.0,14.127228915762386,-1443.1763652795416,-4521.7593918176,-2862.6816460215355,-527.2836125679092,-960.0439290206145,-1281.8608472465612,-0.0,-239.7739199775592,-0.0,-574.7144903636768,-300.7175108006376,-1747.5165986162858,-2451.15760549365,-311.38181203322245,-563.8595161416521,-5097.018589925075,-1306.881997487096,-460.8540554280845,-521.4697555259631,-1589.23761006255,-504.17869562355,-8.716082423068073,-1529.29139757568,-1747.3653640254486,-0.0,-0.0,-568.5417936212608,-1350.2674740778584,-383.34134733601826,14.363270780989076,-0.0,-0.0,-0.0,-0.0,-0.0,-43.832903703413166,-803.7169948331481,691.412119893486,-445.06325642671965,-769.4868223312521,-549.548873310752,-1186.3725756601345,-1709.1552058378127,-1111.6645616399865,-1931.2069939533326,-523.0074066856379,-696.0378587514605,-1607.3890785510794,-677.388996849007,-0.0,995.6994029698569,-518.2081492203334,-44.34618193741941,-0.0,-1000.6992672302521,-590.6423020631061,-1726.2618736397785,-1995.6795015018656,-2723.795707224882,-0.0,140.2814297991346,-0.0,-0.0,-1137.1761722688823,-1625.1241499459186,-0.0,-1026.2259727622043,-9.463149550315524,-0.0,-0.0,-0.0,-2794.5852158283433,-786.4182706290424,-262.741165902939,-192.73101055836761,-0.0,-0.0,-1325.490346587873,-1660.9930002009635,-1057.5172475582312,613.605934698091,-9.913469093267858,-0.0,9.495620840379376,-0.0,-1715.8567198962317,-642.8690834936386,-1290.3505522763148,-2029.8243875098956,-1822.7199523905033,68.92737321108086,-0.0,-0.0,-1937.1761597807144,-434.179261109941,-0.0,-0.0,-149.62215890375805,-0.0,-59.05955410698352,-0.0,-1263.9200879245373,-885.2119714734927,-0.0,9.503072374254149,764.4549062037223,-0.0,-76.74614591072138,-2477.5996852666685,-0.0,-0.0,-706.7368931227206,12.52782681856022,-0.0,14.100596433554733,-454.7006917124024,-1768.3657468506224,-0.0,-906.6838409511455,-0.0,-1206.2325820857266,1957.6358278357927,-145.95359413485303,-1857.7526735213605,-1687.9108331668892,1146.0517700748908,-57.87323860133034,-2631.005095039857,-868.9166049009295,-1011.2090660066833,-0.0,-783.8568531137225,-93.50175640086937,960.7554193737739,-435.7455782421723,-1637.0586412136884,-0.0,-0.0,-0.0,-814.722436077318,-726.1249253817086,-685.4001524328493,-1107.47643220888,-1218.7233556473627,4.800158735784894,-1044.3409403560154,-1055.9306029416612,-1362.8921656582638,-0.0,-0.0,-545.2239301112874,900.6877777653132,-6813.1657988424,-0.0,-1676.4946992619284,-1937.3964368434258,-954.7732411526662,-896.1438898402258,-282.0591209182978,-2941.473764654355,-319.50052325514895,-0.0,-1089.7114659452936,-1076.5594031721735,-681.3113464065467,-0.0,-1504.485386141803,-2412.6231070928934,-31.972617977965726,-1122.0065485250345,-2685.8437133018333,422.82303208696845,-0.0,-495.5776152430259,-142.93255074788183,-1565.6641770617666,-1090.5898811397346,113.15971845935111,-132.49821326371267,-785.2283838527226,-504.2453173360856,-611.8816928843892,-804.9425938287592,-613.0888055848502,-0.0,-1470.5536480146636,-0.0,-1341.609054863807,-777.527725769831,-218.9442152181944,-0.0,-2003.6349937722584,-5338.261904340983,-0.0,-509.178968208285,-0.0,-2693.788008170439,-344.65962932144475,-0.0,-365.5851221568717,-544.9592021814169,-0.0,-2343.262123318221,-1586.4121091971292,-0.0,-4309.068117652429,-140.17130849993188,-1393.54693617043,-1521.4538618751483,-1908.2012453232735,-136.9466738808288,-0.0,-991.3334780671614,-2344.023270389189,-588.8749368980732,-993.4757817992479,-1132.6495941310486,-1906.2759034560972,-2448.433515545705,-971.4275018314863,-2037.4688169319707,32.44142386821492,-0.0,-323.13702244581197,-1650.8795436570012,-1227.542875289681,-0.0,-0.0,-0.0,-475.2381830846443,-435.3146588602517,-14.750904004819587,-625.2993550316412,-0.0,-1387.7361007726922,-834.3222473924483,-583.9847727917424,1.8862778068234582,-0.0,-371.7104313743587,-1712.4223976888445,-1106.780043919907,-359.0143745983903,-913.8270233390439,9.160068247209528,-0.0,-0.0,-3412.0487323641582,-1022.7064193185433,-0.0,-0.0,-0.0,-86.18512588493961,-1158.4467113806727,4.064400507848056,-1896.2188199234567,-1651.5925281586058,794.3309471582353,-0.0,-640.6793259924247,-0.0,890.675868188777,-249.66438457484338,-0.0,-1802.404512472455,-344.1447158780587,-1806.25177537771,-0.0,-1698.3696772950175,-607.8536124805446,-247.72659654244706,9.221057853881982,-40.17463138726045,-0.0,-0.0,-764.8156116601141,-1361.1746196756667,-0.0,-630.8836816850508,-0.0,-370.3498373464068,-680.3544320142618,-0.0,272.71907187031496,757.0155808031271,835.0304208378768,896.8373805613594,790.8537741379952,994.4524507926083,-0.0,-0.0,-0.0,-0.0,-0.0,20.406805037348164,-0.0,-0.0,-764.4753380332714,18.47475934514317,-413.2017841836083,-193.11992954302812,-0.0,-989.4132293613478,-1620.978319228926,-2131.601097236334,-281.67292598435364,-235.6455113508178,-0.0,-0.0,-612.2970813462439,-0.0,-0.0,-0.0,-0.0,-2924.3598025748242,-0.0,-43.37963158236107,1105.0611339991233,-0.0,-1135.7603692282746,-613.7773515925595,1251.8698012069115,-1035.6939094060474,-0.0,-3363.272384492891,-2196.8353918192224,-261.9559670849411,-891.1070228834268,-1426.4149310054554,-621.1072816683928,1067.1587375995032,-93.54199296498699,-587.6294674706121,-0.0,-0.0,-608.1001460288676,-0.0,-1049.9296146976444,-0.0,-521.2784884558147,-126.523849500203,-0.0,-0.0,-1349.951197679033,-0.0,-0.0,-608.0042301534324,-1384.0530170868187,-1883.2008421599264,-0.0,-0.0,-0.0,-2113.077983624333,-0.0,-1323.3628199203804,28.928406854468385,-0.0,-0.0,-1238.7953498875197,-1004.3048007292816,-1408.471839964242,-398.9726500291623,-0.0,-1332.8704084360559,-310.9791338170335,-0.0,-0.0,4.770713671046107,-46.701351111050705,-4311.706819049338,-0.0,-47.386767132075285,-48.42178442422575,440.705901963396,-94.67606401628885,-822.7368322365868,-870.5809334022028,-477.97274483603553,-0.0,-0.0,-1724.1230096411093,-0.0,-0.0,-0.0,-0.0,-0.0,-0.0,-0.0,-164.232687836763,-0.0,-0.0,-2061.0927071443857,-9111.019835841542,-131.64615313970626,126.29001765033486,-522.6073736667346,-616.3647864509743,-484.20021813712685,-4104.1277551460225,-264.2193990793703,-449.8983983857674,-0.0,-0.0,-0.0,-2160.064304470327,-0.0,-93.34767764017455,-0.0,-0.0,-0.0,-547.5852002084582,-14.530907886865963,-325.26881179924015,-1459.8029791827616,-687.4931922583582,-94.65430395879231,-1998.700448602855,-0.0,-91.59381798455848,-2153.937609566716,-0.0,-1446.7313200158349,-0.0,-1481.3338631259876,-0.0,-0.0,-1015.0899648613946,-695.4390642647802,-36.656277019835066,-739.8525064489394,-120.02568520607478,-809.0089260302632,-170.68823884935122,-733.7290688775878,-735.3629279975058,-2347.206863722342,-1030.1156421147532,-0.0,-1831.9443545700062,-453.70539106188306,-839.1866489880077,-0.0,-0.0,-1077.2909376216949,-2371.4009490323106,-153.88432805436727,-0.0,-0.0,-82.4155758457873,-3527.6110234998105,-918.311377130009,-252.5686442983563,-371.91589190406836,-49.101622774397285,-4705.166992101088,-0.0,-0.0,-2136.9293026673695,-911.3605426720621,-0.0,-0.0,-0.0,-86.25425376857933,-0.0,-1986.5233004648585,-1840.758085401379,-0.0,-432.63880849587713,187.20637342979907,-0.0,-0.0,-0.0,-1075.63552972917,4.8801614072905455,-2636.9080570878996,-676.4533870024316,-1265.242616863119,-748.3007863866507,-3587.9517184650867,-1569.409312861024,362.83886111031927,-0.0,-2208.4541133214934,-0.0,-0.0,-0.0,-1147.8297184631099,-694.9682964962229,-1333.050241546415,-0.0,-0.0,-974.2272740964015,-1392.8332042427562,-732.359894394928,-540.8603947807139,-0.0,-0.0,-1417.7664041344242,-0.0,-0.0,-0.0,-0.0,-0.0,-0.0,-544.5963558041477,-194.35659368820703,-1565.478826355014,-0.0,-799.5972392388453,-4470.4567094623135,-50.26804896767031,-0.0,-0.0,-0.0,-0.0,-0.0,-0.0,-0.0,-0.0,-0.0,-0.0,-1388.9662599774297,-2056.854037547695,-0.0,327.6221939512443,-0.0,-656.4240661091883,-98.90936827951113,-0.0,-762.9670324834017,-370.08032970081996,-27.64550455192279,-3390.8163359404793,-521.6670905091223,-3202.2061492545067,-213.8932636076676,-2007.8117723706969,-1819.2045216579386,-696.1494077893229,4.920323442592574,-0.0,-1337.8568808118139,-2269.202290462106,-2607.3200079503504,17.282700912247876,-541.0469250582339,-1854.777329953095,-0.0,-2203.0124443852465,-409.7656577147092,-0.0,-3240.2650716904163,-0.0,-1034.8676408103738,-0.0,-3186.633370230953,-0.0,-0.0,-91.17779503821636,-1042.420973170249,-740.4074770795861,-0.0,-1306.851107070179,83.29391811424017,337.7012642436662,352.55304865284813,-285.2392368886773,-1974.7788025102398,-792.965987240975,-0.0,-0.0,-6189.924897431544,-1405.4665909754617,-0.0,491.90060719738835,-0.0,-1786.9255253996537,-621.2919048854568,-767.1707447316063,-0.0,-0.0,64.13838959117082,-0.0,-1109.540576513074,-1112.3342440395588,-2045.3650439391397,-0.0,-634.1803438220156,-3210.470978215817,-876.0680792006278,-0.0,-1398.1476223619202,-88.3202024543548,-1399.2279416520394,4.650772990166918,-1017.1474709655357,-0.0,-0.0,-0.0,-775.9796062158739,-0.0,345.34651860069306,-0.0,-404.05108511375477,-845.6955887149165,-578.1441852968102,-1204.8844243077608,-665.4052189778087,-1863.4088633300423,-973.6912114043755,-0.0,712.7996015477522,-2509.901442304745,-1922.8681080926158,-768.2661740884577,-0.0,-0.0,-0.0,-162.75913187433864,-1220.937150348679,-351.2736909690994,-798.0978976712996,-2159.9589459261597,-3021.203198616373,171.86617871518757,791.191097872145,817.5772990276434,-0.0,-0.0,139.9707039617861,-104.5296997571563,13263.581977804459,2335.0176007316277,4270.05534856516,6457.263872807805,-0.0,-0.0,-0.0,-0.0,-0.0,-1516.0784683963213,-1687.9511336494095,-895.9347487727013,-0.0,-3140.6229177043506,-622.3882412016886,-1005.916375713941,-0.0,-746.2828780135517,-1419.856539495103,-1067.9590194378422,-1338.8367499126769,-0.0,-3445.6193754782125,-2160.163955462727,-838.8979337589295,-153.08702482201005,-3194.9415309256265,-0.0,-301.63236269130283,-0.0,-100.4706667611035,-0.0,-144.233137900752,-219.77623501972087,-1094.6052531023265,-919.3692522542788,-0.0,-0.0,-0.0,-2300.7247552663857,-0.0,-0.0,-298.3809658264497,-1004.4289293536335,-1045.6940661346034,-74.12352032980613,-1148.9949654718428,-2015.9123385958167,-367.2975602646375,-0.0,-0.0,-171.72785873742686,-1731.9323255551622,-488.9319225914078,-0.0,-6570.742464130866,308.7169656074686,-0.0,-0.0,-0.0,-233.53210118147004,-475.7087477582876,-0.0,-0.0,-1315.7417035203744,-2206.74123163439,-1234.046598358675,-456.3853620867887,-428.0302333027688,-580.0176889769947,478.9474546177015,-1261.3379457151193,-0.0,-538.858300562027,-2517.0327743288904,-526.9285027524434,8.620545319842844,-0.0,-499.24394185785843,-0.0,-0.0,-0.0,-1379.6462471472225,-491.2606200453528,-1543.3099165238602,-0.0,-0.0,-0.0,-208.66330305121627,-567.5838566761134,-1798.6754447809167,-3081.0942388201915,-230.12411902171138,-134.97167772407863,-0.0,110.90031090348384,-0.0,-1227.9550446711291,-187.05040600491753,-0.0,-0.0,1080.6758367565874,-0.0,-1857.2700281148618,-0.0,-0.0,-0.0,-214.01527529471358,-2185.7981915204323,-1730.4845678744723,-34.07386697206654,-2436.083207070802,-1697.013459273258,-30.672005259923143,-34.393037615712785,-73.76702786544374,-0.0,-0.0,-2191.8151435859786,-0.0,-6508.259863638311,-0.0,-1629.070953547503,-306.2925996085185,193.7994091147235,-0.0,-12.551007711383505,-1779.6094953745999,-1717.4749266111999,-605.0272042620398,-40.19821730431267,-111.6107139602288,-0.0,-0.0,-0.0,-0.0,-1168.7286454087857,-1203.5321060360532,-0.0,-639.1413297879778,-1338.2976104939944,-259.21635047618486,-33.701742360116036,-0.0,-0.0,-0.0,1184.4580778223553,-84.84771003730341,-0.0,-541.68016873115,-889.0954978260401,-1644.3540227779993,-0.0,-0.0,-2716.770578228287,-0.0,-0.0,-0.0,-0.0,-752.1116115734685,1209.5053519652943,1142.611473876553,1261.822999078857,-0.0,-0.0,-0.0,-704.7890930989545,-0.0,-0.0,-406.5581558243835,-249.23069511501708,-0.0,-238.76555356657474,-1284.198628792214,-1422.8742246470863,-0.0,-0.0,-0.0,-22.648003712912367,-1542.2706161517995,-20.518602247051952,361.16310847688027,-0.0,-1755.703257985602,-967.2095773853897,-623.1718488350665,24.245454272353197,21.156018862776197,-330.7234213763802,-17.44383200832782,-406.82387512654293,-424.8527389207928,-1162.2840446481794,-388.98492764597853,819.5866335254816,-1524.8234897870277,-165.26238715577853,-168.86338338896385,-3915.641272472714,-2831.185131946381,736.7143651033383,-1261.024979381732,-148.04639257775239,-4.805295816022372,-767.4673515361873,-1212.556414219015,2036.9862908827704,-713.3791894366124,-729.9900329995718,-797.8682904891598,-0.0,-6404.864977967377,-0.0,-595.1236340460584,-1051.5574316579032,-783.9252679826855,-908.5335386101505,-1193.3418282915347,-0.0,-1172.4094568184228,-223.4223324115801,-91.60583115001661,-8358.88687585334,423.84550940224483,-186.62291437849825,-0.0,-626.2585403899702,-1207.7197845410576,-0.0,-0.0,-584.8649025863921,-1723.0790999079802,-44.983571183542146,-252.51305833059885,-311.29195144581087,-1296.0475927982054,-0.0,-0.0,70.63642542983281,-0.0,-0.0,-1870.7992226635693,-0.0,-2142.0472547681193,-1090.9989326269113,-1445.2209087755446,-0.0,-0.0,-526.8429339850522,-1034.0915625675727,-159.736196047847,-0.0,-449.5036955299897,-173.49911154986506,-485.9053295818884,-0.0,-207.81419107543795,-495.3776395496925,-2548.223104112851,-922.5462854076377,-1511.5794985467978,-0.0,-0.0,-1304.4656268891217,-31.04606386889871,-0.0,-0.0,-1444.7333431788093,-0.0,-0.0,-0.0,-0.0,-0.0,-0.0,-0.0,-0.0,-0.0,-0.0,-104.10635257296957,-0.0,-0.0,-0.0,-0.0,-0.0,-0.0,-0.0,-0.0,-0.0,-0.0,-0.0,-330.64603213498714,-0.0,-0.0,-0.0,-0.0,-0.0,-0.0,-0.0,-0.0,-0.0,-0.0,-0.0,-0.0,-0.0,-0.0,-0.0,-0.0,-0.0,-0.0,-0.0,-0.0,-0.0,-0.0,-0.0,-0.0,-0.0,-0.0,-0.0,-0.0,-273.36476793602253,-0.0,-0.0,-0.0,-0.0,-0.0,-0.0,-0.0,-0.0,-0.0,-0.0,-0.0,-0.0,-0.0,-0.0,-0.0,-0.0,-0.0,-0.0,-0.0,-0.0,-0.0,-0.0,-0.0,-0.0,-0.0,-0.0,-0.0,-0.0,-0.0,-0.0,-0.0,-0.0,-0.0,-0.0,-0.0,-0.0,-0.0,-0.0,-0.0,-0.0,-0.0,-0.0,-0.0,-1452.4123837513328,-658.1792872309252,-1767.406178795452,-0.0,-0.0,-0.0,-0.0,-0.0,-0.0,-0.0,-0.0,-0.0,-0.0,-0.0,-0.0,-0.0,-0.0,-0.0,-0.0,-0.0,-0.0,-0.0,-0.0,-0.0,-0.0,575.5417969144949,-0.0,-0.0,-0.0,-0.0,-0.0,-0.0,-0.0,-0.0,-0.0,-0.0,722.344702399256,-0.0,-0.0,-0.0,-0.0,-0.0,-0.0,-268.1141011913158,-0.0,-0.0,-0.0,-0.0,-0.0,-0.0,-0.0,-0.0,-0.0,-0.0,-0.0,-0.0,-0.0,-0.0,-0.0,-0.0,-0.0,-0.0,-0.0,-0.0,-0.0,-0.0,-0.0,-0.0,-0.0,-0.0,-0.0,-1152.8933505376283,-0.0,-0.0,-0.0,-0.0,-0.0,-0.0,-0.0,-0.0,-182.9656425566159,-0.0,-0.0,-0.0,-0.0,-0.0,-0.0,-0.0,-0.0,-0.0,-0.0,-0.0,-0.0,-0.0,-0.0,-0.0,-0.0,-0.0,-0.0,-0.0,-0.0,-0.0,-0.0,-0.0,-0.0,-0.0,-0.0,-0.0,-0.0,-0.0,-0.0,-0.0,-0.0,-0.0,-0.0,-0.0,-0.0,-0.0,-0.0,-0.0,-802.0140760565444,-0.0,-0.0,-0.0,-0.0,-0.0,-0.0,-0.0,-0.0,-0.0,-0.0,-0.0,-0.0,-0.0,-0.0,-507.7782620358359,-0.0,-0.0,-267.2611715551813,-0.0,-0.0,-0.0,-0.0,-0.0,-0.0,207.78898835484202,-0.0,828.4039122374978,-0.0,-0.0,-0.0,-0.0,-0.0,-0.0,-0.0,-0.0,-0.0,-0.0,-0.0,-0.0,-0.0,-0.0,-0.0,-0.0,-0.0,-0.0,-0.0,-0.0,-0.0,-0.0,-0.0,-0.0,-0.0,-0.0,-0.0,-0.0,-0.0,-0.0,-0.0,-0.0,-153.376152379584,-0.0,-0.0,-0.0,-0.0,-0.0,-0.0,-0.0,-0.0,-0.0,-0.0,-0.0,-0.0,-0.0,-0.0,-0.0,-0.0,-0.0,-0.0,-0.0,-0.0,-0.0,-0.0,-0.0,-0.0,-0.0,-1004.4216552969225,-0.0,-0.0,-0.0,-0.0,-0.0,-0.0,-0.0,-0.0,-0.0,-0.0,-0.0,-0.0,-0.0,-0.0,-0.0,-0.0,-0.0,-0.0,-0.0,-0.0,-0.0,-0.0,-0.0,-0.0,-0.0,-0.0,-0.0,-0.0,-0.0,-0.0,-0.0,-0.0,-0.0,-0.0,-0.0,1344.0705293898654,-0.0,-345.2051725818653,-0.0,-0.0,-0.0,-0.0,-0.0,-0.0,-0.0,-0.0,-0.0,-0.0,-0.0,-0.0,-0.0,-0.0,-0.0,-0.0,-0.0,-0.0,-0.0,-0.0,-0.0,-0.0,-0.0,-0.0,-0.0,-0.0,-0.0,-0.0,-0.0,-0.0,-23.407984873206082,-0.0,2707.6195963089226,-0.0,-0.0,-0.0,-0.0,-0.0,-0.0,-0.0,-0.0,-0.0,-0.0,-0.0,-0.0,-0.0,-0.0,-0.0,-0.0,-0.0,-0.0,-0.0,-0.0,-0.0,-0.0,-0.0,-0.0,-0.0,-0.0,-0.0,-0.0,-0.0,-0.0,-0.0,-0.0,-0.0,-0.0,-0.0,-0.0,-0.0,-0.0,-2507.4138319507783,-1741.4486650799647,-0.0,-0.0,-0.0,-0.0,-0.0,-0.0,-0.0,-0.0,-0.0,-0.0,-0.0,-0.0,-0.0,-0.0,-0.0,-0.0,-0.0,-0.0,-0.0,-0.0,-0.0,-0.0,-0.0,-0.0,-0.0,-0.0,-0.0,-0.0,-0.0,-0.0,-0.0,-0.0,48.279096808444464,-0.0,-0.0,-0.0,-0.0,-0.0,-0.0,-0.0,-0.0,-0.0,-0.0,-0.0,-0.0,-0.0,-0.0,-0.0,-0.0,-0.0,-0.0,707.2184206940133,-0.0,-0.0,-0.0,-0.0,-0.0,-0.0,-0.0,-0.0,-837.6063191343723,-0.0,-0.0,-0.0,-0.0,-0.0,-0.0,-0.0,-861.6570563722124,-0.0,-0.0,-0.0,-0.0,-0.0,-0.0,-0.0,2817.427392363996,-0.0,-0.0,-0.0,-0.0,-0.0,-0.0,-0.0,-0.0,-0.0,-0.0,-0.0,-852.6005496583587,-0.0,-0.0,-0.0,-0.0,-0.0,-0.0,-0.0,-0.0,-0.0,-0.0,-0.0,-0.0,-0.0,-0.0,-0.0,-0.0,-0.0,-0.0,-0.0,-0.0,-0.0,-0.0,-0.0,-0.0,-0.0,-0.0,-0.0,-0.0,-0.0,-0.0,-0.0,87.34659218959818,-0.0,-0.0,-0.0,-0.0,-0.0,-0.0,-0.0,-0.0,726.0540094134443,-0.0,-0.0,-0.0,-0.0,-0.0,-0.0,-0.0,-408.0638158567208,-0.0,-0.0,-0.0,-0.0,-0.0,-0.0,-0.0,-0.0,-0.0,-97.11187243638115,-0.0,-0.0,-0.0,-0.0,-0.0,-0.0,-0.0,-0.0,-0.0,-0.0,-0.0,-0.0,-0.0,-0.0,-0.0,-0.0,-0.0,-0.0,-0.0,-0.0,-0.0,-0.0,-0.0,-0.0,-0.0,-0.0,-0.0,-2141.462640133109,-0.0,-0.0,-0.0,-0.0,-0.0,-73.41758740300355,-0.0,-0.0,-0.0,-0.0,-0.0,-0.0,-0.0,-0.0,-0.0,-0.0,-0.0,-0.0,-0.0,-0.0,-0.0,-0.0,-0.0,-0.0,-0.0,-0.0,-0.0,-0.0,-0.0,-0.0,-0.0,-0.0,-0.0,-0.0,-0.0,-0.0,-0.0,-0.0,-0.0,-0.0,-0.0,-0.0,-0.0,-0.0,-0.0,-0.0,-0.0,-0.0,-0.0,-0.0,-0.0,-0.0,-0.0,-0.0,-0.0,-0.0,-0.0,-0.0,-0.0,-0.0,-0.0,-0.0,-0.0,-0.0,-0.0,-0.0,-0.0,-0.0,-0.0,-0.0,-0.0,-0.0,-0.0,-0.0,-0.0,-0.0,-0.0,-0.0,-0.0,-0.0,-0.0,-1489.5699383598248,-0.0,-0.0,-0.0,-0.0,-0.0,-0.0,-0.0,-0.0,-0.0,-1867.486639530475,-0.0,-0.0,-0.0,-0.0,-0.0,-0.0,-0.0,-0.0,-0.0,-152.74177279278416,-0.0,-0.0,-0.0,-0.0,-0.0,-0.0,-0.0,-0.0,-0.0,-0.0,-0.0,-0.0,-0.0,-0.0,-0.0,-0.0,-95.89084559755138,-0.0,-0.0,-0.0,-0.0,-0.0,-0.0,-0.0,-0.0,407.74657627665,-0.0,-0.0,-0.0,-0.0,-155.72170199295402,-0.0,-0.0,-0.0,-0.0,-0.0,-0.0,-0.0,-0.0,-0.0,-0.0,-0.0,-0.0,-0.0,-0.0,-0.0,-0.0,-0.0,-0.0,-0.0,-0.0,-0.0,-0.0,-0.0,-0.0,-0.0,-0.0,-0.0,-0.0,-0.0,-0.0,-0.0,-0.0,-0.0,-0.0,-0.0,-0.0,-0.0,-0.0,-0.0,-0.0,-0.0,-0.0,-0.0,-0.0,-0.0,-0.0,-0.0,-0.0,-0.0,-0.0,-0.0,-0.0,-0.0,-0.0,-0.0,-0.0,-0.0,-0.0,-0.0,-0.0,-0.0,-0.0,-0.0,-0.0,-0.0,-0.0,-0.0,-0.0,-0.0,-0.0,-0.0,-0.0,-0.0,-0.0,-0.0,-0.0,-0.0,-0.0,-0.0,-0.0,-0.0,-0.0,-0.0,-0.0,-0.0,-0.0,-0.0,-0.0,-0.0,-0.0,-0.0,-0.0,-0.0,-0.0,-0.0,-0.0,-0.0,-0.0,-0.0,-0.0,-0.0,-0.0,-0.0,-0.0,-0.0,-0.0,-0.0,-0.0,-0.0,-0.0,-0.0,-0.0,-0.0,-0.0,-0.0,-0.0,-0.0,-0.0,-0.0,-0.0,-0.0,-0.0,-0.0,-0.0,-0.0,-0.0,-0.0,-0.0,-0.0,-0.0,-0.0,-0.0,-0.0,-0.0,-0.0,-0.0,-0.0,-0.0,-0.0,-0.0,-4515.30923024718,-99.39277454821855,36444.2130385828,-4189.507489269353,-4170.337542568909,88671.87214621785,-0.0,-8157.417629721099,914.4185468532266,2101.7485153355587,-26781.130337606075,-0.0,-5634.260827921505,-0.0,-0.0,24787.948966326185,-13967.93486091766,3233.1992617109327,7232.024286388594,-4344.069736492298,-26311.71833318852,-9699.898849344823,58.4186454894319,-103.43174807823283,-6705.044424856409,-0.0,-13091.195484135449,-19551.58320516565,15361.264889358645,-143.15006147335578,425.4671324327315,50660.09296583816,-2556.077027638423,-109721.38280935162,-3482.7070317266184,-25649.70310559087,-17228.968581705307,-5585.2973783242,-6909.867906036136,-17311.348166222917,14399.747749339098,-2439.5702131674752,-3884.0356924782245,-3702.315619923507,-12553.040299165965,7220.527005453469,36013.47463395061,-847.8693881156577,-200.02517244171062,22555.82876403321,3751.6445032902957,-200.31644943118712,5714.5505356258855,6319.589395226197,-6157.435236546828,-8076.779430048662,-3559.95472269223,437.6961781272051,-0.0,-0.0,-1377.8024752772194,-8533.419029755094,-4204.573497556286,-3630.4919683384073,-510.48887939523337,-5386.336093685327,12396.935942057631,6878.9897350928395,-8784.214266908375,18914.575520275976,-21019.345193298865,-34391.84099222347,77702.42566676727,-24872.47268784969,-8716.799748177187,-2069.918803176611,-3451.199203410024,-6825.910742763344,-4252.044064547162,-35179.827371177365,-0.0,-15267.447373317984,-0.0,3860.4115332380793,-0.0,-0.0,-14532.923102051283,-1524.3875139343124,-0.0,-0.0,3892.455663160409,-0.0,141.22989334607087,-0.0,-6644.378600071336,-4862.896035261414,-8366.296083736155,-9230.445215284395,9987.01169702392,-0.0,-31368.42525803152,50133.329658811606,-0.0,-0.0,-21422.354140592015,-9585.598004132167,141.4381288939008,605.2494340848659,-0.0,63679.95678144338,-0.0,-0.0,-0.0,-0.0,58567.30157023541,-1609.2234153589386,-0.0,-13799.112479205844,-0.0,-5789.927617184095,-999.3657493962528,-2881.2976937384256,-16742.60384039086,9830.88505545362,-1088.331168674805,-9946.95298144015,-0.0,-0.0,-7125.820279080268,-7642.535281166414,-13442.478668432403,65030.11366628825,-0.0,-231.6139821435339,14747.92812655799,4550.189295580263,-3005.8008345384555,741.0988540831113,1864.4033778862884,-4080.4405430109246,159.95717602471836,-20110.056103739644,894.4719839871939,14737.069245999177,-719.1222714987846,11092.648955031125,50421.49687175109,5990.663155394605,1149.5416936344818,10334.68845431414,-2191.6665599591197,-8371.738160872448,-9601.783321637782,-16943.834022640174,-0.0,3094.2859831020855,15459.778113996228,13937.9042523497,-8805.10904594396,6451.890004810972,3951.9842730167993,-9772.306377306506,24036.743763968716,-15720.460587089266,-0.0,5829.512538887429,-12789.937850654653,-16756.77533212308,-8075.808097650246,28010.504597305055,2309.679094068638,-0.0,-5708.349140861209,-0.0,-2643.2200515388404,61.41250027475528,-3802.1750158256236,-893.4746752866515,88.34182130035938,-209.3835705161692,-23835.414215572848,-15144.447522081846,25051.894560564724,-8437.330035996552,3729.478288365771,9123.086428750346,-8197.208836057061,-5306.883380169078,-14854.347770604072,-0.0,-2165.775189824091,-2224.5229954770307,-0.0,1249.2044318261662,-3400.9350044168764,-0.0,-0.0,-17364.945679231118,-3477.208532212886,4231.116900164932,-4137.043738147418,-0.0,-0.0,-0.0,61791.906936995045,25590.061293816165,-0.0,-1519.1800190940962,13221.82729451259,-0.0,-4489.525632281048,-3088.0450870135455,-0.0,-5568.609404452202,-8309.171059535844,126552.06657402862,-13390.78085236247,-9692.288409479075,-33542.55725745957,-0.0,2749.702534857022,2477.2520925551803,-10948.516348690624,28636.150928247745,-8829.232792393794,-49252.87626716734,-16609.161693960006,-11110.104811163656,-0.0,1401.558258583834,-5323.127702157024,22986.521568756078,-2371.7795000551764,91.88668390496797,-12939.171990347919,-10118.939497016834,33170.17848605543,-0.0,-1714.6359571819958,132.16402007779385,-0.0,-0.0,-0.0,-0.0,-0.0,-0.0,-0.0,-0.0,-0.0,-0.0,-0.0,-0.0,-0.0,-0.0,-1397.0979540080943,-0.0,-0.0,4594.506285251723,-12744.482372396053,-946.3193416573769,-10130.772847255654,24847.005192726003,9663.0107508259,-4135.06637676787,2521.618723258346,43029.656393010555,-0.0,-0.0,-4172.732977226909,2852.4847806442767,-7152.994410893916,-8924.3898368565,-0.0,-217.43850615931333,10154.078465032337,-4628.154784290329,-1007.8378973372867,3318.6717647954406,-30182.593568328713,25122.927874033634,-5254.581437356221,-2312.6042893588674,15150.90011716647,-0.0,-0.0,-0.0,-0.0,-0.0,-0.0,818.0221971954386,55880.73683491709,-10328.356550757462,-8087.1893093024355,-13434.256876901052,-0.0,-11092.32305604991,-13599.157019031347,-0.0,-0.0,-0.0,619.5146485274782,595.5034537553186,873.8975916959945,3210.741000951794,-0.0,2811.56752091963,1036.8188911639538,947.0198340636974,835.422976653348,872.2489530125673,3539.638488966763,1869.6340996690326,3527.6467968361726,2796.603026634697,3092.9017612355897,3409.4549778116625,40522.253587658044,44392.23122262989,41978.58291079435,38033.75239289432,7245.953930847221,7182.128338028739,8284.863273819983,10265.256267939534,5051.1798934482385,2177.9455119264,2294.0600072369084,2307.405482432185,2165.9977497474633,2286.4044732042444,5313.68991300404,3320.605004771449,1408.5901913140635,1354.285295630857,712.9882835338339,416.2043650224712,504.64878590637164,36647.70357594877,39745.77119718518,42186.64717048235,38785.637598465895,59906.88126890094,63066.83688543481,1418.666025061547,1407.4034352082676,1415.792411037782,1200.1114458043085,1339.735984179782,1397.5694520241896,683.5670025011398,52484.21203781933,56059.32983751904,57212.86040597663,2912.5940601671505,-0.0,7521.527801736149,42847.53304302798,38664.81737466538,39114.3622644564,64553.169903778326,70849.30606563612,72752.44084067547,61138.06776674041,2873.7691707032795,2536.9859019480273,5310.793476874646,-0.0,21213.275849001657,24703.49907640171,-0.0,518.5343942470433,1079.9241978569912,1696.531015295613,1554.3421377668199,1805.8395019709599,1600.3935609697558,1848.4066529750603,1500.0909534171317,43935.729856857266,42590.43806787541,41826.89611099451,39429.27934724783,1149.1519733567616,1313.8460074920333,-0.0,-0.0,18714.877069052207,42387.23409373538,40773.22076754654,38067.86232979312,36738.33587958648,-0.0,53109.22411776933,57071.89318626365,1164.0052690013176,2294.1845305552883,2520.0320745896724,2687.851850893969,2417.7591624138126,2379.776632788682,57984.47964773286,54692.67558702551,-0.0,-0.0,18230.076426915533,953.984307510881,1149.8546668622485,43245.03004437069,40905.945381253754,36845.25176981024,39038.4800317682,37203.56871056027,39546.703136115684,-0.0,17281.600964735266,10987.67502243084,-0.0,-0.0,1372.2820058279913,1507.5270300089387,479.25916542623605,428.89238289146243,351.1342868174462,353.02033716315486,-0.0,1256.266134149739,1197.7308332780333,1151.560115579794,1312.7953829077658,-0.0,1597.8734955070397,1666.254495665016,2109.20960983076,2255.0331884080283,2254.145597296905,2208.0168101856516,821.3555799954198,1001.1938035069519,916.0638259746011,1374.617455380492,969.3163317070808,870.3498610027264,929.3449533235041,938.0756460631864,8856.51953986866,10054.731753440305,45.3446363765458,78.92561109437837,3694.1654796841426,17386.386661382374,1109.1797350086213,1065.0184873636692,-0.0,-0.0,6944.210141551091,7037.845169242837,6903.561067081228,6830.748715056161,1454.7051908993108,1572.99601930441,41516.91923734462,42272.13313732644,9196.750425297643,8042.793152685868,-0.0,57522.33659575533,2345.481878434212,2204.752697411129,1201.0639641606676,59766.4048727145,63843.97673146,61776.75638720775,56970.44208843066,467.4834384700083,64269.25164144572,60485.118979956125,-0.0,-0.0,20947.090620524872,-0.0,756.7047388856968,771.3674000250082,685.5164494037778,1829.6163277006087,10234.412139475004,24104.40706708815,1557.567275245824,1682.1567833673225,56.198515509253,735.7003837055082,736.2703477364139,16349.072230362617,1653.0135452706581,-0.0,-0.0,-0.0,1187.8175889098488,-0.0,1265.8840002124475,-0.0,4672.909619733897,1092.6438395899277,1231.3652643188639,1165.8340197014834,738.9554591504415,715.0613271960236,674.1385818472226,1641.4761527222881,1820.4546817459077,1975.3393935869174,1188.2701342836292,133.49014875391052,5433.873715063592,57383.179939848174,62266.41896502453,11229.09574488292,22613.867977123453,17028.927408744377,17795.02466333334,2188.0338715307716,1996.1937060005544,1573.398231114738,1572.5835013372416,858.4613059640013,1038.1924292090368,2567.6732004223463,38743.06219027156,41646.54358301384,1474.5848574641605,1508.5295175642857,1459.8088972960347,2504.9777476797026,2673.305718495747,3058.0112969135016,42609.754422100654,38143.23068270461,37889.650337189014,41492.595441622434,-0.0,-0.0,-0.0,2559.7632800001197,2841.09058628073,2469.5280311212628,7624.811428489635,6654.86612737107,7197.757766246342,1962.3724118100342,2068.265375996624
22,-0.0,-0.0,-617.2573004503204,-1963.166201805137,-461.310281635327,-545.2236150331189,-53.53962585603296,-1014.6644282722374,-692.2881217241127,-0.0,-1463.744920536268,-0.0,-0.0,-2160.902065456121,-0.0,-583.9614448685062,-435.78792730932827,-0.0,-0.0,-185.60242565297833,-264.53339342052084,-705.0153907298076,-1119.3291796425976,-718.4702438617405,-2112.9232966314357,-1304.8584923787964,-0.0,-0.0,-2944.4246438403115,-1776.9554356012814,-0.0,-0.0,-0.0,-0.0,-0.0,-0.0,-110.09566185821963,-318.412703210237,-1707.4243570012068,-1380.3588277926856,-0.0,-0.0,-135.07339325933955,-719.1154614853547,-180.91198611640687,-0.0,741.604548478757,-1679.7804622279127,-411.7335270613865,-0.0,-0.0,-376.8495782062277,-4.626079977305215,27.456650157624615,-1983.91266018247,-3421.5847122951664,187.3678791392237,-5858.730346854216,-244.2160932946983,-0.0,-1658.3526115093612,-0.0,-665.5372343103697,-2537.9454446964046,-543.3875089661467,-643.5285740936738,-41.478080354793384,-2332.454012793566,-774.2763595108753,-544.3548808641781,-3128.141907840405,-0.0,-0.0,-2343.5649758673385,-1042.413251609504,-403.7395243859171,-1946.5965830305204,-0.0,-0.0,-1526.6281179572595,-1643.9662624856282,-482.90979808314694,-3993.998149157297,-65.47917406513598,-77.04421497689229,-1765.9584916103304,-0.0,-627.0253183759532,-1050.4843917135374,-18.02334940570254,-0.0,-1510.5110645700215,-86.54542726957152,-663.0462617784453,-2320.851654117364,-54.29520345055581,-2332.093803064741,-356.9835462783518,-1480.5210595132585,-2715.556254280636,-756.8396885562393,725.201323029671,-573.3317578298935,-0.0,-1707.9099507007477,-2440.0747587853575,-4413.111792402923,-581.4847268230692,-2907.409566067119,-0.0,-1553.1465788488279,-0.0,-0.0,-523.3701019272472,-0.0,-0.0,-547.6387289197191,-82.14211562836648,-1710.5001256676442,-865.0437507005988,-1050.749347831275,255.1771039382137,-463.0265659140867,-371.20803049449705,-423.41394007414874,-15.774276083677162,-460.8547367657641,-540.167007481357,-808.0386234592379,-0.0,-5300.725660784057,112.21702099877595,-100.02970070403897,-4649.331885898521,-0.0,-1051.9777509141163,91.16504406413378,-0.0,-671.2280903115827,-0.0,-0.0,-537.4077554131882,-0.0,-353.8141782060559,-996.0353094260421,-0.0,-1106.4033071223685,-285.5969362775219,-737.1677125086923,-2279.4414494558787,-0.0,-1779.6660710611352,-1065.9519266035734,-0.0,-0.0,-0.0,60.18560443146752,775.7740273672289,-0.0,-1621.1969992012087,-1928.2984345882974,4.64192032519678,-0.0,-0.0,-503.30517964191137,-368.043742810251,-392.97353714798203,-0.0,-401.2054908275788,-3273.252789449939,-1200.5985732858946,-0.0,-1296.5894491335107,-2399.644936473766,-0.0,-0.0,-0.0,-0.0,-0.0,-0.0,-577.7616763305689,-709.5159272647164,-282.11578645920525,-182.0008824536706,-1107.347521185963,-16.886758977473324,-0.0,-0.0,-691.1092965165501,-0.0,-668.5141185114189,-209.00911804568094,14.12050474917078,202.33261599621,-0.0,-0.0,-1091.419035779607,-421.84563097164835,-534.8825844550316,-0.0,-2868.2098555756693,-2262.3007052610365,-957.2514375913621,-0.0,-0.0,-2286.9702410914206,-1362.3870224802297,-737.3260667201606,-27.17864759492538,-1657.0598534991423,-1337.6631402745063,-0.0,-0.0,-1941.7329117568531,-0.0,-963.8966754490683,-1128.9733809638458,24.315882647045633,-536.7899744583268,-595.5060626083044,-354.2487161513949,-0.0,-1840.9083145948982,-0.0,-3100.281527755879,-2629.6880571586157,-207.3046000230563,-519.0560650378624,-494.90443145257984,-0.0,-311.7654731379444,-223.24211784246958,-0.0,-1079.6184044355255,-608.6180252608664,-1039.8613933310833,-1853.9452778910543,-1020.0523394710187,-2217.516159968782,-1831.1810139735824,-2472.5368866775534,-2447.538372395532,-1150.621272405445,-2266.3773332696524,-588.5656352396546,-450.6183909687935,-0.0,-1398.5232738935495,-919.3356264781689,-1125.953720855114,-485.42425290694047,-426.4259578169242,-2323.0772940147103,-699.6193064990821,-472.3157915847387,780.9842582974021,-0.0,1180.4477036831954,-1529.640569071226,-0.0,-0.0,-0.0,-0.0,-0.0,-0.0,-1396.6294766191477,-3058.804091238574,-527.2744305579432,-1011.9489683246197,-0.0,-0.0,-2021.6991018875058,-1408.4731524156848,-2099.478162990755,-0.0,-0.0,-71.39711471894381,81.35625549044398,-492.45535467191263,-2109.992104318864,-503.95681953994597,-0.0,-452.2235399213985,-767.3521820249609,-13.511294314206678,-1311.5256309076692,-1193.4635825719752,-1600.8524662228158,-1178.0920400095547,-156.9412542558095,-669.8821210403036,-0.0,-1738.279578346011,-0.0,-1008.0328565703481,-131.61452558272092,-42.72312184319151,-572.5200383784403,-0.0,-2493.5744513502627,-131.16788011895937,-667.38611262354,-1650.0185110974653,-1445.4386286006854,6.6872232726489935,-554.2069603654818,-844.8825595971513,-25.91761602934166,-311.83091375140145,-478.61039446011455,-66.69044131381189,616.1453570571972,-1336.8671560653295,-0.0,-991.4846207580847,-1305.3440352904188,-0.0,-596.9661543161743,-0.0,-1640.8234881267915,-0.0,-0.0,-0.0,-1237.5518489895233,-888.0337147139131,-428.9920281724787,-0.0,-1494.0046935011683,-3289.138765299567,-3822.977421186479,-0.0,-381.0988409502986,-0.0,-298.87885915919367,-380.5597822606809,292.4318860470704,-592.6193180535511,-0.0,-599.9066923684848,-1003.1427865152939,-291.77967876855035,-543.9902435492647,-0.0,-482.9187952880364,-1241.1147788935737,-574.6855354934698,65.98440627528642,-2573.8024981839953,-0.0,-0.0,-1146.7361881127151,-507.29736364361196,-1274.602696491611,-74.79035678592915,-138.41006401366198,-243.44475162141967,-660.4302718256725,-1000.3390111485988,-1509.0992774749234,-2476.324767138768,-0.0,-0.0,-381.8924188947191,5158.445289505429,-0.0,-0.0,-0.0,-0.0,-0.0,-2646.904429093553,-530.1131736270519,-0.0,-1133.2124331158643,-1134.5675877385504,-642.411714561203,-2329.039670599212,-190.08235631112893,-1281.0004916544422,-0.0,-0.0,-2200.8342103773384,-669.6033733509362,-1943.494858143542,-723.6296206677571,-629.4039393511315,-1771.692028308943,-270.1878152154662,-1939.123910084615,-1125.2272647974312,-120.62926526350219,-901.0619461338496,-1312.7279382000318,-225.4888147786138,-236.8878646905736,-1960.5405621797522,-0.0,-521.2698605983132,-286.4405369119112,-156.64668740658647,-812.8768603337439,-233.92141912441036,-969.1967092486448,-801.3162745270768,-1336.7497465974895,-321.2024595977296,-2734.1789720093875,-24.436718344376782,-650.0376999053058,-0.0,-933.987147679174,-693.7386555035921,-1024.8206545169612,-1159.1714818234068,13.785712008040303,-389.8800637008498,-855.0767277644477,-854.8508168260913,-381.06257119986225,-1105.1700155328228,189.5956918621383,-0.0,-0.0,-0.0,-0.0,-0.0,-0.0,4.7833508851233875,-322.5036178019085,-2542.8371536251843,-4603.582322018047,-516.6735663753186,-1115.0453179240462,-150.76345076169176,-567.9550287143919,-1459.4006594698699,-1198.5127964732587,-85.19510876632367,-477.06099301717995,-514.6347013838581,-0.0,-139.26012142081856,-1106.43343839519,-686.1598971170998,-0.0,-1411.2520314209378,-0.0,685.1514732756056,-0.0,-0.0,-0.0,-28.525956656682315,-0.0,-0.0,-1040.8801692517409,-451.73258441253523,-1191.9260005312444,-0.0,-0.0,-0.0,-946.0252943702704,-597.5128530137015,-1453.8523689778056,-0.0,345.9753099907627,-0.0,-0.0,-3133.8122274499874,-1456.9669753746027,-13.441513950130975,-0.0,50.025645173673105,-19552.426540522676,-18805.179039191105,-2697.009230556281,-0.0,-0.0,-0.0,-0.0,-324.18677441940935,-0.0,-0.0,-734.5230809967928,-2611.064861968646,-2269.9983622328964,-1580.9501199645588,-432.3074159910221,-1913.1767122191015,-47.89880773282008,-1688.217362843561,1031.2377945714798,-0.0,-884.6715666715345,156.711740778959,-0.0,-0.0,-0.0,-0.0,-118.24916508315383,-0.0,-0.0,-0.0,-824.5600736678987,-1674.4319918937965,-0.0,-0.0,-652.1254300096431,-2193.4108292818373,-0.0,-1493.0668967006318,-1826.6209586613913,-1907.6492398347013,-0.0,-0.0,-252.86330578326687,-80.06063886360403,-1147.7784380463943,-1583.921762667319,-531.9268865875463,-1489.166298945753,-1292.8566336434315,-0.0,-0.0,-0.0,-0.0,-407.1323807093341,-96.35697505890093,-0.0,-0.0,-199.12339601727098,265.98403076690664,-0.0,-1241.9607054131634,-1169.914829983833,-1161.2769682751205,-0.0,-0.0,-871.7568720276215,-1372.3680375702675,-795.1723480050418,-437.0908144203095,-0.0,-2443.370157250224,-2469.881265884249,-0.0,-0.0,-0.0,-0.0,-0.0,-1491.7127641033096,-0.0,-2216.5417594601504,-1204.2501625479022,-83.59504204589253,-0.0,-0.0,-0.0,-2778.248635518674,-1621.1442610883287,-597.0262768935281,-559.4643284367015,-1127.7472848878813,-847.3675148150893,-0.0,-0.0,-557.212334357855,-1373.6835125993994,4.591876557829058,-604.6286499045258,-0.0,-1095.3517026982256,-858.1652985684052,-1685.4062856758965,-0.0,-266.8313261458895,-256.7881013717528,-331.6152713452187,-1537.53498055279,-107.90276102861706,-0.0,-0.0,-0.0,-0.0,145.8544451642037,-165.70559558054163,-829.8417559432115,-1548.805291281693,-1329.807927856645,-582.9173499108109,-604.9881739685181,-9471.64041777621,-1021.1162313411676,-592.9125466127773,-0.0,-0.0,-0.0,-358.300346843423,-399.4257914006563,-1205.381692066007,-352.71109635749156,-0.0,33.56404205762953,-0.0,-0.0,-0.0,-0.0,-0.0,-0.0,-0.0,-98.2633958264311,1777.0363398408138,-0.0,-1454.0569633537757,-618.5071862089891,-447.9796339837416,-1957.8046859332014,-0.0,-0.0,-633.7265089753522,-764.5955751181968,-125.48383288435025,-142.7846432607902,-0.0,-668.9108145256796,-188.30456749134777,-2051.5743881113167,-402.93362024507496,-526.743121917375,-0.0,-0.0,-1393.4489221797637,-2461.6709658450427,3.997779513740295,-583.2479663926983,-438.9190435052024,-1099.22234017017,-1408.812379389191,-820.5447799204688,-321.3130419332537,-180.9898028184013,-1534.123685323115,7079.196368868869,-0.0,-608.4721181621843,-652.9471512625975,-1232.9217462770305,-1216.3403916201669,-1172.4131274351066,-1946.7003848849308,-1866.2539034406439,-624.3760641743193,-0.0,-0.0,-1838.2012014385916,-0.0,-0.0,-423.9316896977115,-1908.4213875660478,-1576.5135172543733,-276.7911362331674,-128.13214891796363,-2012.6417423391565,-0.0,-1457.770519109922,-0.0,-0.0,-0.0,-0.0,-0.0,-0.0,-461.9987568589656,-1577.6493367689125,-1071.630009251892,-83.21351919982004,-254.75771001075847,-546.0723740217711,-197.89309678797053,-0.0,-0.0,-518.4037402278115,-649.3058953364219,-3887.764803546091,-0.0,-1317.5437587816746,317.1792462763906,113.68432594515647,-0.0,103.00828607256278,-168.69420109873792,-103.54722260368904,-535.9421216748077,-0.0,-1699.880972816576,-0.0,-0.0,-1498.277685436146,-0.0,2374.3509092187824,2318.9589702482817,2298.7580608610524,-0.0,-0.0,-1957.0026178378987,-0.0,-0.0,-317.9346534243357,-933.5615022246295,-861.6573790508801,-1132.7835310546493,-1103.3520867817565,-0.0,-0.0,-0.0,-16.552071608536764,-786.9151692795878,52.427420004905564,-76.88616443073937,-1206.1994112380141,-1000.8980697489236,-413.5558628557072,-1497.7176287796447,-0.0,-1949.0976348753964,-1237.7106905502148,-1722.6298484703586,-534.7982184324849,-551.5884513119925,-0.0,-1475.4707458436897,-892.8251312446196,-953.7495212485985,-2171.013247816284,-551.8293266604196,1261.3114094753182,-4.500193284466178,-410.84953569585565,-1301.5386565550525,-0.0,-1689.7641666007705,-3487.1240175908642,-506.8964947603613,-562.5028496261248,-0.0,-0.0,-0.0,426.1676343009174,-414.41934801173693,-521.6579508576713,-186.7643053811846,-559.8543037283279,-453.0383479594393,-0.0,-450.7615960986125,-1078.735053234874,-802.0611763596276,-0.0,-2107.6244130343653,-4314.437083671428,-0.0,-0.0,671.6543359825525,704.1515188402441,-0.0,-0.0,-767.5751463249211,-867.0413154667266,-421.9762466656457,-709.5995355039925,-0.0,-0.0,-0.0,-0.0,-0.0,-3097.57394913953,-429.6238287749391,-1824.600034454419,-1112.1566988330114,-0.0,-321.2716314487138,-878.856050913228,-0.0,-356.673536166125,-855.2586916830011,-1149.2112704790682,-4944.044643027548,-44.266341559352284,-0.0,-0.0,241.05981668257792,911.8940946175682,-0.0,-0.0,-430.4834185061784,-0.0,-34.71828525939158,-0.0,-2740.129348584857,-0.0,-451.68558924809025,-0.0,-0.0,2086.508407088763,2373.5325508932237,1941.1317431537466,-0.0,-0.0,-473.4324985238011,691.036129477634,-2506.213688613647,9.555713503412791,110.13386785064186,-2751.6499395491096,-58.43471735088202,-159.06683286639353,-693.187843026438,996.389247058701,3481.7761658173486,-3021.744944334722,-0.0,-0.0,-999.7086239809881,-1671.978014752344,-1482.6068692641386,-275.32067178165875,-76.32226844216106,-0.0,-0.0,-0.0,-0.0,-2255.4391587056207,272.91806632494405,-0.0,-12.747172038198876,-0.0,-1780.9648390027544,-1944.6472051993742,144.11665375353846,-0.0,-0.0,-317.4562080184003,-0.0,-1829.4359364461593,-82.4001828087011,-1148.129918759189,-407.23410773066496,-1317.7453702433802,-712.2984752654877,-1066.9726704359668,-684.3802884984392,-0.0,-0.0,-0.0,98.90063644382855,-0.0,-0.0,-304.84950548730194,-471.56879341534454,-731.0360503878727,-0.0,-1483.8036142507053,-1143.8754129373938,-881.5957464605068,81.11917021835039,-423.87324985890797,147.78689220552656,-344.1185377956384,-0.0,-0.0,-9.016651078504145,-1949.8372706635344,-667.5065025542264,-1041.8043248080796,-154.81874505271324,-2129.5173215259115,-1947.5027617379526,-1140.543365945673,-1177.7453044988824,-114.6829673529589,-629.9401171725419,-741.6545191625039,-1154.9640586602895,-2737.2838989160646,-0.0,-1853.9464572026884,-160.327966686267,-0.0,-2369.8106937309544,-3111.937509466211,-2364.6847598855506,-278.1101235114111,-0.0,-1584.518666946626,-210.62336013163466,-1297.7900512657015,-739.9302263123772,347.21834670551334,-1934.9505131028368,257.98412634780016,2271.6976239249907,-0.0,-233.04980362724146,-503.55998023921006,-932.3840070010522,-1309.629805859483,-1823.056533579924,-4619.676854707576,-0.0,-431.81481056443846,-1412.2995227416397,-737.5443151580998,-261.5574472179391,-29.69565165202119,-347.0259113759481,-0.0,-0.0,-0.0,-0.0,-266.61906412288977,-1309.2637140526176,-944.6421672870734,-56.35877005743154,-18.177384676529407,95.97389971782874,-0.0,-0.0,-1180.8235514641406,-549.9190799391404,-0.0,-2393.2120208713877,-30.842199205508223,-1380.6309811371013,-0.0,-240.55259556055495,-198.1736563566114,-0.0,-0.0,-537.3922848156512,-0.0,-0.0,-5534.9887348653365,-212.01241697222858,-2291.0911346875255,-9.52361934976627,-0.0,-142.83122613085789,-1348.9151861969465,-695.1370306868585,-327.76644029938325,-1521.080804784866,-0.0,-395.31694107161763,40.10021505581052,-608.6764384714867,-0.0,-0.0,-42.674645622887574,-71.62049961446316,12.838170591819267,-425.1515456423767,-1486.4151767639207,-1718.6786831762317,-0.0,-0.0,-0.0,-8.312012655701684,-329.6445152384181,-0.0,-1511.2033862893754,-2768.2237899475804,-0.0,-0.0,-25.05869586860996,-1636.2974991638253,129.2800340413734,-0.0,-0.0,-0.0,-0.0,-586.4850210748137,-2420.7024135789648,-648.6454404208777,-1308.7475340748915,-0.0,-0.0,-709.7296847790295,-528.9519359440884,-411.19564158554806,40.68798555709537,-0.0,-0.0,-0.0,-868.4921864674316,-761.2601343314648,-532.0624070891326,-378.4632336027779,-0.0,-0.0,-0.0,-0.0,-2299.4261580284783,-85.84267000371122,-80.74317914227774,-0.0,-0.0,-722.9017266606958,-463.3661336164555,-0.0,-2053.1419943149763,-5441.316130590828,171.800829957771,-1137.0754379606608,-0.0,-0.0,83.11640346905799,-684.3361764104307,-1835.93085834391,-529.0401554733784,-2651.7560001272127,-1204.959098239658,-870.4032860237053,-1577.9835946480318,-0.0,-0.0,-0.0,-41.160673386320056,-1188.7167489440515,-0.0,-0.0,-3577.066266630021,-87.27006418204537,-1508.0777239153338,-800.1699268769942,-0.0,-0.0,-0.0,-0.0,-0.0,-0.0,-767.3425434787756,-0.0,-1724.4791152719765,-0.0,238.64923046434365,-1195.128186750716,-0.0,-0.0,-0.0,-2759.236500322371,-0.0,-0.0,-427.19728107050815,-0.0,-0.0,-1041.8173699128945,-671.4426843290681,-0.0,-0.0,-216.52047793848405,-2128.0728641839687,-0.0,-1378.8465023593537,-499.4510147994908,1280.6933133085986,-245.94550898778715,-0.0,-530.1723268191683,-197.37379486468285,-0.0,-20.649869563259085,-0.0,-337.3236973572871,-0.0,-0.0,-0.0,-0.0,500.8242372851439,476.29597752582265,-917.1581433740236,-1912.623492172116,-0.0,86.11442969109208,75.12279210508294,-83.59741097995838,-894.8686857378433,37.79194239924992,-522.17788277477,-404.6033427367773,-256.7682202741955,-3685.773929805872,-0.0,-255.30974581897277,-1647.3147686118346,-2466.3769890018248,-0.0,-1101.3849289504763,-1531.2224617817535,-2199.533950154092,-801.9200415096652,-0.0,-951.1880087997247,-785.5479597492258,-849.882445088799,-1581.6647635958814,-1054.4810613887146,-0.0,-137.42616433543995,-1335.4937723306516,-0.0,772.2245013122194,-559.6635726582825,1132.0267458534845,-0.0,-0.0,-17.931405212385926,-642.0539061803645,-2590.9296382235784,-1083.0185624751505,-0.0,-894.5249860271908,-3234.612319744533,-1036.3065478674102,-932.7037019852437,-1228.5959256662184,-514.5545161187885,-37.964479428774865,-0.0,-0.0,-0.0,-1166.1855345292481,-4.5894277539352455,-0.0,-0.0,-2053.489338762138,-879.8076808221317,-566.1283661252249,-1763.2844699737561,-170.81192582409813,-35.17004852494924,-2456.9661560665345,-836.7763222627682,-578.8034631774229,-1384.277094707303,-0.0,-2730.9917069812545,-424.2828536127062,-1203.3722487861855,-1597.940820611632,-381.6257064970965,-558.8789526461362,-1574.3989255138104,-446.8792037486905,-0.0,-0.0,-0.0,-1437.6819336548422,-0.0,-4116.529385124902,-1229.3246325335153,-1489.3145789112941,-0.0,-0.0,-0.0,-0.0,-0.0,-137.02869317209144,-0.0,-279.371534406431,-1016.5090193180445,-383.89599875839883,-0.0,-0.0,7.939346696026937,-0.0,-0.0,30.00475093671217,-275.37232112549674,-0.0,-529.414483408389,-0.0,-0.0,-85.15667016041813,-0.0,-3101.937944885364,-2407.1872713942503,23.654036593206325,-6954.924217639863,-1047.656701773126,-681.892131804278,-0.0,-856.3657567782071,-1384.1246579907854,-0.0,-0.0,-0.0,22.56617718720815,-0.0,-1191.3804191581878,-0.0,-1679.050772234806,-0.0,-0.0,-2442.8011201448357,-1143.8567423789345,-922.4206045144065,-0.0,-0.0,-0.0,-0.0,-298.53318429873707,-719.4941809815963,1456.9271756747492,933.3607314678948,-873.8308991436636,24.42689765719447,-0.0,-359.9624559321591,-277.808159441617,-2064.8355494768384,-441.12407672496414,-130.76569463440126,-1140.5728629709004,-1407.164239616243,-1072.146334281876,-644.5695376487597,-0.0,-0.0,-0.0,-4.670933013674734,-0.0,-1616.9269991049675,-632.355733414751,-0.0,-2086.9737318555926,-1313.384481060186,-0.0,-0.0,-0.0,-0.0,-0.0,-1033.5419816302576,-0.0,-329.9368542822702,-1582.2844672710607,-0.0,-1258.921163807066,-0.0,-0.0,-0.0,-2538.926087356138,-1178.8233156971874,-1024.8647270414915,-2625.682435751179,-0.0,-0.0,-0.0,-99.72644463648965,-511.3469786948668,-29.31469174156441,-643.2948019538602,-148.9114801570945,-0.0,-0.0,-354.21764523358473,-1500.455161322014,-4208.92040144439,-0.0,-521.8047664626238,-1416.9601782892155,-473.5012892014944,-497.2390914394589,-0.0,-0.0,-3.941685047695105,-2245.009974305342,-2154.2367376076113,-41.02350996181081,-1695.359328512741,-430.1630343882734,-879.0545038623102,9.553083211219988,-1122.7565023428997,-0.0,-2242.1387453192597,-0.0,-489.11774124947493,-0.0,93.83579742100851,-0.0,-0.0,-630.3779249915406,-785.9374036287576,14.07775804529027,-0.0,612.2558542544489,-0.0,-0.0,-1553.3165252371432,-1374.6649390973243,-1188.1629231935287,-0.0,-408.10513008411215,-680.3831515007603,-1551.778911208333,-0.0,-0.0,121.98047053007305,-703.3955194043526,-0.0,-0.0,-18.505370611034298,-0.0,-4.516699132922334,-649.3584154832366,-0.0,-0.0,-1412.4182350024662,-1446.8292543750679,-87.18170964703876,-7.943493016767532,-133.7576307866847,-837.397672518545,-1171.098250940704,-1786.2375393420455,-0.0,-983.6067806392786,-16.522320244406377,-44.7463329201269,-1410.5541511937715,-0.0,-0.0,-0.0,-0.0,-678.6974385193704,-4.7018654785699745,-9.419597013866328,-0.0,-0.0,-527.8003928221565,-0.0,-0.0,930.6808852075172,-1213.9153172262318,-43.71386179174593,-2049.9893208975545,-0.0,-0.0,-550.5640865678537,-0.0,-322.52958754003174,-1070.4877076141336,-897.9306516276687,-1079.0822852880292,-0.0,-0.0,348.488569045041,-0.0,942.7200984173378,1018.8358292363102,-216.8919578327198,-882.566516828694,-0.0,-0.0,-40.182818807184645,224.96487344767797,-1019.8560988534866,-465.0033264592064,-1355.5777252054395,-2696.073720690132,-2267.651863249978,28.458798039090425,-0.0,-332.2482984089895,-5795.903235253732,-618.8039178329498,-521.0709609927483,-0.0,-0.0,-655.8105354587705,-0.0,-825.0186783276383,-1527.1863069403869,-790.6676399889265,-0.0,-0.0,-68.34211345098642,-0.0,-213.47896867488026,-1470.6772214552673,41.10492487158095,-648.9696763979978,-358.01796588030084,-249.54090104645994,-809.0607154217704,-2608.603216701223,-20.28150986194228,-1236.3672495549192,97.28026519794057,-1056.7634487755067,-325.5901694951798,-0.0,-0.0,-147.27122719764284,-0.0,-0.0,-1988.1048978907859,-623.9579476810248,-0.0,-825.1029090776967,-524.2799677485414,-0.0,-0.0,-1536.9444190404135,-1012.5468685741453,-1555.7131797927946,-1460.4430050507929,-0.0,-154.94991560252026,-3331.4694402616406,-927.3629200812586,-429.51338951008233,1966.8764544793023,-1565.4269865851734,-1251.0237912511973,-12.724460615390022,-972.8672645715225,-17.814220786931006,-1723.3504572185236,-0.0,-3632.2365164587104,-630.726944086356,-0.0,-1568.800683197711,-1747.9360577678772,-0.0,-196.34048450435472,-928.3223905051411,-1133.5601191121202,-1465.3156571645006,-761.9695347185914,-516.8952858016102,-640.6628884620108,-0.0,-292.51324571551316,-0.0,-2542.9887303099626,32.77298791027246,-3453.1048879641608,-828.2501053373767,-0.0,-0.0,-1278.2417339148703,-919.9732503688796,-0.0,-483.52148277622507,-0.0,-0.0,-824.6855365392462,-0.0,-0.0,-0.0,-0.0,-0.0,-0.0,-0.0,-781.0184478547174,-512.5692328880068,-3055.948939178489,-2653.851510240814,-0.0,-0.0,-1274.218123784259,-2045.0728455945816,-493.95092028885284,-212.79074908152305,43.59032386486727,-0.0,-1632.2578427846963,-0.0,-2791.910779391588,-0.0,-0.0,-0.0,-0.0,-1679.7208789122321,-220.81276786546886,-367.01954036243984,-1243.1387251312142,-1251.3526522863717,-714.3227161002858,19.127555337264507,-1217.297892203023,-0.0,-0.0,-0.0,-0.0,-628.166658875106,-506.4389755594268,-1414.3448646494828,-0.0,-1132.763280414685,-6662.522139544079,-636.1555860059827,-749.6901973905584,-3279.071784331672,-752.5567278089677,-0.0,-476.238761301159,-447.9582294449867,-1198.271419302489,-626.7874937771774,-1592.3404473749506,-1490.8164347251468,-0.0,-0.0,-0.0,-0.0,-1626.7858648963204,8604.17185057886,7437.111596946739,-0.0,-0.0,-0.0,-0.0,-2138.178194442144,-974.3177466990122,-94.99261740982992,-1459.2818359606204,-862.6282604564744,-0.0,-0.0,-0.0,-0.0,-669.2868819191438,-0.0,-1918.9659470496724,-236.5230861262767,-0.0,-0.0,-0.0,-0.0,-217.6163307739541,-454.9785587024908,-485.0305513328829,-877.0244153308107,-956.3236670743623,-1260.365769391355,-944.1464985680138,-363.25281402608897,-1206.7117622413887,-1567.6214584577017,-1233.8328979464175,-1835.0988821367241,-206.85896972397387,-1342.825125262682,-1161.6024014224606,-952.5755440216618,-1713.840466017068,-588.8513566671119,-2283.564345697859,-1683.2541862270155,-1508.7007961837987,-641.1880549053246,-678.1033119328604,-1146.8684985818963,-0.0,-1107.5304415016813,-0.0,-3071.0396218354717,-707.557781336909,-251.72183229171992,-1836.3982554600832,-1494.728088079264,-1245.7307349496202,-0.0,-0.0,-0.0,-0.0,-831.8385826149835,-3889.2410719745744,-1439.7910958532048,-0.0,-0.0,-1135.8551219542696,-0.0,-0.0,-1063.0356207822567,-408.96344597556117,-1110.5669211968257,-853.5218975835769,-977.8465230352207,-712.17106268535,-2016.203215873772,-0.0,1291.436472726976,-0.0,-0.0,-1067.659652509306,-5903.152639085668,-0.0,1767.5722241773012,333.9762922877945,-952.9488044545841,-0.0,-0.0,-1574.731341005505,-1081.9948193875564,-2384.4932340991563,-2098.248413360048,-402.2384882725338,-0.0,-488.52873724280937,-193.1036456541779,-0.0,-956.0906949970151,-0.0,-1715.4187384219872,-2423.192598676526,61.72268882286026,-2348.1704665801817,-2064.2021655116473,-0.0,-508.97995827550517,-1631.3243458561637,-2274.725745248272,196.3172842583283,-434.5887871104747,-2614.35707753871,-951.1397596646025,-826.1722521527369,-930.1193698420581,-454.3822488146798,-1064.1738859395487,-1556.6639999697434,-0.0,-985.6519427029464,120.16726793976076,-1424.5755499643565,-0.0,-500.58267118110547,176.8889884005351,-909.0249800388757,-808.9634806808742,-0.0,-573.5168192663544,-369.5475333241427,-1882.3898459979966,-1141.2197124060378,-1496.2166941798166,-899.2532938347904,-856.9940515189246,-1051.6208727759115,-2052.5679067529795,-72.52017128823937,-0.0,-559.7527438136588,-669.6206912187776,-1495.3568454919819,-2164.416944339987,-337.88247299582036,-801.5442126291622,60.77911245662626,-932.9038634219177,-554.5575670228707,-1008.6421982925477,-0.0,-994.8469729640503,8.252040589867292,-2284.4803346958183,-0.0,-296.0922565825524,-544.3693608977095,-809.5483710900219,-2339.349111264289,-162.4477551409576,-1489.7953846770595,-749.548942469091,-2656.5099723431154,-0.0,361.27930270665604,-0.0,-0.0,-230.07115249557924,-0.0,-0.0,-3743.5750507248213,63.86399468673517,-46.530548563294545,134.77628787458056,-1122.129219789421,-0.0,-0.0,-0.0,-0.0,-0.0,-28.943211782706385,-0.0,-815.8121730367315,-0.0,-377.275709366364,-1837.344577899035,561.1513336341711,-3370.8574744773996,-0.0,-0.0,-0.0,-0.0,-0.0,-0.0,-0.0,-0.0,-0.0,-2472.2868182125585,-0.0,-2705.1384738774505,-3343.4831554163957,-0.0,-0.0,-0.0,-0.0,-0.0,-775.5982529924671,-1010.767086817681,-0.0,183.88621959280056,-664.4561427784362,-2313.0631399125477,-618.0114310987009,-0.0,-625.0885668369037,-857.4990402816976,-0.0,-0.0,-609.2751123396002,-930.2237998865243,686.2331291025131,-477.53233269597916,4.517311521393382,4.536118517030063,-0.0,-0.0,-0.0,1493.5373063238046,1764.1614517499218,1470.8389552713409,-0.0,-0.0,-0.0,-698.6336052914833,-0.0,-0.0,-1018.8095082965913,-92.34309433053431,-485.0423631599237,-60.99048770804198,-1015.1550184326115,-935.6375311547222,-1311.3125268219776,-603.7298157837004,-154.90766292185586,-1126.4515417843543,-0.0,-2087.552638464861,-80.64376626995495,-607.7661991217993,-905.5769418392177,-79.32175704389884,-0.0,-1177.1951495691396,76.30100214934234,-0.0,-0.0,-0.0,-0.0,-0.0,-1493.2022676015483,-2980.640004980857,-0.0,-818.5465475438697,-8.497959882546677,-0.0,-0.0,-0.0,-557.9630797215852,7.99055404134624,-0.0,-1172.1208006119157,-809.0711217272304,-0.0,-0.0,-560.1924990352021,-0.0,-0.0,-1738.5676054170801,-1449.1123404646737,-0.0,-822.3989490903323,-2262.278115782871,-102.53759082375188,-0.0,-0.0,-195.14957745933063,-813.6391477680236,-303.36494609689095,-322.2609692211643,-226.02177299925216,-0.0,-0.0,-0.0,-1201.229123042098,-913.6524118378479,-2144.5472055876917,-127.98925306184806,-1303.142259275064,-44.0057695461752,-396.8401054984469,-523.5088765611099,-2089.4242156337973,-0.0,-0.0,-866.2887288721287,-1879.1558474146327,-0.0,-0.0,-0.0,-585.6012315802233,-2448.2166199673584,-3532.5124947941213,-0.0,-263.8162885458786,-96.7970256591508,-682.7049652715715,-592.518303347627,-1692.997921126669,-0.0,-1473.44763930664,39.3372740314289,-8.04378232152694,476.6684151876146,-0.0,91.14464584359736,-333.7957268541984,-426.96536988542755,-56.2679979961942,-0.0,-0.0,-427.179037602979,13.999638122070087,-0.0,-1618.843005216716,-1003.0364263879474,-987.0832167195489,-771.5201706705103,-1180.6657314384865,-1577.6859921328187,-0.0,-0.0,-0.0,-0.0,-0.0,-383.2194294417388,-549.3835518045887,-1209.0268253852776,-1460.4639281461398,829.4213115237408,-1526.568691036335,1494.4945476680741,-0.0,-2336.602613830507,-1558.6962878235888,-720.8095287677436,-20.341812434252134,-197.12838006865886,-2132.1260517855417,-399.100324739847,-0.0,141.06728860846502,-804.6222416439668,-0.0,-0.0,-552.0771445056348,-380.7540109155864,-408.61737557866786,-1228.6006421371076,-1466.3979790009475,-0.0,-1693.065831539254,-1365.1858409852925,-5203.601506980414,772.0061681875999,679.2184386047481,772.1057421736853,683.8639564270553,-0.0,-0.0,-0.0,-0.0,-0.0,-0.0,-0.0,-0.0,-516.8195764890718,-0.0,-48.50718936685145,-0.0,86.34285999719648,-1125.1695366477063,-1321.439887475596,-1981.0597697981311,-0.0,-0.0,-0.0,75.17039034111855,-3272.5486520804648,-779.1457626335189,-2915.702641094657,-1693.7300852578066,-0.0,-0.0,-335.01817417327726,-1381.1407336261336,-0.0,-2158.3256601840785,-585.2974862674848,-0.0,-0.0,-0.0,-2731.293108181595,-0.0,-0.0,-0.0,-0.0,313.66465034704083,-0.0,-0.0,-0.0,-1073.2064349124137,-0.0,-0.0,-0.0,-0.0,-0.0,-0.0,-0.0,-331.93151765457947,-1106.6371822322287,-1542.9256938121584,-1451.5721358270605,-635.2148018183924,-1034.7746076752435,-58.89162693124997,-0.0,-770.785814581209,-50.23757944250867,-0.0,-0.0,-0.0,-0.0,-720.6035954672296,-0.0,-614.17386799244,-1326.5402818183175,785.3952841945691,781.5087537566274,852.8710945009724,809.0009595699107,782.6688623245171,-0.0,-0.0,-0.0,-0.0,-0.0,-0.0,-396.67521961302845,-0.0,2042.13248030882,1040.2027656672929,1144.4531773631616,-0.0,-0.0,-1362.3810754367494,83.37713910832043,-52.765964657084545,-2525.6239263845696,-0.0,-1950.3043062897661,-0.0,-13.543919577071511,-0.0,-0.0,-668.5592470032159,-0.0,-752.8819662803617,-552.9581791649363,-381.69782034166064,-0.0,-29.265522462560764,-0.0,-917.7164379588119,-0.0,-2245.144085554831,-515.4552559112417,1888.4587339616326,-2004.260133249071,-904.3509211701833,-87.47481891179481,-855.9172008902738,-0.0,-526.0692163578237,-44.16882426169973,-2792.6471187085986,353.10419070214806,-237.12940561254663,598.875440607242,1207.2333711576755,-0.0,-323.7581509279527,32.622023205861126,-1074.382390609086,-1221.3288239801398,-1510.9039648584146,-2049.8274028741916,-0.0,872.4461240937558,-0.0,-401.2115436020415,-2668.1602823909716,-1291.9979782579799,-0.0,-1298.5359809607412,-322.3386862769122,-685.3263846504565,-706.9729083304893,-277.5419628661328,-1660.4253828418623,-0.0,-1872.0088515535472,-421.922735883513,-1633.1635327738413,-365.46852527759717,-0.0,-0.0,-0.0,-0.0,-1449.9921434438434,1079.3600441544115,-1013.1544985755745,-730.9363741374921,-0.0,-52.84939733583244,-0.0,-0.0,-930.5711613048248,-787.4517389842817,-694.6773964450516,-738.5112856422908,-0.0,-0.0,-0.0,-0.0,206.49283491661018,-0.0,-630.3479743218353,-2021.1202071569219,-1066.9154132281496,13.591482907379156,-1502.331604436528,-0.0,-0.0,-0.0,-658.4093054191957,-853.5763920585209,-0.0,-1622.6511459287883,-0.0,-3084.3924749078274,-3825.3894225915055,-0.0,-95.57806754682449,-0.0,-730.0891920346862,-0.0,-0.0,-0.0,-2430.3590512434607,-1162.0541044839033,-542.8882024837591,-870.9663512636699,-0.0,-0.0,-2288.663561865532,-0.0,-567.0915982850697,1115.9770135742785,-1060.5137817412744,-709.5932883149336,-516.0196566339881,165.82847319816383,-0.0,-0.0,-1426.120862845963,-0.0,-588.3923093998,-95.244646298302,-428.0509088626063,-325.3179437432463,-0.0,-0.0,-207.27476054382353,-711.1265793346427,-1049.3999924798504,-567.5505038909848,-1259.0927078656448,-86.03616922441671,-0.0,-136.30882583254987,-2041.5562936459933,-1179.8204386470532,-0.0,-0.0,-0.0,-591.2100269353692,-635.0535711083884,-1531.4798125490058,-0.0,-0.0,-0.0,-0.0,-0.0,-1559.0608463405147,-689.7589905152649,-0.0,-596.7134256216358,-0.0,-17713.96717638147,-790.4442740378626,-277.817950678208,-465.31569415624506,-0.0,108.799147787563,-1837.3896566744415,-2715.394527858231,-0.0,-0.0,-0.0,-767.7528691972329,-569.6236631739704,-1020.9253515373314,-1063.7335921281501,-548.1464292524786,-0.0,-0.0,-1737.5396965581458,-635.4016723726006,-2565.94976816073,561.6190625604895,-2124.784279227126,-0.0,-0.0,1724.331523733004,-1066.9905589968064,-0.0,-197.94826924115551,-354.25570034598496,-646.2708442196492,13.730835857474684,-874.8579089280277,-0.0,-0.0,-1317.8324399644637,-1417.418199901831,-2658.030935809273,-0.0,-0.0,-2354.3310394225505,-761.0913761801369,-796.4732985242268,-2444.673014920208,-1578.4934176339555,-0.0,-0.0,-1128.5404448069285,-0.0,-277.6828478984645,-1659.1029040267886,-1581.423362763775,-0.0,226.15810229357152,-797.9148712340266,510.7467909452339,-193.45273591585604,-371.8031150837152,-0.0,-669.3967710277639,116.514286686411,-203.54789662726643,-384.57600229432904,-2740.912862022919,-2240.355129754301,-92.74437632246484,-5114.048078071755,-548.5147879370376,-1109.534919054155,-50.68932510348178,-3969.374801427996,-338.8294269039766,-807.7220677319378,-307.9110609701784,-1861.695634898628,-1330.483072818678,-3326.8358896602635,-4555.014812738841,-43.23488263410897,-652.1182663614314,-1636.7284442249686,-1097.8981796631472,-0.0,-4127.676974534965,-0.0,-514.3552968475917,-1539.9777006672202,-1319.7808848022287,-0.0,-0.0,-942.9313987756699,-286.6681769234583,-0.0,-1496.932153516036,-0.0,-788.6580807675077,577.6648368120283,-1518.2181199568008,-485.9181460682457,-8.125539937545243,-61.84577732135062,-0.0,-1930.76082455106,-576.1181924139009,-0.0,131.090302524266,-0.0,109.84904164765523,-138.34315950544956,-0.0,-466.9796992021582,-1319.9623483573423,-458.66211905798576,-840.0348696162338,-2308.2221006072086,-0.0,-3919.6172822603444,-1979.8805838122382,-2601.371910587991,-2386.912177693808,-74.4257389772784,-170.04345093528056,-625.2960373107959,-1265.8112016276466,-0.0,-0.0,-1068.9173094408195,-164.54226323010366,-0.0,-70.49068003132543,126.7090523010263,-2375.510533914357,-0.0,-0.0,-1198.4733399090114,-0.0,-172.29671413357127,-0.0,-60.861176508696715,-206.86317771194908,-0.0,-346.77437435634266,5673.339184011746,-0.0,-0.0,-1573.2944587527866,-691.2053782093686,-260.4917954739567,-0.0,-0.0,-0.0,-572.7804215466718,-2057.301378600249,-0.0,-0.0,-0.0,-1955.9578988234307,-194.90599203242928,-0.0,-0.0,-1736.5202473660718,-724.6191486465065,-363.75868425600464,-379.04340986733285,37.88323027794441,-602.5035197936835,-377.0400510388587,-279.24987410117865,-2147.7001661451945,-0.0,-0.0,-1009.2699188419327,-871.9294904073047,-2619.5301759635076,-0.0,-0.0,-2325.0949581127315,-549.4407301490276,-1465.4209914273958,-511.7668744097332,-705.640437242934,-2291.3790374382684,-720.6337699215574,-85.39213294659818,-886.6409385227188,-2342.284454696655,-1839.7222876262445,-1229.793100348946,-0.0,-523.8166134780763,-0.0,-1713.8957366896443,-401.42763869109075,-209.95481033713608,-602.0026713732628,-905.3002770158954,39.70482913081928,-0.0,-1077.2205637932852,-628.9229835145334,-86.78506103544889,1500.4807614376011,-68.00252661741118,-0.0,-609.9648300922427,-412.7409305460355,-0.0,-698.0289467810574,-1523.5220654463985,-0.0,-0.0,-0.0,-0.0,-355.13550594999504,-732.6691797541558,-367.2493528775501,-400.20753146796585,-348.213641385278,-1881.9253325168968,-747.2798631252303,-1257.4349814105647,-2393.958929748338,-1727.7625840465737,-0.0,1054.8649871170535,885.177824242812,570.1337083415905,818.657455720209,664.0013677425467,-0.0,-0.0,-0.0,-0.0,-0.0,-0.0,-0.0,-0.0,-72.74228004929313,-812.4826891815462,-517.5974961467018,-339.00105162311445,-1044.290882221093,-122.29934035658347,-353.82539571541747,-1135.9522989037391,-291.3672730433528,-1765.0485558582964,-815.3636691161801,-112.01928416293273,-462.44329759094455,-8.884042017095364,-0.0,-870.8223942750386,-169.43273954849042,-129.26992302640664,-855.8872772260238,-450.8439217906264,-1660.5662573760403,-268.69550642534085,-0.0,-0.0,-2261.1793093542665,-437.5814817270299,-283.13153570462845,-513.1636422804706,-892.7603934725561,-470.915547134056,-365.79069418827885,-0.0,-487.11617013596367,-548.7113331092748,-637.5794747553209,417.9734344542344,-1379.0758668927008,-1902.5245706897085,-506.3818832174379,-659.2006307988448,-290.80087117965,-13.450439184181455,-0.0,535.6994356289244,-948.7252895179666,-50.441810286213375,-1765.3412605258668,-0.0,-0.0,-1305.113875506063,-485.4263607817429,-0.0,-729.2042580415423,-715.0550312482468,-859.2631849562166,-0.0,-823.0887644527095,-584.377935643049,-2148.085494024777,-4291.463019050281,-411.2253677231418,-0.0,-46.3459427998328,-411.8933644465292,-1685.6191062949836,-206.32530768574756,-620.3493925088349,-653.8677658501408,-750.6467894944785,-191.98748383534442,-0.0,-0.0,-1316.603141124583,-35.32792446843146,-431.69268704593327,-685.6663373928858,-1462.065439839827,-2388.0178036138755,-0.0,-466.53549319830046,-0.0,-0.0,-0.0,-0.0,-0.0,-53.053089925374344,-163.0522706599192,-403.7400635294117,-0.0,-0.0,-0.0,-0.0,-0.0,-0.0,-981.5099024988277,-2126.261238897396,-442.9525729708289,-488.4063503664143,-45.041252872131544,-0.0,-0.0,-473.5846878482496,-0.0,-0.0,-69.16544467287034,-2432.549308023915,-0.0,-0.0,-1354.7384605424304,-614.2891116348744,-938.9202088456647,-965.9763116214642,-808.1331032696723,-0.0,-0.0,-1229.4022117499424,-2056.2956076715896,-1079.6939652134483,-0.0,-1065.241353480414,-150.48814632299542,-314.6984889453932,-703.8821404096236,-8.019147204328185,-641.503858667309,-1871.7402485280759,-0.0,-1580.417569987611,-176.0681566917099,-604.1499190318684,-1366.7326651894934,-136.9796297251919,-1114.7189468948354,-0.0,-1179.2506505914816,-32.13271813838899,-2079.3540487247187,-2043.2868991180283,-0.0,-0.0,-0.0,-0.0,-727.0086878747242,-904.1117026510609,-0.0,18.62802382847952,-427.3210841553338,-971.2389275947966,-2152.9187975499617,-2485.0495173836293,-361.2794667814381,-0.0,-968.7069804418567,-721.5491940727105,-1931.186000743471,165.83020688678297,-0.0,-3103.3709464862814,-841.6725106854345,-0.0,-191.22866904424282,-1587.2373142615666,-0.0,-0.0,-665.496297808622,-1465.3338211670366,-0.0,-1067.9653846389965,-1458.4865471065373,-0.0,-78.82006182077235,-541.1490916839996,-0.0,-1566.6031524964342,-2505.625211931669,-1032.4194765072862,-157.26876003251215,-1950.700575460599,-78.88089162382562,-1031.903843170618,-615.7834529082631,194.71808408166248,-1186.853485942896,-1306.270748580929,-765.6624506167092,-1307.8099054417644,-443.56857306842403,-552.9297687514677,-660.8413571787597,-2084.9493580140866,-0.0,-0.0,-1777.1433325403202,-314.3613669438513,-0.0,-1590.204732277236,-1169.1147181094511,-0.0,-2717.7489229184307,-490.75286084464074,-0.0,-732.0605340280387,-0.0,-0.0,-1248.5583409546844,-1046.4389881868717,-0.0,-0.0,-0.0,-852.6381539606625,4.113001333398089,17.719363560749535,-315.7292915161321,-0.0,-1915.822667771671,-1537.4528481478908,-555.693175480277,-2151.4476487927923,-0.0,-80.05201483567181,-796.7312485558297,-0.0,-388.3494647764459,123.02620384209892,-1268.9173656838325,-999.1351958951116,-751.1297706252728,-1171.3945110420395,-0.0,-0.0,-0.0,-908.1845054396742,-0.0,-264.50279340261125,-929.7783283344704,-253.72956904743282,-1350.0703462603549,-2263.9845957037282,-577.1763436668939,-2082.5484254770495,-0.0,-833.6240001443327,-1760.214954437409,-546.2042553660588,-1211.8265211375196,-280.8559033597874,-609.3995888105222,-1513.453092782182,-0.0,-0.0,234.39939724223947,-2542.1919687593213,-935.8972132975903,-269.519153231016,-0.0,-382.0676911719722,-283.1078600987805,-600.1523322689316,-0.0,-0.0,-729.2404601892066,-0.0,-59.740406262339405,140.6384198178939,-89.37542925255042,-2315.571986774038,269.64911575789307,876.1053077494754,214.0332753456052,564.9162135200226,41.629393257360434,-0.0,-258.4060880991396,-825.4851060391763,-307.0510493354366,-59.98404122646941,-0.0,-0.0,-0.0,12.87249393013156,-21.335871787763967,-958.6719918469012,506.88427784966365,2304.642308133126,-0.0,-0.0,-0.0,108.61036232045602,188.95354174589383,-0.0,-3047.8432375984253,-0.0,-0.0,-0.0,-0.0,-0.0,-2577.861000818319,-255.63034817915468,-0.0,-124.65043752781233,-1728.5190712563779,-135.0464174069986,-1076.3440058105948,51.212577921895075,-2015.0339950972593,-3730.8025442299186,-1894.5815108044667,-0.0,-0.0,-1455.484589604267,-1040.3108060943969,-781.3626802018294,-431.4453430888698,-333.32091084095737,-1002.2797315086666,-950.5878583312889,-5629.088839367106,-659.5130457815885,144.77496746870864,-647.6786616264709,-891.4320508375961,-680.6228964882321,-633.3850415831486,-8.121094663357427,-1927.7522855391333,-867.5426622984428,-588.2490045380149,-0.0,-0.0,-0.0,-0.0,-237.05230496182588,-1252.2626007449774,-0.0,-1323.1373398169917,-1599.8791737717454,-0.0,-0.0,-1413.4493748138361,-0.0,-0.0,-200.99176262024363,178.51231240364564,-0.0,-0.0,-2535.8197468402827,-1195.93295624396,-118.9889182859543,-1253.3505052747646,-1307.3679833241288,-0.0,-307.20879035958507,-498.7737622914701,-0.0,-1525.340542146084,-282.7567913846786,-1056.1963096218528,196.5159332260444,-874.1628249569267,-202.80575227393823,-353.1665375486159,-49.84646021811405,-46.60481685533724,-561.2397025160985,-795.158062772818,-489.7926236473473,-802.6644925525907,-0.0,-105.24355557860434,-670.5770514705614,-284.3614924450369,14.24579404911583,-0.0,-1013.4184966680326,36.539564016728676,-1154.2483092449077,-0.0,-0.0,-0.0,-1927.2056363104637,-0.0,-0.0,-140.63308243585806,-0.0,-0.0,-0.0,-0.0,-0.0,-0.0,-958.304895075584,-1471.7246985366587,-0.0,-0.0,-0.0,-0.0,-858.0257026354867,-447.0616707940914,-0.0,-0.0,-1674.7418725660798,-0.0,-1379.088218193149,-2268.491959351481,-0.0,-0.0,-0.0,-705.343111382597,-0.0,-0.0,-0.0,-948.1317190362203,-828.761788026534,-590.9093240546568,-0.0,-0.0,-186.6192351575575,-0.0,-3876.0617422570413,-5014.88704105779,-0.0,151.002893873177,-0.0,-623.9510330634699,-767.3762501564859,-1920.6082200495343,-0.0,-0.0,-75.23967030348852,-618.0985509987598,-1316.8549880658866,-713.201885423734,-414.7789197843171,-0.0,-0.0,-1291.422460017581,-856.4615841989207,36.961524487328425,-0.0,-0.0,-674.9344656007412,-342.6177071816893,-49.440634687436905,-0.0,-0.0,-0.0,-1969.3247491015895,-467.0707632605795,-1250.132040696039,-4680.461673673517,-0.0,-853.0146026378585,-1027.045236173584,-2311.711607674732,-430.6262013986989,-0.0,-0.0,271.262003187677,-1198.4772449715274,-1724.156984755256,-438.94454220649,-127.00661643403427,-0.0,-1966.1857912777007,-395.93266952856277,-1358.0645195817135,-799.6681123408221,-2708.1184477229403,117.44664093865774,-959.6287510798205,-839.7128446976053,-1928.2362903792798,-0.0,-0.0,-913.415022246632,-1861.6890920524427,-1766.8928546516388,-934.6734328290548,-0.0,511.21966943385337,-112.43812027274312,-450.7223953607259,-0.0,-16.326991528108074,-0.0,-2689.732195447607,-36.34349086671872,-0.0,-0.0,-886.560021609329,-1219.280559539775,-814.3564357431762,-253.8590554663329,-736.0929334195171,-0.0,210.222402379128,-805.5324432804545,-64.67537044861909,-1567.324277584935,-0.0,-1405.0427064354244,-169.09187893257544,-624.8929370251235,-429.36501911671604,-632.1481289645313,-47.42049041603465,-4.752204947664118,-1218.1944785352289,-1229.2229277794327,-1563.29946397049,-212.8154078570862,-1346.768287349297,-4.293445595380311,-0.0,-707.215362567759,-3084.769901075504,-0.0,-0.0,-28.682138745293468,-2130.2775906474762,-220.6444517924802,-636.2980526865289,-358.84637791377054,226.35997279058233,-0.0,-0.0,-1470.0563299657015,-0.0,-0.0,-2152.955838543136,-1428.417417048472,-915.8513822986199,-985.8643972118593,-487.0689323445918,-856.4746342878926,-952.5172839072376,-1284.5650391500649,-2320.431408119601,-0.0,-0.0,-0.0,-0.0,-43.44475408873301,-0.0,-1955.7743171071045,-655.8743714209568,-759.3340961209999,-859.3963413162429,-478.46212811096785,-0.0,-1484.6115652838687,-604.0892323712809,-0.0,-2641.4602934286113,-1673.877202984772,-0.0,-0.0,-2933.0125844501663,-1728.2911017785004,-459.5640093101971,-824.1353988359042,-0.0,-472.19218889717604,-12.248737729712623,-0.0,-742.2402549207172,-521.2399103591481,-619.4216161563013,-0.0,-0.0,-0.0,-0.0,-459.8178827665368,-1125.0058522884774,-6224.410902169751,-0.0,-0.0,-611.7860696356666,-638.9042646319451,-1822.373603756987,-622.9756983300616,-72.70564068179866,-430.7072673498582,-0.0,-730.9854569184737,-590.6889521072786,-0.0,-725.231300469848,-1314.8821968285206,-0.0,-0.0,-0.0,-0.0,-0.0,-133.14969647117698,-2067.2295327165157,-0.0,-1163.512068621434,-956.1580453410263,-0.0,-2045.9817183808927,-792.0754161205424,-1153.2923453879414,-1483.688002534504,-21.354723002914216,-123.04660248330794,-1345.7798201785397,-872.1027721201908,-400.25380126364473,-0.0,-1448.2876170568368,-1344.203688249813,228.8766581776996,-0.0,-649.0053375890835,-974.3804164216796,-944.0294861328993,-50.416520630148106,-0.0,-581.5666816927685,-0.0,-0.0,-2893.5813393528133,-2496.554600100143,-1999.411098345622,-1718.9181898570016,-0.0,-1108.7854000233694,-2092.096064591225,-0.0,-6144.951574961298,-0.0,-0.0,-0.0,-0.0,-997.3487769630054,-2391.2932187172246,-2670.3018933681205,-20.128978335236084,-2103.5935682106833,-0.0,-974.6023250008899,-23.982773134197668,-0.0,-0.0,-623.5954561960799,375.81475042546765,-0.0,-471.70586205944676,-40.20407958087382,-0.0,-1441.4662140579587,-0.0,-2334.495748688606,56.456075757886765,-0.0,-0.0,-1027.1127757179274,-1588.1915633391454,-975.5283040116497,-1351.679129613225,-1214.3765933460447,1380.4121661120766,-52.87976163053642,-986.5817418092995,-84.34480024783379,-2218.1122309676603,-934.2418025327127,-871.415506920005,-516.2219609830877,-1595.0251365083677,-1955.8083682207168,-452.50595417191704,-2074.2754253696444,-363.4428446730872,-0.0,-0.0,-7.934397757035263,-0.0,-0.0,-0.0,-0.0,-0.0,-0.0,-1639.8841591058786,-698.6332007859462,-1415.4051074990261,-665.5370148782381,-0.0,-629.8762723569783,-1243.3366622783428,-1104.6803210269115,-2120.737655673627,-1325.6836457181403,-68.89566076425922,-33.29948241485748,-1221.1261680133277,-1193.7561328395122,-0.0,-100.50055179702697,-0.0,-82.05997653479457,-843.8299083880944,-206.3212131153646,-555.2707796900298,-991.4201922075806,-0.0,-0.0,-0.0,-3442.3882394962775,-0.0,-99.08188551641798,-0.0,-241.9081155268867,-1018.5807728368673,-1204.4847706955493,-775.0658056068522,-0.0,-41.70763245742195,-568.2290610601328,-486.6196813800913,-415.8550102894914,135.23956206348817,-1169.8670863280604,-0.0,-0.0,-3168.7698484239854,-0.0,-1149.782882979913,-688.5604827692403,-413.78135202252986,-271.44550553295767,-1314.7349773311232,-2863.4086091207655,612.2067825850169,-2309.1546439402237,-1722.6593287943062,-552.1234666058546,-4.558931201969512,-0.0,1394.031966671571,1300.4707033785885,1294.9512433631655,-0.0,-0.0,-0.0,-1006.5142186810401,-0.0,-306.2762269574937,-186.84132696226035,-0.0,-3725.6241124239914,-0.0,-1540.3641387392481,-143.32000817933158,-1039.562052971926,-707.0832859837411,-1689.5956673175058,-1765.9691067485883,-0.0,412.8113342377257,-2492.3093280676308,-1982.8101712375285,-537.6772585627297,-1694.2606657149763,-1854.3849970164622,-0.0,-0.0,-421.8000790717273,-773.4263098948868,-2445.7909251509273,-872.7804783209295,-148.16587973302825,-0.0,-0.0,-660.6024890090466,-0.0,-0.0,-0.0,-162.55249364217636,-1292.002671021485,1711.5942399709243,-1343.171096315302,604.9800478231715,-859.3698573862073,-1014.1062781157059,-8.699717390809926,-4614.998588057946,-1152.803269289823,-0.0,-79.63892783953904,-2445.87933903832,-1984.808388996498,-0.0,4.545990059056385,-0.0,-676.3199010593561,-0.0,-2224.7868097908404,-1917.1856819840662,-0.0,-316.99510929604367,-0.0,-0.0,-0.0,-816.7256867055182,-1121.107909162438,-421.9297058976286,-1036.384536705714,-1862.9599764008615,-934.8855809606001,-502.856937032325,-556.5374690309712,-0.0,-1689.092232151716,-253.42338682981614,-781.5124536655278,-1141.1783256828032,-1629.2057357174588,-1550.4413503056824,-435.85534622428315,-1894.1360400544177,-0.0,-0.0,-0.0,-2502.4739136722956,-0.0,-607.6098886085814,-870.730430954826,-0.0,-817.212288969807,-660.8463615139607,-885.4580017403733,-733.5899113790003,-206.4066066361176,-1983.6656249122912,-5047.533577935849,-252.42148647785754,13.47135757397005,-0.0,-123.71881153643389,-7738.298291316389,-1893.2417685592532,-686.8955398488094,-2469.9765821857272,-276.9820157113492,-0.0,-8.735739301279926,-702.7122448932408,-98.14169551766928,-1008.558307770373,-1078.5376576906501,-175.4486704429099,23.64371896573014,-930.6087596701341,-2457.4534077261533,-2153.354829801901,-1970.8778368818878,-0.0,-1600.4969712344052,-0.0,-121.80226797720603,-1160.886188057565,563.7762104337603,-0.0,-0.0,-346.99725657565017,-874.5885064416897,-845.4631746173023,-1356.7206269061683,335.7883739831035,-1626.0538294986022,-78.26180275306953,-355.72327318233613,-1634.8807938348837,-1900.925620891206,-401.3135173758929,-0.0,-0.0,-0.0,-0.0,-0.0,-1903.6519243066555,-0.0,-732.7773434616688,-945.2552475527406,-2767.654434560057,-0.0,-0.0,-84.92894087589337,1196.8752269030751,-621.9796110622997,-1370.449830956657,-0.0,-1488.8111622799756,-4760.768355722944,-774.835535597757,-5905.782445057363,-1180.2166399507598,-0.0,-822.579157364307,-2797.8168370005933,-158.5439247724392,-0.0,1228.9624741380123,1410.1602779084558,1348.2710973905755,-0.0,-0.0,-0.0,-0.0,-91.90110224649946,-2549.557674518492,-4.724538879739491,-0.0,-1982.737196768882,-1230.4286209023608,-385.9202335315565,-4.725535417687027,-0.0,-130.24051484776584,-729.709479458365,-0.0,-0.0,-40.07307724785178,209.58291060635483,-2157.9461358092435,-0.0,-1045.8635602099416,-79.51514633999084,-92.88776949543973,-0.0,290.160571691126,-101.75296632251165,-516.1895622944844,-2109.62965386488,-0.0,-89.13326064980903,-1364.8623201058856,-1169.212615456844,-0.0,414.40337722068915,-0.0,-1045.458943999982,-1132.1171441785973,-8.01401273176573,-0.0,-0.0,27.69795454402524,-275.15201078760776,-189.142333991701,-84.69875476916988,68.56423747875854,68.58946920427184,-780.2119949393139,-794.51368668267,-1187.0291820163122,-0.0,-2047.1628547087503,-946.691985658653,-0.0,-0.0,-1114.18050308196,-2277.8780573258086,-597.5469168221755,-0.0,-2951.0436532116832,-123.56011029743149,-76.90960001978308,-1281.0443233665676,-0.0,-374.4782778655328,-1370.6131975427784,-4.0136607107980495,-0.0,-5117.757285303114,-185.86962599745362,-1511.295142712446,-1113.2625060702426,-1176.0887461044001,-2233.824759640693,-99.93225043936205,-866.6186348744027,-2136.271669093381,-1297.4715116168356,-1146.7843259074082,-262.06846735240333,-1930.7068186505571,-0.0,-3193.1394346695884,-0.0,-5694.2738657233585,-283.1591747419914,-284.57561895208323,-1448.8105938764454,-0.0,-0.0,-0.0,924.0908498296225,27.976346999192973,-1006.6870711871851,-1500.3077703054125,-401.7760607019557,-1077.8947822915504,-0.0,-0.0,-1472.4827146245398,-340.6605158293332,-467.01661603036194,-210.40699003809513,-0.0,-1609.1782660864933,-405.6600727679959,-1802.3245502640614,-0.0,-37.96546694233876,-0.0,-1917.9677604572391,-865.075482668091,-1935.2450727969795,-0.0,-0.0,-1691.3350192166558,-555.5209901812871,-733.7965296282007,-1539.1689213432546,-345.8160521406973,-1286.8867036677775,-0.0,5.69657691152164,-1096.963553217234,-4058.249205363456,332.26378866955486,-1432.2726660911985,-6797.869891642749,-668.874649713593,-706.490035435536,-222.7303761382192,-125.06324807837171,-981.2658130479339,369.3593862281104,-106.63534387955121,397.60305517367283,-1244.749877269304,-534.3422716905374,-0.0,-1378.5330830873509,-1854.4432917959375,-604.0179875847832,-454.7395471115206,-0.0,-0.0,-36.57388601371284,-1142.5170088549642,82.06483862521058,-2182.748737976376,-0.0,-0.0,-449.3626306426763,-667.8906653036483,-1145.4905919359883,36.046808022544475,-2899.3775330190397,-1504.9004412264467,-1421.611109612833,-160.8660309268062,-0.0,-431.9711008321057,-0.0,-656.743025586192,-14.069911016452354,-1632.3055527024464,-507.6854777500452,-1599.401918366894,-385.1929241776881,-306.50614295497815,-0.0,-1296.634879725843,-710.2330838136363,-1289.9676910969945,-0.0,-3387.324553912377,-1303.957052173819,-1541.2515645014087,-1009.2156437878551,-1034.5064699160596,-64.33142029849516,-2355.1710021379695,-818.3668958109129,-1331.5558306540734,-1912.8455086261151,-206.59292041458028,340.0442846042781,-1044.8188248685512,-0.0,-0.0,-18.024879478361072,-57.970465918894035,-16.231201883111698,-287.4751204183015,-0.0,-0.0,-0.0,-0.0,-0.0,-0.0,-0.0,-0.0,-0.0,-0.0,-1445.738166347768,-2458.7961291873967,-1990.7047992086384,-0.0,-0.0,1353.294437487872,-433.27090797856226,-0.0,-455.64227159586284,-404.46196903743174,-975.1124655058309,-878.9242131740878,-1123.732131244113,-4.07885734817205,-741.8190236594793,-444.09402302325816,226.5474842619217,-0.0,1022.2142266738038,-0.0,259.14561488295294,-0.0,-348.6647088274632,-0.0,-478.69827666624883,-1114.8454556706072,-1901.0777244876256,207.26373944090486,-0.0,-0.0,-0.0,-0.0,-0.0,-484.8102814454285,9.18764914203884,22.614402781637562,-0.0,-0.0,-566.0599017908806,-0.0,-59.77831865052492,-715.9116840912513,-4207.943141604964,-0.0,-1350.6245010590437,-0.0,-652.7493502528288,-0.0,-0.0,40.88264753001161,-0.0,-279.2887259813575,-0.0,-0.0,-0.0,-994.5297519332175,-1692.838075657487,-0.0,152.07995182973616,-2263.5156586661724,-0.0,-96.31892675109312,-353.55741683482626,-0.0,-0.0,-1841.0651812456786,-0.0,-825.4706279968182,-1376.324340472216,-166.66663817453573,-2822.0112303589103,-1814.9500496899439,286.30778272157215,-738.8200687458587,-0.0,-1255.9923013856335,-0.0,-0.0,-0.0,-3948.7559050452,-914.8056918713779,-1467.1344714616012,-0.0,-412.09888011508724,-18.843202778435746,-1166.2360329430865,-2226.2238716152283,133.5449381853888,-2656.814267773104,-0.0,-1778.395306986574,-2546.9394149280406,-0.0,-0.0,-0.0,-0.0,-2243.2094810419408,-405.6982842791619,-1345.4681267638628,-0.0,623.0350390677874,1403.8134431560002,-0.0,-0.0,-892.999711092938,-892.3754232005466,-350.2869407938804,63.970244588782634,79.7386108344976,-0.0,-1486.7297460375203,-0.0,-283.05840516831177,-1207.0855060606532,1708.3490318798001,-0.0,-0.0,-0.0,869.5437145665547,78.84973478192983,-907.9999117657302,-0.0,-1372.0343384071698,-0.0,-1004.3059619103675,-704.2821321887233,-0.0,-0.0,-0.0,-0.0,-0.0,-75.38452819481371,-0.0,-0.0,-0.0,-1190.4744829680803,-300.48255182854325,-0.0,-0.0,-0.0,-118.64373480150184,-86.38323002126681,-596.1333575275388,-677.6383282399155,-2966.4150835611317,-851.620108629696,-474.4420026444357,-0.0,-2596.814304663069,-47.298179388220014,-0.0,-1085.0453410410364,-2551.413472345958,-709.513868719701,-538.104651430992,-1151.969656103857,-233.75535756639388,-686.7929509691112,-750.9428677846895,-863.0590003517381,-206.8371063552163,-1894.0020623500984,-816.304706027435,-386.61933808537583,-0.0,-0.0,-852.7334069537378,-3992.742094386186,-0.0,-1032.6586549650835,-437.2660465961151,-0.0,-374.28964767487736,-650.6220083656651,-797.4740655013651,-4.427818581630723,-0.0,-0.0,-0.0,-0.0,483.2850187192704,-0.0,-632.6105470950065,-0.0,-0.0,-678.5771055515334,-1229.7433198942626,-2731.3664414005766,-554.7258578559714,-618.8135369948687,-115.54584515765593,-2205.5934122289755,-0.0,-771.2801598429498,-397.4137876143455,-499.86204350658176,-1060.89230367431,-1041.8941850719543,-1513.9418626578122,24.58491690291812,-383.41256084182265,-0.0,-1120.1020442903452,-1190.3909814157475,-65.71631359035042,7.7318886441591665,-2505.842469841617,-1271.7104724794815,-752.6766208284142,-0.0,-681.2253198329515,-633.2813299504816,-633.8692498871156,-2334.5312447375077,-8.533706081688964,-0.0,13.397773883415294,-0.0,-0.0,-245.1633509938803,-3498.273443587474,-221.31190199179426,-1575.710209425914,-3413.788006821163,-0.0,-4980.982024803829,-301.008918053941,-2472.9933683456966,308.5664350150432,-0.0,1595.9331818108183,-813.6245904649195,-0.0,-2305.289303978309,-0.0,-20.918708388911213,-0.0,-0.0,-0.0,-0.0,40.65544952971681,-0.0,-0.0,-0.0,-548.0036356710317,-1516.643966263991,-750.5239230311056,-0.0,-3702.9488454206694,-0.0,-0.0,-0.0,-238.41627867467372,-316.5010995650693,-0.0,-1881.7326891516745,-0.0,-0.0,-3709.684172808905,-0.0,-0.0,6.395135348800453,-567.224095457758,-22.59882365038026,-0.0,-0.0,-188.85847507255716,-0.0,-0.0,-1422.6272096412745,-1255.0390718968492,-1478.8641232837942,-0.0,-283.535206937932,161.63157196359376,-426.93890556931825,-15214.575664422946,-0.0,-631.7444303862114,-1324.6304992712876,-1553.8353564944587,-0.0,-0.0,21.379914777496978,-364.14220851941366,-1024.5446178338402,-0.0,-0.0,-0.0,-559.1749421218693,-2774.669763231593,-1545.8749885794387,-0.0,-0.0,-0.0,-380.85841565919003,22.519532715844168,235.9316957323593,-1118.677894420615,-0.0,-0.0,-964.2336143000572,-0.0,-0.0,-0.0,-2949.079135044572,-1164.0850269735636,-0.0,-1134.3079164430624,-542.9034492252842,-363.21300693935746,-715.4309749169821,-1036.5853595908263,87.56203580784641,-1118.0804715750292,-1085.178523023943,-69.08221639442627,-1300.4329157415996,-0.0,-0.0,-0.0,-0.0,-654.3153086211468,-0.0,-0.0,-548.5089931642873,-1923.1437162395796,-697.804112452097,-0.0,1508.0675500053076,1379.0296689659378,1249.374293921249,-0.0,-0.0,-0.0,-844.40132385939,-219.05046456768846,-800.4873930785939,-99.28091188260865,-624.4584587923611,-1700.7639388045397,-1367.4133286537387,-2232.536413122479,-0.0,-0.0,-0.0,-0.0,-1049.049162008965,-756.5867962279227,-1757.5600275857655,-467.09448566649877,-1380.6553429579938,-2061.7820477860587,-1856.249659320907,-0.0,420.0374815016366,-431.81389498170046,-446.71150060118623,-138.04787218768834,-4464.711885959795,-7.889670136176527,-0.0,-795.3460477087002,-1399.094131312692,-0.0,-48.65749928538611,164.3947220981444,-173.1988448595156,-443.37193612166675,-2125.862872890724,-416.5442975276815,-1620.3806173690998,-0.0,-1904.7447945533222,-1641.3934489239084,-1287.3742499786078,-0.0,-1804.865488303476,-651.6432136208871,-762.0214706210238,-943.9025156999091,154.30735239018165,-1741.5901551134955,-1395.1022295336256,-0.0,-130.60150045985472,-0.0,-0.0,-0.0,-1103.0350920033313,-713.5056669183779,-0.0,-0.0,-0.0,-3688.3485592016077,-2046.4820434747999,-0.0,-0.0,-0.0,-1535.9206476551556,-876.5770269949774,-0.0,-737.7529703225626,-1469.0818722608299,-640.5817991008776,3.976383553861352,-1006.6209048475285,8.721587673086171,-1585.5761363551446,-1887.740543318042,-0.0,-0.0,-42.76624305734018,-0.0,-0.0,-1432.7543569366128,-114.01288870912079,-405.41114403255716,-0.0,-0.0,-0.0,-1022.3145039409249,-315.32688752802324,88.30924069883028,-501.9283062222681,-238.67077822791418,-2175.6604822850195,-287.1014052479941,-592.4856022223719,-1220.0065162686603,-0.0,-393.6250918201156,-0.0,-1850.6598039137086,-1613.386348497199,-1821.8901228665588,-316.55773197028856,-291.236907094532,-60.292128288169486,-876.7927468809644,223.75150344949202,-0.0,-366.22416485588855,-0.0,-0.0,-446.45426902199483,-101.18512683856203,-2536.46246390598,-2631.1557283182024,-637.3026468682903,-0.0,-0.0,-1099.398412637475,333.09050875157175,-0.0,-0.0,-0.0,-1014.7418084590163,-81.1219079135163,-318.0992939507618,-4524.598455967953,-1497.9929472689043,-743.9267491108627,-428.70303288128747,-217.99350264559928,-899.7520473496709,-587.3388762240177,-513.0255907576386,-0.0,-943.3098121556301,-717.9848825678537,-1649.9134185122316,-0.0,27.56665615475285,-8.676761428114977,-0.0,-0.0,-1546.4868552566365,-0.0,-3928.347529245283,-1371.4679347144574,2963.1261569055705,2851.9167117629386,-0.0,-0.0,-765.0519930473189,-987.1662928063965,-1353.9167048437853,-328.12060673232054,-3666.0112963719066,-562.4139381220805,-0.0,-0.0,-0.0,-1512.2258581458823,-828.8957459670678,-190.58694063614556,-2695.3474977714905,-1195.7080608103988,-21.073303246267436,-460.7870194552914,-1160.603482989848,-372.94293549535786,-534.4776580638718,-0.0,-4.598662045146428,119.40603931365986,-1105.0888237684765,-160.92423055467555,-0.0,66.88855224533258,126.98505502662641,-220.25456448277157,-1371.7386538021867,-2175.169469619813,-80.34861297781936,-1070.2984589315106,-1281.1223981872943,-0.0,-0.0,-774.5381328885164,-0.0,-0.0,-0.0,-0.0,-587.1912802932713,-40.55908663556963,-1268.0182477319136,-1245.8526596698016,-2366.5501228445446,-1087.0072710420504,-0.0,-616.7772571232838,-0.0,-1455.9430538259785,-1478.6339512124018,-1413.3694999459128,-1038.5132235795108,-0.0,-1554.6729603424453,-0.0,-0.0,-0.0,-3886.817601537183,-1141.496706699571,-259.24493972882334,-963.5337453675178,-743.0071316968123,-1049.465115440954,-0.0,-0.0,-0.0,-0.0,-5845.204368757968,-776.7646982538571,-1849.9546898339022,-3959.5375350878517,-2164.9663332497275,-452.23706888986464,-0.0,-1959.2484433970903,-890.4141384501205,-0.0,-304.18105419022476,-393.0678526033666,-0.0,-971.9241479017796,-255.51789475800416,1545.5420934203403,-469.77126256821924,-0.0,-0.0,-1024.9842730775138,-833.5875668176784,-2289.737422720985,-422.39324461701534,-0.0,-0.0,-697.2184324271964,-0.0,-0.0,-0.0,-0.0,-1373.1749508276598,-568.3747200388946,-1287.7628410951954,-512.4546401452144,-29.255091419625337,-780.6184283750866,-0.0,-0.0,-0.0,-0.0,-2455.0111822876033,-0.0,-0.0,-0.0,-0.0,-0.0,-0.0,-799.1812446066748,-0.0,-2710.7158107828254,-535.9952850605517,-232.50002930961637,-1199.1359721665046,-0.0,-0.0,-1656.4724993178497,-1534.1024769531768,4.29076397669404,-420.7570320688853,-35.453679538571045,-1630.210001012065,-869.4792037846948,-0.0,-4200.173817896838,-1375.482180666969,-0.0,-0.0,-36.17414588887721,-308.1889373145823,-1268.0280331301446,-0.0,-0.0,-59.05746197466033,-1647.6656819416976,-535.527796490535,-356.11912014650136,-44.95116439098205,-1903.8594904422102,-0.0,-0.0,-0.0,-0.0,-0.0,-659.9685877563138,-468.406590559077,-628.7929787387808,-4489.694131424628,-1660.1426013671971,-1255.2579231817358,-19.9828961442893,-866.1365843897288,-1365.2808478749914,-21.209882525219445,-0.0,-0.0,-0.0,-672.4630536444697,-498.33070350419507,-1826.51426679961,-681.7588052183338,-0.0,-1601.5521147633617,-0.0,-759.3590074520782,-0.0,-0.0,-2138.317787552029,-674.2742126353909,-626.826775502438,-1614.8256360025534,-528.489683226196,-13.96348272644439,-735.4343687722255,-1366.4151568054137,-0.0,-509.57002896095514,-1263.6161286073416,-4542.801355795335,-0.0,-65.73527422864542,-2437.781089735527,-1575.5801244978663,-1344.3551629218866,-563.0621443264147,-1165.2877766903146,-0.0,-259.7428357514898,-0.0,-272.5620944427889,717.9677931129289,-0.0,-0.0,1044.5774163922767,-0.0,-2422.0993237121456,-689.2828347232798,-1150.9572463515756,-1146.6522138053583,-1479.8097650708758,-419.63357365861117,-68.83279833332851,-0.0,-0.0,-906.2998577371784,-793.1140783773488,-776.5878781089567,-0.0,30.694988028270895,31.063549129238723,-167.7068618832017,-3192.6112442157514,-1960.7934926366327,-0.0,13.713114583974683,-1400.872243238118,-4389.212139967093,-2778.7672772495794,-511.82724089139913,-931.9019662532648,-1244.2853997637185,-0.0,-232.7453783404347,-0.0,-557.8677677286298,-291.90251730229335,-1696.2912894746985,-2379.3063245412472,-302.25421370591647,-547.3309875716501,-4947.6086483107465,-1268.573099943084,-447.34494685815696,-506.18380662226923,-1542.6519650739112,-489.3996030722297,-8.460586127937743,-1484.46296809443,-1696.1444880541526,-0.0,-0.0,-551.8760125000845,-1310.6868092428367,-372.10438452857545,13.942237306043497,-0.0,-0.0,-0.0,-0.0,-0.0,-42.54802089053535,-780.1574752524613,671.1446159316761,-432.0170267565279,-746.9306987525077,-533.4398355219008,-1151.5961952850284,-1659.0543919975778,-1079.0781124601356,-1874.5971309282907,-507.6763843010577,-675.6347595665806,-1560.2713558783519,-657.532555542426,-0.0,966.512264049625,-503.01780844501803,-43.04625329537268,-0.0,-971.3655662730085,-573.3286842472647,-1675.659608570278,-1937.179742762573,-2643.952530197778,-0.0,136.16933174297048,-0.0,-0.0,-1103.8418960628392,-1577.4865555217193,-0.0,-996.1440022988079,-9.185754324684007,-0.0,-0.0,-0.0,-2712.6669715514836,-763.365832065962,-255.03938071917807,-187.08144728392418,-0.0,-0.0,-1286.6359787255494,-1612.3039748808728,-1026.5180295985133,595.6191792527288,-9.622873559371174,-0.0,9.217273777224218,-0.0,-1665.5594632126893,-624.0245314215118,-1252.5262443448707,-1970.3237327889851,-1769.2901920587992,66.90689111445816,-0.0,-0.0,-1880.3913213848707,-421.4520762060417,-0.0,-0.0,-145.2362541573622,-0.0,-57.32832939684912,-0.0,-1226.8705415651707,-859.263573083189,-0.0,9.224506882772408,742.0462842048835,-0.0,-74.49647054121989,-2404.9733022569853,-0.0,-0.0,-686.0201709693274,12.160596085438053,-0.0,13.687262785129567,-441.37195794340437,-1716.5292823904026,-0.0,-880.1060332878704,-0.0,-1170.8740413068163,1900.2512510329516,-141.6752267729615,-1803.2959919166797,-1638.4327599395037,1112.4573216668844,-56.17678859866634,-2553.881908082306,-843.4458759021018,-981.5672891823693,-0.0,-760.8794979027355,-90.76092041641665,932.5926005451307,-422.9724795659083,-1589.0712086219298,-0.0,-0.0,-0.0,-790.840311761192,-704.8398778991597,-665.3088784948137,-1075.0127505180492,-1182.9986702849794,4.659450707395365,-1013.7279621666736,-1024.9778946179867,-1322.9414306736733,-0.0,-0.0,-529.2416702612483,874.2857339205735,-6613.450085380829,-0.0,-1627.3512694873987,-1880.6051414212839,-926.7857791297662,-869.8750419055289,-273.79106459386304,-2855.249746498763,-310.13493949611444,-0.0,-1057.7685323202968,-1045.0019986356765,-661.3399284703845,-0.0,-1460.3841003141674,-2341.9013957221237,-31.035398130506756,-1089.116942582184,-2607.1130307842445,410.4287346319466,-0.0,-481.05064790859495,-138.74273984465302,-1519.7695449046798,-1058.621198351654,109.84264463868175,-128.61426621536077,-762.2108246824953,-489.4642718889685,-593.945480489669,-781.3471480156786,-595.1172088502623,-0.0,-1427.447010121503,-0.0,-1302.2821960305528,-754.7358975547215,-212.52625894916963,-0.0,-1944.9020340715288,-5181.780348431786,-0.0,-494.2533016506588,-0.0,-2614.824452923127,-334.5565515740885,-0.0,-354.8686511860785,-528.9847023549775,-0.0,-2274.5736045586314,-1539.909288689486,-0.0,-4182.755528339295,-136.06243845178736,-1352.6976116689252,-1476.8551756704344,-1852.2657544824738,-132.93232820250316,-0.0,-962.2743183907355,-2275.312439970847,-571.6131262164339,-964.3538243382183,-1099.448006429737,-1850.3968505526695,-2376.662086395468,-942.9518500812483,-1977.744079498102,31.49046181843614,-0.0,-313.66484124708364,-1602.486976143586,-1191.5596615559416,-0.0,-0.0,-0.0,-461.30742965793957,-422.5541918113905,-14.318507758418795,-606.969827979999,-0.0,-1347.0571104699334,-809.8655898246615,-566.8663084842082,1.830984962190133,-0.0,-360.814407969842,-1662.2258119900034,-1074.3367756004936,-348.4905132859208,-887.0398261189747,8.891557305400513,-0.0,-0.0,-3312.030654561686,-992.727618240396,-0.0,-0.0,-0.0,-83.65876377750187,-1124.4889275395817,3.945259909896312,-1840.6345723531688,-1603.17906078562,771.0465627002396,-0.0,-621.8989627268783,-0.0,864.5673054838227,-242.34592173928738,-0.0,-1749.570262759061,-334.0567318930961,-1753.3047500650305,-0.0,-1648.5850218445212,-590.0354760251874,-240.46493648123322,8.950759111339805,-38.99698425412806,-0.0,-0.0,-742.3964162289386,-1321.2742314654606,-0.0,-612.3904601315108,-0.0,-359.4936973110972,-660.4110643041207,-0.0,264.7248023014734,734.8250292613885,810.5530044379869,870.5482041922401,767.6713167592854,965.3018640349222,-0.0,-0.0,-0.0,-0.0,-0.0,19.80861621473098,-0.0,-0.0,-742.0661171120614,17.9332049704833,-401.0895163233655,-187.45896580736098,-0.0,-960.41035832542,-1573.4622523829453,-2069.1170411427106,-273.41619027049035,-228.7379865946403,-0.0,-0.0,-594.3486925851366,-0.0,-0.0,-0.0,-0.0,-2838.637449467139,-0.0,-42.108035627270205,1072.6682524354912,-0.0,-1102.4675947444446,-595.7855713689387,1215.1734873506548,-1005.3344033919742,-0.0,-3264.6840976866715,-2132.439109593219,-254.27719859368054,-864.9858216532998,-1384.602140292745,-602.9006377150553,1035.8768966831046,-90.79997751795443,-570.4041654873729,-0.0,-0.0,-590.2747828855141,-0.0,-1019.1528145617367,-0.0,-505.9981462026126,-122.81503019081073,-0.0,-0.0,-1310.3798039183555,-0.0,-0.0,-590.1816786116252,-1343.4819897645275,-1827.9981932170067,-0.0,-0.0,-0.0,-2051.136899323819,-0.0,-1284.5708166795634,28.080422586240477,-0.0,-0.0,-1202.4822900794493,-974.8654100359553,-1367.1850187251662,-387.2774836696754,-0.0,-1293.799707321186,-301.86333927810085,-0.0,-0.0,4.630868771822351,-45.332384916459105,-4185.316880945987,-0.0,-45.9977091983864,-47.00238681834189,427.78740030997966,-91.9008053140921,-798.6197802973603,-845.0614176038343,-463.96183264506345,-0.0,-0.0,-1673.5834415266079,-0.0,-0.0,-0.0,-0.0,-0.0,-0.0,-0.0,-159.41850168696993,-0.0,-0.0,-2000.6754778164684,-8843.94666008134,-127.78718270290358,122.5880527014712,-507.28807753132213,-598.2971602235954,-470.00675875588945,-3983.822624321863,-256.47428214613933,-436.71043521685425,-0.0,-0.0,-0.0,-2096.745900599477,-0.0,-90.61135819774209,-0.0,-0.0,-0.0,-531.5337239682628,-14.10496043137282,-315.73414102602624,-1417.0114778295508,-667.3405646186227,-91.8796831135825,-1940.1121362273502,-0.0,-88.90890978658634,-2090.7987987484885,-0.0,-1404.3229908638777,-0.0,-1437.9112225967847,-0.0,-0.0,-985.3344264603738,-675.0535176643602,-35.58176412318645,-718.1650595931931,-116.50734790702973,-785.2942829951022,-165.68481982099152,-712.2211195916215,-713.8070850671656,-2278.4027119857356,-999.9196529832647,-0.0,-1778.2441974628634,-440.4058327430937,-814.5874002278289,-0.0,-0.0,-1045.712089467235,-2301.8875911569,-149.37348547760885,-0.0,-0.0,-79.99971132460034,-3424.205444775618,-891.3927291360676,-245.16504830739441,-361.01384579329584,-47.66229692881521,-4567.243475995994,-0.0,-0.0,-2074.2890598052822,-884.6456459009603,-0.0,-0.0,-0.0,-83.72586530144204,-0.0,-1928.2919393070565,-1786.7995696114715,-0.0,-419.9567791924659,181.71875496608308,-0.0,-0.0,-0.0,-1044.105206882634,4.737108244335042,-2559.6118354043824,-656.6243714173944,-1228.1543029442448,-726.3656933844434,-3482.77736068846,-1523.4048987772615,352.2028918476097,-0.0,-2143.7172491512297,-0.0,-0.0,-0.0,-1114.1831526927297,-674.5965496070603,-1293.9742689470402,-0.0,-0.0,-945.6695520528629,-1352.0048015102743,-710.892079998781,-525.0060441284678,-0.0,-0.0,-1376.2071294472203,-0.0,-0.0,-0.0,-0.0,-0.0,-0.0,-528.6324921672937,-188.6593793651685,-1519.5896274208565,-0.0,-776.1584828910075,-4339.413303564128,-48.794531434073036,-0.0,-0.0,-0.0,-0.0,-0.0,-0.0,-0.0,-0.0,-0.0,-0.0,-1348.2512097679403,-1996.5610572029411,-0.0,318.01853800881355,-0.0,-637.1821740773494,-96.01001786926098,-0.0,-740.6020248292549,-359.232089797888,-26.835126259568526,-3291.420647688688,-506.3753570849697,-3108.339229729657,-207.62336690952947,-1948.9563779102114,-1765.8778098616156,-675.74303874483,4.776093001735544,-0.0,-1298.6400102189682,-2202.6847026316036,-2530.8911067633408,16.77608958865158,-525.1871066060609,-1800.407865199005,-0.0,-2138.4350929622296,-397.7541137278525,-0.0,-3145.282523238826,-0.0,-1004.5323553755392,-0.0,-3093.222938741929,-0.0,-0.0,-88.50508180540403,-1011.8642753691511,-718.7037622569765,-0.0,-1268.543115023235,80.85230656766343,327.80215846573867,342.2185895007284,-276.8779611786196,-1916.8917102074029,-769.7216141303868,-0.0,-0.0,-6008.478371152361,-1364.267863210645,-0.0,477.4814247469482,-0.0,-1734.5450143795752,-603.0798490342429,-744.6825128061553,-0.0,-0.0,62.258287944495294,-0.0,-1077.016388140831,-1079.7281643234533,-1985.4088427985375,-0.0,-615.5904865413902,-3116.3617900802537,-850.3877175825104,-0.0,-1357.1634370112488,-85.73125441360126,-1358.2120886825014,4.514443936493102,-987.3316204700097,-0.0,-0.0,-0.0,-753.2331583438194,-0.0,335.2233059283218,-0.0,-392.2070535547214,-820.90554208194,-561.196927317292,-1169.5654023517347,-645.9000605870079,-1808.7863806841908,-945.1492030754533,-0.0,691.9051619903851,-2436.328191327455,-1866.5026845232276,-745.7458316196836,-0.0,-0.0,-0.0,-157.98814036989108,-1185.1475715723845,-340.97673388872226,-774.7030918274896,-2096.6436304517233,-2932.6420553624434,166.82823049618932,767.9987524542737,793.6114895337612,-0.0,-0.0,135.86771427523007,-101.4655994282796,12874.783904197715,2266.5707553378634,4144.886348479475,6267.980784821517,-0.0,-0.0,-0.0,-0.0,-0.0,-1471.6373521929047,-1638.471879085791,-869.6720314326129,-0.0,-3048.561199959325,-604.1440482212671,-976.4297445956255,-0.0,-724.4069363695137,-1378.2359962453668,-1036.6537196973034,-1299.591156217773,-0.0,-3344.617234592757,-2096.842630502088,-814.3071481669263,-148.59955375690961,-3101.287560633984,-0.0,-292.79055195359433,-0.0,-97.52554969121464,-0.0,-140.0052026220385,-213.33388958519183,-1062.5188669000036,-892.419594551865,-0.0,-0.0,-0.0,-2233.2831430198735,-0.0,-0.0,-289.63446394570764,-974.9859000527192,-1015.0414234943659,-71.95072251686199,-1115.3142425791234,-1956.8194905915811,-356.5308922476328,-0.0,-0.0,-166.6939651200426,-1681.1638413764592,-474.59976179604416,-0.0,-6378.132955138863,299.66748246492375,-0.0,-0.0,-0.0,-226.68652724702068,-461.7642005736881,-0.0,-0.0,-1277.1730996131623,-2142.054577513069,-1197.8727396690913,-443.00724523278996,-415.4832961004318,-563.0155126034131,464.90797056084347,-1224.3640902150153,-0.0,-523.0626377044285,-2443.2504811669264,-511.48254048211044,8.367849523232,-0.0,-484.6095027463883,-0.0,-0.0,-0.0,-1339.2043963676035,-476.8601976683424,-1498.0705593481914,-0.0,-0.0,-0.0,-202.5467132495704,-550.946155755258,-1745.9505059864923,-2990.7774973352175,-223.3784439607954,-131.01522550940484,-0.0,107.64946755559957,-0.0,-1191.9597489325608,-181.56735944601888,-0.0,-0.0,1048.9977663659924,-0.0,-1802.8274943930526,-0.0,-0.0,-0.0,-207.74180204320092,-2121.7254449894895,-1679.7585221108404,-33.07505278588055,-2364.673805022409,-1647.2685589172097,-29.772910537345943,-33.38486751559577,-71.60467998854487,-0.0,-0.0,-2127.566020916525,-0.0,-6317.481919810687,-0.0,-1581.3176656673602,-297.31418239911955,188.1185276563045,-0.0,-12.183097472039771,-1727.443440629225,-1667.1302351054103,-587.2919188851033,-39.019878792401194,-108.33904642319192,-0.0,-0.0,-0.0,-0.0,-1134.4694651462928,-1168.2527248603096,-0.0,-620.4060501176854,-1299.0678207024207,-251.61788892325268,-32.71383633829395,-0.0,-0.0,-0.0,1149.7378175113843,-82.36055187236343,-0.0,-525.8017878785209,-863.0332608386517,-1596.1527391840623,-0.0,-0.0,-2637.13333023493,-0.0,-0.0,-0.0,-0.0,-730.06481107822,1174.0508758178944,1109.117871570059,1224.8349251109414,-0.0,-0.0,-0.0,-684.1294672034409,-0.0,-0.0,-394.64063399218566,-241.92494510672043,-0.0,-231.7665703789503,-1246.5546534438984,-1381.165223379312,-0.0,-0.0,-0.0,-21.984118178118372,-1497.0617241991172,-19.917136290110104,350.576260891619,-0.0,-1704.2379716344349,-938.8575665115005,-604.9046858048628,23.53474234471661,20.53586818305786,-321.0288585242831,-16.932497416171127,-394.8985642104481,-412.39894425692506,-1128.2137762772918,-377.58253342216346,795.5619240011778,-1480.126028994642,-160.41801722061757,-163.91345671951572,-3800.861284214636,-2748.194026891439,715.1189072225097,-1224.0602979273517,-143.7066785898583,-4.664437203356015,-744.9704251152046,-1177.0125016638117,1977.275697833029,-692.4677603016897,-708.5916868320505,-774.4802151673349,-0.0,-6217.117869432733,-0.0,-577.6786540352173,-1020.7329149926754,-760.945907312743,-881.9015103835479,-1158.3611567979283,-0.0,-1138.0423801831575,-216.87310818333532,-88.92057080768437,-8113.861126378806,411.42123986191814,-181.1523989685089,-0.0,-607.9008965430178,-1172.3176490943824,-0.0,-0.0,-567.7206388553493,-1672.570132131603,-43.66495862100962,-245.1110917424046,-302.16698722016287,-1258.056286360334,-0.0,-0.0,68.56584553825127,-0.0,-0.0,-1815.9601049128914,-0.0,-2079.256988336161,-1059.0182592294698,-1402.8568546151819,-0.0,-0.0,-511.399480009385,-1003.7790264719642,-155.05381647552633,-0.0,-436.32730236608955,-168.4132968388804,-471.66188792240087,-0.0,-201.72249146567322,-480.8565341433943,-2473.526522476216,-895.5034986868427,-1467.2702615607477,-0.0,-0.0,-1266.2275609074422,-30.136004290309835,-0.0,-0.0,-1402.3835811278545,-0.0,-0.0,-0.0,-0.0,-0.0,-0.0,-0.0,-0.0,-0.0,-0.0,-101.0546619061249,-0.0,-0.0,-0.0,-0.0,-0.0,-0.0,-0.0,-0.0,-0.0,-0.0,-0.0,-320.95373780944806,-0.0,-0.0,-0.0,-0.0,-0.0,-0.0,-0.0,-0.0,-0.0,-0.0,-0.0,-0.0,-0.0,-0.0,-0.0,-0.0,-0.0,-0.0,-0.0,-0.0,-0.0,-0.0,-0.0,-0.0,-0.0,-0.0,-0.0,-0.0,-265.3515709472048,-0.0,-0.0,-0.0,-0.0,-0.0,-0.0,-0.0,-0.0,-0.0,-0.0,-0.0,-0.0,-0.0,-0.0,-0.0,-0.0,-0.0,-0.0,-0.0,-0.0,-0.0,-0.0,-0.0,-0.0,-0.0,-0.0,-0.0,-0.0,-0.0,-0.0,-0.0,-0.0,-0.0,-0.0,-0.0,-0.0,-0.0,-0.0,-0.0,-0.0,-0.0,-0.0,-0.0,-1409.8375244237343,-638.8859440456929,-1715.5978423486126,-0.0,-0.0,-0.0,-0.0,-0.0,-0.0,-0.0,-0.0,-0.0,-0.0,-0.0,-0.0,-0.0,-0.0,-0.0,-0.0,-0.0,-0.0,-0.0,-0.0,-0.0,-0.0,558.6708232744194,-0.0,-0.0,-0.0,-0.0,-0.0,-0.0,-0.0,-0.0,-0.0,-0.0,701.1704653611134,-0.0,-0.0,-0.0,-0.0,-0.0,-0.0,-260.254818063694,-0.0,-0.0,-0.0,-0.0,-0.0,-0.0,-0.0,-0.0,-0.0,-0.0,-0.0,-0.0,-0.0,-0.0,-0.0,-0.0,-0.0,-0.0,-0.0,-0.0,-0.0,-0.0,-0.0,-0.0,-0.0,-0.0,-0.0,-1119.098353491344,-0.0,-0.0,-0.0,-0.0,-0.0,-0.0,-0.0,-0.0,-177.60233349868014,-0.0,-0.0,-0.0,-0.0,-0.0,-0.0,-0.0,-0.0,-0.0,-0.0,-0.0,-0.0,-0.0,-0.0,-0.0,-0.0,-0.0,-0.0,-0.0,-0.0,-0.0,-0.0,-0.0,-0.0,-0.0,-0.0,-0.0,-0.0,-0.0,-0.0,-0.0,-0.0,-0.0,-0.0,-0.0,-0.0,-0.0,-0.0,-0.0,-778.5044744799804,-0.0,-0.0,-0.0,-0.0,-0.0,-0.0,-0.0,-0.0,-0.0,-0.0,-0.0,-0.0,-0.0,-0.0,-492.8936546628589,-0.0,-0.0,-259.42689052729446,-0.0,-0.0,-0.0,-0.0,-0.0,-0.0,201.6980275175472,-0.0,804.1207400306832,-0.0,-0.0,-0.0,-0.0,-0.0,-0.0,-0.0,-0.0,-0.0,-0.0,-0.0,-0.0,-0.0,-0.0,-0.0,-0.0,-0.0,-0.0,-0.0,-0.0,-0.0,-0.0,-0.0,-0.0,-0.0,-0.0,-0.0,-0.0,-0.0,-0.0,-0.0,-0.0,-148.88020605963916,-0.0,-0.0,-0.0,-0.0,-0.0,-0.0,-0.0,-0.0,-0.0,-0.0,-0.0,-0.0,-0.0,-0.0,-0.0,-0.0,-0.0,-0.0,-0.0,-0.0,-0.0,-0.0,-0.0,-0.0,-0.0,-974.9788392219106,-0.0,-0.0,-0.0,-0.0,-0.0,-0.0,-0.0,-0.0,-0.0,-0.0,-0.0,-0.0,-0.0,-0.0,-0.0,-0.0,-0.0,-0.0,-0.0,-0.0,-0.0,-0.0,-0.0,-0.0,-0.0,-0.0,-0.0,-0.0,-0.0,-0.0,-0.0,-0.0,-0.0,-0.0,-0.0,1304.67151685367,-0.0,-335.0861032140648,-0.0,-0.0,-0.0,-0.0,-0.0,-0.0,-0.0,-0.0,-0.0,-0.0,-0.0,-0.0,-0.0,-0.0,-0.0,-0.0,-0.0,-0.0,-0.0,-0.0,-0.0,-0.0,-0.0,-0.0,-0.0,-0.0,-0.0,-0.0,-0.0,-0.0,-22.72182185623615,-0.0,2628.250592908,-0.0,-0.0,-0.0,-0.0,-0.0,-0.0,-0.0,-0.0,-0.0,-0.0,-0.0,-0.0,-0.0,-0.0,-0.0,-0.0,-0.0,-0.0,-0.0,-0.0,-0.0,-0.0,-0.0,-0.0,-0.0,-0.0,-0.0,-0.0,-0.0,-0.0,-0.0,-0.0,-0.0,-0.0,-0.0,-0.0,-0.0,-0.0,-2433.9135008012636,-1690.4012265071003,-0.0,-0.0,-0.0,-0.0,-0.0,-0.0,-0.0,-0.0,-0.0,-0.0,-0.0,-0.0,-0.0,-0.0,-0.0,-0.0,-0.0,-0.0,-0.0,-0.0,-0.0,-0.0,-0.0,-0.0,-0.0,-0.0,-0.0,-0.0,-0.0,-0.0,-0.0,-0.0,46.86388183363538,-0.0,-0.0,-0.0,-0.0,-0.0,-0.0,-0.0,-0.0,-0.0,-0.0,-0.0,-0.0,-0.0,-0.0,-0.0,-0.0,-0.0,-0.0,686.4875834250789,-0.0,-0.0,-0.0,-0.0,-0.0,-0.0,-0.0,-0.0,-813.053394904308,-0.0,-0.0,-0.0,-0.0,-0.0,-0.0,-0.0,-836.3991279945097,-0.0,-0.0,-0.0,-0.0,-0.0,-0.0,-0.0,2734.839570724934,-0.0,-0.0,-0.0,-0.0,-0.0,-0.0,-0.0,-0.0,-0.0,-0.0,-0.0,-827.6080965021946,-0.0,-0.0,-0.0,-0.0,-0.0,-0.0,-0.0,-0.0,-0.0,-0.0,-0.0,-0.0,-0.0,-0.0,-0.0,-0.0,-0.0,-0.0,-0.0,-0.0,-0.0,-0.0,-0.0,-0.0,-0.0,-0.0,-0.0,-0.0,-0.0,-0.0,-0.0,84.78618378436803,-0.0,-0.0,-0.0,-0.0,-0.0,-0.0,-0.0,-0.0,704.7710407050828,-0.0,-0.0,-0.0,-0.0,-0.0,-0.0,-0.0,-396.10215830605273,-0.0,-0.0,-0.0,-0.0,-0.0,-0.0,-0.0,-0.0,-0.0,-94.26521238702254,-0.0,-0.0,-0.0,-0.0,-0.0,-0.0,-0.0,-0.0,-0.0,-0.0,-0.0,-0.0,-0.0,-0.0,-0.0,-0.0,-0.0,-0.0,-0.0,-0.0,-0.0,-0.0,-0.0,-0.0,-0.0,-0.0,-0.0,-2078.689510628738,-0.0,-0.0,-0.0,-0.0,-0.0,-71.26548274538469,-0.0,-0.0,-0.0,-0.0,-0.0,-0.0,-0.0,-0.0,-0.0,-0.0,-0.0,-0.0,-0.0,-0.0,-0.0,-0.0,-0.0,-0.0,-0.0,-0.0,-0.0,-0.0,-0.0,-0.0,-0.0,-0.0,-0.0,-0.0,-0.0,-0.0,-0.0,-0.0,-0.0,-0.0,-0.0,-0.0,-0.0,-0.0,-0.0,-0.0,-0.0,-0.0,-0.0,-0.0,-0.0,-0.0,-0.0,-0.0,-0.0,-0.0,-0.0,-0.0,-0.0,-0.0,-0.0,-0.0,-0.0,-0.0,-0.0,-0.0,-0.0,-0.0,-0.0,-0.0,-0.0,-0.0,-0.0,-0.0,-0.0,-0.0,-0.0,-0.0,-0.0,-0.0,-0.0,-1445.9058720837645,-0.0,-0.0,-0.0,-0.0,-0.0,-0.0,-0.0,-0.0,-0.0,-1812.7446242022775,-0.0,-0.0,-0.0,-0.0,-0.0,-0.0,-0.0,-0.0,-0.0,-148.26442217056984,-0.0,-0.0,-0.0,-0.0,-0.0,-0.0,-0.0,-0.0,-0.0,-0.0,-0.0,-0.0,-0.0,-0.0,-0.0,-0.0,-93.07997775602573,-0.0,-0.0,-0.0,-0.0,-0.0,-0.0,-0.0,-0.0,395.79421803425396,-0.0,-0.0,-0.0,-0.0,-151.1570001005889,-0.0,-0.0,-0.0,-0.0,-0.0,-0.0,-0.0,-0.0,-0.0,-0.0,-0.0,-0.0,-0.0,-0.0,-0.0,-0.0,-0.0,-0.0,-0.0,-0.0,-0.0,-0.0,-0.0,-0.0,-0.0,-0.0,-0.0,-0.0,-0.0,-0.0,-0.0,-0.0,-0.0,-0.0,-0.0,-0.0,-0.0,-0.0,-0.0,-0.0,-0.0,-0.0,-0.0,-0.0,-0.0,-0.0,-0.0,-0.0,-0.0,-0.0,-0.0,-0.0,-0.0,-0.0,-0.0,-0.0,-0.0,-0.0,-0.0,-0.0,-0.0,-0.0,-0.0,-0.0,-0.0,-0.0,-0.0,-0.0,-0.0,-0.0,-0.0,-0.0,-0.0,-0.0,-0.0,-0.0,-0.0,-0.0,-0.0,-0.0,-0.0,-0.0,-0.0,-0.0,-0.0,-0.0,-0.0,-0.0,-0.0,-0.0,-0.0,-0.0,-0.0,-0.0,-0.0,-0.0,-0.0,-0.0,-0.0,-0.0,-0.0,-0.0,-0.0,-0.0,-0.0,-0.0,-0.0,-0.0,-0.0,-0.0,-0.0,-0.0,-0.0,-0.0,-0.0,-0.0,-0.0,-0.0,-0.0,-0.0,-0.0,-0.0,-0.0,-0.0,-0.0,-0.0,-0.0,-0.0,-0.0,-0.0,-0.0,-0.0,-0.0,-0.0,-0.0,-0.0,-0.0,-0.0,-0.0,-0.0,-4382.951053293427,-96.47925395178812,35375.916416506945,-4066.699604950114,-4048.091590792535,86072.61554032928,-0.0,-7918.2975891959495,887.6140101841916,2040.1395340410834,-25996.089622232448,-0.0,-5469.102595419939,-0.0,-0.0,24061.334781493046,-13558.489948127351,3138.4238347830074,7020.030488971698,-4216.731137613963,-25540.437587282482,-9415.563743404626,56.70620786383311,-100.39983223001852,-6508.498095200192,-0.0,-12707.450610845672,-18978.463673891893,14910.977010327179,-138.9538746340341,412.99532792700677,49175.083366861276,-2481.1502223456064,-106505.09762024274,-3380.617732837533,-24897.828146569474,-16723.932324832338,-5421.574421369799,-6707.317544057025,-16803.897099849877,13977.645017608344,-2368.0585958008282,-3770.182165008616,-3593.788889865275,-12185.07047816355,7008.870230168813,34957.80433425355,-823.0156204591424,-194.1617939178447,21894.645172245182,3641.671785650559,-194.4445326457427,5547.038754607926,6134.3419871760025,-5976.941086298889,-7840.023153455776,-3455.6010465415375,424.8659011201593,-0.0,-0.0,-1337.4146713570706,-8283.277183789205,-4081.323980274798,-3524.070619573284,-495.5248151448169,-5228.445329295451,12033.542039794733,6677.344511212874,-8526.720809195514,18360.12872470606,-20403.200856625303,-33383.70596897395,75424.71867446571,-24143.38084199275,-8461.282425950176,-2009.2428527022842,-3350.033499894611,-6625.821434170911,-4127.403032889695,-34148.5939430868,-0.0,-14819.909586197453,-0.0,3747.2505055485844,-0.0,-0.0,-14106.916574145931,-1479.7028329906855,-0.0,-0.0,3778.355319379299,-0.0,137.0899927852325,-0.0,-6449.610580064027,-4720.348975664435,-8121.053146645439,-8959.871299109966,9694.260393839855,-0.0,-30448.916234540826,48663.76117968917,-0.0,-0.0,-20794.39632075711,-9304.61342209303,137.2921242821365,587.507634439977,-0.0,61813.29326887058,-0.0,-0.0,-0.0,-0.0,56850.50635873388,-1562.0519223986344,-0.0,-13394.616291194488,-0.0,-5620.206292458187,-970.0711381182412,-2796.8376289770595,-16251.824492006846,9542.710324238034,-1056.4286959841675,-9655.375927525718,-0.0,-0.0,-6916.939661309707,-7418.508091545882,-13048.436559782398,63123.87273060508,-0.0,-224.8246344221954,14315.619112681363,4416.808672183953,-2917.691183912423,719.3748727859132,1809.7517428331694,-3960.8297602491994,155.2683188214337,-19520.565942911177,868.2521449684895,14305.078540694838,-698.0424942324089,10767.487882243315,48943.48128856168,5815.057629048707,1115.8449443880386,10031.745631697506,-2127.421792751711,-8126.3356990688335,-9320.32429609783,-16447.155973034955,-0.0,3003.5825493364823,15006.602496793583,13529.33963289041,-8547.003095327518,6262.764442109218,3836.1389549990627,-9485.848774786333,23332.1498098733,-15259.643531583512,-0.0,5658.63085330818,-12415.023803589092,-16265.580571922346,-7839.080293921325,27189.42698445437,2241.97500146934,-0.0,-5541.0191425880785,-0.0,-2565.7388050794184,59.612303175498475,-3690.7210870043996,-867.284070580534,85.75223954198009,-203.2458673679685,-23136.721875438685,-14700.515254593534,24317.54328489529,-8190.004866229495,3620.155333488177,8855.65954250034,-7956.922387815218,-5151.321629314884,-14418.9192560776,-0.0,-2102.2893816104433,-2159.3151008990276,-0.0,1212.5862484841566,-3301.2427055799753,-0.0,-0.0,-16855.923498068532,-3375.2804119573134,4107.089310729294,-4015.77373442518,-0.0,-0.0,-0.0,59980.58821315454,24839.93462734223,-0.0,-1474.6479865048566,12834.253184421517,-0.0,-4357.92325517357,-2997.5245939031033,-0.0,-5405.375625466822,-8065.60263988702,122842.42013181774,-12998.254172299654,-9408.176389909064,-32559.31746089725,-0.0,2669.0999457274033,2404.6358986012783,-10627.580264279475,27796.733617370035,-8570.419697495847,-47809.11669721777,-16122.293962329073,-10784.432051318094,-0.0,1360.4740965605658,-5167.089778191636,22312.712991268658,-2302.255045636713,89.193190868762,-12559.883412621924,-9822.32096742453,32197.85430408472,-0.0,-1664.3744849639484,128.2898693022071,-0.0,-0.0,-0.0,-0.0,-0.0,-0.0,-0.0,-0.0,-0.0,-0.0,-0.0,-0.0,-0.0,-0.0,-1356.1445377991658,-0.0,-0.0,4459.826588932189,-12370.900771001005,-918.579690508171,-9833.807444263324,24118.659880728486,9379.75695321306,-4013.85433584154,2447.7020012435723,41768.31933175827,-0.0,-0.0,-4050.4168075876646,2768.869314659075,-6943.317232275858,-8662.787384178799,-0.0,-211.06468704588383,9856.42989973054,-4492.488742681276,-978.2949402651827,3221.390865017028,-29297.84507011315,24386.494384412887,-5100.552823979186,-2244.814449915642,14706.778703447308,-0.0,-0.0,-0.0,-0.0,-0.0,-0.0,794.0433463111627,54242.69344139802,-10025.599336516396,-7850.127885803749,-13040.455775296832,-0.0,-10767.17153640516,-13200.522166054005,-0.0,-0.0,-0.0,601.354689753015,578.0473400121625,848.2808540191322,3116.6238975849037,-0.0,2729.1514708829127,1006.4264083310206,919.2596492382487,810.9340531850738,846.6805422164273,3435.8803467034186,1814.8291354054406,3424.2401694809023,2714.625633859662,3002.2389034468256,3309.512931263425,39334.41653433037,43090.95272852881,40748.056180098974,36918.86128073934,7033.551810931878,6971.597150684714,8042.007393233066,9964.348725110362,4903.113630857922,2114.102952588021,2226.8137601036265,2239.7680366727727,2102.505417589559,2219.3826342956268,5157.928640869804,3223.267435536795,1367.299900817822,1314.5868555762515,692.0883131030694,404.00408189998996,489.855913503071,35573.44199440287,38580.69532994665,40950.021409865156,37648.70632250081,58150.81868549675,61218.145880956494,1377.080379603308,1366.1479323348979,1374.291000411325,1164.9323351369987,1300.464031048087,1356.6022146981093,663.5294640595391,50945.73166583389,54416.05131102553,55535.768203538464,2827.216598657399,-0.0,7301.047728948251,41591.53460054026,37531.427726470596,37967.79501556198,62660.909717518116,68772.48596072102,70619.83375939248,59345.91516335431,2789.5297910674,2462.6187187017913,5155.117108561212,-0.0,20591.44678361177,23979.36038835171,-0.0,503.3344901849687,1048.2681604101892,1646.8002569179118,1508.7793908481658,1752.904561712424,1553.4808993253428,1794.2239331697162,1456.1184824888805,42647.8328800498,41341.97590263472,40600.815806283645,38273.48086991601,1115.4666480600083,1275.3329725076958,-0.0,-0.0,18166.284074760708,41144.728487878645,39578.02706227955,36951.97134612686,35661.41757490804,-0.0,51552.422639685086,55398.93318458075,1129.8845460312225,2226.934633244672,2446.1618623297218,2609.0623034310993,2346.8868968098004,2310.0177567934256,56284.768813672046,53089.458074273796,-0.0,-0.0,17695.69449235597,926.0199716601298,1116.1487433679852,41977.37969151328,39706.861092416206,35765.199417916905,37894.137134179444,36113.01294137458,38387.46259140088,-0.0,16775.02188412391,10665.591071859502,-0.0,-0.0,1332.0560245505385,1463.3365838565796,465.2105441271094,416.3201733230477,340.84141611929266,342.67218028798186,-0.0,1219.4409496926169,1162.6215059894344,1117.804199920735,1274.3131450953483,-0.0,1551.0347050535995,1617.4112390592788,2047.3819199572908,2188.9309423451255,2188.0693693725966,2143.2927647710662,797.279016983802,971.8456061073422,889.2110609043689,1334.3230145957555,940.9025651156784,844.8371186765564,902.1028758686372,910.5776440380095,8596.906582997455,9759.995358482143,44.01543983664418,76.61204861909228,3585.8776563428137,16876.73597635329,1076.6661240567196,1033.7993840373215,-0.0,-0.0,6740.653098644165,6831.543383743029,6701.195578753919,6630.517589998857,1412.063122049897,1526.8864673658722,40299.92534771675,41033.00150919284,8927.164211348701,7807.033122747154,-0.0,55836.172654882226,2276.728291541865,2140.124333597554,1165.8569321292312,58014.4601024558,61972.50526876435,59965.88177451167,55300.455943392866,453.78000144791645,62385.31400889999,58712.106397032854,-0.0,-0.0,20333.06429682479,-0.0,734.5232991162452,748.7561506902031,665.4217664290026,1775.9844125181316,9934.408736850879,23397.82968483956,1511.9099892169165,1632.847379770905,54.551157004882135,714.13464886743,714.6879054268841,15869.828554026952,1604.5584233343236,-0.0,-0.0,-0.0,1152.9988505677345,-0.0,1228.7768852931285,-0.0,4535.931670539535,1060.6149487004427,1195.2700041188225,1131.6596901905216,717.2943076244314,694.1005892151576,654.3774206160565,1593.3592287180627,1767.0913237529,1917.4358685639406,1153.4381303870184,129.5771248989783,5274.589470718856,55701.09512630558,60441.190773687995,10899.934979618902,21950.983070088845,16529.754999421744,17273.39548951994,2123.895590057407,1937.6788742803078,1527.2768890596767,1526.486041621697,833.2970552673745,1007.7596835762921,2492.4064741604316,37607.37893589797,40425.74998860237,1431.3600519092856,1464.3096852905162,1417.017222463967,2431.5488259634253,2594.942564767565,2968.371190394973,41360.72603264357,37025.130411195,36778.98331787372,40276.31456036104,-0.0,-0.0,-0.0,2484.728418842797,2757.809120630148,2397.1382541496623,7401.3037817640125,6459.790684345013,6986.768430297156,1904.8489905587069,2007.6378927691915
23,-0.0,-0.0,-588.4486144038607,-1871.5411392525123,-439.7799683219964,-519.7768913748556,-51.04081981322698,-967.3079224273008,-659.9775907058597,-0.0,-1395.42889116397,-0.0,-0.0,-2060.0482575943834,-0.0,-556.7067458699194,-415.4487955217695,-0.0,-0.0,-176.9399732102172,-252.18706803190804,-672.1108515131153,-1067.087751480566,-684.9377385774194,-2014.3087580127797,-1243.9580241063713,-0.0,-0.0,-2807.002202518078,-1694.021218014158,-0.0,-0.0,-0.0,-0.0,-0.0,-0.0,-104.95726761770321,-303.55171802092286,-1627.735299920731,-1315.934601343963,-0.0,-0.0,-128.76923618124684,-685.5528425483691,-172.46844627286555,-0.0,706.9923169309658,-1601.3816033922274,-392.5170643200638,-0.0,-0.0,-359.2612221392139,-4.410171172994969,26.175191009711067,-1891.3193171323405,-3261.8922150400267,178.62302929884933,-5585.29117801773,-232.81801869260437,-0.0,-1580.95383517339,-0.0,-634.4752230202827,-2419.4942356690503,-518.0264802088474,-613.4937528943697,-39.542211805520154,-2223.593517626716,-738.1392663763409,-518.9487028420905,-2982.1449985029176,-0.0,-0.0,-2234.1859088721235,-993.7616502847752,-384.8961584280009,-1855.7448591566592,-0.0,-0.0,-1455.3771985629608,-1567.2389270740125,-460.371390272357,-3807.589922530783,-62.4231243969542,-73.44840072026712,-1683.5375243430892,-0.0,-597.7607385530887,-1001.4560934406729,-17.182162085348896,-0.0,-1440.0123616836331,-82.5061716120899,-632.1005093735432,-2212.5326652368835,-51.76113302499005,-2223.2501196374706,-340.32237936954084,-1411.4220527334724,-2588.8155782060126,-721.5164012347119,691.354664236981,-546.573168502985,-0.0,-1628.1982299491804,-2326.1913788650972,-4207.142657615027,-554.3456214230425,-2771.7146956521483,-0.0,-1480.6579875570835,-0.0,-0.0,-498.94332732040857,-0.0,-0.0,-522.0792868575184,-78.30837171216949,-1630.6675160462776,-824.6703540438003,-1001.7086835035959,243.26745610053297,-441.416150032642,-353.88297722961255,-403.6523280877185,-15.038057707688253,-439.3456846819366,-514.9562862475487,-770.3257750252578,-0.0,-5053.329734857328,106.97961850120453,-95.36110587202707,-4432.337866501865,-0.0,-1002.8797544516432,86.91018125256518,-0.0,-639.9004748986202,-0.0,-0.0,-512.3258142302549,-0.0,-337.30093231769115,-949.5482634251134,-0.0,-1054.7651563991624,-272.26753139717886,-702.7625573525581,-2173.0551612244503,-0.0,-1696.6053424616798,-1016.2017262062064,-0.0,-0.0,-0.0,57.376616702496776,739.5670349491313,-0.0,-1545.5323528124552,-1838.30072347916,4.42527221880142,-0.0,-0.0,-479.8148768212195,-350.8663734535028,-374.6326422764209,-0.0,-382.4803935027919,-3120.4832525110214,-1144.5641329635407,-0.0,-1236.0749143617252,-2287.648500712836,-0.0,-0.0,-0.0,-0.0,-0.0,-0.0,-550.7963334647324,-676.4013386181022,-268.94885410389094,-173.50652154621562,-1055.6653020224178,-16.098618703766803,-0.0,-0.0,-658.8537837302135,-0.0,-637.3131698247518,-199.25422643365363,13.46147133176182,192.88933066456437,-0.0,-0.0,-1040.4802322628796,-402.15721524312346,-509.91849826918644,-0.0,-2734.3445174348994,-2156.7144113233194,-912.574515806925,-0.0,-0.0,-2180.2325684464267,-1298.8015776814884,-702.91352084259,-25.91016340663251,-1579.7214128766948,-1275.2316106417657,-0.0,-0.0,-1851.1081855688096,-0.0,-918.9096065493083,-1076.281837804665,23.18100967169121,-511.7368664014839,-567.71255221332,-337.7151894705091,-0.0,-1754.9892827150152,-0.0,-2955.5849204843284,-2506.9550289975264,-197.6292618234204,-494.8306355333797,-471.8062090770528,-0.0,-297.2147280447645,-212.82294243445335,-0.0,-1029.2303610042497,-580.2125522123257,-991.3288925563592,-1767.4177837340558,-972.4443685691948,-2114.0200541975178,-1745.7159755085597,-2357.138431520169,-2333.3066500561367,-1096.9193769869164,-2160.60077459737,-561.0960490703469,-429.58709050023697,-0.0,-1333.2512748473287,-876.4283147052456,-1073.4031115333717,-462.7684902434111,-406.52376867821937,-2214.6544298766858,-666.9666137917302,-450.2718281603726,744.534093531262,-0.0,1125.3537464876088,-1458.249052298315,-0.0,-0.0,-0.0,-0.0,-0.0,-0.0,-1331.4458650429076,-2916.0433224670583,-502.6654327879895,-964.7191986609248,-0.0,-0.0,-1927.3421867660552,-1342.7367717795896,-2001.4911368107928,-0.0,-0.0,-68.06486241336471,77.55918930648818,-469.47143581944874,-2011.5143705610224,-480.43610332564316,-0.0,-431.1173238022702,-731.5382547001725,-12.880694018843101,-1250.3139933699047,-1137.7621471525554,-1526.1373416346287,-1123.1080265524306,-149.61647848030273,-638.6173248214376,-0.0,-1657.1504437095987,-0.0,-960.9858600127297,-125.4718010756148,-40.72914461002275,-545.7993336918879,-0.0,-2377.1941291572093,-125.04600148752002,-636.2378103251111,-1573.0087046158333,-1377.9769920669369,6.375116610413042,-528.3409652378682,-805.4501277930942,-24.707986815207985,-297.2771144082573,-456.27264878660935,-63.577859275968365,587.3885677288331,-1274.4727766763583,-0.0,-945.2099648917639,-1244.4209057172807,-0.0,-569.1044983948747,-0.0,-1564.2428325515302,-0.0,-0.0,-0.0,-1179.7927221914363,-846.587328470769,-408.97007517647745,-0.0,-1424.2763773911565,-3135.627796723535,-3644.5510887489104,-0.0,-363.3121629254342,-0.0,-284.9295592267998,-362.7982632295433,278.78347980066724,-564.9605380497885,-0.0,-571.9077954011985,-956.3240197296983,-278.16171239658917,-518.6010839114368,-0.0,-460.37996755892266,-1183.1893627232323,-547.8637625385052,62.90477636574958,-2453.6777656588692,-0.0,-0.0,-1093.2156176838976,-483.62073726634037,-1215.114329338385,-71.2997347934851,-131.95017754989564,-232.08267714453092,-629.6066131298203,-953.6511024091132,-1438.6664656377902,-2360.7495236972936,-0.0,-0.0,-364.06870293148205,4917.689885357461,-0.0,-0.0,-0.0,-0.0,-0.0,-2523.367876934334,-505.3716857953608,-0.0,-1080.3230445484671,-1081.6149512775423,-612.4290195264748,-2220.3385299061943,-181.2108161577058,-1221.213526052723,-0.0,-0.0,-2098.116685998424,-638.3515868683071,-1852.7878982415389,-689.8563165034689,-600.0283443246437,-1689.0034649216307,-257.57758616440015,-1848.6209514479888,-1072.7105606955658,-114.99924577494204,-859.0075051484711,-1251.4601864724607,-214.96478133711997,-225.83181380691747,-1869.0380437065312,-0.0,-496.94110863620136,-273.0717594298881,-149.33565968051184,-774.9382012904209,-223.00381844446534,-923.962276713564,-763.9171721431476,-1274.3608469533435,-306.211270657314,-2606.569134844262,-23.296205714918507,-619.6990842238507,-0.0,-890.3960188431315,-661.3604250474833,-976.990136403417,-1105.07053029234,13.14230406636541,-371.6835476892332,-815.1685128630953,-814.9531456595686,-363.27758595992333,-1053.589425101218,180.74686535391743,-0.0,-0.0,-0.0,-0.0,-0.0,-0.0,4.560101919418096,-307.45170109339097,-2424.157638336151,-4388.723530218754,-492.5593330542188,-1063.003826526191,-143.72700596451267,-541.4473825532141,-1391.2873858253283,-1142.5757037064775,-81.21887529066868,-454.7955611416596,-490.6156261457608,-0.0,-132.7605610043159,-1054.7938813826158,-654.1353831270728,-0.0,-1345.3859547038649,-0.0,653.1740245302183,-0.0,-0.0,-0.0,-27.19459074347605,-0.0,-0.0,-992.300120079244,-430.6492822113262,-1136.2963272736486,-0.0,-0.0,-0.0,-901.8723201119835,-569.6256815235661,-1385.9980456263813,-0.0,329.82792043687823,-0.0,-0.0,-2987.5506724658685,-1388.9672868443815,-12.8141704499473,-0.0,47.69084394081846,-18639.874000048156,-17927.502098647376,-2571.134182775047,-0.0,-0.0,-0.0,-0.0,-309.0563012798456,-0.0,-0.0,-700.2413563110302,-2489.2010171821694,-2164.0528025840504,-1507.163879400139,-412.1307269283644,-1823.8847634426222,-45.66327044072513,-1609.4247362535468,983.1077751429865,-0.0,-843.3820988922529,149.3976768762696,-0.0,-0.0,-0.0,-0.0,-112.7302298358084,-0.0,-0.0,-0.0,-786.0761346826262,-1596.2827573275558,-0.0,-0.0,-621.6893756084164,-2091.0397695866577,-0.0,-1423.3823495239035,-1741.3687474918054,-1818.61526972682,-0.0,-0.0,-241.06164773294404,-76.32404181077389,-1094.2092236386407,-1509.9968293379798,-507.1007489878911,-1419.6638008043813,-1232.5163171586466,-0.0,-0.0,-0.0,-0.0,-388.13066306801005,-91.85979399545583,-0.0,-0.0,-189.82989167770083,253.57000110675455,-0.0,-1183.9958080872273,-1115.312463979392,-1107.0777492985035,-0.0,-0.0,-831.0701599923561,-1308.3167579730653,-758.059995490473,-416.69087417296123,-0.0,-2329.3329742081487,-2354.6067540899276,-0.0,-0.0,-0.0,-0.0,-0.0,-1422.0914171201362,-0.0,-2113.0911309935955,-1148.0452949360808,-79.69348702243025,-0.0,-0.0,-0.0,-2648.581975211423,-1545.482076097335,-569.1618149261049,-533.3529609723267,-1075.1129661906702,-807.8191049664456,-0.0,-0.0,-531.2060721556596,-1309.5708370380044,4.3775640984671575,-576.4093693272259,-0.0,-1044.2293534113612,-818.112933623694,-1606.7448579222778,-0.0,-254.37775144261855,-244.80326492269296,-316.1380947554461,-1465.7750151252774,-102.86671404504675,-0.0,-0.0,-0.0,-0.0,139.0471139003197,-157.97176970964674,-791.111309826544,-1476.5193169382903,-1267.743017376419,-555.7113810022805,-576.7521136530473,-9029.57919801971,-973.458606386079,-565.2400810203688,-0.0,-0.0,-0.0,-341.57772210489134,-380.7837563612565,-1149.1240136107729,-336.2493336004493,-0.0,31.997538187390994,-0.0,-0.0,-0.0,-0.0,-0.0,-0.0,-0.0,-93.67723812824364,1694.0983462840343,-0.0,-1386.193091155963,-589.6401653864334,-427.0714898091322,-1866.4298565124896,-0.0,-0.0,-604.1491706059712,-728.9103043890817,-119.62724059644322,-136.12058605651757,-0.0,-637.6913512083675,-179.51600045129015,-1955.823131050545,-384.12786751483566,-502.1589214301893,-0.0,-0.0,-1328.4137537150607,-2346.779645883372,3.8111948029393226,-556.026566923166,-418.43377599207815,-1047.919340156862,-1343.0601663224852,-782.248243071825,-306.31669188452224,-172.54263110702257,-1462.522932161236,6748.795504426774,-0.0,-580.0734549023571,-622.472745416071,-1175.378716032698,-1159.5712477927082,-1117.6941606762123,-1855.8438163619542,-1779.1519400487527,-595.235130572401,-0.0,-0.0,-1752.4085161777853,-0.0,-0.0,-404.1459132561261,-1819.3513797125495,-1502.9343421948854,-263.87271641315596,-122.1519541953693,-1918.7075530849381,-0.0,-1389.7333275170745,-0.0,-0.0,-0.0,-0.0,-0.0,-0.0,-440.4363109705256,-1504.0171506429276,-1021.6148008906795,-79.32977064358631,-242.86763616268794,-520.586037010672,-188.65701308030586,-0.0,-0.0,-494.2087560832125,-619.0014345010205,-3706.314708802579,-0.0,-1256.0512426599173,302.3758290956412,108.37844126437902,-0.0,98.20067444693535,-160.82089077293642,-98.71445768572653,-510.92858467631635,-0.0,-1620.543981214377,-0.0,-0.0,-1428.3499398774359,-0.0,2263.5349984828426,2210.7283168728327,2191.470226073516,-0.0,-0.0,-1865.6652226086148,-0.0,-0.0,-303.09597981592395,-889.9902391500096,-821.4420314242384,-1079.9141602413026,-1051.8563428778575,-0.0,-0.0,-0.0,-15.779551892624173,-750.1881965237638,49.98052292965782,-73.29772672285694,-1149.903568122948,-954.184068578151,-394.25434790077526,-1427.8160222335857,-0.0,-1858.1291816937858,-1179.9441502850864,-1642.2311193785556,-509.83806978493163,-525.8446674651151,-0.0,-1406.6074477397449,-851.1551195952628,-909.236041206213,-2069.68752997801,-526.0743006584732,1202.4433744178432,-4.2901598747584435,-391.6743306759059,-1240.793131946967,-0.0,-1610.8993474521842,-3324.372664217556,-483.23857777023665,-536.249668038324,-0.0,-0.0,-0.0,406.2775016596662,-395.07753240301327,-497.3110859134507,-178.0476255873833,-533.7247353034554,-431.8941030491749,-0.0,-429.7236119478667,-1028.3882376471406,-764.6273078530236,-0.0,-2009.257184368679,-4113.0733034131545,-0.0,-0.0,640.3068267948147,671.2872983270045,-0.0,-0.0,-731.7508127910648,-826.5746882946099,-402.28173483016775,-676.4810446864125,-0.0,-0.0,-0.0,-0.0,-0.0,-2953.0037102110477,-409.5723883266437,-1739.4421440339922,-1060.2500253148974,-0.0,-306.27721411369384,-837.8380053877733,-0.0,-340.0268380760512,-815.3419841459236,-1095.5751827922459,-4713.295764372325,-42.20033904228466,-0.0,-0.0,229.80905209516996,869.3340946624562,-0.0,-0.0,-410.39185921169366,-0.0,-33.097910450734716,-0.0,-2612.2417949301966,-0.0,-430.60448040925576,-0.0,-0.0,1989.1267064766098,2262.7548346477456,1850.5350747586774,-0.0,-0.0,-451.3364160567118,658.7840315496579,-2389.243466847236,9.10972841734107,104.99369045674682,-2623.2246958777955,-55.70744717498127,-151.64285190236208,-660.8353201378433,949.8856820500071,3319.2744078439714,-2880.713803268741,-0.0,-0.0,-953.0501367258431,-1593.9433124192285,-1413.4105133914832,-262.4708816055496,-72.76014893656794,-0.0,-0.0,-0.0,-0.0,-2150.173107461451,260.18041075825226,-0.0,-12.15223492370745,-0.0,-1697.8434941937376,-1853.8864628560393,137.3904288404867,-0.0,-0.0,-302.6398644553033,-0.0,-1744.0523443902398,-78.5543943587712,-1094.5443000132464,-388.227642277014,-1256.2434444940668,-679.0540192982197,-1017.1748297942806,-652.4388325555883,-0.0,-0.0,-0.0,94.28473739649986,-0.0,-0.0,-290.62154303372705,-449.5596939540675,-696.917072695906,-0.0,-1414.5514037926596,-1090.4883608546781,-840.4498336278094,77.33316929869362,-404.09020092652736,140.88936960640154,-328.0578076740362,-0.0,-0.0,-8.595825160492982,-1858.8342971365287,-636.352581406553,-993.1811433676272,-147.5930312100797,-2030.1283051439573,-1856.6087446131808,-1087.3118274479834,-1122.7774739114643,-109.33047399413196,-600.5394976084573,-707.0399553786444,-1101.0594763465367,-2609.5291483341416,-0.0,-1767.4189080047554,-152.84512597565532,-0.0,-2259.2066843244547,-2966.6968932094105,-2254.319988506272,-265.1301438032129,-0.0,-1510.5658748492012,-200.79312847353046,-1237.219481887492,-705.3961388733663,331.0129420347022,-1844.64233561065,245.94346891774336,2165.6727561876655,-0.0,-222.1728830610721,-480.0577853430309,-888.8677000852214,-1248.5066504321323,-1737.9706815656423,-4404.066897488321,-0.0,-411.66111242480247,-1346.3845574191628,-703.1215831705811,-249.35001544756105,-28.309693632952023,-330.8294880634614,-0.0,-0.0,-0.0,-0.0,-254.17539613109187,-1248.1576448937008,-900.5537464554906,-53.728388672934926,-17.329008208709876,91.49459757979292,-0.0,-0.0,-1125.712052668455,-524.2532091371802,-0.0,-2281.5158227031393,-29.402729419981778,-1316.1940527239792,-0.0,-229.32550404116876,-188.92447834852382,-0.0,-0.0,-512.3110656777825,-0.0,-0.0,-5276.6592625090025,-202.11735513327085,-2184.161131340644,-9.079132164805891,-0.0,-136.1649948068495,-1285.9585001049409,-662.6935351434021,-312.4688966846511,-1450.0887900701364,-0.0,-376.866674649705,38.22865435479402,-580.268239156534,-0.0,-0.0,-40.682930876060304,-68.27782146974397,12.238986384972645,-405.30883597876846,-1417.0410792346665,-1638.4643632123452,-0.0,-0.0,-0.0,-7.9240736830275464,-314.25931794789966,-0.0,-1440.6723713038973,-2639.0250100987887,-0.0,-0.0,-23.88915425041309,-1559.928080936407,123.24626512514281,-0.0,-0.0,-0.0,-0.0,-559.1125415095348,-2307.7231814275965,-618.3718043943458,-1247.6655561124837,-0.0,-0.0,-676.6051196232424,-504.26464549784646,-392.0042830816173,38.78899238047017,-0.0,-0.0,-0.0,-827.9578441186411,-725.7305355828697,-507.22994446492083,-360.79956487170574,-0.0,-0.0,-0.0,-0.0,-2192.1071417522326,-81.83621349404731,-76.97472651060222,-0.0,-0.0,-689.1623948283819,-441.7398694018733,-0.0,-1957.3175738020548,-5187.358554112809,163.78252678150426,-1084.0057548974537,-0.0,-0.0,79.23718750659943,-652.3967792707617,-1750.2441347321349,-504.34874763764486,-2527.993015025623,-1148.721143119992,-829.77974867134,-1504.335808009439,-0.0,-0.0,-0.0,-39.23961888249762,-1133.2368581537544,-0.0,-0.0,-3410.1171208401774,-83.19698820798928,-1437.6925901141774,-762.8243269296133,-0.0,-0.0,-0.0,-0.0,-0.0,-0.0,-731.5290660050473,-0.0,-1643.9940770402654,-0.0,227.51097296514408,-1139.3490607812741,-0.0,-0.0,-0.0,-2630.4571760313056,-0.0,-0.0,-407.2590926662837,-0.0,-0.0,-993.1935796301832,-640.1050533655846,-0.0,-0.0,-206.4150154886945,-2028.7512636398528,-0.0,-1314.4928592938932,-476.14059389325433,1220.9206843611712,-234.46671894707518,-0.0,-505.42807818458505,-188.16194806124008,-0.0,-19.68609706722823,-0.0,-321.58009661557463,-0.0,-0.0,-0.0,-0.0,477.4497252204356,454.06625051939835,-874.3524592806319,-1823.3573633294575,-0.0,82.09528958982362,71.61665466270695,-79.69574539340076,-853.1032971366527,36.02811359905332,-497.80675152320185,-385.7196605741714,-244.78431171743827,-3513.7511705699135,-0.0,-243.39390730797538,-1570.4311514330464,-2351.2660291208654,-0.0,-1049.9809964068056,-1459.7571147756098,-2096.877111632636,-764.4927600609702,-0.0,-906.7940798876213,-748.884797514705,-810.2166581971765,-1507.8451691221683,-1005.2662302035303,-0.0,-131.01219852244668,-1273.1634916259807,-0.0,736.183172680776,-533.542906050387,1079.1926957844191,-0.0,-0.0,-17.094509119365064,-612.087910809295,-2470.0055463390504,-1032.4718265741374,-0.0,-852.7756386085853,-3083.6462141455427,-987.939959147241,-889.1724742374948,-1171.2547904951064,-490.539183294309,-36.19259796543221,-0.0,-0.0,-0.0,-1111.7572225244073,-4.37522958536021,-0.0,-0.0,-1957.6487069591742,-838.7452207433649,-539.7059741181993,-1680.988304875324,-162.83977686698157,-33.5285889821381,-2342.2944193932567,-797.7222254678136,-551.7894979458785,-1319.6699945666742,-0.0,-2603.5306261248443,-404.480687618546,-1147.2083552412869,-1523.3615885989236,-363.81443855792037,-532.7949058912245,-1500.9184428627004,-426.0224189490686,-0.0,-0.0,-0.0,-1370.582318257644,-0.0,-3924.40237006883,-1171.9494870925457,-1419.805160234562,-0.0,-0.0,-0.0,-0.0,-0.0,-130.6332781675683,-0.0,-266.3326820199774,-969.0664225604787,-365.97877154269105,-0.0,-0.0,7.568800821214323,-0.0,-0.0,28.60436660912733,-262.5201203667504,-0.0,-504.7056049069375,-0.0,-0.0,-81.18223069469836,-0.0,-2957.1640291704616,-2294.8388191263907,22.550053354048192,-6630.323393774788,-998.7603776894217,-650.0668033255887,-0.0,-816.3973802033757,-1319.5246723897578,-0.0,-0.0,-0.0,21.512966616218097,-0.0,-1135.7762093215636,-0.0,-1600.6859695535109,-0.0,-0.0,-2328.7904952516974,-1090.470561690136,-879.3693103800897,-0.0,-0.0,-0.0,-0.0,-284.6000177332905,-685.9138864155675,1388.9293446795577,889.7988387833761,-833.0473879356799,23.286843379696695,-0.0,-343.16225709466187,-264.8422730265684,-1968.4653663472916,-420.5358957109322,-124.66258683863875,-1087.3399477855014,-1341.4889486713898,-1022.1070279542629,-614.4861325084922,-0.0,-0.0,-0.0,-4.45293082457656,-0.0,-1541.4616425295565,-602.8423720007444,-0.0,-1989.5703135657266,-1252.0860871075324,-0.0,-0.0,-0.0,-0.0,-0.0,-985.3044209843172,-0.0,-314.5380129186443,-1508.4359499338884,-0.0,-1200.1646865018934,-0.0,-0.0,-0.0,-2420.429109689859,-1123.8051720780013,-977.0321519712754,-2503.136358298431,-0.0,-0.0,-0.0,-95.07200339785823,-487.4813483341097,-27.94651391634411,-613.2708913880592,-141.9614706919499,-0.0,-0.0,-337.6855686972589,-1430.4257884206643,-4012.4813048937463,-0.0,-497.4510493278067,-1350.8276904484258,-451.40199612995355,-474.03190561135193,-0.0,-0.0,-3.757718382658938,-2140.2306748563947,-2053.6940145029826,-39.10885716118551,-1616.2333714840786,-410.0864280890149,-838.0271961236731,9.1072208863727,-1070.3551138797413,-0.0,-2137.4934521175724,-0.0,-466.28959577897234,-0.0,89.45628497806317,-0.0,-0.0,-600.956872023109,-749.2560652358505,13.420719705737362,-0.0,583.6805961368773,-0.0,-0.0,-1480.8200021928828,-1310.5064583136405,-1132.7088806065005,-0.0,-389.0580121999406,-648.6282502811453,-1479.3541518188474,-0.0,-0.0,116.28738747259186,-670.5665829620896,-0.0,-0.0,-17.641686355347513,-0.0,-4.3058953608296475,-619.0515034230062,-0.0,-0.0,-1346.4977291310972,-1379.3027144350524,-83.11275736347272,-7.572753624515146,-127.51488308837375,-798.3145760107793,-1116.440652211138,-1702.8701066073277,-0.0,-937.6998000074852,-15.75118908673046,-42.65792820480665,-1344.720646002945,-0.0,-0.0,-0.0,-0.0,-647.0212130416378,-4.482419606798206,-8.979964768352717,-0.0,-0.0,-503.16684729597375,-0.0,-0.0,887.2440665391531,-1157.2593566803694,-41.67364465811626,-1954.3120422307047,-0.0,-0.0,-524.8681119608013,-0.0,-307.4764587696532,-1020.5258128536326,-856.0223546899698,-1028.7192636559164,-0.0,-0.0,332.2238804474752,-0.0,898.7213845500752,971.284635405245,-206.76915764121736,-841.3752961175156,-0.0,-0.0,-38.307402816748535,214.46529344124062,-972.2572869107157,-443.30065103884357,-1292.3100845173071,-2570.242335106182,-2161.815819604358,27.130566558685693,-0.0,-316.74157712541455,-5525.396338796988,-589.9230479264083,-496.75149209020867,-0.0,-0.0,-625.2024894976958,-0.0,-786.5133353060713,-1455.9093357016502,-753.7655315960109,-0.0,-0.0,-65.15244442848214,-0.0,-203.5154598081729,-1402.0376471356526,39.18647226725408,-618.6809076019337,-341.30852045047266,-237.8943065570089,-771.3001638234248,-2486.8542620353096,-19.334929481710883,-1178.663410483972,92.73999225737067,-1007.4420938090493,-310.39419697941184,-0.0,-0.0,-140.3977717603099,-0.0,-0.0,-1895.3158943602007,-594.8365284481994,-0.0,-786.5936348312871,-499.81072780549533,-0.0,-0.0,-1465.2120163508205,-965.2891936583568,-1483.1047998800857,-1392.2810829632588,-0.0,-147.71807975665536,-3175.982810767176,-884.0809577678792,-409.4671034926963,1875.0782266933704,-1492.3652430427535,-1192.635900800142,-12.130583490385787,-927.4615195613429,-16.98279393553759,-1642.918095812979,-0.0,-3462.712460003153,-601.2896016685822,-0.0,-1495.5814821955646,-1666.3562350897425,-0.0,-187.1768644513085,-884.9956477052575,-1080.654503313872,-1396.9263182366067,-726.4068267738489,-492.77070437229406,-610.761814790051,-0.0,-278.8610422436364,-0.0,-2424.3021406208045,31.243404187532114,-3291.9412783474263,-789.5939448752744,-0.0,-0.0,-1218.5835252926793,-877.0361793586499,-0.0,-460.95452636460135,-0.0,-0.0,-786.1957419400045,-0.0,-0.0,-0.0,-0.0,-0.0,-0.0,-0.0,-744.5666873906049,-488.6465573739669,-2913.3214263105547,-2529.990723310188,-0.0,-0.0,-1214.7477054416509,-1949.6250290877667,-470.8972002687254,-202.85936085912655,41.55587250403232,-0.0,-1556.0769637487576,-0.0,-2661.606478325339,-0.0,-0.0,-0.0,-0.0,-1601.324800954203,-210.50697528943104,-349.88997267080833,-1185.1188471672376,-1192.9494132046752,-680.9837845899185,18.234832422289625,-1160.4840598256503,-0.0,-0.0,-0.0,-0.0,-598.8488103098739,-482.8024119449695,-1348.3344389528024,-0.0,-1079.894854740956,-6351.5683307261315,-606.4648775435999,-714.7005917383023,-3126.0306627609784,-717.4333352014072,-0.0,-454.0117046953147,-427.051084264859,-1142.3455921118725,-597.5340137245307,-1518.0225964657152,-1421.2369213041375,-0.0,-0.0,-0.0,-0.0,-1550.860374485068,8202.597198724154,7090.006082062405,-0.0,-0.0,-0.0,-0.0,-2038.384957051301,-928.8443046616832,-90.55911376443804,-1391.174108057167,-822.3675997690042,-0.0,-0.0,-0.0,-0.0,-638.0498667519585,-0.0,-1829.4038026050955,-225.4840602192837,-0.0,-0.0,-0.0,-0.0,-207.4597225859657,-433.74376010882764,-462.3931635432267,-836.0918560594787,-911.6900462756372,-1201.5418693295646,-900.0812116297037,-346.2990473114046,-1150.3920066360354,-1494.4572943344847,-1176.2473423526644,-1749.4509885903587,-197.2044300201511,-1280.1526750206715,-1107.3879938018795,-908.1168559458223,-1633.8519557423683,-561.3684352826608,-2176.985633296881,-1604.6932014447773,-1438.2865822999065,-611.2624706197577,-646.454815582495,-1093.341752947432,-0.0,-1055.8396850653598,-0.0,-2927.707795323009,-674.5345834461857,-239.97344919079717,-1750.6897174497278,-1424.9660096350153,-1187.5898824794963,-0.0,-0.0,-0.0,-0.0,-793.0149404314013,-3707.7220767034455,-1372.593041455691,-0.0,-0.0,-1082.842393585126,-0.0,-0.0,-1013.4215304620982,-389.876268697961,-1058.7344459178755,-813.6862498507353,-932.2083856439058,-678.9325533290283,-1922.1028052190993,-0.0,1231.16243811516,-0.0,-0.0,-1017.8297489809501,-5627.6401891888745,-0.0,1685.0759406442971,318.38892192464056,-908.4726955355763,-0.0,-0.0,-1501.2353438298521,-1031.4958637123602,-2273.2039599002865,-2000.3187821610777,-383.4651788017637,-0.0,-465.7280818181852,-184.09109562355135,-0.0,-911.4679474912085,-0.0,-1635.356566881271,-2310.097144391177,58.8419621583982,-2238.576451724586,-1967.8615437332367,-0.0,-485.2248016962282,-1555.187035069511,-2168.559548770972,187.15474700916872,-414.3056216978608,-2492.33957818276,-906.7480826403014,-787.6130694339571,-886.7087582673354,-433.17528124761094,-1014.5066704096436,-1484.011243295602,-0.0,-939.6495100906526,114.55881083020246,-1358.0876368389145,-0.0,-477.21943351047173,168.63321025390306,-866.5988876472201,-771.207467230755,-0.0,-546.7495927360975,-352.2999789266299,-1794.5347845012159,-1087.956607407926,-1426.3851393830544,-857.2832664257484,-816.9963511176813,-1002.5395325607326,-1956.7702801043422,-69.13550358944637,-0.0,-533.6279154018968,-638.3680964751246,-1425.5654216274536,-2063.3990897473595,-322.1127930292382,-764.1344718984428,57.94242446983697,-889.363293722306,-528.6752083510574,-961.5667624854347,-0.0,-948.4153891051265,7.866900638630276,-2177.858871177203,-0.0,-282.2730132063275,-518.962507062246,-771.7650595842031,-2230.1668074660024,-154.86597948047734,-1420.2635257920947,-714.5659294787313,-2532.525109439608,-0.0,344.4176438827478,-0.0,-0.0,-219.33325179232827,-0.0,-0.0,-3568.854592580364,60.883328810024324,-44.358870781352486,128.48599732466982,-1069.7571079117845,-0.0,-0.0,-0.0,-0.0,-0.0,-27.59237170221504,-0.0,-777.7365168253768,-0.0,-359.66746486903435,-1751.5918730460635,534.9612301174933,-3213.5325232476052,-0.0,-0.0,-0.0,-0.0,-0.0,-0.0,-0.0,-0.0,-0.0,-2356.900034272174,-0.0,-2578.8840173497115,-3187.4358207704613,-0.0,-0.0,-0.0,-0.0,-0.0,-739.3994643311722,-963.5924780297712,-0.0,175.30386606752913,-633.4445882857143,-2205.1076572398206,-589.1675482014767,-0.0,-595.91437924917,-817.4777710012962,-0.0,-0.0,-580.8389716661604,-886.8083143437455,654.2051972229369,-455.2449024142547,4.306479167853076,4.324408401764819,-0.0,-0.0,-0.0,1423.8308041485086,1681.8243560822773,1402.1918324970918,-0.0,-0.0,-0.0,-666.0269173160392,-0.0,-0.0,-971.2595429186982,-88.03324945517008,-462.40442408765546,-58.14393439725963,-967.7756157213319,-891.9693754785457,-1250.1108352965089,-575.5524856701307,-147.67779909675278,-1073.8776981212,-0.0,-1990.1222013957201,-76.87995344444396,-579.4004825764035,-863.3117765842646,-75.61964514718397,-0.0,-1122.2529958601258,72.73987518600468,-0.0,-0.0,-0.0,-0.0,-0.0,-1423.511402382439,-2841.527317195121,-0.0,-780.3432723693176,-8.101342364838759,-0.0,-0.0,-0.0,-531.921778666923,7.6176182128894965,-0.0,-1117.415477355765,-771.3100844448975,-0.0,-0.0,-534.0471463297533,-0.0,-0.0,-1657.4250279563264,-1381.4792441334669,-0.0,-784.015874298026,-2156.6928761432296,-97.7519475274365,-0.0,-0.0,-186.04153952276255,-775.6649111797201,-289.2062711274243,-307.22037742816775,-215.47286528564678,-0.0,-0.0,-0.0,-1145.1652536470547,-871.0103475495445,-2044.4567131584968,-122.01572758699398,-1242.3218911823078,-41.95192846861528,-378.31874981483145,-499.075625052572,-1991.9064281533576,-0.0,-0.0,-825.857226486565,-1791.4517233790934,-0.0,-0.0,-0.0,-558.2700003145793,-2333.9532423987025,-3367.642766492041,-0.0,-251.50343193791994,-92.27930651607845,-650.8417001590824,-564.8642379109452,-1613.9821759075123,-0.0,-1404.6787638057524,37.5013213798066,-7.668362218179645,454.4213057384673,-0.0,86.89073505953968,-318.2167838565589,-407.0380052600661,-53.64185313318071,-0.0,-0.0,-407.241700659447,13.346245802321857,-0.0,-1543.2882246385489,-956.222623651403,-941.0139835627161,-735.5117146196181,-1125.5615984326712,-1504.0520952245233,-0.0,-0.0,-0.0,-0.0,-0.0,-365.3337791276215,-523.7426752179842,-1152.599020952893,-1392.3010295340923,790.7104884253375,-1455.320545220423,1424.7433690420703,-0.0,-2227.548494797697,-1485.94868003518,-687.1678441762176,-19.39241760715684,-187.92798728577554,-2032.6152805195632,-380.4734799085549,-0.0,134.483383928874,-767.0688428771825,-0.0,-0.0,-526.3105523278095,-362.98342682788916,-389.54635012852566,-1171.2592868384588,-1397.9581258548099,-0.0,-1614.0469167994547,-1301.4697694875158,-4960.738567949776,735.9750296186088,647.5178969660258,736.0699562790141,651.9465987792418,-0.0,-0.0,-0.0,-0.0,-0.0,-0.0,-0.0,-0.0,-492.6985285713303,-0.0,-46.24325763457985,-0.0,82.31305857694929,-1072.6555268390314,-1259.7655308988813,-1888.5995770944576,-0.0,-0.0,-0.0,71.66203138975868,-3119.8119787016803,-742.7814042958163,-2779.6207155656293,-1614.6801684110756,-0.0,-0.0,-319.38217700876436,-1316.68001400081,-0.0,-2057.592098531752,-557.9804314293151,-0.0,-0.0,-0.0,-2603.8179603023264,-0.0,-0.0,-0.0,-0.0,299.02526669110347,-0.0,-0.0,-0.0,-1023.1176514765984,-0.0,-0.0,-0.0,-0.0,-0.0,-0.0,-0.0,-316.4395811897384,-1054.9881160696925,-1470.9141325497446,-1383.8242357142187,-605.5680017168795,-986.4795178000549,-56.14303183194557,-0.0,-734.8116324611518,-47.892886795151654,-0.0,-0.0,-0.0,-0.0,-686.9715222124942,-0.0,-585.5090921720073,-1264.6278791962577,748.7392476467237,745.0341096931074,813.0658211058197,771.243196901845,746.1400735737043,-0.0,-0.0,-0.0,-0.0,-0.0,-0.0,-378.1615594977004,-0.0,1946.8218967846165,991.6543323334047,1091.039159809258,-0.0,-0.0,-1298.7959081989352,79.4857540695834,-50.30326699658619,-2407.7477883242213,-0.0,-1859.2795352356695,-0.0,-12.911796592621275,-0.0,-0.0,-637.3561920756812,-0.0,-717.7433941147696,-527.1504672613867,-363.8831866989017,-0.0,-27.899639470177455,-0.0,-874.8846970923327,-0.0,-2140.3585268540623,-491.39788368136124,1800.320424801571,-1910.717131178324,-862.1429768578012,-83.39218660730475,-815.9697593545911,-0.0,-501.5164684491267,-42.10737308037188,-2662.3084511501397,336.62408141189576,-226.06208151011543,570.924674311238,1150.8892709759236,-0.0,-308.64768254100755,31.099485320845677,-1024.2387228674147,-1164.3268596066662,-1440.3869244958269,-1954.157681259315,-0.0,831.7272432265208,-0.0,-382.48616378164206,-2543.631675210535,-1231.697737011517,-0.0,-1237.93059748737,-307.2944672667764,-653.340772426273,-673.977007683244,-264.58850040064976,-1582.9298659432109,-0.0,-1784.6382927262073,-402.2307215078811,-1556.940383296494,-348.41134669598506,-0.0,-0.0,-0.0,-0.0,-1382.3179848719938,1028.9840589364935,-965.8684642998712,-696.8220485440933,-0.0,-50.382805698144494,-0.0,-0.0,-887.1394636799253,-750.6997234008505,-662.2553529906329,-704.043423124805,-0.0,-0.0,-0.0,-0.0,196.85538348814413,-0.0,-600.9283192136473,-1926.7903102603432,-1017.1202448998127,12.957140043068192,-1432.2146540200472,-0.0,-0.0,-0.0,-627.6799694420414,-813.7382009548373,-0.0,-1546.918631478353,-0.0,-2940.4374428833275,-3646.850517016008,-0.0,-91.11723972206651,-0.0,-696.0144061975709,-0.0,-0.0,-0.0,-2316.929123664857,-1107.8186149390194,-517.5504774017368,-830.3165344817863,-0.0,-0.0,-2181.8468584070965,-0.0,-540.624250223474,1063.892037996554,-1011.0173909106779,-676.475089066701,-491.9359426448217,158.08891237248486,-0.0,-0.0,-1359.5608267442237,-0.0,-560.9308127090623,-90.79937993885662,-408.07287986833114,-310.1346765712879,-0.0,-0.0,-197.60081501493997,-677.9368181954898,-1000.4223053816929,-541.0617377473087,-1200.328224241352,-82.0206817024092,-0.0,-129.94700853868127,-1946.272601955489,-1124.7557572194175,-0.0,-0.0,-0.0,-563.6170214884116,-605.4142959805001,-1460.0024544456226,-0.0,-0.0,-0.0,-0.0,-0.0,-1486.2962238455127,-657.5664993272624,-0.0,-568.8635650757989,-0.0,-16887.219370159713,-753.5525905999098,-264.85160728571947,-443.5984398837432,-0.0,103.7212645637476,-1751.6348479009705,-2588.661399893164,-0.0,-0.0,-0.0,-731.9202409661282,-543.0381383611553,-973.2766353409361,-1014.086926029044,-522.5632917564911,-0.0,-0.0,-1656.4450937484492,-605.7461506324395,-2446.1915389295827,535.4071291589593,-2025.6161638041897,-0.0,-0.0,1643.853373906349,-1017.1918834586634,-0.0,-188.70961051998987,-337.7218476981659,-616.1080355521432,13.089989100239293,-834.0264650306731,-0.0,-0.0,-1256.3264504896067,-1351.2643352367725,-2533.9750863674894,-0.0,-0.0,-2244.449497779094,-725.5696537265583,-759.3002279346481,-2330.575024792416,-1504.8218364929241,-0.0,-0.0,-1075.869107681461,-0.0,-264.7228100345826,-1581.6691099736324,-1507.6150349705504,-0.0,215.60283180736528,-760.6745194384102,486.90917259897304,-184.42389311438137,-354.4502879794783,-0.0,-638.1546271066086,111.07632183346041,-194.04789161302992,-366.6270378948524,-2612.988740161396,-2135.793081612334,-88.41580277930974,-4875.364784410935,-522.914458372705,-1057.750609468354,-48.323548543613185,-3784.115797813715,-323.01555062279334,-770.023993614207,-293.5402093346438,-1774.8064154098815,-1268.3866519144638,-3171.5655176397213,-4342.422767927978,-41.21702045709966,-621.6825463026129,-1560.3389128924307,-1046.6569809834066,-0.0,-3935.029678222997,-0.0,-490.34926200214653,-1468.1037283955202,-1258.183957341593,-0.0,-0.0,-898.9228230798307,-273.28877500715237,-0.0,-1427.067206739331,-0.0,-751.8497626961637,550.7040136485662,-1447.3597127156509,-463.23933238042844,-7.746304035680766,-58.9593058598544,-0.0,-1840.6481885648748,-549.2295543713902,-0.0,124.97204460102746,-0.0,104.7221576869098,-131.88639561466988,-0.0,-445.18478234241354,-1258.3569516139873,-437.2554010172181,-800.8286896177187,-2200.4925593391185,-0.0,-3736.680565878804,-1887.4754261787584,-2479.9604560656476,-2275.510006350536,-70.95213445869605,-162.1071683045572,-596.112166643183,-1206.7331518821375,-0.0,-0.0,-1019.0287084395173,-156.86273250715922,-0.0,-67.20073292378636,120.79527646666742,-2264.6405010744547,-0.0,-0.0,-1142.5380886624052,-0.0,-164.2552670082162,-0.0,-58.02065842138035,-197.20844161254806,-0.0,-330.58969080136313,5408.552607541879,-0.0,-0.0,-1499.865523869753,-658.945381089965,-248.33409989382673,-0.0,-0.0,-0.0,-546.0475642343995,-1961.2828309446697,-0.0,-0.0,-0.0,-1864.669262810235,-185.80932273594692,-0.0,-0.0,-1655.4732243771293,-690.7996611469168,-346.7813075222516,-361.3526630995247,36.11514088198777,-574.3834234724895,-359.4428052073469,-266.216699855001,-2047.4625184685012,-0.0,-0.0,-962.1651860071152,-831.2347219121117,-2497.2712373110135,-0.0,-0.0,-2216.5779253816345,-523.7971849297924,-1397.026736329685,-487.8816466399005,-672.7067258013885,-2184.4355970693346,-687.000288362083,-81.40670394138209,-845.2595560502807,-2232.965152296132,-1753.8586100994937,-1172.3960905376273,-0.0,-499.36899924556684,-0.0,-1633.9046468173399,-382.69217326202846,-200.15578129279132,-573.9059506928111,-863.0480242854751,37.85172191584814,-0.0,-1026.9444325875943,-599.5698357003972,-82.73462117014621,1430.4501937254454,-64.82870682093768,-0.0,-581.4964988522725,-393.4774501822559,-0.0,-665.4504794798434,-1452.4161120031931,-0.0,-0.0,-0.0,-0.0,-338.5605909390264,-698.4739805073332,-350.1090593563618,-381.5290109886164,-331.96178423519746,-1794.0919508334314,-712.4027528020147,-1198.7478673385806,-2282.227871784465,-1647.1242994765823,-0.0,1005.632237317112,843.8647283664322,543.5243786566537,780.4490042296702,633.0110385495841,-0.0,-0.0,-0.0,-0.0,-0.0,-0.0,-0.0,-0.0,-69.34724607121807,-774.5624269282879,-493.44014109550125,-323.17916525821437,-995.5516479582667,-116.59137497901482,-337.31162628248677,-1082.9350350836155,-277.7685545070224,-1682.670057191076,-777.3089455185481,-106.79111045604465,-440.86010405906137,-8.469405240653293,-0.0,-830.1792962661638,-161.52496009236572,-123.23662601234,-815.9412322901838,-429.80209532807146,-1583.0641655689608,-256.154926539036,-0.0,-0.0,-2155.645353303178,-417.1586410127576,-269.9171962127894,-489.21322443991943,-851.0934032700892,-448.93693603964795,-348.7184793114379,-0.0,-464.3814421653704,-523.1018303716857,-607.8223104342308,398.4657422160579,-1314.711518905927,-1813.7297795828408,-482.74798422169766,-628.4343620152154,-277.2285878000292,-12.822679124703196,-0.0,510.6972252945302,-904.4463008529158,-48.08758575927713,-1682.9491007211172,-0.0,-0.0,-1244.2014879702617,-462.7704997392987,-0.0,-695.1707739201971,-681.681921062035,-819.1595793631759,-0.0,-784.6734945382227,-557.1037981510555,-2047.829862292002,-4091.171486320549,-392.0326218383495,-0.0,-44.18288095402961,-392.6694417609601,-1606.947745759047,-196.69567510267163,-591.3963920747194,-623.3503930000601,-715.6125376929159,-183.02702740554258,-0.0,-0.0,-1255.15452559137,-33.67909652594851,-411.5446886657022,-653.6648588649418,-1393.82779533567,-2276.564030402156,-0.0,-444.7613083595392,-0.0,-0.0,-0.0,-0.0,-0.0,-50.57699152955195,-155.44228099891876,-384.89667240854374,-0.0,-0.0,-0.0,-0.0,-0.0,-0.0,-935.7007875447378,-2027.0241906851466,-422.27905222206107,-465.61140699265724,-42.93908362733559,-0.0,-0.0,-451.48150238786326,-0.0,-0.0,-65.93734906445742,-2319.017156591655,-0.0,-0.0,-1291.5099900871471,-585.618957153207,-895.0988437527327,-920.8921817626233,-770.4158452658183,-0.0,-0.0,-1172.023445525082,-1960.3240014436733,-1029.3023952030185,-0.0,-1015.5243170132319,-143.4645505583605,-300.01085388508864,-671.0304923497673,-7.644876873298817,-611.563535161283,-1784.3822259643434,-0.0,-1506.6561846417178,-167.8506884734971,-575.9529818232108,-1302.9444001788406,-130.58650461410065,-1062.692687913848,-0.0,-1124.212562361195,-30.63301714174969,-1982.3062569441392,-1947.9224364594402,-0.0,-0.0,-0.0,-0.0,-693.0776755938623,-861.9149231660675,-0.0,17.758615091233118,-407.37711760284003,-925.9091804686536,-2052.4375854575496,-2369.067071645067,-344.41780029981743,-0.0,-923.4954045719501,-687.8729877581775,-1841.053520897306,158.09056514623902,-0.0,-2958.5301495968756,-802.3898985614752,-0.0,-182.30362808391916,-1513.1576372218171,-0.0,-0.0,-634.4361971104807,-1396.9436344872474,-0.0,-1018.1212119542741,-1390.41593699318,-0.0,-75.14136508684862,-515.8925345314514,-0.0,-1493.4865148370047,-2388.6824555997932,-984.234305517409,-149.92869887910453,-1859.6573096975308,-75.19935583607919,-983.7427378643713,-587.0435544016002,185.63018484129014,-1131.460557524341,-1245.3043673650448,-729.9273865821689,-1246.771688563916,-422.86630230989,-527.1233828211896,-629.9985122717978,-1987.6404214750205,-0.0,-0.0,-1694.200345411027,-299.6894660707239,-0.0,-1515.986559647528,-1114.5496949955266,-0.0,-2590.905910423737,-467.8484009311479,-0.0,-697.8937415471213,-0.0,-0.0,-1190.2855182128383,-997.5994973368533,-0.0,-0.0,-0.0,-812.843752386529,3.9210389798769714,16.892363894010405,-300.99354674920335,-0.0,-1826.4072267290792,-1465.6967160110744,-529.7578155924436,-2051.0350982822556,-0.0,-76.31582028421829,-759.5461389000938,-0.0,-370.2243850100451,117.28431422914645,-1209.6943447811768,-952.5034717251244,-716.0729770866529,-1116.7230852354326,-0.0,-0.0,-0.0,-865.7976397511143,-0.0,-252.15789618067762,-886.3836338784496,-241.8874806832154,-1287.059746438085,-2158.3197110858123,-550.2383194976985,-1985.3515454687492,-0.0,-794.7170287995932,-1678.06205003324,-520.711763177467,-1155.2680490631437,-267.7477723773202,-580.9576385604792,-1442.8170793009376,-0.0,-0.0,223.45948832629048,-2423.5425655940803,-892.2169377140101,-256.9401320298485,-0.0,-364.2357948858708,-269.89462559686274,-572.1419707749928,-0.0,-0.0,-695.2052864380984,-0.0,-56.95219686077526,134.07453133954292,-85.20409149805833,-2207.4994109838726,257.06402893444476,835.2156451465737,204.04389583007972,538.5503952040949,39.68646261922791,-0.0,-246.34573683377445,-786.9579938631655,-292.720336237208,-57.18446087281374,-0.0,-0.0,-0.0,12.271707781474312,-20.34008213665286,-913.9287698315394,483.2269310482504,2197.0798432486154,-0.0,-0.0,-0.0,103.54129010826908,180.13468572336845,-0.0,-2905.594034734821,-0.0,-0.0,-0.0,-0.0,-0.0,-2457.5468495076625,-243.69954648710868,-0.0,-118.8327415399759,-1647.8454798499838,-128.74351934821655,-1026.1087853947906,48.82238006128594,-1920.9881544156676,-3556.678205611905,-1806.1574388746994,-0.0,-0.0,-1387.5540871107705,-991.7573302883624,-744.8948536958771,-411.3088887671688,-317.7641284973033,-955.5012453008927,-906.2219396936905,-5366.367518804922,-628.7321959388975,138.0180176810761,-617.4501471833438,-849.8270571573328,-648.8568058698521,-603.823640209393,-7.742066231713834,-1837.780064345596,-827.052636223689,-560.7941961841653,-0.0,-0.0,-0.0,-0.0,-225.98857930762523,-1193.8168924702177,-0.0,-1261.3837595979703,-1525.2094747729095,-0.0,-0.0,-1347.480743496119,-0.0,-0.0,-191.61105771318654,170.1807703389146,-0.0,-0.0,-2417.4677485668913,-1140.116270003212,-113.4354572132265,-1194.8540222258155,-1246.3503918735287,-0.0,-292.87071515865154,-475.49495017279037,-0.0,-1454.1497166012675,-269.5599419921114,-1006.9014242229653,187.3441246151039,-833.3638220787141,-193.34038468506805,-336.6835184009596,-47.52002192098359,-44.429672817253525,-535.04547463933,-758.0463769798415,-466.9329800072736,-765.2024660205132,-0.0,-100.33161926150417,-639.279821398625,-271.08974830596355,13.58091311867711,-0.0,-966.1201410505533,34.834186328583904,-1100.3771324496972,-0.0,-0.0,-0.0,-1837.2589283769473,-0.0,-0.0,-134.0694430642625,-0.0,-0.0,-0.0,-0.0,-0.0,-0.0,-913.5788062324438,-1403.0362362762185,-0.0,-0.0,-0.0,-0.0,-817.9798529242152,-426.19636987676466,-0.0,-0.0,-1596.5781752223345,-0.0,-1314.723293745414,-2162.6167066680423,-0.0,-0.0,-0.0,-672.4232767592888,-0.0,-0.0,-0.0,-903.8804335439672,-790.0817462657633,-563.3303530385232,-0.0,-0.0,-177.90932609376475,-0.0,-3695.157853800944,-4780.8317998822,-0.0,143.95527376641513,-0.0,-594.8299365502722,-731.5611995217839,-1830.9694272976453,-0.0,-0.0,-71.72807791174039,-589.2506020340346,-1255.394618310474,-679.9152654195221,-395.4203222107631,-0.0,-0.0,-1231.1490794081483,-816.4887351584321,35.23645302365008,-0.0,-0.0,-643.4338659201194,-326.62702395614593,-47.13313711453018,-0.0,-0.0,-0.0,-1877.4122542975579,-445.271596251234,-1191.7857701039252,-4462.014762132776,-0.0,-813.2026314185445,-979.1108921927985,-2203.8192038313564,-410.52797812872063,-0.0,-0.0,258.6016395427816,-1142.541811467506,-1643.6869810268474,-418.45808461577656,-121.07895266075549,-0.0,-1874.4197981843747,-377.4536657749197,-1294.6808150116376,-762.3459331248212,-2581.724909598469,111.96516116750777,-914.8408751148934,-800.5216942739096,-1838.2414796700339,-0.0,-0.0,-870.7840374258359,-1774.8001779319786,-1684.4282787118218,-891.0502736332145,-0.0,487.35998086192353,-107.19039861075812,-429.686240790205,-0.0,-15.564976769152091,-0.0,-2564.196782077569,-34.64726432156838,-0.0,-0.0,-845.1824156980624,-1162.374191941195,-776.3487218285358,-242.0109237007873,-701.7379404458744,-0.0,200.41088425588427,-767.9365635042672,-61.65683597226145,-1494.1739835130827,-0.0,-1339.4664318704483,-161.2000081525609,-595.727879888864,-409.3256578551457,-602.6444568833588,-45.20727719106666,-4.53040962784237,-1161.3388006031107,-1171.852529111531,-1490.337016347322,-202.88286875818653,-1283.911801505762,-4.093061531676844,-0.0,-674.2081460754083,-2940.7972537843034,-0.0,-0.0,-27.343483488156238,-2030.8530909194071,-210.34651487874035,-606.600695006925,-342.0982687659565,215.79528058710164,-0.0,-0.0,-1401.4457339473217,-0.0,-0.0,-2052.472897670291,-1361.7501959706124,-873.1066874710201,-939.8520489043734,-464.3364090602779,-816.5011761725242,-908.061314952491,-1224.6117086797176,-2212.1320329966297,-0.0,-0.0,-0.0,-0.0,-41.4170967730644,-0.0,-1864.494249235631,-625.2633461023406,-723.8943895941385,-819.2865210380648,-456.1313023373175,-0.0,-1415.3216460654107,-575.8951275356886,-0.0,-2518.177830439421,-1595.7538615744174,-0.0,-0.0,-2796.122767749585,-1647.6281501832702,-438.11519816967126,-785.6712803110747,-0.0,-450.15399426812087,-11.677063584322557,-0.0,-707.5983536269534,-496.91255623718575,-590.5119169802545,-0.0,-0.0,-0.0,-0.0,-438.35722282212663,-1072.4994819703559,-5933.904658867407,-0.0,-0.0,-583.2327373464037,-609.0852696032954,-1737.319625502394,-593.9001227237927,-69.31231673944825,-410.60526056280474,-0.0,-696.8688405292811,-563.1202663097091,-0.0,-691.3832425674804,-1253.5139013561516,-0.0,-0.0,-0.0,-0.0,-0.0,-126.93532233575391,-1970.7476173944094,-0.0,-1109.2085328483818,-911.5321544541462,-0.0,-1950.491482884885,-755.1076038784057,-1099.4657854204415,-1414.4411879164636,-20.358053526261212,-117.3037608232109,-1282.9694681601843,-831.3999162059255,-381.5731212763945,-0.0,-1380.6930122877616,-1281.4668975969842,218.19450701643538,-0.0,-618.7149044108285,-928.9040494576407,-899.9696604090685,-48.063476424224305,-0.0,-554.4237512879838,-0.0,-0.0,-2758.53186112956,-2380.0351881472043,-1906.0944108507576,-1638.6926916166212,-0.0,-1057.0360720545182,-1994.4535763454448,-0.0,-5858.153864242272,-0.0,-0.0,-0.0,-0.0,-950.8004286917318,-2279.686575048865,-2545.673332735162,-19.189516919595075,-2005.4144674827999,-0.0,-929.1156011004732,-22.86344707480151,-0.0,-0.0,-594.4909551971524,358.27469193002787,-0.0,-449.69036531857193,-38.32767130577154,-0.0,-1374.189978398893,-0.0,-2225.539961447694,53.82115291333305,-0.0,-0.0,-979.1752795256939,-1514.0673495040173,-929.998362738855,-1288.5934445153407,-1157.6991040812723,1315.9854502527041,-50.411752827863126,-940.5359135327963,-80.40825244480499,-2114.5883053192465,-890.6387884233483,-830.74472710653,-492.1288050278647,-1520.581985555989,-1864.5267111127278,-431.3865571904931,-1977.4646635369943,-346.48020883163093,-0.0,-0.0,-7.564082859530766,-0.0,-0.0,-0.0,-0.0,-0.0,-0.0,-1563.3473439758222,-666.0265316896194,-1349.345198056486,-634.4750138295065,-0.0,-600.4786325636408,-1185.3075461747374,-1053.1225856595872,-2021.758404614735,-1263.8112240901457,-65.68015653373344,-31.74532609511956,-1164.133662016643,-1138.0410434887349,-0.0,-95.80998136213013,-0.0,-78.23006622146809,-804.4466060121965,-196.6917716344313,-529.3551338950062,-945.1485433561344,-0.0,-0.0,-0.0,-3281.7247982225604,-0.0,-94.45752719671678,-0.0,-230.61775906253948,-971.041483020109,-1148.268953431995,-738.8918673759325,-0.0,-39.76105023258571,-541.7086252376432,-463.90812557559974,-396.4461893269252,128.92764954061425,-1115.266948619646,-0.0,-0.0,-3020.8767483340634,-0.0,-1096.1201169450744,-656.4239284382894,-394.46931301772577,-258.77657745075203,-1253.373552899854,-2729.7673551692797,583.6338147446398,-2201.3815789291402,-1642.2592237942774,-526.3547124789665,-4.34615637110217,-0.0,1328.9695863039817,1239.7750223734067,1234.5131670726048,-0.0,-0.0,-0.0,-959.5381001221743,-0.0,-291.9816764362191,-178.12105241057378,-0.0,-3551.7414620225463,-0.0,-1468.472130596469,-136.63096437733492,-991.0435230363021,-674.0822337811287,-1610.738712382023,-1683.5476440506975,-0.0,393.5445679867659,-2375.9880518177083,-1890.2682836466722,-512.5827391055208,-1615.1859855713155,-1767.8369802504587,-0.0,-0.0,-402.1137893454104,-737.3288903494587,-2331.64075982028,-832.0459924443219,-141.250668995282,-0.0,-0.0,-629.7707925779355,-0.0,-0.0,-0.0,-154.96582961731968,-1231.7022107539583,1631.7105657522834,-1280.482498882438,576.7443667718583,-819.2612731682996,-966.775822303089,-8.293683429248155,-4399.606975303879,-1098.9995355242218,-0.0,-75.92201292005225,-2331.7250472470823,-1892.1732404137854,-0.0,4.333819218328966,-0.0,-644.7546402153334,-0.0,-2120.9513676230285,-1827.7066262244139,-0.0,-302.20028617234715,-0.0,-0.0,-0.0,-778.6073949053031,-1068.7834639826067,-402.23736621689585,-988.0143080837465,-1776.0117474563067,-891.2525203688386,-479.3875546294278,-530.5627042016083,-0.0,-1610.258773585779,-241.5955886285079,-745.0376369195401,-1087.9171522894133,-1553.167304886209,-1478.0790176741864,-415.5130678553018,-1805.7327591739772,-0.0,-0.0,-0.0,-2385.678235004996,-0.0,-579.2514674009609,-830.0916250659761,-0.0,-779.0712864266793,-630.0032830442341,-844.1318293956251,-699.3517396662484,-196.77317966140726,-1891.0838115136307,-4811.954654771018,-240.64044905632196,12.842621209596608,-0.0,-117.94459647734267,-7377.135765015363,-1804.880225195284,-654.8366918776619,-2354.697621780749,-264.0546871478436,-0.0,-8.32802412200106,-669.9151982979829,-93.56121782680505,-961.4867873089576,-1028.200054964808,-167.26011494041347,22.540217271772836,-887.175307251081,-2342.758930001328,-2052.853267174561,-1878.8928562308156,-0.0,-1525.7984383390256,-0.0,-116.11750200466571,-1106.705207609018,537.4635984403503,-0.0,-0.0,-330.8021706424782,-833.769636120449,-806.0036442988702,-1293.3996446111335,320.11642998653514,-1550.1625047066666,-74.60916113457709,-339.1209258483272,-1558.5774962009555,-1812.2054561074544,-382.58337822671155,-0.0,-0.0,-0.0,-0.0,-0.0,-1814.8045172543948,-0.0,-698.5770959889456,-901.1382129860394,-2638.4822277150934,-0.0,-0.0,-80.9651300110126,1141.0145629247297,-592.9505249270356,-1306.4880780642236,-0.0,-1419.3252391077465,-4538.5733637805515,-738.672344548593,-5630.14725662909,-1125.1334669816529,-0.0,-784.187671875871,-2667.2368879034407,-151.14434902013858,-0.0,1171.6042313849616,1344.345155605625,1285.3444722669788,-0.0,-0.0,-0.0,-0.0,-87.61188606386142,-2430.5644984977957,-4.504034793029767,-0.0,-1890.1987150487303,-1173.001950020876,-367.9085310556588,-4.504984820472133,-0.0,-124.16191828837118,-695.6524155994119,-0.0,-0.0,-38.20278312495253,199.80123889837049,-2057.2302873513236,-0.0,-997.050925784169,-75.80400856134344,-88.55250349372898,-0.0,276.61817242454384,-97.00394308869548,-492.0979184536545,-2011.1688364259355,-0.0,-84.97322540926305,-1301.161348002539,-1114.6430232694656,-0.0,395.0623070021049,-0.0,-996.6651938569121,-1079.2788750310935,-7.639982037283322,-0.0,-0.0,26.405233216945277,-262.31009237198225,-180.3146666411711,-80.74568717014603,65.3642014644426,65.38825557268318,-743.797873315332,-757.4320752662353,-1131.628053495442,-0.0,-1951.61749311602,-902.5078955269646,-0.0,-0.0,-1062.179374397119,-2171.5647358669235,-569.6581555030285,-0.0,-2813.312288912307,-117.7933021562759,-73.3200685240644,-1221.255312047394,-0.0,-357.00059533285724,-1306.6438199909253,-3.8263347913961496,-0.0,-4878.900875201983,-177.19470275713388,-1440.7598452632642,-1061.3042222212307,-1121.1982305534657,-2129.567497496774,-95.26820381452109,-826.1717350874029,-2036.5674132183049,-1236.9158091486343,-1093.2615087872787,-249.83718520616665,-1840.5967032324254,-0.0,-3044.1089551453215,-0.0,-5428.510223980271,-269.94354527861304,-271.29388108217637,-1381.19158068807,-0.0,-0.0,-0.0,880.961601861675,26.67063251539736,-959.7028852412211,-1430.2852764503216,-383.024333690705,-1027.587183901868,-0.0,-0.0,-1403.758874171767,-324.7611788076528,-445.21997618522244,-200.58685682368707,-0.0,-1534.0745590478703,-386.72707081009077,-1718.206303165965,-0.0,-36.193539389677746,-0.0,-1828.4522034635297,-824.7006050141646,-1844.923147589303,-0.0,-0.0,-1612.3968850990877,-529.5936665406019,-699.548714610674,-1467.3326964900264,-329.676095482948,-1226.82501627051,-0.0,5.430705781826113,-1045.7659755037118,-3868.8422478915613,316.7563444232007,-1365.4255124969932,-6480.599120847259,-637.6568742835145,-673.5166714737555,-212.33508478322898,-119.22628536086023,-935.4680902577809,352.12061304811607,-101.65844989864397,379.0460910369102,-1186.6548034735642,-509.4034030287098,-0.0,-1314.194067953227,-1767.892554290951,-575.8272078920205,-433.51590368747753,-0.0,-0.0,-34.86690644636002,-1089.1933563249252,78.23470138798021,-2080.8753003276165,-0.0,-0.0,-428.3899391285352,-636.7188144789493,-1092.028156079528,34.364428284725456,-2764.0575343443106,-1434.6635978374059,-1355.2615531035513,-153.3580776354811,-0.0,-411.81010829959655,-0.0,-626.09145836534,-13.41323891410721,-1556.1224469451056,-483.99073727767217,-1524.7544938735393,-367.2151667467804,-292.2008617744084,-0.0,-1236.1182246135277,-677.0850239746215,-1229.7622075882891,-0.0,-3229.231049728736,-1243.0986559965088,-1469.3181383468007,-962.1134440830499,-986.2238945895298,-61.328938693255154,-2245.2502576821016,-780.1720053575599,-1269.4093419034987,-1823.5690178123375,-196.95079778710738,324.17370837956474,-996.0549504208782,-0.0,-0.0,-17.183620746324138,-55.26486332592993,-15.473657826741475,-274.0580567654989,-0.0,-0.0,-0.0,-0.0,-0.0,-0.0,-0.0,-0.0,-0.0,-0.0,-1378.2625497624128,-2344.0389838505453,-1897.7944528591618,-0.0,-0.0,1290.1333626013286,-413.04925073463386,-0.0,-434.3764961367075,-385.5848850803339,-929.6019322837006,-837.9029863737062,-1071.2852081446003,-3.888488565678823,-707.1967821075267,-423.36722841904276,215.9740405068531,-0.0,974.5053559857035,-0.0,247.05074835965195,-0.0,-332.3917994187569,-0.0,-456.35642934682744,-1062.813292261109,-1812.3504607116827,197.59030828988872,-0.0,-0.0,-0.0,-0.0,-0.0,-462.18317411098684,8.758842387635253,21.558941421538485,-0.0,-0.0,-539.6407051571816,-0.0,-56.98833979870444,-682.4985921295516,-4011.549655809963,-0.0,-1287.5880376761406,-0.0,-622.2841761921168,-0.0,-0.0,38.9745690729712,-0.0,-266.2537384368721,-0.0,-0.0,-0.0,-948.1129734416468,-1613.8297907598756,-0.0,144.9820631809875,-2157.872660318181,-0.0,-91.82352148155671,-337.05615453535904,-0.0,-0.0,-1755.1388280719198,-0.0,-786.9441915412509,-1312.088411964221,-158.8879584406773,-2690.302078444981,-1730.2425441920284,272.9452011545882,-704.33779467669,-0.0,-1197.3725202003945,-0.0,-0.0,-0.0,-3764.4592283439956,-872.109801597727,-1398.6602446757204,-0.0,-392.8653655844824,-17.96375119064943,-1111.8053640719127,-2122.321358773813,127.31211729453831,-2532.815202767002,-0.0,-1695.3938875977776,-2428.0684385451195,-0.0,-0.0,-0.0,-0.0,-2138.5142143701128,-386.7634989103068,-1282.6723221274815,-0.0,593.9566939054814,1338.2945408729877,-0.0,-0.0,-851.32155143782,-850.7264003638694,-333.93831843470605,60.98461980746537,76.0170435016593,-0.0,-1417.3409669039556,-0.0,-269.84747883118087,-1150.7483070514822,1628.6168182935153,-0.0,-0.0,-0.0,828.960295207489,75.16965314899974,-865.6216614490661,-0.0,-1307.998633246133,-0.0,-957.4329073022558,-671.4118156780008,-0.0,-0.0,-0.0,-0.0,-0.0,-71.86617498304855,-0.0,-0.0,-0.0,-1134.9125550635774,-286.45840421335555,-0.0,-0.0,-0.0,-113.106384162178,-82.35154444776897,-568.310569969897,-646.0115336486335,-2827.9663025366726,-811.87322135519,-452.29880451382536,-0.0,-2475.6155631181487,-45.09067467410764,-0.0,-1034.4040111557192,-2432.3336823687505,-676.3993761496776,-512.9901846569165,-1098.2048288048802,-222.84550732582932,-654.7388910350187,-715.8947973915904,-822.778236134668,-197.1835870604288,-1805.605034488647,-778.2060622737923,-368.5750069413523,-0.0,-0.0,-812.9345597236833,-3806.39249045645,-0.0,-984.4623210175635,-416.85792789752065,-0.0,-356.8207689067543,-620.2561217892745,-760.2542870289811,-4.221163050305588,-0.0,-0.0,-0.0,-0.0,460.72909857853904,-0.0,-603.0852929949039,-0.0,-0.0,-646.9064962644702,-1172.3486334406252,-2603.8878709069772,-528.8356446998583,-589.9322181419712,-110.1530794913912,-2102.6537659701326,-0.0,-735.2829055981342,-378.86565698946106,-476.5324390330225,-1011.3782464353573,-993.2668096655038,-1443.2830372667117,23.437487537533933,-365.5178966823176,-0.0,-1067.8245449227127,-1134.832950702908,-62.649196125763275,7.37102526946394,-2388.8895736298005,-1212.3570914551856,-717.5476325634935,-0.0,-649.4311128601884,-603.7247690150047,-604.2852495015705,-2225.5738008219355,-8.135420214286853,-0.0,12.772471823403722,-0.0,-0.0,-233.72106589862426,-3335.001723240944,-210.98281378469642,-1502.168526418787,-3254.4593980774002,-0.0,-4748.509201475623,-286.96020382881306,-2357.5736082364647,294.16499570547427,-0.0,1521.4476504896447,-775.6510332963239,-0.0,-2197.6966424478233,-0.0,-19.94238862398672,-0.0,-0.0,-0.0,-0.0,38.75797487737196,-0.0,-0.0,-0.0,-522.4271626494124,-1445.85902805997,-715.4954056637349,-0.0,-3530.1244970395355,-0.0,-0.0,-0.0,-227.28889352152441,-301.7293329062103,-0.0,-1793.9082985359917,-0.0,-0.0,-3536.545472646097,-0.0,-0.0,6.096661039377463,-540.7505634766733,-21.544089400840978,-0.0,-0.0,-180.0440560100218,-0.0,-0.0,-1356.2302296236928,-1196.4637799206525,-1409.8424491748387,-0.0,-270.3020272674224,154.08788927487083,-407.01277608880434,-14504.479674749442,-0.0,-602.2595997599585,-1262.8072301852333,-1481.3146185129394,-0.0,-0.0,20.382069548164537,-347.14693190810925,-976.7269829282152,-0.0,-0.0,-0.0,-533.0770809205782,-2645.1701363608745,-1473.7257775768808,-0.0,-0.0,-0.0,-363.08295878428066,21.468499139650852,224.92027124891663,-1066.4668630987233,-0.0,-0.0,-919.2308197611385,-0.0,-0.0,-0.0,-2811.4394589067897,-1109.7547500388073,-0.0,-1081.3673993831883,-517.5650125460245,-346.2610981044636,-682.0403186553884,-988.2057581458174,83.47533290884986,-1065.8973232237931,-1034.530977257615,-65.8580052234143,-1239.7389983642754,-0.0,-0.0,-0.0,-0.0,-623.7770480161981,-0.0,-0.0,-522.908934054089,-1833.386586590488,-665.2361386381059,-0.0,1437.682891041759,1314.6674771327926,1191.0633889520639,-0.0,-0.0,-0.0,-804.9913523312558,-208.8269223633957,-763.1269763212288,-94.64726458715232,-595.3136796617122,-1621.385737337478,-1303.5932956590857,-2128.339280798548,-0.0,-0.0,-0.0,-0.0,-1000.0878489008501,-721.2753119189879,-1675.531034156954,-445.29421148297496,-1316.2172775278625,-1965.5543779511906,-1769.6146148747578,-0.0,400.4334558813674,-411.66023957422107,-425.8625428573511,-131.60488997211067,-4256.3344671481,-7.521442770056405,-0.0,-758.2255882665577,-1333.7954891596933,-0.0,-46.3865522756126,156.72207742765565,-165.11529341099148,-422.6788428196976,-2026.644417251149,-397.1033060915926,-1544.754073223735,-0.0,-1815.846380966505,-1564.7861920890898,-1227.2898077778061,-0.0,-1720.6286503257131,-621.2296652646111,-726.4563387193568,-899.8486159510949,147.10550631006882,-1660.3065089522172,-1329.9898977652872,-0.0,-124.50605594879005,-0.0,-0.0,-0.0,-1051.5541429071136,-680.2048687980068,-0.0,-0.0,-0.0,-3516.20563664009,-1950.96845676279,-0.0,-0.0,-0.0,-1464.2360265120903,-835.6653482707015,-0.0,-703.3204999631839,-1400.5167562166275,-610.6845100385852,3.790797437148072,-959.6398070226846,8.314532979820807,-1511.5739899541395,-1799.6357536137368,-0.0,-0.0,-40.770253267139786,-0.0,-0.0,-1365.884721825661,-108.69166931864173,-386.48976009809536,-0.0,-0.0,-0.0,-974.6009531035514,-300.6099237947879,84.18766418861678,-478.50226495675474,-227.5315150496319,-2074.1178683181834,-273.7017836619023,-564.8330630154328,-1163.0662667549202,-0.0,-375.2537875326141,-0.0,-1764.2856496819863,-1538.0862414728015,-1736.858709673848,-301.7833221589211,-277.6442730090262,-57.47816886855701,-835.8710000595355,213.30855395242318,-0.0,-349.13171899860487,-0.0,-0.0,-425.6173168126439,-96.4626058581918,-2418.0804686861793,-2508.3542008819727,-607.5584026822565,-0.0,-0.0,-1048.0871949547638,317.5444797541361,-0.0,-0.0,-0.0,-967.3816911193181,-77.33577921991423,-303.2529362254788,-4313.426005987723,-1428.0784910345321,-709.2061356145739,-408.69456789848067,-207.8192910594366,-857.7587420734991,-559.9265454574576,-489.0816160696862,-0.0,-899.2835751178333,-684.4750301077672,-1572.9085169208158,-0.0,26.280062797438806,-8.271798869227084,-0.0,-0.0,-1474.3090871596662,-0.0,-3745.003354022326,-1307.458664795494,2824.8308769500836,2718.811808637629,-0.0,-0.0,-729.3454203411897,-941.0931823152622,-1290.726587441454,-312.8065334312368,-3494.9109004707116,-536.1649062196768,-0.0,-0.0,-0.0,-1441.6471222655944,-790.209452109725,-181.6918504795183,-2569.5500065263313,-1139.901870908753,-20.08976821680622,-439.28112787962783,-1106.435696976642,-355.5369105944089,-509.5324706375331,-0.0,-4.384032892934308,113.83311033229529,-1053.5120227259106,-153.41356096529114,-0.0,63.76672395697993,121.05839756921668,-209.97482442322962,-1307.7167488585758,-2073.649772238502,-76.59857557225482,-1020.3453968018725,-1221.3297429533434,-0.0,-0.0,-738.3888222442882,-0.0,-0.0,-0.0,-0.0,-559.7858381367406,-38.66610944054442,-1208.8371905399772,-1187.7061167186052,-2256.0982910841094,-1036.2743737902508,-0.0,-587.9909757004507,-0.0,-1387.991153850723,-1409.623019714245,-1347.4045965549312,-990.0436446998896,-0.0,-1482.113129641779,-0.0,-0.0,-0.0,-3705.4117146876515,-1088.2206737998638,-247.14543750773598,-918.5636151718744,-708.3294386639103,-1000.4843889183304,-0.0,-0.0,-0.0,-0.0,-5572.396485539589,-740.5114691585628,-1763.6134447474215,-3774.7376572179596,-2063.9228375304474,-431.13022134555143,-0.0,-1867.8062308033093,-848.8566528647347,-0.0,-289.9842897533291,-374.7225558327246,-0.0,-926.5624201142786,-243.59234150174402,1473.4084193294038,-447.84605762191336,-0.0,-0.0,-977.1461185443777,-794.6822958923076,-2182.8705999359418,-402.67927061713,-0.0,-0.0,-664.6777935219196,-0.0,-0.0,-0.0,-0.0,-1309.0860109052057,-541.8474860079658,-1227.660262536233,-488.53731291356485,-27.889695265778965,-744.1853376546819,-0.0,-0.0,-0.0,-0.0,-2340.43068831941,-0.0,-0.0,-0.0,-0.0,-0.0,-0.0,-761.8817885236185,-0.0,-2584.2010483052577,-510.97926681592855,-221.64876785788974,-1143.169794489937,-0.0,-0.0,-1579.1614717404887,-1462.5027136301715,4.090505069729543,-401.1194235223854,-33.79898234459158,-1554.124699024235,-828.8987952784126,-0.0,-4004.142942649072,-1311.285557514152,-0.0,-0.0,-34.485823027161025,-293.80511661029817,-1208.846519233257,-0.0,-0.0,-56.301127007884745,-1570.7656869056655,-510.5335969128342,-339.4982978087869,-42.85319976356032,-1815.002395845341,-0.0,-0.0,-0.0,-0.0,-0.0,-629.1664768192278,-446.54507770266474,-599.4458985187686,-4280.150739094585,-1582.6602824699585,-1196.6724169594663,-19.050252689283013,-825.7121829045901,-1301.5603422074519,-20.219973055853007,-0.0,-0.0,-0.0,-641.0777999161563,-475.0725698635073,-1741.2670351618133,-649.9396993695806,-0.0,-1526.8043361180532,-0.0,-723.9181382614208,-0.0,-0.0,-2038.5180350595033,-642.804428338202,-597.5714620897166,-1539.4583544273778,-503.8239670787338,-13.311777854443973,-701.1101123846893,-1302.6417105734897,-0.0,-485.7873325516755,-1204.6405274994506,-4330.779338501961,-0.0,-62.66727183150992,-2324.004760135292,-1502.0445128257384,-1281.6113026300782,-536.782859288049,-1110.9013649168824,-0.0,-247.62009568422334,-0.0,-259.8410528265306,684.4587382533589,-0.0,-0.0,995.8248089818617,-0.0,-2309.0548948503742,-657.112566719532,-1097.239670328011,-1093.1355626326676,-1410.7439558867475,-400.048399260082,-65.6202280236093,-0.0,-0.0,-864.0009524889888,-756.0977896006409,-740.3429015787393,-0.0,29.26238889552485,29.61374848095131,-159.8796327385559,-3043.605416441972,-1869.2791693712795,-0.0,13.073094915546882,-1335.4906128917391,-4184.35845182218,-2649.0764108506623,-487.93919569191956,-888.4081571848543,-1186.2120041022417,-0.0,-221.882665937548,-0.0,-531.8309150835361,-278.27881779967424,-1617.1218358835151,-2268.2591342333194,-288.14737893454856,-521.7859084402296,-4716.693430093081,-1209.3661466408187,-426.46642485589825,-482.5591522744889,-1470.6531793028141,-466.5583025223878,-8.065712921333349,-1415.1799842168336,-1616.98188599155,-0.0,-0.0,-526.1188075725963,-1249.5143212622722,-354.73749655078376,13.29152400213925,-0.0,-0.0,-0.0,-0.0,-0.0,-40.562215984154506,-743.7458981760137,639.8208964421833,-411.8538907653069,-712.0698846590573,-508.5430854388901,-1097.8487981816481,-1581.6228621020393,-1028.7152855826066,-1787.1057717023925,-483.9820682389213,-644.1014757054925,-1487.450236377634,-626.8441393112556,-0.0,921.4031201727603,-479.54091783765125,-41.03719484315502,-0.0,-926.0299086555368,-546.5702383708702,-1597.4530785724687,-1846.7675224711418,-2520.553749318813,-0.0,129.8140249293005,-0.0,-0.0,-1052.3232917378627,-1503.8619667361647,-0.0,-949.6518833747323,-8.757036005359684,-0.0,-0.0,-0.0,-2586.0611443299763,-727.7379560108083,-243.13616071147297,-178.34996581584286,-0.0,-0.0,-1226.5859931844439,-1537.054384491394,-978.6082914485406,567.8203894679446,-9.173753973366352,-0.0,8.787084379288228,-0.0,-1587.824328071479,-594.9000045865987,-1194.0682312732429,-1878.3646133320012,-1686.7137273804285,63.784206912821546,-0.0,-0.0,-1792.6295352014702,-401.78202849953317,-0.0,-0.0,-138.45777515755,-0.0,-54.65269665511086,-0.0,-1169.6099336698646,-819.1599493754528,-0.0,8.793979900709463,707.4134359291246,-0.0,-71.01956483297535,-2292.728180547947,-0.0,-0.0,-654.0021782901391,11.59303569448341,-0.0,13.048449674090591,-420.772207795733,-1636.4152794456618,-0.0,-839.0296484770505,-0.0,-1116.2269069086508,1811.5625604974778,-135.06294835084225,-1719.1324056098572,-1561.9636846367152,1060.5366174538995,-53.554900668533115,-2434.6869110591833,-804.0804971235635,-935.755495872028,-0.0,-725.3676642504222,-86.52491889864328,889.0665581333919,-403.2314714624528,-1514.9059399061784,-0.0,-0.0,-0.0,-753.9301444164056,-671.9435302324606,-634.2575250470761,-1024.839662564255,-1127.785654155797,4.441984421487725,-966.4151631487097,-977.1400377808649,-1261.1969939431117,-0.0,-0.0,-504.540857309928,833.4809946245924,-6304.786571713723,-0.0,-1551.3993904642305,-1792.8333758106735,-883.5307531887294,-829.2761588082778,-261.01266437655306,-2721.989283688349,-295.66029480991455,-0.0,-1008.400268007816,-996.2295750861213,-630.4738142010325,-0.0,-1392.2249274335893,-2232.5999714831496,-29.586911348063897,-1038.285582558026,-2485.4336262041734,391.2731692756012,-0.0,-458.5990105153486,-132.2673267057655,-1448.8387294243473,-1009.2131383365027,104.71605923969172,-122.61157007261613,-726.6368552317144,-466.6199531105255,-566.2248057181315,-744.88004642926,-567.3418470714632,-0.0,-1360.8250799595644,-0.0,-1241.5019688838383,-719.5107985485464,-202.60721503307747,-0.0,-1854.12939833306,-4939.93584839788,-0.0,-471.18546886149284,-0.0,-2492.7851401828625,-318.94209929940075,-0.0,-338.3061908437028,-504.2958826319761,-0.0,-2168.4145088047408,-1468.0385093475202,-0.0,-3987.5376010063824,-129.71212057103713,-1289.5643918885587,-1407.9272633380265,-1765.816647187081,-126.72809909769231,-0.0,-917.3629682797442,-2169.1188612267756,-544.9347490126476,-919.3454193460145,-1048.1344741012692,-1764.034968902928,-2265.738308198694,-898.9423198803084,-1885.438636978527,30.020736264240984,-0.0,-299.025448681443,-1527.6955655671845,-1135.9470861026462,-0.0,-0.0,-0.0,-439.777249452344,-402.8327060701464,-13.65023312745834,-578.6412797373252,-0.0,-1284.187144648763,-772.0674730586576,-540.4094751676591,1.745529073870883,-0.0,-343.97444675324886,-1584.6462653066255,-1024.1952368064435,-332.2257339465768,-845.6398267301875,8.476569774773479,-0.0,-0.0,-3157.4512737525683,-946.3949490882084,-0.0,-0.0,-0.0,-79.75423472787753,-1072.0066831779936,3.7611263985826873,-1754.7283165948381,-1528.3553491750222,735.0602109214472,-0.0,-592.8736406176916,-0.0,824.2161455193377,-231.0351319455765,-0.0,-1667.9141683244125,-318.4656072457351,-1671.4743593162455,-0.0,-1571.6421192971302,-562.4972893197698,-229.24193619396928,8.533008508912008,-37.17691363638682,-0.0,-0.0,-707.7472265611079,-1259.6076064003607,-0.0,-583.8089196768175,-0.0,-342.71537641645443,-629.5883020633735,-0.0,252.36954346103454,700.529212020138,772.7228045977698,829.9179032065947,731.8424947506091,920.2492120521003,-0.0,-0.0,-0.0,-0.0,-0.0,18.884106767651666,-0.0,-0.0,-707.4323431931455,17.09622487899705,-382.36983177065736,-178.7098647621431,-0.0,-915.5860031196095,-1500.0254862211107,-1972.5470318642906,-260.6552862199831,-218.06230752547933,-0.0,-0.0,-566.6091990638492,-0.0,-0.0,-0.0,-0.0,-2706.1523172187863,-0.0,-40.14276575110323,1022.6045870987283,-0.0,-1051.013131929315,-567.9790157169334,1158.458805380062,-958.4133492741943,-0.0,-3112.3144794699087,-2032.913727266198,-242.40955121597537,-824.6151286660008,-1319.9798695964744,-574.7620070719313,987.5303606801232,-86.56215312376426,-543.7822130031656,-0.0,-0.0,-562.7254272296395,-0.0,-971.5868263641814,-0.0,-482.38215701397615,-117.08299649275276,-0.0,-0.0,-1249.221644516815,-0.0,-0.0,-562.636668326464,-1280.7788822857456,-1742.6817036372731,-0.0,-0.0,-0.0,-1955.4060607775284,-0.0,-1224.6172165598605,26.76985067765594,-0.0,-0.0,-1146.3599327641878,-929.3664074080561,-1303.3756414312213,-369.2024354980895,-0.0,-1233.4153756202484,-287.7747474317924,-0.0,-0.0,4.414736464480736,-43.21662793174177,-3989.97940994296,-0.0,-43.850900141310994,-44.808687360601986,407.821669809635,-87.61160298990902,-761.3465289250487,-805.6206381234393,-442.3077659139605,-0.0,-0.0,-1595.4738105764043,-0.0,-0.0,-0.0,-0.0,-0.0,-0.0,-0.0,-151.97810760536677,-0.0,-0.0,-1907.2997790937213,-8431.181217605337,-121.82308827329736,116.86661251640243,-483.61188455628553,-570.3733834796099,-448.07056271117,-3797.889310669449,-244.50409229508563,-416.3282480605475,-0.0,-0.0,-0.0,-1998.8863948058581,-0.0,-86.38233706075816,-0.0,-0.0,-0.0,-506.72593608833694,-13.446652499706875,-300.9981699223528,-1350.8765957321832,-636.1943881406138,-87.59146660656617,-1849.5630550148255,-0.0,-84.75934546890853,-1993.2168566061807,-0.0,-1338.7803069262272,-0.0,-1370.8009058062817,-0.0,-0.0,-939.3468129935811,-643.5473615755415,-33.92108895440963,-684.646797895416,-111.0697069013898,-748.6429603839631,-157.951963598141,-678.9802739750463,-680.4922191329172,-2172.0649037992416,-953.2513165642964,-0.0,-1695.2498306708108,-419.8511736742269,-776.5689067188096,-0.0,-0.0,-996.9065244970504,-2194.4536946610615,-142.4019132602363,-0.0,-0.0,-76.26595788713362,-3264.3906324677673,-849.7895706816547,-233.7226839949754,-344.1645763973786,-45.43779808939502,-4354.080693957259,-0.0,-0.0,-1977.477661625074,-843.3573878981219,-0.0,-0.0,-0.0,-79.81820448369601,-0.0,-1838.2945313462462,-1703.4059057514698,-0.0,-400.3565201173416,173.23756153709948,-0.0,-0.0,-0.0,-995.3746384752434,4.51601751915515,-2440.149410718322,-625.9783420341581,-1170.8337792269608,-692.4646909979749,-3320.228874861573,-1452.3044137469592,335.7648480553523,-0.0,-2043.6654925205305,-0.0,-0.0,-0.0,-1062.181900345026,-643.1117211708855,-1233.5817900908219,-0.0,-0.0,-901.5331810307435,-1288.9039166254784,-677.7132634328879,-500.502916685898,-0.0,-0.0,-1311.9766714223088,-0.0,-0.0,-0.0,-0.0,-0.0,-0.0,-503.9601108285965,-179.8542525146866,-1448.6672090648706,-0.0,-739.9335471314942,-4136.883831013531,-46.51718884801892,-0.0,-0.0,-0.0,-0.0,-0.0,-0.0,-0.0,-0.0,-0.0,-0.0,-1285.325512841185,-1903.3773870744799,-0.0,303.175949331829,-0.0,-607.4435526078212,-91.52903002174158,-0.0,-706.0365831518332,-342.46597867169993,-25.58267492871345,-3137.803178900678,-482.74176267744775,-2963.266552695547,-197.9331511942324,-1857.9945174858817,-1683.46060817992,-644.2047012685812,4.553182776590679,-0.0,-1238.0297714830708,-2099.880811918349,-2412.7691384053655,15.993114486219978,-500.6755285998964,-1716.379073791832,-0.0,-2038.629865581466,-379.19009937320044,-0.0,-2998.485625618825,-0.0,-957.6487345120647,-0.0,-2948.855770546572,-0.0,-0.0,-84.3743649821474,-964.6384585023898,-685.1603581819411,-0.0,-1209.3375611797392,77.0787607313637,312.502947809661,326.24653393006736,-263.95548905725394,-1827.426374723905,-733.797100465698,-0.0,-0.0,-5728.050149590317,-1300.5946356508632,-0.0,455.19637044541844,-0.0,-1653.5901796352027,-574.9328542249492,-709.9266262413954,-0.0,-0.0,59.35256375156223,-0.0,-1026.7497862388284,-1029.3349981692068,-1892.745669784108,-0.0,-586.8595941776706,-2970.9146834164567,-810.6983485694149,-0.0,-1293.8217878447388,-81.72999790198325,-1294.8214967546062,4.3037454191229685,-941.2507937918779,-0.0,-0.0,-0.0,-718.0781953119049,-0.0,319.5777348368178,-0.0,-373.9019320716352,-782.5921677105326,-535.0046958482972,-1114.9793448639234,-615.7545571652336,-1724.3665464785413,-901.0371178257565,-0.0,659.6125045019054,-2322.6196715272254,-1779.38910999916,-710.9403177474073,-0.0,-0.0,-0.0,-150.6145042352359,-1129.83426173669,-325.06263831045857,-738.5460822054122,-1998.7888978192746,-2795.769532027451,159.04200891153602,732.1546483385564,756.5719855405938,-0.0,-0.0,129.52648457806876,-96.72998820697431,12273.890877673039,2160.7851692541058,3951.4358547801908,5975.441044192401,-0.0,-0.0,-0.0,-0.0,-0.0,-1402.9529665685652,-1562.0009780108278,-829.0826232576902,-0.0,-2906.2784882943943,-575.9473850155891,-930.8577312100274,-0.0,-690.5973532596471,-1313.910846773995,-988.2709277434998,-1238.9365255136577,-0.0,-3188.5169701055397,-1998.9786101220989,-776.301734606302,-141.6641025476592,-2956.543999709044,-0.0,-279.1254060210196,-0.0,-92.97382881158653,-0.0,-133.47086771135096,-203.37715186229062,-1012.9288945616757,-850.7685101460635,-0.0,-0.0,-0.0,-2129.0511592536673,-0.0,-0.0,-276.1166192252658,-929.4812739043496,-967.6673224958565,-68.59263218031677,-1063.2601999065362,-1865.4906422929562,-339.8908516468447,-0.0,-0.0,-158.91400998062292,-1602.7004173496541,-452.4492007166824,-0.0,-6080.452182901545,285.6813758374821,-0.0,-0.0,-0.0,-216.10659406574072,-440.21270191645596,-0.0,-0.0,-1217.564766383411,-2042.0804212366907,-1141.9655196887634,-422.3311728154892,-396.09182381460676,-536.7384039648515,443.2097455992061,-1167.2204636336355,-0.0,-498.65021309435656,-2329.2188836573487,-487.6105831699091,7.977304527453193,-0.0,-461.99176617273184,-0.0,-0.0,-0.0,-1276.7009330973494,-454.60413733068805,-1428.1524807961505,-0.0,-0.0,-0.0,-193.0934355524218,-525.2323491820872,-1664.4633531526142,-2851.1916716306237,-212.95290592840857,-124.9004715870892,-0.0,102.62524230688189,-0.0,-1136.3285005666637,-173.09323196182552,-0.0,-0.0,1000.0388519997659,-0.0,-1718.6857738431227,-0.0,-0.0,-0.0,-198.0460587131145,-2022.7000917423202,-1601.3606872661944,-31.5313710651729,-2254.3095449294483,-1570.3870984412808,-28.38334668490713,-31.826726095060465,-68.26274017877307,-0.0,-0.0,-2028.268075805169,-0.0,-6022.6318579333565,-0.0,-1507.5142709781499,-283.4379091956316,179.33864348349854,-0.0,-11.61448689442594,-1646.8200511483765,-1589.3217887627368,-559.8817797155212,-37.19873963879199,-103.28263708999886,-0.0,-0.0,-0.0,-0.0,-1081.5214082713867,-1113.7279327697697,-0.0,-591.4504053547555,-1238.4376151586846,-239.87435707620187,-31.18701334283061,-0.0,-0.0,-0.0,1096.0771547759857,-78.51661308091768,-0.0,-501.2615214149109,-822.7536979383598,-1521.656960662199,-0.0,-0.0,-2514.052815645686,-0.0,-0.0,-0.0,-0.0,-695.9911631512109,1119.2554719250068,1057.3530264604608,1167.6693236826275,-0.0,-0.0,-0.0,-652.1997176137365,-0.0,-0.0,-376.2219322327049,-230.63380317076948,-0.0,-220.94954098579328,-1188.375346978638,-1316.7033607661126,-0.0,-0.0,-0.0,-20.958073515479906,-1427.190730088299,-18.98756198469853,334.21413535985096,-0.0,-1624.697629807043,-895.0391250669999,-576.6725220561779,22.43632681702885,19.57741636929141,-306.0457719081634,-16.14222243410273,-376.4678243095401,-393.15142510677225,-1075.5576854536578,-359.95996880599745,758.431389162065,-1411.0454591133441,-152.93097366368798,-156.26327370835094,-3623.46715803225,-2619.9300778742117,681.7428158113095,-1166.9308499658641,-136.99958807306024,-4.446738187278156,-710.2011010822864,-1122.0788725136126,1884.9921156629857,-660.1488451762265,-675.5202344147473,-738.3336076639928,-0.0,-5926.952007184276,-0.0,-550.717185993121,-973.0931802113154,-725.4309741947092,-840.741326910622,-1104.298024826448,-0.0,-1084.9275679090158,-206.7511877442972,-84.77046224582259,-7735.170298997925,392.21935221574506,-172.69763855556695,-0.0,-579.5288933879434,-1117.603138508854,-0.0,-0.0,-541.2239321579199,-1594.5077944450145,-41.627023900388906,-233.67124569544768,-288.0642234908728,-1199.340174690065,-0.0,-0.0,65.36573447244378,-0.0,-0.0,-1731.2054580303602,-0.0,-1982.213726566421,-1009.5916675547302,-1337.382598315178,-0.0,-0.0,-487.5313993027416,-956.9305650401514,-147.81713135914134,-0.0,-415.9629968192894,-160.55309690096,-449.64844354624887,-0.0,-192.3076819188205,-458.4139564445653,-2358.08187895135,-853.7084820408601,-1398.7896971676296,-0.0,-0.0,-1207.1300788056606,-28.72949409486797,-0.0,-0.0,-1336.9314134889335,-0.0,-0.0,-0.0,-0.0,-0.0,-0.0,-0.0,-0.0,-0.0,-0.0,-96.33822999635117,-0.0,-0.0,-0.0,-0.0,-0.0,-0.0,-0.0,-0.0,-0.0,-0.0,-0.0,-305.9741572338202,-0.0,-0.0,-0.0,-0.0,-0.0,-0.0,-0.0,-0.0,-0.0,-0.0,-0.0,-0.0,-0.0,-0.0,-0.0,-0.0,-0.0,-0.0,-0.0,-0.0,-0.0,-0.0,-0.0,-0.0,-0.0,-0.0,-0.0,-0.0,-252.9670595063909,-0.0,-0.0,-0.0,-0.0,-0.0,-0.0,-0.0,-0.0,-0.0,-0.0,-0.0,-0.0,-0.0,-0.0,-0.0,-0.0,-0.0,-0.0,-0.0,-0.0,-0.0,-0.0,-0.0,-0.0,-0.0,-0.0,-0.0,-0.0,-0.0,-0.0,-0.0,-0.0,-0.0,-0.0,-0.0,-0.0,-0.0,-0.0,-0.0,-0.0,-0.0,-0.0,-0.0,-1344.0374656994225,-609.0678040770273,-1635.5273116539618,-0.0,-0.0,-0.0,-0.0,-0.0,-0.0,-0.0,-0.0,-0.0,-0.0,-0.0,-0.0,-0.0,-0.0,-0.0,-0.0,-0.0,-0.0,-0.0,-0.0,-0.0,-0.0,532.5964903515231,-0.0,-0.0,-0.0,-0.0,-0.0,-0.0,-0.0,-0.0,-0.0,-0.0,668.4453768333608,-0.0,-0.0,-0.0,-0.0,-0.0,-0.0,-248.1081827137264,-0.0,-0.0,-0.0,-0.0,-0.0,-0.0,-0.0,-0.0,-0.0,-0.0,-0.0,-0.0,-0.0,-0.0,-0.0,-0.0,-0.0,-0.0,-0.0,-0.0,-0.0,-0.0,-0.0,-0.0,-0.0,-0.0,-0.0,-1066.867698467383,-0.0,-0.0,-0.0,-0.0,-0.0,-0.0,-0.0,-0.0,-169.31326204800735,-0.0,-0.0,-0.0,-0.0,-0.0,-0.0,-0.0,-0.0,-0.0,-0.0,-0.0,-0.0,-0.0,-0.0,-0.0,-0.0,-0.0,-0.0,-0.0,-0.0,-0.0,-0.0,-0.0,-0.0,-0.0,-0.0,-0.0,-0.0,-0.0,-0.0,-0.0,-0.0,-0.0,-0.0,-0.0,-0.0,-0.0,-0.0,-0.0,-742.1700463983755,-0.0,-0.0,-0.0,-0.0,-0.0,-0.0,-0.0,-0.0,-0.0,-0.0,-0.0,-0.0,-0.0,-0.0,-469.88927943535646,-0.0,-0.0,-247.3188962828236,-0.0,-0.0,-0.0,-0.0,-0.0,-0.0,192.28435975419464,-0.0,766.5907473905148,-0.0,-0.0,-0.0,-0.0,-0.0,-0.0,-0.0,-0.0,-0.0,-0.0,-0.0,-0.0,-0.0,-0.0,-0.0,-0.0,-0.0,-0.0,-0.0,-0.0,-0.0,-0.0,-0.0,-0.0,-0.0,-0.0,-0.0,-0.0,-0.0,-0.0,-0.0,-0.0,-141.93165622187252,-0.0,-0.0,-0.0,-0.0,-0.0,-0.0,-0.0,-0.0,-0.0,-0.0,-0.0,-0.0,-0.0,-0.0,-0.0,-0.0,-0.0,-0.0,-0.0,-0.0,-0.0,-0.0,-0.0,-0.0,-0.0,-929.4745426172464,-0.0,-0.0,-0.0,-0.0,-0.0,-0.0,-0.0,-0.0,-0.0,-0.0,-0.0,-0.0,-0.0,-0.0,-0.0,-0.0,-0.0,-0.0,-0.0,-0.0,-0.0,-0.0,-0.0,-0.0,-0.0,-0.0,-0.0,-0.0,-0.0,-0.0,-0.0,-0.0,-0.0,-0.0,-0.0,1243.779775119105,-0.0,-319.44693565949245,-0.0,-0.0,-0.0,-0.0,-0.0,-0.0,-0.0,-0.0,-0.0,-0.0,-0.0,-0.0,-0.0,-0.0,-0.0,-0.0,-0.0,-0.0,-0.0,-0.0,-0.0,-0.0,-0.0,-0.0,-0.0,-0.0,-0.0,-0.0,-0.0,-0.0,-21.661347023808347,-0.0,2505.5846542025865,-0.0,-0.0,-0.0,-0.0,-0.0,-0.0,-0.0,-0.0,-0.0,-0.0,-0.0,-0.0,-0.0,-0.0,-0.0,-0.0,-0.0,-0.0,-0.0,-0.0,-0.0,-0.0,-0.0,-0.0,-0.0,-0.0,-0.0,-0.0,-0.0,-0.0,-0.0,-0.0,-0.0,-0.0,-0.0,-0.0,-0.0,-0.0,-2320.317679645858,-1611.5066744435353,-0.0,-0.0,-0.0,-0.0,-0.0,-0.0,-0.0,-0.0,-0.0,-0.0,-0.0,-0.0,-0.0,-0.0,-0.0,-0.0,-0.0,-0.0,-0.0,-0.0,-0.0,-0.0,-0.0,-0.0,-0.0,-0.0,-0.0,-0.0,-0.0,-0.0,-0.0,-0.0,44.67664669250602,-0.0,-0.0,-0.0,-0.0,-0.0,-0.0,-0.0,-0.0,-0.0,-0.0,-0.0,-0.0,-0.0,-0.0,-0.0,-0.0,-0.0,-0.0,654.4477756313797,-0.0,-0.0,-0.0,-0.0,-0.0,-0.0,-0.0,-0.0,-775.1064966242583,-0.0,-0.0,-0.0,-0.0,-0.0,-0.0,-0.0,-797.3626356430259,-0.0,-0.0,-0.0,-0.0,-0.0,-0.0,-0.0,2607.198902039493,-0.0,-0.0,-0.0,-0.0,-0.0,-0.0,-0.0,-0.0,-0.0,-0.0,-0.0,-788.9818999319059,-0.0,-0.0,-0.0,-0.0,-0.0,-0.0,-0.0,-0.0,-0.0,-0.0,-0.0,-0.0,-0.0,-0.0,-0.0,-0.0,-0.0,-0.0,-0.0,-0.0,-0.0,-0.0,-0.0,-0.0,-0.0,-0.0,-0.0,-0.0,-0.0,-0.0,-0.0,80.82903569079457,-0.0,-0.0,-0.0,-0.0,-0.0,-0.0,-0.0,-0.0,671.8779058138521,-0.0,-0.0,-0.0,-0.0,-0.0,-0.0,-0.0,-377.61524415754593,-0.0,-0.0,-0.0,-0.0,-0.0,-0.0,-0.0,-0.0,-0.0,-89.86565825168974,-0.0,-0.0,-0.0,-0.0,-0.0,-0.0,-0.0,-0.0,-0.0,-0.0,-0.0,-0.0,-0.0,-0.0,-0.0,-0.0,-0.0,-0.0,-0.0,-0.0,-0.0,-0.0,-0.0,-0.0,-0.0,-0.0,-0.0,-1981.672734227578,-0.0,-0.0,-0.0,-0.0,-0.0,-67.93937397864615,-0.0,-0.0,-0.0,-0.0,-0.0,-0.0,-0.0,-0.0,-0.0,-0.0,-0.0,-0.0,-0.0,-0.0,-0.0,-0.0,-0.0,-0.0,-0.0,-0.0,-0.0,-0.0,-0.0,-0.0,-0.0,-0.0,-0.0,-0.0,-0.0,-0.0,-0.0,-0.0,-0.0,-0.0,-0.0,-0.0,-0.0,-0.0,-0.0,-0.0,-0.0,-0.0,-0.0,-0.0,-0.0,-0.0,-0.0,-0.0,-0.0,-0.0,-0.0,-0.0,-0.0,-0.0,-0.0,-0.0,-0.0,-0.0,-0.0,-0.0,-0.0,-0.0,-0.0,-0.0,-0.0,-0.0,-0.0,-0.0,-0.0,-0.0,-0.0,-0.0,-0.0,-0.0,-0.0,-1378.4224283218123,-0.0,-0.0,-0.0,-0.0,-0.0,-0.0,-0.0,-0.0,-0.0,-1728.140050513231,-0.0,-0.0,-0.0,-0.0,-0.0,-0.0,-0.0,-0.0,-0.0,-141.3446122516664,-0.0,-0.0,-0.0,-0.0,-0.0,-0.0,-0.0,-0.0,-0.0,-0.0,-0.0,-0.0,-0.0,-0.0,-0.0,-0.0,-88.73574099377359,-0.0,-0.0,-0.0,-0.0,-0.0,-0.0,-0.0,-0.0,377.32167610071303,-0.0,-0.0,-0.0,-0.0,-144.1021875346693,-0.0,-0.0,-0.0,-0.0,-0.0,-0.0,-0.0,-0.0,-0.0,-0.0,-0.0,-0.0,-0.0,-0.0,-0.0,-0.0,-0.0,-0.0,-0.0,-0.0,-0.0,-0.0,-0.0,-0.0,-0.0,-0.0,-0.0,-0.0,-0.0,-0.0,-0.0,-0.0,-0.0,-0.0,-0.0,-0.0,-0.0,-0.0,-0.0,-0.0,-0.0,-0.0,-0.0,-0.0,-0.0,-0.0,-0.0,-0.0,-0.0,-0.0,-0.0,-0.0,-0.0,-0.0,-0.0,-0.0,-0.0,-0.0,-0.0,-0.0,-0.0,-0.0,-0.0,-0.0,-0.0,-0.0,-0.0,-0.0,-0.0,-0.0,-0.0,-0.0,-0.0,-0.0,-0.0,-0.0,-0.0,-0.0,-0.0,-0.0,-0.0,-0.0,-0.0,-0.0,-0.0,-0.0,-0.0,-0.0,-0.0,-0.0,-0.0,-0.0,-0.0,-0.0,-0.0,-0.0,-0.0,-0.0,-0.0,-0.0,-0.0,-0.0,-0.0,-0.0,-0.0,-0.0,-0.0,-0.0,-0.0,-0.0,-0.0,-0.0,-0.0,-0.0,-0.0,-0.0,-0.0,-0.0,-0.0,-0.0,-0.0,-0.0,-0.0,-0.0,-0.0,-0.0,-0.0,-0.0,-0.0,-0.0,-0.0,-0.0,-0.0,-0.0,-0.0,-0.0,-0.0,-0.0,-0.0,-0.0,-4178.389583126591,-91.97636587729153,33724.84858967778,-3876.8982496987496,-3859.1587103853285,82055.4269927172,-0.0,-7548.734120115612,846.1872124271134,1944.9219654772419,-24782.797881792678,-0.0,-5213.848166655168,-0.0,-0.0,22938.342086108016,-12925.686934060583,2991.9470464630826,6692.391019587022,-4019.9274977101068,-24348.412077977973,-8976.119739038404,54.05961083202379,-95.71396258745345,-6204.732909884748,-0.0,-12114.367378242885,-18092.699177908755,14215.050603263053,-132.46860739401836,393.71997430668716,46879.97962812727,-2365.3497648418866,-101534.28250400085,-3222.837249986445,-23735.794560591734,-15943.391510723151,-5168.53823164987,-6394.2730402501375,-16019.624162853563,13325.279161931358,-2257.536360460273,-3594.2198973279333,-3426.059264359264,-11616.36781623748,6681.751633347029,33326.25067064463,-784.6037643274417,-185.09985790005146,20872.77640146568,3471.707365496243,-185.3694006216175,5288.146882689262,5848.039448054567,-5697.984775619776,-7474.112915601797,-3294.320935996057,405.03652308236656,-0.0,-0.0,-1274.9947382871078,-7896.67935554239,-3890.840074914999,-3359.594891200736,-472.39763816801593,-4984.422877243669,11471.911526233522,6365.698911384015,-8128.76095903462,17503.223210884255,-19450.940903778162,-31825.618760242913,71904.48968916251,-23016.558885784787,-8066.3767216647975,-1915.4672967188003,-3193.680447005358,-6316.5805238444145,-3934.7685220058593,-32554.807816755514,-0.0,-14128.233485818884,-0.0,3572.3585062591,-0.0,-0.0,-13448.517345215503,-1410.6420145498407,-0.0,-0.0,3602.0115935318154,-0.0,130.69171679986968,-0.0,-6148.59379794183,-4500.040440519634,-7742.026652673414,-8541.695411867431,9241.809035330183,-0.0,-29027.801785807893,46392.52191424384,-0.0,-0.0,-19823.878459415813,-8870.347700707161,130.8844143980897,560.087427375384,-0.0,58928.33790587774,-0.0,-0.0,-0.0,-0.0,54197.17461510578,-1489.1477001434732,-0.0,-12769.461602599804,-0.0,-5357.899538892627,-924.7958941634238,-2666.3033815613667,-15493.31793545285,9097.332123667997,-1007.1229646289039,-9204.739388186772,-0.0,-0.0,-6594.111655938851,-7072.270841072622,-12439.438801515833,60177.74988976386,-0.0,-214.3315996636695,13647.479300844292,4210.666996303573,-2781.5164489412305,685.8001465822995,1725.2868531619129,-3775.9695715349517,148.02162243303138,-18609.50040300056,827.7290058572728,13637.430679344037,-665.4633946433752,10264.946757687474,46659.1869020323,5543.656757070171,1063.7661327547828,9563.543133013934,-2028.1305790697222,-7747.0626573537875,-8885.325315443273,-15679.532888725313,-0.0,2863.3990851387607,14306.213048764788,12897.897124854437,-8148.096628556249,5970.468159077768,3657.098346318475,-9043.124421364111,22243.18969847207,-14547.444130520842,-0.0,5394.530745319444,-11835.58874019496,-15506.431990418256,-7473.214061288983,25920.439699562263,2137.337350534761,-0.0,-5282.40821852159,-0.0,-2445.9904219354257,56.830072612269156,-3518.4674336203266,-826.8061135207761,81.75000361063765,-193.75995868941177,-22056.88279347482,-14014.41153677309,23182.5928041077,-7807.760251644864,3451.1951310478153,8442.347435364298,-7585.55621879724,-4910.898701250685,-13745.958211024681,-0.0,-2004.1711499922244,-2058.5353599841837,-0.0,1155.9923183494316,-3147.166820857615,-0.0,-0.0,-16069.222380520418,-3217.7490330073947,3915.402883640865,-3828.3491958020277,-0.0,-0.0,-0.0,57181.169018834575,23680.603052694813,-0.0,-1405.8230882958455,12235.251811151355,-0.0,-4154.529884562533,-2857.623867124666,-0.0,-5153.0954673485585,-7689.1641367563425,117109.10808806709,-12391.598530756532,-8969.07716874332,-31039.7061838274,-0.0,2544.527482498559,2292.406524224805,-10131.568920154725,26499.402064846203,-8170.420329045408,-45577.76547288412,-15369.832865845287,-10281.100107039525,-0.0,1296.9779320055893,-4925.930917720978,21271.332123126205,-2194.8039992736512,85.03035855986018,-11973.687449041769,-9363.8927547624,30695.11326669349,-0.0,-1586.694655229924,122.3023134402152,-0.0,-0.0,-0.0,-0.0,-0.0,-0.0,-0.0,-0.0,-0.0,-0.0,-0.0,-0.0,-0.0,-0.0,-1292.8504427846967,-0.0,-0.0,4251.677177125368,-11793.525021595255,-875.7076598441386,-9374.843133761953,22992.99170336009,8941.984126451716,-3826.5193795548844,2333.4626420044465,39818.904723880754,-0.0,-0.0,-3861.3754044613393,2639.6404068251863,-6619.258130634325,-8258.477023076599,-0.0,-201.21385773991517,9396.40975203343,-4282.814920013259,-932.635874306176,3071.041832295173,-27930.45351419807,23248.325811952483,-4862.499381983118,-2140.0442759979005,14020.38265740091,-0.0,-0.0,-0.0,-0.0,-0.0,-0.0,756.983686661176,51711.07376751559,-9557.683698252446,-7483.74603900876,-12431.830496893172,-0.0,-10264.645176369604,-12584.42625523409,-0.0,-0.0,-0.0,573.2882117267172,551.0686646263024,808.6898167242615,2971.1645578170082,-0.0,2601.776277684647,959.4543880643962,876.35588348163,773.086069004817,807.1641948122503,3275.520642364294,1730.1272732294563,3264.423736498607,2587.9283917817143,2862.118150006133,3155.0510578535695,37498.59724805949,41079.80806050567,38846.25938216795,35195.78099792425,6705.281273240679,6646.218166248331,7666.670129492424,9499.291780672895,4674.2750879383775,2015.4333569646578,2122.8837159357245,2135.233389389821,2004.3771031214612,2115.7994162733503,4917.197349791587,3072.8308193535404,1303.485161736925,1253.232344296321,659.7871075700375,385.148368490924,466.99331599338393,33913.15523673952,36780.053784834614,39038.79847328434,35891.56264885125,55436.79865263056,58360.967288262334,1312.8091651716786,1302.3869580265452,1310.1499721262958,1110.5625125624467,1239.7686614544907,1293.2867589478776,632.5611595960338,48567.98807673832,51876.34066367686,52943.79803265919,2695.2645013445936,-0.0,6960.292598664593,39650.37090490915,35779.7576895857,36195.75880686639,59736.394326415306,65562.73055526604,67323.85877790055,56576.11748443888,2659.3366156938914,2347.6831651369216,4914.517037561767,-0.0,19630.401000599282,22860.193608924474,-0.0,479.84281938007933,999.3432982761567,1569.940653073347,1438.361508787309,1671.092848589001,1480.976704599439,1710.4837587723937,1388.1583948919163,40657.369539872394,39412.459632109596,38705.89102379822,36487.17766462029,1063.4054923056524,1215.8105218491646,-0.0,-0.0,17318.425695185815,39224.41816573362,37730.8379644047,35227.3457474799,33997.024813351854,-0.0,49146.36351705083,52813.34938952633,1077.1504768973089,2122.99894767509,2331.9943845870234,2487.291922229672,2237.3527888334056,2202.2044085047,53657.841221616545,50611.66230106442,-0.0,-0.0,16869.799510421482,882.8006875514678,1064.0557528024947,40018.20780046625,37853.65904155789,34095.962941218946,36125.53869248644,34427.543281865015,36595.83962135406,-0.0,15992.096613690255,10167.805684039933,-0.0,-0.0,1269.8861907072203,1395.039612409069,443.4981974258504,396.8896422311977,324.9336361036528,326.6789546889161,-0.0,1162.5270963509688,1108.3595346324712,1065.633945744013,1214.8382919099006,-0.0,1478.6446793180535,1541.9232819948904,1951.8263341323575,2086.7689683200374,2085.9476067557066,2043.2608197120258,760.0683418326784,926.4875440292557,847.7097254581224,1272.04737559722,896.9886793196727,805.4068076950707,859.9998525207593,868.0790855780642,8195.671016338898,9304.476012024375,41.96114742645214,73.03640446804968,3418.51726461115,16089.063497020852,1026.4158697103069,985.5498098840036,-0.0,-0.0,6426.052754953998,6512.701000815455,6388.436799840485,6321.057500281896,1346.1591900409258,1455.623490265658,38419.043750705045,39117.905718248236,8510.514832131461,7442.662598456148,-0.0,53230.18198150033,2170.468632050967,2040.2402658319386,1111.4439566839892,55306.8042091562,59080.11914955945,57167.148960366416,52719.468286645824,432.6011420219724,59473.66124451628,55971.889895608765,-0.0,-0.0,19384.077763555186,-0.0,700.2415642503928,713.8101389462305,634.365144265849,1693.0955146042238,9470.749154131732,22305.80415664035,1441.3459955985666,1556.638985813821,52.00514069291911,680.8044948472001,681.33192976872,15129.150544887876,1529.6703339957007,-0.0,-0.0,-0.0,1099.1859886158359,-0.0,1171.4273043586777,-0.0,4324.230275789836,1011.1138361967888,1139.484259236926,1078.842771375065,683.8166857377576,661.7054665575982,623.8362611147161,1518.9938291579772,1684.6174848460446,1827.945136074621,1099.6047663294482,123.5294901325783,5028.4133753125425,53101.408803005674,57620.27429687511,10391.21227269332,20926.484892074608,15758.27684621752,16467.21008312479,2024.7689516121666,1847.2433584795651,1455.9956901644439,1455.2417532264044,794.4053431221744,960.7254365722495,2376.080663899674,35852.16409760588,38538.99589308228,1364.555491923012,1395.9672971688226,1350.8820722525256,2318.063369116316,2473.8311812287316,2829.831113783393,39430.334654431004,35297.09032634356,35062.43143142441,38396.53492805634,-0.0,-0.0,-0.0,2368.7609594430687,2629.096415127378,2285.258810482695,7055.869492323032,6158.298775516439,6660.681370588177,1815.9457139269257,1913.9372436143444
