,Bus1,Bus2,Bus3,Bus4,Bus5,Bus6,Bus7,Bus8,Bus9,Bus10,Bus11,Bus12,Bus13,Bus14,Bus15,Bus16,Bus17,Bus18,Bus19,Bus20,Bus21,Bus22,Bus23,Bus24,Bus25,Bus26,Bus27,Bus28,Bus29,Bus30,Bus31,Bus32,Bus33,Bus34,Bus35,Bus36,Bus37,Bus38,Bus39,Bus40,Bus41,Bus42,Bus43,Bus44,Bus45,Bus46,Bus47,Bus48,Bus49,Bus50,Bus51,Bus52,Bus53,Bus54,Bus55,Bus56,Bus57,Bus58,Bus59,Bus60,Bus61,Bus62,Bus63,Bus64,Bus65,Bus66,Bus67,Bus68,Bus69,Bus70,Bus71,Bus72,Bus73,Bus74,Bus75,Bus76,Bus77,Bus78,Bus79,Bus80,Bus81,Bus82,Bus83,Bus84,Bus85,Bus86,Bus87,Bus88,Bus89,Bus90,Bus91,Bus92,Bus93,Bus94,Bus95,Bus96,Bus97,Bus98,Bus99,Bus100,Bus101,Bus102,Bus103,Bus104,Bus105,Bus106,Bus107,Bus108,Bus109,Bus110,Bus111,Bus112,Bus113,Bus114,Bus115,Bus116,Bus117,Bus118,Bus119,Bus120,Bus121,Bus122,Bus123,Bus124,Bus125,Bus126,Bus127,Bus128,Bus129,Bus130,Bus131,Bus132,Bus133,Bus134,Bus135,Bus136,Bus137,Bus138,Bus139,Bus140,Bus141,Bus142,Bus143,Bus144,Bus145,Bus146,Bus147,Bus148,Bus149,Bus150,Bus151,Bus152,Bus153,Bus154,Bus155,Bus156,Bus157,Bus158,Bus159,Bus160,Bus161,Bus162,Bus163,Bus164,Bus165,Bus166,Bus167,Bus168,Bus169,Bus170,Bus171,Bus172,Bus173,Bus174,Bus175,Bus176,Bus177,Bus178,Bus179,Bus180,Bus181,Bus182,Bus183,Bus184,Bus185,Bus186,Bus187,Bus188,Bus189,Bus190,Bus191,Bus192,Bus193,Bus194,Bus195,Bus196,Bus197,Bus198,Bus199,Bus200,Bus201,Bus202,Bus203,Bus204,Bus205,Bus206,Bus207,Bus208,Bus209,Bus210,Bus211,Bus212,Bus213,Bus214,Bus215,Bus216,Bus217,Bus218,Bus219,Bus220,Bus221,Bus222,Bus223,Bus224,Bus225,Bus226,Bus227,Bus228,Bus229,Bus230,Bus231,Bus232,Bus233,Bus234,Bus235,Bus236,Bus237,Bus238,Bus239,Bus240,Bus241,Bus242,Bus243,Bus244,Bus245,Bus246,Bus247,Bus248,Bus249,Bus250,Bus251,Bus252,Bus253,Bus254,Bus255,Bus256,Bus257,Bus258,Bus259,Bus260,Bus261,Bus262,Bus263,Bus264,Bus265,Bus266,Bus267,Bus268,Bus269,Bus270,Bus271,Bus272,Bus273,Bus274,Bus275,Bus276,Bus277,Bus278,Bus279,Bus280,Bus281,Bus282,Bus283,Bus284,Bus285,Bus286,Bus287,Bus288,Bus289,Bus290,Bus291,Bus292,Bus293,Bus294,Bus295,Bus296,Bus297,Bus298,Bus299,Bus300,Bus301,Bus302,Bus303,Bus304,Bus305,Bus306,Bus307,Bus308,Bus309,Bus310,Bus311,Bus312,Bus313,Bus314,Bus315,Bus316,Bus317,Bus318,Bus319,Bus320,Bus321,Bus322,Bus323,Bus324,Bus325,Bus326,Bus327,Bus328,Bus329,Bus330,Bus331,Bus332,Bus333,Bus334,Bus335,Bus336,Bus337,Bus338,Bus339,Bus340,Bus341,Bus342,Bus343,Bus344,Bus345,Bus346,Bus347,Bus348,Bus349,Bus350,Bus351,Bus352,Bus353,Bus354,Bus355,Bus356,Bus357,Bus358,Bus359,Bus360,Bus361,Bus362,Bus363,Bus364,Bus365,Bus366,Bus367,Bus368,Bus369,Bus370,Bus371,Bus372,Bus373,Bus374,Bus375,Bus376,Bus377,Bus378,Bus379,Bus380,Bus381,Bus382,Bus383,Bus384,Bus385,Bus386,Bus387,Bus388,Bus389,Bus390,Bus391,Bus392,Bus393,Bus394,Bus395,Bus396,Bus397,Bus398,Bus399,Bus400,Bus401,Bus402,Bus403,Bus404,Bus405,Bus406,Bus407,Bus408,Bus409,Bus410,Bus411,Bus412,Bus413,Bus414,Bus415,Bus416,Bus417,Bus418,Bus419,Bus420,Bus421,Bus422,Bus423,Bus424,Bus425,Bus426,Bus427,Bus428,Bus429,Bus430,Bus431,Bus432,Bus433,Bus434,Bus435,Bus436,Bus437,Bus438,Bus439,Bus440,Bus441,Bus442,Bus443,Bus444,Bus445,Bus446,Bus447,Bus448,Bus449,Bus450,Bus451,Bus452,Bus453,Bus454,Bus455,Bus456,Bus457,Bus458,Bus459,Bus460,Bus461,Bus462,Bus463,Bus464,Bus465,Bus466,Bus467,Bus468,Bus469,Bus470,Bus471,Bus472,Bus473,Bus474,Bus475,Bus476,Bus477,Bus478,Bus479,Bus480,Bus481,Bus482,Bus483,Bus484,Bus485,Bus486,Bus487,Bus488,Bus489,Bus490,Bus491,Bus492,Bus493,Bus494,Bus495,Bus496,Bus497,Bus498,Bus499,Bus500,Bus501,Bus502,Bus503,Bus504,Bus505,Bus506,Bus507,Bus508,Bus509,Bus510,Bus511,Bus512,Bus513,Bus514,Bus515,Bus516,Bus517,Bus518,Bus519,Bus520,Bus521,Bus522,Bus523,Bus524,Bus525,Bus526,Bus527,Bus528,Bus529,Bus530,Bus531,Bus532,Bus533,Bus534,Bus535,Bus536,Bus537,Bus538,Bus539,Bus540,Bus541,Bus542,Bus543,Bus544,Bus545,Bus546,Bus547,Bus548,Bus549,Bus550,Bus551,Bus552,Bus553,Bus554,Bus555,Bus556,Bus557,Bus558,Bus559,Bus560,Bus561,Bus562,Bus563,Bus564,Bus565,Bus566,Bus567,Bus568,Bus569,Bus570,Bus571,Bus572,Bus573,Bus574,Bus575,Bus576,Bus577,Bus578,Bus579,Bus580,Bus581,Bus582,Bus583,Bus584,Bus585,Bus586,Bus587,Bus588,Bus589,Bus590,Bus591,Bus592,Bus593,Bus594,Bus595,Bus596,Bus597,Bus598,Bus599,Bus600,Bus601,Bus602,Bus603,Bus604,Bus605,Bus606,Bus607,Bus608,Bus609,Bus610,Bus611,Bus612,Bus613,Bus614,Bus615,Bus616,Bus617,Bus618,Bus619,Bus620,Bus621,Bus622,Bus623,Bus624,Bus625,Bus626,Bus627,Bus628,Bus629,Bus630,Bus631,Bus632,Bus633,Bus634,Bus635,Bus636,Bus637,Bus638,Bus639,Bus640,Bus641,Bus642,Bus643,Bus644,Bus645,Bus646,Bus647,Bus648,Bus649,Bus650,Bus651,Bus652,Bus653,Bus654,Bus655,Bus656,Bus657,Bus658,Bus659,Bus660,Bus661,Bus662,Bus663,Bus664,Bus665,Bus666,Bus667,Bus668,Bus669,Bus670,Bus671,Bus672,Bus673,Bus674,Bus675,Bus676,Bus677,Bus678,Bus679,Bus680,Bus681,Bus682,Bus683,Bus684,Bus685,Bus686,Bus687,Bus688,Bus689,Bus690,Bus691,Bus692,Bus693,Bus694,Bus695,Bus696,Bus697,Bus698,Bus699,Bus700,Bus701,Bus702,Bus703,Bus704,Bus705,Bus706,Bus707,Bus708,Bus709,Bus710,Bus711,Bus712,Bus713,Bus714,Bus715,Bus716,Bus717,Bus718,Bus719,Bus720,Bus721,Bus722,Bus723,Bus724,Bus725,Bus726,Bus727,Bus728,Bus729,Bus730,Bus731,Bus732,Bus733,Bus734,Bus735,Bus736,Bus737,Bus738,Bus739,Bus740,Bus741,Bus742,Bus743,Bus744,Bus745,Bus746,Bus747,Bus748,Bus749,Bus750,Bus751,Bus752,Bus753,Bus754,Bus755,Bus756,Bus757,Bus758,Bus759,Bus760,Bus761,Bus762,Bus763,Bus764,Bus765,Bus766,Bus767,Bus768,Bus769,Bus770,Bus771,Bus772,Bus773,Bus774,Bus775,Bus776,Bus777,Bus778,Bus779,Bus780,Bus781,Bus782,Bus783,Bus784,Bus785,Bus786,Bus787,Bus788,Bus789,Bus790,Bus791,Bus792,Bus793,Bus794,Bus795,Bus796,Bus797,Bus798,Bus799,Bus800,Bus801,Bus802,Bus803,Bus804,Bus805,Bus806,Bus807,Bus808,Bus809,Bus810,Bus811,Bus812,Bus813,Bus814,Bus815,Bus816,Bus817,Bus818,Bus819,Bus820,Bus821,Bus822,Bus823,Bus824,Bus825,Bus826,Bus827,Bus828,Bus829,Bus830,Bus831,Bus832,Bus833,Bus834,Bus835,Bus836,Bus837,Bus838,Bus839,Bus840,Bus841,Bus842,Bus843,Bus844,Bus845,Bus846,Bus847,Bus848,Bus849,Bus850,Bus851,Bus852,Bus853,Bus854,Bus855,Bus856,Bus857,Bus858,Bus859,Bus860,Bus861,Bus862,Bus863,Bus864,Bus865,Bus866,Bus867,Bus868,Bus869,Bus870,Bus871,Bus872,Bus873,Bus874,Bus875,Bus876,Bus877,Bus878,Bus879,Bus880,Bus881,Bus882,Bus883,Bus884,Bus885,Bus886,Bus887,Bus888,Bus889,Bus890,Bus891,Bus892,Bus893,Bus894,Bus895,Bus896,Bus897,Bus898,Bus899,Bus900,Bus901,Bus902,Bus903,Bus904,Bus905,Bus906,Bus907,Bus908,Bus909,Bus910,Bus911,Bus912,Bus913,Bus914,Bus915,Bus916,Bus917,Bus918,Bus919,Bus920,Bus921,Bus922,Bus923,Bus924,Bus925,Bus926,Bus927,Bus928,Bus929,Bus930,Bus931,Bus932,Bus933,Bus934,Bus935,Bus936,Bus937,Bus938,Bus939,Bus940,Bus941,Bus942,Bus943,Bus944,Bus945,Bus946,Bus947,Bus948,Bus949,Bus950,Bus951,Bus952,Bus953,Bus954,Bus955,Bus956,Bus957,Bus958,Bus959,Bus960,Bus961,Bus962,Bus963,Bus964,Bus965,Bus966,Bus967,Bus968,Bus969,Bus970,Bus971,Bus972,Bus973,Bus974,Bus975,Bus976,Bus977,Bus978,Bus979,Bus980,Bus981,Bus982,Bus983,Bus984,Bus985,Bus986,Bus987,Bus988,Bus989,Bus990,Bus991,Bus992,Bus993,Bus994,Bus995,Bus996,Bus997,Bus998,Bus999,Bus1000,Bus1001,Bus1002,Bus1003,Bus1004,Bus1005,Bus1006,Bus1007,Bus1008,Bus1009,Bus1010,Bus1011,Bus1012,Bus1013,Bus1014,Bus1015,Bus1016,Bus1017,Bus1018,Bus1019,Bus1020,Bus1021,Bus1022,Bus1023,Bus1024,Bus1025,Bus1026,Bus1027,Bus1028,Bus1029,Bus1030,Bus1031,Bus1032,Bus1033,Bus1034,Bus1035,Bus1036,Bus1037,Bus1038,Bus1039,Bus1040,Bus1041,Bus1042,Bus1043,Bus1044,Bus1045,Bus1046,Bus1047,Bus1048,Bus1049,Bus1050,Bus1051,Bus1052,Bus1053,Bus1054,Bus1055,Bus1056,Bus1057,Bus1058,Bus1059,Bus1060,Bus1061,Bus1062,Bus1063,Bus1064,Bus1065,Bus1066,Bus1067,Bus1068,Bus1069,Bus1070,Bus1071,Bus1072,Bus1073,Bus1074,Bus1075,Bus1076,Bus1077,Bus1078,Bus1079,Bus1080,Bus1081,Bus1082,Bus1083,Bus1084,Bus1085,Bus1086,Bus1087,Bus1088,Bus1089,Bus1090,Bus1091,Bus1092,Bus1093,Bus1094,Bus1095,Bus1096,Bus1097,Bus1098,Bus1099,Bus1100,Bus1101,Bus1102,Bus1103,Bus1104,Bus1105,Bus1106,Bus1107,Bus1108,Bus1109,Bus1110,Bus1111,Bus1112,Bus1113,Bus1114,Bus1115,Bus1116,Bus1117,Bus1118,Bus1119,Bus1120,Bus1121,Bus1122,Bus1123,Bus1124,Bus1125,Bus1126,Bus1127,Bus1128,Bus1129,Bus1130,Bus1131,Bus1132,Bus1133,Bus1134,Bus1135,Bus1136,Bus1137,Bus1138,Bus1139,Bus1140,Bus1141,Bus1142,Bus1143,Bus1144,Bus1145,Bus1146,Bus1147,Bus1148,Bus1149,Bus1150,Bus1151,Bus1152,Bus1153,Bus1154,Bus1155,Bus1156,Bus1157,Bus1158,Bus1159,Bus1160,Bus1161,Bus1162,Bus1163,Bus1164,Bus1165,Bus1166,Bus1167,Bus1168,Bus1169,Bus1170,Bus1171,Bus1172,Bus1173,Bus1174,Bus1175,Bus1176,Bus1177,Bus1178,Bus1179,Bus1180,Bus1181,Bus1182,Bus1183,Bus1184,Bus1185,Bus1186,Bus1187,Bus1188,Bus1189,Bus1190,Bus1191,Bus1192,Bus1193,Bus1194,Bus1195,Bus1196,Bus1197,Bus1198,Bus1199,Bus1200,Bus1201,Bus1202,Bus1203,Bus1204,Bus1205,Bus1206,Bus1207,Bus1208,Bus1209,Bus1210,Bus1211,Bus1212,Bus1213,Bus1214,Bus1215,Bus1216,Bus1217,Bus1218,Bus1219,Bus1220,Bus1221,Bus1222,Bus1223,Bus1224,Bus1225,Bus1226,Bus1227,Bus1228,Bus1229,Bus1230,Bus1231,Bus1232,Bus1233,Bus1234,Bus1235,Bus1236,Bus1237,Bus1238,Bus1239,Bus1240,Bus1241,Bus1242,Bus1243,Bus1244,Bus1245,Bus1246,Bus1247,Bus1248,Bus1249,Bus1250,Bus1251,Bus1252,Bus1253,Bus1254,Bus1255,Bus1256,Bus1257,Bus1258,Bus1259,Bus1260,Bus1261,Bus1262,Bus1263,Bus1264,Bus1265,Bus1266,Bus1267,Bus1268,Bus1269,Bus1270,Bus1271,Bus1272,Bus1273,Bus1274,Bus1275,Bus1276,Bus1277,Bus1278,Bus1279,Bus1280,Bus1281,Bus1282,Bus1283,Bus1284,Bus1285,Bus1286,Bus1287,Bus1288,Bus1289,Bus1290,Bus1291,Bus1292,Bus1293,Bus1294,Bus1295,Bus1296,Bus1297,Bus1298,Bus1299,Bus1300,Bus1301,Bus1302,Bus1303,Bus1304,Bus1305,Bus1306,Bus1307,Bus1308,Bus1309,Bus1310,Bus1311,Bus1312,Bus1313,Bus1314,Bus1315,Bus1316,Bus1317,Bus1318,Bus1319,Bus1320,Bus1321,Bus1322,Bus1323,Bus1324,Bus1325,Bus1326,Bus1327,Bus1328,Bus1329,Bus1330,Bus1331,Bus1332,Bus1333,Bus1334,Bus1335,Bus1336,Bus1337,Bus1338,Bus1339,Bus1340,Bus1341,Bus1342,Bus1343,Bus1344,Bus1345,Bus1346,Bus1347,Bus1348,Bus1349,Bus1350,Bus1351,Bus1352,Bus1353,Bus1354,Bus1355,Bus1356,Bus1357,Bus1358,Bus1359,Bus1360,Bus1361,Bus1362,Bus1363,Bus1364,Bus1365,Bus1366,Bus1367,Bus1368,Bus1369,Bus1370,Bus1371,Bus1372,Bus1373,Bus1374,Bus1375,Bus1376,Bus1377,Bus1378,Bus1379,Bus1380,Bus1381,Bus1382,Bus1383,Bus1384,Bus1385,Bus1386,Bus1387,Bus1388,Bus1389,Bus1390,Bus1391,Bus1392,Bus1393,Bus1394,Bus1395,Bus1396,Bus1397,Bus1398,Bus1399,Bus1400,Bus1401,Bus1402,Bus1403,Bus1404,Bus1405,Bus1406,Bus1407,Bus1408,Bus1409,Bus1410,Bus1411,Bus1412,Bus1413,Bus1414,Bus1415,Bus1416,Bus1417,Bus1418,Bus1419,Bus1420,Bus1421,Bus1422,Bus1423,Bus1424,Bus1425,Bus1426,Bus1427,Bus1428,Bus1429,Bus1430,Bus1431,Bus1432,Bus1433,Bus1434,Bus1435,Bus1436,Bus1437,Bus1438,Bus1439,Bus1440,Bus1441,Bus1442,Bus1443,Bus1444,Bus1445,Bus1446,Bus1447,Bus1448,Bus1449,Bus1450,Bus1451,Bus1452,Bus1453,Bus1454,Bus1455,Bus1456,Bus1457,Bus1458,Bus1459,Bus1460,Bus1461,Bus1462,Bus1463,Bus1464,Bus1465,Bus1466,Bus1467,Bus1468,Bus1469,Bus1470,Bus1471,Bus1472,Bus1473,Bus1474,Bus1475,Bus1476,Bus1477,Bus1478,Bus1479,Bus1480,Bus1481,Bus1482,Bus1483,Bus1484,Bus1485,Bus1486,Bus1487,Bus1488,Bus1489,Bus1490,Bus1491,Bus1492,Bus1493,Bus1494,Bus1495,Bus1496,Bus1497,Bus1498,Bus1499,Bus1500,Bus1501,Bus1502,Bus1503,Bus1504,Bus1505,Bus1506,Bus1507,Bus1508,Bus1509,Bus1510,Bus1511,Bus1512,Bus1513,Bus1514,Bus1515,Bus1516,Bus1517,Bus1518,Bus1519,Bus1520,Bus1521,Bus1522,Bus1523,Bus1524,Bus1525,Bus1526,Bus1527,Bus1528,Bus1529,Bus1530,Bus1531,Bus1532,Bus1533,Bus1534,Bus1535,Bus1536,Bus1537,Bus1538,Bus1539,Bus1540,Bus1541,Bus1542,Bus1543,Bus1544,Bus1545,Bus1546,Bus1547,Bus1548,Bus1549,Bus1550,Bus1551,Bus1552,Bus1553,Bus1554,Bus1555,Bus1556,Bus1557,Bus1558,Bus1559,Bus1560,Bus1561,Bus1562,Bus1563,Bus1564,Bus1565,Bus1566,Bus1567,Bus1568,Bus1569,Bus1570,Bus1571,Bus1572,Bus1573,Bus1574,Bus1575,Bus1576,Bus1577,Bus1578,Bus1579,Bus1580,Bus1581,Bus1582,Bus1583,Bus1584,Bus1585,Bus1586,Bus1587,Bus1588,Bus1589,Bus1590,Bus1591,Bus1592,Bus1593,Bus1594,Bus1595,Bus1596,Bus1597,Bus1598,Bus1599,Bus1600,Bus1601,Bus1602,Bus1603,Bus1604,Bus1605,Bus1606,Bus1607,Bus1608,Bus1609,Bus1610,Bus1611,Bus1612,Bus1613,Bus1614,Bus1615,Bus1616,Bus1617,Bus1618,Bus1619,Bus1620,Bus1621,Bus1622,Bus1623,Bus1624,Bus1625,Bus1626,Bus1627,Bus1628,Bus1629,Bus1630,Bus1631,Bus1632,Bus1633,Bus1634,Bus1635,Bus1636,Bus1637,Bus1638,Bus1639,Bus1640,Bus1641,Bus1642,Bus1643,Bus1644,Bus1645,Bus1646,Bus1647,Bus1648,Bus1649,Bus1650,Bus1651,Bus1652,Bus1653,Bus1654,Bus1655,Bus1656,Bus1657,Bus1658,Bus1659,Bus1660,Bus1661,Bus1662,Bus1663,Bus1664,Bus1665,Bus1666,Bus1667,Bus1668,Bus1669,Bus1670,Bus1671,Bus1672,Bus1673,Bus1674,Bus1675,Bus1676,Bus1677,Bus1678,Bus1679,Bus1680,Bus1681,Bus1682,Bus1683,Bus1684,Bus1685,Bus1686,Bus1687,Bus1688,Bus1689,Bus1690,Bus1691,Bus1692,Bus1693,Bus1694,Bus1695,Bus1696,Bus1697,Bus1698,Bus1699,Bus1700,Bus1701,Bus1702,Bus1703,Bus1704,Bus1705,Bus1706,Bus1707,Bus1708,Bus1709,Bus1710,Bus1711,Bus1712,Bus1713,Bus1714,Bus1715,Bus1716,Bus1717,Bus1718,Bus1719,Bus1720,Bus1721,Bus1722,Bus1723,Bus1724,Bus1725,Bus1726,Bus1727,Bus1728,Bus1729,Bus1730,Bus1731,Bus1732,Bus1733,Bus1734,Bus1735,Bus1736,Bus1737,Bus1738,Bus1739,Bus1740,Bus1741,Bus1742,Bus1743,Bus1744,Bus1745,Bus1746,Bus1747,Bus1748,Bus1749,Bus1750,Bus1751,Bus1752,Bus1753,Bus1754,Bus1755,Bus1756,Bus1757,Bus1758,Bus1759,Bus1760,Bus1761,Bus1762,Bus1763,Bus1764,Bus1765,Bus1766,Bus1767,Bus1768,Bus1769,Bus1770,Bus1771,Bus1772,Bus1773,Bus1774,Bus1775,Bus1776,Bus1777,Bus1778,Bus1779,Bus1780,Bus1781,Bus1782,Bus1783,Bus1784,Bus1785,Bus1786,Bus1787,Bus1788,Bus1789,Bus1790,Bus1791,Bus1792,Bus1793,Bus1794,Bus1795,Bus1796,Bus1797,Bus1798,Bus1799,Bus1800,Bus1801,Bus1802,Bus1803,Bus1804,Bus1805,Bus1806,Bus1807,Bus1808,Bus1809,Bus1810,Bus1811,Bus1812,Bus1813,Bus1814,Bus1815,Bus1816,Bus1817,Bus1818,Bus1819,Bus1820,Bus1821,Bus1822,Bus1823,Bus1824,Bus1825,Bus1826,Bus1827,Bus1828,Bus1829,Bus1830,Bus1831,Bus1832,Bus1833,Bus1834,Bus1835,Bus1836,Bus1837,Bus1838,Bus1839,Bus1840,Bus1841,Bus1842,Bus1843,Bus1844,Bus1845,Bus1846,Bus1847,Bus1848,Bus1849,Bus1850,Bus1851,Bus1852,Bus1853,Bus1854,Bus1855,Bus1856,Bus1857,Bus1858,Bus1859,Bus1860,Bus1861,Bus1862,Bus1863,Bus1864,Bus1865,Bus1866,Bus1867,Bus1868,Bus1869,Bus1870,Bus1871,Bus1872,Bus1873,Bus1874,Bus1875,Bus1876,Bus1877,Bus1878,Bus1879,Bus1880,Bus1881,Bus1882,Bus1883,Bus1884,Bus1885,Bus1886,Bus1887,Bus1888,Bus1889,Bus1890,Bus1891,Bus1892,Bus1893,Bus1894,Bus1895,Bus1896,Bus1897,Bus1898,Bus1899,Bus1900,Bus1901,Bus1902,Bus1903,Bus1904,Bus1905,Bus1906,Bus1907,Bus1908,Bus1909,Bus1910,Bus1911,Bus1912,Bus1913,Bus1914,Bus1915,Bus1916,Bus1917,Bus1918,Bus1919,Bus1920,Bus1921,Bus1922,Bus1923,Bus1924,Bus1925,Bus1926,Bus1927,Bus1928,Bus1929,Bus1930,Bus1931,Bus1932,Bus1933,Bus1934,Bus1935,Bus1936,Bus1937,Bus1938,Bus1939,Bus1940,Bus1941,Bus1942,Bus1943,Bus1944,Bus1945,Bus1946,Bus1947,Bus1948,Bus1949,Bus1950,Bus1951,Bus1952,Bus1953,Bus1954,Bus1955,Bus1956,Bus1957,Bus1958,Bus1959,Bus1960,Bus1961,Bus1962,Bus1963,Bus1964,Bus1965,Bus1966,Bus1967,Bus1968,Bus1969,Bus1970,Bus1971,Bus1972,Bus1973,Bus1974,Bus1975,Bus1976,Bus1977,Bus1978,Bus1979,Bus1980,Bus1981,Bus1982,Bus1983,Bus1984,Bus1985,Bus1986,Bus1987,Bus1988,Bus1989,Bus1990,Bus1991,Bus1992,Bus1993,Bus1994,Bus1995,Bus1996,Bus1997,Bus1998,Bus1999,Bus2000,Bus2001,Bus2002,Bus2003,Bus2004,Bus2005,Bus2006,Bus2007,Bus2008,Bus2009,Bus2010,Bus2011,Bus2012,Bus2013,Bus2014,Bus2015,Bus2016,Bus2017,Bus2018,Bus2019,Bus2020,Bus2021,Bus2022,Bus2023,Bus2024,Bus2025,Bus2026,Bus2027,Bus2028,Bus2029,Bus2030,Bus2031,Bus2032,Bus2033,Bus2034,Bus2035,Bus2036,Bus2037,Bus2038,Bus2039,Bus2040,Bus2041,Bus2042,Bus2043,Bus2044,Bus2045,Bus2046,Bus2047,Bus2048,Bus2049,Bus2050,Bus2051,Bus2052,Bus2053,Bus2054,Bus2055,Bus2056,Bus2057,Bus2058,Bus2059,Bus2060,Bus2061,Bus2062,Bus2063,Bus2064,Bus2065,Bus2066,Bus2067,Bus2068,Bus2069,Bus2070,Bus2071,Bus2072,Bus2073,Bus2074,Bus2075,Bus2076,Bus2077,Bus2078,Bus2079,Bus2080,Bus2081,Bus2082,Bus2083,Bus2084,Bus2085,Bus2086,Bus2087,Bus2088,Bus2089,Bus2090,Bus2091,Bus2092,Bus2093,Bus2094,Bus2095,Bus2096,Bus2097,Bus2098,Bus2099,Bus2100,Bus2101,Bus2102,Bus2103,Bus2104,Bus2105,Bus2106,Bus2107,Bus2108,Bus2109,Bus2110,Bus2111,Bus2112,Bus2113,Bus2114,Bus2115,Bus2116,Bus2117,Bus2118,Bus2119,Bus2120,Bus2121,Bus2122,Bus2123,Bus2124,Bus2125,Bus2126,Bus2127,Bus2128,Bus2129,Bus2130,Bus2131,Bus2132,Bus2133,Bus2134,Bus2135,Bus2136,Bus2137,Bus2138,Bus2139,Bus2140,Bus2141,Bus2142,Bus2143,Bus2144,Bus2145,Bus2146,Bus2147,Bus2148,Bus2149,Bus2150,Bus2151,Bus2152,Bus2153,Bus2154,Bus2155,Bus2156,Bus2157,Bus2158,Bus2159,Bus2160,Bus2161,Bus2162,Bus2163,Bus2164,Bus2165,Bus2166,Bus2167,Bus2168,Bus2169,Bus2170,Bus2171,Bus2172,Bus2173,Bus2174,Bus2175,Bus2176,Bus2177,Bus2178,Bus2179,Bus2180,Bus2181,Bus2182,Bus2183,Bus2184,Bus2185,Bus2186,Bus2187,Bus2188,Bus2189,Bus2190,Bus2191,Bus2192,Bus2193,Bus2194,Bus2195,Bus2196,Bus2197,Bus2198,Bus2199,Bus2200,Bus2201,Bus2202,Bus2203,Bus2204,Bus2205,Bus2206,Bus2207,Bus2208,Bus2209,Bus2210,Bus2211,Bus2212,Bus2213,Bus2214,Bus2215,Bus2216,Bus2217,Bus2218,Bus2219,Bus2220,Bus2221,Bus2222,Bus2223,Bus2224,Bus2225,Bus2226,Bus2227,Bus2228,Bus2229,Bus2230,Bus2231,Bus2232,Bus2233,Bus2234,Bus2235,Bus2236,Bus2237,Bus2238,Bus2239,Bus2240,Bus2241,Bus2242,Bus2243,Bus2244,Bus2245,Bus2246,Bus2247,Bus2248,Bus2249,Bus2250,Bus2251,Bus2252,Bus2253,Bus2254,Bus2255,Bus2256,Bus2257,Bus2258,Bus2259,Bus2260,Bus2261,Bus2262,Bus2263,Bus2264,Bus2265,Bus2266,Bus2267,Bus2268,Bus2269,Bus2270,Bus2271,Bus2272,Bus2273,Bus2274,Bus2275,Bus2276,Bus2277,Bus2278,Bus2279,Bus2280,Bus2281,Bus2282,Bus2283,Bus2284,Bus2285,Bus2286,Bus2287,Bus2288,Bus2289,Bus2290,Bus2291,Bus2292,Bus2293,Bus2294,Bus2295,Bus2296,Bus2297,Bus2298,Bus2299,Bus2300,Bus2301,Bus2302,Bus2303,Bus2304,Bus2305,Bus2306,Bus2307,Bus2308,Bus2309,Bus2310,Bus2311,Bus2312,Bus2313,Bus2314,Bus2315,Bus2316,Bus2317,Bus2318,Bus2319,Bus2320,Bus2321,Bus2322,Bus2323,Bus2324,Bus2325,Bus2326,Bus2327,Bus2328,Bus2329,Bus2330,Bus2331,Bus2332,Bus2333,Bus2334,Bus2335,Bus2336,Bus2337,Bus2338,Bus2339,Bus2340,Bus2341,Bus2342,Bus2343,Bus2344,Bus2345,Bus2346,Bus2347,Bus2348,Bus2349,Bus2350,Bus2351,Bus2352,Bus2353,Bus2354,Bus2355,Bus2356,Bus2357,Bus2358,Bus2359,Bus2360,Bus2361,Bus2362,Bus2363,Bus2364,Bus2365,Bus2366,Bus2367,Bus2368,Bus2369,Bus2370,Bus2371,Bus2372,Bus2373,Bus2374,Bus2375,Bus2376,Bus2377,Bus2378,Bus2379,Bus2380,Bus2381,Bus2382,Bus2383,Bus2384,Bus2385,Bus2386,Bus2387,Bus2388,Bus2389,Bus2390,Bus2391,Bus2392,Bus2393,Bus2394,Bus2395,Bus2396,Bus2397,Bus2398,Bus2399,Bus2400,Bus2401,Bus2402,Bus2403,Bus2404,Bus2405,Bus2406,Bus2407,Bus2408,Bus2409,Bus2410,Bus2411,Bus2412,Bus2413,Bus2414,Bus2415,Bus2416,Bus2417,Bus2418,Bus2419,Bus2420,Bus2421,Bus2422,Bus2423,Bus2424,Bus2425,Bus2426,Bus2427,Bus2428,Bus2429,Bus2430,Bus2431,Bus2432,Bus2433,Bus2434,Bus2435,Bus2436,Bus2437,Bus2438,Bus2439,Bus2440,Bus2441,Bus2442,Bus2443,Bus2444,Bus2445,Bus2446,Bus2447,Bus2448,Bus2449,Bus2450,Bus2451,Bus2452,Bus2453,Bus2454,Bus2455,Bus2456,Bus2457,Bus2458,Bus2459,Bus2460,Bus2461,Bus2462,Bus2463,Bus2464,Bus2465,Bus2466,Bus2467,Bus2468,Bus2469,Bus2470,Bus2471,Bus2472,Bus2473,Bus2474,Bus2475,Bus2476,Bus2477,Bus2478,Bus2479,Bus2480,Bus2481,Bus2482,Bus2483,Bus2484,Bus2485,Bus2486,Bus2487,Bus2488,Bus2489,Bus2490,Bus2491,Bus2492,Bus2493,Bus2494,Bus2495,Bus2496,Bus2497,Bus2498,Bus2499,Bus2500,Bus2501,Bus2502,Bus2503,Bus2504,Bus2505,Bus2506,Bus2507,Bus2508,Bus2509,Bus2510,Bus2511,Bus2512,Bus2513,Bus2514,Bus2515,Bus2516,Bus2517,Bus2518,Bus2519,Bus2520,Bus2521,Bus2522,Bus2523,Bus2524,Bus2525,Bus2526,Bus2527,Bus2528,Bus2529,Bus2530,Bus2531,Bus2532,Bus2533,Bus2534,Bus2535,Bus2536,Bus2537,Bus2538,Bus2539,Bus2540,Bus2541,Bus2542,Bus2543,Bus2544,Bus2545,Bus2546,Bus2547,Bus2548,Bus2549,Bus2550,Bus2551,Bus2552,Bus2553,Bus2554,Bus2555,Bus2556,Bus2557,Bus2558,Bus2559,Bus2560,Bus2561,Bus2562,Bus2563,Bus2564,Bus2565,Bus2566,Bus2567,Bus2568,Bus2569,Bus2570,Bus2571,Bus2572,Bus2573,Bus2574,Bus2575,Bus2576,Bus2577,Bus2578,Bus2579,Bus2580,Bus2581,Bus2582,Bus2583,Bus2584,Bus2585,Bus2586,Bus2587,Bus2588,Bus2589,Bus2590,Bus2591,Bus2592,Bus2593,Bus2594,Bus2595,Bus2596,Bus2597,Bus2598,Bus2599,Bus2600,Bus2601,Bus2602,Bus2603,Bus2604,Bus2605,Bus2606,Bus2607,Bus2608,Bus2609,Bus2610,Bus2611,Bus2612,Bus2613,Bus2614,Bus2615,Bus2616,Bus2617,Bus2618,Bus2619,Bus2620,Bus2621,Bus2622,Bus2623,Bus2624,Bus2625,Bus2626,Bus2627,Bus2628,Bus2629,Bus2630,Bus2631,Bus2632,Bus2633,Bus2634,Bus2635,Bus2636,Bus2637,Bus2638,Bus2639,Bus2640,Bus2641,Bus2642,Bus2643,Bus2644,Bus2645,Bus2646,Bus2647,Bus2648,Bus2649,Bus2650,Bus2651,Bus2652,Bus2653,Bus2654,Bus2655,Bus2656,Bus2657,Bus2658,Bus2659,Bus2660,Bus2661,Bus2662,Bus2663,Bus2664,Bus2665,Bus2666,Bus2667,Bus2668,Bus2669,Bus2670,Bus2671,Bus2672,Bus2673,Bus2674,Bus2675,Bus2676,Bus2677,Bus2678,Bus2679,Bus2680,Bus2681,Bus2682,Bus2683,Bus2684,Bus2685,Bus2686,Bus2687,Bus2688,Bus2689,Bus2690,Bus2691,Bus2692,Bus2693,Bus2694,Bus2695,Bus2696,Bus2697,Bus2698,Bus2699,Bus2700,Bus2701,Bus2702,Bus2703,Bus2704,Bus2705,Bus2706,Bus2707,Bus2708,Bus2709,Bus2710,Bus2711,Bus2712,Bus2713,Bus2714,Bus2715,Bus2716,Bus2717,Bus2718,Bus2719,Bus2720,Bus2721,Bus2722,Bus2723,Bus2724,Bus2725,Bus2726,Bus2727,Bus2728,Bus2729,Bus2730,Bus2731,Bus2732,Bus2733,Bus2734,Bus2735,Bus2736,Bus2737,Bus2738,Bus2739,Bus2740,Bus2741,Bus2742,Bus2743,Bus2744,Bus2745,Bus2746,Bus2747,Bus2748,Bus2749,Bus2750,Bus2751,Bus2752,Bus2753,Bus2754,Bus2755,Bus2756,Bus2757,Bus2758,Bus2759,Bus2760,Bus2761,Bus2762,Bus2763,Bus2764,Bus2765,Bus2766,Bus2767,Bus2768,Bus2769,Bus2770,Bus2771,Bus2772,Bus2773,Bus2774,Bus2775,Bus2776,Bus2777,Bus2778,Bus2779,Bus2780,Bus2781,Bus2782,Bus2783,Bus2784,Bus2785,Bus2786,Bus2787,Bus2788,Bus2789,Bus2790,Bus2791,Bus2792,Bus2793,Bus2794,Bus2795,Bus2796,Bus2797,Bus2798,Bus2799,Bus2800,Bus2801,Bus2802,Bus2803,Bus2804,Bus2805,Bus2806,Bus2807,Bus2808,Bus2809,Bus2810,Bus2811,Bus2812,Bus2813,Bus2814,Bus2815,Bus2816,Bus2817,Bus2818,Bus2819,Bus2820,Bus2821,Bus2822,Bus2823,Bus2824,Bus2825,Bus2826,Bus2827,Bus2828,Bus2829,Bus2830,Bus2831,Bus2832,Bus2833,Bus2834,Bus2835,Bus2836,Bus2837,Bus2838,Bus2839,Bus2840,Bus2841,Bus2842,Bus2843,Bus2844,Bus2845,Bus2846,Bus2847,Bus2848,Bus2849,Bus2850,Bus2851,Bus2852,Bus2853,Bus2854,Bus2855,Bus2856,Bus2857,Bus2858,Bus2859,Bus2860,Bus2861,Bus2862,Bus2863,Bus2864,Bus2865,Bus2866,Bus2867,Bus2868,Bus2869,Bus2870,Bus2871,Bus2872,Bus2873,Bus2874,Bus2875,Bus2876,Bus2877,Bus2878,Bus2879,Bus2880,Bus2881,Bus2882,Bus2883,Bus2884,Bus2885,Bus2886,Bus2887,Bus2888,Bus2889,Bus2890,Bus2891,Bus2892,Bus2893,Bus2894,Bus2895,Bus2896,Bus2897,Bus2898,Bus2899,Bus2900,Bus2901,Bus2902,Bus2903,Bus2904,Bus2905,Bus2906,Bus2907,Bus2908,Bus2909,Bus2910,Bus2911,Bus2912,Bus2913,Bus2914,Bus2915,Bus2916,Bus2917,Bus2918,Bus2919,Bus2920,Bus2921,Bus2922,Bus2923,Bus2924,Bus2925,Bus2926,Bus2927,Bus2928,Bus2929,Bus2930,Bus2931,Bus2932,Bus2933,Bus2934,Bus2935,Bus2936,Bus2937,Bus2938,Bus2939,Bus2940,Bus2941,Bus2942,Bus2943,Bus2944,Bus2945,Bus2946,Bus2947,Bus2948,Bus2949,Bus2950,Bus2951,Bus2952,Bus2953,Bus2954,Bus2955,Bus2956,Bus2957,Bus2958,Bus2959,Bus2960,Bus2961,Bus2962,Bus2963,Bus2964,Bus2965,Bus2966,Bus2967,Bus2968,Bus2969,Bus2970,Bus2971,Bus2972,Bus2973,Bus2974,Bus2975,Bus2976,Bus2977,Bus2978,Bus2979,Bus2980,Bus2981,Bus2982,Bus2983,Bus2984,Bus2985,Bus2986,Bus2987,Bus2988,Bus2989,Bus2990,Bus2991,Bus2992,Bus2993,Bus2994,Bus2995,Bus2996,Bus2997,Bus2998,Bus2999,Bus3000,Bus3001,Bus3002,Bus3003,Bus3004,Bus3005,Bus3006,Bus3007,Bus3008,Bus3009,Bus3010,Bus3011,Bus3012,Bus3013,Bus3014,Bus3015,Bus3016,Bus3017,Bus3018,Bus3019,Bus3020,Bus3021,Bus3022,Bus3023,Bus3024,Bus3025,Bus3026,Bus3027,Bus3028,Bus3029,Bus3030,Bus3031,Bus3032,Bus3033,Bus3034,Bus3035,Bus3036,Bus3037,Bus3038,Bus3039,Bus3040,Bus3041,Bus3042,Bus3043,Bus3044,Bus3045,Bus3046,Bus3047,Bus3048,Bus3049,Bus3050,Bus3051,Bus3052,Bus3053,Bus3054,Bus3055,Bus3056,Bus3057,Bus3058,Bus3059,Bus3060,Bus3061,Bus3062,Bus3063,Bus3064,Bus3065,Bus3066,Bus3067,Bus3068,Bus3069,Bus3070,Bus3071,Bus3072,Bus3073,Bus3074,Bus3075,Bus3076,Bus3077,Bus3078,Bus3079,Bus3080,Bus3081,Bus3082,Bus3083,Bus3084,Bus3085,Bus3086,Bus3087,Bus3088,Bus3089,Bus3090,Bus3091,Bus3092,Bus3093,Bus3094,Bus3095,Bus3096,Bus3097,Bus3098,Bus3099,Bus3100,Bus3101,Bus3102,Bus3103,Bus3104,Bus3105,Bus3106,Bus3107,Bus3108,Bus3109,Bus3110,Bus3111,Bus3112,Bus3113,Bus3114,Bus3115,Bus3116,Bus3117,Bus3118,Bus3119,Bus3120,Bus3121,Bus3122,Bus3123,Bus3124,Bus3125,Bus3126,Bus3127,Bus3128,Bus3129,Bus3130,Bus3131,Bus3132,Bus3133,Bus3134,Bus3135,Bus3136,Bus3137,Bus3138,Bus3139,Bus3140,Bus3141,Bus3142,Bus3143,Bus3144,Bus3145,Bus3146,Bus3147,Bus3148,Bus3149,Bus3150,Bus3151,Bus3152,Bus3153,Bus3154,Bus3155,Bus3156,Bus3157,Bus3158,Bus3159,Bus3160,Bus3161,Bus3162,Bus3163,Bus3164,Bus3165,Bus3166,Bus3167,Bus3168,Bus3169,Bus3170,Bus3171,Bus3172,Bus3173,Bus3174,Bus3175,Bus3176,Bus3177,Bus3178,Bus3179,Bus3180,Bus3181,Bus3182,Bus3183,Bus3184,Bus3185,Bus3186,Bus3187,Bus3188,Bus3189,Bus3190,Bus3191,Bus3192,Bus3193,Bus3194,Bus3195,Bus3196,Bus3197,Bus3198,Bus3199,Bus3200,Bus3201,Bus3202,Bus3203,Bus3204,Bus3205,Bus3206,Bus3207,Bus3208,Bus3209,Bus3210,Bus3211,Bus3212,Bus3213,Bus3214,Bus3215,Bus3216,Bus3217,Bus3218,Bus3219,Bus3220,Bus3221,Bus3222,Bus3223,Bus3224,Bus3225,Bus3226,Bus3227,Bus3228,Bus3229,Bus3230,Bus3231,Bus3232,Bus3233,Bus3234,Bus3235,Bus3236,Bus3237,Bus3238,Bus3239,Bus3240,Bus3241,Bus3242,Bus3243,Bus3244,Bus3245,Bus3246,Bus3247,Bus3248,Bus3249,Bus3250,Bus3251,Bus3252,Bus3253,Bus3254,Bus3255,Bus3256,Bus3257,Bus3258,Bus3259,Bus3260,Bus3261,Bus3262,Bus3263,Bus3264,Bus3265,Bus3266,Bus3267,Bus3268,Bus3269,Bus3270,Bus3271,Bus3272,Bus3273,Bus3274,Bus3275,Bus3276,Bus3277,Bus3278,Bus3279,Bus3280,Bus3281,Bus3282,Bus3283,Bus3284,Bus3285,Bus3286,Bus3287,Bus3288,Bus3289,Bus3290,Bus3291,Bus3292,Bus3293,Bus3294,Bus3295,Bus3296,Bus3297,Bus3298,Bus3299,Bus3300,Bus3301,Bus3302,Bus3303,Bus3304,Bus3305,Bus3306,Bus3307,Bus3308,Bus3309,Bus3310,Bus3311,Bus3312,Bus3313,Bus3314,Bus3315,Bus3316,Bus3317,Bus3318,Bus3319,Bus3320,Bus3321,Bus3322,Bus3323,Bus3324,Bus3325,Bus3326,Bus3327,Bus3328,Bus3329,Bus3330,Bus3331,Bus3332,Bus3333,Bus3334,Bus3335,Bus3336,Bus3337,Bus3338,Bus3339,Bus3340,Bus3341,Bus3342,Bus3343,Bus3344,Bus3345,Bus3346,Bus3347,Bus3348,Bus3349,Bus3350,Bus3351,Bus3352,Bus3353,Bus3354,Bus3355,Bus3356,Bus3357,Bus3358,Bus3359,Bus3360,Bus3361,Bus3362,Bus3363,Bus3364,Bus3365,Bus3366,Bus3367,Bus3368,Bus3369,Bus3370,Bus3371,Bus3372,Bus3373,Bus3374,Bus3375,Bus3376,Bus3377,Bus3378,Bus3379,Bus3380,Bus3381,Bus3382,Bus3383,Bus3384,Bus3385,Bus3386,Bus3387,Bus3388,Bus3389,Bus3390,Bus3391,Bus3392,Bus3393,Bus3394,Bus3395,Bus3396,Bus3397,Bus3398,Bus3399,Bus3400,Bus3401,Bus3402,Bus3403,Bus3404,Bus3405,Bus3406,Bus3407,Bus3408,Bus3409,Bus3410,Bus3411,Bus3412,Bus3413,Bus3414,Bus3415,Bus3416,Bus3417,Bus3418,Bus3419,Bus3420,Bus3421,Bus3422,Bus3423,Bus3424,Bus3425,Bus3426,Bus3427,Bus3428,Bus3429,Bus3430,Bus3431,Bus3432,Bus3433,Bus3434,Bus3435,Bus3436,Bus3437,Bus3438,Bus3439,Bus3440,Bus3441,Bus3442,Bus3443,Bus3444,Bus3445,Bus3446,Bus3447,Bus3448,Bus3449,Bus3450,Bus3451,Bus3452,Bus3453,Bus3454,Bus3455,Bus3456,Bus3457,Bus3458,Bus3459,Bus3460,Bus3461,Bus3462,Bus3463,Bus3464,Bus3465,Bus3466,Bus3467,Bus3468,Bus3469,Bus3470,Bus3471,Bus3472,Bus3473,Bus3474,Bus3475,Bus3476,Bus3477,Bus3478,Bus3479,Bus3480,Bus3481,Bus3482,Bus3483,Bus3484,Bus3485,Bus3486,Bus3487,Bus3488,Bus3489,Bus3490,Bus3491,Bus3492,Bus3493,Bus3494,Bus3495,Bus3496,Bus3497,Bus3498,Bus3499,Bus3500,Bus3501,Bus3502,Bus3503,Bus3504,Bus3505,Bus3506,Bus3507,Bus3508,Bus3509,Bus3510,Bus3511,Bus3512,Bus3513,Bus3514,Bus3515,Bus3516,Bus3517,Bus3518,Bus3519,Bus3520,Bus3521,Bus3522,Bus3523,Bus3524,Bus3525,Bus3526,Bus3527,Bus3528,Bus3529,Bus3530,Bus3531,Bus3532,Bus3533,Bus3534,Bus3535,Bus3536,Bus3537,Bus3538,Bus3539,Bus3540,Bus3541,Bus3542,Bus3543,Bus3544,Bus3545,Bus3546,Bus3547,Bus3548,Bus3549,Bus3550,Bus3551,Bus3552,Bus3553,Bus3554,Bus3555,Bus3556,Bus3557,Bus3558,Bus3559,Bus3560,Bus3561,Bus3562,Bus3563,Bus3564,Bus3565,Bus3566,Bus3567,Bus3568,Bus3569,Bus3570,Bus3571,Bus3572,Bus3573,Bus3574,Bus3575,Bus3576,Bus3577,Bus3578,Bus3579,Bus3580,Bus3581,Bus3582,Bus3583,Bus3584,Bus3585,Bus3586,Bus3587,Bus3588,Bus3589,Bus3590,Bus3591,Bus3592,Bus3593,Bus3594,Bus3595,Bus3596,Bus3597,Bus3598,Bus3599,Bus3600,Bus3601,Bus3602,Bus3603,Bus3604,Bus3605,Bus3606,Bus3607,Bus3608,Bus3609,Bus3610,Bus3611,Bus3612,Bus3613,Bus3614,Bus3615,Bus3616,Bus3617,Bus3618,Bus3619,Bus3620,Bus3621,Bus3622,Bus3623,Bus3624,Bus3625,Bus3626,Bus3627,Bus3628,Bus3629,Bus3630,Bus3631,Bus3632,Bus3633,Bus3634,Bus3635,Bus3636,Bus3637,Bus3638,Bus3639,Bus3640,Bus3641,Bus3642,Bus3643,Bus3644,Bus3645,Bus3646,Bus3647,Bus3648,Bus3649,Bus3650,Bus3651,Bus3652,Bus3653,Bus3654,Bus3655,Bus3656,Bus3657,Bus3658,Bus3659,Bus3660,Bus3661,Bus3662,Bus3663,Bus3664,Bus3665,Bus3666,Bus3667,Bus3668,Bus3669,Bus3670,Bus3671,Bus3672,Bus3673,Bus3674,Bus3675,Bus3676,Bus3677,Bus3678,Bus3679,Bus3680,Bus3681,Bus3682,Bus3683,Bus3684,Bus3685,Bus3686,Bus3687,Bus3688,Bus3689,Bus3690,Bus3691,Bus3692,Bus3693,Bus3694,Bus3695,Bus3696,Bus3697,Bus3698,Bus3699,Bus3700,Bus3701,Bus3702,Bus3703,Bus3704,Bus3705,Bus3706,Bus3707,Bus3708,Bus3709,Bus3710,Bus3711,Bus3712,Bus3713,Bus3714,Bus3715,Bus3716,Bus3717,Bus3718,Bus3719,Bus3720,Bus3721,Bus3722,Bus3723,Bus3724,Bus3725,Bus3726,Bus3727,Bus3728,Bus3729,Bus3730,Bus3731,Bus3732,Bus3733,Bus3734,Bus3735,Bus3736,Bus3737,Bus3738,Bus3739,Bus3740,Bus3741,Bus3742,Bus3743,Bus3744,Bus3745,Bus3746,Bus3747,Bus3748,Bus3749,Bus3750,Bus3751,Bus3752,Bus3753,Bus3754,Bus3755,Bus3756,Bus3757,Bus3758,Bus3759,Bus3760,Bus3761,Bus3762,Bus3763,Bus3764,Bus3765,Bus3766,Bus3767,Bus3768,Bus3769,Bus3770,Bus3771,Bus3772,Bus3773,Bus3774,Bus3775,Bus3776,Bus3777,Bus3778,Bus3779,Bus3780,Bus3781,Bus3782,Bus3783,Bus3784,Bus3785,Bus3786,Bus3787,Bus3788,Bus3789,Bus3790,Bus3791,Bus3792,Bus3793,Bus3794,Bus3795,Bus3796,Bus3797,Bus3798,Bus3799,Bus3800,Bus3801,Bus3802,Bus3803,Bus3804,Bus3805,Bus3806,Bus3807,Bus3808,Bus3809,Bus3810,Bus3811,Bus3812,Bus3813,Bus3814,Bus3815,Bus3816,Bus3817,Bus3818,Bus3819,Bus3820,Bus3821,Bus3822,Bus3823,Bus3824,Bus3825,Bus3826,Bus3827,Bus3828,Bus3829,Bus3830,Bus3831,Bus3832,Bus3833,Bus3834,Bus3835,Bus3836,Bus3837,Bus3838,Bus3839,Bus3840,Bus3841,Bus3842,Bus3843,Bus3844,Bus3845,Bus3846,Bus3847,Bus3848,Bus3849,Bus3850,Bus3851,Bus3852,Bus3853,Bus3854,Bus3855,Bus3856,Bus3857,Bus3858,Bus3859,Bus3860,Bus3861,Bus3862,Bus3863,Bus3864,Bus3865,Bus3866,Bus3867,Bus3868,Bus3869,Bus3870,Bus3871,Bus3872,Bus3873,Bus3874,Bus3875,Bus3876,Bus3877,Bus3878,Bus3879,Bus3880,Bus3881,Bus3882,Bus3883,Bus3884,Bus3885,Bus3886,Bus3887,Bus3888,Bus3889,Bus3890,Bus3891,Bus3892,Bus3893,Bus3894,Bus3895,Bus3896,Bus3897,Bus3898,Bus3899,Bus3900,Bus3901,Bus3902,Bus3903,Bus3904,Bus3905,Bus3906,Bus3907,Bus3908,Bus3909,Bus3910,Bus3911,Bus3912,Bus3913,Bus3914,Bus3915,Bus3916,Bus3917,Bus3918,Bus3919,Bus3920,Bus3921,Bus3922,Bus3923,Bus3924,Bus3925,Bus3926,Bus3927,Bus3928,Bus3929,Bus3930,Bus3931,Bus3932,Bus3933,Bus3934,Bus3935,Bus3936,Bus3937,Bus3938,Bus3939,Bus3940,Bus3941,Bus3942,Bus3943,Bus3944,Bus3945,Bus3946,Bus3947,Bus3948,Bus3949,Bus3950,Bus3951,Bus3952,Bus3953,Bus3954,Bus3955,Bus3956,Bus3957,Bus3958,Bus3959,Bus3960,Bus3961,Bus3962,Bus3963,Bus3964,Bus3965,Bus3966,Bus3967,Bus3968,Bus3969,Bus3970,Bus3971,Bus3972,Bus3973,Bus3974,Bus3975,Bus3976,Bus3977,Bus3978,Bus3979,Bus3980,Bus3981,Bus3982,Bus3983,Bus3984,Bus3985,Bus3986,Bus3987,Bus3988,Bus3989,Bus3990,Bus3991,Bus3992,Bus3993,Bus3994,Bus3995,Bus3996,Bus3997,Bus3998,Bus3999,Bus4000,Bus4001,Bus4002,Bus4003,Bus4004,Bus4005,Bus4006,Bus4007,Bus4008,Bus4009,Bus4010,Bus4011,Bus4012,Bus4013,Bus4014,Bus4015,Bus4016,Bus4017,Bus4018,Bus4019,Bus4020,Bus4021,Bus4022,Bus4023,Bus4024,Bus4025,Bus4026,Bus4027,Bus4028,Bus4029,Bus4030,Bus4031,Bus4032,Bus4033,Bus4034,Bus4035,Bus4036,Bus4037,Bus4038,Bus4039,Bus4040,Bus4041,Bus4042,Bus4043,Bus4044,Bus4045,Bus4046,Bus4047,Bus4048,Bus4049,Bus4050,Bus4051,Bus4052,Bus4053,Bus4054,Bus4055,Bus4056,Bus4057,Bus4058,Bus4059,Bus4060,Bus4061,Bus4062,Bus4063,Bus4064,Bus4065,Bus4066,Bus4067,Bus4068,Bus4069,Bus4070,Bus4071,Bus4072,Bus4073,Bus4074,Bus4075,Bus4076,Bus4077,Bus4078,Bus4079,Bus4080,Bus4081,Bus4082,Bus4083,Bus4084,Bus4085,Bus4086,Bus4087,Bus4088,Bus4089,Bus4090,Bus4091,Bus4092,Bus4093,Bus4094,Bus4095,Bus4096,Bus4097,Bus4098,Bus4099,Bus4100,Bus4101,Bus4102,Bus4103,Bus4104,Bus4105,Bus4106,Bus4107,Bus4108,Bus4109,Bus4110,Bus4111,Bus4112,Bus4113,Bus4114,Bus4115,Bus4116,Bus4117,Bus4118,Bus4119,Bus4120,Bus4121,Bus4122,Bus4123,Bus4124,Bus4125,Bus4126,Bus4127,Bus4128,Bus4129,Bus4130,Bus4131,Bus4132,Bus4133,Bus4134,Bus4135,Bus4136,Bus4137,Bus4138,Bus4139,Bus4140,Bus4141,Bus4142,Bus4143,Bus4144,Bus4145,Bus4146,Bus4147,Bus4148,Bus4149,Bus4150,Bus4151,Bus4152,Bus4153,Bus4154,Bus4155,Bus4156,Bus4157,Bus4158,Bus4159,Bus4160,Bus4161,Bus4162,Bus4163,Bus4164,Bus4165,Bus4166,Bus4167,Bus4168,Bus4169,Bus4170,Bus4171,Bus4172,Bus4173,Bus4174,Bus4175,Bus4176,Bus4177,Bus4178,Bus4179,Bus4180,Bus4181,Bus4182,Bus4183,Bus4184,Bus4185,Bus4186,Bus4187,Bus4188,Bus4189,Bus4190,Bus4191,Bus4192,Bus4193,Bus4194,Bus4195,Bus4196,Bus4197,Bus4198,Bus4199,Bus4200,Bus4201,Bus4202,Bus4203,Bus4204,Bus4205,Bus4206,Bus4207,Bus4208,Bus4209,Bus4210,Bus4211,Bus4212,Bus4213,Bus4214,Bus4215,Bus4216,Bus4217,Bus4218,Bus4219,Bus4220,Bus4221,Bus4222,Bus4223,Bus4224,Bus4225,Bus4226,Bus4227,Bus4228,Bus4229,Bus4230,Bus4231,Bus4232,Bus4233,Bus4234,Bus4235,Bus4236,Bus4237,Bus4238,Bus4239,Bus4240,Bus4241,Bus4242,Bus4243,Bus4244,Bus4245,Bus4246,Bus4247,Bus4248,Bus4249,Bus4250,Bus4251,Bus4252,Bus4253,Bus4254,Bus4255,Bus4256,Bus4257,Bus4258,Bus4259,Bus4260,Bus4261,Bus4262,Bus4263,Bus4264,Bus4265,Bus4266,Bus4267,Bus4268,Bus4269,Bus4270,Bus4271,Bus4272,Bus4273,Bus4274,Bus4275,Bus4276,Bus4277,Bus4278,Bus4279,Bus4280,Bus4281,Bus4282,Bus4283,Bus4284,Bus4285,Bus4286,Bus4287,Bus4288,Bus4289,Bus4290,Bus4291,Bus4292,Bus4293,Bus4294,Bus4295,Bus4296,Bus4297,Bus4298,Bus4299,Bus4300,Bus4301,Bus4302,Bus4303,Bus4304,Bus4305,Bus4306,Bus4307,Bus4308,Bus4309,Bus4310,Bus4311,Bus4312,Bus4313,Bus4314,Bus4315,Bus4316,Bus4317,Bus4318,Bus4319,Bus4320,Bus4321,Bus4322,Bus4323,Bus4324,Bus4325,Bus4326,Bus4327,Bus4328,Bus4329,Bus4330,Bus4331,Bus4332,Bus4333,Bus4334,Bus4335,Bus4336,Bus4337,Bus4338,Bus4339,Bus4340,Bus4341,Bus4342,Bus4343,Bus4344,Bus4345,Bus4346,Bus4347,Bus4348,Bus4349,Bus4350,Bus4351,Bus4352,Bus4353,Bus4354,Bus4355,Bus4356,Bus4357,Bus4358,Bus4359,Bus4360,Bus4361,Bus4362,Bus4363,Bus4364,Bus4365,Bus4366,Bus4367,Bus4368,Bus4369,Bus4370,Bus4371,Bus4372,Bus4373,Bus4374,Bus4375,Bus4376,Bus4377,Bus4378,Bus4379,Bus4380,Bus4381,Bus4382,Bus4383,Bus4384,Bus4385,Bus4386,Bus4387,Bus4388,Bus4389,Bus4390,Bus4391,Bus4392,Bus4393,Bus4394,Bus4395,Bus4396,Bus4397,Bus4398,Bus4399,Bus4400,Bus4401,Bus4402,Bus4403,Bus4404,Bus4405,Bus4406,Bus4407,Bus4408,Bus4409,Bus4410,Bus4411,Bus4412,Bus4413,Bus4414,Bus4415,Bus4416,Bus4417,Bus4418,Bus4419,Bus4420,Bus4421,Bus4422,Bus4423,Bus4424,Bus4425,Bus4426,Bus4427,Bus4428,Bus4429,Bus4430,Bus4431,Bus4432,Bus4433,Bus4434,Bus4435,Bus4436,Bus4437,Bus4438,Bus4439,Bus4440,Bus4441,Bus4442,Bus4443,Bus4444,Bus4445,Bus4446,Bus4447,Bus4448,Bus4449,Bus4450,Bus4451,Bus4452,Bus4453,Bus4454,Bus4455,Bus4456,Bus4457,Bus4458,Bus4459,Bus4460,Bus4461,Bus4462,Bus4463,Bus4464,Bus4465,Bus4466,Bus4467,Bus4468,Bus4469,Bus4470,Bus4471,Bus4472,Bus4473,Bus4474,Bus4475,Bus4476,Bus4477,Bus4478,Bus4479,Bus4480,Bus4481,Bus4482,Bus4483,Bus4484,Bus4485,Bus4486,Bus4487,Bus4488,Bus4489,Bus4490,Bus4491,Bus4492,Bus4493,Bus4494,Bus4495,Bus4496,Bus4497,Bus4498,Bus4499,Bus4500,Bus4501,Bus4502,Bus4503,Bus4504,Bus4505,Bus4506,Bus4507,Bus4508,Bus4509,Bus4510,Bus4511,Bus4512,Bus4513,Bus4514,Bus4515,Bus4516,Bus4517,Bus4518,Bus4519,Bus4520,Bus4521,Bus4522,Bus4523,Bus4524,Bus4525,Bus4526,Bus4527,Bus4528,Bus4529,Bus4530,Bus4531,Bus4532,Bus4533,Bus4534,Bus4535,Bus4536,Bus4537,Bus4538,Bus4539,Bus4540,Bus4541,Bus4542,Bus4543,Bus4544,Bus4545,Bus4546,Bus4547,Bus4548,Bus4549,Bus4550,Bus4551,Bus4552,Bus4553,Bus4554,Bus4555,Bus4556,Bus4557,Bus4558,Bus4559,Bus4560,Bus4561,Bus4562,Bus4563,Bus4564,Bus4565,Bus4566,Bus4567,Bus4568,Bus4569,Bus4570,Bus4571,Bus4572,Bus4573,Bus4574,Bus4575,Bus4576,Bus4577,Bus4578,Bus4579,Bus4580,Bus4581,Bus4582,Bus4583,Bus4584,Bus4585,Bus4586,Bus4587,Bus4588,Bus4589,Bus4590,Bus4591,Bus4592,Bus4593,Bus4594,Bus4595,Bus4596,Bus4597,Bus4598,Bus4599,Bus4600,Bus4601,Bus4602,Bus4603,Bus4604,Bus4605,Bus4606,Bus4607,Bus4608,Bus4609,Bus4610,Bus4611,Bus4612,Bus4613,Bus4614,Bus4615,Bus4616,Bus4617,Bus4618,Bus4619,Bus4620,Bus4621,Bus4622,Bus4623,Bus4624,Bus4625,Bus4626,Bus4627,Bus4628,Bus4629,Bus4630,Bus4631,Bus4632,Bus4633,Bus4634,Bus4635,Bus4636,Bus4637,Bus4638,Bus4639,Bus4640,Bus4641,Bus4642,Bus4643,Bus4644,Bus4645,Bus4646,Bus4647,Bus4648,Bus4649,Bus4650,Bus4651,Bus4652,Bus4653,Bus4654,Bus4655,Bus4656,Bus4657,Bus4658,Bus4659,Bus4660,Bus4661,Bus4662,Bus4663,Bus4664,Bus4665,Bus4666,Bus4667,Bus4668,Bus4669,Bus4670,Bus4671,Bus4672,Bus4673,Bus4674,Bus4675,Bus4676,Bus4677,Bus4678,Bus4679,Bus4680,Bus4681,Bus4682,Bus4683,Bus4684,Bus4685,Bus4686,Bus4687,Bus4688,Bus4689,Bus4690,Bus4691,Bus4692,Bus4693,Bus4694,Bus4695,Bus4696,Bus4697,Bus4698,Bus4699,Bus4700,Bus4701,Bus4702,Bus4703,Bus4704,Bus4705,Bus4706,Bus4707,Bus4708,Bus4709,Bus4710,Bus4711,Bus4712,Bus4713,Bus4714,Bus4715,Bus4716,Bus4717,Bus4718,Bus4719,Bus4720,Bus4721,Bus4722,Bus4723,Bus4724,Bus4725,Bus4726,Bus4727,Bus4728,Bus4729,Bus4730,Bus4731,Bus4732,Bus4733,Bus4734,Bus4735,Bus4736,Bus4737,Bus4738,Bus4739,Bus4740,Bus4741,Bus4742,Bus4743,Bus4744,Bus4745,Bus4746,Bus4747,Bus4748,Bus4749,Bus4750,Bus4751,Bus4752,Bus4753,Bus4754,Bus4755,Bus4756,Bus4757,Bus4758,Bus4759,Bus4760,Bus4761,Bus4762,Bus4763,Bus4764,Bus4765,Bus4766,Bus4767,Bus4768,Bus4769,Bus4770,Bus4771,Bus4772,Bus4773,Bus4774,Bus4775,Bus4776,Bus4777,Bus4778,Bus4779,Bus4780,Bus4781,Bus4782,Bus4783,Bus4784,Bus4785,Bus4786,Bus4787,Bus4788,Bus4789,Bus4790,Bus4791,Bus4792,Bus4793,Bus4794,Bus4795,Bus4796,Bus4797,Bus4798,Bus4799,Bus4800,Bus4801,Bus4802,Bus4803,Bus4804,Bus4805,Bus4806,Bus4807,Bus4808,Bus4809,Bus4810,Bus4811,Bus4812,Bus4813,Bus4814,Bus4815,Bus4816,Bus4817,Bus4818,Bus4819,Bus4820,Bus4821,Bus4822,Bus4823,Bus4824,Bus4825,Bus4826,Bus4827,Bus4828,Bus4829,Bus4830,Bus4831,Bus4832,Bus4833,Bus4834,Bus4835,Bus4836,Bus4837,Bus4838,Bus4839,Bus4840,Bus4841,Bus4842,Bus4843,Bus4844,Bus4845,Bus4846,Bus4847,Bus4848,Bus4849,Bus4850,Bus4851,Bus4852,Bus4853,Bus4854,Bus4855,Bus4856,Bus4857,Bus4858,Bus4859,Bus4860,Bus4861,Bus4862,Bus4863,Bus4864,Bus4865,Bus4866,Bus4867,Bus4868,Bus4869,Bus4870,Bus4871,Bus4872,Bus4873,Bus4874,Bus4875,Bus4876,Bus4877,Bus4878,Bus4879,Bus4880,Bus4881,Bus4882,Bus4883,Bus4884,Bus4885,Bus4886,Bus4887,Bus4888,Bus4889,Bus4890,Bus4891,Bus4892,Bus4893,Bus4894,Bus4895,Bus4896,Bus4897,Bus4898,Bus4899,Bus4900,Bus4901,Bus4902,Bus4903,Bus4904,Bus4905,Bus4906,Bus4907,Bus4908,Bus4909,Bus4910,Bus4911,Bus4912,Bus4913,Bus4914,Bus4915,Bus4916,Bus4917,Bus4918,Bus4919,Bus4920,Bus4921,Bus4922,Bus4923,Bus4924,Bus4925,Bus4926,Bus4927,Bus4928,Bus4929,Bus4930,Bus4931,Bus4932,Bus4933,Bus4934,Bus4935,Bus4936,Bus4937,Bus4938,Bus4939,Bus4940,Bus4941,Bus4942,Bus4943,Bus4944,Bus4945,Bus4946,Bus4947,Bus4948,Bus4949,Bus4950,Bus4951,Bus4952,Bus4953,Bus4954,Bus4955,Bus4956,Bus4957,Bus4958,Bus4959,Bus4960,Bus4961,Bus4962,Bus4963,Bus4964,Bus4965,Bus4966,Bus4967,Bus4968,Bus4969,Bus4970,Bus4971,Bus4972,Bus4973,Bus4974,Bus4975,Bus4976,Bus4977,Bus4978,Bus4979,Bus4980,Bus4981,Bus4982,Bus4983,Bus4984,Bus4985,Bus4986,Bus4987,Bus4988,Bus4989,Bus4990,Bus4991,Bus4992,Bus4993,Bus4994,Bus4995,Bus4996,Bus4997,Bus4998,Bus4999,Bus5000,Bus5001,Bus5002,Bus5003,Bus5004,Bus5005,Bus5006,Bus5007,Bus5008,Bus5009,Bus5010,Bus5011,Bus5012,Bus5013,Bus5014,Bus5015,Bus5016,Bus5017,Bus5018,Bus5019,Bus5020,Bus5021,Bus5022,Bus5023,Bus5024,Bus5025,Bus5026,Bus5027,Bus5028,Bus5029,Bus5030,Bus5031,Bus5032,Bus5033,Bus5034,Bus5035,Bus5036,Bus5037,Bus5038,Bus5039,Bus5040,Bus5041,Bus5042,Bus5043,Bus5044,Bus5045,Bus5046,Bus5047,Bus5048,Bus5049,Bus5050,Bus5051,Bus5052,Bus5053,Bus5054,Bus5055,Bus5056,Bus5057,Bus5058,Bus5059,Bus5060,Bus5061,Bus5062,Bus5063,Bus5064,Bus5065,Bus5066,Bus5067,Bus5068,Bus5069,Bus5070,Bus5071,Bus5072,Bus5073,Bus5074,Bus5075,Bus5076,Bus5077,Bus5078,Bus5079,Bus5080,Bus5081,Bus5082,Bus5083,Bus5084,Bus5085,Bus5086,Bus5087,Bus5088,Bus5089,Bus5090,Bus5091,Bus5092,Bus5093,Bus5094,Bus5095,Bus5096,Bus5097,Bus5098,Bus5099,Bus5100,Bus5101,Bus5102,Bus5103,Bus5104,Bus5105,Bus5106,Bus5107,Bus5108,Bus5109,Bus5110,Bus5111,Bus5112,Bus5113,Bus5114,Bus5115,Bus5116,Bus5117,Bus5118,Bus5119,Bus5120,Bus5121,Bus5122,Bus5123,Bus5124,Bus5125,Bus5126,Bus5127,Bus5128,Bus5129,Bus5130,Bus5131,Bus5132,Bus5133,Bus5134,Bus5135,Bus5136,Bus5137,Bus5138,Bus5139,Bus5140,Bus5141,Bus5142,Bus5143,Bus5144,Bus5145,Bus5146,Bus5147,Bus5148,Bus5149,Bus5150,Bus5151,Bus5152,Bus5153,Bus5154,Bus5155,Bus5156,Bus5157,Bus5158,Bus5159,Bus5160,Bus5161,Bus5162,Bus5163,Bus5164,Bus5165,Bus5166,Bus5167,Bus5168,Bus5169,Bus5170,Bus5171,Bus5172,Bus5173,Bus5174,Bus5175,Bus5176,Bus5177,Bus5178,Bus5179,Bus5180,Bus5181,Bus5182,Bus5183,Bus5184,Bus5185,Bus5186,Bus5187,Bus5188,Bus5189,Bus5190,Bus5191,Bus5192,Bus5193,Bus5194,Bus5195,Bus5196,Bus5197,Bus5198,Bus5199,Bus5200,Bus5201,Bus5202,Bus5203,Bus5204,Bus5205,Bus5206,Bus5207,Bus5208,Bus5209,Bus5210,Bus5211,Bus5212,Bus5213,Bus5214,Bus5215,Bus5216,Bus5217,Bus5218,Bus5219,Bus5220,Bus5221,Bus5222,Bus5223,Bus5224,Bus5225,Bus5226,Bus5227,Bus5228,Bus5229,Bus5230,Bus5231,Bus5232,Bus5233,Bus5234,Bus5235,Bus5236,Bus5237,Bus5238,Bus5239,Bus5240,Bus5241,Bus5242,Bus5243,Bus5244,Bus5245,Bus5246,Bus5247,Bus5248,Bus5249,Bus5250,Bus5251,Bus5252,Bus5253,Bus5254,Bus5255,Bus5256,Bus5257,Bus5258,Bus5259,Bus5260,Bus5261,Bus5262,Bus5263,Bus5264,Bus5265,Bus5266,Bus5267,Bus5268,Bus5269,Bus5270,Bus5271,Bus5272,Bus5273,Bus5274,Bus5275,Bus5276,Bus5277,Bus5278,Bus5279,Bus5280,Bus5281,Bus5282,Bus5283,Bus5284,Bus5285,Bus5286,Bus5287,Bus5288,Bus5289,Bus5290,Bus5291,Bus5292,Bus5293,Bus5294,Bus5295,Bus5296,Bus5297,Bus5298,Bus5299,Bus5300,Bus5301,Bus5302,Bus5303,Bus5304,Bus5305,Bus5306,Bus5307,Bus5308,Bus5309,Bus5310,Bus5311,Bus5312,Bus5313,Bus5314,Bus5315,Bus5316,Bus5317,Bus5318,Bus5319,Bus5320,Bus5321,Bus5322,Bus5323,Bus5324,Bus5325,Bus5326,Bus5327,Bus5328,Bus5329,Bus5330,Bus5331,Bus5332,Bus5333,Bus5334,Bus5335,Bus5336,Bus5337,Bus5338,Bus5339,Bus5340,Bus5341,Bus5342,Bus5343,Bus5344,Bus5345,Bus5346,Bus5347,Bus5348,Bus5349,Bus5350,Bus5351,Bus5352,Bus5353,Bus5354,Bus5355,Bus5356,Bus5357,Bus5358,Bus5359,Bus5360,Bus5361,Bus5362,Bus5363,Bus5364,Bus5365,Bus5366,Bus5367,Bus5368,Bus5369,Bus5370,Bus5371,Bus5372,Bus5373,Bus5374,Bus5375,Bus5376,Bus5377,Bus5378,Bus5379,Bus5380,Bus5381,Bus5382,Bus5383,Bus5384,Bus5385,Bus5386,Bus5387,Bus5388,Bus5389,Bus5390,Bus5391,Bus5392,Bus5393,Bus5394,Bus5395,Bus5396,Bus5397,Bus5398,Bus5399,Bus5400,Bus5401,Bus5402,Bus5403,Bus5404,Bus5405,Bus5406,Bus5407,Bus5408,Bus5409,Bus5410,Bus5411,Bus5412,Bus5413,Bus5414,Bus5415,Bus5416,Bus5417,Bus5418,Bus5419,Bus5420,Bus5421,Bus5422,Bus5423,Bus5424,Bus5425,Bus5426,Bus5427,Bus5428,Bus5429,Bus5430,Bus5431,Bus5432,Bus5433,Bus5434,Bus5435,Bus5436,Bus5437,Bus5438,Bus5439,Bus5440,Bus5441,Bus5442,Bus5443,Bus5444,Bus5445,Bus5446,Bus5447,Bus5448,Bus5449,Bus5450,Bus5451,Bus5452,Bus5453,Bus5454,Bus5455,Bus5456,Bus5457,Bus5458,Bus5459,Bus5460,Bus5461,Bus5462,Bus5463,Bus5464,Bus5465,Bus5466,Bus5467,Bus5468,Bus5469,Bus5470,Bus5471,Bus5472,Bus5473,Bus5474,Bus5475,Bus5476,Bus5477,Bus5478,Bus5479,Bus5480,Bus5481,Bus5482,Bus5483,Bus5484,Bus5485,Bus5486,Bus5487,Bus5488,Bus5489,Bus5490,Bus5491,Bus5492,Bus5493,Bus5494,Bus5495,Bus5496,Bus5497,Bus5498,Bus5499,Bus5500,Bus5501,Bus5502,Bus5503,Bus5504,Bus5505,Bus5506,Bus5507,Bus5508,Bus5509,Bus5510,Bus5511,Bus5512,Bus5513,Bus5514,Bus5515,Bus5516,Bus5517,Bus5518,Bus5519,Bus5520,Bus5521,Bus5522,Bus5523,Bus5524,Bus5525,Bus5526,Bus5527,Bus5528,Bus5529,Bus5530,Bus5531,Bus5532,Bus5533,Bus5534,Bus5535,Bus5536,Bus5537,Bus5538,Bus5539,Bus5540,Bus5541,Bus5542,Bus5543,Bus5544,Bus5545,Bus5546,Bus5547,Bus5548,Bus5549,Bus5550,Bus5551,Bus5552,Bus5553,Bus5554,Bus5555,Bus5556,Bus5557,Bus5558,Bus5559,Bus5560,Bus5561,Bus5562,Bus5563,Bus5564,Bus5565,Bus5566,Bus5567,Bus5568,Bus5569,Bus5570,Bus5571,Bus5572,Bus5573,Bus5574,Bus5575,Bus5576,Bus5577,Bus5578,Bus5579,Bus5580,Bus5581,Bus5582,Bus5583,Bus5584,Bus5585,Bus5586,Bus5587,Bus5588,Bus5589,Bus5590,Bus5591,Bus5592,Bus5593,Bus5594,Bus5595,Bus5596,Bus5597,Bus5598,Bus5599,Bus5600,Bus5601,Bus5602,Bus5603,Bus5604,Bus5605,Bus5606,Bus5607,Bus5608,Bus5609,Bus5610,Bus5611,Bus5612,Bus5613,Bus5614,Bus5615,Bus5616,Bus5617,Bus5618,Bus5619,Bus5620,Bus5621,Bus5622,Bus5623,Bus5624,Bus5625,Bus5626,Bus5627,Bus5628,Bus5629,Bus5630,Bus5631,Bus5632,Bus5633,Bus5634,Bus5635,Bus5636,Bus5637,Bus5638,Bus5639,Bus5640,Bus5641,Bus5642,Bus5643,Bus5644,Bus5645,Bus5646,Bus5647,Bus5648,Bus5649,Bus5650,Bus5651,Bus5652,Bus5653,Bus5654,Bus5655,Bus5656,Bus5657,Bus5658,Bus5659,Bus5660,Bus5661,Bus5662,Bus5663,Bus5664,Bus5665,Bus5666,Bus5667,Bus5668,Bus5669,Bus5670,Bus5671,Bus5672,Bus5673,Bus5674,Bus5675,Bus5676,Bus5677,Bus5678,Bus5679,Bus5680,Bus5681,Bus5682,Bus5683,Bus5684,Bus5685,Bus5686,Bus5687,Bus5688,Bus5689,Bus5690,Bus5691,Bus5692,Bus5693,Bus5694,Bus5695,Bus5696,Bus5697,Bus5698,Bus5699,Bus5700,Bus5701,Bus5702,Bus5703,Bus5704,Bus5705,Bus5706,Bus5707,Bus5708,Bus5709,Bus5710,Bus5711,Bus5712,Bus5713,Bus5714,Bus5715,Bus5716,Bus5717,Bus5718,Bus5719,Bus5720,Bus5721,Bus5722,Bus5723,Bus5724,Bus5725,Bus5726,Bus5727,Bus5728,Bus5729,Bus5730,Bus5731,Bus5732,Bus5733,Bus5734,Bus5735,Bus5736,Bus5737,Bus5738,Bus5739,Bus5740,Bus5741,Bus5742,Bus5743,Bus5744,Bus5745,Bus5746,Bus5747,Bus5748,Bus5749,Bus5750,Bus5751,Bus5752,Bus5753,Bus5754,Bus5755,Bus5756,Bus5757,Bus5758,Bus5759,Bus5760,Bus5761,Bus5762,Bus5763,Bus5764,Bus5765,Bus5766,Bus5767,Bus5768,Bus5769,Bus5770,Bus5771,Bus5772,Bus5773,Bus5774,Bus5775,Bus5776,Bus5777,Bus5778,Bus5779,Bus5780,Bus5781,Bus5782,Bus5783,Bus5784,Bus5785,Bus5786,Bus5787,Bus5788,Bus5789,Bus5790,Bus5791,Bus5792,Bus5793,Bus5794,Bus5795,Bus5796,Bus5797,Bus5798,Bus5799,Bus5800,Bus5801,Bus5802,Bus5803,Bus5804,Bus5805,Bus5806,Bus5807,Bus5808,Bus5809,Bus5810,Bus5811,Bus5812,Bus5813,Bus5814,Bus5815,Bus5816,Bus5817,Bus5818,Bus5819,Bus5820,Bus5821,Bus5822,Bus5823,Bus5824,Bus5825,Bus5826,Bus5827,Bus5828,Bus5829,Bus5830,Bus5831,Bus5832,Bus5833,Bus5834,Bus5835,Bus5836,Bus5837,Bus5838,Bus5839,Bus5840,Bus5841,Bus5842,Bus5843,Bus5844,Bus5845,Bus5846,Bus5847,Bus5848,Bus5849,Bus5850,Bus5851,Bus5852,Bus5853,Bus5854,Bus5855,Bus5856,Bus5857,Bus5858,Bus5859,Bus5860,Bus5861,Bus5862,Bus5863,Bus5864,Bus5865,Bus5866,Bus5867,Bus5868,Bus5869,Bus5870,Bus5871,Bus5872,Bus5873,Bus5874,Bus5875,Bus5876,Bus5877,Bus5878,Bus5879,Bus5880,Bus5881,Bus5882,Bus5883,Bus5884,Bus5885,Bus5886,Bus5887,Bus5888,Bus5889,Bus5890,Bus5891,Bus5892,Bus5893,Bus5894,Bus5895,Bus5896,Bus5897,Bus5898,Bus5899,Bus5900,Bus5901,Bus5902,Bus5903,Bus5904,Bus5905,Bus5906,Bus5907,Bus5908,Bus5909,Bus5910,Bus5911,Bus5912,Bus5913,Bus5914,Bus5915,Bus5916,Bus5917,Bus5918,Bus5919,Bus5920,Bus5921,Bus5922,Bus5923,Bus5924,Bus5925,Bus5926,Bus5927,Bus5928,Bus5929,Bus5930,Bus5931,Bus5932,Bus5933,Bus5934,Bus5935,Bus5936,Bus5937,Bus5938,Bus5939,Bus5940,Bus5941,Bus5942,Bus5943,Bus5944,Bus5945,Bus5946,Bus5947,Bus5948,Bus5949,Bus5950,Bus5951,Bus5952,Bus5953,Bus5954,Bus5955,Bus5956,Bus5957,Bus5958,Bus5959,Bus5960,Bus5961,Bus5962,Bus5963,Bus5964,Bus5965,Bus5966,Bus5967,Bus5968,Bus5969,Bus5970,Bus5971,Bus5972,Bus5973,Bus5974,Bus5975,Bus5976,Bus5977,Bus5978,Bus5979,Bus5980,Bus5981,Bus5982,Bus5983,Bus5984,Bus5985,Bus5986,Bus5987,Bus5988,Bus5989,Bus5990,Bus5991,Bus5992,Bus5993,Bus5994,Bus5995,Bus5996,Bus5997,Bus5998,Bus5999,Bus6000,Bus6001,Bus6002,Bus6003,Bus6004,Bus6005,Bus6006,Bus6007,Bus6008,Bus6009,Bus6010,Bus6011,Bus6012,Bus6013,Bus6014,Bus6015,Bus6016,Bus6017,Bus6018,Bus6019,Bus6020,Bus6021,Bus6022,Bus6023,Bus6024,Bus6025,Bus6026,Bus6027,Bus6028,Bus6029,Bus6030,Bus6031,Bus6032,Bus6033,Bus6034,Bus6035,Bus6036,Bus6037,Bus6038,Bus6039,Bus6040,Bus6041,Bus6042,Bus6043,Bus6044,Bus6045,Bus6046,Bus6047,Bus6048,Bus6049,Bus6050,Bus6051,Bus6052,Bus6053,Bus6054,Bus6055,Bus6056,Bus6057,Bus6058,Bus6059,Bus6060,Bus6061,Bus6062,Bus6063,Bus6064,Bus6065,Bus6066,Bus6067,Bus6068,Bus6069,Bus6070,Bus6071,Bus6072,Bus6073,Bus6074,Bus6075,Bus6076,Bus6077,Bus6078,Bus6079,Bus6080,Bus6081,Bus6082,Bus6083,Bus6084,Bus6085,Bus6086,Bus6087,Bus6088,Bus6089,Bus6090,Bus6091,Bus6092,Bus6093,Bus6094,Bus6095,Bus6096,Bus6097,Bus6098,Bus6099,Bus6100,Bus6101,Bus6102,Bus6103,Bus6104,Bus6105,Bus6106,Bus6107,Bus6108,Bus6109,Bus6110,Bus6111,Bus6112,Bus6113,Bus6114,Bus6115,Bus6116,Bus6117,Bus6118,Bus6119,Bus6120,Bus6121,Bus6122,Bus6123,Bus6124,Bus6125,Bus6126,Bus6127,Bus6128,Bus6129,Bus6130,Bus6131,Bus6132,Bus6133,Bus6134,Bus6135,Bus6136,Bus6137,Bus6138,Bus6139,Bus6140,Bus6141,Bus6142,Bus6143,Bus6144,Bus6145,Bus6146,Bus6147,Bus6148,Bus6149,Bus6150,Bus6151,Bus6152,Bus6153,Bus6154,Bus6155,Bus6156,Bus6157,Bus6158,Bus6159,Bus6160,Bus6161,Bus6162,Bus6163,Bus6164,Bus6165,Bus6166,Bus6167,Bus6168,Bus6169,Bus6170,Bus6171,Bus6172,Bus6173,Bus6174,Bus6175,Bus6176,Bus6177,Bus6178,Bus6179,Bus6180,Bus6181,Bus6182,Bus6183,Bus6184,Bus6185,Bus6186,Bus6187,Bus6188,Bus6189,Bus6190,Bus6191,Bus6192,Bus6193,Bus6194,Bus6195,Bus6196,Bus6197,Bus6198,Bus6199,Bus6200,Bus6201,Bus6202,Bus6203,Bus6204,Bus6205,Bus6206,Bus6207,Bus6208,Bus6209,Bus6210,Bus6211,Bus6212,Bus6213,Bus6214,Bus6215,Bus6216,Bus6217,Bus6218,Bus6219,Bus6220,Bus6221,Bus6222,Bus6223,Bus6224,Bus6225,Bus6226,Bus6227,Bus6228,Bus6229,Bus6230,Bus6231,Bus6232,Bus6233,Bus6234,Bus6235,Bus6236,Bus6237,Bus6238,Bus6239,Bus6240,Bus6241,Bus6242,Bus6243,Bus6244,Bus6245,Bus6246,Bus6247,Bus6248,Bus6249,Bus6250,Bus6251,Bus6252,Bus6253,Bus6254,Bus6255,Bus6256,Bus6257,Bus6258,Bus6259,Bus6260,Bus6261,Bus6262,Bus6263,Bus6264,Bus6265,Bus6266,Bus6267,Bus6268,Bus6269,Bus6270,Bus6271,Bus6272,Bus6273,Bus6274,Bus6275,Bus6276,Bus6278,Bus6279,Bus6280,Bus6281,Bus6282,Bus6283,Bus6284,Bus6285,Bus6286,Bus6287,Bus6288,Bus6289,Bus6290,Bus6291,Bus6292,Bus6293,Bus6294,Bus6295,Bus6296,Bus6297,Bus6298,Bus6299,Bus6300,Bus6301,Bus6302,Bus6303,Bus6304,Bus6305,Bus6306,Bus6307,Bus6308,Bus6309,Bus6310,Bus6311,Bus6312,Bus6313,Bus6314,Bus6315,Bus6316,Bus6317,Bus6319,Bus6320,Bus6321,Bus6322,Bus6323,Bus6324,Bus6325,Bus6326,Bus6327,Bus6328,Bus6329,Bus6330,Bus6332,Bus6333,Bus6334,Bus6335,Bus6336,Bus6337,Bus6338,Bus6339,Bus6340,Bus6341,Bus6342,Bus6343,Bus6344,Bus6345,Bus6346,Bus6347,Bus6348,Bus6349,Bus6350,Bus6351,Bus6352,Bus6353,Bus6354,Bus6355,Bus6356,Bus6357,Bus6358,Bus6359,Bus6360,Bus6361,Bus6362,Bus6363,Bus6364,Bus6365,Bus6366,Bus6367,Bus6368,Bus6369,Bus6370,Bus6371,Bus6372,Bus6373,Bus6374,Bus6375,Bus6376,Bus6377,Bus6379,Bus6380,Bus6381,Bus6382,Bus6383,Bus6384,Bus6385,Bus6386,Bus6387,Bus6388,Bus6389,Bus6390,Bus6391,Bus6392,Bus6393,Bus6394,Bus6395,Bus6396,Bus6397,Bus6398,Bus6399,Bus6400,Bus6401,Bus6402,Bus6403,Bus6404,Bus6405,Bus6406,Bus6407,Bus6408,Bus6409,Bus6410,Bus6411,Bus6412,Bus6413,Bus6414,Bus6415,Bus6416,Bus6417,Bus6418,Bus6419,Bus6420,Bus6421,Bus6422,Bus6423,Bus6424,Bus6425,Bus6426,Bus6427,Bus6428,Bus6429,Bus6430,Bus6431,Bus6432,Bus6433,Bus6434,Bus6435,Bus6436,Bus6437,Bus6438,Bus6439,Bus6440,Bus6441,Bus6442,Bus6443,Bus6444,Bus6445,Bus6446,Bus6447,Bus6448,Bus6449,Bus6450,Bus6451,Bus6452,Bus6453,Bus6454,Bus6455,Bus6456,Bus6457,Bus6458,Bus6459,Bus6460,Bus6461,Bus6462,Bus6463,Bus6464,Bus6465,Bus6466,Bus6467,Bus6468,Bus6469,Bus6470,Bus6471,Bus6472,Bus6473,Bus6474,Bus6475,Bus6476,Bus6477,Bus6478,Bus6479,Bus6480,Bus6481,Bus6482,Bus6483,Bus6484,Bus6485,Bus6486,Bus6487,Bus6488,Bus6489,Bus6490,Bus6491,Bus6492,Bus6493,Bus6494,Bus6495,Bus6496,Bus6497,Bus6498,Bus6499,Bus6500,Bus6501,Bus6502,Bus6503,Bus6504,Bus6505,Bus6506,Bus6507,Bus6508,Bus6509,Bus6510,Bus6511,Bus6512,Bus6513,Bus6514,Bus6515,Bus6516,Bus6517,Bus6518,Bus6519
0,-0.0,-0.0,-580.8191175091722,-1908.4945029239434,-458.3588738864306,-523.0811539509565,-85.17389084138463,-589.8453151996214,-583.2037940354196,-0.0,-1131.9455841930724,-0.0,-0.0,-2451.3507445301816,-0.0,-556.9116501881083,-442.0444611203484,-0.0,-38.096347290392806,-220.0038589615795,-279.120144303737,-712.1258853383042,-750.7146963682052,-619.896088247218,-2007.0647119241637,-583.0589391871382,-0.0,-36.635842530864835,-2601.361318299851,-1463.3796998647972,-0.0,-0.0,-0.0,-0.0,-0.0,-0.0,91.61176685035613,-183.38831637724013,-1713.9230427178718,-1433.5855823406482,-0.0,-0.0,-114.958361643061,-535.5848042268552,-128.6862497246839,-0.0,610.6509566464357,-1376.810078387296,-365.6495810670079,-0.0,-0.0,-234.79243923475033,-0.0,-10.735853208824642,-1753.892561014839,-2560.910813312011,169.60810161524773,-5271.301817091536,-188.33911389918458,-0.0,-1568.001066421079,-0.0,-675.0513184225787,-2382.262079638497,-456.6514765843708,-453.23347959001063,-37.41571261577488,-1801.843248359288,-811.2073840219705,-391.7601252197725,-2816.881732011664,-0.0,-0.0,-2280.4904972876398,-995.8827108685323,-218.69370035407135,-1467.7862088064805,-0.0,-0.0,-1105.3006419522803,-1278.0534601717713,-386.37252255049003,-3205.1442064446746,3.526861953528293,-25.6638158919276,-1637.6877355177228,-0.0,-572.2590635900289,-975.0067591276808,-8.077256695509492,-0.0,-1151.5671551205899,-78.54679913062267,-664.3390955653227,-2094.250246191065,-34.25877568630389,-2211.4502529855836,-350.7257682722027,-1460.1575824171446,-2478.7181886890016,-623.7744147700103,695.4298663809755,-453.78292071129994,-0.0,-1278.8380249825946,-2213.1290925079797,-3926.2898618307745,-469.903124353405,-2518.9664552819877,-0.0,-1451.6003498193575,-0.0,-0.0,-543.4887376934644,-0.0,-0.0,-563.463096504201,-68.07630549885748,-1363.521504620611,-885.8969030575807,-759.9705247027956,218.2225452050149,-460.1310320347883,-310.2573169374781,-176.70415977249812,-7.434072000385988,-585.5408949455799,-476.8712536816013,-701.6900636611903,-0.0,-4413.436315236913,113.71773515035592,-105.39229189859562,-3697.2186897575075,-0.0,-910.9584160768127,-58.04619943378609,-0.0,-290.24513986633406,-0.0,-0.0,-831.4902100752076,-0.0,-565.7845919817253,-913.9381808565059,-0.0,-1208.2155282854908,-232.4325517654593,-659.3348623125403,-1758.4809591390613,-0.0,-1595.887135090494,-974.0366780153797,-0.0,-0.0,-0.0,-0.0,625.8414941115977,-0.0,-1634.6646404176925,-1739.0643050731007,12.220548677238941,-0.0,-0.0,-665.1192158563815,-460.88553289414625,-700.4064052886037,-0.0,-387.3983755260059,-2880.3024028569375,-1036.9638480464682,-0.0,-955.3992353494135,-2243.084177834542,-0.0,-0.0,-0.0,-0.0,-0.0,-0.0,-507.000320505665,-642.4127850633382,-185.2413955081342,-188.19119434294547,-1107.0098997550276,-47.60719173436425,-0.0,-0.0,-624.0431384608778,-0.0,-596.2551927503152,-27.852396750885024,-3.6500540024244197,4.850531026864844,-0.0,-0.0,-963.7961163181076,-452.3390674899803,-424.50857113069804,-0.0,-2745.3597716834242,-1748.1100860914414,-1120.179151821374,-0.0,-0.0,-1851.0248832359289,-1339.8320162721084,-646.5863035012803,-84.19419453135914,-1549.630719722056,-1197.770859684832,-0.0,-0.0,-1584.8501442377185,-0.0,-726.9338155414961,-1104.5131821184389,-112.97241942640863,-404.4752014602778,-570.2576218528696,-509.4909133365649,-0.0,-1526.6631472567024,-0.0,-2565.4875541967444,-2952.018517320166,-182.32323888551082,-382.810319672399,-484.1272412650032,-0.0,-285.40666346007885,-241.90104516921502,-0.0,-830.3819772327587,-632.784129974381,-982.9586483233121,-1748.1884200463937,-961.3326622334846,-2000.776440114301,-1752.4742715285342,-1895.1696770853202,-1968.1474192653745,-1086.7278057737074,-2122.9503350770287,-496.5615968624531,-492.5298952795432,-0.0,-1162.2761848254636,-966.8953295780734,-1115.532124933945,-354.2432616672387,-355.6764885441625,-1830.864519572054,-729.7324348894875,-351.7397785445995,659.9214459903546,-0.0,982.0300092756838,-1159.0489566883052,-0.0,-0.0,-0.0,-0.0,-0.0,-0.0,-1198.4996906899444,-2240.9210054363202,-456.7354911918454,-944.1380503168601,-0.0,-0.0,-1552.8437544040976,-1026.5209807754998,-2018.3837905057987,-0.0,-0.0,-130.07173031367043,-57.06945469267389,-405.161189470092,-1493.2954719223656,-461.7977573510076,-0.0,-441.78120189136814,-675.7679793110962,57.5337990745459,-1159.4060247192785,-1402.882386000763,-1235.5635400500544,-1652.6455741470813,-255.54341643460404,-633.032114843756,-40.10129492183192,-1697.1808048480984,-0.0,-833.6215657239785,-150.38599765750658,-69.96723647081078,-530.6097046160999,-0.0,-1826.9822729085995,-113.90395239908234,-573.8098732672348,-1657.3592466471869,-1225.8986118572975,-0.0,-572.9604856124455,-790.1478068456831,-22.77708014955553,-276.16160580648983,-446.22843842198523,-47.19051261430153,638.9831981712983,-1099.5230189695128,-0.0,-872.9691078517347,-1236.3868872893709,-0.0,-461.7759724704176,-0.0,-1237.4004958042967,-0.0,-0.0,-0.0,-1152.9124102279075,-643.8107757576188,-402.8419696232009,-0.0,-1570.0406978177655,-2852.672010530704,-2978.512953056343,-0.0,-345.0554174701379,-0.0,-278.70138569657496,-112.19641282527188,219.37662227324364,-504.41282241195665,-0.0,-644.5923145930172,-889.167800107167,-290.89010708529497,-549.7683669880122,-0.0,-429.52363184864964,-797.8056020828146,-481.4736010837429,24.405189143094912,-2181.897938803748,-0.0,-0.0,-1432.2101215149844,-209.57731002687962,-1167.1301413329859,-87.01303628303188,-117.84751112457072,-224.39375495034804,-550.5231771516143,-870.3498540043015,-1262.6952528102277,-2175.016746073379,-0.0,-0.0,-351.351050892761,4667.134225450469,4.049334576080724,-0.0,-0.0,-0.0,-0.0,-2368.7371444022847,-420.2932613746891,-0.0,-883.738464437211,-909.0498914143013,-603.8177481008041,-2091.2741539595586,-225.3190393763864,-1111.2773619449044,-0.0,-0.0,-1885.345751529434,-674.2626934627804,-1780.2101863688017,-720.7155957267252,-703.8209059213096,-1778.1087235076561,-185.094790681681,-1710.7873374838919,-1115.0030330007248,-27.577325014458143,-864.0087660824761,-1106.024992242693,-202.4001725047366,-237.46641855569374,-1680.1698670724784,-0.0,-501.1355394749833,-230.36370902722248,-28.53471431151769,-753.5034168533053,-176.99770541961342,-776.279621847056,-821.3638785320004,-1141.2167176229552,-203.6958708615256,-2326.276864958716,-58.87645311490277,-477.24129934445824,-0.0,-835.889470669947,-598.1308864364769,-964.4003038311139,-1092.1160319022633,13.664101197704044,-350.9263833663385,-2650.766581025019,-741.815135572197,-344.01227188617077,-1084.2843358139544,156.91042273815546,-0.0,-0.0,-0.0,-0.0,-0.0,-0.0,-11.634780168981834,-149.48145331440818,-2340.6970824573805,-4203.310678934309,-530.0558962918165,-1032.207540711054,-132.5381563590865,-540.9117716878507,-1357.7120128411996,-1060.5947736302633,-37.77396879595533,-440.6505932780623,-512.9361928043041,-0.0,-95.85577793598104,-1121.913651384274,-503.06709854590184,-0.0,-966.1346582008938,-0.0,703.2097678733485,-0.0,-0.0,-0.0,-39.68642051743139,-0.0,-0.0,-952.9656193050644,-392.00327718343607,-1163.314256824259,-0.0,-0.0,-0.0,-762.381333473317,-485.44261933639905,-1257.4509558311986,31.75575600720236,247.77397567357127,-0.0,-0.0,-2852.123612360048,-1143.0228398915106,22.469286218122086,-47.35742634282275,11.820029975278283,-19043.08908227386,-19790.786471239964,-2358.1625419124903,-0.0,-0.0,-0.0,-0.0,-409.3774503281817,-0.0,-0.0,-541.8159261701862,-2272.320473350824,-1931.5781205172113,-1401.1078285901415,-312.3328251183278,-1639.6226741819241,-26.880282784767786,-1183.897039429445,953.7621619166506,-7.202174992321688,-965.3095292756155,3.5326415625677736,-0.0,-0.0,-0.0,-0.0,-154.92942379566526,-0.0,-0.0,-0.0,-866.6269759749733,-1371.3819804293876,-0.0,-0.0,-235.89770723228742,-2079.2205922684047,-0.0,-1406.9511367804153,-1603.6198746162927,-1782.6848062279892,-0.0,-0.0,-103.54126626097505,-76.81902196869434,-1076.5106610298217,-1442.7707400198924,-542.440842412755,-1180.0282575618664,-1110.5796976548852,-0.0,-0.0,-0.0,-0.0,-404.3384326883302,-215.778371924109,-0.0,-0.0,-96.18969849405323,199.76351001606682,-0.0,-1078.1972900424114,-991.3854073364834,-944.1366377129219,-0.0,-0.0,-673.1086451095816,-1208.1070240814322,-671.8434978615685,-407.1006445791127,-0.0,-2180.393393472274,-2037.3107834735868,-0.0,-0.0,-0.0,-0.0,-0.0,-1278.731231138153,-0.0,-1840.8452413211255,-1277.528043306015,-68.61250959233168,-0.0,-0.0,-0.0,-2470.0297941821577,-1385.673142381405,-592.6907586763255,-457.06327346214215,-1003.834744320727,-709.3883125040456,-0.0,-0.0,-651.22701000256,-1377.608464411643,-69.8679377068075,-435.46458418963897,-0.0,-768.4631085174835,-616.2520362884161,-1444.5147612903356,-0.0,-291.84038166447516,-117.2373794495683,-303.1081867720333,-1464.9632008404687,-301.0400435482348,-0.0,-0.0,-0.0,-0.0,111.99360991458637,-158.9915354090756,-780.3276812274976,-1232.6349490526852,-1107.43429421852,-463.58062696850686,-552.1729113351521,-5270.335971828473,-908.1153058244593,-599.1518793239111,-0.0,-0.0,-0.0,-251.16737433173424,-336.7369619167233,-1210.496992006123,-310.2881147398437,-0.0,29.47686830294034,-0.0,-0.0,-0.0,-0.0,-0.0,-0.0,-0.0,-90.36352620598254,1350.5493125826474,-0.0,-1466.2278024654684,-630.4222097698507,-409.94271595659046,-1487.0855399829632,-0.0,-0.0,-555.4121414494854,-667.2519458409033,-127.35059978714172,-115.0158692107773,-128.1236677518484,-515.763613337684,-137.4379048054961,-1945.9825992947215,-365.04987313785676,-397.5562294399457,-0.0,-0.0,-1349.0123060805392,-2656.9443674633185,26.74614039811019,-498.4232004259614,-317.91104636027774,-834.6315868302678,-1056.0946280110018,-758.1435676325665,-278.9033171647277,-143.28760250007818,-1370.1804378258046,-0.0,-0.0,-0.0,-0.0,-0.0,6813.312845373369,-80.9585261746824,-519.0166172534218,-577.9813073946868,-1003.1233896701706,-1256.772163006993,-1206.3863230939537,-1607.9898994356306,-2073.7544910795596,-439.28131845307735,-0.0,-0.0,-1475.4422612195042,-0.0,-0.0,-255.40026434386724,-1677.7948130326731,-1286.4693962498854,-463.3386588735322,-61.72868572071342,-1752.063837971684,-0.0,-1330.2065570546658,-0.0,-0.0,-0.0,-0.0,-0.0,-0.0,-528.3147866666953,-1198.9562408909771,-968.6985342918841,-92.69911136180306,-239.67417800619637,-560.5128609750988,51.27288118893052,-0.0,-0.0,-534.1723445422558,-565.9225014558409,-3607.759018910796,-0.0,-1404.7680311181148,239.77381200365937,121.08631378603751,-0.0,110.18048177364817,-170.3600459900333,-150.7573803938418,-457.78712367590634,-0.0,-1792.9486787179862,-0.0,-0.0,-1078.7500171867734,-0.0,2263.7984955595907,2157.902711514475,2139.6384133309984,-0.0,-0.0,-1723.877922371496,-0.0,-0.0,-342.7719035409152,-905.5621575769883,-755.3108151083409,-981.8607627337703,-1163.41109047092,-0.0,-0.0,-0.0,-0.0,-580.5243249640462,7.146623263378195,-55.461946820385855,-1172.0963931228177,-971.3181833785267,-387.5800133860005,-1392.8678423288975,-0.0,-1988.0750892221656,-1204.619636582161,-1377.9780907952709,-386.4146866923196,-362.39511195195325,-0.0,-1144.3122867620812,-739.7836383412935,-922.9869692616605,-1806.35860627413,-526.6693480114823,958.211940608513,447.9944287431147,-336.44770637387427,-1068.8001250822338,-0.0,-1594.7654748256864,-2947.608038024616,-457.6850127592551,-439.49117983290165,-0.0,-0.0,-0.0,186.4463334666838,-339.7264774029127,-435.0340981585121,-143.38537708574046,-496.2155374621035,-503.2929072041938,-0.0,-389.1116070406914,-853.2482288573079,-659.3748185878749,-0.0,-1996.5724619405598,-4582.62712834261,-0.0,-0.0,647.8563378840349,558.6251496022232,-0.0,-0.0,-643.5572763369082,-798.241739890663,-315.01686872531485,-647.2233161833512,-0.0,-0.0,-0.0,-0.0,-0.0,-2449.76995360339,-375.6682660360638,-1672.225973396336,-965.7788893787621,-0.0,-358.28486217626056,-436.04311866765784,-0.0,-218.87924146758382,-774.8839861616733,-1082.6327243748017,-4143.493240814582,-73.18971069967466,-0.0,-0.0,326.7314345882408,849.917166507107,-0.0,-0.0,-361.7470473695669,-0.0,-0.0,-0.0,-2384.6312415839334,-0.0,-517.362557163965,-0.0,-0.0,1687.1992734361515,1936.185168553104,1719.0650624618863,-0.0,-0.0,-387.51722860805637,779.2115476304829,-2125.500621899491,23.900524940103292,76.41311285318375,-2437.967489604053,-97.30628188680207,-170.25137552396978,-553.5155389893988,826.2505028215836,3500.154128381267,-2903.4658897911268,-0.0,-0.0,-956.9888392735594,-1596.2817976617703,-1140.3312282150698,-253.16308592363103,-42.14258656804637,-0.0,-0.0,-0.0,-0.0,-1890.9182625951255,293.07131193202974,-0.0,-3.7357133209956954,-0.0,-1422.7281296870945,-1820.2084990163955,174.39547312314534,-0.0,-0.0,-351.1605230371351,-0.0,-1739.6224997952834,-83.2296608607508,-941.7594649838627,-387.36276571135505,-1145.218797638815,-713.1770516305655,-1095.7809637552252,-581.6867027653501,-0.0,-0.0,-0.0,-115.01256004492342,-0.0,-0.0,-245.60362001763355,-414.0636227554447,-684.0276696124333,-0.0,-1578.2348571049354,-993.1488442719092,-846.1210590336499,-7.6814160493500685,-6.7858336573884115,291.0580972334257,34.77604466773812,-0.0,-0.0,-11.534869396079465,-1585.635921801387,-640.6253989840318,-792.9299723578337,99.59095928480599,-2017.9435510227227,-1832.1850103456964,-938.2998562438175,-907.3743393969904,-37.64335132928412,-521.6980338685091,-682.5339220360054,-1221.5751278058221,-1941.9071547437807,-0.0,-1717.936765823878,-141.71460108160005,-0.0,-2341.6737774133476,-2590.18280652497,-2059.9512113038218,1633.1856853334734,-0.0,-1447.6476987063986,-203.1670673717964,-1194.8679291214492,-632.8368086676182,-124.77185195524304,-1946.3480242123428,90.23037412275676,1469.967410407534,-0.0,-178.01599778082118,-379.54401415536967,-1038.9684930321016,-984.7669504132845,-1604.2532996414855,-3812.1993902623067,-0.0,-561.650530325771,-1335.453370957552,-694.3067736933846,-214.4519735004973,-25.8017611463502,-259.284107573995,-0.0,-0.0,-0.0,-0.0,-318.7021887803934,-1247.0449422881434,-840.7440066822476,-60.593593867236514,-467.57841497106153,157.46772322250374,-0.0,-0.0,-943.084664903114,-485.79440524797656,-0.0,-1935.309378479455,-89.06634953518954,-1178.062131563698,-0.0,-189.5802157640388,-172.93080542371106,-0.0,-0.0,-432.5512147198129,-0.0,-0.0,-4066.6334808255265,-196.7085989829595,-2011.7614184122751,-0.0,-0.0,-96.1396281345783,-1303.510404090458,-649.7140546740125,-383.2637963622839,-1268.8873554904817,-0.0,-702.5898179492993,-0.0,-481.0309609880251,-0.0,-0.0,-200.6864772370963,-87.78558957334621,10.735077036476454,-317.8897228611569,-1358.2540951229487,-1835.5194531147863,-0.0,-0.0,-0.0,-21.459610306792673,-394.28882250239786,-0.0,-1539.6473851019443,-2323.861933933643,-0.0,-0.0,-63.477386532410875,-1283.4843933648467,112.614796707903,-0.0,-0.0,-0.0,-0.0,-498.5676321124708,-2277.641379171046,-216.07103646467326,-1125.579904150522,-0.0,-0.0,-688.5697832678484,-488.13498637498594,-315.36423145790826,35.666037858814455,-0.0,-0.0,-0.0,-821.3915556280981,-612.7159622634034,-492.07213798627834,-302.0668882718843,-0.0,-0.0,-0.0,-0.0,-2038.0529763666912,-77.97829852695784,-21.143122346512307,-0.0,-0.0,-636.1255033689705,-399.4514604292845,-0.0,-1821.1939297099411,-4157.590413397273,108.08863131337296,-1163.8720091175687,-0.0,-0.0,65.89678918683067,-407.25415390671395,-1580.0177356307033,-489.091067994363,-2457.780313808125,-1292.7747162638625,-729.1659732121005,-1507.2959913664743,-0.0,-0.0,-0.0,-35.614327577488176,-1075.0732819512639,-0.0,-0.0,-2760.759070722376,-81.43681439527502,-1414.4533661846779,-730.8190446967014,-0.0,-0.0,-0.0,-0.0,-0.0,-0.0,-662.0433859646167,-0.0,-1621.733437036032,-0.0,53.916485275607464,-1259.127013179407,-0.0,-0.0,-0.0,-2247.388249811169,-0.0,-0.0,-506.01671003373366,-0.0,-0.0,-1043.5806084078883,-551.3756525338296,-0.0,-0.0,-156.06272961620968,-1982.0261759216799,-0.0,-956.3053257864126,-749.0401814306284,758.3637079270313,-171.83320843742197,-0.0,-533.9663174159,-2.3485637253777885,-0.0,-21.43187993059812,-0.0,-343.32992414215363,-0.0,-0.0,-0.0,-0.0,658.4201824018553,625.7733259583923,-866.4259127648459,-1585.9743968274902,-0.0,74.10112967665343,-3.9117155396326897,-68.37121722636373,-828.7610156564016,120.89099453884315,-469.2819705019373,-362.57283997259424,-159.12343763970216,-3361.5881243612635,-0.0,-227.95685200101107,-1667.2210772796368,-2272.8657739916507,-0.0,-1141.3906708759957,-1400.5608831056702,-1976.7289196906102,-697.4314407326784,-0.0,-806.4290206525652,-672.7822074536062,-732.1852564501182,-1258.370284902334,-970.879203133517,-0.0,-116.95730997829979,-1035.3417806605305,-0.0,1017.1568687366595,-416.5947960715592,682.6139293631587,-0.0,-0.0,-96.49597943964815,-33.54700856780419,-2130.0003897503298,-949.0945164111205,-0.0,-805.9412038121367,-2741.3364630024384,-825.560253826405,-849.481157938067,-1165.813937294165,-380.64580899017903,10.062873987407214,-37.30750904515506,-0.0,-0.0,-874.0774303509139,-78.26837758900454,-0.0,-0.0,-1857.6416757500363,-712.6703721614481,-614.3458884552183,-1713.3870883923873,-88.04707594645512,-18.47529428422283,-2318.4248815231545,-790.4018507053993,-537.2914592805193,-930.5215592237677,-0.0,-2113.611029232852,-399.3155045211655,-1143.5272131139684,-1313.6986188901226,-306.96244996474087,-499.7437621773358,-1586.1304491425915,-396.98455666224845,-0.0,-0.0,-0.0,-1237.2220679749469,-0.0,-2942.937022070673,-1196.6802986216935,-1396.3427396007166,-0.0,-0.0,-0.0,-0.0,-0.0,-118.09376956196782,-0.0,-236.22455817401914,-872.9899820837413,-362.3992149862406,-0.0,-0.0,10.267173465845133,-0.0,-0.0,37.87593928293441,-239.089275573666,-0.0,-475.2241151919148,-0.0,-0.0,-81.42913440716669,-10.716251251144964,-2591.9395912655696,-2056.683286156687,40.12854583344405,-6759.556485651314,-813.1330981986204,-594.1625353963957,-0.0,-817.3970320885361,-1435.3604647665359,-0.0,-0.0,-0.0,26.25316715629681,-0.0,-1291.7770894875289,-0.0,-1310.7539645875124,-0.0,-0.0,-2039.9245811443361,-360.00888410861853,-673.0574800862117,-0.0,-0.0,-0.0,-0.0,-253.51369111909108,-680.3094954974763,1305.5561891722243,887.1985263113495,-721.9282939151312,-8.003921952692467,-0.0,-306.2443144623379,-304.65896471385275,-1637.2850236349093,-437.5030128277635,-113.04490477239764,-1008.9459700597923,-1409.9798374372035,-880.2729708046769,-648.6876398177858,-0.0,-0.0,-0.0,-74.73846269874316,-0.0,-1598.8471305179573,-556.7305632249996,-0.0,-1719.6504059334636,-1124.0619401074762,-0.0,-0.0,-0.0,-0.0,-0.0,-1034.7556316532082,-0.0,-262.71696482078636,-1724.051712752134,-0.0,-1010.012726950747,-0.0,-0.0,-0.0,-2221.176597386471,-1221.3330220679823,-973.8782843992603,-2453.337028596923,-0.0,-0.0,-0.0,-74.15389507699925,-467.4046131540281,3.5535766180143114,-408.0965607096789,-278.2770264234132,-0.0,-0.0,-302.2112485220316,-1301.364544720752,-3613.849342514571,-0.0,-379.7861843996303,-1237.8680562980078,-378.0190196437054,-449.3268191339095,-0.0,-0.0,-0.0,-1731.1433820938623,-1788.1860176653327,-39.502976923735304,-1592.1567233388866,-477.82456562780453,-324.5570674276431,-8.031484130129096,-1076.7534742087175,-0.0,-1878.4306317108442,-0.0,-469.75558285208393,-0.0,75.01156958040175,-0.0,-0.0,-501.71457559149127,-753.9008019534962,-7.157105890006438,-0.0,1181.0069675890845,-0.0,-0.0,-1680.1124195743384,-1270.512748158909,-1047.6342430874165,-0.0,-338.02096098162195,-581.0935540423617,-1357.6652864294902,-0.0,-0.0,102.28773204293063,-650.9320093298497,-0.0,-0.0,3.4951298696890944,622.9940913507079,10.937460132968445,-1363.878643606694,-0.0,-0.0,-1642.986400234623,-1561.6656287982498,-76.22349867177635,-0.0,-155.02666368307484,-685.5630267476469,-1038.677301013246,-1510.7909580826285,-0.0,-836.3135337898791,-5.9383099359000795,-0.0,-1526.942251147289,-0.0,-0.0,-0.0,-0.0,-551.842043810122,3.3964227627528736,-15.086587044912456,-0.0,-0.0,-535.3475766004625,-0.0,-0.0,702.7276002734947,-961.4263378023065,-48.60920991633724,-1833.134722749293,-0.0,-0.0,-601.8061842648945,-0.0,-255.2142950602269,-1066.3345297684234,-935.883566596012,-1044.534673103552,-0.0,-0.0,1347.2034404853414,-0.0,938.1550159732329,849.4112968132996,-38.118506322245025,-785.7082405450423,-0.0,-0.0,-95.8721029643724,201.38933914941023,-748.5047732999951,-346.06893822632105,-976.5096230706371,-2482.9200150001907,-1787.2895108293203,-0.0,-0.0,-248.8725134438917,-4788.799101008211,-565.9703388499364,-510.97225340810866,-0.0,-0.0,-555.8526599993942,-0.0,-962.5039417105648,-1193.6474895109616,-711.1939798445869,-0.0,-0.0,-52.41191372385684,-0.0,-155.53988462727256,-1310.3096908810344,31.159210924126274,-600.7899500626531,-410.69343053117495,-229.23555977414844,-599.9988663154218,-2119.948096054233,-15.43765771200309,-1100.3138756312012,42.38747204154234,-917.1386615264286,-286.14519434868737,-0.0,-0.0,-212.3584563829133,-0.0,-0.0,-1514.1090574003636,-598.5762216802709,-0.0,-784.8551753140875,-469.08610699098267,-0.0,-0.0,-1312.9318630499292,-747.5481952675478,-1406.0038527053027,-1251.0097914399505,-0.0,-98.16546296184349,-2843.4078824452595,-976.574144044982,-255.2767609504084,1470.1210124267668,-1682.5975247707274,-1143.9867736978497,3.862308388212769,-809.7318780240573,8.11855351044962,-1665.734660506756,-0.0,-3419.543311855505,-748.3543797627199,-0.0,-1444.4424859411865,-1347.9822276116486,-0.0,-175.45863714282282,-830.6450969103809,-1092.1294585047358,-1291.941187538924,-698.3117439885527,-481.10646184769934,-484.79044604938065,-0.0,-136.07870087611997,-0.0,-2254.8422333111507,13.688848187671503,-3219.619604500408,-749.3427910862782,-37.78870325770149,-33.45826862968333,-1273.0798286022216,-758.656301134532,-0.0,-388.62736951907664,-0.0,-0.0,-714.9868254037615,-0.0,-0.0,-0.0,-0.0,-0.0,-0.0,-0.0,-692.6283367253271,-444.07506225493347,-2504.1179203878105,-2204.6900099778068,-0.0,-0.0,-1057.3945690716112,-1823.310275515522,-460.561891118622,-168.6971378993364,23.340231496437685,-0.0,-1257.2628522962648,-0.0,-2200.108752368023,-0.0,-0.0,-0.0,-0.0,-1750.9671729364757,-207.86958052669456,-414.574426974213,-996.2595480869658,-1230.9997982251095,-999.414073641951,-678.7689202663422,-1093.8402660070587,-0.0,-0.0,-0.0,-0.0,-536.3478052810001,-391.50314062635994,-1258.2869257822545,-0.0,-643.7346454928144,-5787.0647292381345,-557.023999850104,-728.7767032963463,-2633.845181246348,-744.3451133653743,-0.0,-483.3133684857177,-514.8541666017322,-1040.076091873208,-545.7800171215455,-1355.239362964928,-1556.0249685571625,-0.0,-0.0,-0.0,-0.0,-1465.739007254071,7526.592636993581,6154.494696242839,-0.0,-0.0,-0.0,-0.0,-1868.7603271518806,-1055.2530850564785,-78.76961107925494,-1290.5721587724152,-741.8995970920159,-0.0,-0.0,-0.0,-0.0,-666.179107206563,-0.0,-1709.401160470198,-216.99994672771845,-0.0,-0.0,-0.0,-0.0,-119.5813510210764,-480.25682755600155,-364.5389026194504,-791.9412668640688,-1058.3778988704116,-1024.1842738427067,-1002.2033390180627,-272.2596631304193,-1367.3946467193825,-1319.7458096761359,-1055.1864178938238,-1397.1165699417757,-35.34672801180048,-1097.8319762476822,-928.4749394523786,-848.3634033453801,-1421.3185388094873,-314.14083350156716,-2032.4558552086921,-1372.234484702845,-1721.3331195222543,-542.4332509060225,-501.3634097185183,-967.2811864621261,-0.0,-971.7401662640154,-0.0,-3055.0433447738387,-715.3698355275261,-250.60162922493,-1711.0286251183675,-1377.1547164477627,-1037.004949322002,-0.0,-0.0,-0.0,-0.0,-745.0641586550224,-3276.0918573691615,-1539.314993612531,-0.0,-0.0,-1035.1066380576424,-0.0,-0.0,-1100.1928989514254,-473.3108271174693,-992.2870877903187,-514.3916774537049,481.022350278288,-991.9541276474764,-524.598851887852,-1399.8446883132797,-0.0,1263.2615923166159,-0.0,-0.0,-1048.8159210600772,-5029.206023814099,-0.0,1513.0788808643351,320.2309202905203,-798.8585958742052,-210.7975573732518,-0.0,-1608.6575428989684,-907.774928902926,-1982.8009909225827,-1894.0569603301,-334.34958692184483,-0.0,-418.2453877119371,-148.07550068284462,-0.0,-899.9899584387158,-0.0,-1615.131046813106,-2018.4579362227403,57.5959230992474,-2170.256412750708,-1812.02242162877,-0.0,-499.2250510850115,-1236.272612578121,-1752.1660297238968,-0.0,-350.1416621838214,-2172.9197082415153,-809.2155288264435,-744.109897152848,-834.2720575668717,-393.42175731229605,-792.4229727398072,-1411.2746245492456,-0.0,-878.6443456922394,112.02638960391036,-1291.1410918489846,-0.0,-524.4150324371988,94.86420457387118,-830.6189430789934,-557.5836833104883,-0.0,-537.0296452605388,-406.2659146195312,-1518.8784907164138,-1130.1395505822325,-1455.7233090916156,-783.4138000398888,-712.1001581935575,-836.8518873093296,-1960.0367479227123,-20.697364687943264,-0.0,-488.5523676013787,-560.3315328928744,-1242.732595737039,-1863.0028450461864,-285.869174875599,-661.8171800323232,58.31943655071123,-779.3184489846723,-1131.9057198939595,-721.1939204957112,-0.0,-920.1356475498209,-50.8352872089548,-2246.058397761983,-0.0,-380.7421497146866,-716.6582805820324,-507.35890618219315,-2096.333684474813,-154.15585380493252,-1393.2262042339664,-636.4116052022872,-2334.8852907170685,-0.0,305.7885637474946,-0.0,-0.0,-290.9521923979178,-0.0,-0.0,-3300.0160467587134,-24.41953519158382,-33.791081571194326,94.02359586567239,-1207.6286013496708,-0.0,-0.0,-0.0,-0.0,-0.0,-25.481153429143294,-0.0,-320.58493871052264,-0.0,-266.0694791329655,-1759.4063219406387,507.76145588469916,-2682.6871193084166,-0.0,-0.0,-0.0,-0.0,-0.0,-0.0,-0.0,-0.0,-0.0,-2344.645232886333,-0.0,-2450.087170306799,-2852.0318505490295,-34.924942780571705,-0.0,-0.0,-0.0,-0.0,-822.6801537287491,-996.5920793458258,-0.0,144.95319591468584,-506.5114520070933,-1959.9424438328585,-593.145502937515,-0.0,-483.9343649944693,-1051.8738045654568,-0.0,-0.0,-565.3389837935737,-835.340407789364,656.6003429088887,-443.37435431860075,24.79081872942978,26.86699880383412,-0.0,-0.0,-0.0,1415.659146958706,1266.6978710019775,1484.9117688986742,-0.0,-0.0,-0.0,-720.0441800848006,-0.0,-0.0,-867.841854539359,-70.06072196563242,-425.58148289660033,-51.33161974137625,-939.3514814039279,-727.1692888384121,-1312.495514168418,-130.648007226373,-253.7825029692191,-1124.7256374882506,-0.0,-1961.3200887943137,-14.653004097739712,-866.8512092070731,-839.6191277295694,-14.960486529141903,-0.0,-1186.3903640287574,54.38970730181262,-0.0,-0.0,-0.0,-0.0,-0.0,-1255.3610284963015,-2809.085654647225,-0.0,-587.8385407225269,-55.692566389135614,-0.0,-0.0,-0.0,-377.6254867206215,-27.294532668947312,-0.0,-1187.5857847172745,-719.8345572212878,-0.0,-0.0,-487.70110822363137,-0.0,-0.0,-1487.9046818203449,-1255.7993320488595,-0.0,-745.3226782541589,-1909.3078998782967,-83.9507051264756,-0.0,-0.0,-266.41004384469284,-709.2545380525002,-212.11588783067168,-179.47822445760943,-148.84420558746078,-0.0,-0.0,-0.0,-1228.10408893892,-901.460680473658,-1773.5804910559195,-248.22494997651012,-1212.1456325106492,-112.97670473270145,-149.33418254402736,-437.9226180198663,-1800.6502391000936,-0.0,-0.0,-1576.9550674797802,-1720.3571813077858,-0.0,-0.0,-0.0,-493.19384842558367,-2104.721449879245,-3102.6220531203103,-0.0,48.24434458594248,-161.02969382775146,-626.5940092575552,-615.1553963408893,-1859.221831714361,-0.0,-1347.7502971667088,43.001594974925304,7.352335522095109,-279.1555781805572,-0.0,77.22452718836945,-257.021320097247,-386.9266921071784,7.075246265046481,-0.0,-0.0,-601.4123369737935,-11.85905558765882,-0.0,-1217.298251437391,-885.308835227683,-1119.865825948794,-726.4736137428504,-1047.3113569522468,-1584.7206624814776,-0.0,-0.0,-0.0,-0.0,-0.0,-318.22478460173386,-597.1280768058174,-1149.1384873170978,-1395.1156077555695,610.6946112703541,-1328.5225080513053,1516.1105943638454,-0.0,-1891.533030060145,-1520.1638973042218,-757.7910032711848,-27.91142814119806,-110.99246720033048,-2013.5446945407487,-206.5675327750754,-0.0,136.90183743025892,-817.828218430423,-0.0,-0.0,-548.8064646955611,-376.3103867940868,-356.30955640146084,-1127.66734176927,-1525.7940873796697,-0.0,-1364.6811431704627,-1030.9060576561299,-3759.8681449785404,618.9616396871901,506.88161619156386,615.1482980272845,636.8504959897186,-0.0,-0.0,-0.0,-0.0,-0.0,-0.0,-0.0,-0.0,-541.604827762026,-0.0,-48.151866494017746,-35.2149678328814,-0.0,-1187.0509675002534,-1284.6004304026335,-1821.5021768478275,-0.0,-0.0,-0.0,67.32321966444857,-2739.242081610468,-603.324047755477,-2604.7506448557415,-1411.4629015049948,-0.0,-0.0,-136.2986181066017,-1262.4951662165709,-0.0,-1769.5573157891458,-651.4963742988391,-0.0,-0.0,-0.0,-2210.117424499474,-0.0,-0.0,-0.0,-0.0,-0.0,393.7647702773047,-0.0,-0.0,-0.0,-891.0564578505109,-0.0,-0.0,-0.0,-0.0,-0.0,-0.0,-0.0,-463.10911356340426,-937.4630489612414,-1370.3894783177782,-1509.3156339977675,-532.8431474782797,-1120.9161338214092,-33.56145507076137,-0.0,-581.0658911772283,-46.465324111303204,-0.0,-0.0,-0.0,-0.0,-733.683346082474,-0.0,-454.8203353447163,-1163.4827182195647,731.8108403226662,659.2335791789503,671.5132872114767,612.2651390404745,638.1594626288007,-0.0,-0.0,-0.0,-0.0,-0.0,-0.0,-326.3884101452191,-0.0,1900.5087912892777,878.3878248227081,1056.2024095911104,-0.0,-0.0,-1134.4771718513139,72.1944046330154,-58.03161225073637,-2166.349494065005,-0.0,-1718.0194712455805,-0.0,-0.0,-0.0,-0.0,-598.6117906177029,-0.0,-489.34661524312094,-511.6844645844035,-351.2183050441879,-0.0,-15.160922738220371,-0.0,-761.3554352028177,-0.0,-2066.5278611016133,-558.9502033216693,1577.3988693956137,-1937.318682016446,-876.1961097735086,-63.26494946890223,-762.8725545860077,-0.0,-484.8250623755903,-72.6387642502195,-2207.513279708353,578.065466025906,82.19025965900451,541.6928228069748,1146.750589523325,-0.0,-284.6312204380499,-22.913949460413043,-965.9554106806456,-1117.4993380514125,-1312.647807942529,-1691.455408551261,-0.0,670.8627315454554,-0.0,-350.3765000471728,-2097.7497983598696,-1215.1273124610407,-0.0,-1168.2577973184846,-359.1398009890199,-543.0639203694011,-663.06632416932,-308.51311250504256,-1252.2853957841128,-0.0,-1975.0033678193586,-362.2590821554665,-1379.3376568566025,-287.96144392500395,-0.0,-0.0,-0.0,-0.0,-1179.4571836961832,1075.183177703535,-1002.3899540134414,-556.9412713307779,-0.0,26.91202301950205,-0.0,-0.0,-707.6495553662453,-652.9627384729905,-690.5172115786838,-587.2693605762466,-0.0,-0.0,306.91119666735216,214.43269087850098,538.2877920098106,-0.0,-530.7146336381891,-1732.24779331198,-1150.2076352600745,-3.938012777827045,-1494.594094430719,-0.0,-0.0,-0.0,-523.0132112428507,-787.8855594414797,-0.0,-1224.630560939142,-0.0,-2406.3846831130845,-3337.8326026506893,-0.0,-17.640356076095088,-0.0,-685.9697786251473,-0.0,-0.0,-0.0,-1962.3245999983444,-1015.2157040391306,-552.4903348277751,-795.0177512519148,-0.0,-0.0,-1932.3998147470174,-0.0,-496.3652233953516,1061.3705017709801,-821.0998596551758,-691.156652374034,-505.22872181089963,115.58729705235339,-0.0,-0.0,-1220.6878993610505,-0.0,-659.0413206246998,-62.2361330365629,-329.90671162003014,-310.75935319193104,-0.0,-0.0,-206.94608225164538,-580.9079891145057,-956.0346952879553,-568.852718499236,-966.5638556828096,11.809978476762199,-0.0,-118.39652073597792,-1892.5429431185223,-1145.4136557034888,-0.0,-0.0,-0.0,-517.4501356099202,-549.2284573317244,-1419.4418865814093,-0.0,-0.0,-0.0,-0.0,-0.0,-1353.682262879312,-645.4500679765008,-0.0,-528.0467901710131,-0.0,-16047.188316244365,-740.6787501254489,-107.79593271514274,-550.757430007448,-0.0,71.30004147730762,-1161.4557333457294,-2340.753482763236,-0.0,-0.0,-0.0,-706.358851036553,-466.334669335211,-1001.1418244268574,-914.2313045771482,-516.0258573536212,-0.0,-0.0,-1571.2929505480695,-523.5034757322875,-2081.395935685406,445.8691531778249,-2155.039249755304,-0.0,-0.0,1496.5585267502333,-1414.7390094051862,-0.0,-215.45299938381999,-320.1685148777405,-574.5283299166052,25.757413480849394,-809.8126394969902,-0.0,-0.0,-1243.8141357174393,-1159.8082924991988,-2227.434365539139,-0.0,-0.0,-2204.9989084883514,-644.9042178382495,-655.394317104646,-2231.13664994051,-1313.1551988733713,-0.0,-0.0,-956.2950312470315,-0.0,-80.70821463096097,-1408.5276406281682,-1618.5919830918876,-0.0,207.92001211224513,-699.1339024820841,492.1001519835756,-238.4321381565392,-223.2010548305199,-0.0,-409.6134339687248,200.32839815800892,290.9885823338016,-414.5193420951179,-2268.297399109858,-1812.80460592788,-78.19134422884488,-4038.5299227454307,-527.7962659272514,-1025.9008312370909,-44.648309407848096,-3419.797601623558,-303.9592963749143,-582.4567810717964,-276.8203488316741,-1458.8822164803237,-906.8376735957961,-3108.7069315542703,-4871.33263385516,-76.43873251207509,-615.8436574245758,-1547.6774152636092,-1068.7809351747426,-0.0,-3075.5468438066714,-0.0,-247.29803442957711,-1385.3129204353042,-1247.7644776472703,-0.0,-0.0,-852.1382993415617,-214.36793501250605,-0.0,-1247.9559108650337,-0.0,-606.3967911966931,456.42640146181986,-2037.0453329621257,-429.25772064066024,23.786797744137957,-12.016734445090725,-0.0,-1698.5848544243004,-514.3920889250612,-0.0,-117.96876283912268,-0.0,71.91815243611725,-162.64818807372845,-0.0,-340.2254766866984,-1258.318056912313,-402.73267186724667,-710.8191442003447,-1983.8894722816863,-0.0,-3641.1025556729983,-1575.5899862450183,-2213.996036824742,-2010.5894891890778,-65.85906933657394,-203.36535987337533,-575.0332095016855,-1328.3902389719467,-0.0,-0.0,-1124.84446546023,-174.10883530293995,-0.0,-70.06882955023971,80.50717750129482,-2019.3514710585237,-0.0,-0.0,-1177.4498837947724,-0.0,-67.80484844174316,-0.0,-40.28167206044839,-131.8125363439427,-0.0,-340.15408881713296,5184.313400884855,-0.0,-0.0,-2376.1972245219636,-704.6669719968992,-246.63382965270185,-0.0,-0.0,-0.0,-584.8302749399953,-1926.087582776436,-0.0,-0.0,-0.0,-2050.242196834317,-0.0,-0.0,-0.0,-1425.7192391103933,-659.8374394402675,-270.7719717325996,-419.26011806061354,21.00105947399167,-615.9509546957221,-342.4077261068412,-187.33967429749302,-2161.6098383363374,-0.0,-0.0,-1130.8331899521781,-690.0699679731476,-2214.846561503035,-0.0,-0.0,-2421.173123880657,-606.0502489548634,-1395.1988492233484,-374.78455617435503,-561.1881121557066,-2102.417636648707,-741.7638893140974,-77.4986304132791,-741.079032881112,-1806.6780609574614,-1392.6610582447795,-1230.192979762828,-0.0,-551.8891810577564,-0.0,-1408.8163106808875,-380.8500238551875,-198.0348453164825,-562.7821561804116,-779.3001512969336,-11.033823295674843,-0.0,-1066.2509616433854,-498.73793372124436,-39.63535051017942,1377.3531716381526,-67.39277156539445,-0.0,-574.8817484515337,-418.80646529053575,-0.0,-608.4927115729529,-1400.5355775582984,-0.0,-0.0,-0.0,-0.0,-369.02114512170556,-817.0965501621776,-286.5467688480578,-438.74791297554424,-308.43661241001894,-1460.8609012716195,-645.9140073467681,-1270.5409207307562,-2275.8090120829565,-1761.3021315615313,-0.0,883.6242402213104,892.6332842865367,502.21192599820415,685.8795801666894,394.38330130213194,-0.0,-0.0,-0.0,-0.0,-0.0,-0.0,-0.0,-0.0,-56.74560198403359,-779.9658204080094,-459.5249593966732,-247.23249985427103,-1069.7228811821708,-89.18962528280956,-323.212413255007,-1030.5952154171996,-265.6686937767617,-1562.7198075776603,-679.178288296005,-74.0464678306276,-337.42015867815303,-21.415137912753103,-0.0,-505.386660730557,-152.5861383863901,-183.97400344693895,-660.2177532390562,-312.408027409389,-1348.8779581203144,-264.9763622388713,-0.0,-0.0,-1696.5888721017827,-454.5445941475128,-294.5117967188954,-480.1022135697235,-809.6896090948256,-387.26153803162674,-361.4014632509707,-0.0,-572.3416022083296,-611.4847378606887,-752.4941242427323,275.52136901074397,-1186.8976679346283,-1990.0479445812625,-189.6528866631195,-593.7830001211471,-593.0821569084522,-11.845663484831306,-0.0,525.6932463550683,-709.941211938465,-31.456269668489135,-1714.2584348915916,-0.0,-0.0,-1094.9913573158003,-439.25188172080925,-0.0,-529.8825984998687,-606.2371781977831,-705.6979146961461,-0.0,-626.1174778860834,-426.7770045710382,-1957.9821778990215,-3759.7199877512026,-344.20040393827367,-0.0,-72.40751543017451,-378.1104604291717,-1337.2482613892169,-200.43472113966342,-508.55358326477733,-636.3511720845148,-665.5747832130156,-336.71909724692404,-0.0,-0.0,-1459.676690694164,-96.62451175844669,-383.76001187920684,-697.4361352943366,-1058.973414241646,-2157.602104829847,-0.0,-513.8684334218428,-0.0,-0.0,-0.0,-0.0,-0.0,-25.41834522324194,-162.53264583113457,-316.44582642165585,-0.0,-0.0,-0.0,-0.0,-0.0,-0.0,-1049.2511490950778,-2010.4221781819167,-363.6629400513121,-439.2647920948518,-40.75861044220858,-0.0,-0.0,-383.34710037185636,-0.0,-0.0,-99.97250193640627,-2388.102576204267,-0.0,-0.0,-1312.9137300220405,-503.49341983992065,-779.2153897025702,-873.7314691166164,-636.5503341465328,-0.0,-0.0,-1037.596391334687,-1612.6575976021484,-871.4036865209214,-0.0,-1008.7748858012486,-0.0,-320.83780990690593,-641.189108204423,-0.0,-594.1505472791208,-1584.6046759730623,-0.0,-1510.7230218805794,-158.1293725848329,-527.2455440259613,-1222.1791593584571,-202.9810877549253,-1083.2797806692565,-0.0,-902.0099491990348,-24.302649447123166,-2096.7250507316858,-1664.2616217072589,-0.0,-0.0,-0.0,-0.0,-657.9855460901389,-722.720284009065,-0.0,24.05906396792043,-324.35399253121517,-675.0264780461454,-1823.4928599206899,-2023.3200354224668,-336.4492028980557,-0.0,-1248.9778782800192,-753.4991499288925,-1527.2159923916033,126.74757978098462,-0.0,-2989.109335174763,-617.2764067013798,-0.0,-395.3615294700406,-1296.456492038886,-0.0,-0.0,-489.3907990555884,-1283.226275734936,-0.0,-963.8857514170317,-1152.1347608345466,-34.05389530770949,-74.17553811609791,-452.3420170832436,-0.0,-1321.791640864923,-2329.889441865561,-1035.8911036544157,-159.8156799116108,-1695.3860335656548,123.13919786943379,-765.9352465867454,-558.4165212141836,112.64572513086736,-768.7319978192497,-1304.4772637684537,-745.474996321397,-1159.8517628145044,-365.43430429201027,-536.6813121723558,-680.3495781487057,-1384.2455831336506,-0.0,-0.0,-1620.135808871594,-290.3136079117526,-0.0,-1338.4706649066818,-1103.765753533893,-0.0,-2209.5666968964238,-480.31358723966775,-0.0,-741.4317270021334,-0.0,-0.0,-1126.1722896828294,-908.2262688476044,-0.0,-0.0,-0.0,-661.4902713701287,-4.018643889241993,18.07747179902947,-226.54039512280065,-0.0,-1890.6038240715427,-1325.8922167494256,-499.2618218240808,-1845.1690538324287,-0.0,-52.572140001013615,-839.3675035448914,-0.0,-382.25932023910593,69.58538460185747,-1442.5909097312262,-921.9480016057757,-609.6956750013652,-1139.5523386339867,-0.0,-0.0,-0.0,-711.76900773785,-0.0,-348.12736415889054,-871.2506595436638,-189.0602933577805,-1084.4305204414661,-1945.494168714062,-497.30195228191764,-1867.7293720702805,-0.0,-1006.77787939229,-655.3035272444865,-454.8560291796493,-1135.3648495068253,-282.00654313761055,-462.5912515247726,-1341.3191654694094,-0.0,-0.0,217.7431599386899,-2454.3785111478196,-877.4192524524592,-239.14607209487792,-0.0,-330.0904378127333,-480.61535770197315,-576.4556519372542,-0.0,-0.0,-690.4767291958176,-0.0,-18.963897910136872,107.7232814415857,-107.56556646268574,-1792.0699774488048,458.37484832582055,467.01190822496443,448.51723704796507,576.7195410739355,42.93076472784459,-0.0,-564.8824045849482,-671.4801046003374,-318.5735410535192,-8.804055478472739,-0.0,-0.0,-0.0,-173.37378772262272,-12.033393203252384,-819.8588151753704,426.6814734440131,2139.6164498591243,-0.0,-0.0,-0.0,61.591564034476285,70.8458656750696,-0.0,-2759.9751112944687,-0.0,-0.0,-0.0,-0.0,-0.0,-2193.83808864268,-252.7317019974802,-0.0,-361.6034255227233,-1914.2714618635134,-144.92278626671424,-287.8583880629161,23.61722168996688,-1548.7174986932578,-3871.734529312192,-1760.7335077562618,-0.0,-0.0,-1502.2181942000675,-936.576668842484,-658.1294208485583,-372.8388655355758,-312.6677483925239,-899.7175410322117,-910.5388574438738,-4458.019365941224,-604.5676559878755,161.35208503840622,-737.1942864903749,-978.1192803267057,-557.2157649181033,-567.3393678171045,-6.8083091582418644,-1451.4690525133171,-740.7611163539844,-527.0547594219912,-0.0,-0.0,-0.0,-0.0,-206.95856880797368,-1091.163365678682,-0.0,-1117.3570769837304,-1229.0268965102725,-0.0,-0.0,-1307.6049440622648,-0.0,-0.0,-193.3129063644613,50.807171448693985,-0.0,-0.0,-2793.0212440720356,-1099.9418080128803,-86.92585073786458,-843.6070211640724,-1273.3399303206263,-0.0,-304.85854329945533,-452.7597536327967,-0.0,-1244.0802763145257,-303.84817846751434,-1046.9349746595135,153.90835176302767,-799.7727865171465,-182.05339626551708,-213.6407678594882,-48.22559638632836,-40.501665767596506,-549.4887616618173,-737.7286630796667,-457.7468780738719,-638.8456179242463,-0.0,-56.01144007857588,-659.1491587892111,-150.73885968353667,3.5256262216049583,-0.0,-906.0587206776747,24.400873282563833,-1179.6611939198638,-0.0,-0.0,-0.0,-1678.866101286778,-0.0,-0.0,-71.97701199765186,-0.0,-0.0,-0.0,-0.0,-0.0,-0.0,-556.0664441392372,-1457.7363030479578,-0.0,-0.0,-0.0,-0.0,-769.6423505318713,-429.99901956280127,-0.0,-0.0,-1678.8530902889047,-0.0,-1238.6369806674484,-2430.726963093371,-0.0,-0.0,-0.0,-454.3082480185952,-0.0,-0.0,-0.0,-891.8934296536078,-683.9347204680852,-604.1025412068177,-0.0,-0.0,-203.65257171694918,-0.0,-3607.038980647552,-4888.602673157896,-0.0,13.964303061131968,-0.0,-546.1454188283981,-610.3720240343629,-1816.2722124668328,-0.0,-0.0,-87.5152655875999,-625.7990935243304,-1237.52094127924,-607.6776457217002,-307.3570142654665,-0.0,-0.0,-1098.3895462513435,-886.3264702988356,-41.21503345591054,-0.0,-0.0,-663.5437187458758,-345.86608736784194,-76.72817418523401,-0.0,-0.0,-0.0,-1970.1821182272238,-308.6708274814457,-1219.9647577426547,-3941.4025850904045,-0.0,-893.3236119970928,-1045.6909782974076,-2170.9556242706913,-308.2070679249668,-0.0,-0.0,222.56424640775964,-1074.2279816137905,-1672.6725861662312,-454.99979109345395,-136.11442007405168,-22.495428578805317,-1629.674576129397,-377.9918052999012,-1600.7753661208176,-606.498440486982,-2469.3791179533305,3.504711894662392,-898.8890954459132,-800.8541040676209,-1684.4705932052257,-0.0,-0.0,-676.478576908658,-1523.6946403308793,-1640.131231860543,-790.1760258162741,-0.0,500.4341903501918,-62.2630786972476,-406.6800859487723,-0.0,-17.131701759151937,-0.0,-2235.1083146438395,-47.23872208202749,-0.0,-0.0,-677.6885853507829,-1001.923438622394,-732.5080355758301,-315.9492126668299,-532.5283005665282,11.437021769995683,180.25954527070994,-751.2183463185337,-23.798916791197453,-1372.426476829108,-0.0,-1403.4841223476953,-115.83733895459723,-687.9917983022352,-362.564255529645,-22.012685336487156,-38.85487405295095,-18.299690927978887,-1132.8211745241886,-884.0384494473172,-1279.5319339248317,-231.93642132816302,-1255.892181963131,3.5182830490957993,-0.0,-694.1546354348006,-2426.2478418498863,-0.0,-0.0,-27.126968047838186,-1899.2332675188868,-172.1363447067423,-522.5768011282344,-337.00005153536046,158.56206103086515,-0.0,-0.0,-1148.7306549258913,-0.0,-0.0,-1968.4583383453676,-1434.0082572398283,-771.527362738657,-689.2042059823215,-583.019642090066,-823.610985525766,-709.7179592148541,-1180.266738012677,-2357.923201288015,-0.0,-0.0,-0.0,-0.0,-275.7809031602594,-0.0,-1873.5575927385482,-574.1488149980682,-770.7176733664767,-892.7409072297185,-415.37323876657,-0.0,-1280.1120474584236,-595.056615471993,-0.0,-2343.8265748910685,-1314.983439788622,-0.0,-0.0,-2197.7921813703097,-1555.4927275406742,-402.5566147504427,-732.834760846723,-0.0,-484.4091977482243,-286.96470296925514,-0.0,-581.102540941245,-498.1437903818804,-466.1712842904503,-0.0,-0.0,-0.0,-0.0,-353.96555126410965,-1120.3995038125536,-6409.810534594612,-0.0,-0.0,-664.9720589373655,-642.2833290233729,-1752.4644569187487,-598.9693252507043,6.940470221953645,-416.00004199477786,-0.0,-585.6419420726991,-520.9047722847746,-0.0,-459.49964826395467,-1036.9947845930412,-0.0,-0.0,-0.0,-0.0,-0.0,35.049280450849544,-1934.20058445136,-0.0,-1224.4984221881984,-814.2018708969634,-3.6645725119867065,-1542.9283087292742,-884.1639361147038,-884.2491595006092,-1292.6312216944402,-71.26984978257744,-109.34042469748643,-1149.632616172228,-641.4133516165717,-620.8610219144916,-0.0,-1338.8185825445003,-1241.9101186559367,212.17147173507797,-0.0,-562.474947742893,-653.138678467658,-898.7531559804871,-59.96739100175508,-0.0,-265.1152876573509,-0.0,-0.0,-2249.2390328174456,-1934.0828017286408,-1749.238832491201,-1561.5648261803328,-0.0,-1137.3466867915606,-1875.610664081274,-0.0,-4852.270719444876,-0.0,-0.0,-0.0,-0.0,-958.5377979907618,-2241.914561800411,-2111.300460691123,-83.22368640568816,-1800.126817410067,-0.0,-894.8355521051518,-28.669923156857973,-0.0,-62.38772338287301,-506.9737786204078,533.4012733282345,-0.0,-421.0657007358918,-34.924345593180156,-0.0,-1315.6548278341859,-0.0,-1927.1668801959001,-131.3770251008815,-0.0,-0.0,-971.2460421591426,-1445.0084047839389,-951.1966576544787,-1130.0977448475082,-1176.9892222434096,1430.6747604629838,-52.80238314799951,-732.6892220063644,-32.88565147961123,-2259.1814166627964,-743.8973531858696,-791.1940784900489,-424.67500286854226,-1490.0933608099479,-1575.0386071075245,-397.5314179653259,-2261.1939861417904,-303.8267034073998,-0.0,-0.0,-46.25559697202087,-0.0,-0.0,-0.0,-0.0,-0.0,-0.0,-1540.6290910886378,-564.6969295970099,-1079.7258166584982,-827.4511395364393,-0.0,-530.6049021783241,-1132.3105600047325,-1013.8563350227566,-2021.4742540325803,-1209.0658378477146,-80.34178459191816,-180.81283385976508,-889.3660366837762,-1347.0553588570633,-0.0,-0.0,-0.0,-66.00470868841231,-751.4691439718996,-143.03202270066333,-450.99473111889114,-925.3798856010376,-0.0,-0.0,-0.0,-3748.791147299041,-0.0,-115.45475985903904,-0.0,-201.54033035687215,-1044.7321533806778,-1125.0116262583667,-786.2974487552877,-0.0,-39.553842697328136,-524.5412048944867,-680.5381400027851,-517.5677304375608,-0.0,-974.1279103038718,-0.0,-0.0,-2513.110594444931,-0.0,-1273.2478416937481,-590.0976407970008,-383.17207264504987,-255.4023621895088,-1300.6086556665384,-2554.27596819248,40.32980645204722,-2101.244290196583,-1562.8183603446441,-403.9604826739877,6.877238987919,-0.0,1360.132021441697,1015.6226543808561,1059.755874031265,-0.0,-0.0,-0.0,-809.0466029129312,-0.0,-266.60330066316953,-167.26644808983949,-0.0,-3354.31817010946,-0.0,-1317.9778516492947,-76.17468974338517,-997.7456812818382,-547.2936593020358,-1367.7383278673929,-1136.2052822586547,-0.0,370.08151001519207,-2422.2647281915856,-1551.321757851589,-429.42729474143454,-1131.5264417685069,-1573.2458451715493,-0.0,-0.0,-257.0252496573142,-700.5363015624256,-2090.360587629728,-756.4351837979216,-34.29112200380979,-0.0,-0.0,-647.2023004453764,-0.0,-0.0,-0.0,-193.3302440836377,-1307.7811907306143,1519.1235413471472,-1237.0570096118577,487.8360364673073,-674.7761592642069,-937.0397767824475,-10.064659152792363,-4544.624512734312,-353.3770625413424,-0.0,-69.3781205480194,-2202.1073180958774,-1613.0257146793836,-0.0,-25.244247761235414,-0.0,-600.1909760160203,-23.560889895779876,-1744.473842174216,-1438.8301144838658,-0.0,-293.96640472523865,-0.0,-0.0,-0.0,-698.6853190309646,-956.3442234096526,-394.0842135395196,-1058.0045831397883,-1638.8557054827431,-895.5283185876679,-401.7258792757484,-451.03349025838577,-102.60019977125084,-1533.7357504323786,-575.8326119754598,-939.1666155712905,-1139.5197727636064,-1351.4452799670144,-1292.2770224784488,-354.5165850853812,-1389.0375771498423,-0.0,-0.0,-0.0,-1993.1921247490036,-0.0,-465.79653247970253,-1123.2415288707432,-10.266789923683756,-727.5204143826552,-568.0206918614255,-882.9949408122845,-675.0847510354733,-187.03703852232692,-1741.1449224323912,-4889.826227153194,-254.99386176913936,-28.995589663088218,-0.0,-105.67941749705902,-6345.249018148344,-1706.3783775808156,-635.769740990118,-2232.2562323984803,-197.08573613137224,-0.0,-22.340508652468657,-627.1955113069902,-115.6625960856599,-1042.310469112545,-993.9628641383131,-187.61920824952077,-0.0,-648.3514725932351,-1755.4488831345282,-1807.6871209267283,-1763.9500944446734,-0.0,-1416.1399862587991,-0.0,-48.70498919317223,-809.1591144103642,490.547041331025,-0.0,-0.0,-293.11355783243243,-929.0236021070383,-686.2368870340796,-1173.7195543459204,135.79095016298987,-1326.8526112945008,-120.08071855529964,-306.53978531663205,-1939.7536172210653,-1773.3382541387775,-352.9588122579029,-0.0,-0.0,-0.0,-0.0,-0.0,-1889.0499465729654,-0.0,-581.6826825253024,-743.6834070555963,-2397.891153509842,-0.0,3.1596118446880284,443.41435531753336,1896.2408663803892,-578.6509901976364,-1207.461001305608,-0.0,-1228.9170640812126,-3351.4103360799713,-790.6750831187555,-5094.820328566318,-1101.1663613693313,-0.0,-707.6195636836163,-2167.3202422833524,-185.8385111028993,-0.0,1124.7833556087473,1254.8721372094262,1084.4684613658087,-0.0,-0.0,-0.0,-0.0,-80.23921381323763,-2151.623853386462,-76.05118704781583,-0.0,-1852.2665265215546,-1063.8317122331991,-431.4050209516733,3.860520880354689,-0.0,-193.9959720752789,-741.0221987588689,-0.0,-0.0,-44.65026501335604,201.582055564834,-2064.0948595728205,-0.0,-782.4437191292895,8.150859791558368,-68.23005357246146,-0.0,259.80757107904645,-88.05860185990514,-430.81555024966997,-1720.8451179730578,-0.0,-53.902171029755365,-1127.0179947333334,-939.982165636877,-40.15479139272298,36.18462861798468,-0.0,-1138.3631490407154,-725.7682546469432,-7.867491696519967,-0.0,-0.0,71.72866705006638,-220.36338317382283,-151.52978633906935,-76.6599467871351,-11.320144383595197,-165.68563499852957,-695.5566230086072,-899.7411676715059,-466.2130269907664,-0.0,-2018.4321174494075,-912.4085708024239,-0.0,-0.0,-976.4277392687435,-1954.970031812231,-562.6898467966223,-6.896238333041239,-2489.244583937294,-115.07529706618179,-76.35217234600245,-1005.2004613846625,-0.0,-333.6029428213035,-1344.6902281687624,-3.4292830074765956,-0.0,-3081.8587725672915,-144.24533158261045,-1415.93794012198,-854.8971403070012,-1141.315734015083,-2214.421298001351,-74.70165837648847,-781.9402200007319,-1766.2022124130294,-1116.3900596960325,-1123.7860526837026,-216.72697906098338,-1707.6812867259696,-0.0,-2460.8708108774003,-0.0,-5974.345200419971,-214.02633016412875,-76.71574108556563,-1350.8225965644772,-0.0,-0.0,-0.0,322.3290943680975,42.89720372132003,-818.3303683264171,-1184.8274246996593,-403.6259294951184,-967.8098631434365,-0.0,-0.0,-1380.8334722820991,-284.93913968882964,-482.11001082797924,-157.74308864625365,-0.0,-1487.8134286533434,-320.6450292890567,-1793.360506615573,-0.0,-33.6773600563672,-0.0,-1717.5928676531669,-720.9464788982775,-1535.2514018988948,-0.0,-0.0,-1361.1961972897843,-472.6462530910098,-726.4395606803567,-1422.0271966249331,-422.21225608829417,-1310.3161012107919,-0.0,249.83130741179326,-1146.4250423933372,-3905.7577676929186,302.92393175942175,-1150.614681528349,-7048.792932085892,-568.6389225547863,-615.5203067345966,-207.87839595494458,-167.1539385883586,-864.6805790530551,176.26118635149865,-184.48760926936046,371.3694001433915,-1027.042074458648,-527.2079218377534,-0.0,-1096.3878776543074,-1711.6052188288995,-828.2795249650322,-360.7932070530138,-0.0,-0.0,-30.73427679938497,-953.0541024865224,67.2213979302339,-1983.2345691044345,-0.0,-0.0,-411.9967596544465,-560.7502819884638,-895.2959112693966,160.6297289398598,-2415.644587030983,-1326.2014628327659,-1169.1040497275228,-212.345029403313,-0.0,-355.3657414029775,-0.0,-541.9834478299551,-21.601574825688456,-1246.5656205399962,-463.8353922044213,-962.5828687881256,-319.5440329724376,-294.25924582820977,-0.0,-1040.1192510225355,-632.4293339806824,-1143.6944482506183,-0.0,-3017.7510620298353,-1246.342519623506,-1149.9606947414647,-745.490527759916,-1021.211852946216,3.473818622936559,-2024.3930871443258,-708.710027088314,-1117.3301722904787,-1764.2032092731065,-282.3342164341474,239.3217422758076,-986.3914772523225,-0.0,-0.0,-18.149885156438344,-55.2974450192266,-17.26851298675441,-243.99113798546125,-0.0,-0.0,-0.0,-0.0,-0.0,-0.0,-0.0,-0.0,-0.0,-0.0,-1315.808961926676,-2193.9407584820606,-1961.376559563135,-0.0,-0.0,1596.0220111193194,-425.1111199710029,-0.0,-458.98328464769753,-423.8697957568581,-926.6592206448856,-895.3252369044068,-1057.851532590404,-0.0,-593.7503091915332,-382.6319261435291,148.76887850947276,-0.0,781.6961595289933,-0.0,234.89294626862574,-0.0,-298.03383551640746,-0.0,-349.2083943963678,-1088.2746541388249,-1817.8699356480681,214.80710605927905,-0.0,-0.0,-0.0,-0.0,-0.0,-328.2268025565686,-77.17854085911455,-0.0,-0.0,-0.0,-508.07017079165695,-0.0,-40.09790395583303,-586.5719374092405,-2988.9246182982547,-0.0,-1221.690832347946,-0.0,-556.8340212755825,-0.0,-0.0,40.277991784164,-0.0,-150.87397075832078,-0.0,-0.0,-0.0,-877.4638726940169,-1688.8136682485624,-0.0,183.3311062309454,-2158.2561299251734,-0.0,-67.04522914160948,-248.0519338865217,-0.0,-0.0,-1364.135068184076,-0.0,-843.9299096289785,-1206.4554633351192,39.86613110400649,-2532.6983696568395,-1576.1776132223513,265.90809290033707,-635.4785912187727,-0.0,-952.5742954215234,-0.0,-0.0,-0.0,-3191.693583591171,-784.2731753793773,-1415.8529587257146,-0.0,-354.3718955922243,-3.6334171180917076,-1196.0503965859853,-1835.4944896546112,69.52178632942787,-2783.116434534362,-0.0,-1762.2007527495202,-2355.077732101068,-0.0,-0.0,-0.0,-0.0,-2161.2218770021664,-147.56446527538736,-1342.750519462569,-0.0,614.7412214502134,1185.7142863443169,-0.0,-0.0,-834.311983687779,-807.674328710971,-305.26812861321525,-17.285735559670865,59.97132704481885,-0.0,-1143.856906517729,-0.0,-262.3231117319694,-934.45856851334,1242.3614591651394,-0.0,-0.0,-0.0,918.8919901993902,931.3382501019939,-691.693550541585,-0.0,-1238.9493738470521,-0.0,-1022.2855505943478,-648.6053835325616,-0.0,-0.0,-0.0,-0.0,-0.0,-52.71719979294494,-0.0,-0.0,-0.0,-1068.9593142273172,-259.5493969598907,-0.0,-0.0,-0.0,-133.87600421068828,-65.98963483777993,-591.738996784844,-650.4542365325601,-2236.2069051844705,-1014.426478598424,-902.0685933605592,-0.0,-2489.9637862088744,-38.96670462441332,-0.0,-881.8446732792529,-2205.207539601253,-663.4375078501727,-465.10581231399425,-1176.558023858548,-246.17966475996678,-612.4493887002194,-713.8730992359674,-988.8865577563141,-239.29411027733943,-1539.9616331795935,14.92316124951012,-350.84534854237216,-0.0,-0.0,-733.1059809880976,-3346.5793857603912,-0.0,-866.4395091050092,-473.4711852296743,-0.0,-331.37396794564927,-511.3879954952627,-709.4274639701082,-227.08666266791911,-0.0,-0.0,-0.0,-0.0,-0.0,-39.45263867486852,-0.0,-626.3829922381311,-0.0,-0.0,-601.7137819744543,-960.2344994730599,-2360.6985062808017,-402.68472994477565,-573.954033522704,-92.76728372421444,-1869.6211819662703,-0.0,-744.8766446830173,-487.1551898916086,-414.0686141288114,-1213.1089148754236,-916.1306195735306,-1436.534754573082,13.958217791921422,-376.81002353915864,-0.0,-1004.1984940635951,-988.8165110545918,-126.93283050545921,3.407592848506209,-2318.917166621668,-1039.5162069979306,-608.8198541619998,-0.0,-647.111920638897,-676.4309531415408,-492.5126169059176,-1987.718009591907,-3.3801696854365786,-0.0,27.7449954714173,-0.0,-0.0,-202.6377260274256,-3512.2090653742544,-169.24110363184775,-1447.3483858492948,-3134.524021441833,-0.0,-4249.868501773263,-239.50670029210858,-1853.5629034665137,317.3702511482979,-0.0,1471.94897330458,-791.4463566214297,-0.0,-1862.4849840329464,-0.0,-65.34813315191367,-39.72082667847226,-0.0,-0.0,-0.0,37.82947853908208,-0.0,-0.0,-0.0,-555.3449172658709,-1239.4361781194214,-721.272512689978,-0.0,-3046.4809809204085,-0.0,-0.0,-0.0,-228.9880620786315,-333.5856573579227,-0.0,-2044.9324292054453,-0.0,-0.0,-3099.091827364525,-0.0,-23.691701060094424,7.135125145869952,-422.5000982733592,-19.367211703596567,-0.0,-0.0,-221.54994831099603,-0.0,-0.0,-1219.8182617566233,-1142.254137288243,-1246.3703703628748,-0.0,-281.7800215228579,146.41085840752768,-339.07989536321264,-13852.368735382539,-0.0,-585.7497425347084,-1215.1780454477557,-604.3972538698381,-0.0,-31.342212059429105,-14.356242908304695,-233.42154879417495,-966.7375310336121,-0.0,-0.0,-0.0,-468.8855478042062,-2174.3865649492836,-1317.3764112378105,-0.0,-0.0,-0.0,-264.5018619417621,75.06756610755203,-7.657501264285971,-1126.9916545261635,-0.0,-0.0,-920.8642836953122,-0.0,-0.0,-0.0,-2358.535055652973,-964.8359600750125,-0.0,-1099.0799216092166,-549.0845963961084,-212.19819411640813,-601.1218380072692,-1038.5693593630408,80.60146040602291,-1137.3532162144768,-1062.1690934909911,22.377954869380083,-1722.908016420763,-0.0,-0.0,-0.0,-0.0,-409.7449332413451,-0.0,-0.0,-562.7887135028894,-848.9292073462939,-629.2891280168088,-0.0,1450.9557408855374,1157.2718094744002,1258.9264607340842,-0.0,-0.0,-0.0,-832.9789241706213,-36.96843938126733,-753.4033002995008,-70.55734611197794,-566.9432885327516,-1611.8618433914537,-1122.753256813645,-1937.3427154064395,-0.0,-0.0,-0.0,-0.0,-423.61807809077203,-710.573451755896,-1487.1425755438165,-399.48089926393936,-1368.1486943599846,-1571.960690773061,-1954.6047934581907,-0.0,428.5689007566694,-400.6560223505182,-354.1126395254721,-116.52456169881566,-4208.633806194651,-63.21586366957235,-0.0,-803.9562768972758,-1385.613166523783,-0.0,-55.40737991323157,125.66637074619776,-76.96159762390337,-452.0314947547277,-1900.7324493763704,-142.78743452811153,-1666.9207124396285,-0.0,-1722.6290642619838,-1759.535078113591,-1194.470787056391,-0.0,-1470.8948836806806,-323.8079707014742,-617.8025768767997,-1019.238276629233,108.7681515196345,-1627.8522997457428,-1250.2700985502277,-0.0,-105.6243463167443,-0.0,-0.0,-0.0,-972.0891244177266,-574.7333370930982,-0.0,-0.0,-0.0,-3107.938354314368,-1662.9220227883861,-0.0,-0.0,-3.647521696452539,-1409.6360293346222,-797.0871978500936,-0.0,-698.6994112675593,-1191.8663592809262,-479.4004267900906,-22.36802030079134,-930.5974968594525,-6.690415319541766,-1350.466280108891,-1532.1720629224835,-0.0,-0.0,-36.462235333987046,-0.0,-0.0,-1174.507174501418,-77.01339229432162,-453.9143587803489,-0.0,-0.0,-0.0,-797.0805158604117,-285.381651701783,-101.61976466766598,-422.6653297380055,-222.065177010289,-1876.1851939560092,-309.7094673280644,-492.0221850172862,-1011.6625206016643,-0.0,-352.3105368908802,-0.0,-1830.4937338818368,-1418.827333087306,-1463.5860098163964,-374.84411563854326,-227.58709223879774,65.6769924192145,-911.323550685005,23.02694501309704,-0.0,-428.125607169455,-0.0,-0.0,-429.96943291196965,-114.98980780852739,-2584.585754431913,-2696.7351140160704,-499.88110813783805,-0.0,-0.0,-856.2885950800719,264.9520892109085,-0.0,-0.0,-0.0,-991.5648311918782,-44.77166815419783,-471.3864673923286,-3565.760369511182,-1320.2214369405249,-1054.9510044761346,-390.6856475947004,-169.4198841174576,-1130.0827675551507,-650.6320240554453,-496.7872761214537,-0.0,-625.3718614142545,-597.152087669081,-1770.2162130388142,-0.0,3.992294495268205,-11.932271108179789,-0.0,-0.0,-1606.4960421857345,-0.0,-3607.243915384324,-1138.1489248338812,2166.5804856627888,2688.645475741234,-0.0,-0.0,-697.9488019697196,-966.0058052754317,-539.0710503702206,-314.6156408891322,-2895.6187848081977,-594.6007387827613,-0.0,-0.0,-0.0,-1089.6398634402706,-666.3344401136884,-172.2523634887339,-2166.3481986091447,-1091.412207518012,-25.239402156248477,-386.0123841668954,-1039.2004054436277,-264.49126857231107,-479.1290277950453,-0.0,-59.87642600631884,47.40594054759884,-905.6887436626704,-144.30004685398228,-0.0,64.5556522720542,112.97813910082972,-169.94293485193953,-1172.3889370265308,-1910.4595581799783,-54.952519401974314,-824.7993857265108,-1354.488727102733,-0.0,-0.0,-646.5200713194406,-0.0,-0.0,-0.0,-0.0,-634.4631983574627,-21.03177683701144,-1300.8418340534852,-1211.2188765394963,-2263.3165894128792,-1173.1390881448865,-0.0,-582.3720123223901,-0.0,-1357.821380649672,-1610.9452838534312,-1206.7494083948302,-906.0728730217678,-0.0,-1951.4844046622231,-0.0,-0.0,-0.0,-3077.2742029301226,-1120.7662888690245,-264.94751052972913,-864.0923931464669,-788.9269432028161,-812.6864157529608,-0.0,-0.0,-0.0,-39.35650848995046,-4610.183333331671,-647.3781429392052,-1879.078560914171,-3429.4469001878,-2031.1966042932465,-403.28037013687634,-0.0,-1602.113215388126,-699.4090745228386,-0.0,-319.7055014898016,-349.3592521159799,-36.00612840517136,-966.1746933432648,-237.59215516111556,1294.0663003696286,-402.8199165945318,-0.0,-0.0,-925.3776391265425,-789.5348060976967,-2328.1370262073538,-255.71112030009257,-0.0,-0.0,-496.2460431314437,-0.0,-0.0,-0.0,-0.0,-1205.0756465862353,-618.5752162963695,-1275.5488912396052,-430.87000076738957,-3.4525342492801885,-658.8592015409719,-0.0,-0.0,-0.0,-0.0,-2296.649834674488,-0.0,-0.0,-0.0,-0.0,-0.0,-0.0,-697.4472513312079,-0.0,-2390.8738580892646,-486.03485717543214,-211.26020632897328,-1155.7749055425313,-0.0,-0.0,-1319.3533374186763,-1285.0802970862148,-3.431245118006461,-442.95581391855933,-52.29478261815527,-1746.1421080169187,-843.3830510873393,-0.0,-3580.8883169130313,-1190.6057677076465,-0.0,-0.0,-13.546371794087976,-381.1871107166297,-1101.2891462447933,-0.0,-0.0,-22.070444113379867,-1365.6940425689584,-539.9084652410453,-304.99028172021207,-67.5632568576782,-1704.8426231890955,-0.0,-0.0,-0.0,-0.0,-0.0,-515.0403998422238,-448.87770288554157,-534.6747769978252,-4003.3201991069755,-1518.6292056046093,-1159.781601865171,-91.59583971139963,-1010.3306565452025,-1015.7394868198517,6.8523789958957,-0.0,-0.0,-0.0,-543.8319041564877,-411.8049924395556,-1638.754497807731,-546.0454930370053,-0.0,-1497.1168986566136,-0.0,-640.5481463122265,-0.0,-0.0,-1841.1574932517804,-497.47913936748006,-520.9784623036967,-1344.938990146409,-111.43968030673983,-11.11890773046489,-648.7230749467161,-1333.8229903567344,-0.0,-421.17218206096976,-1135.8975878875794,-3619.0559427683397,-0.0,-266.9975010250172,-1933.4801016699766,-1246.5553914260224,-1184.1991689355107,-462.41217569118146,-1090.5877876351585,-0.0,-316.8062350669609,-0.0,-232.58384080324234,670.8745109522986,-0.0,-0.0,916.7522187440227,-0.0,-2037.8328429149142,-672.8076113793005,-1006.0070341297326,-1081.830625892287,-1391.4373066122014,-337.41790657551246,-133.87187461913445,-0.0,-0.0,-808.3571436579166,-996.446629820224,-721.2198743872397,-0.0,276.7093788480363,308.5963077580024,-213.0953733425229,-2532.705608801555,-1938.9109500038037,-0.0,-0.0,-1308.9239597762628,-3574.8861728226375,-2421.0477241752205,-475.46729444261456,-976.3439645128983,-1025.6415693956842,-0.0,-197.97508841654195,-0.0,-571.0497988641692,-239.21889124485514,-1517.6469997917275,-2438.4694257558053,-294.5289366665314,-487.0370875430752,-4210.292529357744,-1311.34396959874,-521.6256709955887,-231.29761835032352,-1403.3200475940962,-677.2580996587236,-3.6750602138733615,-1445.368823343257,-1452.6238654708238,-0.0,-0.0,-651.8962450054389,-1189.501685985768,-319.95424979086687,-3.538209631037307,-0.0,-0.0,-0.0,-0.0,-0.0,-34.5745215862575,-700.2755058913353,578.8446380962927,-412.61645820097846,-803.7423748589015,-479.127491909474,-884.8394777413724,-1460.7485126245153,-1105.475764402164,-1533.2542247168055,-247.23888053742428,-551.4410347438461,-1433.3302798284271,-656.4146147546114,-0.0,2636.3282590354142,-247.54314088712232,-67.82593528934287,-0.0,-929.6039220213802,-582.9999975397757,-1351.0844812273829,-1662.5561308891288,-2215.6855879147943,-0.0,-0.0,-0.0,-0.0,-1005.9038501374015,-1477.1941513538645,-0.0,-834.2231552825792,-7.3356025946010135,-0.0,-0.0,-0.0,-2542.158865990058,-801.4825148425091,-162.78909392383744,-48.174611187710354,-0.0,-0.0,-1154.545747209338,-1318.679136496056,-729.2670777213684,475.2491771761659,28.848423114503902,-0.0,-20.20981105820654,-0.0,-1397.2786853802238,-483.4161758316707,-1263.0896102420468,-1519.8559734720209,-1579.348800501501,-39.21263522616188,-0.0,-0.0,-1839.6670301164318,-329.80837995379295,-0.0,-0.0,-198.49457515265433,-0.0,-39.38242623428365,-0.0,-1299.841870402949,-740.7983877013731,-0.0,-68.07697205989069,607.1286002317825,-0.0,-183.72887561575416,-2291.3166179630493,-0.0,-0.0,-683.4669353490851,13.5819383382978,-0.0,-0.0,-722.9752736136685,-1316.9848300369645,-0.0,-781.3080081942308,-0.0,-1035.253360204689,1566.6218887193118,23.342421728187528,-1561.0546379506814,-1701.315633405773,1012.0268354610117,-0.0,-2107.814707541993,-708.4387929123,-883.0929831290927,-0.0,-578.3421865970905,-123.16483913765332,787.5219059199843,-387.58644769649896,-1387.4178678846054,-0.0,-0.0,-0.0,-825.2942956896248,-568.7821559033483,-711.1232936202315,-871.7661142856673,-1048.7799230930416,-25.742965473176202,-1027.970875274814,-973.6127038838008,-1223.5280836420452,-0.0,-0.0,-457.48524499723567,688.1916505960162,-6055.911783688918,-0.0,-1144.8049797453116,-1765.2955668924908,-834.6640773197444,-743.7700741118596,-59.62712347444355,-2518.8154332855943,-347.66486516848795,-0.0,-981.7262475183396,-784.3174583127881,-599.5781188403353,-0.0,-1370.4950993836064,-1800.4971918378071,-26.690767061208597,-1059.638633207426,-2458.4303427154796,418.19914372143427,-0.0,-393.17077033555563,-148.12547667080216,-1119.1861746412385,-931.782485615698,99.62158650537087,-111.63251245448032,-785.016828632876,-446.414718033099,-505.3074157825241,-622.558111960266,-504.1157319239083,-0.0,-1264.0630828864344,-0.0,-1067.3794491393942,-621.7121584736445,-143.690434325519,-0.0,-1540.0938394213704,-4473.114183577897,-0.0,-404.4194024996877,-0.0,-2332.587604265661,-220.67769067928538,-0.0,-364.51055507572096,-397.5880794907466,-0.0,-1989.510631425476,-1419.272762790125,-0.0,-3909.356306964499,-110.51914477062346,-1188.1770678334651,-1308.3141096639727,-1611.7291153946724,-105.51628792479325,-0.0,-882.5875959366125,-1967.1301055775652,-533.3493072666466,-925.2161009803185,-1006.2295058037815,-1630.0454064496298,-2223.5599472183,-891.1981913412579,-1704.4013955815392,57.20960650214904,-0.0,-269.14950957574104,-1162.7411405873515,-989.0349485528567,-0.0,-0.0,-0.0,-387.4382959525254,-455.7474529091021,6.925285816815774,-538.1850802536651,-0.0,-1093.1965686551569,-681.5739002558782,-551.3163021306663,-0.0,-0.0,-267.3971943074667,-1456.9022985442866,-923.7819385543796,-286.06173209541674,-842.5865666884035,-31.08893575731969,-0.0,-0.0,-2874.1268979618553,-1037.4152203268388,-0.0,-0.0,-0.0,-81.37032101542053,-977.4464827231506,-46.42880790064702,-1648.453202518854,-1599.426474184856,105.67104109714417,-0.0,-536.461468996637,-0.0,621.5565715955682,-117.69078441159544,-0.0,-1485.8036991439835,-290.72874993127795,-1644.0684018029085,-0.0,-1402.8727239620146,-553.5222150367481,-182.7649083259721,-11.428702808180379,-33.24582763876164,-0.0,-0.0,-649.4127056051135,-1197.0213644066407,-0.0,-495.39605648172136,-0.0,-323.4745791030215,-485.7730088243342,-0.0,115.16065891172396,675.5751155345129,641.8864908395685,782.593037339808,689.9198990131237,729.4724057224244,-0.0,-0.0,-0.0,-0.0,-0.0,76.64949381410467,-0.0,-0.0,-510.6598003037409,-140.4573062658817,-449.0138112299825,-80.79918236576064,-0.0,-854.049847897294,-1463.7723667432988,-1582.7466732610865,-219.77449338480216,-190.93480791854907,-0.0,-0.0,-589.0574350219553,-0.0,-0.0,-0.0,-0.0,-2709.096811488916,-0.0,-39.519209498478624,826.8040720361693,-0.0,-965.0690215393029,-508.48593959901496,1433.8710910364325,-801.7952663205718,-0.0,-2896.1611281055007,-1883.2699674149947,-183.82333010596577,-776.0714189776163,-1213.851298105328,-508.80032834731884,1081.143421848672,-70.48512282430119,-531.1202282051063,-0.0,-0.0,-469.1448875463292,-0.0,-714.9507052314862,-0.0,-417.7799110387074,-33.904980224944936,-0.0,-0.0,-1008.0572562394686,-0.0,-0.0,-474.5288034137953,-1155.85981810103,-1684.1691548870785,-0.0,-0.0,-0.0,-1554.4287509577414,-0.0,-1030.5282428169432,20.396223410039955,-0.0,-0.0,-1068.3975395238956,-815.8608196761547,-1157.5271209582365,-342.2958502087134,-0.0,-1245.2876099477073,-251.7085592107621,-0.0,-0.0,3.5591345992685994,-34.27621234313538,-4162.86493989704,-0.0,-107.10692051348745,-28.31762226453115,387.2043864365912,-76.88087467476223,-893.5201302918705,-812.0151439723845,-403.65427975474233,-0.0,-0.0,-1612.2236880237353,-0.0,-0.0,-0.0,-0.0,-0.0,-0.0,-0.0,-151.39661387138221,-0.0,-0.0,-1795.7454331465372,-6547.981148155146,-105.94895697568484,31.733097529557504,-404.1595422554151,-638.9899729852227,-101.83858131037465,-3963.047128534214,-242.7223130963604,-276.79783329017243,-0.0,-0.0,-0.0,-1824.0101208004562,-0.0,-35.03922774373882,-0.0,-0.0,-0.0,-437.9223104587919,-10.402268173698188,-248.81407168935843,-1337.4854272314715,-578.9773759981692,-66.62136641835853,-2324.333490633422,-0.0,-77.49277632732938,-1971.9257016859244,-0.0,-1003.2661399429359,-68.31260503924507,-1405.4889292787007,-0.0,-0.0,-984.053808787696,-544.7161727821641,-31.263409634716584,-779.7458845743407,-749.653336877259,-639.7973703022842,-152.39880354662944,-630.0804626819978,-658.7494036883337,-2040.6083106178262,-923.9818010448324,-0.0,-1410.033435974921,-329.98479828115,-619.559166795316,-0.0,-0.0,-912.1004731866748,-2121.8887519280183,-758.202149298232,-0.0,-0.0,-0.0,-3612.105523485667,-736.6560638361003,-177.34233549700383,-303.4397827174016,-38.5025932535563,-3339.4850084117293,-0.0,-0.0,-2057.275654418345,-773.3815881345545,-0.0,-0.0,-0.0,-75.83811743689232,-0.0,-1709.1985833342617,-1633.0676193193588,-0.0,-302.6241713350858,219.60639874135404,-0.0,-0.0,-0.0,-912.847534404026,21.53412131948157,-2194.560620027936,-506.5331104377095,-1022.7929085959562,-617.4581803874541,-3235.4278452371777,-1489.9122910160618,194.6708042874677,-0.0,-2825.3648052264048,-0.0,-0.0,-0.0,-1157.4079916458627,-683.2493253371218,-1405.6510132526428,-0.0,-0.0,-792.6837470228445,-1366.1063644542633,-617.6281795781987,-447.1936654529275,-0.0,-0.0,-1171.8997133979362,-0.0,-0.0,-0.0,-0.0,-0.0,-0.0,-501.5571951487893,-68.34352423878588,-1204.6225229580564,-0.0,-622.3194614316151,-1096.2016931858486,-30.963166995568937,-0.0,-0.0,-0.0,-0.0,-0.0,-0.0,-0.0,-0.0,-0.0,-0.0,-1048.1316187858024,-1798.1748459868863,-0.0,296.11035928211146,-0.0,-610.2264295193515,-90.02380419537529,-0.0,-687.2367743480061,-398.73922126146937,-78.94953949139325,-1799.2008525027422,-453.1573849329538,-2601.1931904541057,-159.89383695480785,-2018.905119567964,-1650.100565612116,-811.8667598590603,-3.965349179906391,-0.0,-1015.8772022535934,-1983.9956760892487,-2239.0724070812016,-69.839490904556,-215.55742087206622,-1576.294447630005,-0.0,-2400.448106483632,-358.18434877792953,-0.0,-1543.7037361117768,-0.0,-732.7187048347344,-0.0,-2258.9264245120066,-0.0,-0.0,-81.13491439199962,-952.9459154352139,-496.742931827916,-0.0,-1269.3470366399617,70.58602131049345,334.591515894999,316.46450030468486,-246.35505519896378,-1568.888675934171,-552.3386003183781,-0.0,-0.0,-4857.91416701053,-1018.1263296814109,-0.0,435.6586597101826,-0.0,-1760.124551247597,-467.7550810612146,-636.9791298082501,-0.0,-0.0,527.6770879505334,-0.0,-798.8174724713242,-1128.007269045682,-1701.762279941065,-0.0,-552.1737227828312,-2832.061678554182,-911.3506260304448,-0.0,-1287.227505989569,-121.03041631554139,-1069.811628152125,-0.0,-863.4816630557095,-0.0,-0.0,-0.0,-808.1196620362675,-0.0,479.45319110267735,-0.0,-350.5379405524974,-684.6707442128012,-400.82920081856594,-951.0023028132457,-572.6390389352187,-1660.9574625394184,-1106.35981617736,-0.0,514.5784162365208,-2145.685269797207,-1463.2964673065335,-641.2178212338374,-0.0,-0.0,-0.0,-134.8909444451614,-997.7807747144376,-274.4345916577263,-767.9630255754269,-1905.3460392905422,-2635.0941241579058,129.46227196910368,735.5381849199665,634.7566526327473,-0.0,-0.0,107.58032744326042,-28.89103306936557,8591.920617028107,10082.935180540522,5228.706361457542,9732.673548430686,9484.138697447033,8712.853018738588,-0.0,-0.0,-0.0,-0.0,-0.0,-1316.1275947805636,-1259.0619700044847,-849.64142611295,-0.0,-2179.1882276345345,-548.0863357398428,-953.0626044377012,-29.859206031527787,-653.4350763626584,-1251.2273072487726,-983.1629617941265,-1094.6134259655928,-0.0,-2703.262872207313,-1678.265033909643,-608.6935650582675,-110.97696022907384,-3004.7710063939967,-0.0,-204.04962164727843,-0.0,-10.312823911085788,-0.0,-103.41443180720698,-261.7159675817657,-993.3993063493955,-763.6997999632001,-0.0,-0.0,-0.0,-2163.8063954108106,-0.0,-0.0,-227.33397898603903,-918.5698971747961,-949.0293108242133,-78.59690247346867,-1169.9930133688108,-1609.0279066582068,-292.6727659232041,-0.0,-0.0,-103.97086905330282,-1117.3379328446872,-301.38771624197244,-0.0,-5161.840241609037,267.3517153834366,-0.0,-0.0,-0.0,-32.22843723956817,-401.38509050079483,-0.0,-0.0,-1110.4931642167771,-2096.269277517477,-1175.0307564515272,-361.76033593760866,-410.7234344114621,-438.952020523755,445.83788424140045,-1260.7020914308287,-0.0,-512.18599140449,-2428.465284244441,-450.649374754487,-7.950224370938721,-0.0,-4.908030204721563,-0.0,-0.0,-0.0,-1122.3008155312311,-369.75823807918715,-1265.9263672003656,-0.0,-0.0,-0.0,-238.74939407423312,-477.0523006722998,-1330.310746355542,-2611.232122669694,-350.0611409847284,-180.1830265025818,-0.0,775.7781277997191,-0.0,-1074.8819536291405,-148.05538898323115,-0.0,-0.0,912.7223140211189,-0.0,-1457.9655427450507,-0.0,-0.0,-0.0,-184.3248326398707,-1857.517362938928,-1539.3152307420498,-24.079394421081755,-2134.2875477540338,-1429.9364668854487,-24.434554053972978,-24.049422208880234,-67.70808577960156,-0.0,-0.0,-1889.562801965482,-0.0,-5303.2212681111605,-0.0,-1405.1121657295942,-243.11134862605118,135.4487131114718,-0.0,-52.08773965833097,-1235.5775010360053,-1394.5540882888486,-492.49642531014547,-33.313582551863114,-240.51994580461547,-0.0,-0.0,-0.0,-0.0,-1125.3209894969148,-809.1582126547182,-0.0,-531.8967594004002,-1161.525204454288,-170.25300468148663,-70.71103209543703,-0.0,-0.0,-0.0,877.6294118199495,-3.71252277951326,-0.0,-479.68046546612374,-791.4192641892354,-1311.060636025843,-0.0,-0.0,-2214.9668270846973,-0.0,-0.0,-0.0,-0.0,-612.1965955195907,926.9896115035132,984.3849393398899,1121.452929516425,-0.0,-0.0,-0.0,-547.5833824613925,-0.0,-0.0,-338.0523166653409,-614.5377264412145,-0.0,-171.78348101568545,-1267.3859830820215,-1207.254526315626,-0.0,-0.0,-0.0,-10.170717764112863,-1352.0658456288143,-3.4026843625671317,404.46019057427077,-0.0,-1583.801100029087,-813.8591171123517,-560.3498247980244,-1548.2638235652375,81.55361722393013,-244.7042849083547,-18.570466089845816,-409.7530302994972,-390.3031292770135,-1001.1612943908774,-345.6260729042805,779.1991274677828,-1194.4815307609226,-204.91057335774863,-153.4546089307551,-3666.511638444899,-2235.887110841067,609.6336399921357,-909.3989244744429,-173.26056997819398,7.346709314317526,-685.0375597433351,-963.4697243081991,1694.0196204599097,-597.9386417275413,-630.4141985727879,-646.8236946447164,-0.0,-6325.665299588834,-0.0,-478.24364178470364,-851.980243353792,-605.3967084675039,-849.7789854163518,-1144.0242014781682,-0.0,-891.898679237965,-148.54745149627323,-76.5092783043912,-6582.079584179976,557.4117076258949,-156.69548944919944,-0.0,-550.1830318166527,-1188.2398199923805,-0.0,-0.0,-459.6438969638183,-1672.0871650863498,-67.3819310024425,-210.41628353725707,-247.61138891731318,-1125.1289530696254,-0.0,-0.0,49.846353750623074,-0.0,-0.0,-1630.5645645193283,-0.0,-1668.6579078329576,-892.6738608694436,-1193.3978656187228,-0.0,-0.0,-484.07655210270474,-826.6260005496488,-119.59303929471568,-0.0,-431.05634459500396,-137.27964849119152,-478.5449180389075,-0.0,-196.66276334391523,-462.9353776995582,-2091.5475403697774,-906.2739799315461,-1302.0481835615378,-0.0,-0.0,-1326.022099084089,-17.02238807610563,-0.0,-0.0,-1069.5189325212102,-0.0,-0.0,-0.0,-0.0,-0.0,-0.0,-0.0,-0.0,-0.0,-0.0,-100.72113169250254,-0.0,-0.0,-0.0,-0.0,-0.0,-0.0,-0.0,-0.0,-0.0,-0.0,-0.0,-294.4695499248581,-0.0,-0.0,-0.0,-0.0,-0.0,-0.0,-0.0,-0.0,-0.0,-0.0,-0.0,-0.0,-0.0,-0.0,-0.0,-0.0,-0.0,-0.0,-0.0,-0.0,-0.0,-0.0,-0.0,-0.0,-0.0,-0.0,-0.0,-0.0,-460.8126801769876,-0.0,-0.0,-0.0,-0.0,-0.0,-0.0,-0.0,-0.0,-0.0,-0.0,-0.0,-0.0,-0.0,-0.0,-0.0,-0.0,-0.0,-0.0,-0.0,-0.0,-0.0,-0.0,-0.0,-0.0,-0.0,-0.0,-0.0,-0.0,-0.0,-0.0,-0.0,-0.0,-0.0,-0.0,-0.0,-0.0,-0.0,-0.0,-0.0,-0.0,-0.0,-0.0,-0.0,-1324.6588445250775,-495.2711178758329,-1729.3296956643119,-0.0,-0.0,-0.0,-0.0,-0.0,-0.0,-0.0,-0.0,-0.0,-0.0,-0.0,-0.0,-0.0,-0.0,-0.0,-0.0,-0.0,-0.0,-0.0,-0.0,-0.0,-0.0,449.8053682827738,-0.0,-0.0,-0.0,-0.0,-0.0,-0.0,-0.0,-0.0,-0.0,-0.0,769.9145496326316,-0.0,-0.0,-0.0,-0.0,-0.0,-0.0,-223.49816383668193,-0.0,-0.0,-0.0,-0.0,-0.0,-0.0,-0.0,-0.0,-0.0,-0.0,-0.0,-0.0,-0.0,-0.0,-0.0,-0.0,-0.0,-0.0,-0.0,-0.0,-0.0,-0.0,-0.0,-0.0,-0.0,-0.0,-0.0,-940.8991631407501,-0.0,-0.0,-0.0,-0.0,-0.0,-0.0,-0.0,-0.0,-0.0,-0.0,-0.0,-0.0,-0.0,-0.0,-0.0,-0.0,-0.0,-0.0,-0.0,-0.0,-0.0,-0.0,-0.0,-0.0,-0.0,-0.0,-0.0,-0.0,-0.0,-0.0,-0.0,-0.0,-0.0,-0.0,-0.0,-0.0,-0.0,-0.0,-0.0,-0.0,-0.0,-0.0,-0.0,-0.0,-0.0,-0.0,-0.0,-0.0,-702.2100327951827,-0.0,-0.0,-0.0,-0.0,-0.0,-0.0,-0.0,-0.0,-0.0,-0.0,-0.0,-0.0,-0.0,-0.0,-399.1294376421681,-0.0,-0.0,-214.81997492314426,-0.0,-0.0,-0.0,-0.0,-0.0,-0.0,299.00389132897345,-0.0,743.0484844233431,-0.0,-0.0,-0.0,-0.0,-0.0,-0.0,-0.0,-0.0,-0.0,-0.0,-0.0,-0.0,-0.0,-0.0,-0.0,-0.0,-0.0,-0.0,-0.0,-0.0,-0.0,-0.0,-0.0,-0.0,-0.0,-0.0,-0.0,-0.0,-0.0,-0.0,-0.0,-0.0,-121.75889378918035,-0.0,-0.0,-0.0,-0.0,-0.0,-0.0,-0.0,-0.0,-0.0,-0.0,-0.0,-0.0,-0.0,-0.0,-0.0,-0.0,-0.0,-0.0,-0.0,-0.0,-0.0,-0.0,-0.0,-0.0,-0.0,-781.7576096355594,-0.0,-0.0,-0.0,-0.0,-0.0,-0.0,-0.0,-0.0,-0.0,-0.0,-0.0,-0.0,-0.0,-0.0,-0.0,-0.0,-0.0,-0.0,-0.0,-0.0,-0.0,-0.0,-0.0,-0.0,-0.0,-0.0,-0.0,-0.0,-0.0,-0.0,-0.0,-0.0,-0.0,-0.0,-0.0,1131.2500436618482,-0.0,-291.7984059426933,-0.0,-0.0,-0.0,-0.0,-0.0,-0.0,-0.0,-0.0,-0.0,-0.0,-0.0,-0.0,-0.0,-0.0,-0.0,-0.0,-0.0,-0.0,-0.0,-0.0,-0.0,-0.0,-0.0,-0.0,-0.0,-0.0,-0.0,-0.0,-0.0,-0.0,190.55084627339585,-0.0,1858.9324432679407,-0.0,-0.0,-0.0,-0.0,-0.0,-0.0,-0.0,-0.0,-0.0,-0.0,-0.0,-0.0,-0.0,-0.0,-0.0,-0.0,-0.0,-0.0,-0.0,-0.0,-0.0,-0.0,-0.0,-0.0,-0.0,-0.0,-0.0,-0.0,-0.0,-0.0,-0.0,-0.0,-0.0,-0.0,-0.0,-0.0,-0.0,-0.0,-2197.8713845182688,-1306.678896933113,-0.0,-0.0,-0.0,-0.0,-0.0,-0.0,-0.0,-0.0,-0.0,-0.0,-0.0,-0.0,-0.0,-0.0,-0.0,-0.0,-0.0,-0.0,-0.0,-0.0,-0.0,-0.0,-0.0,-0.0,-0.0,-0.0,-0.0,-0.0,-0.0,-0.0,-0.0,-0.0,38.912000527377636,-0.0,-0.0,-0.0,-0.0,-0.0,-0.0,-0.0,-0.0,-0.0,-0.0,-0.0,-0.0,-0.0,-0.0,-0.0,-0.0,-0.0,-0.0,644.0155670058498,-0.0,-0.0,-0.0,-0.0,-0.0,-0.0,-0.0,-0.0,-408.27386213614386,-0.0,-0.0,-0.0,-0.0,-0.0,-0.0,-0.0,-689.4745882708686,-0.0,-0.0,-0.0,-0.0,-0.0,-0.0,-0.0,2016.9153106362025,-0.0,-0.0,-0.0,-0.0,-0.0,-0.0,-0.0,-0.0,-0.0,-0.0,-0.0,-748.4201502718624,-0.0,-0.0,-0.0,-0.0,-0.0,-0.0,-0.0,-0.0,-0.0,-0.0,-0.0,-0.0,-0.0,-0.0,-0.0,-0.0,-0.0,-0.0,-0.0,-0.0,-0.0,-0.0,-0.0,-0.0,-0.0,-0.0,-0.0,-0.0,-0.0,-0.0,-0.0,85.3405305456443,-0.0,-0.0,-0.0,-0.0,-0.0,-0.0,-0.0,-0.0,540.8164390639787,-0.0,-0.0,-0.0,-0.0,-0.0,-0.0,-0.0,-335.052737989475,-0.0,-0.0,-0.0,-0.0,-0.0,-0.0,-0.0,-0.0,-0.0,-71.54628212953456,-0.0,-0.0,-0.0,-0.0,-0.0,-0.0,-0.0,-0.0,-0.0,-0.0,-0.0,-0.0,-0.0,-0.0,-0.0,-0.0,-0.0,-0.0,-0.0,-0.0,-0.0,-0.0,-0.0,-0.0,-0.0,-0.0,-0.0,-1657.0890250695975,-0.0,-0.0,-0.0,-0.0,-0.0,-67.34187380494778,-0.0,-0.0,-0.0,-0.0,-0.0,-0.0,-0.0,-0.0,-0.0,-0.0,-0.0,-0.0,-0.0,-0.0,-0.0,-0.0,-0.0,-0.0,-0.0,-0.0,-0.0,-0.0,-0.0,-0.0,-0.0,-0.0,-0.0,-0.0,-0.0,-0.0,-0.0,-0.0,-0.0,-0.0,-0.0,-0.0,-0.0,-0.0,-0.0,-0.0,-0.0,-0.0,-0.0,-0.0,-0.0,-0.0,-0.0,-0.0,-0.0,-0.0,-0.0,-0.0,-0.0,-0.0,-0.0,-0.0,-0.0,-0.0,-0.0,-0.0,-0.0,-0.0,-0.0,-0.0,-0.0,-0.0,-0.0,-0.0,-0.0,-0.0,-0.0,-0.0,-0.0,-0.0,-0.0,-1234.4853341793275,-0.0,-0.0,-0.0,-0.0,-0.0,-0.0,-0.0,-0.0,-0.0,-1739.9335880184915,-0.0,-0.0,-0.0,-0.0,-0.0,-0.0,-0.0,-0.0,-0.0,-158.94490010145628,-0.0,-0.0,-0.0,-0.0,-0.0,-0.0,-0.0,-0.0,-0.0,-0.0,-0.0,-0.0,-0.0,-0.0,-0.0,-0.0,-0.0,-0.0,-0.0,-0.0,-0.0,-0.0,-0.0,-0.0,-0.0,351.3380521265272,-0.0,-0.0,-0.0,-0.0,-140.46960432327253,-0.0,-0.0,-0.0,-0.0,-0.0,-0.0,-0.0,-0.0,-0.0,-0.0,-0.0,-0.0,-0.0,-0.0,-0.0,-0.0,-0.0,-0.0,-0.0,-0.0,-0.0,-0.0,-0.0,-0.0,-0.0,-0.0,-0.0,-0.0,-0.0,-0.0,-0.0,-0.0,-0.0,-0.0,-0.0,-0.0,-0.0,-0.0,-0.0,-0.0,-0.0,-0.0,-0.0,-0.0,-0.0,-0.0,-0.0,-0.0,-0.0,-0.0,-0.0,-0.0,-0.0,-0.0,-0.0,-0.0,-0.0,-0.0,-0.0,-0.0,-0.0,-0.0,-0.0,-0.0,-0.0,-0.0,-0.0,-0.0,-0.0,-0.0,-0.0,-0.0,-0.0,-0.0,-0.0,-0.0,-0.0,-0.0,-0.0,-0.0,-0.0,-0.0,-0.0,-0.0,-0.0,-0.0,-0.0,-0.0,-0.0,-0.0,-0.0,-0.0,-0.0,-0.0,-0.0,-0.0,-0.0,-0.0,-0.0,-0.0,-0.0,-0.0,-0.0,-0.0,-0.0,-0.0,-0.0,-0.0,-0.0,-0.0,-0.0,-0.0,-0.0,-0.0,-0.0,-0.0,-0.0,-0.0,-0.0,-0.0,-0.0,-0.0,-0.0,-0.0,-0.0,-0.0,-0.0,-0.0,-0.0,-0.0,-0.0,-0.0,-0.0,-0.0,-0.0,-0.0,-0.0,-0.0,-0.0,-0.0,-4954.403324520817,-48.177243503212225,28425.912513663472,-3190.9804789255504,-3546.037246556294,77034.06534697211,-0.0,-5884.528957487666,761.068928630963,1626.3137362688963,-23418.92380875456,-0.0,-4536.856877191858,-0.0,-0.0,30981.703188662428,-11452.418376401743,3545.9701812715134,5777.656102206022,-4167.329780820451,-22390.24528175864,-8535.286371181042,52.21605219727109,-91.49818148350192,-6341.188868162415,-0.0,-11885.344053973598,-18163.686716147127,14229.54920461545,-519.9174554172754,7.434915770011691,41971.56156812996,-2869.575710513506,-99243.4189328598,-2819.54120206425,-20169.016401895165,-15453.874080853679,-5860.8292415228725,-5263.779961034655,-13459.964262715677,10775.885841794898,-2169.445542083069,-3845.3648284808987,-3356.801219249713,-11536.445799257774,6585.599096270516,36026.66447139962,-784.9064239900636,56.928215880845464,18811.566052291226,5144.499634676973,-498.402301524829,14037.965811481046,7311.751544737716,-5116.800822335963,-7192.224936921054,-3644.604392217778,375.75402402640526,-0.0,-0.0,-252.4348751614504,-7640.842290642067,-3090.5334902613004,-2832.511729215398,-1415.58142006048,-4325.0287297406885,8839.635219207436,3959.9822012464583,-7720.799075113494,18834.429887467686,-19169.389637423723,-30481.58833012915,70143.78743251643,-19583.138408474773,-8012.5074626117175,-2058.145824683532,-3295.4029211059665,-5173.951445408956,-5071.160662961976,-32827.14800079557,-0.0,-12022.912771360689,-0.0,2696.181043389657,-0.0,-0.0,-12470.87256029827,-1263.9763294837787,-0.0,-0.0,3562.707678026565,-0.0,-0.0,-0.0,-6625.305200304818,-4104.5354327538225,-6816.4980770127595,-7927.688819503015,8012.105867220217,-0.0,-26603.96483844398,37808.9029135685,-0.0,-0.0,-16983.837161692747,-10088.366933925123,161.63120735898448,46.34776954202041,-0.0,52600.831972892185,-0.0,-0.0,-0.0,-0.0,48069.05312487617,-945.8527273465558,-0.0,-9121.246103685706,-0.0,-5883.494882625823,-1210.0671910219546,-3129.273652249238,-15242.428483487965,11062.917450413684,-1308.4256646882568,-8065.410996210296,-0.0,-0.0,-4347.297891710104,-6048.710309491761,-9998.699082513232,49904.932561780275,-0.0,-176.40018437241767,11553.275950004821,3438.243971638939,-1724.6067323477266,710.8617316925457,4711.295759885088,-3167.9830545006466,-83.80748876968987,-16795.585332607352,422.0382958482921,12854.903285668364,-673.5732156498555,11342.994682405573,47408.93324585272,2523.8182690288854,-64.6531200527844,8307.995914073796,-1729.8857207579863,-7269.173090633175,-8394.063770034185,-15418.141361962182,-0.0,6009.098120407752,15490.739200130658,23722.816894985932,-9754.185046504701,6586.282099563234,8408.241010700076,-8425.144690486828,15781.099356198349,-13869.341161597577,-0.0,4264.2559196838365,-11238.041386959432,-17174.65103505448,-7189.49634838938,21181.079311601497,3037.053435377918,-0.0,-5190.74010091554,-0.0,-2543.060315180644,89.06618401374077,-3631.2362378013604,-0.0,189.3903631973098,-263.1539363981334,-19929.025302959093,-12564.122567240434,21589.580266781853,-7361.786978443898,3434.802914443954,5931.221299740637,-6862.120405864231,-4834.535680496241,-10911.682641418894,-0.0,-1945.3781248835267,-1563.802547660401,-0.0,1013.2327833259536,-377.50090789079354,-0.0,-0.0,-12638.107351775221,-2801.987770873005,2797.403230258454,-4125.130461969546,-0.0,-0.0,-0.0,55255.146988517066,20992.650498740633,-0.0,114.13079314452,11557.537308855823,-0.0,-3983.506953461184,-2382.538365968267,-0.0,-3838.911422204687,-7299.9754170684655,95817.2790550079,-10756.328567958879,-7454.033862238534,-28402.68161248616,-0.0,1360.3006856503966,2961.74376808426,-9186.716653237116,27974.411114368937,-6607.025156647819,-34109.68989583871,-12397.39381402077,-8524.342562975053,-0.0,1275.3563398745212,-4283.640716064024,21027.86289568069,-148.762974404384,-378.7511182370839,-10050.284938649365,-8527.053982092075,26204.537063056123,-0.0,-1955.5597876251888,751.1116773985495,-0.0,-0.0,-0.0,-0.0,-0.0,-0.0,-0.0,-0.0,-0.0,-0.0,-0.0,-0.0,-0.0,-0.0,-1764.2862279785477,-0.0,-0.0,3117.682439537987,-12802.04194856866,-585.378347934483,-8474.474755748754,21632.68241696697,8158.900315493308,-3691.93120958829,3151.5303595630958,35322.62672687451,-0.0,-0.0,-4146.017353433897,2599.3505656653347,-6289.508887816139,-8623.450289348442,-0.0,-35.21179743691143,8257.83066766792,-4655.650340161974,-2430.2308964413046,3206.46563382759,-23354.38416739389,27416.430990043442,-5677.953088886817,-1019.6722786112708,13442.420553445445,-0.0,-0.0,-0.0,-0.0,-0.0,-0.0,801.6154574241789,43154.72898897137,-8300.595918109575,-10145.115583378329,-7848.918223226137,-0.0,-8528.106141294384,-12192.146265325668,-0.0,-0.0,-0.0,396.14679556006746,392.0620861159789,671.3142882540182,2386.4063286330043,-0.0,3291.5264656114687,776.0380007789527,760.842467863822,675.1572828331643,684.8568622308183,2605.8301515751423,1670.3867811343807,2696.0147107633848,2079.868792531706,2462.0294733876153,2930.6943155994654,31600.732505266627,34503.19762749458,34067.03311878648,31277.061108922793,8148.095638602864,7878.044095011755,8020.3577542111125,8650.131437427297,5028.777780327885,1876.4384964617332,1861.2678111360487,2088.675725289307,2133.7178214960654,2026.8095428046242,4880.484788986687,3864.3119065545334,1135.3322589103263,1372.8763731219965,586.4688132486109,334.7948312340076,496.9478604678117,36692.42442939518,31863.688717985537,35323.39064101104,31072.79335069434,47212.849906513926,50790.72336746767,1191.6840849446808,1049.1313630169834,1092.169284018523,1150.7857129904833,1009.217537267089,1015.8550180669768,508.9462077205207,49831.20960605337,47693.30410373368,43213.76312096147,2313.787551534118,2643.6193977933963,2656.296889652584,-0.0,7099.0185859666035,7885.47844728212,36272.655168714206,31712.954070796404,33460.944633498446,55549.414220372375,56165.375055840384,55985.96789661231,56570.48067535062,2242.339679255199,2282.958826324353,4493.775341324581,-0.0,18753.596746979238,18693.719945081946,-0.0,1344.6944299598888,1404.5405557363454,1451.3591197450635,1513.0935986662228,1367.8157421749631,1312.6390166897102,30889.783333715495,36547.23146714833,36910.818412054374,34545.4436557076,1044.968154683457,989.9339006034209,-0.0,-0.0,15606.339309195337,29393.46088674997,33461.112221560375,30519.575650604915,33157.58241138318,-0.0,50765.12922421565,45392.31057537988,873.2525377767355,1855.5577059643279,1765.738682128597,1894.1927547020032,1984.2480014705473,2229.8926792110606,43756.34205847557,48438.848876547214,-0.0,-0.0,15916.551954198034,950.7955538089119,33352.19352461584,35476.59681355886,34869.941235367216,33328.581903563405,31294.602181193346,32074.77773703675,-0.0,15136.477226804858,9635.600168854791,-0.0,-0.0,1340.2162990289326,1294.5422419125198,680.4623113280278,726.5984434609121,426.48725101955415,394.42065873414697,-0.0,1053.4363740611388,1042.4232846713105,923.8629912604736,1073.3800650789512,-0.0,1578.825892356525,1572.54927292531,1645.4696517362586,1995.1753597561046,1973.9034110487153,2022.53046926226,814.5738950483369,740.0937135792494,804.571746346495,1263.0225870420068,972.9502200211112,910.9886997539153,830.848695949796,942.3348729046832,7442.4032861650985,6823.609282935593,223.40649115144504,230.32280960730972,3363.50107189098,15134.981198731884,1281.8666405675294,1317.4571683003087,-0.0,-0.0,6781.45082885965,6900.078079493581,7618.499859513224,6992.699219877113,1771.1974139275087,1780.2246917655393,32714.042185042865,32861.578172062305,7426.6209799923745,7236.751477188007,-0.0,50417.26911163113,1811.1638329397979,1913.0698746094524,1041.7315216876068,44187.58663599827,43990.26683907678,49275.89788074792,48510.54725051959,173.4505109147837,53477.22504238117,46732.872470627386,-0.0,-0.0,21894.191429814426,-0.0,1083.808691617031,997.2920337180884,1076.7156046551938,2253.568697159526,8064.113267543583,15365.052318335716,1517.1307469019782,1672.6642604517012,22.0303821532936,645.3590044617156,615.2145657653687,15478.827134120314,1442.9870288024192,-0.0,-0.0,-0.0,983.4892179781218,-0.0,1082.8982335036203,-0.0,5316.236905289546,5574.194886403373,4922.022935584136,5164.891778032088,819.9708383243992,-0.0,763.0568369120862,-0.0,-0.0,867.1594861990955,1001.127712004678,830.8921990861243,747.7264399166547,778.8712809318391,765.9903831773345,1717.0729004799891,1661.7614806794022,1492.9912218468662,-0.0,2699.087206295851,2496.6000257281444,2588.141857718634,2812.7891217540982,4248.441776679044,48481.73054963262,44686.69475357266,10686.10784542292,20094.73222183846,15325.456196332989,15175.904335646403,1524.1414941204562,1549.337217937472,766.7341095652931,803.9976748584628,2004.1953429108885,-0.0,34297.073456615544,30811.885804602938,1116.5923603767724,1018.3915713407982,964.9639792354601,4828.986105967596,2661.3878776292768,2935.549326878966,31833.323701128586,30834.444826067105,33056.77938891344,35162.8504969468,-0.0,-0.0,-0.0,2384.3995454894884,2244.6103903622534,2135.585884512449,9298.265962997644,7060.009307417872,5820.765327254304,2023.4069484245338,2178.2505498536484
1,-0.0,-0.0,-557.0179174539379,-1830.286919703871,-439.57593281994525,-501.64597935873434,-81.68357732675335,-565.6742334884772,-559.3048730867829,-0.0,-1085.5599496833872,-0.0,-0.0,-2350.89762975269,-0.0,-534.0901465570602,-423.9300631343567,-0.0,-36.53520931146256,-210.9883914912179,-267.682169564701,-682.9439074204026,-719.9513999579731,-594.4935655597719,-1924.8178517705744,-559.1659541988013,-0.0,-35.134554107355946,-2494.7609684037843,-1403.4123331868218,-0.0,-0.0,-0.0,-0.0,-0.0,-0.0,87.85763768262197,-175.87330546539914,-1643.6887408685363,-1374.839139234718,-0.0,-0.0,-110.24751986632617,-513.6372465661941,-123.41285723169894,-0.0,585.6272872372888,-1320.3902204213755,-350.6657443324138,-0.0,-0.0,-225.17095528351922,-0.0,-10.295912128574596,-1682.0203611135641,-2455.968071666994,162.65778569788426,-5055.2908330899045,-180.62122584590568,-0.0,-1503.74645436775,-0.0,-647.3886072738334,-2284.6401270680763,-437.93850240350446,-434.66057041010333,-35.88246614655351,-1728.0060926432568,-777.965177194842,-375.7063128831423,-2701.449640308027,-0.0,-0.0,-2187.039009700979,-955.0727531409328,-209.73192145245918,-1407.6382692139703,-0.0,-0.0,-1060.00688197223,-1225.6805179427265,-370.5394870531271,-3073.80163151254,3.3823358103753076,-24.61214662380159,-1570.5774558350893,-0.0,-548.8086432348273,-935.0522703210395,-7.746261387827896,-0.0,-1104.3774545583847,-75.32805507856119,-637.1153571562406,-2008.430638033057,-32.8548963214959,-2120.8279433942034,-336.35348966854497,-1400.3222538551008,-2377.1435922078463,-598.2129633857189,666.9320692611053,-435.1874961601658,-0.0,-1226.432932324172,-2122.437986291061,-3765.3956907211323,-450.647115155088,-2415.7425380120058,-0.0,-1392.1156853433247,-0.0,-0.0,-521.2172872820468,-0.0,-0.0,-540.3731232589136,-65.28662844217216,-1307.6461948507383,-849.5940184204321,-728.8279366762455,209.2800736189192,-441.27547026876493,-297.543382002455,-169.46305676718788,-7.129433551732638,-561.5462026894309,-457.32969974973213,-672.9357319277719,-0.0,-4232.579526086321,109.057732608172,-101.0734550212635,-3545.7115526297775,-0.0,-873.6285437474965,-55.66754287183546,-0.0,-278.35127750752673,-0.0,-0.0,-797.4168398341596,-0.0,-542.599486918937,-876.4862017033937,-0.0,-1158.7044522350209,-222.90777288482798,-632.3161907705464,-1686.4207327448637,-0.0,-1530.489788786266,-934.1219418510459,-0.0,-0.0,-0.0,-0.0,600.1953365469209,-0.0,-1567.6782431781344,-1667.7997475091736,11.719766738278231,-0.0,-0.0,-637.8635091484696,-441.99905267975566,-671.7046761793198,-0.0,-371.52330192906703,-2762.271415853678,-994.470439593862,-0.0,-916.2482369616753,-2151.1655517977065,-0.0,-0.0,-0.0,-0.0,-0.0,-0.0,-486.22411722197637,-616.0875578895078,-177.65044786180394,-180.4793678376494,-1061.6460966484983,-45.65631191588169,-0.0,-0.0,-598.4706751347734,-0.0,-571.8214427258968,-26.711042330719778,-3.500479611869446,4.651762673922832,-0.0,-0.0,-924.3010248422613,-433.8028101362318,-407.11277074800176,-0.0,-2632.858555418969,-1676.4748443727008,-1074.2756901644286,-0.0,-0.0,-1775.1723291016046,-1284.9274704361205,-620.0900510559304,-80.74402767713444,-1486.1289002054855,-1148.6877923540835,-0.0,-0.0,-1519.9050792365256,-0.0,-697.1450282081579,-1059.2516912019848,-108.34295893787828,-387.9003420985158,-546.8892179357449,-488.61264884924617,-0.0,-1464.102508514923,-0.0,-2460.357263757078,-2831.04869869779,-174.85187344209672,-367.12325854258506,-464.28834654860293,-0.0,-273.7110754717875,-231.98825993870508,-0.0,-796.3540209093931,-606.8534723646826,-942.6783016034982,-1676.5499683056744,-921.9385198513019,-1918.7872650313927,-1680.660191256559,-1817.508127623307,-1887.4953383472764,-1042.1951360817575,-2035.9546351951342,-476.21315868198434,-472.3466709032436,-0.0,-1114.6476423747608,-927.2732364375253,-1069.819092299178,-339.72684083157725,-341.1013359646692,-1755.8381105047308,-699.8289638328146,-337.325947139693,632.8787370242403,-0.0,941.7877169571206,-1111.552661782838,-0.0,-0.0,-0.0,-0.0,-0.0,-0.0,-1149.3867568275407,-2149.0910233463724,-438.01907420336516,-905.448520413438,-0.0,-0.0,-1489.21026897133,-984.4555072265044,-1935.673089466741,-0.0,-0.0,-124.74156265665067,-54.73082383973539,-388.55821922601757,-1432.1021964302959,-442.873895383609,-0.0,-423.677591920761,-648.0759003459942,55.17614000233175,-1111.8950976376616,-1345.3941193156686,-1184.9317786097633,-1584.9223419997666,-245.07158485398807,-607.091295141749,-38.45799683790927,-1627.6325777867619,-0.0,-799.4608553443986,-144.22337816401895,-67.10007156119957,-508.8660199643682,-0.0,-1752.1149531803067,-109.23631892007651,-550.2959027803967,-1589.4428544285388,-1175.662906405008,-0.0,-549.4813219094866,-757.7685936672503,-21.843705498186356,-264.8448680662394,-427.9425865740582,-45.256707755641195,612.7985109371213,-1054.4660183458802,-0.0,-837.1959871818725,-1185.721386167022,-0.0,-442.8530032186433,-0.0,-1186.6934583441894,-0.0,-0.0,-0.0,-1105.6675828887603,-617.428260772167,-386.3340379442906,-0.0,-1505.7025043645685,-2735.7732804996003,-2856.4574274620413,-0.0,-330.9155023506611,-0.0,-267.2805711319951,-107.59875206199342,210.38685813366266,-483.74265138153646,-0.0,-618.1777731786627,-852.7308784304472,-278.9698148219876,-527.2395856647727,-0.0,-411.9223209036478,-765.1125825730707,-461.7434490359718,23.405096736233908,-2092.486644002917,-0.0,-0.0,-1373.520042976426,-200.9891087562683,-1119.3026901576695,-83.44735701808742,-113.01827581923824,-215.19839534231292,-527.9634647051282,-834.6840668965395,-1210.9516696275405,-2085.8874334591824,-0.0,-0.0,-336.9531490334385,4475.881231125909,3.883398195148234,-0.0,-0.0,-0.0,-0.0,-2271.669425808651,-403.0701988165118,-0.0,-847.5240297629883,-871.7982279041053,-579.0740945497977,-2005.5765021291743,-216.08576283506133,-1065.73868387602,-0.0,-0.0,-1808.0867735572956,-646.6322991229534,-1707.259524951462,-691.1816228258621,-674.9792550873481,-1705.2441772619059,-177.50985070744395,-1640.6815326921399,-1069.311681854343,-26.447242670625915,-828.6028283798827,-1060.701549344756,-194.106080847323,-227.7353584647614,-1611.318725766275,-0.0,-480.59966716936236,-220.92370858864172,-27.365399419198116,-722.6258423620613,-169.744573301518,-744.4687085671715,-787.7054719786478,-1094.451164314368,-195.3486831973321,-2230.949112518007,-56.46377385403411,-457.6845814302309,-0.0,-801.6358245420455,-573.6202729629725,-924.8804535492393,-1047.362559822509,13.104164383681418,-336.54588382117646,-2542.141668736884,-711.4165314052539,-329.91510349451727,-1039.8517962926342,150.48044092495655,-0.0,-0.0,-0.0,-0.0,-0.0,-0.0,-11.158002249570055,-143.35590085301354,-2244.778408555619,-4031.0645607406564,-508.3349059735204,-989.9090394490029,-127.10691782137651,-518.7459219386463,-1302.0747683689258,-1017.1330010684965,-36.226041461799504,-422.5933141546643,-491.9167453163129,-0.0,-91.92773480116057,-1075.939112226868,-482.45207350153737,-0.0,-926.5437363683808,-0.0,674.3931606691544,-0.0,-0.0,-0.0,-38.06012343846752,-0.0,-0.0,-913.9143472875212,-375.9395008005881,-1115.6431755545502,-0.0,-0.0,-0.0,-731.1399536885201,-465.5498221645152,-1205.9222770099282,30.45444708184542,237.62052551032954,-0.0,-0.0,-2735.2473549614324,-1096.183274078613,21.54852455540461,-45.41678158009463,11.33566076355718,-18262.728451479557,-18979.78618930629,-2261.5281565576856,-0.0,-0.0,-0.0,-0.0,-392.6017032846817,-0.0,-0.0,-519.613025364868,-2179.203782550829,-1852.424601146325,-1343.6922809231828,-299.5338386002223,-1572.4331032692796,-25.778764310573585,-1135.3825029226214,914.6782486352796,-6.907039376675658,-925.7524201362971,3.3878785786723906,-0.0,-0.0,-0.0,-0.0,-148.58062070182672,-0.0,-0.0,-0.0,-831.1137474901736,-1315.1845587461598,-0.0,-0.0,-226.23093085880126,-1994.0168794709152,-0.0,-1349.2961380640188,-1537.9056508628205,-1709.6327381582967,-0.0,-0.0,-99.29828196869093,-73.67107994198332,-1032.396676430548,-1383.6479012877296,-520.2123333654579,-1131.672258624528,-1065.0696089468495,-0.0,-0.0,-0.0,-0.0,-387.7691779301432,-206.93605932981436,-0.0,-0.0,-92.24797173594,191.577465303871,-0.0,-1034.0141896145824,-950.7597431657738,-905.4471656961429,-0.0,-0.0,-645.5255421465359,-1158.6003943898884,-644.3122389612294,-390.4181980270857,-0.0,-2091.0437529513156,-1953.8244792691198,-0.0,-0.0,-0.0,-0.0,-0.0,-1226.3305147503793,-0.0,-1765.4098354630908,-1225.1766319659462,-65.80085960033055,-0.0,-0.0,-0.0,-2368.811236628755,-1328.8900877629176,-568.4030744509159,-438.33342438929225,-962.6989227685117,-680.3185167040009,-0.0,-0.0,-624.5405875361056,-1321.155889641275,-67.00484192935126,-417.61982086691086,-0.0,-736.9725056266396,-590.9988420357073,-1385.3204548707174,-0.0,-279.88114840441915,-112.43314653416927,-290.6872137457339,-1404.9309443846373,-288.7038202988084,-0.0,-0.0,-0.0,-0.0,107.40425974664387,-152.47627234819586,-748.3508838225131,-1182.1231974022014,-1062.0530999875882,-444.5837053597169,-529.5455949614593,-5054.364566889643,-870.901940396957,-574.5994269108191,-0.0,-0.0,-0.0,-240.87486717485146,-322.9379261154523,-1160.8924245866597,-297.57291775156983,-0.0,28.268945184829484,-0.0,-0.0,-0.0,-0.0,-0.0,-0.0,-0.0,-86.66054829067481,1295.205586103584,-0.0,-1406.1437243058408,-604.5883405295565,-393.1438050744693,-1426.1467392971858,-0.0,-0.0,-532.6520857053896,-639.9088426759962,-122.13194046393174,-110.30267084989666,-122.87332912482489,-494.6283018918329,-131.80588105001735,-1866.2388034147814,-350.09061164186306,-381.2649004102064,-0.0,-0.0,-1293.7315640972336,-2548.0662976490553,25.650118901691812,-477.99847619101735,-304.883471705643,-800.4294871201956,-1012.8172654711037,-727.0758458929722,-267.47422771537555,-137.41586586171698,-1314.0322537709892,-0.0,-0.0,-0.0,-0.0,-0.0,6534.112286743223,-77.64095273473774,-497.7480020049843,-554.2963970486194,-962.0167184916907,-1205.271300218835,-1156.9502054554805,-1542.0965978387544,-1988.7747718869564,-421.2801504029165,-0.0,-0.0,-1414.980586714312,-0.0,-0.0,-244.93429894679662,-1609.040998303091,-1233.7515800795243,-444.35165279758513,-59.19912573603854,-1680.2665767246021,-0.0,-1275.6964498202178,-0.0,-0.0,-0.0,-0.0,-0.0,-0.0,-506.6651447204765,-1149.824598204531,-929.0025482045646,-88.90042425259324,-229.8526468498821,-537.5437844839322,49.17178625972183,-0.0,-0.0,-512.2826676133228,-542.7317450450099,-3459.917820899928,-0.0,-1347.2024931874325,229.94819797776586,116.12435662675576,-0.0,105.66543120140994,-163.3789163856627,-144.57954212649136,-439.02761217764987,-0.0,-1719.4760107143186,-0.0,-0.0,-1034.5442667308334,-0.0,2171.031024150213,2069.474709425378,2051.9588580506047,-0.0,-0.0,-1653.2356827063777,-0.0,-0.0,-328.7255638052712,-868.4534167914388,-724.3591758245465,-941.6254059148855,-1115.736041086308,-0.0,-0.0,-0.0,-0.0,-556.7352051178302,6.853764084189127,-53.189189516208586,-1124.0654315105837,-931.5148475327262,-371.6974965095396,-1335.7899584122251,-0.0,-1906.6063987177467,-1155.2559154227886,-1321.5103692240539,-370.57992336413196,-347.54463906187794,-0.0,-1097.4198811200497,-709.4682822468513,-885.1641827149966,-1732.3364171564556,-505.0871339673946,918.945681275413,429.63620894506056,-322.66052388258373,-1025.0021080589047,-0.0,-1529.4140926771686,-2826.8189550166303,-438.92968563145365,-421.48141194066517,-0.0,-0.0,-0.0,178.80600905478053,-325.8049352067761,-417.2069755845799,-137.50963377403892,-475.88128033864615,-482.66862881935174,-0.0,-373.1663274798083,-818.2832437533417,-632.3545096905082,-0.0,-1914.7555603289004,-4394.837123206453,-0.0,-0.0,621.3080411076537,535.7334290290661,-0.0,-0.0,-617.1851494227927,-765.5308480297803,-302.1078936463631,-620.7009597999136,-0.0,-0.0,-0.0,-0.0,-0.0,-2349.381617549532,-360.2738768281602,-1603.7003623574803,-926.202546482537,-0.0,-343.60282189151644,-418.17464776638235,-0.0,-209.9098593362775,-743.1302641882569,-1038.267865708143,-3973.698362204063,-70.19049305370908,-0.0,-0.0,313.3424120775525,815.0886839372404,-0.0,-0.0,-346.9231313098525,-0.0,-0.0,-0.0,-2286.9122038871337,-0.0,-496.16172311264324,-0.0,-0.0,1618.0600763444415,1856.842858440555,1648.620047437096,-0.0,-0.0,-371.63728456884417,747.2804879056644,-2038.4004146330594,22.921113005516737,73.28180444573779,-2338.06280293143,-93.31879901648794,-163.27469909172268,-530.8332035083195,792.3918488610693,3356.722436616333,-2784.4856936969854,-0.0,-0.0,-917.7727010171999,-1530.868278606801,-1093.6019610925061,-242.78879714245357,-40.41563904942365,-0.0,-0.0,-0.0,-0.0,-1813.4309304819365,281.06163677591877,-0.0,-3.5826287247390685,-0.0,-1364.4266106460016,-1745.618759592671,167.24897704648055,-0.0,-0.0,-336.77042875761003,-0.0,-1668.3350681491302,-79.8190193220023,-903.1674063647913,-371.4891513575727,-1098.2892443787405,-683.9519983068118,-1050.8773076102575,-557.8499502125744,-0.0,-0.0,-0.0,-110.2994972892874,-0.0,-0.0,-235.53910816169054,-397.09584255726327,-655.997119451515,-0.0,-1513.5608778303028,-952.4509167854451,-811.4481359326148,-7.366641768362011,-6.507759159576288,279.1309209557971,33.350968303488585,-0.0,-0.0,-11.062185688138756,-1520.658656673807,-614.3734165302304,-760.4367497125199,95.5098533532456,-1935.2508904160354,-1757.1044893111064,-899.8495678200658,-870.1913377947184,-36.100776526340226,-500.31953770988247,-654.5645836772244,-1171.5165930177598,-1862.3303651970464,-0.0,-1647.5379869046037,-135.907323963113,-0.0,-2245.7150798427033,-2484.040537272348,-1975.5371322794858,1566.2598937192658,-0.0,-1388.3250086507182,-194.84154937595494,-1145.903820049826,-606.9039923546702,-119.65886631113344,-1866.5892537020793,86.53285260389862,1409.730088055224,-0.0,-170.72113738713495,-363.99080191018913,-996.3929368765283,-944.4125018629587,-1538.5131189673643,-3655.9804959408016,-0.0,-538.6348336477068,-1280.7282562214727,-665.8549994280179,-205.66401496115995,-24.74443906395171,-248.65898741270132,-0.0,-0.0,-0.0,-0.0,-305.6421941546425,-1195.942688153405,-806.2914280823923,-58.11054844702971,-448.4176692918186,151.01490397176363,-0.0,-0.0,-904.4383013422106,-465.887192354217,-0.0,-1856.0029570870272,-85.41652820601645,-1129.7867018721115,-0.0,-181.81146899608638,-165.84432949424487,-0.0,-0.0,-414.8258374288041,-0.0,-0.0,-3899.9882136319698,-188.64774048874105,-1929.3220934321084,-0.0,-0.0,-92.19995319364321,-1250.0942699334307,-623.089631118,-367.55815235685355,-1216.8900281209858,-0.0,-673.7986154739128,-0.0,-461.3189477465588,-0.0,-0.0,-192.4626105476103,-84.18825209526484,10.295167762743755,-304.8630220153434,-1302.59463683497,-1760.3022910209968,-0.0,-0.0,-0.0,-20.58022382893406,-378.13138749204956,-0.0,-1476.5546694480886,-2228.633142175726,-0.0,-0.0,-60.87616709886238,-1230.888898668918,107.99999112588459,-0.0,-0.0,-0.0,-0.0,-478.13698925783723,-2184.3066446805383,-207.21673086417573,-1079.4551267986214,-0.0,-0.0,-660.3531032903879,-468.1318595590257,-302.4410219131116,34.20449074945679,-0.0,-0.0,-0.0,-787.7320149039144,-587.607671652366,-471.90767189906614,-289.6885862823537,-0.0,-0.0,-0.0,-0.0,-1954.5362580780527,-74.78285087852952,-20.276705127120962,-0.0,-0.0,-610.0579206921963,-383.08246733758807,-0.0,-1746.5638086383494,-3987.21785127955,103.65930200923653,-1116.1780718957843,-0.0,-0.0,63.19642582902749,-390.5654167452589,-1515.2706963496303,-469.04876221681917,-2357.063723776393,-1239.79851640994,-699.2857150065557,-1445.5289930851213,-0.0,-0.0,-0.0,-34.15489948713945,-1031.0181992475596,-0.0,-0.0,-2647.626811528913,-78.09964133596657,-1356.4909360192669,-700.8710458057616,-0.0,-0.0,-0.0,-0.0,-0.0,-0.0,-634.9137227018718,-0.0,-1555.2769434263023,-0.0,51.707058943665906,-1207.52965174242,-0.0,-0.0,-0.0,-2155.293248591286,-0.0,-0.0,-485.2808138076351,-0.0,-0.0,-1000.8160538577587,-528.7810067724739,-0.0,-0.0,-149.66748514717293,-1900.8053618924691,-0.0,-917.1171970096959,-718.3455044301631,727.28696512902,-164.7917105823049,-0.0,-512.0850832064014,-2.2523226868425854,-0.0,-20.55362980691849,-0.0,-329.26071745952964,-0.0,-0.0,-0.0,-0.0,631.4389932341229,600.1299618345697,-830.9209235847517,-1520.9832614405348,-0.0,71.06456328518125,-3.7514186049910787,-65.56945507672363,-794.7994841968149,115.93704130425493,-450.0514153677827,-347.71508402304795,-152.60276939968105,-3223.83468436717,-0.0,-218.61548138341632,-1598.9005602711568,-2179.726737491848,-0.0,-1094.6179891929266,-1343.1677485420387,-1895.7251802229948,-668.8516217403627,-0.0,-773.3826248431242,-645.2124814744119,-702.1812720065673,-1206.8039331903492,-931.0938561181748,-0.0,-112.16455393980456,-992.9148423863188,-0.0,975.4751241271176,-399.52329173507854,654.641312409817,-0.0,-0.0,-92.54170169304392,-32.17229647912306,-2042.7157879424803,-910.2018770756562,-0.0,-772.9147980923111,-2629.0001166121206,-791.7298853577536,-814.6705424233037,-1118.0404224213862,-365.0474466483633,9.650510706508305,-35.77869661529875,-0.0,-0.0,-838.258892089355,-75.06104288386703,-0.0,-0.0,-1781.517974200614,-683.466081892912,-589.1708056223046,-1643.1747492432055,-84.43902310228047,-17.718201134080143,-2223.4188929895663,-758.0122271452391,-515.2739651505979,-892.3900151351837,-0.0,-2026.9980417653276,-382.9520827229583,-1096.6669787527944,-1259.8649851513105,-294.3835343250706,-479.2649230665513,-1521.13291893794,-380.7166540276431,-0.0,-0.0,-0.0,-1186.5223422515467,-0.0,-2822.339351125117,-1147.6419210424592,-1339.1224589848919,-0.0,-0.0,-0.0,-0.0,-0.0,-113.25444291122834,-0.0,-226.54438788077744,-837.2160060154306,-347.54857395924114,-0.0,-0.0,9.846438262241039,-0.0,-0.0,36.32383333294596,-229.2917129462616,-0.0,-455.75005881914774,-0.0,-0.0,-78.09227606362408,-10.277113433222455,-2485.725331295348,-1972.4031223872862,38.48413104316753,-6482.5587916194845,-779.8119781487933,-569.8145397055144,-0.0,-783.9011816614249,-1376.5412893237738,-0.0,-0.0,-0.0,25.177347052009942,-0.0,-1238.8417710608323,-0.0,-1257.0409988915337,-0.0,-0.0,-1956.3311669646807,-345.25619568287027,-645.4764737982243,-0.0,-0.0,-0.0,-0.0,-243.1250350002245,-652.431311199324,1252.0562214454446,850.8423028729707,-692.3446262447285,-7.6759318058813895,-0.0,-293.6948270667529,-292.1744428563909,-1570.191246553169,-419.5747173926242,-108.41247393015657,-967.6006972297598,-1352.200726569422,-844.200547480893,-622.1052773864786,-0.0,-0.0,-0.0,-71.67577924207241,-0.0,-1533.3284875118684,-533.9164802984469,-0.0,-1649.181404306566,-1077.99936691652,-0.0,-0.0,-0.0,-0.0,-0.0,-992.3527129908944,-0.0,-251.9511707050224,-1653.4023513868297,-0.0,-968.6237398327261,-0.0,-0.0,-0.0,-2130.1557150520234,-1171.2844084531855,-933.9700389960449,-2352.802518522662,-0.0,-0.0,-0.0,-71.11516642913473,-448.2509896436196,3.4079557432061995,-391.3733028304292,-266.8736015411825,-0.0,-0.0,-289.82703084017925,-1248.0363450455782,-3465.758571088977,-0.0,-364.2230483377962,-1187.1418588266108,-362.52829965878465,-430.91399973799946,-0.0,-0.0,-0.0,-1660.2034134884727,-1714.908517219158,-37.884197120874774,-1526.9122443796061,-458.2439462318991,-311.2571476104145,-7.702364521701911,-1032.6295394461786,-0.0,-1801.4550262125906,-0.0,-450.5056197095587,-0.0,71.93769456455041,-0.0,-0.0,-481.1549751508404,-723.006943145873,-6.863817146627827,-0.0,1132.6108624079056,-0.0,-0.0,-1611.263632390709,-1218.4488143453357,-1004.7035759437964,-0.0,-324.1693085950955,-557.281107940584,-1302.029956743833,-0.0,-0.0,98.09611592672809,-624.2576756012071,-0.0,-0.0,3.351904065407297,597.4646165891735,10.489257467330775,-1307.9886987530247,-0.0,-0.0,-1575.658988272506,-1497.6706346083015,-73.09996040296554,-0.0,-148.67387582712394,-657.4695596798467,-996.1136775218815,-1448.88074068281,-0.0,-802.0425101155965,-5.694965840443182,-0.0,-1464.3701750968266,-0.0,-0.0,-0.0,-0.0,-529.2282859504617,3.2572418453011407,-14.468358640264608,-0.0,-0.0,-513.4097402145051,-0.0,-0.0,673.9307516605012,-922.0283567190779,-46.61726871662742,-1758.0152837551673,-0.0,-0.0,-577.1449619421982,-0.0,-244.7559504386966,-1022.6375495835011,-897.5322945296168,-1001.7310222427077,-0.0,-0.0,1291.9968234242474,-0.0,899.7106629124063,814.6035441151284,-36.55646029546606,-753.5109549280389,-0.0,-0.0,-91.94339085145714,193.13667010738126,-717.8320366173401,-331.8874903653231,-936.4935488852026,-2381.173233228271,-1714.0487480488173,-0.0,-0.0,-238.6740466542143,-4592.560440827364,-542.7776221258983,-490.0332855618098,-0.0,-0.0,-533.0745523871379,-0.0,-923.06180184291,-1144.733392442127,-682.050190182581,-0.0,-0.0,-50.26414274626072,-0.0,-149.16606565509778,-1256.6149309345712,29.882347628116296,-576.1703716749125,-393.86375635763403,-219.8417894014438,-575.41170549446,-2033.0754239609232,-14.805042895253687,-1055.2244667464554,40.650489439759326,-879.5555309039494,-274.4193423403305,-0.0,-0.0,-203.65628740909222,-0.0,-0.0,-1452.062868674389,-574.0473589568545,-0.0,-752.6928471831759,-449.86357808473144,-0.0,-0.0,-1259.1296499524078,-716.9146578888282,-1348.3876724387492,-1199.745063025344,-0.0,-94.14277198622727,-2726.8887841432984,-936.5554258752642,-244.8158565592286,1409.8773956666482,-1613.6469012594798,-1097.1077071511213,3.7040360933594414,-776.5501354832795,7.785865913853278,-1597.4750548937695,-0.0,-3279.414944848498,-717.6878060085219,-0.0,-1385.251141269886,-1292.7436968830548,-0.0,-168.26857400928773,-796.606358290261,-1047.3754362205514,-1238.9991445908881,-669.695851331871,-461.3913546807556,-464.92437407714516,-0.0,-130.50237550188197,-0.0,-2162.4417776956684,13.127897274695822,-3087.6838468808974,-718.6357135419335,-36.24017212477054,-32.08719298642288,-1220.9106992237173,-727.5675682534525,-0.0,-372.7019333720529,-0.0,-0.0,-685.6876099418616,-0.0,-0.0,-0.0,-0.0,-0.0,-0.0,-0.0,-664.2453425893544,-425.87745291728396,-2401.5024764598543,-2114.3447262132286,-0.0,-0.0,-1014.0639366645363,-1748.5934293889416,-441.68867331659567,-161.78415207148245,22.38377964691085,-0.0,-1205.741881709333,-0.0,-2109.95120248752,-0.0,-0.0,-0.0,-0.0,-1679.214851573619,-199.35135975474253,-397.5857146940227,-955.4341480680337,-1180.5550528951728,-958.459405333546,-650.9538667057483,-1049.016137091754,-0.0,-0.0,-0.0,-0.0,-514.3689808452199,-375.4598591788388,-1206.7239900168763,-0.0,-617.3552502250307,-5549.918462524536,-534.1978922783439,-698.9123968576444,-2525.9136855645297,-713.8428340510825,-0.0,-463.5078252005209,-493.75612308155627,-997.4551477804898,-523.4146731064117,-1299.70344441771,-1492.2611211714336,-0.0,-0.0,-0.0,-0.0,-1405.6749592764086,7218.1628148906475,5902.291634931173,-0.0,-0.0,-0.0,-0.0,-1792.1809979580125,-1012.0102078350075,-75.54173648791846,-1237.686216814465,-711.4975318035815,-0.0,-0.0,-0.0,-0.0,-638.8799675514529,-0.0,-1639.352159381045,-208.10757561192088,-0.0,-0.0,-0.0,-0.0,-114.68106524754059,-460.57653727979175,-349.600580020205,-759.4885600636084,-1015.0069709073606,-982.2145554565517,-961.134370299732,-261.10282184577363,-1311.3606207035111,-1265.6643700484833,-1011.9462726045973,-1339.8645787809617,-33.89826579810014,-1052.8442723205785,-890.427263138025,-813.5985919370437,-1363.0747829402023,-301.26775718866367,-1949.168499550172,-1316.0021285208227,-1650.7951625156952,-520.2050529486413,-480.8181995913803,-927.6432814162652,-0.0,-931.919538117093,-0.0,-2929.851704839181,-686.0549248167887,-240.33230555505958,-1640.912932678145,-1320.7207356694612,-994.5098565934277,-0.0,-0.0,-0.0,-0.0,-714.5324138147661,-3141.8419414384316,-1476.2358989227546,-0.0,-0.0,-992.689335616626,-0.0,-0.0,-1055.1084475311818,-453.91517476214995,-951.6244739459145,-493.3125861277728,461.3106898923303,-951.3051580698176,-503.1014840393638,-1342.4809024660012,-0.0,1211.4948012892069,-0.0,-0.0,-1005.8368303143745,-4823.115805563151,-0.0,1451.074907411734,307.10828026724994,-766.1224260701091,-202.15935197858133,-0.0,-1542.7368821550574,-870.5755116719611,-1901.5484259983234,-1816.4410085305908,-320.6483825936556,-0.0,-401.10624431080134,-142.0075623027418,-0.0,-863.1095590118434,-0.0,-1548.9451104316101,-1935.7441967901639,55.23571826657947,-2081.322172306705,-1737.7681368409155,-0.0,-478.76746806946755,-1185.611794282459,-1680.3645807938256,-0.0,-335.7933194759425,-2083.8763294670543,-776.0549455935815,-713.617256688177,-800.0846908910022,-377.29985348786846,-759.9505262689905,-1353.4424550162898,-0.0,-842.6386612738179,107.43569616760801,-1238.2318357652334,-0.0,-502.92519726693547,90.9767948053597,-796.5812762083293,-534.7346406499775,-0.0,-515.0228799232465,-389.61767419839964,-1456.6368569145397,-1083.8279249437815,-1396.0696911918742,-751.3105375633636,-682.9192345400568,-802.5588026190945,-1879.7170316003885,-19.849214028463464,-0.0,-468.5321370542065,-537.3698869869461,-1191.8070558664774,-1786.6594498622037,-274.1546337805714,-634.6967863898196,55.929583092710864,-747.3830085835974,-1085.5217189705832,-691.6403464777794,-0.0,-882.4297043997317,-48.752124302894785,-2154.017892122071,-0.0,-365.13983945726625,-687.2905710952596,-486.5680085312451,-2010.4286997685833,-147.8387505872708,-1336.1336351198936,-610.3322984503823,-2239.204776362265,-0.0,293.25775241406444,-0.0,-0.0,-279.02935596052646,-0.0,-0.0,-3164.785749155524,-23.41885490260979,-32.4063676933044,90.17063313140767,-1158.1415767895808,-0.0,-0.0,-0.0,-0.0,-0.0,-24.436969427407885,-0.0,-307.44779148013095,-0.0,-255.16630341004233,-1687.3081754014252,486.9540622787925,-2572.7541455349574,-0.0,-0.0,-0.0,-0.0,-0.0,-0.0,-0.0,-0.0,-0.0,-2248.564768996303,-0.0,-2349.6858351315427,-2735.1593534281933,-33.49376476838296,-0.0,-0.0,-0.0,-0.0,-788.9678079569011,-955.7530526352471,-0.0,139.01320545878195,-485.7552819085813,-1879.626591967542,-568.8391838930917,-0.0,-464.1033740928067,-1008.7694057937903,-0.0,-0.0,-542.1721391655967,-801.1092615328848,629.6937283591997,-425.20545906640433,23.77492373161596,25.766024689627734,-0.0,-0.0,-0.0,1357.6473054902572,1214.7902658140658,1424.0620464799367,-0.0,-0.0,-0.0,-690.5377209098668,-0.0,-0.0,-832.2788419360926,-67.18972614395679,-408.14171600727224,-49.228117783893914,-900.8580987705258,-697.3708521204744,-1258.7111820715552,-125.29422450284981,-243.38283129588947,-1078.63586685551,-0.0,-1880.9477828586262,-14.052543349415666,-831.3287919406797,-805.2126451830007,-14.347425557025883,-0.0,-1137.7736543740434,52.16088895645981,-0.0,-0.0,-0.0,-0.0,-0.0,-1203.9179921359957,-2693.9730358937773,-0.0,-563.7496939780964,-53.41035859972638,-0.0,-0.0,-0.0,-362.15089319495166,-26.176038781807858,-0.0,-1138.9200883021392,-690.3366881143463,-0.0,-0.0,-467.7157611610723,-0.0,-0.0,-1426.9323137843248,-1204.3383345880582,-0.0,-714.7803396222869,-1831.066984725698,-80.51051614636395,-0.0,-0.0,-255.4929122298384,-680.1902241527365,-203.42365899563904,-172.12344394660752,-142.74476669598246,-0.0,-0.0,-0.0,-1177.77800594971,-864.5200128009169,-1700.9015057933245,-238.05301948216282,-1162.4735059815,-108.34706863798098,-143.21466504422824,-419.9771277183386,-1726.8619713272963,-0.0,-0.0,-1512.3335322931239,-1649.8592169598426,-0.0,-0.0,-0.0,-472.98341612657657,-2018.4727456286873,-2975.4807005787734,-0.0,46.26735508541086,-154.4309097276966,-600.9170146164225,-589.9471409443455,-1783.0333774612284,-0.0,-1292.5212706413215,41.23944642671367,7.051046526331593,-267.7161514080645,-0.0,74.05996809351109,-246.48892597714755,-371.0709474735532,6.785312020945501,-0.0,-0.0,-576.7672539927341,-11.373087157903143,-0.0,-1167.4149773922825,-849.0300488332463,-1073.9752039721398,-696.7036848712005,-1004.3939212558474,-1519.7809034715835,-0.0,-0.0,-0.0,-0.0,-0.0,-305.18435336847637,-572.6585571460619,-1102.048310352715,-1337.945613381468,585.6691529523956,-1274.0814109200435,1453.982385297545,-0.0,-1814.0205055884726,-1457.869589238663,-726.7377291533106,-26.76765469265027,-106.44414253810486,-1931.0322932609076,-198.1026681997146,-0.0,131.2917810075633,-784.3146985567063,-0.0,-0.0,-526.3171008573975,-360.88968432589166,-341.70846153758697,-1081.4570239816833,-1463.2690615634463,-0.0,-1308.7583129449356,-988.6608894501455,-3605.7937159485364,593.5974094671371,486.11027725383457,589.9403335102538,610.7532040732088,-0.0,-0.0,-0.0,-0.0,-0.0,-0.0,-0.0,-0.0,-519.4105774905703,-0.0,-46.17866662351082,-33.77190497723114,-0.0,-1138.4071871880692,-1231.9592019834085,-1746.8594242157826,-0.0,-0.0,-0.0,64.56440307027765,-2626.991560202489,-578.6006253923433,-2498.0114048354044,-1353.6230166311445,-0.0,-0.0,-130.713280814814,-1210.7597823181366,-0.0,-1697.0431949335498,-624.7989136394083,-0.0,-0.0,-0.0,-2119.549732458517,-0.0,-0.0,-0.0,-0.0,-0.0,377.62881023476103,-0.0,-0.0,-0.0,-854.5421414747703,-0.0,-0.0,-0.0,-0.0,-0.0,-0.0,-0.0,-444.13151395099015,-899.0470517943369,-1314.2327280597867,-1447.465873429743,-511.00793928888856,-1074.9824716158057,-32.18615098347583,-0.0,-557.2545786631155,-44.5612365193741,-0.0,-0.0,-0.0,-0.0,-703.6179719050704,-0.0,-436.18239891254063,-1115.804733624448,701.8221989573382,632.2190580859552,643.9955599073029,587.1753225694835,612.0085309888328,-0.0,-0.0,-0.0,-0.0,-0.0,-0.0,-313.0134443230007,-0.0,1822.6284519812432,842.3926522906037,1012.9206303044609,-0.0,-0.0,-1087.9877962241367,69.23597331465957,-55.65355345227449,-2077.5753539869065,-0.0,-1647.6173031673954,-0.0,-0.0,-0.0,-0.0,-574.0814703262243,-0.0,-469.29383747695294,-490.716311265076,-336.8258429343556,-0.0,-14.539648155073348,-0.0,-730.1560953737254,-0.0,-1981.8442796576574,-536.0451624765514,1512.7591477927992,-1857.929922019771,-840.2907508284186,-60.67243542554372,-731.6110452090157,-0.0,-464.9575718720419,-69.66212366184016,-2117.0523020803307,554.3771069703217,78.822211408243,519.4949666148364,1099.758265455632,-0.0,-272.96740908028323,-21.97496608551715,-926.37183417469,-1071.7056916221807,-1258.8572350480142,-1622.1418006657545,-0.0,643.3716631529586,-0.0,-336.0185339939224,-2011.786783177605,-1165.3330006269307,-0.0,-1120.3841362907456,-344.42272644127706,-520.8098784106535,-635.8947422504559,-295.8706527632116,-1200.9683947888154,-0.0,-1894.0703391876218,-347.41418358672814,-1322.8142220644556,-276.16116440864505,-0.0,-0.0,-0.0,-0.0,-1131.1245866113554,1031.123591617097,-961.3133380591565,-534.1185538644387,-0.0,25.80920387242375,-0.0,-0.0,-678.6510115364556,-626.2051881470686,-662.2207285619945,-563.2038380822079,-0.0,-0.0,294.33438132009286,205.64552251553675,516.229469481001,-0.0,-508.9666491337648,-1661.262567394024,-1103.0736460255507,-3.776638217108234,-1433.3476031040016,-0.0,-0.0,-0.0,-501.5808208530407,-755.5990501727819,-0.0,-1174.4468185381252,-0.0,-2307.7742181231447,-3201.052632550415,-0.0,-16.917477590598136,-0.0,-657.8596434028093,-0.0,-0.0,-0.0,-1881.9111305206795,-973.6135057942197,-529.8500108587357,-762.4389741859026,-0.0,-0.0,-1853.2126234322188,-0.0,-476.0248323401153,1017.8769408949015,-787.4522722465726,-662.8339659183828,-484.52511630107995,110.85068233349747,-0.0,-0.0,-1170.6657220224454,-0.0,-632.0346780332452,-59.6857785313257,-316.3875704517665,-298.0248454744926,-0.0,-0.0,-198.46570521887563,-557.1031472183024,-916.8576565915075,-545.5418856653798,-926.955345904545,11.32602116217021,-0.0,-113.54478774212342,-1814.9890337440183,-1098.476117417371,-0.0,-0.0,-0.0,-496.2457127095921,-526.721800792869,-1361.2750334409914,-0.0,-0.0,-0.0,-0.0,-0.0,-1298.2101522363564,-619.0003769617579,-0.0,-506.40813036710927,-0.0,-15389.595740647164,-710.326713532717,-103.37859781284733,-528.1881181884256,-0.0,68.3782599794369,-1113.8608119126827,-2244.8324976514573,-0.0,-0.0,-0.0,-677.4131985649108,-447.22489070888406,-960.1163551739975,-876.7673136012402,-494.87979949447475,-0.0,-0.0,-1506.9034414324656,-502.0509949514395,-1996.1030801887591,427.59802436451463,-2066.728588545882,-0.0,-0.0,1435.2315355824771,-1356.7648739579918,-0.0,-206.624020126343,-307.0484321458356,-550.9849180255034,24.70190870719083,-776.627587457754,-0.0,-0.0,-1192.8442757674152,-1112.2808810154384,-2136.157048133581,-0.0,-0.0,-2114.640966470929,-618.476895040993,-628.5371238990092,-2139.7076178116554,-1259.3438337688774,-0.0,-0.0,-917.1073243269375,-0.0,-77.4008986273655,-1350.8080388669732,-1552.2642221142887,-0.0,199.39972472054765,-670.4843188565761,471.9345379197663,-228.6615041522764,-214.0545704975957,-0.0,-392.8280166274178,192.11920507608855,279.0642546849163,-397.53288712049465,-2175.3455685769577,-1738.518268260873,-74.98716624902997,-3873.036302231475,-506.16787227586343,-983.8607705968358,-42.818680677820275,-3279.658814157825,-291.50344600157786,-558.5884717274528,-265.47661667258524,-1399.0991507293527,-869.6766638490124,-2981.316228733873,-4671.711858541842,-73.30637424485654,-590.6071979981555,-1484.255639583033,-1024.983704528469,-0.0,-2949.5149975709437,-0.0,-237.16408770969903,-1328.5446272362417,-1196.6327379041677,-0.0,-0.0,-817.2187976827078,-205.5834202593746,-0.0,-1196.8163264415896,-0.0,-581.547451867058,437.72265056210557,-1953.5699065689041,-411.667306385639,22.812046199785286,-11.524304544083357,-0.0,-1628.9790912663664,-493.31298073757654,-0.0,-113.13455879872605,-0.0,68.97104156780492,-155.98308021783382,-0.0,-326.2834861591919,-1206.7538454343558,-386.22921906597077,-681.6907148078056,-1902.5923028294362,-0.0,-3491.8949835792146,-1511.0243902838122,-2123.269404375132,-1928.1981883201206,-63.16025168839867,-195.0317161128039,-551.4691083122358,-1273.9545620528024,-0.0,-0.0,-1078.7498254141933,-166.97408526544027,-0.0,-67.19750149045865,77.2080997336621,-1936.6011157489181,-0.0,-0.0,-1129.199543207853,-0.0,-65.02629533660836,-0.0,-38.630982359700155,-126.41103275576152,-0.0,-326.2150236702034,4971.867087249967,-0.0,-0.0,-2278.82380170131,-675.7906504929854,-236.5271011670304,-0.0,-0.0,-0.0,-560.8647029528015,-1847.1590583880484,-0.0,-0.0,-0.0,-1966.2259803953566,-0.0,-0.0,-0.0,-1367.2951483569982,-632.798172951586,-259.67609407589345,-402.0793923504544,20.140463803422247,-590.7100983688917,-328.376309881293,-179.66274195862826,-2073.0299230879496,-0.0,-0.0,-1084.4931398887857,-661.7918124085135,-2124.0850756758246,-0.0,-0.0,-2321.9566481266024,-581.2151104684457,-1338.0254437238762,-359.4263802290236,-538.191364763303,-2016.2633396205304,-711.3673851511045,-74.32283893041011,-710.710593229908,-1732.642781008929,-1335.5916480666706,-1179.781296787504,-0.0,-529.273491575966,-0.0,-1351.084879602324,-365.2432930580131,-189.9196389997577,-539.7200869699323,-747.3654607109273,-10.581671794944818,-0.0,-1022.5574059698167,-478.3003121316864,-38.01114621263886,1320.9110584283487,-64.63110482621498,-0.0,-551.3238539358082,-401.64432967152675,-0.0,-583.5574841954361,-1343.1434799825645,-0.0,-0.0,-0.0,-0.0,-353.8991461466724,-783.6130130874108,-274.8044608472784,-420.76860317711544,-295.79728754100984,-1400.9967516321467,-619.4453047095901,-1218.4758324424104,-2182.5493655747887,-1689.1262972488041,-0.0,847.4144863045419,856.0543516467563,481.63194479498736,657.7731411580083,378.2219946753963,-0.0,-0.0,-0.0,-0.0,-0.0,-0.0,-0.0,-0.0,-54.42024218721983,-748.0038515813158,-440.69423368661444,-237.10123865470445,-1025.887050833015,-85.53475227637136,-309.9675955892111,-988.3627851154806,-254.78194170821672,-1498.6816145341168,-651.3464593744139,-71.01214140938615,-323.5931263762406,-20.537573854845146,-0.0,-484.67658309247923,-146.3333600326666,-176.43499185279356,-633.1629019933723,-299.6059592007534,-1293.6027215389179,-254.1179810020381,-0.0,-0.0,-1627.0649016623265,-435.9179572252883,-282.44309239939236,-460.4282591703948,-776.509598678922,-371.3920718544173,-346.5917087718494,-0.0,-548.8877995296004,-586.4269011989765,-721.6579092291886,264.2308673285001,-1138.2601696361035,-1908.4984090707715,-181.88116193773578,-569.4505572844022,-568.7784337006069,-11.360243845755805,-0.0,504.15103166723145,-680.8487590500905,-30.167233297610238,-1644.0103891140986,-0.0,-0.0,-1050.1200581994894,-421.2519199490448,-0.0,-508.16870969612495,-581.3943795979621,-676.7793465225024,-0.0,-600.4600108709589,-409.28824678301913,-1877.7466551417633,-3605.6516300086287,-330.09552614368573,-0.0,-69.44035111291385,-362.61599332167447,-1282.4495944146638,-192.22117108242915,-487.71372932539657,-610.2743418019318,-638.3004079567261,-322.9207935162185,-0.0,-0.0,-1399.8610684395721,-92.66496692723543,-368.03403361749474,-668.8561239250866,-1015.5780828454788,-2069.186421205524,-0.0,-492.81078394502447,-0.0,-0.0,-0.0,-0.0,-0.0,-24.37673501880194,-155.8722727436866,-303.47829454425204,-0.0,-0.0,-0.0,-0.0,-0.0,-0.0,-1006.2542232795257,-1928.0377334969812,-348.760513240784,-421.2643012730164,-39.0883764367085,-0.0,-0.0,-367.6380426781753,-0.0,-0.0,-95.87576089107881,-2290.2412878010655,-0.0,-0.0,-1259.1122599920445,-482.86092471218456,-747.2841725347137,-837.9271078893537,-610.4653424657819,-0.0,-0.0,-995.0770620938482,-1546.5730199013876,-835.6947147489557,-0.0,-967.436623778094,-0.0,-307.69030034898077,-614.9140256915446,-0.0,-569.8030428454467,-1519.6696699370414,-0.0,-1448.8155884165633,-151.64943981739805,-505.63971823047257,-1172.0958721554164,-194.66319095806628,-1038.888406490544,-0.0,-865.0467732196236,-23.306758981527274,-2010.804028353324,-1596.0623792780916,-0.0,-0.0,-0.0,-0.0,-631.0221677442177,-693.104161630993,-0.0,23.07315531343626,-311.06239445493884,-647.3647848232071,-1748.7685317264168,-1940.4070535885085,-322.6619590811814,-0.0,-1197.796414982136,-722.6217502905735,-1464.6326987866169,121.55363142091478,-0.0,-2866.6195838412264,-591.9812351025495,-0.0,-379.16013634542253,-1243.3294178780782,-0.0,-0.0,-469.33621069516124,-1230.6413583584551,-0.0,-924.3869868132576,-1104.9218005401062,-32.65841167012761,-71.13592256508599,-433.8056388590602,-0.0,-1267.6263657781133,-2234.413650796159,-993.4416548496821,-153.26664449787987,-1625.9113538602146,118.09311623269224,-734.5482321380028,-535.5333499567279,108.02965214293862,-737.2303762000769,-1251.0215089792405,-714.9264158963728,-1112.3225699746558,-350.45928931523116,-514.6888210647983,-652.4697513164634,-1327.52102800704,-0.0,-0.0,-1553.7447839532508,-278.4169398229042,-0.0,-1283.6219054510268,-1058.5348912533282,-0.0,-2119.021572945017,-460.63097102661243,-0.0,-711.0488344118306,-0.0,-0.0,-1080.0232371544766,-871.0083563020185,-0.0,-0.0,-0.0,-634.383274012689,-3.8539651721075097,17.336680888725525,-217.2570690366471,-0.0,-1813.129377233613,-1271.5589054805646,-478.80273199223143,-1769.5564638503172,-0.0,-50.417803162271134,-804.971332224964,-0.0,-366.594838338086,66.73386747733191,-1383.4754402067008,-884.1677905809622,-584.7111517719118,-1092.854989377384,-0.0,-0.0,-0.0,-682.601654192507,-0.0,-333.8615647227756,-835.5479586150464,-181.31285232311322,-1039.99199046725,-1865.7703880740012,-476.9231753145194,-1791.1922900535546,-0.0,-965.5214520533225,-628.4500544873672,-436.2166300612769,-1088.8390980221282,-270.4502875878829,-443.63487321450043,-1286.353678224143,-0.0,-0.0,208.82033292744268,-2353.8013224946335,-841.4637707364062,-229.34618202107404,-0.0,-316.5637677878324,-460.92037533407273,-552.8332609361308,-0.0,-0.0,-662.1819050936926,-0.0,-18.186782428949087,103.30892369249354,-103.1576716650553,-1718.6333174622048,439.59125264791453,447.8743772437058,430.1375932563143,553.0863362446422,41.17151870957714,-0.0,-541.7342699697066,-643.9637370757271,-305.51881824164576,-8.443276916914456,-0.0,-0.0,-0.0,-166.26915896381695,-11.540280648345163,-786.2620841298773,409.19663039536346,2051.9377946127893,-0.0,-0.0,-0.0,59.06762311533774,67.9426957015159,-0.0,-2646.8749777225917,-0.0,-0.0,-0.0,-0.0,-0.0,-2103.9375022768177,-242.37509075965042,-0.0,-346.78539489653883,-1835.8271464986362,-138.98404195800688,-276.0623316396278,22.64941914826965,-1485.2531017678964,-3713.0759636504613,-1688.5809748958065,-0.0,-0.0,-1440.65927733779,-898.1969943617576,-631.1601467051248,-357.5604214219681,-299.8550371611437,-862.848304910739,-873.2261780730131,-4275.335622276055,-579.7932722024378,154.74008977248315,-706.9850386137225,-938.0372445136024,-534.3817990672173,-544.0905500947578,-6.52931364409948,-1391.9897684274156,-710.4057045020297,-505.4567517275078,-0.0,-0.0,-0.0,-0.0,-198.47768009262288,-1046.448932602104,-0.0,-1071.5692602250965,-1178.662998086005,-0.0,-0.0,-1254.0210210669136,-0.0,-0.0,-185.3911988673477,48.72516068934281,-0.0,-0.0,-2678.5669236396025,-1054.8676459675562,-83.36374422137122,-809.0371200133769,-1221.1601423173488,-0.0,-292.36584297523945,-434.2062571167276,-0.0,-1193.099510274459,-291.3968815592138,-1004.0329626121928,147.6013908520426,-766.9991543883348,-174.5930886161533,-204.88605145555158,-46.24937516224674,-38.841961015385806,-526.9714381954296,-707.4975171564055,-438.9890157872142,-612.6665685468218,-0.0,-53.71616526667044,-632.138097132251,-144.5617803704249,3.381150717113538,-0.0,-868.9296313923202,23.40095773396526,-1131.3202367656088,-0.0,-0.0,-0.0,-1610.0683865799328,-0.0,-0.0,-69.02748914227331,-0.0,-0.0,-0.0,-0.0,-0.0,-0.0,-533.2795759353825,-1398.0001953154604,-0.0,-0.0,-0.0,-0.0,-738.1034238612964,-412.37822785735744,-0.0,-0.0,-1610.0559087555619,-0.0,-1187.8792736912974,-2331.1189836309463,-0.0,-0.0,-0.0,-435.6912962484724,-0.0,-0.0,-0.0,-855.3448152791864,-655.9079792402974,-579.3472172105965,-0.0,-0.0,-195.3071583944934,-0.0,-3459.227288853394,-4688.27419445119,-0.0,13.39206437137384,-0.0,-523.7651011340874,-585.359784915132,-1741.8437768652734,-0.0,-0.0,-83.9290056293014,-600.1546734796999,-1186.8089681227025,-582.7758186658999,-294.7619299020522,-0.0,-0.0,-1053.3789938421532,-850.0059825636862,-39.52609583833667,-0.0,-0.0,-636.352573828,-331.6929520670172,-73.58395498066078,-0.0,-0.0,-0.0,-1889.4466580339206,-296.0219047882553,-1169.972213792154,-3779.889114548567,-0.0,-856.7163906397975,-1002.8399435774336,-2081.9927310624,-295.57714948568014,-0.0,-0.0,213.44385764264658,-1030.2075382011017,-1604.1286735261315,-436.35450080179265,-130.53663097427477,-21.573595636686424,-1562.8926651314825,-362.5022005228339,-1535.1777065673152,-581.6449357037303,-2368.18722425211,3.361093431656995,-862.0538079300218,-768.0361609742313,-1615.443213824237,-0.0,-0.0,-648.7573785928522,-1461.2556470809186,-1572.9208209261371,-757.7956562617095,-0.0,479.92705840507983,-59.711619994436255,-390.01487333377304,-0.0,-16.429667255527416,-0.0,-2143.51652894282,-45.302941663074265,-0.0,-0.0,-649.9178024876862,-960.8659398524724,-702.4908240701643,-303.002031364971,-510.70599438760377,10.968347728495255,172.872747265071,-720.4344109987613,-22.82366862430801,-1316.1862530634119,-0.0,-1345.97119730212,-111.09047784894362,-659.7988033850298,-347.70685135922895,-21.110634574636364,-37.26265264945933,-17.5497937713673,-1086.3996594795674,-847.8117217837217,-1227.0984057947514,-222.4319732173628,-1204.4273796355164,3.3741084581119787,-0.0,-665.709095594265,-2326.8234108581887,-0.0,-0.0,-26.01534073748481,-1821.4051974897366,-165.0824247278132,-501.1622942483347,-323.1902346691126,152.06439726258142,-0.0,-0.0,-1101.6571903940705,-0.0,-0.0,-1887.7935163741588,-1375.2444934749692,-739.911190758333,-660.9615282002235,-559.1282674448477,-789.8604954966945,-680.6346549281309,-1131.9009664615455,-2261.298623795784,-0.0,-0.0,-0.0,-0.0,-264.47976611146584,-0.0,-1796.7816779391028,-550.6209551269116,-739.1346813868602,-856.1575643439185,-398.35179223452195,-0.0,-1227.6547470421847,-570.6719815608755,-0.0,-2247.7796585240712,-1261.0971557868995,-0.0,-0.0,-2107.729561508631,-1491.7506906886024,-386.06037653720614,-702.8041605711267,-0.0,-464.5587488276636,-275.2052685803651,-0.0,-557.2897265682245,-477.73051600138524,-447.0682009673927,-0.0,-0.0,-0.0,-0.0,-339.4605106338565,-1074.4870124221395,-6147.144967551487,-0.0,-0.0,-637.7223825255705,-615.9634067870223,-1680.6507788365154,-574.4243536623413,6.65605892203202,-398.9529098945725,-0.0,-561.6431090387846,-499.5587829377894,-0.0,-440.6699597706736,-994.5001084016301,-0.0,-0.0,-0.0,-0.0,-0.0,33.61300724520819,-1854.939599973261,-0.0,-1174.320094658613,-780.8369539540246,-3.514403172091777,-1479.7011451599387,-847.9320661732722,-848.0137972174206,-1239.6609020583871,-68.34930550046738,-104.8597985543429,-1102.5221904602067,-615.1290799049347,-595.4189575202345,-0.0,-1283.9555658837176,-1191.018282809499,203.4769651450804,-0.0,-539.4254675282983,-626.3739183532072,-861.9234390842851,-57.51000654763424,-0.0,-254.25121344041722,-0.0,-0.0,-2157.068188955227,-1854.8266438309038,-1677.557336236302,-1497.573962748486,-0.0,-1090.7397222333454,-1798.750617130729,-0.0,-4653.431076199423,-0.0,-0.0,-0.0,-0.0,-919.2581854526611,-2150.043865083353,-2024.782157269707,-79.81328969221465,-1726.3599987665802,-0.0,-858.1663734398088,-27.495067584694763,-0.0,-59.831156905525745,-486.1986629881098,511.54319387891013,-0.0,-403.810984633242,-33.493192052941716,-0.0,-1261.7410312373966,-0.0,-1848.1941276252346,-125.99336818804196,-0.0,-0.0,-931.4456625651992,-1385.7938695061564,-912.2178753482182,-1083.7878323528323,-1128.757758958237,1372.0475989918118,-50.638611249291614,-702.6645857201595,-31.5380409306169,-2166.603147046508,-713.4134224921515,-758.7719904819679,-407.27238233311937,-1429.0313036006244,-1510.495605934889,-381.24110567703553,-2168.533244087267,-291.3762865186898,-0.0,-0.0,-44.360103721167306,-0.0,-0.0,-0.0,-0.0,-0.0,-0.0,-1477.496146420481,-541.5563955017238,-1035.4800792294368,-793.5432850696357,-0.0,-508.86141432414746,-1085.909969268493,-972.3098419241336,-1938.6369098813266,-1159.5199172348168,-77.04948440719399,-173.40336281875352,-852.9209915340579,-1291.8548099854502,-0.0,-0.0,-0.0,-63.299922932017935,-720.6749312956471,-137.17075938480917,-432.51356289348786,-887.4590405043157,-0.0,-0.0,-0.0,-3595.1706389989736,-0.0,-110.72357633925654,-0.0,-193.28147389465153,-1001.9204100389885,-1078.910136183676,-754.0760181642925,-0.0,-37.93297848226982,-503.0461993436232,-652.6505861548911,-496.3584886565628,-0.0,-934.209435560892,-0.0,-0.0,-2410.1266426152674,-0.0,-1221.0718273607324,-565.9162191162495,-367.47018735636607,-244.9363108254955,-1247.3114313261228,-2449.6051137344803,38.67714426752659,-2015.1380753557848,-1498.7761287389178,-387.4067158080396,6.595418820426783,-0.0,1304.3956082142988,974.0037798486056,1016.3284784667079,-0.0,-0.0,-0.0,-775.8929420408194,-0.0,-255.6782496392255,-160.41209004014624,-0.0,-3216.862643235516,-0.0,-1263.9688606057496,-73.05315159997329,-956.8593814880646,-524.866288230175,-1311.690218252149,-1089.6450909501705,-0.0,354.91605868778174,-2323.003519935101,-1487.7506418266757,-411.8299315638055,-1085.157983161608,-1508.7763090144465,-0.0,-0.0,-246.49269450903492,-671.8292494754601,-2004.7003725405327,-725.4374693707481,-32.88591712964648,-0.0,-0.0,-620.6808052591148,-0.0,-0.0,-0.0,-185.40782610969893,-1254.1900453796518,1456.8718656941874,-1186.3640477621013,467.8451602235901,-647.1247237742303,-898.6411247502012,-9.652222718174537,-4358.391804576591,-338.8961374014348,-0.0,-66.53509683058212,-2111.867869632359,-1546.9260520271553,-0.0,-24.209771840770255,-0.0,-575.5959427933441,-22.59539575658266,-1672.9876089269849,-1379.868757379801,-0.0,-281.92004984906174,-0.0,-0.0,-0.0,-670.0541177626135,-917.1545006597273,-377.93516313414,-1014.6489531621523,-1571.6975639340692,-858.8307512671569,-385.26368350469414,-432.5507337346547,-98.39577914037521,-1470.8852857568088,-552.2357523288083,-900.6808084954646,-1092.8237580133457,-1296.0648379282948,-1239.3212174582977,-339.98896381716014,-1332.1166524396479,-0.0,-0.0,-0.0,-1911.5137448893404,-0.0,-446.708805990726,-1077.212575048338,-9.846070437130697,-697.7075890038228,-544.7439543799103,-846.8109747538653,-647.4206698624229,-179.37250779768502,-1669.7951039179995,-4689.447608820325,-244.54455021264056,-27.807388707771445,-0.0,-101.34881459205323,-6085.22909675028,-1636.4532461407582,-609.7167369855945,-2140.7813212596943,-189.0094230550868,-0.0,-21.42502412425028,-601.4938679065784,-110.92289571190443,-999.5979631926258,-953.2315791932097,-179.93082097862316,-0.0,-621.7828858506447,-1683.512907209007,-1733.6104910338288,-1691.665750111493,-0.0,-1358.108440631119,-0.0,-46.709123085241636,-776.0008429657382,470.4450716897819,-0.0,-0.0,-281.1021514951384,-890.9534423219917,-658.1158060620481,-1125.6220777312901,130.2264164327987,-1272.4799443260592,-115.15996935997752,-293.9781899158152,-1860.2650767967502,-1700.669195425003,-338.4950264620169,-0.0,-0.0,-0.0,-0.0,-0.0,-1811.6391755819388,-0.0,-557.8460947166524,-713.2082435916304,-2299.6287421413613,-0.0,3.0301351257831626,425.24382087725013,1818.5354209963232,-554.9386371350913,-1157.98084477389,-0.0,-1178.5576664447772,-3214.0739684027153,-758.2742628552916,-4886.041322796477,-1056.042018745344,-0.0,-678.6222488733555,-2078.5063222258223,-178.2230944484068,-0.0,1078.691219763686,1203.4491349681316,1040.0283766226407,-0.0,-0.0,-0.0,-0.0,-76.9511168435069,-2063.4531506078015,-72.93470988169618,-0.0,-1776.363091485849,-1020.2372942041387,-413.72661316692756,3.7023218352117233,-0.0,-186.04627344780488,-710.6560880949049,-0.0,-0.0,-42.82055614519825,193.3214892587186,-1979.510979317024,-0.0,-750.3802092868063,7.8168483262453625,-65.43407612285236,-0.0,249.16100007491758,-84.45007669902539,-413.16129819548155,-1650.3271586252354,-0.0,-51.693331276696796,-1080.8342863293597,-901.4629383968709,-38.50930109410294,34.70183034448018,-0.0,-1091.7145312024834,-696.0272304591206,-7.545092281354696,-0.0,-0.0,68.78932104252564,-211.33318287624815,-145.32029589658896,-73.51852345119367,-10.856259822970639,-158.8960565807423,-667.053631569608,-862.8709633615705,-447.1082331070005,-0.0,-1935.7194360360506,-875.0192730484018,-0.0,-0.0,-936.4150205733255,-1874.8579428219512,-539.6315603027313,-6.613639597487915,-2387.238629686375,-110.35966343030299,-73.22336120002596,-964.0086745515573,-0.0,-319.9323349818855,-1289.5865992279366,-3.288755520611157,-0.0,-2955.5682718302965,-138.33434847180214,-1357.914674078043,-819.8645849903742,-1094.5461231455674,-2123.67723891058,-71.64048311231771,-749.8973428873122,-1693.8255792610123,-1070.6418700282215,-1077.7347849948694,-207.84579379952277,-1637.7027637905521,-0.0,-2360.027576358945,-0.0,-5729.524427432969,-205.25581392635428,-73.57203137299015,-1295.467671268902,-0.0,-0.0,-0.0,309.1204739432431,41.13933298875904,-784.7962710134047,-1136.2747622336908,-387.0858721764275,-928.1502936256647,-0.0,-0.0,-1324.248740950092,-273.26271020699,-462.35377954971614,-151.27898528426206,-0.0,-1426.844800051543,-307.5054196261486,-1719.8709624487708,-0.0,-32.29730633590561,-0.0,-1647.208181226569,-691.4030447100879,-1472.3388278287111,-0.0,-0.0,-1305.4161755421244,-453.2778341012572,-696.6710272582168,-1363.7544008946525,-404.91055566213595,-1256.6210785774845,-0.0,239.59355051207325,-1099.4460588169172,-3745.70497467397,290.5105092601008,-1103.464012075542,-6759.942710619399,-545.3368507962658,-590.2970977922396,-199.35981393838986,-160.3041910293881,-829.247111342529,169.03823581172293,-176.92755078719009,356.1511727800926,-984.955247178988,-505.6036377498308,-0.0,-1051.459350979612,-1641.465898340217,-794.3377243578307,-346.0083781092545,-0.0,-0.0,-29.474826742382405,-913.9992045451074,64.46675385620385,-1901.964236719128,-0.0,-0.0,-395.11367677539704,-537.7714762978511,-858.607867693731,154.04733487247572,-2316.654663412706,-1271.8554790679866,-1121.1957103941331,-203.64341064937616,-0.0,-340.80332283076973,-0.0,-519.7736822083498,-20.716370829409524,-1195.4830083772154,-444.8280306528602,-923.1374945931109,-306.4495406839443,-282.2008907105359,-0.0,-997.4965383248998,-606.5132154420479,-1096.827360814496,-0.0,-2894.0876105713296,-1195.269049841521,-1102.836824803135,-714.9413108770614,-979.3639404412261,3.331466125390185,-1941.4361330685256,-679.6680265284527,-1071.5434580506276,-1691.9084926286732,-270.7645332656507,229.51465347008528,-945.9704577384636,-0.0,-0.0,-17.406126842420566,-53.03142878152047,-16.560872139778223,-233.99270351277966,-0.0,-0.0,-0.0,-0.0,-0.0,-0.0,-0.0,-0.0,-0.0,-0.0,-1261.8888491184186,-2104.0359648418284,-1881.0019395299507,-0.0,-0.0,1530.6191377736288,-407.6906279329206,-0.0,-440.1747560531892,-406.50017154502945,-888.6859500883288,-858.6359916029636,-1014.5021744220709,-0.0,-569.4192059858925,-366.95217534483413,142.67252642212796,-0.0,749.6632836912519,-0.0,225.26734367193666,-0.0,-285.8208027003126,-0.0,-334.89829576938206,-1043.678596644574,-1743.3760274614592,206.00459465688522,-0.0,-0.0,-0.0,-0.0,-0.0,-314.77650184222375,-74.01586622327176,-0.0,-0.0,-0.0,-487.25012645673837,-0.0,-38.45474482921686,-562.5349943951477,-2866.442436418269,-0.0,-1171.6275561406164,-0.0,-534.015698774806,-0.0,-0.0,38.62745289627551,-0.0,-144.6913547718736,-0.0,-0.0,-0.0,-841.5065624994174,-1619.6083153903842,-0.0,175.81843971531333,-2069.813645216544,-0.0,-64.29780423178244,-237.88709336295267,-0.0,-0.0,-1308.234615390015,-0.0,-809.3467769355925,-1157.0165124209113,38.232469722639046,-2428.9117366784303,-1511.587937083989,255.01153057200293,-609.4375181472109,-0.0,-913.5390593397093,-0.0,-0.0,-0.0,-3060.902197412562,-752.1346968368498,-1357.8331751071187,-0.0,-339.8502035082686,-3.4845244850759776,-1147.0378315599455,-1760.278350530438,66.6728753780802,-2669.068000110513,-0.0,-1689.9880941277706,-2258.5697581766735,-0.0,-0.0,-0.0,-0.0,-2072.6578598966776,-141.51746845110034,-1287.726377221773,-0.0,589.5499383934801,1137.125281459875,-0.0,-0.0,-800.1229808922253,-774.576901822602,-292.7586440239871,-16.577388954411084,57.513781296853566,-0.0,-1096.983161756461,-0.0,-251.573457195425,-896.1656909856601,1191.4511279809471,-0.0,-0.0,-0.0,881.2370104843973,893.1732391002353,-663.3488627083792,-0.0,-1188.1788654111358,-0.0,-980.3936393783106,-622.0263918551456,-0.0,-0.0,-0.0,-0.0,-0.0,-50.55691859558263,-0.0,-0.0,-0.0,-1025.154773843144,-248.91340559006426,-0.0,-0.0,-0.0,-128.389942435589,-63.28546678786885,-567.4903145042762,-623.7994813019153,-2144.570100694558,-972.8566217693457,-865.1030142208896,-0.0,-2387.928359999078,-37.36990055185412,-0.0,-845.7078436645997,-2114.8410481564674,-636.2507153144766,-446.0463906248265,-1128.3442305134863,-236.0915473515553,-587.3520219216033,-684.6195228009648,-948.363293139911,-229.48815379440688,-1476.8560400547015,14.311629818039115,-336.46816969723284,-0.0,-0.0,-703.0642664694448,-3209.440984044563,-0.0,-830.9339627648586,-454.0689616107825,-0.0,-317.79470055170606,-490.43199108751224,-680.3560637947113,-217.78095125949724,-0.0,-0.0,-0.0,-0.0,-0.0,-37.83592166693947,-0.0,-600.7146447956582,-0.0,-0.0,-577.056346175538,-920.8853583499028,-2263.960200456709,-386.18324174014157,-550.4341555390617,-88.96580300166256,-1793.006576079473,-0.0,-714.3525839175894,-467.19221384102656,-397.100629390744,-1163.397314307658,-878.5887971784525,-1377.6674582855235,13.386228468455661,-361.36884661727225,-0.0,-963.0477665275045,-948.2961168594792,-121.73129081545432,3.2679541956982616,-2223.8910048951516,-996.9182062476793,-583.871220913406,-0.0,-620.5941290976949,-648.7117063847908,-472.3301005745409,-1906.2639517389614,-3.2416547976196437,-0.0,26.60804221378569,-0.0,-0.0,-194.33389974050877,-3368.283378218374,-162.30582680696494,-1388.0379612390454,-3006.0753683874746,-0.0,-4075.714505512032,-229.69203215124546,-1777.6063446163814,304.36483756694946,-0.0,1411.630449122797,-759.0139305888354,-0.0,-1786.1628101090864,-0.0,-62.67025299353507,-38.093119680486474,-0.0,-0.0,-0.0,36.2792764889926,-0.0,-0.0,-0.0,-532.5876162800029,-1188.6457210875908,-691.7157180677616,-0.0,-2921.6402153438385,-0.0,-0.0,-0.0,-219.6044338344943,-319.91575785395645,-0.0,-1961.1338000286323,-0.0,-0.0,-2972.0951388103135,-0.0,-22.720846452211777,6.842737144345017,-405.18660245475513,-18.573568956012426,-0.0,-0.0,-212.4711241417941,-0.0,-0.0,-1169.8317210180792,-1095.4460718924151,-1195.2957592943872,-0.0,-270.2330485296216,140.41113486853604,-325.1848492447965,-13284.716966405591,-0.0,-561.746491980287,-1165.3816546428786,-579.6298529380617,-0.0,-30.05784961867617,-13.767943041441752,-223.85624212197328,-927.121904268932,-0.0,-0.0,-0.0,-449.6712375484496,-2085.2830763249544,-1263.392066427703,-0.0,-0.0,-0.0,-253.662925100193,71.99139642800088,-7.343706979593541,-1080.8090255090788,-0.0,-0.0,-883.1284819986575,-0.0,-0.0,-0.0,-2261.8854051772496,-925.2982571758535,-0.0,-1054.0410785299873,-526.583835088325,-203.50259247852938,-576.4886592900497,-996.0101591778888,77.29851904952133,-1090.7459840891374,-1018.6428073813287,21.460935844666754,-1652.3055222200626,-0.0,-0.0,-0.0,-0.0,-392.9541272335834,-0.0,-0.0,-539.7263755819986,-814.1412100375424,-603.5016909697226,-0.0,1391.497491631953,1109.8483397137857,1207.3373176713358,-0.0,-0.0,-0.0,-798.8445483928377,-35.45352157825709,-722.5298284523573,-67.66599928892666,-543.7107016161763,-1545.8098746468938,-1076.7443117350333,-1857.9529705531959,-0.0,-0.0,-0.0,-0.0,-406.2587689363293,-681.4550905151207,-1426.201437616111,-383.11069980769344,-1312.0837684680519,-1507.5438185452579,-1874.5076714531053,-0.0,411.0067134304228,-384.2376679027611,-339.6015714126018,-111.74953911306513,-4036.169553278804,-60.62536109741804,-0.0,-771.0112108599286,-1328.8325696367008,-0.0,-53.136858688815494,120.51672890387624,-73.80781303521336,-433.5078413253037,-1822.8429448554248,-136.93619411241778,-1598.6125039854487,-0.0,-1652.0380011521975,-1687.431655316523,-1145.5229523418884,-0.0,-1410.619554699018,-310.5387478783747,-592.4858435193586,-977.471238674217,104.31097637522998,-1561.1450632264323,-1199.035681772957,-0.0,-101.29600015594755,-0.0,-0.0,-0.0,-932.2541964267098,-551.1815242787598,-0.0,-0.0,-0.0,-2980.579146773815,-1594.7776753530313,-0.0,-0.0,-3.498051076450601,-1351.8710072686438,-764.4236175966482,-0.0,-670.0676325179713,-1143.0252505756828,-459.7552306857881,-21.451408381573188,-892.4628409468872,-6.416250939147551,-1295.1259561908992,-1469.3856760951196,-0.0,-0.0,-34.968061104035755,-0.0,-0.0,-1126.377422253422,-73.85748522846916,-435.3135480708016,-0.0,-0.0,-0.0,-764.4172094260753,-273.68708866230105,-97.45552097198089,-405.34506295228465,-212.96523944971204,-1799.3016035302685,-297.0179825462143,-471.85976593674525,-970.205927119542,-0.0,-337.87331656303104,-0.0,-1755.4825191222155,-1360.6856635371262,-1403.6101888291819,-359.4834990250596,-218.2608738877306,62.98563604255195,-873.9787156218622,22.083331229742285,-0.0,-410.5815854287314,-0.0,-0.0,-412.34985362838694,-110.27767740947854,-2478.672844979219,-2586.226471979752,-479.39664077105414,-0.0,-0.0,-821.1990197852394,254.09470265069166,-0.0,-0.0,-0.0,-950.93181446863,-42.936984345726614,-452.0696727560746,-3419.640220663944,-1266.1205067359779,-1011.720506117736,-374.675865931542,-162.47728110447994,-1083.7734688101277,-623.9699833270062,-476.42958990311934,-0.0,-599.7449487770342,-572.6815840758721,-1697.6750914444642,-0.0,3.828695541485854,-11.443302403125768,-0.0,-0.0,-1540.6639568852695,-0.0,-3459.423825635414,-1091.5090856206116,2077.7968798542006,2578.4683363933596,-0.0,-0.0,-669.3477821974495,-926.4201636655632,-516.9806309486453,-301.7231075968035,-2776.9601527086343,-570.2347860960625,-0.0,-0.0,-0.0,-1044.987861472566,-639.0289351212706,-165.19368921340316,-2077.574111617116,-1046.687577231629,-24.20512480227365,-370.19410666467616,-996.6153458238335,-253.65276583302608,-459.4949532629864,-0.0,-57.4227691775277,45.46330773685613,-868.5748155465757,-138.38682158364315,-0.0,61.91024693310368,108.34844422759845,-162.97889791091927,-1124.3459873516326,-1832.1714495917515,-52.700637760346225,-791.0001966273314,-1298.983568621405,-0.0,-0.0,-620.0265329813964,-0.0,-0.0,-0.0,-0.0,-608.4637347438166,-20.169922409489352,-1247.5350543708487,-1161.5847272456117,-2170.5688658806976,-1125.0653982682607,-0.0,-558.5071766894005,-0.0,-1302.1796544291042,-1544.930874507778,-1157.2984120004367,-868.9432037920503,-0.0,-1871.5151520673276,-0.0,-0.0,-0.0,-2951.1715717997095,-1074.838767111594,-254.09031159781765,-828.6830285172795,-756.5977594034587,-779.3836001595984,-0.0,-0.0,-0.0,-37.743730769991814,-4421.264111322418,-620.8494419598702,-1802.0764041332116,-3288.9126972155923,-1947.9608510735145,-386.7544733841319,-0.0,-1536.4607325392205,-670.7482147106589,-0.0,-306.6043924347995,-335.0429715389582,-34.53064483455283,-926.5821309235121,-227.85594255021667,1241.0371731054975,-386.3128886195998,-0.0,-0.0,-887.4568860873773,-757.1807128800176,-2232.7330468163273,-245.23241643663982,-0.0,-0.0,-475.91053592596097,-0.0,-0.0,-0.0,-0.0,-1155.6932387393779,-593.2268211963284,-1223.278582936355,-413.2135174029252,-3.3110539572452624,-631.8600219489522,-0.0,-0.0,-0.0,-0.0,-2202.5361587914886,-0.0,-0.0,-0.0,-0.0,-0.0,-0.0,-668.8667844414534,-0.0,-2292.899006215843,-466.11779087937146,-202.60304219135077,-1108.4127769273298,-0.0,-0.0,-1265.2879807855986,-1232.4194043642983,-3.2906372264438564,-424.80406989897955,-50.15181151851676,-1674.5875114395724,-808.8223279344782,-0.0,-3434.148244768364,-1141.816316379578,-0.0,-0.0,-12.991259375481029,-365.5665665452338,-1056.1597720588334,-0.0,-0.0,-21.166026473163114,-1309.7297050643272,-517.783729664459,-292.49218292956687,-64.79460385646671,-1634.9804249349665,-0.0,-0.0,-0.0,-0.0,-0.0,-493.93472472990453,-430.48328768011567,-512.7645110506786,-3839.269426548511,-1456.3977871772606,-1112.2552841283293,-87.8423632167769,-968.9286410924506,-974.1158246486104,6.571577558031488,-0.0,-0.0,-0.0,-521.5463912368082,-394.9297679276088,-1571.600503615863,-523.6692701696037,-0.0,-1435.7670261458568,-0.0,-614.2993295708493,-0.0,-0.0,-1765.7092917221755,-477.0931015074157,-499.62945323709556,-1289.8251672684044,-106.87302944227311,-10.663269582011027,-622.1392604306424,-1279.1646864636123,-0.0,-403.91310249430177,-1089.3500054878948,-3470.751811743325,-0.0,-256.05629619106355,-1854.2486416243541,-1195.4731984388175,-1135.6722515607032,-443.4631356719742,-1045.8969409863482,-0.0,-303.8239341194456,-0.0,-223.0528622977263,643.3829598552724,-0.0,-0.0,879.184924036197,-0.0,-1954.3251454042884,-645.236844380795,-964.7821950111812,-1037.4986361617061,-1334.4180441591704,-323.59096656179076,-128.38598206924098,-0.0,-0.0,-775.2317359151593,-955.6135634390359,-691.6652368131234,-0.0,265.370194092263,295.95043878462303,-204.36300648531434,-2428.91867917256,-1859.4569409687172,-0.0,-0.0,-1255.2859852596403,-3428.3920606127404,-2321.8363871354163,-455.98327290544313,-936.3346787962913,-983.6121329631521,-0.0,-189.86233085862568,-0.0,-547.6489325797486,-229.41601713849414,-1455.4558308608966,-2338.5441704028435,-282.4595299746196,-467.0789511706988,-4037.7603041581847,-1257.606826276918,-500.2501401718883,-221.81934754156637,-1345.813846115147,-649.5049575305283,-3.524461101811506,-1386.1395185890997,-1393.0972586756666,-0.0,-0.0,-625.1823981727623,-1140.7574784679455,-306.84294735913426,-3.3932184750525947,-0.0,-0.0,-0.0,-0.0,-0.0,-33.15770337163402,-671.5791408664069,555.124349598709,-395.70798089424005,-770.8060742444789,-459.49348031597657,-848.5799249966079,-1400.8889685233125,-1060.1748281354899,-1470.4234923288666,-237.10735786589228,-528.8437097059071,-1374.594298682141,-629.5156110992999,-0.0,2528.2950101064507,-237.39915002844955,-65.04651807305345,-0.0,-891.5099814929647,-559.1094279022738,-1295.7188242443249,-1594.426777220388,-2124.889719893755,-0.0,-0.0,-0.0,-0.0,-964.6832393625288,-1416.6606867055696,-0.0,-800.0377925577102,-7.034999292098601,-0.0,-0.0,-0.0,-2437.984554371155,-768.6388203058231,-156.11821193237066,-46.20047926970628,-0.0,-0.0,-1107.2339878786627,-1264.6414077260306,-699.3826763866134,455.77409379639624,27.666252849911146,-0.0,-19.38163970231576,-0.0,-1340.0200509429299,-463.6064196372662,-1211.32986681283,-1457.5742837182759,-1514.6291732982231,-37.60575324246742,-0.0,-0.0,-1764.2799057969085,-316.2932682872955,-0.0,-0.0,-190.3605297146399,-0.0,-37.76858643940484,-0.0,-1246.576067909556,-710.4414485188454,-0.0,-65.2872676884149,582.2492723347582,-0.0,-176.19990903626694,-2197.4214902546196,-0.0,-0.0,-655.4593633374346,13.025368449699778,-0.0,-0.0,-693.3487020984929,-1263.016531707109,-0.0,-749.291038285361,-0.0,-992.8300452839362,1502.423793546027,22.385880125857327,-1497.0846813584233,-1631.597966533093,970.5553128372875,-0.0,-2021.4392456792389,-679.4079071706163,-846.9049994260645,-0.0,-554.6424878981034,-118.11770675561746,755.250298692137,-371.7036671504948,-1330.5633167201345,-0.0,-0.0,-0.0,-791.4748258340339,-545.4742146314442,-681.9824005863087,-836.0422907027431,-1005.8023074964674,-24.68805275978333,-985.8459869648425,-933.715341619223,-1173.3895193040664,-0.0,-0.0,-438.7381040883879,659.9904659958572,-5807.748519885615,-0.0,-1097.892384195775,-1692.9560868760418,-800.46064619234,-713.2913591464328,-57.18368273402927,-2415.5977046974936,-333.4180183299444,-0.0,-941.4964029552611,-752.1771651141561,-575.0081996950095,-0.0,-1314.3340209138844,-1726.7151957396118,-25.597014690976998,-1016.2160420169308,-2357.687115357945,401.0618953379316,-0.0,-377.05915162583,-142.0554903407413,-1073.3234038772102,-893.5992704295132,95.53922551077653,-107.05795958336971,-752.8478761625374,-428.1212326928218,-484.60058549771804,-597.0465030581345,-483.45773526917134,-0.0,-1212.2634478344062,-0.0,-1023.6396495392007,-596.2352156277179,-137.80219017117406,-0.0,-1476.9828286593615,-4289.811874229304,-0.0,-387.8468297056089,-0.0,-2237.0012460659245,-211.63461047540102,-0.0,-349.57339412136463,-381.29544528800585,-0.0,-1907.983114298209,-1361.1128401192268,-0.0,-3749.1560505606035,-105.99021623621194,-1139.4871414174338,-1254.7011259992155,-1545.68258566806,-101.19236985413154,-0.0,-846.4203223330128,-1886.519712830315,-511.49335731786834,-887.3019675609609,-964.995550089958,-1563.2482993151345,-2132.4413983566346,-854.6780669143252,-1634.5572782518163,54.865232413227325,-0.0,-258.12011827462015,-1115.093544863828,-948.5056030776656,-0.0,-0.0,-0.0,-371.5615864692507,-437.07152442404896,6.641496753755009,-516.1309667169194,-0.0,-1048.3988176068779,-653.6439023212627,-528.7240884704182,-0.0,-0.0,-256.43961057087444,-1397.20036721446,-885.9265752164164,-274.3393002599283,-808.0584824138929,-29.81495224479764,-0.0,-0.0,-2756.3489749900973,-994.9033152345379,-0.0,-0.0,-0.0,-78.03587276696723,-937.3920172669384,-44.52621669478526,-1580.9017682218878,-1533.8840904407284,101.34078144593995,-0.0,-514.477986771963,-0.0,596.0860044943433,-112.8679715598928,-0.0,-1424.9174266022148,-278.8150698709565,-1576.6966508460673,-0.0,-1345.3848532145025,-530.8396059800689,-175.27544385242314,-10.9603696667441,-31.883457546631355,-0.0,-0.0,-622.8006309358011,-1147.9690104021568,-0.0,-475.09538060613886,-0.0,-310.21901822714847,-465.86667272774656,-0.0,110.4415272601952,647.8909398721631,615.5828305076864,750.5234086343376,661.6478930761996,699.5795903174662,-0.0,-0.0,-0.0,-0.0,-0.0,73.50849882718754,-0.0,-0.0,-489.7336363728449,-134.70155142780035,-430.61381848442824,-77.48813862457997,-0.0,-819.0520135041709,-1403.7889090954352,-1517.8878057214026,-210.76842501273825,-183.1105517537968,-0.0,-0.0,-564.9186395995417,-0.0,-0.0,-0.0,-0.0,-2598.0816034224795,-0.0,-37.89976450615165,792.9227335406188,-0.0,-925.5217680892589,-487.64885760768607,1375.112948161364,-768.9387556415232,-0.0,-2777.4802714941593,-1806.0960523333326,-176.2904929062633,-744.2690375762429,-1164.1092756536402,-487.950363120456,1036.8395928318623,-67.59673561615725,-509.35562297120265,-0.0,-0.0,-449.91994989058094,-0.0,-685.6529699265241,-0.0,-400.65984225665113,-32.51559893070761,-0.0,-0.0,-966.7484017276211,-0.0,-0.0,-455.0832399990471,-1108.494209881368,-1615.1541280501062,-0.0,-0.0,-0.0,-1490.7303144603084,-0.0,-988.2985569638985,19.560413122259707,-0.0,-0.0,-1024.61601992485,-782.4279212040536,-1110.0931888703328,-328.26901850965965,-0.0,-1194.2573689704864,-241.39387501255214,-0.0,-0.0,3.4132859657319115,-32.871618447167805,-3992.2762346520803,-0.0,-102.7178204208905,-27.157203517474294,371.3372622562374,-73.73039800587657,-856.9048558744958,-778.7398362097034,-387.1130606798685,-0.0,-0.0,-1546.1568913642152,-0.0,-0.0,-0.0,-0.0,-0.0,-0.0,-0.0,-145.1925806606797,-0.0,-0.0,-1722.1581578414693,-6279.653531919818,-101.60730869896148,30.432717118677985,-387.5976181908183,-612.8050081281219,-97.66537079777271,-3800.6466931988966,-232.7758733912582,-265.4550237882267,-0.0,-0.0,-0.0,-1749.264595938737,-0.0,-33.603366484753195,-0.0,-0.0,-0.0,-419.97683276071064,-9.975996967453884,-238.61799976556833,-1282.6770415140472,-555.2516480767405,-63.891310842921364,-2229.0853751049704,-0.0,-74.31722473716816,-1891.1187917461123,-0.0,-962.1536190468802,-65.51324473959447,-1347.8938498938505,-0.0,-0.0,-943.7285838389815,-522.3944237025032,-29.982276413214322,-747.7929284275307,-718.9335335766939,-613.5793193698664,-146.1537019271319,-604.2605977858462,-631.7547234672497,-1956.9868781076927,-886.1182476060694,-0.0,-1352.2521287098784,-316.46245722468205,-594.170450703827,-0.0,-0.0,-874.7238008658863,-2034.9365543210024,-727.1320269593771,-0.0,-0.0,-0.0,-3464.086211459938,-706.4688716127184,-170.0750808936634,-291.00522132736677,-36.92480785178923,-3202.6373249065323,-0.0,-0.0,-1972.9712161802204,-741.6894324473158,-0.0,-0.0,-0.0,-72.73037158191998,-0.0,-1639.157883588494,-1566.1466658944205,-0.0,-290.22303262190957,210.60721866569142,-0.0,-0.0,-0.0,-875.4402485015704,20.651681478767184,-2104.630425280517,-485.7760528053261,-980.8802065193363,-592.1555599431285,-3102.8442867981785,-1428.8576538076618,186.69345192752888,-0.0,-2709.5850883902945,-0.0,-0.0,-0.0,-1109.978941319786,-655.2506706962546,-1348.0492918806865,-0.0,-0.0,-760.2006143664448,-1310.1251305435335,-592.31859279164,-428.8682598765339,-0.0,-0.0,-1123.876811460974,-0.0,-0.0,-0.0,-0.0,-0.0,-0.0,-481.0040439507487,-65.54289691118865,-1155.258683518813,-0.0,-596.8176321128417,-1051.2807961046833,-29.694337320737297,-0.0,-0.0,-0.0,-0.0,-0.0,-0.0,-0.0,-0.0,-0.0,-0.0,-1005.180569843197,-1724.48801655337,-0.0,283.9761479807944,-0.0,-585.2201566709857,-86.33474763922031,-0.0,-659.0747193149045,-382.3994147898571,-75.7142916714494,-1725.4719786777696,-434.5875940115561,-2494.5997302150263,-153.34159876870805,-1936.1730551527205,-1582.48162455209,-778.5975326812976,-3.80285440954732,-0.0,-974.2478966858276,-1902.6941545452817,-2147.318178109472,-66.97756083947202,-206.72416255996296,-1511.699983771979,-0.0,-2302.080914560541,-343.50642739945033,-0.0,-1480.4447965528036,-0.0,-702.6928603811757,-0.0,-2166.3586041371614,-0.0,-0.0,-77.81011279595403,-913.8954508562244,-476.3870627801429,-0.0,-1217.3308721442925,67.69349941569278,320.88039763712726,303.49620319622653,-236.2597505220887,-1504.5976908157083,-529.7044942290615,-0.0,-0.0,-4658.843262739979,-976.4048578432083,-0.0,417.80594342903584,-0.0,-1687.9969726203115,-448.587095839009,-610.8765666478085,-0.0,-0.0,506.05357805517303,-0.0,-766.0829878499459,-1081.783021487421,-1632.0263100834798,-0.0,-529.5463731570846,-2716.0075326970323,-874.0046814554179,-0.0,-1234.478623483693,-116.07074976074864,-1025.9721610693935,-0.0,-828.0973253387425,-0.0,-0.0,-0.0,-775.0039859766039,-0.0,459.8058327865574,-0.0,-336.17335888063457,-656.6138417043921,-384.40374974599223,-912.0314849115965,-549.1730476923959,-1592.8936201874824,-1061.0226526369506,-0.0,493.49167260198874,-2057.7579223279567,-1403.3325113888286,-614.9415620989494,-0.0,-0.0,-0.0,-129.36329176019606,-956.8930368381617,-263.1886246755549,-736.492915422837,-1827.2674759504052,-2527.1114484456793,124.15707910982573,705.3968018976221,608.745163650613,-0.0,-0.0,103.1718277601483,-27.707116705119002,8239.835061818489,9669.749818451928,5014.440882950524,9333.841445259035,9095.49122410356,8355.811813483195,-0.0,-0.0,-0.0,-0.0,-0.0,-1262.1944248189332,-1207.4672739508705,-814.8242430201268,-0.0,-2089.8879732173377,-525.6264818348475,-914.0073580975599,-28.635615218445388,-626.6581702540724,-1199.9536653237033,-942.8742425782183,-1049.757613976689,-0.0,-2592.4867312648153,-1609.4919501497805,-583.750106970291,-106.42927102204246,-2881.639460466152,-0.0,-195.68793774326156,-0.0,-9.890218012549262,-0.0,-99.17664502326414,-250.99119301033565,-952.6911152579073,-732.4043911636104,-0.0,-0.0,-0.0,-2075.13646815561,-0.0,-0.0,-218.01813288165582,-880.9281164064005,-910.1393435275506,-75.37610525261408,-1122.0482454799032,-1543.092068896768,-280.6794226559744,-0.0,-0.0,-99.71028020618186,-1071.5509005875779,-289.0372458249031,-0.0,-4950.314848349653,256.3959953130642,-0.0,-0.0,-0.0,-30.907758461817007,-384.9368598034868,-0.0,-0.0,-1064.986621534707,-2010.366932123264,-1126.879548506974,-346.9358753299328,-393.89253071854824,-420.96434666766817,427.5680367877922,-1209.0401853680974,-0.0,-491.1972861786944,-2328.9499853931075,-432.1823587766109,-7.624434680082475,-0.0,-4.706905611439103,-0.0,-0.0,-0.0,-1076.3104108986056,-354.6060340086063,-1214.0503772189304,-0.0,-0.0,-0.0,-228.96575934162286,-457.50332767395173,-1275.7963695811995,-2504.2272802518933,-335.71609792920344,-172.7993641349639,-0.0,743.9877650833187,-0.0,-1030.834711307293,-141.98827475400685,-0.0,-0.0,875.3201594845133,-0.0,-1398.2200410726387,-0.0,-0.0,-0.0,-176.77144452891574,-1781.3987555642623,-1476.236126335019,-23.0926526514877,-2046.8272638754013,-1371.3395597096483,-23.433258311861216,-23.063908660942804,-64.93349788051815,-0.0,-0.0,-1812.1310148380564,-0.0,-5085.902267178838,-0.0,-1347.5325256172052,-233.14896675893735,129.898203803487,-0.0,-49.95325290564016,-1184.9451674929555,-1337.407104240612,-472.3145724889711,-31.948435952911964,-230.6637562013534,-0.0,-0.0,-0.0,-0.0,-1079.20682212544,-775.9999781628472,-0.0,-510.10033294406935,-1113.9274361869982,-163.27626148851692,-67.81338742383407,-0.0,-0.0,-0.0,841.6653180506802,-3.560388501007157,-0.0,-460.02379374686546,-758.9879483687178,-1257.335103339497,-0.0,-0.0,-2124.200412932846,-0.0,-0.0,-0.0,-0.0,-587.1095878715255,889.0028019660833,944.0461450986375,1075.4972701324562,-0.0,-0.0,-0.0,-525.1441389172445,-0.0,-0.0,-324.1993793643229,-589.3547823410918,-0.0,-164.74402092461108,-1215.450179970206,-1157.7828308562018,-0.0,-0.0,-0.0,-9.753935187728139,-1296.6599736291676,-3.2632468530278587,387.8859463387849,-0.0,-1518.8990234735625,-780.5082457666585,-537.3874293139904,-1484.8180176472254,78.2116577390237,-234.67662661698517,-17.80947292485003,-392.9618924849903,-374.3090227091293,-960.1350272846157,-331.4627730790645,747.2685767048221,-1145.533255783603,-196.51360879012918,-147.16624180154992,-3516.2628357096937,-2144.2634111008333,584.6516588753997,-872.1329580505859,-166.16058073297123,7.0456508731153695,-656.9656256191229,-923.9880079456887,1624.600934558233,-573.4359061882149,-604.5806576207649,-620.3177142239505,-0.0,-6066.447893103262,-0.0,-458.6458492015734,-817.0672186204928,-580.5883512067982,-814.9561653250191,-1097.143601190452,-0.0,-855.3498497425123,-142.4601731953792,-73.37402916380888,-6312.354659087327,534.5697123017239,-150.27431531821134,-0.0,-527.6372580765922,-1139.5473220757851,-0.0,-0.0,-440.8082973493987,-1603.5672422286432,-64.62070849521021,-201.7937022406453,-237.46460134453272,-1079.0226550972216,-0.0,-0.0,47.80371603110307,-0.0,-0.0,-1563.7461829730503,-0.0,-1600.278511406748,-856.0932654549057,-1144.4939978071882,-0.0,-0.0,-464.2397345612048,-792.7519591883472,-114.69227455116871,-0.0,-413.39222510668213,-131.6541098703842,-458.9347795529273,-0.0,-188.60378313362662,-443.96489755330407,-2005.8386855255012,-869.1360696063691,-1248.6919692698946,-0.0,-0.0,-1271.6834654087543,-16.32483310278672,-0.0,-0.0,-1025.6914597187229,-0.0,-0.0,-0.0,-0.0,-0.0,-0.0,-0.0,-0.0,-0.0,-0.0,-96.59371278886258,-0.0,-0.0,-0.0,-0.0,-0.0,-0.0,-0.0,-0.0,-0.0,-0.0,-0.0,-282.4025768231581,-0.0,-0.0,-0.0,-0.0,-0.0,-0.0,-0.0,-0.0,-0.0,-0.0,-0.0,-0.0,-0.0,-0.0,-0.0,-0.0,-0.0,-0.0,-0.0,-0.0,-0.0,-0.0,-0.0,-0.0,-0.0,-0.0,-0.0,-0.0,-441.9291853706929,-0.0,-0.0,-0.0,-0.0,-0.0,-0.0,-0.0,-0.0,-0.0,-0.0,-0.0,-0.0,-0.0,-0.0,-0.0,-0.0,-0.0,-0.0,-0.0,-0.0,-0.0,-0.0,-0.0,-0.0,-0.0,-0.0,-0.0,-0.0,-0.0,-0.0,-0.0,-0.0,-0.0,-0.0,-0.0,-0.0,-0.0,-0.0,-0.0,-0.0,-0.0,-0.0,-0.0,-1270.3760752204346,-474.9755618192504,-1658.4640495325561,-0.0,-0.0,-0.0,-0.0,-0.0,-0.0,-0.0,-0.0,-0.0,-0.0,-0.0,-0.0,-0.0,-0.0,-0.0,-0.0,-0.0,-0.0,-0.0,-0.0,-0.0,-0.0,431.3729385750042,-0.0,-0.0,-0.0,-0.0,-0.0,-0.0,-0.0,-0.0,-0.0,-0.0,738.3644686025381,-0.0,-0.0,-0.0,-0.0,-0.0,-0.0,-214.3395043692267,-0.0,-0.0,-0.0,-0.0,-0.0,-0.0,-0.0,-0.0,-0.0,-0.0,-0.0,-0.0,-0.0,-0.0,-0.0,-0.0,-0.0,-0.0,-0.0,-0.0,-0.0,-0.0,-0.0,-0.0,-0.0,-0.0,-0.0,-902.3423585545758,-0.0,-0.0,-0.0,-0.0,-0.0,-0.0,-0.0,-0.0,-0.0,-0.0,-0.0,-0.0,-0.0,-0.0,-0.0,-0.0,-0.0,-0.0,-0.0,-0.0,-0.0,-0.0,-0.0,-0.0,-0.0,-0.0,-0.0,-0.0,-0.0,-0.0,-0.0,-0.0,-0.0,-0.0,-0.0,-0.0,-0.0,-0.0,-0.0,-0.0,-0.0,-0.0,-0.0,-0.0,-0.0,-0.0,-0.0,-0.0,-673.4343934136384,-0.0,-0.0,-0.0,-0.0,-0.0,-0.0,-0.0,-0.0,-0.0,-0.0,-0.0,-0.0,-0.0,-0.0,-382.77364061883,-0.0,-0.0,-206.01693617171162,-0.0,-0.0,-0.0,-0.0,-0.0,-0.0,286.75110690732083,-0.0,712.599339249985,-0.0,-0.0,-0.0,-0.0,-0.0,-0.0,-0.0,-0.0,-0.0,-0.0,-0.0,-0.0,-0.0,-0.0,-0.0,-0.0,-0.0,-0.0,-0.0,-0.0,-0.0,-0.0,-0.0,-0.0,-0.0,-0.0,-0.0,-0.0,-0.0,-0.0,-0.0,-0.0,-116.76937518998491,-0.0,-0.0,-0.0,-0.0,-0.0,-0.0,-0.0,-0.0,-0.0,-0.0,-0.0,-0.0,-0.0,-0.0,-0.0,-0.0,-0.0,-0.0,-0.0,-0.0,-0.0,-0.0,-0.0,-0.0,-0.0,-749.7222156536391,-0.0,-0.0,-0.0,-0.0,-0.0,-0.0,-0.0,-0.0,-0.0,-0.0,-0.0,-0.0,-0.0,-0.0,-0.0,-0.0,-0.0,-0.0,-0.0,-0.0,-0.0,-0.0,-0.0,-0.0,-0.0,-0.0,-0.0,-0.0,-0.0,-0.0,-0.0,-0.0,-0.0,-0.0,-0.0,1084.892911484182,-0.0,-279.8408927922574,-0.0,-0.0,-0.0,-0.0,-0.0,-0.0,-0.0,-0.0,-0.0,-0.0,-0.0,-0.0,-0.0,-0.0,-0.0,-0.0,-0.0,-0.0,-0.0,-0.0,-0.0,-0.0,-0.0,-0.0,-0.0,-0.0,-0.0,-0.0,-0.0,-0.0,182.74232434957048,-0.0,1782.755847771001,-0.0,-0.0,-0.0,-0.0,-0.0,-0.0,-0.0,-0.0,-0.0,-0.0,-0.0,-0.0,-0.0,-0.0,-0.0,-0.0,-0.0,-0.0,-0.0,-0.0,-0.0,-0.0,-0.0,-0.0,-0.0,-0.0,-0.0,-0.0,-0.0,-0.0,-0.0,-0.0,-0.0,-0.0,-0.0,-0.0,-0.0,-0.0,-2107.80551901623,-1253.1329221256178,-0.0,-0.0,-0.0,-0.0,-0.0,-0.0,-0.0,-0.0,-0.0,-0.0,-0.0,-0.0,-0.0,-0.0,-0.0,-0.0,-0.0,-0.0,-0.0,-0.0,-0.0,-0.0,-0.0,-0.0,-0.0,-0.0,-0.0,-0.0,-0.0,-0.0,-0.0,-0.0,37.317438156439714,-0.0,-0.0,-0.0,-0.0,-0.0,-0.0,-0.0,-0.0,-0.0,-0.0,-0.0,-0.0,-0.0,-0.0,-0.0,-0.0,-0.0,-0.0,617.6246599456165,-0.0,-0.0,-0.0,-0.0,-0.0,-0.0,-0.0,-0.0,-391.54333867868894,-0.0,-0.0,-0.0,-0.0,-0.0,-0.0,-0.0,-661.2208305798159,-0.0,-0.0,-0.0,-0.0,-0.0,-0.0,-0.0,1934.2647859620402,-0.0,-0.0,-0.0,-0.0,-0.0,-0.0,-0.0,-0.0,-0.0,-0.0,-0.0,-717.750881329096,-0.0,-0.0,-0.0,-0.0,-0.0,-0.0,-0.0,-0.0,-0.0,-0.0,-0.0,-0.0,-0.0,-0.0,-0.0,-0.0,-0.0,-0.0,-0.0,-0.0,-0.0,-0.0,-0.0,-0.0,-0.0,-0.0,-0.0,-0.0,-0.0,-0.0,-0.0,81.84338835609742,-0.0,-0.0,-0.0,-0.0,-0.0,-0.0,-0.0,-0.0,518.654495919747,-0.0,-0.0,-0.0,-0.0,-0.0,-0.0,-0.0,-321.32271945953994,-0.0,-0.0,-0.0,-0.0,-0.0,-0.0,-0.0,-0.0,-0.0,-68.61441001506961,-0.0,-0.0,-0.0,-0.0,-0.0,-0.0,-0.0,-0.0,-0.0,-0.0,-0.0,-0.0,-0.0,-0.0,-0.0,-0.0,-0.0,-0.0,-0.0,-0.0,-0.0,-0.0,-0.0,-0.0,-0.0,-0.0,-0.0,-1589.1837061741812,-0.0,-0.0,-0.0,-0.0,-0.0,-64.58229278874511,-0.0,-0.0,-0.0,-0.0,-0.0,-0.0,-0.0,-0.0,-0.0,-0.0,-0.0,-0.0,-0.0,-0.0,-0.0,-0.0,-0.0,-0.0,-0.0,-0.0,-0.0,-0.0,-0.0,-0.0,-0.0,-0.0,-0.0,-0.0,-0.0,-0.0,-0.0,-0.0,-0.0,-0.0,-0.0,-0.0,-0.0,-0.0,-0.0,-0.0,-0.0,-0.0,-0.0,-0.0,-0.0,-0.0,-0.0,-0.0,-0.0,-0.0,-0.0,-0.0,-0.0,-0.0,-0.0,-0.0,-0.0,-0.0,-0.0,-0.0,-0.0,-0.0,-0.0,-0.0,-0.0,-0.0,-0.0,-0.0,-0.0,-0.0,-0.0,-0.0,-0.0,-0.0,-0.0,-1183.8977561910895,-0.0,-0.0,-0.0,-0.0,-0.0,-0.0,-0.0,-0.0,-0.0,-1668.633408387962,-0.0,-0.0,-0.0,-0.0,-0.0,-0.0,-0.0,-0.0,-0.0,-152.43154809386806,-0.0,-0.0,-0.0,-0.0,-0.0,-0.0,-0.0,-0.0,-0.0,-0.0,-0.0,-0.0,-0.0,-0.0,-0.0,-0.0,-0.0,-0.0,-0.0,-0.0,-0.0,-0.0,-0.0,-0.0,-0.0,336.94068293947095,-0.0,-0.0,-0.0,-0.0,-134.71334552704755,-0.0,-0.0,-0.0,-0.0,-0.0,-0.0,-0.0,-0.0,-0.0,-0.0,-0.0,-0.0,-0.0,-0.0,-0.0,-0.0,-0.0,-0.0,-0.0,-0.0,-0.0,-0.0,-0.0,-0.0,-0.0,-0.0,-0.0,-0.0,-0.0,-0.0,-0.0,-0.0,-0.0,-0.0,-0.0,-0.0,-0.0,-0.0,-0.0,-0.0,-0.0,-0.0,-0.0,-0.0,-0.0,-0.0,-0.0,-0.0,-0.0,-0.0,-0.0,-0.0,-0.0,-0.0,-0.0,-0.0,-0.0,-0.0,-0.0,-0.0,-0.0,-0.0,-0.0,-0.0,-0.0,-0.0,-0.0,-0.0,-0.0,-0.0,-0.0,-0.0,-0.0,-0.0,-0.0,-0.0,-0.0,-0.0,-0.0,-0.0,-0.0,-0.0,-0.0,-0.0,-0.0,-0.0,-0.0,-0.0,-0.0,-0.0,-0.0,-0.0,-0.0,-0.0,-0.0,-0.0,-0.0,-0.0,-0.0,-0.0,-0.0,-0.0,-0.0,-0.0,-0.0,-0.0,-0.0,-0.0,-0.0,-0.0,-0.0,-0.0,-0.0,-0.0,-0.0,-0.0,-0.0,-0.0,-0.0,-0.0,-0.0,-0.0,-0.0,-0.0,-0.0,-0.0,-0.0,-0.0,-0.0,-0.0,-0.0,-0.0,-0.0,-0.0,-0.0,-0.0,-0.0,-0.0,-0.0,-0.0,-4751.378422057313,-46.2030037163967,27261.05617527064,-3060.2183148339823,-3400.725325229487,73877.31112673535,-0.0,-5643.388735470489,729.8813294626517,1559.6695480481114,-22459.247252237543,-0.0,-4350.942476476039,-0.0,-0.0,29712.113925127906,-10983.113402312845,3400.66100819147,5540.895388597489,-3996.558112293413,-21472.722612184174,-8185.521612540869,50.076307366261496,-87.74870689403205,-6081.335326346491,-0.0,-11398.298357600757,-17419.362832447154,13646.44107834152,-498.61192501107365,7.130242744793871,40251.62242804498,-2751.984289190336,-95176.55474575062,-2704.000128791559,-19342.516757121975,-14820.594738733904,-5620.660202553782,-5048.077212756331,-12908.392710582428,10334.304277136987,-2080.5445300477,-3687.7868583194913,-3219.243940302615,-11063.697492397565,6315.729946222388,34550.33935991939,-752.7419957561203,54.595372807810485,18040.692929376557,4933.684836579195,-477.97843369924163,13462.708519537102,7012.12562674661,-4907.121084972149,-6897.497061399293,-3495.253319489028,360.3561205693612,-0.0,-0.0,-242.09042749519244,-7327.730668679668,-2963.887511054273,-2716.4391408767606,-1357.5727637376274,-4147.794766639314,8477.398646881926,3797.7073625820003,-7404.410929762645,18062.61983479527,-18383.853376748124,-29232.49311274378,67269.38769775428,-18780.647269807858,-7684.165492947354,-1973.8057280176122,-3160.3616632971484,-4961.929751019218,-4863.351199029367,-31481.934847068103,-0.0,-11530.229690705604,-0.0,2585.695106435569,-0.0,-0.0,-11959.832679338597,-1212.1802494715726,-0.0,-0.0,3416.71262444314,-0.0,-0.0,-0.0,-6353.808946573211,-3936.3369936464383,-6537.166991798372,-7602.822605770552,7683.780354404409,-0.0,-25513.769508617872,36259.54402542797,-0.0,-0.0,-16287.86195391287,-9674.95898575928,155.0077740291415,44.448499181026996,-0.0,50445.31937505006,-0.0,-0.0,-0.0,-0.0,46099.24683682334,-907.0929322438941,-0.0,-8747.469489379582,-0.0,-5642.397035630261,-1160.4802362789676,-3001.0401523875853,-14617.813902585558,10609.573709661763,-1254.8081096459914,-7734.901109635401,-0.0,-0.0,-4169.151367773318,-5800.842152586444,-9588.965604428764,47859.89435997359,-0.0,-169.17153787738934,11079.837965803055,3297.3492763013855,-1653.9346270126887,681.731557120843,4518.233084225775,-3038.1632944777316,-80.37316860666135,-16107.324436064408,404.7437240829323,12328.126332965789,-645.9710751998616,10878.173746725664,45466.17779828954,2420.395530841789,-62.00372061295434,7967.5452180689135,-1658.9972894525142,-6971.291981436467,-8050.0861270052055,-14786.326299452383,-0.0,5762.853218675332,14855.949174129239,22750.68720129978,-9354.471430563046,6316.384960942556,8063.682403079628,-8079.893392401921,15134.41075462615,-13300.993885018366,-0.0,4089.5123460453383,-10777.521298662237,-16470.856526848213,-6894.880286820626,20313.106665929674,2912.5989981619723,-0.0,-4978.030429604374,-0.0,-2438.8490633649085,85.41636946741797,-3482.432974378542,-0.0,181.62939633670803,-252.37023576445816,-19112.36017634321,-12049.261424198512,20704.86779167966,-7060.110674486506,3294.049229083914,5688.167687228021,-6580.919777889893,-4636.422795715306,-10464.53630332761,-0.0,-1865.6590995663234,-1499.7199853587867,-0.0,971.7118425520267,-362.03141944097604,-0.0,-0.0,-12120.214410012026,-2687.166014018876,2682.7693418215977,-3956.088065775127,-0.0,-0.0,-0.0,52990.864068225106,20132.399416867025,-0.0,109.45386403146892,11083.924699798465,-0.0,-3820.268101531953,-2284.9050915490825,-0.0,-3681.597904106215,-7000.832069230582,91890.81355346485,-10315.548434543629,-7148.57740286015,-27238.777245730827,-0.0,1304.5573607865658,2840.375421534607,-8810.257142310298,26828.056706793934,-6336.277994953616,-32711.919869751306,-11889.364995003167,-8175.0262671361625,-0.0,1223.0939220718126,-4108.102779081127,20166.168856303226,-142.66686425946523,-363.2303978190578,-9638.437540335857,-8177.6265758801055,25130.709755740005,-0.0,-1875.4235312208816,720.3321132301867,-0.0,-0.0,-0.0,-0.0,-0.0,-0.0,-0.0,-0.0,-0.0,-0.0,-0.0,-0.0,-0.0,-0.0,-1691.9881093372499,-0.0,-0.0,2989.92393225889,-12277.431183619843,-561.3903166400911,-8127.2019767644715,20746.2036726969,7824.559360132617,-3540.640746412057,3022.3848092413627,33875.15215198773,-0.0,-0.0,-3976.1190400231053,2492.8326137556164,-6031.77312331503,-8270.072689824252,-0.0,-33.76886449989929,7919.435677182249,-4464.867940283986,-2330.6432451348765,3075.068908547178,-22397.35236010983,26292.941870757964,-5445.278073036126,-977.8874558284358,12891.567919339277,-0.0,-0.0,-0.0,-0.0,-0.0,-0.0,768.7663150761402,41386.30521118533,-7960.448464162405,-9729.382150534413,-7527.279924457109,-0.0,-8178.63561898842,-11692.528219679794,-0.0,-0.0,-0.0,379.9132232685765,375.99589982077396,643.8047156642027,2288.614550214185,-0.0,3156.6440598272284,744.2369888112084,729.6641487585473,647.4902294028738,656.7923328519307,2499.0466747956925,1601.9365377644724,2585.535589900562,1994.6385173438307,2361.138758410321,2810.5983345899917,30305.776238201404,33089.30217446773,32671.01111106439,29995.368468043936,7814.1974446259655,7555.212256498157,7691.69408996884,8295.660479706065,4822.705110929205,1799.544526033972,1784.9955153493704,2003.0845536327763,2046.2808842467603,1943.7535655684947,4680.488970447939,3705.9575101666155,1088.807842945215,1316.6177132006226,562.4360961263727,321.0753813821642,476.5835937151282,35188.81735444071,30557.95685274178,33875.88476193223,29799.471332668396,45278.12969513083,48709.386628753884,1142.8504456009152,1006.1393458766498,1047.4136297374014,1103.6280348943258,967.861135971697,974.2266215778686,488.0902645496804,47789.19247356934,45738.89551412632,41442.92020244258,2218.9715946566234,2535.2873676312092,2547.445352623555,-0.0,6808.110183562392,7562.341958834776,34786.2496834618,30413.399112243307,32089.75933113719,53273.072617705904,53863.792191946086,53691.7369010698,54252.297118395785,2150.4515617865104,2189.4061898749333,4309.626365029124,-0.0,17985.099129607002,17927.675999942017,-0.0,1289.5906288352141,1346.9843394462664,1391.8843405587613,1451.0890220975455,1311.7644602236749,1258.8488040491209,29623.960824391856,35049.57420795728,35398.26184023345,33129.81701626019,1002.1467403201856,949.3677172608964,-0.0,-0.0,14966.812143455723,28188.955694356417,32089.920051661757,29268.923763015435,31798.828492080953,-0.0,48684.84129967726,43532.19366048361,837.4678025230154,1779.5194027433754,1693.381043835218,1816.571238228545,1902.9361399658278,2138.5146233591604,41963.26497195459,46453.888847166374,-0.0,-0.0,15264.312684120265,911.8332082083028,31985.46469901424,34022.81274794559,33441.01711383272,31962.820650996775,30012.19073034817,30760.395722683843,-0.0,14516.204388418146,9240.746004524466,-0.0,-0.0,1285.296005793286,1241.4936111927764,652.5778648390402,696.8233992323414,409.0103669492515,378.2578212492041,-0.0,1010.2679432560118,999.7061557188454,886.0043064897017,1029.3943681655899,-0.0,1514.1276932381602,1508.1082813785445,1578.040479408485,1913.4157095461078,1893.0154571921726,1939.6498428063694,781.1937330471943,709.7656510112284,771.6014591842794,1211.2655901349765,933.0800054699504,873.6575864395223,796.8016141100368,903.7192348292476,7137.423432427845,6543.986789897838,214.2515883095125,220.8844851729205,3225.6692418345115,14514.769665599046,1229.337439243854,1263.4695141724762,-0.0,-0.0,6503.555933570027,6617.321996203727,7306.303800859585,6706.147644625723,1698.616084017106,1707.273435936206,31373.463958209137,31514.95411540559,7122.2878643104395,6940.19896287473,-0.0,48351.236034912436,1736.944731982047,1834.6747987027054,999.0427402682543,42376.837716452275,42187.60382410901,47256.63668908708,46522.64911650151,166.34273814093012,51285.79901444504,44817.82110041902,-0.0,-0.0,20996.996391704513,-0.0,1039.3956433664778,956.4243238021165,1032.593221736925,2161.220429372937,7733.656560174885,14735.412774692297,1454.9607333324943,1604.120688988383,21.12760619927118,618.9130451094952,590.0038856839845,14844.525248845734,1383.8553268417102,-0.0,-0.0,-0.0,943.1871292148444,-0.0,1038.522494623654,-0.0,5098.384540741959,5345.771744604747,4720.324938678173,4953.241336841789,786.3695167182643,-0.0,731.787775888846,-0.0,-0.0,831.6244361488656,960.1028210602335,796.8433345453147,717.0855983077122,746.9541648867694,734.6011093039563,1646.7095216211655,1593.6646907263612,1431.8104141209142,-0.0,2588.4821786255,2394.292655190672,2482.0832238515873,2697.5247398116453,4074.3462457271794,46495.013285944166,42855.493042791895,10248.205264441323,19271.276644619473,14697.439249454705,14554.015826430601,1461.6841893925832,1485.8474257362582,735.3143587671503,771.0509123873613,1922.0660657084427,-0.0,32891.624699779335,29549.255433103837,1070.8358806943452,976.6592302498321,925.4210302802453,4631.1006354187275,2552.3277186391942,2815.254393921717,30528.83615415726,29570.89001567346,31702.156244290716,33721.923340865535,-0.0,-0.0,-0.0,2286.6900023925214,2152.6292221524695,2048.0723965088237,8917.235308736186,6770.69945370939,5582.238054559353,1940.4904050105806,2088.9887202330488
2,-0.0,-0.0,-538.3616711110329,-1768.9849712705588,-424.8531804054696,-484.8443098350277,-78.94774263808975,-546.7280604496759,-540.5720295531507,-0.0,-1049.2012021338355,-0.0,-0.0,-2272.158824530604,-0.0,-516.2018219066942,-409.73133910381085,-0.0,-35.31153257908777,-203.92174016131887,-258.71666892186875,-660.0700116695091,-695.8380092542602,-574.5821442915823,-1860.3497711530015,-540.4377634867654,-0.0,-33.95778963347497,-2411.203736697581,-1356.4077299448272,-0.0,-0.0,-0.0,-0.0,-0.0,-0.0,84.91501468908382,-169.98276656334525,-1588.6365403919897,-1328.7915402980975,-0.0,-0.0,-106.55499073059943,-496.43395255613603,-119.27938038247937,-0.0,566.0128249489558,-1276.1662835441907,-338.9208680810594,-0.0,-0.0,-217.6292861928046,-0.0,-9.951070307554582,-1625.684316567364,-2373.710133601442,157.20987527259325,-4885.973566693436,-174.57166446098424,-0.0,-1453.3813522572336,-0.0,-625.7055680780796,-2208.120489763963,-423.27059257893706,-420.1024486279811,-34.680651794008185,-1670.1298442565803,-751.9087263390238,-363.12275083585484,-2610.9697681292178,-0.0,-0.0,-2113.788334546712,-923.0844238616198,-202.70735317560218,-1360.4921263534438,-0.0,-0.0,-1024.5039853946098,-1184.6287008217273,-358.1289779229456,-2970.8505438548195,3.2690509624098754,-23.78780999825792,-1517.9739775652984,-0.0,-530.4273507799915,-903.7344886986117,-7.486815226116587,-0.0,-1067.3884507899459,-72.80508641266765,-615.7764007609329,-1941.1621075752712,-31.75448461096036,-2049.794880860536,-325.08797492489936,-1353.4211468910987,-2297.5257288339003,-578.1769680241046,644.5944593059506,-420.6117260111068,-0.0,-1185.3559145271938,-2051.3509984599023,-3639.2809870762253,-435.55355473160654,-2334.8318770117453,-0.0,-1345.4894416449165,-0.0,-0.0,-503.76011435274205,-0.0,-0.0,-522.2743623596523,-63.099978094042925,-1263.849094656892,-821.1384969686992,-704.4172434073927,202.27063911824405,-426.495795108502,-287.57773734651283,-163.7872168453387,-6.890646854826257,-542.7382901214061,-442.0123189777512,-650.3970408113846,-0.0,-4090.817396305042,105.4050531137014,-97.68819358438851,-3426.9547476618013,-0.0,-844.3680319872182,-53.80306533784829,-0.0,-269.02843556596173,-0.0,-0.0,-770.7088928619563,-0.0,-524.4261582408147,-847.1299781731374,-0.0,-1119.8958699216792,-215.44190474597843,-611.1379732447193,-1629.9373061942765,-0.0,-1479.2289700043307,-902.8353197956126,-0.0,-0.0,-0.0,-0.0,580.0929454000362,-0.0,-1515.1718684732984,-1611.939995129235,11.327235639188794,-0.0,-0.0,-616.4994948377309,-427.19514251504165,-649.2072169130855,-0.0,-359.0798418073532,-2669.754435007379,-961.1625604028226,-0.0,-885.5602603555673,-2079.116389282161,-0.0,-0.0,-0.0,-0.0,-0.0,-0.0,-469.93897337917554,-595.4528872826401,-171.70038698515125,-174.4345577145183,-1026.0882977206106,-44.1271413532819,-0.0,-0.0,-578.42604821262,-0.0,-552.6693807089116,-25.81640722081978,-3.3832377639664952,4.49596080893056,-0.0,-0.0,-893.343335557728,-419.2734173886183,-393.47730965702993,-0.0,-2544.676010016409,-1620.324536269036,-1038.2948872353033,-0.0,-0.0,-1715.7163381270116,-1241.891290324007,-599.3213246204102,-78.03966140118331,-1436.3538642671904,-1110.2146988435543,-0.0,-0.0,-1468.9987749910897,-0.0,-673.7954931654931,-1023.7740882901589,-104.71421941599127,-374.9083644404803,-528.5722129483216,-472.2475057226883,-0.0,-1415.065204302212,-0.0,-2377.9523181244203,-2736.2281547320126,-168.99554544574647,-354.82716943132795,-448.73789925429827,-0.0,-264.54364819382135,-224.2182583095631,-0.0,-769.681671017745,-586.528079734168,-911.1051006960417,-1620.3971440700216,-891.0599581382821,-1854.5211673451995,-1624.3697029898344,-1756.6341803108735,-1824.2773037026302,-1007.288809755681,-1967.7642412652642,-460.263312686521,-456.52632549693857,-0.0,-1077.3146583717796,-896.2159986286682,-1033.9875545642594,-328.34834216348924,-329.6768012194703,-1697.029682083672,-676.3895355163194,-326.02786179899607,611.6816780910558,-0.0,910.2443444735467,-1074.3233382161552,-0.0,-0.0,-0.0,-0.0,-0.0,-0.0,-1110.8902528431413,-2077.111343180714,-423.34846578096204,-875.1222595906901,-0.0,-0.0,-1439.3320284987324,-951.483058978525,-1870.8414334914917,-0.0,-0.0,-120.56358336873333,-52.89771991235827,-375.5442072359266,-1384.1366812688766,-428.0406840411717,-0.0,-409.4873239290745,-626.3698415875618,53.3281210645581,-1074.6543048390852,-1300.3327248223318,-1145.244762324316,-1531.8384092927604,-236.86338236100408,-586.7579370936493,-37.169920026767855,-1573.1181476841818,-0.0,-772.684447994723,-139.39289284725822,-64.85268341542091,-491.8225290343409,-0.0,-1693.4312247698604,-105.57765801975886,-531.8647974208257,-1536.2075158316595,-1136.2863332090096,-0.0,-531.0774993731744,-732.3885886236209,-21.11209249607905,-255.97439739290326,-413.6094707701024,-43.74092116763091,592.2740006469227,-1019.1487023636529,-0.0,-809.1557139972166,-1146.007923491538,-0.0,-428.0204916191838,-0.0,-1146.9474379763367,-0.0,-0.0,-0.0,-1068.6353687473852,-596.7486858947763,-373.394520638487,-0.0,-1455.2718881126643,-2644.1438038525434,-2760.785866880403,-0.0,-319.83212255785463,-0.0,-258.328521258082,-103.99493832143504,203.34035400935682,-467.5406194756413,-0.0,-597.4730948213758,-824.1702938716645,-269.62625615992,-509.580707406684,-0.0,-398.12577315874495,-739.4866047126369,-446.2782382007206,22.621187930595152,-2022.4028189112664,-0.0,-0.0,-1327.5166246379042,-194.25736421502032,-1081.8137942612739,-80.65244791299112,-109.2329455293765,-207.99073801154842,-510.280341507557,-806.7279256619852,-1170.3931670192437,-2016.0246362621738,-0.0,-0.0,-325.66754984998806,4325.970177579997,3.7533312240399495,-0.0,-0.0,-0.0,-0.0,-2195.584217255128,-389.5701359155255,-0.0,-819.1378386094561,-842.5990190610037,-559.6791188763103,-1938.4035654769925,-208.84838483280194,-1030.0438115917752,-0.0,-0.0,-1747.5283764216726,-624.9745910175145,-1650.0781430412485,-668.0318206039354,-652.3721200838291,-1648.1302955555184,-171.5644988626997,-1585.730052883251,-1033.4971388586584,-25.561443024163754,-800.8503665608043,-1025.175386216416,-187.6048701187777,-220.10779961005056,-1557.3506968342122,-0.0,-464.5029034889171,-213.52429287638375,-26.448847874195494,-698.4228763417256,-164.05930452352342,-719.5341576552395,-761.3227886386577,-1057.7946225911542,-188.80585388737023,-2156.2277527242923,-54.57262809110082,-442.3553145773062,-0.0,-774.7865707724108,-554.4079625787799,-893.9033574119696,-1012.2831605534537,12.665265541832044,-325.273925204553,-2456.9975113867918,-687.5889997470663,-318.86523014183877,-1005.0239556364097,145.44038729702794,-0.0,-0.0,-0.0,-0.0,-0.0,-0.0,-10.784286374119995,-138.55447002427533,-2169.593863026684,-3896.0517880580774,-491.3092036875186,-956.7539356034317,-122.84971550084418,-501.37152264947974,-1258.4642724146722,-983.0660828656339,-35.01271971332,-408.4393619662483,-475.4409378184686,-0.0,-88.8487917143118,-1039.9025961675245,-466.29326702538066,-0.0,-895.5109317645798,-0.0,651.805655773579,-0.0,-0.0,-0.0,-36.78537263340362,-0.0,-0.0,-883.3045398377973,-363.3481285714453,-1078.2768480779341,-0.0,-0.0,-0.0,-706.6518238461238,-449.95712416496644,-1165.532224256994,29.4344338126262,229.66188195301913,-0.0,-0.0,-2643.635493181134,-1059.4687186624062,20.826798072584584,-43.89563362648284,10.955994557071078,-17651.05340439715,-18344.094669180915,-2185.782610358725,-0.0,-0.0,-0.0,-0.0,-379.4522625546556,-0.0,-0.0,-502.2095841102323,-2106.215533295776,-1790.3811935507313,-1298.6878862413262,-289.50152741981253,-1519.767473649284,-24.915354064109618,-1097.3550445514998,884.0428557756812,-6.675701345934372,-894.7461191513177,3.2744080863182736,-0.0,-0.0,-0.0,-0.0,-143.60419790690966,-0.0,-0.0,-0.0,-803.2771872534306,-1271.134975518198,-0.0,-0.0,-218.65375992006653,-1927.2311101991459,-0.0,-1304.104052939873,-1486.3964520101372,-1652.3718700254256,-0.0,-0.0,-95.97247654702181,-71.20360847889678,-997.8185307092707,-1337.3052697683368,-502.7888194392906,-1093.7690677669793,-1029.3971460435407,-0.0,-0.0,-0.0,-0.0,-374.7815933642504,-200.005133090074,-0.0,-0.0,-89.15830292742926,185.16094570106324,-0.0,-999.3818683928791,-918.9158698798044,-875.1209502470513,-0.0,-0.0,-623.9049027423843,-1119.7952972944038,-622.7322368191916,-377.34188961596766,-0.0,-2021.0082547268294,-1888.3848773212037,-0.0,-0.0,-0.0,-0.0,-0.0,-1185.2569272335172,-0.0,-1706.2808204807127,-1184.141691538886,-63.59698606626207,-0.0,-0.0,-0.0,-2289.472449516863,-1284.381464138616,-549.3655041201595,-423.6522874105845,-930.4551695705657,-657.5325533775714,-0.0,-0.0,-603.6227989208412,-1276.9063081427307,-64.76064331736538,-403.6324462930629,-0.0,-712.2890256485372,-571.2044698263043,-1338.921804378347,-0.0,-270.5070663726687,-108.6674140269688,-280.95120328998127,-1357.8754781744728,-279.03423980083863,-0.0,-0.0,-0.0,-0.0,103.8069601529976,-147.3693721763337,-723.2863068994951,-1142.530249155215,-1026.4816692638128,-429.69322721290166,-511.80948134673315,-4885.078324002238,-841.732750984117,-555.3543216439374,-0.0,-0.0,-0.0,-232.80722568789665,-312.12173993132484,-1122.0105603376662,-287.606283852384,-0.0,27.322131108124545,-0.0,-0.0,-0.0,-0.0,-0.0,-0.0,-0.0,-83.7580195093529,1251.8251602287676,-0.0,-1359.0476383592893,-584.3388141435398,-379.9762076851755,-1378.3806907451494,-0.0,-0.0,-514.811926143909,-618.4763238433253,-118.04136546403412,-106.60829453779856,-118.7579227343022,-478.061676009408,-127.39129597248058,-1803.7327156208037,-338.36499835641786,-368.4951641394801,-0.0,-0.0,-1250.4005077611764,-2462.7237062216877,24.7910173863544,-461.9888344112441,-294.671984829207,-773.6206373077938,-978.8948945510715,-702.7238355430052,-258.5156916857891,-132.81338510731325,-1270.0212647871358,-0.0,-0.0,-0.0,-0.0,-0.0,6315.2647333092455,-75.04051799982295,-481.0768877533289,-535.7313028096555,-929.7958144169878,-1164.9030506844285,-1118.2003782719826,-1490.4470312586727,-1922.164576950191,-407.1701801146756,-0.0,-0.0,-1367.5885270175008,-0.0,-0.0,-236.73069458185074,-1555.1492574819197,-1192.4294382189523,-429.4689468060776,-57.21636461039221,-1623.9892718213605,-0.0,-1232.969445031214,-0.0,-0.0,-0.0,-0.0,-0.0,-0.0,-489.6953678837188,-1111.3134295633365,-897.8873904162622,-85.92287512378573,-222.1541734833503,-519.5397868580228,47.524871629443524,-0.0,-0.0,-495.1247426261342,-524.5539866347309,-3344.0345123558104,-0.0,-1302.0805306811565,222.24652430954842,112.23499412017307,-0.0,102.12637033343381,-157.90685307168528,-139.73712778121262,-424.32322471097393,-0.0,-1661.8854610543883,-0.0,-0.0,-999.8941915932297,-0.0,2098.316505755955,2000.1616249272581,1983.2324333849854,-0.0,-0.0,-1597.8637257315797,-0.0,-0.0,-317.71553180200334,-839.3662359785551,-700.0981551257933,-910.08746972823,-1078.3666032568954,-0.0,-0.0,-0.0,-0.0,-538.0884276821566,6.624210407145406,-51.40771967242047,-1086.4170167312882,-900.31554509901,-359.24820207459624,-1291.05023685995,-0.0,-1842.7482757761652,-1116.5628352329434,-1277.2489151120574,-358.1680598973022,-335.90429824280443,-0.0,-1060.663907923783,-685.7060034559371,-855.517306862008,-1674.3151328592069,-488.170209572935,888.1673589478544,415.2463685094992,-311.8536287539686,-990.6716292165878,-0.0,-1478.189302272369,-2732.14007819945,-424.22857802654175,-407.36470078339664,-0.0,-0.0,-0.0,172.81724487325212,-314.8927240543324,-403.23342847129885,-132.90401244333324,-459.942549971487,-466.50256923834974,-0.0,-360.66783736989873,-790.8764166201801,-611.1750087459832,-0.0,-1850.6244968557096,-4247.640486548416,-0.0,-0.0,600.4985204324222,517.7900657854196,-0.0,-0.0,-596.5137170935689,-739.890861170439,-291.9893694312623,-599.9117721482212,-0.0,-0.0,-0.0,-0.0,-0.0,-2270.6935882472767,-348.2071946148804,-1549.9874958897308,-895.1811693792895,-0.0,-332.094504675032,-404.16869033013467,-0.0,-202.87933137142798,-718.2405419025986,-1003.4930757676109,-3840.6069602675934,-67.83959716991868,-0.0,-0.0,302.847609224317,787.7888524554194,-0.0,-0.0,-335.30360670038823,-0.0,-0.0,-0.0,-2210.3164677296118,-0.0,-479.54373822874555,-0.0,-0.0,1563.866258810021,1794.6514697946131,1593.402682309193,-0.0,-0.0,-359.1900068173201,722.2517618400127,-1970.1281040138615,22.153414306273643,70.82737101845879,-2259.7538756063427,-90.1932649029114,-157.8061263360343,-513.0539639159708,765.8522043195909,3244.2954594581893,-2691.2246882389313,-0.0,-0.0,-887.0336654126835,-1479.5947830345706,-1056.973861801763,-234.65705224366982,-39.061994768718215,-0.0,-0.0,-0.0,-0.0,-1752.6935410644548,271.6480165512781,-0.0,-3.462635449927712,-0.0,-1318.7277593749707,-1687.1526087215902,161.64729347651524,-0.0,-0.0,-325.4909494391961,-0.0,-1612.457386231526,-77.14563442600654,-872.9175470801166,-359.0468350437232,-1061.5041535282523,-661.044338485996,-1015.680188608126,-539.1658365289177,-0.0,-0.0,-0.0,-106.6052272695125,-0.0,-0.0,-227.65017768466322,-383.79587925562606,-634.0257546583248,-0.0,-1462.8670604377578,-920.5504008840973,-784.2702376207499,-7.119910237393152,-6.289794253570564,269.7819663529069,32.23394161377576,-0.0,-0.0,-10.691679004561667,-1469.7271127980687,-593.7961577991089,-734.967379901794,92.31093407883961,-1870.4333751878767,-1698.2536459618473,-869.7108331712005,-841.0459486525408,-34.89165028651642,-483.5622948040368,-632.6411989210541,-1132.2788926327491,-1799.9551830416867,-0.0,-1592.3568633179862,-131.35536892502301,-0.0,-2170.4991623062865,-2400.842365836602,-1909.3703066810792,1513.8010239080354,-0.0,-1341.825726394604,-188.31570554025515,-1107.5239703497607,-586.5769076540284,-115.65112218466582,-1804.0714282481702,83.63460074458365,1362.5138837363777,-0.0,-165.00316046891723,-351.7996284232975,-963.0206673278808,-912.7812172453833,-1486.9835741361248,-3533.530444299926,-0.0,-520.5942934235545,-1237.832720732055,-643.5534638602481,-198.77569340675754,-23.91567155696705,-240.33063175449703,-0.0,-0.0,-0.0,-0.0,-295.4052953256088,-1155.8868825804523,-779.2862438053143,-56.16424712892398,-433.3987798796817,145.9569495296063,-0.0,-0.0,-874.145875868852,-450.28319478750785,-0.0,-1793.839699325325,-82.55566549041285,-1091.9466641199915,-0.0,-175.72204270068016,-160.2896918988135,-0.0,-0.0,-400.932041969139,-0.0,-0.0,-3769.3655916873877,-182.3293463970799,-1864.7031518827907,-0.0,-0.0,-89.11189267406905,-1208.224761034445,-602.2204395038748,-355.2474973117588,-1176.1326315894332,-0.0,-651.2310237288427,-0.0,-445.86795476746624,-0.0,-0.0,-186.01644470327417,-81.36852813118296,9.950350872828963,-294.6522200620453,-1258.9667288839664,-1701.344343439385,-0.0,-0.0,-0.0,-19.890928720978277,-365.46660222395354,-0.0,-1427.1003039980433,-2153.9893513647576,-0.0,-0.0,-58.8372366906639,-1189.6626368293007,104.38273865277598,-0.0,-0.0,-0.0,-0.0,-462.1227082486688,-2111.147484849788,-200.27640406994257,-1043.3008485777018,-0.0,-0.0,-638.235843176747,-452.4526811713438,-292.3113402059204,33.058876963149366,-0.0,-0.0,-0.0,-761.3484425595731,-567.9268801879981,-456.1020299220577,-279.98602293732733,-0.0,-0.0,-0.0,-0.0,-1889.0728164646878,-72.2781427811819,-19.597575795692773,-0.0,-0.0,-589.6252012136254,-370.25185515016426,-0.0,-1688.0660051628374,-3853.673639997601,100.18743258920512,-1078.793829092574,-0.0,-0.0,61.07978280675889,-377.4841775256579,-1464.5196118665683,-453.338873933961,-2278.1183970664424,-1198.2738440198013,-675.864481767114,-1397.1137731329954,-0.0,-0.0,-0.0,-33.010946665007964,-996.4862229745136,-0.0,-0.0,-2558.9496317251806,-75.48384370648222,-1311.0578749429399,-677.3967149531225,-0.0,-0.0,-0.0,-0.0,-0.0,-0.0,-613.6485058281318,-0.0,-1503.1859264611237,-0.0,49.97523021950298,-1167.0857630570406,-0.0,-0.0,-0.0,-2083.1058367918367,-0.0,-0.0,-469.02726410269344,-0.0,-0.0,-967.2956404928718,-511.0705015720511,-0.0,-0.0,-144.65465991312715,-1837.14153354836,-0.0,-886.4001162541341,-694.2859001157728,702.9278837453357,-159.27232843757085,-0.0,-494.93377592979897,-2.176885460188339,-0.0,-19.865225414701687,-0.0,-318.2327615114616,-0.0,-0.0,-0.0,-0.0,610.2901557566177,580.0297602882348,-803.0908216147317,-1470.0408455509844,-0.0,68.68439209614775,-3.6257720370135624,-63.37333199315593,-768.1792005295201,112.05395256498005,-434.9778067656523,-336.06903447704866,-147.49163245180108,-3115.8585274864913,-0.0,-211.29337531238664,-1545.348453964461,-2106.720972864488,-0.0,-1057.9558599905076,-1298.1809220658192,-1832.2315028160865,-646.4497200581396,-0.0,-747.4796577853564,-623.6023274367743,-678.6630576413853,-1166.3843510553677,-899.9086539840936,-0.0,-108.40781742617868,-959.6590649388766,-0.0,942.8034565795538,-386.14202568100353,632.7153577719752,-0.0,-0.0,-89.44219496322704,-31.09474714053984,-1974.2989421745924,-879.716411692216,-0.0,-747.0274999938988,-2540.9468022138494,-765.2124120136476,-787.3847157891648,-1080.5938037607866,-352.8208828734493,9.327285367728516,-34.58035782409052,-0.0,-0.0,-810.1830189443176,-72.54701727909358,-0.0,-0.0,-1721.8494480194104,-660.5746969100067,-569.4376599849446,-1588.1397639299055,-81.61090004449632,-17.124763984658692,-2148.949743450022,-732.6240620657466,-498.01585239207975,-862.5011238901593,-0.0,-1959.1076317465381,-370.12583751802043,-1059.936222576655,-1217.6682248940845,-284.523722703988,-463.2128640787318,-1470.1854905576758,-367.9652802175293,-0.0,-0.0,-0.0,-1146.7820530888807,-0.0,-2727.8105100448493,-1109.2038569847023,-1294.271121720315,-0.0,-0.0,-0.0,-0.0,-0.0,-109.46120265777621,-0.0,-218.95671830055085,-809.1750623383566,-335.90810134833066,-0.0,-0.0,9.516650705926452,-0.0,-0.0,35.10723623338479,-221.6120269845154,-0.0,-440.48558508913237,-0.0,-0.0,-75.47672511980441,-9.932901238432454,-2402.4707309165724,-1906.341264436702,37.19517891696713,-6265.437923584178,-753.6936722386516,-550.7296950543652,-0.0,-757.6459157259637,-1330.4366801359947,-0.0,-0.0,-0.0,24.334080122626194,-0.0,-1197.3491430203655,-0.0,-1214.938822635433,-0.0,-0.0,-1890.8076083222172,-333.6925018837269,-623.8574778442473,-0.0,-0.0,-0.0,-0.0,-234.98202845956564,-630.5793763114922,1210.1210007451434,822.3449725286997,-669.15587145485,-7.418841198569453,-0.0,-283.8580823738008,-282.38862051526195,-1517.6007036222204,-405.52186731068974,-104.78140613698808,-935.1927685017259,-1306.9113578265924,-815.9256699893243,-601.2690548118194,-0.0,-0.0,-0.0,-69.27513654735988,-0.0,-1481.972591962995,-516.0339722661836,-0.0,-1593.9452376074478,-1041.8938465795493,-0.0,-0.0,-0.0,-0.0,-0.0,-959.1157629889418,-0.0,-243.51254968446085,-1598.0248121643829,-0.0,-936.1815462557131,-0.0,-0.0,-0.0,-2058.8102367047427,-1132.0544846446512,-902.6885046352696,-2273.9999127063134,-0.0,-0.0,-0.0,-68.73330038489148,-433.23768284647537,3.29381280474995,-378.2650050165718,-257.93518233282316,-0.0,-0.0,-280.119830560335,-1206.2357623919788,-3349.67963782447,-0.0,-352.0240962024447,-1147.3808201449872,-350.3861098785644,-416.48136215164493,-0.0,-0.0,-0.0,-1604.5980857407633,-1657.4709469897725,-36.61533863025242,-1475.771248583004,-442.895944528248,-300.8321866893144,-7.444388601292483,-998.0435944250087,-0.0,-1741.1187467293264,-0.0,-435.41679840452474,-0.0,69.52827951867285,-0.0,-0.0,-465.03961249507677,-698.791212886037,-6.63392676154747,-0.0,1094.6762348176194,-0.0,-0.0,-1557.297448705548,-1177.639209260187,-971.0529574859887,-0.0,-313.31187961758076,-538.6160465373368,-1258.4209616689777,-0.0,-0.0,94.81057474992645,-603.3493625783527,-0.0,-0.0,3.239638470347342,577.4536856675867,10.137939915178853,-1264.1801270481656,-0.0,-0.0,-1522.8853138241336,-1447.509030422386,-70.65161749297808,-0.0,-143.69432963072234,-635.4488783265169,-962.7507612294769,-1400.3532603762103,-0.0,-775.1796351930212,-5.504223887079495,-0.0,-1415.3239059055513,-0.0,-0.0,-0.0,-0.0,-511.5027999922085,3.1481467796664133,-13.983768729397699,-0.0,-0.0,-496.2140660931591,-0.0,-0.0,651.3587342674033,-891.1467860925504,-45.05591274986407,-1699.1339350936303,-0.0,-0.0,-557.8145988637958,-0.0,-236.55831951481562,-988.3862670902189,-867.4711725032469,-968.179963767402,-0.0,-0.0,1248.7238688984232,-0.0,869.5765806168932,787.319961460766,-35.332071802158325,-728.273551324451,-0.0,-0.0,-88.86392339524441,186.66792793147155,-693.7896299221017,-320.7715556990096,-905.1274944027837,-2301.4204047603935,-1656.639974138073,-0.0,-0.0,-230.68011742767868,-4438.74144103578,-524.5983271508236,-473.62056093447273,-0.0,-0.0,-515.2202431147783,-0.0,-892.1456179549273,-1106.392743968973,-659.2062277757097,-0.0,-0.0,-48.580641731472035,-0.0,-144.17003450481872,-1214.5270250071526,28.881495732359166,-556.8726506274757,-380.67204558154833,-212.47861049638183,-556.1393945150138,-1964.9814636867322,-14.30917639129339,-1019.8817479903564,39.28897929585893,-850.0965060815286,-265.22819302262013,-0.0,-0.0,-196.83521083663226,-0.0,-0.0,-1403.428809096557,-554.8207441467865,-0.0,-727.4828445287225,-434.79626073197596,-0.0,-0.0,-1216.9575183367126,-692.9029770338411,-1303.2260146275642,-1159.5619042020269,-0.0,-90.98964047906308,-2635.556876654184,-905.1872989417924,-236.61621919478787,1362.6562575620098,-1559.6008945565595,-1060.3621896229467,3.579976511691784,-750.5410787344176,7.525093274535646,-1543.9706931544392,-0.0,-3169.5772337900253,-693.650230040777,-0.0,-1338.8548123035769,-1249.4457272638235,-0.0,-162.63274099544898,-769.9255568422241,-1012.2956056812508,-1197.5012456259994,-647.2656737993825,-445.9379365703361,-449.3526242611773,-0.0,-126.13144884152237,-0.0,-2090.0149396304173,12.688203545200432,-2984.2678010565146,-694.5663892301956,-35.02637709684864,-31.012494026031636,-1180.0186380284151,-703.1990886065347,-0.0,-360.21899725170636,-0.0,-0.0,-662.7218191396097,-0.0,-0.0,-0.0,-0.0,-0.0,-0.0,-0.0,-641.9977193887971,-411.6135048025973,-2321.0687589975496,-2043.5288065990842,-0.0,-0.0,-980.0998108849843,-1690.0276476608108,-426.89515871309686,-156.3655023281855,21.634077897482644,-0.0,-1165.3578709508508,-0.0,-2039.2824355203045,-0.0,-0.0,-0.0,-0.0,-1622.9727721862664,-192.67446847379892,-384.26934406512817,-923.4337145590795,-1141.014626639504,-926.3576466373268,-629.1514159863183,-1013.8813544249383,-0.0,-0.0,-0.0,-0.0,-497.1411787995326,-362.8845516254833,-1166.3070854250957,-0.0,-596.6781206958241,-5364.0345927683065,-516.3059588917854,-675.5036671932801,-2441.3130533726508,-689.934038041346,-0.0,-447.9835199711112,-477.2187091548508,-964.0473015157772,-505.88390295524897,-1256.172371409122,-1442.2806982583481,-0.0,-0.0,-0.0,-0.0,-1358.5945737150548,6976.4043015679,5704.605701896443,-0.0,-0.0,-0.0,-0.0,-1732.1553342561926,-978.1148677619195,-73.01161097322894,-1196.2322918462107,-687.6672871924749,-0.0,-0.0,-0.0,-0.0,-617.4819089168799,-0.0,-1584.4452043804185,-201.1374116822089,-0.0,-0.0,-0.0,-0.0,-110.84004301632697,-445.15040991475144,-337.8913794036579,-734.0509480457928,-981.0112600053329,-949.3171635881838,-928.943018784675,-252.357683830379,-1267.4391129429414,-1223.2733705219468,-978.0530739193736,-1294.9883856377899,-32.76290842895604,-1017.5812736096733,-860.6041105050301,-786.3486682275908,-1317.4212085442994,-291.17737173216534,-1883.8848407090798,-1271.925162362006,-1595.5049460818304,-502.7817828660656,-464.7141165867781,-896.5736496608849,-0.0,-900.706681348771,-0.0,-2831.721943765238,-663.0768315076025,-232.28283612849614,-1585.9537025707332,-1276.4857288182322,-961.2006572056208,-0.0,-0.0,-0.0,-0.0,-690.6005216540059,-3036.6119741550297,-1426.7922100798005,-0.0,-0.0,-959.4411110857337,-0.0,-0.0,-1019.7696146160815,-438.71215695286065,-919.7516381617037,-476.7900276202786,445.85997349422,-919.4430171581756,-486.251065179192,-1297.517080581183,-0.0,1170.9181075280599,-0.0,-0.0,-972.1482556759051,-4661.5747962178175,-0.0,1402.4739377007013,296.82227769699057,-740.462625439423,-195.38841238605676,-0.0,-1491.0658704803745,-841.4172553629155,-1837.859710147775,-1755.6028023245867,-309.90888027663004,-0.0,-387.6719602975612,-137.25129148656205,-0.0,-834.201360461529,-0.0,-1497.0661660631106,-1870.9101592115567,53.38570386916321,-2011.6122797722064,-1679.564927515183,-0.0,-462.732070382262,-1145.9020021768642,-1624.0839934323349,-0.0,-324.5465665580473,-2014.0808903393693,-750.062474279908,-689.7160159593747,-773.2873893667045,-364.6629188557007,-734.4974415795432,-1308.1114969617527,-0.0,-814.4160961638185,103.83734367136154,-1196.759636337153,-0.0,-486.0806827939482,87.92970162901305,-769.9013148364993,-516.8247299066202,-0.0,-497.77317678263785,-376.5681777968837,-1407.8496003771415,-1047.5271882394854,-1349.3110156544885,-726.1468327172595,-660.0461651599484,-775.6786354697732,-1816.759516415267,-19.184402691117782,-0.0,-452.8395521398732,-519.371713724025,-1151.889765361552,-1726.818719819144,-264.9723503681492,-613.4388353815958,54.05632902432647,-722.3508487845545,-1049.1642518853998,-668.4751801873275,-0.0,-852.8744146510144,-47.11926544461588,-2081.8731959404126,-0.0,-352.91018116250075,-664.2710921849256,-470.2713467088966,-1943.0932480668334,-142.8871753083454,-1291.3824027757396,-589.8903892152753,-2164.206908948999,-0.0,283.4356466979483,-0.0,-0.0,-269.68380308227063,-0.0,-0.0,-3058.7873230570613,-22.634485293587353,-31.32097858853643,87.15054079347247,-1119.3518469092426,-0.0,-0.0,-0.0,-0.0,-0.0,-23.6185000259286,-0.0,-297.1504176332479,-0.0,-246.61999768870103,-1630.7950256618753,470.64447032692726,-2486.5846820135266,-0.0,-0.0,-0.0,-0.0,-0.0,-0.0,-0.0,-0.0,-0.0,-2173.2534065896507,-0.0,-2270.9876166451086,-2643.550439090394,-32.371955385075395,-0.0,-0.0,-0.0,-0.0,-762.5428450954813,-923.741938029726,-0.0,134.35722487953896,-469.48584080500467,-1816.6721058843877,-549.7870069133733,-0.0,-448.55912209598506,-974.9826101666439,-0.0,-0.0,-524.0131236804806,-774.2776439808765,608.6033451798776,-410.9640180963356,22.978628280388424,24.903041132322652,-0.0,-0.0,-0.0,1312.1755140373332,1174.103196791974,1376.3658207137196,-0.0,-0.0,-0.0,-667.4094849471018,-0.0,-0.0,-804.4032590964589,-64.93933518995729,-394.47179236917435,-47.57931643730202,-870.6855853126372,-674.013753539176,-1216.553066234576,-121.09773486683787,-235.2311903629651,-1042.5090281743944,-0.0,-1817.9490460216673,-13.581880373852172,-803.4850292026929,-778.2435926691766,-13.866886067736472,-0.0,-1099.6661089731817,50.41386006682431,-0.0,-0.0,-0.0,-0.0,-0.0,-1163.5950690591055,-2603.7435782337657,-0.0,-544.867979697402,-51.62148112186358,-0.0,-0.0,-0.0,-350.0213439200725,-25.29932258921747,-0.0,-1100.7741452966254,-667.2151853593268,-0.0,-0.0,-452.05051919082297,-0.0,-0.0,-1379.1399539221966,-1164.0013329472863,-0.0,-690.8401436623221,-1769.738909511263,-77.81397089107564,-0.0,-0.0,-246.93566737277283,-657.4085577391446,-196.61037386552186,-166.3584994609166,-137.96380463319392,-0.0,-0.0,-0.0,-1138.3305915529006,-835.5645738073067,-1643.9330735350886,-230.07989036913236,-1123.5386864449547,-104.71819146957469,-138.417964637903,-405.9107996746865,-1669.0240430887657,-0.0,-0.0,-1461.6808224843242,-1594.6003482264853,-0.0,-0.0,-0.0,-457.1417441607984,-1950.867874045714,-2875.8226838451415,-0.0,44.7177188043132,-149.25854272735305,-580.790452247351,-570.1879934450008,-1723.314095755556,-0.0,-1249.230750762267,39.85821029862192,6.814885252432526,-258.74951260859297,-0.0,71.57947156798508,-238.2332523628279,-358.64263809635213,6.558051014414769,-0.0,-0.0,-557.4495415173556,-10.992167426151935,-0.0,-1128.3146527524948,-820.593416460695,-1038.0044652514543,-673.3689317767605,-970.7536740876493,-1468.8787582551267,-0.0,-0.0,-0.0,-0.0,-0.0,-294.9627890380735,-553.4784575878228,-1065.137316800299,-1293.1336923022543,566.0532884522668,-1231.4084987600752,1405.2840351935758,-0.0,-1753.2633694840702,-1409.0410446974267,-702.3970433747625,-25.871123460314827,-102.87900022809218,-1866.3560718498443,-191.46759944642574,-0.0,126.89441472449683,-758.0455826662911,-0.0,-0.0,-508.6891194578742,-348.8023768220826,-330.26359228627155,-1045.2356960558438,-1414.2596720571626,-0.0,-1264.9239644894487,-955.5475899938443,-3485.024574205447,573.716003227732,469.82894626233127,570.1814140128519,590.297197411896,-0.0,-0.0,-0.0,-0.0,-0.0,-0.0,-0.0,-0.0,-502.0139168390285,-0.0,-44.63200079226968,-32.64077982132176,-0.0,-1100.2784228212201,-1190.697092387963,-1688.3517196637295,-0.0,-0.0,-0.0,62.40194227517886,-2539.005518547154,-559.2215076597955,-2414.3453059978397,-1308.2860110117783,-0.0,-0.0,-126.33529028568144,-1170.2077066070763,-0.0,-1640.203989394261,-603.8724728869882,-0.0,-0.0,-0.0,-2048.5594811475175,-0.0,-0.0,-0.0,-0.0,-0.0,364.980857827556,-0.0,-0.0,-0.0,-825.9208921357573,-0.0,-0.0,-0.0,-0.0,-0.0,-0.0,-0.0,-429.2561810877484,-868.9351958798911,-1270.2150245742987,-1398.9857813869469,-493.8927088809868,-1038.977996398134,-31.108137614853234,-0.0,-538.5904058071129,-43.068743405957065,-0.0,-0.0,-0.0,-0.0,-680.0516380335182,-0.0,-421.57330640480353,-1078.4329950702775,678.3160110549533,611.0440938330211,622.4261643225348,567.5090118080583,591.510479561194,-0.0,-0.0,-0.0,-0.0,-0.0,-0.0,-302.52965961348286,-0.0,1761.5830092292845,814.1783267794566,978.9947973776711,-0.0,-0.0,-1051.547732613238,66.91704723800261,-53.7895444670527,-2007.99095394266,-0.0,-1592.4335230347472,-0.0,-0.0,-0.0,-0.0,-554.853713021292,-0.0,-453.57574086850536,-474.28071000239316,-325.54450762441985,-0.0,-14.05267053869776,-0.0,-705.7009179777624,-0.0,-1915.4662082599307,-518.0913583192334,1462.092182809506,-1795.702124265094,-812.1468244736332,-58.640328618824086,-707.1071370600678,-0.0,-449.3847101596337,-67.3289244969988,-2046.1456974077964,535.8093095073962,76.18221268065032,502.0954795115026,1062.923972562921,-0.0,-263.82488948115844,-21.23895676189913,-895.344787105022,-1035.810965862932,-1216.6942274468338,-1567.8112736071766,-0.0,621.8231637928484,-0.0,-324.7642379478875,-1944.4058450779512,-1126.3024078040155,-0.0,-1082.8590194311942,-332.8869480951257,-503.3663508597627,-614.5966680093097,-285.9610329635163,-1160.7442628154017,-0.0,-1830.6320875058955,-335.77821212347766,-1278.509097903394,-266.9116761029529,-0.0,-0.0,-0.0,-0.0,-1093.2397389770185,996.5880854288596,-929.1159923623997,-516.2292777658198,-0.0,24.94477411124284,-0.0,-0.0,-655.9208980960153,-605.2316469283645,-640.0409159234679,-544.3404061973616,-0.0,-0.0,284.47621598459756,198.7578203301173,498.9393539383513,-0.0,-491.9197878227951,-1605.6217653185456,-1066.1283108221803,-3.650146966614075,-1385.3403754357246,-0.0,-0.0,-0.0,-484.78133368845647,-730.2917098255942,-0.0,-1135.1109758718069,-0.0,-2230.4797488286795,-3093.8395167812914,-0.0,-16.350859139842694,-0.0,-635.8258969436689,-0.0,-0.0,-0.0,-1818.880128202245,-941.0041895806557,-512.1037014176414,-736.9025437082954,-0.0,-0.0,-1791.142822542211,-0.0,-460.0812939741136,983.7851058550202,-761.0780693457706,-640.6336140712797,-468.2968772340931,107.13795142827689,-0.0,-0.0,-1131.4565199287774,-0.0,-610.8658892363894,-57.686717904087324,-305.79077586181603,-288.04307512338335,-0.0,-0.0,-191.81847723722296,-538.4440462679783,-886.1492686442485,-527.2700069871004,-895.9087552291238,10.946677815636162,-0.0,-109.74182294567217,-1754.1994586474514,-1061.6847676130246,-0.0,-0.0,-0.0,-479.6249147553033,-509.0802647455426,-1315.6817382012175,-0.0,-0.0,-0.0,-0.0,-0.0,-1254.729094184064,-598.2681470691628,-0.0,-489.44696173296023,-0.0,-14874.150760766463,-686.5356832330348,-99.91613004126067,-510.49747065349493,-0.0,66.08806136516868,-1076.5541812862637,-2169.646140512043,-0.0,-0.0,-0.0,-654.7245432948453,-432.2459511266871,-927.9591001222163,-847.4016747673611,-478.30475018242123,-0.0,-0.0,-1456.432602097822,-485.23576020759634,-1929.2474376269336,413.2764490106238,-1997.5074800973823,-0.0,-0.0,1387.1612092107105,-1311.3226378560373,-0.0,-199.7035450409842,-296.7644340735668,-532.5307354223752,23.87456567289892,-750.6159366036214,-0.0,-0.0,-1152.8922455721186,-1075.0271671428618,-2064.6105666500507,-0.0,-0.0,-2043.815124857777,-597.7621981708803,-607.4854789667964,-2068.0422168095665,-1217.164528477224,-0.0,-0.0,-886.390574237941,-0.0,-74.80850404416296,-1305.5653155264577,-1500.2741104686668,-0.0,192.72121354787677,-648.0277331172538,456.12799611694487,-221.00292582484434,-206.8852233852416,-0.0,-379.6709959662253,185.68454093909696,269.71753294085045,-384.2182858498102,-2102.4865427958443,-1680.2899347225757,-72.4756150003864,-3743.316382844107,-489.21475062547506,-950.9082419110906,-41.38455112871171,-3169.8129351647713,-281.74009741259664,-539.8796226827253,-256.5849867918745,-1352.2390092576657,-840.5485127230933,-2881.4627621818577,-4515.2418338891175,-70.85111789930043,-570.8259431543063,-1434.543344914887,-990.6538420770913,-0.0,-2850.726652236744,-0.0,-229.22073166071095,-1284.0475741494135,-1156.553820438876,-0.0,-0.0,-789.8476221282302,-198.69779806986392,-0.0,-1156.7312600305052,-0.0,-562.0696358360904,423.0619702807908,-1888.1388310451096,-397.87929986269666,22.048000483923516,-11.13832007613694,-0.0,-1574.419562278468,-476.7904090133841,-0.0,-109.34533383358936,-0.0,66.66098887165963,-150.75872624521736,-0.0,-315.3552468608374,-1166.335940892653,-373.2932124673708,-658.8587923388536,-1838.8686243274135,-0.0,-3374.9406613287183,-1460.4155276746417,-2052.154569790567,-1863.6168898159874,-61.04482024955974,-188.49950300714403,-532.9987086845147,-1231.2858984522456,-0.0,-0.0,-1042.6191699098176,-161.38160866822042,-0.0,-64.94685011614735,74.62216257946292,-1871.7383773140377,-0.0,-0.0,-1091.379171208556,-0.0,-62.84836434632458,-0.0,-37.337111730429804,-122.17713777024242,-0.0,-315.28907739155215,4805.343939147487,-0.0,-0.0,-2202.498971055031,-653.1563393572548,-228.6050797600435,-0.0,-0.0,-0.0,-542.0796159107981,-1785.2920100436554,-0.0,-0.0,-0.0,-1900.3710139631337,-0.0,-0.0,-0.0,-1321.5002209194683,-611.6038123574293,-250.9787415695553,-388.61251461089597,19.465897613712418,-570.9253970745693,-317.3779754680627,-173.64528315237877,-2003.5977635299218,-0.0,-0.0,-1048.1701230863166,-639.6263654935462,-2052.9429217461475,-0.0,-0.0,-2244.1871655523223,-561.74842557493,-1293.2108488805216,-347.38808328816117,-520.1656776785087,-1948.732467852407,-687.541499552398,-71.83353805059694,-686.9067056163542,-1674.6112356422905,-1290.8585685389032,-1140.2667860079837,-0.0,-511.5464915420268,-0.0,-1305.832884012578,-353.01016978339663,-183.55864510798028,-521.6431982681288,-722.3338886442087,-10.22725900221345,-0.0,-988.3088077330959,-462.28056093624116,-36.738035805776924,1276.6696770815008,-62.46640998378795,-0.0,-532.8583193247124,-388.19202352160363,-0.0,-564.0123459884659,-1298.1574663351785,-0.0,-0.0,-0.0,-0.0,-342.04597330577894,-757.3673988054003,-265.60041272414065,-406.6757661816494,-285.8901249686595,-1354.0730536593244,-598.6981728158057,-1177.6653224379422,-2109.44906243583,-1632.5522530065762,-0.0,819.0319640989592,827.3824537296514,465.50060695619914,635.7422919255777,365.5541746935505,-0.0,-0.0,-0.0,-0.0,-0.0,-0.0,-0.0,-0.0,-52.597540596351735,-722.9508978373335,-425.9340259303978,-229.15998761421906,-991.5269325305014,-82.66992987237876,-299.58582573867756,-955.2594700918685,-246.24850944456745,-1448.4861495154476,-629.5308595168511,-68.63372599049565,-312.75499551657185,-19.84970722593499,-0.0,-468.4432709359479,-141.43220492183448,-170.52564034295392,-611.9563254998005,-289.57123247921334,-1250.2759805371293,-245.60678682823897,-0.0,-0.0,-1572.5694847822813,-421.31772168445684,-272.9832029693711,-445.0070980961137,-750.5018996325402,-358.95300703225047,-334.9832845243642,-0.0,-530.5038558865558,-566.7856573752905,-697.4873622718748,255.38096143173402,-1100.1363293400611,-1844.576916872792,-175.78940141097536,-550.377903526041,-549.7282914320188,-10.979754276101312,-0.0,487.2654602231291,-658.0450362737041,-29.15683970299011,-1588.9474156467431,-0.0,-0.0,-1014.9483018133665,-407.1428951856879,-0.0,-491.14857383553823,-561.9216904289339,-654.1119209103663,-0.0,-580.3487549654459,-395.5799222965431,-1814.8551339353785,-3484.8872471614636,-319.0396098805671,-0.0,-67.1145797940631,-350.47086641048173,-1239.4964060053571,-185.78309178970687,-471.3786937834493,-589.8343737135577,-616.9217605587235,-312.10518115562843,-0.0,-0.0,-1352.9754079961438,-89.56133166491982,-355.70743984269257,-646.454071450825,-981.5632436449296,-1999.8829923681624,-0.0,-476.30503233878676,-0.0,-0.0,-0.0,-0.0,-0.0,-23.56028305326154,-150.65163005480008,-293.3138713805924,-0.0,-0.0,-0.0,-0.0,-0.0,-0.0,-972.5516688645795,-1863.4618091192694,-337.0794490490992,-407.15486182097027,-37.779186270473424,-0.0,-0.0,-355.3247118600609,-0.0,-0.0,-92.66458624579401,-2213.53405036567,-0.0,-0.0,-1216.940710819704,-466.68842454922816,-722.2553230594821,-809.8623472194702,-590.0189771766629,-0.0,-0.0,-961.7488652461549,-1494.7735241536466,-807.7047238038089,-0.0,-935.0341903755007,-0.0,-297.38480413286004,-594.318660293882,-0.0,-550.7185832595653,-1468.77125027439,-0.0,-1400.2902902601077,-146.5702328146343,-488.7042860864161,-1132.8387699272068,-188.14332089534076,-1004.0928327271948,-0.0,-836.0736913965331,-22.5261438102926,-1943.456005740806,-1542.605332397876,-0.0,-0.0,-0.0,-0.0,-609.8872910366948,-669.889967660743,-0.0,22.300364248827155,-300.6439564170904,-625.6825435147267,-1690.1968852814775,-1875.4168425684989,-311.8550158833431,-0.0,-1157.6785223859733,-698.4189213263203,-1415.5776368680808,117.48242577275752,-0.0,-2770.607661330744,-572.1539595223818,-0.0,-366.46089510843916,-1201.6864847183342,-0.0,-0.0,-453.61669487707525,-1189.423387406558,-0.0,-893.4264183974491,-1067.914564947497,-31.56458083597623,-68.75336133389578,-419.2761513688033,-0.0,-1225.169652969277,-2159.57625294055,-960.1682328296238,-148.13327232742478,-1571.4545728503815,114.13781390075134,-709.9459485487228,-517.596687977699,104.41140623097715,-712.5382593419175,-1209.1209439875954,-690.9813273918977,-1075.0674598103828,-338.72132787853275,-497.4503065846635,-630.6165289506666,-1283.0582584123188,-0.0,-0.0,-1501.705083729725,-269.09189864807814,-0.0,-1240.6294527329796,-1023.0812961803917,-0.0,-2048.0490113234932,-445.2030205076694,-0.0,-687.2336180589032,-0.0,-0.0,-1043.849931167274,-841.8356026926285,-0.0,-0.0,-0.0,-613.1358234999717,-3.7248840036300885,16.756022027863757,-209.98046038066002,-0.0,-1752.4020877635655,-1228.9704798001253,-462.7661532075971,-1710.2885655066316,-0.0,-48.72915558669075,-778.0103620256397,-0.0,-354.31644764764945,64.49874463467249,-1337.1385849402998,-854.5542869706326,-565.127373683117,-1056.2519084709545,-0.0,-0.0,-0.0,-659.7392215567687,-0.0,-322.67951222369976,-807.5628829850101,-175.2401262364259,-1005.1594542761504,-1803.2799889530706,-460.94954867432443,-1731.1997412258688,-0.0,-933.1831636528318,-607.4013257780291,-421.6063910468954,-1052.3705216909777,-261.39207414331037,-428.77617437977653,-1243.2697300187676,-0.0,-0.0,201.8262965590812,-2274.9652636557416,-813.2805563305853,-221.66467172218188,-0.0,-305.9610718061966,-445.4827317731584,-534.3171716337991,-0.0,-0.0,-640.0033927727426,-0.0,-17.577651048166622,99.84878952187789,-99.70260339087734,-1661.0709921958,424.8679871251966,432.87368435625535,415.73095991530033,534.5617706704511,39.79255769003164,-0.0,-523.5899200731265,-622.3954073356412,-295.286051652085,-8.160485557485078,-0.0,-0.0,-0.0,-160.70029252046217,-11.153761091441337,-759.927744296319,395.49137442399905,1983.2120754266034,-0.0,-0.0,-0.0,57.08926641764544,65.66708547697885,-0.0,-2558.222979149588,-0.0,-0.0,-0.0,-0.0,-0.0,-2033.4701526591125,-234.25720216234166,-0.0,-335.1704835039508,-1774.339638799383,-134.32903815426363,-266.81615354789426,21.890820313450714,-1435.507399017792,-3588.713608873048,-1632.0251951794316,-0.0,-0.0,-1392.4071591706434,-868.1136094899315,-610.0206486570595,-345.58462119095884,-289.8119680512495,-833.9488565652484,-843.9791427789451,-4132.14145909301,-560.3742090534286,149.55736737979203,-683.3059313034688,-906.619486908143,-516.4837060756446,-525.8672811166034,-6.3106268119932505,-1345.367742074497,-686.6120285513978,-488.5274476953933,-0.0,-0.0,-0.0,-0.0,-191.83005103555135,-1011.4001335237346,-0.0,-1035.6791039737097,-1139.1859425757073,-0.0,-0.0,-1212.0199931733355,-0.0,-0.0,-179.18187638866505,47.093204925562226,-0.0,-0.0,-2588.8534641484002,-1019.5368782387811,-80.57163556646526,-781.9399740534857,-1180.2597265042555,-0.0,-282.5736100543869,-419.66335168663375,-0.0,-1153.138931489091,-281.63710214175444,-970.4048050611589,142.65776548200444,-741.3099894248901,-168.74542812099344,-198.02378629601841,-44.70034108417571,-37.54102406086769,-509.32154102230703,-683.8012453607049,-424.28592103257745,-592.1464774138162,-0.0,-51.91704538127811,-610.9658445111139,-139.7199609210845,3.26790556157296,-0.0,-839.8265006851371,22.617187556265606,-1093.4288362047673,-0.0,-0.0,-0.0,-1556.142235359774,-0.0,-0.0,-66.71554584293241,-0.0,-0.0,-0.0,-0.0,-0.0,-0.0,-515.4183997926722,-1351.1768612466935,-0.0,-0.0,-0.0,-0.0,-713.3820659469225,-398.5664103838312,-0.0,-0.0,-1556.1301754561882,-0.0,-1148.0935367137276,-2253.0426262095752,-0.0,-0.0,-0.0,-421.0986522821438,-0.0,-0.0,-0.0,-826.6966819212595,-633.9396000274404,-559.9430938176515,-0.0,-0.0,-188.7657198781251,-0.0,-3343.367108355187,-4531.24944613688,-0.0,12.94352287185726,-0.0,-506.22259406853664,-565.7542821037979,-1683.5040617972354,-0.0,-0.0,-81.1179646281566,-580.0536442642278,-1147.0590789764578,-563.2568608459869,-284.8894446471815,-0.0,-0.0,-1018.098085659903,-821.5366631634488,-38.202245100637086,-0.0,-0.0,-615.0391653966481,-320.58353308772666,-71.11940160097895,-0.0,-0.0,-0.0,-1826.1632676805493,-286.1072190922025,-1130.7862394259607,-3653.2889814824434,-0.0,-828.0223189969365,-969.251743909812,-2012.260379449043,-285.6773600150936,-0.0,-0.0,206.29496518553734,-995.702713464316,-1550.4014615976287,-421.739644071503,-126.16455699259654,-20.851029446105084,-1510.5465741807843,-350.3608848830935,-1483.7598749744486,-562.1638546387046,-2288.8693372374228,3.248520056407,-833.1809697364249,-742.3122634649932,-1561.3370430787127,-0.0,-0.0,-627.0284950281571,-1412.3136930294008,-1520.2388561390544,-732.4147448084062,-0.0,463.85282246459707,-57.71169385697541,-376.9520735093608,-0.0,-15.879387075937993,-0.0,-2071.723555770906,-43.785606559047814,-0.0,-0.0,-628.1500527512471,-928.6835789001838,-678.9622418525787,-292.8535597226508,-493.60087704480065,10.600983967320781,167.08270630248632,-696.3048427670356,-22.05923363763788,-1272.103120006338,-0.0,-1300.89047468892,-107.36971545305119,-637.700108483132,-336.0610775505075,-20.403574376501837,-36.01461159829171,-16.961997103421005,-1050.0127874616219,-819.4158949379765,-1185.9990992407822,-214.98204107541383,-1164.087395601739,3.2610991695240186,-0.0,-643.4124467954476,-2248.890925404525,-0.0,-0.0,-25.1440068175427,-1760.400725299798,-159.5533056705957,-484.3768248293091,-312.3655978941082,146.97129205640877,-0.0,-0.0,-1064.759296654191,-0.0,-0.0,-1824.5654948286442,-1329.1833179758626,-715.1292851604736,-638.8238900616692,-540.4013389783224,-763.4056337790121,-657.8381031584879,-1093.9901154738388,-2185.5607653562574,-0.0,-0.0,-0.0,-0.0,-255.62152382754962,-0.0,-1736.60192328907,-532.1789627627022,-714.3787834804374,-827.4822095155658,-385.0097633083528,-0.0,-1186.5368069056365,-551.5584185400345,-0.0,-2172.4945918862213,-1218.859126338515,-0.0,-0.0,-2037.135204143134,-1441.7873636651289,-373.1300249951332,-679.2650837486692,-0.0,-448.99924492786784,-265.98779617127474,-0.0,-538.6243765005819,-461.72984903400356,-432.09450940743176,-0.0,-0.0,-0.0,-0.0,-328.09093218470855,-1038.499131659476,-5941.25814196356,-0.0,-0.0,-616.3630949802732,-595.3328943831121,-1624.3606058207397,-555.185112137988,6.433127000039423,-385.5907476858004,-0.0,-542.8319507785314,-482.82702005330384,-0.0,-425.9105650226948,-961.1912355108028,-0.0,-0.0,-0.0,-0.0,-0.0,32.48720406394102,-1792.8119573177219,-0.0,-1134.9884963654822,-754.6843184460033,-3.3966949812556124,-1430.1413945433612,-819.532208623115,-819.6112022427646,-1198.1408387969002,-66.06007666091459,-101.3477208060378,-1065.5953252028683,-594.5265116790392,-575.476542023965,-0.0,-1240.951937849703,-1151.1274107446247,196.6618946277712,-0.0,-521.3584465393786,-605.3947258400068,-833.0549673450254,-55.58381922813304,-0.0,-245.7355569017401,-0.0,-0.0,-2084.821328934031,-1792.7027844246134,-1621.3707721447438,-1447.4155964010217,-0.0,-1054.2074881411452,-1738.50491664046,-0.0,-4497.573331274215,-0.0,-0.0,-0.0,-0.0,-888.4693963973164,-2078.03227131202,-1956.9659640502741,-77.14009669917466,-1668.538883135789,-0.0,-829.4237374052786,-26.57417305329523,-0.0,-57.82722710859458,-469.91437168603096,494.4100361455585,-0.0,-390.2861105327392,-32.371401851638936,-0.0,-1219.4814364162614,-0.0,-1786.2924116228257,-121.77346207580666,-0.0,-0.0,-900.2486773492187,-1339.3793628989567,-881.6648879709223,-1047.4884384729407,-1090.9521836746885,1326.093497339239,-48.94256813052154,-679.1301836895199,-30.48173476462563,-2094.036931899658,-689.5190087986293,-733.3583785873404,-393.6315753583656,-1381.1686421021266,-1459.9044539428578,-368.4721663652396,-2095.902384043494,-281.6171968925952,-0.0,-0.0,-42.87434716489396,-0.0,-0.0,-0.0,-0.0,-0.0,-0.0,-1428.0102480057449,-523.4180031691444,-1000.798660847823,-766.9650753817193,-0.0,-491.8180776512021,-1049.539498484553,-939.7441894304367,-1873.7059864282492,-1120.6840224860155,-74.46885976900485,-167.59554990633976,-824.3540395016574,-1248.5866119272641,-0.0,-0.0,-0.0,-61.179813472874216,-696.5373072980858,-132.57648800154084,-418.0273510084712,-857.7353027930313,-0.0,-0.0,-0.0,-3474.757296834822,-0.0,-107.01510260542294,-0.0,-186.80788179373573,-968.3630083828424,-1042.7741113776797,-728.8196888518457,-0.0,-36.662486153548876,-486.19763213825524,-630.791307073166,-479.73391348832394,-0.0,-902.9198830715296,-0.0,-0.0,-2329.4040752555784,-0.0,-1180.1743694876527,-546.9619412331665,-355.16247853017603,-236.732639076533,-1205.535128266597,-2367.560290735677,37.38172753372876,-1947.6448921550596,-1448.5774981483119,-374.43127121543677,6.374517922281636,-0.0,1260.7073801826361,941.3813921544452,982.2885062046797,-0.0,-0.0,-0.0,-749.9058967252945,-0.0,-247.11479726125668,-155.03939488188553,-0.0,-3109.1200014946367,-0.0,-1221.6346489146654,-70.60637646102563,-924.8112125204348,-507.2868990157911,-1267.757671254117,-1053.149519432429,-0.0,343.02882631256875,-2245.1989743983254,-1437.9212887645658,-398.03647822256454,-1048.8126987094124,-1458.2427415737902,-0.0,-0.0,-238.23689467497076,-649.3276178657019,-1937.5567801678108,-701.1403332986872,-31.784466436664456,-0.0,-0.0,-599.8922926450941,-0.0,-0.0,-0.0,-179.19794673343796,-1212.1833563410412,1408.0767379886481,-1146.6290603696248,452.1755842800318,-625.450522849958,-868.5428645832086,-9.328940038848984,-4212.415833935031,-327.5454615507913,-0.0,-64.3066314293358,-2041.1349075768153,-1495.1147321457572,-0.0,-23.398911986510207,-0.0,-556.317461139085,-21.83860633160856,-1616.9540990832902,-1333.6527010342083,-0.0,-272.47767872565333,-0.0,-0.0,-0.0,-647.6119407834665,-886.4361704899857,-365.27695002439816,-980.6652333775385,-1519.0565697927586,-830.0658631721034,-372.36001566705596,-418.0632768836363,-95.10020131922421,-1421.6208054351277,-533.7396754307833,-870.5142330351558,-1056.2217231415282,-1252.6556330623364,-1197.8125312807063,-328.6016858426299,-1287.4999612226095,-0.0,-0.0,-0.0,-1847.491259803924,-0.0,-431.74715167590386,-1041.1334067953012,-9.5162952004124,-674.3392120667451,-526.4988008789724,-818.4486660096585,-625.7365567917858,-173.36476982775696,-1613.868520903824,-4532.383559243259,-236.353999733698,-26.876033579634118,-0.0,-97.95433051471274,-5881.416024451085,-1581.6433846767,-589.2954448006153,-2069.0799586208286,-182.67891509985995,-0.0,-20.707434051399975,-581.3479849434153,-107.20774615813666,-966.1183474373033,-921.3049165024436,-173.90438337998717,-0.0,-600.9574611618755,-1627.1268726952271,-1675.5465340767419,-1635.0066517683144,-0.0,-1312.6212043414748,-0.0,-45.1446906326511,-750.0101837157725,454.6884167003561,-0.0,-0.0,-271.6871743077168,-861.112666326859,-636.0734799261597,-1087.9215260737142,125.86473249194962,-1229.8606702167733,-111.30290715443581,-284.1319545279485,-1797.9590675134973,-1643.7085439567982,-327.15778505264024,-0.0,-0.0,-0.0,-0.0,-0.0,-1750.9617975568253,-0.0,-539.1621101654335,-689.3207019716853,-2222.6070899354213,-0.0,2.9286465639478516,411.0010950519355,1757.627066463524,-536.3520322967571,-1119.1964983040057,-0.0,-1139.0841388156928,-3106.42472797447,-732.8773213924833,-4722.39274399247,-1020.6719176537555,-0.0,-655.8930987831262,-2008.890741186749,-172.25385387312627,-0.0,1042.562527143122,1163.141915362439,1005.1946217470839,-0.0,-0.0,-0.0,-0.0,-74.37378683811646,-1994.3417466681499,-70.49190172083705,-0.0,-1716.8672182100224,-986.0664036591945,-399.86963411472993,3.5783196693314165,-0.0,-179.8150105030025,-686.8540260262639,-0.0,-0.0,-41.3863637809085,186.84655691996457,-1913.211057337086,-0.0,-725.2476640012179,7.555037990473502,-63.242487297580354,-0.0,240.81583046585087,-81.62158342222783,-399.32325328352994,-1595.052617083679,-0.0,-49.96196233439844,-1044.63381580628,-871.2701669962601,-37.21950594534258,33.5395591227293,-0.0,-1055.149647754319,-672.715133907237,-7.292383892862786,-0.0,-0.0,66.48535472669046,-204.25498342049093,-140.45307142513414,-71.05616157504177,-10.4926502311182,-153.57413805424957,-644.711950118183,-833.9707561147462,-432.1332007473368,-0.0,-1870.8862277713915,-845.7121814787116,-0.0,-0.0,-905.0515962460333,-1812.0631734918766,-521.5576366317813,-6.39212842937701,-2307.282652402375,-106.66337826108115,-70.77088521712157,-931.721053730781,-0.0,-309.2168153056689,-1246.3943705368458,-3.1786049648901478,-0.0,-2856.5771836897616,-133.70110490475184,-1312.4339276272963,-792.4047938667451,-1057.8864009585086,-2052.5487446908005,-69.24102259374534,-724.7809702852539,-1637.094141584736,-1034.782774932009,-1041.6381263216863,-200.88439774931186,-1582.85105213038,-0.0,-2280.982981093762,-0.0,-5537.625000508841,-198.3811642823593,-71.10787735166831,-1252.0784673543606,-0.0,-0.0,-0.0,298.76707680678993,39.761449968174595,-758.5110257775904,-1098.217419349006,-374.1211736256329,-897.0636804691824,-0.0,-0.0,-1279.895570331501,-264.11030006324796,-446.86812686500514,-146.21218594526005,-0.0,-1379.0553712939736,-297.2061156350912,-1662.2671846383257,-0.0,-31.21557003203752,-0.0,-1592.038103848308,-668.2458263870118,-1423.0256639043785,-0.0,-0.0,-1261.693765566074,-438.09616279447954,-673.3373679678605,-1318.0780639994116,-391.34885353986976,-1214.5329667465626,-0.0,231.56882426815645,-1062.62222268651,-3620.24977378065,280.780417182035,-1066.5056023103589,-6533.531400459578,-527.0718393675078,-570.5262291597694,-192.68263950078682,-154.93510974145687,-801.4730705018626,163.37662445263345,-171.00170196096158,344.2225726282862,-951.9660611001979,-488.6694140522425,-0.0,-1016.2427375516448,-1586.4881477089812,-767.7329064503209,-334.419491403022,-0.0,-0.0,-28.48762397674461,-883.3865549643642,62.30756363416181,-1838.261594086341,-0.0,-0.0,-381.88010231325717,-519.7598525715281,-829.8504446563019,148.88781497590693,-2239.0627606430053,-1229.2571202243,-1083.6434114172316,-196.82276535927505,-0.0,-329.38876946366514,-0.0,-502.36486006100887,-20.02251573891076,-1155.4425988963355,-429.9293692991609,-892.218775521699,-296.18560133204267,-272.7491133613479,-0.0,-964.087305763322,-586.1992190642743,-1060.09123294894,-0.0,-2797.1556992109863,-1155.2358064912523,-1065.8994214721984,-690.9957234937885,-946.5620244530556,3.219885059914922,-1876.4114550059235,-656.9038501222971,-1035.6541659935656,-1635.2412640906543,-261.69579476507386,221.82750054327036,-914.2869923782334,-0.0,-0.0,-16.82314202259221,-51.2552428308305,-16.006197504345863,-226.1555668922368,-0.0,-0.0,-0.0,-0.0,-0.0,-0.0,-0.0,-0.0,-0.0,-0.0,-1219.6243034209908,-2033.5653174094375,-1818.001388819201,-0.0,-0.0,1479.3539866955557,-394.03581262432834,-0.0,-425.431947203534,-392.88522828890996,-858.9211193947139,-829.8776266091587,-980.5233707097179,-0.0,-550.3476022791183,-354.6618163370124,137.89398390869803,-0.0,724.5547504528545,-0.0,217.7224462371014,-0.0,-276.24778334488974,-0.0,-323.6815199531726,-1008.7225846534001,-1684.9849925997742,199.1048660390765,-0.0,-0.0,-0.0,-0.0,-0.0,-304.23366690404237,-71.53684680526703,-0.0,-0.0,-0.0,-470.9306184033188,-0.0,-37.166776937866665,-543.6939641462267,-2770.436447120809,-0.0,-1132.3861392587212,-0.0,-516.1298676100567,-0.0,-0.0,37.33370047961026,-0.0,-139.84519547658311,-0.0,-0.0,-0.0,-813.321914865603,-1565.3626425598704,-0.0,169.92973843628252,-2000.4892087144465,-0.0,-62.14427265323099,-229.91952162690723,-0.0,-0.0,-1264.4178071792628,-0.0,-782.2392596112594,-1118.2644644128357,36.95194650948371,-2347.5599986378074,-1460.9601995560763,246.4704086698947,-589.0255778614601,-0.0,-882.9418214396974,-0.0,-0.0,-0.0,-2958.383151548673,-726.9433883572714,-1312.3551583080234,-0.0,-328.46757304403224,-3.3678170235303844,-1108.6200003202825,-1701.3212047896207,64.43979534875399,-2579.6726888364474,-0.0,-1633.385185652692,-2182.9232978549303,-0.0,-0.0,-0.0,-0.0,-2003.2381618813288,-136.77761238809254,-1244.5964530973972,-0.0,569.804094431427,1099.0394520656796,-0.0,-0.0,-773.3243969178072,-748.6339347489771,-282.95325498571077,-16.022161119964952,55.587467549370224,-0.0,-1060.2418156373037,-0.0,-243.14748696411328,-866.1503407227653,1151.5457585975957,-0.0,-0.0,-0.0,851.721667729841,863.2581152713464,-641.1312653812756,-0.0,-1148.3830941837648,-0.0,-947.557235600022,-601.1928113999933,-0.0,-0.0,-0.0,-0.0,-0.0,-48.86361161549723,-0.0,-0.0,-0.0,-990.819181753318,-240.57652868318507,-0.0,-0.0,-0.0,-124.08976766746258,-61.16584150953505,-548.4833153165347,-602.9065146179356,-2072.7418401584055,-940.2726559338909,-836.1280487133765,-0.0,-2307.949281521704,-36.11826743798233,-0.0,-817.3824821795475,-2044.0085051911738,-614.9407184385897,-431.10692264164703,-1090.5525055717192,-228.18411398388005,-567.6797929544284,-661.6895055280589,-916.5996843492657,-221.8018884233814,-1427.3915807744554,13.832289238342446,-325.19881396607354,-0.0,-0.0,-679.5164778990126,-3101.946916537655,-0.0,-803.1034240725204,-438.8607930060834,-0.0,-307.1507768390498,-474.0059125836252,-657.5688429005236,-210.48679617367748,-0.0,-0.0,-0.0,-0.0,-0.0,-36.56868007001606,-0.0,-580.5948604154272,-0.0,-0.0,-557.7289511122046,-890.0420702605734,-2188.13319761394,-373.2487750638492,-531.9984196686177,-85.98606413710328,-1732.9532612225887,-0.0,-690.4267148141788,-451.54450708368313,-383.80050576330433,-1124.4315535838252,-849.1621512472051,-1331.5251302292559,12.937882431309434,-349.2654904919268,-0.0,-930.79232947721,-916.5347580094495,-117.6541348067686,3.1585003404417678,-2149.4060428732155,-963.5283438093284,-564.3155746970632,-0.0,-599.8085195353873,-626.9843525230691,-456.5103101596007,-1842.4172984018492,-3.1330817902386863,-0.0,25.716856895166472,-0.0,-0.0,-187.82505865527358,-3255.469189504326,-156.86970456938897,-1341.5482930852006,-2905.3926419604322,-0.0,-3939.2062686033482,-221.99893826585807,-1718.0688309624934,294.17072134583736,-0.0,1364.3505958563921,-733.5922153745615,-0.0,-1726.3387140616082,-0.0,-60.571233120774416,-36.81726372960912,-0.0,-0.0,-0.0,35.064171735424274,-0.0,-0.0,-0.0,-514.749615998222,-1148.8343134251365,-668.5480273505258,-0.0,-2823.7854823543917,-0.0,-0.0,-0.0,-212.24920469871105,-309.2007933968317,-0.0,-1895.4493864069516,-0.0,-0.0,-2872.5505149719233,-0.0,-21.959855296901523,6.613552793492957,-391.6156546748469,-17.951482902669348,-0.0,-0.0,-205.3548115268214,-0.0,-0.0,-1130.6504521877769,-1058.7562076488964,-1155.2616213622446,-0.0,-261.1821110904687,135.70833332605085,-314.29340668183255,-12839.770862240946,-0.0,-542.9318711067788,-1126.3494322470565,-560.2162632037449,-0.0,-29.05111962049727,-13.306812207104699,-216.35860682594193,-896.0697350406867,-0.0,-0.0,-0.0,-434.61036227289514,-2015.4405209105207,-1221.0771733508636,-0.0,-0.0,-0.0,-245.166972150668,69.5801827412498,-7.097743605367365,-1044.6094010487043,-0.0,-0.0,-853.5497880350739,-0.0,-0.0,-0.0,-2186.127893621263,-894.3071675077892,-0.0,-1018.7379950915216,-508.94691993754464,-196.68666362285984,-557.1802778096719,-962.6507100337859,74.70955347383344,-1054.2135402680926,-984.5253211130239,20.742142977648264,-1596.964719185968,-0.0,-0.0,-0.0,-0.0,-379.79288273961754,-0.0,-0.0,-521.6492762552004,-786.8731123759851,-583.2885598256568,-0.0,1344.8919531457213,1072.676099144564,1166.8998708466181,-0.0,-0.0,-0.0,-772.0887830619389,-34.26607390097091,-698.3300782336962,-65.39965647980608,-525.5001549339613,-1494.0359389851342,-1040.680827063175,-1795.7244008321168,-0.0,-0.0,-0.0,-0.0,-392.65191099738655,-658.6310598297379,-1378.433557048837,-370.27914202785576,-1268.1380402606799,-1457.0515310079725,-1811.724633790432,-0.0,397.2408322009741,-371.3683644889978,-328.22726840333627,-108.00670272473324,-3900.9857986665847,-58.59483095499308,-0.0,-745.1876697632747,-1284.3258724716713,-0.0,-51.35714156567887,116.48025231592564,-71.3357619595316,-418.9883279920281,-1761.7903180762125,-132.34977904286592,-1545.0700455713222,-0.0,-1596.7061582229535,-1630.9143698541493,-1107.1558590748941,-0.0,-1363.3735594016403,-300.13784837783874,-572.641667048509,-944.7327151000293,100.817280372738,-1508.857504848257,-1158.8762823135328,-0.0,-97.90328499680443,-0.0,-0.0,-0.0,-901.0301309204473,-532.7207567264255,-0.0,-0.0,-0.0,-2880.7503673677443,-1541.3636571657046,-0.0,-0.0,-3.3808905676816474,-1306.5926818411308,-738.8207152961185,-0.0,-647.6250028880255,-1104.7418130367744,-444.3566114091963,-20.73293461864979,-862.5715105410375,-6.201350925399732,-1251.7481973672147,-1420.1714223216159,-0.0,-0.0,-33.79687299383534,-0.0,-0.0,-1088.6515717804273,-71.38377047798497,-420.7335560548634,-0.0,-0.0,-0.0,-738.8145217549229,-264.5204647764929,-94.19143529401924,-391.7688078420646,-205.83237739060576,-1739.037448807776,-287.06993513692595,-456.05572847802307,-937.7107412152475,-0.0,-326.55689813378814,-0.0,-1696.6860005522076,-1315.1121081114031,-1356.5989587920906,-347.44328899972305,-210.95064471435046,60.876053019719336,-844.7064755265595,21.34369242354875,-0.0,-396.8299430459667,-0.0,-0.0,-398.5389864952158,-106.58413820471,-2395.6544540973396,-2499.605778734662,-463.34017015146134,-0.0,-0.0,-793.6945343286608,245.58428814060454,-0.0,-0.0,-0.0,-919.0821779845406,-41.49889244226181,-436.92846649534204,-3305.105933055344,-1223.7142297863259,-977.8348690477904,-362.1268167276838,-157.03541633419403,-1047.4745560095382,-603.071306004854,-460.47249495919084,-0.0,-579.657642504301,-553.500713274803,-1640.8147217440212,-0.0,3.7004607307989086,-11.060030946464366,-0.0,-0.0,-1489.062373864983,-0.0,-3343.5570625148066,-1054.9510831780042,2008.2050602260913,2492.1074870134776,-0.0,-0.0,-646.9292625727456,-895.3914978923327,-499.66535669396035,-291.6174710521078,-2683.9512008060274,-551.1358660984278,-0.0,-0.0,-0.0,-1009.987998168187,-617.6258871037846,-159.6608435657344,-2007.989753183662,-1011.6307852093032,-23.394420591651343,-357.7951653878922,-963.2356271142528,-245.15715314866128,-444.10505147925284,-0.0,-55.49950370634774,43.94060147889769,-839.4835687153277,-133.7518205303968,-0.0,59.836682005042675,104.7195209864574,-157.52023244820063,-1086.6881758927698,-1770.806382445868,-50.93553102019091,-764.5071628071291,-1255.4766064713215,-0.0,-0.0,-599.2599339619046,-0.0,-0.0,-0.0,-0.0,-588.0844094646735,-19.49436956029428,-1205.7512614865263,-1122.6796756474423,-2097.8698265908906,-1087.383491521146,-0.0,-539.8010504659841,-0.0,-1258.5656455175197,-1493.1863792690583,-1118.5369223068517,-839.8396185033811,-0.0,-1808.8323430994549,-0.0,-0.0,-0.0,-2852.3277426903405,-1038.8391050005516,-245.580044157621,-800.9278805484864,-731.256969206906,-753.2796419482361,-0.0,-0.0,-0.0,-36.4795769302664,-4273.182353405363,-600.0552811831367,-1741.719312788792,-3178.7568771658066,-1882.71764010092,-373.80087439999954,-0.0,-1484.9999284532867,-648.2827902860656,-0.0,-296.33526662063144,-323.82135008544975,-33.37410714298737,-895.5480403677582,-220.22434496293945,1199.4710142860672,-373.37407966984557,-0.0,-0.0,-857.7332205341545,-731.8203977753349,-2157.9519375662912,-237.01882719839747,-0.0,-0.0,-459.9708256990401,-0.0,-0.0,-0.0,-0.0,-1116.9855112441765,-573.3578270999717,-1182.3072140195775,-399.3737235088181,-3.200156558175283,-610.6970829225108,-0.0,-0.0,-0.0,-0.0,-2128.7664363642602,-0.0,-0.0,-0.0,-0.0,-0.0,-0.0,-646.4643749136515,-0.0,-2216.102753601757,-450.50606985753313,-195.81724204649925,-1071.2886177790926,-0.0,-0.0,-1222.9095876952092,-1191.1418811731382,-3.180423646596585,-410.57607268889086,-48.47207282266096,-1618.5004159311009,-781.732376023128,-0.0,-3319.128038730285,-1103.5733697718733,-0.0,-0.0,-12.55614207023996,-353.32261584545785,-1020.7857270459539,-0.0,-0.0,-20.457111029673033,-1265.862821693702,-500.44155715926826,-282.6957184943644,-62.624432927742234,-1580.219892791157,-0.0,-0.0,-0.0,-0.0,-0.0,-477.39132888368727,-416.06507596769256,-495.5904476421137,-3710.680463870491,-1407.6185378219873,-1075.0024275743713,-84.9002518121637,-936.4762354327855,-941.4896842288646,6.3514751772238185,-0.0,-0.0,-0.0,-504.0781956020212,-381.70235313944255,-1518.9627603236722,-506.1299727783284,-0.0,-1387.6787645451654,-0.0,-593.7245522402746,-0.0,-0.0,-1706.5702470269941,-461.1137835154429,-482.89532338653646,-1246.624948198561,-103.29352238835061,-10.30612382797116,-601.3018996591253,-1236.321519743067,-0.0,-390.3848081519858,-1052.8643172915044,-3354.505639464097,-0.0,-247.48018186923406,-1792.1441412929055,-1155.433117523001,-1097.6350886149166,-428.6101888567084,-1010.8666298079906,-0.0,-293.64793442142576,-0.0,-215.58213466738832,621.8340821337941,-0.0,-0.0,849.7383119796935,-0.0,-1888.8687746048495,-623.6258743543555,-932.4686666068357,-1002.7496100888395,-1289.7242722423816,-312.7529080409628,-124.08593994598628,-0.0,-0.0,-749.2668364300955,-923.6071207564911,-668.4992368686487,-0.0,256.4821286316772,286.0381467052334,-197.5182597134441,-2347.5667086064173,-1797.1779986443785,-0.0,-0.0,-1213.2425898176314,-3313.564646918027,-2244.0709324722798,-440.710988117097,-904.9739453626617,-950.6679319178629,-0.0,-183.503256393073,-0.0,-529.3064824080597,-221.73216784634312,-1406.7081305250206,-2260.219120597946,-272.9990899995564,-451.43503792917033,-3902.523270397583,-1215.4856987182495,-483.4952216034182,-214.3899341211262,-1300.7383936780307,-627.7510352437652,-3.406416039918467,-1339.7134351290958,-1346.4381390619278,-0.0,-0.0,-604.243113341725,-1102.5499956043998,-296.5658316055132,-3.27956913311538,-0.0,-0.0,-0.0,-0.0,-0.0,-32.04714971997822,-649.0858861646022,536.5315246777496,-382.4545013559862,-744.9894038051447,-444.10362786577684,-820.1583686582703,-1353.9688805389071,-1024.6663065233852,-1421.1744788919684,-229.16590187416966,-511.13110439104304,-1328.554900210031,-608.4311936158281,-0.0,2443.6146200183093,-229.44792101813093,-62.867909761015696,-0.0,-861.6505652861838,-540.3831304300778,-1252.321208442782,-1541.024511692713,-2053.720615949944,-0.0,-0.0,-0.0,-0.0,-932.3730252877593,-1369.2123552833157,-0.0,-773.2420618030978,-6.7993754895188445,-0.0,-0.0,-0.0,-2356.3289397107756,-742.894737878652,-150.88933198226562,-44.653082865734774,-0.0,-0.0,-1070.149310007758,-1222.2846703596315,-675.9581956117955,440.5088150609361,26.739624796522317,-0.0,-18.732488869845934,-0.0,-1295.1386505580117,-448.07881217638004,-1170.7586972154943,-1408.7556298688146,-1463.8995753988181,-36.34622069527608,-0.0,-0.0,-1705.188735640598,-305.6996321673977,-0.0,-0.0,-183.98476903434562,-0.0,-36.50360010672533,-0.0,-1204.8243944366577,-686.6465753909556,-0.0,-63.100595929959354,562.7479501738733,-0.0,-170.29843117429155,-2123.823073836042,-0.0,-0.0,-633.5060096534428,12.589108726466014,-0.0,-0.0,-670.1263177145066,-1220.7142164451625,-0.0,-724.1949726925719,-0.0,-959.5771079527302,1452.1029914218216,21.636108024917192,-1446.9427025522893,-1576.950723343216,938.048424928776,-0.0,-1953.7350168691726,-656.652442963236,-818.5395415058764,-0.0,-536.0658020102129,-114.16158081129531,729.9546391066116,-359.25416604177286,-1285.9986515024912,-0.0,-0.0,-0.0,-764.9658952192684,-527.2046024645996,-659.1407086618904,-808.0406583679505,-972.1148891335417,-23.861173803863135,-952.8269672660706,-902.4423378583728,-1134.0890888468543,-0.0,-0.0,-424.0434131396556,637.8853517225706,-5613.229127080646,-0.0,-1061.1205854156226,-1636.253771178824,-773.6507527666045,-689.4010337304612,-55.26842500451683,-2334.6918946111978,-322.2508215662226,-0.0,-909.9627874752083,-726.9844342411172,-555.7494033680717,-0.0,-1270.3129248186085,-1668.8821834677585,-24.73969179928148,-982.1798355980457,-2278.7209093431297,387.62909670844124,-0.0,-364.4302788406741,-137.29761426689277,-1037.3744959500348,-863.6698774987161,92.33932247231314,-103.47225864921388,-727.6326811098888,-413.782133479903,-468.36981873479954,-577.0495760469964,-467.26524608176476,-0.0,-1171.6610097321018,-0.0,-989.354803630725,-576.2654611323687,-133.18677022530156,-0.0,-1427.5141228380837,-4146.1328567640185,-0.0,-374.8566443424946,-0.0,-2162.0771816718157,-204.5463152805874,-0.0,-337.86510404433506,-368.52468597520703,-0.0,-1844.0788809098924,-1315.5249772335499,-0.0,-3623.5852625023617,-102.44027731669046,-1101.322206055881,-1212.6773192959108,-1493.912913306405,-97.80312559310262,-0.0,-818.0710977420613,-1823.334354890336,-494.36186876450273,-857.5834907065237,-932.6748757666331,-1510.8902970798433,-2061.019365432819,-826.0522650135272,-1579.8109185942278,53.02762672858335,-0.0,-249.4748801921498,-1077.74562621257,-916.7372278887186,-0.0,-0.0,-0.0,-359.1168440803235,-422.4326523633519,6.4190525636470595,-498.84415033534606,-0.0,-1013.2847108716998,-631.7513540205132,-511.0154896393083,-0.0,-0.0,-247.85065786939427,-1350.4038218532314,-856.2541644894662,-265.1508317981168,-780.9941140425932,-28.816357628086966,-0.0,-0.0,-2664.0303549365844,-961.5809377045128,-0.0,-0.0,-0.0,-75.4222109433428,-905.9958703100483,-43.034896503197025,-1527.9524969189217,-1482.5095860378399,97.94656642341458,-0.0,-497.2465337819192,-0.0,576.1212475396012,-109.08767542279504,-0.0,-1377.1925515200996,-269.47669409410014,-1523.8882218808535,-0.0,-1300.3237690714443,-513.060151949214,-169.40492917792304,-10.59327311543973,-30.81558231386975,-0.0,-0.0,-601.941118828247,-1109.5199911139136,-0.0,-459.1829724425409,-0.0,-299.8288274577852,-450.2633624265531,-0.0,106.74250021907089,626.1910760099007,594.9650647760053,725.3860671613735,639.4872664631168,676.1485142883714,-0.0,-0.0,-0.0,-0.0,-0.0,71.04647270658153,-0.0,-0.0,-473.33094792012736,-130.1899814271525,-416.19123489317633,-74.89282210506624,-0.0,-791.6194379033155,-1356.771693165953,-1467.049066181625,-203.7091410379657,-176.97761517409228,-0.0,-0.0,-545.9977737282219,-0.0,-0.0,-0.0,-0.0,-2511.063845297261,-0.0,-36.63038461583003,766.3653080354568,-0.0,-894.5231923520214,-471.3159948194481,1329.0561785201285,-743.1846274557968,-0.0,-2684.453899210832,-1745.6043305853239,-170.3859811113741,-719.3411742610248,-1125.1196691506304,-471.6074019835946,1002.1126401507609,-65.3327126608534,-492.2957337279084,-0.0,-0.0,-434.85074447235434,-0.0,-662.6883393251189,-0.0,-387.24050962366147,-31.426551335234986,-0.0,-0.0,-934.3690190020525,-0.0,-0.0,-439.84110008592364,-1071.3673232925883,-1561.0576396778906,-0.0,-0.0,-0.0,-1440.8011629807106,-0.0,-955.197393138983,18.90527461711809,-0.0,-0.0,-990.2984723637599,-756.2219993007299,-1072.9127475484277,-317.27427761505226,-0.0,-1154.2580099297863,-233.3088503539423,-0.0,-0.0,3.2989645016997584,-31.770646661119187,-3858.5626025250604,-0.0,-99.27748412015224,-26.247625094715023,358.9000331763934,-71.26093979805901,-828.2044719502244,-752.6574396365928,-374.1474515023203,-0.0,-0.0,-1494.371333043362,-0.0,-0.0,-0.0,-0.0,-0.0,-0.0,-0.0,-140.32963376599253,-0.0,-0.0,-1664.477774810001,-6069.328586224911,-98.20416685750683,29.41343165287975,-374.61577968920653,-592.2802802269775,-94.39425660255459,-3673.3513248653826,-224.9794921607903,-256.5641171197452,-0.0,-0.0,-0.0,-1690.6763347748508,-0.0,-32.477886202258844,-0.0,-0.0,-0.0,-405.9105145960983,-9.641870090904561,-230.62594772202553,-1239.7162352005707,-536.6545595375189,-61.75139398045306,-2154.426437619779,-0.0,-71.82811189398517,-1827.77939648253,-0.0,-929.9281297507652,-63.31900431341289,-1302.7487317212635,-0.0,-0.0,-912.120205743322,-504.8978248474767,-28.978077594543013,-722.7470391498666,-694.8542343543469,-593.028657399423,-141.25856411981786,-584.0220485141597,-610.595311211407,-1891.4413576786683,-856.4394171802076,-0.0,-1306.9610383509844,-305.863154445965,-574.2698515477466,-0.0,-0.0,-845.4266055699995,-1966.780259056525,-702.7781349323907,-0.0,-0.0,-0.0,-3348.063290672293,-682.8070523257456,-164.37874239804566,-281.2585598178581,-35.68808226386525,-3095.3711329076373,-0.0,-0.0,-1906.8903310180965,-716.8479680561621,-0.0,-0.0,-0.0,-70.2944073403289,-0.0,-1584.2574354827639,-1513.6915884319224,-0.0,-280.5025690222318,203.55333398819155,-0.0,-0.0,-0.0,-846.1190571668412,19.959993033942695,-2034.139867536379,-469.505916020418,-948.0275061082807,-572.322445686919,-2998.920471128516,-1381.0008083757812,180.44051298134983,-0.0,-2618.8327349882125,-0.0,-0.0,-0.0,-1072.802326500369,-633.304306771841,-1302.8989674770116,-0.0,-0.0,-734.7391534560408,-1266.2450031552219,-572.4800180629958,-414.50414042148736,-0.0,-0.0,-1086.2347141483172,-0.0,-0.0,-0.0,-0.0,-0.0,-0.0,-464.8937364459264,-63.34766334241591,-1116.5655106169029,-0.0,-576.82837069486,-1016.0701630296419,-28.69978246947292,-0.0,-0.0,-0.0,-0.0,-0.0,-0.0,-0.0,-0.0,-0.0,-0.0,-971.5139753899815,-1666.7295993748637,-0.0,274.46491179569074,-0.0,-565.6193304397717,-83.44313092557478,-0.0,-637.0002762195679,-369.5916801368829,-73.17838675198524,-1667.6806055759264,-420.0319164338767,-2411.047898872573,-148.20571614877332,-1871.3246537861498,-1529.4794389927615,-752.51990229182,-3.6754850979908666,-0.0,-941.6173327666141,-1838.9670647154692,-2075.3978759932993,-64.73427595524488,-199.8003333959427,-1461.0684934552467,-0.0,-2224.9771315446324,-332.00133873151657,-0.0,-1430.8601387597355,-0.0,-679.1575113450185,-0.0,-2093.8005794858323,-0.0,-0.0,-75.20401236937198,-883.2862763062084,-460.43139220059777,-0.0,-1176.558710388068,65.42623554259323,310.13312442140955,293.331180216632,-228.34668351196353,-1454.2040781737144,-511.9630585882619,-0.0,-0.0,-4502.804247011462,-943.7020506487909,-0.0,403.8123350371002,-0.0,-1631.4607529395746,-433.56253180976853,-590.4164281937668,-0.0,-0.0,489.1042844703997,-0.0,-740.4245081267703,-1045.5507749006488,-1577.364720348285,-0.0,-511.8102334781893,-2625.040071846239,-844.7315716843433,-0.0,-1193.1321306993445,-112.18318271328238,-991.6091921628212,-0.0,-800.3617943740713,-0.0,-0.0,-0.0,-749.0467145387269,-0.0,444.4055186896954,-0.0,-324.9138772720962,-634.6218209827043,-371.5288837395667,-881.4847403243306,-530.7795502094707,-1539.5427048128133,-1025.4857347699694,-0.0,476.96311593667053,-1988.8372691315728,-1356.3305816247962,-594.3452744221574,-0.0,-0.0,-0.0,-125.03051652409805,-924.843740649158,-254.3736266966011,-711.8254983983766,-1766.0666579919273,-2442.4706994843555,119.99867597680623,681.7708895286763,588.3564124502407,-0.0,-0.0,99.7162853547278,-26.779119995309276,7963.8575969626945,9345.880102533467,4846.491807251365,9021.222335761953,8790.855197919287,8075.949929865798,-0.0,-0.0,-0.0,-0.0,-0.0,-1219.9196444497532,-1167.0254744899291,-787.533268479417,-0.0,-2019.8911856173384,-508.0216313943294,-883.3944354292222,-27.676520232528468,-605.6694572688732,-1159.7635197666673,-911.2944790037839,-1014.5979969643533,-0.0,-2505.656362647115,-1555.5851055617875,-564.1985172330802,-102.86462680492492,-2785.124476008155,-0.0,-189.13374575324312,-0.0,-9.55896413750239,-0.0,-95.85491359768595,-242.58472460065894,-920.7825543696156,-707.87391141418,-0.0,-0.0,-0.0,-2005.6337539125655,-0.0,-0.0,-210.71603385250432,-851.4231194662829,-879.6559725853152,-72.85152723833899,-1084.4673924761423,-1491.4091609237016,-271.27860395989137,-0.0,-0.0,-96.37067569408742,-1035.6613592570213,-279.35649787871137,-0.0,-4784.513551134849,247.8085034209557,-0.0,-0.0,-0.0,-29.872562397736452,-372.0441382986135,-0.0,-0.0,-1029.316938135532,-1943.0335492102747,-1089.136880278593,-335.31592388396905,-380.69985620045577,-406.8649536195773,413.24746581024374,-1168.5457042573278,-0.0,-474.7455755841713,-2250.9462744058537,-417.7072399379768,-7.369068870186836,-0.0,-4.549256839562618,-0.0,-0.0,-0.0,-1040.2614589026975,-342.729185315149,-1173.3880893456392,-0.0,-0.0,-0.0,-221.29699057042643,-442.1801315678052,-1233.0660181715268,-2420.352992594233,-324.4719313988441,-167.01178099951508,-0.0,719.0693224505472,-0.0,-996.3088806107309,-137.23264993726315,-0.0,-0.0,846.0029903009845,-0.0,-1351.3893436920737,-0.0,-0.0,-0.0,-170.8508241822725,-1721.7342223825274,-1426.7924298753276,-22.319208560951925,-1978.2727121102123,-1325.4091724742505,-22.648406288283066,-22.291427295216554,-62.75867496296698,-0.0,-0.0,-1751.4371636007972,-0.0,-4915.559729534572,-0.0,-1302.399509307958,-225.3400894820081,125.54751271488456,-0.0,-48.28016454952974,-1145.257702772556,-1292.6132194917834,-456.49530215746194,-30.878384393112114,-222.9381162834452,-0.0,-0.0,-0.0,-0.0,-1043.0608603931034,-750.0093478777951,-0.0,-493.01550106917836,-1076.6185741083493,-157.80763640334587,-65.54210813194213,-0.0,-0.0,-0.0,813.4753532042953,-3.4411401198153104,-0.0,-444.61617946585994,-733.5671033790522,-1215.2230766192374,-0.0,-0.0,-2053.054396003053,-0.0,-0.0,-0.0,-0.0,-567.4454787676771,859.2273589267962,912.4271308979202,1039.4755527262612,-0.0,-0.0,-0.0,-507.55544362723526,-0.0,-0.0,-313.3409432240925,-569.6154747565492,-0.0,-159.22623605345493,-1174.741008389693,-1119.0051164825427,-0.0,-0.0,-0.0,-9.427245844400087,-1253.2308358348507,-3.1539506611816925,374.894450839099,-0.0,-1468.0264151354943,-754.3666197086502,-519.388668504485,-1435.0868872049066,75.59210833505527,-226.81658330437403,-17.212978801928436,-379.80038790882844,-361.7722602151095,-927.9771468463174,-320.3610635033096,722.2402495819875,-1107.1658174225986,-189.9317625326879,-142.23719091399693,-3398.492359008957,-2072.445422544149,565.069873387019,-842.922538063506,-160.59535090911942,6.8096703162676375,-634.9618225702118,-893.0408025614913,1570.188043528496,-554.229770815381,-584.3313885590363,-599.541362647456,-0.0,-5863.263861182976,-0.0,-443.2843865291218,-789.7011199158552,-561.1426584121301,-787.6607722998386,-1060.3968814603033,-0.0,-826.7015477648965,-137.6887430458173,-70.91650684655826,-6100.934451884646,516.665325516928,-145.24116547196826,-0.0,-509.9650605441207,-1101.380371078555,-0.0,-0.0,-426.0442692496617,-1549.8588343641793,-62.45636185794178,-195.03500938448664,-229.51118016796943,-1042.8828616861167,-0.0,-0.0,46.20262228808844,-0.0,-0.0,-1511.371505079973,-0.0,-1546.6802532707688,-827.4200641944643,-1106.1613673979825,-0.0,-0.0,-448.69091543214165,-766.2002534424339,-110.8508768858384,-0.0,-399.54644574094084,-127.24460807729172,-443.5636397127546,-0.0,-182.28686130922992,-429.0951451866004,-1938.656967543535,-840.0260246473189,-1206.869427740909,-0.0,-0.0,-1229.0908678325252,-15.778064141988283,-0.0,-0.0,-991.3378923652837,-0.0,-0.0,-0.0,-0.0,-0.0,-0.0,-0.0,-0.0,-0.0,-0.0,-93.35849172236276,-0.0,-0.0,-0.0,-0.0,-0.0,-0.0,-0.0,-0.0,-0.0,-0.0,-0.0,-272.9440443846218,-0.0,-0.0,-0.0,-0.0,-0.0,-0.0,-0.0,-0.0,-0.0,-0.0,-0.0,-0.0,-0.0,-0.0,-0.0,-0.0,-0.0,-0.0,-0.0,-0.0,-0.0,-0.0,-0.0,-0.0,-0.0,-0.0,-0.0,-0.0,-427.12761527743504,-0.0,-0.0,-0.0,-0.0,-0.0,-0.0,-0.0,-0.0,-0.0,-0.0,-0.0,-0.0,-0.0,-0.0,-0.0,-0.0,-0.0,-0.0,-0.0,-0.0,-0.0,-0.0,-0.0,-0.0,-0.0,-0.0,-0.0,-0.0,-0.0,-0.0,-0.0,-0.0,-0.0,-0.0,-0.0,-0.0,-0.0,-0.0,-0.0,-0.0,-0.0,-0.0,-0.0,-1227.8272661699516,-459.06716675601183,-1602.9169784430703,-0.0,-0.0,-0.0,-0.0,-0.0,-0.0,-0.0,-0.0,-0.0,-0.0,-0.0,-0.0,-0.0,-0.0,-0.0,-0.0,-0.0,-0.0,-0.0,-0.0,-0.0,-0.0,416.92492971291296,-0.0,-0.0,-0.0,-0.0,-0.0,-0.0,-0.0,-0.0,-0.0,-0.0,713.6343674954471,-0.0,-0.0,-0.0,-0.0,-0.0,-0.0,-207.1606139435715,-0.0,-0.0,-0.0,-0.0,-0.0,-0.0,-0.0,-0.0,-0.0,-0.0,-0.0,-0.0,-0.0,-0.0,-0.0,-0.0,-0.0,-0.0,-0.0,-0.0,-0.0,-0.0,-0.0,-0.0,-0.0,-0.0,-0.0,-872.1201326632081,-0.0,-0.0,-0.0,-0.0,-0.0,-0.0,-0.0,-0.0,-0.0,-0.0,-0.0,-0.0,-0.0,-0.0,-0.0,-0.0,-0.0,-0.0,-0.0,-0.0,-0.0,-0.0,-0.0,-0.0,-0.0,-0.0,-0.0,-0.0,-0.0,-0.0,-0.0,-0.0,-0.0,-0.0,-0.0,-0.0,-0.0,-0.0,-0.0,-0.0,-0.0,-0.0,-0.0,-0.0,-0.0,-0.0,-0.0,-0.0,-650.8790005876103,-0.0,-0.0,-0.0,-0.0,-0.0,-0.0,-0.0,-0.0,-0.0,-0.0,-0.0,-0.0,-0.0,-0.0,-369.9533719897764,-0.0,-0.0,-199.1167941985446,-0.0,-0.0,-0.0,-0.0,-0.0,-0.0,277.1469287975457,-0.0,688.7321917126017,-0.0,-0.0,-0.0,-0.0,-0.0,-0.0,-0.0,-0.0,-0.0,-0.0,-0.0,-0.0,-0.0,-0.0,-0.0,-0.0,-0.0,-0.0,-0.0,-0.0,-0.0,-0.0,-0.0,-0.0,-0.0,-0.0,-0.0,-0.0,-0.0,-0.0,-0.0,-0.0,-112.85840902428413,-0.0,-0.0,-0.0,-0.0,-0.0,-0.0,-0.0,-0.0,-0.0,-0.0,-0.0,-0.0,-0.0,-0.0,-0.0,-0.0,-0.0,-0.0,-0.0,-0.0,-0.0,-0.0,-0.0,-0.0,-0.0,-724.6117086022398,-0.0,-0.0,-0.0,-0.0,-0.0,-0.0,-0.0,-0.0,-0.0,-0.0,-0.0,-0.0,-0.0,-0.0,-0.0,-0.0,-0.0,-0.0,-0.0,-0.0,-0.0,-0.0,-0.0,-0.0,-0.0,-0.0,-0.0,-0.0,-0.0,-0.0,-0.0,-0.0,-0.0,-0.0,-0.0,1048.556505099204,-0.0,-270.46815904499414,-0.0,-0.0,-0.0,-0.0,-0.0,-0.0,-0.0,-0.0,-0.0,-0.0,-0.0,-0.0,-0.0,-0.0,-0.0,-0.0,-0.0,-0.0,-0.0,-0.0,-0.0,-0.0,-0.0,-0.0,-0.0,-0.0,-0.0,-0.0,-0.0,-0.0,176.62172084021825,-0.0,1723.0458613897808,-0.0,-0.0,-0.0,-0.0,-0.0,-0.0,-0.0,-0.0,-0.0,-0.0,-0.0,-0.0,-0.0,-0.0,-0.0,-0.0,-0.0,-0.0,-0.0,-0.0,-0.0,-0.0,-0.0,-0.0,-0.0,-0.0,-0.0,-0.0,-0.0,-0.0,-0.0,-0.0,-0.0,-0.0,-0.0,-0.0,-0.0,-0.0,-2037.2086175997626,-1211.161639402,-0.0,-0.0,-0.0,-0.0,-0.0,-0.0,-0.0,-0.0,-0.0,-0.0,-0.0,-0.0,-0.0,-0.0,-0.0,-0.0,-0.0,-0.0,-0.0,-0.0,-0.0,-0.0,-0.0,-0.0,-0.0,-0.0,-0.0,-0.0,-0.0,-0.0,-0.0,-0.0,36.06756216983784,-0.0,-0.0,-0.0,-0.0,-0.0,-0.0,-0.0,-0.0,-0.0,-0.0,-0.0,-0.0,-0.0,-0.0,-0.0,-0.0,-0.0,-0.0,596.9385070547604,-0.0,-0.0,-0.0,-0.0,-0.0,-0.0,-0.0,-0.0,-378.4293458403577,-0.0,-0.0,-0.0,-0.0,-0.0,-0.0,-0.0,-639.0745076056049,-0.0,-0.0,-0.0,-0.0,-0.0,-0.0,-0.0,1869.4802984104374,-0.0,-0.0,-0.0,-0.0,-0.0,-0.0,-0.0,-0.0,-0.0,-0.0,-0.0,-693.7111927745171,-0.0,-0.0,-0.0,-0.0,-0.0,-0.0,-0.0,-0.0,-0.0,-0.0,-0.0,-0.0,-0.0,-0.0,-0.0,-0.0,-0.0,-0.0,-0.0,-0.0,-0.0,-0.0,-0.0,-0.0,-0.0,-0.0,-0.0,-0.0,-0.0,-0.0,-0.0,79.10220110365026,-0.0,-0.0,-0.0,-0.0,-0.0,-0.0,-0.0,-0.0,501.2831587696557,-0.0,-0.0,-0.0,-0.0,-0.0,-0.0,-0.0,-310.56063152310463,-0.0,-0.0,-0.0,-0.0,-0.0,-0.0,-0.0,-0.0,-0.0,-66.31630200848096,-0.0,-0.0,-0.0,-0.0,-0.0,-0.0,-0.0,-0.0,-0.0,-0.0,-0.0,-0.0,-0.0,-0.0,-0.0,-0.0,-0.0,-0.0,-0.0,-0.0,-0.0,-0.0,-0.0,-0.0,-0.0,-0.0,-0.0,-1535.9570472508296,-0.0,-0.0,-0.0,-0.0,-0.0,-62.41923281185293,-0.0,-0.0,-0.0,-0.0,-0.0,-0.0,-0.0,-0.0,-0.0,-0.0,-0.0,-0.0,-0.0,-0.0,-0.0,-0.0,-0.0,-0.0,-0.0,-0.0,-0.0,-0.0,-0.0,-0.0,-0.0,-0.0,-0.0,-0.0,-0.0,-0.0,-0.0,-0.0,-0.0,-0.0,-0.0,-0.0,-0.0,-0.0,-0.0,-0.0,-0.0,-0.0,-0.0,-0.0,-0.0,-0.0,-0.0,-0.0,-0.0,-0.0,-0.0,-0.0,-0.0,-0.0,-0.0,-0.0,-0.0,-0.0,-0.0,-0.0,-0.0,-0.0,-0.0,-0.0,-0.0,-0.0,-0.0,-0.0,-0.0,-0.0,-0.0,-0.0,-0.0,-0.0,-0.0,-1144.2453725024804,-0.0,-0.0,-0.0,-0.0,-0.0,-0.0,-0.0,-0.0,-0.0,-1612.7457341365114,-0.0,-0.0,-0.0,-0.0,-0.0,-0.0,-0.0,-0.0,-0.0,-147.32614587508803,-0.0,-0.0,-0.0,-0.0,-0.0,-0.0,-0.0,-0.0,-0.0,-0.0,-0.0,-0.0,-0.0,-0.0,-0.0,-0.0,-0.0,-0.0,-0.0,-0.0,-0.0,-0.0,-0.0,-0.0,-0.0,325.65550128391806,-0.0,-0.0,-0.0,-0.0,-130.20138050567584,-0.0,-0.0,-0.0,-0.0,-0.0,-0.0,-0.0,-0.0,-0.0,-0.0,-0.0,-0.0,-0.0,-0.0,-0.0,-0.0,-0.0,-0.0,-0.0,-0.0,-0.0,-0.0,-0.0,-0.0,-0.0,-0.0,-0.0,-0.0,-0.0,-0.0,-0.0,-0.0,-0.0,-0.0,-0.0,-0.0,-0.0,-0.0,-0.0,-0.0,-0.0,-0.0,-0.0,-0.0,-0.0,-0.0,-0.0,-0.0,-0.0,-0.0,-0.0,-0.0,-0.0,-0.0,-0.0,-0.0,-0.0,-0.0,-0.0,-0.0,-0.0,-0.0,-0.0,-0.0,-0.0,-0.0,-0.0,-0.0,-0.0,-0.0,-0.0,-0.0,-0.0,-0.0,-0.0,-0.0,-0.0,-0.0,-0.0,-0.0,-0.0,-0.0,-0.0,-0.0,-0.0,-0.0,-0.0,-0.0,-0.0,-0.0,-0.0,-0.0,-0.0,-0.0,-0.0,-0.0,-0.0,-0.0,-0.0,-0.0,-0.0,-0.0,-0.0,-0.0,-0.0,-0.0,-0.0,-0.0,-0.0,-0.0,-0.0,-0.0,-0.0,-0.0,-0.0,-0.0,-0.0,-0.0,-0.0,-0.0,-0.0,-0.0,-0.0,-0.0,-0.0,-0.0,-0.0,-0.0,-0.0,-0.0,-0.0,-0.0,-0.0,-0.0,-0.0,-0.0,-0.0,-0.0,-0.0,-0.0,-4592.240118723301,-44.6555227609272,26347.99940701026,-2957.7221743048335,-3286.824555749691,71402.93234583054,-0.0,-5454.3742582720615,705.4353548236612,1507.4314092196255,-21707.017860175652,-0.0,-4205.216006785486,-0.0,-0.0,28716.963680609093,-10615.255093226127,3286.762392887451,5355.313729389031,-3862.7010668908347,-20753.53497000406,-7911.363272452349,48.39909753710863,-84.80973232824206,-5877.65266841563,-0.0,-11016.534225090756,-16835.934698529985,13189.379719121363,-481.9118753160189,6.891428945518579,38903.47156935863,-2659.8118559127565,-91988.79866867156,-2613.434832894854,-18694.676272632576,-14324.20735561701,-5432.4069739540455,-4879.00155273149,-12476.050865278143,9988.176584767472,-2010.8606831485324,-3564.2715136005745,-3111.4215415856897,-10693.140173837668,6104.196690253596,33393.14203801649,-727.530346964522,52.766805552845156,17436.45453606673,4768.440529699087,-461.96946320427304,13011.800929829307,6777.267933697984,-4742.766479981773,-6666.478632198458,-3378.186516221185,348.28668375977867,-0.0,-0.0,-233.98207314771673,-7082.302390332315,-2864.617785958831,-2625.457224138154,-1312.1034689176777,-4008.872339691289,8193.464445579833,3670.5104414875314,-7156.414393203884,17457.64704186164,-17768.12148270753,-28253.406847042606,65016.32863286438,-18151.62552568467,-7426.799114085887,-1907.6968924827504,-3054.511413465606,-4795.739434926094,-4700.462582383284,-30427.50784668933,-0.0,-11144.046771342208,-0.0,2499.0922102598006,-0.0,-0.0,-11559.261032190248,-1171.5805979387906,-0.0,-0.0,3302.276391052504,-0.0,-0.0,-0.0,-6141.000307553397,-3804.496939061065,-6318.217126879918,-7348.180650834889,7426.426875019435,-0.0,-24659.234754575176,35045.10017286422,-0.0,-0.0,-15742.331270805971,-9350.914798777174,149.8160860659044,42.95978198843826,-0.0,48755.75019672056,-0.0,-0.0,-0.0,-0.0,44555.24101894715,-876.7115950021714,-0.0,-8454.489783418137,-0.0,-5453.415773515115,-1121.6121774864364,-2900.526070858921,-14128.218274480956,10254.226395834958,-1212.7807197307175,-7475.835438644125,-0.0,-0.0,-4029.513642449213,-5606.554075302271,-9267.801600750803,46256.91903162804,-0.0,-163.50546182138947,10708.740053056672,3186.9108892231725,-1598.5392602394807,658.8982667169837,4366.903536624732,-2936.4058445363917,-77.68122354367384,-15567.840510703674,391.1876096642962,11915.219396568571,-624.3355135209747,10513.830190045337,43943.37541313044,2339.329026774826,-59.927024963343406,7700.6875790615995,-1603.4323585150864,-6737.801932986181,-7780.463938632009,-14291.086671955176,-0.0,5569.837507839601,14358.37766203663,21988.696587357055,-9041.161359292882,6104.82976651255,7793.604833527761,-7809.27286686824,14627.512706204996,-12855.50261669683,-0.0,3952.541976943194,-10416.548902598559,-15919.196791649592,-6663.949501463255,19632.758134806114,2815.0470833938057,-0.0,-4811.300852175913,-0.0,-2357.1644936345974,82.55551206845912,-3365.7955639705833,-0.0,175.5460682156679,-243.91757896383,-18472.228344904102,-11645.69453283635,20011.397973357703,-6823.6458143372165,3183.7213707551414,5497.653424962025,-6360.504497353855,-4481.134710509541,-10114.046739129171,-0.0,-1803.172427840418,-1449.489742101764,-0.0,939.1662188998614,-349.9058717102409,-0.0,-0.0,-11714.271084534152,-2597.164544495296,2592.915130396961,-3823.5864869270267,-0.0,-0.0,-0.0,51216.03675477167,19458.103328310972,-0.0,105.78791687506929,10712.689909738503,-0.0,-3692.3155517757486,-2208.37657976809,-0.0,-3558.2898465333487,-6766.352632220954,88813.10707296341,-9970.048933133194,-6909.149519393346,-26326.46666746672,-0.0,1260.863715162865,2745.2424968834634,-8515.174484390463,25929.502424893726,-6124.056521520029,-31616.2968811247,-11491.153527728717,-7901.219448503575,-0.0,1182.128738016367,-3970.509759095647,19490.74172516983,-137.88851138930917,-351.0646926081404,-9315.616569091104,-7903.732664895595,24289.00485310749,-0.0,-1812.609818592632,696.2059712659311,-0.0,-0.0,-0.0,-0.0,-0.0,-0.0,-0.0,-0.0,-0.0,-0.0,-0.0,-0.0,-0.0,-0.0,-1635.3182141903453,-0.0,-0.0,2889.782167193708,-11866.222183976459,-542.5876251761758,-7854.996940972959,20051.349388355284,7562.490758076582,-3422.053778368515,2921.155829387364,32740.568930069854,-0.0,-0.0,-3842.946562127867,2409.33996858824,-5829.750456275087,-7993.082473638161,-0.0,-32.637841178944086,7654.189374934672,-4315.325755782596,-2252.582821661588,2972.0753758768246,-21647.196018696257,25412.31023351605,-5262.8989323425385,-945.1349918593022,12459.789588134387,-0.0,-0.0,-0.0,-0.0,-0.0,-0.0,743.0179624562735,40000.150329899356,-7693.828517309987,-9403.515164074965,-7275.168126681253,-0.0,-7904.707912041142,-11300.909422505727,-0.0,-0.0,-0.0,367.18875883012015,363.402638614668,622.2417120411667,2211.961797232889,-0.0,3050.9183239905988,719.3101989078801,705.225448170516,625.8037865688997,634.7943339117437,2415.345901577277,1548.282747217051,2498.9380364250546,1927.8319275043027,2282.0569462344556,2716.462736329985,29290.74241362143,31981.039489663268,31576.758282814553,28990.731156117057,7552.4758950474525,7302.164918856957,7434.075555195957,8017.81324959556,4661.177857012597,1739.272235088336,1725.2105156000719,1935.9950800139472,1977.744632418843,1878.6512695509798,4523.724973273383,3581.8335743298035,1052.3403134428938,1272.5201292141355,543.598378285199,310.32157756004,460.62134070901794,34010.23543721859,29534.476722360236,32741.27700265,28801.395219404818,43761.625620361614,47077.95918686556,1104.5728628192219,972.440639059887,1012.3325199795394,1066.6641314995532,935.44448434773,941.5967702275736,471.74261768288903,46188.5851692466,44206.958972364184,40054.8691106569,2144.6513988412953,2450.372781944665,2462.1235585583513,-0.0,6580.085596319768,7309.055825494235,33621.15099793499,29394.76066600334,31014.974415954028,51488.79327038746,52059.7278259572,51893.43519691028,52435.22052535609,2078.4263129963915,2116.076230562869,4165.283699214409,-0.0,17382.722743947448,17327.22289182748,-0.0,1246.3982651801596,1301.8696835809587,1345.2658453100091,1402.4875796421945,1267.8294266332618,1216.686078828071,28631.763098834625,33875.655972747816,34212.66498184036,32020.197364569492,968.5817581655518,917.5704672116009,-0.0,-0.0,14465.527488928641,27244.82071215158,31015.129753453017,28288.61732258629,30733.787747115854,-0.0,47054.235956488956,42074.166363104625,809.4184254050652,1719.9178148782867,1636.664495020057,1755.728670228692,1839.200945298674,2066.889179417148,40557.78593054813,44898.00497563843,-0.0,-0.0,14753.06381982565,881.2931045187618,30914.1729324142,32883.28391769626,32320.974412002473,30892.287303335837,29006.989989023852,29730.13529079192,-0.0,14030.011976022932,8931.244948183885,-0.0,-0.0,1242.2474822965273,1199.9121648554233,630.7210214182522,673.4846365350821,395.3113495146135,365.5888013250124,-0.0,976.4309569919518,966.2229162624564,856.3292923029031,994.9167789988385,-0.0,1463.4148914511304,1457.5970882417457,1525.1870414841023,1849.3295218039898,1829.6125367587833,1874.6849931085767,755.0291479080328,685.9934124241405,745.7581488525659,1170.6965733616319,901.8282810743412,844.3961019500015,770.1142729429719,873.4508931090006,6898.369129798508,6324.808508927826,207.0756424635847,213.48638317371052,3117.6316399716006,14028.625306491722,1188.1631405607495,1221.1520271320321,-0.0,-0.0,6285.731806554261,6395.687493213597,7061.593174336136,6481.538096979752,1641.7241975760126,1650.0915881042506,30322.669982119485,30459.421197991,6883.74049849317,6707.750315420096,-0.0,46731.8041599479,1678.7691010221185,1773.2258866817597,965.5817206394257,40957.506849529454,40774.61098330951,45673.86631890113,44964.46225168893,160.77140730422116,49568.07958330066,43316.73417879265,-0.0,-0.0,20293.742286459106,-0.0,1004.5830806772519,924.3907262568918,998.0084931077403,2088.8344980262405,7474.632572979756,14241.8783980144,1406.229615338342,1550.3937444866515,20.41997756913455,598.1837402297199,570.242837628467,14347.336359210347,1337.5057480013934,-0.0,-0.0,-0.0,911.5968861028808,-0.0,1003.7391763761772,-0.0,4927.623933295599,5166.725377449898,4562.22671218473,4787.342022510267,760.031578636299,-0.0,707.2779484848867,-0.0,-0.0,803.7707713754056,927.9460193076238,770.1545960323232,693.068192131394,721.9363683844892,709.9970546954629,1591.5561458895631,1540.2879498235172,1383.8546716480778,-0.0,2501.7859348145457,2314.1004168576223,2398.9506088731896,2607.17632464389,3937.883836054582,44937.75203024865,41420.130534153934,9904.961293295846,18625.822211003295,14205.176723141298,14066.556992471493,1412.7278821386205,1436.0818172452184,710.6864152364656,745.2260415642252,1857.6901508849123,-0.0,31789.982842687357,28559.559821283598,1034.9702875831372,943.947903339743,894.4258285626256,4475.9908057599705,2466.8423990925476,2720.9628498884094,29506.331365698203,28580.469795022345,30640.353350771296,32592.47222396179,-0.0,-0.0,-0.0,2210.1017084477025,2080.531036806872,1979.4761414152304,8618.569622400899,6543.927867079737,5395.271702082532,1875.4974022946228,2019.022051386278
3,-0.0,-0.0,-533.5128156255403,-1753.0522759432754,-421.026660456368,-480.4774685134645,-78.23668496905482,-541.8038515075475,-535.7032660592837,-0.0,-1039.7513744857174,-0.0,-0.0,-2251.6941994069416,-0.0,-511.55255326428124,-406.04101685800225,-0.0,-34.99349263004402,-202.08508071572382,-256.38648866089056,-654.1249671601411,-689.570813558059,-569.4070623128362,-1843.594181598912,-535.5702092854381,-0.0,-33.65194242447944,-2389.4867774623553,-1344.1909890161232,-0.0,-0.0,-0.0,-0.0,-0.0,-0.0,84.15021166377534,-168.4517848565887,-1574.328187073603,-1316.8235297672704,-0.0,-0.0,-105.59528319747506,-491.9627269410789,-118.20506824454401,-0.0,560.914924154033,-1264.6722522703935,-335.868313639449,-0.0,-0.0,-215.66916715984658,-0.0,-9.86144412419771,-1611.0422854959484,-2352.3308675431254,155.79393500976593,-4841.967128267125,-172.99935198360018,-0.0,-1440.2912001892726,-0.0,-620.0700333829417,-2188.232637927623,-419.4583265042766,-416.3187170367354,-34.36829399122331,-1655.0875061939619,-745.1365192003273,-359.85221759253545,-2587.453578619438,-0.0,-0.0,-2094.750102980217,-914.7704906594712,-200.88163133443402,-1348.2385985415096,-0.0,-0.0,-1015.2765978667464,-1173.9591199758302,-354.903422033107,-2944.0930205593354,3.2396076410480044,-23.573560620586083,-1504.3020598881676,-0.0,-525.6499572404829,-895.5948343210782,-7.419383818893435,-0.0,-1057.7748162715686,-72.14935373040726,-610.2302949757557,-1923.6786665380926,-31.46848188239113,-2031.333018351484,-322.16000903306826,-1341.231305183495,-2276.832631923182,-572.9695085903683,638.7887982649751,-416.8234075174768,-0.0,-1174.6797838945008,-2032.875120485481,-3606.5031194746625,-431.6306598517989,-2313.8027752720404,-0.0,-1333.3710383300438,-0.0,-0.0,-499.2229042857425,-0.0,-0.0,-517.570400241336,-62.53165629229887,-1252.4660004577545,-813.7427589007217,-698.0727772277655,200.4488506242405,-422.65448064162405,-284.9876144531789,-162.31203652053006,-6.82858494998882,-537.8500157949463,-438.031252024921,-644.53911773046,-0.0,-4053.97268124335,104.45570270966121,-96.8083465247864,-3396.0892362065706,-0.0,-836.7630727500078,-53.318477926635765,-0.0,-266.60538044233937,-0.0,-0.0,-763.7673584931381,-0.0,-519.7028155688263,-839.5001429489598,-0.0,-1109.8093174729438,-213.5014867747721,-605.6336443279802,-1615.2569697731512,-0.0,-1465.9060165134129,-894.7037639516517,-0.0,-0.0,-0.0,-0.0,574.8682293562775,-0.0,-1501.5251885178905,-1597.4217548697882,11.225214764353483,-0.0,-0.0,-610.9468763699671,-423.3475292444218,-643.3600102045284,-0.0,-355.84572178338453,-2645.708790356659,-952.505669313527,-0.0,-877.5842955783984,-2060.3904371014582,-0.0,-0.0,-0.0,-0.0,-0.0,-0.0,-465.7063797693559,-590.0898290379952,-170.1539352075275,-172.86348011479245,-1016.8466407862776,-43.72970196840073,-0.0,-0.0,-573.2163453913931,-0.0,-547.6916601501954,-25.583886901328896,-3.3527659977341786,4.455467093644416,-0.0,-0.0,-885.2972710522295,-415.49715262290704,-389.93338237964787,-0.0,-2521.7569076878467,-1605.7307790653474,-1028.9432893603287,-0.0,-0.0,-1700.263416747026,-1230.7059632128742,-593.9234245684597,-77.33678253632989,-1423.417073467267,-1100.2153416800838,-0.0,-0.0,-1455.7679616726052,-0.0,-667.726827529633,-1014.5532747176281,-103.77109113537564,-371.53168185510475,-523.8115280560555,-467.994119882816,-0.0,-1402.3201538158905,-0.0,-2356.5348440345915,-2711.5838020420247,-167.47345533136792,-351.6313518996893,-444.69625709976447,-0.0,-262.16098614982843,-222.19879446194514,-0.0,-762.7493885153605,-581.2454044446266,-902.8990615174852,-1605.8027329105391,-883.034459300289,-1837.8180742058119,-1609.7395122324656,-1740.8127247016248,-1807.8466076003926,-998.2164739399096,-1950.0412031156047,-456.11786473164466,-452.4145354189241,-0.0,-1067.6116216008534,-888.1440609437868,-1024.674751489826,-325.39101116188556,-326.70750520191814,-1681.7450655803584,-670.2975061509122,-323.0914306395396,606.1724521945201,-0.0,902.0460578575426,-1064.6472433319268,-0.0,-0.0,-0.0,-0.0,-0.0,-0.0,-1100.8848111757165,-2058.4034498242354,-419.5354983266844,-867.2403066274788,-0.0,-0.0,-1426.368414303412,-942.9133481364436,-1853.9913488104053,-0.0,-0.0,-119.47770481545209,-52.421286664727994,-372.161797813014,-1371.670194333075,-424.1854552420193,-0.0,-405.7991994517588,-620.7283239883221,52.84781132812895,-1064.9752290418178,-1288.6210339571403,-1134.9299003160907,-1518.0416190077856,-234.73002782909015,-581.4731915506367,-36.83514216220487,-1558.949563683793,-0.0,-765.7251204176277,-138.13742458235325,-64.26857554407334,-487.39283707117517,-0.0,-1678.179018448069,-104.62675301722017,-527.0744572482198,-1522.3713743682024,-1126.052156974843,-0.0,-526.2942501482752,-725.7921932707886,-20.92194247054217,-253.66891591539988,-409.884219403198,-43.346960347377,586.9395736417,-1009.9695481980335,-0.0,-801.8679011142227,-1135.686187928952,-0.0,-424.16544468687187,-0.0,-1136.6172405001194,-0.0,-0.0,-0.0,-1059.0105036282755,-591.3739567966035,-370.0314727715868,-0.0,-1442.1647085785125,-2620.328826160535,-2735.920330544454,-0.0,-316.95149448732184,-0.0,-256.00183692192485,-103.05828838106558,201.50893092731326,-463.3296270906215,-0.0,-592.0918411981745,-816.7472493555636,-267.19781665285814,-504.9910730753415,-0.0,-394.53997862193694,-732.8262797450193,-442.25874944534587,22.417445953646347,-2004.1876681518968,-0.0,-0.0,-1315.5600968743768,-192.50774878618145,-1072.0702351781024,-79.92603649578483,-108.24911849348524,-206.11743037273072,-505.6844057903063,-799.4619791105274,-1159.8518011817157,-1997.866931802541,-0.0,-0.0,-322.73436390776044,4287.007514836292,3.719526141562591,-0.0,-0.0,-0.0,-0.0,-2175.809275711225,-386.0613993321432,-0.0,-811.7601198466788,-835.0099927709022,-554.6382637944868,-1920.9449697672264,-206.967352636838,-1020.7665285789873,-0.0,-0.0,-1731.788933945058,-619.3456400045369,-1635.2164043909743,-662.015066567315,-646.496408080553,-1633.2861005593952,-170.01927098696814,-1571.4478773903977,-1024.1887528053687,-25.33121908758774,-793.6373573490912,-1015.9419515909739,-185.91517162723528,-218.12535738057989,-1543.324125340747,-0.0,-460.31927086336015,-211.60114623657395,-26.210631359199013,-692.1323995547095,-162.58167358994805,-713.0535381487547,-754.465791980068,-1048.2673966879975,-187.10533850999286,-2136.807282568622,-54.08110946844109,-438.3711583702002,-0.0,-767.8083100317775,-549.4145831559783,-885.8522489644788,-1003.165842179373,12.551193449420646,-322.3442845166101,-2434.8681019205806,-681.3961003040071,-315.9933105694158,-995.9720186545624,144.13045113775053,-0.0,-0.0,-0.0,-0.0,-0.0,-0.0,-10.687155673796624,-137.30655317196627,-2150.0530084886605,-3860.961266020537,-486.8841350854823,-948.1367516212523,-121.74324646922061,-496.8558258821902,-1247.129677628232,-974.2119135881898,-34.69737107846347,-404.7606761551392,-471.1587897327566,-0.0,-88.04855838753309,-1030.5365181601528,-462.0935091544345,-0.0,-887.4453443968088,-0.0,645.9350457374849,-0.0,-0.0,-0.0,-36.454058267150046,-0.0,-0.0,-875.3488916310554,-360.0755654212284,-1068.5651451647377,-0.0,-0.0,-0.0,-700.2872314981612,-445.90450083232616,-1155.0346394132516,29.169327057235943,227.59338908684182,-0.0,-0.0,-2619.825093684639,-1049.9264146986188,20.639217604846063,-43.50027935941607,10.857317334754253,-17492.07587736034,-18178.87513585216,-2166.0959488279,-0.0,-0.0,-0.0,-0.0,-376.0346544976525,-0.0,-0.0,-497.6863391850236,-2087.2455075857833,-1774.255789129656,-1286.9910099236854,-286.8940775499303,-1506.0794025128869,-24.69094924907621,-1087.4715102792222,876.0805577878024,-6.6155753881856665,-886.6874202119659,3.2449165150139505,-0.0,-0.0,-0.0,-0.0,-142.31079973217763,-0.0,-0.0,-0.0,-796.0423204254362,-1259.686259664926,-0.0,-0.0,-216.6844137721062,-1909.8731413058256,-0.0,-1292.3583948998034,-1473.00894324661,-1637.4894724923477,-0.0,-0.0,-95.10808241509751,-70.56229980837561,-988.8314907400787,-1325.2605787343107,-498.2603575223207,-1083.9178312679933,-1020.125687345445,-0.0,-0.0,-0.0,-0.0,-371.40605256637826,-198.20374930153443,-0.0,-0.0,-88.35528192978897,183.49325887371398,-0.0,-990.3807479292731,-910.6394815418724,-867.2390090766893,-0.0,-0.0,-618.2855860777248,-1109.7096506719217,-617.1234819903749,-373.94328902912684,-0.0,-2002.805664371661,-1871.376784318922,-0.0,-0.0,-0.0,-0.0,-0.0,-1174.5816881484727,-0.0,-1690.912881862229,-1173.4764970335466,-63.02418786888707,-0.0,-0.0,-0.0,-2268.8518859785745,-1272.813441298132,-544.4175405463484,-419.83658352974743,-922.0748503630961,-651.6103629627986,-0.0,-0.0,-598.1861568328645,-1265.4056116984234,-64.17736442244444,-399.9970548706166,-0.0,-705.8736607839761,-566.0598095068962,-1326.8625537217995,-0.0,-268.0706936830254,-107.68868055675061,-278.42076351997133,-1345.645517695722,-276.5210655224649,-0.0,-0.0,-0.0,-0.0,102.87200327330108,-146.04206225251218,-716.7718929562558,-1132.2398359195836,-1017.236469354808,-425.82311447335525,-507.19977314437597,-4841.079948747337,-834.1515269001194,-550.3524186605063,-0.0,-0.0,-0.0,-230.71040369273223,-309.3105568697889,-1111.9049615325985,-285.01590384958445,-0.0,27.076049203694808,-0.0,-0.0,-0.0,-0.0,-0.0,-0.0,-0.0,-83.00363717839353,1240.5503618529356,-0.0,-1346.8071205997235,-579.0758568856451,-376.55388061796685,-1365.966046218871,-0.0,-0.0,-510.175175858681,-612.9059006939095,-116.97820373993865,-105.64810691392516,-117.68830720259551,-473.75592375305183,-126.24392234351214,-1787.4870582090289,-335.3174504598648,-365.1762432468991,-0.0,-0.0,-1239.1385407853177,-2440.54272270642,24.567732432957385,-457.82784522093215,-292.01796626374824,-766.6528777658509,-970.0782938644567,-696.3946213593001,-256.1873215640275,-131.61717641438122,-1258.582579778698,-0.0,-0.0,-0.0,-0.0,-0.0,6258.385115595655,-74.36465148319904,-476.74397842619857,-530.9061382302051,-921.421433815524,-1154.411132610615,-1108.129096587173,-1477.0230401925178,-1904.8522407399814,-403.5029254282421,-0.0,-0.0,-1355.2710841404094,-0.0,-0.0,-234.5985351273361,-1541.1425136653716,-1181.689598566849,-425.60085409013107,-56.70103467832536,-1609.3625074887486,-0.0,-1221.8644741950725,-0.0,-0.0,-0.0,-0.0,-0.0,-0.0,-485.28483459689875,-1101.3041764753164,-889.8003990273886,-85.14899461421406,-220.15330020331757,-514.860454207466,47.09682994879751,-0.0,-0.0,-490.6653086561577,-519.8294926523087,-3313.9158375707907,-0.0,-1290.3530978742908,220.24481925445775,111.22412856991812,-0.0,101.20655000153171,-156.48463534743053,-138.47855909973384,-420.50147790735093,-0.0,-1646.917377577227,-0.0,-0.0,-990.8884567945147,-0.0,2079.4176241207947,1982.1467936580013,1965.3700780583515,-0.0,-0.0,-1583.472266035733,-0.0,-0.0,-314.85396720357073,-831.806326356344,-693.7925896258214,-901.8905960340778,-1068.6540919468252,-0.0,-0.0,-0.0,-0.0,-533.2420332149164,6.564548212205975,-50.94470639174642,-1076.6319978605381,-892.2066840790225,-356.01256568226563,-1279.422150465676,-0.0,-1826.1512173954313,-1106.506302387016,-1265.7451329137452,-354.9421520083227,-332.8789131038998,-0.0,-1051.1108392634778,-679.5300635725667,-847.8119295870048,-1659.2350992088668,-483.77341291083826,880.1679128476478,411.50637411572495,-309.04486048609806,-981.7489591577491,-0.0,-1464.8757127441102,-2707.5325455384195,-420.40768367605506,-403.6956941100329,-0.0,-0.0,-0.0,171.26073390533335,-312.0565836039517,-399.6016308777926,-131.70698749828114,-455.7999910262371,-462.30092624771925,-0.0,-357.419414765699,-783.7532396615355,-605.6703462620472,-0.0,-1833.95649981081,-4209.383314875894,-0.0,-0.0,595.0900177453346,513.1264923262694,-0.0,-0.0,-591.1411042860271,-733.226895191122,-289.3595123451319,-594.5085541197361,-0.0,-0.0,-0.0,-0.0,-0.0,-2250.242160049345,-345.0710011295382,-1536.0272424482487,-887.118552078365,-0.0,-329.1034331573062,-400.52846912507147,-0.0,-201.0520605763447,-711.7715735893078,-994.4549269427736,-3806.0158124830887,-67.2285870989526,-0.0,-0.0,300.1199553625086,780.6934842232137,-0.0,-0.0,-332.28363180265944,-0.0,-0.0,-0.0,-2190.408837405359,-0.0,-475.2246375007063,-0.0,-0.0,1549.7810036841154,1778.4876043286663,1579.0514018386334,-0.0,-0.0,-355.9548945715022,715.7466657211206,-1952.3837752904658,21.953885420311753,70.18945100127569,-2239.400977984593,-89.3809223258917,-156.38481582603887,-508.4330470476624,758.9544126281281,3215.0751031822906,-2666.985667720754,-0.0,-0.0,-879.0444301361887,-1466.268534779903,-1047.45402823478,-232.5435694382667,-38.710175577694265,-0.0,-0.0,-0.0,-0.0,-1736.90757756256,269.2013676796013,-0.0,-3.4314485735273297,-0.0,-1306.8503901768245,-1671.9569519342488,160.19138677336701,-0.0,-0.0,-322.5593540817306,-0.0,-1597.9344859919595,-76.45080778298723,-865.0554512741371,-355.8130123013693,-1051.9435170381275,-655.0905185191941,-1006.5322742629702,-534.3097381765812,-0.0,-0.0,-0.0,-105.6450672715669,-0.0,-0.0,-225.59980361074074,-380.3391495991526,-628.3152826403706,-0.0,-1449.6914735578234,-912.2592908357396,-777.2065604537851,-7.05578342884909,-6.233144040515639,267.35212441275235,31.943620565677282,-0.0,-0.0,-10.59538238990222,-1456.489739568357,-588.4480211996613,-728.3477581810643,91.47951831672675,-1853.5869657605278,-1682.9580055980264,-861.8776192362047,-833.4709103827117,-34.577392086187054,-479.2070001915896,-626.9431971643423,-1122.0808101646578,-1783.7435486864383,-0.0,-1578.0150022125567,-130.17229212862597,-0.0,-2150.950154020302,-2379.218728233714,-1892.173204468582,1500.1666907216243,-0.0,-1329.740321019113,-186.6196047760071,-1097.5488477377398,-581.2937925866578,-114.60948863551064,-1787.8227201575128,82.88133000790499,1350.2421465869245,-0.0,-163.5170285195305,-348.63107900826543,-954.3470408496457,-904.5600818083807,-1473.590777346919,-3501.7050388199264,-0.0,-515.9054631615979,-1226.6839478900783,-637.7571787402346,-196.9853827975924,-23.700270570156604,-238.16604878983355,-0.0,-0.0,-0.0,-0.0,-292.74467206146164,-1145.4761703177414,-772.2674559145526,-55.6583932905227,-429.49529238420587,144.64236085558005,-0.0,-0.0,-866.2727168889787,-446.22763463857547,-0.0,-1777.6831452225456,-81.81211238670551,-1082.1118414416667,-0.0,-174.13936912565993,-158.84601268920798,-0.0,-0.0,-397.3209722453234,-0.0,-0.0,-3735.4160926668474,-180.68716290058535,-1847.908352787672,-0.0,-0.0,-88.30928967909065,-1197.3426578413266,-596.7964280293248,-352.0478940181351,-1165.5395721864857,-0.0,-645.3655892241651,-0.0,-441.852161306877,-0.0,-0.0,-184.3410526635142,-80.63566720302454,9.860731169196045,-291.9983795116734,-1247.6276086289831,-1686.0208661283555,-0.0,-0.0,-0.0,-19.711777336294414,-362.17495864297416,-0.0,-1414.2468571263362,-2134.5890417912633,-0.0,-0.0,-58.30730806983548,-1178.9477168934689,103.44259591590037,-0.0,-0.0,-0.0,-0.0,-457.9605132985009,-2092.133038591992,-198.472577028383,-1033.9041635718672,-0.0,-0.0,-632.4874522059729,-448.37758113590485,-289.67858322954777,32.76112597991874,-0.0,-0.0,-0.0,-754.4912148441273,-562.8117400951397,-451.9940613418135,-277.46427624540706,-0.0,-0.0,-0.0,-0.0,-1872.0585274093278,-71.62715611568902,-19.4210665492169,-0.0,-0.0,-584.3146311178956,-366.9171122901206,-0.0,-1672.8621216989284,-3818.964804708421,99.28507566419401,-1069.0774698927894,-0.0,-0.0,60.52965627322607,-374.0842953960394,-1451.329140971871,-449.2557922369945,-2257.6000959336357,-1187.4813656293786,-669.7771813968947,-1384.5304055824552,-0.0,-0.0,-0.0,-32.713627375008,-987.5111826851181,-0.0,-0.0,-2535.901971342369,-74.80398429363268,-1299.249585999197,-671.2956142369875,-0.0,-0.0,-0.0,-0.0,-0.0,-0.0,-608.1215653282472,-0.0,-1489.6472001431925,-0.0,49.52511892408236,-1156.5741859743691,-0.0,-0.0,-0.0,-2064.3439529029915,-0.0,-0.0,-464.802881973675,-0.0,-0.0,-958.5835106660631,-506.46744912980176,-0.0,-0.0,-143.35180055507828,-1820.594973344346,-0.0,-878.416587157105,-688.0326837819855,696.5968317631798,-157.83781230302156,-0.0,-490.4760619372331,-2.157278932511248,-0.0,-19.686305531672424,-0.0,-315.3665383865243,-0.0,-0.0,-0.0,-0.0,604.7934628672899,574.8056133330506,-795.8576333238583,-1456.80064662832,-0.0,68.0657732210413,-3.5931158403074765,-62.80254817818857,-761.2604503097247,111.04471759948828,-431.06009746801516,-333.0421656103158,-146.16322136785027,-3087.7949625565393,-0.0,-209.39032185054313,-1531.4299829252075,-2087.746394818107,-0.0,-1048.4271818724362,-1286.4886118162242,-1815.7291657258781,-640.627349262815,-0.0,-740.7473418842877,-617.9857359734231,-672.5505513720321,-1155.8790913716018,-891.8034577053393,-0.0,-107.43142206149308,-951.0157153638064,-0.0,934.3119202063518,-382.66416501618585,627.0166880896468,-0.0,-0.0,-88.63661703865652,-30.814686461384774,-1956.5170480140937,-871.7930806354032,-0.0,-740.2992565368861,-2518.0612876956393,-758.3203827317299,-780.2929874897333,-1070.8612327511498,-349.6431353384387,9.243277420567772,-34.268903337779115,-0.0,-0.0,-802.8859534464083,-71.89360894494546,-0.0,-0.0,-1706.3412876334912,-654.6251068582493,-564.3089127701477,-1573.8358849220103,-80.87585614818755,-16.97052658210844,-2129.59482405156,-726.0255458771402,-493.5303790990979,-854.7328455556569,-0.0,-1941.4625609760644,-366.7922296594445,-1050.389707951075,-1206.7010673704017,-281.961106367021,-459.04085043536884,-1456.943988862597,-364.65113182399404,-0.0,-0.0,-0.0,-1136.4533451827087,-0.0,-2703.2419724524184,-1099.2136041582512,-1282.6140258217217,-0.0,-0.0,-0.0,-0.0,-0.0,-108.47531978119544,-0.0,-216.98464350104655,-801.887075190895,-332.882681956042,-0.0,-0.0,9.430937204287826,-0.0,-0.0,34.79103631774179,-219.6160366487298,-0.0,-436.51826895176316,-0.0,-0.0,-74.79692982184253,-9.843438698208455,-2380.8324271378146,-1889.1714438619783,36.860173553466396,-6209.007080388955,-746.9053886495294,-545.7694446387346,-0.0,-750.8220355137128,-1318.4538523442898,-0.0,-0.0,-0.0,24.11491066049954,-0.0,-1186.5649931231364,-0.0,-1203.9962479857256,-0.0,-0.0,-1873.7776945382298,-330.68703770406586,-618.2385883208385,-0.0,-0.0,-0.0,-0.0,-232.8656186948494,-624.8999447472866,1199.221818712991,814.9383681120366,-663.1289934431643,-7.352022012189702,-0.0,-281.3014612514629,-279.84523437709146,-1503.9321479069522,-401.8694584630489,-103.83767272655334,-926.769779219847,-1295.1404152678992,-808.5768822264116,-595.8536121621513,-0.0,-0.0,-0.0,-68.65119702142242,-0.0,-1468.6249275257037,-511.38621539307707,-0.0,-1579.5890705107124,-1032.5098340014206,-0.0,-0.0,-0.0,-0.0,-0.0,-950.4773067649061,-0.0,-241.31930817845426,-1583.6319016133298,-0.0,-927.7496513613183,-0.0,-0.0,-0.0,-2040.2671757003582,-1121.8584233492443,-894.5582711096197,-2253.518705476273,-0.0,-0.0,-0.0,-68.11424100809836,-429.3356463016802,3.264146461205215,-374.85809021753107,-255.6120406775583,-0.0,-0.0,-277.59687870493144,-1195.371573488632,-3319.5101191568633,-0.0,-348.8535250762087,-1137.0467193308866,-347.2302915837388,-412.7302445557232,-0.0,-0.0,-0.0,-1590.145971766902,-1642.5426236625005,-36.285555707177544,-1462.4794377093651,-438.90691903596826,-298.1226851090276,-7.377339317432765,-989.0545273771979,-0.0,-1725.437033786149,-0.0,-431.49513524625735,-0.0,68.90206001302856,-0.0,-0.0,-460.8511458990715,-692.4974186067677,-6.574177054437561,-0.0,1084.816827748242,-0.0,-0.0,-1543.2713568013526,-1167.0325805825396,-962.3069866781251,-0.0,-310.48997733947374,-533.7648999718001,-1247.0867569689017,-0.0,-0.0,93.95664550472193,-597.9151832461409,-0.0,-0.0,3.2104600581183687,572.2527406122138,10.046630655610166,-1252.794051343634,-0.0,-0.0,-1509.1691612747272,-1434.4717685237467,-70.01528043292556,-0.0,-142.4001196676947,-629.7255886780082,-954.0795657112005,-1387.7407157754965,-0.0,-768.1978342438733,-5.454649061046346,-0.0,-1402.57652537466,-0.0,-0.0,-0.0,-0.0,-506.89585397306007,3.1197924045300502,-13.857821290436325,-0.0,-0.0,-491.7448209268215,-0.0,-0.0,645.4921495137784,-883.1205052222824,-44.65010821099303,-1683.8303662404417,-0.0,-0.0,-552.7905369315882,-0.0,-234.4277125887112,-979.4841805745212,-859.658130492625,-959.4598691169614,-0.0,-0.0,1237.4770028853245,-0.0,861.7445758527382,780.228816383353,-35.01384686274509,-721.7142188277836,-0.0,-0.0,-88.06355378213992,184.98666818567997,-687.5408833390043,-317.88246644748233,-896.9752936577943,-2280.6922297195933,-1641.7191351238316,-0.0,-0.0,-228.6024536324926,-4398.763082731348,-519.8734338072168,-469.35480841500043,-0.0,-0.0,-510.57981524607754,-0.0,-884.1103409179282,-1096.4278099597748,-653.2689630981843,-0.0,-0.0,-48.14309105914749,-0.0,-142.8715400165137,-1203.5881592901123,28.621369117620656,-551.8570725289394,-377.2434513196602,-210.56488199128782,-551.1304206253468,-1947.2834891458892,-14.180298107119452,-1010.6959915116473,38.935115726067686,-842.4399522666836,-262.8393654970815,-0.0,-0.0,-195.06237754812264,-0.0,-0.0,-1390.7885639887606,-549.8236469292797,-0.0,-720.9306336812913,-430.88018656278217,-0.0,-0.0,-1205.996761925097,-686.6622162564793,-1291.4882648044343,-1149.1180921669782,-0.0,-90.17012519587178,-2611.819238734458,-897.0345595559921,-234.48509078434324,1350.383238095961,-1545.5540562347614,-1050.8118384451752,3.547732780984084,-743.7811895706916,7.457317108881479,-1530.0646311766398,-0.0,-3141.029841244345,-687.4027389888877,-0.0,-1326.796165023731,-1238.192359697805,-0.0,-161.16795867417216,-762.991077736364,-1003.1781752177897,-1186.7157257880906,-641.4359539634659,-441.92151280549797,-445.3054454704347,-0.0,-124.99542226231553,-0.0,-2071.1908276094514,12.573924857354353,-2957.389432714524,-688.3106466185284,-34.710905454202745,-30.733174174998044,-1169.3905785787529,-696.865593966869,-0.0,-356.9746172103153,-0.0,-0.0,-656.7528906283005,-0.0,-0.0,-0.0,-0.0,-0.0,-0.0,-0.0,-636.2154463735064,-407.90623047798573,-2300.1636173647053,-2025.1233806645241,-0.0,-0.0,-971.2723578931465,-1674.8060962953828,-423.05024730292087,-154.95716706884002,21.43922651240856,-0.0,-1154.8618564529006,-0.0,-2020.9152553242575,-0.0,-0.0,-0.0,-0.0,-1608.3551631484984,-190.93910969269268,-380.80835005893977,-915.1166354046737,-1130.7378641426671,-918.0142325395964,-623.4848456149265,-1004.749641617642,-0.0,-0.0,-0.0,-0.0,-492.66358341851,-359.61616376808166,-1155.8025216487379,-0.0,-591.3040271563666,-5315.722407939396,-511.6557523200612,-669.4196165672744,-2419.324908922803,-683.7200175705334,-0.0,-443.94867227525026,-472.9205492377642,-955.3644284639454,-501.32756458739163,-1244.858419059466,-1429.2905263151308,-0.0,-0.0,-0.0,-0.0,-1346.3581365672846,6913.570006182679,5653.226099420047,-0.0,-0.0,-0.0,-0.0,-1716.554351970622,-969.3052925330561,-72.35401818873225,-1185.4582010788063,-681.4736826388377,-0.0,-0.0,-0.0,-0.0,-611.9204421522325,-0.0,-1570.1746011168777,-199.32582981390772,-0.0,-0.0,-0.0,-0.0,-109.84174135513551,-441.1410791566201,-334.84809724513997,-727.4395803406635,-972.1755978758389,-940.7669602896516,-920.5763190472134,-250.0847769627302,-1256.0236845699699,-1212.2557292016213,-969.2440552483569,-1283.3248295670346,-32.46782314190619,-1008.4162367854615,-852.8529179778059,-779.2662712850737,-1305.5556070415564,-288.5548280557905,-1866.917278131571,-1260.4693295425423,-1581.1347311778354,-498.25338432531385,-460.5285816307932,-888.4984907248214,-0.0,-892.5942974867016,-0.0,-2806.2175083323077,-657.1047055107359,-230.1907371463694,-1571.6695127349724,-1264.9888204005883,-952.5434229903169,-0.0,-0.0,-0.0,-0.0,-684.3804983733822,-3009.2621581887342,-1413.9415381138226,-0.0,-0.0,-950.7997245529697,-0.0,-0.0,-1010.5848680876644,-434.7608135290186,-911.4677223197986,-472.4957287039318,441.84425191846697,-911.1618809692923,-481.87155365145827,-1285.8307493445768,-0.0,1160.372013715265,-0.0,-0.0,-963.3924198592168,-4619.589447455845,-0.0,1389.8422928214395,294.1488921150318,-733.7935097578504,-193.62860995947494,-0.0,-1477.6363057225624,-833.8388728494748,-1821.3066815513578,-1739.7906360148456,-307.11762775110935,-0.0,-384.1803199893253,-136.01511195646637,-0.0,-826.6879692605327,-0.0,-1483.582558516385,-1854.059455539367,52.90487550239137,-1993.4943160298617,-1664.437610603457,-0.0,-458.56438709761073,-1135.581220614489,-1609.4563759717466,-0.0,-321.623476962339,-1995.9406925923909,-743.3068957570748,-683.5039591453839,-766.322631284921,-361.37851379989473,-727.8820524465589,-1296.3297451245742,-0.0,-807.080904661036,102.90211313680139,-1185.980795942565,-0.0,-481.70270584716195,87.13774625967615,-762.967054070816,-512.169850926335,-0.0,-493.2898891931025,-373.17654579083063,-1395.1695385825317,-1038.0924379118565,-1337.158192615676,-719.6066549110872,-654.1013354286466,-768.6923401809295,-1800.396530675938,-19.01161476579473,-0.0,-448.76096767840886,-514.6938948557106,-1141.5150538856599,-1711.2658027536208,-262.58582713752065,-607.9137833179603,53.56946054616332,-715.8448602204896,-1039.714757036633,-662.4544329493644,-0.0,-845.192841080997,-46.69487693223906,-2063.1224140628633,-0.0,-349.7316293456812,-658.2882098550082,-466.0357595162691,-1925.592413850184,-141.6002351322913,-1279.7513246667702,-584.577430654011,-2144.7145730244492,-0.0,280.8828303218507,-0.0,-0.0,-267.2548452680464,-0.0,-0.0,-3031.2377806467484,-22.43062355144175,-31.03888031336279,86.36560308251325,-1109.2701943059262,-0.0,-0.0,-0.0,-0.0,-0.0,-23.405775570315914,-0.0,-294.4740765973345,-0.0,-244.39876836872145,-1616.1069640293008,466.40552252636803,-2464.1887901391283,-0.0,-0.0,-0.0,-0.0,-0.0,-0.0,-0.0,-0.0,-0.0,-2153.6795916853307,-0.0,-2250.533540225199,-2619.740805649539,-32.080391290029205,-0.0,-0.0,-0.0,-0.0,-755.6748597693086,-915.422082802753,-0.0,133.14711130379305,-465.25732841880443,-1800.3099074244194,-544.8352469955045,-0.0,-444.5190901314987,-966.201246203994,-0.0,-0.0,-519.2935010818202,-767.3039669849585,603.1218448667619,-407.2625934957059,22.77166694980834,24.67874721602153,-0.0,-0.0,-0.0,1300.3571588672141,1163.528415874621,1363.9693234927354,-0.0,-0.0,-0.0,-661.398336093438,-0.0,-0.0,-797.1582500909542,-64.35444687313073,-390.9189080964994,-47.15078438927028,-862.8435920894386,-667.943122100275,-1205.5959525967667,-120.00704537778489,-233.11253647477776,-1033.119474847712,-0.0,-1801.575346560566,-13.459552617832419,-796.2482904071534,-771.2341956116636,-13.74199135441581,-0.0,-1089.761759665214,49.95979816931701,-0.0,-0.0,-0.0,-0.0,-0.0,-1153.1149315674159,-2580.2924727602276,-0.0,-539.9605239218586,-51.15654255855457,-0.0,-0.0,-0.0,-346.8688109583485,-25.0714594895603,-0.0,-1090.8598162514413,-661.2057865013865,-0.0,-0.0,-447.9790413027804,-0.0,-0.0,-1366.718470949538,-1153.5175363635988,-0.0,-684.6179621810838,-1753.7994236976388,-77.11312475018211,-0.0,-0.0,-244.71159491450658,-651.4874841143735,-194.8395656134129,-164.86016039639017,-136.72120771964595,-0.0,-0.0,-0.0,-1128.0780033220847,-828.0389045693247,-1629.126681607255,-228.00763263166087,-1113.419324285147,-103.77502741391258,-137.17127724698955,-402.2548878346748,-1653.9916646320144,-0.0,-0.0,-1448.5159196792715,-1580.2382807529414,-0.0,-0.0,-0.0,-453.02441119902335,-1933.297016200251,-2849.921046815356,-0.0,44.314960272719496,-147.91421763421152,-575.5594539771928,-565.0524882109968,-1707.7927437447668,-0.0,-1237.9793194224785,39.49921984291295,6.753505708693713,-256.4190365347828,-0.0,70.93477761597173,-236.0875598395056,-355.4124558297056,6.498984696469509,-0.0,-0.0,-552.4287675426899,-10.89316440609712,-0.0,-1118.1522749552978,-813.2025877626692,-1028.655483116613,-667.3041080461486,-962.0103988319129,-1455.6490258899116,-0.0,-0.0,-0.0,-0.0,-0.0,-292.30615128989973,-548.4934499262666,-1055.5439575429218,-1281.4868408753036,560.955023215203,-1220.3175868796422,1392.6270806435589,-0.0,-1737.4722737155105,-1396.3502519358144,-696.0707725060863,-25.638110328738207,-101.9524011937135,-1849.5463854206537,-189.7431105578428,-0.0,125.75151634979372,-751.2181027786919,-0.0,-0.0,-504.10751538081684,-345.66082271642676,-327.2890112247875,-1035.8215844828678,-1401.5218767482704,-0.0,-1253.5311892733232,-946.9412711899276,-3453.636045952983,568.5487223111232,465.5973436324006,565.045968037739,584.9805748562178,-0.0,-0.0,-0.0,-0.0,-0.0,-0.0,-0.0,-0.0,-497.49243422784065,-0.0,-44.23001429604775,-32.34679450851012,-0.0,-1090.3685585935984,-1179.97285543389,-1673.1452628585162,-0.0,-0.0,-0.0,61.83990746411596,-2516.137488564826,-554.1847741393246,-2392.600051628781,-1296.5026873810375,-0.0,-0.0,-125.19742777023002,-1159.6680111535766,-0.0,-1625.431184162997,-598.4335820635512,-0.0,-0.0,-0.0,-2030.108745497967,-0.0,-0.0,-0.0,-0.0,-0.0,361.69358919469687,-0.0,-0.0,-0.0,-818.48208052766,-0.0,-0.0,-0.0,-0.0,-0.0,-0.0,-0.0,-425.3900046861976,-861.1089678678103,-1258.7745944319531,-1386.385553242538,-489.4443714542897,-1029.6202459722085,-30.827956331876774,-0.0,-533.7394901796278,-42.68083668093656,-0.0,-0.0,-0.0,-0.0,-673.9266252541129,-0.0,-417.77632725679024,-1068.7198857898727,672.2066305258498,605.5406104588322,616.8201661931341,562.3976353252319,586.1829293520055,-0.0,-0.0,-0.0,-0.0,-0.0,-0.0,-299.8048694245496,-0.0,1745.716981063081,806.8452767912833,970.1772968974885,-0.0,-0.0,-1042.0767704977209,66.31434628623661,-53.30507883410198,-1989.905606351419,-0.0,-1578.0909714791835,-0.0,-0.0,-0.0,-0.0,-549.856318863426,-0.0,-449.49052578501363,-470.0090117263765,-322.61242988510196,-0.0,-13.926102522652405,-0.0,-699.3448901420662,-0.0,-1898.214202165163,-513.4250712123,1448.9235750104385,-1779.5287958823649,-804.8320715924567,-58.11217348752048,-700.7384438481441,-0.0,-445.3372423812215,-66.7225138953565,-2027.7167019547626,530.9834423459743,75.49606327649381,497.57326229078916,1053.3505482060443,-0.0,-261.44870107248113,-21.047664109529315,-887.2806961503261,-1026.4817398922332,-1205.735842414059,-1553.6904869646978,-0.0,616.2225967009509,-0.0,-321.8391878539319,-1926.893188709839,-1116.1581536688104,-0.0,-1073.1060463312551,-329.8887392869302,-498.83268729760437,-609.0611877086926,-283.3854712217958,-1150.289801645476,-0.0,-1814.1441558500198,-332.75396260288346,-1266.9939656321321,-264.50768597092343,-0.0,-0.0,-0.0,-0.0,-1083.3932699771779,987.6121276961411,-920.7477347059289,-511.57976183705597,-0.0,24.72010431903037,-0.0,-0.0,-650.0132233571757,-599.7805144486953,-634.2762672260402,-539.4377021116152,-0.0,-0.0,281.91402752581956,196.96767069817318,494.445562955276,-0.0,-487.4892198800877,-1591.1604313823384,-1056.5260259910542,-3.617271232527369,-1372.863047202377,-0.0,-0.0,-0.0,-480.4150595733832,-723.7142004054124,-0.0,-1124.8873857142087,-0.0,-2210.3905141269065,-3065.97427020603,-0.0,-16.203592056602677,-0.0,-630.0992116061874,-0.0,-0.0,-0.0,-1802.4980427746439,-932.5288586435493,-507.4913432669664,-730.2654925713534,-0.0,-0.0,-1775.0105583666036,-0.0,-455.9374854049504,974.9244605620027,-754.2232767974463,-634.8636271266856,-464.0790734715602,106.17299335015937,-0.0,-0.0,-1121.2658443148712,-0.0,-605.3640108953637,-57.16715164675693,-303.03661381701323,-285.44876107798,-0.0,-0.0,-190.0908281019287,-533.5944488551661,-878.1679988533225,-522.5210506573547,-887.8395847896152,10.848084506300587,-0.0,-108.75341260977302,-1738.3999318160609,-1052.1225043882293,-0.0,-0.0,-0.0,-475.30508289563414,-504.4951377450018,-1303.8318035647605,-0.0,-0.0,-0.0,-0.0,-0.0,-1243.428140981757,-592.8797326585953,-0.0,-485.0386657627832,-0.0,-14740.183928841847,-680.3522706829531,-99.01621665359336,-505.8995793218184,-0.0,65.49282683033498,-1066.8579938950122,-2150.1048151270306,-0.0,-0.0,-0.0,-648.8276437501763,-428.3528467998555,-919.6012622329503,-839.769392456788,-473.99680863288086,-0.0,-0.0,-1443.3149683752017,-480.86539321474527,-1911.871308302005,409.55419706673166,-1979.5165538819365,-0.0,-0.0,1374.6674812960487,-1299.5119642753998,-0.0,-197.90487756184157,-294.0915694710644,-527.7343973541073,23.659534913952275,-743.8553732184394,-0.0,-0.0,-1142.508505069962,-1065.3447330912386,-2046.0152638848165,-0.0,-0.0,-2025.4071201440545,-592.3783406840735,-602.014046925644,-2049.4160062427686,-1206.201907589905,-0.0,-0.0,-878.4071310828726,-0.0,-74.13472720479872,-1293.806496350503,-1486.7616099682584,-0.0,190.98543374848296,-642.1911496509897,452.0197936672904,-219.01242147303154,-205.0218727715015,-0.0,-376.25141784567666,184.01213825291458,267.288271332321,-380.75775170902585,-2083.5501029390266,-1665.156087897293,-71.8228497642695,-3709.6015009145863,-484.80854610824264,-942.3437082668672,-41.01181339769721,-3141.2634197303983,-279.20255231953126,-535.0170954813582,-254.27400592629158,-1340.0598146946415,-832.9779547033722,-2855.5103267274276,-4474.574460431055,-70.21298400137579,-565.68469210645,-1421.6228608974932,-981.7313322214646,-0.0,-2825.051047328223,-0.0,-227.15621209748141,-1272.4825585518158,-1146.1371012751042,-0.0,-0.0,-782.7337112003664,-196.90818903967786,-0.0,-1146.3129427237316,-0.0,-557.0072501143725,419.2515832020341,-1871.1329541048165,-394.2957252339128,21.849421027347443,-11.038000704795197,-0.0,-1560.2392568431533,-472.49610666194866,-0.0,-108.36049455133171,-0.0,66.06059415765323,-149.40088946751476,-0.0,-312.51494061194643,-1155.831117224108,-369.9310770515375,-652.9246569038322,-1822.3065087559814,-0.0,-3344.5436245093556,-1447.262020984892,-2033.6714543000598,-1846.8318743441537,-60.495008612863664,-186.8017468364966,-528.1981557271843,-1220.1960907945074,-0.0,-0.0,-1033.2286245709124,-159.9280949051889,-0.0,-64.36189411472688,73.95006405949209,-1854.8802141399838,-0.0,-0.0,-1081.549459761703,-0.0,-62.28230875104788,-0.0,-37.00082802239219,-121.0767264362475,-0.0,-312.44936711041174,4762.063706602462,-0.0,-0.0,-2182.6617504825626,-647.2735641358302,-226.5461051812657,-0.0,-0.0,-0.0,-537.1972740573033,-1769.2124423094936,-0.0,-0.0,-0.0,-1883.2549655704058,-0.0,-0.0,-0.0,-1309.5978810258032,-606.0952877732452,-248.71825440431914,-385.11240302361784,19.29057435150934,-565.7832502763046,-314.51945113413876,-172.0813143022084,-1985.551984033095,-0.0,-0.0,-1038.729582045258,-633.8654505224107,-2034.4527058157141,-0.0,-0.0,-2223.974472427822,-556.6889328937468,-1281.56330252836,-344.2592672827974,-515.4807078247461,-1931.180842943815,-681.3490279287618,-71.18655580109883,-680.7199513835058,-1659.5285350866318,-1279.2322084413545,-1129.9967590782255,-0.0,-506.93915200673047,-0.0,-1294.0716549308086,-349.8307174002869,-181.90538970180583,-516.944920847724,-715.8280528348326,-10.135145273514869,-0.0,-979.4074188696436,-458.11694425620084,-36.40714778755037,1265.1711118992816,-61.90379453220159,-0.0,-528.0590308105136,-384.69569916628194,-0.0,-558.9324628829547,-1286.465367344026,-0.0,-0.0,-0.0,-0.0,-338.9652720171236,-750.5460271080949,-263.2082327319641,-403.0129645271458,-283.3152018731099,-1341.8773404309961,-593.3058852976001,-1167.0584585670558,-2090.449913338439,-1617.8483645759459,-0.0,811.6551989148419,819.9304782926037,461.30798832701333,630.0163595923912,362.26174237467916,-0.0,-0.0,-0.0,-0.0,-0.0,-0.0,-0.0,-0.0,-52.12381097009934,-716.4395048187964,-422.0977711431126,-227.0960151536509,-982.5965590217554,-81.92534762505845,-296.8875497423367,-946.6557462939526,-244.03062600321746,-1435.440087010211,-623.860871616049,-68.01556344918394,-309.9381089196934,-19.67092711038689,-0.0,-464.2241486510492,-140.15836920978373,-168.98976914155938,-606.444625939804,-286.96315479762427,-1239.0151351390978,-243.3946831821369,-0.0,-0.0,-1558.4058424173475,-417.5230445082215,-270.52452849049575,-440.99905810278835,-743.7423633427524,-355.7200293695011,-331.96619466846454,-0.0,-525.7257732894387,-561.680795919996,-691.2053113680015,253.08082484665152,-1090.22774490406,-1827.9633884926354,-174.2061211570821,-545.4208215868705,-544.7770603461585,-10.880863057413393,-0.0,482.876812355947,-652.1182300854923,-28.894233151075465,-1574.6362623719979,-0.0,-0.0,-1005.8069793440628,-403.475886246091,-0.0,-486.7249519764272,-556.860637205307,-648.2205390642426,-0.0,-575.1217349247999,-392.0170574435905,-1798.5093003744635,-3453.4999557708084,-316.1661197242819,-0.0,-66.51009972823788,-347.31428474003565,-1228.3326488695564,-184.1098014867824,-467.133133061455,-584.5219196664285,-611.3653388754495,-309.29414723381524,-0.0,-0.0,-1340.789580919599,-88.75468071327377,-352.503693990295,-640.6316614638649,-972.7226099711329,-1981.8706706553714,-0.0,-472.0151016235161,-0.0,-0.0,-0.0,-0.0,-0.0,-23.348082939745275,-149.2947578590472,-290.6720849189378,-0.0,-0.0,-0.0,-0.0,-0.0,-0.0,-963.7921996312535,-1846.678190410852,-334.0434796937855,-403.4877451016256,-37.43892093507726,-0.0,-0.0,-352.12441311910834,-0.0,-0.0,-91.82998524902997,-2193.5974402792017,-0.0,-0.0,-1205.9801057881464,-462.48510761784,-715.7501948657981,-802.568169911667,-584.704860463778,-0.0,-0.0,-953.0866934921904,-1481.3105657167955,-800.4299795364617,-0.0,-926.6126293572938,-0.0,-294.70635205092424,-588.9658176775987,-0.0,-545.7584329244012,-1455.5424861999916,-0.0,-1387.6783128115694,-145.2501204895379,-484.3026791639108,-1122.635644819128,-186.44877274576788,-995.0492820786775,-0.0,-828.5434366953807,-22.32325786606087,-1925.9519042790466,-1528.7115677981205,-0.0,-0.0,-0.0,-0.0,-604.3942266241179,-663.8564778737289,-0.0,22.099511830613103,-297.9361501680966,-620.0472161946423,-1674.973809645639,-1858.5255486063809,-309.04623512203136,-0.0,-1147.2516733829164,-692.1284801608932,-1402.8279710616291,116.42429824395035,-0.0,-2745.653663158722,-567.0007474457288,-0.0,-363.1602962418853,-1190.8632697386274,-0.0,-0.0,-449.53111093361485,-1178.710622315579,-0.0,-885.3796055907532,-1058.296191883165,-31.280288511416906,-68.13412127439838,-415.49986197898613,-0.0,-1214.134932425002,-2140.125623888894,-951.5202973383331,-146.79908219344574,-1557.3009721491226,113.10981024682731,-703.551687048049,-512.9348562120869,103.47100529417521,-706.1206497072955,-1198.2307691544224,-684.7578743128872,-1065.3846628552833,-335.67057063322653,-492.9699269861955,-624.9367627642397,-1271.502153272683,-0.0,-0.0,-1488.1796948999297,-266.66827193228943,-0.0,-1229.4554905990608,-1013.8667223700916,-0.0,-2029.6028733162696,-441.1932159023537,-0.0,-681.0439194277527,-0.0,-0.0,-1034.4483007459887,-834.2534522554046,-0.0,-0.0,-0.0,-607.6135005697482,-3.6913351363852276,16.60510576899048,-208.08923193369088,-0.0,-1736.618749290555,-1217.9015263952713,-458.59816294957926,-1694.8845303799894,-0.0,-48.290267296440945,-771.0030656037142,-0.0,-351.1252300276599,63.91782457941707,-1325.0953951844779,-846.8575833151187,-560.0374478712918,-1046.7385773122155,-0.0,-0.0,-0.0,-653.7971563706675,-0.0,-319.77323860345297,-800.2894162336327,-173.66179313253625,-996.1062969003601,-1787.0384091090427,-456.7979200061612,-1715.6073656683689,-0.0,-924.7782742543922,-601.9306516783738,-417.8091139158404,-1042.8921489711272,-259.03779734281227,-424.9143212487777,-1232.0719877316776,-0.0,-0.0,200.00851011977628,-2254.4753618111004,-805.9555922805449,-219.66820723168075,-0.0,-303.20537595899225,-441.4704078958053,-529.5047436923325,-0.0,-0.0,-634.239082034618,-0.0,-17.419334633234847,98.94948264924375,-98.80461317108318,-1646.1102443853563,421.04133381659335,428.9749262322147,411.9866009580322,529.7471397018295,39.43415854687032,-0.0,-518.8741091372257,-616.7896862248186,-292.62650237847527,-8.086986611919293,-0.0,-0.0,-0.0,-159.25291515925434,-11.05330264769571,-753.0833123665628,391.9293070940882,1965.3499034577446,-0.0,-0.0,-0.0,56.575081219318314,65.07564254053383,-0.0,-2535.1818634996507,-0.0,-0.0,-0.0,-0.0,-0.0,-2015.1553218800968,-232.14732068178068,-0.0,-332.15170760528883,-1758.3587156534911,-133.1191784475519,-264.4130237576943,21.693656529595607,-1422.5782320660885,-3556.3911858589154,-1617.3260537940935,-0.0,-0.0,-1379.8661826225723,-860.294781249951,-604.5263831340326,-342.4720484056313,-287.20172213952503,-826.4377395880097,-836.3776861454154,-4094.9245510999026,-555.3270935113993,148.21035086630445,-677.15160812063,-898.4538482524848,-511.83189859053124,-521.1309587008171,-6.253788966588911,-1333.2504348696584,-680.4279283828699,-484.12743350106376,-0.0,-0.0,-0.0,-0.0,-190.1022976586691,-1002.2907682984136,-0.0,-1026.3510656418773,-1128.9256504652851,-0.0,-0.0,-1201.103707509282,-0.0,-0.0,-177.5680411718395,46.66905113214396,-0.0,-0.0,-2565.536469283468,-1010.3542278942499,-79.84595200083307,-774.8972848429212,-1169.6294956459633,-0.0,-280.02855777319456,-415.88357490444474,-0.0,-1142.7529691639002,-279.10048469493654,-961.6646719598209,141.3728915286303,-734.6332418004627,-167.2255907352678,-196.24024787944074,-44.29773906828165,-37.20290377813492,-504.73424092167227,-677.6424610387986,-420.4645102115389,-586.8131989705391,-0.0,-51.44944476296504,-605.4630659041366,-138.46154685615508,3.238472556478812,-0.0,-832.262445602417,22.413481609439394,-1083.5806640652359,-0.0,-0.0,-0.0,-1542.1265481015057,-0.0,-0.0,-66.11465975131944,-0.0,-0.0,-0.0,-0.0,-0.0,-0.0,-510.7761871886418,-1339.0072331191823,-0.0,-0.0,-0.0,-0.0,-706.9568564096608,-394.9766471651118,-0.0,-0.0,-1542.1145968177061,-0.0,-1137.7530166840154,-2232.7501747157694,-0.0,-0.0,-0.0,-417.3059481956177,-0.0,-0.0,-0.0,-819.2508830167797,-628.2299039773475,-554.899861195949,-0.0,-0.0,-187.06556597523846,-0.0,-3313.254444669625,-4490.437897113166,-0.0,12.82694460255127,-0.0,-501.6632052155674,-560.6587099235597,-1668.3412663328995,-0.0,-0.0,-80.3873604472395,-574.8292821935289,-1136.727875984609,-558.1837821592779,-282.3235343668571,-0.0,-0.0,-1008.9283940709128,-814.1373389368699,-37.858169406444226,-0.0,-0.0,-609.4996996602189,-317.6961372971552,-70.47885135551628,-0.0,-0.0,-0.0,-1809.7155852895946,-283.5303406976629,-1120.6016008192696,-3620.384948248812,-0.0,-820.5645804932038,-960.5219960702578,-1994.1365784752575,-283.1043532270518,-0.0,-0.0,204.43693084311272,-986.734730000453,-1536.4374796962632,-417.9411667720594,-125.02823221860993,-20.663230733950737,-1496.941552806969,-347.20529378192634,-1470.3961130370951,-557.1006203176483,-2268.254205743133,3.2192616505053784,-825.6767688761053,-735.6264886712146,-1547.2745678092324,-0.0,-0.0,-621.3810451430214,-1399.5934245460421,-1506.5465394077457,-725.818113874984,-0.0,459.67504491585913,-57.19190264903529,-373.5569838744846,-0.0,-15.7363663943755,-0.0,-2053.0641885334635,-43.391243271425,-0.0,-0.0,-622.4925013458701,-920.3192158567599,-672.847040924446,-290.2159191443817,-489.155168056337,10.505504214545141,165.57784453304828,-690.0334424471386,-21.860553007553495,-1260.6456843779333,-0.0,-1289.1737603448196,-106.40266994872341,-631.9565427074772,-333.03428034932773,-20.219805752455876,-35.690239236035914,-16.809225691351312,-1040.555650117848,-812.0356718086624,-1175.3171756441877,-213.04576495271056,-1153.602823878593,3.231727467477978,-0.0,-637.6174317721086,-2228.6358669836345,-0.0,-0.0,-24.917542598548625,-1744.5453455958173,-158.1162588618347,-480.0141939992352,-309.55221848003833,145.6475675159396,-0.0,-0.0,-1055.1693421062453,-0.0,-0.0,-1808.132203078913,-1317.2117788258117,-708.6883389652687,-633.0702027362014,-535.5341128411701,-756.529877584545,-651.9131607522366,-1084.1368880671723,-2165.8761019141057,-0.0,-0.0,-0.0,-0.0,-253.31922057207592,-0.0,-1720.9608919643856,-527.3857930009502,-707.9445968195444,-820.0293356093,-381.54210057721286,-0.0,-1175.8500403439866,-546.590704070711,-0.0,-2152.9276113890196,-1207.8812427373432,-0.0,-0.0,-2018.7873633896966,-1428.8016350325647,-369.7693593579123,-673.1471552181312,-0.0,-444.955248914449,-263.59212713733797,-0.0,-533.7731549096669,-457.57119244412445,-428.20276906888273,-0.0,-0.0,-0.0,-0.0,-325.13591959441567,-1029.1456942187415,-5887.747084846631,-0.0,-0.0,-610.8117050234389,-589.9709168770493,-1609.7304969987326,-550.1847331717468,6.375185833688116,-382.1178522097666,-0.0,-537.9428328797754,-478.47834783097045,-0.0,-422.07452154048036,-952.5340861537626,-0.0,-0.0,-0.0,-0.0,-0.0,32.194601960027,-1776.6646597663255,-0.0,-1124.766009342557,-747.887112415789,-3.3661020100687584,-1417.2605575185955,-812.1509378927541,-812.2292200415347,-1187.3495583429935,-65.46509417557478,-100.43491352732056,-1055.9978408068077,-589.1717970102247,-570.2934044840903,-0.0,-1229.7750711930232,-1140.7595655587463,194.89062234424236,-0.0,-516.6627337888901,-599.9421245594966,-825.5519013489048,-55.083193122614134,-0.0,-243.52229346379033,-0.0,-0.0,-2066.0439941430686,-1776.5564701593796,-1606.7675918211764,-1434.3791760334411,-0.0,-1044.7125704380119,-1722.846745648808,-0.0,-4457.06509250278,-0.0,-0.0,-0.0,-0.0,-880.4672299401041,-2059.3160834433934,-1939.3401826120737,-76.44531993273193,-1653.5108743632588,-0.0,-821.95337676349,-26.334827773539374,-0.0,-57.306395328728684,-465.68199965598035,489.9570393137083,-0.0,-386.7709253895198,-32.07984274209558,-0.0,-1208.4979478625157,-0.0,-1770.2038335839839,-120.67668652275671,-0.0,-0.0,-892.1404185861762,-1327.3159911556722,-873.7240075966166,-1038.0540371523607,-1081.1263179712398,1314.1497872389648,-48.50175770012069,-673.0134701616963,-30.207195296546924,-2075.176595050061,-683.3087263666263,-726.7532486390909,-390.08625865797615,-1368.7288873684245,-1446.7555503346439,-365.1534526064309,-2077.0252456488656,-279.0807587261417,-0.0,-0.0,-42.4881913061227,-0.0,-0.0,-0.0,-0.0,-0.0,-0.0,-1415.1486055524613,-518.7037406351222,-991.7847797769234,-760.0572604080584,-0.0,-487.38842578025447,-1040.0866239068262,-931.2802069212885,-1856.8301016132264,-1110.5903713932087,-73.79814199958392,-166.0860691146808,-816.9293400460358,-1237.3409821448506,-0.0,-0.0,-0.0,-60.628785994363064,-690.2638132427372,-131.38241296687696,-414.2623091736016,-850.0099487211756,-0.0,-0.0,-0.0,-3443.461242744006,-0.0,-106.05125098829724,-0.0,-185.12536152720287,-959.6412651067003,-1033.382170529349,-722.2554374649831,-0.0,-36.33227858745198,-481.8186018652385,-625.1099667147585,-475.4130999110978,-0.0,-894.7875655925449,-0.0,-0.0,-2308.423860031634,-0.0,-1169.5449074133592,-542.0356257998429,-351.9636409741736,-234.60046210856186,-1194.6772497560669,-2346.2364143919604,37.04504198508069,-1930.1030627012126,-1435.53061289446,-371.0588856597821,6.317104629594885,-0.0,1249.3525824248686,932.902663871526,973.4413403174474,-0.0,-0.0,-0.0,-743.1517284476093,-0.0,-244.88911143601243,-153.64300345827425,-0.0,-3081.1171283644044,-0.0,-1210.6317670482183,-69.97044687282285,-916.4817266719708,-502.7179243004571,-1256.3393737258964,-1043.6641305231383,-0.0,339.93927277374564,-2224.977168227454,-1424.9703806615728,-394.45148793736723,-1039.3663701903404,-1445.108804490068,-0.0,-0.0,-236.09116934648017,-643.479326743356,-1920.1058111889429,-694.8253812252989,-31.498193671151974,-0.0,-0.0,-594.4892500624119,-0.0,-0.0,-0.0,-177.5839667760345,-1201.2655993159412,1395.3946304364881,-1136.301730421108,448.1029799697783,-619.81728526756,-860.7201701766242,-9.244917188582075,-4174.475919710826,-324.5953618441924,-0.0,-63.727441677739655,-2022.7510427433303,-1481.6487005550525,-0.0,-23.188165291809224,-0.0,-551.3068834589305,-21.641912822785763,-1602.3906983550228,-1321.6409075463728,-0.0,-270.0235573458074,-0.0,-0.0,-0.0,-641.7791022289349,-878.452316663711,-361.98701458156734,-971.8326878018452,-1505.37490154544,-822.5897191040162,-369.0062852634423,-414.29791147562577,-94.24366349793665,-1408.8167106961787,-528.9324488173124,-862.6737831284213,-1046.7086638526268,-1241.3733548769808,-1187.0242077900944,-325.64207305360657,-1275.9038510525409,-0.0,-0.0,-0.0,-1830.851482846897,-0.0,-427.8585398799914,-1031.7562432608863,-9.430584900700945,-668.2656493245003,-521.7567905618583,-811.0771544093155,-620.1007429909788,-171.80332747352014,-1599.3329110148456,-4491.561795616887,-234.2252330520698,-26.633969536363818,-0.0,-97.07208644287194,-5828.443946602805,-1567.398016528452,-583.9878447179416,-2050.444401437538,-181.03358314720109,-0.0,-20.520928658132668,-576.1119651503353,-106.24215946067845,-957.4168211214742,-913.0070107674849,-172.33808089496245,-0.0,-595.5448249389273,-1612.47184897116,-1660.455409580101,-1620.2806573343446,-0.0,-1300.798834977939,-0.0,-44.738086499107844,-743.2550761577245,450.5931800930442,-0.0,-0.0,-269.2401727543535,-853.3568933961278,-630.3445646860548,-1078.1229565570518,124.73110814362974,-1218.78369914477,-110.30043662046693,-281.57286672462595,-1781.765411547588,-1628.9041742967743,-324.2111770272206,-0.0,-0.0,-0.0,-0.0,-0.0,-1735.1914313280224,-0.0,-534.3060453752895,-683.1122056273575,-2202.5887618143147,-0.0,2.902269158722547,407.2993365107428,1741.7966682386952,-531.5212770006192,-1109.1162448770742,-0.0,-1128.824763619952,-3078.446130331321,-726.276524176193,-4679.85962696335,-1011.4790443635933,-0.0,-649.9856744240184,-1990.7972894927302,-170.70241719204486,-0.0,1033.1724919679314,1152.6658592846127,996.1411476288628,-0.0,-0.0,-0.0,-0.0,-73.70392536090054,-1976.3793332253022,-69.85700317087807,-0.0,-1701.4039312124546,-977.185211429117,-396.2681331667562,3.5460908612855606,-0.0,-178.19547284488496,-680.667746262036,-0.0,-0.0,-41.01360972390161,185.16368831864483,-1895.9793626825817,-0.0,-718.7155847269344,7.486992122112161,-62.672881959933974,-0.0,238.64687746788198,-80.88644330407139,-395.72667341711286,-1580.686476165745,-0.0,-49.51197053867649,-1035.225125180794,-863.4229086283541,-36.8842814758926,33.23747878536496,-0.0,-1045.6462443137088,-666.6561987299085,-7.226703667953288,-0.0,-0.0,65.88654189459166,-202.41532255690507,-139.18805446278506,-70.41618091274805,-10.398146206480792,-152.19094374140525,-638.9052308741444,-826.4594418951026,-428.24111192796937,-0.0,-1854.0357396422116,-838.0951159066991,-0.0,-0.0,-896.900079092045,-1795.742486246976,-516.8601298383212,-6.334556524351168,-2286.501677927363,-105.70269451531027,-70.13347394991523,-923.3293330999122,-0.0,-306.4317959932665,-1235.1684855881786,-3.1499762623890684,-0.0,-2830.848884871084,-132.49690079676637,-1300.6132450066536,-785.2678512914276,-1048.358348436252,-2034.0620789900352,-68.6173903215371,-718.25309437556,-1622.3493457817417,-1025.4628095560054,-1032.2564169360799,-199.0750946985088,-1568.5948068984321,-0.0,-2260.4388795469963,-0.0,-5487.749341075463,-196.5944070738385,-70.46743090152111,-1240.8013875203353,-0.0,-0.0,-0.0,296.0761750264505,39.40333100255165,-751.6793537892074,-1088.3261179361762,-370.7515810221516,-888.9841079786249,-0.0,-0.0,-1268.367950535961,-261.73154105056807,-442.84332516660504,-144.8952984365274,-0.0,-1366.6346501306393,-294.5292729446651,-1647.295663096025,-0.0,-30.934421138821815,-0.0,-1577.6991137098998,-662.2271448671197,-1410.208916043819,-0.0,-0.0,-1250.330083743125,-434.1503674376976,-667.2728285226206,-1306.2065464046664,-387.8240966021927,-1203.5940475141306,-0.0,229.48315616792843,-1053.0515160965583,-3587.643314375353,278.2515156291769,-1056.899919332596,-6474.685923021749,-522.3246678716404,-565.3876775422858,-190.94720712579164,-153.53965758154573,-794.2544527901717,161.9051422053116,-169.46154302120866,341.1222673891065,-943.3920000088084,-484.26812121126125,-0.0,-1007.0897565037926,-1572.1991442927235,-760.8181758619558,-331.40747945573986,-0.0,-0.0,-28.23104484193507,-875.430168072984,61.74637886205184,-1821.7049458467645,-0.0,-0.0,-378.4406274615636,-515.0785378577981,-822.376240795529,147.54682891187483,-2218.8962214335916,-1218.18558513864,-1073.8833735435758,-195.0500441632943,-0.0,-326.4220676582089,-0.0,-497.8402166137914,-19.842179191040216,-1145.0358881580541,-426.05712970157134,-884.1828395773371,-293.51795009532117,-270.29254725448504,-0.0,-955.4040724057226,-580.9195057201105,-1050.5433221933338,-0.0,-2771.9625911505523,-1144.830958267599,-1056.2991981759842,-684.772140753583,-938.0366358325095,3.190884560486343,-1859.5112028801175,-650.987322241452,-1026.3263522703344,-1620.5131565767474,-259.3387824477626,219.8295695044158,-906.0522948947392,-0.0,-0.0,-16.671621234882483,-50.79360286146264,-15.862034680847197,-224.1186543110773,-0.0,-0.0,-0.0,-0.0,-0.0,-0.0,-0.0,-0.0,-0.0,-0.0,-1208.6395281087391,-2015.249629511228,-1801.627217922865,-0.0,-0.0,1466.0299072183325,-390.48685508509453,-0.0,-421.6002144825836,-389.34663370355213,-851.18508504296,-822.4031779290232,-971.6921028467817,-0.0,-545.3907932538182,-351.467488089068,136.65201584861632,-0.0,718.028912034561,-0.0,215.7614881407106,-0.0,-273.75970580983284,-0.0,-320.7662215621513,-999.6373352747753,-1669.8088588540732,197.3115906747857,-0.0,-0.0,-0.0,-0.0,-0.0,-301.49352925346477,-70.89253676118327,-0.0,-0.0,-0.0,-466.68909335637613,-0.0,-36.832027382124075,-538.797082362204,-2745.4839910217197,-0.0,-1122.187090853754,-0.0,-511.4812470375282,-0.0,-0.0,36.99744749564372,-0.0,-138.58565346311283,-0.0,-0.0,-0.0,-805.9965783121505,-1551.2639099727278,-0.0,168.39923433731008,-1982.471427000296,-0.0,-61.58455859200388,-227.84870828062697,-0.0,-0.0,-1253.0295907639986,-0.0,-775.1938748291183,-1108.1926055241643,36.61913186433564,-2326.4162586805655,-1447.8017871767468,244.25052665150312,-583.72040838605,-0.0,-874.98944012432,-0.0,-0.0,-0.0,-2931.7379181631463,-720.3960362231486,-1300.5351851380465,-0.0,-325.5091681671135,-3.3374841470925434,-1098.6350061085175,-1685.9979358811852,63.85940623131181,-2556.4383823483463,-0.0,-1618.6737952577746,-2163.262389259098,-0.0,-0.0,-0.0,-0.0,-1985.195621204277,-135.54569913774563,-1233.3867614297649,-0.0,564.6720468559781,1089.1407468608243,-0.0,-0.0,-766.3593055205654,-741.8912226356832,-280.40478336115393,-15.877854517164534,55.08680858456101,-0.0,-1050.692548630438,-0.0,-240.9575334640497,-858.3491950316029,1141.1741454832213,-0.0,-0.0,-0.0,844.0504765914343,855.4830189518199,-635.3567962467082,-0.0,-1138.039966200325,-0.0,-939.0228834233978,-595.778055450931,-0.0,-0.0,-0.0,-0.0,-0.0,-48.42351232177556,-0.0,-0.0,-0.0,-981.8951827348495,-238.40973100165834,-0.0,-0.0,-0.0,-122.97212987314089,-60.614939872135395,-543.5432973418426,-597.4763238790382,-2054.0733015514115,-931.8039136919427,-828.5973044328426,-0.0,-2287.162302926348,-35.79296147994167,-0.0,-810.0205733640805,-2025.5987587611653,-609.4021393831748,-427.2240771887551,-1080.7302396441573,-226.12893091241506,-562.5668782991377,-655.729874743142,-908.3441571712525,-219.8041880648941,-1414.5355104637651,13.707706127862382,-322.26984978160453,-0.0,-0.0,-673.3962851398521,-3074.008649144064,-0.0,-795.8701222752444,-434.90811086371684,-0.0,-304.3843656900618,-469.73668932216276,-651.6463256373478,-208.5910073183078,-0.0,-0.0,-0.0,-0.0,-0.0,-36.2393173860256,-0.0,-575.3656237798318,-0.0,-0.0,-552.7056605825549,-882.0257392208919,-2168.425365077603,-369.88703988183534,-527.2068760021452,-85.2116145038174,-1717.3450922579589,-0.0,-684.2082569574959,-447.47758668870347,-380.34373443732073,-1114.304149648467,-841.5140128746305,-1319.5324991073946,12.821354963690412,-346.11976526603905,-0.0,-922.4089735757286,-908.2798156027079,-116.59446074830274,3.1300527140160694,-2130.0470137283132,-954.8501448475306,-559.2329605052471,-0.0,-594.4062314709487,-621.3373002156947,-452.3986643267294,-1825.8232210309886,-3.104863100758538,-0.0,25.485233194377344,-0.0,-0.0,-186.13337699432978,-3226.1481949305416,-155.45682811787796,-1329.4653864649076,-2879.224677550176,-0.0,-3903.7270676331423,-219.9994631409621,-1702.5947214140292,291.5212175040698,-0.0,1352.0623160143286,-726.9849793313774,-0.0,-1710.7901202580767,-0.0,-60.025686935484885,-36.48566213020899,-0.0,-0.0,-0.0,34.74835968826889,-0.0,-0.0,-0.0,-510.1134269210218,-1138.4871214508685,-662.5266240009079,-0.0,-2798.3525281514826,-0.0,-0.0,-0.0,-210.33754238001205,-306.4159183887599,-0.0,-1878.3776655770016,-0.0,-0.0,-2846.678349345549,-0.0,-21.762069736504444,6.553986588352195,-388.0884947426472,-17.7897995009411,-0.0,-0.0,-203.50524485486795,-0.0,-0.0,-1120.467036574345,-1049.2203210493487,-1144.8565406321081,-0.0,-258.8297253616333,134.48605073836757,-311.4626640959082,-12724.127054892328,-0.0,-538.0418532568232,-1116.2047545773748,-555.1705702306703,-0.0,-28.789465256357932,-13.186961904181606,-214.40993240531225,-887.9991147062761,-0.0,-0.0,-0.0,-430.69596243308143,-1997.2880773954892,-1210.0793124927657,-0.0,-0.0,-0.0,-242.95882977804874,68.9534957594849,-7.033816444757137,-1035.200930319317,-0.0,-0.0,-845.8621315878501,-0.0,-0.0,-0.0,-2166.438122231896,-886.2524220688422,-0.0,-1009.562540038072,-504.36299393205684,-194.91516825272555,-552.1619290091525,-953.9804156453913,74.03666785136203,-1044.7185680553414,-975.6580089322861,20.555324971918992,-1582.5813565613914,-0.0,-0.0,-0.0,-0.0,-376.37220682295623,-0.0,-0.0,-516.9509440922639,-779.7859919287644,-578.0350618804949,-0.0,1332.7789312232142,1063.0148404283557,1156.3899680370469,-0.0,-0.0,-0.0,-765.1348204529161,-33.95745007182994,-692.040437250266,-64.81062219284244,-520.7671391090787,-1480.5796237476084,-1031.3077397731038,-1779.5508718113038,-0.0,-0.0,-0.0,-0.0,-389.1154178280276,-652.698975510324,-1366.018436372267,-366.94415340342414,-1256.7163168675752,-1443.9283227858994,-1795.406995666924,-0.0,393.6630080510783,-368.0235655779336,-325.27102787528884,-107.03392007492832,-3865.8508375359806,-58.06708560694241,-0.0,-738.4759970827212,-1272.7583503279748,-0.0,-50.894583826220845,115.43115105054757,-70.69326302387105,-415.21463093750185,-1745.9224227439504,-131.15774590501022,-1531.1540820695416,-0.0,-1582.3251243762434,-1616.2252333256965,-1097.184051926195,-0.0,-1351.0940794218761,-297.4346004859384,-567.4840623424394,-936.2238024976825,99.90925060539043,-1495.2676963945619,-1148.4386454607702,-0.0,-97.0215006760061,-0.0,-0.0,-0.0,-892.9148338490726,-527.9227071956001,-0.0,-0.0,-0.0,-2854.8043482309827,-1527.481075947092,-0.0,-0.0,-3.3504399419134314,-1294.8246094975423,-732.1663877865727,-0.0,-641.7920466871965,-1094.791748447032,-440.3544301463664,-20.546199549735,-854.8025982559466,-6.1454972937880425,-1240.4740921718476,-1407.380381723847,-0.0,-0.0,-33.49247511077198,-0.0,-0.0,-1078.8464269700178,-70.74083914458784,-416.94414027606683,-0.0,-0.0,-0.0,-732.160250028669,-262.1380115383016,-93.3430824445876,-388.24026850710493,-203.97850943202187,-1723.3744814651593,-284.48438585954875,-451.94817692042915,-929.2650733392943,-0.0,-323.6157021092389,-0.0,-1681.4044794811443,-1303.2673039553165,-1344.3804955248645,-344.3139757737515,-209.05067811999677,60.32776141677027,-837.0984680340584,21.151456449774816,-0.0,-393.255819646403,-0.0,-0.0,-394.94947027489883,-105.62416814938669,-2374.0775423957284,-2477.0926099075173,-459.16700990204856,-0.0,-0.0,-786.5459754636829,243.37238713315747,-0.0,-0.0,-0.0,-910.8042917614337,-41.125124874735576,-432.9931882145506,-3275.3378758298804,-1212.6926177842504,-969.0278156799245,-358.8652535519281,-155.62104736855562,-1038.0402797239717,-597.6396310413857,-456.325162964895,-0.0,-574.4368470978148,-548.5155051632229,-1626.0364158371642,-0.0,3.667131836347053,-10.960416700870308,-0.0,-0.0,-1475.650853975658,-0.0,-3313.442687971436,-1045.4494681465376,1990.1177842464033,2469.6618529587636,-0.0,-0.0,-641.1025726877137,-887.3269862281595,-495.1650268307364,-288.99096353856515,-2659.777690318245,-546.1719574270173,-0.0,-0.0,-0.0,-1000.8913516051194,-612.0631235725602,-158.22282819672716,-1989.9044164072825,-1002.519342576264,-23.183714349541557,-354.57261604333456,-954.5600645603362,-242.94909921272742,-440.1051359381704,-0.0,-54.99963700440873,43.54484220042399,-831.92260231379,-132.5471596426055,-0.0,59.29775169231247,103.77634495625182,-156.10149689519167,-1076.900714776113,-1754.857282236806,-50.4767705952817,-757.621485484623,-1244.16892065923,-0.0,-0.0,-593.862586836448,-0.0,-0.0,-0.0,-0.0,-582.7877167991636,-19.318789860157793,-1194.891436331565,-1112.5680503296892,-2078.974968055509,-1077.5897679137145,-0.0,-534.9392309400416,-0.0,-1247.2301376951925,-1479.7377157506476,-1108.4626094749951,-832.2754452725675,-0.0,-1792.5407549351755,-0.0,-0.0,-0.0,-2826.637717259993,-1029.4826055260799,-243.36818137440363,-793.7141731924876,-724.6707659968481,-746.4950874006719,-0.0,-0.0,-0.0,-36.15101677043605,-4234.6951341126905,-594.6507706135802,-1726.0321907346245,-3150.1268064382903,-1865.7605901348682,-370.43416663164027,-0.0,-1471.624997741416,-642.4439095995155,-0.0,-293.6662673953838,-320.90479228808454,-33.07351697994748,-887.4821187743843,-218.24085304586288,1188.6677533568343,-370.01121590836783,-0.0,-0.0,-850.0078852165543,-725.2291199400737,-2138.5159382160705,-234.88407262336582,-0.0,-0.0,-455.8280120831403,-0.0,-0.0,-0.0,-0.0,-1106.925171487383,-568.1937721639166,-1171.6585420804975,-395.7766890728396,-3.17133374720228,-605.1967249672498,-0.0,-0.0,-0.0,-0.0,-2109.5933017111274,-0.0,-0.0,-0.0,-0.0,-0.0,-0.0,-640.6418721266188,-0.0,-2196.1430080072364,-446.44850234243063,-194.0535772850542,-1061.6398556743463,-0.0,-0.0,-1211.8952228532246,-1180.4136381453482,-3.151778563797201,-406.87814219142246,-48.035499996600905,-1603.9230880097728,-774.6915565832071,-0.0,-3289.2336887769607,-1093.6338289858088,-0.0,-0.0,-12.44305281886688,-350.14034935821843,-1011.5918287101296,-0.0,-0.0,-20.27286021770707,-1254.4615904838658,-495.93423630079707,-280.1495664205776,-62.06039421283729,-1565.9873455898821,-0.0,-0.0,-0.0,-0.0,-0.0,-473.091614234598,-412.31770773145763,-491.12681921245974,-3677.259523473644,-1394.9405571356697,-1065.3202163443173,-84.1355817514784,-928.0416863649801,-933.0099805930419,6.294269423347443,-0.0,-0.0,-0.0,-499.53812067652007,-378.264479219061,-1505.2819369889528,-501.5714181364021,-0.0,-1375.1803751711964,-0.0,-588.377060569739,-0.0,-0.0,-1691.1997016339722,-456.96067563534274,-478.5460359774062,-1235.3969865088852,-102.36318988229576,-10.213299788409998,-595.8861611861723,-1225.186357816574,-0.0,-386.8687340701251,-1043.3814971088518,-3324.292654506487,-0.0,-245.2512051389054,-1776.0028585519406,-1145.0264921804892,-1087.7490320731947,-424.7498307054922,-1001.7620696840679,-0.0,-291.0031391582629,-0.0,-213.64045368906216,616.2334167038088,-0.0,-0.0,842.0849843072891,-0.0,-1871.8563232908157,-618.0090708112693,-924.0702124602104,-993.7181574272475,-1278.108128397428,-309.9360402453254,-122.96833662675684,-0.0,-0.0,-742.518423968963,-915.2884797866058,-662.4782729596678,-0.0,254.172074177429,283.4618904241176,-195.73927441696122,-2326.422908214583,-1780.9913775219097,-0.0,-0.0,-1202.3152926073194,-3283.7204046977645,-2223.8592862228415,-436.74164184502973,-896.8231275859358,-942.1055626707196,-0.0,-181.85049985576038,-0.0,-524.5391841800218,-219.7350954393252,-1394.0383495929814,-2239.8620326598148,-270.5402724311604,-447.3691034886872,-3867.374461739124,-1204.5381985264085,-479.14053109834754,-212.45899092089377,-1289.023049080113,-622.0970776644975,-3.3757355141913257,-1327.647054501538,-1334.3111911256206,-0.0,-0.0,-598.8008842754327,-1092.619672029946,-293.8947557534333,-3.2500310778739268,-0.0,-0.0,-0.0,-0.0,-0.0,-31.758511048147383,-643.2397722442151,531.699152749777,-379.00985307145254,-738.2795168441737,-440.10372514673645,-812.7714582999712,-1341.7741055653498,-1015.4374570197945,-1408.3744040768424,-227.10187614570867,-506.5275061181243,-1316.5890210225937,-602.9512438181009,-0.0,2421.605746076275,-227.3813552312917,-62.3016781262913,-0.0,-853.8899476674676,-535.5160682916346,-1241.0419423155618,-1527.1449850514884,-2035.223395570627,-0.0,-0.0,-0.0,-0.0,-923.9754325526341,-1356.8802870920226,-0.0,-766.2777119725278,-6.738135637372167,-0.0,-0.0,-0.0,-2335.1062206391107,-736.2037169196886,-149.53031887946688,-44.25090648985935,-0.0,-0.0,-1060.5108092923958,-1211.275933952978,-669.8700511902363,436.5412896984637,26.498789344572227,-0.0,-18.563771191215448,-0.0,-1283.4737410980356,-444.04310621337817,-1160.2140391616138,-1396.067407749452,-1450.7146889789992,-36.018861633418084,-0.0,-0.0,-1689.8306330893004,-302.9462910253938,-0.0,-0.0,-182.32767566300998,-0.0,-36.174823577645085,-0.0,-1193.9729172838302,-680.46216406983,-0.0,-62.532268563560095,557.679455086697,-0.0,-168.76460637494037,-2104.694462505794,-0.0,-0.0,-627.8002188164738,12.475722554713089,-0.0,-0.0,-664.090699196351,-1209.7196246265926,-0.0,-717.6723746802363,-0.0,-950.9344965386459,1439.0243531507774,21.441238355119147,-1433.910541391958,-1562.7476205304652,929.599715641046,-0.0,-1936.1383355634723,-650.7381794281789,-811.1672114183118,-0.0,-531.2376247008997,-113.13336309622846,723.3801655771562,-356.01847593385196,-1274.4160631603359,-0.0,-0.0,-0.0,-758.0760862371507,-522.4562352129677,-653.2040340945667,-800.7628884428691,-963.3593538388827,-23.646263661299713,-944.2451522616357,-894.3143214800245,-1123.8747025066384,-0.0,-0.0,-420.2241865114933,632.1401175188944,-5562.672524884205,-0.0,-1051.5634036037316,-1621.5165443296971,-766.6827219841267,-683.1918138630632,-54.770639556298285,-2313.6640536492696,-319.34840902888277,-0.0,-901.767036755181,-720.4367124195338,-550.743942006903,-0.0,-1258.8716129193285,-1653.8510826963227,-24.516869119422456,-973.3336484730384,-2258.197181570362,384.13784245916975,-0.0,-361.1479691008491,-136.06101752197745,-1028.0311877520037,-855.8910725653674,91.50765102480364,-102.54031632146211,-721.0791207311528,-410.0553269938798,-464.15135801094345,-571.8522706808059,-463.05673389892706,-0.0,-1161.1082248311022,-0.0,-980.4439938088016,-571.0752180443995,-131.98719856918933,-0.0,-1414.656948829286,-4108.789932620455,-0.0,-371.48042758389363,-0.0,-2142.604027535912,-202.70403048189672,-0.0,-334.82205853977496,-365.2054991886689,-0.0,-1827.4698381841579,-1303.6764544941852,-0.0,-3590.948761391548,-101.51762972259756,-1091.4029407985527,-1201.7551133007003,-1480.457706122757,-96.92224337678186,-0.0,-810.702986781221,-1806.912151633645,-489.90930576121497,-849.8595039587327,-924.2745643584879,-1497.2821799011926,-2042.456407495711,-818.6122701709368,-1565.5820548958557,52.550023450818586,-0.0,-247.22793783680737,-1068.0387078488577,-908.4804618989891,-0.0,-0.0,-0.0,-355.88239078843503,-418.62793335459327,6.361238161350046,-494.35121682139874,-0.0,-1004.1583718466046,-626.061366818995,-506.4129326723615,-0.0,-0.0,-245.61834437740143,-1338.2411562501802,-848.5421505678727,-262.7627010409737,-773.9599438978322,-28.556817691916343,-0.0,-0.0,-2640.036265287901,-952.9202784214859,-0.0,-0.0,-0.0,-74.742906637548,-897.8358483743847,-42.64729462666207,-1514.1907058334464,-1469.1570850625758,97.06439228032,-0.0,-492.76798950146394,-0.0,570.932303338436,-108.10515678939781,-0.0,-1364.7886081928627,-267.0496016458692,-1510.1630364517061,-0.0,-1288.612158867905,-508.43917934722214,-167.87915187208574,-10.497862811899516,-30.538035985148216,-0.0,-0.0,-596.5196231078135,-1099.5268909660635,-0.0,-455.0472547749404,-0.0,-297.1283628208299,-446.2079809015038,-0.0,105.7811038465277,620.5511684964052,589.6064001963706,718.8527413330384,633.7276043135191,670.0586557259132,-0.0,-0.0,-0.0,-0.0,-0.0,70.40657930890099,-0.0,-0.0,-469.0678038546529,-129.0174009120938,-412.4427303828886,-74.21828583925308,-0.0,-784.4895687839584,-1344.551674134152,-1453.8358132816531,-201.87439640629742,-175.38363304981635,-0.0,-0.0,-541.080142250585,-0.0,-0.0,-0.0,-0.0,-2488.4474772420012,-0.0,-36.30046617826069,759.4628949790256,-0.0,-886.4665012447491,-467.0709988074468,1317.0857844754603,-736.4909955519207,-0.0,-2660.2758610754686,-1729.8822173888354,-168.85136777707424,-712.8622928957188,-1114.986067573204,-467.35978135824837,993.0869244785276,-64.744281315966,-487.8617797578107,-0.0,-0.0,-430.9341795851218,-0.0,-656.7197123560458,-0.0,-383.75275525693877,-31.143502199293543,-0.0,-0.0,-925.9534489747278,-0.0,-0.0,-435.8795886237585,-1061.7178523118553,-1546.9976809076065,-0.0,-0.0,-0.0,-1427.8243167498015,-0.0,-946.5942284488002,18.735000711208745,-0.0,-0.0,-981.3791632121884,-749.4109438591487,-1063.2493574139316,-314.416687255314,-0.0,-1143.8619684144767,-231.20751038202707,-0.0,-0.0,3.269251758429049,-31.48449836601026,-3823.8097338768175,-0.0,-98.38332281689961,-26.011220930467946,355.66753263262433,-70.61911476224603,-820.7450928517129,-745.8784890709869,-370.77762222220804,-0.0,-0.0,-1480.9119970162699,-0.0,-0.0,-0.0,-0.0,-0.0,-0.0,-0.0,-139.0657285680999,-0.0,-0.0,-1649.48634317221,-6014.664038602418,-97.31967258772988,29.14851405738508,-371.2417323233355,-586.945796663538,-93.54407700492142,-3640.2665963687255,-222.95317211754525,-254.2533242207833,-0.0,-0.0,-0.0,-1675.4489408871184,-0.0,-32.18536802141578,-0.0,-0.0,-0.0,-402.2546053237005,-9.555028777361184,-228.5487718164655,-1228.5504981318431,-531.821079472978,-61.19521845476787,-2135.0221913468517,-0.0,-71.18117851618551,-1811.3171581240404,-0.0,-921.5525574264012,-62.748709810894894,-1291.0152806362541,-0.0,-0.0,-903.9050238305388,-500.3503677772648,-28.717081097126407,-716.2374822228791,-688.5958992115169,-587.687433436448,-139.9862923362571,-578.7619442653888,-605.095869882173,-1874.4057359120952,-848.7257347454678,-0.0,-1295.1896483353191,-303.10834050985267,-569.0975822922408,-0.0,-0.0,-837.8121120910348,-1949.0660833274026,-696.4484316910386,-0.0,-0.0,-0.0,-3317.9083299388335,-676.6572223901002,-162.89823438726873,-278.72535178356384,-35.3666508493763,-3067.492091544124,-0.0,-0.0,-1889.7155651721025,-710.3915422207194,-0.0,-0.0,-0.0,-69.66128756059386,-0.0,-1569.9885233950592,-1500.058240896677,-0.0,-277.97616996099975,201.71999266197483,-0.0,-0.0,-0.0,-838.4983269925397,19.780219608555086,-2015.8190048445608,-465.2772228230204,-939.4889183520157,-567.1677161079865,-2971.9101307620144,-1368.5625652680515,178.81534161770298,-0.0,-2595.2457261908935,-0.0,-0.0,-0.0,-1063.1399308937773,-627.6003326097514,-1291.1641632654564,-0.0,-0.0,-728.1215872996514,-1254.8403297562857,-567.3238692788689,-410.7708310443649,-0.0,-0.0,-1076.4513372200138,-0.0,-0.0,-0.0,-0.0,-0.0,-0.0,-460.70658370995073,-62.77711071697155,-1106.5089536746275,-0.0,-571.6330576562119,-1006.9187363066285,-28.441292489359075,-0.0,-0.0,-0.0,-0.0,-0.0,-0.0,-0.0,-0.0,-0.0,-0.0,-962.7638523377948,-1651.717886256277,-0.0,271.99289202803294,-0.0,-560.524973727037,-82.69158469777561,-0.0,-631.2630136146108,-366.2628832670653,-72.51929187011969,-1652.660327041408,-416.2488201040818,-2389.332343219982,-146.87087353591366,-1854.4702168907397,-1515.7038952167659,-745.7421904821367,-3.642381151265871,-0.0,-933.136479440266,-1822.4040625221967,-2056.705415300803,-64.15123454292218,-198.000794174306,-1447.9091057065787,-0.0,-2204.937457198721,-329.0111063303559,-0.0,-1417.9728282302178,-0.0,-673.0405516855341,-0.0,-2074.9423713886335,-0.0,-0.0,-74.52667331000742,-875.3307925933934,-456.2844304060156,-0.0,-1165.9618134264106,64.83696186630954,307.3398521988899,290.6892378596953,-226.29003622751623,-1441.1065160702933,-507.35196716363987,-0.0,-0.0,-4462.248895015169,-935.2024209193644,-0.0,400.1753234129008,-0.0,-1616.7666953092619,-429.65756945178464,-585.0987317636622,-0.0,-0.0,484.6990748873365,-0.0,-733.7557357559319,-1036.1338255108908,-1563.157888793767,-0.0,-507.2005185016189,-2601.397155503882,-837.1233381585846,-0.0,-1182.3859621154636,-111.17278381219282,-982.6780777672499,-0.0,-793.1531855795032,-0.0,-0.0,-0.0,-742.300284646744,-0.0,440.40289693425973,-0.0,-321.98747942346756,-628.9059803814691,-368.18263908172963,-873.5454824836323,-525.9989845196638,-1525.676524343509,-1016.249504932002,-0.0,472.6672580678993,-1970.9244327993,-1344.1145355469237,-588.9921921007302,-0.0,-0.0,-0.0,-123.90440569854336,-916.5139618299945,-252.0825628609699,-705.4143083790361,-1750.1602470011944,-2420.4721284774178,118.9178853680298,675.6303919878354,583.057269938764,-0.0,-0.0,98.818171905757,-26.537928822434825,7892.129618046546,9261.704678401946,4802.840968705433,8939.971002771745,8711.678709814862,8003.212370304436,-0.0,-0.0,-0.0,-0.0,-0.0,-1208.9322090930661,-1156.5144404075584,-780.4402022122853,-0.0,-2001.69865635487,-503.4460391738586,-875.4379775609553,-27.427246455901887,-600.2143815681593,-1149.317891843176,-903.0867341539367,-1005.4598295814533,-0.0,-2483.0886980997716,-1541.5744361976635,-559.1169573412948,-101.93815722748106,-2760.039729418744,-0.0,-187.43027715620357,-0.0,-9.472869531996576,-0.0,-94.99157831854104,-240.39983972549845,-912.4893533872964,-701.4983121050498,-0.0,-0.0,-0.0,-1987.5696368860351,-0.0,-0.0,-208.81818032493356,-843.754617258874,-871.7331858846682,-72.19537627806143,-1074.6999332623504,-1477.9765042560477,-268.8352822720879,-0.0,-0.0,-95.50269510677045,-1026.333480746312,-276.840421122445,-0.0,-4741.420931391031,245.5765696009186,-0.0,-0.0,-0.0,-29.603509554971737,-368.69325290383483,-0.0,-0.0,-1020.0462018450215,-1925.5332526825873,-1079.3273644460626,-332.2958380492134,-377.2710114570061,-403.20044801288805,409.5254749089884,-1158.0209779400852,-0.0,-470.469690408999,-2230.672704098225,-413.9450812435747,-7.302697967629011,-0.0,-4.5082831035685516,-0.0,-0.0,-0.0,-1030.8921487307134,-339.64233054923636,-1162.819749177786,-0.0,-0.0,-0.0,-219.3038376692625,-438.19755317937046,-1221.9601775312624,-2398.553628867708,-321.54951401871233,-165.50755803213676,-0.0,712.5928895696212,-0.0,-987.3354375886365,-135.99663830578177,-0.0,-0.0,838.3833055047055,-0.0,-1339.2178018015177,-0.0,-0.0,-0.0,-169.31202415156548,-1706.2270997979442,-1413.9417559297199,-22.1181864179021,-1960.455027444586,-1313.4716258743765,-22.444419164084625,-22.090655369353396,-62.19342717196354,-0.0,-0.0,-1735.6625158984539,-0.0,-4871.286817776884,-0.0,-1290.6692035601916,-223.3105216512758,124.41674546605498,-0.0,-47.845320181368564,-1134.9427242137535,-1280.9710558009356,-452.3837914969801,-30.600272425670788,-220.9301822753731,-0.0,-0.0,-0.0,-0.0,-1033.6663368859188,-743.2542478478787,-0.0,-488.5750643793622,-1066.9218067510537,-156.3863122926456,-64.95179082742366,-0.0,-0.0,-0.0,806.1486346796324,-3.4101468451420214,-0.0,-440.61166035458547,-726.9600935117713,-1204.2779417826468,-0.0,-0.0,-2034.5631760587921,-0.0,-0.0,-0.0,-0.0,-562.3346745071093,851.4885663711905,904.2091846060969,1030.1133209658342,-0.0,-0.0,-0.0,-502.98405021443045,-0.0,-0.0,-310.5187791791558,-564.4851260196215,-0.0,-157.79213505861847,-1164.1604829024157,-1108.9265867719243,-0.0,-0.0,-0.0,-9.342337584435422,-1241.943376977712,-3.125544012296598,371.5178935691871,-0.0,-1454.8043595586407,-747.572275091772,-514.7106969297566,-1422.1615076718103,74.91127381649834,-224.77371715477162,-17.05794687606129,-376.3796443954513,-358.5138904191637,-919.6191464158419,-317.47567142682595,715.7352571504092,-1097.193920582171,-188.22110644767113,-140.9561049444459,-3367.883199401852,-2053.7795536780595,559.9804654624081,-835.3305979387573,-159.14891872424033,6.748337741830665,-629.2429196808324,-884.9974628762337,1556.045850061406,-549.2379963101577,-579.0684981810628,-594.1414807816958,-0.0,-5810.45527420182,-0.0,-439.29186246101875,-782.5885284876776,-556.0886216866508,-780.5665576456053,-1050.8462178239843,-0.0,-819.2557050352823,-136.44862352610764,-70.27778401080128,-6045.985240098075,512.0118822422119,-143.93302364146848,-0.0,-505.3719644640713,-1091.4605819470275,-0.0,-0.0,-422.20702153521984,-1535.8997397368873,-61.89383690668771,-193.2783899484012,-227.44404462571828,-1033.4899413577116,-0.0,-0.0,45.786489694429974,-0.0,-0.0,-1497.759053811107,-0.0,-1532.7497871309752,-819.9677500117027,-1096.1985173253192,-0.0,-0.0,-444.64969644622477,-759.299326981189,-109.85247764736678,-0.0,-395.94785564974455,-126.09855562039665,-439.56860049841447,-0.0,-180.64506046265703,-425.2304191851329,-1921.1960895204722,-832.4601725145661,-1195.9995316116062,-0.0,-0.0,-1218.0208301302507,-15.635956044457032,-0.0,-0.0,-982.409221482284,-0.0,-0.0,-0.0,-0.0,-0.0,-0.0,-0.0,-0.0,-0.0,-0.0,-92.51764093562105,-0.0,-0.0,-0.0,-0.0,-0.0,-0.0,-0.0,-0.0,-0.0,-0.0,-0.0,-270.4857225948933,-0.0,-0.0,-0.0,-0.0,-0.0,-0.0,-0.0,-0.0,-0.0,-0.0,-0.0,-0.0,-0.0,-0.0,-0.0,-0.0,-0.0,-0.0,-0.0,-0.0,-0.0,-0.0,-0.0,-0.0,-0.0,-0.0,-0.0,-0.0,-423.28061020356114,-0.0,-0.0,-0.0,-0.0,-0.0,-0.0,-0.0,-0.0,-0.0,-0.0,-0.0,-0.0,-0.0,-0.0,-0.0,-0.0,-0.0,-0.0,-0.0,-0.0,-0.0,-0.0,-0.0,-0.0,-0.0,-0.0,-0.0,-0.0,-0.0,-0.0,-0.0,-0.0,-0.0,-0.0,-0.0,-0.0,-0.0,-0.0,-0.0,-0.0,-0.0,-0.0,-0.0,-1216.7686093333327,-454.9324921140733,-1588.4800056777674,-0.0,-0.0,-0.0,-0.0,-0.0,-0.0,-0.0,-0.0,-0.0,-0.0,-0.0,-0.0,-0.0,-0.0,-0.0,-0.0,-0.0,-0.0,-0.0,-0.0,-0.0,-0.0,413.1698170424566,-0.0,-0.0,-0.0,-0.0,-0.0,-0.0,-0.0,-0.0,-0.0,-0.0,707.2068855569108,-0.0,-0.0,-0.0,-0.0,-0.0,-0.0,-205.2947829730544,-0.0,-0.0,-0.0,-0.0,-0.0,-0.0,-0.0,-0.0,-0.0,-0.0,-0.0,-0.0,-0.0,-0.0,-0.0,-0.0,-0.0,-0.0,-0.0,-0.0,-0.0,-0.0,-0.0,-0.0,-0.0,-0.0,-0.0,-864.2652189199144,-0.0,-0.0,-0.0,-0.0,-0.0,-0.0,-0.0,-0.0,-0.0,-0.0,-0.0,-0.0,-0.0,-0.0,-0.0,-0.0,-0.0,-0.0,-0.0,-0.0,-0.0,-0.0,-0.0,-0.0,-0.0,-0.0,-0.0,-0.0,-0.0,-0.0,-0.0,-0.0,-0.0,-0.0,-0.0,-0.0,-0.0,-0.0,-0.0,-0.0,-0.0,-0.0,-0.0,-0.0,-0.0,-0.0,-0.0,-0.0,-645.0167366454579,-0.0,-0.0,-0.0,-0.0,-0.0,-0.0,-0.0,-0.0,-0.0,-0.0,-0.0,-0.0,-0.0,-0.0,-366.62131747436655,-0.0,-0.0,-197.32341140104566,-0.0,-0.0,-0.0,-0.0,-0.0,-0.0,274.6507529401261,-0.0,682.528995896434,-0.0,-0.0,-0.0,-0.0,-0.0,-0.0,-0.0,-0.0,-0.0,-0.0,-0.0,-0.0,-0.0,-0.0,-0.0,-0.0,-0.0,-0.0,-0.0,-0.0,-0.0,-0.0,-0.0,-0.0,-0.0,-0.0,-0.0,-0.0,-0.0,-0.0,-0.0,-0.0,-111.8419285706292,-0.0,-0.0,-0.0,-0.0,-0.0,-0.0,-0.0,-0.0,-0.0,-0.0,-0.0,-0.0,-0.0,-0.0,-0.0,-0.0,-0.0,-0.0,-0.0,-0.0,-0.0,-0.0,-0.0,-0.0,-0.0,-718.0853571796781,-0.0,-0.0,-0.0,-0.0,-0.0,-0.0,-0.0,-0.0,-0.0,-0.0,-0.0,-0.0,-0.0,-0.0,-0.0,-0.0,-0.0,-0.0,-0.0,-0.0,-0.0,-0.0,-0.0,-0.0,-0.0,-0.0,-0.0,-0.0,-0.0,-0.0,-0.0,-0.0,-0.0,-0.0,-0.0,1039.112484035991,-0.0,-268.03213678150365,-0.0,-0.0,-0.0,-0.0,-0.0,-0.0,-0.0,-0.0,-0.0,-0.0,-0.0,-0.0,-0.0,-0.0,-0.0,-0.0,-0.0,-0.0,-0.0,-0.0,-0.0,-0.0,-0.0,-0.0,-0.0,-0.0,-0.0,-0.0,-0.0,-0.0,175.0309441450909,-0.0,1707.5269252821765,-0.0,-0.0,-0.0,-0.0,-0.0,-0.0,-0.0,-0.0,-0.0,-0.0,-0.0,-0.0,-0.0,-0.0,-0.0,-0.0,-0.0,-0.0,-0.0,-0.0,-0.0,-0.0,-0.0,-0.0,-0.0,-0.0,-0.0,-0.0,-0.0,-0.0,-0.0,-0.0,-0.0,-0.0,-0.0,-0.0,-0.0,-0.0,-2018.8601156342427,-1200.2530846623715,-0.0,-0.0,-0.0,-0.0,-0.0,-0.0,-0.0,-0.0,-0.0,-0.0,-0.0,-0.0,-0.0,-0.0,-0.0,-0.0,-0.0,-0.0,-0.0,-0.0,-0.0,-0.0,-0.0,-0.0,-0.0,-0.0,-0.0,-0.0,-0.0,-0.0,-0.0,-0.0,35.74271289831625,-0.0,-0.0,-0.0,-0.0,-0.0,-0.0,-0.0,-0.0,-0.0,-0.0,-0.0,-0.0,-0.0,-0.0,-0.0,-0.0,-0.0,-0.0,591.5620682966653,-0.0,-0.0,-0.0,-0.0,-0.0,-0.0,-0.0,-0.0,-375.02095087482724,-0.0,-0.0,-0.0,-0.0,-0.0,-0.0,-0.0,-633.3185630461661,-0.0,-0.0,-0.0,-0.0,-0.0,-0.0,-0.0,1852.642473048055,-0.0,-0.0,-0.0,-0.0,-0.0,-0.0,-0.0,-0.0,-0.0,-0.0,-0.0,-687.4631526503185,-0.0,-0.0,-0.0,-0.0,-0.0,-0.0,-0.0,-0.0,-0.0,-0.0,-0.0,-0.0,-0.0,-0.0,-0.0,-0.0,-0.0,-0.0,-0.0,-0.0,-0.0,-0.0,-0.0,-0.0,-0.0,-0.0,-0.0,-0.0,-0.0,-0.0,-0.0,78.38975227544074,-0.0,-0.0,-0.0,-0.0,-0.0,-0.0,-0.0,-0.0,496.7682578682429,-0.0,-0.0,-0.0,-0.0,-0.0,-0.0,-0.0,-307.7635088775954,-0.0,-0.0,-0.0,-0.0,-0.0,-0.0,-0.0,-0.0,-0.0,-65.71901178143378,-0.0,-0.0,-0.0,-0.0,-0.0,-0.0,-0.0,-0.0,-0.0,-0.0,-0.0,-0.0,-0.0,-0.0,-0.0,-0.0,-0.0,-0.0,-0.0,-0.0,-0.0,-0.0,-0.0,-0.0,-0.0,-0.0,-0.0,-1522.1231616796795,-0.0,-0.0,-0.0,-0.0,-0.0,-61.85704227032463,-0.0,-0.0,-0.0,-0.0,-0.0,-0.0,-0.0,-0.0,-0.0,-0.0,-0.0,-0.0,-0.0,-0.0,-0.0,-0.0,-0.0,-0.0,-0.0,-0.0,-0.0,-0.0,-0.0,-0.0,-0.0,-0.0,-0.0,-0.0,-0.0,-0.0,-0.0,-0.0,-0.0,-0.0,-0.0,-0.0,-0.0,-0.0,-0.0,-0.0,-0.0,-0.0,-0.0,-0.0,-0.0,-0.0,-0.0,-0.0,-0.0,-0.0,-0.0,-0.0,-0.0,-0.0,-0.0,-0.0,-0.0,-0.0,-0.0,-0.0,-0.0,-0.0,-0.0,-0.0,-0.0,-0.0,-0.0,-0.0,-0.0,-0.0,-0.0,-0.0,-0.0,-0.0,-0.0,-1133.939511686353,-0.0,-0.0,-0.0,-0.0,-0.0,-0.0,-0.0,-0.0,-0.0,-1598.2202368373921,-0.0,-0.0,-0.0,-0.0,-0.0,-0.0,-0.0,-0.0,-0.0,-145.9992252770658,-0.0,-0.0,-0.0,-0.0,-0.0,-0.0,-0.0,-0.0,-0.0,-0.0,-0.0,-0.0,-0.0,-0.0,-0.0,-0.0,-0.0,-0.0,-0.0,-0.0,-0.0,-0.0,-0.0,-0.0,-0.0,322.7224238593633,-0.0,-0.0,-0.0,-0.0,-129.0286973226759,-0.0,-0.0,-0.0,-0.0,-0.0,-0.0,-0.0,-0.0,-0.0,-0.0,-0.0,-0.0,-0.0,-0.0,-0.0,-0.0,-0.0,-0.0,-0.0,-0.0,-0.0,-0.0,-0.0,-0.0,-0.0,-0.0,-0.0,-0.0,-0.0,-0.0,-0.0,-0.0,-0.0,-0.0,-0.0,-0.0,-0.0,-0.0,-0.0,-0.0,-0.0,-0.0,-0.0,-0.0,-0.0,-0.0,-0.0,-0.0,-0.0,-0.0,-0.0,-0.0,-0.0,-0.0,-0.0,-0.0,-0.0,-0.0,-0.0,-0.0,-0.0,-0.0,-0.0,-0.0,-0.0,-0.0,-0.0,-0.0,-0.0,-0.0,-0.0,-0.0,-0.0,-0.0,-0.0,-0.0,-0.0,-0.0,-0.0,-0.0,-0.0,-0.0,-0.0,-0.0,-0.0,-0.0,-0.0,-0.0,-0.0,-0.0,-0.0,-0.0,-0.0,-0.0,-0.0,-0.0,-0.0,-0.0,-0.0,-0.0,-0.0,-0.0,-0.0,-0.0,-0.0,-0.0,-0.0,-0.0,-0.0,-0.0,-0.0,-0.0,-0.0,-0.0,-0.0,-0.0,-0.0,-0.0,-0.0,-0.0,-0.0,-0.0,-0.0,-0.0,-0.0,-0.0,-0.0,-0.0,-0.0,-0.0,-0.0,-0.0,-0.0,-0.0,-0.0,-0.0,-0.0,-0.0,-0.0,-0.0,-4550.879245753988,-44.253324409677546,26110.691202671005,-2931.0828941349732,-3257.221153181844,70759.8284274724,-0.0,-5405.2484122816295,699.0817188323805,1493.8544451640048,-21511.509527630762,-0.0,-4167.340939156502,-0.0,-0.0,28458.318954690825,-10519.64680487516,3257.159550201096,5307.080090653769,-3827.910924386152,-20566.61436015642,-7840.108093527392,47.96318197666135,-84.04587754828663,-5824.714485940173,-0.0,-10917.31174088565,-16684.298691182194,13070.587093953,-477.57144551660963,6.829359996634459,38553.08014729752,-2635.8557609676895,-91160.28427962161,-2589.8964413163676,-18526.29916025942,-14195.193692240346,-5383.478980434884,-4835.057909058146,-12363.682970382237,9898.216196756992,-1992.7494888023152,-3532.169232907299,-3083.39793920244,-10596.830398882756,6049.218096504567,33092.380433620114,-720.9777082774827,52.291551409977195,17279.40983403535,4725.492674641055,-457.8086484843742,12894.607701372803,6716.227197404208,-4700.049863073645,-6606.435740552875,-3347.7602450002196,345.1497743405263,-0.0,-0.0,-231.87466966829027,-7018.514303924882,-2838.8170679459367,-2601.8105506353463,-1300.2857626354576,-3972.7656781697956,8119.6684694655805,3637.4512999404838,-7091.958803125689,17300.411465547244,-17608.089560040145,-27998.937232793483,64430.74686013629,-17988.139501839054,-7359.908253245684,-1890.5148621894673,-3027.000382837967,-4752.545707151891,-4658.126983472786,-30153.456783529855,-0.0,-11043.675821444727,-0.0,2476.5836669835635,-0.0,-0.0,-11455.150377082677,-1161.0285372817075,-0.0,-0.0,3272.5338186284257,-0.0,-0.0,-0.0,-6085.6902351141,-3770.231022963369,-6261.310917879228,-7281.997881947089,7359.539366820284,-0.0,-24437.136726197685,34729.45989731834,-0.0,-0.0,-15600.545008089013,-9266.694028708507,148.4667393539876,42.572856644885626,-0.0,48316.62237712154,-0.0,-0.0,-0.0,-0.0,44153.94587403775,-868.815327391128,-0.0,-8378.342833582785,-0.0,-5404.298560297633,-1111.5101667913273,-2874.4019381351445,-14000.969823566764,10161.869780241734,-1201.857582440074,-7408.502922938649,-0.0,-0.0,-3993.221071158365,-5556.057593213125,-9184.329405307326,45840.29740415293,-0.0,-162.03281917611258,10612.289774860197,3158.2073778548847,-1584.141716215235,652.9637757485632,4327.572199896244,-2909.958553893414,-76.98157301669225,-15427.625831783802,387.6643049998632,11807.902735609652,-618.7123184794768,10419.135404130637,43547.591150697175,2318.2594206112963,-59.387280959794474,7631.329890330269,-1588.990743882386,-6677.116654638821,-7710.387729137644,-14162.37131623538,-0.0,5519.67172041002,14229.056237378629,21790.65126246161,-8959.730441743053,6049.845470843314,7723.410268095894,-7738.9371843519175,14495.767266232975,-12739.717118347562,-0.0,3916.9426654116196,-10322.730298866923,-15775.817556406995,-6603.929388908563,19455.932011986402,2789.692833222049,-0.0,-4767.9669675750965,-0.0,-2335.9342489896153,81.81196034657542,-3335.480894187861,-0.0,173.96497958789178,-241.72068948556156,-18305.854751563747,-11540.805398174554,19831.16155973033,-6762.187366952533,3155.04658638387,5448.137777029752,-6303.217419210185,-4440.774529262901,-10022.952677937283,-0.0,-1786.931816765749,-1436.4346405514425,-0.0,930.7074419908294,-346.7543787706584,-0.0,-0.0,-11608.764302282047,-2573.772694324548,2569.561553372253,-3789.1486372318027,-0.0,-0.0,-0.0,50754.74990229002,19282.85026680299,-0.0,104.8351181366674,10616.20405641611,-0.0,-3659.060018408283,-2188.486421409039,-0.0,-3526.2414408477634,-6705.410206639629,88013.19514660793,-9880.251815221205,-6846.920966833018,-26089.352401789627,-0.0,1249.507509344741,2720.516954828157,-8438.48096640031,25695.963492210107,-6068.8990564713795,-31331.538766293404,-11387.656295649442,-7830.055631833841,-0.0,1171.4816735549243,-3934.74861736009,19315.194699811633,-136.64659261850096,-347.9027625305352,-9231.713719156478,-7832.546212470489,24070.24136986008,-0.0,-1796.2842078859815,689.935461450775,-0.0,-0.0,-0.0,-0.0,-0.0,-0.0,-0.0,-0.0,-0.0,-0.0,-0.0,-0.0,-0.0,-0.0,-1620.5894136109157,-0.0,-0.0,2863.754801455804,-11759.346825613546,-537.7007078418374,-7784.249435997054,19870.753144806582,7494.377764964329,-3391.2324084135375,2894.845890869504,32445.684847911678,-0.0,-0.0,-3808.3343422798725,2387.6397957304735,-5777.243714068449,-7921.0912753823295,-0.0,-32.343882333566846,7585.250481010337,-4276.45896402264,-2232.294511483786,2945.3068209017333,-21452.226482800113,25183.42948942346,-5215.497644830711,-936.6224560757827,12347.56815348465,-0.0,-0.0,-0.0,-0.0,-0.0,-0.0,736.3258316520124,39639.8814646449,-7624.532606006331,-9318.820638938842,-7209.64295880268,-0.0,-7833.512675869485,-11199.125659684561,-0.0,-0.0,-0.0,363.8816043222773,360.12958450951083,616.637375215875,2192.0393479395016,-0.0,3023.439655198034,712.8315965279088,698.8737027429235,620.1673672504805,629.0769395404182,2393.591635156238,1534.3378479146106,2476.430881744411,1910.468547237101,2261.5031718189784,2691.996404592425,29026.92984179897,31692.99625203607,31292.35627979357,28729.62069202202,7484.453102679682,7236.396599300142,7367.119157722513,7945.599308962073,4619.196083358114,1723.6071530989948,1709.6720831278394,1918.5581767807744,1959.9317040021208,1861.730844114877,4482.981194827475,3549.573117638731,1042.8622127993021,1261.058937713994,538.702357413183,307.52660799893914,456.47266810752575,33703.91586524326,29268.468911717202,32446.386543103166,28541.990044977665,43367.47832156626,46653.94270705575,1094.6243199113399,963.6821698373464,1003.2147570405187,1057.057020698879,927.0192279398165,933.1161021015947,467.49377921195605,45772.579003534905,43808.80069510844,39694.10741042836,2125.3351932907035,2428.3030393481795,2439.9479803857107,-0.0,6520.820819774884,7243.2254416928035,33318.33578802513,29130.011234258047,30735.632224822824,51025.04978512916,51590.84211141292,51426.04722815628,51962.95286530391,2059.7065761173403,2097.0173926312787,4127.7682894121335,-0.0,17226.16198739165,17171.162005111673,-0.0,1235.1723451536561,1290.1441498080944,1333.1494558575143,1389.855811894225,1256.4104828267446,1205.7277671873612,28373.885747955246,33570.54851599084,33904.52219015877,31731.801444188808,959.8580446784146,909.3061964954425,-0.0,-0.0,14335.240999233929,26999.435118320675,30735.78616324546,28033.830578577294,30456.978116519338,-0.0,46630.43314440832,41695.21748298423,802.1282463624441,1704.427052108979,1621.9235689095274,1739.915370266037,1822.6358366160105,2048.2733538981447,40192.494615542506,44493.62266278819,-0.0,-0.0,14620.187580172566,873.3555726819321,30635.738628773204,32587.11444620272,32029.86948666357,30614.05011672286,28745.733086697124,29462.36524451115,-0.0,13903.64803857718,8850.804013431032,-0.0,-0.0,1231.0589470755074,1189.1049306207472,625.0403141007941,667.4187706878372,391.7509036128545,362.2960571348826,-0.0,967.6365482216463,957.5204481278672,848.6166017285502,985.9558742013232,-0.0,1450.2343704283012,1444.4689663560007,1511.4501579923033,1832.6731881950666,1813.1337878781649,1857.8002906860477,748.2288361065159,679.8148839379278,739.0413380449688,1160.1524748379068,893.7057953137273,836.7908898954004,763.178094130113,865.5839936218592,6836.237672841428,6267.842933406979,205.21057680465822,211.56357797475658,3089.552105171093,13902.273858345492,1177.4617261196386,1210.153492089298,-0.0,-0.0,6229.1181826912425,6338.083532810982,6997.991609371391,6423.160906993119,1626.9377003042916,1635.2297283584917,30049.563160873924,30185.082701240273,6821.740797050936,6647.335702609498,-0.0,46310.9053903897,1663.6489518711442,1757.2549947534578,956.8850275536205,40588.615373006636,40407.36679275035,45262.49606517,44559.48137890246,159.32338943435934,49121.63536654056,42926.5938783084,-0.0,-0.0,20110.96288575661,-0.0,995.5351145185126,916.0650275969201,989.0197422065349,2070.021017874248,7407.310891109764,14113.60624585428,1393.5641442431884,1536.429832090895,20.23606120665392,592.7960860452021,565.1068384300258,14218.114380119609,1325.4592513225152,-0.0,-0.0,-0.0,903.3864175667092,-0.0,994.6988109999955,-0.0,4883.242363021297,5120.190295119873,4521.136160597383,4744.223927607871,753.1862115030616,-0.0,700.9077168277902,-0.0,-0.0,796.5314589893304,919.5882992331707,763.218054041988,686.8259433132315,715.4341129159795,703.6023328976817,1577.2214965960131,1526.4150571650807,1371.3907246848821,-0.0,2479.253130002273,2293.2580369067905,2377.3440097346306,2583.694301495201,3902.416545821455,44533.01172808729,41047.072350543145,9815.75039943434,18458.065245665755,14077.235131507836,13939.863905472599,1400.0038831832724,1423.1474766878841,704.2854845835222,738.5140232808408,1840.9585157001961,-0.0,31503.66039262815,28302.332782781956,1025.6486333392297,935.4460592918888,886.3700143806058,4435.67695405739,2444.6243197965223,2696.4559870330445,29240.577051495136,28323.054426915707,30364.385254610756,32298.922002597075,-0.0,-0.0,-0.0,2190.1960123932504,2061.792343337593,1961.647617837586,8540.944856684508,6484.9887519130225,5346.678174362817,1858.6053827562039,2000.8373501444694
4,-0.0,-0.0,-531.5416484771736,-1746.5752824119068,-419.4710953464557,-478.7022507984904,-77.94762427793103,-539.8020515101135,-533.7240058645858,-0.0,-1035.9098102499036,-0.0,-0.0,-2243.3748760391704,-0.0,-509.66252258811954,-404.54081913101516,-0.0,-34.86420234673924,-201.33843797235352,-255.43921877545978,-651.7081748949341,-687.0230597003293,-567.303276869626,-1836.7826633387049,-533.5914406949412,-0.0,-33.52760876005174,-2380.6583525412634,-1339.2246132495495,-0.0,-0.0,-0.0,-0.0,-0.0,-0.0,83.83930229496242,-167.82940688427377,-1568.5115245451336,-1311.9582684163688,-0.0,-0.0,-105.20514082944723,-490.1450746988733,-117.76833656637261,-0.0,558.8425145714727,-1259.999673985271,-334.6273826502896,-0.0,-0.0,-214.8723353598032,-0.0,-9.825009095602791,-1605.0899755705047,-2343.6397223777494,155.21832393237133,-4824.077536382587,-172.3601721376222,-0.0,-1434.9697634500892,-0.0,-617.7790637123105,-2180.1477856756496,-417.90855591002264,-414.78054634197747,-34.24131362622218,-1648.9724626105071,-742.3834670061192,-358.5226733926391,-2577.8937267419933,-0.0,-0.0,-2087.0106401855114,-911.3906926739832,-200.13943496951168,-1343.257268092139,-0.0,-0.0,-1011.5254604664685,-1169.621699049758,-353.5921621235688,-2933.215494708231,3.2276382787972695,-23.48646350332031,-1498.744122543785,-0.0,-523.7078409559135,-892.2858845377618,-7.3919714583716365,-0.0,-1053.8666609149639,-71.88278387175724,-607.9756801377147,-1916.5712605293954,-31.352215438776625,-2023.8278623441774,-320.96972604880864,-1336.275864546068,-2268.42042971373,-570.8525609946017,636.4286684667654,-415.28337214530796,-0.0,-1170.33970033503,-2025.364266881084,-3593.1781903232322,-430.03591619802154,-2305.253979657696,-0.0,-1328.4446389814955,-0.0,-0.0,-497.37842790238426,-0.0,-0.0,-515.6581354558565,-62.30062089257409,-1247.8385205505401,-810.7362275736612,-695.4936112071197,199.70825325205723,-421.09290123256346,-283.93467213042913,-161.7123430458782,-6.803355411111731,-535.8628240146693,-436.41286013505214,-642.1577422555,-0.0,-4038.994488525948,104.06977074399805,-96.45066920801263,-3383.5417221839066,-0.0,-833.671488383778,-53.121482411229685,-0.0,-265.6203548682309,-0.0,-0.0,-760.9454710295889,-0.0,-517.7826721590342,-836.398445943069,-0.0,-1105.7089105033585,-212.71266389267424,-603.3960127122425,-1609.2890878746553,-0.0,-1460.489940839661,-891.3981064016007,-0.0,-0.0,-0.0,-0.0,572.7442665663336,-0.0,-1495.9775108663587,-1591.5197686511558,11.183741019152233,-0.0,-0.0,-608.6896139822103,-421.7833892321329,-640.9829911722843,-0.0,-354.5309803636422,-2635.933703237933,-948.9864513510073,-0.0,-874.3418892430633,-2052.77792279351,-0.0,-0.0,-0.0,-0.0,-0.0,-0.0,-463.9857367225533,-587.9096270793576,-169.52526830877053,-172.22480227393288,-1013.089702556228,-43.56813405587193,-0.0,-0.0,-571.0984858089245,-0.0,-545.6681064954314,-25.489362241544857,-3.340378549865385,4.439005501516918,-0.0,-0.0,-882.0263676247442,-413.96201735810575,-388.49269744971406,-0.0,-2512.439784973985,-1599.798093536315,-1025.141657702912,-0.0,-0.0,-1693.9814619513722,-1226.1588800071222,-591.7290586434685,-77.05104671025182,-1418.1579814802203,-1096.150381525179,-0.0,-0.0,-1450.389343019688,-0.0,-665.2597805385194,-1010.8048097757945,-103.38768860069352,-370.1589855966436,-521.8762042066569,-466.2650243339861,-0.0,-1397.1390085130292,-0.0,-2347.828166458166,-2701.56532684502,-166.85469198828758,-350.33218129141113,-443.0532400487702,-0.0,-261.1923812572242,-221.37783768036053,-0.0,-759.931262140429,-579.0978799375779,-899.5631248422478,-1599.8697815339926,-879.7719162721377,-1831.0278969008832,-1603.792015656924,-1734.3809525793988,-1801.1671657241748,-994.5283684947166,-1942.836395574035,-454.43264832369755,-450.7430016833834,-0.0,-1063.667122248487,-884.8626394958376,-1020.888890778065,-324.1887906101185,-325.50042060616425,-1675.5315304447251,-667.8209612862727,-321.89770633649965,603.9328298480357,-0.0,898.7132727706881,-1060.7136964532178,-0.0,-0.0,-0.0,-0.0,-0.0,-0.0,-1096.8173775351936,-2050.7982768283046,-417.9854426060817,-864.0361181767117,-0.0,-0.0,-1421.098418012046,-939.4295708753036,-1847.141416188175,-0.0,-0.0,-119.03627113326706,-52.2276059974183,-370.78677346825486,-1366.6022912831866,-422.61821934871153,-0.0,-404.2998951663407,-618.434922134663,52.652554782265184,-1061.0404703559366,-1283.8599722273439,-1130.7366804539226,-1512.4329181826083,-233.8627719618634,-579.3248254396995,-36.6990475455265,-1553.1897204787313,-0.0,-762.8959996208262,-137.6270489262831,-64.03112275742141,-485.59206917835985,-0.0,-1671.9786587690526,-104.24018907283579,-525.1270778705515,-1516.7466764174137,-1121.891737666876,-0.0,-524.3497533979015,-723.1106124614523,-20.84464227367699,-252.73168663248572,-408.36982221486767,-43.186806548413195,584.7710109160186,-1006.238018727791,-0.0,-798.9052437652086,-1131.4901738146993,-0.0,-422.5982827264627,-0.0,-1132.4177864305593,-0.0,-0.0,-0.0,-1055.0977827837353,-589.1890103775182,-368.66431932817056,-0.0,-1436.836349797195,-2610.647510269388,-2725.8119392965423,-0.0,-315.78045537586837,-0.0,-255.05598820736233,-102.67751943517723,200.76441688170277,-461.61776542012876,-0.0,-589.9042424151587,-813.7296173525517,-266.21060220762706,-503.1252850674237,-0.0,-393.0822737237612,-730.1187101313457,-440.62473824176817,22.334620327494697,-1996.7828059350618,-0.0,-0.0,-1310.6995035227053,-191.7964913634925,-1068.109262608311,-79.63073416597119,-107.84917101337862,-205.35588932712318,-503.81605612945236,-796.5082109095832,-1155.5665024962798,-1990.4854227788826,-0.0,-0.0,-321.5419588573998,4271.168329477383,3.7057836268131696,-0.0,-0.0,-0.0,-0.0,-2167.770323993889,-384.63502019873147,-0.0,-808.7609137662777,-831.9248855005583,-552.5890445577623,-1913.8476639344024,-206.20267138766533,-1016.9951075589915,-0.0,-0.0,-1725.3905019776926,-617.0573467465208,-1629.174778468593,-659.5691227910418,-644.107801014664,-1627.251606520987,-169.3911016314376,-1565.6418567278,-1020.404687710532,-25.237627958319386,-790.705109349221,-1012.1883559115979,-185.2282717666108,-217.3194507067351,-1537.6220133650738,-0.0,-458.618531541059,-210.819344533218,-26.113791069781357,-689.575181417929,-161.9809838885559,-710.4190227851874,-751.6782709680866,-1044.394368347277,-186.4140413457017,-2128.912431321513,-53.881296262067735,-436.75151063004677,-0.0,-764.9714924846619,-547.3846638261477,-882.5792950628594,-999.4594503279436,12.504820617361709,-321.1533206906373,-2425.8720068455555,-678.8785495187093,-314.82581165532173,-992.2922057871573,143.5979330762511,-0.0,-0.0,-0.0,-0.0,-0.0,-0.0,-10.647669892843135,-136.7992473323667,-2142.1092183238247,-3846.696191619704,-485.08524669136534,-944.6336754772169,-121.29344230154702,-495.02009513164523,-1242.5219138064544,-970.6124976728271,-34.569174873983606,-403.2652088965838,-469.4180016939604,-0.0,-87.72324581645444,-1026.7290000082078,-460.3862145627371,-0.0,-884.1665044934131,-0.0,643.5485127342549,-0.0,-0.0,-0.0,-36.319371639244764,-0.0,-0.0,-872.1147444315748,-358.7451960192194,-1064.6171228335986,-0.0,-0.0,-0.0,-697.6998837443282,-444.25701968921817,-1150.7671386714605,29.061555289527284,226.75250092330742,-0.0,-0.0,-2610.145638931367,-1046.0472567922995,20.562961990137048,-43.33955909346047,10.817202858357716,-17427.44799155077,-18111.709736235585,-2158.0928848911253,-0.0,-0.0,-0.0,-0.0,-374.64532112854846,-0.0,-0.0,-495.8475399411063,-2079.533771982384,-1767.7004550834977,-1282.2359706355844,-285.834091427452,-1500.5148984295417,-24.599723721598103,-1083.453634694858,872.8437073050087,-6.591132854677928,-883.4113806072892,3.2329275380929583,-0.0,-0.0,-0.0,-0.0,-141.78500472768283,-0.0,-0.0,-0.0,-793.1011868204403,-1255.032103101903,-0.0,-0.0,-215.88383094545023,-1902.8167425025918,-0.0,-1287.5835247611067,-1467.566624424758,-1631.4394482765492,-0.0,-0.0,-94.7566870556796,-70.30159362996378,-985.1780599456714,-1320.3641450605223,-496.41943745570546,-1079.9130854438106,-1016.35663403837,-0.0,-0.0,-0.0,-0.0,-370.03382046982586,-197.47144689405016,-0.0,-0.0,-88.02883610876314,182.81530724210316,-0.0,-986.7215931020285,-907.2749463752402,-864.0348254199768,-0.0,-0.0,-616.0012093956836,-1105.609611940771,-614.8433989285297,-372.5616826176254,-0.0,-1995.4059082373244,-1864.4626178145234,-0.0,-0.0,-0.0,-0.0,-0.0,-1170.2419670228671,-0.0,-1684.6654744413424,-1169.1408592520606,-62.791332715194116,-0.0,-0.0,-0.0,-2260.4691701915,-1268.11078380237,-542.4060837650125,-418.2854153911413,-918.6680649961132,-649.2028613932222,-0.0,-0.0,-595.9760414121615,-1260.730323873867,-63.94024863307027,-398.5191877399462,-0.0,-703.2656728776251,-563.9683911419925,-1321.9602012389864,-0.0,-267.08025422336914,-107.29080372390351,-277.3920837087277,-1340.6737678892646,-275.4994045159712,-0.0,-0.0,-0.0,-0.0,102.49192259407457,-145.50248137092763,-714.1236394056613,-1128.0565550249719,-1013.4780908270836,-424.2498279286245,-505.32582466329023,-4823.193634720561,-831.0695913993619,-548.319034314498,-0.0,-0.0,-0.0,-229.8579991108248,-308.16774869257597,-1107.7968117973214,-283.9628570061424,-0.0,26.976011459268168,-0.0,-0.0,-0.0,-0.0,-0.0,-0.0,-0.0,-82.69696405263335,1235.9669065964542,-0.0,-1341.8310790247897,-576.93634819518,-375.16262886669665,-1360.919218256671,-0.0,-0.0,-508.29023417197425,-610.6414003087193,-116.54600495195497,-105.25776937837469,-117.25348479887752,-472.0055400960984,-125.77748955105388,-1780.8828386587616,-334.0785547421573,-363.8270283958776,-0.0,-0.0,-1234.5603017771184,-2431.5256616381794,24.476962154037412,-456.1363109565698,-290.9390489351044,-763.8203291885858,-966.4941504133434,-693.8216556128011,-255.24078754027965,-131.13089108681203,-1253.9325009762654,-0.0,-0.0,-0.0,-0.0,-0.0,6235.262291212843,-74.08989677495167,-474.98255481849475,-528.944601959856,-918.017062623412,-1150.1459355363088,-1104.034897521344,-1471.5658905066296,-1897.8143926331145,-402.01210517504643,-0.0,-0.0,-1350.2637708014474,-0.0,-0.0,-233.731765085541,-1535.4484620795129,-1177.3236158799468,-424.0283887297336,-56.491541647299904,-1603.41640383076,-0.0,-1217.350057594853,-0.0,-0.0,-0.0,-0.0,-0.0,-0.0,-483.49185513034854,-1097.235193407905,-886.5128579153538,-84.83439504699804,-219.33990089920434,-512.9582018461296,46.92282152525396,-0.0,-0.0,-488.8524499788413,-517.9088812093258,-3301.6719291956697,-0.0,-1285.585636696548,219.43108181536113,110.81318933486773,-0.0,100.8326226642312,-155.90647234293112,-137.96692305565773,-418.9478531867924,-0.0,-1640.8325201273676,-0.0,-0.0,-987.2274261378489,-0.0,2071.7348101595294,1974.8233657506173,1958.1086349987143,-0.0,-0.0,-1577.6218189241677,-0.0,-0.0,-313.69067781574796,-828.7330556563801,-691.2292375930361,-898.5583853312498,-1064.7057409844524,-0.0,-0.0,-0.0,-0.0,-531.2718665249764,6.540294208551726,-50.7564812382328,-1072.6541709688356,-888.9102524775665,-354.6972078251993,-1274.6950758049975,-0.0,-1819.4041455683764,-1102.418099050853,-1261.068590661842,-353.63074900333754,-331.64902703804194,-0.0,-1047.2273052696055,-677.0194072239067,-844.6795230643313,-1653.1047315341134,-481.98601768647984,876.9159608344285,409.9859835604402,-307.9030339759935,-978.1216961575792,-0.0,-1459.463443728574,-2697.5290384986843,-418.85440549657676,-402.2041616353466,-0.0,-0.0,-0.0,170.62797772292834,-310.90362969541167,-398.12522471818323,-131.22037034614664,-454.1159490646895,-460.5928653131182,-0.0,-356.0988590303161,-780.857510462162,-603.4325790438561,-0.0,-1827.1805898456068,-4193.83092726279,-0.0,-0.0,592.8913416143307,511.2306464252777,-0.0,-0.0,-588.9570181859555,-730.5178454255507,-288.29041719296885,-592.3120263194999,-0.0,-0.0,-0.0,-0.0,-0.0,-2241.928201524172,-343.79606901664596,-1530.3520902295334,-883.8409195729241,-0.0,-327.8874963384431,-399.0486385807962,-0.0,-200.3092345273493,-709.141794693827,-990.7807192665762,-3791.9537447763655,-66.98019797231991,-0.0,-0.0,299.0111036550079,777.8090598870514,-0.0,-0.0,-331.0559451196668,-0.0,-0.0,-0.0,-2182.3159447599905,-0.0,-473.4688273943688,-0.0,-0.0,1544.0550355121172,1771.9166350159242,1573.2172884720458,-0.0,-0.0,-354.6397497916022,713.1022000724964,-1945.170312659124,21.87277250895875,69.93012238549841,-2231.1270743209143,-89.05068707639175,-155.80702162422907,-506.55454199561547,756.1503075317464,3203.1963811772825,-2657.131969028976,-0.0,-0.0,-875.7966290489597,-1460.8511197117134,-1043.5840050424413,-231.68439186798997,-38.567153284374484,-0.0,-0.0,-0.0,-0.0,-1730.4902337680603,268.2067507243492,-0.0,-3.4187704175368006,-0.0,-1302.021976535202,-1665.7795808934575,159.5995284527965,-0.0,-0.0,-321.3675956393044,-0.0,-1592.0306053881984,-76.1683453634271,-861.8593351975854,-354.4983917331876,-1048.0569065538195,-652.6701588361798,-1002.8134444716525,-532.3356266424257,-0.0,-0.0,-0.0,-105.25474096656794,-0.0,-0.0,-224.7662811375569,-378.93391243339016,-625.9938492882865,-0.0,-1444.3353056753442,-908.8887709677598,-774.335019237544,-7.029714460881318,-6.210114474207478,266.36433984740773,31.825598629531047,-0.0,-0.0,-10.556235683244628,-1451.1084541662356,-586.2738852202843,-725.656735338755,91.14152939504936,-1846.7385272103425,-1676.739989018938,-858.69324427989,-830.3914895524184,-34.44963916749367,-477.4364764696102,-624.6268332496472,-1117.935063772013,-1777.1531602621992,-0.0,-1572.1847180265167,-129.69134520784638,-0.0,-2143.0030491763296,-2370.4282406230755,-1885.182201534013,1494.6240323051488,-0.0,-1324.827336063769,-185.93010224972883,-1093.4937394647516,-579.1460893001812,-114.18604152745094,-1781.2172604387126,82.57510876983976,1345.2534136385477,-0.0,-162.9128829669287,-347.342993493328,-950.8210195808629,-901.2180081697296,-1468.1463088255082,-3488.767306616251,-0.0,-513.9993498108722,-1222.1517248043504,-635.4008604615559,-196.257581882775,-23.61270529826989,-237.28609787303995,-0.0,-0.0,-0.0,-0.0,-291.6630697765186,-1141.2439852042125,-769.4141631833055,-55.4527525014509,-427.90843826199836,144.10795144379034,-0.0,-0.0,-863.0721033872096,-444.57895961459946,-0.0,-1771.1151481408647,-81.50984158167137,-1078.1137681991197,-0.0,-173.495977264013,-158.2591251155798,-0.0,-0.0,-395.8529924238287,-0.0,-0.0,-3721.6148693940527,-180.0195789378203,-1841.0808949806149,-0.0,-0.0,-87.9830137854049,-1192.9188418741176,-594.5914472327254,-350.74718441376206,-1161.2332589217863,-0.0,-642.9811601890847,-0.0,-440.21965232247373,-0.0,-0.0,-183.6599686924017,-80.3377430041637,9.824298774752426,-290.9195345501051,-1243.018005104012,-1679.791533213688,-0.0,-0.0,-0.0,-19.638948330536294,-360.8368326232626,-0.0,-1409.021646292029,-2126.70238626733,-0.0,-0.0,-58.09188034849349,-1174.591864623158,103.06040707087305,-0.0,-0.0,-0.0,-0.0,-456.26848886605177,-2084.403245052075,-197.7392813844324,-1030.0842029971566,-0.0,-0.0,-630.15060395973,-446.7209627152902,-288.6083092077738,32.640083610581456,-0.0,-0.0,-0.0,-751.7035999024163,-560.732322356149,-450.32408112975577,-276.43913036294305,-0.0,-0.0,-0.0,-0.0,-1865.1418420721209,-71.36251561797081,-19.34931163115898,-0.0,-0.0,-582.155766754311,-365.56146545889715,-0.0,-1666.6814063319064,-3804.854894424478,98.91824758857805,-1065.127554678024,-0.0,-0.0,60.30601765302195,-372.70216800901494,-1445.9669224077363,-447.5959290941894,-2249.258952079319,-1183.0939841294949,-667.3025589735378,-1379.4149879739782,-0.0,-0.0,-0.0,-32.59276049853022,-983.8626300263195,-0.0,-0.0,-2526.5325869321227,-74.52760638463407,-1294.449255010994,-668.8153816673629,-0.0,-0.0,-0.0,-0.0,-0.0,-0.0,-605.8747416031547,-0.0,-1484.1434080362758,-0.0,49.342138713330264,-1152.3009970775502,-0.0,-0.0,-0.0,-2056.71683155986,-0.0,-0.0,-463.0855770756878,-0.0,-0.0,-955.0418369333047,-504.59620636261303,-0.0,-0.0,-142.8221593700168,-1813.8684301445726,-0.0,-875.1711057582105,-685.4906128446951,694.0231189109065,-157.25464972234954,-0.0,-488.6639024688286,-2.1493084447608384,-0.0,-19.61357063646425,-0.0,-314.2013552044994,-0.0,-0.0,-0.0,-0.0,602.5589354658194,572.6818818902165,-792.9171820813787,-1451.4182125194295,-0.0,67.81429094700411,-3.579840373069851,-62.57051191555931,-758.4478251073816,110.63444123325867,-429.46746186824146,-331.8116763762339,-145.62319284028445,-3076.3865018545275,-0.0,-208.61668846905857,-1525.7718161784037,-2080.03280858914,-0.0,-1044.553563174189,-1281.7354287359137,-1809.02060020133,-638.260426579371,-0.0,-738.0105063616953,-615.7024671460721,-670.0656821924116,-1151.6084706373572,-888.5085159023622,-0.0,-107.03449572032986,-947.5020023267398,-0.0,930.8599225982365,-381.25033762751724,624.7000526483953,-0.0,-0.0,-88.30913177020217,-30.700835592462937,-1949.2883142005621,-868.572071073136,-0.0,-737.5640765529997,-2508.757819170595,-755.5186201824553,-777.4100428668618,-1066.9047270766168,-348.35131058400805,9.209126329420505,-34.1422901909313,-0.0,-0.0,-799.9195347045022,-71.62798398528325,-0.0,-0.0,-1700.03687695848,-652.2064667293854,-562.2239634347154,-1568.0210412998538,-80.57704452442474,-16.90782566188797,-2121.726620639088,-723.3431029010889,-491.7069348602552,-851.5748683591506,-0.0,-1934.2894489009723,-365.43704423145596,-1046.5088383174786,-1202.2426749340163,-280.9193460686556,-457.34483448666924,-1451.5610251478658,-363.30385709953697,-0.0,-0.0,-0.0,-1132.2544966563632,-0.0,-2693.25431777174,-1095.1523451179899,-1277.8751581550287,-0.0,-0.0,-0.0,-0.0,-0.0,-108.07453655631534,-0.0,-216.1829514171032,-798.9243469995153,-331.6527819654249,-0.0,-0.0,9.396092767470305,-0.0,-0.0,34.662494048767876,-218.80462236960156,-0.0,-434.90546707293527,-0.0,-0.0,-74.52057797696577,-9.807070194171452,-2372.0359774018552,-1882.191531517404,36.72398645343113,-6186.0666927874145,-744.1458010221585,-543.7529929840675,-0.0,-748.0479770706382,-1313.5825674486655,-0.0,-0.0,-0.0,24.025813419931772,-0.0,-1182.1809973401973,-0.0,-1199.547849032078,-0.0,-0.0,-1866.854657402776,-329.4652499493543,-615.9543852811762,-0.0,-0.0,-0.0,-0.0,-232.0052512507849,-622.591130027142,1194.7910598194487,811.9274193735653,-660.678934046799,-7.3248585330003495,-0.0,-280.2621381406276,-278.8112915804515,-1498.3755772745278,-400.38467337213126,-103.45402419319721,-923.3456475225506,-1290.355266412375,-805.5894372382256,-593.6521147826505,-0.0,-0.0,-0.0,-68.39755178497948,-0.0,-1463.1988063049475,-509.4967992846214,-0.0,-1573.7529706223543,-1028.6950250492441,-0.0,-0.0,-0.0,-0.0,-0.0,-946.9655829834139,-0.0,-240.42770692986903,-1577.7808646969893,-0.0,-924.3218993352907,-0.0,-0.0,-0.0,-2032.729010706297,-1117.7134986080614,-891.2531511112489,-2245.1926411149957,-0.0,-0.0,-0.0,-67.86257966036922,-427.7493820230604,3.252086435497602,-373.47310389462535,-254.6676321412426,-0.0,-0.0,-276.57124289681923,-1190.9550400769847,-3307.24554161737,-0.0,-347.5646176908896,-1132.845678468025,-345.9473815511369,-411.2053321724064,-0.0,-0.0,-0.0,-1584.2708673479397,-1636.4739295941874,-36.151491644843155,-1457.0760221992907,-437.28529182354566,-297.02121270600617,-7.3500822985215555,-985.4002725304358,-0.0,-1719.0620701527323,-0.0,-429.90089231456653,-0.0,68.6474879143373,-0.0,-0.0,-459.14844146071925,-689.9388518359096,-6.5498874751477745,-0.0,1080.8087604062318,-0.0,-0.0,-1537.5694397893396,-1162.7207511071394,-958.7515558370503,-0.0,-309.34281156331315,-531.7928014486521,-1242.479151725871,-0.0,-0.0,93.60950435353422,-595.7060689902021,-0.0,-0.0,3.198598387297422,570.1384412555337,10.009511419258,-1248.1653593884419,-0.0,-0.0,-1503.5932414750407,-1429.171832809816,-69.75659532428155,-0.0,-141.87399465327806,-627.398944675216,-950.5545326814824,-1382.6134370499044,-0.0,-765.3595775235872,-5.434495796269759,-0.0,-1397.394432857075,-0.0,-0.0,-0.0,-0.0,-505.02302838062616,3.1082657230382043,-13.806620866987046,-0.0,-0.0,-489.92797378088386,-0.0,-0.0,643.107252877025,-879.8576442806907,-44.485139678094086,-1677.6091265548234,-0.0,-0.0,-550.7481444821211,-0.0,-233.56157368410055,-975.865285240527,-856.4819558703404,-955.9149575069898,-0.0,-0.0,1232.9049027529466,-0.0,858.560692451151,777.3461088531492,-34.88448137675791,-719.0477048903546,-0.0,-0.0,-87.73818580765135,184.3031988621064,-685.0006294543663,-316.70798767855456,-893.6612434982272,-2272.2657674733446,-1635.65348359453,-0.0,-0.0,-227.75783728319635,-4382.510994631154,-517.9526600150674,-467.62068553701323,-0.0,-0.0,-508.6933785402373,-0.0,-880.8438228353111,-1092.3768435794932,-650.8553335069308,-0.0,-0.0,-47.965217019879375,-0.0,-142.3436732476772,-1199.1412680997403,28.515621887388175,-549.8181289457615,-375.8496518149455,-209.78690896828877,-549.0941617993457,-1940.0888705164177,-14.127906230178262,-1006.9617780549044,38.79126234749965,-839.3273935619171,-261.8682541996744,-0.0,-0.0,-194.34168155124325,-0.0,-0.0,-1385.6500243935225,-547.7922162335589,-0.0,-718.2670148520086,-429.2882156789359,-0.0,-0.0,-1201.5409716825397,-684.1252087787443,-1286.7166095310763,-1144.872451262893,-0.0,-89.8369740824504,-2602.169363173682,-893.7202904270056,-233.6187398847984,1345.393983857487,-1539.8437053444968,-1046.9294091681402,3.5346249903101894,-741.0331449061301,7.4297645964216885,-1524.4115089881557,-0.0,-3129.424693900619,-684.8629955054935,-0.0,-1321.8940578269107,-1233.617616540167,-0.0,-160.57249221825327,-760.1720583934688,-999.4717377995445,-1182.3311730939233,-639.0660437322531,-440.28874758845745,-443.66017765419497,-0.0,-124.53360229690229,-0.0,-2063.53840915237,12.527468039675496,-2946.462780675512,-685.7675486933273,-34.582659244332106,-30.61962446911561,-1165.0700370198751,-694.2908881202176,-0.0,-355.65570486624955,-0.0,-0.0,-654.3263889873164,-0.0,-0.0,-0.0,-0.0,-0.0,-0.0,-0.0,-633.8648243257408,-406.39914135550686,-2291.6652142792955,-2017.641167374718,-0.0,-0.0,-967.6838027396008,-1668.6181985350806,-421.4872056567437,-154.3846475937981,21.360015108764763,-0.0,-1150.5949940914545,-0.0,-2013.4485897742318,-0.0,-0.0,-0.0,-0.0,-1602.4127813206371,-190.2336479130664,-379.40137934057043,-911.7355585199159,-1126.560132575715,-914.622449917105,-621.1812592545133,-1001.0373981102995,-0.0,-0.0,-0.0,-0.0,-490.84334172536046,-358.28749171507735,-1151.5321838162677,-0.0,-589.1193391059755,-5296.082434777587,-509.76534035486094,-666.9463152369165,-2410.386241205698,-681.1938806196607,-0.0,-442.3084173221917,-471.17325203488065,-951.8346482582004,-499.4753121260769,-1240.2590468454346,-1424.0097337110378,-0.0,-0.0,-0.0,-0.0,-1341.3837538514242,6888.026473440842,5632.339153046696,-0.0,-0.0,-0.0,-0.0,-1710.2122071375627,-965.7240050861202,-72.08669215732523,-1181.0782945549327,-678.9558452104731,-0.0,-0.0,-0.0,-0.0,-609.6595827358185,-0.0,-1564.3732848217996,-198.58938166113106,-0.0,-0.0,-0.0,-0.0,-109.4359096192572,-439.5111974039034,-333.61093564442217,-724.7519129385075,-968.5837055260183,-937.2911132770217,-917.1750702964356,-249.1607899801915,-1251.3830601049474,-1207.7768139837742,-965.6629940545123,-1278.5833356972764,-32.347864437106814,-1004.6904463271752,-849.7018865403783,-776.3871200654609,-1300.7319772287487,-287.488705966672,-1860.019588142519,-1255.8122797751341,-1575.2929205446922,-496.41249002253494,-458.82706896903983,-885.2157597669217,-0.0,-889.2964337719147,-0.0,-2795.8493904509955,-654.6769040210543,-229.3402525738681,-1565.8626731973684,-1260.3150724927686,-949.0240655394751,-0.0,-0.0,-0.0,-0.0,-681.8519211473698,-2998.143852248717,-1408.7174553401535,-0.0,-0.0,-947.2868095360783,-0.0,-0.0,-1006.8510651980838,-433.1545049120067,-908.1001270560805,-470.75000108336326,440.2117721568418,-907.7954156960919,-480.09118521705335,-1281.0799968654708,-0.0,1156.0847930031666,-0.0,-0.0,-959.8329786735624,-4602.521473283397,-0.0,1384.7072494095803,293.0621016652358,-731.0823665242555,-192.91321129657962,-0.0,-1472.1768902075682,-830.7580925100842,-1814.577508806809,-1733.362640198611,-305.9829217782125,-0.0,-382.76089087041265,-135.5125775983073,-0.0,-823.6336093290927,-0.0,-1478.101173410746,-1847.209271283544,52.70940812180657,-1986.1289624879669,-1658.28802123571,-0.0,-456.8701315356372,-1131.3855943224514,-1603.5099254983402,-0.0,-320.43517630045454,-1988.5663004351688,-740.5606034635093,-680.9786204645009,-763.4913028676876,-360.04333040098663,-725.1927502449123,-1291.5402020579393,-0.0,-804.0989868537259,102.52192121081184,-1181.5989585900454,-0.0,-479.92296125390044,86.8157988616396,-760.1481234880386,-510.2775395235692,-0.0,-491.4673334911203,-371.7977722617611,-1390.0148126222352,-1034.2570029407573,-1332.2178008870103,-716.9479277795867,-651.6846304754806,-765.8522564120153,-1793.7446145619065,-18.94137264720607,-0.0,-447.102932761441,-512.7922578803833,-1137.297503889326,-1704.9431974970698,-261.61565258703064,-605.6677272840285,53.371537726520245,-713.2000317731366,-1035.8733280911263,-660.006865848303,-0.0,-842.07011129161,-46.5223536025081,-2055.4998059332133,-0.0,-348.4394776328818,-655.8560356777076,-464.3138995117526,-1918.4779371288041,-141.07706544729223,-1275.023033807807,-582.4175953262865,-2136.7905067505912,-0.0,279.84505392463046,-0.0,-0.0,-266.2674201194742,-0.0,-0.0,-3020.0382814836526,-22.34774923808502,-30.924201116530277,86.04650851803588,-1105.171779232027,-0.0,-0.0,-0.0,-0.0,-0.0,-23.31929836764149,-0.0,-293.3860846900478,-0.0,-243.49578945387597,-1610.135941661251,464.6822963602958,-2455.0843640630633,-0.0,-0.0,-0.0,-0.0,-0.0,-0.0,-0.0,-0.0,-0.0,-2145.7224024015823,-0.0,-2242.218505139138,-2610.0616623148517,-31.961864027767447,-0.0,-0.0,-0.0,-0.0,-752.8828716205752,-912.0398773830116,-0.0,132.65517333339164,-463.53834447979494,-1793.6583113568847,-542.822246916227,-0.0,-442.8767276584216,-962.6314272616031,-0.0,-0.0,-517.3748699642291,-764.4690128315914,600.8934935840101,-405.75788241558666,22.687532585102627,24.58756677133431,-0.0,-0.0,-0.0,1295.5527357350404,1159.2295332191516,1358.9298728120682,-0.0,-0.0,-0.0,-658.9546709481815,-0.0,-0.0,-794.2129934661692,-64.1166768181061,-389.4745819495975,-46.97657662052365,-859.655648158024,-665.4752759666862,-1201.141643222443,-119.56365594365501,-232.25125674481896,-1029.3024134585305,-0.0,-1794.9190750813443,-13.409823675668438,-793.3063958058897,-768.3847204621223,-13.691218887255477,-0.0,-1085.7354223078257,49.77521195131787,-0.0,-0.0,-0.0,-0.0,-0.0,-1148.854523560662,-2570.759078985011,-0.0,-537.9655344576942,-50.96753473500826,-0.0,-0.0,-0.0,-345.5872364864167,-24.97882809278779,-0.0,-1086.8294219098414,-658.7628327681507,-0.0,-0.0,-446.3238953653065,-0.0,-0.0,-1361.6688630074252,-1149.2556408549053,-0.0,-682.0885075987214,-1747.3196696831753,-76.82821527141498,-0.0,-0.0,-243.8074602009771,-649.0804365446677,-194.11969283868132,-164.2510523811182,-136.21606455297993,-0.0,-0.0,-0.0,-1123.9100991296868,-824.9795533439134,-1623.1075553533774,-227.1652139645602,-1109.3055794413344,-103.39161033588172,-136.66447121067765,-400.7686786997734,-1647.8806698489325,-0.0,-0.0,-1443.164095109865,-1574.3997822307279,-0.0,-0.0,-0.0,-451.350624158469,-1926.1540733228599,-2839.391457687615,-0.0,44.15123000924243,-147.3677197094427,-573.4329373230773,-562.9647915910788,-1701.4829703820749,-0.0,-1233.405363383687,39.353282271667965,6.728553564716298,-255.47164639488412,-0.0,70.67269524565535,-235.21528830550682,-354.099315195529,6.474972930011006,-0.0,-0.0,-550.387711720786,-10.85291748570425,-0.0,-1114.0210433021666,-810.1980522032278,-1024.8549148154948,-664.8386228746098,-958.4560637924794,-1450.2708466684398,-0.0,-0.0,-0.0,-0.0,-0.0,-291.226169205472,-546.4669339028019,-1051.6440445289747,-1276.75213781323,558.8824654788408,-1215.8088855562994,1387.4817482899737,-0.0,-1731.0528435409412,-1391.1911635997596,-693.4990032823358,-25.543385329926405,-101.57571816372007,-1842.7128755825684,-189.04206763027602,-0.0,125.28690284731321,-748.4425809878619,-0.0,-0.0,-502.2449918491218,-344.38371139264876,-326.079778141621,-1031.9945396226467,-1396.3436808357237,-0.0,-1248.8997738182857,-943.4426119815005,-3440.875914018353,566.4481081724515,463.87710344087134,562.9582955078728,582.8192500336129,-0.0,-0.0,-0.0,-0.0,-0.0,-0.0,-0.0,-0.0,-495.654351403605,-0.0,-44.06659788204851,-32.22728296760105,-0.0,-1086.3399792992254,-1175.6132155893088,-1666.963501371259,-0.0,-0.0,-0.0,61.61142786534872,-2506.8411278908698,-552.1372304085753,-2383.760124109099,-1291.7125053455072,-0.0,-0.0,-124.73486145607065,-1155.383391516244,-0.0,-1619.42571164516,-596.222552482078,-0.0,-0.0,-0.0,-2022.6081128054877,-0.0,-0.0,-0.0,-0.0,-0.0,360.35724168829347,-0.0,-0.0,-0.0,-815.4580388525386,-0.0,-0.0,-0.0,-0.0,-0.0,-0.0,-0.0,-423.81831835004493,-857.9274328438862,-1254.1238061939355,-1381.2632814292213,-487.63602376758513,-1025.8161131665624,-30.714056434830383,-0.0,-531.7674855379126,-42.52314400577256,-0.0,-0.0,-0.0,-0.0,-671.4366719011592,-0.0,-416.2327711367965,-1064.771291739315,669.7230320288704,603.3033225748685,614.5412037906575,560.3197475770764,584.0171621962207,-0.0,-0.0,-0.0,-0.0,-0.0,-0.0,-298.697181863498,-0.0,1739.2670892092501,803.8642295570925,966.5927876603612,-0.0,-0.0,-1038.2266146328186,66.06933500059095,-53.10813282425649,-1982.5535119973374,-0.0,-1572.2604066098718,-0.0,-0.0,-0.0,-0.0,-547.8247674548725,-0.0,-447.8297953733352,-468.2724717666661,-321.4204753437688,-0.0,-13.87464982087381,-0.0,-696.7610240521582,-0.0,-1891.2008795864278,-511.52812215338207,1443.5702442789059,-1772.9539796843637,-801.8584625375086,-57.897466728949965,-698.1494290022841,-0.0,-443.69185708509355,-66.475994554874,-2020.224907133674,529.0216204604927,75.2171283467168,495.734880831511,1049.458739170673,-0.0,-260.4827278560121,-20.969899409549395,-884.0024645719884,-1022.6892029094028,-1201.2810161895227,-1547.9500744442528,-0.0,613.9458421355073,-0.0,-320.65009020608835,-1919.7739060220501,-1112.0342896856857,-0.0,-1069.1412467551443,-328.669901001413,-496.9896526470128,-606.8108923654609,-282.3384483296805,-1146.0398316322041,-0.0,-1807.4414464535823,-331.5245381910207,-1262.312809324191,-263.53041073815314,-0.0,-0.0,-0.0,-0.0,-1079.3904622469893,983.963202076312,-917.3458526265689,-509.68963063351566,-0.0,24.628771072460204,-0.0,-0.0,-647.6116227313626,-597.5645083628328,-631.9328098538331,-537.4446443145947,-0.0,-0.0,280.8724411694148,196.2399352241615,492.6187373911883,-0.0,-485.6880958821873,-1585.2815788444768,-1052.6224845336926,-3.6039065184821597,-1367.7907369249208,-0.0,-0.0,-0.0,-478.6400724404099,-721.0402971459883,-0.0,-1120.7312698808296,-0.0,-2202.223795279863,-3054.6464303075977,-0.0,-16.143724725561974,-0.0,-627.7711871806192,-0.0,-0.0,-0.0,-1795.8383622143058,-929.0834489041283,-505.61631752319784,-727.5673842853234,-0.0,-0.0,-1768.4524356782968,-0.0,-454.25293544360517,971.3224120028771,-751.4366518051047,-632.5179996387727,-462.3644428252485,105.78071651930159,-0.0,-0.0,-1117.1231089725013,-0.0,-603.1273754929294,-56.95593645568478,-301.9169859460163,-284.39411495908746,-0.0,-0.0,-189.3885004640799,-531.6229800969115,-874.9234359123985,-520.5904947283876,-884.5592882881996,10.808004142389452,-0.0,-108.35160191670127,-1731.9770742277178,-1048.2352326002483,-0.0,-0.0,-0.0,-473.54897556809584,-502.63118206688426,-1299.0145426800914,-0.0,-0.0,-0.0,-0.0,-0.0,-1238.8340532090308,-590.6892228569164,-0.0,-483.2465958150009,-0.0,-14685.723444537736,-677.8385765297685,-98.65038193002766,-504.030434660387,-0.0,65.25085080854014,-1062.916278967185,-2142.160833552466,-0.0,-0.0,-0.0,-646.4304234794449,-426.77021366567067,-916.2036160197383,-836.6667006560785,-472.2455349797591,-0.0,-0.0,-1437.98235973473,-479.08874223630534,-1904.807526881101,408.04101921028763,-1972.202843908381,-0.0,-0.0,1369.5885041849147,-1294.7106638794837,-0.0,-197.17367939428857,-293.00499081095614,-525.7845796990097,23.572120147892086,-741.1070544679234,-0.0,-0.0,-1138.287284574475,-1061.4086092005823,-2038.4558614579075,-0.0,-0.0,-2017.9238585234034,-590.1896833728308,-599.7897886184396,-2041.8440391099714,-1201.7453593966798,-0.0,-0.0,-875.1616846212886,-0.0,-73.86082199664006,-1289.0262759185732,-1481.2684792370198,-0.0,190.27980081559798,-639.8184492020235,450.34971838213767,-218.20323736789302,-204.26437947711838,-0.0,-374.86128360210796,183.33226952024023,266.3007226846353,-379.3509679361285,-2075.8520207288097,-1659.0038439750595,-71.55748623820048,-3695.8956546856416,-483.01732638240435,-938.8620356513222,-40.860287254562856,-3129.657409385401,-278.1709840370953,-533.0403704776844,-253.33454102032144,-1335.1087023573018,-829.9003551939775,-2844.9600869149735,-4458.042272410452,-69.95356843834,-563.5946596859415,-1416.370397978711,-978.1041343474486,-0.0,-2814.6133452639842,-0.0,-226.31693916959685,-1267.7811235668923,-1141.902474223252,-0.0,-0.0,-779.8417488477314,-196.1806733322542,-0.0,-1142.077665991353,-0.0,-554.9492781956658,417.7025764612314,-1864.219688478698,-392.83892277751585,21.76869408006794,-10.997218658449356,-0.0,-1554.4746486151853,-470.7503776449405,-0.0,-107.96013557065771,-0.0,65.81652040873593,-148.84889874371208,-0.0,-311.360293214047,-1151.5606737397077,-368.56429453968923,-650.5122994189638,-1815.5736419548289,-0.0,-3332.186555802051,-1441.9148291887598,-2026.157658485076,-1840.008393796652,-60.27149800519808,-186.11157135085264,-526.2466246263305,-1215.6878383621463,-0.0,-0.0,-1029.411159906791,-159.33720936777524,-0.0,-64.12409654441575,73.67684112533863,-1848.026997431438,-0.0,-0.0,-1077.5534643479539,-0.0,-62.05219461444452,-0.0,-36.86412124698963,-120.62938485682716,-0.0,-311.29496198660246,4744.469333492832,-0.0,-0.0,-2174.5974809607455,-644.8820857153262,-225.70908641237227,-0.0,-0.0,-0.0,-535.2124939586802,-1762.6757418917666,-0.0,-0.0,-0.0,-1876.296912808771,-0.0,-0.0,-0.0,-1304.759316243396,-603.8559505257647,-247.7993163058855,-383.6895301421508,19.21930156232575,-563.6928537134156,-313.3573976811752,-171.44552632548925,-1978.2159749857558,-0.0,-0.0,-1034.8917930208956,-631.5235109926367,-2026.936023514638,-0.0,-0.0,-2215.757564997555,-554.6321370600931,-1276.828316963797,-342.98733427891443,-513.5761638154526,-1924.0457186812368,-678.8316510615349,-70.9235431871732,-678.2048987622643,-1653.397083255799,-1274.5058355585293,-1125.8217656684717,-0.0,-505.0661664412667,-0.0,-1289.29045481879,-348.53819958734465,-181.23330476253284,-515.0349670178515,-713.183286485644,-10.097699002643845,-0.0,-975.7888071467389,-456.42434185906967,-36.272634479560935,1260.4966904799676,-61.675078890201405,-0.0,-526.108013733798,-383.2743658784855,-0.0,-556.8673778902,-1281.7122701449514,-0.0,-0.0,-0.0,-0.0,-337.7128987112379,-747.7729884319049,-262.23575858261756,-401.5239545300563,-282.26843860480795,-1336.9195128903511,-591.1138009918837,-1162.7465334803949,-2082.726338433031,-1611.8709082639512,-0.0,808.6563804852863,816.9010852294585,459.603595995213,627.6886412797465,360.9232957155454,-0.0,-0.0,-0.0,-0.0,-0.0,-0.0,-0.0,-0.0,-51.931229384760165,-713.7924793410015,-420.53824860586934,-226.25696463511554,-978.9661643985805,-81.62265845035193,-295.7906407878161,-943.1581420129395,-243.12900726214014,-1430.136573654781,-621.5558959542383,-67.76426668494129,-308.7929821290406,-19.59824903375541,-0.0,-462.5089819961928,-139.64052677964256,-168.36540348138053,-604.2039979943357,-285.9029134557822,-1234.4373520771262,-242.49541405584003,-0.0,-0.0,-1552.6480080965464,-415.9804241907401,-269.5250228595717,-439.3697010745534,-740.9944621292624,-354.40575234489563,-330.7396808188739,-0.0,-523.78337688769,-559.6055566748283,-688.6515185393368,252.1457683808863,-1086.199685873326,-1821.2096212460342,-173.56248266703645,-543.4056579880604,-542.7642752488051,-10.840661586752368,-0.0,481.0927297972027,-649.7088521017818,-28.7874777714547,-1568.8184615992545,-0.0,-0.0,-1002.0908292962773,-401.9851658944272,-0.0,-484.9266517153521,-554.8032069765867,-645.825561860177,-0.0,-572.9968355090919,-390.5686739697536,-1791.8643570008473,-3440.740326647898,-314.99798233306217,-0.0,-66.26436519332294,-346.0310643783366,-1223.7943343365134,-183.42957191824325,-465.407218596355,-582.3622894348739,-609.1065303963535,-308.1513996852028,-0.0,-0.0,-1335.8357723186148,-88.42675923554758,-351.20130034403013,-638.2647228481533,-969.1286965784425,-1974.5482629382727,-0.0,-470.2711497734329,-0.0,-0.0,-0.0,-0.0,-0.0,-23.261818893746295,-148.74315925917088,-289.59814021140966,-0.0,-0.0,-0.0,-0.0,-0.0,-0.0,-960.2312813812622,-1839.8552776786148,-332.80929090953583,-401.99698093510716,-37.3005955399675,-0.0,-0.0,-350.82342079999324,-0.0,-0.0,-91.4907014589196,-2185.4927667186425,-0.0,-0.0,-1201.5243770849356,-460.7763661892461,-713.1057161780606,-799.6029252830074,-582.5445543217686,-0.0,-0.0,-949.5653288225253,-1475.8375749316615,-797.4726348691547,-0.0,-923.1890782808135,-0.0,-293.6175019566736,-586.7897685981482,-0.0,-543.7420219546603,-1450.1647006101825,-0.0,-1382.5512646458978,-144.7134655912491,-482.5133284621576,-1118.487848481643,-185.7599013917427,-991.3728784415133,-0.0,-825.4822213776307,-22.240780236168316,-1918.8360993501658,-1523.0634447661766,-0.0,-0.0,-0.0,-0.0,-602.1611742788108,-661.4037306442534,-0.0,22.017860874085713,-296.8353669547943,-617.7563308265634,-1668.785292235655,-1851.6588634986992,-307.9044035330662,-0.0,-1143.0129283270367,-689.5712765050775,-1397.6449495289141,115.99414596784983,-0.0,-2735.5093102151745,-564.905852602099,-0.0,-361.81852970024414,-1186.4633931344392,-0.0,-0.0,-447.8702305721896,-1174.3556460374268,-0.0,-882.1083979622576,-1054.3861102026794,-31.164717384914827,-67.88238647514814,-413.9647167039404,-0.0,-1209.6490741243451,-2132.2185123826007,-948.0047200247527,-146.25670435404777,-1551.5472199870105,112.69190399305695,-700.9522781265199,-511.0397183480938,103.08871148515917,-703.5117492521969,-1193.8036718867588,-682.2279027978667,-1061.4483914363261,-334.4303702441694,-491.14855344698896,-622.6278120127508,-1266.8043405862716,-0.0,-0.0,-1482.6813247773418,-265.6830139933056,-0.0,-1224.9130275082605,-1010.1207940298042,-0.0,-2022.1041096672259,-439.56314152026164,-0.0,-678.5276698433881,-0.0,-0.0,-1030.6263297503651,-831.1711401715434,-0.0,-0.0,-0.0,-605.3685539889939,-3.677696778802527,16.54375496723212,-207.3204056826558,-0.0,-1730.2024726284365,-1213.4017516785923,-456.90378259613334,-1688.6224489290632,-0.0,-48.11184948586036,-768.1544444090646,-0.0,-349.82792938534686,63.681667710611045,-1320.19957181353,-843.7287028108731,-557.9682802959924,-1042.8711974928444,-0.0,-0.0,-0.0,-651.3815752663553,-0.0,-318.59177400803753,-797.3325909048621,-173.02016576853757,-992.4259879157876,-1780.4358471803755,-455.11019100137116,-1709.268719660894,-0.0,-921.361500560594,-599.706701491175,-416.2654366591404,-1039.0389805314314,-258.08073168037123,-423.3443924178571,-1227.519857481925,-0.0,-0.0,199.2695396714664,-2246.1457628964167,-802.9778321592943,-218.85660019815896,-0.0,-302.08512456334813,-439.83930937383263,-527.5483851474174,-0.0,-0.0,-631.8957620503529,-0.0,-17.354975504138423,98.58389448747225,-98.43956025785265,-1640.0283690464894,419.48571449309,427.3899947042428,410.4644361110199,527.7898855775829,39.288461357272475,-0.0,-516.9570275449679,-614.5108364365295,-291.5453366944727,-8.057107662676048,-0.0,-0.0,-0.0,-158.66452420509236,-11.012464065337484,-750.3008991951385,390.4812478310315,1958.088534937104,-0.0,-0.0,-0.0,56.366053547911875,64.83520788746114,-0.0,-2525.8151396682724,-0.0,-0.0,-0.0,-0.0,-0.0,-2007.709937527541,-231.2896071298152,-0.0,-330.92450834197257,-1751.8621164456977,-132.6273436805356,-263.4360982729328,21.61350508463181,-1417.322239342198,-3543.251405019562,-1611.3505272611485,-0.0,-0.0,-1374.7679978954843,-857.1162543972774,-602.2928425107251,-341.2067186304514,-286.1405993641105,-823.3843041788972,-833.2875256651581,-4079.79505371247,-553.2753292589433,147.66275881955477,-674.6497394395074,-895.1343352846051,-509.940835818581,-519.2055387376931,-6.230683123574991,-1328.3244811141158,-677.9139546975575,-482.3387302785901,-0.0,-0.0,-0.0,-0.0,-189.399927644306,-998.5876095781031,-0.0,-1022.5590114605502,-1124.7546144752,-0.0,-0.0,-1196.6659956105568,-0.0,-0.0,-176.91198141262385,46.49662322086826,-0.0,-0.0,-2556.0575944409597,-1006.6212771498456,-79.55094555880491,-772.0342756958024,-1165.308071361385,-0.0,-278.99393765251415,-414.3470119271604,-0.0,-1138.5308454481403,-278.0692935212459,-958.1116142757435,140.8505618089138,-731.9189960130632,-166.6077431762788,-195.5152000109022,-44.13407243190303,-37.065450394441925,-502.8694018302362,-675.1387788058387,-418.9110220753423,-584.6451031607271,-0.0,-51.25935475509979,-603.2260645236537,-137.9499736671308,3.2265073880193937,-0.0,-829.1874896809413,22.330670630330587,-1079.5771639710415,-0.0,-0.0,-0.0,-1536.4288608085064,-0.0,-0.0,-65.87038624652192,-0.0,-0.0,-0.0,-0.0,-0.0,-0.0,-508.8890249483612,-1334.0600097497581,-0.0,-0.0,-0.0,-0.0,-704.3448664258149,-393.51732890983976,-0.0,-0.0,-1536.4169536810557,-0.0,-1133.5493662678336,-2224.500843741874,-0.0,-0.0,-0.0,-415.7641299828035,-0.0,-0.0,-0.0,-816.2240008509226,-625.9087860733853,-552.8496754366056,-0.0,-0.0,-186.37441575833378,-0.0,-3301.0129799395695,-4473.8470985318945,-0.0,12.779552954077326,-0.0,-499.8097126644918,-558.5872469744435,-1662.1772541477299,-0.0,-0.0,-80.09035366611518,-572.7054633014736,-1132.5280131506743,-556.1214633134722,-281.28043500756195,-0.0,-0.0,-1005.2007113476493,-811.1293497569109,-37.71829501609094,-0.0,-0.0,-607.2477841490593,-316.5223469576131,-70.2184534936885,-0.0,-0.0,-0.0,-1803.029238110797,-282.4827825570151,-1116.4613196540417,-3607.0087299736015,-0.0,-817.5328446158096,-956.9731602251105,-1986.7688519694977,-282.05836898019453,-0.0,-0.0,203.68159873076527,-983.0890460975296,-1530.7608117760265,-416.3970016203278,-124.56629103041423,-20.586886398052958,-1491.410810291518,-345.9224761085786,-1464.9634478260325,-555.0423034245156,-2259.8736982022533,3.207367460484783,-822.6261450217,-732.9085731395382,-1541.5578601534041,-0.0,-0.0,-619.085231683756,-1394.4223536762627,-1500.980309396037,-723.1364372969201,-0.0,457.97668581196444,-56.98059601055804,-372.17680474271816,-0.0,-15.678225319666947,-0.0,-2045.478742479688,-43.2309258605618,-0.0,-0.0,-620.1925813948959,-916.9189170238622,-670.3610763063497,-289.14365983027375,-487.3478888879895,10.466689580335352,164.96608489376345,-687.4839793167517,-21.77978493100205,-1255.9879830331915,-0.0,-1284.4106564595857,-106.00954453287841,-629.6216560099199,-331.80382024888036,-20.145099736633433,-35.55837468650876,-16.747120728730263,-1036.7111143288535,-809.0354476477969,-1170.974737116587,-212.25862582376377,-1149.340613258542,3.219787220065368,-0.0,-635.2616298158586,-2220.4017371220693,-0.0,-0.0,-24.825479877748375,-1738.0997825777245,-157.53206750604568,-478.2406879423064,-308.4085174368751,145.10944417209768,-0.0,-0.0,-1051.2708131820903,-0.0,-0.0,-1801.4517060145001,-1312.3450830130432,-706.06995168143,-630.7312014044708,-533.5554776160265,-753.734730405739,-649.5045404371725,-1080.1313328949223,-2157.873850244631,-0.0,-0.0,-0.0,-0.0,-252.38328330680878,-0.0,-1714.6024663099115,-525.4372633326236,-705.328957436115,-816.9995772985183,-380.13241887445037,-0.0,-1171.505633043828,-544.5712181129021,-0.0,-2144.973200443135,-1203.4184899128948,-0.0,-0.0,-2011.3285597514262,-1423.5226487326636,-368.403174343623,-670.6600817692455,-0.0,-443.3112749676842,-262.6182346152398,-0.0,-531.8010258870411,-455.88060643350104,-426.6206904261446,-0.0,-0.0,-0.0,-0.0,-323.93464152819513,-1025.3433147371004,-5865.993654953979,-0.0,-0.0,-608.5549420525844,-587.7911542625818,-1603.78303373173,-548.1519683724804,6.351631466272659,-380.70604328030873,-0.0,-535.9552981686763,-476.7105162572465,-0.0,-420.5150849034284,-949.0147631996844,-0.0,-0.0,-0.0,-0.0,-0.0,32.075652724170425,-1770.1004256777978,-0.0,-1120.610341957855,-745.1238976184981,-3.3536652897014716,-1412.024211980427,-809.1502878588606,-809.2282807789751,-1182.962663830836,-65.22322061748166,-100.06383715146633,-1052.0962508326213,-586.9949868999577,-568.1863442768652,-0.0,-1225.2314273493907,-1136.5448068613791,194.17056093046114,-0.0,-514.7538225541414,-597.725521373561,-822.5017388419318,-54.879677522744,-0.0,-242.62255285642004,-0.0,-0.0,-2058.4105916660164,-1769.992635798455,-1600.831075585208,-1429.079582420524,-0.0,-1040.85267609617,-1716.481352340099,-0.0,-4440.597596256842,-0.0,-0.0,-0.0,-0.0,-877.2141720415109,-2051.7075385445655,-1932.1749120777747,-76.16287778910487,-1647.4016559535933,-0.0,-818.9165097074183,-26.237528616246905,-0.0,-57.094665674716786,-463.96144668626147,488.14679747561144,-0.0,-385.34192477371016,-31.961317506551147,-0.0,-1204.0329165007065,-0.0,-1763.6634702778422,-120.23082296881658,-0.0,-0.0,-888.8442318155073,-1322.411963359826,-870.4958638481024,-1034.2187440603568,-1077.131885937361,1309.2944045512943,-48.32255849699673,-670.5268906383243,-30.095588922212624,-2067.509450397826,-680.7841090113207,-724.0681170232616,-388.6450088968166,-1363.6718515507603,-1441.410229793106,-363.8043219598755,-2069.3512707964505,-278.0496404338899,-0.0,-0.0,-42.33121039686759,-0.0,-0.0,-0.0,-0.0,-0.0,-0.0,-1409.9200630327257,-516.7872885025224,-988.1204374801891,-757.2490806254652,-0.0,-485.58767418581385,-1036.2438210266423,-927.83941056918,-1849.969680665124,-1106.487078667586,-73.52548037111015,-165.47243174056007,-813.9110352734549,-1232.7693845676265,-0.0,-0.0,-0.0,-60.40478112007092,-687.7134989625168,-130.8969950186505,-412.7317362787553,-846.8694211881312,-0.0,-0.0,-0.0,-3430.738703604224,-0.0,-105.65942395833879,-0.0,-184.44137977402963,-956.095683293867,-1029.564138559738,-719.586923889745,-0.0,-36.19804189832404,-480.038429071535,-622.8003760274945,-473.6565934936293,-0.0,-891.4815984209877,-0.0,-0.0,-2299.8949378686957,-0.0,-1165.2237956565034,-540.032969467083,-350.66324265910333,-233.7336849471588,-1190.2632816588637,-2337.567786372353,36.90817185256992,-1922.9719205079407,-1430.2267650734952,-369.68793623907413,6.293764854515532,-0.0,1244.7366056477867,929.455873035787,969.8447714353184,-0.0,-0.0,-0.0,-740.406009449931,-0.0,-243.98432085307317,-153.075339416993,-0.0,-3069.7333402231934,-0.0,-1206.1588518752687,-69.71192741051053,-913.0956061912921,-500.8605348840205,-1251.6975828857185,-1039.808109847039,-0.0,338.6833008321052,-2216.7565561419997,-1419.7055496781552,-392.99410998528396,-1035.5262284279831,-1439.769568172218,-0.0,-0.0,-235.2188844764539,-641.1018668728889,-1913.0116057911475,-692.258213342524,-31.3818174515392,-0.0,-0.0,-592.2927935847803,-0.0,-0.0,-0.0,-176.92784817656815,-1196.8272892763625,1390.2390728304374,-1132.103442065069,446.4473761167274,-617.5272494241347,-857.5400716415974,-9.210760038992076,-4159.0525042771515,-323.39608097400503,-0.0,-63.49198821569426,-2015.2775945186513,-1476.174460464812,-0.0,-23.10249209274929,-0.0,-549.2699726565752,-21.561952555038356,-1596.4703534055907,-1316.757847453733,-0.0,-269.02590265048184,-0.0,-0.0,-0.0,-639.4079241695313,-875.2067032551861,-360.6495829578454,-968.2420624001707,-1499.8130003783183,-819.5505009570614,-367.6429195752174,-412.7672070411312,-93.89546190279587,-1403.6115625968996,-526.978204727428,-859.4864665893308,-1042.8413945543664,-1236.7868589122638,-1182.6385153490075,-324.4389249047159,-1271.1897754352185,-0.0,-0.0,-0.0,-1824.0870449724387,-0.0,-426.2777330591266,-1027.9442185966736,-9.395741765537736,-665.7966115511791,-519.8290583408677,-808.0804716779215,-617.8096598577115,-171.1685665733554,-1593.4238636571024,-4474.9668445734,-233.3598422475969,-26.535565141486956,-0.0,-96.71343468753358,-5806.909623720289,-1561.6069588666533,-581.8301877304449,-2042.8686346981258,-180.3647192672726,-0.0,-20.445110085007183,-573.9834071359345,-105.8496270821359,-953.8794579507777,-909.6337283023893,-171.7013442439892,-0.0,-593.3444684340456,-1606.5142572446491,-1654.3205332306838,-1614.294214442384,-0.0,-1295.992779987234,-0.0,-44.572792913265054,-740.5089753217752,448.9283757099741,-0.0,-0.0,-268.24541242618466,-850.2039999232269,-628.0156337556818,-1074.1396210276632,124.27026473827719,-1214.2806650688176,-109.89291014547148,-280.5325408533378,-1775.1823317368046,-1622.8858701395507,-323.01331560276714,-0.0,-0.0,-0.0,-0.0,-0.0,-1728.7804281704864,-0.0,-532.3319474849086,-680.5883143562506,-2194.450868062766,-0.0,2.8915461592859093,405.7944896763885,1735.361260745173,-529.5574679801122,-1105.0183985993647,-0.0,-1124.6541003759928,-3067.0722107132683,-723.5931539118676,-4662.568972858215,-1007.74193776537,-0.0,-647.5841755831117,-1983.441900641378,-170.07172381962562,-0.0,1029.3552346966594,1148.4071104629902,992.4607098814769,-0.0,-0.0,-0.0,-0.0,-73.43161183417348,-1969.077214325315,-69.59890284844752,-0.0,-1695.1177625636738,-973.5748100849985,-394.8040432645725,3.532989137004216,-0.0,-177.5370949169852,-678.1528865227973,-0.0,-0.0,-40.862076943889754,184.47956495966577,-1888.9742971541757,-0.0,-716.0601498280147,7.45932996952847,-62.441324774436865,-0.0,237.76515003576128,-80.58759256399634,-394.26458404357516,-1574.8463216981672,-0.0,-49.32903890719861,-1031.4002840557919,-860.2328242990021,-36.74800530443617,33.114676437684835,-0.0,-1041.7829003316388,-664.1931073857003,-7.2000032018275615,-0.0,-0.0,65.64311121570566,-201.66745967064543,-138.67379704971722,-70.15601459909368,-10.359728227369835,-151.62864461794325,-636.5446708929524,-823.4059263025839,-426.65889162006033,-0.0,-1847.185643009396,-834.9986100472383,-0.0,-0.0,-893.5863068273602,-1789.1077654077658,-514.9504892853697,-6.311152269842992,-2278.0537515416936,-105.31215529522026,-69.87435215227141,-919.9179128017963,-0.0,-305.29962395955687,-1230.6049147231852,-3.138338060747602,-0.0,-2820.389761565291,-132.00736515589378,-1295.8078757142932,-782.3665260639926,-1044.4849840565594,-2026.5468399359506,-68.36386999054021,-715.5993682374431,-1616.3552597168555,-1021.674037210024,-1028.442544282675,-198.33957293551683,-1562.7993274612013,-0.0,-2252.0872472529722,-0.0,-5467.473780858759,-195.86805069508458,-70.20707523478794,-1236.2170048005682,-0.0,-0.0,-0.0,294.98226385406014,39.257747711328584,-748.9021278165612,-1084.3050848371493,-369.38176699836094,-885.6995828130712,-0.0,-0.0,-1263.6817177728242,-260.76452282663774,-441.2071541340153,-144.35995449751445,-0.0,-1361.5853518808894,-293.44107710370827,-1641.2094079965393,-0.0,-30.820127886782327,-0.0,-1571.8699966355405,-659.7804175262062,-1404.9986241703612,-0.0,-0.0,-1245.7104953967807,-432.5463142328254,-664.8074589193818,-1301.380511569429,-386.39120483993776,-1199.1471345685663,-0.0,228.63528589135157,-1049.1608118936358,-3574.3880664520907,277.22346113727417,-1052.9949964533637,-6450.76393312074,-520.3948375171756,-563.2987425000114,-190.24171542861953,-152.97237537176156,-791.3199248108423,161.30695208106394,-168.83543430042135,339.86192464314007,-939.9064542749744,-482.4788981906039,-0.0,-1003.3688669856105,-1566.3903479280355,-758.0071847288168,-330.183029888469,-0.0,-0.0,-28.12673974086408,-872.1957205818372,61.51824482294582,-1814.9743016371028,-0.0,-0.0,-377.0424047561074,-513.1754797438826,-819.3378113858197,147.00168837639254,-2210.698076592035,-1213.6847609115334,-1069.9157019804768,-194.32939373451055,-0.0,-325.2160376671291,-0.0,-496.0008488397029,-19.768868390197454,-1140.8053297528324,-424.48297854193993,-880.9160536342835,-292.4334907838696,-269.29389872348077,-0.0,-951.874145727703,-578.7731853094596,-1046.66188500196,-0.0,-2761.721034741507,-1140.6011570158253,-1052.3964947782235,-682.2421165284151,-934.5708765360819,3.179095215159209,-1852.6408760804893,-648.5821226173324,-1022.5343893973782,-1614.525854670991,-258.3806047371502,219.01736628650687,-902.7047079838142,-0.0,-0.0,-16.61002467876287,-50.605935989411385,-15.803429300145181,-223.29060423284972,-0.0,-0.0,-0.0,-0.0,-0.0,-0.0,-0.0,-0.0,-0.0,-0.0,-1204.1739736510979,-2007.803896720736,-1794.9707547947787,-0.0,-0.0,1460.6133738062088,-389.0441252423066,-0.0,-420.0425302654612,-387.90811663103574,-848.0402157395878,-819.3646489948206,-968.101996863642,-0.0,-543.375740600541,-350.16892290759654,136.14712832481231,-0.0,715.3760141818252,-0.0,214.96431524279808,-0.0,-272.7482471853457,-0.0,-319.58108819753346,-995.9439801802699,-1663.6394243621094,196.5825845213457,-0.0,-0.0,-0.0,-0.0,-0.0,-300.3796026093358,-70.63061045794315,-0.0,-0.0,-0.0,-464.9648194825676,-0.0,-36.69594427360819,-536.8063914597877,-2735.340264964974,-0.0,-1118.0409517863754,-0.0,-509.59147981612807,-0.0,-0.0,36.86075321025653,-0.0,-138.0736217380246,-0.0,-0.0,-0.0,-803.0186667600126,-1545.532462914235,-0.0,167.77705052313755,-1975.1467996717156,-0.0,-61.357022429445365,-227.0068767905362,-0.0,-0.0,-1248.4000285624807,-0.0,-772.3297698724516,-1104.0981718121814,36.483835339831245,-2317.82086009176,-1442.4526011091482,243.34809544459347,-581.5637394942396,-0.0,-871.7566209885348,-0.0,-0.0,-0.0,-2920.906040647461,-717.7343925684377,-1295.7301042530944,-0.0,-324.30651106124645,-3.3251531610013654,-1094.5758848115947,-1679.768687686788,63.62346520048619,-2546.9931221624206,-0.0,-1612.6932892311422,-2155.26979446078,-0.0,-0.0,-0.0,-0.0,-1977.86092880891,-135.04489911679497,-1228.8297734921646,-0.0,562.5857558508436,1085.1167039563582,-0.0,-0.0,-763.5278416032158,-739.1501608225636,-279.36877320166354,-15.819190686991899,54.88327962666159,-0.0,-1046.8105600928886,-0.0,-240.0672688627038,-855.1778565266608,1136.9578550394676,-0.0,-0.0,-0.0,840.9319674904494,852.3222700933951,-633.0093466492985,-0.0,-1133.8352555931913,-0.0,-935.5534802428978,-593.5768372304357,-0.0,-0.0,-0.0,-0.0,-0.0,-48.24460221146209,-0.0,-0.0,-0.0,-978.2673794831561,-237.5288797534078,-0.0,-0.0,-0.0,-122.51778535606229,-60.390986155042235,-541.5350706225295,-595.2688310746219,-2046.484127132784,-928.3611824030316,-825.5358900902309,-0.0,-2278.711935732778,-35.66071740305048,-0.0,-807.0277943774232,-2018.114789094268,-607.1505843274858,-425.6456145140424,-1076.737270998905,-225.29345347521942,-560.4883652498077,-653.3071528338645,-904.9881025281649,-218.99207862366364,-1409.3092331434066,13.657060334158201,-321.0791609692772,-0.0,-0.0,-670.9082912318828,-3062.6511246656996,-0.0,-792.9296248898982,-433.3012580279745,-0.0,-303.2597582869178,-468.00115551068575,-649.2386911966565,-207.82032716025293,-0.0,-0.0,-0.0,-0.0,-0.0,-36.10542416018656,-0.0,-573.2398232691833,-0.0,-0.0,-550.6635817253126,-878.7669231058045,-2160.4136946581875,-368.5204200738991,-525.2590073775649,-84.89678357520648,-1711.00002588069,-0.0,-681.6803161109868,-445.82429347310006,-378.93848033197946,-1110.187135644782,-838.404875233534,-1314.6572289409357,12.77398396722739,-344.840958289504,-0.0,-919.0009537253727,-904.9239986820938,-116.16367977364308,3.118488123809758,-2122.17713961289,-951.3222647629073,-557.1667652654208,-0.0,-592.2100817216943,-619.0416483805949,-450.7271892300342,-1819.0773610504714,-3.0933915784911385,-0.0,25.391073029954075,-0.0,-0.0,-185.44567093141993,-3214.228561228484,-154.88246254764144,-1324.5534173088947,-2868.5868204435956,-0.0,-3889.3039866376344,-219.18663221787858,-1696.3041531586089,290.44413551059955,-0.0,1347.0668580950146,-724.2989915413111,-0.0,-1704.4692725032778,-0.0,-59.80391032828822,-36.35085873566794,-0.0,-0.0,-0.0,34.6199750964258,-0.0,-0.0,-0.0,-508.22871337780816,-1134.280758741453,-660.0787901759271,-0.0,-2788.0134689733563,-0.0,-0.0,-0.0,-209.5604093075449,-305.2838050179567,-0.0,-1871.4376329514123,-0.0,-0.0,-2836.1607409960334,-0.0,-21.68166552560509,6.529771606677109,-386.65462610989675,-17.724071617139153,-0.0,-0.0,-202.75335503811087,-0.0,-0.0,-1116.327252582964,-1045.3437719437263,-1140.6266448612994,-0.0,-257.873428461707,133.98916579509168,-310.31190453882283,-12677.115285900723,-0.0,-536.0539526956292,-1112.0807184181049,-553.1193842840016,-0.0,-28.683096962157087,-13.138240101572594,-213.61775309365817,-884.7182287904703,-0.0,-0.0,-0.0,-429.1046722012116,-1989.9087070623314,-1205.6084384709163,-0.0,-0.0,-0.0,-242.0611709971578,68.69873362139684,-7.007828638096315,-1031.3761785869492,-0.0,-0.0,-842.7369289741537,-0.0,-0.0,-0.0,-2158.433794068746,-882.9779896496428,-0.0,-1005.8325143388554,-502.49952648502824,-194.19501614929825,-550.1218590742521,-950.4557489449286,73.76312494260915,-1040.8586515541326,-972.0532501356424,20.479379314903905,-1576.7342010886332,-0.0,-0.0,-0.0,-0.0,-374.9816263009535,-0.0,-0.0,-515.0409680083396,-776.9049204998722,-575.8993986101627,-0.0,1327.8547195298506,1059.0873247805416,1152.1174597693255,-0.0,-0.0,-0.0,-762.3078806344603,-33.83198764981593,-689.4835588861546,-64.57116670913123,-518.8430633483921,-1475.1093335701353,-1027.4973721924985,-1772.9759740494778,-0.0,-0.0,-0.0,-0.0,-387.6777550276574,-650.2874518493785,-1360.9714148444275,-365.58840666353376,-1252.0731333374451,-1438.5934479879345,-1788.7735143630928,-0.0,392.2085432917122,-366.66383073924663,-324.06925062517445,-106.6384623823793,-3851.5676976595705,-57.852545434340186,-0.0,-735.7475534864785,-1268.0558963765466,-0.0,-50.706543860300975,115.00466815044663,-70.4320729763178,-413.6805395041675,-1739.4717718457623,-130.67315803306067,-1525.4969346922583,-0.0,-1576.4789156032662,-1610.2537739886652,-1093.1302914624787,-0.0,-1346.1021988414882,-296.3356703457542,-565.3873817976627,-932.7647410675675,99.54011639372135,-1489.7431382680786,-1144.1955149050539,-0.0,-96.66303581964918,-0.0,-0.0,-0.0,-889.6157858501807,-525.9721937930669,-0.0,-0.0,-0.0,-2844.2567167937705,-1521.8374992072745,-0.0,-0.0,-3.3380610881115187,-1290.040627448028,-729.4612562724384,-0.0,-639.4208208019672,-1090.7468268150906,-438.72745482183825,-20.470287608371905,-851.6443633444852,-6.122791555479417,-1235.890918708578,-1402.1805404220834,-0.0,-0.0,-33.36873062943569,-0.0,-0.0,-1074.8604184380902,-70.47947331777783,-415.40365883317486,-0.0,-0.0,-0.0,-729.4551411916782,-261.16949152988036,-92.99820822178879,-386.8058391165813,-203.22487104698368,-1717.0071383335521,-283.4333028129829,-450.2783662373151,-925.8317222912162,-0.0,-322.42004078300545,-0.0,-1675.1922027072792,-1298.4521287245489,-1339.4134195895347,-343.0418406386789,-208.27829961851546,60.10486873648889,-834.0056444845395,21.073308268751234,-0.0,-391.80285932401193,-0.0,-0.0,-393.49025242994804,-105.23391906027058,-2365.306049898854,-2467.9405081526857,-457.4705278325944,-0.0,-0.0,-783.6399279572211,242.47320038396197,-0.0,-0.0,-0.0,-907.4391476713024,-40.97318008025016,-431.39341043400304,-3263.2365012582736,-1208.2120883963285,-965.4475534253389,-357.53935588316745,-155.0460750582698,-1034.20503746147,-595.4315348668082,-454.6391806531958,-0.0,-572.3144781337573,-546.4889076523837,-1620.028707172869,-0.0,3.653582902576715,-10.91992130375818,-0.0,-0.0,-1470.1987740993657,-0.0,-3301.200527739789,-1041.5868511923943,1982.7649059597077,2460.5372055847,-0.0,-0.0,-638.7338941986436,-884.0485836221013,-493.3355430670437,-287.923230061846,-2649.950622904753,-544.1540186103517,-0.0,-0.0,-0.0,-997.1933633027106,-609.8017369918117,-157.63824309974615,-1982.5523264496815,-998.8153393437051,-23.0980575953559,-353.2625783610427,-951.0332562339082,-242.05147638330783,-438.4790816797143,-0.0,-54.79643011891326,43.383957288361195,-828.8489020096239,-132.05743831062495,-0.0,59.078664583840954,103.39292301030383,-155.5247494704276,-1072.9218950573581,-1748.3736197576552,-50.29027432182966,-754.8223051475338,-1239.5720959315113,-0.0,-0.0,-591.6684456883229,-0.0,-0.0,-0.0,-0.0,-580.6344939183239,-19.24741282327463,-1190.4766768802856,-1108.457450683529,-2071.2937895734085,-1073.6084023537567,-0.0,-532.9627936221016,-0.0,-1242.622002704105,-1474.2705361664664,-1104.3671781807568,-829.2004413212753,-0.0,-1785.9178635167307,-0.0,-0.0,-0.0,-2816.194152934243,-1025.678981259906,-242.4690101642041,-790.7816413815025,-721.9933285192875,-743.737015711286,-0.0,-0.0,-0.0,-36.01744978844258,-4219.049227046851,-592.453717366771,-1719.6550281777882,-3138.4880485824738,-1858.867173755209,-369.06552535722074,-0.0,-1466.187792176144,-640.0702752796237,-0.0,-292.58126009674083,-319.7191469468942,-32.95132042113496,-884.2031430008785,-217.43451965075755,1184.2759885161101,-368.6441373078835,-0.0,-0.0,-846.8673653075301,-722.5496195149739,-2130.6147740074325,-234.01624760760325,-0.0,-0.0,-454.1438665923331,-0.0,-0.0,-0.0,-0.0,-1102.8354205576366,-566.0944694577896,-1167.3296210881415,-394.31441490670727,-3.1596166361678195,-602.9607076353028,-0.0,-0.0,-0.0,-0.0,-2101.7989978238406,-0.0,-0.0,-0.0,-0.0,-0.0,-0.0,-638.2748957856221,-0.0,-2188.0289293502437,-444.7990112796469,-193.3366084974931,-1057.7174201758694,-0.0,-0.0,-1207.4176395963914,-1176.0523697430735,-3.1401337032016796,-405.37485154162647,-47.858023473496864,-1597.9970813478994,-771.8293075392671,-0.0,-3277.08097341432,-1089.593185513146,-0.0,-0.0,-12.397079533458198,-348.84668754962,-1007.8543054081416,-0.0,-0.0,-20.19795818181554,-1249.8267374800998,-494.10191054269825,-279.11449920984916,-61.83109998277535,-1560.2014999269893,-0.0,-0.0,-0.0,-0.0,-0.0,-471.34368499872085,-410.7943195458951,-489.3122553943847,-3663.673170988013,-1389.7866771919869,-1061.384183035564,-83.82472643572973,-924.6128553586759,-929.5627932547453,6.2710140173911215,-0.0,-0.0,-0.0,-497.6924796647294,-376.8669073276409,-1499.7203792975156,-499.7182647105917,-0.0,-1370.0995030736108,-0.0,-586.2031867682488,-0.0,-0.0,-1684.9512345015007,-455.2723452981385,-476.777954316624,-1230.8325714026757,-101.98498911337622,-10.175564760441212,-593.6845435479543,-1220.6596678694477,-0.0,-385.4393720810693,-1039.5265206770237,-3312.010406957406,-0.0,-244.34507673016165,-1769.4410696170705,-1140.795968490539,-1083.7301311304377,-423.18050961696434,-998.0608643439003,-0.0,-289.927971306282,-0.0,-212.85111736659672,613.9566221617542,-0.0,-0.0,838.9737371008781,-0.0,-1864.9403850361605,-615.7257157688089,-920.6560548388042,-990.0466718897175,-1273.3859086475543,-308.7909210977935,-122.5140061245668,-0.0,-0.0,-739.7750448381945,-911.906767989264,-660.0306177770389,-0.0,253.2329858781848,282.4145851863552,-195.01607749258469,-2317.8274850577773,-1774.411157530794,-0.0,-0.0,-1197.873104271154,-3271.5880592384106,-2215.642804370474,-435.12801467148324,-893.5096396335982,-938.6247699305251,-0.0,-181.1786177177288,-0.0,-522.6011718631585,-218.92324127427503,-1388.8878030310225,-2231.586425539719,-269.54070863117704,-445.71621108542365,-3853.0856925359426,-1200.0877972307917,-477.37025295939657,-211.67401974304607,-1284.2605020270396,-619.7986186834337,-3.363263200964235,-1322.741803527593,-1329.381318199211,-0.0,-0.0,-596.5884976243028,-1088.5827755579476,-292.80890425998945,-3.2380232042029546,-0.0,-0.0,-0.0,-0.0,-0.0,-31.641173035215584,-640.8631974545655,529.7346865326235,-377.60952725096445,-735.551799182492,-438.47767610072447,-809.768515632413,-1336.81665944605,-1011.6857252940033,-1403.1708901656314,-226.26280397259507,-504.6560414586793,-1311.7246261099856,-600.7235228541957,-0.0,2412.6586513614743,-226.54125046818962,-62.07149242575349,-0.0,-850.7350847215997,-533.5374997355984,-1236.4566708191883,-1521.5026500650326,-2027.7038658059437,-0.0,-0.0,-0.0,-0.0,-920.5616251140814,-1351.867028238913,-0.0,-763.4465495184546,-6.713240281120877,-0.0,-0.0,-0.0,-2326.4787152910453,-733.4836687056713,-148.97784995345913,-44.087412885575475,-0.0,-0.0,-1056.5925452759748,-1206.8006387797668,-667.3950856413155,434.9284027649974,26.400884399278144,-0.0,-18.495183718056033,-0.0,-1278.7316970455838,-442.40250235571773,-1155.9274021173137,-1390.9093644364068,-1445.3547406275889,-35.885782924352554,-0.0,-0.0,-1683.5872242475768,-301.8269968695662,-0.0,-0.0,-181.65403050589487,-0.0,-36.041168636759345,-0.0,-1189.5615514803114,-677.9480638940952,-0.0,-62.30123090167973,555.6189995756197,-0.0,-168.14107262251628,-2096.9182583353722,-0.0,-0.0,-625.48068846814,12.429628564593742,-0.0,-0.0,-661.637086590519,-1205.2500795417147,-0.0,-715.0207941242915,-0.0,-947.4210835803689,1433.7075970250514,21.362019518330086,-1428.612679241122,-1556.9737446636482,926.1651281917188,-0.0,-1928.984894877551,-648.3339003107732,-808.1701959537344,-0.0,-529.2748636891347,-112.71536982186248,720.7074964745519,-354.7030962402085,-1269.7074844655444,-0.0,-0.0,-0.0,-755.2752262889204,-520.5259187573008,-650.7906443961804,-797.8043137786801,-959.8000348220893,-23.558897928470742,-940.7564543904132,-891.0101028011379,-1119.7223282288733,-0.0,-0.0,-418.67158629807693,629.8045525683938,-5542.120146352646,-0.0,-1047.6781975226404,-1615.5255352121967,-763.8500631415766,-680.6676284638033,-54.568278746536244,-2305.1157705690157,-318.16851404918515,-0.0,-898.4352825662068,-717.7749184786823,-548.7091111015326,-0.0,-1254.2204662275878,-1647.7406073206198,-24.426286764934215,-969.7374774794316,-2249.853831666711,382.71857028177664,-0.0,-359.8136374942947,-135.55831355675363,-1024.2329260318663,-852.7288160732846,91.16955816134953,-102.16146112436809,-718.414953287505,-408.54029761518456,-462.43646029530333,-569.7394509383911,-461.3458804855534,-0.0,-1156.8182840434533,-0.0,-976.8215522576209,-568.9652692744986,-131.4995461226038,-0.0,-1409.430222831202,-4093.6092068768285,-0.0,-370.10792069433364,-0.0,-2134.6877590839813,-201.95510090790145,-0.0,-333.58499314413245,-363.85617624586473,-0.0,-1820.7178944554282,-1298.8597675769552,-0.0,-3577.681300849623,-101.14255304059768,-1087.3705397773876,-1197.314994656235,-1474.9878663937263,-96.56414524587508,-0.0,-807.7076864851028,-1800.2361622872434,-488.0992402840373,-846.7195322732043,-920.8596517191386,-1491.7501788725094,-2034.9101539578157,-815.5877474847874,-1559.7977066584758,52.35586714034513,-0.0,-246.31450600358892,-1064.0926305430535,-905.1239036515013,-0.0,-0.0,-0.0,-354.56751388790195,-417.08123080978237,6.337735326330257,-492.524739837503,-0.0,-1000.4483129007465,-623.7482609984942,-504.5418913268571,-0.0,-0.0,-244.7108595011379,-1333.2967633011567,-845.4070461013704,-261.7918729953516,-771.1003979396448,-28.451308959515597,-0.0,-0.0,-2630.282136419355,-949.3995286047556,-0.0,-0.0,-0.0,-74.46675439186177,-894.5186187275832,-42.489725879159295,-1508.5962329580354,-1463.7289976820127,96.70576895256579,-0.0,-490.9473620596786,-0.0,568.8228825947889,-107.70574120388382,-0.0,-1359.7461305050856,-266.0629348098878,-1504.583444586343,-0.0,-1283.8511299288566,-506.56065163819846,-167.2588896040127,-10.459076410342105,-30.425207255365997,-0.0,-0.0,-594.3156650209818,-1095.4644744265904,-0.0,-453.3659939442795,-0.0,-296.030564135425,-444.55937849209243,-0.0,105.39027492787133,618.2584211782615,587.4279843598716,716.1967996822879,631.386174083448,667.5829933407518,-0.0,-0.0,-0.0,-0.0,-0.0,70.14644847024464,-0.0,-0.0,-467.3347413709884,-128.54072096215222,-410.91888027675725,-73.94407190742298,-0.0,-781.5911190730358,-1339.5839657460656,-1448.4643333277934,-201.12853207719806,-174.73564401243274,-0.0,-0.0,-539.0810161381459,-0.0,-0.0,-0.0,-0.0,-2479.253422715262,-0.0,-36.16634702628289,756.6569111954291,-0.0,-883.1912778682826,-465.34531390946626,1312.2195541733918,-733.7698859309687,-0.0,-2650.4469530729557,-1723.4908301576543,-168.22751346772893,-710.2284841250375,-1110.8665340907514,-465.63302949681264,989.417771154236,-64.50507094156289,-486.0592792647817,-0.0,-0.0,-429.34200921352425,-0.0,-654.2933332986593,-0.0,-382.33490585931787,-31.02843645649905,-0.0,-0.0,-922.532333368731,-0.0,-0.0,-434.26914647396427,-1057.7951286395894,-1541.2819962644378,-0.0,-0.0,-0.0,-1422.5489413429025,-0.0,-943.0968514574639,18.66578059719281,-0.0,-0.0,-977.7532664952606,-746.6420989693974,-1059.3209752973764,-313.2550134835428,-0.0,-1139.6357472846973,-230.3532691425053,-0.0,-0.0,3.2571728702051557,-31.368172746373325,-3809.681923057155,-0.0,-98.0198264430469,-25.91511740177027,354.35344956745166,-70.35819866990649,-817.7126900362048,-743.1226955243852,-369.407711984125,-0.0,-0.0,-1475.4404788209329,-0.0,-0.0,-0.0,-0.0,-0.0,-0.0,-0.0,-138.5519231119072,-0.0,-0.0,-1643.3919941779343,-5992.4416892714935,-96.96010607709262,29.040819187363528,-369.8701073399684,-584.7772109456887,-93.19846016851949,-3626.816921467017,-222.12942814058573,-253.3139357274077,-0.0,-0.0,-0.0,-1669.258668012098,-0.0,-32.0664529021463,-0.0,-0.0,-0.0,-400.7683972325909,-9.519725860025357,-227.70435380510813,-1224.0113787122139,-529.8561627737663,-60.9691207852794,-2127.133935467408,-0.0,-70.91818576968771,-1804.624893622051,-0.0,-918.1477017725358,-62.516872464613705,-1286.2453728951516,-0.0,-0.0,-900.5653704313428,-498.5017257601478,-28.61098024031893,-713.5912031569652,-686.0517473649782,-585.5161075968997,-139.46908567768534,-576.6235953863218,-602.8602251790074,-1867.4803783552986,-845.5899519914169,-0.0,-1290.4043175786253,-301.98844763060015,-566.9949402833246,-0.0,-0.0,-834.7166518443653,-1941.8648785560679,-693.8752671317744,-0.0,-0.0,-0.0,-3305.649670522003,-674.157180313479,-162.296375090272,-277.69554661157645,-35.23598186025312,-3056.1586437587375,-0.0,-0.0,-1882.733642465228,-707.7668621202777,-0.0,-0.0,-0.0,-69.40391034765594,-0.0,-1564.1878946004153,-1494.5159831692306,-0.0,-276.94913278736885,200.97469880762225,-0.0,-0.0,-0.0,-835.4003313910839,19.707137729473796,-2008.3711683858546,-463.55816538025454,-936.017793314581,-565.07220436607,-2960.9298291720934,-1363.506143959825,178.15467346372898,-0.0,-2585.657084704543,-0.0,-0.0,-0.0,-1059.2119530748423,-625.281540779992,-1286.3937054484438,-0.0,-0.0,-725.4314000897737,-1250.2040774264121,-565.227780598608,-409.25315809641035,-0.0,-0.0,-1072.474177814282,-0.0,-0.0,-0.0,-0.0,-0.0,-0.0,-459.00441338480016,-62.54516843800382,-1102.4207405427655,-0.0,-569.5210478390696,-1003.1984786559187,-28.336210587350063,-0.0,-0.0,-0.0,-0.0,-0.0,-0.0,-0.0,-0.0,-0.0,-0.0,-959.2067335174378,-1645.6152923908594,-0.0,270.9879612416444,-0.0,-558.4540048923814,-82.38606451076468,-0.0,-628.9306892955461,-364.9096536125619,-72.25135520286345,-1646.5542511447054,-414.71090765717355,-2380.504488886317,-146.32823044939946,-1847.618514996993,-1510.103831568061,-742.986900517254,-3.628923663728693,-0.0,-929.6888247273074,-1815.670835289629,-2049.1065160245867,-63.91421529548403,-197.2692416241216,-1442.5595231297411,-0.0,-2196.7908857340085,-327.79551063096153,-0.0,-1412.7338510689908,-0.0,-670.5538721041905,-0.0,-2067.2760921213962,-0.0,-0.0,-74.25131998052179,-872.0967122643373,-454.59859858869925,-0.0,-1161.6539401091004,64.59740906553768,306.20432517443027,289.61522977728225,-225.45396355531358,-1435.7820669875766,-505.4774563720676,-0.0,-0.0,-4445.762246199851,-931.7471331826905,-0.0,398.6967976343332,-0.0,-1610.7932354353309,-428.0701157653021,-582.9369703873186,-0.0,-0.0,482.908259624274,-0.0,-731.044732085754,-1032.3056270152954,-1557.3824971108363,-0.0,-505.32656726666545,-2591.785786362221,-834.03042272154,-0.0,-1178.0174065776189,-110.76203428036362,-979.0473819571711,-0.0,-790.2227264466637,-0.0,-0.0,-0.0,-739.557711474245,-0.0,438.77574253973125,-0.0,-320.79783388349904,-626.5823645813766,-366.8223165149588,-870.3179983309659,-524.0555786857407,-1520.0396148715329,-1012.4947729368254,-0.0,470.9208966986422,-1963.6424680928062,-1339.1484422526028,-586.8160455758297,-0.0,-0.0,-0.0,-123.44661670660601,-913.1277222502376,-251.15119466880185,-702.8080176397326,-1743.693938634785,-2411.5292221339255,118.4785200479749,673.1341437363983,580.903051141279,-0.0,-0.0,98.45306889713686,-26.439879268706402,7862.970605970135,9227.485504156739,4785.095936048173,8906.940536338894,8679.4917137822,7973.642941335332,-0.0,-0.0,-0.0,-0.0,-0.0,-1204.4655732684466,-1152.2414722523881,-777.5567136759099,-0.0,-1994.3029902775515,-501.5859595950179,-872.2035012161323,-27.32591114473295,-597.9967724756069,-1145.0715127402202,-899.7501040855421,-1001.7449621461705,-0.0,-2473.914442627696,-1535.8787887897715,-557.0511906977817,-101.56152682459889,-2749.842224347684,-0.0,-186.73777944271117,-0.0,-9.43787016801627,-0.0,-94.64061340622968,-239.51163563243665,-909.1179835083507,-698.9064897777174,-0.0,-0.0,-0.0,-1980.2261732267277,-0.0,-0.0,-208.0466608319002,-840.6372012678946,-868.5123976152388,-71.92863638013333,-1070.7292447601167,-1472.5158318112226,-267.84201789077156,-0.0,-0.0,-95.14984177380181,-1022.5414915358111,-275.81758019440326,-0.0,-4723.902827040383,244.66923906971408,-0.0,-0.0,-0.0,-29.494133615346552,-367.3310437747132,-0.0,-0.0,-1016.2774422126298,-1918.4189945436794,-1075.3395789968324,-331.0681062678623,-375.87711012598896,-401.71074532149555,408.0124031721578,-1153.742443588181,-0.0,-468.73144838204945,-2222.4310487446955,-412.4156804091849,-7.275716725741959,-0.0,-4.491626372391679,-0.0,-0.0,-0.0,-1027.0833166322668,-338.387455718557,-1158.5234848296395,-0.0,-0.0,-0.0,-218.49357687015208,-436.57854685745275,-1217.4454073364025,-2389.6917046957906,-320.3614866273481,-164.8960580800375,-0.0,709.9600761620699,-0.0,-983.6875342543724,-135.49417220212808,-0.0,-0.0,835.2857348725693,-0.0,-1334.2698004450294,-0.0,-0.0,-0.0,-168.68646785740273,-1699.9231110121614,-1408.7176723512875,-22.03646646446986,-1953.211743998024,-1308.6187487861293,-22.361493880146426,-22.009037134749406,-61.963641425688685,-0.0,-0.0,-1729.2497722270969,-0.0,-4853.2888985812315,-0.0,-1285.900574468342,-222.48545737677,123.9570635349249,-0.0,-47.66854631468267,-1130.7494569711946,-1276.238258407413,-450.71237135085505,-30.487213751221077,-220.1139126289293,-0.0,-0.0,-0.0,-0.0,-1029.8472550082827,-740.5081500722818,-0.0,-486.76992851718694,-1062.9798560541844,-155.80851256184806,-64.71181376865988,-0.0,-0.0,-0.0,803.1701613255892,-3.397547392541489,-0.0,-438.98373464288545,-724.274197667219,-1199.8285020563278,-0.0,-0.0,-2027.0460856038578,-0.0,-0.0,-0.0,-0.0,-560.2570193799756,848.3425757968631,900.8684074255953,1026.3073663984599,-0.0,-0.0,-0.0,-501.1256775439021,-0.0,-0.0,-309.37150698898125,-562.3995256299722,-0.0,-157.20914124143434,-1159.85926495204,-1104.829441223073,-0.0,-0.0,-0.0,-9.307820496193035,-1237.3547749551724,-3.1139960803681217,370.14524825423746,-0.0,-1449.429301121665,-744.8102235223773,-512.8089978758899,-1416.907054617468,74.63449950543281,-223.94324681911104,-16.994922964515222,-374.98903639388647,-357.1892909300234,-916.2214341260283,-316.30269564143924,713.0908336529745,-1093.1401236567804,-187.5256868611259,-140.4353151240506,-3355.4398980831884,-2046.1914645682398,557.9115084197316,-832.2443061300932,-158.56091200518995,6.723404691914734,-626.9180589927852,-881.7276671485263,1550.2967351926336,-547.2087294148686,-576.929016678767,-591.9463092054973,-0.0,-5788.987413977822,-0.0,-437.6688130000368,-779.6971025408898,-554.0340438198303,-777.6826022644385,-1046.9636615256293,-0.0,-816.2288050535374,-135.94448747490677,-70.01812903149272,-6023.64716847965,510.1201544855582,-143.40123501435838,-0.0,-503.5047691786326,-1087.427967959398,-0.0,-0.0,-420.64709535109586,-1530.225058601806,-61.66515805507702,-192.56428524164022,-226.60370824442214,-1029.6715112077568,-0.0,-0.0,45.617322578511924,-0.0,-0.0,-1492.2252908787589,-0.0,-1527.0867441101318,-816.9382192409223,-1092.1483981113947,-0.0,-0.0,-443.00685142264575,-756.4939475314611,-109.44660624416292,-0.0,-394.48494907531125,-125.63265991364781,-437.94452857478115,-0.0,-179.97763205556018,-423.6593224687379,-1914.097855876744,-829.384486052451,-1191.5806780862029,-0.0,-0.0,-1213.5206146226549,-15.578185955369289,-0.0,-0.0,-978.7795190141851,-0.0,-0.0,-0.0,-0.0,-0.0,-0.0,-0.0,-0.0,-0.0,-0.0,-92.17581646746302,-0.0,-0.0,-0.0,-0.0,-0.0,-0.0,-0.0,-0.0,-0.0,-0.0,-0.0,-269.48636033991886,-0.0,-0.0,-0.0,-0.0,-0.0,-0.0,-0.0,-0.0,-0.0,-0.0,-0.0,-0.0,-0.0,-0.0,-0.0,-0.0,-0.0,-0.0,-0.0,-0.0,-0.0,-0.0,-0.0,-0.0,-0.0,-0.0,-0.0,-0.0,-421.7167174367199,-0.0,-0.0,-0.0,-0.0,-0.0,-0.0,-0.0,-0.0,-0.0,-0.0,-0.0,-0.0,-0.0,-0.0,-0.0,-0.0,-0.0,-0.0,-0.0,-0.0,-0.0,-0.0,-0.0,-0.0,-0.0,-0.0,-0.0,-0.0,-0.0,-0.0,-0.0,-0.0,-0.0,-0.0,-0.0,-0.0,-0.0,-0.0,-0.0,-0.0,-0.0,-0.0,-0.0,-1212.2730203996919,-453.2516552964451,-1582.611056495435,-0.0,-0.0,-0.0,-0.0,-0.0,-0.0,-0.0,-0.0,-0.0,-0.0,-0.0,-0.0,-0.0,-0.0,-0.0,-0.0,-0.0,-0.0,-0.0,-0.0,-0.0,-0.0,411.6432805728577,-0.0,-0.0,-0.0,-0.0,-0.0,-0.0,-0.0,-0.0,-0.0,-0.0,704.5939717916173,-0.0,-0.0,-0.0,-0.0,-0.0,-0.0,-204.53628135870593,-0.0,-0.0,-0.0,-0.0,-0.0,-0.0,-0.0,-0.0,-0.0,-0.0,-0.0,-0.0,-0.0,-0.0,-0.0,-0.0,-0.0,-0.0,-0.0,-0.0,-0.0,-0.0,-0.0,-0.0,-0.0,-0.0,-0.0,-861.0720225109145,-0.0,-0.0,-0.0,-0.0,-0.0,-0.0,-0.0,-0.0,-0.0,-0.0,-0.0,-0.0,-0.0,-0.0,-0.0,-0.0,-0.0,-0.0,-0.0,-0.0,-0.0,-0.0,-0.0,-0.0,-0.0,-0.0,-0.0,-0.0,-0.0,-0.0,-0.0,-0.0,-0.0,-0.0,-0.0,-0.0,-0.0,-0.0,-0.0,-0.0,-0.0,-0.0,-0.0,-0.0,-0.0,-0.0,-0.0,-0.0,-642.6335965142662,-0.0,-0.0,-0.0,-0.0,-0.0,-0.0,-0.0,-0.0,-0.0,-0.0,-0.0,-0.0,-0.0,-0.0,-365.26676351477875,-0.0,-0.0,-196.59436157362708,-0.0,-0.0,-0.0,-0.0,-0.0,-0.0,273.63600216823505,-0.0,680.0072594074214,-0.0,-0.0,-0.0,-0.0,-0.0,-0.0,-0.0,-0.0,-0.0,-0.0,-0.0,-0.0,-0.0,-0.0,-0.0,-0.0,-0.0,-0.0,-0.0,-0.0,-0.0,-0.0,-0.0,-0.0,-0.0,-0.0,-0.0,-0.0,-0.0,-0.0,-0.0,-0.0,-111.4287067529866,-0.0,-0.0,-0.0,-0.0,-0.0,-0.0,-0.0,-0.0,-0.0,-0.0,-0.0,-0.0,-0.0,-0.0,-0.0,-0.0,-0.0,-0.0,-0.0,-0.0,-0.0,-0.0,-0.0,-0.0,-0.0,-715.4322507793452,-0.0,-0.0,-0.0,-0.0,-0.0,-0.0,-0.0,-0.0,-0.0,-0.0,-0.0,-0.0,-0.0,-0.0,-0.0,-0.0,-0.0,-0.0,-0.0,-0.0,-0.0,-0.0,-0.0,-0.0,-0.0,-0.0,-0.0,-0.0,-0.0,-0.0,-0.0,-0.0,-0.0,-0.0,-0.0,1035.2732803055465,-0.0,-267.0418397778398,-0.0,-0.0,-0.0,-0.0,-0.0,-0.0,-0.0,-0.0,-0.0,-0.0,-0.0,-0.0,-0.0,-0.0,-0.0,-0.0,-0.0,-0.0,-0.0,-0.0,-0.0,-0.0,-0.0,-0.0,-0.0,-0.0,-0.0,-0.0,-0.0,-0.0,174.38425818565076,-0.0,1701.2181340376374,-0.0,-0.0,-0.0,-0.0,-0.0,-0.0,-0.0,-0.0,-0.0,-0.0,-0.0,-0.0,-0.0,-0.0,-0.0,-0.0,-0.0,-0.0,-0.0,-0.0,-0.0,-0.0,-0.0,-0.0,-0.0,-0.0,-0.0,-0.0,-0.0,-0.0,-0.0,-0.0,-0.0,-0.0,-0.0,-0.0,-0.0,-0.0,-2011.4010431986158,-1195.8185155556514,-0.0,-0.0,-0.0,-0.0,-0.0,-0.0,-0.0,-0.0,-0.0,-0.0,-0.0,-0.0,-0.0,-0.0,-0.0,-0.0,-0.0,-0.0,-0.0,-0.0,-0.0,-0.0,-0.0,-0.0,-0.0,-0.0,-0.0,-0.0,-0.0,-0.0,-0.0,-0.0,35.610654474609866,-0.0,-0.0,-0.0,-0.0,-0.0,-0.0,-0.0,-0.0,-0.0,-0.0,-0.0,-0.0,-0.0,-0.0,-0.0,-0.0,-0.0,-0.0,589.3764268629557,-0.0,-0.0,-0.0,-0.0,-0.0,-0.0,-0.0,-0.0,-373.63536283146044,-0.0,-0.0,-0.0,-0.0,-0.0,-0.0,-0.0,-630.9786440988327,-0.0,-0.0,-0.0,-0.0,-0.0,-0.0,-0.0,1845.7975241104004,-0.0,-0.0,-0.0,-0.0,-0.0,-0.0,-0.0,-0.0,-0.0,-0.0,-0.0,-684.9231859568698,-0.0,-0.0,-0.0,-0.0,-0.0,-0.0,-0.0,-0.0,-0.0,-0.0,-0.0,-0.0,-0.0,-0.0,-0.0,-0.0,-0.0,-0.0,-0.0,-0.0,-0.0,-0.0,-0.0,-0.0,-0.0,-0.0,-0.0,-0.0,-0.0,-0.0,-0.0,78.10012604730078,-0.0,-0.0,-0.0,-0.0,-0.0,-0.0,-0.0,-0.0,494.93285065480393,-0.0,-0.0,-0.0,-0.0,-0.0,-0.0,-0.0,-306.6264165709105,-0.0,-0.0,-0.0,-0.0,-0.0,-0.0,-0.0,-0.0,-0.0,-65.47620007522424,-0.0,-0.0,-0.0,-0.0,-0.0,-0.0,-0.0,-0.0,-0.0,-0.0,-0.0,-0.0,-0.0,-0.0,-0.0,-0.0,-0.0,-0.0,-0.0,-0.0,-0.0,-0.0,-0.0,-0.0,-0.0,-0.0,-0.0,-1516.4993807990775,-0.0,-0.0,-0.0,-0.0,-0.0,-61.628499363674045,-0.0,-0.0,-0.0,-0.0,-0.0,-0.0,-0.0,-0.0,-0.0,-0.0,-0.0,-0.0,-0.0,-0.0,-0.0,-0.0,-0.0,-0.0,-0.0,-0.0,-0.0,-0.0,-0.0,-0.0,-0.0,-0.0,-0.0,-0.0,-0.0,-0.0,-0.0,-0.0,-0.0,-0.0,-0.0,-0.0,-0.0,-0.0,-0.0,-0.0,-0.0,-0.0,-0.0,-0.0,-0.0,-0.0,-0.0,-0.0,-0.0,-0.0,-0.0,-0.0,-0.0,-0.0,-0.0,-0.0,-0.0,-0.0,-0.0,-0.0,-0.0,-0.0,-0.0,-0.0,-0.0,-0.0,-0.0,-0.0,-0.0,-0.0,-0.0,-0.0,-0.0,-0.0,-0.0,-1129.749951008133,-0.0,-0.0,-0.0,-0.0,-0.0,-0.0,-0.0,-0.0,-0.0,-1592.3153004714025,-0.0,-0.0,-0.0,-0.0,-0.0,-0.0,-0.0,-0.0,-0.0,-145.4598026650415,-0.0,-0.0,-0.0,-0.0,-0.0,-0.0,-0.0,-0.0,-0.0,-0.0,-0.0,-0.0,-0.0,-0.0,-0.0,-0.0,-0.0,-0.0,-0.0,-0.0,-0.0,-0.0,-0.0,-0.0,-0.0,321.5300629238401,-0.0,-0.0,-0.0,-0.0,-128.55197563594226,-0.0,-0.0,-0.0,-0.0,-0.0,-0.0,-0.0,-0.0,-0.0,-0.0,-0.0,-0.0,-0.0,-0.0,-0.0,-0.0,-0.0,-0.0,-0.0,-0.0,-0.0,-0.0,-0.0,-0.0,-0.0,-0.0,-0.0,-0.0,-0.0,-0.0,-0.0,-0.0,-0.0,-0.0,-0.0,-0.0,-0.0,-0.0,-0.0,-0.0,-0.0,-0.0,-0.0,-0.0,-0.0,-0.0,-0.0,-0.0,-0.0,-0.0,-0.0,-0.0,-0.0,-0.0,-0.0,-0.0,-0.0,-0.0,-0.0,-0.0,-0.0,-0.0,-0.0,-0.0,-0.0,-0.0,-0.0,-0.0,-0.0,-0.0,-0.0,-0.0,-0.0,-0.0,-0.0,-0.0,-0.0,-0.0,-0.0,-0.0,-0.0,-0.0,-0.0,-0.0,-0.0,-0.0,-0.0,-0.0,-0.0,-0.0,-0.0,-0.0,-0.0,-0.0,-0.0,-0.0,-0.0,-0.0,-0.0,-0.0,-0.0,-0.0,-0.0,-0.0,-0.0,-0.0,-0.0,-0.0,-0.0,-0.0,-0.0,-0.0,-0.0,-0.0,-0.0,-0.0,-0.0,-0.0,-0.0,-0.0,-0.0,-0.0,-0.0,-0.0,-0.0,-0.0,-0.0,-0.0,-0.0,-0.0,-0.0,-0.0,-0.0,-0.0,-0.0,-0.0,-0.0,-0.0,-0.0,-0.0,-4534.065134822283,-44.08982187191734,26014.220161652982,-2920.253436733309,-3245.186714375366,70498.39244105329,-0.0,-5385.277667836515,696.4988250802023,1488.3351085698193,-21432.031060289864,-0.0,-4151.943885300021,-0.0,-0.0,28353.174145084973,-10480.779918107166,3245.1253389988447,5287.472048218682,-3813.767960918298,-20490.626992294725,-7811.141285119078,47.78597264658616,-83.73535366221166,-5803.193942277433,-0.0,-10876.97560345495,-16622.655295727793,13022.295260776962,-475.80696467035926,6.80412759419638,38410.63827368367,-2626.1170777876787,-90823.47483035453,-2580.327563806258,-18457.85013482654,-14142.74678065484,-5363.588667401421,-4817.193844631481,-12318.002932358288,9861.645306568344,-1985.3868871698762,-3519.118944797134,-3072.005724160761,-10557.67834227358,6026.868080467642,32970.11418009905,-718.3139155219235,52.098350074868456,17215.56768439911,4708.033420341459,-456.117185146099,12846.966058383925,6691.412786157183,-4682.684612203497,-6582.026975255822,-3335.391291861174,343.8745511846429,-0.0,-0.0,-231.0179634786693,-6992.583034007744,-2828.3285046337382,-2592.1976541247477,-1295.4816032905862,-3958.087520563056,8089.668770725685,3624.0120267004963,-7065.756178182367,17236.491721287435,-17543.033039053757,-27895.48969855243,64192.69489992888,-17921.678812221526,-7332.715636800695,-1883.5299863238752,-3015.8165395674964,-4734.986500147528,-4640.916624857546,-30042.048956612518,-0.0,-11002.872807273607,-0.0,2467.4334456176234,-0.0,-0.0,-11412.827089915841,-1156.7388909152512,-0.0,-0.0,3260.4428041930255,-0.0,-0.0,-0.0,-6063.205465647919,-3756.301169140636,-6238.177283549259,-7255.093120563728,7332.348113298139,-0.0,-24346.848958586426,34601.145134438935,-0.0,-0.0,-15542.905751981349,-9232.456420335522,147.91820002996673,42.41556292302417,-0.0,48138.10719255534,-0.0,-0.0,-0.0,-0.0,43990.81050965926,-865.6053197189732,-0.0,-8347.38741195538,-0.0,-5384.331325265923,-1107.4034757022187,-2863.781899579912,-13949.240509943567,10124.324770468524,-1197.417085203389,-7381.130764009059,-0.0,-0.0,-3978.467337112812,-5535.529654836736,-9150.396109099072,45670.93148515718,-0.0,-161.43415732439544,10573.08060057143,3146.538764752015,-1578.2887956894187,650.5512737314936,4311.583140397047,-2899.2071444866538,-76.69714958146102,-15370.625459297435,386.2320036188473,11764.276136056924,-616.4263651513519,10380.63987633544,43386.69608210147,2309.694159051566,-59.167863067983355,7603.134453711693,-1583.119907678147,-6652.446744919775,-7681.900197914938,-14110.045673319375,-0.0,5499.27821673704,14176.484214015896,21710.141451540352,-8926.626970209238,6027.493136849538,7694.87462256322,-7710.344171598921,14442.20982695747,-12692.647748825992,-0.0,3902.4707568126805,-10284.590958535016,-15717.530721686155,-6579.529883816474,19384.04827667647,2779.3857689757406,-0.0,-4750.350783716491,-0.0,-2327.303684329319,81.50969010328319,-3323.157309505234,-0.0,173.32223204240333,-240.8276052554558,-18238.220200992084,-11498.165641826992,19757.891465675213,-6737.2031468954965,3143.3896514415396,5428.00856946186,-6279.928953138021,-4424.367221680001,-9985.92092449155,-0.0,-1780.3296486632828,-1431.1274526239863,-0.0,927.2687618304628,-345.4732270907617,-0.0,-0.0,-11565.87345850923,-2564.2633891423143,2560.0678070715667,-3775.148888593651,-0.0,-0.0,-0.0,50567.226580073926,19211.606015756777,-0.0,104.44778434671177,10576.980420050733,-0.0,-3645.540907543567,-2180.400631504498,-0.0,-3513.21305412146,-6680.635760874622,87688.01323191977,-9843.747297943733,-6821.623681965623,-25992.960201133166,-0.0,1244.8909601599382,2710.465474355951,-8407.303352712466,25601.02474360275,-6046.476325289479,-31215.778285729346,-11345.582378529836,-7801.125964205786,-0.0,1167.1534060378308,-3920.2109211989814,19243.830945949536,-136.1417251318783,-346.61736792286837,-9197.605352359344,-7803.607342906534,23981.309168698433,-0.0,-1789.647485550524,687.3863603302885,-0.0,-0.0,-0.0,-0.0,-0.0,-0.0,-0.0,-0.0,-0.0,-0.0,-0.0,-0.0,-0.0,-0.0,-1614.6018299586742,-0.0,-0.0,2853.174100823546,-11715.89962534016,-535.7140677089127,-7755.489008293103,19797.33677191885,7466.688324682699,-3378.7028388883828,2884.1503181437092,32325.8079373571,-0.0,-0.0,-3794.263708312632,2378.8181948436068,-5755.898560430615,-7891.825258814497,-0.0,-32.22438155225607,7557.2252937563635,-4260.658752341997,-2224.0468640465697,2934.424810428536,-21372.96704823032,25090.384397648937,-5196.227971603048,-933.1619217422739,12301.947654794603,-0.0,-0.0,-0.0,-0.0,-0.0,-0.0,733.6053322613005,39493.42419160518,-7596.362283280364,-9284.390438638104,-7183.005526794262,-0.0,-7804.570235518013,-11157.748305768671,-0.0,-0.0,-0.0,362.5371727672564,358.79901552344484,614.3590881703136,2183.940431054966,-0.0,3012.2689677302774,710.1979011709451,696.2915775467573,617.8760379608927,626.7526920983709,2384.7480440378254,1528.6689374934826,2467.281224873335,1903.4099485905317,2253.1476072895866,2682.050298855429,28919.68418837448,31575.90029629586,31176.74056656765,28623.473505235605,7456.800330998471,7209.660320749141,7339.899899184591,7916.242742684377,4602.129562546043,1717.2389503166582,1703.3553661792691,1911.4696894201352,1952.690354076081,1854.8523164178102,4466.417946487079,3536.458527482145,1039.0091549646318,1256.3997095242053,536.7120164905651,306.39039096875325,454.78614080930913,33579.390174802276,29160.330845091517,32326.50703999885,28436.53609621037,43207.24871494519,46481.57061680313,1090.5800168767769,960.1216581138877,999.5081844635951,1053.1515173780092,923.5941746055742,929.668522676688,465.76653226931614,45603.463283377365,43646.94053690718,39547.44978905625,2117.4827279148335,2419.331200177212,2430.9331167089667,-0.0,6496.728375500128,7216.463932651753,33195.23469837913,29022.384726525146,30622.073437195922,50836.527787279316,51400.22968346711,51236.043667046615,51770.96560160506,2052.096588467171,2089.269552892768,4112.517444427989,-0.0,17162.51657230977,17107.719798190978,-0.0,1230.6087600287453,1285.3774606297334,1328.223875188626,1384.7207185335149,1251.7684292601252,1201.2729707983249,28269.052893298693,33446.51557723231,33779.25532052612,31614.56211509801,956.311661931175,905.9465874104451,-0.0,-0.0,14282.276655559299,26899.680439574502,30622.22680686303,27930.254124064988,30344.448870841486,-0.0,46458.14791481997,41541.16637017245,799.1646271171354,1698.1297139504466,1615.931055960335,1733.4869135947843,1815.90175304885,2040.7056085172862,40043.99560544062,44329.23229626648,-0.0,-0.0,14566.170445781509,870.1287901880662,30522.548917519158,32466.71499641423,31911.52888705762,30500.940537906496,28639.526369526182,29353.510790068347,-0.0,13852.2782992693,8818.102991830545,-0.0,-0.0,1226.5105597020327,1184.711550543359,622.7309807586968,664.9528618728059,390.30350349625326,360.95748369317477,-0.0,964.0614262760242,953.9827020869853,845.4812221877146,982.31306793305,-0.0,1444.876196707453,1439.1320940449245,1505.8658106053808,1825.9020196749123,1806.4348114832517,1850.9362851851997,745.4643587444032,677.3031752648793,736.3108056862828,1155.8660652550077,890.403824953443,833.6992027533016,760.3583838186772,862.3859247425222,6810.97985948725,6244.685165271702,204.45238630642166,210.78191507467085,3078.137152362996,13850.909196214485,1173.1113641320546,1205.682343996462,-0.0,-0.0,6206.103490699977,6314.66624708218,6972.136164551823,6399.429286312756,1620.9266616687548,1629.188053208114,29938.53918920787,30073.558026201954,6796.536545231692,6622.775824425905,-0.0,46139.8007184061,1657.502276356896,1750.7624734577882,953.3496291979762,40438.65281751084,40258.073895483234,45095.26494590976,44394.84768450964,158.73473809924337,48940.14590448322,42767.99320524867,-0.0,-0.0,20036.659011132815,-0.0,991.8569158786476,912.680446692243,985.36561588037,2062.3729215073818,7379.943136374247,14061.460775001451,1388.4153497253785,1530.7531924262278,20.161295131885637,590.6058852922498,563.0189410026237,14165.58278358251,1320.5620836141024,-0.0,-0.0,-0.0,900.0486802594988,-0.0,991.023702246584,-0.0,4865.200271732048,5101.272753483515,4504.431941294585,4726.6954670410305,750.4034181507091,-0.0,698.3180765698935,-0.0,-0.0,793.5885181665135,916.1907009142896,760.3981960908645,684.2883309139536,712.7908020546512,701.0027368551836,1571.394144171231,1520.775419039559,1366.323854190114,-0.0,2470.093045784585,2284.7851478351786,2368.5604486371135,2574.148339000264,3887.998306804372,44368.47583098177,40895.415936330945,9779.484195217208,18389.86832373801,14025.22404083042,13888.360359581291,1394.8312957940059,1417.8893807787183,701.6833645038857,735.785439189393,1834.1567354216859,-0.0,31387.263975146703,28197.764294510216,1021.85917443104,931.9898713857308,883.0951474936767,4419.288480460267,2435.5921784717984,2686.493404498969,29132.542036786796,28218.40937848837,30252.19811131962,32179.58733599768,-0.0,-0.0,-0.0,2182.1039060713965,2054.174649413641,1954.3999281332262,8509.38867017047,6461.028696201313,5326.923829084651,1851.7384026856855,1993.4448663309256
5,-0.0,-0.0,-551.0776702138265,-1810.7680559784828,-434.8881307943147,-496.2962391600357,-80.81247313140618,-559.6416720591405,-553.3402368971232,-0.0,-1073.9831326851881,-0.0,-0.0,-2325.826778853037,-0.0,-528.394409634345,-419.40911451021776,-0.0,-36.14558418544988,-208.73833243390777,-264.82750687045245,-675.6607383623077,-712.2735691690409,-588.1536640028845,-1904.290874857587,-553.2027994920797,-0.0,-34.75986609189184,-2468.15590509624,-1388.445819583351,-0.0,-0.0,-0.0,-0.0,-0.0,-0.0,86.92069100027389,-173.99772680865604,-1626.1598298576012,-1360.1773408499082,-0.0,-0.0,-109.0717991128385,-508.1596270126264,-122.0967364004054,-0.0,579.3819389859323,-1306.3090856554068,-346.9261137842735,-0.0,-0.0,-222.76964806562924,-0.0,-10.186112673853728,-1664.082667379067,-2429.776710307908,160.92314228283757,-5001.379322385752,-178.69501359183505,-0.0,-1487.7099401992018,-0.0,-640.4846132242056,-2260.275870938764,-433.2681625477743,-430.0251876461774,-35.49980211759419,-1709.5779898819687,-769.668665804584,-371.6996403538316,-2672.640371759737,-0.0,-0.0,-2163.715608362697,-944.8875003722547,-207.49526186120957,-1392.6266886493918,-0.0,-0.0,-1048.702572437779,-1212.60940283884,-366.58791548541063,-3041.021462174895,3.346265317249073,-24.34967349416955,-1553.8282308908538,-0.0,-542.9559427629532,-925.0805234631948,-7.663652361460208,-0.0,-1092.5999606557325,-74.52472854765047,-630.3209208851796,-1987.0119831196491,-32.50451942861247,-2098.2106416113747,-332.76649035290694,-1385.388694012446,-2351.7928445559473,-591.8333967804047,659.8196564290752,-430.54649406311887,-0.0,-1213.3537931921298,-2099.803514409076,-3725.240103873994,-445.84124590352025,-2389.9801567768773,-0.0,-1377.2696434142329,-0.0,-0.0,-515.6588313414771,-0.0,-0.0,-534.6103823245797,-64.59038743758748,-1293.700967136144,-840.5336302982593,-721.055443182416,207.04823270183073,-436.5695437406301,-294.37026817905695,-167.65583939819655,-7.053402607929578,-555.5576641232603,-452.4525649186358,-665.7592937933795,-0.0,-4187.441716223201,107.89470019065185,-99.99556992380927,-3507.898759531462,-0.0,-864.3118424650683,-55.073883390611414,-0.0,-275.38283545892364,-0.0,-0.0,-788.9128886440528,-0.0,-536.8130032104975,-867.1390252885617,-0.0,-1146.3475949260942,-220.53060108983274,-625.5729346033637,-1668.4361118027864,-0.0,-1514.1680737049767,-924.160116363687,-0.0,-0.0,-0.0,-0.0,593.7946291733642,-0.0,-1550.9599365211645,-1650.0137077126724,11.594782765877444,-0.0,-0.0,-631.0610943049644,-437.28540959837323,-664.5413664834982,-0.0,-367.5612385918428,-2732.8135211606937,-983.8650351731715,-0.0,-906.4770233430063,-2128.2247184211105,-0.0,-0.0,-0.0,-0.0,-0.0,-0.0,-481.03884152455265,-609.5173699283229,-175.755917094393,-178.55466841039387,-1050.3243059161332,-45.16941594296281,-0.0,-0.0,-592.0883601950553,-0.0,-565.723325159921,-26.426185792871195,-3.463149189091451,4.602154538314324,-0.0,-0.0,-914.443933284151,-429.1765748484281,-402.7711680148187,-0.0,-2604.7807678337526,-1658.5962901011953,-1062.819212726886,-0.0,-0.0,-1756.241227967789,-1271.224523689111,-613.4771790118095,-79.8829431903787,-1470.2802662185445,-1136.4377564495467,-0.0,-0.0,-1503.6962434535856,-0.0,-689.7104130907486,-1047.955435304137,-107.18754913390289,-383.76362788450757,-541.0569869325867,-483.4019009579087,-0.0,-1448.4887722006597,-0.0,-2434.1190944132168,-2800.8573373571535,-172.98718771817903,-363.2081189124157,-459.3370021074624,-0.0,-270.79211827182695,-229.51425043621344,-0.0,-787.8614040174959,-600.381760142491,-932.6252278980619,-1658.6706128844723,-912.106622929329,-1898.324600549139,-1662.737002881739,-1798.1255417123482,-1867.3663826655809,-1031.0807776620768,-2014.2424540897389,-471.1346435877202,-467.3093894796333,-0.0,-1102.760623351067,-917.38444810419,-1058.4101416867873,-336.10386683844996,-337.4637038417672,-1737.113196703604,-692.3657262228651,-333.72857717415644,626.1294816535739,-0.0,931.7441407791819,-1099.6986487888305,-0.0,-0.0,-0.0,-0.0,-0.0,-0.0,-1137.1292669046422,-2126.1723135164734,-433.34787509985,-895.7924790081026,-0.0,-0.0,-1473.3287741163028,-973.9569057873535,-1915.030348242149,-0.0,-0.0,-123.41127201414251,-54.14715388033971,-384.41448916446024,-1416.829723403239,-438.15092265268703,-0.0,-419.15933574399725,-641.1645767461904,54.58772102495485,-1100.0374327797233,-1331.04633362745,-1172.2952232907166,-1568.0201378285092,-242.45804988510798,-600.6170466885837,-38.047866387131634,-1610.2748956994299,-0.0,-790.9351060090024,-142.6853261602085,-66.38449132147477,-503.43928255438215,-0.0,-1733.4297445203035,-108.07138199138502,-544.427341616911,-1572.492441823338,-1163.1251978031098,-0.0,-543.621447740833,-749.6874661915849,-21.61075605933794,-262.020463415525,-423.37884690040056,-44.774073310826935,606.2633986018171,-1043.2207986518686,-0.0,-828.267816298212,-1173.076410177893,-0.0,-438.1302532895764,-0.0,-1174.0381158140806,-0.0,-0.0,-0.0,-1093.8763305754471,-610.8437750543948,-382.2140273831412,-0.0,-1489.6451301478405,-2706.597971824898,-2825.995097942129,-0.0,-327.3864957640621,-0.0,-264.4301912335181,-106.45127875826698,208.14321405288217,-478.58383896320703,-0.0,-611.5852943804803,-843.6370376608221,-275.99477646030374,-521.6169056836002,-0.0,-407.52942733018295,-756.9531360551225,-456.81924433298343,23.155496037700807,-2070.1715844284886,-0.0,-0.0,-1358.8723119270867,-198.84568578696928,-1107.3660279647372,-82.55744321695322,-111.81300668878356,-212.90343923057475,-522.3330650073417,-825.7826840695551,-1198.0376284665429,-2063.6427503322457,-0.0,-0.0,-333.35975472622886,4428.148760953689,3.841984185494064,-0.0,-0.0,-0.0,-0.0,-2247.443494084971,-398.7717075811936,-0.0,-838.4857167734532,-862.5010457938554,-572.8986319943155,-1984.1882847876911,-213.78134350475406,-1054.3732482639816,-0.0,-0.0,-1788.804660487039,-639.7363706260938,-1689.0526713414336,-683.8106036920897,-667.7810240582777,-1687.0588160728132,-175.616819320631,-1623.1846916730497,-1057.9081424565652,-26.165199390939613,-819.7662981531164,-1049.3898316178336,-192.0360610599658,-225.30670349297952,-1594.1350206936918,-0.0,-475.47437270926565,-218.56769559678426,-27.07356457281208,-714.9194903198411,-167.93435373499636,-736.5294160366377,-779.3050864446783,-1082.779528080525,-193.26541183412982,-2207.1574374332286,-55.86162306804896,-452.80366200826757,-0.0,-793.0868805222974,-567.5029719990911,-915.017182746854,-1036.1930940648906,12.96441667741384,-332.9568327423933,-2515.031319933903,-703.8297196442136,-326.3967655351886,-1028.762428124216,148.87566126547793,-0.0,-0.0,-0.0,-0.0,-0.0,-0.0,-11.03900914361912,-141.82709995144072,-2220.8392526896196,-3988.0757817780286,-502.9138325616203,-979.3522795041407,-125.75140214741269,-513.2138215616959,-1288.1889564284834,-1006.2859146228024,-35.83971341727765,-418.08662112121374,-486.67076130544586,-0.0,-90.94738308206628,-1064.4648954347986,-477.30702428803426,-0.0,-916.6627276964111,-0.0,667.2011799699945,-0.0,-0.0,-0.0,-37.654236058314524,-0.0,-0.0,-904.1680231405571,-371.930341468179,-1103.7455397929768,-0.0,-0.0,-0.0,-723.3428039812262,-460.5850248759687,-1193.0618711713862,30.12966947674798,235.0864514228954,-0.0,-0.0,-2706.077654953218,-1084.4931659789213,21.318723036444855,-44.932440048193705,11.214773040818661,-18067.96789013769,-18777.378656269877,-2237.410375119287,-0.0,-0.0,-0.0,-0.0,-388.41485199799445,-0.0,-0.0,-514.071677872927,-2155.9639390030525,-1832.6696529127541,-1329.3626442755913,-296.33949780379345,-1555.6640890073145,-25.50384993394219,-1123.274359597026,904.9237779588583,-6.833380127468416,-915.8798503563567,3.351748975393596,-0.0,-0.0,-0.0,-0.0,-146.99610143520715,-0.0,-0.0,-0.0,-822.2504398836361,-1301.1589391017521,-0.0,-0.0,-223.81831966524308,-1972.7519382655146,-0.0,-1334.9067397896076,-1521.5048502568957,-1691.4005757157145,-0.0,-0.0,-98.23932798008587,-72.88542401317278,-1021.386812446462,-1368.8921629723818,-514.6645946290256,-1119.6036827307178,-1053.711308599902,-0.0,-0.0,-0.0,-0.0,-383.63386249984507,-204.72921585710844,-0.0,-0.0,-91.26420489049447,189.53441161766176,-0.0,-1022.9870758654057,-940.6204859473262,-895.791138738019,-0.0,-0.0,-638.6414165196893,-1146.2446467927105,-637.4410524529858,-386.25463245648365,-0.0,-2068.7440809062987,-1932.9881648401495,-0.0,-0.0,-0.0,-0.0,-0.0,-1213.2524678376194,-0.0,-1746.5828452098688,-1212.110890490428,-65.09913464249713,-0.0,-0.0,-0.0,-2343.549348330714,-1314.7183072350535,-562.3414116417351,-433.6588729379156,-952.4323416768777,-673.0633457936651,-0.0,-0.0,-617.8802533077085,-1307.0665894925999,-66.29027725400965,-413.1661670245717,-0.0,-729.11315540574,-584.6962095165263,-1370.5468798188947,-0.0,-276.89639124082925,-111.2341174410847,-287.58721666290836,-1389.9482357438185,-285.62497486493345,-0.0,-0.0,-0.0,-0.0,106.25886058165388,-150.85020839653896,-740.3701903242124,-1169.5165938427733,-1050.7269688195101,-439.8424985762206,-523.8983228353466,-5000.462934234413,-861.6143166316434,-568.471683883309,-0.0,-0.0,-0.0,-238.30608757169634,-319.4939953832003,-1148.5122339228874,-294.3994889479051,-0.0,27.96747458872621,-0.0,-0.0,-0.0,-0.0,-0.0,-0.0,-0.0,-85.73636781697795,1281.3930296899657,-0.0,-1391.148082126703,-598.1407845197783,-388.9511726117018,-1410.9377774906663,-0.0,-0.0,-526.9716848010279,-633.0846156313727,-120.82947980775309,-109.1263619457092,-121.56296202289518,-489.3534008282833,-130.40025387608975,-1846.3365353655847,-346.35711452367303,-377.19894902615533,-0.0,-0.0,-1279.9347272051616,-2520.8927663892064,25.376576447778014,-472.90092180362916,-301.6320804225164,-791.893407933546,-1002.0162036426942,-719.3220373500458,-264.6217825907201,-135.95041171319744,-1300.0189227374754,-0.0,-0.0,-0.0,-0.0,-0.0,6464.430071393096,-76.81296059884691,-492.43983129353575,-548.3851731191952,-951.7574126814177,-1192.4178366400758,-1144.6120560898066,-1525.65110340804,-1967.5657344759081,-416.78746143846934,-0.0,-0.0,-1399.8907049319437,-0.0,-0.0,-242.3222280461372,-1591.8815837674063,-1220.5943921526987,-439.612920709334,-58.56780413532972,-1662.3475860022522,-0.0,-1262.0919461268675,-0.0,-0.0,-0.0,-0.0,-0.0,-0.0,-501.261878266601,-1137.5624389775587,-919.0953178442684,-87.95235690455345,-227.40141232348964,-531.8112166756736,48.6473999545994,-0.0,-0.0,-506.8194937959409,-536.9438508864865,-3423.0199642195585,-0.0,-1332.835422324421,227.49594445843633,114.88596308976716,-0.0,104.53857555386021,-161.63658256346105,-143.03769185707972,-434.34565764826675,-0.0,-1701.1388759345775,-0.0,-0.0,-1023.5115000411889,-0.0,2147.8783379523384,2047.4050577212906,2030.0760019315906,-0.0,-0.0,-1635.6049595398065,-0.0,-0.0,-325.2199115417427,-859.1919049969151,-716.634338866502,-931.58356068256,-1103.8374149719984,-0.0,-0.0,-0.0,-0.0,-550.7979728277262,6.7806729826109695,-52.62196012137759,-1112.0779776639351,-921.5808250734996,-367.7335754962093,-1321.5445950851417,-0.0,-1886.2736355460872,-1142.9358345992123,-1307.417288772632,-366.62792056848303,-343.8382931467601,-0.0,-1085.716585380724,-701.9022473429347,-875.7244610675273,-1713.8621341962325,-499.7006960099231,909.1457011024952,425.05440784949906,-319.21955147141364,-1014.0711025154272,-0.0,-1513.103849221195,-2796.6727012433466,-434.24877542735624,-416.9865766479641,-0.0,-0.0,-0.0,176.8991549509521,-322.3304296181174,-412.75772447861976,-136.04317964945952,-470.8063045190647,-477.5212701790085,-0.0,-369.1867423040805,-809.5567654336614,-625.6108448760425,-0.0,-1894.33589145232,-4347.968937688839,-0.0,-0.0,614.6821799624349,530.020167527943,-0.0,-0.0,-610.6032563353057,-757.366940972688,-298.88610216494794,-614.0815727966384,-0.0,-0.0,-0.0,-0.0,-0.0,-2324.3269339705766,-356.43178156434004,-1586.5979023594184,-916.3251763870193,-0.0,-339.93851298783676,-413.71507704263763,-0.0,-207.671302148936,-735.2052453287826,-1027.1953891674234,-3931.3213578214886,-69.44195540423779,-0.0,-0.0,310.0008114930301,806.396273597308,-0.0,-0.0,-343.2234133856718,-0.0,-0.0,-0.0,-2262.523717481504,-0.0,-490.87046907212573,-0.0,-0.0,1600.8044789899195,1837.04079226001,1631.038547129989,-0.0,-0.0,-367.67400567815184,739.3112095094486,-2016.662150821703,22.6766736903621,72.50029989629898,-2313.128827421622,-92.32361246873376,-161.5334766816916,-525.1721998434588,783.9414860526359,3320.9250940800775,-2754.7908976431745,-0.0,-0.0,-907.9852299441211,-1514.5425271686165,-1081.9393810791846,-240.19960667485125,-39.984631570493626,-0.0,-0.0,-0.0,-0.0,-1794.0918253250206,278.0642904431638,-0.0,-3.544422233120718,-0.0,-1349.8758553574255,-1727.0028287688397,165.4653714510753,-0.0,-0.0,-333.17898304770796,-0.0,-1650.5433194932648,-78.96779947003922,-893.5356916121672,-367.5274522148057,-1086.576677424726,-676.6580785907612,-1039.6703592687013,-551.9008298641781,-0.0,-0.0,-0.0,-109.1232222291363,-0.0,-0.0,-233.02723108672825,-392.8610640898263,-649.0013210108568,-0.0,-1497.4196989821098,-942.2936242594928,-802.794549757147,-7.288081147487511,-6.438357983822944,276.15416449809385,32.99530111359747,-0.0,-0.0,-10.944214405807429,-1504.4417844594493,-607.8215088131087,-752.3271680236461,94.4913005832048,-1914.6126516799043,-1738.3660703731182,-890.2532357376232,-860.911292161121,-35.71578435390404,-494.98394318064413,-647.5840623334296,-1159.0231022513806,-1842.4697781936627,-0.0,-1629.9680260954021,-134.45795746917148,-0.0,-2221.765934964046,-2457.5498006488224,-1954.4692660043738,1549.5567128709902,-0.0,-1373.5193919145256,-192.76368627734956,-1133.6834734663662,-600.431741368425,-118.38277944195593,-1846.683248320049,85.61003392472787,1394.6961995527693,-0.0,-168.90050337624342,-360.1090679682074,-985.767030226341,-934.3409339978513,-1522.1058400945499,-3616.991753621378,-0.0,-532.8906304834194,-1267.070091464176,-658.7540728712096,-203.47073704498897,-24.480555118297666,-246.0071950422533,-0.0,-0.0,-0.0,-0.0,-302.3827115717705,-1183.1887083799948,-797.6928349666008,-57.490835841353295,-443.63557568412386,149.40442459861467,-0.0,-0.0,-894.7930332905893,-460.91879722388575,-0.0,-1836.2098479284039,-84.50561442741677,-1117.7382342601782,-0.0,-179.8725635442453,-164.07570358528068,-0.0,-0.0,-410.4019796700146,-0.0,-0.0,-3858.397281820678,-186.63593048285526,-1908.74708160272,-0.0,-0.0,-91.2166984358782,-1236.7627974544232,-616.4447704310962,-363.6383748565206,-1203.9126580857346,-0.0,-666.612975226908,-0.0,-456.39927008396506,-0.0,-0.0,-190.4101173417259,-83.2904371121408,10.185376246218294,-301.61184881535667,-1288.7032808229208,-1741.5297695304937,-0.0,-0.0,-0.0,-20.360748630794117,-374.09885306081213,-0.0,-1460.8081386360202,-2204.8661654642,-0.0,-0.0,-60.22696090231758,-1217.7622394464945,106.84823885883,-0.0,-0.0,-0.0,-0.0,-473.0379577153394,-2161.012382303972,-205.006894205335,-1067.943413913156,-0.0,-0.0,-653.3108510101565,-463.1395264587468,-299.21567782736344,33.839721277224,-0.0,-0.0,-0.0,-779.3313463062703,-581.3412038414989,-466.8750721248988,-286.59923893600404,-0.0,-0.0,-0.0,-0.0,-1933.6923529738583,-73.9853386089613,-20.06046676584797,-0.0,-0.0,-603.5520350354757,-378.9971327405634,-0.0,-1727.937799458312,-3944.6966700129797,102.55384047312145,-1104.2747317997269,-0.0,-0.0,62.52247552625858,-386.40028117922776,-1499.1112833577547,-464.0466509239332,-2331.9271153456825,-1226.5768416942296,-691.8282708051122,-1430.1133316806836,-0.0,-0.0,-0.0,-33.79065887466123,-1020.0230358593163,-0.0,-0.0,-2619.391529741357,-77.26675757341143,-1342.0248097306257,-693.3966950442065,-0.0,-0.0,-0.0,-0.0,-0.0,-0.0,-628.1427654834256,-0.0,-1538.6908888644919,-0.0,51.155635543161395,-1194.6521042590236,-0.0,-0.0,-0.0,-2132.3083959134833,-0.0,-0.0,-480.1055978503527,-0.0,-0.0,-990.142977435079,-523.14188850055,-0.0,-0.0,-148.0713751519259,-1880.5344631454743,-0.0,-907.3367164763276,-710.6847995112938,719.530905131661,-163.03431019480166,-0.0,-506.62401650297596,-2.2283030759734905,-0.0,-20.33443821736802,-0.0,-325.74935811743484,-0.0,-0.0,-0.0,-0.0,624.7050918292944,593.7299516413774,-822.0596723244037,-1504.7629275196336,-0.0,70.30670422410458,-3.7114120750096733,-64.87019790321031,-786.3234454653813,114.70064536786886,-445.2518988813713,-344.0069204191656,-150.97535643619273,-3189.454506483626,-0.0,-216.28408418910462,-1581.8492871563226,-2156.481316957142,-0.0,-1082.9445738762329,-1328.8437057037877,-1875.5084584318854,-661.7187380833199,-0.0,-765.1349835037333,-638.3316944435696,-694.6929485031499,-1193.9341250408074,-921.1643232687255,-0.0,-110.96838921852456,-982.3260274356063,-0.0,965.0722928494816,-395.26262604242464,647.6599728021429,-0.0,-0.0,-91.55480240156326,-31.829199086059475,-2020.9315033774137,-900.4951440984535,-0.0,-764.6721458322268,-2600.9634768603137,-783.2865819755082,-805.9825913007434,-1106.1172215233273,-361.154444252005,9.547594053751363,-35.39713922340141,-0.0,-0.0,-829.3193859905329,-74.26056387078816,-0.0,-0.0,-1762.5192007359717,-676.1773441710956,-582.8876679666088,-1625.6513196310514,-83.53853380341963,-17.52924761555143,-2199.7075229800275,-749.9285014711137,-509.7788910183727,-882.873234510352,-0.0,-2005.3813771195203,-378.86813859619133,-1084.9717122456873,-1246.4293141137143,-291.2441182982004,-474.1538628163867,-1504.9109890135567,-376.6565493479059,-0.0,-0.0,-0.0,-1173.8688245673995,-0.0,-2792.2408695218473,-1135.403038700452,-1324.8415566262815,-0.0,-0.0,-0.0,-0.0,-0.0,-112.04665520664446,-0.0,-224.12843386439195,-828.2876216434476,-343.8421860809073,-0.0,-0.0,9.74143216480784,-0.0,-0.0,35.936462399363485,-226.84646042864924,-0.0,-450.8897698692776,-0.0,-0.0,-77.25947084708574,-10.167514454814262,-2459.216627398721,-1951.368678364905,38.07372188745816,-6413.426362007896,-771.4957717829769,-563.7378245033667,-0.0,-775.5413665011353,-1361.8613385742879,-0.0,-0.0,-0.0,24.908846413785145,-0.0,-1225.6302994350792,-0.0,-1243.63544389879,-0.0,-0.0,-1935.468120281327,-341.5742545831818,-638.5928714545819,-0.0,-0.0,-0.0,-0.0,-240.5322587664483,-645.4735398704788,1238.703825982294,841.7686025788879,-684.9612044078604,-7.594072800459107,-0.0,-290.56275567146866,-289.058585406523,-1553.44614028905,-415.1002158031522,-107.25632279232441,-957.2818417833831,-1337.7803526776881,-835.1976773484639,-615.4709142156397,-0.0,-0.0,-0.0,-70.91140194560822,-0.0,-1516.9764994864927,-528.222595417616,-0.0,-1631.593917480013,-1066.5031787984828,-0.0,-0.0,-0.0,-0.0,-0.0,-981.7698927981334,-0.0,-249.26426926159243,-1635.769850803163,-0.0,-958.2939742777005,-0.0,-0.0,-0.0,-2107.4389384262668,-1158.7933937897749,-924.0098334575008,-2327.7113531772725,-0.0,-0.0,-0.0,-70.35676771721957,-443.4706735699847,3.371612029541591,-387.1995516652632,-264.02756171851433,-0.0,-0.0,-286.73620706932553,-1234.7268190466614,-3428.7984264657907,-0.0,-360.3388376331154,-1174.4817343861816,-358.6621623873773,-426.3185718038869,-0.0,-0.0,-0.0,-1642.4983838368655,-1696.62009189701,-37.48018588471966,-1510.628681568867,-453.3570615346453,-307.93778506547335,-7.620223627919701,-1021.6171921238683,-0.0,-1782.2436365744304,-0.0,-445.7012594183017,-0.0,71.17052410520449,-0.0,-0.0,-476.02375867889987,-715.2965269024694,-6.7906188354348,-0.0,1120.532276892575,-0.0,-0.0,-1594.0805148544723,-1205.4548208312394,-993.9890415327488,-0.0,-320.7122459398891,-551.3380539387636,-1288.1446226913076,-0.0,-0.0,97.04998228606726,-617.6003584514134,-0.0,-0.0,3.316158107782334,591.0930306337692,10.377396105660514,-1294.039818448816,-0.0,-0.0,-1558.8555719672906,-1481.6989152523195,-72.3203951063575,-0.0,-147.08836205299698,-650.4580585863142,-985.4907489978167,-1433.4293349893776,-0.0,-793.4892290489058,-5.634232596401676,-0.0,-1448.7535842861016,-0.0,-0.0,-0.0,-0.0,-523.5843977262267,3.222505400968494,-14.314062656619017,-0.0,-0.0,-507.93454687369524,-0.0,-0.0,666.7437022638208,-912.1955017431733,-46.12012474125723,-1739.267151764846,-0.0,-0.0,-570.9900723777977,-0.0,-242.14578151317986,-1011.7317605752866,-887.9606747155534,-991.0481882552295,-0.0,-0.0,1278.2184864550181,-0.0,890.1158121638105,805.9163074875652,-36.16660854101807,-745.4752325030505,-0.0,-0.0,-90.96287217039152,191.07698847844236,-710.1768075111196,-328.348118135285,-926.506431694116,-2355.779511978575,-1695.7694916264143,-0.0,-0.0,-236.1287374235805,-4543.583659957607,-536.9892387170393,-484.8073874696501,-0.0,-0.0,-527.389646140198,-0.0,-913.2179258219863,-1132.525527736087,-674.7765520591097,-0.0,-0.0,-49.728107143331066,-0.0,-147.57530298470442,-1243.2139196897504,29.563671105398072,-570.0258755053455,-389.66344606532317,-217.49731440013278,-569.2753000245697,-2011.3939478401467,-14.647156384887465,-1043.971158675253,40.216977428498616,-870.1756220154548,-271.49283191779074,-0.0,-0.0,-201.48442064986315,-0.0,-0.0,-1436.5775275788315,-567.9255033883239,-0.0,-744.6658493649213,-445.06606476530493,-0.0,-0.0,-1245.7018208041816,-709.2692120522107,-1334.0079623812771,-1186.950533305278,-0.0,-93.13879828278914,-2697.8082230580485,-926.5676488048309,-242.20504877245443,1394.8419362207735,-1596.4383676533528,-1085.4077405516657,3.664534868189838,-768.268714626662,7.702834530019078,-1580.4389839010184,-0.0,-3244.442038295762,-710.0341150314156,-0.0,-1370.4783054042066,-1278.9573949761398,-0.0,-166.474095050828,-788.111050378231,-1036.205833144212,-1225.7859946749968,-662.5539644949594,-456.4709048435558,-459.96624680074444,-0.0,-129.11064939826497,-0.0,-2139.380690431953,12.987896472009027,-3054.7556324105117,-710.9719137246394,-35.853693385577856,-31.74500316881026,-1207.8904512492238,-719.8085157995077,-0.0,-368.72730066864335,-0.0,-0.0,-678.3751810147031,-0.0,-0.0,-0.0,-0.0,-0.0,-0.0,-0.0,-657.1615820146337,-421.3357366007226,-2375.891956562905,-2091.796563881321,-0.0,-0.0,-1003.2495798686148,-1729.945775574711,-436.97834023673676,-160.05882541192153,22.145070655504266,-0.0,-1192.8833996736937,-0.0,-2087.4498943345684,-0.0,-0.0,-0.0,-0.0,-1661.3070768413293,-197.2254023528543,-393.3457120470447,-945.2450412487926,-1167.9651726148134,-948.2380360402283,-644.0118513971322,-1037.8290369681624,-0.0,-0.0,-0.0,-0.0,-508.8835578038374,-371.45581492393535,-1193.8550344112125,-0.0,-610.7715431190186,-5490.732057928169,-528.5010063149904,-691.458933860457,-2498.9763980388097,-706.2301472918708,-0.0,-458.5648045307323,-488.4905232587896,-986.8179133162539,-517.8327834222055,-1285.842921162093,-1476.3470908883821,-0.0,-0.0,-0.0,-0.0,-1390.6843161827312,7141.185629065427,5839.347391135582,-0.0,-0.0,-0.0,-0.0,-1773.068510023043,-1001.2177527708423,-74.73613117860147,-1224.4870684510481,-703.9098562240221,-0.0,-0.0,-0.0,-0.0,-632.0667128156681,-0.0,-1621.8694952957571,-205.88823865176428,-0.0,-0.0,-0.0,-0.0,-113.45806350920589,-455.66477695986885,-345.8723087823626,-751.3890902235073,-1004.1825572418435,-971.7398523645627,-950.8844741803288,-258.3183237744294,-1297.3757809634699,-1252.166852203001,-1001.1544993696231,-1325.5757621795015,-33.53676202319082,-1041.6163475322585,-880.9314140340093,-804.9220724950776,-1348.538444047485,-298.05492523640874,-1928.3818382289544,-1301.9677900067963,-1633.1904659685072,-514.6573918532947,-475.6905746198654,-917.7505467849836,-0.0,-921.9811998862339,-0.0,-2898.606671316456,-678.7385787065314,-237.7693120317837,-1623.4136239231252,-1306.6360761653668,-983.9040318151228,-0.0,-0.0,-0.0,-0.0,-706.9123731192451,-3108.3361648077553,-1460.492767598699,-0.0,-0.0,-982.1029255543816,-0.0,-0.0,-1043.8563767322498,-449.0744537015953,-941.4759949152607,-488.0517163488396,456.39110029458016,-941.1600843430011,-497.7362217948007,-1328.164184410993,-0.0,1198.5749679691903,-0.0,-0.0,-995.1102104552001,-4771.680296120848,-0.0,1435.6001023043018,303.8331627941684,-757.9522102037106,-200.003449098217,-0.0,-1526.2845594931073,-861.2913690645636,-1881.2696029380063,-1797.0698027764395,-317.22886840916675,-0.0,-396.8286974202999,-140.49314058736928,-0.0,-853.9050361137845,-0.0,-1532.4265809031838,-1915.1006972505008,54.646663924327086,-2059.1261748308248,-1719.2359279920388,-0.0,-473.6617128653004,-1172.9679870221435,-1662.4445449194554,-0.0,-332.21229402458476,-2061.653093504678,-767.7788056270098,-706.0069755702659,-791.5522887401976,-373.276186846012,-751.8461298486295,-1339.0088388683407,-0.0,-833.6524476796081,106.28996175287645,-1225.026868717417,-0.0,-497.56181501039526,90.00658426576533,-788.0862357809946,-529.0320306013955,-0.0,-509.5304834577211,-385.4626457130779,-1441.1027370990012,-1072.2695789046968,-1381.1814822667252,-743.2982812114906,-675.6363286027787,-794.0000156161981,-1859.6710266887458,-19.63753459202826,-0.0,-463.5355352451275,-531.6391736865842,-1179.0971800213406,-1767.6058457796375,-271.2309463090396,-627.9281426612783,55.33312911664189,-739.4126368685583,-1073.945309678993,-684.2644353435489,-0.0,-873.0191442509438,-48.232213429715756,-2131.0466403222813,-0.0,-361.2458517494649,-679.9610475913037,-481.37906544838046,-1988.9887367781132,-146.26214290080406,-1321.8846066959609,-603.8234867267082,-2215.32505979295,-0.0,290.13034214621973,-0.0,-0.0,-276.0536826298896,-0.0,-0.0,-3131.0352911848076,-23.169107481848766,-32.06077407733583,89.20901980118255,-1145.7907221947617,-0.0,-0.0,-0.0,-0.0,-0.0,-24.1763644528653,-0.0,-304.1690533325933,-0.0,-252.44511458988865,-1669.3140904392037,481.7610021744883,-2545.3173338389256,-0.0,-0.0,-0.0,-0.0,-0.0,-0.0,-0.0,-0.0,-0.0,-2224.585233967528,-0.0,-2324.627907262601,-2705.990591901217,-33.136574743624415,-0.0,-0.0,-0.0,-0.0,-780.5539604003002,-945.5605448985204,-0.0,137.53071668384257,-480.5750060461525,-1859.5815515379431,-562.772870249837,-0.0,-459.15400226706254,-998.0115118537432,-0.0,-0.0,-536.390212853307,-792.5659329778533,622.9784391112366,-420.6709091434059,23.521379059792597,25.49124617307515,-0.0,-0.0,-0.0,1343.1688472454198,1201.8352884287774,1408.8753166167105,-0.0,-0.0,-0.0,-683.1735685867651,-0.0,-0.0,-823.4031093269655,-66.47318979425582,-403.7891402173076,-48.703130738345536,-891.2510113371198,-689.9338287324694,-1245.2878156212,-123.95804006787336,-240.78730582607284,-1067.132890864251,-0.0,-1860.88865275561,-13.902681775429913,-822.4631910197558,-796.6255566112104,-14.194419248974983,-0.0,-1125.6400109157505,51.6046257430938,-0.0,-0.0,-0.0,-0.0,-0.0,-1191.0789607403894,-2665.243500649113,-0.0,-557.7376565573361,-52.840770575133575,-0.0,-0.0,-0.0,-358.2887807271187,-25.896887721746058,-0.0,-1126.7742188439927,-682.974679680106,-0.0,-0.0,-462.7278654896131,-0.0,-0.0,-1411.71497431789,-1191.494820503453,-0.0,-707.1576549532998,-1811.5398020953915,-79.65192191384013,-0.0,-0.0,-252.76824033117038,-672.9364214021127,-201.2542730727488,-170.28785521449666,-141.22248315745287,-0.0,-0.0,-0.0,-1165.2177411358132,-855.3004482965374,-1682.7624564757132,-235.51433311738168,-1150.0764540748523,-107.19161500662781,-141.68737033410287,-415.4983346747646,-1708.4460699033018,-0.0,-0.0,-1496.205442316422,-1632.2645016858432,-0.0,-0.0,-0.0,-467.9393442139406,-1996.9469979269495,-2943.749062393042,-0.0,45.77394271977346,-152.78400079253885,-594.5086109982277,-583.6557241586439,-1764.0184431698794,-0.0,-1278.7373407709733,40.799653558039445,6.975851531062159,-264.8611263187387,-0.0,73.27016491611761,-243.86027595284224,-367.1137082132962,6.712950917751635,-0.0,-0.0,-570.6163924470635,-11.251800306108349,-0.0,-1154.9652277877865,-839.9756750935175,-1062.521931031649,-689.2737764040751,-993.6826891181163,-1503.5733919454078,-0.0,-0.0,-0.0,-0.0,-0.0,-301.92975337085204,-566.5515122790637,-1090.2956553143185,-1323.6772613441824,579.4233582294071,-1260.4941306050957,1438.4765737593577,-0.0,-1794.6751129822849,-1442.3223231049242,-718.9875264136567,-26.482194419416924,-105.30898242184111,-1910.4390432214102,-195.9900273112294,-0.0,129.89163638861754,-775.9504734977062,-0.0,-0.0,-520.7042585989612,-357.04102186077654,-338.06435480068075,-1069.92396211651,-1447.6642134389488,-0.0,-1294.8012251873647,-978.117440243329,-3567.340184206722,587.2670648537324,480.9262155883753,583.6489893215735,604.2399036546723,-0.0,-0.0,-0.0,-0.0,-0.0,-0.0,-0.0,-0.0,-513.8713889784194,-0.0,-45.68620006477572,-33.41174876133905,-0.0,-1126.266787499084,-1218.8211286464461,-1728.23026248075,-0.0,-0.0,-0.0,63.87586414696846,-2598.976340446871,-572.4302120889008,-2471.3716776590027,-1339.1874749066553,-0.0,-0.0,-129.3193055381205,-1197.8477875151184,-0.0,-1678.9452920848726,-618.1358245249041,-0.0,-0.0,-0.0,-2096.9460619947986,-0.0,-0.0,-0.0,-0.0,-0.0,373.6016354752182,-0.0,-0.0,-0.0,-845.4289847191366,-0.0,-0.0,-0.0,-0.0,-0.0,-0.0,-0.0,-439.3951295056692,-889.4592780427084,-1300.217259093536,-1432.0295564094606,-505.5583596507491,-1063.5184567967276,-31.842905840800118,-0.0,-551.3118075794245,-44.086018839734464,-0.0,-0.0,-0.0,-0.0,-696.1143268970128,-0.0,-431.530786800728,-1103.90537494724,694.3377047431103,625.4768377780215,637.1277505828394,580.9134654908135,605.4818432949281,-0.0,-0.0,-0.0,-0.0,-0.0,-0.0,-309.6753519735545,-0.0,1803.191261017767,833.4090622281292,1002.118466154839,-0.0,-0.0,-1076.3850877630937,68.49761502040803,-55.060043159448746,-2055.419313981847,-0.0,-1630.0464964999255,-0.0,-0.0,-0.0,-0.0,-567.9592509813027,-0.0,-464.2891126099036,-485.4831291315568,-333.23380626696337,-0.0,-14.384591913399564,-0.0,-722.3694378991873,-0.0,-1960.7091516058015,-530.3285765334435,1496.626518893348,-1838.116262986961,-831.3295762286582,-60.025401899701656,-723.8088716056913,-0.0,-459.99909056194974,-68.91922074102564,-2094.4752651475033,548.4650223201296,77.98162188839866,513.9548781455265,1088.0300323118522,-0.0,-270.0563826166442,-21.740616834710814,-916.4926587319571,-1060.2766216095506,-1245.4323110341352,-1604.8426742776508,-0.0,636.5105072966458,-0.0,-332.4351067707779,-1990.3323370781193,-1152.9054540007355,-0.0,-1108.4359411520927,-340.74967376906454,-515.255767230545,-629.1133230729175,-292.7153775495521,-1188.1608190016411,-0.0,-1873.8712652397599,-343.70922889755104,-1308.7072368390686,-273.21607854461615,-0.0,-0.0,-0.0,-0.0,-1119.0618512965693,1020.127304285238,-951.061533360683,-528.4225139955813,-0.0,25.53396487692893,-0.0,-0.0,-671.4136235244055,-619.5271019956627,-655.158559227899,-557.1976218727183,-0.0,-0.0,291.19548947923715,203.4524418097169,510.7242054935059,-0.0,-503.5388385767092,-1643.5462425293417,-1091.3100564243514,-3.736362735758154,-1418.0618485947439,-0.0,-0.0,-0.0,-496.2317755289978,-747.5410595197418,-0.0,-1161.922078751715,-0.0,-2283.1632514011635,-3166.915410981539,-0.0,-16.73706328718301,-0.0,-650.8439823106733,-0.0,-0.0,-0.0,-1861.8417269181734,-963.2305275102086,-524.1994923277283,-754.3080400269745,-0.0,-0.0,-1833.449271434492,-0.0,-470.9483256283421,1007.0219207968738,-779.0545869291717,-655.76525679194,-479.35795938442624,109.6685292300464,-0.0,-0.0,-1158.1813052623472,-0.0,-625.2944240230999,-59.049267083336375,-313.01349516030683,-294.8465971446965,-0.0,-0.0,-196.34919276794415,-551.1619910561318,-907.0799438941541,-539.724023117077,-917.0699476746553,11.205236239743387,-0.0,-112.3339036917554,-1795.6333123916222,-1086.7615575794346,-0.0,-0.0,-0.0,-490.9535629726242,-521.1046426630767,-1346.757887749535,-0.0,-0.0,-0.0,-0.0,-0.0,-1284.3655540066336,-612.3991256094097,-0.0,-501.00760481034933,-0.0,-15225.475340278948,-702.7515239967555,-102.27612981118716,-522.5553227019359,-0.0,67.64904866073626,-1101.9821839430901,-2220.8927649591255,-0.0,-0.0,-0.0,-670.1890110529839,-442.45551733776216,-949.8773155483469,-867.4171393040725,-489.60221636650107,-0.0,-0.0,-1490.8332599740318,-496.6969355150981,-1974.8158909592498,423.0379592310291,-2044.688222501132,-0.0,-0.0,1419.9256901132069,-1342.295826292796,-0.0,-204.42050435631802,-303.7739529154872,-545.1090089459454,24.438478321155703,-768.3453406243353,-0.0,-0.0,-1180.1233386216259,-1100.4191020193848,-2113.376271049028,-0.0,-0.0,-2092.0896449222028,-611.8812262954831,-621.8341691132551,-2116.8889761251385,-1245.9137204843878,-0.0,-0.0,-907.3269490795477,-0.0,-76.57546651818856,-1336.4025171173728,-1535.7102963384618,-0.0,197.27325153658913,-663.3340235073155,466.9016516363139,-226.2229724167643,-211.77181256147108,-0.0,-388.6387518506659,190.07037407448973,276.0882091812402,-393.2934478465034,-2152.146870464888,-1719.978059730195,-74.18747508399413,-3831.7327956758095,-500.76990892117766,-973.3685116513683,-42.36204626490183,-3244.6833068916353,-288.39474431293417,-552.6314755096221,-262.6454748186361,-1384.1786345155283,-860.4021068907156,-2949.5223582950457,-4621.890977373161,-72.52460767389773,-584.3087421173559,-1468.4269827474436,-1014.0528952471177,-0.0,-2918.0602673459744,-0.0,-234.63488124555045,-1314.3765308285394,-1183.8713991823304,-0.0,-0.0,-808.503671013729,-203.39100183522328,-0.0,-1184.0530298629783,-0.0,-575.3456125048031,433.0546126310801,-1932.7363069983476,-407.277132382298,22.568770013807345,-11.401405053569471,-0.0,-1611.6070494560695,-488.05210675037694,-0.0,-111.92804958312092,-0.0,68.23550860471197,-154.3196183564931,-0.0,-322.8038771243329,-1193.8845714393624,-382.1103263325126,-674.4209102640739,-1882.302347476475,-0.0,-3454.6561104855487,-1494.9102614867495,-2100.6260659399813,-1907.6351622348714,-62.48668716018441,-192.9518250050478,-545.588035646509,-1260.3686345015808,-0.0,-0.0,-1067.2456341262762,-165.19341121872043,-0.0,-66.48088222155678,76.38472370394028,-1915.9484777052317,-0.0,-0.0,-1117.1573372753476,-0.0,-64.33283062155293,-0.0,-38.2190071266701,-125.06293826020314,-0.0,-322.7361447449127,4918.845238548521,-0.0,-0.0,-2254.521573039382,-668.5837664400751,-234.00468776542704,-0.0,-0.0,-0.0,-554.883432154512,-1827.4602638702872,-0.0,-0.0,-0.0,-1945.2574117236948,-0.0,-0.0,-0.0,-1352.713801910244,-626.0497767462987,-256.906811162683,-397.7914674455738,19.9256783705412,-584.4105451200828,-324.87438219213277,-177.74675133493554,-2050.9223572567125,-0.0,-0.0,-1072.9276997489237,-654.7342171965729,-2101.4330386170914,-0.0,-0.0,-2297.1944346708156,-575.0168153190679,-1323.7562403459851,-355.59332298566255,-532.4518909169318,-1994.7611538501612,-703.7810975040853,-73.53023240017201,-703.1313098573924,-1714.165230870089,-1321.3483995952245,-1167.1996681314445,-0.0,-523.6291212620465,-0.0,-1336.676405519661,-361.3482020823507,-187.8942649928173,-533.9643102586365,-739.3952761329604,-10.46882489234786,-0.0,-1011.6524716430497,-473.19953885302493,-37.605781143925846,1306.8243692512262,-63.94185457045274,-0.0,-545.4443303170359,-397.36104443764555,-0.0,-577.3342090972434,-1328.8196959533016,-0.0,-0.0,-0.0,-0.0,-350.1250333932,-775.2562710644886,-271.8738433770543,-416.28136954345933,-292.6427947214979,-1386.0559986931246,-612.8393084814609,-1205.4815507972296,-2159.2738434793355,-1671.112823155735,-0.0,838.3773415273862,846.9250681167064,476.49564174050886,650.7584025581385,374.188493975294,-0.0,-0.0,-0.0,-0.0,-0.0,-0.0,-0.0,-0.0,-53.83988438663694,-740.0268589645278,-435.994505682611,-234.57270243636623,-1014.9466079290742,-84.6225777121028,-306.6619853089546,-977.8225150046962,-252.06485186489473,-1482.699113710383,-644.4002573108597,-70.25484139478402,-320.14220834354654,-20.318553491968007,-0.0,-479.507810877356,-144.77280639366782,-174.55342316250218,-626.4106161812771,-296.4108492832876,-1279.8072586720386,-251.40797188382177,-0.0,-0.0,-1609.713273485337,-431.2691652184555,-279.43101370759194,-455.5180801436449,-768.2286101219355,-367.4314080037524,-342.895525261473,-0.0,-543.0342549054167,-580.1730255655012,-713.9618795876326,261.4130106111169,-1126.1213377972358,-1888.1454687936266,-179.94151325431935,-563.3777237268204,-562.7127679201084,-11.239093959841545,-0.0,498.77457665452846,-673.5879334372142,-29.84551864764524,-1626.4780479260664,-0.0,-0.0,-1038.9211854486482,-416.75953204470795,-0.0,-502.7494086634378,-575.1941726555909,-669.5619186456385,-0.0,-594.0564809114967,-404.9234439603812,-1857.7216630610433,-3567.199613524378,-326.5752640897989,-0.0,-68.69981325744179,-358.7489208522732,-1268.7730726635773,-190.17125267723208,-482.51256784780514,-603.7661481496162,-631.4933338610521,-319.4770454924075,-0.0,-0.0,-1384.9324268505425,-91.67675308923076,-364.10918114155226,-661.7231922550633,-1004.747578628818,-2047.119843914752,-0.0,-487.5552655721013,-0.0,-0.0,-0.0,-0.0,-0.0,-24.116772406503497,-154.20999257466107,-300.24188859551646,-0.0,-0.0,-0.0,-0.0,-0.0,-0.0,-995.5231521857831,-1907.476418561931,-345.0412007890266,-416.7717813296136,-38.67152338230421,-0.0,-0.0,-363.7174131975992,-0.0,-0.0,-94.85330594630784,-2265.8172988004344,-0.0,-0.0,-1245.6846162968548,-477.71151535657543,-739.3148548442367,-828.9911400612347,-603.9551119110064,-0.0,-0.0,-984.4651884241113,-1530.0797872328717,-826.7825539955743,-0.0,-957.1195180723233,-0.0,-304.4089759962355,-608.3563527162904,-0.0,-563.7264502501113,-1503.463344646848,-0.0,-1433.3648775312467,-150.0321935168529,-500.2473873079082,-1159.5962037398253,-192.58722994028528,-1027.809312271013,-0.0,-855.8215911452784,-23.05820699356109,-1989.3600627185585,-1579.0413735860504,-0.0,-0.0,-0.0,-0.0,-624.2927115221892,-685.7126398249127,-0.0,22.827094562288814,-307.74510883043075,-640.4610448250959,-1730.1190105554203,-1919.713827601348,-319.2209713645171,-0.0,-1185.0226663730502,-714.9154418877329,-1449.0133083251537,120.25733806849615,-0.0,-2836.048881287892,-585.6681259765644,-0.0,-375.1166309519494,-1230.0700883095453,-0.0,-0.0,-464.33103394427724,-1217.5173389984132,-0.0,-914.528978524563,-1093.1385015284723,-32.31013016299649,-70.37730250198008,-429.1793734046991,-0.0,-1254.1079244769346,-2210.585028580417,-982.8472217739802,-151.63215172224136,-1608.5720275480899,116.83372710750236,-726.7147352755841,-529.8222221736056,106.87758355971327,-729.3682759510109,-1237.6801480765214,-707.3021734154073,-1100.4603463919611,-346.72186048055033,-509.19998712778374,-645.5115700478432,-1313.3638476440567,-0.0,-0.0,-1537.1750689126586,-275.44779752683075,-0.0,-1269.9328817369333,-1047.246279578015,-0.0,-2096.4235349717337,-455.71863020487046,-0.0,-703.4659439089437,-0.0,-0.0,-1068.5054657278627,-861.7195976777235,-0.0,-0.0,-0.0,-627.617973697303,-3.8128650472107366,17.151796044674775,-214.9401584592663,-0.0,-1793.7934879532334,-1257.9985261063325,-473.6966007204131,-1750.6852524022986,-0.0,-49.88012886723927,-796.3868171047416,-0.0,-362.6853339784583,66.02219257481505,-1368.721541080773,-874.7386948315813,-578.4755735315355,-1081.2003753495906,-0.0,-0.0,-0.0,-675.322135050741,-0.0,-330.3011402260398,-826.6373629239226,-179.37926430581544,-1028.9011272157604,-1845.8731153810547,-471.83708833753894,-1772.0903460691777,-0.0,-955.2247704545615,-621.7480282423584,-431.5646528957013,-1077.2273109605635,-267.5661046485358,-438.9037851315977,-1272.6355218642805,-0.0,-0.0,206.5933948569021,-2328.699505530414,-832.4900866139668,-226.9003486248917,-0.0,-313.1878134621325,-456.00494819664004,-546.9376404370125,-0.0,-0.0,-655.1201497875721,-0.0,-17.992831784373987,102.20719872169138,-102.05755970239957,-1700.305169478235,434.9032872459132,443.0980775054509,425.5504452110806,547.1880168558547,40.73245024746437,-0.0,-535.9570132581621,-637.0962671218324,-302.26065138561796,-8.353234656456388,-0.0,-0.0,-0.0,-164.49600251462223,-11.41721078268485,-777.8770914233492,404.83280460412226,2030.0551631221483,-0.0,-0.0,-0.0,58.43770390772115,67.21812940305382,-0.0,-2618.647713771721,-0.0,-0.0,-0.0,-0.0,-0.0,-2081.5003264703496,-239.7903122115244,-0.0,-343.0871458449445,-1816.2491997242187,-137.50186419353875,-273.1182997651834,22.407877277945953,-1469.4138076227969,-3673.4783339256996,-1670.5733163241073,-0.0,-0.0,-1425.295548401989,-888.618285940273,-624.4292190238918,-353.74726346067047,-296.65727098322304,-853.6465681240498,-863.9137677685093,-4229.741845424387,-573.6101400676972,153.08988362578123,-699.4454859479458,-928.0336647754257,-528.6829518531378,-538.2881651313721,-6.459682603267852,-1377.1450693233726,-702.829672576851,-500.0663720281092,-0.0,-0.0,-0.0,-0.0,-196.3610399371625,-1035.289210106604,-0.0,-1060.1416451678722,-1166.0932953852282,-0.0,-0.0,-1240.6476722463158,-0.0,-0.0,-183.4141178383451,48.20553736621552,-0.0,-0.0,-2650.001684933579,-1043.6181431664909,-82.47472209834892,-800.4092458127152,-1208.1372341884833,-0.0,-289.2479443629742,-429.57571931954794,-0.0,-1180.3758512125003,-288.28931631360865,-993.3255798723347,146.0273144584983,-758.8195887635003,-172.73116267033234,-202.70107003294444,-45.756154541229414,-38.427735827124714,-521.3516178390821,-699.9524992279264,-434.30747286416295,-606.1328632944774,-0.0,-53.14331600549547,-625.3967402221842,-143.02011951901787,3.345092862264739,-0.0,-859.663041067322,23.15140117529918,-1119.2554149644593,-0.0,-0.0,-0.0,-1592.8980155917086,-0.0,-0.0,-68.29135420115067,-0.0,-0.0,-0.0,-0.0,-0.0,-0.0,-527.5924832407029,-1383.0913987728704,-0.0,-0.0,-0.0,-0.0,-730.2320131056964,-407.98047232175696,-0.0,-0.0,-1592.8856708355202,-0.0,-1175.211285183165,-2306.2590596051987,-0.0,-0.0,-0.0,-431.04492143900393,-0.0,-0.0,-0.0,-846.2230985101276,-648.9131314241652,-573.1688419729883,-0.0,-0.0,-193.22432986730723,-0.0,-3422.336796264834,-4638.276686342706,-0.0,13.24924639204371,-0.0,-518.1794743544323,-579.1172894085097,-1723.2681038680312,-0.0,-0.0,-83.03395534737581,-593.7543997522887,-1174.1523937531476,-576.5608795410377,-291.61847852333534,-0.0,-0.0,-1042.1453665836914,-840.9412011019306,-39.104574780649195,-0.0,-0.0,-629.5662721634181,-328.155654466095,-72.79922818499806,-0.0,-0.0,-0.0,-1869.296892749841,-292.86501656647494,-1157.4951928630012,-3739.5789644132597,-0.0,-847.5800468785088,-992.1452836384166,-2059.7895824973484,-292.4250043006601,-0.0,-0.0,211.16761257664237,-1019.2210200052177,-1587.021645857699,-431.7010533311152,-129.14453955749823,-21.34352675034633,-1546.2253936672653,-358.6363415823661,-1518.805997778843,-575.4420567374094,-2342.9319906552587,3.3252494751961006,-852.8605439560539,-759.8455363236154,-1598.2155236696028,-0.0,-0.0,-641.8387874543422,-1445.6722707609144,-1556.1466054608097,-749.714240180423,-0.0,474.80893689621234,-59.07483296342685,-385.8556089684307,-0.0,-16.254455143829652,-0.0,-2120.6572676045366,-44.819814162592635,-0.0,-0.0,-642.9868361550888,-950.6189063756763,-694.9991993878551,-299.7707044647681,-505.25963480273424,10.851377169234627,171.0291676823429,-712.7514291995797,-22.580268492451435,-1302.1499509764524,-0.0,-1331.6172574385882,-109.9057674764996,-652.7624623661418,-343.9987755515503,-20.885502878079485,-36.8652697958306,-17.362636211891648,-1074.813887502286,-838.7703407389614,-1214.0121698049186,-220.05987552783697,-1191.5829159412472,3.338125704545001,-0.0,-658.6097250104671,-2302.0092964258283,-0.0,-0.0,-25.73790342142364,-1801.9810517693113,-163.32192405601677,-495.8177122484159,-319.7436132241518,150.4427257007632,-0.0,-0.0,-1089.908706405082,-0.0,-0.0,-1867.6613808105496,-1360.5783722410526,-732.0205013009454,-653.9127874493734,-553.1655146437545,-781.4371279865546,-673.376112601626,-1119.8299515418887,-2237.183290180539,-0.0,-0.0,-0.0,-0.0,-261.65925504444283,-0.0,-1777.6201266334517,-544.7489274837243,-731.2522729156066,-847.0271801150933,-394.10361985035405,-0.0,-1214.5625780213738,-564.5861222783395,-0.0,-2223.808496206783,-1247.6483444211592,-0.0,-0.0,-2085.251945765349,-1475.8421038269776,-381.94328440357447,-695.3091943512713,-0.0,-459.60452071556455,-272.27037674668577,-0.0,-551.3465806541379,-472.6358192416012,-442.30049859423207,-0.0,-0.0,-0.0,-0.0,-335.84037688549046,-1063.0282813650656,-6081.589516310401,-0.0,-0.0,-630.9214727091138,-609.3945428195921,-1662.7276908392603,-568.2984776813812,6.585076222189355,-394.6983269670285,-0.0,-555.6535370270886,-494.2313013817494,-0.0,-435.9704906327814,-983.8943875816857,-0.0,-0.0,-0.0,-0.0,-0.0,33.25454557411356,-1835.157830852296,-0.0,-1161.796706303013,-772.5098168631679,-3.4769242632640673,-1463.9210591549802,-838.8894017309667,-838.9702611647158,-1226.4406949135507,-67.62040296315132,-103.74153447442201,-1090.7644817872458,-608.569113511179,-589.0691872376437,-0.0,-1270.2629838900743,-1178.3168187350216,201.307010745491,-0.0,-533.6728327488331,-619.6940327998253,-852.7315654124096,-56.89669834520712,-0.0,-251.53978348168647,-0.0,-0.0,-2134.0644076500535,-1835.0460793164548,-1659.667237867015,-1481.6032743373453,-0.0,-1079.1076662048922,-1779.5680683217079,-0.0,-4603.805148125523,-0.0,-0.0,-0.0,-0.0,-909.4548726184082,-2127.114993793075,-2003.18912364428,-78.96213094316491,-1707.9494505655703,-0.0,-849.0145665200542,-27.201849908532367,-0.0,-59.19309508822323,-481.0136587441488,506.08790608578767,-0.0,-399.5045933811282,-33.136008135834665,-0.0,-1248.2853533432235,-0.0,-1828.4842947423026,-124.64972782352308,-0.0,-0.0,-921.512377920322,-1371.0152457837373,-902.4896430120193,-1072.229913876121,-1116.7202643780731,1357.4155706354052,-50.09858217429951,-695.1711079786766,-31.20170747575616,-2143.497681384851,-705.8053151382837,-750.6801624076815,-402.9290774423427,-1413.7915797223552,-1494.38711629174,-377.17540804891155,-2145.407195149453,-288.2689409062936,-0.0,-0.0,-43.88703099685497,-0.0,-0.0,-0.0,-0.0,-0.0,-0.0,-1461.7395753461306,-535.781035709981,-1024.437332685576,-785.0806429151602,-0.0,-503.43472603042994,-1074.329419530629,-961.9407663988375,-1917.9625613681962,-1147.154363502377,-76.22779991059124,-171.55412455345962,-843.825123327247,-1278.0779875006056,-0.0,-0.0,-0.0,-62.62486889746387,-712.9893844981323,-135.7079191433604,-427.90107662009746,-877.9948456357482,-0.0,-0.0,-0.0,-3556.8303957197986,-0.0,-109.54277874163003,-0.0,-191.2202480240092,-991.2355563492729,-1067.404235281802,-746.0342696937776,-0.0,-37.52844702344624,-497.6815266757164,-645.6904763959725,-491.06513623474984,-0.0,-924.2466770079133,-0.0,-0.0,-2384.4241513874185,-0.0,-1208.0498610555692,-559.8810770617436,-363.5513479476725,-242.32421846940974,-1234.0096360780244,-2423.481609336747,38.26467674665988,-1993.647889824068,-1482.7926199803821,-383.2752658092707,6.525082809290016,-0.0,1290.4850459704026,963.6166395362255,1005.4899717507049,-0.0,-0.0,-0.0,-767.6185297406782,-0.0,-252.95160123315958,-158.70139556285363,-0.0,-3182.5568178041867,-0.0,-1250.4894243066094,-72.27408548993371,-946.655075446995,-519.2689179797923,-1297.701863560672,-1078.024708478806,-0.0,351.13110119893105,-2298.230142247112,-1471.8847129810104,-407.43802326478834,-1073.5854528846198,-1492.6861545961917,-0.0,-0.0,-243.8640042956972,-664.6646112834529,-1983.3214985724094,-717.7011330873478,-32.53520941927185,-0.0,-0.0,-614.061633191395,-0.0,-0.0,-0.0,-183.43056776157,-1240.8148940206154,1441.3352396571954,-1173.7122181895472,462.85588459216933,-640.2235438768608,-889.0576799562742,-9.549287807885374,-4311.912285557167,-335.2820223401365,-0.0,-65.82554169252663,-2089.3461214246795,-1530.4290544921153,-0.0,-23.951589786199712,-0.0,-569.4575725480453,-22.354430011897502,-1655.14624383752,-1365.1533212674265,-0.0,-278.91354907848927,-0.0,-0.0,-0.0,-662.9084102385933,-907.373622306294,-373.9047213127882,-1003.8283575316683,-1554.93639373846,-849.6718591739606,-381.1550876033008,-427.93785105752266,-97.34644977921411,-1455.1992153711826,-546.3465038847789,-891.0756117518088,-1081.16947704849,-1282.2431181320987,-1226.1046328369835,-336.36319444655413,-1317.9104626202413,-0.0,-0.0,-0.0,-1891.128647944137,-0.0,-441.94493633990936,-1065.7247775728226,-9.74106826232194,-690.2669745278487,-538.934601269038,-837.78026604943,-640.5163338853681,-177.45961233955072,-1651.9877848950514,-4639.43758698248,-241.93663573813885,-27.51084032243211,-0.0,-100.2679929572289,-6020.333939494579,-1619.0014971496446,-603.2144898394281,-2117.951229198344,-186.99375593114573,-0.0,-21.196539660042856,-595.0793125093161,-109.7399724979985,-988.9378769440232,-943.0659613915924,-178.0119714600749,-0.0,-615.1519607836278,-1665.5592964051548,-1715.1226208736316,-1673.6251943440534,-0.0,-1343.6250646688043,-0.0,-46.210999540556784,-767.725279969809,465.4280696308485,-0.0,-0.0,-278.1043730982766,-881.451981846515,-651.0974131555811,-1113.6180232275951,128.83763325982562,-1258.9097426493688,-113.93186040921205,-290.8430966332104,-1840.4265148007057,-1682.532623551978,-334.88518899767945,-0.0,-0.0,-0.0,-0.0,-0.0,-1792.31917836889,-0.0,-551.8970154847054,-705.602324342237,-2275.1046418193714,-0.0,2.9978206323816345,420.70886184956424,1799.141879644915,-549.0205641173675,-1145.6317042853548,-0.0,-1165.9890870399868,-3179.7978824419847,-750.1877427344265,-4833.934752121913,-1044.7799919940906,-0.0,-671.3851675970939,-2056.3403540275426,-176.32245676378724,-0.0,1067.1876534683279,1190.6151036405845,1028.9371253355919,-0.0,-0.0,-0.0,-0.0,-76.13048137536519,-2041.447715057318,-72.15690687840427,-0.0,-1757.4192916169566,-1009.3571024163117,-409.3144779464681,3.662838891531659,-0.0,-184.06220645866225,-703.0773859855186,-0.0,-0.0,-42.36390173159479,191.25983664927935,-1958.4007344520003,-0.0,-742.3778743033562,7.733486534386686,-64.73626268109686,-0.0,246.50385405382784,-83.5494695204779,-408.7551917051468,-1632.7274530464374,-0.0,-51.14205427316314,-1069.3078655712397,-891.8494007276494,-38.09862351556386,34.331757056940624,-0.0,-1080.0720794468784,-688.6045359546496,-7.464628597519231,-0.0,-0.0,68.05572601502675,-209.07944683475284,-143.77054595213897,-72.73449444181422,-10.740484611023948,-157.20152965083184,-659.9399223516898,-853.6689849366938,-442.3401038161423,-0.0,-1915.076200554323,-865.6877405089662,-0.0,-0.0,-926.4287408375043,-1854.8637570489773,-533.8767276728986,-6.543109273175111,-2361.7802247820937,-109.18274673593885,-72.4424799112008,-953.7281257774295,-0.0,-316.5204569967295,-1275.8339657902843,-3.2536830026677337,-0.0,-2924.0489872263993,-136.8590992814739,-1343.4333645146644,-811.1212426567645,-1082.8734742352606,-2101.0295511755276,-70.87648222697207,-741.9001573716029,-1675.7619902683523,-1059.2241450066404,-1066.241418477324,-205.6292485784465,-1620.237689476252,-0.0,-2334.8593602966453,-0.0,-5668.422637704591,-203.0668892185711,-72.78743173513571,-1281.6523198811344,-0.0,-0.0,-0.0,305.823897684805,40.7006077672015,-776.4269102857534,-1124.1571035213476,-382.9578437740515,-918.252152026702,-0.0,-0.0,-1310.126457479201,-270.348534541776,-457.4230660540369,-149.6656896493043,-0.0,-1411.6283938642603,-304.22606691052505,-1701.5296157561324,-0.0,-31.952875791010683,-0.0,-1629.6417375883725,-684.0296642505924,-1456.6372563272134,-0.0,-0.0,-1291.4947295868385,-448.4439098796969,-689.2414670640809,-1349.2108143020826,-400.59243817363904,-1243.2200017719022,-0.0,237.03843534866286,-1087.7211551614103,-3705.7593769815603,287.4123966199479,-1091.6962594648983,-6687.852155231853,-539.5211748164326,-584.0019489359264,-197.2337663779277,-158.59464722747018,-820.403710241468,167.23554889216447,-175.0407292643435,352.3530435729754,-974.4513163262213,-500.2116916029959,-0.0,-1040.2461955100441,-1623.9606925527232,-785.8666100058884,-342.318415455066,-0.0,-0.0,-29.160496174688095,-904.2519754486357,63.77925630060695,-1881.6809792978875,-0.0,-0.0,-390.90003686463166,-532.036480298996,-849.4513525142577,152.4045165229234,-2291.9489923033625,-1258.2919369221831,-1109.2388603259408,-201.47168121272503,-0.0,-337.16886883130087,-0.0,-514.2306214117892,-20.495443708775742,-1182.7339308007295,-440.0842182931288,-913.2928113564113,-303.18144825596283,-279.1913949480609,-0.0,-986.8588624564297,-600.0451318468399,-1085.130383933145,-0.0,-2863.223978715612,-1182.5222539988204,-1091.075760751956,-707.3169095504553,-968.9196373730905,3.295938125595618,-1920.731932593203,-672.4197926884498,-1060.1161181574346,-1673.8653481643128,-267.8769990929563,227.06702343140967,-935.8822752496615,-0.0,-0.0,-17.220501400766313,-52.465881806122425,-16.384260810161,-231.4973178749147,-0.0,-0.0,-0.0,-0.0,-0.0,-0.0,-0.0,-0.0,-0.0,-0.0,-1248.43159483912,-2081.59773899377,-1860.942231879952,-0.0,-0.0,1514.2960432663979,-403.3428627147612,-0.0,-435.4805679528075,-402.16510179868715,-879.2086709974375,-849.4791764996116,-1003.6831440949251,-0.0,-563.3467067702746,-363.0388602098227,141.15101328087636,-0.0,741.6685942702817,-0.0,222.86500853225039,-0.0,-282.77270284354745,-0.0,-331.32681518531876,-1032.5484180470535,-1724.7840139712275,203.8076846715578,-0.0,-0.0,-0.0,-0.0,-0.0,-311.41960758850377,-73.22653336470424,-0.0,-0.0,-0.0,-482.0539090133957,-0.0,-38.044649059075255,-556.5359109846967,-2835.873623031256,-0.0,-1159.1328820220263,-0.0,-528.3207557910633,-0.0,-0.0,38.21551530276244,-0.0,-143.14831209062504,-0.0,-0.0,-0.0,-832.5324220296251,-1602.3362070360693,-0.0,173.9434461674335,-2047.7403789745126,-0.0,-63.61210841812011,-235.35017649631658,-0.0,-0.0,-1294.2831125388857,-0.0,-800.7156004377875,-1144.677655932978,37.8247443773025,-2403.008914187139,-1495.4677984132406,252.29199230723572,-602.9382486950865,-0.0,-903.7967374036731,-0.0,-0.0,-0.0,-3028.2595924609277,-744.11365134248,-1343.3527346792239,-0.0,-336.225913929454,-3.4473642137328477,-1134.8053914539398,-1741.5060843502733,65.96185091810369,-2640.6040614749354,-0.0,-1671.965429510714,-2234.483526204221,-0.0,-0.0,-0.0,-0.0,-2050.554261886359,-140.0082732797193,-1273.9935818867955,-0.0,583.2627575242232,1124.9985524926483,-0.0,-0.0,-791.590170402538,-766.3165242671776,-289.63655643454064,-16.400601483309966,56.90043283909007,-0.0,-1085.284523355639,-0.0,-248.8905838300202,-886.6086451425158,1178.7450478837989,-0.0,-0.0,-0.0,871.8391696692553,883.6481058823342,-656.2746625301411,-0.0,-1175.5076819449398,-0.0,-969.9383552158915,-615.3928699490939,-0.0,-0.0,-0.0,-0.0,-0.0,-50.017760721579805,-0.0,-0.0,-0.0,-1014.2221402146893,-246.25890000909183,-0.0,-0.0,-0.0,-127.02074410764807,-62.610566919038526,-561.4383857082823,-617.1470505073654,-2121.699603673374,-962.4817151794381,-855.8772323714886,-0.0,-2362.462599552977,-36.97137396651363,-0.0,-836.6888991623618,-2092.287592861873,-629.4654999071494,-441.2895852190293,-1116.3111459552008,-233.57377885861507,-581.0882804550064,-677.3184843542417,-938.2495925601389,-227.04080635817613,-1461.106295313856,14.159005249126334,-332.8799473909107,-0.0,-0.0,-695.5665263830831,-3175.2143059604637,-0.0,-822.0725724498209,-449.2266005098009,-0.0,-314.40561909898884,-485.20184105062253,-673.1004924681681,-215.45845380630706,-0.0,-0.0,-0.0,-0.0,-0.0,-37.43242525826659,-0.0,-594.3083993248614,-0.0,-0.0,-570.9024016427907,-911.0646927357677,-2239.816482793269,-382.0648393260687,-544.5641199964898,-88.0170384302094,-1773.8852838708817,-0.0,-706.7344609952979,-462.20990147384816,-392.8657998747259,-1150.9904105637752,-869.2191978996938,-1362.9754976493584,13.243472725375241,-357.51507418640966,-0.0,-952.777465235655,-938.1831326726667,-120.43310283685756,3.233103510857567,-2200.1746001078145,-986.2866979286147,-577.6446000096033,-0.0,-613.975881376953,-641.7936023117761,-467.29299586310856,-1885.9348405498627,-3.207084579388654,-0.0,26.32428410767723,-0.0,-0.0,-192.2614504073343,-3332.3627454803263,-160.57493681306488,-1373.2354056837262,-2974.0174572304113,-0.0,-4032.249562851813,-227.24251048002407,-1758.6492862314774,301.11897719210157,-0.0,1396.5762944597159,-750.9195223748316,-0.0,-1767.1145023784513,-0.0,-62.001913994524834,-37.68688041607726,-0.0,-0.0,-0.0,35.8923807262458,-0.0,-0.0,-0.0,-526.9079029016868,-1175.9695588979882,-684.3390031427277,-0.0,-2890.4827522138844,-0.0,-0.0,-0.0,-217.2624900816536,-316.50405665348785,-0.0,-1940.2195362714479,-0.0,-0.0,-2940.399605520531,-0.0,-22.478542854425072,6.7697636381743385,-400.8655411000977,-18.375493475363108,-0.0,-0.0,-210.2052526693723,-0.0,-0.0,-1157.356198356374,-1083.7638255923437,-1182.5486786120991,-0.0,-267.3511823087783,138.91373805193774,-321.7169564845745,-13143.043779919848,-0.0,-555.7558174542668,-1152.9535891520748,-573.4484635674294,-0.0,-29.737301477142122,-13.621116551500881,-221.46895549657182,-917.2347297983983,-0.0,-0.0,-0.0,-444.8757754203834,-2063.0448382883574,-1249.9187812772366,-0.0,-0.0,-0.0,-250.95776886817717,71.22365327191369,-7.265390943877643,-1069.2828741417868,-0.0,-0.0,-873.7104698244079,-0.0,-0.0,-0.0,-2237.7638139060614,-915.4305307594527,-0.0,-1042.8003905529806,-520.9681482763664,-201.3323647794786,-570.3407687824047,-985.3883346121312,76.47417875442376,-1079.1138612819138,-1007.7796197968706,21.2320684044519,-1634.6847186325365,-0.0,-0.0,-0.0,-0.0,-388.76351756619744,-0.0,-0.0,-533.9705318065935,-805.4589039133656,-597.0657233969525,-0.0,1376.6580423516302,1098.0125022472605,1194.4618213103524,-0.0,-0.0,-0.0,-790.3253715850988,-35.075431974478974,-714.8245003383524,-66.94438378441524,-537.912367498923,-1529.324780444574,-1065.2615079944899,-1838.1390657222114,-0.0,-0.0,-0.0,-0.0,-401.926273597623,-674.1877987569035,-1410.9918924862766,-379.02506412905655,-1298.0912168099953,-1491.466807865972,-1854.517221104912,-0.0,406.62358423723265,-380.1400138151886,-335.97993333937404,-110.55780026499656,-3993.1263327679144,-59.9788295898037,-0.0,-762.7888591654979,-1314.6614025036304,-0.0,-52.570187369484856,119.23149346740986,-73.02069893359679,-428.88475169513526,-1803.403466459778,-135.4758553626954,-1581.5643028104973,-0.0,-1634.420050509317,-1669.4362535183402,-1133.3066674740037,-0.0,-1395.5761805918628,-307.2270466166559,-586.1673530606347,-967.0471200850641,103.19856514013264,-1544.4964288420433,-1186.248717159676,-0.0,-100.21574175400764,-0.0,-0.0,-0.0,-922.3122892745687,-545.3035185166416,-0.0,-0.0,-0.0,-2948.793136852472,-1577.770370223766,-0.0,-0.0,-3.4607465524819037,-1337.4541496267561,-756.2715184586883,-0.0,-662.9217808675493,-1130.8356021328725,-454.85222908632176,-21.222642545785366,-882.9452836803831,-6.347825641255252,-1281.314248980429,-1453.7155981073588,-0.0,-0.0,-34.59514863218072,-0.0,-0.0,-1114.365312473456,-73.06984140402025,-430.6712017090716,-0.0,-0.0,-0.0,-756.2651786272412,-270.7683872666412,-96.41621887532024,-401.0223117156618,-210.69409854698617,-1780.1131787963684,-293.8504717789695,-466.82767704966346,-959.8592885279959,-0.0,-334.27010924540144,-0.0,-1736.761397480483,-1346.1748031065836,-1388.6415652191984,-355.6498326455112,-215.93325836027657,62.31393368084225,-864.6582799756998,21.847826332539782,-0.0,-406.2029899594299,-0.0,-0.0,-407.9524006861682,-109.10163504468024,-2452.239351432318,-2558.645986359644,-474.28417583406326,-0.0,-0.0,-812.4414465402731,251.38494178151365,-0.0,-0.0,-0.0,-940.7907222175023,-42.47908829828124,-447.24863281861263,-3383.1718993650106,-1252.6181244783932,-1000.931140540951,-370.6801824736212,-160.74456265787538,-1072.2157035116034,-617.3157342351408,-471.3487667054285,-0.0,-593.3490445069743,-566.5742936410888,-1679.5704498152427,-0.0,3.787864901373781,-11.321266749715123,-0.0,-0.0,-1524.2337406730887,-0.0,-3422.531237105161,-1079.8688248134704,2055.638477414504,2550.9705864305106,-0.0,-0.0,-662.2096072998675,-916.540472819078,-511.46735629453565,-298.5054196176229,-2747.3456118363633,-564.1535892293517,-0.0,-0.0,-0.0,-1033.8437203856222,-632.2140917396492,-163.43200197555075,-2055.4180848611527,-1035.5253097406137,-23.946992305458327,-366.2462183624974,-985.9870673215136,-250.94771794323202,-454.5947273592276,-0.0,-56.81039130701769,44.97847003263178,-859.3120091103582,-136.91101280044006,-0.0,61.25001292275086,107.19297592644352,-161.24083003522694,-1112.355541552646,-1812.6324885353538,-52.13861846402099,-782.564674918406,-1285.1307223903116,-0.0,-0.0,-613.4143383177603,-0.0,-0.0,-0.0,-0.0,-601.9748500818278,-19.954822819023956,-1234.2308743230292,-1149.1971536075573,-2147.421108311327,-1113.0672804024011,-0.0,-552.551047432237,-0.0,-1288.292723944518,-1528.455154291441,-1144.9565492300358,-859.6764687259092,-0.0,-1851.5566150642267,-0.0,-0.0,-0.0,-2919.6991752480703,-1063.3762848110541,-251.3805975564685,-819.8456430062756,-748.5291181419457,-771.071962176752,-0.0,-0.0,-0.0,-37.34121751949751,-4374.114098527258,-614.2284714873507,-1782.8583878886848,-3253.838503082119,-1927.1870685669735,-382.62997914232716,-0.0,-1520.0753410822924,-663.5951050773873,-0.0,-303.3346486098758,-331.4699480784201,-34.16239713326649,-916.7007127976577,-225.4260016246829,1227.8022888918756,-382.1931036027528,-0.0,-0.0,-877.9927141943172,-749.1058547847696,-2208.9223471895,-242.61716629965645,-0.0,-0.0,-470.83524811386303,-0.0,-0.0,-0.0,-0.0,-1143.3684941365173,-586.9004286747396,-1210.233082965026,-408.8068540274469,-3.2757436404402154,-625.1216305365621,-0.0,-0.0,-0.0,-0.0,-2179.0474900637205,-0.0,-0.0,-0.0,-0.0,-0.0,-0.0,-661.7337390836996,-0.0,-2268.446674312796,-461.1469365601888,-200.44240763274186,-1096.5922488388571,-0.0,-0.0,-1251.7944768958798,-1219.2764232571596,-3.255544641286203,-420.2738005400694,-49.616973857780124,-1656.7290843917986,-800.1967443568178,-0.0,-3397.525204478451,-1129.639560462837,-0.0,-0.0,-12.852715730415689,-361.66802806029017,-1044.8964895422382,-0.0,-0.0,-20.940304056699322,-1295.762258018167,-512.2618904655104,-289.372936980813,-64.10360998594312,-1617.5443826596133,-0.0,-0.0,-0.0,-0.0,-0.0,-488.66722023241294,-425.89245302035386,-507.2961986748065,-3798.326022574464,-1440.8662168907456,-1100.3937781070458,-86.90557942704096,-958.5956239564438,-963.7274894486098,6.501495799026845,-0.0,-0.0,-0.0,-515.9844256086725,-390.7180892895265,-1554.8403685077608,-518.0846653671676,-0.0,-1420.4554700050955,-0.0,-607.7482119447501,-0.0,-0.0,-1746.8791079554944,-472.00520237400946,-494.30121802657294,-1276.0699896520111,-105.73329551577997,-10.54955249011812,-615.5045348519204,-1265.5231961985494,-0.0,-399.6056222191542,-1077.7327699181792,-3433.7384173357295,-0.0,-253.3256161552855,-1834.4742411414463,-1182.7242254791809,-1123.5610182473467,-438.73387906240663,-1034.7431051357287,-0.0,-300.583842141108,-0.0,-220.6741432150092,636.5216835267042,-0.0,-0.0,869.8089674378431,-0.0,-1933.4834916845439,-638.3557975348142,-954.4933971257923,-1026.434362972346,-1320.1873114383923,-320.14007156216513,-127.01682597612687,-0.0,-0.0,-766.9643749642477,-945.4225432672276,-684.289060239055,-0.0,262.54018716848253,292.7943127030136,-202.18360300974186,-2403.0157826439163,-1839.6269972351588,-0.0,-0.0,-1241.8991463881496,-3391.830406421861,-2297.0754561877834,-451.1204968734001,-926.3492558552057,-973.1225255823309,-0.0,-187.8375680071195,-0.0,-541.8085996957067,-226.96943899452089,-1439.9343059485666,-2313.6050614104242,-279.44727598637394,-462.09784667896525,-3994.700119285423,-1244.1952370894758,-494.91528572393037,-219.45378312119732,-1331.4615843034787,-642.5783939308421,-3.4868749314624217,-1371.3572087356843,-1378.2407488817257,-0.0,-0.0,-618.5152194358789,-1128.5920143944024,-303.5706594953449,-3.3570319251231786,-0.0,-0.0,-0.0,-0.0,-0.0,-32.80409723120305,-664.4171699260772,549.2042960738687,-391.48800310224834,-762.5859102035788,-454.5932701202751,-839.5303515456931,-1385.9493650236436,-1048.868727560389,-1454.742346680937,-234.57875638999909,-523.2039227464677,-1359.9351113684859,-622.8022213603623,-0.0,2501.332327245869,-234.86743677188647,-64.35283769517895,-0.0,-882.0025858757791,-553.1468760131033,-1281.9007944673667,-1577.4232141999464,-2102.22910180837,-0.0,-0.0,-0.0,-0.0,-954.3954967771587,-1401.5528877090087,-0.0,-791.5058905482587,-6.95997543053219,-0.0,-0.0,-0.0,-2411.9849759613007,-760.4417686708697,-154.45330897592476,-45.70778009276034,-0.0,-0.0,-1095.4260308371413,-1251.1547991330558,-691.9241981527766,450.91354852854636,27.371209590105234,-0.0,-19.174946653236173,-0.0,-1325.7295763282314,-458.66234751955744,-1198.411792415709,-1442.0301668329678,-1498.4766017479174,-37.20471143589151,-0.0,-0.0,-1745.4649655359235,-312.92019866936033,-0.0,-0.0,-188.3304538843466,-0.0,-37.36580811876288,-0.0,-1233.2821148517514,-702.8650354061132,-0.0,-64.5910198666694,576.0399484967518,-0.0,-174.320847356986,-2173.987366263579,-0.0,-0.0,-648.4692997289469,12.886461052719747,-0.0,-0.0,-685.9545724214777,-1249.5472513992474,-0.0,-741.3003186285146,-0.0,-982.2421346412139,1486.4013847267854,22.147148734158268,-1481.11921082688,-1614.1979960582275,960.204948265875,-0.0,-1999.8818621123232,-672.162447340657,-837.873288007386,-0.0,-548.7275731265195,-116.85805538790115,747.1960272552217,-367.73968033114335,-1316.3736922533526,-0.0,-0.0,-0.0,-783.0342425018702,-539.657073752337,-674.7094853964263,-827.1264232694947,-995.0760558015251,-24.42477013874959,-975.3325569301128,-923.7578522686906,-1160.8760549518213,-0.0,-0.0,-434.0592369814635,652.9520810152592,-5745.812519201464,-0.0,-1086.1840495070662,-1674.9017704751213,-791.9242347137001,-705.6845535217011,-56.57385457070396,-2389.8368680189583,-329.8623239777036,-0.0,-931.455933458708,-744.1556667222059,-568.8760973617624,-0.0,-1300.3174717227826,-1708.3008595853373,-25.324038560212333,-1005.378734365248,-2332.5438588464353,396.78482140145087,-0.0,-373.03805191858527,-140.54055750285994,-1061.8770819765223,-884.0695938543006,94.52035950507087,-105.91625349273994,-744.8192250573096,-423.5555878701902,-479.4326237493471,-590.6793760216823,-478.3019613027429,-0.0,-1199.3354173803737,-0.0,-1012.7231737625544,-589.8767404636176,-136.3326161158416,-0.0,-1461.2317317974528,-4244.063717216751,-0.0,-383.7106861677572,-0.0,-2213.1450287671914,-209.37765989733902,-0.0,-345.84541280410735,-377.2291681619627,-0.0,-1887.6356693170942,-1346.5974241179686,-0.0,-3709.173649305205,-104.85989695967262,-1127.335224692947,-1241.3205242854513,-1529.198848922981,-100.11321660445883,-0.0,-837.3937796919878,-1866.4011615837428,-506.0386010004577,-877.8394477769625,-954.7044769062742,-1546.5772352350755,-2109.7002463499134,-845.563460599006,-1617.1257485708304,54.28012907057283,-0.0,-255.36742886885278,-1103.2017705693481,-938.3903848515333,-0.0,-0.0,-0.0,-367.5991148513823,-432.4104303454981,6.570669350317013,-510.62675319971277,-0.0,-1037.2183008089773,-646.6731994675243,-523.0855771965388,-0.0,-0.0,-253.70484272729811,-1382.3001003376505,-876.478723130391,-271.4136434360472,-799.4410447703278,-29.496994451634087,-0.0,-0.0,-2726.954239419813,-984.2932944662412,-0.0,-0.0,-0.0,-77.20366905626344,-927.395318473254,-44.05137247964262,-1564.042440951964,-1517.5261772580795,100.26004547958792,-0.0,-508.99140125063997,-0.0,589.7291205735323,-111.6643053302314,-0.0,-1409.7215746456925,-275.84168176726166,-1559.882168519373,-0.0,-1331.0371663434496,-525.1785340368567,-173.40624101535326,-10.843484188515545,-31.54344043988856,-0.0,-0.0,-616.1588522548451,-1135.7266398569782,-0.0,-470.0287859150108,-0.0,-306.9107266819195,-460.8984964263806,-0.0,109.263737539355,640.9815887599755,609.0180251479276,742.519546519529,654.5918326738042,692.1190121198802,-0.0,-0.0,-0.0,-0.0,-0.0,72.72457672414487,-0.0,-0.0,-484.5109338516211,-133.26504374279597,-426.02159179538734,-76.66177615546945,-0.0,-810.3173367365637,-1388.8183795457412,-1501.700482897122,-208.52071176016034,-181.1577923979351,-0.0,-0.0,-558.8941361058168,-0.0,-0.0,-0.0,-0.0,-2570.374690250174,-0.0,-37.4955872535821,784.4667091795609,-0.0,-915.6516580689472,-482.4483879463361,1360.448229775833,-760.7385053840583,-0.0,-2747.8601838807813,-1786.8351690581794,-174.41046520673976,-736.3318744117774,-1151.69477928789,-482.7466780916394,1025.7823479268686,-66.87585876533741,-503.9236642517776,-0.0,-0.0,-445.1218354011496,-0.0,-678.3409104134348,-0.0,-396.3870559644842,-32.16884043200155,-0.0,-0.0,-956.4386354789985,-0.0,-0.0,-450.23006225427764,-1096.6728133614406,-1597.9295208142041,-0.0,-0.0,-0.0,-1474.8326092721165,-0.0,-977.7589718061259,19.35181356661875,-0.0,-0.0,-1013.6891317695226,-774.0838174438674,-1098.2547402408975,-324.7682350157834,-0.0,-1181.521362070679,-238.81956051585252,-0.0,-0.0,3.3768854085822815,-32.52106322328682,-3949.7011088948093,-0.0,-101.62239919628347,-26.867588949991084,367.37718291561094,-72.94410948706434,-847.7665022495112,-770.4350635662057,-382.984742329131,-0.0,-0.0,-1529.668096445935,-0.0,-0.0,-0.0,-0.0,-0.0,-0.0,-0.0,-143.64419271923512,-0.0,-0.0,-1703.7924196423942,-6212.684959827292,-100.52373038637683,30.108171250028672,-383.4641323376955,-606.2698265043449,-96.62383078414486,-3760.1151764873534,-230.29346448456212,-262.624112208866,-0.0,-0.0,-0.0,-1730.6097845535917,-0.0,-33.24500762633099,-0.0,-0.0,-0.0,-415.498042862675,-9.8696092075697,-236.07328823990085,-1268.9980941820916,-549.3302369933566,-63.20995002667231,-2205.3135756124793,-0.0,-73.52467807878493,-1870.951194203217,-0.0,-951.8928532779244,-64.81458701412318,-1333.5194061445484,-0.0,-0.0,-933.6643095312752,-516.8234143392272,-29.66253421258649,-739.8181851740808,-711.2665576952481,-607.0358802016323,-144.59506422931221,-597.8165369471709,-625.0174549972206,-1936.116838675658,-876.6683514540491,-0.0,-1337.831206646509,-313.08758331268933,-587.8339949645176,-0.0,-0.0,-865.3954193522287,-2013.2352304105257,-719.3776192805626,-0.0,-0.0,-0.0,-3427.1439015048286,-698.934823544742,-168.26133667066208,-287.9018328928451,-36.53102790134199,-3168.4832035861405,-0.0,-0.0,-1951.9307137933238,-733.7797791559935,-0.0,-0.0,-0.0,-71.95474771862207,-0.0,-1621.6772913328623,-1549.4446925499842,-0.0,-287.12798574006194,208.36122457784435,-0.0,-0.0,-0.0,-866.1042265225756,20.43144422954431,-2082.1858598841786,-480.5955554342919,-970.4197334230857,-585.840591751895,-3069.754395730765,-1413.619781795681,184.70248318521533,-0.0,-2680.6890603832803,-0.0,-0.0,-0.0,-1098.1417110689263,-648.2628326640848,-1333.673190439945,-0.0,-0.0,-752.0935509131499,-1296.1534665322847,-586.0018859571813,-424.29464847683664,-0.0,-0.0,-1111.8913691290254,-0.0,-0.0,-0.0,-0.0,-0.0,-0.0,-475.8744370655319,-64.84392296387789,-1142.9385731752263,-0.0,-590.4529458416836,-1040.069544811031,-29.377665810200057,-0.0,-0.0,-0.0,-0.0,-0.0,-0.0,-0.0,-0.0,-0.0,-0.0,-994.4609485909444,-1706.0974318702777,-0.0,280.9477202113414,-0.0,-578.9791502121408,-85.41404162542857,-0.0,-652.0461001991446,-378.3213645204714,-74.90684616916802,-1707.070900654857,-429.9529894952171,-2467.996386411785,-151.70630665271355,-1915.5249821072064,-1565.605449103838,-770.2942776158085,-3.762299348923571,-0.0,-963.8581530202642,-1882.4031130075589,-2124.4183745637256,-66.26328709986835,-204.51957883360066,-1495.578650193476,-0.0,-2277.5306633554487,-339.84314648265854,-0.0,-1464.6567799714746,-0.0,-695.199081108141,-0.0,-2143.2557463724797,-0.0,-0.0,-76.98031667395199,-904.1493282278657,-471.3066931075847,-0.0,-1204.3488007836247,66.9715906395522,317.45840915750637,300.25960626293346,-233.7401882476771,-1488.5520987435555,-524.0555275417754,-0.0,-0.0,-4609.159617086172,-965.9921115377645,-0.0,413.35030470613657,-0.0,-1669.995542067131,-443.8031954032971,-604.3619506446735,-0.0,-0.0,500.6568335767706,-0.0,-757.9131925674659,-1070.246483063015,-1614.6217715929126,-0.0,-523.899092732003,-2687.0430133437394,-864.6839688999024,-0.0,-1221.313682094295,-114.83292790741307,-1015.0308105180844,-0.0,-819.2661859853233,-0.0,-0.0,-0.0,-766.7390538361515,-0.0,454.90229154737756,-0.0,-332.58828054703713,-649.6114663071482,-380.30432449957556,-902.3052403126715,-543.3164610752013,-1575.9064073266102,-1049.7075105445178,-0.0,488.2288929779664,-2035.8132228202662,-1388.3668490348425,-608.3835954651558,-0.0,-0.0,-0.0,-127.98371327129803,-946.688371883861,-260.38188282332897,-728.6386797311029,-1807.7808127016287,-2500.1613875289677,122.83302161829373,697.8741867817407,602.2532777255866,-0.0,-0.0,102.07156483160408,-27.411637657889543,8151.962381333326,9566.627992615191,4960.965011381075,9234.301871849491,8998.493506528512,8266.702313575523,-0.0,-0.0,-0.0,-0.0,-0.0,-1248.7339117661647,-1194.5903916875552,-806.1346527769612,-0.0,-2067.6006268393407,-520.0210045957655,-904.2600420485576,-28.330234316071937,-619.9752533321893,-1187.1569109907691,-932.8190792850006,-1038.5626064664923,-0.0,-2564.839483900111,-1592.327726495073,-577.5247776708402,-105.29426950118376,-2850.90858033527,-0.0,-193.6010484427955,-0.0,-9.784745031497437,-0.0,-98.11898821650321,-248.31452912780406,-942.531261165678,-724.5937570225374,-0.0,-0.0,-0.0,-2053.006437340515,-0.0,-0.0,-215.69310603500756,-871.533569753146,-900.433277431475,-74.57226629668997,-1110.0823036589472,-1526.6359583906642,-277.68615239743536,-0.0,-0.0,-98.64693251440049,-1060.1234813243893,-285.9548446166102,-0.0,-4897.522840778329,253.66169259889702,-0.0,-0.0,-0.0,-30.578146574752314,-380.83174927218346,-0.0,-0.0,-1053.6292061965364,-1988.9276278460475,-1114.8620838649858,-343.2360214987592,-389.69191356569905,-416.47502555227567,423.0082914530318,-1196.1465289896012,-0.0,-485.95897474894673,-2304.1131923751645,-427.5734045877003,-7.543124859255185,-0.0,-4.656709410936938,-0.0,-0.0,-0.0,-1064.832234438739,-350.82438273879654,-1201.1032902821312,-0.0,-0.0,-0.0,-226.52398291506552,-452.6243412097834,-1262.190800306176,-2477.5212646570567,-332.13589599727936,-170.95656713735994,-0.0,736.0536015138347,-0.0,-1019.8415047030178,-140.47405872826218,-0.0,-0.0,865.9854181796759,-0.0,-1383.3089000127336,-0.0,-0.0,-0.0,-174.8862877815473,-1762.4012534917126,-1460.492992585754,-22.84638397344074,-2024.9991329944478,-1356.7150821487544,-23.183357287761105,-22.817946519553203,-64.24102279221468,-0.0,-0.0,-1792.8057724673706,-0.0,-5031.664304701475,-0.0,-1333.161935165023,-230.66257904513614,128.5129208126523,-0.0,-49.42053274815644,-1172.3084693898545,-1323.1444950660557,-467.2776333748464,-31.6077258921609,-228.20387170170957,-0.0,-0.0,-0.0,-0.0,-1067.6977572538058,-767.7244243894993,-0.0,-504.6604323591811,-1102.0480977112456,-161.53502241650256,-67.0902001171702,-0.0,-0.0,-0.0,832.6894845523592,-3.522419187446286,-0.0,-455.1179280905486,-750.8938172388193,-1243.9264119070076,-0.0,-0.0,-2101.5471458744996,-0.0,-0.0,-0.0,-0.0,-580.8484318122408,879.5221438483541,933.9784841989793,1064.0277653096064,-0.0,-0.0,-0.0,-519.5438055632967,-0.0,-0.0,-320.74199602319544,-583.069682688911,-0.0,-162.98712911744005,-1202.4881650137338,-1145.4358020620864,-0.0,-0.0,-0.0,-9.649915577651736,-1282.8319070834436,-3.2284463690486263,383.74938564653837,-0.0,-1502.7009166452613,-772.1846141427567,-531.656528935697,-1468.983363401788,77.37757939168367,-232.17394736754167,-17.61954604983451,-388.77120000606124,-370.3172514044287,-949.8957885325995,-327.9279301928922,739.2994253341036,-1133.316861035965,-194.41791422505005,-145.5968060001037,-3478.7640947341697,-2121.396184732093,578.4167150895055,-862.8322062529588,-164.38858220260803,6.970513419108293,-649.9594986667439,-914.1342545167439,1607.2755830472736,-567.3205713805207,-598.1331835443973,-613.7024142947238,-0.0,-6001.753025622152,-0.0,-453.7546784608521,-808.3537084472814,-574.3967400524187,-806.2651682130921,-1085.4432518035467,-0.0,-846.2280792840552,-140.94092466829815,-72.59154109551041,-6245.037349953642,528.8688611106847,-148.67173385923618,-0.0,-522.0103371682021,-1127.394763562267,-0.0,-0.0,-436.1073529278675,-1586.4662018733848,-63.93156910980712,-199.64169878573674,-234.9321900906745,-1067.515554251603,-0.0,-0.0,47.29391933817297,-0.0,-0.0,-1547.0698092755945,-0.0,-1583.2125433060367,-846.9635669334627,-1132.2886860950016,-0.0,-0.0,-459.2889085364651,-784.2977560288036,-113.46915327263098,-0.0,-408.98365592546446,-130.25010124103602,-454.0405275509603,-0.0,-186.5924419054035,-439.2302899675159,-1984.4476721622966,-859.8672777471064,-1235.37545144923,-0.0,-0.0,-1258.1217576808976,-16.150738981672337,-0.0,-0.0,-1014.7531026715211,-0.0,-0.0,-0.0,-0.0,-0.0,-0.0,-0.0,-0.0,-0.0,-0.0,-95.5636013367411,-0.0,-0.0,-0.0,-0.0,-0.0,-0.0,-0.0,-0.0,-0.0,-0.0,-0.0,-279.3909302046041,-0.0,-0.0,-0.0,-0.0,-0.0,-0.0,-0.0,-0.0,-0.0,-0.0,-0.0,-0.0,-0.0,-0.0,-0.0,-0.0,-0.0,-0.0,-0.0,-0.0,-0.0,-0.0,-0.0,-0.0,-0.0,-0.0,-0.0,-0.0,-437.2162873804051,-0.0,-0.0,-0.0,-0.0,-0.0,-0.0,-0.0,-0.0,-0.0,-0.0,-0.0,-0.0,-0.0,-0.0,-0.0,-0.0,-0.0,-0.0,-0.0,-0.0,-0.0,-0.0,-0.0,-0.0,-0.0,-0.0,-0.0,-0.0,-0.0,-0.0,-0.0,-0.0,-0.0,-0.0,-0.0,-0.0,-0.0,-0.0,-0.0,-0.0,-0.0,-0.0,-0.0,-1256.8283099901432,-469.91024492044437,-1640.7775691082088,-0.0,-0.0,-0.0,-0.0,-0.0,-0.0,-0.0,-0.0,-0.0,-0.0,-0.0,-0.0,-0.0,-0.0,-0.0,-0.0,-0.0,-0.0,-0.0,-0.0,-0.0,-0.0,426.7726163456195,-0.0,-0.0,-0.0,-0.0,-0.0,-0.0,-0.0,-0.0,-0.0,-0.0,730.4902739682599,-0.0,-0.0,-0.0,-0.0,-0.0,-0.0,-212.0537077918097,-0.0,-0.0,-0.0,-0.0,-0.0,-0.0,-0.0,-0.0,-0.0,-0.0,-0.0,-0.0,-0.0,-0.0,-0.0,-0.0,-0.0,-0.0,-0.0,-0.0,-0.0,-0.0,-0.0,-0.0,-0.0,-0.0,-0.0,-892.7194424201361,-0.0,-0.0,-0.0,-0.0,-0.0,-0.0,-0.0,-0.0,-0.0,-0.0,-0.0,-0.0,-0.0,-0.0,-0.0,-0.0,-0.0,-0.0,-0.0,-0.0,-0.0,-0.0,-0.0,-0.0,-0.0,-0.0,-0.0,-0.0,-0.0,-0.0,-0.0,-0.0,-0.0,-0.0,-0.0,-0.0,-0.0,-0.0,-0.0,-0.0,-0.0,-0.0,-0.0,-0.0,-0.0,-0.0,-0.0,-0.0,-666.2526373668012,-0.0,-0.0,-0.0,-0.0,-0.0,-0.0,-0.0,-0.0,-0.0,-0.0,-0.0,-0.0,-0.0,-0.0,-378.69159946534876,-0.0,-0.0,-203.81989457185784,-0.0,-0.0,-0.0,-0.0,-0.0,-0.0,283.6930859388195,-0.0,704.9999135840502,-0.0,-0.0,-0.0,-0.0,-0.0,-0.0,-0.0,-0.0,-0.0,-0.0,-0.0,-0.0,-0.0,-0.0,-0.0,-0.0,-0.0,-0.0,-0.0,-0.0,-0.0,-0.0,-0.0,-0.0,-0.0,-0.0,-0.0,-0.0,-0.0,-0.0,-0.0,-0.0,-115.5241029339821,-0.0,-0.0,-0.0,-0.0,-0.0,-0.0,-0.0,-0.0,-0.0,-0.0,-0.0,-0.0,-0.0,-0.0,-0.0,-0.0,-0.0,-0.0,-0.0,-0.0,-0.0,-0.0,-0.0,-0.0,-0.0,-741.726897760198,-0.0,-0.0,-0.0,-0.0,-0.0,-0.0,-0.0,-0.0,-0.0,-0.0,-0.0,-0.0,-0.0,-0.0,-0.0,-0.0,-0.0,-0.0,-0.0,-0.0,-0.0,-0.0,-0.0,-0.0,-0.0,-0.0,-0.0,-0.0,-0.0,-0.0,-0.0,-0.0,-0.0,-0.0,-0.0,1073.3232080306243,-0.0,-276.8565649295599,-0.0,-0.0,-0.0,-0.0,-0.0,-0.0,-0.0,-0.0,-0.0,-0.0,-0.0,-0.0,-0.0,-0.0,-0.0,-0.0,-0.0,-0.0,-0.0,-0.0,-0.0,-0.0,-0.0,-0.0,-0.0,-0.0,-0.0,-0.0,-0.0,-0.0,180.79349190836118,-0.0,1763.743873159987,-0.0,-0.0,-0.0,-0.0,-0.0,-0.0,-0.0,-0.0,-0.0,-0.0,-0.0,-0.0,-0.0,-0.0,-0.0,-0.0,-0.0,-0.0,-0.0,-0.0,-0.0,-0.0,-0.0,-0.0,-0.0,-0.0,-0.0,-0.0,-0.0,-0.0,-0.0,-0.0,-0.0,-0.0,-0.0,-0.0,-0.0,-0.0,-2085.3270932337,-1239.7690443240297,-0.0,-0.0,-0.0,-0.0,-0.0,-0.0,-0.0,-0.0,-0.0,-0.0,-0.0,-0.0,-0.0,-0.0,-0.0,-0.0,-0.0,-0.0,-0.0,-0.0,-0.0,-0.0,-0.0,-0.0,-0.0,-0.0,-0.0,-0.0,-0.0,-0.0,-0.0,-0.0,36.91947104969014,-0.0,-0.0,-0.0,-0.0,-0.0,-0.0,-0.0,-0.0,-0.0,-0.0,-0.0,-0.0,-0.0,-0.0,-0.0,-0.0,-0.0,-0.0,611.0380797536604,-0.0,-0.0,-0.0,-0.0,-0.0,-0.0,-0.0,-0.0,-387.36777418769134,-0.0,-0.0,-0.0,-0.0,-0.0,-0.0,-0.0,-654.1693245314835,-0.0,-0.0,-0.0,-0.0,-0.0,-0.0,-0.0,1913.6370634123325,-0.0,-0.0,-0.0,-0.0,-0.0,-0.0,-0.0,-0.0,-0.0,-0.0,-0.0,-710.0965176931986,-0.0,-0.0,-0.0,-0.0,-0.0,-0.0,-0.0,-0.0,-0.0,-0.0,-0.0,-0.0,-0.0,-0.0,-0.0,-0.0,-0.0,-0.0,-0.0,-0.0,-0.0,-0.0,-0.0,-0.0,-0.0,-0.0,-0.0,-0.0,-0.0,-0.0,-0.0,80.97057987620884,-0.0,-0.0,-0.0,-0.0,-0.0,-0.0,-0.0,-0.0,513.1233705440296,-0.0,-0.0,-0.0,-0.0,-0.0,-0.0,-0.0,-317.8960138947006,-0.0,-0.0,-0.0,-0.0,-0.0,-0.0,-0.0,-0.0,-0.0,-67.88268030413514,-0.0,-0.0,-0.0,-0.0,-0.0,-0.0,-0.0,-0.0,-0.0,-0.0,-0.0,-0.0,-0.0,-0.0,-0.0,-0.0,-0.0,-0.0,-0.0,-0.0,-0.0,-0.0,-0.0,-0.0,-0.0,-0.0,-0.0,-1572.2360572228135,-0.0,-0.0,-0.0,-0.0,-0.0,-63.89356308279246,-0.0,-0.0,-0.0,-0.0,-0.0,-0.0,-0.0,-0.0,-0.0,-0.0,-0.0,-0.0,-0.0,-0.0,-0.0,-0.0,-0.0,-0.0,-0.0,-0.0,-0.0,-0.0,-0.0,-0.0,-0.0,-0.0,-0.0,-0.0,-0.0,-0.0,-0.0,-0.0,-0.0,-0.0,-0.0,-0.0,-0.0,-0.0,-0.0,-0.0,-0.0,-0.0,-0.0,-0.0,-0.0,-0.0,-0.0,-0.0,-0.0,-0.0,-0.0,-0.0,-0.0,-0.0,-0.0,-0.0,-0.0,-0.0,-0.0,-0.0,-0.0,-0.0,-0.0,-0.0,-0.0,-0.0,-0.0,-0.0,-0.0,-0.0,-0.0,-0.0,-0.0,-0.0,-0.0,-1171.2722280735495,-0.0,-0.0,-0.0,-0.0,-0.0,-0.0,-0.0,-0.0,-0.0,-1650.8384781202942,-0.0,-0.0,-0.0,-0.0,-0.0,-0.0,-0.0,-0.0,-0.0,-150.80596109837364,-0.0,-0.0,-0.0,-0.0,-0.0,-0.0,-0.0,-0.0,-0.0,-0.0,-0.0,-0.0,-0.0,-0.0,-0.0,-0.0,-0.0,-0.0,-0.0,-0.0,-0.0,-0.0,-0.0,-0.0,-0.0,333.3474215753462,-0.0,-0.0,-0.0,-0.0,-133.27671206536112,-0.0,-0.0,-0.0,-0.0,-0.0,-0.0,-0.0,-0.0,-0.0,-0.0,-0.0,-0.0,-0.0,-0.0,-0.0,-0.0,-0.0,-0.0,-0.0,-0.0,-0.0,-0.0,-0.0,-0.0,-0.0,-0.0,-0.0,-0.0,-0.0,-0.0,-0.0,-0.0,-0.0,-0.0,-0.0,-0.0,-0.0,-0.0,-0.0,-0.0,-0.0,-0.0,-0.0,-0.0,-0.0,-0.0,-0.0,-0.0,-0.0,-0.0,-0.0,-0.0,-0.0,-0.0,-0.0,-0.0,-0.0,-0.0,-0.0,-0.0,-0.0,-0.0,-0.0,-0.0,-0.0,-0.0,-0.0,-0.0,-0.0,-0.0,-0.0,-0.0,-0.0,-0.0,-0.0,-0.0,-0.0,-0.0,-0.0,-0.0,-0.0,-0.0,-0.0,-0.0,-0.0,-0.0,-0.0,-0.0,-0.0,-0.0,-0.0,-0.0,-0.0,-0.0,-0.0,-0.0,-0.0,-0.0,-0.0,-0.0,-0.0,-0.0,-0.0,-0.0,-0.0,-0.0,-0.0,-0.0,-0.0,-0.0,-0.0,-0.0,-0.0,-0.0,-0.0,-0.0,-0.0,-0.0,-0.0,-0.0,-0.0,-0.0,-0.0,-0.0,-0.0,-0.0,-0.0,-0.0,-0.0,-0.0,-0.0,-0.0,-0.0,-0.0,-0.0,-0.0,-0.0,-0.0,-0.0,-0.0,-4700.707946882366,-45.71027761780782,26970.33408423294,-3027.5830030617462,-3364.4587194443297,73089.45587149801,-0.0,-5583.205528951775,722.0976021944748,1543.0366491090126,-22219.73344608405,-0.0,-4304.542399875437,-0.0,-0.0,29395.25283823798,-10865.98537638841,3364.395088307242,5481.805209433577,-3953.9373229927546,-21243.729473475574,-8098.22815097679,49.542274910021874,-86.81292189032304,-6016.481693713553,-0.0,-11276.742644150474,-17233.596237248716,13500.910330742787,-493.29454110182337,7.0542031714535955,39822.364083661516,-2722.636100260588,-94161.55639662029,-2675.1636608809135,-19136.24092975094,-14662.542377696784,-5560.719381604185,-4994.242630795286,-12770.732786600443,10224.095394195963,-2058.35682563949,-3648.458921065008,-3184.9127198294254,-10945.710087620631,6248.376641765285,34181.88162885431,-744.714473799116,54.01314734883991,17848.300237821375,4881.070177668347,-472.88109305247605,13319.137164609872,6937.345698495845,-4854.789711835829,-6823.939575008307,-3457.9786318461447,356.51314822754887,-0.0,-0.0,-239.5086847025028,-7249.585010314013,-2932.2795069742306,-2687.470018692539,-1343.0951004338976,-4103.5611331366445,8386.992499543534,3757.2071919906402,-7325.447524435902,17869.99330652619,-18187.801093936465,-28920.746881440708,66552.00180747255,-18580.363428631048,-7602.2186804091125,-1952.7563260846082,-3126.658385431392,-4909.013877785112,-4811.486604314395,-31146.199728450258,-0.0,-11407.267012213797,-0.0,2558.120287496206,-0.0,-0.0,-11832.28855402505,-1199.253106275974,-0.0,-0.0,3380.2755241244045,-0.0,-0.0,-0.0,-6286.049553425507,-3894.3584248608295,-6467.452199931934,-7521.743264180576,7601.837649127522,-0.0,-25241.68113558822,35872.85869704702,-0.0,-0.0,-16114.16210694691,-9571.78160741561,153.3547131974878,43.97448377449562,-0.0,49907.35163684178,-0.0,-0.0,-0.0,-0.0,45607.62724037418,-897.4193542162502,-0.0,-8654.183205646092,-0.0,-5582.22440496926,-1148.1044413453512,-2969.035938655703,-14461.924072168249,10496.429250618776,-1241.4263670186363,-7652.413233519915,-0.0,-0.0,-4124.68997949478,-5738.979803984214,-9486.705291640996,47349.49856034948,-0.0,-167.36742937478508,10961.678432985718,3262.185111335629,-1636.296450042826,674.4613170194215,4470.048958064391,-3005.763185684963,-79.51603909963035,-15935.549908659152,400.4273857487442,12196.654586491492,-639.08219824203,10762.164836506392,44981.30948665746,2394.58352835221,-61.342489764346674,7882.5763382374835,-1641.3051223583784,-6896.947518439613,-7964.237000073743,-14628.639389858543,-0.0,5701.395998261531,14697.519780180426,22508.065370612738,-9254.711851280395,6249.0246711636855,7977.688280378917,-7993.726389652716,14973.011742316434,-13159.147115389536,-0.0,4045.900258057152,-10662.585783764882,-16295.205157367853,-6821.350706691685,20096.480105042865,2881.537953950924,-0.0,-4924.9428527167,-0.0,-2412.840265508061,84.50545738166603,-3445.295007687128,-0.0,179.69243257575064,-249.67886525462163,-18908.538824763567,-11920.763597328525,20484.063343739133,-6984.8190157537,3258.9202570549755,5627.506941233004,-6510.738389961312,-4586.978250300814,-10352.938577389057,-0.0,-1845.7630136956134,-1483.7264109605194,-0.0,961.3491443155187,-358.17058108590516,-0.0,-0.0,-11990.95991398482,-2658.509071399401,2654.159286957556,-3913.8988641749797,-0.0,-0.0,-0.0,52425.74969008946,19917.699985618023,-0.0,108.28660712040875,10965.72158452251,-0.0,-3779.5273347890457,-2260.5380097395223,-0.0,-3642.335968172394,-6926.17257969779,90910.85557635417,-10205.53957091744,-7072.342301874239,-26948.292745523806,-0.0,1290.645073552789,2810.084596536062,-8716.301267580993,26541.952283908355,-6268.7055584256395,-32363.067731182342,-11762.572363410512,-8087.844731857794,-0.0,1210.0503913929545,-4064.2924357674424,19951.10929513178,-141.1454115016323,-359.3567731104816,-9535.649640334954,-8090.417309937506,24862.70647507189,-0.0,-1855.42331380185,712.6502223726397,-0.0,-0.0,-0.0,-0.0,-0.0,-0.0,-0.0,-0.0,-0.0,-0.0,-0.0,-0.0,-0.0,-0.0,-1673.944115810555,-0.0,-0.0,2958.0382660528066,-12146.50006916393,-555.4034405010083,-8040.53045759149,20524.958403473192,7741.115334926804,-3502.882030286306,2990.1529681118795,33513.89486963856,-0.0,-0.0,-3933.7162206276143,2466.248115142704,-5967.448040537574,-8181.877543973649,-0.0,-33.408740708793744,7834.979855474302,-4417.2529199611845,-2305.788394562244,3042.27522449363,-22158.498624217307,26012.54411246665,-5387.207592659403,-967.458898544002,12754.087421218861,-0.0,-0.0,-0.0,-0.0,-0.0,-0.0,760.567903789309,40944.94618554953,-7875.555266766829,-9625.624383222592,-7447.006198252421,-0.0,-8091.415592233015,-11567.834729020904,-0.0,-0.0,-0.0,375.8616866747117,371.98613902813617,636.93894157407,2264.2079093511234,-0.0,3122.980427874216,736.3001674267505,721.8827375865636,640.5851516168839,649.7880539583839,2472.3959071135337,1584.8528878510458,2557.9624721051428,1973.3669467598352,2335.958692287355,2780.6250635748984,29982.58411454176,32736.425489966197,32322.595238786456,29675.48664885065,7730.863922759565,7474.640649465731,7609.666989658377,8207.19245610151,4771.273981287963,1780.3535106837076,1765.9596560862935,1981.722911361348,2024.458580162359,1923.0246511269231,4630.574486877715,3666.4357942901097,1077.196389199471,1302.576809861515,556.4380674040201,317.65131352301705,471.50112816323184,34813.55065543047,30232.0753807639,33514.61966675684,29481.678633737305,44795.26679874807,48189.93152610379,1130.6626613436838,995.4094998784634,1036.2436193511246,1091.8585330830438,957.5395031092453,963.8371047980074,482.8850875597387,47279.550665284514,45251.11883885268,41000.9574133819,2195.307652298549,2508.250115656804,2520.278443353517,-0.0,6735.505952242265,7481.6943179921245,34415.276116542205,30089.05925803413,31747.542145065447,52704.9486621318,53289.368582068935,53119.14815311495,53673.73034679116,2127.518342666226,2166.057544042615,4263.666898881623,-0.0,17793.29931110904,17736.48856315894,-0.0,1275.837952424324,1332.619595056279,1377.0407657769101,1435.6140664658287,1297.7753137880682,1245.423969946565,29308.0398351127,34675.792449898996,35020.76154695325,32776.5082663446,991.4594729597673,939.2433051269253,-0.0,-0.0,14807.200465370375,27888.33813607317,31747.701151606278,28956.78902164302,31459.713901203395,-0.0,48165.64795758951,43067.95007846442,828.5367328989743,1760.5419427916581,1675.32219553447,1797.1986436562254,1882.6425178051456,2115.7087042113303,41515.75303180891,45958.487215782334,-0.0,-0.0,15101.528349087557,902.1090781062416,31644.35974987638,33659.9807578175,33084.38960977511,31621.957186449494,29692.12951226286,30432.355366941574,-0.0,14361.398159833363,9142.199235686485,-0.0,-0.0,1271.5891288474986,1228.2538593528122,645.6185306074112,689.3922140865292,404.64852754100986,374.22393848112966,-0.0,999.494068352435,989.0449156647095,876.5556254483283,1018.416521918862,-0.0,1497.9804696586277,1492.0252510566538,1561.2116659917863,1893.0103293390032,1872.8276329001399,1918.964691997974,772.8627911307528,702.196444855676,763.3728128611306,1198.3482012083696,923.1292915815512,864.3405754349725,788.3042239169737,894.0816351716495,7061.307281551079,6474.199269155777,211.96672930181225,218.52889047422684,3191.2694995445263,14359.978737434589,1216.2273253645499,1249.995403090316,-0.0,-0.0,6434.19958258964,6546.752401414833,7228.386646619999,6634.630779926192,1680.5014072914228,1689.0664339742373,31038.885613687755,31178.866866970253,7046.333124788533,6866.186087447882,-0.0,47835.60038404288,1718.4213042303074,1815.1091409958383,988.3885751244147,41924.91528199913,41737.69945060418,46752.67425471437,46026.51419990823,164.5687970158927,50738.86808725873,44339.8671069165,-0.0,-0.0,20773.076575199208,-0.0,1028.3111397833375,946.2246573787994,1021.5812617202388,2138.1723670241763,7651.181956399959,14578.268825953866,1439.4444883252347,1587.013746470045,20.902293510966572,612.3127250966571,583.7118637511728,14686.217683905488,1369.0973764627356,-0.0,-0.0,-0.0,933.1286291816019,-0.0,1027.4473026250198,-0.0,5044.013462634452,5288.762436901858,4669.985629455267,4900.4181201035,777.983378310464,-0.0,723.9837175635042,-0.0,-0.0,822.7556823676175,949.8639257674301,788.3454994299382,709.4383294985839,738.9883665211804,726.7670485396785,1629.14839587536,1576.6692548810984,1416.5410527694494,-0.0,2560.8776373067208,2368.7590235221874,2455.6133607498664,2668.7573278690597,4030.8958947006513,45999.173088175994,42398.4660490559,10138.914573548554,19065.760548431972,14540.70026458085,14398.806362539986,1446.0962429372132,1470.0017934982495,727.4726916440419,762.8281373010049,1901.5684348704174,-0.0,32540.856121743782,29234.13113003623,1059.416086670515,966.2437712219803,915.5519945655766,4581.712847510631,2525.1087419933306,2785.2314689498503,30203.26523619205,29255.53499333207,31364.072602391887,33362.30014782275,-0.0,-0.0,-0.0,2262.3038856266708,2129.6727796482087,2026.2309870681374,8822.138578860304,6698.494184393529,5522.706981755069,1919.796290132705,2066.710963824945
6,-0.0,-0.0,-568.8289084773908,-1869.0962680238972,-448.8966875640538,-512.2828654866337,-83.4155934223569,-577.6687727745199,-571.1643566480952,-0.0,-1108.5781299238652,-0.0,-0.0,-2400.7459917748356,-0.0,-545.4149778219748,-432.9190633323005,-0.0,-37.30990078133495,-215.4621829436474,-273.3580941674827,-697.4250293148903,-735.2172276015319,-607.099189088763,-1965.6316311063601,-571.0224921282272,-0.0,-35.87954612677211,-2547.6598042943083,-1433.1702457244255,-0.0,-0.0,-0.0,-0.0,-0.0,-0.0,89.72056836670903,-179.60251769902283,-1678.5414670653631,-1403.9911866345856,-0.0,-0.0,-112.58520493299513,-524.5283951601816,-126.0296997124667,-0.0,598.044910469706,-1348.3877345985409,-358.1012501370992,-0.0,-0.0,-229.94547338834457,-0.0,-10.514226337002027,-1717.6858698232008,-2508.044344151971,166.10677645127646,-5162.483066552494,-184.45111283924004,-0.0,-1535.6318485670402,-0.0,-661.1158156626535,-2333.0835670133497,-447.2245371227375,-443.87709995879084,-36.64331687015944,-1764.646681409181,-794.4611272109687,-383.6727781437221,-2758.731096527299,-0.0,-0.0,-2233.4129185145234,-975.3240868245117,-214.17907075230437,-1437.4857883708917,-0.0,-0.0,-1082.4832357401635,-1251.6698104617408,-378.39639509555326,-3138.9784280572785,3.4540547562886577,-25.134021834154517,-1603.8799325620423,-0.0,-560.4455650567826,-954.8790902942663,-7.910512879297234,-0.0,-1127.7946406013657,-76.92530887322143,-650.6247318612268,-2051.017340352193,-33.55155054637862,-2165.7979147664228,-343.48551885952827,-1430.0146444442983,-2427.548472821668,-610.897452913376,681.073676625014,-444.41519862647226,-0.0,-1252.4381790149043,-2167.4420969640214,-3845.2370267164556,-460.2026229135647,-2466.9658695016833,-0.0,-1421.6340641027612,-0.0,-0.0,-532.2691628294177,-0.0,-0.0,-551.8311785712078,-66.67096413106094,-1335.373485096319,-867.6087842129036,-744.2819821350912,213.71764195100968,-450.6322619533794,-303.852482847868,-173.05634628188224,-7.280605844478105,-573.4532113356425,-467.02690482922424,-687.2046407727316,-0.0,-4322.327013953782,111.37018946191361,-103.21661349527115,-3620.8947128255645,-0.0,-892.1529368858681,-56.84791576210482,-0.0,-284.2534295514596,-0.0,-0.0,-814.3252423147858,-0.0,-554.1047499787372,-895.0711885343695,-0.0,-1183.2735862886204,-227.63430253872957,-645.7238040970824,-1722.1795468010764,-0.0,-1562.9422478372544,-953.9290351676183,-0.0,-0.0,-0.0,-0.0,612.9218602549488,-0.0,-1600.9192450878625,-1703.1637227593533,11.968272316654373,-0.0,-0.0,-651.3887476456022,-451.3711871838615,-685.9474817555359,-0.0,-379.40107075227655,-2820.842535156471,-1015.5571606257821,-0.0,-935.6763367820076,-2196.778800898162,-0.0,-0.0,-0.0,-0.0,-0.0,-0.0,-496.5339986529806,-629.1510597767619,-181.41734256888782,-184.30624687808023,-1084.1572082746984,-46.624406968671494,-0.0,-0.0,-611.1606291745393,-0.0,-583.9463272501218,-27.277422461968047,-3.5747036753655514,4.750398508540268,-0.0,-0.0,-943.8998757325164,-443.00115176209397,-415.74517758837106,-0.0,-2688.6856083550997,-1712.0227661135984,-1097.0545993083967,-0.0,-0.0,-1812.8130293145105,-1312.1730335384311,-633.2384216868619,-82.45612159047057,-1517.6407323207823,-1173.0445334554427,-0.0,-0.0,-1552.1331004273293,-0.0,-711.92727023701,-1081.712031927736,-110.64025975239905,-396.12536918464843,-558.4854403218881,-498.9731766324142,-0.0,-1495.1472936890275,-0.0,-2512.5266045379776,-2891.078169419515,-178.55942726208545,-374.9077289793117,-474.133102563714,-0.0,-279.5148368125243,-236.90733196462256,-0.0,-813.2398874097811,-619.7211749826026,-962.6668237126876,-1712.0994829721678,-941.4872762573999,-1959.4731719889107,-1716.2968589658112,-1856.046514823727,-1927.5177322406867,-1064.2938101301838,-2079.1249555151,-486.31076805180885,-482.3622953835052,-0.0,-1138.2825971686339,-946.9351100122785,-1092.503503877211,-346.93039845828423,-348.33403834448023,-1793.0688485330504,-714.6681159512293,-344.4785962893931,646.2982785644738,-0.0,961.7573551364857,-1135.1219907021323,-0.0,-0.0,-0.0,-0.0,-0.0,-0.0,-1173.7583187503906,-2194.6602842084812,-447.3068173645981,-924.6476233717124,-0.0,-0.0,-1520.787438336458,-1005.3298719363298,-1976.7170429333212,-0.0,-0.0,-127.3865789669402,-55.891334568065325,-396.79719591880377,-1462.4684479577504,-452.26458002586725,-0.0,-432.6612387267509,-661.8176820762661,56.34609320106382,-1135.4716875564332,-1373.9218154064458,-1210.0570360961551,-1618.5289872577748,-250.26807530450066,-619.9640405466191,-39.27345903616088,-1662.1448495886982,-0.0,-816.4125990678946,-147.28148629930732,-68.52285944296982,-519.6559996142353,-0.0,-1789.2667454936684,-111.55256251255797,-561.9643604086373,-1623.145352494948,-1200.5916270063597,-0.0,-561.1325071896524,-773.8362959389613,-22.306878766897878,-270.4606306141229,-437.01666819728956,-46.21632961394005,625.7922719725768,-1076.8248838095735,-0.0,-854.9478654960805,-1210.8633864681035,-0.0,-452.2432448640695,-0.0,-1211.8560704342258,-0.0,-0.0,-0.0,-1129.11212477372,-630.5201908826722,-394.525853164654,-0.0,-1537.6293745886505,-2793.782534144219,-2917.0256640976595,-0.0,-337.93222462352804,-0.0,-272.947980253793,-109.88027273649492,214.84789469102728,-493.9999158861402,-0.0,-631.2855959274973,-870.8121581074082,-284.88508231237176,-538.4191578443525,-0.0,-420.6567092996102,-781.3360065627461,-471.53424312142954,23.901377697389098,-2136.8556673226326,-0.0,-0.0,-1402.6441202992503,-205.25087572093398,-1143.0363504435113,-85.21677224475827,-115.41471191107637,-219.76145558868225,-539.1583859939195,-852.3826825292213,-1236.6286520937083,-2130.116527318729,-0.0,-0.0,-344.0978933834031,4570.787680965991,3.96574165266759,-0.0,-0.0,-0.0,-0.0,-2319.837835397911,-411.61688708428517,-0.0,-865.4949035787646,-890.2838110808599,-591.3527640832733,-2048.1026854371903,-220.66763879482684,-1088.336574597636,-0.0,-0.0,-1846.4253906519152,-660.3434707766866,-1743.4602041254377,-705.8374169878997,-689.291494735389,-1741.4021230646117,-181.2737641967321,-1675.470494138024,-1091.9853343166972,-27.008029201884437,-846.1724976155435,-1083.192632818582,-198.22190029701767,-232.56425209684554,-1645.4850791448819,-0.0,-490.7902879320798,-225.6081682033975,-27.945654518299264,-737.9483788012219,-173.34383208426593,-760.2544004786986,-804.4079549098791,-1117.6578736001486,-199.49085074955954,-2278.254089819584,-57.661030001894765,-467.3893114101102,-0.0,-818.6336862464264,-585.7832998289737,-944.491590628219,-1069.5708037671702,13.382024687732248,-343.6819925319355,-2596.0451635598843,-726.501385954943,-336.9106133403876,-1061.9007822352617,153.67122362920745,-0.0,-0.0,-0.0,-0.0,-0.0,-0.0,-11.394596190769866,-146.39561502571595,-2292.3766218308383,-4116.539131396283,-519.1136238984379,-1010.8990406906304,-129.80208905082117,-529.7453947302496,-1329.6839222564063,-1038.700258366411,-36.99417734596687,-431.5539699677956,-502.34733306073235,-0.0,-93.87696770107468,-1098.753292521785,-492.6819726319259,-0.0,-946.1901416457986,-0.0,688.6929727889325,-0.0,-0.0,-0.0,-38.86714914122764,-0.0,-0.0,-933.292959382006,-383.9109105706953,-1139.299239603766,-0.0,-0.0,-0.0,-746.6430230859545,-475.42132647031667,-1231.4926163876087,31.100202253872965,242.65902392456184,-0.0,-0.0,-2793.2454568968947,-1119.4267109672878,22.005438816360286,-46.379797638911036,11.576021770497952,-18649.970791528733,-19382.232999874977,-2309.481530981404,-0.0,-0.0,-0.0,-0.0,-400.9264178907807,-0.0,-0.0,-530.6308841912156,-2225.411553445579,-1891.7033561920664,-1372.1838912843143,-305.88514502694983,-1605.7749270881325,-26.32537644696517,-1159.4571190705183,934.0730584707678,-7.053496030079985,-945.382046368336,3.4597150532765606,-0.0,-0.0,-0.0,-0.0,-151.7311196757012,-0.0,-0.0,-0.0,-848.7366581784754,-1343.0716922310878,-0.0,-0.0,-231.02792465356842,-2036.2979528907695,-0.0,-1377.9065724419606,-1570.5153556283053,-1745.8837388731138,-0.0,-0.0,-101.40379972714521,-75.23319928611518,-1054.2875842377857,-1412.9867294109383,-531.2428999004687,-1155.6682028648856,-1087.6533126239647,-0.0,-0.0,-0.0,-0.0,-395.9914238152288,-211.32392525402898,-0.0,-0.0,-94.20399493010414,195.63966806629287,-0.0,-1055.939395122304,-970.9196239166831,-924.6462399290327,-0.0,-0.0,-659.2132461589167,-1183.1673220040966,-657.9742161296768,-398.6966136539436,-0.0,-2135.3821812529463,-1995.2533142544112,-0.0,-0.0,-0.0,-0.0,-0.0,-1252.333589781984,-0.0,-1802.84353205705,-1251.155240101995,-67.19609903109671,-0.0,-0.0,-0.0,-2419.039438227656,-1357.0678328693327,-580.4554759979414,-447.6278330223312,-983.1119615215188,-694.7439698933845,-0.0,-0.0,-637.7833272075469,-1349.169639045351,-68.42561056489677,-426.4750188792494,-0.0,-752.5992482784279,-603.5303635531134,-1414.6947477693593,-0.0,-285.8157397844381,-114.81717556239785,-296.8509366074267,-1434.7210575080094,-294.82548734602284,-0.0,-0.0,-0.0,-0.0,109.68165641199101,-155.70937460139766,-764.218893260381,-1207.188901817872,-1084.572841700243,-454.01064476083803,-540.7740636922089,-5161.5371598318225,-889.3685187206008,-586.7832157274258,-0.0,-0.0,-0.0,-245.98237055101137,-329.78549210384347,-1185.5079523396269,-303.882644872111,-0.0,28.86835904093423,-0.0,-0.0,-0.0,-0.0,-0.0,-0.0,-0.0,-88.4980959276111,1322.6690860587005,-0.0,-1435.95955317787,-617.4080133607617,-401.48001439047323,-1456.3867114922607,-0.0,-0.0,-543.9464243716319,-653.4774503631972,-124.72162242441492,-112.64152533634812,-125.47873146798216,-505.1163853996192,-134.60068895320975,-1905.810474386342,-357.5139223504258,-389.34922979207937,-0.0,-0.0,-1321.163808934445,-2602.095418123774,26.194003244736184,-488.13394137914224,-311.34821159044617,-817.4017696824802,-1034.2930120423375,-742.4927400720026,-273.14574312549246,-140.32962771266665,-1341.8949538161812,-0.0,-0.0,-0.0,-0.0,-0.0,6672.661405446103,-79.28724914113322,-508.3022355393276,-566.0496810359605,-982.415291805908,-1230.8278363043858,-1181.4821425135851,-1574.7951673167763,-2030.94469181663,-430.2129619316931,-0.0,-0.0,-1444.9837921487667,-0.0,-0.0,-250.12787839109797,-1643.159054817668,-1259.9120111552354,-453.77367176321866,-60.45438220222291,-1715.8948982432598,-0.0,-1302.74627864143,-0.0,-0.0,-0.0,-0.0,-0.0,-0.0,-517.4084570784399,-1174.2054441026557,-948.7010900535639,-90.78546615147499,-234.7264354006522,-548.9418465826753,50.21442332384955,-0.0,-0.0,-523.1450937562875,-554.2398125021031,-3533.2818134108375,-0.0,-1375.7685339829259,234.82401259175288,118.58665396180739,-0.0,107.90595779903474,-166.84319797228164,-147.64520235163502,-448.33674034749356,-0.0,-1755.9357278817984,-0.0,-0.0,-1056.480711977647,-0.0,2217.065500123773,2113.355788382424,2095.468531426478,-0.0,-0.0,-1688.2908419683085,-0.0,-0.0,-335.69585068765787,-886.868076694832,-739.7184658138615,-961.5916024558351,-1139.3940742534419,-0.0,-0.0,-0.0,-0.0,-568.5402015174849,6.99909108990778,-54.31701147711098,-1147.9000808195856,-951.2666601004644,-379.57895894934893,-1364.114008166567,-0.0,-1947.0340229554809,-1179.7519268064398,-1349.531635002449,-378.43768881686987,-354.9139650450918,-0.0,-1120.689538986916,-724.5118261804897,-903.9331771920788,-1769.0688259919887,-515.7969862332218,938.4309776231416,438.7462020856672,-329.5022078424447,-1046.736221662719,-0.0,-1561.843742700493,-2886.758738381657,-448.2367373697826,-430.41849101298254,-0.0,-0.0,-0.0,182.59740624634406,-332.71329316896333,-426.0534196380763,-140.42538387695686,-485.97185257014667,-492.9031197821295,-0.0,-381.07893496695135,-835.6340968296464,-645.7629355302606,-0.0,-1955.3559791422165,-4488.025116240844,-0.0,-0.0,634.4822379626919,547.093104405665,-0.0,-0.0,-630.2719246076211,-781.7631409075109,-308.5137802581999,-633.8622841213192,-0.0,-0.0,-0.0,-0.0,-0.0,-2399.197834094913,-367.91311318280367,-1637.705176189485,-945.841717179966,-0.0,-350.8885657030327,-427.04161031146543,-0.0,-214.36078162561304,-758.8875757657779,-1060.2832660347087,-4057.9565417262365,-71.67881013905244,-0.0,-0.0,319.986515077383,832.3717996641179,-0.0,-0.0,-354.27927886154714,-0.0,-0.0,-0.0,-2335.4038208803504,-0.0,-506.6823212374763,-0.0,-0.0,1652.3693731161957,1896.2152980799267,1683.5773369088015,-0.0,-0.0,-379.5174702764897,763.1258007009841,-2081.6225951860297,23.407131590328405,74.83566960405669,-2387.639015675027,-95.29752799982316,-166.73677085800256,-542.0889746516344,809.193701585545,3427.8982773295297,-2843.5278438732544,-0.0,-0.0,-937.2331255271181,-1563.3287631444618,-1116.7906638989325,-247.93688343158365,-41.27261103373927,-0.0,-0.0,-0.0,-0.0,-1851.8828649178606,287.0212591955546,-0.0,-3.6585946755323056,-0.0,-1393.3578711055586,-1782.6328068142755,170.79531928194552,-0.0,-0.0,-343.91129871238917,-0.0,-1703.7103943219195,-81.51149938623817,-922.3181406499803,-379.36619605310034,-1121.5773361977701,-698.4544957298724,-1073.1600781603834,-569.6785836334,-0.0,-0.0,-0.0,-112.63828448365598,-0.0,-0.0,-240.53347226560618,-405.51585075615947,-669.9068624713946,-0.0,-1545.654376766953,-972.6466571304808,-828.6540575900455,-7.522843816936707,-6.645749487370195,285.0496045357551,34.05814122362815,-0.0,-0.0,-11.296747937876763,-1552.9026566977298,-627.4005718161044,-776.561027484071,97.53504138626747,-1976.2858915867528,-1794.3620795972183,-918.9299507574055,-888.6428485223419,-36.86625629661627,-510.9282980092998,-668.4439512520047,-1196.3573953158348,-1901.8191617632085,-0.0,-1682.4723323976048,-138.7890987374093,-0.0,-2293.333154267478,-2536.712057466387,-2017.4263617005126,1599.4708209900966,-0.0,-1417.7630100165622,-198.9729636780188,-1170.201529886903,-619.7727661969253,-122.19610928230627,-1906.1683556109003,88.3676925853664,1439.621962075396,-0.0,-174.3411032051283,-371.7088518315117,-1017.5204224825073,-964.4377959018393,-1571.135704468109,-3733.501795465329,-0.0,-550.0560303198195,-1307.8847793129676,-679.9737686358608,-210.02490849517162,-25.26911939919223,-253.9315450382379,-0.0,-0.0,-0.0,-0.0,-312.1230219672369,-1221.3014206317223,-823.3880070630056,-59.34272275340207,-457.9259039478452,154.21701941424502,-0.0,-0.0,-923.6159836459457,-475.76585024728615,-0.0,-1895.357587483579,-87.22769767881746,-1153.7426648242931,-0.0,-185.6665938690688,-169.36088762562503,-0.0,-0.0,-423.621791901082,-0.0,-0.0,-3982.683445399964,-192.64782145506192,-1970.2313805714402,-0.0,-0.0,-94.15495820409323,-1276.6012309090163,-636.3016047535694,-375.35184426882455,-1242.6929273604967,-0.0,-688.0858208754076,-0.0,-471.10074071955387,-0.0,-0.0,-196.54358190292777,-85.97337723867565,10.513466187660693,-311.32732828553384,-1330.2148139976334,-1797.6276873975535,-0.0,-0.0,-0.0,-21.016606270660972,-386.14927396106725,-0.0,-1507.8634898648588,-2275.8890117124242,-0.0,-0.0,-62.1669834992277,-1256.988629534844,110.29001966132445,-0.0,-0.0,-0.0,-0.0,-488.2753914728289,-2230.622616509081,-211.61054813909024,-1102.3438605598526,-0.0,-0.0,-674.3552104594395,-478.0581133074092,-308.8539721666105,34.929761733647375,-0.0,-0.0,-0.0,-804.4350606505279,-600.0672868958414,-481.9139878577611,-295.8311342776083,-0.0,-0.0,-0.0,-0.0,-1995.9801855996154,-76.36854417987212,-20.70665176750247,-0.0,-0.0,-622.9935703352396,-391.20533635344975,-0.0,-1783.5978946512487,-4071.7626976379397,105.85729070433037,-1139.8454778707924,-0.0,-0.0,64.53644092511759,-398.8469539933508,-1547.4004502262933,-478.99445794134243,-2407.042831469156,-1266.0871665401555,-714.1133480933391,-1476.1799460015163,-0.0,-0.0,-0.0,-34.879118939708306,-1052.879877866428,-0.0,-0.0,-2703.767010119575,-79.75566376154728,-1385.2539286747833,-715.7322941987172,-0.0,-0.0,-0.0,-0.0,-0.0,-0.0,-648.3764140166785,-0.0,-1588.2549885523106,-0.0,52.80345385287146,-1233.1340738451654,-0.0,-0.0,-0.0,-2200.994021249331,-0.0,-0.0,-495.57069346165866,-0.0,-0.0,-1022.0373271020236,-539.9932631984594,-0.0,-0.0,-152.84102996177432,-1941.109981121346,-0.0,-936.5637222325249,-733.5772807136683,742.7083358739268,-168.2859490142095,-0.0,-522.9433197755958,-2.300080868765731,-0.0,-20.989448349809365,-0.0,-336.24235172376626,-0.0,-0.0,-0.0,-0.0,644.8280064907082,612.8550993391802,-848.5397456408127,-1553.2341443740836,-0.0,72.57141412919611,-3.830963571284604,-66.95978781299134,-811.6523883479094,118.39536681089085,-459.5942919260411,-355.0880241160477,-155.83855389252497,-3292.1927772130884,-0.0,-223.25099741853717,-1632.8035992453347,-2225.9455971073025,-0.0,-1117.8282358283711,-1371.6482367344731,-1935.9220794338694,-683.0339312368081,-0.0,-789.7814065582058,-658.8935473577982,-717.0703023961364,-1232.3929671789326,-950.8367419967304,-0.0,-114.54288773881053,-1013.9685785822422,-0.0,996.1590690661412,-407.99477149269967,668.5223069383154,-0.0,-0.0,-94.50395312830761,-32.854476877656126,-2086.0294715401883,-929.5017700643938,-0.0,-789.3036600231609,-2684.745355328844,-808.517701828187,-831.9447918902048,-1141.7473176204412,-372.7879016326587,9.855139842761771,-36.537347012912,-0.0,-0.0,-856.0333082069758,-76.65263496005132,-0.0,-0.0,-1819.2932272796913,-697.9582759590736,-601.663565511058,-1678.0165767772016,-86.22946558651641,-18.093897333410496,-2270.564199744706,-774.0850954138261,-526.199818675796,-911.3122259436935,-0.0,-2069.978446749924,-391.07218706740684,-1119.9206721007063,-1286.5791240759622,-300.6256338561925,-489.42724195580485,-1553.3869752045237,-388.7893584098523,-0.0,-0.0,-0.0,-1211.6813260011459,-0.0,-2882.184149105126,-1171.9764855202554,-1367.5171709802785,-0.0,-0.0,-0.0,-0.0,-0.0,-115.65588668292044,-0.0,-231.34802820872926,-854.968308808378,-354.9179833778993,-0.0,-0.0,10.055221840442412,-0.0,-0.0,37.0940427929824,-234.15360747155643,-0.0,-465.41376924026923,-0.0,-0.0,-79.74814231619348,-10.495029034683936,-2538.432575810739,-2014.2258983576353,39.300147390314606,-6620.0147715757375,-796.3470876763212,-581.8968699189788,-0.0,-800.5229985361805,-1405.7294290624918,-0.0,-0.0,-0.0,25.711206755096125,-0.0,-1265.1101343916903,-0.0,-1283.6952580972043,-0.0,-0.0,-1997.8131536798235,-352.57699758210015,-659.163137366836,-0.0,-0.0,-0.0,-0.0,-248.28025086669032,-666.2654449291998,1278.6047835813715,868.8835372511046,-707.0250806959777,-7.838692031028721,-0.0,-299.9223232700627,-298.3697008790281,-1603.4855341102248,-428.47136697158834,-110.71124873846473,-988.1176730597382,-1380.8727497539157,-862.1009502791841,-635.2963788153871,-0.0,-0.0,-0.0,-73.19559029069474,-0.0,-1565.841138244517,-545.2376291492825,-0.0,-1684.150596772302,-1100.8572327893744,-0.0,-0.0,-0.0,-0.0,-0.0,-1013.3945298121705,-0.0,-257.29353568521447,-1688.4610446864046,-0.0,-989.1624082270217,-0.0,-0.0,-0.0,-2175.323472211499,-1196.1202875167971,-953.7739113690882,-2402.6912717484975,-0.0,-0.0,-0.0,-72.62309026067884,-457.75569002944235,3.480217933398064,-399.6719704705622,-272.53238129212303,-0.0,-0.0,-295.97251440963805,-1274.499669844273,-3539.246410689705,-0.0,-371.94602280532405,-1212.3139787868733,-370.2153387267364,-440.05108711581533,-0.0,-0.0,-0.0,-1695.4063163025273,-1751.2713853931305,-38.687492487333735,-1559.2888452875277,-467.9605369660636,-317.85703472574437,-7.865685225353613,-1054.5253848737354,-0.0,-1839.6530239377003,-0.0,-460.05812720290095,-0.0,73.46305925772486,-0.0,-0.0,-491.35737064715073,-738.337560434492,-7.009357317177452,-0.0,1156.6267087744118,-0.0,-0.0,-1645.4288175710517,-1244.284766040659,-1026.007280088438,-0.0,-331.0429847802286,-569.0976796471311,-1329.6381604469748,-0.0,-0.0,100.17614299289869,-637.4944164165635,-0.0,-0.0,3.4229777375235524,610.1332381940592,10.711671364455679,-1335.723251440959,-0.0,-0.0,-1609.0692136591035,-1529.4271973097343,-74.6499697457181,-0.0,-151.82635217984614,-671.4105242776584,-1017.2352417209764,-1479.6027639535846,-0.0,-819.0489951685413,-5.8157217233558836,-0.0,-1495.4206358650133,-0.0,-0.0,-0.0,-0.0,-540.4500264705682,3.3263083025740308,-14.775145277946496,-0.0,-0.0,-524.2960647707132,-0.0,-0.0,688.2207588736878,-941.5790180233948,-47.60573986826772,-1795.29218649904,-0.0,-0.0,-589.3827262063863,-0.0,-249.94574818664273,-1044.3215251611364,-916.5635420744051,-1022.9716964488497,-0.0,-0.0,1319.3922848728555,-0.0,918.7881005142981,831.8763729519355,-37.33160237055858,-769.4883783570875,-0.0,-0.0,-93.89295572178678,197.2319342011552,-733.0529253449192,-338.9248226425658,-956.3509296853799,-2431.6635582280423,-1750.3933857033846,-0.0,-0.0,-243.73488389882087,-4689.94095309026,-554.2866623592229,-500.4239364827332,-0.0,-0.0,-544.3778490240836,-0.0,-942.634376286281,-1169.0062845677176,-696.5123617238705,-0.0,-0.0,-51.32994210419022,-0.0,-152.32897838600078,-1283.2601558082079,30.51597202068274,-588.3874707566392,-402.21523149880505,-224.5033080345764,-587.612717841512,-2076.1846935732256,-15.118968575664379,-1077.5994143270254,41.512441184626965,-898.2055996981796,-280.2381217502612,-0.0,-0.0,-207.9746091489982,-0.0,-0.0,-1482.8523656905609,-586.2194417413133,-0.0,-768.6529234804212,-459.40247174693843,-0.0,-0.0,-1285.8281968518097,-732.1160945456784,-1376.9788437391328,-1225.1844209450933,-0.0,-96.138972467416,-2784.709651196707,-956.4141187132616,-250.00692455473714,1439.7723931929436,-1647.8626212006147,-1120.3707456906209,3.782576362313772,-793.0160809978823,7.9509571784909765,-1631.3478674951707,-0.0,-3348.9515598515254,-732.9056364746472,-0.0,-1414.6239644450388,-1320.1549950138253,-0.0,-171.8365357478206,-813.4975753448178,-1069.583953195966,-1265.2708448653032,-683.8960618469634,-471.1746829681868,-474.78261640067626,-0.0,-133.26954391297613,-0.0,-2208.294127547978,13.406260810247737,-3153.1550014991617,-733.8736434106405,-37.008607635086854,-32.76756885307851,-1246.7988526513154,-742.994888898497,-0.0,-380.60469386062346,-0.0,-0.0,-700.2269092213786,-0.0,-0.0,-0.0,-0.0,-0.0,-0.0,-0.0,-678.3299806824225,-434.907745509107,-2452.4238621163804,-2159.1772276450233,-0.0,-0.0,-1035.5661176139354,-1785.6705514186635,-451.054226546101,-165.21461832396386,22.85840463148771,-0.0,-1231.3083959905323,-0.0,-2154.6905437755213,-0.0,-0.0,-0.0,-0.0,-1714.8208723440814,-203.5783999392642,-406.01611012684555,-975.6931447586832,-1205.587506422289,-978.7825494874762,-664.7566727474035,-1071.2594434386676,-0.0,-0.0,-0.0,-0.0,-525.2756451106613,-383.4210986425493,-1232.3113288928346,-0.0,-630.4456322221093,-5667.59876523615,-545.5250081802641,-713.7321141177235,-2579.473082724651,-728.9791358484671,-0.0,-473.3360310646459,-504.2257129363088,-1018.6051564742521,-534.5131419561404,-1327.2623168240677,-1523.9029807140594,-0.0,-0.0,-0.0,-0.0,-1435.4808484689747,7371.216520240339,6027.443647700559,-0.0,-0.0,-0.0,-0.0,-1830.1823494693579,-1033.4688415806093,-77.14352117670025,-1263.930077808139,-726.5841038832594,-0.0,-0.0,-0.0,-0.0,-652.426759001726,-0.0,-1674.1129328355698,-212.52028233184103,-0.0,-0.0,-0.0,-0.0,-117.11275907597243,-470.34258820377204,-357.01350011312815,-775.592732450609,-1036.5291479262357,-1003.0414030930307,-981.514234329655,-266.63923815912074,-1339.1666715221897,-1292.5014789545587,-1033.403550669513,-1368.2750266619905,-34.6170435977121,-1075.16875033075,-909.307855812731,-830.850111798354,-1391.977379286096,-307.65582957253866,-1990.4986092827512,-1343.9065977304501,-1685.7985730615408,-531.2354651099149,-491.0134541089446,-947.3130014135214,-0.0,-951.679931731705,-0.0,-2991.976191505743,-700.6020126297705,-245.4283044710931,-1675.706800722312,-1348.7252580819202,-1015.5974134222107,-0.0,-0.0,-0.0,-0.0,-729.68333744054,-3208.461462650701,-1507.5379601389761,-0.0,-0.0,-1013.7382901738459,-0.0,-0.0,-1077.4809350438309,-463.5399783573917,-971.8026904220525,-503.7727712384129,471.0923077660348,-971.476603781806,-513.7692326443556,-1370.9468267950763,-0.0,1237.1833003026516,-0.0,-0.0,-1027.1645639503104,-4925.385006785552,-0.0,1481.8434557272644,313.6201949252995,-782.3672627506602,-206.44593274503129,-0.0,-1575.449028202298,-889.0351684108228,-1941.8688011359584,-1854.9567685701418,-327.4474011706684,-0.0,-409.6112889468161,-145.01868634572878,-0.0,-881.4109079169945,-0.0,-1581.7888955628878,-1976.7896580142728,56.40693476101922,-2125.4544645072706,-1774.615719695856,-0.0,-488.9192389380542,-1210.751470800545,-1715.9949803877937,-0.0,-342.9134708351557,-2128.0627799385625,-792.5103911167857,-728.7487753500018,-817.049662404503,-385.3001081350877,-776.0644941733955,-1382.1408077731007,-0.0,-860.5059458843571,109.71375940987159,-1264.487266046587,-0.0,-513.5892078925527,92.9058640024515,-813.4719614231817,-546.0731377480863,-0.0,-525.943409444901,-397.8791155422795,-1487.5233406385948,-1106.8093793842252,-1425.6719105713707,-767.2413034093656,-697.3998332715381,-819.5762351226208,-1919.5744945135082,-20.270096160557827,-0.0,-478.4668782744546,-548.7642617684387,-1217.0780965232452,-1824.5437226352328,-279.9678003182314,-648.1548777936466,57.11551227587415,-763.2304952242619,-1108.5390885681866,-706.305867402216,-0.0,-901.1407170815728,-49.785862867621226,-2199.691622160233,-0.0,-372.8822535358787,-701.8638595144442,-496.88518182313845,-2053.0577689281445,-150.9735189697423,-1364.4649721847186,-623.2737659910864,-2286.6848065095437,-0.0,299.47598089969813,-0.0,-0.0,-284.9458859594059,-0.0,-0.0,-3231.891770170581,-23.915427591507434,-33.09351133076194,92.0826085008215,-1182.698775649311,-0.0,-0.0,-0.0,-0.0,-0.0,-24.955130185802826,-0.0,-313.96690512363864,-0.0,-260.57684196657425,-1723.0858067648053,497.27942144263716,-2627.3067463872935,-0.0,-0.0,-0.0,-0.0,-0.0,-0.0,-0.0,-0.0,-0.0,-2296.24326814344,-0.0,-2399.508502297304,-2793.155589381815,-34.20396554043214,-0.0,-0.0,-0.0,-0.0,-805.6970574219199,-976.0188113686652,-0.0,141.96083725008936,-496.0552221698234,-1919.4821372014305,-580.9008326914987,-0.0,-473.94420795757657,-1030.1593216712263,-0.0,-0.0,-553.6683407565996,-818.0959580111938,643.045735072323,-434.2215027209996,24.279046493161797,26.31236669548327,-0.0,-0.0,-0.0,1386.4348177689558,1240.5486417573213,1454.2578149117578,-0.0,-0.0,-0.0,-705.1798617952117,-0.0,-0.0,-849.9264572516803,-68.61441505877998,-416.795940571704,-50.27194929995126,-919.9598665675433,-712.1578825127125,-1285.4008557907066,-127.95095943816007,-248.54351346718784,-1101.5072290537612,-0.0,-1920.8313425840884,-14.350513052284972,-848.9562624249862,-822.2863496837425,-14.65164793327952,-0.0,-1161.8989724247758,53.26690686348882,-0.0,-0.0,-0.0,-0.0,-0.0,-1229.4458327180134,-2751.095958419867,-0.0,-575.7034253867457,-54.542870223166084,-0.0,-0.0,-0.0,-369.8299297476936,-26.73107471403539,-0.0,-1163.0697153031037,-704.9745663063937,-0.0,-0.0,-477.6331919716487,-0.0,-0.0,-1457.1889432769929,-1229.8750880986772,-0.0,-729.936520259362,-1869.8928735207821,-82.21765868828568,-0.0,-0.0,-260.91037618987696,-694.612957030755,-207.73704808972343,-175.7731442303462,-145.77152239855917,-0.0,-0.0,-0.0,-1202.7515750576417,-882.8512689254226,-1736.9673697219541,-243.1006884854533,-1187.122558936398,-110.64445659445805,-146.25138445712585,-428.8823099936412,-1763.4783001795458,-0.0,-0.0,-1544.4010066322376,-1684.8427817445156,-0.0,-0.0,-0.0,-483.0125421332368,-2061.272380492634,-3038.572703086752,-0.0,47.24840667903016,-157.7054580525955,-613.6588407643427,-602.4563622237158,-1820.8407631050711,-0.0,-1319.9278524528102,42.11388639766551,7.200556702968481,-273.392796560822,-0.0,75.63033341021026,-251.71546968583775,-378.9391245866111,6.929187571191765,-0.0,-0.0,-588.9970093490203,-11.614241752974223,-0.0,-1192.1688091570654,-867.0328562317002,-1096.7477416160025,-711.4765686693248,-1025.6910594918797,-1552.0062916432346,-0.0,-0.0,-0.0,-0.0,-0.0,-311.6554731389304,-584.8011918190567,-1125.4161092926183,-1366.3153715783815,598.0876639041659,-1301.0969945054119,1484.812583685962,-0.0,-1852.4849413570696,-1488.7822117815215,-742.1474539152506,-27.335235230703464,-108.70118090728919,-1971.977843425527,-202.303231166385,-0.0,134.07568794905174,-800.9452836311647,-0.0,-0.0,-537.4771126971073,-368.5419782440353,-348.95403738962773,-1104.3882059100524,-1494.2961743536757,-0.0,-1336.5091845088475,-1009.6244249570625,-3682.250856512623,606.1840309295266,496.4177448256079,602.4494104449981,623.7035964839705,-0.0,-0.0,-0.0,-0.0,-0.0,-0.0,-0.0,-0.0,-530.4241436183328,-0.0,-47.157837669674535,-34.4880034258308,-0.0,-1162.5459386493708,-1258.081627528345,-1783.8997784524174,-0.0,-0.0,-0.0,65.93342471429091,-2682.6942095500362,-590.8692555001679,-2550.9791628814164,-1382.3251980109592,-0.0,-0.0,-133.48492125576536,-1236.432696011617,-0.0,-1733.0272473557582,-638.0471308497072,-0.0,-0.0,-0.0,-2164.492600684833,-0.0,-0.0,-0.0,-0.0,-0.0,385.63604007086184,-0.0,-0.0,-0.0,-872.6618271183748,-0.0,-0.0,-0.0,-0.0,-0.0,-0.0,-0.0,-453.5488650991988,-918.110418206213,-1342.0996789557166,-1478.1578958982063,-521.8433361311334,-1097.7763673322272,-32.86862515249888,-0.0,-569.070587843668,-45.50611162667764,-0.0,-0.0,-0.0,-0.0,-718.5374660357023,-0.0,-445.43119726662616,-1139.4642233460768,716.7036155728647,645.624611813994,657.6508222226979,599.6257702961217,624.9855413134304,-0.0,-0.0,-0.0,-0.0,-0.0,-0.0,-319.6505719005436,-0.0,1861.2754103840136,860.2547205341259,1034.3985686204855,-0.0,-0.0,-1111.057456449011,70.70405079241338,-56.833629711315865,-2121.628198765486,-0.0,-1682.5533304800265,-0.0,-0.0,-0.0,-0.0,-586.2542764071245,-0.0,-479.24472976985726,-501.12144504229053,-343.9678878896574,-0.0,-14.847946413464532,-0.0,-745.6383030693002,-0.0,-2023.8672456403513,-547.4114478397137,1544.835646870056,-1897.3254117222984,-858.1082504171021,-61.95893190568859,-747.1241036167593,-0.0,-474.81651812060886,-71.13923721862747,-2161.942214868672,566.1321023283941,80.49355518771566,530.5103221270298,1123.0775063530107,-0.0,-278.75540174141514,-22.440922599740386,-946.0145944432078,-1094.4301065950249,-1285.5500056700475,-1656.5376461961905,-0.0,657.0136963805016,-0.0,-343.14346079494254,-2054.444649096571,-1190.042686219542,-0.0,-1144.1407275275853,-351.72585548399314,-531.8531152726749,-649.3782350740096,-302.14428510858113,-1226.4336921981653,-0.0,-1934.2321491993853,-354.78074339600454,-1350.863134698924,-282.0168773608707,-0.0,-0.0,-0.0,-0.0,-1155.1089180309605,1052.9875049725717,-981.6969969160209,-545.4439874770372,-0.0,26.356461448361365,-0.0,-0.0,-693.0411069968535,-639.4832239593658,-676.2624368006472,-575.1459951790004,-0.0,-0.0,300.5754386123883,210.00602393629242,527.175583491034,-0.0,-519.7587625214869,-1696.4879284753604,-1126.4631861519551,-3.8567179392920052,-1463.7402621967835,-0.0,-0.0,-0.0,-512.216325361962,-771.6207495100534,-0.0,-1199.3497532492397,-0.0,-2356.7081926333312,-3268.9276554607495,-0.0,-17.276195272204028,-0.0,-671.8088793240487,-0.0,-0.0,-0.0,-1921.8151170407427,-994.2579770345885,-541.084934414936,-778.6057070644458,-0.0,-0.0,-1892.5080876786042,-0.0,-486.1184484439001,1039.4599726703261,-804.1493863383664,-676.8886772233365,-494.7989721681001,113.2011568388222,-0.0,-0.0,-1195.4884824777487,-0.0,-645.4363221722398,-60.95135396861777,-323.09624289738287,-304.3441552567605,-0.0,-0.0,-202.67396601148687,-568.9159454510931,-936.2986785271829,-557.1095392589361,-946.6104789380806,11.566177771295608,-0.0,-115.95238797680163,-1853.4740061542434,-1121.7681716866427,-0.0,-0.0,-0.0,-506.76809174729084,-537.8903938777331,-1390.139467953103,-0.0,-0.0,-0.0,-0.0,-0.0,-1325.7373609206027,-632.125642176254,-0.0,-517.145993000521,-0.0,-15715.916261858014,-725.3884596172986,-105.57063446467666,-539.3878030228615,-0.0,69.82815052965108,-1137.479082777308,-2292.4318578302236,-0.0,-0.0,-0.0,-691.7770474766116,-456.7078337240234,-980.4746332420777,-895.3582611203699,-505.3732157497978,-0.0,-0.0,-1538.8557762897024,-512.6964690176796,-2038.4283893453455,436.66479990110776,-2110.5514388391084,-0.0,-0.0,1465.66414152238,-1385.5336751852503,-0.0,-211.00526958075355,-313.55907778613425,-562.6679855120987,25.225687230036836,-793.0951752616738,-0.0,-0.0,-1218.1373096034965,-1135.8656510732487,-2181.4520573776554,-0.0,-0.0,-2159.479749372161,-631.591060360722,-641.8646060062467,-2185.0779132274697,-1286.046922215426,-0.0,-0.0,-936.5536402097008,-0.0,-79.04210493375078,-1379.4505315436743,-1585.178385588994,-0.0,203.627790434337,-684.7012480131427,481.94142354474917,-233.51003574942214,-218.59337711665785,-0.0,-401.1575299747705,196.19289487220576,284.981524675289,-405.962162399051,-2221.471530019652,-1775.3817568796853,-76.57719184729035,-3955.1600464877724,-516.9006404839971,-1004.7225245292082,-43.726606683923386,-3349.200600158289,-297.6844762272616,-570.4327647360752,-271.1057747987524,-1428.7656066769773,-888.1172614459047,-3044.53196760382,-4770.770695064742,-74.8607603804506,-603.1304151072706,-1515.7277511369202,-1046.717427904382,-0.0,-3012.0564241000657,-0.0,-242.1929078306537,-1356.7150472081294,-1222.0061021764661,-0.0,-0.0,-834.547080276823,-209.94260486577463,-0.0,-1222.193583519666,-0.0,-593.8785663940547,447.0041083654419,-1994.9933436023832,-420.3962874614979,23.29575213535698,-11.768665548023522,-0.0,-1663.5199144992748,-503.7731742155109,-0.0,-115.53346055133358,-0.0,70.43350144083566,-159.29054071871744,-0.0,-333.2019913012564,-1232.3418173636805,-394.41881171001813,-696.1452640441538,-1942.93481229973,-0.0,-3565.9370188774856,-1543.064105615476,-2168.2911444119245,-1969.0836442095535,-64.49949974910828,-199.16716270458684,-563.162442554982,-1300.967455938638,-0.0,-0.0,-1101.6236039862658,-170.51459870391946,-0.0,-68.62235527349318,78.8452179381542,-1977.664747056632,-0.0,-0.0,-1153.1430560655301,-0.0,-66.40511093022448,-0.0,-39.45011253770796,-129.09144845938593,-0.0,-333.13207713572825,5077.290406136591,-0.0,-0.0,-2327.143912459956,-690.1200949445923,-241.54241464465855,-0.0,-0.0,-0.0,-572.7572610992723,-1886.3261630248842,-0.0,-0.0,-0.0,-2007.9177764343046,-0.0,-0.0,-0.0,-1396.2872332031566,-646.216006213667,-265.1822580968906,-410.6050715879796,20.567521586909198,-603.2354973743463,-335.33919119407096,-183.4723052886943,-2116.9863866876426,-0.0,-0.0,-1107.4886995267425,-675.8244259220596,-2169.124111182132,-0.0,-0.0,-2371.1913464523304,-593.5391780385083,-1366.3968946409484,-367.0476462914895,-549.6031581346442,-2059.016126306507,-726.4511976051115,-75.89877815236017,-725.7804790879431,-1769.3816859742956,-1363.9114928544611,-1204.7973436135865,-0.0,-540.4961906347843,-0.0,-1379.733242401579,-372.9879007636373,-193.94668926352057,-551.1642953205661,-763.2125752670321,-10.80604524266888,-0.0,-1044.2396821846987,-488.4421774399404,-38.81713340378834,1348.9196164388131,-66.00154081223761,-0.0,-563.0141082091633,-410.16078385320645,-0.0,-595.9312193869455,-1371.6234535852002,-0.0,-0.0,-0.0,-0.0,-361.40321290533575,-800.2287196444652,-280.63140629834714,-429.69056787403497,-302.0693642524335,-1430.7034442517465,-632.5800041585535,-1244.312357028644,-2228.828076110484,-1724.9424800126797,-0.0,865.3830373641484,874.2061021489718,491.8444539411624,671.7205428882733,386.2418023763809,-0.0,-0.0,-0.0,-0.0,-0.0,-0.0,-0.0,-0.0,-55.574167351611926,-763.8645025580693,-450.03870084837394,-242.12872612620365,-1047.639928736565,-87.34842856877361,-316.54013908260447,-1009.3199996271288,-260.1843302708835,-1530.4596140232263,-665.1575899391056,-72.51788070153697,-330.4545852110847,-20.97305194781535,-0.0,-494.9536506567492,-149.4362081594873,-180.17611406753568,-646.5884689589905,-305.95879487050667,-1321.0322344024312,-259.50629096203363,-0.0,-0.0,-1661.5651364769417,-445.1611483658597,-288.4320071621591,-470.19116600984177,-792.9746846523549,-379.2670580791051,-353.94082885010255,-0.0,-560.5263997792288,-598.8614794215794,-736.9599216435639,269.83361062336746,-1162.3958037416933,-1948.9661514386332,-185.73776457773866,-581.5251696256514,-580.8387943537755,-11.60112611162574,-0.0,514.8410348482845,-695.2854554820946,-30.80689839727006,-1678.8699355305664,-0.0,-0.0,-1072.3867720560818,-430.1841328801339,-0.0,-518.9439036002184,-593.7222483852087,-691.1297552547251,-0.0,-613.1921467253243,-417.96678235123755,-1917.5623382522297,-3682.1057577867564,-337.0948616659356,-0.0,-70.91276221130164,-370.3048918433937,-1309.6426167089867,-196.29702296265148,-498.05519644625144,-623.2145804316204,-651.8349104429348,-329.76799622549527,-0.0,-0.0,-1429.5436800672098,-94.62983207478544,-375.83781610127954,-683.0385288857203,-1037.112369704564,-2113.0613873079024,-0.0,-503.2603288574047,-0.0,-0.0,-0.0,-0.0,-0.0,-24.893618568624134,-159.17738368624998,-309.91323909515387,-0.0,-0.0,-0.0,-0.0,-0.0,-0.0,-1027.5908073032322,-1968.9197871072122,-356.1556205832015,-430.1967767373234,-39.91720518484924,-0.0,-0.0,-375.433428582096,-0.0,-0.0,-97.90870761643237,-2338.803494588599,-0.0,-0.0,-1285.8104381552546,-493.0994931112403,-763.1295634587959,-855.694488864863,-623.4096310677525,-0.0,-0.0,-1016.1766459308549,-1579.3665072970243,-853.41476012804,-0.0,-987.9501205995808,-0.0,-314.2145561431866,-627.9526440376745,-0.0,-581.885129279839,-1551.8926995162005,-0.0,-1479.5362302006608,-154.86500993870038,-516.3612874762503,-1196.9489574707527,-198.7908233536481,-1060.9169647450344,-0.0,-883.3891987560672,-23.800954791914933,-2053.4410559688095,-1629.9052375485944,-0.0,-0.0,-0.0,-0.0,-644.4023426457602,-707.8007212475306,-0.0,23.562397798732547,-317.65815203026824,-661.0914880815069,-1785.8493666207905,-1981.5513858867123,-329.5036734729499,-0.0,-1223.194453827893,-737.9441999615744,-1495.6887260991577,124.13105093399398,-0.0,-2927.4032985324193,-604.533587252742,-0.0,-387.199836373918,-1269.6929371359072,-0.0,-0.0,-479.288001468499,-1256.7358403871476,-0.0,-943.9876604385379,-1128.3505288787699,-33.350899640423464,-72.64428650910713,-443.00404046507543,-0.0,-1294.5050767821187,-2281.792090062282,-1014.5065615610968,-156.51650577816602,-1660.387128882229,120.59715908670194,-750.1235705682833,-546.8887828627467,110.32030960968426,-752.8625867316813,-1277.5481311034237,-730.0856939303322,-1135.9082240038927,-357.89041745399544,-525.6022672125526,-666.3047001294169,-1355.6697436119246,-0.0,-0.0,-1586.6903412162735,-284.32048416858044,-0.0,-1310.8397853930005,-1080.9800329747138,-0.0,-2163.9532420930313,-470.3981761621089,-0.0,-726.125892325626,-0.0,-0.0,-1102.9240171104586,-889.4771910652848,-0.0,-0.0,-0.0,-647.8347177095823,-3.935684532699219,17.704287344347545,-221.86378133757717,-0.0,-1851.5749175436079,-1298.5210019371195,-488.95525059596656,-1807.078085426803,-0.0,-51.48686073100013,-822.0399199330643,-0.0,-374.3681041688271,68.14889037881737,-1412.8106114703792,-902.9156575894618,-597.1093492957137,-1116.027853418224,-0.0,-0.0,-0.0,-697.0755189599333,-0.0,-340.94075521280627,-853.2648921815195,-185.15740454328844,-1062.043949082903,-1905.3321267808865,-487.03583985548045,-1829.1726770324885,-0.0,-985.9943396316578,-641.7756903774416,-445.4661542516017,-1111.926809224501,-276.1849072812518,-453.04169360759914,-1313.629482593124,-0.0,-0.0,213.24815293185824,-2403.71125432959,-859.3061430036328,-234.20923150697874,-0.0,-323.27617631641743,-470.693716989725,-564.5555206297299,-0.0,-0.0,-676.2227901207012,-0.0,-18.572414411840498,105.49948297638859,-105.34502380554909,-1755.0751661875315,448.91233223319057,457.37109195162606,439.25821773464634,564.8139621394054,42.04451834327555,-0.0,-553.2211869955635,-657.6183246207669,-311.9970299951238,-8.6223079045172,-0.0,-0.0,-0.0,-169.79472516638185,-11.784980409115429,-802.9339615089514,417.87322333247744,2095.4470213601667,-0.0,-0.0,-0.0,60.320091203942155,69.38335055999475,-0.0,-2702.9992344520324,-0.0,-0.0,-0.0,-0.0,-0.0,-2148.5493292479887,-247.51440483119018,-0.0,-354.13862188950407,-1874.753969619545,-141.93105536732858,-281.91594894481744,23.12967674477462,-1516.7463634796916,-3791.8079137402005,-1724.3855946610527,-0.0,-0.0,-1471.2069729492111,-917.2423361816215,-644.5432473083686,-365.14212175049676,-306.2131542724128,-881.1441141918559,-891.7420394618296,-4365.989709110032,-592.0871911570423,158.02119394167212,-721.975927924698,-957.9273577890533,-545.7128145231096,-555.6274296129038,-6.6677610125293185,-1421.505477248387,-725.4691255087282,-516.1744413571073,-0.0,-0.0,-0.0,-0.0,-202.68619480009377,-1068.6378040229004,-0.0,-1094.290782310736,-1203.6553325403468,-0.0,-0.0,-1280.6112447544078,-0.0,-0.0,-189.32222822392217,49.75832751842549,-0.0,-0.0,-2735.36317542883,-1077.2350275311553,-85.13138652483707,-826.191918562399,-1247.053584928737,-0.0,-298.56515944019014,-443.41315342012484,-0.0,-1218.3979560952846,-297.5756521956945,-1025.3224470920954,150.73112626588912,-783.2625811895482,-178.29515517054344,-209.23044907499138,-47.23004551012073,-39.66556477840832,-538.1453245842044,-722.499273046853,-448.297325560366,-625.6575318798363,-0.0,-54.85516120539877,-645.5419341666835,-147.6270639758318,3.4528445343453176,-0.0,-887.3543889356635,23.89715093184191,-1155.3087167451492,-0.0,-0.0,-0.0,-1644.2082278043638,-0.0,-0.0,-70.49114592796063,-0.0,-0.0,-0.0,-0.0,-0.0,-0.0,-544.5872198854254,-1427.6433490458278,-0.0,-0.0,-0.0,-0.0,-753.7541464690238,-421.1222832905355,-0.0,-0.0,-1644.1954854005835,-0.0,-1213.0670297739798,-2380.5479598407505,-0.0,-0.0,-0.0,-444.9296812765675,-0.0,-0.0,-0.0,-873.4815207937891,-669.8158321338425,-591.6316780286859,-0.0,-0.0,-199.44844545606122,-0.0,-3532.576639343738,-4787.684218242261,-0.0,13.676029298029682,-0.0,-534.8710004490841,-597.7717360364253,-1778.7777794676476,-0.0,-0.0,-85.70863371851267,-612.880334969284,-1211.9740294785784,-595.1329794452342,-301.01205292150905,-0.0,-0.0,-1075.7148100712466,-868.0294836313534,-40.36420597539045,-0.0,-0.0,-649.8457744984346,-338.72615936008435,-75.14422692975586,-0.0,-0.0,-0.0,-1929.5104276507695,-302.29874427697536,-1194.780269119981,-3860.03776866304,-0.0,-874.8821789967371,-1024.1041313179157,-2126.1392417704787,-301.8445583964569,-0.0,-0.0,217.96971472485959,-1052.052027587734,-1638.1425692551627,-445.6069483991168,-133.30452573736636,-22.031041504089018,-1596.0321937894894,-370.1886861854987,-1567.7295680847155,-593.9781172750423,-2418.4021943115067,3.432361954816431,-880.3327707212622,-784.3215764316325,-1649.6970227225004,-0.0,-0.0,-662.5136103671964,-1492.2400674915414,-1606.27298629539,-773.8639323678524,-0.0,490.1034171919643,-60.97774337332815,-398.2847368760696,-0.0,-16.778041421587158,-0.0,-2188.967588394709,-46.263543863743735,-0.0,-0.0,-663.6986398550928,-981.2401120913349,-717.3864181922992,-309.42687724586773,-521.5349887993218,11.20092024098374,176.5383357536428,-735.7104803937759,-23.307621001416695,-1344.0946264442546,-0.0,-1374.511129737015,-113.4460369711032,-673.789157195704,-355.0796168870748,-21.55826382972409,-38.05276880580218,-17.921919066087657,-1109.4356449010893,-865.7886958123779,-1253.1177631647654,-227.1484140295498,-1229.9660212546205,3.44565295149753,-0.0,-679.8247710616434,-2376.1613038732344,-0.0,-0.0,-26.566969233255605,-1860.0262180413788,-168.5828274536398,-511.7889243318267,-330.0431506004213,155.28876612896286,-0.0,-0.0,-1125.0166960382362,-0.0,-0.0,-1927.8222328254053,-1404.4051359938499,-755.6002452005029,-674.9765363926055,-570.9840062654861,-806.6086734812257,-695.0668115028282,-1155.9017602159408,-2309.2471312137823,-0.0,-0.0,-0.0,-0.0,-270.0877870485764,-0.0,-1834.8805821291967,-562.2963051552466,-754.8072707478742,-874.3115033650334,-406.7984315522731,-0.0,-1253.6859010551316,-582.7724929454288,-0.0,-2295.4415102125727,-1287.8374216203279,-0.0,-0.0,-2152.4217951887135,-1523.381727078755,-394.24638904939576,-717.7063986709222,-0.0,-474.4092384444966,-281.0407127464469,-0.0,-569.1064810238908,-487.8602993697783,-456.54782153800693,-0.0,-0.0,-0.0,-0.0,-346.6584210031306,-1097.2704024368493,-6277.488842957645,-0.0,-0.0,-651.2446285780726,-629.0242761780659,-1716.2872469650986,-586.6044302310985,6.797193793490072,-407.4122952929512,-0.0,-573.5521724842881,-510.15141221609827,-0.0,-450.0139122290559,-1015.58745853005,-0.0,-0.0,-0.0,-0.0,-0.0,34.325736431118514,-1894.2716829778315,-0.0,-1199.220342320431,-797.3937970374319,-3.588922470336438,-1511.0766833522484,-865.9115919807135,-865.9950560474425,-1265.9466342180672,-69.7985821007879,-107.08324254175974,-1125.9000375395333,-628.1722582540813,-608.0442030322815,-0.0,-1311.1805207513837,-1216.2725983462956,207.79148454114042,-0.0,-550.8634287772296,-639.6555319156765,-880.1996375384755,-58.72944698179045,-0.0,-259.6423484569943,-0.0,-0.0,-2202.8065973949024,-1894.1563317168584,-1713.1282111018359,-1529.328475622736,-0.0,-1113.867734213834,-1836.8912706477104,-0.0,-4752.102287568117,-0.0,-0.0,-0.0,-0.0,-938.7501081294837,-2195.633329972746,-2067.7155767066815,-81.50564826555433,-1762.9656838078809,-0.0,-876.3629071880518,-28.07807216364336,-0.0,-61.099814941454,-496.50800468831136,522.3899402432437,-0.0,-412.37338050100016,-34.20338068115005,-0.0,-1288.494949786344,-0.0,-1887.3831798387746,-128.6649277448431,-0.0,-0.0,-951.1960081369848,-1415.1782006743663,-931.5605155031678,-1106.7684366711937,-1152.6919042360878,1401.140454657056,-51.71235082599914,-717.5638642790494,-32.20677259374084,-2212.54373444829,-728.5406190598675,-774.8609687492981,-415.90817357269736,-1459.33244000968,-1542.5241089392598,-389.32493051610817,-2214.5147572081473,-297.55462045855603,-0.0,-0.0,-45.30071401471943,-0.0,-0.0,-0.0,-0.0,-0.0,-0.0,-1508.824929886412,-553.0395408827577,-1057.4363674160809,-810.3695528125468,-0.0,-519.651296316159,-1108.9355713136347,-992.9266703153502,-1979.743708106064,-1184.1063423835333,-78.68323933711558,-177.0802024634283,-871.0063023635003,-1319.2472601854104,-0.0,-0.0,-0.0,-64.64213257754005,-735.9561006757401,-140.07932400545832,-441.6845673599268,-906.2766950763435,-0.0,-0.0,-0.0,-3671.4025281616937,-0.0,-113.0713556929354,-0.0,-197.37980840353782,-1023.1651000182173,-1101.7873139804412,-770.0654231770603,-0.0,-38.73730820723591,-513.7127756936037,-666.4893693842728,-506.8832589920198,-0.0,-954.0183840914336,-0.0,-0.0,-2461.2308948293216,-0.0,-1246.96339734446,-577.9158894582024,-375.2620140611353,-250.12993292961173,-1273.759385076302,-2501.5464662524887,39.49725326122754,-2057.8670019724286,-1530.5561323043587,-395.6212760572841,6.735267881010035,-0.0,1332.0539731194533,994.6565264481839,1037.8786766917808,-0.0,-0.0,-0.0,-792.3449524456056,-0.0,-261.0996434880701,-163.8134631309394,-0.0,-3285.0729011327894,-0.0,-1290.7700179810379,-74.60216841028723,-977.1485987849152,-535.9955370829504,-1339.5032578472496,-1112.7498924021384,-0.0,362.4416880291167,-2372.260416098897,-1519.2968613021096,-420.56236093900867,-1108.1676401161524,-1540.7683560990747,-0.0,-0.0,-251.71931812556096,-686.0746965000683,-2047.2079784233304,-740.8196234637046,-33.58322911880415,-0.0,-0.0,-633.8417022242489,-0.0,-0.0,-0.0,-189.33920802981578,-1280.7838530535457,1487.7633325372767,-1211.5196750401483,477.7653348079626,-660.8463367853304,-917.6958838973482,-9.856888155871438,-4450.807012180395,-346.08208081781004,-0.0,-67.945905005304,-2156.6478518723534,-1579.7270251052769,-0.0,-24.723115108430623,-0.0,-587.8008617024924,-23.074507842729208,-1708.4615874332837,-1409.1274526502336,-0.0,-287.89787403345883,-0.0,-0.0,-0.0,-684.2619249482347,-936.6018168680199,-385.9488888678254,-1036.1635387836193,-1605.0237913991723,-877.0413724626957,-393.4328029619916,-441.72252637048206,-100.48216025623711,-1502.0738927337811,-563.9453424680243,-919.7788170348682,-1115.99595982529,-1323.5465574330353,-1265.5997469560225,-347.1980794917014,-1360.362813525584,-0.0,-0.0,-0.0,-1952.045424346423,-0.0,-456.18080596115794,-1100.0537578102885,-10.054846215979591,-712.5017595547198,-556.2946886626963,-864.76672897286,-661.1485581053988,-183.17591701140722,-1705.2013886449388,-4788.88251365408,-249.72986543660667,-28.39701573433888,-0.0,-103.49781178204634,-6214.260109910309,-1671.1525511268803,-622.6451521796736,-2186.174383450848,-193.01717312757208,-0.0,-21.87931968581039,-614.247925634163,-113.27490142751417,-1020.7934080793805,-973.4438726802567,-183.74606864809647,-0.0,-634.9671512992078,-1719.210063820772,-1770.3699152932063,-1727.5357793568298,-0.0,-1386.905730805355,-0.0,-47.699541914127444,-792.4551412984629,480.4203747180101,-0.0,-0.0,-287.06263298765145,-909.8451920841519,-672.0704736485428,-1149.4897341195317,132.98773341616376,-1299.4615704623525,-117.60181785668098,-300.21169453638015,-1899.710081050327,-1736.73013345163,-345.6724647342012,-0.0,-0.0,-0.0,-0.0,-0.0,-1850.0531177013197,-0.0,-569.6746463856593,-728.3310895521643,-2348.3900002259393,-0.0,3.094386019065125,434.2606779545187,1857.0955908942597,-566.7055391617424,-1182.5346354768358,-0.0,-1203.5477674501938,-3282.225095323434,-774.3526873211252,-4989.644794777324,-1078.4343016736964,-0.0,-693.0117344511177,-2122.5789072266975,-182.00213153634067,-0.0,1101.563755663323,1228.9670339169857,1062.0811067692289,-0.0,-0.0,-0.0,-0.0,-78.58278599059226,-2107.206548614356,-74.48121525740895,-0.0,-1814.0290405882263,-1041.8703748395267,-422.4992597213038,3.780825755088295,-0.0,-189.99119298591035,-725.7248182277109,-0.0,-0.0,-43.72852191865475,197.42067225217062,-2021.4844700700803,-0.0,-766.2912484802556,7.982596541015511,-66.82153828788917,-0.0,254.44420236171428,-86.24075356339137,-421.9219578283532,-1685.3206456307855,-0.0,-52.7894351048684,-1103.752263747441,-920.5775311949765,-39.325851146246464,35.43764690235586,-0.0,-1114.8632130027809,-710.7857707384127,-7.70507818919324,-0.0,-0.0,70.2479277190512,-215.8142852747459,-148.40166304220156,-75.07740799212293,-11.086455626910789,-162.26528374405413,-681.1978165370183,-881.1672530917914,-456.5887025178885,-0.0,-1976.7643722338803,-893.5731551686794,-0.0,-0.0,-956.27073626156,-1914.6123737640228,-551.0738915365994,-6.753875010875208,-2437.8575651686383,-112.6997263857004,-74.77598712953578,-984.4494852416382,-0.0,-326.71617050706107,-1316.930954355805,-3.358490192899291,-0.0,-3018.2380518031755,-141.2675858001521,-1386.7078556321658,-837.2489687782959,-1117.754845935524,-2168.7076266584895,-73.15954574287551,-765.7981433962753,-1729.7414054581127,-1093.343727760261,-1100.5870406806837,-212.25294970583448,-1672.4285635110136,-0.0,-2410.0695294919547,-0.0,-5851.013089575798,-209.6080519780075,-75.1320504942699,-1322.936728469913,-0.0,-0.0,-0.0,315.67505509495453,42.01165015740963,-801.4370673356254,-1160.368297820951,-395.29362926704067,-947.830764294428,-0.0,-0.0,-1352.3280710794922,-279.0569644242541,-472.1575150648717,-154.48670029888225,-0.0,-1457.0995739056762,-314.0257552151162,-1756.3390541608462,-0.0,-32.98213743964947,-0.0,-1682.1355335299781,-706.0635338950414,-1503.55825566768,-0.0,-0.0,-1333.0961805259374,-462.8891235444604,-711.4432185853061,-1392.6714078390348,-413.4962668006331,-1283.266433805555,-0.0,244.67388488858688,-1122.7586796941998,-3825.128789323586,296.6704852852409,-1126.861829511828,-6903.280330779137,-556.9001568366775,-602.813739545996,-203.5870333851651,-163.7032762328305,-846.8304419345843,172.6225174357654,-180.6791172066344,363.70299144317124,-1005.8402083596052,-516.3244419461915,-0.0,-1073.754463159684,-1676.2714914515075,-811.1808373673077,-353.3451292618345,-0.0,-0.0,-30.0998100744507,-933.3796159503078,65.83370494924428,-1942.2934286946725,-0.0,-0.0,-403.49165519118753,-549.1743663669091,-876.8137628727405,157.313749887781,-2365.776938615407,-1298.823864061892,-1144.9695102236403,-207.9614593508598,-0.0,-348.02970614913033,-0.0,-530.7949475975327,-21.15564012800423,-1220.8319938195036,-454.2601507200851,-942.711674023261,-312.9474874478536,-288.18466983603975,-0.0,-1018.64742466251,-619.3737032625028,-1120.0844548987786,-0.0,-2955.453756468011,-1220.6134985135095,-1126.2213433795237,-730.1009047437394,-1000.130343723399,3.402106432046343,-1982.6022859368045,-694.0796867438878,-1094.2644330277424,-1727.7836689789801,-276.5058162148378,234.3812752194839,-966.0287866264647,-0.0,-0.0,-17.775205827937956,-54.15590558859052,-16.912028370223258,-238.95427769943305,-0.0,-0.0,-0.0,-0.0,-0.0,-0.0,-0.0,-0.0,-0.0,-0.0,-1288.645901993231,-2148.649879610241,-1920.8866475918285,-0.0,-0.0,1563.0743395366212,-416.3352876395085,-0.0,-449.508208226969,-415.11958885048335,-907.5296200139553,-876.8424831204914,-1036.013647751586,-0.0,-581.4931535551592,-374.73301813862577,145.69775034412942,-0.0,765.5591212161223,-0.0,230.04390559322587,-0.0,-291.8813383298305,-0.0,-341.99946907307367,-1065.8087259457707,-1780.3425198589912,210.3727098324329,-0.0,-0.0,-0.0,-0.0,-0.0,-321.45101323791835,-75.58529640525228,-0.0,-0.0,-0.0,-497.5817633564305,-0.0,-39.270138071974806,-574.4629693506904,-2927.2223948808796,-0.0,-1196.4707112973822,-0.0,-545.3389514512043,-0.0,-0.0,39.446508235647926,-0.0,-147.7593858689579,-0.0,-0.0,-0.0,-859.3498421218886,-1653.9504409758995,-0.0,179.54648857723663,-2113.7019109578237,-0.0,-65.66117292211204,-242.9312440738451,-0.0,-0.0,-1335.9743824868597,-0.0,-826.5081414405992,-1181.5498554498995,39.04314985078028,-2480.414307457117,-1543.6396018449072,260.4187873299724,-622.3600127935115,-0.0,-932.9097138399338,-0.0,-0.0,-0.0,-3125.805474747974,-768.0829381310842,-1386.6246285595344,-0.0,-347.05637691342963,-3.5584102365475845,-1171.3595869426806,-1797.6032392735592,68.08660500494344,-2725.662837013398,-0.0,-1725.8225504065238,-2306.46040281087,-0.0,-0.0,-0.0,-0.0,-2116.60643427975,-144.5182005589251,-1315.031288258656,-0.0,602.0507374020117,1161.236851431005,-0.0,-0.0,-817.0887643057505,-791.0010069505257,-298.966289430459,-16.92889540689253,58.73330177067771,-0.0,-1120.2435594391904,-0.0,-256.90781314981825,-915.1679611103609,1216.7146215536281,-0.0,-0.0,-0.0,899.9227333206402,912.1120573659394,-677.4144918692476,-0.0,-1213.372974027557,-0.0,-1001.1818763655076,-635.2158205976408,-0.0,-0.0,-0.0,-0.0,-0.0,-51.62892596373922,-0.0,-0.0,-0.0,-1046.8921245676158,-254.19135789091538,-0.0,-0.0,-0.0,-131.11231888003033,-64.62736990574898,-579.5233619170834,-637.0265065792498,-2190.0435000499083,-993.4850440638126,-883.4466322898179,-0.0,-2438.561920501968,-38.16229078946578,-0.0,-863.6402071254433,-2159.6840735836904,-649.7417561800805,-455.50434475993563,-1152.2696073467398,-241.09762535929352,-599.8062163759433,-699.1361743931488,-968.4723596371729,-234.3542136454863,-1508.1712507246716,14.615093182529213,-343.60263056006534,-0.0,-0.0,-717.9720198468174,-3277.493873305502,-0.0,-848.553061303299,-463.69702609769723,-0.0,-324.5332097412734,-500.83109614830715,-694.7823131314672,-222.3987719431876,-0.0,-0.0,-0.0,-0.0,-0.0,-38.638193402137716,-0.0,-613.452179900038,-0.0,-0.0,-589.2922314336982,-940.411783551475,-2311.9651438654814,-394.37185948236686,-562.1055446746029,-90.85223118955618,-1831.0254331242604,-0.0,-729.4996944356791,-477.0985433701116,-405.5207390895121,-1188.0659556662786,-897.2183673800951,-1406.879477276742,13.670069650803072,-369.03130067810605,-0.0,-983.4682021529944,-968.4037589529288,-124.31247741294567,3.337247797323992,-2271.046322296815,-1018.056829649469,-596.2516085687653,-0.0,-633.7531881841318,-662.4669697270208,-482.3453736980554,-1946.684314741346,-3.310390747606359,-0.0,27.172238333679203,-0.0,-0.0,-198.4545498551032,-3439.704356786576,-165.74735463471148,-1417.4698760602805,-3069.816099303519,-0.0,-4162.1358322420465,-234.56241503281825,-1815.2986556204219,310.8185803492096,-0.0,1441.5626183413945,-775.1080389468518,-0.0,-1824.036552147857,-0.0,-63.99911113678388,-38.900845034561364,-0.0,-0.0,-0.0,37.04854116706157,-0.0,-0.0,-0.0,-543.880587938505,-1213.8497288976127,-706.3828371691056,-0.0,-2983.590585836253,-0.0,-0.0,-0.0,-224.26091958738596,-326.6992418782143,-0.0,-2002.7176216295657,-0.0,-0.0,-3035.1153539692614,-0.0,-23.202618591102645,6.98783033516574,-413.77816688106856,-18.967402348689753,-0.0,-0.0,-216.97635541236477,-0.0,-0.0,-1194.636797341387,-1118.673877168298,-1220.6407743128038,-0.0,-275.96306189258956,143.38840831263892,-332.08005892305744,-13566.405701943084,-0.0,-573.657747554546,-1190.0923718937684,-591.920306755542,-0.0,-30.695195350126244,-14.059878088014694,-228.60288308880564,-946.7805690009733,-0.0,-0.0,-0.0,-459.2060528277603,-2129.4993554141615,-1290.180993476738,-0.0,-0.0,-0.0,-259.0415860686508,73.51789981385878,-7.499422719602962,-1103.7264672974932,-0.0,-0.0,-901.8543115395074,-0.0,-0.0,-0.0,-2309.8463546898597,-944.918253350257,-0.0,-1076.3909335827157,-537.7495027525754,-207.81765527579037,-588.712507332712,-1017.1295283771581,78.93755450244389,-1113.8741288458261,-1040.2420785664974,21.915992877257118,-1687.34095838726,-0.0,-0.0,-0.0,-0.0,-401.28631462640345,-0.0,-0.0,-551.1707172761719,-831.4042355565941,-616.2983225166269,-0.0,1421.0027622306875,1133.3815302396315,1232.9376615282727,-0.0,-0.0,-0.0,-815.7832239624296,-36.205276974249735,-737.8503290154893,-69.1007870850671,-555.2395268387058,-1578.5871803337059,-1099.575565455894,-1897.3489489761268,-0.0,-0.0,-0.0,-0.0,-414.8730675481918,-695.904643581115,-1456.442569632681,-391.23416746399477,-1339.9051528899915,-1539.5097319393672,-1914.2546752516982,-0.0,419.7216873132997,-392.3850317563614,-346.8024728303491,-114.11907295027521,-4121.752370041339,-61.91085941493743,-0.0,-787.3597091848521,-1357.0090951305124,-0.0,-54.263571028441405,123.07216196744064,-75.37283166370598,-442.6999284414474,-1861.4944513585922,-139.83978501814713,-1632.5094350228833,-0.0,-1687.0677648107876,-1723.211904944277,-1169.8125862716408,-0.0,-1440.5302889429208,-317.12340206758046,-605.0488953711128,-998.1975091655413,106.52278315381052,-1594.2475357866615,-1224.4599979941513,-0.0,-103.4438774702397,-0.0,-0.0,-0.0,-952.0216861259663,-562.8687605983846,-0.0,-0.0,-0.0,-3043.779256580242,-1628.5932928004813,-0.0,-0.0,-3.57222364535536,-1380.5360390950866,-780.6324327938648,-0.0,-684.2757262700551,-1167.2619233129574,-469.50386664966504,-21.906263394125155,-911.3865959516992,-6.552300929411569,-1322.587767675763,-1500.542485394319,-0.0,-0.0,-35.70952281086042,-0.0,-0.0,-1150.261094943996,-75.4235571046407,-444.54392333799717,-0.0,-0.0,-0.0,-780.6258887446373,-279.4903413874572,-99.52196488216474,-413.93998737018046,-217.48094792628186,-1837.4539401461504,-303.3159428374961,-481.86506609886845,-990.7781441650686,-0.0,-345.03757211737803,-0.0,-1792.7057172016478,-1389.5376010676757,-1433.372296691824,-367.1059762327438,-222.88887083627063,64.32118155840435,-892.5105337940348,22.551585515196198,-0.0,-419.28754491035755,-0.0,-0.0,-421.09330741527464,-112.6160019357776,-2531.2305487887143,-2641.0647396333143,-489.56175259851807,-0.0,-0.0,-838.6116988880688,259.4825190172314,-0.0,-0.0,-0.0,-971.095343814225,-43.84741885921503,-461.65534438276654,-3492.150168161351,-1292.9672875505373,-1033.1729970369133,-382.62048162622074,-165.92244444394956,-1106.7537685643654,-637.2006239241081,-486.5317884739909,-0.0,-612.461922476453,-584.8247070111881,-1733.67254258112,-0.0,3.909879085596466,-11.685945840126431,-0.0,-0.0,-1573.3321486879756,-0.0,-3532.7773434857213,-1114.6534111590233,2121.85442186055,2633.142100775306,-0.0,-0.0,-683.540612265175,-946.0639487111393,-527.9426725636501,-308.12083521691875,-2835.8427315420877,-582.326027201243,-0.0,-0.0,-0.0,-1067.1457523854563,-652.5788852753751,-168.6964511880068,-2121.6269300525246,-1068.88150886591,-24.718369534270714,-378.0436912718233,-1017.7475473823839,-259.0312113846911,-469.2380703122863,-0.0,-58.64035983313469,46.42731033488904,-886.9920495854899,-141.32117155026472,-0.0,63.22298993090338,110.64586135203604,-166.43469751793512,-1148.1865855581768,-1871.0207574263495,-53.8181004846385,-807.7725408000615,-1326.527176803217,-0.0,-0.0,-633.1735567770023,-0.0,-0.0,-0.0,-0.0,-621.3655813163733,-20.597604832365665,-1273.9877498172843,-1186.214934563157,-2216.5935422643315,-1148.9212508420562,-0.0,-570.3497459205023,-0.0,-1329.7910323174228,-1577.6895419023065,-1181.837732419557,-887.3682491241458,-0.0,-1911.1987025756484,-0.0,-0.0,-0.0,-3013.7481242785225,-1097.629615722068,-259.47803485660546,-846.2543983142207,-772.6406353409598,-795.9096263732391,-0.0,-0.0,-0.0,-38.544047692207975,-4515.012461411105,-634.0139146924912,-1840.2875775368993,-3358.6507022716783,-1989.265353864431,-394.95520350480695,-0.0,-1569.0397993004062,-684.9707395069097,-0.0,-313.1056226705361,-342.1472125432789,-35.26283158006927,-946.2293503179121,-232.68739304359067,1267.3520876747084,-394.50425539032403,-0.0,-0.0,-906.2744949772136,-773.2359497453506,-2280.0758506066463,-250.43231715515182,-0.0,-0.0,-486.0017284920474,-0.0,-0.0,-0.0,-0.0,-1180.1985231133667,-605.8055847162661,-1249.2169448983616,-421.9752842902873,-3.381261444907319,-645.257962685634,-0.0,-0.0,-0.0,-0.0,-2249.2386686842115,-0.0,-0.0,-0.0,-0.0,-0.0,-0.0,-683.0494154473529,-0.0,-2341.5175671840166,-476.00133837657233,-206.89903095161208,-1131.9155278234025,-0.0,-0.0,-1292.1171087451623,-1258.551588026558,-3.3604117983653814,-433.8116025098456,-51.21522900850097,-1710.0954142302119,-825.9725720387754,-0.0,-3506.965819968751,-1166.0273549128335,-0.0,-0.0,-13.266725645163174,-373.3180289320739,-1078.5545518248728,-0.0,-0.0,-21.614830256386778,-1337.5011739972695,-528.7628001602704,-298.6941783030764,-66.16850667096674,-1669.6485002649217,-0.0,-0.0,-0.0,-0.0,-0.0,-504.4081016485904,-439.6112422525227,-523.6371541872713,-3920.677178997212,-1487.279201673859,-1135.839511430522,-89.70497002155358,-989.4737746038076,-994.7709470427288,6.710921089210181,-0.0,-0.0,-0.0,-532.6052450944519,-403.30384674576993,-1604.9246730169234,-534.7731374877366,-0.0,-1466.2109866114204,-0.0,-627.3249139190841,-0.0,-0.0,-1803.149337977568,-487.20936915821585,-510.223581006287,-1317.1745809857655,-109.13916191636228,-10.88937322673661,-635.3310824349884,-1306.2880556693954,-0.0,-412.4776636660879,-1112.4485499566727,-3544.345527867408,-0.0,-261.4857061275245,-1893.566073569056,-1220.8219758714697,-1159.7530115299317,-452.8663145474312,-1068.07410799367,-0.0,-310.26620760141424,-0.0,-227.78246842313743,657.0252326177485,-0.0,-0.0,897.8271344936464,-0.0,-1995.7645964991211,-658.9184268545091,-985.2394074056217,-1059.4977257683054,-1362.7130038853102,-330.4523795999948,-131.10827453819442,-0.0,-0.0,-791.669726125316,-975.8763644477692,-706.3312855114756,-0.0,270.9970956372655,302.22576291037007,-208.69631347507286,-2480.4213971596814,-1898.8848095347128,-0.0,-0.0,-1281.903031209502,-3501.087581858917,-2371.0685354507355,-465.65192839097546,-956.1886909199229,-1004.4686147906829,-0.0,-193.88816596230257,-0.0,-559.2612639321558,-234.28054740611,-1486.317272144339,-2388.1305900477014,-288.44879327923275,-476.9828790815583,-4123.3768511541075,-1284.2730832693026,-510.8574289680153,-226.522798257509,-1374.3504420802471,-663.2770409459878,-3.599193668092817,-1415.5311788899785,-1422.636450686264,-0.0,-0.0,-638.4387467774726,-1164.9460654342447,-313.3492359062495,-3.465168176657614,-0.0,-0.0,-0.0,-0.0,-0.0,-33.860778308021615,-685.8192845956563,566.8951894668046,-404.09856091653705,-787.1502228588315,-469.23656613295276,-866.5731879828852,-1430.5933757131427,-1082.654743028774,-1501.6023074520022,-242.13497508895986,-540.057295682991,-1403.7411544903598,-642.863841019448,-0.0,2581.904900799917,-242.43295440367993,-66.42576246895966,-0.0,-910.4135320948225,-570.9647672498229,-1323.1932068854076,-1628.2349542344784,-2169.9458170516486,-0.0,-0.0,-0.0,-0.0,-985.1383535043972,-1446.69951692927,-0.0,-817.0017696403746,-7.184169203667638,-0.0,-0.0,-0.0,-2489.6795049009565,-784.9370145334085,-159.42853776202983,-47.18011283055819,-0.0,-0.0,-1130.711743767508,-1291.4568257700544,-714.2123654395581,465.4383138544462,28.252887236030144,-0.0,-19.792607402583275,-0.0,-1368.4337954509645,-473.43671609483687,-1237.0148685606414,-1488.4806446118384,-1546.7453243395662,-38.40314449337578,-0.0,-0.0,-1801.6896433965048,-322.9999411526773,-0.0,-0.0,-194.39692861174584,-0.0,-38.569430400481195,-0.0,-1273.008429036159,-725.5056274405922,-0.0,-66.67161693186162,594.5952682416608,-0.0,-179.93604656209914,-2244.01554887085,-0.0,-0.0,-669.357703792985,13.30155796715689,-0.0,-0.0,-708.0504469436848,-1289.7974959293213,-0.0,-765.1789827299378,-0.0,-1013.8819834446732,1534.2811420853786,22.860549648926042,-1528.8288195249218,-1666.1943203177086,991.1349382469738,-0.0,-2064.301782120263,-693.8140518230791,-864.8627473413561,-0.0,-566.4031103853176,-120.62227102632926,771.2646031135931,-379.5852604323878,-1358.7765409225976,-0.0,-0.0,-0.0,-808.2572340300641,-557.0404333304498,-696.4431347190555,-853.7697060718071,-1027.1293091116197,-25.21153748154085,-1006.7498353648566,-953.5138133968148,-1198.2700350742973,-0.0,-0.0,-448.0410935374897,673.9848838147168,-5930.895843311729,-0.0,-1121.1720610035247,-1728.8534763829891,-817.4335894506451,-728.4159674866693,-58.396203807941475,-2466.817965145964,-340.4878038757173,-0.0,-961.4598641213685,-768.1263069044543,-587.2006561173312,-0.0,-1342.2031196204198,-1763.328412366753,-26.139773013948393,-1037.7638561429337,-2407.6794414268916,409.56599959967104,-0.0,-385.05430243806876,-145.06763064839203,-1096.0821207716338,-912.5471222505989,97.56503635013561,-109.32801331056048,-768.8112396895581,-437.19910232293586,-494.87604161129417,-609.7062589963923,-493.708958421172,-0.0,-1237.9682452058769,-0.0,-1045.344873613896,-608.8777690519132,-140.72414363106157,-0.0,-1508.3007277510585,-4380.772915070532,-0.0,-396.0707221165857,-0.0,-2284.434552623648,-216.12210433556683,-0.0,-356.98573776531356,-389.38042234254107,-0.0,-1948.4399303713458,-1389.9738354890642,-0.0,-3828.6530417186245,-108.23762956586168,-1163.6487921954522,-1281.305770611062,-1578.4571923232263,-103.3380497946478,-0.0,-864.367793169927,-1926.5214195898614,-522.3390469492736,-906.1162915630628,-985.4572864590164,-1596.3953688295828,-2177.65762107556,-872.8006347168265,-1669.2163811923392,56.02859313687203,-0.0,-263.5932894319307,-1138.7379545605518,-968.6176871105305,-0.0,-0.0,-0.0,-379.44016707668885,-446.3391757685071,6.782322849438686,-527.0749920773309,-0.0,-1070.6290343301619,-667.5037477965018,-539.9351380024536,-0.0,-0.0,-261.87714829381633,-1426.826561414038,-904.71173544097,-280.15638246001436,-825.1925299609443,-30.44714758770077,-0.0,-0.0,-2814.794515036488,-1015.9992149484107,-0.0,-0.0,-0.0,-79.69054304574541,-957.2684491634252,-45.47034924279061,-1614.4231613554819,-1566.408522161025,103.48960830134656,-0.0,-525.386962395768,-0.0,608.7253940501931,-115.26122060477554,-0.0,-1455.1313324881992,-284.72705615409353,-1610.1288787983951,-0.0,-1373.9123528271516,-542.0955128812005,-178.99197904654255,-11.192773012653245,-32.55951341320237,-0.0,-0.0,-636.0064766202745,-1172.3105104728131,-0.0,-485.16928864355316,-0.0,-316.79689287852926,-475.7448955232785,-0.0,112.78332605375816,661.628799706159,628.6356301708482,766.4374842224076,675.6774549285894,714.4134547274268,-0.0,-0.0,-0.0,-0.0,-0.0,75.06717080629348,-0.0,-0.0,-500.11793354145595,-137.55775903783737,-439.74454082805,-79.13119476521958,-0.0,-836.4191675509501,-1433.554806537181,-1550.0730527057897,-215.23755230263117,-186.99322233816346,-0.0,-0.0,-576.8971572956858,-0.0,-0.0,-0.0,-0.0,-2653.171246923504,-0.0,-38.70338996297575,809.7358431277343,-0.0,-945.1465035822897,-497.9889491906066,1404.2708013974059,-785.2433096888676,-0.0,-2836.373878910563,-1844.3924582355119,-180.02855116972682,-760.0504956701359,-1188.7930134190422,-498.29684781712257,1058.8247081036889,-69.03005474748154,-520.1559841483735,-0.0,-0.0,-459.46003885884903,-0.0,-700.1915347002068,-0.0,-409.1554213970522,-33.20505870400932,-0.0,-0.0,-987.2473055096282,-0.0,-0.0,-464.7328112141365,-1131.9986874793278,-1649.4018071823848,-0.0,-0.0,-0.0,-1522.3397148238714,-0.0,-1009.2544095837691,19.97517152870027,-0.0,-0.0,-1046.3419469275825,-799.0184991087655,-1133.6315711702662,-335.22962481944836,-0.0,-1219.5803659919766,-246.51238341515753,-0.0,-0.0,3.4856611778005084,-33.568627247495975,-4076.928338818045,-0.0,-104.89584596894677,-27.733044036991323,379.2110862998682,-75.29377512843568,-875.0746404425545,-795.2522120720804,-395.3213942746839,-0.0,-0.0,-1578.9415551829736,-0.0,-0.0,-0.0,-0.0,-0.0,-0.0,-0.0,-148.27123973630458,-0.0,-0.0,-1758.674747175265,-6412.807114904933,-103.76178699015553,31.07801152922575,-395.8162263283959,-625.7989069298184,-99.73626435729643,-3881.23549038135,-237.7116459489298,-271.08372405952895,-0.0,-0.0,-0.0,-1786.3559493636199,-0.0,-34.3158912482713,-0.0,-0.0,-0.0,-428.88200878174064,-10.187527704510174,-243.67764859364834,-1309.8748865897655,-567.0251871779025,-65.24606025976536,-2276.3508337749813,-0.0,-75.89304491593504,-1931.218017235467,-0.0,-982.5550951963168,-66.90238559357894,-1376.4745501959733,-0.0,-0.0,-963.7393761008298,-533.4712592148228,-30.618019692708447,-763.6491069961302,-734.1777784123831,-626.5896366436425,-149.2527405889331,-617.0733211698566,-645.1504314581199,-1998.4827685020198,-904.9074720461584,-0.0,-1380.925241823799,-323.17271756715945,-606.7692229152149,-0.0,-0.0,-893.2714178029695,-2078.0852872849987,-742.5501124000351,-0.0,-0.0,-0.0,-3537.538590397826,-721.4488161342637,-173.68134774936857,-297.17568721217316,-37.70776035729147,-3270.545949585511,-0.0,-0.0,-2014.8060379941207,-757.4161926723124,-0.0,-0.0,-0.0,-74.2725441745233,-0.0,-1673.9145376250074,-1599.355192285888,-0.0,-296.37691300113465,215.0729277410921,-0.0,-0.0,-0.0,-894.0030569725858,21.089579106333346,-2149.2569449700372,-496.0764334920326,-1001.6787606614307,-604.7116084719522,-3168.636902924527,-1459.1551081517755,190.652094218485,-0.0,-2767.039048403898,-0.0,-0.0,-0.0,-1133.5149011181236,-669.1445860393725,-1376.6332881699825,-0.0,-0.0,-776.3198851312814,-1337.9049840663406,-604.8780982640376,-437.9619694483888,-0.0,-0.0,-1147.707461276166,-0.0,-0.0,-0.0,-0.0,-0.0,-0.0,-491.20323910647113,-66.93266650892004,-1179.7547535970884,-0.0,-609.4725350785187,-1073.5721222126042,-30.323975148449744,-0.0,-0.0,-0.0,-0.0,-0.0,-0.0,-0.0,-0.0,-0.0,-0.0,-1026.494388152011,-1761.054008140612,-0.0,289.9975696076009,-0.0,-597.6291471192261,-88.16538700902697,-0.0,-673.0497196689223,-390.5078003802184,-77.31973521510798,-1762.0588341680468,-443.80257617090274,-2547.4951472158878,-156.59304937707896,-1977.2276098765387,-1616.0365169113816,-795.1068911439753,-3.8834900190802495,-0.0,-994.9058195314165,-1943.0388236762685,-2192.84984761496,-68.39775100761537,-211.10753543149795,-1543.7540243674705,-0.0,-2350.8941684347033,-350.7901272650812,-0.0,-1511.8361031066875,-0.0,-717.59273847512,-0.0,-2212.2940062585117,-0.0,-0.0,-79.45999606715573,-933.2736622713533,-486.48835960718907,-0.0,-1243.1431190270998,69.12887032368691,327.68433585408326,309.9315274816415,-241.2693951047521,-1536.501134606817,-540.9363322550608,-0.0,-0.0,-4757.6292339478905,-997.1085168277426,-0.0,426.66508797853527,-0.0,-1723.789209219025,-458.09892301040236,-623.8295748348594,-0.0,-0.0,516.7839227721184,-0.0,-782.326988283673,-1104.7211158570121,-1666.6317464517429,-0.0,-540.7748583886706,-2773.5976740248784,-892.5370502063374,-0.0,-1260.65447076569,-118.53191041743972,-1047.7268436478134,-0.0,-845.6562759032546,-0.0,-0.0,-0.0,-791.4371469839725,-0.0,469.55554171584396,-0.0,-343.3015685838556,-670.5366616842122,-392.554635193958,-931.3701728493826,-560.8176963354147,-1626.6692881863585,-1083.5205447752433,-0.0,503.9556550567951,-2101.390558886841,-1433.0887313874493,-627.9807643262267,-0.0,-0.0,-0.0,-132.1063070741879,-977.1829677620347,-268.76926828882773,-752.1094888584931,-1866.0128000766838,-2580.6962429335963,126.78970204871985,720.3540142854517,621.6529776331718,-0.0,-0.0,105.35948006605298,-28.294617567184147,8414.55227449759,9874.786900251393,5120.766935309622,9531.755936103762,9288.351744089732,8532.988193686211,-0.0,-0.0,-0.0,-0.0,-0.0,-1288.957957111629,-1233.0703733968164,-832.10175154982,-0.0,-2134.2018944005517,-536.7718498097544,-933.387942390439,-29.242803934819264,-639.9458110852244,-1225.3974464402588,-962.8669194138914,-1072.016642576977,-0.0,-2647.4577412663402,-1643.619568633634,-596.1279265292746,-108.68599405605136,-2942.741656165642,-0.0,-199.83729883858894,-0.0,-10.099929895248026,-0.0,-101.2795835956177,-256.3132026526124,-972.8919487640662,-747.9342716549074,-0.0,-0.0,-0.0,-2119.1375988730115,-0.0,-0.0,-222.64098275726704,-899.6072894619846,-929.4379105568313,-76.97437790170723,-1145.8401224375057,-1575.8117463129045,-286.63094061900614,-0.0,-0.0,-101.82453396276513,-1094.2720333760203,-295.16598281685765,-0.0,-5055.281174216465,261.83260821940263,-0.0,-0.0,-0.0,-31.563125634593376,-393.09904930093876,-0.0,-0.0,-1087.5685655492528,-2052.9946915635473,-1150.7738682673953,-354.2922931054426,-402.2446159903952,-429.89046190362313,436.63417646871824,-1234.6766367800167,-0.0,-501.612618533386,-2378.3329702300775,-441.34634040100326,-7.786102961736633,-0.0,-4.806710695230763,-0.0,-0.0,-0.0,-1099.132464199294,-362.12508959604924,-1239.7930645868605,-0.0,-0.0,-0.0,-233.82074235657333,-467.2042143546816,-1302.8483170979923,-2557.3268395316654,-342.83461188508227,-176.4633966098711,-0.0,759.7632590838045,-0.0,-1052.6924992534423,-144.99898982439558,-0.0,-0.0,893.8804215916542,-0.0,-1427.8678564057718,-0.0,-0.0,-0.0,-180.51970087599537,-1819.1714807349915,-1507.5381923732834,-23.582308557748544,-2090.228127084061,-1400.417402131433,-23.93013641021167,-23.552955080500137,-66.31034579969054,-0.0,-0.0,-1850.5553859021034,-0.0,-5193.743584561191,-0.0,-1376.1055644103274,-238.0926503770587,132.65256137621714,-0.0,-51.0124601648206,-1210.0707088768202,-1365.7654439060393,-482.3295163554303,-32.6258696196385,-235.5547434902055,-0.0,-0.0,-0.0,-0.0,-1102.0902908419139,-792.4542581583178,-0.0,-520.9164849289126,-1137.5471197507147,-166.738366383811,-69.25130043351578,-0.0,-0.0,-0.0,859.5119639210442,-3.635882870771084,-0.0,-469.7781243137421,-775.0815058005271,-1283.9955987269598,-0.0,-0.0,-2169.241894046852,-0.0,-0.0,-0.0,-0.0,-599.5586417616224,907.8531904093134,964.0636709198014,1098.3020816210073,-0.0,-0.0,-0.0,-536.2792793075594,-0.0,-0.0,-331.07369316913446,-601.851443266609,-0.0,-168.23724814646073,-1241.2225487132084,-1182.3324228780439,-0.0,-0.0,-0.0,-9.960757333543805,-1324.154312373255,-3.332440640302412,396.11066817766493,-0.0,-1551.1057122884893,-797.0581189316331,-548.7821760624535,-1516.302053848525,79.8700553570166,-239.652702688392,-18.187104448462957,-401.2942445319656,-382.24585987124897,-980.4937012755631,-338.491099663854,763.1136369354005,-1169.8231081872207,-200.68047738928598,-150.2867503281309,-3590.8215662052926,-2189.730307419343,597.0485949136289,-890.6256388352119,-169.6838446460232,7.195046640485149,-670.8959048143988,-943.5802216351648,1659.0489234891222,-585.5950237467171,-617.4001675438052,-633.4709122177901,-0.0,-6195.080670190925,-0.0,-468.37096187411436,-834.3922871367712,-592.8991289924909,-832.2364711312632,-1120.4074008260727,-0.0,-873.4866620077227,-145.48089438600283,-74.92984985225196,-6446.201635780847,545.9047122641399,-153.46072734135004,-0.0,-538.8252624899281,-1163.7102489226575,-0.0,-0.0,-450.1551831136035,-1637.5692333854747,-65.99092403774561,-206.07252978114477,-242.49979354748373,-1101.9022187416163,-0.0,-0.0,48.81734457560628,-0.0,-0.0,-1596.9038095974768,-0.0,-1634.2107684150021,-874.2458410843286,-1168.761813816202,-0.0,-0.0,-474.0834598092098,-809.5614476812779,-117.12420606133463,-0.0,-422.15778130677324,-134.44569962208794,-468.66601869587305,-0.0,-192.60293202952315,-453.37871577247085,-2048.370428162299,-887.5652044593404,-1275.169195904752,-0.0,-0.0,-1298.6482030302477,-16.670984368652103,-0.0,-0.0,-1047.440190314219,-0.0,-0.0,-0.0,-0.0,-0.0,-0.0,-0.0,-0.0,-0.0,-0.0,-98.64188294447624,-0.0,-0.0,-0.0,-0.0,-0.0,-0.0,-0.0,-0.0,-0.0,-0.0,-0.0,-288.39063249487543,-0.0,-0.0,-0.0,-0.0,-0.0,-0.0,-0.0,-0.0,-0.0,-0.0,-0.0,-0.0,-0.0,-0.0,-0.0,-0.0,-0.0,-0.0,-0.0,-0.0,-0.0,-0.0,-0.0,-0.0,-0.0,-0.0,-0.0,-0.0,-451.29983841049693,-0.0,-0.0,-0.0,-0.0,-0.0,-0.0,-0.0,-0.0,-0.0,-0.0,-0.0,-0.0,-0.0,-0.0,-0.0,-0.0,-0.0,-0.0,-0.0,-0.0,-0.0,-0.0,-0.0,-0.0,-0.0,-0.0,-0.0,-0.0,-0.0,-0.0,-0.0,-0.0,-0.0,-0.0,-0.0,-0.0,-0.0,-0.0,-0.0,-0.0,-0.0,-0.0,-0.0,-1297.313090980037,-485.04692922274245,-1693.6300709260565,-0.0,-0.0,-0.0,-0.0,-0.0,-0.0,-0.0,-0.0,-0.0,-0.0,-0.0,-0.0,-0.0,-0.0,-0.0,-0.0,-0.0,-0.0,-0.0,-0.0,-0.0,-0.0,440.5197572779971,-0.0,-0.0,-0.0,-0.0,-0.0,-0.0,-0.0,-0.0,-0.0,-0.0,754.0207263950393,-0.0,-0.0,-0.0,-0.0,-0.0,-0.0,-218.88435271745885,-0.0,-0.0,-0.0,-0.0,-0.0,-0.0,-0.0,-0.0,-0.0,-0.0,-0.0,-0.0,-0.0,-0.0,-0.0,-0.0,-0.0,-0.0,-0.0,-0.0,-0.0,-0.0,-0.0,-0.0,-0.0,-0.0,-0.0,-921.4755985510263,-0.0,-0.0,-0.0,-0.0,-0.0,-0.0,-0.0,-0.0,-0.0,-0.0,-0.0,-0.0,-0.0,-0.0,-0.0,-0.0,-0.0,-0.0,-0.0,-0.0,-0.0,-0.0,-0.0,-0.0,-0.0,-0.0,-0.0,-0.0,-0.0,-0.0,-0.0,-0.0,-0.0,-0.0,-0.0,-0.0,-0.0,-0.0,-0.0,-0.0,-0.0,-0.0,-0.0,-0.0,-0.0,-0.0,-0.0,-0.0,-687.7138758616165,-0.0,-0.0,-0.0,-0.0,-0.0,-0.0,-0.0,-0.0,-0.0,-0.0,-0.0,-0.0,-0.0,-0.0,-390.889961282316,-0.0,-0.0,-210.38531303636526,-0.0,-0.0,-0.0,-0.0,-0.0,-0.0,292.8313686790215,-0.0,727.7092740213309,-0.0,-0.0,-0.0,-0.0,-0.0,-0.0,-0.0,-0.0,-0.0,-0.0,-0.0,-0.0,-0.0,-0.0,-0.0,-0.0,-0.0,-0.0,-0.0,-0.0,-0.0,-0.0,-0.0,-0.0,-0.0,-0.0,-0.0,-0.0,-0.0,-0.0,-0.0,-0.0,-119.24534947908333,-0.0,-0.0,-0.0,-0.0,-0.0,-0.0,-0.0,-0.0,-0.0,-0.0,-0.0,-0.0,-0.0,-0.0,-0.0,-0.0,-0.0,-0.0,-0.0,-0.0,-0.0,-0.0,-0.0,-0.0,-0.0,-765.6193027700522,-0.0,-0.0,-0.0,-0.0,-0.0,-0.0,-0.0,-0.0,-0.0,-0.0,-0.0,-0.0,-0.0,-0.0,-0.0,-0.0,-0.0,-0.0,-0.0,-0.0,-0.0,-0.0,-0.0,-0.0,-0.0,-0.0,-0.0,-0.0,-0.0,-0.0,-0.0,-0.0,-0.0,-0.0,-0.0,1107.8969478669198,-0.0,-285.7746305934973,-0.0,-0.0,-0.0,-0.0,-0.0,-0.0,-0.0,-0.0,-0.0,-0.0,-0.0,-0.0,-0.0,-0.0,-0.0,-0.0,-0.0,-0.0,-0.0,-0.0,-0.0,-0.0,-0.0,-0.0,-0.0,-0.0,-0.0,-0.0,-0.0,-0.0,186.61718705122883,-0.0,1820.5573486837118,-0.0,-0.0,-0.0,-0.0,-0.0,-0.0,-0.0,-0.0,-0.0,-0.0,-0.0,-0.0,-0.0,-0.0,-0.0,-0.0,-0.0,-0.0,-0.0,-0.0,-0.0,-0.0,-0.0,-0.0,-0.0,-0.0,-0.0,-0.0,-0.0,-0.0,-0.0,-0.0,-0.0,-0.0,-0.0,-0.0,-0.0,-0.0,-2152.4993632969995,-1279.704314590103,-0.0,-0.0,-0.0,-0.0,-0.0,-0.0,-0.0,-0.0,-0.0,-0.0,-0.0,-0.0,-0.0,-0.0,-0.0,-0.0,-0.0,-0.0,-0.0,-0.0,-0.0,-0.0,-0.0,-0.0,-0.0,-0.0,-0.0,-0.0,-0.0,-0.0,-0.0,-0.0,38.10871598301055,-0.0,-0.0,-0.0,-0.0,-0.0,-0.0,-0.0,-0.0,-0.0,-0.0,-0.0,-0.0,-0.0,-0.0,-0.0,-0.0,-0.0,-0.0,630.7207544982374,-0.0,-0.0,-0.0,-0.0,-0.0,-0.0,-0.0,-0.0,-399.84561175379,-0.0,-0.0,-0.0,-0.0,-0.0,-0.0,-0.0,-675.2413370119883,-0.0,-0.0,-0.0,-0.0,-0.0,-0.0,-0.0,1975.2788778038303,-0.0,-0.0,-0.0,-0.0,-0.0,-0.0,-0.0,-0.0,-0.0,-0.0,-0.0,-732.9700492424053,-0.0,-0.0,-0.0,-0.0,-0.0,-0.0,-0.0,-0.0,-0.0,-0.0,-0.0,-0.0,-0.0,-0.0,-0.0,-0.0,-0.0,-0.0,-0.0,-0.0,-0.0,-0.0,-0.0,-0.0,-0.0,-0.0,-0.0,-0.0,-0.0,-0.0,-0.0,83.57879307991901,-0.0,-0.0,-0.0,-0.0,-0.0,-0.0,-0.0,-0.0,529.652030116819,-0.0,-0.0,-0.0,-0.0,-0.0,-0.0,-0.0,-328.13603665499966,-0.0,-0.0,-0.0,-0.0,-0.0,-0.0,-0.0,-0.0,-0.0,-70.06930788347528,-0.0,-0.0,-0.0,-0.0,-0.0,-0.0,-0.0,-0.0,-0.0,-0.0,-0.0,-0.0,-0.0,-0.0,-0.0,-0.0,-0.0,-0.0,-0.0,-0.0,-0.0,-0.0,-0.0,-0.0,-0.0,-0.0,-0.0,-1622.880709268867,-0.0,-0.0,-0.0,-0.0,-0.0,-65.95169376580604,-0.0,-0.0,-0.0,-0.0,-0.0,-0.0,-0.0,-0.0,-0.0,-0.0,-0.0,-0.0,-0.0,-0.0,-0.0,-0.0,-0.0,-0.0,-0.0,-0.0,-0.0,-0.0,-0.0,-0.0,-0.0,-0.0,-0.0,-0.0,-0.0,-0.0,-0.0,-0.0,-0.0,-0.0,-0.0,-0.0,-0.0,-0.0,-0.0,-0.0,-0.0,-0.0,-0.0,-0.0,-0.0,-0.0,-0.0,-0.0,-0.0,-0.0,-0.0,-0.0,-0.0,-0.0,-0.0,-0.0,-0.0,-0.0,-0.0,-0.0,-0.0,-0.0,-0.0,-0.0,-0.0,-0.0,-0.0,-0.0,-0.0,-0.0,-0.0,-0.0,-0.0,-0.0,-0.0,-1209.0010882974848,-0.0,-0.0,-0.0,-0.0,-0.0,-0.0,-0.0,-0.0,-0.0,-1704.0150605581246,-0.0,-0.0,-0.0,-0.0,-0.0,-0.0,-0.0,-0.0,-0.0,-155.66370201533786,-0.0,-0.0,-0.0,-0.0,-0.0,-0.0,-0.0,-0.0,-0.0,-0.0,-0.0,-0.0,-0.0,-0.0,-0.0,-0.0,-0.0,-0.0,-0.0,-0.0,-0.0,-0.0,-0.0,-0.0,-0.0,344.0851629587573,-0.0,-0.0,-0.0,-0.0,-137.5698032188072,-0.0,-0.0,-0.0,-0.0,-0.0,-0.0,-0.0,-0.0,-0.0,-0.0,-0.0,-0.0,-0.0,-0.0,-0.0,-0.0,-0.0,-0.0,-0.0,-0.0,-0.0,-0.0,-0.0,-0.0,-0.0,-0.0,-0.0,-0.0,-0.0,-0.0,-0.0,-0.0,-0.0,-0.0,-0.0,-0.0,-0.0,-0.0,-0.0,-0.0,-0.0,-0.0,-0.0,-0.0,-0.0,-0.0,-0.0,-0.0,-0.0,-0.0,-0.0,-0.0,-0.0,-0.0,-0.0,-0.0,-0.0,-0.0,-0.0,-0.0,-0.0,-0.0,-0.0,-0.0,-0.0,-0.0,-0.0,-0.0,-0.0,-0.0,-0.0,-0.0,-0.0,-0.0,-0.0,-0.0,-0.0,-0.0,-0.0,-0.0,-0.0,-0.0,-0.0,-0.0,-0.0,-0.0,-0.0,-0.0,-0.0,-0.0,-0.0,-0.0,-0.0,-0.0,-0.0,-0.0,-0.0,-0.0,-0.0,-0.0,-0.0,-0.0,-0.0,-0.0,-0.0,-0.0,-0.0,-0.0,-0.0,-0.0,-0.0,-0.0,-0.0,-0.0,-0.0,-0.0,-0.0,-0.0,-0.0,-0.0,-0.0,-0.0,-0.0,-0.0,-0.0,-0.0,-0.0,-0.0,-0.0,-0.0,-0.0,-0.0,-0.0,-0.0,-0.0,-0.0,-0.0,-0.0,-0.0,-0.0,-4852.126505976153,-47.18269080553965,27839.09878339301,-3125.107091143945,-3472.834201857923,75443.80339065226,-0.0,-5763.050979014043,745.3577110301837,1592.7407338292624,-22935.47244962829,-0.0,-4443.199728752789,-0.0,-0.0,30342.128687420558,-11215.999005701013,3472.7685210433824,5658.3843663232865,-4081.3010092629856,-21928.029571035404,-8359.087164489192,51.13812386849185,-89.60932781298249,-6210.283776117003,-0.0,-11639.987530185392,-17788.72247349553,13935.799800974886,-509.1844771426293,7.28143219564446,41105.11660889665,-2810.33728057144,-97194.67552521042,-2761.335665491262,-19752.65489564648,-15134.850179961955,-5739.840510974886,-5155.116488832207,-13182.101878015987,10553.432551517835,-2124.660333145397,-3765.9825789869874,-3287.504691150658,-11298.291798387212,6449.648492401925,35282.94370755422,-768.7031141982154,55.75301143656865,18423.227234950948,5038.298540180929,-488.113473906979,13748.171382567469,7160.810525809441,-5011.171531590672,-7043.751379839984,-3569.366564840049,367.9971008177981,-0.0,-0.0,-247.22370557550843,-7483.107647477145,-3026.7336919232766,-2774.0384340113555,-1386.3586954352645,-4235.744481039574,8657.15315061175,3878.233834287223,-7561.413834489877,18445.61907780696,-18773.664046038128,-29852.338009880892,68695.7657537475,-19178.871544768775,-7847.1003049454475,-2015.6582447951957,-3227.3738761298778,-5067.142358929874,-4966.4735503142065,-32149.47683849856,-0.0,-11774.716331274998,-0.0,2640.5221070302523,-0.0,-0.0,-12213.428608646107,-1237.8832827074816,-0.0,-0.0,3489.1604952790954,-0.0,-0.0,-0.0,-6488.534918720984,-4019.802963843147,-6675.78088237457,-7764.032625656647,7846.706999936521,-0.0,-26054.76270326793,37028.390296938145,-0.0,-0.0,-16633.229284659123,-9880.1065225843,158.29455416718793,45.39098380922834,-0.0,51514.96039672005,-0.0,-0.0,-0.0,-0.0,47076.73386823949,-926.326903260735,-0.0,-8932.950567060594,-0.0,-5762.038251200488,-1185.087024003563,-3064.6741167363216,-14927.769585115677,10834.538788739024,-1281.4150227358386,-7898.911718110582,-0.0,-0.0,-4257.553926896129,-5923.8430336098645,-9792.28974020483,48874.71410805789,-0.0,-172.75864603438822,11314.774513901139,3367.2661703244667,-1689.0046066684868,696.1869723763579,4614.03756147416,-3102.5844168051435,-82.07739883551791,-16448.863654759163,413.3258977296852,12589.531549731893,-659.668226281589,11108.834212840313,46430.241253018015,2471.7175242502713,-63.31844562382589,8136.4888051616,-1694.1746176491004,-7119.1110451229115,-8220.779909026935,-15099.85511373351,-0.0,5885.04858349657,15170.954269732867,23233.092082529038,-9552.823358990307,6450.317396034348,8234.66448012677,-8251.21920677486,15455.320341134951,-13583.02775584433,-0.0,4176.226241767436,-11006.04753332164,-16820.104068967485,-7041.079119252536,20743.825163435766,2974.357658959546,-0.0,-5083.584435815304,-0.0,-2490.5623449171867,87.22753557433055,-3556.274377520771,-0.0,185.48066054654453,-257.7214865874573,-19517.61808171113,-12304.753597899035,21143.893180211307,-7209.813047045892,3363.8961490059087,5808.779422306185,-6720.46140121505,-4734.733364020596,-10686.426013640956,-0.0,-1905.218478515068,-1531.5200024313617,-0.0,992.3159909826987,-369.7079226758632,-0.0,-0.0,-12377.211068671239,-2744.1446006596348,2739.6547015584674,-4039.9728371060646,-0.0,-0.0,-0.0,54114.480742345055,20559.28620334611,-0.0,111.77472044389269,11318.947902880207,-0.0,-3901.272950461446,-2333.3541497931733,-0.0,-3759.6623943763275,-7149.277500042457,93839.26357636288,-10534.279010607122,-7300.155621244158,-27816.347452107108,-0.0,1332.2191554883557,2900.602655804419,-8997.069567479266,27396.918007322616,-6470.6322413350845,-33405.54242628871,-12141.466729669804,-8348.369276098923,-0.0,1249.0283684904496,-4195.210865781338,20593.771688951652,-145.69196812114137,-370.9323241551004,-9842.810677540067,-8351.024721710586,25663.580563010917,-0.0,-1915.1899548822062,735.6060135064199,-0.0,-0.0,-0.0,-0.0,-0.0,-0.0,-0.0,-0.0,-0.0,-0.0,-0.0,-0.0,-0.0,-0.0,-1727.8649738778304,-0.0,-0.0,3053.32218861325,-12537.761461977156,-573.2940198832416,-8299.530920925035,21186.105545995637,7990.471079431381,-3615.7163853866364,3086.4713650464937,34593.43985054872,-0.0,-0.0,-4060.4285475243178,2545.6905608726815,-6159.670657636031,-8445.43106025027,-0.0,-34.48489847830984,8087.359151029473,-4559.540864639166,-2380.062133800043,3140.2725763957133,-22872.265140085605,26850.45661253711,-5560.739584103501,-998.6225517756714,13164.92033440973,-0.0,-0.0,-0.0,-0.0,-0.0,-0.0,785.0672126989676,42263.85917134786,-8129.241571900552,-9935.68367449429,-7686.888139620369,-0.0,-8352.055160538359,-11940.456233333909,-0.0,-0.0,-0.0,387.96889172934414,383.9685054739942,657.4559313240568,2337.142263707276,-0.0,3223.577444708762,760.0177673440598,745.135925233018,661.2195925842352,670.7189375526282,2552.0363846745354,1635.9039515133163,2640.359208111476,2036.9327719542837,2411.204273013838,2870.1941764115772,30948.37899817055,33790.9267339457,33363.76623952364,30631.389351071495,7979.889450182676,7715.412747982634,7854.788538109781,8471.56141285248,4924.965603795047,1837.702013571253,1822.844506105468,2045.5578977404728,2089.6701620383496,1984.9688572051991,4779.733916585425,3784.5385207846357,1111.8948914158855,1344.5352352491254,574.3619740460246,327.88345402853474,486.6890577781576,35934.95997010188,31205.90684281124,34594.18799473227,30431.33841878038,46238.205783584744,49742.21898513437,1167.0834117788077,1027.4734940433907,1069.6229565669885,1127.0293302654852,988.3836341368585,994.8840933067138,498.439715712008,48802.513060999205,46708.74166702798,42321.6746251622,2266.0226010328292,2589.0455240615033,2601.4613065987905,-0.0,6952.469145357158,7722.693628311304,35523.85626644022,31058.283904368684,32770.189614488285,54402.67323334769,55005.91840751941,54830.21486147502,55402.66118064349,2196.049671464429,2235.830292305073,4401.007551732159,-0.0,18366.454625937626,18307.813897973272,-0.0,1316.935069406753,1375.5457545164504,1421.3978138904042,1481.8578697004457,1339.5790740432876,1285.5413959005095,30252.106391010802,35792.764316164634,36148.84551041745,33832.30065121443,1023.3962293998309,969.4980815367485,-0.0,-0.0,15284.167974097703,28786.673455731812,32770.35374292598,29889.541134555704,32473.089886746664,-0.0,49717.15319764464,44455.24897422528,855.2254444014708,1817.2522781739044,1729.2874441166357,1855.0897596546606,1943.2859401483306,2183.859622556796,42853.052769381255,47438.89569701107,-0.0,-0.0,15587.976707201227,931.1676918928874,32663.683522149786,34744.231437303686,34150.09942621501,32640.55933042511,30648.56831211529,31412.638220410172,-0.0,14824.005545892385,9436.68650246809,-0.0,-0.0,1312.5493833081296,1267.8182040613433,666.4151060878467,711.5988214501476,417.68301036190473,386.2783886157729,-0.0,1031.6896340763356,1020.9038947166438,904.7911149258158,1051.2216151194584,-0.0,1546.233210911523,1540.086163625447,1611.5012018608827,1953.9877182040723,1933.1548995181065,1980.7781192301204,797.7581412636697,724.8155003431253,787.9624731167661,1236.9492289620607,952.8650055991072,892.1825953982546,813.6969713630726,922.8816700684561,7288.765142361184,6682.745287266046,218.7945724882816,225.56811309555926,3294.0662345813125,14822.540401254155,1255.4042730111976,1290.260083421142,-0.0,-0.0,6641.45713628721,6757.6354910616765,7461.226445001831,6848.344595838111,1734.6334879317253,1743.47441007828,32038.705936202907,32183.19624640017,7273.308640116586,7087.35873113886,-0.0,49376.47417696632,1773.7748553853396,1873.5771874759077,1020.2264122249644,43275.39489780672,43082.14849575099,48258.66497981891,47509.113957011214,169.86986451413435,52373.26154089115,45768.13681939504,-0.0,-0.0,21442.216066208788,-0.0,1061.4349570562974,976.7043161489926,1054.4882970848764,2207.046881792463,7897.640779261063,15047.862020138973,1485.8116765829643,1638.1344154135181,21.575595320172795,632.0364585420454,602.5143101770926,15159.288111884218,1413.1985532100728,-0.0,-0.0,-0.0,963.1864404892684,-0.0,1060.5432940940195,-0.0,5206.49053187427,5459.123326502784,4820.414565477508,5058.269715881807,803.0436720946834,-0.0,747.3045816885632,-0.0,-0.0,849.2581754639936,980.4608121513761,813.7395764371946,732.2906595800185,762.7925583386962,750.1775689400594,1681.6263003614297,1627.4567084815517,1462.1704787051324,-0.0,2643.3682762143476,2445.061164015731,2534.713241231231,2754.722972559862,4160.738559918224,47480.89213714111,43764.19961716509,10465.507897968957,19679.90420995968,15009.083305424245,14862.618736489372,1492.677696601382,1517.3532894754485,750.9059421232332,787.4002525422682,1962.8214962560478,-0.0,33589.057712080954,30175.81694887225,1093.5418522226632,997.3682829391597,945.0436297318299,4729.298352798546,2606.4471981553093,2874.9489626841214,31176.16866981737,30197.91027047435,32374.36780354703,34436.96198036399,-0.0,-0.0,-0.0,2335.176907831987,2198.2735068747243,2091.499661472069,9106.316095700653,6914.265159523281,5700.603660919995,1981.6365046898095,2133.283573683265
7,-0.0,-0.0,-611.8368059687459,-2010.414508884438,-482.8367747066732,-551.0154415513795,-89.72246221475389,-621.3450328822303,-614.348832217718,-0.0,-1192.395273993678,-0.0,-0.0,-2582.2610940810996,-0.0,-586.6525997269621,-465.65111759390123,-0.0,-40.130819979185574,-231.752802740219,-294.0260959465354,-750.1557954937199,-790.8053784274174,-653.0006179758852,-2114.248697567826,-614.1962416348157,-0.0,-38.59231936817972,-2740.2827355008553,-1541.5290827968322,-0.0,-0.0,-0.0,-0.0,-0.0,-0.0,96.50414238988989,-193.18186740377837,-1805.4522802723986,-1510.143859492186,-0.0,-0.0,-121.09752362960006,-564.1868286788621,-135.55852696670863,-0.0,643.2617653471337,-1450.3363532498724,-385.1764947807787,-0.0,-0.0,-247.33114278858417,-0.0,-11.30918376930465,-1847.5563048709685,-2697.672037909291,178.6657429661084,-5552.807009689382,-198.3970541142548,-0.0,-1651.7375811403288,-0.0,-711.101322387411,-2509.482862818239,-481.038196663492,-477.43766716851184,-39.413837130660056,-1898.067719706363,-854.528578444091,-412.68142954436473,-2967.312661981221,-0.0,-0.0,-2402.2763367125435,-1049.0661869918163,-230.37267726988688,-1546.1709140917699,-0.0,-0.0,-1164.3274024922368,-1346.3058004740208,-407.00611082700107,-3376.3096544585974,3.715208208010415,-27.034349715665073,-1725.1457520379026,-0.0,-602.819616467014,-1027.0753894274117,-8.508609287455405,-0.0,-1213.0647026031656,-82.7414615848796,-699.8170309096854,-2206.0902317123996,-36.088309183412676,-2329.5491118611594,-369.4557003406664,-1538.1348934731707,-2611.090051525662,-657.0860601396784,732.5681531394988,-478.0164502880468,-0.0,-1347.1322636765203,-2331.3176070434843,-4135.966905965477,-494.99752685840537,-2653.4877105139485,-0.0,-1529.1206759608158,-0.0,-0.0,-572.5128586958118,-0.0,-0.0,-593.55391524444,-71.71180848384485,-1436.3381250852146,-933.206768242773,-800.5554990314305,229.87636085600803,-484.70357204249876,-326.8260980071163,-186.14075442323727,-7.831076372905409,-616.8107421531749,-502.33777765804166,-739.1626659459757,-0.0,-4649.128613467827,119.79064352215441,-111.02059368413296,-3894.662565189175,-0.0,-959.6066500927172,-61.14606112225923,-0.0,-305.745203576164,-0.0,-0.0,-875.8945754203119,-0.0,-595.9993863648303,-962.7455443033006,-0.0,-1272.7382888466338,-244.84522941533177,-694.5455548211652,-1852.3897388406979,-0.0,-1681.112859383388,-1026.053502730868,-0.0,-0.0,-0.0,-0.0,659.2635284493728,-0.0,-1721.9612135225825,-1831.9361703402951,12.873166954166901,-0.0,-0.0,-700.6388122401618,-485.49836577771526,-737.8104559119696,-0.0,-408.0867477912678,-3034.1202093098514,-1092.3411946470442,-0.0,-1006.4207581320467,-2362.8723943709447,-0.0,-0.0,-0.0,-0.0,-0.0,-0.0,-534.0758376783593,-676.7197819042731,-195.1339071739494,-198.24123515771322,-1166.127940393081,-50.149575407932616,-0.0,-0.0,-657.369134576714,-0.0,-628.0972193875331,-29.339808131172024,-3.8449791254013386,5.109565648349069,-0.0,-0.0,-1015.2660607006288,-476.49549046322505,-447.1787522780031,-0.0,-2891.9711891462425,-1841.4650263970466,-1180.0004746784962,-0.0,-0.0,-1949.8758187997437,-1411.383538624047,-681.1161802213134,-88.69044683668587,-1632.3861963287031,-1261.735839919962,-0.0,-0.0,-1669.48645621018,-0.0,-765.7545188232529,-1163.4978896627824,-119.00552543937886,-426.07553349191085,-600.7112910299184,-536.6994365178077,-0.0,-1608.1920784795507,-0.0,-2702.4931921038537,-3109.666204761659,-192.05991120260603,-403.2536743705521,-509.98125930894895,-0.0,-300.64833630558627,-254.8193721163054,-0.0,-874.7271592279842,-666.5769243470592,-1035.451936170117,-1841.5475436478603,-1012.6710499075094,-2107.6246109576796,-1846.0622739703308,-1996.378092665641,-2073.2530909848033,-1144.7627145838717,-2236.3230015811187,-523.0796511897968,-518.8326432233832,-0.0,-1224.3456304034646,-1018.5307823408623,-1175.1052809730124,-373.1610396777467,-374.67080567575,-1928.638824115114,-768.7025938286703,-370.52386216175694,695.163464034289,-0.0,1034.4737046834618,-1220.9460574623413,-0.0,-0.0,-0.0,-0.0,-0.0,-0.0,-1262.503592944641,-2360.593701313175,-481.12669793272084,-994.5581880580999,-0.0,-0.0,-1635.7708178366138,-1081.3406432471086,-2126.1722529005024,-0.0,-0.0,-137.01799686489738,-60.11715493678158,-426.79815556168273,-1573.0424573949101,-486.4593060794156,-0.0,-465.37379943934076,-711.8562553704603,60.606296865670686,-1221.3221941234779,-1477.801009514749,-1301.5467761419268,-1740.902389406228,-269.1902917524408,-666.8381524399938,-42.24283853707153,-1787.8159507608286,-0.0,-878.1397526075225,-158.41711420206326,-73.70372151031133,-558.9460420665433,-0.0,-1924.5492524620024,-119.9868053963807,-604.4532445811095,-1745.867787823579,-1291.3657083755402,-0.0,-603.5584967774142,-832.3443492302713,-23.993452604937904,-290.9095615730561,-470.0585333130279,-49.710644225663096,673.1070435722143,-1158.241235068844,-0.0,-919.5885854238543,-1302.414092884645,-0.0,-486.43635781315373,-0.0,-1303.4818314930683,-0.0,-0.0,-0.0,-1214.4817988440816,-678.1924299893271,-424.35508159823195,-0.0,-1653.8861356928269,-3005.0142613840258,-3137.575532206465,-0.0,-363.4825337921275,-0.0,-293.58497422558264,-118.18807748366022,231.09206950949547,-531.350158510129,-0.0,-679.0157056191675,-936.6523421626772,-306.42461420730143,-579.1278412513459,-0.0,-452.4616340546388,-840.4110964109461,-507.1859058439057,25.70850807805668,-2298.418605008114,-0.0,-0.0,-1508.6949444462794,-220.76944113042683,-1229.4588044646246,-91.65982418995033,-124.1409633812285,-236.37713389485035,-579.9229608086903,-916.8294546381677,-1330.1274133407078,-2291.1699335121425,-0.0,-0.0,-370.1143751498408,4916.37484277872,4.265582620546079,-0.0,-0.0,-0.0,-0.0,-2495.2356506890205,-442.73833084637783,-0.0,-930.9330617624662,-957.5962038136223,-636.0636405522632,-2202.955206176391,-237.3518316118741,-1170.6232993734184,-0.0,-0.0,-1986.0295365437892,-710.2705822103668,-1875.279379666275,-759.2042252196321,-741.4073023278594,-1873.065691641784,-194.97947315817288,-1802.149117864375,-1174.5479337564238,-29.050046641657968,-910.1497313585783,-1165.0904355170264,-213.20902039844728,-250.14792157157015,-1769.8965718674433,-0.0,-527.897857675038,-242.66590353769408,-30.058563737468482,-793.7430259374727,-186.44997639221668,-817.7355566503512,-865.2274638173977,-1202.1615170363925,-214.5739133921842,-2450.507849946678,-62.02065313392835,-502.72758500012077,-0.0,-880.528771282274,-630.0730814060533,-1015.9025138527724,-1150.438690055325,14.393810019700213,-369.66702895352535,-2792.3264049197364,-781.4305512431723,-362.3836807361333,-1142.1887551349007,165.28996545951787,-0.0,-0.0,-0.0,-0.0,-0.0,-0.0,-12.256116443388136,-157.4642641579535,-2465.6981554131958,-4427.78156359992,-558.3626585207303,-1087.3308845512172,-139.61613833148172,-569.7982740644961,-1430.2183869645755,-1117.234090895498,-39.7912253921556,-464.18281253496275,-540.328705461728,-0.0,-100.97479789837303,-1181.827602334125,-529.9325684771874,-0.0,-1017.7294885614816,-0.0,740.763527458888,-0.0,-0.0,-0.0,-41.805808448332066,-0.0,-0.0,-1003.8571788306036,-412.93756663821756,-1225.4391389278267,-0.0,-0.0,-0.0,-803.0950530741467,-511.36688298004213,-1324.6030533179853,33.45161986039946,261.005936802522,-0.0,-0.0,-3004.436576912185,-1204.0640922903217,23.669221445480883,-49.88647170697726,12.4512592105147,-20060.053893960783,-20847.680830653288,-2484.0963289678434,-0.0,-0.0,-0.0,-0.0,-431.23957888742916,-0.0,-0.0,-570.7507134279712,-2393.6700061020324,-2034.7308690604543,-1475.9316847880095,-329.01244528435274,-1727.1840229149486,-28.31578001960184,-1247.1211111416753,1004.6962594885905,-7.586795287020648,-1016.860294984797,3.7212964675526092,-0.0,-0.0,-0.0,-0.0,-163.2031745308747,-0.0,-0.0,-0.0,-912.9077624386348,-1444.6183766596826,-0.0,-0.0,-248.49543580333997,-2190.2579438733014,-0.0,-1482.0870452292431,-1689.2585531290458,-1877.8861525237612,-0.0,-0.0,-109.0707170706619,-80.92141532897571,-1133.999940050851,-1519.8195353908866,-571.4090022933428,-1243.0457233496893,-1169.888377470926,-0.0,-0.0,-0.0,-0.0,-425.93146080893246,-227.301660526176,-0.0,-0.0,-101.3265509339383,210.43155129170793,-0.0,-1135.776640708265,-1044.3287123709376,-994.5567000163746,-0.0,-0.0,-709.0549038053882,-1272.6239901542456,-707.7221934520788,-428.8411840768457,-0.0,-2296.8337119109447,-2146.110010758174,-0.0,-0.0,-0.0,-0.0,-0.0,-1347.0197666826878,-0.0,-1939.1525498726314,-1345.7523245858215,-72.27664767389345,-0.0,-0.0,-0.0,-2601.937667618499,-1459.6727345806169,-624.3424325818428,-481.47198487536076,-1057.4428856948691,-747.2720270905679,-0.0,-0.0,-686.0047160108339,-1451.1773757650426,-73.59911985934474,-458.7198531716534,-0.0,-809.5016152988904,-649.1619614233617,-1521.6566932451694,-0.0,-307.425636635441,-123.49824862890641,-319.29518031859607,-1543.1971480343504,-317.11659131181324,-0.0,-0.0,-0.0,-0.0,117.9744442175117,-167.48221652538737,-821.9997959755351,-1298.4617885652378,-1166.57499894399,-488.33738691275227,-581.6607963294664,-5551.789585050628,-956.6117082194593,-631.1485987372381,-0.0,-0.0,-0.0,-264.58055432766963,-354.7198448189745,-1275.141590380081,-326.85854051539843,-0.0,31.051031911234535,-0.0,-0.0,-0.0,-0.0,-0.0,-0.0,-0.0,-95.18924150954507,1422.6731744944732,-0.0,-1544.529283626548,-664.0888696836895,-431.8350315958261,-1566.5008942669933,-0.0,-0.0,-585.0730121935907,-702.8854371572609,-134.15154884384188,-121.15810229426499,-134.96590123009133,-543.3071197324088,-144.77754977461353,-2049.9045953053333,-384.5447604372889,-418.78706516521146,-0.0,-0.0,-1421.05408669131,-2798.834105869002,28.17447397969465,-525.0406706258675,-334.88856224534067,-879.203712227659,-1112.4936224104197,-798.6309763275556,-293.79768951124504,-150.93964094111053,-1443.352667652093,-0.0,-0.0,-0.0,-0.0,-0.0,7177.166597504842,-85.28198294002019,-546.7338449651186,-608.8474472784906,-1056.6935423206808,-1323.8880106808601,-1270.8113979642346,-1693.8619519271676,-2184.4999345522115,-462.74041384291394,-0.0,-0.0,-1554.2358253756856,-0.0,-0.0,-269.0394948600455,-1767.3946819779553,-1355.171175758761,-488.08249691014606,-65.02520452490687,-1845.6299218852917,-0.0,-1401.2440476086028,-0.0,-0.0,-0.0,-0.0,-0.0,-0.0,-556.5285678033931,-1262.984524457299,-1020.4302842328404,-97.64955474429784,-252.4735827797199,-590.4461272454457,54.01102497104849,-0.0,-0.0,-562.6989389108892,-596.1446606672976,-3800.4254479458655,-0.0,-1479.7873544042538,252.57853756673703,127.55272896506989,-0.0,116.06448895412254,-179.457843691904,-158.8083300218278,-482.234491117732,-0.0,-1888.6981502212218,-0.0,-0.0,-1136.3588853355234,-0.0,2384.692926121116,2273.141952121545,2253.9022791717944,-0.0,-0.0,-1815.938783879919,-0.0,-0.0,-361.0770725620766,-953.9222132944361,-795.6469453198387,-1034.295419808698,-1225.5411438159188,-0.0,-0.0,-0.0,-0.0,-611.526270513221,7.528276909477244,-58.42380075386801,-1234.6902707527142,-1023.1898313648354,-408.27808572204844,-1467.2516556303497,-0.0,-2094.2449653381295,-1268.950364468714,-1451.5667414369761,-407.0505266753878,-381.74822610219564,-0.0,-1205.422399947514,-779.2905652481852,-972.277568351406,-1902.8242128746151,-554.795257206558,1009.3836712834578,471.9188334389695,-354.4151420602146,-1125.8776356289327,-0.0,-1679.9312986993232,-3105.0201910826445,-482.12692713573637,-462.9614825241215,-0.0,-0.0,-0.0,196.40319285984603,-357.8690104564766,-458.266377742972,-151.04263701750187,-522.7151110570729,-530.1704360750067,-0.0,-409.89147161359205,-898.8145453636877,-694.5876448955828,-0.0,-2103.196126252812,-4827.354783318736,-0.0,-0.0,682.4540386987469,588.4576057554436,-0.0,-0.0,-677.9253928495242,-840.8705254401774,-331.8398258200044,-681.787211516618,-0.0,-0.0,-0.0,-0.0,-0.0,-2580.5958836181585,-395.73021112152475,-1761.528447631778,-1017.3547204912951,-0.0,-377.4184752061193,-459.32928333072226,-0.0,-230.56812690101157,-816.2653893395669,-1140.4489421067653,-4364.769673706629,-77.09828666849681,-0.0,-0.0,344.17998878092817,895.3055931143714,-0.0,-0.0,-381.0655526980399,-0.0,-0.0,-0.0,-2511.9785459557615,-0.0,-544.9914525205419,-0.0,-0.0,1777.3013721017232,2039.5839489096736,1810.8689011128042,-0.0,-0.0,-408.2119480264342,820.8240571018554,-2239.0094822714423,25.176893114401015,80.49382930561504,-2568.1631284656014,-102.50276362395257,-179.34336985856228,-583.0751248025072,870.3750502297211,3687.0740954446906,-3058.52070411741,-0.0,-0.0,-1008.0952522359522,-1681.5285982593407,-1201.2287395249305,-266.6828436105317,-44.39314200198943,-0.0,-0.0,-0.0,-0.0,-1991.899638385959,308.7223027068,-0.0,-3.935212938814481,-0.0,-1498.7065824600602,-1917.413736330347,183.70877616539283,-0.0,-0.0,-369.91367246785234,-0.0,-1832.5241745323635,-87.67440383382275,-992.052578292522,-408.04923629310883,-1206.3773215447493,-751.2630975907261,-1154.2993415583703,-612.7507231867636,-0.0,-0.0,-0.0,-121.15461640785834,-0.0,-0.0,-258.7196768769882,-436.1760086358355,-720.5570408300254,-0.0,-1662.5178905623316,-1046.186322751817,-891.3067607728423,-8.091629423470536,-7.148219928739129,306.60157559264167,36.63320206294574,-0.0,-0.0,-12.150870100195087,-1670.3141969305934,-674.8369434149243,-835.2750917098414,104.90945045591904,-2125.708503152833,-1930.0298335238974,-988.4082148451062,-955.8311717001781,-39.65363251478174,-549.5584582186942,-718.9835221242282,-1286.811335778344,-2045.6115083497184,-0.0,-1809.680349650957,-149.28263597234627,-0.0,-2466.727009154835,-2728.507253713758,-2169.9595133517214,1720.40327727768,-0.0,-1524.9569400245184,-214.01687002293608,-1258.6778831304782,-666.6324162591557,-131.43508723074285,-2050.289535138887,95.04897865859361,1548.4685991722572,-0.0,-187.52264898001917,-399.8129371864395,-1094.4528943968237,-1037.3568076552363,-1689.9258051745649,-4015.7836206506354,-0.0,-591.6445519542414,-1406.7710589673559,-731.3850835364711,-225.90442797910555,-27.179661709227567,-273.13074834184437,-0.0,-0.0,-0.0,-0.0,-335.72195432352464,-1313.6413237586103,-885.6425557957105,-63.82949496029963,-492.5486701999016,165.877027658453,-0.0,-0.0,-993.4485483310805,-511.7374554388954,-0.0,-2038.66138870942,-93.82279125487929,-1240.974599630466,-0.0,-199.70443498031636,-182.16589029953064,-0.0,-0.0,-455.6509000031188,-0.0,-0.0,-4283.805344810404,-207.2134977658001,-2119.196223931253,-0.0,-0.0,-101.27380664937303,-1373.1222305593974,-684.4109637945473,-403.73136823626083,-1336.6501950672534,-0.0,-740.110470130098,-0.0,-506.7196272828295,-0.0,-0.0,-211.40380805720537,-92.47363441646911,11.308366146750434,-334.86609999986547,-1430.7894182578636,-1933.5423467178064,-0.0,-0.0,-0.0,-22.605625454872644,-415.34516774103133,-0.0,-1621.8697181640707,-2447.9639535071947,-0.0,-0.0,-66.86729182363808,-1352.0267637104425,118.62880446853563,-0.0,-0.0,-0.0,-0.0,-525.1928154487404,-2399.2750661349496,-227.60995433456,-1185.6896452916553,-0.0,-0.0,-725.3417185851137,-514.203031446451,-332.2057388872842,37.57072387472301,-0.0,-0.0,-0.0,-865.256618963233,-645.43704918836,-518.3504401557205,-318.1982729868893,-0.0,-0.0,-0.0,-0.0,-2146.8918392404685,-82.14260114270054,-22.272235976275734,-0.0,-0.0,-670.0967382851089,-420.7835078444105,-0.0,-1918.4517923272433,-4379.619682575436,113.8609266649408,-1226.0266770638366,-0.0,-0.0,69.41589869246957,-429.00289131728357,-1664.395980779668,-515.2101710302059,-2589.0340239179163,-1361.8132210042872,-768.1058811982692,-1587.7906515234404,-0.0,-0.0,-0.0,-37.5162520909806,-1132.4858001097236,-0.0,-0.0,-2908.192862390324,-85.78581335537362,-1489.9899188399354,-769.8472322431757,-0.0,-0.0,-0.0,-0.0,-0.0,-0.0,-697.3987227183997,-0.0,-1708.3394405198326,-0.0,56.79580638040491,-1326.3686177486913,-0.0,-0.0,-0.0,-2367.406318223403,-0.0,-0.0,-533.0396991090149,-0.0,-0.0,-1099.3113121988792,-580.8209612348098,-0.0,-0.0,-164.397002682402,-2087.8730197843706,-0.0,-1007.3752368366556,-789.0414387772428,798.8628728519125,-181.0096779537457,-0.0,-562.4819092451423,-2.4739849034437356,-0.0,-22.576414183604673,-0.0,-361.66489333455837,-0.0,-0.0,-0.0,-0.0,693.5820279361734,659.1917198882068,-912.6959617788875,-1670.6707476580543,-0.0,78.05837847498799,-4.120614266091851,-72.02246948648876,-873.0196328680919,127.34697901513694,-494.3432013084355,-381.93544539509094,-167.62116277741984,-3541.1082021748075,-0.0,-240.1305122756849,-1756.2562732801853,-2394.244427625564,-0.0,-1202.34475997644,-1475.3555305806667,-2082.2928723079667,-734.6766182731996,-0.0,-849.4950344481001,-708.7110332839832,-771.2864042853636,-1325.571477644185,-1022.7274081027673,-0.0,-123.20322250875195,-1090.6325034236315,-0.0,1071.4764562259454,-438.84235509448206,719.0678021109296,-0.0,-0.0,-101.64918830903972,-35.33853131410975,-2243.7495528139975,-999.7793460616615,-0.0,-848.9811665526605,-2887.733022290859,-869.6479396236784,-894.8463002257342,-1228.0723107166762,-400.9735715599318,10.600265200850556,-39.299855126544294,-0.0,-0.0,-920.7560960608821,-82.44817139934462,-0.0,-0.0,-1956.845970221327,-750.729359738976,-647.1540189042356,-1804.887704188788,-92.74908503870999,-19.461936949781986,-2442.2365442666314,-832.6119598839483,-565.9846248350946,-980.2145306822421,-0.0,-2226.484945488593,-420.64029143491484,-1204.5954007341072,-1383.8545301921686,-323.35527408978953,-526.4317548028318,-1670.8351336900516,-418.1848631442698,-0.0,-0.0,-0.0,-1303.2938750193325,-0.0,-3100.0997272140557,-1260.5870392392167,-1470.9121240684012,-0.0,-0.0,-0.0,-0.0,-0.0,-124.40037284492875,-0.0,-248.83974168134657,-919.610574409845,-381.7525482522721,-0.0,-0.0,10.815474956487712,-0.0,-0.0,39.89864144506364,-251.85744459601577,-0.0,-500.6026764498724,-0.0,-0.0,-85.777723230148,-11.288535001356205,-2730.357856650301,-2166.517070043825,42.27154473874065,-7120.539467919477,-856.5571322150188,-625.8928071138807,-0.0,-861.0487744723464,-1512.0135265910967,-0.0,-0.0,-0.0,27.65517431374591,-0.0,-1360.7623176128864,-0.0,-1380.7526214758761,-0.0,-0.0,-2148.8633939890465,-379.23456569060187,-709.0010063982054,-0.0,-0.0,-0.0,-0.0,-267.0521722990677,-716.6403037496639,1375.2772674243927,934.5779025428554,-760.4816855576809,-8.431358223468175,-0.0,-322.59878774352865,-320.92877500252894,-1724.7215339901861,-460.86714073424923,-119.08188174589928,-1062.8270680272037,-1485.2774886568484,-927.2824991495696,-683.3297349432559,-0.0,-0.0,-0.0,-78.72974721754257,-0.0,-1684.2309284920423,-586.4618421128082,-0.0,-1811.4855038885191,-1184.090616878721,-0.0,-0.0,-0.0,-0.0,-0.0,-1090.0150520938616,-0.0,-276.74693167656443,-1816.1218552496318,-0.0,-1063.9507933131513,-0.0,-0.0,-0.0,-2339.79487566713,-1286.556300782282,-1025.8866503645274,-2584.353452377351,-0.0,-0.0,-0.0,-78.11396172464357,-492.36558678305175,3.7433495251587687,-429.8902854682591,-293.1379527442857,-0.0,-0.0,-318.3503425584588,-1370.8617751039203,-3806.8410152519655,-0.0,-400.0680401337814,-1303.974361284953,-398.2065028542882,-473.32237794436264,-0.0,-0.0,-0.0,-1823.5922435137732,-1883.6811470983498,-41.612568351615266,-1677.1832311355442,-503.3419996587881,-341.88950312293434,-8.460392313600554,-1134.2557202676935,-0.0,-1978.745126139322,-0.0,-494.8421061461822,-0.0,79.01743892245521,-0.0,-0.0,-528.5078162617734,-794.1616327345131,-7.539319343517452,-0.0,1244.0766997741407,-0.0,-0.0,-1769.8360564802715,-1338.362389154391,-1103.5814245628158,-0.0,-356.07241373940434,-612.1258983330398,-1430.1691652057993,-0.0,-0.0,107.75023992206201,-685.6939613130139,-0.0,-0.0,3.681781524491168,656.264064833229,11.521557179219796,-1436.7143364907017,-0.0,-0.0,-1730.7273832180033,-1645.0638099046482,-80.29408909111213,-0.0,-163.30560735433372,-722.1743911845709,-1094.146151747745,-1591.472261181451,-0.0,-880.9754807947658,-6.255435598633162,-0.0,-1608.4860874537771,-0.0,-0.0,-0.0,-0.0,-581.3122593691451,3.5778031270629547,-15.892261380984817,-0.0,-0.0,-563.9369323017557,-0.0,-0.0,740.2556104924126,-1012.7697280658164,-51.20510472075914,-1931.030263754392,-0.0,-0.0,-633.9446524624027,-0.0,-268.8435941930724,-1123.2803692578075,-985.8628872278805,-1100.3163271484314,-0.0,-0.0,1419.148621607897,-0.0,988.2556396183984,894.7727082826481,-40.15416237764168,-827.6676952025607,-0.0,-0.0,-100.99199473802106,212.14420515245155,-788.4774380571198,-364.5501799551971,-1028.6585113442784,-2615.516269451302,-1882.7367637911555,-0.0,-0.0,-262.1631401733602,-5044.53703065412,-596.1950527386447,-538.2598851163552,-0.0,-0.0,-585.5370559111977,-0.0,-1013.9048796361636,-1257.3922679524505,-749.1741231218017,-0.0,-0.0,-55.21088566270832,-0.0,-163.84623601786808,-1380.2846220637473,32.823217269570705,-632.8741479461568,-432.6258368459661,-241.4775073316309,-632.0408176741859,-2233.1604329274905,-16.26208039889732,-1159.0743261281425,44.65110518091243,-966.1169413727491,-301.42630722006527,-0.0,-0.0,-223.69911002752607,-0.0,-0.0,-1594.9675581289002,-630.5421990451503,-0.0,-826.7690734278011,-494.1368780292325,-0.0,-0.0,-1383.046827019047,-787.4697755501721,-1481.089173008116,-1317.8179091499326,-0.0,-103.40782784938045,-2995.2553977946327,-1028.726477955003,-268.9093959712483,1548.6304040543703,-1772.453874627125,-1205.0795033941522,4.068568607115584,-852.9742754782684,8.552111490788532,-1754.690476867426,-0.0,-3602.158391014772,-788.3190130006591,-0.0,-1521.5805581500244,-1419.9689985781536,-0.0,-184.8287167086896,-875.0043303786763,-1150.452833683391,-1360.9351790504745,-735.603932674743,-506.79916014157754,-510.6798814526498,-0.0,-143.34575979776844,-0.0,-2375.25836943675,14.419878581912771,-3391.558087308961,-789.3602088032056,-39.80674672356615,-35.24505236573324,-1341.0665603012305,-799.171091517808,-0.0,-409.38137418459286,-0.0,-0.0,-753.1695193518877,-0.0,-0.0,-0.0,-0.0,-0.0,-0.0,-0.0,-729.6170124062368,-467.79015963802163,-2637.846214066777,-2322.4278492085314,-0.0,-0.0,-1113.8629846825877,-1920.6811580953074,-485.1574404461524,-177.70613073315224,24.586678122085132,-0.0,-1324.4049044235433,-0.0,-2317.601937080655,-0.0,-0.0,-0.0,-0.0,-1844.4746912599003,-218.9705131486265,-436.7140915126988,-1049.463148581313,-1296.7393152005327,-1052.7861363785912,-715.0174566353783,-1152.2550040429644,-0.0,-0.0,-0.0,-0.0,-564.9905765477697,-412.4107211119512,-1325.483666867576,-0.0,-678.1122341131045,-6096.11339078475,-586.7709492376357,-767.695822963726,-2774.5013456525735,-784.095638333948,-0.0,-509.12392299419673,-542.3491054912289,-1095.6196427300113,-574.9265001283993,-1427.6136892936984,-1639.1219194926005,-0.0,-0.0,-0.0,-0.0,-1544.0143851118494,7928.537921745166,6483.165350082233,-0.0,-0.0,-0.0,-0.0,-1968.5583948907456,-1111.6071382402893,-82.97617243869493,-1359.4930395572494,-781.5195232913633,-0.0,-0.0,-0.0,-0.0,-701.7553053424376,-0.0,-1800.6889143500641,-228.58847152044478,-0.0,-0.0,-0.0,-0.0,-125.96739614206557,-505.9041525297358,-384.00650237982927,-834.233586027413,-1114.8988275899148,-1078.8791483287316,-1055.7243578786652,-286.79924207421067,-1440.41810595936,-1390.224661243407,-1111.5369108276025,-1471.7272795444565,-37.23436181117866,-1156.4598849953156,-978.0586145523993,-893.668853789778,-1497.2217147029926,-330.91700737781457,-2140.99581304454,-1445.5164075199336,-1813.258080025374,-571.401005374695,-528.1378969536653,-1018.9372452763668,-0.0,-1023.6343495513892,-0.0,-3218.192903461002,-753.5729835005591,-263.98459653512316,-1802.4032910676099,-1450.6993961383976,-1092.384490868511,-0.0,-0.0,-0.0,-0.0,-784.8530830531437,-3451.0461478419065,-1621.5195758545578,-0.0,-0.0,-1090.3848034172765,-0.0,-0.0,-1158.9468888880112,-498.58721237667345,-1045.2785455844946,-541.8619178718926,506.71055673231933,-1044.927804253553,-552.6141896472027,-1474.6010885848405,-0.0,1330.7239972757693,-0.0,-0.0,-1104.8262081015823,-5297.782489262852,-0.0,1593.882366711492,337.3323252223873,-841.520323601663,-222.05485377679074,-0.0,-1694.5652497901688,-956.2531540289749,-2088.689212504407,-1995.205953104565,-352.20497599409794,-0.0,-440.5810938631687,-155.98322894146781,-0.0,-948.0524400376553,-0.0,-1701.3844605200732,-2126.250358247352,60.67173852160359,-2286.1553824278394,-1908.7904949609224,-0.0,-525.8853427988516,-1302.293715520632,-1845.7375710197389,-0.0,-368.84040102855914,-2288.9609068283353,-852.430351502096,-783.8478607869531,-878.8249828960352,-414.4317983623621,-834.741016612157,-1486.6414217423132,-0.0,-925.5668999950728,118.00897445216143,-1360.0923555678364,-0.0,-552.4205536215069,99.93027119381355,-874.9767798449944,-587.3605216715176,-0.0,-565.7088290685404,-427.961876738432,-1599.9916951767427,-1190.4927921320834,-1533.4638150831913,-825.2507238807855,-750.1286944331763,-881.5425841973453,-2064.7092825959926,-21.802673364038398,-0.0,-514.6427022298828,-590.2551156356069,-1309.0986834416508,-1962.4934439347976,-301.1355473815741,-697.160436630815,61.43389001743837,-820.9366673468168,-1192.3532808073207,-759.7080941351855,-0.0,-969.2739764991909,-53.55006200521556,-2366.0054476155724,-0.0,-401.07505720217483,-754.9302358413498,-534.4535730324125,-2208.28493258662,-162.38829330872602,-1467.6291552627972,-670.3981189156724,-2459.575994506032,-0.0,322.1186984123036,-0.0,-0.0,-306.49001508380087,-0.0,-0.0,-3476.2479691667077,-25.72362025363962,-35.595638634298915,99.044771161894,-1272.120018044376,-0.0,-0.0,-0.0,-0.0,-0.0,-26.84193246487,-0.0,-337.7052494131012,-0.0,-280.2784814945606,-1853.3645191187773,534.8776202388494,-2825.9516069824226,-0.0,-0.0,-0.0,-0.0,-0.0,-0.0,-0.0,-0.0,-0.0,-2469.857150313869,-0.0,-2580.9300407572105,-3004.3399147127657,-36.79005183428515,-0.0,-0.0,-0.0,-0.0,-866.6140325233458,-1049.8134381244295,-0.0,152.69418262907422,-533.5608619627053,-2064.609942351523,-624.8214617114141,-0.0,-509.7780827988218,-1108.047392839749,-0.0,-0.0,-595.5299812052319,-879.9503866027674,691.6650029120533,-467.0520315482967,26.11473157738296,28.30178662954288,-0.0,-0.0,-0.0,1491.260092350483,1334.343784765352,1564.2110365177814,-0.0,-0.0,-0.0,-758.4969537310586,-0.0,-0.0,-914.1875195920516,-73.8021994440291,-448.3089611298589,-54.07290035915511,-989.5160003150431,-766.0025671838058,-1382.5871756441115,-137.62504889709209,-267.33533960336416,-1184.7897579251182,-0.0,-2066.061158173396,-15.435523650556206,-913.1439704772206,-884.4576045350502,-15.759426674835792,-0.0,-1249.7475876351295,57.294300049602796,-0.0,-0.0,-0.0,-0.0,-0.0,-1322.4015168555256,-2959.100247943957,-0.0,-619.2310899190052,-58.66673618089537,-0.0,-0.0,-0.0,-397.7919539535293,-28.752152236646367,-0.0,-1251.006847796861,-758.2761363037334,-0.0,-0.0,-513.7459827469472,-0.0,-0.0,-1567.363781025212,-1322.8632272874959,-0.0,-785.1254084657338,-2011.2713439636111,-88.43395428112045,-0.0,-0.0,-280.63723350386516,-747.1311086347416,-223.44358750122146,-189.06296346444088,-156.79298526558784,-0.0,-0.0,-0.0,-1293.6889653286587,-949.6017035608427,-1868.2956363931967,-261.48099464543077,-1276.8782738157188,-119.01003959539706,-157.30912863461057,-461.30915425061744,-1896.8109997523661,-0.0,-0.0,-1661.1697558798421,-1812.2300234377672,-0.0,-0.0,-0.0,-519.5320536937693,-2217.120632789243,-3268.312474372619,-0.0,50.82075435826623,-169.62921943790988,-660.0562304274346,-648.0067572254181,-1958.5105118126767,-0.0,-1419.7246822697523,45.29802433819595,7.744974892597583,-294.06342211119363,-0.0,81.34857588710895,-270.7471204263295,-407.58987489624064,7.4530881400954865,-0.0,-0.0,-633.5297724053205,-12.492368921455828,-0.0,-1282.30605987075,-932.5872956188679,-1179.670416153686,-765.2697407054252,-1103.241295225336,-1669.3500596939816,-0.0,-0.0,-0.0,-0.0,-0.0,-335.2190551609079,-629.0167183785267,-1210.5063357952338,-1469.619459267943,643.3077512743506,-1399.470064741562,1597.0759838777233,-0.0,-1992.54723649503,-1601.345746786525,-798.2595838470683,-29.40199199567,-116.91983712531395,-2121.0747329846126,-217.5989316810849,-0.0,144.21285460401427,-861.5029876107308,-0.0,-0.0,-578.1145701510571,-396.40662328116554,-375.33768147941146,-1187.8885590787754,-1607.27660789098,-0.0,-1437.5596922220923,-1085.9598979370678,-3960.657711393214,652.016266729388,533.9507941558496,647.9992798380648,670.8604479428276,-0.0,-0.0,-0.0,-0.0,-0.0,-0.0,-0.0,-0.0,-570.5283416569665,-0.0,-50.72333762613806,-37.09556519689116,-0.0,-1250.4434695471184,-1353.202400868308,-1918.7765008958977,-0.0,-0.0,-0.0,70.91850534065455,-2885.526793909743,-635.5435749530349,-2743.8530634598146,-1486.839753318824,-0.0,-0.0,-143.5774213457775,-1329.9166414520257,-0.0,-1864.0576100767912,-686.2884652637583,-0.0,-0.0,-0.0,-2328.1451058646926,-0.0,-0.0,-0.0,-0.0,-0.0,414.7931293698826,-0.0,-0.0,-0.0,-938.6418605625041,-0.0,-0.0,-0.0,-0.0,-0.0,-0.0,-0.0,-487.8406931107531,-987.5267192476844,-1443.572871607286,-1589.918149843447,-561.2987582666746,-1180.7768139885584,-35.3537493087664,-0.0,-612.0967581781501,-48.94672822492514,-0.0,-0.0,-0.0,-0.0,-772.8644969274346,-0.0,-479.10926634151406,-1225.6165967265213,770.8919930812251,694.4388628286221,707.3743484460201,644.9621504936403,672.2393177896229,-0.0,-0.0,-0.0,-0.0,-0.0,-0.0,-343.81864568243026,-0.0,2002.0023334710415,925.2966800509508,1112.607159888316,-0.0,-0.0,-1195.0620569217103,76.04982792044862,-61.130694934721376,-2282.039821183761,-0.0,-1809.7674718195035,-0.0,-0.0,-0.0,-0.0,-630.5796674831098,-0.0,-515.4793653589405,-539.0101307576285,-369.9745402278346,-0.0,-15.970566849575507,-0.0,-802.0143683959925,-0.0,-2176.887378301333,-588.800018433468,1661.6372583061238,-2040.77799579282,-922.9879200689334,-66.64350990860073,-803.6125070414024,-0.0,-510.7163464067534,-76.51791783122425,-2325.401891009589,608.9361002628148,86.57949512261547,570.6210359323778,1207.990916252249,-0.0,-299.8314820259896,-24.137631195941122,-1017.5406686226052,-1177.1775498673505,-1382.7476024164268,-1781.7847991035192,-0.0,706.6890509260102,-0.0,-369.08778002126456,-2209.776671701608,-1280.0191854735376,-0.0,-1230.6466810609697,-378.3190706182342,-572.0653547021593,-698.4762892533186,-324.9887472093767,-1319.1616350433899,-0.0,-2080.4751701807236,-381.6049318584456,-1452.9989128848374,-303.3395506139487,-0.0,-0.0,-0.0,-0.0,-1242.4441522246714,1132.6015646636647,-1055.9209387405485,-586.6838027379749,-0.0,28.34921528930128,-0.0,-0.0,-745.4404144912628,-687.8331382017761,-727.3931460978037,-618.6315136443565,-0.0,-0.0,323.3012836944593,225.88411560043673,567.0341650730018,-0.0,-559.0565746502568,-1824.7556339942155,-1211.632579823399,-4.148315864984866,-1574.4104306997103,-0.0,-0.0,-0.0,-550.9438704748376,-829.9612902289858,-0.0,-1290.0299392863665,-0.0,-2534.893694205532,-3516.084055948613,-0.0,-18.582410241651417,-0.0,-722.6028649762377,-0.0,-0.0,-0.0,-2067.1193136440174,-1069.4316268245154,-581.99517130097,-837.4743649975417,-0.0,-0.0,-2035.5964445174113,-0.0,-522.8727907210787,1118.0512455200765,-864.9493454472507,-728.0667351757785,-532.2096296728239,121.7600462986753,-0.0,-0.0,-1285.8767263595948,-0.0,-694.2363370228991,-65.55975122897924,-347.5248362534552,-327.35494468096937,-0.0,-0.0,-217.99769696904403,-611.9304236158058,-1007.0901537621111,-599.2313611263226,-1018.1816066281034,12.440670928273486,-0.0,-124.71929194680679,-1993.6110822971336,-1206.5825856834688,-0.0,-0.0,-0.0,-545.0837079491764,-578.5590986090042,-1495.2448429532035,-0.0,-0.0,-0.0,-0.0,-0.0,-1425.9734348422912,-679.919265909521,-0.0,-556.2462593962039,-0.0,-16904.16198126413,-780.2334790030756,-113.55259698009726,-580.1697235525149,-0.0,75.10770277327536,-1223.4813640636003,-2465.757567684504,-0.0,-0.0,-0.0,-744.0807822224153,-491.2385043766075,-1054.6061548488517,-963.0543218135184,-543.5833684581455,-0.0,-0.0,-1655.2052629179439,-551.4603167319499,-2192.5494579230644,469.6800610320853,-2270.125571902763,-0.0,-0.0,1576.4797702921599,-1490.2908163662287,-0.0,-226.95891200120644,-337.2665871513091,-605.2100692246628,27.132945729683808,-853.0593498846629,-0.0,-0.0,-1310.2379812835904,-1221.7459443517178,-2346.3868296225037,-0.0,-0.0,-2322.753243935328,-679.3442655435595,-690.3945712858559,-2350.2868284252927,-1383.2820897243437,-0.0,-0.0,-1007.3643925343523,-0.0,-85.01830392052715,-1483.7477396687495,-1705.0302224012455,-0.0,219.0236379499511,-736.4699971886652,518.379950194409,-251.1652138373217,-235.1207395892985,-0.0,-431.48816484567027,211.0266063545951,306.52834836428246,-436.65606491635117,-2389.432086206551,-1909.614450524401,-82.36702419944658,-4254.200962492854,-555.9823563177753,-1080.6873756438827,-47.032678843548396,-3602.4262607091155,-320.1917420281851,-613.5619262569768,-291.6034836846618,-1536.7914187188062,-955.265846145669,-3274.722305718577,-5131.478130903969,-80.52081714019823,-648.731773758829,-1630.3285788624157,-1125.8574209160347,-0.0,-3239.7913580938825,-0.0,-260.5045787001872,-1459.2932755747095,-1314.3992847186382,-0.0,-0.0,-897.6453418900194,-225.8159015540603,-0.0,-1314.6009411121381,-0.0,-638.7804131974397,480.80110177468185,-2145.8303842993005,-452.1815222964976,25.057092504824638,-12.65846835859843,-0.0,-1789.294981292415,-541.8623513171991,-0.0,-124.26869034391501,-0.0,75.75882292991585,-171.33414670370658,-0.0,-358.3946579752453,-1325.5164605043676,-424.2399469756159,-748.7792699972697,-2089.8358224179483,-0.0,-3835.5496413776787,-1659.7317747297961,-2332.2308490937726,-2117.9617097578603,-69.37616447572809,-214.22575200900755,-605.741911072533,-1399.3307320498452,-0.0,-0.0,-1184.9149317092515,-183.40683092444348,-0.0,-73.81074000084052,84.80653073402537,-2127.1916108395394,-0.0,-0.0,-1240.3296557777098,-0.0,-71.42585470963927,-0.0,-42.43284841972512,-138.8517677744028,-0.0,-358.3194577540695,5461.173120370414,-0.0,-0.0,-2503.0941241019987,-742.2985511688878,-259.804903161036,-0.0,-0.0,-0.0,-616.0621726564633,-2028.9471181936212,-0.0,-0.0,-0.0,-2159.7320049535797,-0.0,-0.0,-0.0,-1501.8574271562584,-695.074971252739,-285.23210296726694,-441.65001421502666,22.122586470001693,-648.8448010640404,-360.69344683187455,-197.34424108654312,-2277.0470519463165,-0.0,-0.0,-1191.2234741702741,-726.9220181840485,-2333.126794641839,-0.0,-0.0,-2550.471887298232,-638.4153644378815,-1469.707146109224,-394.79930818997235,-591.1574391033292,-2214.693788207119,-781.3765682630527,-81.63731714334318,-780.6551382001066,-1903.1607275092222,-1467.0338285827577,-1295.889409926967,-0.0,-581.3619139038623,-0.0,-1484.0518256702435,-401.18869218349863,-208.61057010066116,-592.8366104240523,-820.9173925011976,-11.623066457936673,-0.0,-1123.1923383146745,-525.3722117344724,-41.75201113144649,1450.908449501408,-70.9917715463302,-0.0,-605.5823614944284,-441.17213486585234,-0.0,-640.9882627497667,-1475.3288736322118,-0.0,-0.0,-0.0,-0.0,-388.7281116614208,-860.7322458035537,-301.84932714424923,-462.1785227242819,-324.9081617527611,-1538.8757719128216,-680.4079811978278,-1338.3920662360422,-2397.34484450012,-1855.3615713303955,-0.0,930.8127375904235,940.3028948175789,529.0317268479047,722.5078496176474,415.4446920254746,-0.0,-0.0,-0.0,-0.0,-0.0,-0.0,-0.0,-0.0,-59.77600740756707,-821.6186105749059,-484.06513309324436,-260.4355443588113,-1126.8496699987634,-93.95265034078662,-340.4730399086269,-1085.632455680272,-279.85629285643455,-1646.1742853657188,-715.4486862905052,-78.00079750309399,-355.4395265783386,-22.558778085867914,-0.0,-532.3760030603869,-160.73474982331257,-193.79883212690677,-695.4755950836394,-329.0916636299226,-1420.9125640995178,-279.12698849291615,-0.0,-0.0,-1787.1924068210092,-478.81879963977315,-310.23971421147303,-505.74128163814373,-852.929749246481,-407.9426027158495,-380.70151322870873,-0.0,-602.906562924298,-644.140073274037,-792.6798337171665,290.2351339855953,-1250.2819832706496,-2096.3231777887195,-199.78098674908574,-625.493003382288,-624.7547327919895,-12.478261635431341,-0.0,553.7670284486578,-747.8544532087506,-33.13613994697067,-1805.8055835128218,-0.0,-0.0,-1153.4675674873965,-462.70940509043635,-0.0,-558.1801060455957,-638.6122763291786,-743.3845496651995,-0.0,-659.5542506828361,-449.5683276704978,-2062.5449916437165,-3960.50164207314,-362.581859670657,-0.0,-76.27431954877252,-398.3028268843148,-1408.6618025666426,-211.13860733998885,-535.7120498771606,-670.3344584667685,-701.1187084212345,-354.7010261159046,-0.0,-0.0,-1537.628320519672,-101.78458468465264,-404.2540833256819,-734.681563540192,-1115.5261454788367,-2272.8252920319733,-0.0,-541.3107308542035,-0.0,-0.0,-0.0,-0.0,-0.0,-26.77577009016699,-171.21243411792554,-333.3450946488665,-0.0,-0.0,-0.0,-0.0,-0.0,-0.0,-1105.284678773045,-2117.7854637818946,-383.08376047330194,-462.7230049217435,-42.93525691032624,-0.0,-0.0,-403.81912095927686,-0.0,-0.0,-105.31136876449172,-2515.635261484792,-0.0,-0.0,-1383.027725626666,-530.3816567578341,-820.8281043534753,-920.3916593366067,-670.5442564507223,-0.0,-0.0,-1093.0075178678785,-1698.7789208273573,-917.9395653448535,-0.0,-1062.6468472955792,-0.0,-337.9716247792912,-675.4307565978966,-0.0,-625.8801787909451,-1669.2278791170947,-0.0,-1591.4006969584107,-166.57401131535258,-555.4022240202928,-1287.4476246413096,-213.820958470903,-1141.1305533770328,-0.0,-950.1803050779455,-25.600492418487132,-2208.697199113927,-1753.1387728566879,-0.0,-0.0,-0.0,-0.0,-693.1241805880024,-761.3159705783072,-0.0,25.34389865791172,-341.67558334609265,-711.0751554515822,-1920.8734931199474,-2131.3721098477836,-354.4167185038054,-0.0,-1315.6774850139132,-793.7385311449885,-1608.7744473984385,133.51632554732808,-0.0,-3148.737796661467,-650.2410366512646,-0.0,-416.4751608577138,-1365.6916159513128,-0.0,-0.0,-515.5259087351495,-1351.7548617335826,-0.0,-1015.360482614397,-1213.6626203655255,-35.87248750560283,-78.13676057460287,-476.49859757465913,-0.0,-1392.3797466776928,-2454.3133505739293,-1091.211162107363,-168.35037310785364,-1785.9253326737312,129.71524394218653,-806.8387570647029,-588.2378359119165,118.66138457299454,-809.7848641910022,-1374.1407237862416,-785.2858608285106,-1221.7917361276238,-384.94972150413685,-565.3418938254288,-716.6825269488729,-1458.1689388821856,-0.0,-0.0,-1706.6564936542966,-305.8173280447928,-0.0,-1409.9494865308657,-1162.7105458855676,-0.0,-2327.5649675609575,-505.9639433708346,-0.0,-781.0266673698335,-0.0,-0.0,-1186.3136661977564,-956.7285970401182,-0.0,-0.0,-0.0,-696.8160699498793,-4.233252948119104,19.042869409913333,-238.63841185055895,-0.0,-1991.5684077908516,-1396.6993070643512,-525.9240772186857,-1943.7072684705117,-0.0,-55.37966856033103,-884.192542775172,-0.0,-402.6732497199271,73.30147747114212,-1519.6301015618044,-971.183116338863,-642.2554684589957,-1200.4082546284692,-0.0,-0.0,-0.0,-749.7798594327305,-0.0,-366.7185327348156,-917.7783662138851,-199.15674697417623,-1142.3427465117031,-2049.3900808938765,-523.8595440711974,-1967.4723833508215,-0.0,-1060.5431940480826,-690.2989329427302,-479.1468663469199,-1195.9971395405591,-297.06663815672056,-487.2951755027796,-1412.9501065751463,-0.0,-0.0,229.3713748090015,-2585.4505535887324,-924.2763826683438,-251.91727424190873,-0.0,-347.71837404091366,-506.2818293877144,-607.2403167038506,-0.0,-0.0,-727.350501819948,-0.0,-19.97663364769031,113.47606588492027,-113.30992839730212,-1887.7725233578321,482.8536022346916,491.9519100939701,472.46956146036337,607.5182984052955,45.22341151841535,-0.0,-595.0490191358787,-707.339393772179,-335.5864363766578,-9.274221562507943,-0.0,-0.0,-0.0,-182.63252933859866,-12.676016750305552,-863.6420250307921,449.4676948609576,2253.8791427768747,-0.0,-0.0,-0.0,64.8807600808325,74.62927246026968,-0.0,-2907.3670369002184,-0.0,-0.0,-0.0,-0.0,-0.0,-2310.9963988857835,-266.22842233622123,-0.0,-380.9142609629865,-2016.4999768024998,-152.66214900393223,-303.23099122326164,24.87846052074368,-1631.4242062347828,-4078.49813575716,-1854.7625811072328,-0.0,-0.0,-1582.441682961636,-986.593003458403,-693.2757387409578,-392.74971114685303,-329.3652545844452,-947.7654746281822,-959.1646856219285,-4696.0925485742455,-636.853596035072,169.9688274202458,-776.5629333258935,-1030.3541296952737,-586.9729552032869,-597.6371924432448,-7.1718956967023075,-1528.9823669383711,-780.3202438644028,-555.2012508787376,-0.0,-0.0,-0.0,-0.0,-218.01085034934977,-1149.4351482609536,-0.0,-1177.027691581629,-1294.6610539186509,-0.0,-0.0,-1377.4354326953824,-0.0,-0.0,-203.6364637751433,53.520444769079916,-0.0,-0.0,-2942.1779439773713,-1158.6823888513975,-91.56798264432324,-888.6584648510359,-1341.340552323563,-0.0,-321.1390117538234,-476.9386426566995,-0.0,-1310.5183346809756,-320.07469005193286,-1102.8448128560974,162.1275738278673,-842.4833350903731,-191.77565808187674,-225.04990123675702,-50.80100494192684,-42.664590528511,-578.8333040631684,-777.1258474169085,-482.19209626559865,-672.9621160786398,-0.0,-59.00263879458907,-694.349934106995,-158.78882024348934,3.7139064838587568,-0.0,-954.4452945297592,25.703961736101434,-1242.6590572783773,-0.0,-0.0,-0.0,-1768.52318061704,-0.0,-0.0,-75.82082578940246,-0.0,-0.0,-0.0,-0.0,-0.0,-0.0,-585.7622568409627,-1535.5843096667109,-0.0,-0.0,-0.0,-0.0,-810.743832791044,-452.9624090667814,-0.0,-0.0,-1768.5094747882517,-0.0,-1304.784348794055,-2560.5359335605413,-0.0,-0.0,-0.0,-478.5698318350628,-0.0,-0.0,-0.0,-939.5235294663942,-720.4591278896947,-636.3636425650972,-0.0,-0.0,-214.52830192809805,-0.0,-3799.666957224954,-5149.67044821483,-0.0,14.710043669262733,-0.0,-575.3114155116514,-642.967936798268,-1913.267238880004,-0.0,-0.0,-92.18887422344196,-659.2188635285689,-1303.6087091602478,-640.1296696490036,-323.7709094472146,-0.0,-0.0,-1157.0472311067988,-933.6592758151223,-43.41605444342333,-0.0,-0.0,-698.9791783010472,-364.3364961806821,-80.82571596925064,-0.0,-0.0,-0.0,-2075.3964496939047,-325.1548846943647,-1285.1149665539606,-4151.886699322685,-0.0,-941.0300883426643,-1101.5343829169253,-2286.891934187564,-324.6663588225057,-0.0,-0.0,234.44992346143664,-1131.5953578997942,-1761.9989110211536,-479.2983056289798,-143.38338652064218,-23.696759895884348,-1716.704663068764,-398.17783517327064,-1686.262138341795,-638.8874909006771,-2601.2522430972253,3.6918752617281876,-946.8927872696574,-843.6223986238831,-1774.4269711967404,-0.0,-0.0,-712.6048012624857,-1605.0650433299838,-1727.7197392788855,-832.3740751885148,-0.0,527.1590541552406,-65.58813587829786,-428.398166205441,-0.0,-18.04659207857968,-0.0,-2354.4705933414425,-49.761428240620106,-0.0,-0.0,-713.8794282127826,-1055.4295098633143,-771.6264208987214,-332.8219600543031,-560.9670974741007,12.047797082778818,189.8860094288616,-791.3359249739169,-25.06985874963432,-1445.7186526695207,-0.0,-1478.4348806003309,-122.0234412769317,-724.7328672842556,-381.9264025141031,-23.188236545706786,-40.929854614332655,-19.276955785486912,-1193.317623784478,-931.2490669780126,-1347.863229683067,-244.32260394907476,-1322.9610356985308,3.7061711613147112,-0.0,-731.2248205847335,-2555.8176122234045,-0.0,-0.0,-28.57563910289754,-2000.658692454265,-181.32900271631482,-550.4841545967439,-354.9969843054307,167.02980677528038,-0.0,-0.0,-1210.076723786806,-0.0,-0.0,-2073.580614186232,-1510.5891066482827,-812.7295109704364,-726.010021599866,-614.15484594099,-867.5945738595595,-747.6192780410946,-1243.296939456238,-2483.844206751472,-0.0,-0.0,-0.0,-0.0,-290.5085281289567,-0.0,-1973.611850545783,-604.8102869368984,-811.8765814707565,-940.4162651868046,-437.55556253331855,-0.0,-1348.4743232245712,-626.8346340635163,-0.0,-2468.9947732365595,-1385.2079648348692,-0.0,-0.0,-2315.1616534238096,-1638.5612550211379,-424.0544878184254,-771.9705943946451,-0.0,-510.27827321382176,-302.28958034892213,-0.0,-612.135365162458,-524.7463391485236,-491.0663940225989,-0.0,-0.0,-0.0,-0.0,-372.8684986078807,-1180.2325942048822,-6752.115910319112,-0.0,-0.0,-700.4837966482283,-676.5834124776856,-1846.0519352274728,-630.9562956643875,7.311114604374661,-438.21583915568976,-0.0,-616.9171855357104,-548.7228338064482,-0.0,-484.03847026116625,-1092.37378330894,-0.0,-0.0,-0.0,-0.0,-0.0,36.921029553081034,-2037.493381362251,-0.0,-1289.890743883039,-857.6829809592288,-3.860272972057266,-1625.3258541145913,-931.3812550542156,-931.4710296546966,-1361.6620633436964,-75.07589874080874,-115.17957001324054,-1211.0268527881253,-675.6669753601801,-654.0170823365768,-0.0,-1410.3159841371703,-1308.232283326513,223.50213977250527,-0.0,-592.5129960258485,-688.0184739821154,-946.7495881809496,-63.169850762037534,-0.0,-279.27333299458303,-0.0,-0.0,-2369.3559392482034,-2037.369308647193,-1842.6540516394305,-1644.9576240889264,-0.0,-1198.0848135817346,-1975.7745627825052,-0.0,-5111.398246346358,-0.0,-0.0,-0.0,-0.0,-1009.7269305425734,-2361.6403169186706,-2224.0509848390093,-87.66811032282641,-1896.2596255889707,-0.0,-942.622771122284,-30.200993188528024,-0.0,-65.71943700809035,-534.04787836743,561.8866899085073,-0.0,-443.55202105958836,-36.78942275508442,-0.0,-1385.9152072533439,-0.0,-2030.0840537143513,-138.39299877061936,-0.0,-0.0,-1023.1138375624345,-1522.1766989566013,-1001.9937486962497,-1190.4487538309434,-1239.844393354828,1507.0775899657772,-55.62220746341012,-771.8172832921949,-34.64185553976528,-2379.829279729388,-783.6239662594422,-833.4464952887716,-447.35407202872193,-1569.66934281187,-1659.1509500974928,-418.7609286746499,-2381.949327167046,-320.05206815159875,-0.0,-0.0,-48.72580095315461,-0.0,-0.0,-0.0,-0.0,-0.0,-0.0,-1622.9038505422795,-594.8536391616556,-1137.3867957710586,-871.6398049710878,-0.0,-558.9409831624869,-1192.779740737506,-1067.9996629444731,-2129.4277575424603,-1273.6340077907118,-84.63230528869764,-190.46884548384233,-936.8611652371981,-1418.992631924126,-0.0,-0.0,-0.0,-69.52958145730797,-791.6001160629395,-150.6704123234047,-475.0793620221329,-974.7982744471584,-0.0,-0.0,-0.0,-3948.989164894585,-0.0,-121.62043117481839,-0.0,-212.30325979669095,-1100.5243535345403,-1185.0910194545272,-828.2883691069478,-0.0,-41.666150528079484,-552.5534641110916,-716.8811586382398,-545.2075827349285,-0.0,-1026.1496071294828,-0.0,-0.0,-2647.319127072503,-0.0,-1341.243545855221,-621.6108335126002,-403.63474616496137,-269.0417047376788,-1370.0655190395878,-2690.6828698126205,42.48355334923807,-2213.4577811200224,-1646.2781011809236,-425.5333269964939,7.244506610417561,-0.0,1432.767632139037,1069.8603096790623,1116.3503912449412,-0.0,-0.0,-0.0,-852.2524043783651,-0.0,-280.84081088447124,-176.19903729048366,-0.0,-3533.4500079885734,-0.0,-1388.3622883296707,-80.24267360228026,-1051.0286462720471,-576.5209758768258,-1440.7801408330952,-1196.8824542194493,-0.0,389.8451035958021,-2551.621786939698,-1634.1675415646896,-452.3601522228638,-1191.9537479581852,-1657.262448662703,-0.0,-0.0,-270.7512598380807,-737.9472890823779,-2201.992852341205,-796.8313590676411,-36.12238290273606,-0.0,-0.0,-681.765073467766,-0.0,-0.0,-0.0,-203.65472738666006,-1377.6210915268066,1600.2498323328534,-1303.120001986186,513.8881166112727,-710.8114688073271,-987.0808429152397,-10.602145700053233,-4787.322700607767,-372.24858261401556,-0.0,-73.08314482183772,-2319.707232919905,-1699.1666965908755,-0.0,-26.592375239911128,-0.0,-632.2431866769726,-24.81912041985707,-1837.6345948617013,-1515.6684672376534,-0.0,-309.66519645656354,-0.0,-0.0,-0.0,-735.9974578770798,-1007.4162117234071,-415.129631973447,-1114.5055755474857,-1726.3760955154557,-943.3525336579294,-423.17938828378607,-475.12019102964246,-108.07939447483156,-1615.6423823804407,-606.5840043189382,-989.3212620270566,-1200.3739496314117,-1423.6169895414953,-1361.2889487018813,-373.4489594829176,-1463.216841447207,-0.0,-0.0,-0.0,-2099.635267720385,-0.0,-490.6716292085511,-1183.226392930969,-10.815070931888837,-766.3724440094948,-598.3549014761271,-930.1498314828084,-711.1365404139394,-197.0254435461943,-1834.1278996432331,-5150.959344096259,-268.6113890250908,-30.544051378205758,-0.0,-111.32305275233493,-6684.106592408945,-1797.5047047184876,-669.7219770022944,-2351.4662003406675,-207.61077530254263,-0.0,-23.533566726008637,-660.6898547032474,-121.83936655285076,-1097.9733432061728,-1047.043814008633,-197.6387030889337,-0.0,-682.9756152616886,-1849.19573981046,-1904.2236746643964,-1858.150944310564,-0.0,-1491.7666100815366,-0.0,-51.30599893214121,-852.370924367031,516.74389822517,-0.0,-0.0,-308.76680467994186,-978.6365776325763,-722.8842378698665,-1236.4001142278644,143.04264223168045,-1397.7109898984986,-126.49343157708,-322.91003773220575,-2043.342964702115,-1868.0404632124182,-371.80799636297655,-0.0,-0.0,-0.0,-0.0,-0.0,-1989.9315480234366,-0.0,-612.7464882524168,-783.3985946884148,-2525.946581641237,-0.0,3.3283457119064486,467.0941687347024,1997.5064870609451,-609.5528933886771,-1271.943467595969,-0.0,-1294.5453560695926,-3530.386885871452,-832.8997838243722,-5366.900817904683,-1159.9723374632172,-0.0,-745.4088211522142,-2283.0624106120513,-195.7629107437044,-0.0,1184.8505583867882,1321.886517134596,1142.3827136086281,-0.0,-0.0,-0.0,-0.0,-84.52425688649843,-2266.5277819154244,-80.11257544864213,-0.0,-1951.1837700002613,-1120.6438928738323,-454.4434956443793,4.066685640344067,-0.0,-204.35600748535327,-780.5952689451614,-0.0,-0.0,-47.034738884947934,212.34721327066964,-2174.3244463326373,-0.0,-824.2288373967151,8.586143035636903,-71.87376722012255,-0.0,273.6821665533271,-92.76122647458658,-453.82254523029417,-1812.744017557099,-0.0,-56.78072770582623,-1187.2045347337494,-990.1803652008224,-42.29919189889087,38.117009119355316,-0.0,-1199.1555583233637,-764.5267130686083,-8.287642134142375,-0.0,-0.0,75.55921838887336,-232.13152675094153,-159.62198503453808,-80.75384499931526,-11.924678052034931,-174.53380347936454,-732.7016789960824,-947.7903630092388,-491.11036592308227,-0.0,-2126.2231606649484,-961.1342479432898,-0.0,-0.0,-1028.5722546727936,-2059.3719868556564,-592.7393714096397,-7.26452058427734,-2622.1785915769947,-121.22070379641974,-80.42963437100644,-1058.8815366294987,-0.0,-351.4184585949639,-1416.5011953263872,-3.612418219040873,-0.0,-3246.4403650152826,-151.94851596807737,-1491.5537740035168,-900.5515142138731,-1202.2658212358788,-2332.6788206431847,-78.69097742106837,-823.698449726375,-1860.5233329301623,-1176.0090323281956,-1183.7999961414207,-228.30092646499938,-1798.877193580867,-0.0,-2592.2895638936498,-0.0,-6293.395267110743,-225.4560538613209,-80.81261890036967,-1422.9610527573,-0.0,-0.0,-0.0,339.54254883123906,45.18805824160665,-862.0319539949643,-1248.1011821050581,-425.1809075560596,-1019.4941550652012,-0.0,-0.0,-1454.574609869777,-300.15584519726616,-507.85630200247357,-166.16709851917793,-0.0,-1567.2676546331054,-337.7685490300229,-1889.1319711094682,-0.0,-35.47584400925257,-0.0,-1809.3180861647813,-759.4474383267356,-1617.238974717504,-0.0,-0.0,-1433.8886385457736,-497.8871478687721,-765.2338690952087,-1497.9682172220328,-444.75980631240276,-1380.2913747266086,-0.0,263.1731369541458,-1207.6479838139055,-4114.338329153081,319.10108547047287,-1212.061363727294,-7425.22211045231,-599.0061477615453,-648.3911550577556,-218.97979935030472,-176.08051940436036,-910.8574213944885,185.67412473619174,-194.33986622245263,391.2017713753604,-1081.889565080252,-555.362592681081,-0.0,-1154.9386666947482,-1803.0106768157004,-872.5124289592837,-380.06077411019515,-0.0,-0.0,-32.375590237692336,-1003.9503873106506,70.81124598440734,-2089.1459452150307,-0.0,-0.0,-433.998768114703,-590.6962273370373,-943.1077150095615,169.20789508385502,-2544.648108042668,-1397.0250679254962,-1231.5381261862779,-223.6849660021922,-0.0,-374.34346359523806,-0.0,-570.9271813061,-22.75517135510847,-1313.1364046218653,-488.60575746653535,-1013.9880216843219,-336.60875581826974,-309.973676256379,-0.0,-1095.6651067226326,-666.203181057606,-1204.771566787822,-0.0,-3178.9090877711474,-1312.9013893683393,-1211.3724518530623,-785.302221697926,-1075.747990189339,3.6593321857018375,-2132.5024661297134,-746.5575189592306,-1176.9993500875416,-1858.4175763195722,-297.41181030603633,252.10232579955183,-1039.0680896747917,-0.0,-0.0,-19.11914988342205,-58.25051400492453,-18.19070948448727,-257.02108289737333,-0.0,-0.0,-0.0,-0.0,-0.0,-0.0,-0.0,-0.0,-0.0,-0.0,-1386.0775726232105,-2311.1045516388567,-2066.1206446706283,-0.0,-0.0,1681.2549382444147,-447.81347924682825,-0.0,-483.4945310963465,-446.5058641572784,-976.1459302721743,-943.138606731815,-1114.34435158556,-0.0,-625.4585666474145,-403.06575402905696,156.71363546905084,-0.0,823.4413556070696,-0.0,247.43701723508556,-0.0,-313.9498416907631,-0.0,-367.8572936118511,-1146.3921698385304,-1914.950285836553,226.27852580734566,-0.0,-0.0,-0.0,-0.0,-0.0,-345.755214412986,-81.30013373367191,-0.0,-0.0,-0.0,-535.2028215570119,-0.0,-42.23926648211782,-617.8968457416545,-3148.543215284367,-0.0,-1286.9332193309942,-0.0,-586.5708251702044,-0.0,-0.0,42.42897160434656,-0.0,-158.93114670271714,-0.0,-0.0,-0.0,-924.3233857804199,-1779.0019810104554,-0.0,193.12160204383622,-2273.514244260446,-0.0,-70.62566919174668,-261.29873891608486,-0.0,-0.0,-1436.984455000351,-0.0,-888.9985966426675,-1270.8842305261173,41.99511618283023,-2667.9529551618452,-1660.350782958131,280.1084766959545,-669.4152788568848,-0.0,-1003.4449569395066,-0.0,-0.0,-0.0,-3362.1407232425067,-826.1559927450335,-1491.4642543157336,-0.0,-373.2965430856578,-3.827453775658977,-1259.9234983226336,-1933.5160501251514,73.23448283770902,-2931.744184397887,-0.0,-1856.3081819030515,-2480.8467799686027,-0.0,-0.0,-0.0,-0.0,-2276.638372176001,-155.44490252966432,-1414.457899671112,-0.0,647.5704640067817,1249.0354051353372,-0.0,-0.0,-878.8670412056781,-850.806846132553,-321.57047029674686,-18.208851800547663,63.173997002999116,-0.0,-1204.9427008711464,-0.0,-276.3320455121487,-984.3617894693347,1308.7077269323281,-0.0,-0.0,-0.0,967.9639036760541,981.0748355918682,-728.6323055057869,-0.0,-1305.1134248169567,-0.0,-1076.8790268921705,-683.2430858965814,-0.0,-0.0,-0.0,-0.0,-0.0,-55.53247503156146,-0.0,-0.0,-0.0,-1126.0453260081517,-273.410205070507,-0.0,-0.0,-0.0,-141.0254317443888,-69.51370261250666,-623.3398434139377,-685.1906738462961,-2355.6278523007027,-1068.6002540988688,-950.2420810343391,-0.0,-2622.9362016614837,-41.047657313297904,-0.0,-928.9381358064717,-2322.9730166492336,-698.8672953873704,-489.9440222698927,-1239.3901675303339,-259.3264843401373,-645.1562397030358,-751.9963164722217,-1041.6964158441228,-252.07321815971073,-1622.2007481427934,15.720108100113706,-369.5816665982358,-0.0,-0.0,-772.2562986010159,-3525.2979466058136,-0.0,-912.7102842092063,-498.75613414977806,-0.0,-349.07044898682057,-538.6978292250168,-747.3132693761997,-239.21385191431406,-0.0,-0.0,-0.0,-0.0,-0.0,-41.55954187146634,-0.0,-659.8339443915976,-0.0,-0.0,-633.8473155798125,-1011.5142415733529,-2486.7677223369396,-424.18944479372755,-604.6051034776144,-97.72136773945543,-1969.4652222388154,-0.0,-784.6555552062673,-513.1709105454381,-436.1812665652769,-1277.8929986888206,-965.0550665994315,-1513.2505274109044,14.703633426271407,-396.9329423037906,-0.0,-1057.8260608937208,-1041.62262841365,-133.71146928166655,3.589569732850702,-2442.7551190401205,-1095.0298581250054,-641.3328758500331,-0.0,-681.6698670765619,-712.5546342265139,-518.8144421266687,-2093.8688164582672,-3.5606820809186566,-0.0,29.2266712632461,-0.0,-0.0,-213.45926007580496,-3699.772806495343,-178.27914605978864,-1524.6416428571988,-3301.9181147751983,-0.0,-4476.825730294718,-252.29716119411876,-1952.549377821052,334.3188867556634,-0.0,1550.5559841725203,-833.7122459182993,-0.0,-1961.9479274069752,-0.0,-68.83794258555167,-41.84205201374218,-0.0,-0.0,-0.0,39.849699541698875,-0.0,-0.0,-0.0,-585.0021980131571,-1305.6262260698072,-759.7908834161593,-0.0,-3209.173280666747,-0.0,-0.0,-0.0,-241.21679242927178,-351.4002500298775,-0.0,-2154.138677928779,-0.0,-0.0,-3264.593722724032,-0.0,-24.956917338977938,7.51616475393893,-445.0630202353337,-20.401485750100008,-0.0,-0.0,-233.38145844519306,-0.0,-0.0,-1284.9606471910495,-1203.2543383904501,-1312.9307274305786,-0.0,-296.8280195281749,154.22968918682233,-357.18789876775776,-14592.131675183588,-0.0,-617.0307429038642,-1280.0726277718595,-636.6740938725443,-0.0,-33.015991279132415,-15.122914418514977,-245.88704220165494,-1018.3645568250015,-0.0,-0.0,-0.0,-493.92560830937333,-2290.5060986029166,-1387.728728983482,-0.0,-0.0,-0.0,-278.62714828886175,79.07642585192113,-8.066437508693705,-1187.1767878711935,-0.0,-0.0,-970.0415242580915,-0.0,-0.0,-0.0,-2484.488736191169,-1016.3614356009242,-0.0,-1157.7744748237278,-578.4075550170363,-223.53028921860314,-633.2237598198916,-1094.0324456514722,84.90584866201245,-1198.0916916977287,-1118.892484715749,23.573012696466623,-1814.9170816991584,-0.0,-0.0,-0.0,-0.0,-431.6266866203877,-0.0,-0.0,-592.8435179295383,-894.264873621577,-662.8952775656207,-0.0,1528.4416427484473,1219.074004628139,1326.157355130302,-0.0,-0.0,-0.0,-877.4627918403304,-38.94267800564712,-793.6375628239872,-74.32534498505409,-597.2199611969867,-1697.9406706735133,-1182.7120455087634,-2040.8033126464275,-0.0,-0.0,-0.0,-0.0,-446.2407039237715,-748.5204567524393,-1566.560975718046,-420.8145188115493,-1441.2124222724194,-1655.9086627099957,-2058.9872435488046,-0.0,451.45591712097223,-422.05239741133755,-373.02344187561164,-122.7473640200653,-4433.388963705309,-66.59180276299367,-0.0,-846.8902378847508,-1459.609555811089,-0.0,-58.36631979089963,132.3773763246071,-81.07160500225315,-476.17149231256667,-2002.2379356499482,-150.41276232229316,-1755.9398679505464,-0.0,-1814.6232325597268,-1853.5001513031063,-1258.2595323474616,-0.0,-1549.445602628164,-341.1004021197401,-650.7953060783893,-1073.6690182792945,114.57673552876271,-1714.7850710158218,-1317.0387141795834,-0.0,-111.26504058632842,-0.0,-0.0,-0.0,-1024.001943240624,-605.4260244718041,-0.0,-0.0,-0.0,-3273.9126838768952,-1751.727634863646,-0.0,-0.0,-3.84231158579931,-1484.9153200487426,-839.6543269832671,-0.0,-736.0123026863623,-1255.5160193957008,-505.00201709126884,-23.562547588602957,-980.2945236423042,-7.047705931697673,-1422.5857078081963,-1613.995188714209,-0.0,-0.0,-38.40944096485441,-0.0,-0.0,-1237.229795940689,-81.126165681748,-478.1549075907171,-0.0,-0.0,-0.0,-839.6472881529304,-300.62198883552884,-107.04660084915079,-445.2370756142411,-233.92420208467712,-1976.379774479047,-326.2489913915277,-518.2978195306835,-1065.6886914770641,-0.0,-371.1251009175781,-0.0,-1928.2482372257323,-1494.5974702418134,-1541.7464103916388,-394.86204832926114,-239.74100610230246,69.18436404044702,-959.991284113345,24.256661090031614,-0.0,-450.98895016976235,-0.0,-0.0,-452.9312423895863,-121.13064912574667,-2722.611300271071,-2840.749811712764,-526.5764354981691,-0.0,-0.0,-902.0172773376086,279.1014192038686,-0.0,-0.0,-0.0,-1044.517718061849,-47.16262536059591,-496.5600853895072,-3756.183929839748,-1390.7256885985728,-1111.2889255440277,-411.5495712112089,-178.46747402281125,-1190.4329767009526,-685.3779558190549,-523.3173824779686,-0.0,-658.7688157912336,-629.0420115024009,-1864.7516946489857,-0.0,4.205496408153149,-12.56949439627662,-0.0,-0.0,-1692.2883176909713,-0.0,-3799.8828361638507,-1198.9298938255547,2282.2831485074207,2832.2281596281277,-0.0,-0.0,-735.2216083350984,-1017.5937544577342,-567.8592520562553,-331.4171710719849,-3050.2545374157244,-626.3544120304481,-0.0,-0.0,-0.0,-1147.8302858944508,-701.918933547661,-181.45121729029532,-2282.0384565462145,-1149.6972790889126,-26.587270863369756,-406.6267398461177,-1094.6971917087667,-278.6159891979607,-504.7161244798415,-0.0,-63.074027930824,49.937576732964715,-954.0555595015582,-152.00615321841,-0.0,68.00314056938548,119.01155056359306,-179.0184574203919,-1234.9984374818348,-2012.484504680307,-57.88716820311713,-868.8464386159307,-1426.8229669594537,-0.0,-0.0,-681.0464110188758,-0.0,-0.0,-0.0,-0.0,-668.3456606119971,-22.154944243207222,-1370.3111499342842,-1275.902025968137,-2384.185284570258,-1235.7886491852942,-0.0,-613.4726305721083,-0.0,-1430.333595380749,-1696.9751637827817,-1271.1938732376643,-954.460202656482,-0.0,-2055.700215527942,-0.0,-0.0,-0.0,-3241.610963986653,-1180.6189668132608,-279.09659600576117,-910.2378243882017,-831.0582873751132,-856.0865954289594,-0.0,-0.0,-0.0,-41.45827801233292,-4856.382582054821,-681.9503065403948,-1979.4276569347226,-3612.590864172416,-2139.6693139077283,-424.81689416936854,-0.0,-1687.6714332460122,-736.7598643390943,-0.0,-336.77884729589215,-368.0162076395419,-37.92897639663641,-1017.7716617146999,-250.2803729333376,1363.173780032201,-424.33185086388437,-0.0,-0.0,-974.7959080033924,-831.6986121868473,-2452.467350043428,-269.3669515666858,-0.0,-0.0,-522.7472458314464,-0.0,-0.0,-0.0,-0.0,-1269.4307269360843,-651.6092070337546,-1343.6674791626342,-453.87990358824175,-3.636911155122118,-694.0444921694242,-0.0,-0.0,-0.0,-0.0,-2419.2986369008368,-0.0,-0.0,-0.0,-0.0,-0.0,-0.0,-734.6932732107061,-0.0,-2518.5545391150245,-511.9907483055531,-222.5422097380878,-1217.4971610069365,-0.0,-0.0,-1389.8112296513732,-1353.7078940418664,-3.6144851128523214,-466.61113968745644,-55.0874993632019,-1839.3919516943813,-888.4225340211956,-0.0,-3772.1197603594187,-1254.1881080054316,-0.0,-0.0,-14.269793471164476,-401.54378061365105,-1160.1016794627474,-0.0,-0.0,-23.2490798349605,-1438.6266838448903,-568.7413876891753,-321.27778544798974,-71.17136132488787,-1795.8869358926056,-0.0,-0.0,-0.0,-0.0,-0.0,-542.5452842112342,-472.8492773823693,-563.228202944327,-4217.110921547956,-1599.729097404073,-1221.7178283483347,-96.48736468830671,-1064.2857014140222,-1069.983381362059,7.218319011460466,-0.0,-0.0,-0.0,-572.8743513986557,-433.796759887509,-1726.2694830112314,-575.2061533479302,-0.0,-1577.067961130656,-0.0,-674.7555651914034,-0.0,-0.0,-1939.4814771034166,-524.0461935412671,-548.8004591194758,-1416.763242027781,-117.39093291118664,-11.712694686846985,-683.3670624268909,-1405.0536105755136,-0.0,-443.66418884447535,-1196.5583279372074,-3812.3256654178954,-0.0,-281.2560628674619,-2036.7344223844414,-1313.1256292389053,-1247.4393753764562,-487.1065364192032,-1148.8288324198954,-0.0,-333.72475032434187,-0.0,-245.00459779503015,706.7014593926771,-0.0,-0.0,965.7098612499549,-0.0,-2146.6599499242216,-708.7377938644933,-1059.7311830637302,-1139.6040088757125,-1465.744724509554,-355.4371542058654,-141.02108161879877,-0.0,-0.0,-851.5261256872594,-1049.6602211064437,-759.7354340515495,-0.0,291.48658753179666,325.07638536781235,-224.47538082378588,-2667.9605809011628,-2042.4552962298462,-0.0,-0.0,-1378.8248882713904,-3765.7970816483953,-2550.339790828039,-500.8588422879806,-1028.4840060640754,-1080.414268350796,-0.0,-208.54762198188882,-0.0,-601.5457729499248,-251.99398217866965,-1598.6944385072811,-2568.6918696909343,-310.25776948978597,-513.0465011354759,-4435.136268247291,-1381.3741347330895,-549.4822309257149,-243.64968675020435,-1478.2620437047194,-713.4259531412762,-3.871320752391704,-1522.556365075531,-1530.1988507800913,-0.0,-0.0,-686.7096904069247,-1253.0250646174325,-337.04087959032944,-3.7271618895490897,-0.0,-0.0,-0.0,-0.0,-0.0,-36.42091697317313,-737.6725660479595,609.7568827344558,-434.6515606415736,-846.6649127602777,-504.71450657283054,-932.0928728689535,-1538.757381335104,-1164.5118770681593,-1615.1351415770193,-260.44226579184044,-580.8898350740789,-1509.87492296974,-691.4693562515597,-0.0,2777.1170281217546,-260.76277466444867,-71.44806766560858,-0.0,-979.2478885762547,-614.1341523058427,-1423.2369229393485,-1751.342203110071,-2334.0106278773833,-0.0,-0.0,-0.0,-0.0,-1059.6224887002152,-1556.0812723176043,-0.0,-878.773469065784,-7.727348370666971,-0.0,-0.0,-0.0,-2677.9186737218993,-844.2843686413178,-171.48257739869248,-50.74729696274065,-0.0,-0.0,-1216.2023614971754,-1389.1010241387755,-768.2123850273525,500.62907682811965,30.38902564245275,-0.0,-21.289082735624078,-0.0,-1471.8980524909184,-509.232220597154,-1330.542830781733,-1601.0213787891641,-1663.6913222715139,-41.306721433826674,-0.0,-0.0,-1937.911418238866,-347.4212533465182,-0.0,-0.0,-209.09485105163634,-0.0,-41.48557985112007,-0.0,-1369.2577848717624,-780.359505626719,-0.0,-71.71251064147233,639.5513032888821,-0.0,-193.54061364758167,-2413.6806085338308,-0.0,-0.0,-719.9663614767776,14.307259388095733,-0.0,-0.0,-761.5845774828197,-1387.3162360334727,-0.0,-823.0324756894937,-0.0,-1090.5393610189594,1650.2847507246715,24.58898531955463,-1644.4201900970643,-1792.1715930282612,1066.0724619715102,-0.0,-2220.3790807833966,-746.2717999687235,-930.2531095880865,-0.0,-609.2275986403914,-129.7422545401085,829.5782163900509,-408.2848636463029,-1461.5106342760475,-0.0,-0.0,-0.0,-869.3677784305918,-599.1570302512062,-749.0996620160428,-918.3213479675182,-1104.7882877223997,-27.117726149954258,-1082.8679669744274,-1025.606886959006,-1288.8685860048122,-0.0,-0.0,-481.9164911053701,724.9433923606629,-6379.317779432779,-0.0,-1205.9414043881316,-1859.568269498691,-879.2379378182197,-783.4898900560918,-62.811411807793085,-2653.3286234365455,-366.2313347474883,-0.0,-1034.153721029711,-826.2026405355765,-631.5976008730925,-0.0,-1443.6841331921948,-1896.6497792530804,-28.116143520926364,-1116.226889367981,-2589.7187665485803,440.5323802885091,-0.0,-414.167407839462,-156.03587381476024,-1178.9544691873214,-981.5427947716006,104.94171327276032,-117.59406294221522,-826.9393595758639,-470.25476088000215,-532.2925261664074,-655.8048026814251,-531.0372023938243,-0.0,-1331.5682901295493,-0.0,-1124.3810908269793,-654.9136724419931,-151.363985336793,-0.0,-1622.340014641191,-4711.993480088189,-0.0,-426.0167546797219,-0.0,-2457.1556038935887,-232.4626193311219,-0.0,-383.97664098221054,-418.8206161155237,-0.0,-2095.7571703087124,-1495.0666873843638,-0.0,-4118.129042488274,-116.42123769073054,-1251.6297074141282,-1378.1824701181736,-1697.8008545566445,-111.15121151390916,-0.0,-929.7207330248795,-2072.1814493348406,-561.8319486849796,-974.6257431784954,-1059.9655354711585,-1717.0952969715538,-2342.3055043717527,-938.7911630969134,-1795.422145251295,60.26479132283539,-0.0,-283.52299589084254,-1224.8354163621127,-1041.8527312067802,-0.0,-0.0,-0.0,-408.12880010242327,-480.08589509261986,7.295119301086553,-566.9259681646682,-0.0,-1151.5769310940452,-717.9722319619272,-580.7584413211057,-0.0,-0.0,-281.6771011114333,-1534.7057665259858,-973.1149916700226,-301.338387802607,-887.5835146846101,-32.749189173212145,-0.0,-0.0,-3027.6149117458613,-1092.8166717207143,-0.0,-0.0,-0.0,-85.71576900607137,-1029.6454024436848,-48.908261926174895,-1736.486131075323,-1684.8412110533905,111.31422902457714,-0.0,-565.1103102869553,-0.0,654.7497767029184,-123.97586693624922,-0.0,-1565.1505988289832,-306.2546400402021,-1731.8671672981689,-0.0,-1477.7908314907327,-583.0821573731708,-192.52516727218014,-12.039033860507693,-35.02126631354581,-0.0,-0.0,-684.0935216748948,-1260.9463190807314,-0.0,-521.8518670444802,-0.0,-340.74920629201176,-511.7149163744848,-0.0,121.31062425074654,711.6530920215026,676.1653818042007,824.3861297003644,726.7639350383527,768.4286782321643,-0.0,-0.0,-0.0,-0.0,-0.0,80.74283380247442,-0.0,-0.0,-537.9307459685062,-147.9581973975467,-472.9926543687976,-85.1141296373953,-0.0,-899.6589735483728,-1541.942719403324,-1667.2706528301026,-231.51118827254024,-201.1313668980537,-0.0,-0.0,-620.5150772611814,-0.0,-0.0,-0.0,-0.0,-2853.7716652815184,-0.0,-41.62966780028044,870.9581818965767,-0.0,-1016.6069433289022,-535.6407938128259,1510.4446153096842,-844.6138220970176,-0.0,-3050.825843663672,-1983.842898597184,-193.64011232429243,-817.516235049544,-1278.6750276725381,-535.9719719744878,1138.8801058318575,-74.24926473163853,-559.4838293270744,-0.0,-0.0,-494.1987976633356,-0.0,-753.1314702412959,-0.0,-440.09075917476656,-35.715619858081226,-0.0,-0.0,-1061.8908939088672,-0.0,-0.0,-499.8702326913035,-1217.5866081807853,-1774.1094350616306,-0.0,-0.0,-0.0,-1637.4404585209832,-0.0,-1085.5619065185915,21.485450132117496,-0.0,-0.0,-1125.453550651842,-859.4305231659642,-1219.3429506013147,-360.57559638564794,-0.0,-1311.7901439785628,-265.15064029392187,-0.0,-0.0,3.7492043212488855,-36.106677016187014,-4385.175886476669,-0.0,-112.82678921649932,-29.829878247226564,407.8823990340001,-80.98657117695019,-941.237101373342,-855.3794754844126,-425.2107718146107,-0.0,-0.0,-1698.321839022485,-0.0,-0.0,-0.0,-0.0,-0.0,-0.0,-0.0,-159.4817007105267,-0.0,-0.0,-1891.6442607142474,-6897.665297953178,-111.60698654293076,33.42775134407066,-425.7430170270499,-673.1141801839193,-107.27710303430928,-4174.687133964203,-255.68449850461042,-291.5797657377455,-0.0,-0.0,-0.0,-1921.4183774651563,-0.0,-36.91043999770218,-0.0,-0.0,-0.0,-461.3088302647503,-10.95778417473549,-262.1015774331698,-1408.911633860131,-609.8967092853852,-70.17917077779084,-2448.4606929159513,-0.0,-81.631150429574,-2077.23314635583,-0.0,-1056.8439159366774,-71.9607272120414,-1480.5467509439081,-0.0,-0.0,-1036.6055818755572,-573.8058429340452,-32.93298054070241,-821.3869294302372,-789.6873387807372,-673.9646952250514,-160.53741067494332,-663.7288721554096,-693.9288307432843,-2149.583636909081,-973.3255274876382,-0.0,-1485.3339495362052,-347.60709300411656,-652.6457037886971,-0.0,-0.0,-960.8096968817563,-2235.204726332283,-798.6926864506019,-0.0,-0.0,-0.0,-3805.0040704395988,-775.9959677771293,-186.81301087134256,-319.64448459934425,-40.55876083899332,-3517.824705718088,-0.0,-0.0,-2167.141072756966,-814.6827582200057,-0.0,-0.0,-0.0,-79.88812720603691,-0.0,-1800.4755189157938,-1720.2789061425165,-0.0,-318.78531683433,231.3341168114823,-0.0,-0.0,-0.0,-961.5966536731364,22.68411560548714,-2311.757515869782,-533.5836770261408,-1077.4134795123218,-650.4325176616932,-3408.210541108775,-1569.4786032838329,205.06687800049932,-0.0,-2976.248759750806,-0.0,-0.0,-0.0,-1219.2174593841994,-719.7371303604924,-1480.7174907455537,-0.0,-0.0,-835.0157171163287,-1439.0610251014552,-650.6115953792595,-471.07530670399177,-0.0,-0.0,-1234.483087671024,-0.0,-0.0,-0.0,-0.0,-0.0,-0.0,-528.3420311757079,-71.99329760051498,-1268.9534049867607,-0.0,-655.5534074143086,-1154.7425393513658,-32.61670393786,-0.0,-0.0,-0.0,-0.0,-0.0,-0.0,-0.0,-0.0,-0.0,-0.0,-1104.10536179128,-1894.2034123465025,-0.0,311.92364537581506,-0.0,-642.8145670479521,-94.83137720442612,-0.0,-723.9375225191477,-420.03323271677584,-83.16570963137178,-1895.2842110506783,-477.3575088016099,-2740.105629064386,-168.43270399923117,-2126.721422682692,-1738.2214688816523,-855.2231671618799,-4.177112122598821,-0.0,-1070.1284512617458,-2089.947697864954,-2358.646381607231,-73.5691539024661,-227.0689099470679,-1660.473856714919,-0.0,-2528.6400844777227,-377.312594055279,-0.0,-1626.1426919194582,-0.0,-771.8483406024608,-0.0,-2379.560670142714,-0.0,-0.0,-85.46779087960161,-1003.8364227080327,-523.2706700504621,-0.0,-1337.1344247315042,74.35555153532313,352.45982478564724,333.36476577986593,-259.5112412166905,-1652.6725919777243,-581.8353336599797,-0.0,-0.0,-5117.34307293545,-1072.4976896359126,-0.0,458.924292975762,-0.0,-1854.1211042790715,-492.73477085166,-670.9959512385997,-0.0,-0.0,555.8568138374767,-0.0,-841.4770040711744,-1188.2466396115813,-1792.642091986219,-0.0,-581.6616511111725,-2983.303268570034,-960.0198053730195,-0.0,-1355.9697711006138,-127.49384638221562,-1126.9431563544968,-0.0,-909.5944792627168,-0.0,-0.0,-0.0,-851.2759617506982,-0.0,505.0575991950754,-0.0,-369.2578419909108,-721.2344577703905,-422.2348241902758,-1001.7890146547901,-603.2198837697584,-1749.6581605098813,-1165.4431401725255,-0.0,542.0586291318774,-2260.2720580494297,-1541.4414053408643,-675.4610029993614,-0.0,-0.0,-0.0,-142.0945731906488,-1051.0656138116215,-289.0903190777785,-808.9748262508654,-2007.097906735683,-2775.816986303525,136.37599140111402,774.8183903784371,668.6547863295838,-0.0,-0.0,113.32547766373554,-30.4339111117824,9050.757988138155,10621.39772896575,5507.936813894777,10252.43095121485,9990.623505809344,9178.148585606741,-0.0,-0.0,-0.0,-0.0,-0.0,-1386.4132215399256,-1326.3001010501275,-895.0151272585622,-0.0,-2295.5641861763456,-577.3559838943894,-1003.959343294531,-31.45378775657152,-688.330700518581,-1318.0470410323132,-1035.6671606653706,-1153.06945333582,-0.0,-2847.626174080094,-1767.8900142264854,-641.1998424846927,-116.90350202979472,-3165.235853640036,-0.0,-214.94655565608235,-0.0,-10.86356328857787,-0.0,-108.93710923176528,-275.69247782846725,-1046.4501603440826,-804.4839300956303,-0.0,-0.0,-0.0,-2279.3609125339935,-0.0,-0.0,-239.47437575311497,-967.6246098039144,-999.7106582777682,-82.79424061423856,-1232.474563466856,-1694.9553922160426,-308.30247300471103,-0.0,-0.0,-109.5232620926307,-1177.0075250813672,-317.4828308932017,-0.0,-5437.499819032969,281.6291934603615,-0.0,-0.0,-0.0,-33.94954385555359,-422.82040024552765,-0.0,-0.0,-1169.7972228570618,-2208.2170860817946,-1237.7813389225926,-381.0795509201738,-432.65744303406865,-462.3935302999742,469.6471222296057,-1328.0278104602423,-0.0,-539.5384407916118,-2558.153473477287,-474.7155624698313,-8.37479301079172,-0.0,-5.170135475107791,-0.0,-0.0,-0.0,-1182.2354423447564,-389.5045678544291,-1333.5310800737514,-0.0,-0.0,-0.0,-251.4994122848331,-502.5284931651246,-1401.3538009675103,-2750.680673922522,-368.7555797274334,-189.80540430193506,-0.0,817.2072811392923,-0.0,-1132.2842542136425,-155.96204320965708,-0.0,-0.0,961.464746101897,-0.0,-1535.825791532308,-0.0,-0.0,-0.0,-194.16839677513056,-1956.7150186892638,-1621.5198256475883,-25.365314825443303,-2248.265659430664,-1506.2998690355787,-25.739441173641143,-25.33374199660833,-71.32392459687777,-0.0,-0.0,-1990.4717916136044,-0.0,-5586.431066424763,-0.0,-1480.1498669579275,-256.0943098360885,142.68212857403267,-0.0,-54.86939961507298,-1301.561482691341,-1469.0279527788296,-518.7973858453893,-35.09263956620057,-253.36451741457682,-0.0,-0.0,-0.0,-0.0,-1185.416903727361,-852.3699744546099,-0.0,-560.3018298920374,-1223.5545451623043,-179.34508601855336,-74.48723831536496,-0.0,-0.0,-0.0,924.497765250758,-3.910783944655082,-0.0,-505.2970107716191,-833.6837066593804,-1381.0756701973346,-0.0,-0.0,-2333.253482808833,-0.0,-0.0,-0.0,-0.0,-644.8899465189032,976.4939651105088,1036.9543959095747,1181.3422763736546,-0.0,-0.0,-0.0,-576.8261712243827,-0.0,-0.0,-356.1054439217748,-647.3561016819492,-0.0,-180.95729492094398,-1335.0686443378263,-1271.7259661491762,-0.0,-0.0,-0.0,-10.713868196850683,-1424.2706954904966,-3.5843991173034957,426.059720974257,-0.0,-1668.3813895231851,-857.3219229732074,-590.2743843898278,-1630.946303333677,85.90885384673852,-257.77231425725137,-19.562191248952377,-431.63521608859594,-411.146625132709,-1054.6266645742367,-364.0836641399574,820.8109736608202,-1258.2708498018405,-215.85348507480813,-161.64959960687506,-3862.3156543705445,-2355.290979867037,642.1901205722596,-957.9638764095422,-182.5132653869792,7.739048226459053,-721.6208624802495,-1014.9222382629438,1784.4859485263255,-629.8705701850316,-664.0804306618406,-681.3662488478216,-0.0,-6663.477037610844,-0.0,-503.7834558876988,-897.4788451825144,-637.7269226970656,-895.1600326900253,-1205.1189299434413,-0.0,-939.5290593961587,-156.4803835108643,-80.59513031437596,-6933.584704799549,587.1793619087035,-165.06355401222402,-0.0,-579.5646505722772,-1251.695810748748,-0.0,-0.0,-484.1904223252928,-1761.382226492591,-70.98035206096638,-221.65321863947833,-260.8346673682989,-1185.2146119109234,-0.0,-0.0,52.50831618414802,-0.0,-0.0,-1717.642179822999,-0.0,-1757.7698354029887,-940.3456383260732,-1257.129313307335,-0.0,-0.0,-509.9278631754144,-870.7706007955722,-125.97970860870993,-0.0,-454.07619880109314,-144.61084204246498,-504.1008213041073,-0.0,-207.16521434993624,-487.657679169212,-2203.2431923376257,-954.672049349588,-1371.5819225511605,-0.0,-0.0,-1396.836125551203,-17.931440678311464,-0.0,-0.0,-1126.6348297954332,-0.0,-0.0,-0.0,-0.0,-0.0,-0.0,-0.0,-0.0,-0.0,-0.0,-106.09997785984552,-0.0,-0.0,-0.0,-0.0,-0.0,-0.0,-0.0,-0.0,-0.0,-0.0,-0.0,-310.1952112969735,-0.0,-0.0,-0.0,-0.0,-0.0,-0.0,-0.0,-0.0,-0.0,-0.0,-0.0,-0.0,-0.0,-0.0,-0.0,-0.0,-0.0,-0.0,-0.0,-0.0,-0.0,-0.0,-0.0,-0.0,-0.0,-0.0,-0.0,-0.0,-485.42162248117285,-0.0,-0.0,-0.0,-0.0,-0.0,-0.0,-0.0,-0.0,-0.0,-0.0,-0.0,-0.0,-0.0,-0.0,-0.0,-0.0,-0.0,-0.0,-0.0,-0.0,-0.0,-0.0,-0.0,-0.0,-0.0,-0.0,-0.0,-0.0,-0.0,-0.0,-0.0,-0.0,-0.0,-0.0,-0.0,-0.0,-0.0,-0.0,-0.0,-0.0,-0.0,-0.0,-0.0,-1395.4000686275176,-521.7202562980971,-1821.6817001472878,-0.0,-0.0,-0.0,-0.0,-0.0,-0.0,-0.0,-0.0,-0.0,-0.0,-0.0,-0.0,-0.0,-0.0,-0.0,-0.0,-0.0,-0.0,-0.0,-0.0,-0.0,-0.0,473.82648322243244,-0.0,-0.0,-0.0,-0.0,-0.0,-0.0,-0.0,-0.0,-0.0,-0.0,811.0305682365146,-0.0,-0.0,-0.0,-0.0,-0.0,-0.0,-235.43371521264623,-0.0,-0.0,-0.0,-0.0,-0.0,-0.0,-0.0,-0.0,-0.0,-0.0,-0.0,-0.0,-0.0,-0.0,-0.0,-0.0,-0.0,-0.0,-0.0,-0.0,-0.0,-0.0,-0.0,-0.0,-0.0,-0.0,-0.0,-991.14633344625,-0.0,-0.0,-0.0,-0.0,-0.0,-0.0,-0.0,-0.0,-0.0,-0.0,-0.0,-0.0,-0.0,-0.0,-0.0,-0.0,-0.0,-0.0,-0.0,-0.0,-0.0,-0.0,-0.0,-0.0,-0.0,-0.0,-0.0,-0.0,-0.0,-0.0,-0.0,-0.0,-0.0,-0.0,-0.0,-0.0,-0.0,-0.0,-0.0,-0.0,-0.0,-0.0,-0.0,-0.0,-0.0,-0.0,-0.0,-0.0,-739.7104031752676,-0.0,-0.0,-0.0,-0.0,-0.0,-0.0,-0.0,-0.0,-0.0,-0.0,-0.0,-0.0,-0.0,-0.0,-420.4442879606653,-0.0,-0.0,-226.29208191169275,-0.0,-0.0,-0.0,-0.0,-0.0,-0.0,314.97170173648107,-0.0,782.7297650585965,-0.0,-0.0,-0.0,-0.0,-0.0,-0.0,-0.0,-0.0,-0.0,-0.0,-0.0,-0.0,-0.0,-0.0,-0.0,-0.0,-0.0,-0.0,-0.0,-0.0,-0.0,-0.0,-0.0,-0.0,-0.0,-0.0,-0.0,-0.0,-0.0,-0.0,-0.0,-0.0,-128.26122699565488,-0.0,-0.0,-0.0,-0.0,-0.0,-0.0,-0.0,-0.0,-0.0,-0.0,-0.0,-0.0,-0.0,-0.0,-0.0,-0.0,-0.0,-0.0,-0.0,-0.0,-0.0,-0.0,-0.0,-0.0,-0.0,-823.5060873553789,-0.0,-0.0,-0.0,-0.0,-0.0,-0.0,-0.0,-0.0,-0.0,-0.0,-0.0,-0.0,-0.0,-0.0,-0.0,-0.0,-0.0,-0.0,-0.0,-0.0,-0.0,-0.0,-0.0,-0.0,-0.0,-0.0,-0.0,-0.0,-0.0,-0.0,-0.0,-0.0,-0.0,-0.0,-0.0,1191.6625892658215,-0.0,-307.38141926936424,-0.0,-0.0,-0.0,-0.0,-0.0,-0.0,-0.0,-0.0,-0.0,-0.0,-0.0,-0.0,-0.0,-0.0,-0.0,-0.0,-0.0,-0.0,-0.0,-0.0,-0.0,-0.0,-0.0,-0.0,-0.0,-0.0,-0.0,-0.0,-0.0,-0.0,200.72690041356108,-0.0,1958.205669052849,-0.0,-0.0,-0.0,-0.0,-0.0,-0.0,-0.0,-0.0,-0.0,-0.0,-0.0,-0.0,-0.0,-0.0,-0.0,-0.0,-0.0,-0.0,-0.0,-0.0,-0.0,-0.0,-0.0,-0.0,-0.0,-0.0,-0.0,-0.0,-0.0,-0.0,-0.0,-0.0,-0.0,-0.0,-0.0,-0.0,-0.0,-0.0,-2315.245086285451,-1376.4599315443415,-0.0,-0.0,-0.0,-0.0,-0.0,-0.0,-0.0,-0.0,-0.0,-0.0,-0.0,-0.0,-0.0,-0.0,-0.0,-0.0,-0.0,-0.0,-0.0,-0.0,-0.0,-0.0,-0.0,-0.0,-0.0,-0.0,-0.0,-0.0,-0.0,-0.0,-0.0,-0.0,40.99003183404844,-0.0,-0.0,-0.0,-0.0,-0.0,-0.0,-0.0,-0.0,-0.0,-0.0,-0.0,-0.0,-0.0,-0.0,-0.0,-0.0,-0.0,-0.0,678.4081577769133,-0.0,-0.0,-0.0,-0.0,-0.0,-0.0,-0.0,-0.0,-430.07705538541893,-0.0,-0.0,-0.0,-0.0,-0.0,-0.0,-0.0,-726.294843209259,-0.0,-0.0,-0.0,-0.0,-0.0,-0.0,-0.0,2124.625351281809,-0.0,-0.0,-0.0,-0.0,-0.0,-0.0,-0.0,-0.0,-0.0,-0.0,-0.0,-788.3882958755296,-0.0,-0.0,-0.0,-0.0,-0.0,-0.0,-0.0,-0.0,-0.0,-0.0,-0.0,-0.0,-0.0,-0.0,-0.0,-0.0,-0.0,-0.0,-0.0,-0.0,-0.0,-0.0,-0.0,-0.0,-0.0,-0.0,-0.0,-0.0,-0.0,-0.0,-0.0,89.89800103799207,-0.0,-0.0,-0.0,-0.0,-0.0,-0.0,-0.0,-0.0,569.6978503588431,-0.0,-0.0,-0.0,-0.0,-0.0,-0.0,-0.0,-352.9456776865238,-0.0,-0.0,-0.0,-0.0,-0.0,-0.0,-0.0,-0.0,-0.0,-75.36709350201771,-0.0,-0.0,-0.0,-0.0,-0.0,-0.0,-0.0,-0.0,-0.0,-0.0,-0.0,-0.0,-0.0,-0.0,-0.0,-0.0,-0.0,-0.0,-0.0,-0.0,-0.0,-0.0,-0.0,-0.0,-0.0,-0.0,-0.0,-1745.5831355076477,-0.0,-0.0,-0.0,-0.0,-0.0,-70.9381556748069,-0.0,-0.0,-0.0,-0.0,-0.0,-0.0,-0.0,-0.0,-0.0,-0.0,-0.0,-0.0,-0.0,-0.0,-0.0,-0.0,-0.0,-0.0,-0.0,-0.0,-0.0,-0.0,-0.0,-0.0,-0.0,-0.0,-0.0,-0.0,-0.0,-0.0,-0.0,-0.0,-0.0,-0.0,-0.0,-0.0,-0.0,-0.0,-0.0,-0.0,-0.0,-0.0,-0.0,-0.0,-0.0,-0.0,-0.0,-0.0,-0.0,-0.0,-0.0,-0.0,-0.0,-0.0,-0.0,-0.0,-0.0,-0.0,-0.0,-0.0,-0.0,-0.0,-0.0,-0.0,-0.0,-0.0,-0.0,-0.0,-0.0,-0.0,-0.0,-0.0,-0.0,-0.0,-0.0,-1300.4109904622967,-0.0,-0.0,-0.0,-0.0,-0.0,-0.0,-0.0,-0.0,-0.0,-1832.8518759098222,-0.0,-0.0,-0.0,-0.0,-0.0,-0.0,-0.0,-0.0,-0.0,-167.43309073596512,-0.0,-0.0,-0.0,-0.0,-0.0,-0.0,-0.0,-0.0,-0.0,-0.0,-0.0,-0.0,-0.0,-0.0,-0.0,-0.0,-0.0,-0.0,-0.0,-0.0,-0.0,-0.0,-0.0,-0.0,-0.0,370.100682205903,-0.0,-0.0,-0.0,-0.0,-147.97115221243968,-0.0,-0.0,-0.0,-0.0,-0.0,-0.0,-0.0,-0.0,-0.0,-0.0,-0.0,-0.0,-0.0,-0.0,-0.0,-0.0,-0.0,-0.0,-0.0,-0.0,-0.0,-0.0,-0.0,-0.0,-0.0,-0.0,-0.0,-0.0,-0.0,-0.0,-0.0,-0.0,-0.0,-0.0,-0.0,-0.0,-0.0,-0.0,-0.0,-0.0,-0.0,-0.0,-0.0,-0.0,-0.0,-0.0,-0.0,-0.0,-0.0,-0.0,-0.0,-0.0,-0.0,-0.0,-0.0,-0.0,-0.0,-0.0,-0.0,-0.0,-0.0,-0.0,-0.0,-0.0,-0.0,-0.0,-0.0,-0.0,-0.0,-0.0,-0.0,-0.0,-0.0,-0.0,-0.0,-0.0,-0.0,-0.0,-0.0,-0.0,-0.0,-0.0,-0.0,-0.0,-0.0,-0.0,-0.0,-0.0,-0.0,-0.0,-0.0,-0.0,-0.0,-0.0,-0.0,-0.0,-0.0,-0.0,-0.0,-0.0,-0.0,-0.0,-0.0,-0.0,-0.0,-0.0,-0.0,-0.0,-0.0,-0.0,-0.0,-0.0,-0.0,-0.0,-0.0,-0.0,-0.0,-0.0,-0.0,-0.0,-0.0,-0.0,-0.0,-0.0,-0.0,-0.0,-0.0,-0.0,-0.0,-0.0,-0.0,-0.0,-0.0,-0.0,-0.0,-0.0,-0.0,-0.0,-0.0,-0.0,-5218.985075001226,-50.75006985271691,29943.951558778048,-3361.3895363965817,-3735.4075259841075,81147.94274473027,-0.0,-6198.782535636823,801.7125614124959,1713.1643430902488,-24669.57286774834,-0.0,-4779.1402472811515,-0.0,-0.0,32636.230025819677,-12064.015919594382,3735.336879188238,6086.202311520407,-4389.879164876756,-23585.959458078025,-8991.099283658667,55.00456447384611,-96.38449118357475,-6679.8296167994,-0.0,-12520.06128002148,-19133.688492698246,14989.454846223343,-547.6827909075844,7.831965202658427,44212.983693601775,-3022.82067562687,-104543.35028381743,-2970.114156652267,-21246.109507874306,-16279.162776220755,-6173.817175370359,-5544.8834612970095,-14178.771487877853,11351.354279111696,-2285.3012085475616,-4050.7202044794153,-3536.0656602789995,-12152.530688589062,6937.292170637243,37950.60915766216,-826.8230589549197,59.968373498803935,19816.16675784126,5419.233165544751,-525.0186556533371,14787.640257484092,7702.223594764376,-5390.055143745935,-7576.313865297403,-3839.2384877361987,395.8205488761115,-0.0,-0.0,-265.91574395183693,-8048.888889996863,-3255.5783417219454,-2983.777353445655,-1491.1782145752604,-4555.99976646054,9311.701380702752,4171.458529282062,-8133.115634867665,19840.251598482446,-20193.09932226274,-32109.407356871146,73889.70088537724,-20628.943665057417,-8440.402228405777,-2168.0577130321417,-3471.3884871355144,-5450.257801726716,-5341.977646822216,-34580.22777900883,-0.0,-12664.976628208182,-0.0,2840.166151857007,-0.0,-0.0,-13136.85897195985,-1331.476903804293,-0.0,-0.0,3752.9682143936625,-0.0,-0.0,-0.0,-6979.118713768248,-4323.7313880633155,-7180.521931194395,-8351.053985343837,8439.979186473754,-0.0,-28024.705768403604,39828.02510878931,-0.0,-0.0,-17890.831015801203,-10627.119556194677,170.2628558086872,48.82289584746232,-0.0,55409.89277971694,-0.0,-0.0,-0.0,-0.0,50636.10174539711,-996.3644345907828,-0.0,-9608.351230701013,-0.0,-6197.69323770993,-1274.6888365821626,-3296.3873582623437,-16056.425274942916,11653.714338096182,-1378.2999825548175,-8496.130988093002,-0.0,-0.0,-4579.4581763513825,-6371.731722365735,-10532.663140845943,52570.023300245666,-0.0,-185.82054571751166,12170.259625820341,3621.8577287371118,-1816.7065147527032,748.8241318043573,4962.894751233232,-3337.1639723931403,-88.28308969065372,-17692.52590780248,444.5765560122665,13541.39822578458,-709.5442839702962,11948.748633422694,49940.72925134038,2658.598627383881,-68.10581345643261,8751.670753998607,-1822.2674188454102,-7657.371308437905,-8842.334922067339,-16241.52181032261,-0.0,6330.00410955828,16317.996616482094,24989.6948637893,-10275.091235417704,6938.011648596016,8857.269274923468,-8875.075667891726,16623.862978510435,-14610.010485869918,-0.0,4491.981484565157,-11838.190480073607,-18091.834989831594,-7573.43956098872,22312.219970576796,3199.242272580135,-0.0,-5467.943027732549,-0.0,-2678.8682633219737,93.82261689403013,-3825.1564290482656,-0.0,199.50444364991628,-277.2072390013813,-20993.302079524365,-13235.088841955745,22742.53624653647,-7754.931088407726,3618.2329075494686,6247.96840553341,-7228.580645385909,-5092.716096849285,-11494.403083185216,-0.0,-2049.2678399336755,-1647.3148473994881,-0.0,1067.3428114961866,-397.6607221964547,-0.0,-0.0,-13313.024662068166,-2951.6233133757914,2946.7939429196845,-4345.426260897769,-0.0,-0.0,-0.0,58205.95711754267,22113.728427275535,-0.0,120.22576019826005,12174.748555523041,-0.0,-4196.239582147521,-2509.7739037644533,-0.0,-4043.922164668693,-7689.818582390242,100934.24304806266,-11330.752581273993,-7852.104265116375,-29919.480049580732,-0.0,1432.9453035820409,3119.9108165269636,-9677.318127132277,29468.338470800743,-6959.862454483891,-35931.261711826824,-13059.456214244487,-8979.57103939804,-0.0,1343.4646449089976,-4512.401494072542,22150.821284285306,-156.7074160649529,-398.97769796740334,-10587.003854675833,-8982.427257387757,27603.947210461254,-0.0,-2059.993237606577,791.2235595759266,-0.0,-0.0,-0.0,-0.0,-0.0,-0.0,-0.0,-0.0,-0.0,-0.0,-0.0,-0.0,-0.0,-0.0,-1858.5050285022596,-0.0,-0.0,3284.177135925019,-13485.713916030762,-616.6395145866379,-8927.040124050678,22787.94019607026,8594.612950511202,-3889.092715849107,3319.83264837726,37208.97343682196,-0.0,-0.0,-4367.4285824035915,2738.164601933263,-6625.389752210931,-9083.971450684712,-0.0,-37.09222549114553,8698.826515222117,-4904.277679508414,-2560.013375285859,3377.701650494729,-24601.586593126696,28880.560336834686,-5981.174822968916,-1074.1261974224549,14160.29088570557,-0.0,-0.0,-0.0,-0.0,-0.0,-0.0,844.4244108026277,45459.33622207629,-8743.875573436462,-10686.898773816489,-8268.076775094663,-0.0,-8983.535605419538,-12843.247758219375,-0.0,-0.0,-0.0,417.30236279007795,412.99951616495446,707.1647222769561,2513.848428605419,-0.0,3467.3050159192007,817.481032207015,801.4740068810282,711.2129456528386,721.4305151146548,2744.9902194578,1759.5910363359121,2839.9909365107505,2190.940760204188,2593.5101028671015,3087.2032191654234,33288.317583640375,36345.784075850985,35886.32691984462,32947.36104940693,8583.231267644902,8298.7580660976,8448.671751899934,9112.077461537374,5297.331376138502,1976.6466041879426,1960.665753395997,2200.2180127021775,2247.665507880132,2135.0479686250555,5141.119041808241,4070.6791200549346,1195.9628084969256,1446.1925749330278,617.7882144050545,352.6739978455095,523.4865425668886,38651.92292982024,33565.316539855055,37209.77814653492,32732.184707944787,49734.17440418034,53503.11830516293,1255.3240109987032,1105.1584957167174,1150.4947860131563,1212.2415288430038,1063.1131378339805,1070.1050823651763,536.1256417953767,52492.363291477435,50240.286466575686,45521.52297466607,2437.3515653064296,2784.797538137833,2798.1520505720723,-0.0,7478.12998266535,8306.58943770784,38209.73658306168,33406.532157067304,35247.87127712517,58515.93920630678,59164.794415809476,58975.80631269612,59591.53403378911,2362.0881370710354,2404.876482796542,4733.758012938897,-0.0,19755.101697244743,19692.027273349107,-0.0,1416.505621507249,1479.5477310743343,1528.8665633916694,1593.8978704933518,1440.8616893242727,1382.738341681229,32539.40134239578,38498.976176532895,38881.97988346534,36390.286183628654,1100.7729580982402,1042.7996903111825,-0.0,-0.0,16439.770158997515,30963.170259340448,35248.047814951555,32149.423327638215,34928.30849512418,-0.0,53476.15734883976,47816.41216818793,919.8871514572385,1954.6507094611593,1860.0350485742458,1995.348999351269,2090.2134982677035,2348.976425487647,46093.07744680223,51025.64583019499,-0.0,-0.0,16766.54919943874,1001.5712245603606,35133.3124943674,37371.166042422956,36732.11302213728,35108.439933577014,32965.8388737549,33787.67842034074,-0.0,15944.815865880477,10150.173527666168,-0.0,-0.0,1411.7883433686507,1363.675138449395,716.801280457984,765.4012367490064,449.26310030777194,415.484044469625,-0.0,1109.6934087860598,1098.092183494066,973.2003728624053,1130.7021597787873,-0.0,1663.1404890781969,1656.5286771227902,1733.3432486765876,2101.724414126987,2079.316472030187,2130.540378207073,858.0748724477453,779.6171995435827,847.5385754663315,1330.472228318071,1024.9090242366285,959.6385510197234,875.2188022894982,992.6587149257542,7839.852577281333,7188.012899358582,235.3371468986237,242.6228199516153,3543.1233075170467,15943.239944891971,1350.3226174891504,1387.8137987439095,-0.0,-0.0,7143.603042470569,7268.565386065556,8025.353298127795,7366.132805919892,1865.785294955269,1875.2946596998374,34461.08173343202,34616.49663687138,7823.227443038248,7623.21827211962,-0.0,53109.72033980954,1907.8860547569661,2015.234220759947,1097.3634780474347,46547.35193080053,46339.49459507682,51907.396057986676,51101.173137754246,182.71334980648683,56333.08817781059,49228.564563772066,-0.0,-0.0,23063.41466708765,-0.0,1141.6877099429464,1050.550772407236,1134.2158283530287,2373.9168221842465,8494.763956363984,16185.597633749963,1598.150615982136,1761.9901406855504,23.20687843187111,679.823339297695,648.0690864955696,16305.44840620363,1520.0473747196534,-0.0,-0.0,-0.0,1036.0108400235833,-0.0,1140.7286303133596,-0.0,5600.141782272104,5871.875584554082,5184.875464718413,5440.714317733328,863.7600305916116,-0.0,803.8066306616232,-0.0,-0.0,913.4687104943216,1054.5912887760066,875.2646286391797,787.6575390612257,820.4656190205324,806.8968381341118,1808.770351001018,1750.5051159145487,1572.7219593451773,-0.0,2843.2275136072476,2629.926838623515,2726.357311397518,2963.0014926126883,4475.322813296417,51070.81752841265,47073.11409544719,11256.781836692671,21167.85830351517,16143.886946059807,15986.348514539914,1605.5357606103003,1632.0770205646613,807.6802820050276,846.9338466358796,2111.2260946277634,-0.0,36128.652183077866,32457.343824025043,1176.2221365436355,1072.7770960893115,1016.4962914138096,5086.87015643215,2803.5149143776625,3092.317504326922,33533.329929278916,32481.107572879602,34822.12225324501,37040.66462045943,-0.0,-0.0,-0.0,2511.734476512957,2364.480111765284,2249.633331725521,9794.82454407769,7437.037477837419,6131.613713738779,2131.4636642955948,2294.5764332577683
8,-0.0,-0.0,-638.6223780793072,-2098.428342433696,-503.9748610727901,-575.1383182723023,-93.65041728078691,-648.5468651705876,-641.24437819644,-0.0,-1244.5970854641073,-0.0,-0.0,-2695.3097699192435,-0.0,-612.3356337656784,-486.036833959765,-0.0,-41.88770508632857,-241.8986967908295,-306.89824930267895,-782.9968275439868,-825.4260064815743,-681.588298498537,-2206.8082827315475,-641.0851073582443,-0.0,-40.28185053607581,-2860.2494326642714,-1609.0156053547626,-0.0,-0.0,-0.0,-0.0,-0.0,-0.0,100.72899228406953,-201.63916645692018,-1884.493082940102,-1576.2563699707,-0.0,-0.0,-126.39904589819784,-588.8863348804856,-141.49313675782622,-0.0,671.4230891406434,-1513.8305539837318,-402.039116766895,-0.0,-0.0,-258.15904018822107,-0.0,-11.80428794481215,-1928.4403774695224,-2815.7732835309134,186.4875413528994,-5795.903062628803,-207.08266855859367,-0.0,-1724.0489158880102,-0.0,-742.2325906650119,-2619.345384207103,-502.09754317381373,-498.33938628296073,-41.13933348249466,-1981.1631289412244,-891.9389411995785,-430.7481886571121,-3097.218490637988,-0.0,-0.0,-2507.4454691001033,-1094.9932017223687,-240.4581508784014,-1613.8606511436026,-0.0,-0.0,-1215.3004320574955,-1405.2456529798962,-424.8244104530497,-3524.1209414469527,3.8778561173722057,-28.217885123647815,-1800.6708193297848,-0.0,-629.2104255014134,-1072.0396701606242,-8.881107256532097,-0.0,-1266.1713999273104,-86.36379578281317,-730.4542847701337,-2302.670542683354,-37.66821741801128,-2431.5343228065085,-385.63008247425506,-1605.472821990993,-2725.4008288113987,-685.8525970250304,764.6392166982691,-498.9435079189653,-0.0,-1406.108297872499,-2433.3802408486076,-4317.035188758998,-516.6679981685157,-2769.654612735405,-0.0,-1596.0639715130465,-0.0,-0.0,-597.576869738004,-0.0,-0.0,-619.539081620812,-74.85127606504314,-1499.2194981070654,-974.0615794293159,-835.6029771148397,239.9401062537253,-505.92338483332026,-341.1342009691832,-194.28980095276657,-8.17391266330747,-643.8140679605417,-524.329597430986,-771.5224303422714,-0.0,-4852.662576303134,125.03495195363689,-115.88095855410054,-4065.1667976388767,-0.0,-1001.6172203511296,-63.822971392267945,-0.0,-319.13040714344646,-0.0,-0.0,-914.2403190602731,-0.0,-622.0916128958065,-1004.8935320501752,-0.0,-1328.4574330386806,-255.56429614105323,-724.9520290006254,-1933.4854140968148,-0.0,-1754.710212928846,-1070.9730463388667,-0.0,-0.0,-0.0,-0.0,688.1253926080415,-0.0,-1797.346865066329,-1912.1364098713277,13.43674066921363,-0.0,-0.0,-731.3120428232783,-506.752973802658,-770.1110219746228,-0.0,-425.9523565674842,-3166.9508021505376,-1140.1627437155546,-0.0,-1050.4808008223988,-2466.316463590132,-0.0,-0.0,-0.0,-0.0,-0.0,-0.0,-557.4571163511773,-706.3458624865618,-203.67666447595192,-206.920028011955,-1217.1797956146427,-52.3450710945256,-0.0,-0.0,-686.1480641633092,-0.0,-655.5946553021798,-30.624274084741486,-4.013308269091824,5.333257060490907,-0.0,-0.0,-1059.713341437923,-497.35596207207425,-466.7557679112619,-0.0,-3018.578647332567,-1922.082429228079,-1231.6596548661817,-0.0,-0.0,-2035.2393321444576,-1473.1724260866374,-710.9347304997679,-92.57322135447664,-1703.8503477944141,-1316.973308465426,-0.0,-0.0,-1742.5748180481364,-0.0,-799.2784465811657,-1214.434604028476,-124.21546222663147,-444.7286723935879,-627.0097997932702,-560.1955735894956,-0.0,-1678.5970369023164,-0.0,-2820.8055027873934,-3245.8041218579274,-200.4680921928294,-420.9076962736623,-532.307702672594,-0.0,-313.8104043823553,-265.97509632315854,-0.0,-913.0217946144086,-695.7589612891883,-1080.782933313041,-1922.168558997379,-1057.004723800546,-2199.8942005738436,-1926.8809394668046,-2083.777426670029,-2164.017931593059,-1194.8792226818407,-2334.226871431697,-545.9795283789883,-541.546590868898,-0.0,-1277.9461948865007,-1063.1209891592,-1226.5501547268348,-389.4976376719035,-391.0734996380066,-2013.0726041600535,-802.355585210861,-386.74500729686076,725.5969896294607,-0.0,1079.761875880364,-1274.3977922161566,-0.0,-0.0,-0.0,-0.0,-0.0,-0.0,-1317.774672910348,-2463.938011745998,-502.18991893556364,-1038.09889990233,-0.0,-0.0,-1707.3831444735185,-1128.6805997407619,-2219.253838780856,-0.0,-0.0,-143.0165007137437,-62.749020775730806,-445.48293009784555,-1641.9086023611517,-507.75598306048204,-0.0,-485.7473751079564,-743.0205738203601,63.259576824007205,-1274.7903957448666,-1542.4975840249126,-1358.5271256199524,-1817.1172657163513,-280.9751597120947,-696.0316256733895,-44.09218559620763,-1866.084653464474,-0.0,-916.5837877442723,-165.35244890996435,-76.93039294961015,-583.4161121401816,-0.0,-2008.8039953595407,-125.23970158848198,-630.9155721368288,-1822.3000440560413,-1347.9003414106212,-0.0,-629.9816532149811,-868.7835097541716,-25.043860734460807,-303.64527633089773,-490.63720170533765,-51.886923966566705,702.5749622685786,-1208.9478186229996,-0.0,-959.8472068840642,-1359.4324125778132,-0.0,-507.73203014324986,-0.0,-1360.5468956599461,-0.0,-0.0,-0.0,-1267.6505351517892,-707.8829815565106,-442.9329009248012,-0.0,-1726.2915318999335,-3136.570626425063,-3274.93529031579,-0.0,-379.395416974111,-0.0,-306.4378157365563,-123.36222725883556,241.20903735392687,-554.6121098146051,-0.0,-708.7422993278744,-977.6579969529288,-319.8395616577166,-604.4814492751561,-0.0,-472.26992869791985,-877.2034106454402,-529.3899715717466,26.833999533068805,-2399.040955092501,-0.0,-0.0,-1574.7440229474007,-230.43449515712007,-1283.2832183323214,-95.67259492641155,-129.5757242424316,-246.7254763016191,-605.311378330772,-956.967284253393,-1388.3589930670375,-2391.4749443793285,-0.0,-0.0,-386.3175933740772,5131.608564563882,4.45232534305243,-0.0,-0.0,-0.0,-0.0,-2604.474444109677,-462.12094949779805,-0.0,-971.688332469763,-999.518758847619,-663.9098380100033,-2299.3982690253893,-247.74284525994548,-1221.8719566849427,-0.0,-0.0,-2072.9758216411187,-741.3654815564156,-1957.3771393327072,-792.4413880102309,-773.8653345450549,-1955.0665383738656,-203.5154695013289,-1881.0453115546356,-1225.968407435071,-30.321827141857305,-949.9951297113515,-1216.0968698658953,-222.5430871541443,-261.09913458490524,-1847.3807830026792,-0.0,-551.0086708785311,-253.28956166772727,-31.37449605581775,-828.4922611111234,-194.6125603344473,-853.5351595940597,-903.1062125262533,-1254.7908843594903,-223.96773372816654,-2557.788507275417,-64.73585212270544,-524.7364701286773,-0.0,-919.0773951449091,-657.657018482548,-1060.3776578399322,-1200.8036863919963,15.023955889427596,-385.85066283160455,-2914.5715192141884,-815.6407592194294,-378.2484572866047,-1192.1925779943267,172.52618636969675,-0.0,-0.0,-0.0,-0.0,-0.0,-0.0,-12.792676335809153,-164.35788409270253,-2573.643828344928,-4621.625185305277,-582.8071886760732,-1134.9330875113228,-145.72838608217856,-594.7434434455084,-1492.8318442854925,-1166.1454247906142,-41.53324340531127,-484.504248049049,-563.983728112148,-0.0,-105.39536839048948,-1233.5667722496228,-553.1324591804049,-0.0,-1062.2846155805985,-0.0,773.1933758891528,-0.0,-0.0,-0.0,-43.636022789654824,-0.0,-0.0,-1047.8049907143582,-431.015539163644,-1279.0875760643987,-0.0,-0.0,-0.0,-838.2537101635853,-533.7539874912319,-1382.5927823705572,34.9160966085204,272.4325023070917,-0.0,-0.0,-3135.967651534394,-1256.7767523577636,24.705435075723255,-52.07044899015655,12.996362248117128,-20938.26196329664,-21760.370379205804,-2592.8474545948748,-0.0,-0.0,-0.0,-0.0,-450.1187942673018,-0.0,-0.0,-595.737579602969,-2498.4623623837315,-2123.809247293208,-1540.5464222269513,-343.4162642316004,-1802.798323562891,-29.555415099058923,-1301.718762226424,1048.680805441384,-7.918937208307643,-1061.3773696229532,3.8842109145162644,-0.0,-0.0,-0.0,-0.0,-170.34803792814566,-0.0,-0.0,-0.0,-952.8739044924364,-1507.8622503900192,-0.0,-0.0,-259.3743047270832,-2286.1451339279397,-0.0,-1546.9712578768629,-1763.212516582712,-1960.0980339652629,-0.0,-0.0,-113.8457183924949,-84.4640698153318,-1183.6452651952095,-1586.3556367877218,-596.4246876627745,-1297.4649582415645,-1221.1048606742195,-0.0,-0.0,-0.0,-0.0,-444.5782923600196,-237.25268825036494,-0.0,-0.0,-105.76252080413617,219.64402337000465,-0.0,-1185.4997479394706,-1090.0483254433332,-1038.0973467157025,-0.0,-0.0,-740.0965820289707,-1328.3381304697075,-738.7055270175388,-447.61540025346386,-0.0,-2397.386677041816,-2240.0644507159705,-0.0,-0.0,-0.0,-0.0,-0.0,-1405.99087587855,-0.0,-2024.0466097776273,-1404.6679464992085,-75.44084332098826,-0.0,-0.0,-0.0,-2715.8477631591404,-1523.57567227333,-651.6754878777324,-502.5503221775348,-1103.7366234877975,-779.9868107919953,-0.0,-0.0,-716.0372812465905,-1514.708395580407,-76.82121194833722,-478.80212606829747,-0.0,-844.9407449469879,-677.5815895979164,-1588.2732234813689,-0.0,-320.88440779533494,-128.90487211397112,-333.2735876218914,-1610.7566967346588,-330.99962227885163,-0.0,-0.0,-0.0,-0.0,123.13924135289844,-174.8144118824064,-857.9860828336913,-1355.3070805305583,-1217.6464259188954,-509.71628429818145,-607.1252944635738,-5794.841096209035,-998.4911630713932,-658.7796208317467,-0.0,-0.0,-0.0,-276.1636128293154,-370.24910669036814,-1330.9659485865504,-341.16806377636954,-0.0,32.410413442799666,-0.0,-0.0,-0.0,-0.0,-0.0,-0.0,-0.0,-99.35652642560453,1484.9563103461098,-0.0,-1612.1471518225417,-693.1619822084732,-450.740315269243,-1635.0806564769684,-0.0,-0.0,-610.6868935507956,-733.6570226172583,-140.0245626119671,-126.46227663311242,-140.874566489517,-567.0925342282428,-151.1157586918397,-2139.6472633201874,-401.3797257580213,-437.12112258627826,-0.0,-0.0,-1483.2663405811525,-2921.3641204691403,29.40792282928673,-548.0263991842521,-349.5496314152836,-917.6943263979842,-1161.1974235791515,-833.5942008303366,-306.6598434737867,-157.54761973109015,-1506.541129972781,-0.0,-0.0,-0.0,-0.0,-0.0,7491.375405428041,-89.01553849190415,-570.6692778889524,-635.5021484084554,-1102.9544746485094,-1381.8464359185389,-1326.4461848992871,-1768.017447340431,-2280.135045012457,-482.99870265872846,-0.0,-0.0,-1622.278635764482,-0.0,-0.0,-280.8177610902907,-1844.7693630041917,-1414.4991450739883,-509.4502354792398,-67.87193961474529,-1926.429659462036,-0.0,-1462.589038814693,-0.0,-0.0,-0.0,-0.0,-0.0,-0.0,-580.8928033954028,-1318.2766590990027,-1065.1036492469673,-101.92454958712395,-263.52661079566343,-616.2952379305952,56.375570859778904,-0.0,-0.0,-587.3333068627641,-622.2432471545015,-3966.8040784788677,-0.0,-1544.5708890053359,263.6361603929119,133.1368533365731,-0.0,121.14567025610995,-187.31431941569508,-165.76079174701334,-503.3462101415359,-0.0,-1971.3833695547223,-0.0,-0.0,-1186.1074826243673,-0.0,2489.092275279306,2372.657716917172,2352.575751313316,-0.0,-0.0,-1895.438674650572,-0.0,-0.0,-376.8846471803906,-995.6839248861535,-830.4795320823633,-1079.5757858812226,-1279.1940466192489,-0.0,-0.0,-0.0,-0.0,-638.2982477080209,7.857856957718696,-60.98153332699754,-1288.7437127144008,-1067.9840064511504,-426.15207107171125,-1531.4863905185196,-0.0,-2185.9288081357627,-1324.5036773139304,-1515.114807272098,-424.87077078058223,-398.4607620898746,-0.0,-1258.1945252961305,-813.4070868874564,-1014.8428580896112,-1986.1278563796425,-579.0836102829545,1053.5734271965193,492.578943814966,-369.93106436517905,-1175.1673748250862,-0.0,-1753.476924760267,-3240.954710584633,-503.23393712149596,-483.2294494943787,-0.0,-0.0,-0.0,205.00151815471332,-373.5361394886042,-478.32879796210983,-157.65512486742094,-545.5990290625132,-553.3807403715747,-0.0,-427.836089301353,-938.1637011908548,-724.9959617342497,-0.0,-2195.271841464485,-5038.691300491997,-0.0,-0.0,712.3311590147856,614.2196610603934,-0.0,-0.0,-707.6042538114766,-877.6829529945504,-346.36742451453586,-711.635138839692,-0.0,-0.0,-0.0,-0.0,-0.0,-2693.571658292954,-413.05486371338714,-1838.6463110858056,-1061.8934405583116,-0.0,-393.94145925165253,-479.43823643900583,-0.0,-240.66215708889075,-852.00062990407,-1190.3765977809721,-4555.854701120021,-80.47356860154423,-0.0,-0.0,359.247826836056,934.5011307012011,-0.0,-0.0,-397.7482019618137,-0.0,-0.0,-0.0,-2621.950325728549,-0.0,-568.8506053350168,-0.0,-0.0,1855.1097576061775,2128.8747898759393,1890.1468377461351,-0.0,-0.0,-426.0830379373169,856.7588713482352,-2337.0309634222112,26.27911102521779,84.01776452541105,-2680.594610190998,-106.99022684910783,-187.19483403828175,-608.6015407502098,908.4791548597922,3848.4903229371585,-3192.4195249673053,-0.0,-0.0,-1052.2286025176936,-1755.1441524157008,-1253.8172708292523,-278.3579381267389,-46.33662708609765,-0.0,-0.0,-0.0,-0.0,-2079.1029103704063,322.2378405440479,-0.0,-4.107492423988855,-0.0,-1564.3183809746913,-2001.356093833568,191.75135324365453,-0.0,-0.0,-386.1081041396801,-0.0,-1912.7501562687266,-91.51269705716521,-1035.4835971754885,-425.9132028553735,-1259.191252356936,-784.1526061626377,-1204.8333531589483,-639.5763056322826,-0.0,-0.0,-0.0,-126.45863813826377,-0.0,-0.0,-270.04615232567784,-455.271335720177,-752.1022705197723,-0.0,-1735.3011759226279,-1091.9872600536883,-930.327233683933,-8.445872452493836,-7.461161481936852,320.0242702264586,38.236965134937066,-0.0,-0.0,-12.682822418361877,-1743.438796387044,-704.3805953076719,-871.8425570582607,109.5022759003071,-2218.7697865567966,-2014.5245104983155,-1031.679687327847,-997.676455483915,-41.38962685642427,-573.6175497411118,-750.4598648193546,-1343.1465831693604,-2135.1662295311935,-0.0,-1888.906252750872,-155.8180728268859,-0.0,-2574.7177242216903,-2847.95843266469,-2264.958059458884,1795.7207240105613,-0.0,-1591.7179515950027,-223.38630358586036,-1313.781477542682,-695.816882578855,-137.1891771653991,-2140.0490554149474,99.2101230145038,1616.2589264612418,-0.0,-195.73219340038926,-417.316327233049,-1142.3668914602433,-1082.7711980690917,-1763.9089802212682,-4191.590405567794,-0.0,-617.5461284131779,-1468.3580169199079,-763.4043535518415,-235.79428633136445,-28.369558723514682,-285.0881253481825,-0.0,-0.0,-0.0,-0.0,-350.41950852246356,-1371.1511598156892,-924.4150557679654,-66.62388314250903,-514.1119331401087,173.13894953449326,-0.0,-0.0,-1036.9406813146818,-534.1407832227324,-0.0,-2127.9118409600524,-97.93025441540723,-1295.3031629033899,-0.0,-208.44728518445626,-190.14092145669827,-0.0,-0.0,-475.59881735658894,-0.0,-0.0,-4471.345839026582,-216.2850868440338,-2211.972406597582,-0.0,-0.0,-105.70746743024534,-1433.2360781809512,-714.3737562338666,-421.4063030745882,-1395.1673353198432,-0.0,-772.5117283971002,-0.0,-528.9032798254885,-0.0,-0.0,-220.6588445145132,-96.52203290904777,11.80343452760212,-349.5261857963172,-1493.427874728447,-2018.1907978269724,-0.0,-0.0,-0.0,-23.595275970858047,-433.52854251150706,-0.0,-1692.8734692722355,-2555.133241724339,-0.0,-0.0,-69.7946715587361,-1411.2170739720727,123.82224880775041,-0.0,-0.0,-0.0,-0.0,-548.1852047475128,-2504.312806052009,-237.57447883755523,-1237.5978913874742,-0.0,-0.0,-757.0964164366065,-536.7142995557148,-346.7493568711983,39.21553066597019,-0.0,-0.0,-0.0,-903.1366440537209,-673.6936046214533,-541.0432774578973,-332.1286588404363,-0.0,-0.0,-0.0,-0.0,-2240.880506827244,-85.73871786008755,-23.247291051397262,-0.0,-0.0,-699.4328689808889,-439.20496742701226,-0.0,-2002.4395948306478,-4571.354827764544,118.8456383266235,-1279.7008360022949,-0.0,-0.0,72.45485375680668,-447.7841868668772,-1737.261486955149,-537.7655306515901,-2702.379211503595,-1421.431972077248,-801.732749128855,-1657.302456923112,-0.0,-0.0,-0.0,-39.15867416480447,-1182.064837799351,-0.0,-0.0,-3035.510488376615,-89.54142607313955,-1555.2201109855434,-803.5503346917376,-0.0,-0.0,-0.0,-0.0,-0.0,-0.0,-727.9301055887222,-0.0,-1783.1287451627727,-0.0,59.282267071456445,-1384.435641355813,-0.0,-0.0,-0.0,-2471.0488778621097,-0.0,-0.0,-556.3756167246114,-0.0,-0.0,-1147.4380056857744,-606.248692271434,-0.0,-0.0,-171.59413062101532,-2179.277905504806,-0.0,-1051.4770656012042,-823.5848434080333,833.8362495407252,-188.93409134999894,-0.0,-587.106775866425,-2.5822933614919705,-0.0,-23.564785860845237,-0.0,-377.49820212828615,-0.0,-0.0,-0.0,-0.0,723.9463199216128,688.0504403435637,-952.6528314224821,-1743.8109565304935,-0.0,81.47569221793087,-4.301010426452706,-75.17553747976929,-911.2395145456883,132.92209587014733,-515.9850269338936,-398.6561776465798,-174.9594410552717,-3696.1341963211917,-0.0,-250.64317364185143,-1833.1433264840016,-2499.0619314776454,-0.0,-1254.9821494828004,-1539.945044594151,-2173.4534650385744,-766.8399882187881,-0.0,-886.6850339394607,-739.737657217667,-805.0525121728588,-1383.6036032956047,-1067.5013387848378,-0.0,-128.59693006045205,-1138.3792477868137,-0.0,1118.384568982527,-458.05441202351915,750.5478344952661,-0.0,-0.0,-106.09928290431466,-36.88561506186939,-2341.978549269645,-1043.548634714022,-0.0,-886.1486694478137,-3014.154937988052,-907.7202121158649,-934.0217304527771,-1281.8360253457786,-418.5277729591796,11.064333666752818,-41.020361466073716,-0.0,-0.0,-961.0658299093186,-86.05766566130616,-0.0,-0.0,-2042.514629467208,-783.5955018288832,-675.4857414663536,-1883.903790309118,-96.80954246993528,-20.31396008813207,-2549.1550925287365,-869.0628361209141,-590.7628366623245,-1023.1272922867644,-0.0,-2323.958115586683,-439.0554811536794,-1257.3313209266269,-1444.4382266082398,-337.51142802980735,-549.4783835639673,-1743.9825392101445,-436.492556793985,-0.0,-0.0,-0.0,-1360.3507106493983,-0.0,-3235.818833981008,-1315.7742144986694,-1535.307110416355,-0.0,-0.0,-0.0,-0.0,-0.0,-129.84649037972244,-0.0,-259.7336839544429,-959.8701585247434,-398.46527345913734,-0.0,-0.0,11.288965079230948,-0.0,-0.0,41.645362020083724,-262.8834987300537,-0.0,-522.5185353161221,-0.0,-0.0,-89.5329817707371,-11.782735195512009,-2849.8900530521632,-2261.364909602181,44.12214852520555,-7432.269199644374,-894.0563029218771,-653.2937361767963,-0.0,-898.7445845549414,-1578.2078891295262,-0.0,-0.0,-0.0,28.865888769928564,-0.0,-1420.3350612402392,-0.0,-1441.2005195895404,-0.0,-0.0,-2242.9383741699203,-395.83705626819864,-740.0403250499666,-0.0,-0.0,-0.0,-0.0,-278.7434356369652,-748.014062807895,1435.4854602941978,975.4927405475137,-793.7747742188213,-8.800474222181428,-0.0,-336.72182350663917,-334.9786993636068,-1800.2280294619407,-481.0434196228325,-124.29516133197416,-1109.3565196619804,-1550.3013755634554,-967.8779520636936,-713.2451923202157,-0.0,-0.0,-0.0,-82.17645277819082,-0.0,-1757.9647878248948,-612.1365249837299,-0.0,-1890.7904347431056,-1235.9288591917602,-0.0,-0.0,-0.0,-0.0,-0.0,-1137.734765086984,-0.0,-288.8626213874215,-1895.6297606923786,-0.0,-1110.529440459518,-0.0,-0.0,-0.0,-2442.228635380018,-1342.8803830093018,-1070.7988893513477,-2697.4937294619035,-0.0,-0.0,-0.0,-81.53370884381891,-513.9208345237539,3.9072294317989344,-448.7104302008204,-305.97122412478427,-0.0,-0.0,-332.2873858579707,-1430.8766623621636,-3973.5005125766206,-0.0,-417.58259831922294,-1361.060987888298,-415.6395648947612,-494.0439340231885,-0.0,-0.0,-0.0,-1903.4271947007298,-1966.1467273097583,-43.43432284466678,-1750.6085496877272,-525.3777832151361,-356.8570661240577,-8.830779394254806,-1183.9122432010308,-0.0,-2065.3725074076106,-0.0,-516.505773300913,-0.0,82.47673932347982,-0.0,-0.0,-551.6453328109137,-828.9291940736359,-7.86938281791172,-0.0,1298.541069729961,-0.0,-0.0,-1847.3176183154799,-1396.954487464,-1151.8950590796205,-0.0,-371.66088965611084,-638.9241266033725,-1492.7804676498663,-0.0,-0.0,112.4674321426132,-715.7129220348119,-0.0,-0.0,3.8429660487916366,684.9946156282697,12.025958839334555,-1499.6121796523546,-0.0,-0.0,-1806.4968084547008,-1717.0829739641024,-83.80927989431412,-0.0,-170.45495515292293,-753.7904267724384,-1142.0467199404823,-1661.1452435812892,-0.0,-919.5436611302097,-6.529291992487832,-0.0,-1678.9039172803282,-0.0,-0.0,-0.0,-0.0,-606.761498921564,3.7344355864417254,-16.588007875912094,-0.0,-0.0,-588.6254983027181,-0.0,-0.0,772.6632228518838,-1057.1077219848783,-53.44681037093671,-2015.5687385124988,-0.0,-0.0,-661.6980828493673,-0.0,-280.61328409807766,-1172.4564028628695,-1029.02292794357,-1148.4870191331952,-0.0,-0.0,1481.2774562396985,-0.0,1031.5204325181242,933.9449167317936,-41.912069390448046,-863.902116729929,-0.0,-0.0,-105.41331808969741,221.43165541617262,-822.9961513293456,-380.5098035637298,-1073.6920994905959,-2730.020821904318,-1965.1609998942527,-0.0,-0.0,-273.64036682487915,-5265.381558281124,-622.2958453377526,-561.8243369871095,-0.0,-0.0,-611.1712526144871,-0.0,-1058.2925692975334,-1312.4395794837922,-781.9721785877074,-0.0,-0.0,-57.627960191045815,-0.0,-171.0192519709568,-1440.71203165518,34.260183212936354,-660.5807127708754,-451.56574114182087,-252.04913872518324,-659.7109001757194,-2330.9258488473806,-16.97401718161951,-1209.817381533004,46.605883621784265,-1008.4125253388053,-314.6224340455503,-0.0,-0.0,-233.49242187842634,-0.0,-0.0,-1664.7935609543167,-658.1466735986777,-0.0,-862.9641542386368,-515.769671038445,-0.0,-0.0,-1443.595163039378,-821.94437441725,-1545.929699859008,-1375.5105917243898,-0.0,-107.93491383478548,-3126.3845300477096,-1073.7630416080813,-280.68196660892136,1616.4278149909803,-1850.050041788559,-1257.836617092167,4.246686263244672,-890.316592484029,8.926513940591098,-1831.5089811504922,-0.0,-3759.8570982434417,-822.8307905904733,-0.0,-1588.193755271803,-1482.1337484512096,-0.0,-192.92032360648713,-913.311100026674,-1200.818449213229,-1420.515490369827,-767.8078994698989,-528.9862945491757,-533.0369097592495,-0.0,-149.621286455121,-0.0,-2479.2446836223207,15.051165705886632,-3540.0369346560624,-823.9175688505939,-41.549444244292616,-36.788043703412065,-1399.7770443806176,-834.157961695768,-0.0,-427.30366034320326,-0.0,-0.0,-786.142489064186,-0.0,-0.0,-0.0,-0.0,-0.0,-0.0,-0.0,-761.5588781263874,-488.26952101569475,-2753.328348018467,-2424.1012987618888,-0.0,-0.0,-1162.6267350919156,-2004.7665598881936,-506.3971231185113,-185.48591830527295,25.663057041060974,-0.0,-1382.38595872584,-0.0,-2419.064113274778,-0.0,-0.0,-0.0,-0.0,-1925.2238540544167,-228.55681199957982,-455.8329752996758,-1095.407541872908,-1353.5091990928693,-1098.8760065823274,-746.3201691531266,-1202.6995166964325,-0.0,-0.0,-0.0,-0.0,-589.7252699860735,-430.4656288941369,-1383.5119482555156,-0.0,-707.7992747891409,-6362.994825883253,-612.4591644935025,-801.3047389759183,-2895.966097592689,-818.4225210210994,-0.0,-531.4128330753426,-566.0925791307925,-1143.5847188087969,-600.0961778549278,-1490.113115689034,-1710.880953836823,-0.0,-0.0,-0.0,-0.0,-1611.6097115922082,8275.640976289213,6766.991513031623,-0.0,-0.0,-0.0,-0.0,-2054.7398117747935,-1160.2721300640583,-86.60878203104522,-1419.010215525782,-815.7336263703494,-0.0,-0.0,-0.0,-0.0,-732.4774148197465,-0.0,-1879.5211818656535,-238.59583447707382,-0.0,-0.0,-0.0,-0.0,-131.48211630931763,-528.0521044450539,-400.81790332870384,-870.7554553520428,-1163.707926112692,-1126.1113431627514,-1101.9428603305746,-299.3550113657781,-1503.478096254392,-1451.0872352996628,-1160.1988281690776,-1536.157952542138,-38.86444302491819,-1207.0884829160752,-1020.87699241538,-932.7927366497632,-1562.7685072683353,-345.40420605115224,-2234.726358803246,-1508.799596097187,-1892.6406123996335,-596.416340647436,-551.2592188244113,-1063.545246614686,-0.0,-1068.4479851765673,-0.0,-3359.0820053267607,-786.5636164491041,-275.5415646311716,-1881.310612193483,-1514.2094905082313,-1140.2079354000778,-0.0,-0.0,-0.0,-0.0,-819.2131258737618,-3602.1293199363554,-1692.5079981005345,-0.0,-0.0,-1138.1207037345998,-0.0,-0.0,-1209.6843652244809,-520.4148363447571,-1091.0397413563724,-565.5840629496865,528.8938121758134,-1090.673644938714,-576.8070578789166,-1539.1575739209304,-0.0,1388.9816948195573,-0.0,-0.0,-1153.1943379330107,-5529.713836818082,-0.0,1663.6608609975706,352.10037976621464,-878.3611986363803,-231.77618181772294,-0.0,-1768.7515348444622,-998.1169117554155,-2180.1298302840214,-2082.553972071298,-367.6241395523464,-0.0,-459.8692709474755,-162.8120107115258,-0.0,-989.557179127378,-0.0,-1775.869283450743,-2219.3353634976743,63.327883446834754,-2386.2408615206036,-1992.3553360230362,-0.0,-548.9080502169231,-1359.3067652193627,-1926.5420213624122,-0.0,-384.9878460051588,-2389.1692088297646,-889.7488560880342,-818.163896033598,-917.2990166943991,-432.5751867817108,-871.2851007142996,-1551.7250202054306,-0.0,-966.0872457819086,123.17528328491775,-1419.6357689612216,-0.0,-576.604944671595,104.30511340496777,-913.2823433595928,-613.0745477886927,-0.0,-590.4749668470685,-446.6975977642344,-1670.0376494399864,-1242.611314946787,-1600.5972487000395,-861.3793329447698,-782.9685400275052,-920.1355917235297,-2155.1000842555204,-22.75717148167092,-0.0,-537.1732186637973,-616.0958640332979,-1366.409647481559,-2048.4093436423814,-314.3189450470204,-727.6813875867452,64.12340113386905,-856.8764115513281,-1244.5532538602008,-792.9673157771647,-0.0,-1011.7077721439331,-55.89442741993531,-2469.5866786118736,-0.0,-418.63370153614306,-787.9802878704271,-557.8513885618987,-2304.961325254449,-169.49748206281683,-1531.8804166879916,-699.7474437386019,-2567.253645669784,-0.0,336.22071636923516,-0.0,-0.0,-319.9078257158299,-0.0,-0.0,-3628.434450502816,-26.849773303810576,-37.1539782702266,103.38084711262141,-1327.8120949907188,-0.0,-0.0,-0.0,-0.0,-0.0,-28.017044047910847,-0.0,-352.4896301859241,-0.0,-292.5487787435539,-1934.502869230633,558.2940001092113,-2949.668797271316,-0.0,-0.0,-0.0,-0.0,-0.0,-0.0,-0.0,-0.0,-0.0,-2577.984899669793,-0.0,-2693.9204444802376,-3135.86675756551,-38.400681624361674,-0.0,-0.0,-0.0,-0.0,-904.5534837523785,-1095.7731667239452,-0.0,159.3789734095151,-556.9195955401118,-2154.99639499959,-652.1754883989689,-0.0,-532.0956313084632,-1156.5565427524211,-0.0,-0.0,-621.6016576718301,-918.4736893922185,721.9453695574015,-487.4990784542328,27.258007070112427,29.540809093095138,-0.0,-0.0,-0.0,1556.5458913569857,1392.7599527997695,1632.6905511629384,-0.0,-0.0,-0.0,-791.7031529194777,-0.0,-0.0,-954.2096880685568,-77.0331821437313,-467.93545611840665,-56.44015508732413,-1032.8359704809875,-799.537354238158,-1443.1153886105024,-143.65012884568364,-279.03899970813575,-1236.658607898127,-0.0,-2156.5111435244085,-16.111274647836627,-953.1204534706142,-923.1782285869122,-16.449357805983663,-0.0,-1304.4602230994149,59.80258426940039,-0.0,-0.0,-0.0,-0.0,-0.0,-1380.2948649563566,-3088.646545748296,-0.0,-646.3403760069269,-61.23510421160995,-0.0,-0.0,-0.0,-415.2068674789631,-30.010891232985642,-0.0,-1305.7746123471034,-791.4726683373408,-0.0,-0.0,-536.2372417446651,-0.0,-0.0,-1635.9813195102656,-1380.7767885856192,-0.0,-819.4973734066057,-2099.322688851801,-92.30549982449207,-0.0,-0.0,-292.92323653865185,-779.8397230743275,-233.22571284456376,-197.339941233529,-163.65721731617833,-0.0,-0.0,-0.0,-1350.3253081105904,-991.1742677787922,-1950.0876551214935,-272.9283576829108,-1332.778662197138,-124.2201740076542,-164.19595689924944,-481.5047840262363,-1979.8513911088944,-0.0,-0.0,-1733.8940213211008,-1891.567548575469,-0.0,-0.0,-0.0,-542.2766207943521,-2314.1838431225274,-3411.395758359667,-0.0,53.04563355366069,-177.05540832518722,-688.9527982452955,-676.3758117747109,-2044.2520429394106,-0.0,-1481.8787362316884,47.28112421963506,8.084041750714576,-306.937209567583,-0.0,84.90993101360478,-282.60014470855407,-425.43373109950016,7.779376503063134,-0.0,-0.0,-661.2650397795703,-13.039271698982557,-0.0,-1338.4440710191545,-973.4149869452189,-1231.315146726162,-798.7724453870111,-1151.540039237341,-1742.4324502358593,-0.0,-0.0,-0.0,-0.0,-0.0,-349.8945929632306,-656.5544089922837,-1263.5010305102667,-1533.957854109976,671.4710882834065,-1460.7373928428103,1666.9942913657296,-0.0,-2079.77885964384,-1671.4509800056624,-833.206549177517,-30.689180293450164,-122.03846467096565,-2213.933154802327,-227.1251841374017,-0.0,150.526341760364,-899.2186826669872,-0.0,-0.0,-603.4238182313995,-413.7608884862309,-391.7695705632323,-1239.8930713083657,-1677.6414879738584,-0.0,-1500.4945441689006,-1133.502080544593,-4134.051141959718,680.5608533893659,557.3265985547166,676.3680070352007,700.2300130444962,-0.0,-0.0,-0.0,-0.0,-0.0,-0.0,-0.0,-0.0,-595.5054726296205,-0.0,-52.94395201941905,-38.719570040781036,-0.0,-1305.1865699898951,-1412.444179288703,-2002.7785187990555,-0.0,-0.0,-0.0,74.02324294428338,-3011.8521232479297,-663.3670044856119,-2863.9760658276086,-1551.932034529845,-0.0,-0.0,-149.8630899021445,-1388.1389938066636,-0.0,-1945.6640924686055,-716.3334527434881,-0.0,-0.0,-0.0,-2430.068850903618,-0.0,-0.0,-0.0,-0.0,-0.0,432.9523364808551,-0.0,-0.0,-0.0,-979.7346143766196,-0.0,-0.0,-0.0,-0.0,-0.0,-0.0,-0.0,-509.1978457637299,-1030.7596007799307,-1506.7709742256206,-1659.523094882823,-585.8718277820259,-1232.4699814950338,-36.901499284332665,-0.0,-638.8937107231383,-51.08956452645968,-0.0,-0.0,-0.0,-0.0,-806.6996920516717,-0.0,-500.08416631032094,-1279.2728027789499,804.6408340608673,724.8406661448194,738.3424537228217,673.1979153611637,701.669248363509,-0.0,-0.0,-0.0,-0.0,-0.0,-0.0,-358.87066451660394,-0.0,2089.647890824843,965.8051958927285,1161.3159316084625,-0.0,-0.0,-1247.3806173450062,79.37920943180382,-63.80693248919492,-2381.945125332156,-0.0,-1888.9971890363618,-0.0,-0.0,-0.0,-0.0,-658.1857823654587,-0.0,-538.0465100250193,-562.6074275937868,-386.17163662620106,-0.0,-16.669741475591216,-0.0,-837.1257142463998,-0.0,-2272.1892190523768,-614.5770642054661,1734.3819905120963,-2130.1211108762686,-963.3953608260138,-69.56109270673157,-838.7938177215023,-0.0,-533.0749711107063,-79.86779182674678,-2427.2055409862373,635.594682527228,90.36985439371377,595.6022249629551,1260.875488544277,-0.0,-312.9577890811978,-25.194351312595956,-1062.0875293033139,-1228.7131453746865,-1443.2828386982449,-1859.78946432846,-0.0,737.6271545978734,-0.0,-385.24605499008294,-2306.5183711395507,-1336.057079665138,-0.0,-1284.5230989171805,-394.8814817840686,-597.1097744899929,-729.05484685364,-339.2164128852177,-1376.9131445247363,-0.0,-2171.5561858232422,-398.3111945747856,-1516.6096776802328,-316.6194372237291,-0.0,-0.0,-0.0,-0.0,-1296.8370509651552,1182.1856704037546,-1102.148047295916,-612.3682028117081,-0.0,29.59031412971363,-0.0,-0.0,-778.0750121187589,-717.9457498387401,-759.2376532890333,-645.7145509133387,-0.0,-0.0,337.4550739917324,235.77308469811294,591.8583246684129,-0.0,-583.5314837242015,-1904.6415171932754,-1264.6765803179082,-4.329924772221174,-1643.336464099017,-0.0,-0.0,-0.0,-575.0636138892756,-866.2961229352394,-0.0,-1346.5060937550845,-0.0,-2645.8686750768493,-3670.014519282355,-0.0,-19.39592862541013,-0.0,-754.2376586962282,-0.0,-0.0,-0.0,-2157.6156239290417,-1116.2502190997343,-607.4743080197848,-874.13811221829,-0.0,-0.0,-2124.7127167336475,-0.0,-545.7636117764325,1166.998353585541,-902.8159184262611,-759.940731388664,-555.5092077211976,127.09057311318188,-0.0,-0.0,-1342.17105753286,-0.0,-724.6292739722475,-68.42988821152616,-362.7391082143241,-341.68619999441455,-0.0,-0.0,-227.5414069504257,-638.7200942085303,-1051.1795018893783,-625.4650801144195,-1062.7565269008426,12.985310422011386,-0.0,-130.179371424585,-2080.889279496685,-1259.405502743844,-0.0,-0.0,-0.0,-568.9468996093241,-603.8878076778803,-1560.705090151725,-0.0,-0.0,-0.0,-0.0,-0.0,-1488.4010526222257,-709.6854165377813,-0.0,-580.5981358229517,-0.0,-17644.20842060973,-814.3912804152033,-118.52381029233997,-605.5689440880872,-0.0,78.39583903619076,-1277.0440918749237,-2573.705841623011,-0.0,-0.0,-0.0,-776.6558565786308,-512.7444096345139,-1100.775703547739,-1005.2158275151571,-567.3808768327581,-0.0,-0.0,-1727.6684091281015,-575.6026696205585,-2288.536968053618,490.2421603058423,-2369.5092827436843,-0.0,-0.0,1645.4963972032235,-1555.5341814891892,-0.0,-236.89493455532096,-352.03176375149843,-631.7055297675892,28.32079756750135,-890.4053913584924,-0.0,-0.0,-1367.598822585218,-1275.2326973125887,-2449.1091781491064,-0.0,-0.0,-2424.440938927721,-709.0852432603247,-720.6193197702777,-2453.179914799217,-1443.840725298569,-0.0,-0.0,-1051.4657465467471,-0.0,-88.74031588215671,-1548.7046557729595,-1779.6746529541008,-0.0,228.61226254885364,-768.7118793777034,541.0740794150543,-262.160962836521,-245.41407837428056,-0.0,-450.3782630574438,220.26512931793374,319.94783718702934,-455.7724083599463,-2494.038910810764,-1993.2153634948181,-85.97296592231069,-4440.445407975744,-580.322679345204,-1127.9987327686797,-49.09172007550247,-3760.1366949913786,-334.20939986052593,-640.4230223200511,-304.3695776229944,-1604.070531324345,-997.0863805709846,-3418.086205382974,-5356.128848494368,-84.04593385901862,-677.1325687697082,-1701.7026499987292,-1175.1462751333102,-0.0,-3381.626017595929,-0.0,-271.9091952741396,-1523.179600951088,-1371.9423035096647,-0.0,-0.0,-936.9433112183516,-235.701884312503,-0.0,-1372.1527882080607,-0.0,-666.7455481053062,501.85006852004125,-2239.772582504713,-471.9775539415028,26.154065670906558,-13.212642794854585,-0.0,-1867.6284343977543,-565.5845153707727,-0.0,-129.70904295725873,-0.0,79.07546454873366,-178.83497551420487,-0.0,-374.08479930310494,-1383.5461775632484,-442.8127258294538,-781.5600392085123,-2181.326637574089,-0.0,-4003.465972171298,-1732.3930868681275,-2434.33346367572,-2210.6838466915847,-72.41338001783083,-223.60433020567393,-632.260655092407,-1460.5919603123375,-0.0,-0.0,-1236.789261658928,-191.43618915750662,-0.0,-77.04209659714081,88.51927148819766,-2220.3178231387615,-0.0,-0.0,-1294.6299840868219,-0.0,-74.5528035352404,-0.0,-44.29051391175687,-144.93055218573184,-0.0,-374.00630689530783,5700.2575379747595,-0.0,-0.0,-2612.6769532266676,-774.7956013233289,-271.1788886754884,-0.0,-0.0,-0.0,-643.0327268782727,-2117.7722898941724,-0.0,-0.0,-0.0,-2254.2828014957645,-0.0,-0.0,-0.0,-1567.6071663390478,-725.5046227269715,-297.7192645563444,-460.9849875085282,23.09109004707258,-677.2505442915106,-376.4842267190453,-205.98376448340397,-2376.733777906645,-0.0,-0.0,-1243.373985476407,-758.7458998905345,-2435.2686327779284,-0.0,-0.0,-2662.128865085011,-666.3645178948487,-1534.0493797889787,-412.08320683019633,-617.037690273779,-2311.650753836062,-815.5844129211952,-85.21131305846876,-814.831399408569,-1986.4791032711578,-1531.2590272317966,-1352.6220858599747,-0.0,-606.8133272796069,-0.0,-1549.022054339898,-418.75231133747906,-217.74332153690278,-618.7903739495263,-856.8562928732324,-12.131912087551855,-0.0,-1172.3645180175974,-548.372454814026,-43.57987028279582,1514.427696007686,-74.09971666741508,-0.0,-632.0941206015154,-460.48618710386563,-0.0,-669.050054989811,-1539.9172206325184,-0.0,-0.0,-0.0,-0.0,-405.74621970057854,-898.4141985938115,-315.06397333727296,-482.4122125376671,-339.13229948203497,-1606.246135309809,-710.1955272675992,-1396.985463777085,-2502.298081343345,-1936.5873502884747,-0.0,971.5627406319712,981.4683669650527,552.1921796516923,754.1384836651333,433.6324238644884,-0.0,-0.0,-0.0,-0.0,-0.0,-0.0,-0.0,-0.0,-62.39293816635281,-857.5882095369819,-505.25699569809046,-271.8371386818775,-1176.1819638376794,-98.0657985955682,-355.3785916394268,-1133.160303210051,-292.1081071307188,-1718.24206487336,-746.7702775891817,-81.41559041162512,-371.00029536051966,-23.546377673291282,-0.0,-555.6828647607515,-167.77154818206526,-202.28314124698116,-725.9227854479927,-343.4989506730531,-1483.1186222790814,-291.3468745889199,-0.0,-0.0,-1865.4338114265324,-499.78098328176,-323.82168272906466,-527.8821032370623,-890.2701169406265,-425.801900972211,-397.3682252272482,-0.0,-629.3011783831862,-672.3398484651773,-827.3825234531996,302.94132301271753,-1305.018014014021,-2188.0980025425106,-208.52718830917965,-652.8764294581682,-652.1058381576073,-13.024546810807616,-0.0,578.010366751062,-780.5947349132981,-34.58680531616157,-1884.8618534249456,-0.0,-0.0,-1203.9651648936328,-482.96633637566845,-0.0,-582.616644245504,-666.5700503817234,-775.9291436920445,-0.0,-688.428842355235,-469.24995640215946,-2152.8410429207815,-4133.888240088895,-378.4553122865264,-0.0,-79.61352906759642,-415.74010588955207,-1470.3315352861375,-220.38203358871579,-559.16496019981,-699.6809963021744,-731.8129483546194,-370.2294641242629,-0.0,-0.0,-1604.9440718061755,-106.24060679090292,-421.9519020810675,-766.8451499843702,-1164.3627073192602,-2372.3271937817995,-0.0,-565.0087455438535,-0.0,-0.0,-0.0,-0.0,-0.0,-27.94798515400317,-178.70793447938087,-347.9385924301608,-0.0,-0.0,-0.0,-0.0,-0.0,-0.0,-1153.672879968457,-2210.4998848520877,-399.8547647516336,-482.980531593292,-44.81491731786923,-0.0,-0.0,-421.49789751955905,-0.0,-0.0,-109.92178976987219,-2625.767128418952,-0.0,-0.0,-1443.5752254081208,-553.6012080738293,-856.7630957842758,-960.685438528405,-699.8999790212945,-0.0,-0.0,-1140.858237866458,-1773.1496759696151,-958.1259944397024,-0.0,-1109.1684090562005,-0.0,-352.7676671855921,-705.0004050074891,-0.0,-653.2805549991594,-1742.304920721771,-0.0,-1661.0705463518034,-173.86644640311803,-579.71714946566,-1343.810728089784,-223.18181523205095,-1191.08804927604,-0.0,-991.7781998620009,-26.721255061485586,-2305.391640376885,-1829.8893451695483,-0.0,-0.0,-0.0,-0.0,-723.4684284978969,-794.6455833605249,-0.0,26.453427895842086,-356.63378116429055,-742.2052781682431,-2004.967315138001,-2224.681339998418,-369.9327098238129,-0.0,-1373.2764620700307,-828.4875695413499,-1679.2049013201995,139.36152990737406,-0.0,-3286.5862269731833,-678.7079056048108,-0.0,-434.7080055388194,-1425.480159077503,-0.0,-0.0,-538.0950910213053,-1410.93326841253,-0.0,-1059.8118970438054,-1266.7954939006854,-37.44294729405108,-81.55750580345986,-497.35920520958024,-0.0,-1453.3366681085122,-2561.7606087192153,-1138.983239539346,-175.72057544731646,-1864.1112661052252,135.39404094582736,-842.1613095789043,-613.9902699241718,123.85625523492942,-845.2363941778025,-1434.2991599704737,-819.6648502051333,-1275.2804938043007,-401.8024155946199,-590.0919675647909,-748.058134494374,-1522.006041980237,-0.0,-0.0,-1781.3721206528298,-319.2056891454838,-0.0,-1471.6755927005074,-1213.6127911684687,-0.0,-2429.463314754874,-528.114512866315,-0.0,-815.2191937347392,-0.0,-0.0,-1238.24923127278,-998.6131691617294,-0.0,-0.0,-0.0,-727.3219448945681,-4.41858031155641,19.876546211954707,-249.08575062883355,-0.0,-2078.7571788480845,-1457.845334307528,-548.9484803889342,-2028.8007291671186,-0.0,-57.80413222647651,-922.9015627018592,-0.0,-420.3018612420625,76.51053908930547,-1586.1579097447639,-1013.7004921186114,-670.3727376327131,-1252.9608659666408,-0.0,-0.0,-0.0,-782.6044333974877,-0.0,-382.77308454834184,-957.9577381802569,-207.87561997321922,-1192.3533109517066,-2139.1102240087316,-546.7935641507962,-2053.60625579143,-0.0,-1106.9726600812048,-720.5194944810393,-500.12341240443266,-1248.356636897809,-310.0719032541513,-508.6284459684094,-1474.8075767356243,-0.0,-0.0,239.41301244849802,-2698.6388606108812,-964.7402309634009,-262.94594765494196,-0.0,-362.94111888264155,-528.4463155988043,-633.8246593469147,-0.0,-0.0,-759.1931420895273,-0.0,-20.851189666348343,118.44392874627714,-118.27051793411972,-1970.4172197204116,503.9924252922935,513.4890475041434,493.1537821301285,634.1148107949926,47.203244929048665,-0.0,-621.0996395887402,-738.3059687701095,-350.2780577423597,-9.680237232059815,-0.0,-0.0,-0.0,-190.62798946229563,-13.23095943670114,-901.4513648964214,469.1449179940179,2352.551602031351,-0.0,-0.0,-0.0,67.72117154477102,77.89646354707949,-0.0,-3034.6485091147842,-0.0,-0.0,-0.0,-0.0,-0.0,-2412.169391562469,-277.88362276679504,-0.0,-397.5902868336603,-2104.7802257392523,-159.34553738594298,-316.5061252170517,25.967613366367306,-1702.8462427855704,-4257.050496210763,-1935.9621369030904,-0.0,-0.0,-1651.7193161413109,-1029.7850078950569,-723.6266217074478,-409.9438805833735,-343.7845191519248,-989.2576506739795,-1001.1559071404691,-4901.68254311297,-664.7343769133296,177.40988398794286,-810.5600421073032,-1075.461950230309,-612.6700140679509,-623.8011204024261,-7.485873750129935,-1595.9196074670103,-814.4818437509391,-579.5073779312607,-0.0,-0.0,-0.0,-0.0,-227.55513617189243,-1199.7562105929412,-0.0,-1228.5567264507697,-1351.339953717047,-0.0,-0.0,-1437.738107771764,-0.0,-0.0,-212.5514540659815,55.86351357233974,-0.0,-0.0,-3070.9834011053204,-1209.4082856543464,-95.57673265447453,-927.5629981509564,-1400.063031485626,-0.0,-335.19814005884047,-497.81851500267084,-0.0,-1367.891449559591,-334.087223471816,-1151.126199286819,169.2253485571936,-879.3663697556038,-200.17139476932417,-234.90234930664278,-53.025019528637515,-44.53240144642327,-604.1740175585419,-811.147599985403,-503.30195928734804,-702.423690001705,-0.0,-61.58571228857988,-724.7478442172546,-165.74042785109083,3.876497405105756,-0.0,-996.2299060680175,26.829254157042552,-1297.061364336172,-0.0,-0.0,-0.0,-1845.9472661272482,-0.0,-0.0,-79.14018182822188,-0.0,-0.0,-0.0,-0.0,-0.0,-0.0,-611.4063126041921,-1602.8105763070432,-0.0,-0.0,-0.0,-0.0,-846.2373454149424,-472.79262711360417,-0.0,-0.0,-1845.9329602716855,-0.0,-1361.9064357989682,-2672.633504711847,-0.0,-0.0,-0.0,-499.5211159283118,-0.0,-0.0,-0.0,-980.654881818179,-752.0000710538549,-664.2229737955521,-0.0,-0.0,-223.9201254421363,-0.0,-3966.0123818316342,-5375.117606330601,-0.0,15.35403391569565,-0.0,-600.4979444289778,-671.116397086825,-1997.0280670842697,-0.0,-0.0,-96.22480621415258,-688.0787723039634,-1360.679327898002,-668.1538735857786,-337.9452594662022,-0.0,-0.0,-1207.7015424228127,-974.5338973074388,-45.316763661478724,-0.0,-0.0,-729.5797518551658,-380.286764938223,-84.3641808382515,-0.0,-0.0,-0.0,-2166.2551242930244,-339.3898236946298,-1341.3759486838114,-4333.651933932106,-0.0,-982.2273962581313,-1149.7584001026307,-2387.0096587419953,-338.87991067371263,-0.0,-0.0,244.71389462160363,-1181.1354129656374,-1839.1373708677463,-500.2814815390454,-149.6605604363633,-24.73417913053283,-1791.8601883601175,-415.6096421728084,-1760.0849219063564,-666.8573135578152,-2715.1323314729466,3.8535016792328403,-988.3467579803985,-880.5553002930563,-1852.1095184515766,-0.0,-0.0,-743.8018902645546,-1675.3331034415105,-1803.3574930260158,-868.8145370836147,-0.0,550.2375233173782,-68.45951551094974,-447.152987525416,-0.0,-18.836652906491643,-0.0,-2457.5468405447937,-51.93993125230675,-0.0,-0.0,-745.1323190426561,-1101.6351041791004,-805.4074143560729,-347.39255555304504,-585.5256472286447,12.57523697260896,198.1990192849625,-825.9797797980893,-26.167390808492215,-1509.0106953267928,-0.0,-1543.159205320201,-127.36549924666596,-756.4609102659128,-398.6467388777695,-24.20339316272062,-42.72172061773716,-20.120880642944144,-1245.5598147590358,-972.0181720614139,-1406.8712648023109,-255.01879068134588,-1380.8788789460584,3.868423438273265,-0.0,-763.2370744565693,-2667.7086202271785,-0.0,-0.0,-29.82665053981841,-2088.2454266169893,-189.2673958149512,-574.5837721333614,-370.5383790521708,174.34219610908082,-0.0,-0.0,-1263.0526105397826,-0.0,-0.0,-2164.359793415905,-1576.72110957918,-848.3099544973854,-757.7939770547243,-641.0418994044643,-905.5769521573993,-780.3492640240537,-1297.727172325142,-2592.5842947329393,-0.0,-0.0,-0.0,-0.0,-303.2266860642423,-0.0,-2060.014502405457,-631.2882454315776,-847.4196846409371,-981.5867005698512,-456.71128503689755,-0.0,-1407.5091113765889,-654.276795320097,-0.0,-2577.084768630699,-1445.8509131966641,-0.0,-0.0,-2416.516996565029,-1710.2957440642544,-442.619147465344,-805.7666554058012,-0.0,-532.6177195339565,-315.52350036438617,-0.0,-638.9340078806298,-547.7191821842755,-512.5647644701551,-0.0,-0.0,-0.0,-0.0,-389.19228946156187,-1231.9019363413938,-7047.716446034447,-0.0,-0.0,-731.1502408117057,-706.2035229498503,-1926.8701481046537,-658.5788989325446,7.631187515212358,-457.4004678756142,-0.0,-643.9251713224552,-572.7453425706316,-0.0,-505.2291655952559,-1140.1967590748059,-0.0,-0.0,-0.0,-0.0,-0.0,38.53739340998299,-2126.6926994792093,-0.0,-1346.3608045233423,-895.2314401404473,-4.029271664275159,-1696.4809112210605,-972.1561471926171,-972.2498520307228,-1421.2741968931962,-78.36264265661993,-120.22201049435583,-1264.0443351898614,-705.2469651788367,-682.6492626002796,-0.0,-1472.0581351866986,-1365.5053172802704,233.28682847272546,-0.0,-618.4525920532012,-718.1391994246899,-988.1972897861394,-65.93536041476408,-0.0,-291.49962589901037,-0.0,-0.0,-2473.0838512456407,-2126.5631949911303,-1923.3235087454927,-1716.9721394450069,-0.0,-1250.5357071136305,-2062.271895910135,-0.0,-5335.169887701815,-0.0,-0.0,-0.0,-0.0,-1053.9317139851134,-2465.030447082342,-2321.4175986988057,-91.50612802287412,-1979.2758783643128,-0.0,-983.8898050153755,-31.52316091850145,-0.0,-68.59656486616109,-557.4279330110105,586.4854984530159,-0.0,-462.9702622130696,-38.40002500473492,-0.0,-1446.58911794466,-0.0,-2118.9589992566825,-144.45169875728968,-0.0,-0.0,-1067.9046857199767,-1588.815994496139,-1045.85998156784,-1242.5653486951223,-1294.1234773852473,1573.055862388148,-58.057289227739076,-805.6066325044693,-36.158439554574336,-2484.015703561943,-817.9301996390643,-869.9339066083717,-466.9387629763447,-1638.3878163679908,-1731.7868343440723,-437.0938418676385,-2486.228564447509,-334.0636112084687,-0.0,-0.0,-50.858965291002974,-0.0,-0.0,-0.0,-0.0,-0.0,-0.0,-1693.9528748787272,-620.8957060846583,-1187.1803938980765,-909.7992792340357,-0.0,-583.4108317626242,-1244.998383757771,-1114.7555653465192,-2222.651865993363,-1329.392365616416,-88.33741863604544,-198.8073712896655,-977.875962082106,-1481.114637491572,-0.0,-0.0,-0.0,-72.5735134335693,-826.2555368952319,-157.26660456755468,-495.877837016678,-1017.4739180480908,-0.0,-0.0,-0.0,-4121.871758763108,-0.0,-126.94484578598689,-0.0,-221.5976733055147,-1148.7041526957794,-1236.973058340562,-864.5499630853046,-0.0,-43.49025079248297,-576.7436738426782,-748.2654620702699,-569.0761975029606,-0.0,-1071.0733580870133,-0.0,-0.0,-2763.215975196234,-0.0,-1399.9617781760878,-648.8243022731056,-421.3054509905909,-280.8200677140434,-1430.0455470444788,-2808.478137003034,44.34343864977526,-2310.3606356581686,-1718.3504256358078,-444.1627286678505,7.561663493308143,-0.0,1495.4926927335425,1116.6976692389574,1165.2230376984337,-0.0,-0.0,-0.0,-889.5631186263112,-0.0,-293.1357263229497,-183.9128458961673,-0.0,-3688.1407344449285,-0.0,-1449.1433296577693,-83.75561348943688,-1097.0415754066562,-601.7604580752679,-1503.855980634274,-1249.2807097225652,-0.0,406.91211236749734,-2663.329106123833,-1705.7096784520145,-472.1640040982427,-1244.1362298829793,-1729.8156563019436,-0.0,-0.0,-282.6044653393998,-770.2538455573718,-2298.3937843510694,-831.715798218811,-37.70378284894323,-0.0,-0.0,-711.6120316103361,-0.0,-0.0,-0.0,-212.57051723920895,-1437.9318945516354,1670.307087569399,-1360.1692256376618,536.3855980801383,-741.9300475999295,-1030.2942044504239,-11.066296492233526,-4996.906655287679,-388.5452341972341,-0.0,-76.2826480661586,-2421.261576752467,-1773.554428148372,-0.0,-27.756561470015317,-0.0,-659.9221286806875,-25.90567541825111,-1918.0843054272414,-1582.0228392349663,-0.0,-323.2220131908646,-0.0,-0.0,-0.0,-768.2186527918612,-1051.5198343254187,-433.3035708146215,-1163.297457909291,-1801.955025951263,-984.6515157875954,-441.7057369931142,-495.9204534752107,-112.81099673564633,-1686.3735072751092,-633.139614295805,-1032.632706755491,-1252.9250591328787,-1485.9414446236103,-1420.8847476846365,-389.79816230344017,-1527.2749364124418,-0.0,-0.0,-0.0,-2191.5550922892176,-0.0,-512.1527172675843,-1235.026800428178,-11.288543366859905,-799.9234238824056,-624.5502499822046,-970.8708131919112,-742.2693504997153,-205.65101032190654,-1914.4240907788735,-5376.462928718639,-280.3709132319707,-31.881237835048974,-0.0,-116.196658962318,-6976.729751687783,-1876.197570884126,-699.041701043118,-2454.410918377114,-216.6997567736571,-0.0,-24.56384153525313,-689.6141619257425,-127.17336592469175,-1146.0414618172413,-1092.8822913762042,-206.29111772267652,-0.0,-712.8755696512933,-1930.1515851470447,-1987.588585135256,-1939.4988390851072,-0.0,-1557.074583901777,-0.0,-53.552121624817936,-889.6868272954748,539.3664028106655,-0.0,-0.0,-322.2842907667868,-1021.4802581115655,-754.5313497993187,-1290.5284113392486,149.3048987206724,-1458.901307552521,-132.03118102262954,-337.0466996925878,-2132.798371427732,-1949.8213107271367,-388.0853595433351,-0.0,-0.0,-0.0,-0.0,-0.0,-2077.0486590809646,-0.0,-639.5718852969626,-817.6949615376017,-2636.529867331038,-0.0,3.474057187916771,487.54306036235835,2084.955220985622,-636.2384782076749,-1327.6278153492972,-0.0,-1351.219190737796,-3684.9435120619332,-869.363260690846,-5601.858093220283,-1210.754706860204,-0.0,-778.0420356565423,-2383.012482650517,-204.33320516068775,-0.0,1236.722070140086,1379.7573190890898,1192.3950277661154,-0.0,-0.0,-0.0,-0.0,-88.22463998839466,-2365.7539852932373,-83.61981977541119,-0.0,-2036.6045440734192,-1169.7045043146638,-474.3385541044286,4.244720862167555,-0.0,-213.302498643332,-814.7689091405856,-0.0,-0.0,-49.09387030334866,221.64355101637366,-2269.514084616631,-0.0,-860.3127093447874,8.962035350693858,-75.02032518451972,-0.0,285.66368406923027,-96.82221544510965,-473.6904191340512,-1892.104044816957,-0.0,-59.266528268357675,-1239.1791010966638,-1033.529420562986,-44.151006048960305,39.7857317042754,-0.0,-1251.6533279343205,-797.9968887814366,-8.650466393560885,-0.0,-0.0,78.86712153073861,-242.29400094056987,-166.6100677207437,-84.28916343281391,-12.446727920140326,-182.1747098995413,-764.7785881764717,-989.2836286421923,-512.6106614142117,-0.0,-2219.3069752337074,-1003.2116948295599,-0.0,-0.0,-1073.6020665927192,-2149.5291273190396,-618.6888779132951,-7.5825536579018085,-2736.9748134882398,-126.5276187632154,-83.95075920405665,-1105.2382570478192,-0.0,-366.8031892483835,-1478.5141284189565,-3.770566090753853,-0.0,-3388.5661110499136,-158.60066224605663,-1556.852430084027,-939.9767127111388,-1254.8997548871698,-2434.8010469485903,-82.13598568078761,-859.759101859863,-1941.97508838426,-1227.4934713661887,-1235.6255153841253,-238.29570100141157,-1877.6301458659339,-0.0,-2705.777275596753,-0.0,-6568.913495342456,-235.32628286610145,-84.35051039346455,-1485.2567916166224,-0.0,-0.0,-0.0,354.40736464094294,47.16634392294996,-899.7708066433936,-1302.7417396661858,-443.79488067483027,-1064.1265373285682,-0.0,-0.0,-1518.254357022564,-313.2963525310936,-530.0897169693154,-173.4417193925347,-0.0,-1635.8809848057751,-352.5557009935245,-1971.8361826653586,-0.0,-37.02893916244183,-0.0,-1888.5281297501374,-792.6952487314612,-1688.0399967461115,-0.0,-0.0,-1496.6627756221956,-519.6841237487128,-798.7350033554129,-1563.5476908828234,-464.2309230344469,-1440.7190799425218,-0.0,274.6945802028672,-1260.5175428843247,-4294.459735592964,333.070995505379,-1265.1241359303137,-7750.290527939135,-625.2300071453104,-676.7770381400113,-228.56650474140446,-183.78913942159335,-950.7338016730039,193.8027427086134,-202.84786124641371,408.3281736361118,-1129.2535527946511,-579.6757831080839,-0.0,-1205.5006672776422,-1881.94458865105,-910.7101057830015,-396.69943522376735,-0.0,-0.0,-33.79295954021512,-1047.902279763667,73.91128788618681,-2180.60655827253,-0.0,-0.0,-452.9987778980716,-616.556287141254,-984.3959792361921,176.61563883387126,-2656.05012689647,-1458.1853566366851,-1285.4535705728536,-233.47765864253367,-0.0,-390.731826865361,-0.0,-595.9217730592728,-23.751368833381086,-1370.6241358499842,-509.99640383265773,-1058.3793512171485,-351.3451332543097,-323.5439979119957,-0.0,-1143.6321731672165,-695.368855911458,-1257.5151993449608,-0.0,-3318.078385487052,-1370.3788318757424,-1264.4050642185157,-819.6819273362107,-1122.8431062119598,3.819533901552226,-2225.8611820899705,-779.2410222458662,-1228.527144195868,-1939.777143963146,-310.43218667726734,263.1391005752247,-1084.5573982163066,-0.0,-0.0,-19.956166164396148,-60.80066026637038,-18.98707962091201,-268.2731956874526,-0.0,-0.0,-0.0,-0.0,-0.0,-0.0,-0.0,-0.0,-0.0,-0.0,-1446.7585914997167,-2412.282279129365,-2156.5732342779484,-0.0,-0.0,1754.8585118530336,-467.4182825594619,-0.0,-504.66141334567095,-466.05342145605294,-1018.8805728282676,-984.4282233655679,-1163.129175731815,-0.0,-652.840485119247,-420.71154897718657,163.57439366897336,-0.0,859.4907524303103,-0.0,258.2695497066792,-0.0,-327.6942356887548,-0.0,-383.9616991793374,-1196.5800137744202,-1998.7847960671047,236.18476176921712,-0.0,-0.0,-0.0,-0.0,-0.0,-360.89201419017155,-84.85936811361992,-0.0,-0.0,-0.0,-558.6334383991826,-0.0,-44.088457160443525,-644.9477200222497,-3286.3831270279666,-0.0,-1343.2738026558031,-0.0,-612.2502792047997,-0.0,-0.0,44.286467373476924,-0.0,-165.88898521306868,-0.0,-0.0,-0.0,-964.7892918223071,-1856.8848173849983,-0.0,201.57626274287978,-2373.046307614505,-0.0,-73.71758673664966,-272.7381229893487,-0.0,-0.0,-1499.8941236663672,-0.0,-927.918020554828,-1326.5222059941564,43.83361821774059,-2784.753130585949,-1733.0391946259047,292.3713313135994,-698.7215759753497,-0.0,-1047.3747221822587,-0.0,-0.0,-0.0,-3509.33170931873,-862.32423352814,-1556.7589913184293,-0.0,-389.6390732765514,-3.9950156779630213,-1315.0816244583723,-2018.1633499971379,76.44061150125549,-3060.0928625009815,-0.0,-1937.5754024767825,-2589.4556437568613,-0.0,-0.0,-0.0,-0.0,-2376.307206565651,-162.25011693538315,-1476.3813794281127,-0.0,675.9204180976594,1303.7168619985348,-0.0,-0.0,-917.3429162726201,-888.0542753602855,-335.64848740315904,-19.006016188495593,65.93968817379582,-0.0,-1257.6938254985314,-0.0,-288.4295719429183,-1027.4561137033345,1366.0015753072905,-0.0,-0.0,-0.0,1010.3403457099447,1024.0252604408522,-760.5310617931076,-0.0,-1362.2499184241783,-0.0,-1124.0236585125258,-713.1547498693764,-0.0,-0.0,-0.0,-0.0,-0.0,-57.9636284043643,-0.0,-0.0,-0.0,-1175.342406512806,-285.379816398619,-0.0,-0.0,-0.0,-147.19937687904178,-72.55693942963681,-650.6290064101288,-715.1876011719327,-2458.7547630846057,-1115.3824497502226,-991.8426803048172,-0.0,-2737.765590945714,-42.84468059501122,-0.0,-969.606070752781,-2424.670333059983,-729.4629708251564,-511.3932564621211,-1293.6493660317071,-270.67952518159643,-673.4005015920908,-784.9179245958952,-1087.3007897420398,-263.10871863351366,-1693.2189913953982,16.408317905397833,-385.7615634021462,-0.0,-0.0,-806.0648674419517,-3679.631784385503,-0.0,-952.6677808737425,-520.5911533354922,-0.0,-364.352386248176,-562.2814538284157,-780.029858621532,-249.68638285359086,-0.0,-0.0,-0.0,-0.0,-0.0,-43.378974920966336,-0.0,-688.72078076051,-0.0,-0.0,-661.5964846603925,-1055.7972716137306,-2595.6357987571,-442.76001271513786,-631.0740792561658,-101.99950647970893,-2055.6863390707686,-0.0,-819.0069504654201,-535.6369934867762,-455.2768238362414,-1333.837810658353,-1007.304162804314,-1579.499044544704,15.347343039005574,-414.31024920232085,-0.0,-1104.1365736940036,-1087.2237719754373,-139.5652168292375,3.7467173218600367,-2549.696369960606,-1142.969114053854,-669.409754889298,-0.0,-711.5126571834203,-743.7495269684911,-541.527592947305,-2185.5361918534036,-3.716564998897445,-0.0,30.50618420368424,-0.0,-0.0,-222.80428206148719,-3861.744970206816,-186.0840196404697,-1591.3888510491854,-3446.4726183677744,-0.0,-4672.816454055378,-263.3424656585255,-2038.0299367688722,348.9550161315967,-0.0,1618.4376949822438,-870.2112915210631,-0.0,-2047.8399449744998,-0.0,-71.85159533916217,-43.67385306025392,-0.0,-0.0,-0.0,41.59427749164473,-0.0,-0.0,-0.0,-610.6129791999932,-1362.7851695767451,-793.0537294858188,-0.0,-3349.6675129293553,-0.0,-0.0,-0.0,-251.7770099985015,-366.78418353146117,-0.0,-2248.444604494364,-0.0,-0.0,-3407.5142036736156,-0.0,-26.04950494161827,7.845214544745033,-464.54741134413973,-21.294641347133194,-0.0,-0.0,-243.59865333027977,-0.0,-0.0,-1341.2148733814356,-1255.9315482834907,-1370.409454327502,-0.0,-309.82283815291964,160.9817028300063,-372.8252094462402,-15230.95985848252,-0.0,-644.0437001127982,-1336.1128616110939,-664.5470163348461,-0.0,-34.46139666596368,-15.784979712278412,-256.6517183958515,-1062.947486465016,-0.0,-0.0,-0.0,-515.549152152369,-2390.7820474756995,-1448.4820337494973,-0.0,-0.0,-0.0,-290.8251519062391,82.53830863870182,-8.419577662173598,-1239.1501395056368,-0.0,-0.0,-1012.5089223367569,-0.0,-0.0,-0.0,-2593.2570409938803,-1060.8566706997306,-0.0,-1208.4606241050808,-603.7296296667815,-233.31621027197852,-660.9456302848778,-1141.9280359108595,88.62293745065409,-1250.5428863463114,-1167.876421348763,24.605014408826236,-1894.3722434225044,-0.0,-0.0,-0.0,-0.0,-450.52284916982353,-0.0,-0.0,-618.7975838583403,-933.4148496031728,-691.9161358823587,-0.0,1595.355210940542,1272.443782877056,1384.2151298821016,-0.0,-0.0,-0.0,-915.8771903464153,-40.6475475063419,-828.3821809334082,-77.57923044653319,-623.3656232108631,-1772.2747281053303,-1234.4899354165873,-2130.14753607511,-0.0,-0.0,-0.0,-0.0,-465.77665278629934,-781.2898953919265,-1635.1433682307816,-439.237336021689,-1504.3071869005325,-1728.40260302353,-2149.127540354714,-0.0,471.2201825342581,-440.52940764513204,-389.3540159826544,-128.12111456639764,-4627.478071491939,-69.50712187665215,-0.0,-883.9662021211213,-1523.509727603695,-0.0,-60.921535907903035,138.17271868511688,-84.62083463460338,-497.01777962301554,-2089.893807419442,-156.9976749202749,-1832.8130692616837,-0.0,-1894.065529876687,-1934.6444392493952,-1313.3448118022181,-0.0,-1617.2787021012755,-356.03341910856517,-679.2864403647238,-1120.6731190974212,119.59278454993773,-1789.8565585852614,-1374.6972844174454,-0.0,-116.13610708467482,-0.0,-0.0,-0.0,-1068.8316717310472,-631.9309393084056,-0.0,-0.0,-0.0,-3417.2411391482597,-1828.4164290387712,-0.0,-0.0,-4.010523947410536,-1549.9233515944527,-876.413510647847,-0.0,-768.2341474912871,-1310.4811907378223,-527.1104744655512,-24.59409114954279,-1023.2107872545174,-7.356247087780332,-1484.8650144602657,-1684.654201201947,-0.0,-0.0,-40.090965908522165,-0.0,-0.0,-1291.3944156451746,-84.67778392328414,-499.0880267367793,-0.0,-0.0,-0.0,-876.4061636649184,-313.78290344775917,-111.73298849086103,-464.72908668454255,-244.16515771568683,-2062.9036031384617,-340.5318292327053,-540.9883531572187,-1112.3434219779074,-0.0,-387.3725676532993,-0.0,-2012.6649177872982,-1560.0293761436455,-1609.2424473231824,-412.1486936668214,-250.23661529770573,72.21318276114258,-1002.0186932447954,25.318592210307624,-0.0,-470.73277226087004,-0.0,-0.0,-472.76009599204855,-126.43362159373926,-2841.804360578994,-2965.114851846656,-549.6293982280364,-0.0,-0.0,-941.506645403401,291.3201859032801,-0.0,-0.0,-0.0,-1090.2456056046815,-49.227355514447034,-518.298963869313,-3920.625713223393,-1451.6101971056826,-1159.9399863505075,-429.5667787561102,-186.2805924037148,-1242.548880858968,-715.3830821525598,-546.2276672930176,-0.0,-687.6090219498452,-656.5808094225292,-1946.388563333645,-0.0,4.389608619452589,-13.119773646005118,-0.0,-0.0,-1766.374921051815,-0.0,-3966.237711723511,-1251.4177840820496,2382.1991052702233,2956.2201307929954,-0.0,-0.0,-767.4088373726215,-1062.1429391804932,-592.719533092338,-345.92626638600615,-3183.7914741780564,-653.7755496713025,-0.0,-0.0,-0.0,-1198.0810890393052,-732.648206495764,-189.39496081449022,-2381.943700952212,-1200.029817232957,-27.751233629235454,-424.42843100947505,-1142.6218838516613,-290.8135042820705,-526.8120657761688,-0.0,-65.83534256074338,52.12379134045245,-995.8231088500298,-158.66082279461187,-0.0,70.9802465683975,124.22175112444927,-186.85569727516506,-1289.065370658931,-2100.5889604692175,-60.42140756736353,-906.8836222366562,-1489.287776362322,-0.0,-0.0,-710.8619068749994,-0.0,-0.0,-0.0,-0.0,-697.6051309682441,-23.124864409569696,-1430.3019314015007,-1331.7596752451675,-2488.5624097150594,-1289.8901769999786,-0.0,-640.3298173639803,-0.0,-1492.9520964050018,-1771.2669523380082,-1326.845404538072,-996.2454668568546,-0.0,-2145.6966097029153,-0.0,-0.0,-0.0,-3383.5252839216423,-1232.3052239363544,-291.3151515506304,-950.0870793611954,-867.4411454630962,-893.5651665300229,-0.0,-0.0,-0.0,-43.273277836543826,-5068.989905738365,-711.8053739921397,-2066.084918683655,-3770.7462941077442,-2233.34178692884,-443.4149311647754,-0.0,-1761.5559142598179,-769.0144366072266,-0.0,-351.5226711579967,-384.1275702960863,-39.5894671066441,-1062.328635030126,-261.2373845280381,1422.8520949489798,-442.9086531733275,-0.0,-0.0,-1017.4714480039047,-868.1095030218823,-2559.8337922262817,-281.159553507276,-0.0,-0.0,-545.6325706635239,-0.0,-0.0,-0.0,-0.0,-1325.0050695450932,-680.1359730482201,-1402.4918287352968,-473.750288580606,-3.7961313018260814,-724.4290303527835,-0.0,-0.0,-0.0,-0.0,-2525.2129876942413,-0.0,-0.0,-0.0,-0.0,-0.0,-0.0,-766.8573722919485,-0.0,-2628.814208954653,-534.4051649847928,-232.2848737106238,-1270.7979066999324,-0.0,-0.0,-1450.6557041071912,-1412.9718024219496,-3.7727234710033373,-487.03888481125665,-57.49917216906922,-1919.9185974944587,-927.3167385174316,-0.0,-3937.2591976490767,-1309.0951447829868,-0.0,-0.0,-14.894510026781788,-419.12294516578123,-1210.8897113164899,-0.0,-0.0,-24.266900107210255,-1501.6082475631629,-593.6402876958339,-335.3429891194377,-74.28716869766625,-1874.5089778398885,-0.0,-0.0,-0.0,-0.0,-0.0,-566.297346348907,-493.5501216159854,-587.8857415191438,-4401.731604032901,-1669.7635554129113,-1275.2033504201372,-100.71148007235028,-1110.8790104849395,-1116.8261288708443,7.534329428801043,-0.0,-0.0,-0.0,-597.954188211323,-452.7879259630724,-1801.843746063691,-600.3880739983963,-0.0,-1646.1103384182343,-0.0,-704.2956544310823,-0.0,-0.0,-2024.3899370967586,-546.9883849384315,-572.8263662382521,-1478.7876472494345,-122.53018453505719,-12.225464146093204,-713.2841539618402,-1466.5653804431101,-0.0,-463.08734058565125,-1248.942393532457,-3979.225274960527,-0.0,-293.56915760118045,-2125.900514075283,-1370.6128887320872,-1302.0509597347964,-508.43154846407975,-1199.1233508818118,-0.0,-348.3348690319574,-0.0,-255.73064150086282,737.6401062941654,-0.0,-0.0,1007.9876236762188,-0.0,-2240.638465640529,-739.765589348257,-1106.1251001096655,-1189.4946742613847,-1529.913487537568,-370.9978191280738,-147.19483630952692,-0.0,-0.0,-888.8050442176822,-1095.613242025997,-792.9958526063232,-0.0,304.2475638794556,339.30788775009125,-234.30267699401392,-2784.7610901721164,-2131.8718417629975,-0.0,-0.0,-1439.1883922520851,-3930.659718711434,-2661.990985570232,-522.7859158253027,-1073.5099545526916,-1127.713669125433,-0.0,-217.67761761567112,-0.0,-627.8808144544016,-263.0260137845274,-1668.6836002374066,-2681.1464991512835,-323.8405284484797,-535.5071375636437,-4629.301871189739,-1441.8492420437265,-573.5379852973875,-254.31641387498058,-1542.9788018070115,-744.6589913092803,-4.0408031048175514,-1589.2122819985934,-1597.1893476923706,-0.0,-0.0,-716.7731186805671,-1307.881184578227,-351.79617495079674,-3.890333118521138,-0.0,-0.0,-0.0,-0.0,-0.0,-38.01538642712018,-769.9670954373368,636.4513979925475,-453.680148995455,-883.7310124995944,-526.8103770388899,-972.8989188871248,-1606.122561717069,-1215.4929827364044,-1685.8440600026015,-271.8441543721781,-606.3205813349758,-1575.975659690048,-721.7411576918047,-0.0,2898.6962918903723,-272.17869478626204,-74.57598895106844,-0.0,-1022.1183316056563,-641.0202998237264,-1485.5447391052046,-1828.0141234882485,-2436.191159303307,-0.0,-0.0,-0.0,-0.0,-1106.0116472211917,-1624.2048744333067,-0.0,-917.2452476428185,-8.065643558185489,-0.0,-0.0,-0.0,-2795.1551378271015,-881.246250661892,-178.98990434896461,-52.968960270588454,-0.0,-0.0,-1269.4464222289216,-1449.9144065439268,-801.8439155836027,522.546091475173,31.719425235571038,-0.0,-22.221096395508237,-0.0,-1536.3362017486538,-531.5258718334986,-1388.7925970468816,-1671.1124115184014,-1736.5259792383506,-43.11508627036962,-0.0,-0.0,-2022.7511427057998,-362.6309905566234,-0.0,-0.0,-218.2488037987628,-0.0,-43.301774921129294,-0.0,-1429.2024511239974,-814.5228243519318,-0.0,-74.85200896239334,667.5501869544765,-0.0,-202.01361823410926,-2519.3490079518433,-0.0,-0.0,-751.4857318454502,14.933616162166496,-0.0,-0.0,-794.925949592917,-1448.0514822918112,-0.0,-859.063972179819,-0.0,-1138.2820277055903,1722.5324820841893,25.665465245210015,-1716.4111771580122,-1870.6309811710696,1112.743993541123,-0.0,-2317.584942544095,-778.9427947783455,-970.978612704057,-0.0,-635.898942397308,-135.4222340393287,865.8962785263808,-426.15914572636353,-1525.4940332851502,-0.0,-0.0,-0.0,-907.4277857602923,-625.3874951117383,-781.894457653023,-958.5244911042003,-1153.1547574394951,-28.30491169057235,-1130.2747880951104,-1070.506878198062,-1345.2938976478526,-0.0,-0.0,-503.0142884229622,756.6806519088296,-6658.597604919301,-0.0,-1258.736251205503,-1940.9782132798655,-917.7300503489165,-817.7902537204923,-65.56122937994768,-2769.4885609930093,-382.26455754534504,-0.0,-1079.4278836786668,-862.3729235099098,-659.2482798090502,-0.0,-1506.8871067257421,-1979.683112545649,-29.347038724359308,-1165.0941290391438,-2703.0939314467255,459.81842474373235,-0.0,-432.29922151968515,-162.86696032202275,-1230.5678563543213,-1024.5137063814843,109.53595114935018,-122.7422073852834,-863.1418953352313,-490.8420199088901,-555.595733336117,-684.5152474623052,-554.2854528085551,-0.0,-1389.8629499268282,-0.0,-1173.6053128650958,-683.5851044778808,-157.99054147828105,-0.0,-1693.3643548346777,-4918.279600691146,-0.0,-444.66732030679844,-0.0,-2564.727292901006,-242.63958840581628,-0.0,-400.7867346304921,-437.1561423619214,-0.0,-2187.5072158501002,-1560.5191351193855,-0.0,-4298.416402372603,-121.51803707733879,-1306.4247401035711,-1438.5178497075267,-1772.1287909858606,-116.01729469513927,-0.0,-970.4229292546268,-2162.8993745983316,-586.4283607162744,-1017.2938335418766,-1106.3697122191045,-1792.2679238044786,-2444.8491767697797,-979.8904532190159,-1874.023839152959,62.9031205275485,-0.0,-295.9353345689842,-1278.4574231594818,-1087.4639484269321,-0.0,-0.0,-0.0,-425.99624988461034,-501.10355084137126,7.614491954362961,-591.7453910131854,-0.0,-1201.9917584267016,-749.4043014369681,-606.1834353016383,-0.0,-0.0,-294.0086284568143,-1601.8935714712736,-1015.7169429206917,-314.5306656084298,-926.4409877963935,-34.18291424434867,-0.0,-0.0,-3160.1607094985416,-1140.659036675617,-0.0,-0.0,-0.0,-89.46831525586599,-1074.7221956447659,-51.04941421359171,-1812.5076682387537,-1758.6017879151577,116.1874489410358,-0.0,-589.8502455424784,-0.0,683.4140335556613,-129.40340004866528,-0.0,-1633.6712465243156,-319.66214620028404,-1807.686491083584,-0.0,-1542.4869604177056,-608.6088811994234,-200.9537166839824,-12.566090105680022,-36.55446053313738,-0.0,-0.0,-714.0424168319585,-1316.1492232339167,-0.0,-544.697993134621,-0.0,-355.6668482967287,-534.1172574217783,-0.0,126.62147584049474,742.808516193581,705.7671913329768,860.4768877401212,758.5808960309208,802.0696778775213,-0.0,-0.0,-0.0,-0.0,-0.0,84.27767017735201,-0.0,-0.0,-561.4807884734082,-154.4356517237304,-493.69977549614015,-88.84033674816295,-0.0,-939.0450975536758,-1609.4473505370097,-1740.2620091256645,-241.64650469577714,-209.93668668134697,-0.0,-0.0,-647.6805749650233,-0.0,-0.0,-0.0,-0.0,-2978.7067884741223,-0.0,-43.45217088921701,909.0878154179471,-0.0,-1061.1129264979247,-559.0905846198938,1576.5702925616886,-881.5901272435113,-0.0,-3184.387791612896,-2070.693454984134,-202.11747285827846,-853.306236324153,-1334.6540760487912,-559.4362614132891,1188.739079503345,-77.49981947961008,-583.9774431615759,-0.0,-0.0,-515.83430144903,-0.0,-786.1027742035354,-0.0,-459.35746992192867,-37.27921214584382,-0.0,-0.0,-1108.37936082499,-0.0,-0.0,-521.7540259398579,-1270.8912697770118,-1851.7780809183134,-0.0,-0.0,-0.0,-1709.1258802716727,-0.0,-1133.0866654802442,22.426060550169232,-0.0,-0.0,-1174.7247238535604,-897.0554879077148,-1272.724503022181,-376.361216904185,-0.0,-1369.2189373311096,-276.75865655981016,-0.0,-0.0,3.9133405447064358,-37.687389375193455,-4577.154276431057,-0.0,-117.76622742792986,-31.135798955241576,425.73906163646546,-84.53207811782899,-982.4434721016489,-892.8270896177346,-443.8260523592229,-0.0,-0.0,-1772.6725836038784,-0.0,-0.0,-0.0,-0.0,-0.0,-0.0,-0.0,-166.46364189651504,-0.0,-0.0,-1974.4584576677387,-7199.637832835754,-116.49302307575225,34.891183153640895,-444.38159870748655,-702.582411313641,-111.97358181934725,-4357.450547630989,-266.87809703519275,-304.344821329298,-0.0,-0.0,-0.0,-2005.5360539469789,-0.0,-38.52634025500298,-0.0,-0.0,-0.0,-481.5044458566085,-11.437504445436788,-273.5761089326472,-1470.5923039309944,-636.5973460028699,-73.25154109155704,-2555.6517278621636,-0.0,-85.20487637245414,-2168.172229603797,-0.0,-1103.1114314633191,-75.11109219345938,-1545.3635311271046,-0.0,-0.0,-1081.9870844145796,-598.9264594668081,-34.37475180467857,-857.3463856353776,-824.2590202346136,-703.4701610090848,-167.56556973325297,-692.7862243668886,-724.3083053910079,-2243.6901485677668,-1015.9366957750557,-0.0,-1550.36030824075,-362.82496607904886,-681.2178465413729,-0.0,-0.0,-1002.8729352637693,-2333.059639268167,-833.6586125576908,-0.0,-0.0,-0.0,-3971.5831482516405,-809.9682554028934,-194.99148808139293,-333.6381840768096,-42.33438074706299,-3671.831372868706,-0.0,-0.0,-2262.016230498058,-850.348712857994,-0.0,-0.0,-0.0,-83.38554542471843,-0.0,-1879.298444203624,-1795.5909080378578,-0.0,-332.7414028503293,241.4616812323182,-0.0,-0.0,-0.0,-1003.6943441961089,23.677202337745808,-2412.9638294478264,-556.9434094230378,-1124.5815089064904,-678.9077694525623,-3557.4184153756714,-1638.1887264639502,214.04449032225727,-0.0,-3106.5458013729576,-0.0,-0.0,-0.0,-1272.5935179315156,-751.2464652318963,-1545.541745737759,-0.0,-0.0,-871.5718273177374,-1502.0616038232956,-679.0946870043304,-491.698488366373,-0.0,-0.0,-1288.5274593752158,-0.0,-0.0,-0.0,-0.0,-0.0,-0.0,-551.4722898280785,-75.14508847929746,-1324.5068509426605,-0.0,-684.2528463746987,-1205.295953685365,-34.04462894468119,-0.0,-0.0,-0.0,-0.0,-0.0,-0.0,-0.0,-0.0,-0.0,-0.0,-1152.4419337291056,-1977.1296462678895,-0.0,325.57933462938024,-0.0,-670.9563129700855,-98.98299519744818,-0.0,-755.6307461431743,-438.42184604309165,-86.8066169627475,-1978.2577612030361,-498.2557186670304,-2860.0645726942143,-175.8065106985599,-2219.8270506387394,-1814.318977309796,-892.6639382811762,-4.359981699718517,-0.0,-1116.97754977822,-2181.4434108105443,-2461.905440430642,-76.78993411337113,-237.0097480956059,-1733.167656422371,-0.0,-2639.3412888898897,-393.8309427353466,-0.0,-1697.3335093262422,-0.0,-805.6390494711266,-0.0,-2483.7353345299675,-0.0,-0.0,-89.20948090773123,-1047.7833259105632,-546.178909844546,-0.0,-1395.6727640497,77.61075940781534,367.89014535605435,347.95912474259416,-270.872370519961,-1725.0248605168433,-607.3074728549173,-0.0,-0.0,-5341.374972548883,-1119.4505109175088,-0.0,479.0155160320921,-0.0,-1935.292576893809,-514.3061810827442,-700.3714485320958,-0.0,-0.0,580.191640747107,-0.0,-878.3159826223911,-1240.2668282304298,-1871.1220780787476,-0.0,-607.1261866667244,-3113.9091491715317,-1002.0484631352325,-0.0,-1415.332702080304,-133.0753929361477,-1176.2795429277799,-0.0,-949.4155692624978,-0.0,-0.0,-0.0,-888.5439283669882,-0.0,527.1684898954261,-0.0,-385.4235620939656,-752.8093440615843,-440.7198208766577,-1045.6462844852924,-629.6282160858509,-1826.2563552735407,-1216.4650155603963,-0.0,565.789386021821,-2359.224392413346,-1608.9240894719521,-705.0319755646105,-0.0,-0.0,-0.0,-148.31532421377696,-1097.0801613462472,-301.74638931183785,-844.3908936282801,-2094.9665429297784,-2897.33933560814,142.3463889257285,808.7391249037327,697.9277898847473,-0.0,-0.0,118.28674793108988,-31.766275743557596,9446.99065734259,11086.39135473121,5749.0684968365995,10701.271599363668,10428.002499249622,9579.95828123622,-0.0,-0.0,-0.0,-0.0,-0.0,-1447.108934773121,-1384.364125068221,-934.197948555606,-0.0,-2396.0615728052717,-602.6320218659547,-1047.9116278311058,-32.830801515608066,-718.4650949106625,-1375.7497547596831,-1081.0075801104203,-1203.549621723058,-0.0,-2972.292254128963,-1845.2863803777948,-669.2708974630877,-122.0214144421385,-3303.8065515410385,-0.0,-224.3566898786006,-0.0,-11.339158667942336,-0.0,-113.70626134288001,-287.7620046584549,-1092.2626481783577,-839.7033907608735,-0.0,-0.0,-0.0,-2379.1489368781727,-0.0,-0.0,-249.95831215215267,-1009.9861979087993,-1043.4769398511648,-86.4188854225882,-1286.4310040930518,-1769.1587572955646,-321.7996311389895,-0.0,-0.0,-114.31807535974218,-1228.5356770823287,-331.3818954440672,-0.0,-5675.547844393692,293.9586234591463,-0.0,-0.0,-0.0,-35.43581919268989,-441.331032835963,-0.0,-0.0,-1221.0097154071957,-2304.890508500973,-1291.9701045989611,-397.7628130113956,-451.5987310156094,-482.6366329189749,490.20777947722036,-1386.167471779883,-0.0,-563.1588664856191,-2670.146743030948,-495.4981107024573,-8.741432643963845,-0.0,-5.396478570585026,-0.0,-0.0,-0.0,-1233.992467067137,-406.55666832938937,-1391.9116687512078,-0.0,-0.0,-0.0,-262.50979214070486,-524.5286622624602,-1462.703597060264,-2871.102581898164,-384.89931131664673,-198.11488535032336,-0.0,852.9837567365291,-0.0,-1181.8544684358346,-162.78989749065002,-0.0,-0.0,1003.5566618500817,-0.0,-1603.062629994834,-0.0,-0.0,-0.0,-202.66888504696232,-2042.377945014747,-1692.508258829241,-26.47578164067231,-2346.69236628598,-1572.2440936532826,-26.86628684705644,-26.442826586585042,-74.44641102930645,-0.0,-0.0,-2077.612553967525,-0.0,-5830.999145217402,-0.0,-1544.9492719774819,-267.3058494759077,148.92860215411892,-0.0,-57.27152424326642,-1358.5424760066385,-1533.3404520886497,-541.5097899599632,-36.62895843175508,-264.45654961215007,-0.0,-0.0,-0.0,-0.0,-1237.3132094842417,-889.6858357968866,-0.0,-584.831254931268,-1277.12047676519,-187.19662532995295,-77.74821129663849,-0.0,-0.0,-0.0,964.9713054425226,-4.081993954148586,-0.0,-527.4183826590855,-870.1815028433934,-1441.537711044387,-0.0,-0.0,-2435.4008672196796,-0.0,-0.0,-0.0,-0.0,-673.1225503723243,1019.243844265918,1082.351169160281,1233.0601992288505,-0.0,-0.0,-0.0,-602.0790145542737,-0.0,-0.0,-371.6953658651392,-675.6966712156157,-0.0,-188.87941504309407,-1393.5165459622456,-1327.4007919178339,-0.0,-0.0,-0.0,-11.182910082481296,-1486.6237691317851,-3.7413203422003014,444.71216762053564,-0.0,-1741.4213727033969,-894.8545754153962,-616.1159763533203,-1702.3474177978976,89.66985314785776,-269.0573151664588,-20.41860341511776,-450.53175204918244,-429.146192121931,-1100.7971111673382,-380.02286417657035,856.7452151279067,-1313.3566247228512,-225.3033237137778,-168.7264491273246,-4031.4037730725377,-2458.403142729965,670.3045288841992,-999.9025277632356,-190.50350426026247,8.077855621363502,-753.2126651633941,-1059.3544668153938,1862.608867233143,-657.4456415331802,-693.1531737351202,-711.1957468678348,-0.0,-6955.197056669507,-0.0,-525.8385659336234,-936.7695254600385,-665.6459368984131,-934.3491977945122,-1257.877769694333,-0.0,-980.6606538424548,-163.3309301852869,-84.1235003858327,-7237.129753549983,612.885457041925,-172.2898628672781,-0.0,-604.9373816489182,-1306.493737372683,-0.0,-0.0,-505.3877699609951,-1838.4936885388743,-74.0877972489879,-231.35696351635818,-272.25373487710243,-1237.1020615447603,-0.0,-0.0,54.807075062061124,-0.0,-0.0,-1792.8387486121946,-0.0,-1834.7231507652575,-981.5129817394105,-1312.165112960771,-0.0,-0.0,-532.2519689124714,-908.892022213554,-131.49496780280697,-0.0,-473.955177391501,-150.94175267044588,-526.1698252743,-0.0,-216.2346896309862,-509.00681966423986,-2299.6988629179887,-996.4665879754596,-1431.628337107517,-0.0,-0.0,-1457.9881425638898,-18.716460298984135,-0.0,-0.0,-1175.9577181561199,-0.0,-0.0,-0.0,-0.0,-0.0,-0.0,-0.0,-0.0,-0.0,-0.0,-110.74492334231626,-0.0,-0.0,-0.0,-0.0,-0.0,-0.0,-0.0,-0.0,-0.0,-0.0,-0.0,-323.77523152375653,-0.0,-0.0,-0.0,-0.0,-0.0,-0.0,-0.0,-0.0,-0.0,-0.0,-0.0,-0.0,-0.0,-0.0,-0.0,-0.0,-0.0,-0.0,-0.0,-0.0,-0.0,-0.0,-0.0,-0.0,-0.0,-0.0,-0.0,-0.0,-506.6728707652771,-0.0,-0.0,-0.0,-0.0,-0.0,-0.0,-0.0,-0.0,-0.0,-0.0,-0.0,-0.0,-0.0,-0.0,-0.0,-0.0,-0.0,-0.0,-0.0,-0.0,-0.0,-0.0,-0.0,-0.0,-0.0,-0.0,-0.0,-0.0,-0.0,-0.0,-0.0,-0.0,-0.0,-0.0,-0.0,-0.0,-0.0,-0.0,-0.0,-0.0,-0.0,-0.0,-0.0,-1456.4892165778842,-544.5606206081302,-1901.4330097543098,-0.0,-0.0,-0.0,-0.0,-0.0,-0.0,-0.0,-0.0,-0.0,-0.0,-0.0,-0.0,-0.0,-0.0,-0.0,-0.0,-0.0,-0.0,-0.0,-0.0,-0.0,-0.0,494.570108500341,-0.0,-0.0,-0.0,-0.0,-0.0,-0.0,-0.0,-0.0,-0.0,-0.0,846.5366338367562,-0.0,-0.0,-0.0,-0.0,-0.0,-0.0,-245.7407557413715,-0.0,-0.0,-0.0,-0.0,-0.0,-0.0,-0.0,-0.0,-0.0,-0.0,-0.0,-0.0,-0.0,-0.0,-0.0,-0.0,-0.0,-0.0,-0.0,-0.0,-0.0,-0.0,-0.0,-0.0,-0.0,-0.0,-0.0,-1034.5376778826276,-0.0,-0.0,-0.0,-0.0,-0.0,-0.0,-0.0,-0.0,-0.0,-0.0,-0.0,-0.0,-0.0,-0.0,-0.0,-0.0,-0.0,-0.0,-0.0,-0.0,-0.0,-0.0,-0.0,-0.0,-0.0,-0.0,-0.0,-0.0,-0.0,-0.0,-0.0,-0.0,-0.0,-0.0,-0.0,-0.0,-0.0,-0.0,-0.0,-0.0,-0.0,-0.0,-0.0,-0.0,-0.0,-0.0,-0.0,-0.0,-772.0941469315981,-0.0,-0.0,-0.0,-0.0,-0.0,-0.0,-0.0,-0.0,-0.0,-0.0,-0.0,-0.0,-0.0,-0.0,-438.8508968533955,-0.0,-0.0,-236.1989113455603,-0.0,-0.0,-0.0,-0.0,-0.0,-0.0,328.7608316929415,-0.0,816.9968512497642,-0.0,-0.0,-0.0,-0.0,-0.0,-0.0,-0.0,-0.0,-0.0,-0.0,-0.0,-0.0,-0.0,-0.0,-0.0,-0.0,-0.0,-0.0,-0.0,-0.0,-0.0,-0.0,-0.0,-0.0,-0.0,-0.0,-0.0,-0.0,-0.0,-0.0,-0.0,-0.0,-133.87636866605757,-0.0,-0.0,-0.0,-0.0,-0.0,-0.0,-0.0,-0.0,-0.0,-0.0,-0.0,-0.0,-0.0,-0.0,-0.0,-0.0,-0.0,-0.0,-0.0,-0.0,-0.0,-0.0,-0.0,-0.0,-0.0,-859.558318066505,-0.0,-0.0,-0.0,-0.0,-0.0,-0.0,-0.0,-0.0,-0.0,-0.0,-0.0,-0.0,-0.0,-0.0,-0.0,-0.0,-0.0,-0.0,-0.0,-0.0,-0.0,-0.0,-0.0,-0.0,-0.0,-0.0,-0.0,-0.0,-0.0,-0.0,-0.0,-0.0,-0.0,-0.0,-0.0,1243.8323245691736,-0.0,-320.8382546394593,-0.0,-0.0,-0.0,-0.0,-0.0,-0.0,-0.0,-0.0,-0.0,-0.0,-0.0,-0.0,-0.0,-0.0,-0.0,-0.0,-0.0,-0.0,-0.0,-0.0,-0.0,-0.0,-0.0,-0.0,-0.0,-0.0,-0.0,-0.0,-0.0,-0.0,209.5145130793992,-0.0,2043.933854484054,-0.0,-0.0,-0.0,-0.0,-0.0,-0.0,-0.0,-0.0,-0.0,-0.0,-0.0,-0.0,-0.0,-0.0,-0.0,-0.0,-0.0,-0.0,-0.0,-0.0,-0.0,-0.0,-0.0,-0.0,-0.0,-0.0,-0.0,-0.0,-0.0,-0.0,-0.0,-0.0,-0.0,-0.0,-0.0,-0.0,-0.0,-0.0,-2416.6040820296357,-1436.7199002059238,-0.0,-0.0,-0.0,-0.0,-0.0,-0.0,-0.0,-0.0,-0.0,-0.0,-0.0,-0.0,-0.0,-0.0,-0.0,-0.0,-0.0,-0.0,-0.0,-0.0,-0.0,-0.0,-0.0,-0.0,-0.0,-0.0,-0.0,-0.0,-0.0,-0.0,-0.0,-0.0,42.78453233286477,-0.0,-0.0,-0.0,-0.0,-0.0,-0.0,-0.0,-0.0,-0.0,-0.0,-0.0,-0.0,-0.0,-0.0,-0.0,-0.0,-0.0,-0.0,708.108153679832,-0.0,-0.0,-0.0,-0.0,-0.0,-0.0,-0.0,-0.0,-448.9053767085929,-0.0,-0.0,-0.0,-0.0,-0.0,-0.0,-0.0,-758.0912678547293,-0.0,-0.0,-0.0,-0.0,-0.0,-0.0,-0.0,2217.6392154356313,-0.0,-0.0,-0.0,-0.0,-0.0,-0.0,-0.0,-0.0,-0.0,-0.0,-0.0,-822.9031065967649,-0.0,-0.0,-0.0,-0.0,-0.0,-0.0,-0.0,-0.0,-0.0,-0.0,-0.0,-0.0,-0.0,-0.0,-0.0,-0.0,-0.0,-0.0,-0.0,-0.0,-0.0,-0.0,-0.0,-0.0,-0.0,-0.0,-0.0,-0.0,-0.0,-0.0,-0.0,93.8336410091537,-0.0,-0.0,-0.0,-0.0,-0.0,-0.0,-0.0,-0.0,594.6386232956023,-0.0,-0.0,-0.0,-0.0,-0.0,-0.0,-0.0,-368.39726838612984,-0.0,-0.0,-0.0,-0.0,-0.0,-0.0,-0.0,-0.0,-0.0,-78.66658561832695,-0.0,-0.0,-0.0,-0.0,-0.0,-0.0,-0.0,-0.0,-0.0,-0.0,-0.0,-0.0,-0.0,-0.0,-0.0,-0.0,-0.0,-0.0,-0.0,-0.0,-0.0,-0.0,-0.0,-0.0,-0.0,-0.0,-0.0,-1822.002929960988,-0.0,-0.0,-0.0,-0.0,-0.0,-74.04375354940554,-0.0,-0.0,-0.0,-0.0,-0.0,-0.0,-0.0,-0.0,-0.0,-0.0,-0.0,-0.0,-0.0,-0.0,-0.0,-0.0,-0.0,-0.0,-0.0,-0.0,-0.0,-0.0,-0.0,-0.0,-0.0,-0.0,-0.0,-0.0,-0.0,-0.0,-0.0,-0.0,-0.0,-0.0,-0.0,-0.0,-0.0,-0.0,-0.0,-0.0,-0.0,-0.0,-0.0,-0.0,-0.0,-0.0,-0.0,-0.0,-0.0,-0.0,-0.0,-0.0,-0.0,-0.0,-0.0,-0.0,-0.0,-0.0,-0.0,-0.0,-0.0,-0.0,-0.0,-0.0,-0.0,-0.0,-0.0,-0.0,-0.0,-0.0,-0.0,-0.0,-0.0,-0.0,-0.0,-1357.3416164373768,-0.0,-0.0,-0.0,-0.0,-0.0,-0.0,-0.0,-0.0,-0.0,-1913.0922040679616,-0.0,-0.0,-0.0,-0.0,-0.0,-0.0,-0.0,-0.0,-0.0,-174.76313541757168,-0.0,-0.0,-0.0,-0.0,-0.0,-0.0,-0.0,-0.0,-0.0,-0.0,-0.0,-0.0,-0.0,-0.0,-0.0,-0.0,-0.0,-0.0,-0.0,-0.0,-0.0,-0.0,-0.0,-0.0,-0.0,386.3033009674499,-0.0,-0.0,-0.0,-0.0,-154.44917368679933,-0.0,-0.0,-0.0,-0.0,-0.0,-0.0,-0.0,-0.0,-0.0,-0.0,-0.0,-0.0,-0.0,-0.0,-0.0,-0.0,-0.0,-0.0,-0.0,-0.0,-0.0,-0.0,-0.0,-0.0,-0.0,-0.0,-0.0,-0.0,-0.0,-0.0,-0.0,-0.0,-0.0,-0.0,-0.0,-0.0,-0.0,-0.0,-0.0,-0.0,-0.0,-0.0,-0.0,-0.0,-0.0,-0.0,-0.0,-0.0,-0.0,-0.0,-0.0,-0.0,-0.0,-0.0,-0.0,-0.0,-0.0,-0.0,-0.0,-0.0,-0.0,-0.0,-0.0,-0.0,-0.0,-0.0,-0.0,-0.0,-0.0,-0.0,-0.0,-0.0,-0.0,-0.0,-0.0,-0.0,-0.0,-0.0,-0.0,-0.0,-0.0,-0.0,-0.0,-0.0,-0.0,-0.0,-0.0,-0.0,-0.0,-0.0,-0.0,-0.0,-0.0,-0.0,-0.0,-0.0,-0.0,-0.0,-0.0,-0.0,-0.0,-0.0,-0.0,-0.0,-0.0,-0.0,-0.0,-0.0,-0.0,-0.0,-0.0,-0.0,-0.0,-0.0,-0.0,-0.0,-0.0,-0.0,-0.0,-0.0,-0.0,-0.0,-0.0,-0.0,-0.0,-0.0,-0.0,-0.0,-0.0,-0.0,-0.0,-0.0,-0.0,-0.0,-0.0,-0.0,-0.0,-0.0,-0.0,-0.0,-5447.466754603759,-52.9718545547726,31254.866276441786,-3508.547636302451,-3898.9397402502295,84700.51436318846,-0.0,-6470.158717955723,836.8106944704704,1788.1648768950593,-25749.580831537907,-0.0,-4988.365982757049,-0.0,-0.0,34065.00986424299,-12592.165853048633,3898.866000611911,6352.649849988733,-4582.063459414707,-24618.527966049405,-9384.720157503181,57.41260647745104,-100.60410287373723,-6972.265534582651,-0.0,-13068.176399891847,-19971.341258701286,15645.6774202246,-571.6597676871047,8.174840405092604,46148.58163637826,-3155.156586762682,-109120.14824757038,-3100.1426318003805,-22176.24184502749,-16991.847407462603,-6444.10040046413,-5787.632629618238,-14799.503196762857,11848.304635202576,-2385.3492928058836,-4228.056476306013,-3690.8708972426625,-12684.555705569881,7240.999528344206,39612.04692720395,-863.0205031953749,62.59372584281989,20683.697704768598,5656.4814960204085,-548.0034204193698,15435.027600968153,8039.418846008817,-5626.02609110356,-7907.996920961,-4007.3163123451245,413.1491563598931,-0.0,-0.0,-277.55725565147685,-8401.260783399954,-3398.10413876958,-3114.403988984578,-1556.4604290588459,-4755.456646284901,9719.357877290779,4354.0805980302575,-8489.174886609393,20708.836954411454,-21077.13198057232,-33515.123452723004,77124.514306187,-21532.05713046951,-8809.914164146783,-2262.9730003207715,-3623.362225457315,-5688.864358156663,-5575.843811910807,-36094.11379524432,-0.0,-13219.43598966538,-0.0,2964.5056399760456,-0.0,-0.0,-13711.976846312898,-1389.7675628043312,-0.0,-0.0,3917.2692171359213,-0.0,-0.0,-0.0,-7284.657193559142,-4513.019802476853,-7494.877632098893,-8716.654348939885,8809.472601883741,-0.0,-29251.597923164205,41571.654174849806,-0.0,-0.0,-18674.072788144153,-11092.363677540572,177.71678463010343,50.96031089770274,-0.0,57835.679630410894,-0.0,-0.0,-0.0,-0.0,52852.897043534715,-1039.9842220092162,-0.0,-10028.994745839083,-0.0,-6469.0217317108245,-1330.4933737033618,-3440.6997311495493,-16759.35869255394,12163.901699683092,-1438.6405067151002,-8868.08267034267,-0.0,-0.0,-4779.942040697761,-6650.679438249464,-10993.772059634643,54871.483650825736,-0.0,-193.95557384655578,12703.060797033822,3780.4188522603627,-1896.240015973813,781.6068650183488,5180.165065701816,-3483.261502576491,-92.14803054086624,-18467.08609100536,464.0396502288309,14134.226403357648,-740.6073867429884,12471.852286274632,52127.081872768205,2774.9892801725396,-71.0874143664944,9134.809698537838,-1902.0443706012409,-7992.602973742433,-9229.443048564826,-16952.558559651276,-0.0,6607.125034423633,17032.381352422617,26083.717432005218,-10724.92392698503,7241.750504291591,9245.031211687763,-9263.617149819416,17351.638222207897,-15249.621384703807,-0.0,4688.635711313772,-12356.454013207258,-18883.876504832024,-7904.996782631582,23289.025502931643,3339.301735749679,-0.0,-5707.3238247636655,-0.0,-2796.1462994615163,97.93007242122341,-3992.6177559330085,-0.0,208.23853844387222,-289.34308048297464,-21912.36677325353,-13814.50711674322,23738.18057303973,-8094.433818309839,3776.635340212081,6521.497893524808,-7545.040306271171,-5315.669853341243,-11997.615965524044,-0.0,-2138.9826314678116,-1719.4325595138378,-0.0,1114.0699576324077,-415.0698905335343,-0.0,-0.0,-13895.854885122324,-3080.8422788456123,3075.801483628297,-4535.66445403509,-0.0,-0.0,-0.0,60754.15272530383,23081.844208548777,-0.0,125.48911758036243,12707.74624735947,-0.0,-4379.946539336601,-2619.6491666199568,-0.0,-4220.960825459498,-8026.470755234956,105353.03809146988,-11826.801016693136,-8195.861134531753,-31229.323430299937,-0.0,1495.6781424455262,3256.4972319556423,-10100.980940487747,30758.431347508755,-7264.557915488389,-37504.29457323129,-13631.185477242163,-9372.687218829047,-0.0,1402.2801146112859,-4709.9496873688095,23120.560951840853,-163.56790198590278,-416.44452211913233,-11050.491752784885,-9375.668479039468,28812.41899791973,-0.0,-2150.1775757746836,825.8624951611104,-0.0,-0.0,-0.0,-0.0,-0.0,-0.0,-0.0,-0.0,-0.0,-0.0,-0.0,-0.0,-0.0,-0.0,-1939.8684247104488,-0.0,-0.0,3427.954958115516,-14076.104293066519,-643.6353442311618,-9317.856555236165,23785.572259748657,8970.876069536509,-4059.3531061505632,3465.171431416486,38837.94317422422,-0.0,-0.0,-4558.630014044292,2858.0385694359898,-6915.442349957862,-9481.658170360455,-0.0,-38.716084126229056,9079.651994545515,-5118.981800203956,-2672.0880693852914,3525.573877606071,-25678.61818929071,30144.92090479832,-6243.024368409127,-1121.150313062814,14780.213533257056,-0.0,-0.0,-0.0,-0.0,-0.0,-0.0,881.3924237217906,47449.4981681964,-9126.673253166147,-11154.759966460975,-8630.044483664107,-0.0,-9376.825349382818,-13405.511642323076,-0.0,-0.0,-0.0,435.57142150210353,431.0802007755308,738.1236503404666,2623.902069874707,-0.0,3619.0999841643093,853.2694923381886,836.5616962724195,742.3491006796447,753.0139845902555,2865.163005319637,1836.6240819603042,2964.3227538861424,2286.857843239913,2707.051248483249,3222.357730368753,34745.64512977268,37936.96429054426,37457.392583298315,34389.76187693522,8958.996108560457,8662.06896933037,8818.545718685347,9510.994632818985,5529.242974435425,2063.1821143714815,2046.5016387333349,2296.541244098624,2346.065940731535,2228.5181240083443,5366.1918283420555,4248.8891722216185,1248.320802877179,1509.5053654087378,644.834332919943,368.1136946873066,546.404233032784,40344.06347898074,35034.77080906754,38838.78311328239,34165.16534146956,51911.48427156098,55845.42857404864,1310.280776415072,1153.541172750586,1200.8622381718849,1265.3121884853726,1109.6551133041385,1116.9531578159276,559.5966587373758,54790.42376852149,52439.75338794697,47514.407391434506,2544.056254325481,2906.7130465600485,2920.6522055083897,-0.0,7805.514651172961,8670.243190156194,39882.5186788538,34869.03501293933,36790.98602378107,61077.705504014295,61754.966912414966,61557.70510883999,62200.388742216965,2465.4978723301615,2510.159446845995,4940.996961907912,-0.0,20619.959280019928,20554.12352415945,-0.0,1478.518748373363,1544.3207752179605,1595.7987341627843,1663.6770435187002,1503.9410992326593,1443.2731725377964,33963.94212285965,40184.420877635064,40584.192084186,37983.41465381313,1148.9636409059076,1088.4523644053395,-0.0,-0.0,17159.486012602723,32318.70530015902,36791.170290247894,33556.891280619464,36457.43311915648,-0.0,55817.28729540306,49909.76442111654,960.1588438244926,2040.2232624989479,1941.4654274525994,2082.703280732291,2181.7208476754768,2451.8121437986533,48110.98391745688,53259.4949588178,-0.0,-0.0,17500.571095875257,1045.4189597695026,36671.41197795556,39007.23640157721,38340.20631193195,36645.45052260355,34409.048641006484,35266.86745890067,-0.0,16642.86314090332,10594.53745332039,-0.0,-0.0,1473.5949527573682,1423.3754023105753,748.1820869072625,798.909698189132,468.9313665063942,433.67349911727047,-0.0,1158.2746195463224,1146.1655048079956,1015.8060620119114,1180.2031115699567,-0.0,1735.9510311469487,1729.0497610154644,1809.2271937528712,2193.7356993290764,2170.346761085873,2223.813196020919,895.6404882263159,813.7480208888994,884.6429232403938,1388.7189036815882,1069.7784637793968,1001.650517867181,913.5349612922665,1036.1162698332619,8183.073080684107,7502.696546973677,245.63995976808818,253.24459192754588,3698.2375208567328,16641.21822775078,1409.4383220208667,1448.5708277745982,-0.0,-0.0,7456.342473241418,7586.775536859808,8376.694828063008,7688.614355777841,1947.4674135746611,1957.3930883100743,35969.75166105638,36131.97046557283,8165.720115542697,7956.954753400935,-0.0,55434.80805937111,1991.4113003778343,2103.4590562279095,1145.4048974030354,48585.14606076305,48368.18894941222,54179.84728455393,53338.32877249635,190.71234816529736,58799.29155243142,51383.73936391263,-0.0,-0.0,24073.106713487046,-0.0,1191.6695975706423,1096.5427807264566,1183.8706048602824,2477.8444048415386,8866.655791401785,16894.18608142417,1668.1159697338587,1839.1282165760708,24.222851171062068,709.5852903597421,676.4408697547798,17019.283794690724,1586.593450682763,-0.0,-0.0,-0.0,1081.3663053896084,-0.0,1190.668530443201,-0.0,5845.310101789775,6128.940124248269,5411.8638614439105,5678.903070467589,901.5745366166285,-0.0,838.9964398697244,-0.0,-0.0,953.4594102642484,1100.7601866538541,913.5827938713576,822.1403580174123,856.3847412245558,842.2219333764682,1887.9564153167662,1827.1403894953778,1641.5740732437573,-0.0,2967.701024925148,2745.0622706443355,2845.714368134187,3092.7185828070496,4671.247740930983,53306.64422649215,49133.92554021779,11749.591910683203,22094.564885210933,16850.64934367948,16686.214045255707,1675.8244282294706,1703.5276366404746,843.0396755963789,884.0117200175265,2203.653353412583,-0.0,37710.32659178719,33878.292212605826,1227.7159050601333,1119.7421494916832,1060.9974303583233,5309.5679837987755,2926.249849853141,3227.6959135577176,35001.383858309506,33903.09631340122,36346.598155246764,38662.26597483286,-0.0,-0.0,-0.0,2621.695571182141,2467.9945651617218,2348.1199138360034,10223.631664826635,7762.623159686275,6400.049315652937,2224.776902603699,2395.030577102393
9,-0.0,-0.0,-653.0264312991873,-2145.7581488420237,-515.3419552579435,-588.1104959308775,-95.7626915149493,-663.174764038772,-655.7075703230138,-0.0,-1272.6688275008487,-0.0,-0.0,-2756.1021672773554,-0.0,-626.1467925348353,-496.9993380364841,-0.0,-42.8324773868808,-247.3546936709796,-313.8203035052563,-800.6572296251995,-844.0433937428725,-696.9614430399912,-2256.582586046972,-655.544707149647,-0.0,-41.19040297462634,-2924.7620248696007,-1645.3067645854362,-0.0,-0.0,-0.0,-0.0,-0.0,-0.0,103.00092295146692,-206.1871143280752,-1926.9976045336036,-1611.8086484698,-0.0,-0.0,-129.24996162954983,-602.16859744947,-144.68449794726203,-0.0,686.5669585711586,-1547.9748254874064,-411.1070621336087,-0.0,-0.0,-263.98178721636003,-0.0,-12.07053228202319,-1971.9361251631417,-2879.2827213822425,190.6937460878017,-5926.628979911025,-211.75339398447647,-0.0,-1762.9346380150912,-0.0,-758.9735601399974,-2678.4244137093874,-513.4222946728107,-509.57937299180537,-42.06722634884621,-2025.8480321423297,-912.0565199423746,-440.4636637903895,-3167.0758922951627,-0.0,-0.0,-2564.000609074199,-1119.6906456178554,-245.8816564135869,-1650.2610898166988,-0.0,-0.0,-1242.7113914951328,-1436.9408047116665,-434.406275460151,-3603.6070780689797,3.9653207096116128,-28.85433623000571,-1841.2847395483623,-0.0,-643.4021932291336,-1096.2193998300702,-9.081419594410532,-0.0,-1294.7297481093688,-88.31172111932872,-746.9295959300126,-2354.6070080862974,-38.51781966655583,-2486.3772957336496,-394.3279239871876,-1641.6840741562867,-2786.871926491646,-701.3219223221698,781.8855650089159,-510.197120520818,-0.0,-1437.822906459164,-2488.264848241797,-4414.405413707892,-528.3213845797637,-2832.123849348302,-0.0,-1632.0630081536826,-0.0,-0.0,-611.0551463066441,-0.0,-0.0,-633.5127133158065,-76.5395378626636,-1533.034218950334,-996.0314246948979,-854.4499047612707,245.35192735284932,-517.3344277445289,-348.82844306677407,-198.67198474253664,-8.358274309654776,-658.3352191399003,-536.1557903196046,-788.9240287334903,-0.0,-4962.113814478365,127.8551007052387,-118.4946400527102,-4156.856160415337,-0.0,-1024.208579882371,-65.26249106483249,-0.0,-326.3283562388121,-0.0,-0.0,-934.8609027784794,-0.0,-636.1228166358663,-1027.5587884094919,-0.0,-1358.4206354297157,-261.32851901997617,-741.3032374236542,-1977.094952002882,-0.0,-1794.2874970329672,-1095.1287184324717,-0.0,-0.0,-0.0,-0.0,703.6459805443543,-0.0,-1837.8858138843502,-1955.2644234781994,13.739804787140681,-0.0,-0.0,-747.8067006159583,-518.1827279962693,-787.4807862147997,-0.0,-435.55966226758204,-3238.3810079571576,-1165.878981360086,-0.0,-1074.1742727095193,-2521.943943644091,-0.0,-0.0,-0.0,-0.0,-0.0,-0.0,-570.0304965635539,-722.2774109949278,-208.27056787718058,-211.5870850992861,-1244.6331438780178,-53.52570806517419,-0.0,-0.0,-701.6240536872758,-0.0,-670.3815162544105,-31.31500101332718,-4.103827968808022,5.4535480511787915,-0.0,-0.0,-1083.6150522013268,-508.5737677625932,-477.28338979306966,-0.0,-3086.6623365000837,-1965.4347741409902,-1259.4395946653917,-0.0,-0.0,-2081.1439177989264,-1506.3996582597897,-726.9697803907193,-94.66119956021379,-1742.2804935750153,-1346.6774877667374,-0.0,-0.0,-1781.8783897367425,-0.0,-817.3060786799401,-1241.826034815948,-127.0171274830629,-454.75947570622776,-641.1519326649233,-572.8307193853453,-0.0,-1716.4575972024306,-0.0,-2884.4284417568674,-3319.012855089543,-204.98962662060472,-430.4012202494696,-544.3138407940113,-0.0,-320.88836143620944,-271.9741335854039,-0.0,-933.614894655922,-711.451723476381,-1105.1598662626814,-1965.5228465571865,-1080.845342009194,-2249.5125575729717,-1970.3415142182357,-2130.7767833828507,-2212.8271035315506,-1221.8295841248607,-2386.875086147407,-558.2940329339154,-553.7611110355425,-0.0,-1306.770122194921,-1087.0995590193356,-1254.2148503466044,-398.28271144103303,-399.89411678990206,-2058.4772218513604,-820.4526218123722,-395.46799580907214,741.9627450642157,-0.0,1104.1157789987524,-1303.1416857163929,-0.0,-0.0,-0.0,-0.0,-0.0,-0.0,-1347.4969268932073,-2519.5118460961426,-513.516753959088,-1061.5130994589815,-0.0,-0.0,-1745.8929720709923,-1154.1378589677367,-2269.308850160762,-0.0,-0.0,-146.2422211994514,-64.16431761745335,-455.5307456049943,-1678.9416593011827,-519.2083600108673,-0.0,-496.7033504740485,-759.7793161634686,64.68638919782435,-1303.543144371882,-1577.2884370461516,-1389.1685464184739,-1858.1021336141232,-287.312521653794,-711.7305377739518,-45.086679697430206,-1908.1739750791417,-0.0,-937.2572281251984,-169.08195410096604,-78.6655489859601,-596.5749944735518,-0.0,-2054.1123350774346,-128.06446844420648,-645.1457992479455,-1863.401808914512,-1378.3020763312884,-0.0,-644.1908158937899,-888.3788204426099,-25.60872209108186,-310.49396010767,-501.7034665397639,-53.05722748220312,718.4214585625358,-1236.2154956058773,-0.0,-981.4964486354932,-1390.0942520180358,-0.0,-519.183866838382,-0.0,-1391.2338721360427,-0.0,-0.0,-0.0,-1296.2422450562428,-723.8491996061405,-452.92320082150223,-0.0,-1765.2278359694833,-3207.3156109131087,-3348.8010736528,-0.0,-387.9526363341803,-0.0,-313.3494849137754,-126.14464790012812,246.6494790459506,-567.1213212365191,-0.0,-724.7278991895678,-999.7089589961075,-327.05350565040385,-618.1154578295954,-0.0,-482.92192183285044,-896.9886312160043,-541.33030060864,27.439237261409982,-2453.151043902344,-0.0,-0.0,-1610.2621906358584,-235.63191830712307,-1312.2275215818113,-97.83047914141305,-132.4982895831668,-252.29034063042195,-618.9641058382202,-978.551569685931,-1419.6732681548942,-2445.414382700376,-0.0,-0.0,-395.030941615133,5247.3513969555015,4.552747021645071,-0.0,-0.0,-0.0,-0.0,-2663.2180612932802,-472.54403359110427,-0.0,-993.6046494270947,-1022.0627878245078,-678.8842469379512,-2351.2609286778024,-253.33065622689162,-1249.4311360937534,-0.0,-0.0,-2119.7315494128998,-758.0868934866354,-2001.5255523136623,-810.3148110507207,-791.3197768671857,-1999.1628360198067,-208.105737168714,-1923.4720690668412,-1253.619981812556,-31.00573241493729,-971.4221590117402,-1243.5257928653689,-227.5625205174497,-266.9881950990963,-1889.0482410015434,-0.0,-563.4366071557096,-259.0024781760319,-32.08214415342136,-847.178807387805,-199.00202392441,-872.7865455238915,-923.4756677707687,-1283.092546340853,-229.01929982871403,-2615.479128601276,-66.19596171362544,-536.5718399835164,-0.0,-939.8070785497898,-672.4903957956648,-1084.2943521822676,-1227.8876734227022,15.362819461442248,-394.5534795087587,-2980.3093397430744,-834.0374413705222,-386.7798071047553,-1219.082342479911,176.41749437203464,-0.0,-0.0,-0.0,-0.0,-0.0,-0.0,-13.081213657848958,-168.06495699030177,-2631.69206458743,-4725.865402085167,-595.9523368117628,-1160.5313708703907,-149.01527282593477,-608.1578124147399,-1526.5024923421595,-1192.4476987750027,-42.47002086400853,-495.43218482938187,-576.7043152912352,-0.0,-107.77254862647074,-1261.3897268588844,-565.6082972549177,-0.0,-1086.2443211322611,-0.0,790.6326622622073,-0.0,-0.0,-0.0,-44.62022819200299,-0.0,-0.0,-1071.438110016719,-440.7370443564004,-1307.9372470921044,-0.0,-0.0,-0.0,-857.1604247846299,-545.7927463979738,-1413.7770012489857,35.7036250933383,278.5771856078217,-0.0,-0.0,-3206.6990359941387,-1285.1232053601059,25.2626632811007,-53.2448918912854,13.289493682141936,-21410.522018696178,-22251.17299399839,-2651.328826386668,-0.0,-0.0,-0.0,-0.0,-460.2711711498565,-0.0,-0.0,-609.1743711972312,-2554.814889434034,-2171.7115170490692,-1575.2932670215089,-351.1619779997924,-1843.4602293911985,-30.222034037942432,-1331.0788770172924,1072.3336786427185,-8.097547913019257,-1085.3166123479034,3.9718188384637454,-0.0,-0.0,-0.0,-0.0,-174.19021804654176,-0.0,-0.0,-0.0,-974.3658642221023,-1541.8719075025497,-0.0,-0.0,-265.22446190509294,-2337.708870664673,-0.0,-1581.8630140898215,-1802.9815691536542,-2004.3078164071676,-0.0,-0.0,-116.41349528674168,-86.36914705432048,-1210.3422460379534,-1622.135703071446,-609.8769768991502,-1326.7291289799098,-1248.646738322017,-0.0,-0.0,-0.0,-0.0,-454.60570386854937,-242.60389495000473,-0.0,-0.0,-108.14798211996602,224.59806868793626,-0.0,-1212.2385564241208,-1114.6342382313392,-1061.5115112404108,-0.0,-0.0,-756.7893740784106,-1358.2986420052202,-755.3669439835112,-457.7113133761452,-0.0,-2451.4594538032547,-2290.5888430197856,-0.0,-0.0,-0.0,-0.0,-0.0,-1437.702836025843,-0.0,-2069.6987448851355,-1436.3500681287167,-77.14240273927285,-0.0,-0.0,-0.0,-2777.1033925583006,-1557.9397437829166,-666.3739524660128,-513.8852860541282,-1128.6312742409766,-797.5793222965909,-0.0,-0.0,-732.187418574245,-1548.8724666988635,-78.55390541994325,-489.60145215270694,-0.0,-863.998284857295,-692.8643632876402,-1624.0965407092144,-0.0,-328.12191817073824,-131.81230646322734,-340.79053450265036,-1647.0871260782467,-338.46528013663607,-0.0,-0.0,-0.0,-0.0,125.91663257310171,-178.7573305441817,-877.3378588178367,-1385.8758735878198,-1245.1102989743342,-521.2128756142451,-620.8189346377405,-5925.543060962575,-1021.0120147454544,-673.6383183098587,-0.0,-0.0,-0.0,-282.3924508925093,-378.6000320892254,-1360.9857302530615,-348.86306964562516,-0.0,33.14142653619056,-0.0,-0.0,-0.0,-0.0,-0.0,-0.0,-0.0,-101.59750128571052,1518.449326653731,-0.0,-1648.5089427183914,-708.796169835529,-460.90671048547426,-1671.9597098943009,-0.0,-0.0,-624.4608651767892,-750.2045711555676,-143.18280028290374,-129.31461852631233,-144.051975898729,-579.8832401665271,-154.52415699618084,-2187.9067576794773,-410.43279863747097,-446.98033850070175,-0.0,-0.0,-1516.7212398179192,-2987.2551473267367,30.071215097235676,-560.3870706713526,-357.43368256463117,-938.3928148486614,-1187.3880959735734,-852.3958207620648,-313.5765204607118,-161.1010879106694,-1540.5209893684555,-0.0,-0.0,-0.0,-0.0,-0.0,7660.342503565786,-91.02327357580447,-583.5406568631514,-649.8358252121936,-1127.8314841258834,-1413.0138210398295,-1356.3640238232208,-1807.89487456395,-2331.563224894989,-493.8926820384573,-0.0,-0.0,-1658.868941098449,-0.0,-0.0,-287.15157292444127,-1886.3779207297039,-1446.4030082401962,-520.9408260952363,-69.40278329311366,-1969.880055645617,-0.0,-1495.5775639228498,-0.0,-0.0,-0.0,-0.0,-0.0,-0.0,-593.9947727944669,-1348.0102353217728,-1089.1269377740357,-104.22344590998804,-269.47042275253784,-630.1957051096651,57.64711528233363,-0.0,-0.0,-600.580541066024,-636.2778709875728,-4056.274881602136,-0.0,-1579.4085051784846,269.5824432281695,136.13973952849608,-0.0,123.87809671284516,-191.53917203333108,-169.4995070630572,-514.699125178289,-0.0,-2015.847691424017,-0.0,-0.0,-1212.859998493922,-0.0,2545.233461108317,2426.1727348685004,2405.637822873715,-0.0,-0.0,-1938.1900727879158,-0.0,-0.0,-385.38523642073176,-1018.1414596305094,-849.2109010239164,-1103.9254917613946,-1308.0461190778956,-0.0,-0.0,-0.0,-0.0,-652.6949902051979,8.035090004505431,-62.356964695553316,-1317.8111767775201,-1092.0722610988646,-435.76388130914825,-1566.0288873550637,-0.0,-2235.2321773380027,-1354.3777032059381,-1549.2880449588386,-434.45368143946143,-407.4479980843887,-0.0,-1286.572956001665,-831.7533888197379,-1037.7325203368098,-2030.9247384288117,-592.1447735424733,1077.336652910645,503.68900441610265,-378.27481635650247,-1201.673137839775,-0.0,-1793.026392193652,-3314.054065910833,-514.5843198533827,-494.1286333420609,-0.0,-0.0,-0.0,209.62530347607583,-381.961203528678,-489.1174481863146,-161.2110178128059,-557.9049514997557,-565.8621783993835,-0.0,-437.48588237345984,-959.3238740015147,-741.3481610549591,-0.0,-2244.7859416932615,-5152.338394834533,-0.0,-0.0,728.3977051879509,628.0733138453447,-0.0,-0.0,-723.5641851893406,-897.4789895868432,-354.1797013585531,-727.6859863590232,-0.0,-0.0,-0.0,-0.0,-0.0,-2754.3248527461465,-422.3712679671057,-1880.116764089767,-1085.844323202991,-0.0,-402.8267628979857,-490.25190991860205,-0.0,-246.09026396034935,-871.2174046958007,-1217.225403044742,-4658.611472303545,-82.28864055128786,-0.0,-0.0,367.3506196514844,955.5786946618341,-0.0,-0.0,-406.7193662457845,-0.0,-0.0,-0.0,-2681.088109382892,-0.0,-581.6809643619738,-0.0,-0.0,1896.9515417253679,2176.8913123536813,1932.7788791195778,-0.0,-0.0,-435.69329114046275,876.0829677205234,-2389.742424105571,26.871833308011595,85.91277540066272,-2741.0551088384786,-109.40337893152704,-191.41699167717235,-622.3284774871157,928.9697961916985,3935.2925731096325,-3264.424174845238,-0.0,-0.0,-1075.9614958681093,-1794.7312239743137,-1282.0969730710465,-284.6362689409712,-47.381744303231876,-0.0,-0.0,-0.0,-0.0,-2125.996833913536,329.50587743717307,-0.0,-4.200136436328871,-0.0,-1599.6013995249712,-2046.4964470016025,196.07628264154457,-0.0,-0.0,-394.8167273754984,-0.0,-1955.8920128539767,-93.57675526112385,-1058.8388088843028,-435.5196254480634,-1287.5921641250238,-801.839076695732,-1232.0082288533808,-654.001874576811,-0.0,-0.0,-0.0,-129.3108979656369,-0.0,-0.0,-276.13701178102855,-465.5399275739766,-769.0658494722376,-0.0,-1774.4406914618187,-1116.6169052855864,-951.3106558843731,-8.636368120152593,-7.629447108555767,327.2423802993611,39.09939542187251,-0.0,-0.0,-12.968881998111971,-1782.761855006271,-720.2678174441354,-891.5068642016975,111.97208695595748,-2268.813880195271,-2059.961875767666,-1054.9491022939073,-1020.1789315234049,-42.323165060619296,-586.555426642917,-767.3863995028912,-1373.4410976275885,-2183.3246546962428,-0.0,-1931.5103128745043,-159.33253127785315,-0.0,-2632.7901820603856,-2912.193802799205,-2316.043924203183,1836.222995406816,-0.0,-1627.618964263503,-228.42475559739233,-1343.4136654699698,-711.5109511739776,-140.28346304843552,-2188.317612148052,101.44779576275549,1652.7134579542844,-0.0,-200.1469101835098,-426.72884829920434,-1168.1328433999654,-1107.192976098304,-1803.6937414483111,-4286.131238069343,-0.0,-631.4748092811222,-1501.476660656074,-780.6228496683107,-241.11259894589492,-29.00943081021953,-291.5182547498821,-0.0,-0.0,-0.0,-0.0,-358.32317964846186,-1402.077314232459,-945.2651294853738,-68.12657705277567,-525.7076678028955,177.04407833851283,-0.0,-0.0,-1060.3287573862356,-546.1882662620649,-0.0,-2175.9066442373583,-100.13905987674788,-1324.518574600132,-0.0,-213.148789379105,-194.42952775354684,-0.0,-0.0,-486.3258931867841,-0.0,-0.0,-4572.196522686512,-221.16337174055988,-2261.8631861242293,-0.0,-0.0,-108.091687023651,-1465.5625506870665,-730.4863729489678,-430.9110730686104,-1426.63517177278,-0.0,-789.9356402905096,-0.0,-540.8326315868347,-0.0,-0.0,-225.6357790049447,-98.6990760986309,12.069659616087568,-357.4097081324647,-1527.1119661822067,-2063.7108557792194,-0.0,-0.0,-0.0,-24.127464667164258,-443.30672820154456,-0.0,-1731.0560328386068,-2612.763973845523,-0.0,-0.0,-71.36888223174707,-1443.0469104075457,126.61504518140111,-0.0,-0.0,-0.0,-0.0,-560.5494580755624,-2560.79728917659,-242.93294348634095,-1265.5117674185185,-0.0,-0.0,-774.1726377674837,-548.8198279556468,-354.57024815495424,40.1000323842741,-0.0,-0.0,-0.0,-923.5067856777875,-688.888685263703,-553.2464454492859,-339.6197819861256,-0.0,-0.0,-0.0,-0.0,-2291.4233051814276,-87.6725446369933,-23.771630988449676,-0.0,-0.0,-715.2084957273776,-449.1111842186649,-0.0,-2047.6043862372433,-4674.461202495902,121.52618783156854,-1308.5643390363414,-0.0,-0.0,74.08906452889157,-457.88390695192913,-1776.445217080939,-549.8947694462266,-2763.3310592917433,-1453.4922043475572,-819.8157377352121,-1694.682720456555,-0.0,-0.0,-0.0,-40.041893491358884,-1208.7261722865935,-0.0,-0.0,-3103.9760732431873,-91.5610224900714,-1590.2979191178504,-821.6743187283804,-0.0,-0.0,-0.0,-0.0,-0.0,-0.0,-744.3484841816985,-0.0,-1823.3470059454114,-0.0,60.61937168789749,-1415.6614257036197,-0.0,-0.0,-0.0,-2526.783096967771,-0.0,-0.0,-568.9246038391057,-0.0,-0.0,-1173.3183360151297,-619.9225607854435,-0.0,-0.0,-175.4644162146987,-2228.431264374266,-0.0,-1075.1930081241615,-842.1607034510441,852.6433288528729,-193.19547773460994,-0.0,-600.3489006894953,-2.640536686945333,-0.0,-24.09628685627785,-0.0,-386.0126300288845,-0.0,-0.0,-0.0,-0.0,740.2748446937157,703.569337740297,-974.1398048748513,-1783.1424091783304,-0.0,83.31336694890922,-4.398019214757632,-76.87111295576241,-931.7924154682172,135.92013823247407,-527.623009008637,-407.64782121617327,-178.9056308331182,-3779.500071835528,-0.0,-256.29640117702644,-1874.4896603123857,-2555.4279817389,-0.0,-1283.2881254267015,-1574.6783253863725,-2222.475454332944,-784.135974674283,-0.0,-906.6841114170575,-756.422353759869,-823.2103776473066,-1414.81062112205,-1091.5787069196585,-0.0,-131.4974188126234,-1164.05525888878,-0.0,1143.609602437143,-468.3857758385972,767.4763533245781,-0.0,-0.0,-108.49233985001892,-37.717565805589174,-2394.8016021744847,-1067.0857524034484,-0.0,-906.1356492868872,-3082.1388509074845,-928.1937355827391,-955.0884815967459,-1310.7476873263226,-427.96761804233023,11.313888421563849,-41.945570932477146,-0.0,-0.0,-982.742557560887,-87.99868626865194,-0.0,-0.0,-2088.5833086038724,-801.2694069387355,-690.7212435460242,-1926.3950204760893,-98.99307040411617,-20.772139087583977,-2606.650988192375,-888.664446982961,-604.0874235100387,-1046.20380898061,-0.0,-2376.374719712519,-448.95832629987984,-1285.6902821583303,-1477.017362265009,-345.1239589064741,-561.8718043893274,-1783.3178618852996,-446.3375954803075,-0.0,-0.0,-0.0,-1391.0332621954738,-0.0,-3308.8023502096935,-1345.4513483754768,-1569.935783144374,-0.0,-0.0,-0.0,-0.0,-0.0,-132.77516281908987,-0.0,-265.5919468889915,-981.5199179477497,-407.45261120705874,-0.0,-0.0,11.543586369339291,-0.0,-0.0,42.58466830105461,-268.8128053693299,-0.0,-534.3038799100639,-0.0,-0.0,-91.55238772741357,-12.048493412977468,-2914.1689906591264,-2312.369731270729,45.11731843679545,-7599.90316420748,-914.2216385112553,-668.0287001666368,-0.0,-919.0156637895009,-1613.80418391554,-0.0,-0.0,-0.0,29.516955522915968,-0.0,-1452.3705528146127,-0.0,-1473.7066291422948,-0.0,-0.0,-2293.5275874818954,-404.76511488405214,-756.7318482298093,-0.0,-0.0,-0.0,-0.0,-285.0304613025589,-764.8854327124517,1467.862667351408,997.4948654851214,-811.6782716296594,-8.998967891378756,-0.0,-344.31654494542096,-342.53410484073896,-1840.8319626067162,-491.89329782183904,-127.09862419242688,-1134.3779265176101,-1585.2682421922602,-989.7083263355809,-729.332354407931,-0.0,-0.0,-0.0,-84.02993308183754,-0.0,-1797.615478486036,-625.943192877543,-0.0,-1933.4369923717168,-1263.8050903963815,-0.0,-0.0,-0.0,-0.0,-0.0,-1163.396239956857,-0.0,-295.3778841068588,-1938.3854687530986,-0.0,-1135.5773024068737,-0.0,-0.0,-0.0,-2497.312817279388,-1373.1688933539815,-1094.9506333544211,-2758.3353857726643,-0.0,-0.0,-0.0,-83.3726921330245,-525.5122589795471,3.995356535717809,-458.8310415961907,-312.8723693826442,-0.0,-0.0,-339.78208907301945,-1463.1499185197947,-4063.1223529895897,-0.0,-427.0011250986571,-1391.7595596546182,-425.0142667820296,-505.1870373075291,-0.0,-0.0,-0.0,-1946.358772975664,-2010.492937324256,-44.413978928291115,-1790.0933212560476,-537.2276178118086,-364.90593561059313,-9.029956593072088,-1210.6152457015437,-0.0,-2111.956743314048,-0.0,-528.1555007492013,-0.0,84.33699255511657,-0.0,-0.0,-564.087628923688,-847.6255953223034,-8.046875829130212,-0.0,1327.8295120373612,-0.0,-0.0,-1888.9836516421947,-1428.4626329250145,-1177.8759177282025,-0.0,-380.04365765502644,-653.3349857260034,-1526.4499569125117,-0.0,-0.0,115.00412195131935,-731.8557434782927,-0.0,-0.0,3.9296436996053585,700.4445892551188,12.297202937705862,-1533.435757382057,-0.0,-0.0,-1847.242133178185,-1755.811580083911,-85.69958842303843,-0.0,-174.29954677684825,-770.7920818921999,-1167.805450448935,-1698.6121807194115,-0.0,-940.2838611099825,-6.676559411507483,-0.0,-1716.77139923156,-0.0,-0.0,-0.0,-0.0,-620.4469337297303,3.81866534534103,-16.962148457980387,-0.0,-0.0,-601.9018777331268,-0.0,-0.0,790.0905516850436,-1080.9506633055557,-54.65229694240823,-2061.029656222863,-0.0,-0.0,-676.6226058977458,-0.0,-286.9424839775283,-1198.9010202212808,-1052.232420011722,-1174.3910098384529,-0.0,-0.0,1514.6874964222172,-0.0,1054.7862555105337,955.0099353512486,-42.857391225036736,-883.3873281682912,-0.0,-0.0,-107.79090317904983,226.42602056631554,-841.5587334912132,-389.0921577832956,-1097.9090995107654,-2791.596122989691,-2009.4849769419131,-0.0,-0.0,-279.8122933688682,-5384.141624936724,-636.3316555167095,-574.4962193513401,-0.0,-0.0,-624.9561489026447,-0.0,-1082.1622347110938,-1342.0415010569411,-799.6094698312726,-0.0,-0.0,-58.927752108832124,-0.0,-174.87657124376784,-1473.2071234195741,35.03291764765216,-675.4800336675139,-461.7507537422933,-257.73407763875764,-674.5906025507684,-2383.499609383881,-17.356864158536506,-1237.1046714058516,47.65707388866268,-1031.1571521811331,-321.71870633370605,-0.0,-0.0,-238.75881620881398,-0.0,-0.0,-1702.3427854650834,-672.9910950258034,-0.0,-882.428210042454,-527.4027957860956,-0.0,-0.0,-1476.1552834957245,-840.4832338735919,-1580.7979638524082,-1406.5350726191798,-0.0,-110.36937322193579,-3196.8997683205293,-1097.981641719433,-287.0127156143899,1652.8861557451046,-1891.777704607876,-1286.2069752199236,4.34246977638726,-910.3975793408498,9.127850420930201,-1872.8184525105828,-0.0,-3844.660236375123,-841.3896430601707,-0.0,-1624.0152801034546,-1515.5631022046423,-0.0,-197.27161899450942,-933.9107253180034,-1227.9027692176453,-1452.5550515021648,-785.1257170507218,-540.917518697928,-545.0594950614188,-0.0,-152.99597711254555,-0.0,-2535.163758170576,15.390642992136538,-3619.8820546477623,-842.5009334771374,-42.48658711102271,-37.61779373652697,-1431.348852283536,-852.9722971880335,-0.0,-436.9414445422855,-0.0,-0.0,-803.8738411739351,-0.0,-0.0,-0.0,-0.0,-0.0,-0.0,-0.0,-778.735749759975,-499.28238308843913,-2815.4293476357047,-2478.776620699027,-0.0,-0.0,-1188.8496454407286,-2049.9838357201397,-517.818851141464,-189.6695315492105,26.241884298126422,-0.0,-1413.5655127210953,-0.0,-2473.625822081018,-0.0,-0.0,-0.0,-0.0,-1968.6470534377286,-233.71188422506208,-466.11423486865607,-1120.1143311621427,-1384.0374411440894,-1123.6610266883647,-763.1533334839521,-1229.8262639584398,-0.0,-0.0,-0.0,-0.0,-603.0264546384733,-440.17473092493094,-1414.7168988132264,-0.0,-723.7636048424,-6506.511431714534,-626.2731094838113,-819.3780738632183,-2961.284275007877,-836.8819454850388,-0.0,-543.3987875174118,-578.8607311985337,-1169.378138702263,-613.6312771241795,-1523.7224431394427,-1749.4696741163439,-0.0,-0.0,-0.0,-0.0,-1647.959380586374,8462.297092865647,6919.620217001154,-0.0,-0.0,-0.0,-0.0,-2101.0842284719092,-1186.4419325712151,-88.56223300380341,-1451.0158253596558,-834.132403129195,-0.0,-0.0,-0.0,-0.0,-748.9983574418254,-0.0,-1921.9135628105673,-243.9773356831319,-0.0,-0.0,-0.0,-0.0,-134.44768010067398,-539.9622580450139,-409.8583043688165,-890.3952430433443,-1189.9552225988198,-1151.5106531074032,-1126.797052965048,-306.10692871687195,-1537.3888692819587,-1483.816338571627,-1186.3669773605463,-1570.8058159150235,-39.741026002444855,-1234.3142227990397,-1043.9027538582027,-953.8317679819103,-1598.0165685980155,-353.19475761512103,-2285.1303510668454,-1542.8303949327685,-1935.3289005693996,-609.8684416178547,-563.6928061812738,-1087.5333855522256,-0.0,-1092.546704810294,-0.0,-3434.8457080021776,-804.3044670378807,-281.75637246984013,-1923.7433535306411,-1548.3623088809998,-1165.9251923377806,-0.0,-0.0,-0.0,-0.0,-837.6903823379012,-3683.374926432798,-1730.682318507273,-0.0,-0.0,-1163.7908834056366,-0.0,-0.0,-1236.9686549300109,-532.15273225387,-1115.6480154146136,-578.3407454942991,540.8229503954259,-1115.2736617349728,-589.816873764602,-1573.8730934040034,-0.0,1420.3100148727822,-0.0,-0.0,-1179.2045016645245,-5654.435887172453,-0.0,1701.184537592982,360.04196274698313,-898.1725329799835,-237.00386655380103,-0.0,-1808.6455193259774,-1020.6293222347143,-2229.3024042174693,-2129.5257339084046,-375.9158591237001,-0.0,-470.2415686938165,-166.48421661539294,-0.0,-1011.8765258360446,-0.0,-1815.9238079215381,-2269.392213658056,64.75623646855942,-2440.0622457135123,-2037.2926781489084,-0.0,-561.2886072401901,-1389.9657706980763,-1969.9949518555454,-0.0,-393.67120194947034,-2443.056641554537,-909.8170377166898,-836.617487241122,-937.9885889808387,-442.3318696445051,-890.9368344949452,-1586.7239969730172,-0.0,-987.8772308825589,125.95348742669218,-1451.655488079839,-0.0,-589.610201917473,106.65770306696706,-933.8813200476517,-626.9023726774184,-0.0,-603.7930608246896,-456.77280995886497,-1707.7051537546404,-1270.63826816122,-1636.6985328786623,-880.807643289229,-800.6283040870845,-940.8891426287655,-2203.708115187894,-23.270456829017796,-0.0,-549.2890979306632,-629.9918343573781,-1397.2288576408964,-2094.610977369442,-321.408372176227,-744.0941563742085,65.56969696419974,-876.2031590291818,-1272.6240072802307,-810.8526010570696,-0.0,-1034.5267228934445,-57.15511970834662,-2525.287917984063,-0.0,-428.07593582598685,-805.7530913178073,-570.4336615379824,-2356.949458990983,-173.32047799291763,-1566.4318007388113,-715.5301656820445,-2625.1577520876876,-0.0,343.8041353950045,-0.0,-0.0,-327.1233093963825,-0.0,-0.0,-3710.2733661497696,-27.45536680771027,-37.9919819147969,105.71259005624492,-1357.7607418573837,-0.0,-0.0,-0.0,-0.0,-0.0,-28.648965207240654,-0.0,-360.43999266448947,-0.0,-299.1471823120392,-1978.1353557185219,570.8862561370986,-3016.1982328114523,-0.0,-0.0,-0.0,-0.0,-0.0,-0.0,-0.0,-0.0,-0.0,-2636.1310482694894,-0.0,-2754.681505765186,-3206.595866373559,-39.26680451761282,-0.0,-0.0,-0.0,-0.0,-924.9555820305243,-1120.4882026390321,-0.0,162.97374755761962,-569.4808520333154,-2203.602087232894,-666.8852304406633,-0.0,-544.0969861850081,-1182.6425406213177,-0.0,-0.0,-635.6218105289836,-939.1897562842906,738.2287631275207,-498.49456328490254,27.872808238976273,30.20709859521844,-0.0,-0.0,-0.0,1591.6536023108717,1424.1734910208718,1669.5156960338027,-0.0,-0.0,-0.0,-809.5599251536365,-0.0,-0.0,-975.7317762409161,-78.77065657836069,-478.48968573007454,-57.71315619959512,-1056.1314652786457,-817.5708259689253,-1475.664687810588,-146.89014073997228,-285.33269178686675,-1264.5512984996694,-0.0,-2205.1510007339416,-16.474662567573326,-974.6179740837143,-944.0004058115712,-16.82037115190311,-0.0,-1333.882171220386,61.15142457952781,-0.0,-0.0,-0.0,-0.0,-0.0,-1411.4272545756405,-3158.3106081887017,-0.0,-660.9185077694893,-62.61625484188021,-0.0,-0.0,-0.0,-424.5718099265075,-30.687783382922603,-0.0,-1335.2262063641867,-809.3242420186435,-0.0,-0.0,-548.3320101613344,-0.0,-0.0,-1672.8806872772204,-1411.9200479361277,-0.0,-837.981041040681,-2146.672667139233,-94.38743960235954,-0.0,-0.0,-299.53008595901196,-797.4289170326141,-238.48609158381362,-201.79092058142584,-167.3484867563904,-0.0,-0.0,-0.0,-1380.781737872218,-1013.5300877333012,-1994.0716546366386,-279.08422494378357,-1362.8393294076193,-127.02194553775679,-167.8993775478948,-492.36506824552725,-2024.5067082162518,-0.0,-0.0,-1773.001798652448,-1934.2316339158915,-0.0,-0.0,-0.0,-554.5076067007818,-2366.379989673446,-3488.339391630507,-0.0,54.2420716288299,-181.0488724002386,-704.4920482192108,-691.6313892863286,-2090.3599092342106,-0.0,-1515.3023382142658,48.34754445940751,8.266376369114944,-313.86014251438917,-0.0,86.82506459989514,-288.974157997237,-435.02933926268355,7.9548394323526095,-0.0,-0.0,-676.1797955920391,-13.33337095066474,-0.0,-1368.6325208645476,-995.3702483927697,-1259.0873161844731,-816.7886646878942,-1177.512890454806,-1781.7328108350716,-0.0,-0.0,-0.0,-0.0,-0.0,-357.78642468004017,-671.3629170770056,-1291.999148821716,-1568.5560945194427,686.616040328986,-1493.6841542921309,1704.5931530941332,-0.0,-2126.688029143959,-1709.1503618263107,-851.9994256714491,-31.381371173999696,-124.79102800155214,-2263.868158775942,-232.24796616350216,-0.0,153.92144583459185,-919.5004551291437,-0.0,-0.0,-617.0339720410566,-423.09321704631844,-400.60588751362513,-1267.8587148547126,-1715.4804959793896,-0.0,-1534.338023527315,-1159.0680877085035,-4227.294183084561,695.9108240262703,569.8970349534236,691.6234085118294,716.0236192823247,-0.0,-0.0,-0.0,-0.0,-0.0,-0.0,-0.0,-0.0,-608.9370290781821,-0.0,-54.13809667944815,-39.592885425055,-0.0,-1334.624900780227,-1444.3016929414077,-2047.950954596211,-0.0,-0.0,-0.0,75.6928285514842,-3079.784096449602,-678.3291698667576,-2928.5727118090945,-1586.935680481363,-0.0,-0.0,-153.2432344081018,-1419.4483068368734,-0.0,-1989.5483190442787,-732.4902701846964,-0.0,-0.0,-0.0,-2484.8787702829886,-0.0,-0.0,-0.0,-0.0,-0.0,442.71752591110584,-0.0,-0.0,-0.0,-1001.8324142834794,-0.0,-0.0,-0.0,-0.0,-0.0,-0.0,-0.0,-520.6827437591431,-1054.008263301263,-1540.7560177315988,-1696.953444646332,-599.0860984951526,-1260.2681981168048,-37.733808294836656,-0.0,-653.3038838191395,-52.24188369296443,-0.0,-0.0,-0.0,-0.0,-824.8947094760848,-0.0,-511.36350632909284,-1308.126651573589,822.7894141835359,741.1893627916298,754.9956816129969,688.381815789987,717.4953163860207,-0.0,-0.0,-0.0,-0.0,-0.0,-0.0,-366.96495047992636,-0.0,2136.779655171681,987.5888193910395,1187.5092769376572,-0.0,-0.0,-1275.5151416185247,81.16959823816931,-65.24609040617214,-2435.6696196965822,-0.0,-1931.6033002173024,-0.0,-0.0,-0.0,-0.0,-673.0310858862557,-0.0,-550.1820862766374,-575.2969724752761,-394.8816928298395,-0.0,-17.045725549463178,-0.0,-856.0069870511524,-0.0,-2323.4381817575386,-628.4387781766509,1773.500773931608,-2178.165743978746,-985.1246307755866,-71.13003503599073,-857.712714405493,-0.0,-545.0984148822165,-81.66920055201994,-2481.9508787445266,649.9304464272177,92.40813591475093,609.0359636491056,1289.314388063045,-0.0,-320.0165154964218,-25.76260696664684,-1086.0427895969892,-1256.4266269961297,-1475.8359147155206,-1901.7367986867196,-0.0,754.2642489997502,-0.0,-393.93523480792027,-2358.5416238643393,-1366.1916911990675,-0.0,-1313.4953675285863,-403.78798752893385,-610.5775157798171,-745.498593854606,-346.867399496352,-1407.969259834281,-0.0,-2220.535382206294,-407.29505709144917,-1550.8166319946,-323.7607516855482,-0.0,-0.0,-0.0,-0.0,-1326.0870593281486,1208.8497302562903,-1127.0068678984503,-626.1800961718978,-0.0,30.257720212161363,-0.0,-0.0,-795.624403227358,-734.1389324528009,-776.3621699672666,-660.2785672639396,-0.0,-0.0,345.066333809646,241.09091911227932,605.2076201202773,-0.0,-596.6929682501873,-1947.6004843703356,-1293.2012130181,-4.427585720221036,-1680.4017262939353,-0.0,-0.0,-0.0,-588.0341065992086,-885.8353309042176,-0.0,-1376.8763815825687,-0.0,-2705.5459343098287,-3752.7912685288575,-0.0,-19.833401532340908,-0.0,-771.2494010798456,-0.0,-0.0,-0.0,-2206.280392565225,-1141.4271125417906,-621.1758201539872,-893.8541953405042,-0.0,-0.0,-2172.635364137317,-0.0,-558.0732463575832,1193.319865279375,-923.1788261212242,-777.0811059113958,-568.0386530817169,129.9570861601769,-0.0,-0.0,-1372.443569124186,-0.0,-740.9732026932719,-69.97331635539065,-370.920646473859,-349.39289236560944,-0.0,-0.0,-232.67357683350693,-653.126351404303,-1074.8887328975366,-639.5723720139617,-1086.7268763572683,13.27819258338796,-0.0,-133.11555195707712,-2127.8234943870157,-1287.8112469044086,-0.0,-0.0,-0.0,-581.779430542402,-617.5084267153621,-1595.90661134911,-0.0,-0.0,-0.0,-0.0,-0.0,-1521.9717646899348,-725.6922882980964,-0.0,-593.6934590293026,-0.0,-18042.17148272084,-832.7597807176624,-121.19710100352427,-619.2274809611376,-0.0,80.16404803802786,-1305.8476723551796,-2631.7554765677646,-0.0,-0.0,-0.0,-794.1732387996167,-524.3092999642015,-1125.6035710971653,-1027.8883532110794,-580.178086304842,-0.0,-0.0,-1766.6357685028718,-588.5853206696107,-2340.1546523299644,501.2995150275984,-2422.9532881296045,-0.0,-0.0,1682.6103764372751,-1590.6190734450588,-0.0,-242.23807216211355,-359.9717991060615,-645.9535742808914,28.959569852022017,-910.4883810635652,-0.0,-0.0,-1398.4448544502593,-1303.995421999854,-2504.3485498877767,-0.0,-0.0,-2479.1239214091684,-725.078578182398,-736.8728044421784,-2508.5111015280363,-1476.4063843830181,-0.0,-0.0,-1075.181433769752,-0.0,-90.74184335220852,-1583.635508573203,-1819.815007090014,-0.0,233.76858545500454,-786.050086119866,553.2779421409924,-268.07397276302765,-250.94936427585287,-0.0,-460.53649222828403,225.23318360804709,327.1642233216461,-466.05230184866826,-2550.2916674269886,-2038.1721034399638,-87.91207613692661,-4540.599136018941,-593.411789662841,-1153.4406125656628,-50.1989780935345,-3844.946139395085,-341.74745387713193,-654.867688860673,-311.2345979308947,-1640.2501549872788,-1019.5755475396663,-3495.180740905749,-5476.935709691874,-85.94158009030288,-692.4052148470458,-1740.084354706153,-1201.6515622469133,-0.0,-3457.8981978375273,-0.0,-278.04207544580356,-1557.5347391182172,-1402.8863020801377,-0.0,-0.0,-958.075958275583,-241.01811281027997,-0.0,-1403.1015342363455,-0.0,-681.7839161435686,513.169238257099,-2290.29039175508,-482.62295259791813,26.7439675703248,-13.510652411374343,-0.0,-1909.7525758112358,-578.3412081196901,-0.0,-132.63461528605058,-0.0,80.85900242470402,-182.8685775195556,-0.0,-382.52223830127446,-1414.751900159001,-452.800315190902,-799.1880346964703,-2230.526205356315,-0.0,-4093.763680028903,-1771.4670107980246,-2489.2395708985487,-2260.545562899908,-74.0466553545725,-228.64769978217535,-646.5212203926357,-1493.535441547903,-0.0,-0.0,-1264.6848991408,-195.7540100662085,-0.0,-78.77977209622667,90.51581332773632,-2270.3968325617093,-0.0,-0.0,-1323.8302123139063,-0.0,-76.23433331977844,-0.0,-45.28948128499471,-148.199443879049,-0.0,-382.44197550637836,5828.826181608814,-0.0,-0.0,-2671.605577046295,-792.2710257040955,-277.29529686703563,-0.0,-0.0,-0.0,-657.5362550006915,-2165.538396780322,-0.0,-0.0,-0.0,-2305.127887042349,-0.0,-0.0,-0.0,-1602.9643630594687,-741.8682948370187,-304.4342878290187,-471.38245011171625,23.61190688869878,-692.5258512929764,-384.975784522604,-210.62970425609657,-2430.3407309379754,-0.0,-0.0,-1271.418140635643,-775.8593251282449,-2490.1958326307367,-0.0,-0.0,-2722.172871006303,-681.3942918411747,-1568.6496845494555,-421.3776954762924,-630.9549033788163,-2363.7897668536975,-833.9798241881061,-87.13324428161425,-833.209826543568,-2031.28390765298,-1565.7963959159388,-1383.1303191757397,-0.0,-620.4999310703412,-0.0,-1583.9600660277831,-428.19722085755194,-222.6544967467723,-632.747118630358,-876.1825865766492,-12.405545949073542,-0.0,-1198.8070629240453,-560.7409315454765,-44.562809171903936,1548.5854359800335,-75.77102713051778,-0.0,-646.3509297357342,-470.87239932212907,-0.0,-684.1404009119518,-1574.649873858532,-0.0,-0.0,-0.0,-0.0,-414.8977783413979,-918.6778260115688,-322.1702044926325,-493.29296370115,-346.78138892517524,-1642.4748294667745,-726.2139045159031,-1428.4943079052266,-2558.7371225872107,-1980.2668520033951,-0.0,993.4762248800562,1003.6052714592416,564.6468098311516,771.1479891674965,443.41295258632096,-0.0,-0.0,-0.0,-0.0,-0.0,-0.0,-0.0,-0.0,-63.80020360637037,-876.9310115353459,-516.6530082801115,-277.9683936255109,-1202.7106107891602,-100.2776612400764,-363.39411430647726,-1158.7186016260612,-298.6965714023964,-1756.9968141533784,-763.6135940632614,-83.25190955337523,-379.3681637321797,-24.077463474201576,-0.0,-568.2162269355347,-171.55561587487642,-206.84561389438375,-742.2958891694191,-351.2465294242838,-1516.5701897467816,-297.9181693494417,-0.0,-0.0,-1907.5084533749778,-511.05348504269966,-331.1254429978621,-539.7884224796126,-910.350055546989,-435.4058131639134,-406.3308191803085,-0.0,-643.4949930315651,-687.5043952952851,-846.0440397264965,309.774129204539,-1334.4525430439853,-2237.450297671482,-213.23049470948305,-667.6019811436635,-666.814009246235,-13.318313944355188,-0.0,591.0473231279504,-798.2009580755141,-35.366906674303706,-1927.3746925937025,-0.0,-0.0,-1231.1204587030459,-493.85958573765953,-0.0,-595.7574946737957,-681.6044600893082,-793.4301349886699,-0.0,-703.9562745651878,-479.83383441434484,-2201.398121439446,-4227.127606981049,-386.9913276950634,-0.0,-81.40920292600562,-425.11707546722636,-1503.494691498774,-225.35272464101564,-571.7768606309127,-715.462219531442,-748.3189040131107,-378.5799464873337,-0.0,-0.0,-1641.143398072748,-108.63685128037879,-431.4689779970176,-784.1412528628855,-1190.6247723190986,-2425.8347568223767,-0.0,-577.7524518715085,-0.0,-0.0,-0.0,-0.0,-0.0,-28.57834869803903,-182.73867108901496,-355.7863067831831,-0.0,-0.0,-0.0,-0.0,-0.0,-0.0,-1179.6938371597416,-2260.357451822587,-408.8734423135243,-493.87410112676025,-45.82571254874188,-0.0,-0.0,-431.00473341559984,-0.0,-0.0,-112.40106291189961,-2684.990999612613,-0.0,-0.0,-1476.1348961735205,-566.0876187249373,-876.087287438226,-982.3535864967629,-715.6861413802397,-0.0,-0.0,-1166.5901623004092,-1813.1428600110107,-979.7364144452885,-0.0,-1134.1855730990667,-0.0,-360.7243007562422,-720.9016068794094,-0.0,-668.0152216890764,-1781.6024049076739,-0.0,-1698.5357987026307,-177.7879838141214,-592.7926021275201,-1374.1202222591965,-228.2156550326235,-1217.9529012452651,-0.0,-1014.1476414341769,-27.323949851425798,-2357.3894798207943,-1871.162285829076,-0.0,-0.0,-0.0,-0.0,-739.7861744847007,-812.5687217699439,-0.0,27.050081875312642,-364.6776144846124,-758.945631613051,-2050.1891189811813,-2274.8587680349783,-378.2764989282638,-0.0,-1404.2505524311564,-847.1740100002227,-1717.0791719313304,142.50481295302464,-0.0,-3360.71479582701,-694.0160832206459,-0.0,-444.5127938798122,-1457.63169773324,-0.0,-0.0,-550.231763011626,-1442.7567036467235,-0.0,-1083.7158307174,-1295.3679184494908,-38.28746860123537,-83.3970258303134,-508.5770840486872,-0.0,-1486.1165070750048,-2619.5408203296543,-1164.6728736048137,-179.68393252256254,-1906.1560781982698,138.44783774089697,-861.1561596488027,-627.8387488188121,126.64981861957709,-864.3006024220126,-1466.6496101623059,-838.1522952588574,-1304.0442965358595,-410.86502219401245,-603.4014230382905,-764.9304984306767,-1556.3347106617155,-0.0,-0.0,-1821.550760974619,-326.40533621762114,-0.0,-1504.8690639712936,-1240.9856860627765,-0.0,-2484.2595763370664,-540.0260740809343,-0.0,-833.6063675255152,-0.0,-0.0,-1266.1777981989358,-1021.1367726689218,-0.0,-0.0,-0.0,-743.726606494051,-4.5182408749012,20.324859392469104,-254.70385066967796,-0.0,-2125.64330445707,-1490.7268657140453,-561.3299493100131,-2074.560092882722,-0.0,-59.10789768396531,-943.7174997597637,-0.0,-429.7817206794239,78.23622537082693,-1621.9335163181058,-1036.564388434631,-685.4929165075273,-1281.2212520966887,-0.0,-0.0,-0.0,-800.2559850745128,-0.0,-391.4064868064244,-979.5643631855442,-212.56423032573332,-1219.2467007503894,-2187.3576055090166,-559.1264291875706,-2099.92510526561,-0.0,-1131.9402992621508,-736.7707276051894,-511.40363761427784,-1276.513175178454,-317.06553885128614,-520.1005012178796,-1508.0716895408666,-0.0,-0.0,244.81294500834912,-2759.506345221088,-986.4998343019963,-268.87666282243214,-0.0,-371.12721346922865,-540.3653605853384,-648.1205005806078,-0.0,-0.0,-776.3166548228495,-0.0,-21.321485816250245,121.11541773851097,-120.9380956657198,-2014.8597501929287,515.3599156363683,525.0707330540924,504.2768081423886,648.417196360741,48.26790861050929,-0.0,-635.1084694866075,-754.9583737464336,-358.17853846251796,-9.898573853289738,-0.0,-0.0,-0.0,-194.92758152117688,-13.529382182940468,-921.7834952457421,479.72642687716404,2405.6131289075133,-0.0,-0.0,-0.0,69.24861466691351,79.65340919302935,-0.0,-3103.094652139686,-0.0,-0.0,-0.0,-0.0,-0.0,-2466.5755907249995,-284.1512554534293,-0.0,-406.5578893603419,-2152.2532981343675,-162.9395573884373,-323.64488393978206,26.553309855812866,-1741.2537410948612,-4353.06777341855,-1979.6275370030567,-0.0,-0.0,-1688.9736525858896,-1053.0116885875914,-739.9479357236344,-419.19011697559995,-351.53853886687483,-1011.5702415533301,-1023.7368618060724,-5012.239420919698,-679.7273832200306,181.41134322020568,-828.842129276776,-1099.7188690273977,-626.4887147458084,-637.8708818848238,-7.654716759074391,-1631.9153879934331,-832.8523866988684,-592.5780992206397,-0.0,-0.0,-0.0,-0.0,-232.68761571596184,-1226.8165719292242,-0.0,-1256.2666800616357,-1381.819268691934,-0.0,-0.0,-1470.1661230299803,-0.0,-0.0,-217.3455273108578,57.12350860252572,-0.0,-0.0,-3140.2490733793293,-1236.6863484173864,-97.7324547071182,-948.4840733414952,-1431.6412897943276,-0.0,-342.7584949952482,-509.0467535205664,-0.0,-1398.7440815918942,-341.6225218142308,-1177.089716392489,173.04220654782898,-899.2003756165126,-204.6862372213325,-240.20054438565637,-54.22099265687767,-45.536824564780844,-617.8010920264855,-829.4429394542569,-514.6538762512484,-718.2667743673342,-0.0,-62.97477084311547,-741.0944472763199,-169.47868386183828,3.9639313517485344,-0.0,-1018.6997553542225,27.434384853981175,-1326.3164320610745,-0.0,-0.0,-0.0,-1887.582391320257,-0.0,-0.0,-80.92517939487955,-0.0,-0.0,-0.0,-0.0,-0.0,-0.0,-625.1965106429896,-1638.9617818315796,-0.0,-0.0,-0.0,-0.0,-865.3241299975102,-483.4564096503094,-0.0,-0.0,-1887.5677627977914,-0.0,-1392.6240765442624,-2732.9144415541878,-0.0,-0.0,-0.0,-510.7877564114171,-0.0,-0.0,-0.0,-1002.7734382498018,-768.9613449092916,-679.2044454646048,-0.0,-0.0,-228.97061774334753,-0.0,-4055.465328329403,-5496.352756745398,-0.0,15.7003423590776,-0.0,-614.042105496427,-686.2533491138527,-2042.07080211399,-0.0,-0.0,-98.39514549031428,-703.5983087247577,-1391.3692913677748,-683.2240062409224,-345.5675753602951,-0.0,-0.0,-1234.941109791417,-996.5143956476493,-46.33887797807351,-0.0,-0.0,-746.0353380271926,-388.8640885476157,-86.26700509301769,-0.0,-0.0,-0.0,-2215.1147558518164,-347.0447215663359,-1371.6305266878246,-4431.396947629453,-0.0,-1004.3814205694582,-1175.6910666573028,-2440.848383066525,-346.52330751673117,-0.0,-0.0,250.23338796033528,-1207.7757843842055,-1880.6188996677902,-511.5652719797775,-153.0361369138521,-25.292055654712502,-1832.2753858252433,-424.9836691565747,-1799.783431944317,-681.8982024528176,-2776.371824393905,3.940416959961813,-1010.638803781333,-900.4161223435068,-1893.8836325267177,-0.0,-0.0,-760.5782551088938,-1713.1200461032688,-1844.0320108563171,-888.4105475898481,-0.0,562.6480664512961,-70.00361189509566,-457.23847098297284,-0.0,-19.261511414841348,-0.0,-2512.976522774249,-53.11143034108787,-0.0,-0.0,-761.9386915528444,-1126.4823554094876,-823.5732846078513,-355.2279541080183,-598.732109879784,12.858869975183714,202.66937503806784,-844.6096573519245,-26.757593254833854,-1543.0462554808657,-0.0,-1577.9649811325537,-130.23821322052194,-773.522797829264,-407.63816955703385,-24.749297871331088,-43.685304041283146,-20.574704758039324,-1273.6532710426882,-993.941928512248,-1438.603082019051,-260.77070974827745,-1412.0244409327343,3.955675277536248,-0.0,-780.4517976125636,-2727.878476874628,-0.0,-0.0,-30.499387162419126,-2135.345558547266,-193.53629984287755,-587.5434420684801,-378.8958289553948,178.27446399918927,-0.0,-0.0,-1291.5406147911217,-0.0,-0.0,-2213.176676007921,-1612.2838702259207,-867.4434865359651,-774.8859317839482,-655.5005246455113,-926.0021346459969,-797.9499506190056,-1326.997257271546,-2651.0597309847535,-0.0,-0.0,-0.0,-0.0,-310.06592858639334,-0.0,-2106.4778891342694,-645.5268781453719,-866.5331367467859,-1003.7262740646886,-467.0123547795152,-0.0,-1439.2553151483846,-669.0339320942063,-0.0,-2635.2106148798403,-1478.4619118345959,-0.0,-0.0,-2471.0212554510913,-1748.8712650056402,-452.6023706893774,-823.9406282975382,-0.0,-544.6308500495076,-322.6400960982223,-0.0,-653.3450898743162,-560.0729244277892,-524.1256029241225,-0.0,-0.0,-0.0,-0.0,-397.9704761374367,-1259.687340771007,-7206.676868111447,-0.0,-0.0,-747.6412491788946,-722.1318610065747,-1970.3304794581707,-673.4330691516413,7.803308059172301,-467.7170820567418,-0.0,-658.4488284251777,-585.6635469414801,-0.0,-516.6245504725549,-1165.9137639317962,-0.0,-0.0,-0.0,-0.0,-0.0,39.4065998216066,-2174.6600051626706,-0.0,-1376.7278153691577,-915.4232808126693,-4.120151416507027,-1734.744840219653,-994.0830156564358,-994.1788339962309,-1453.3308705626391,-80.13010291798932,-122.93360391294198,-1292.5547076749635,-721.153728186652,-698.04633706325,-0.0,-1505.2602346586239,-1396.3041303774396,238.54858566783722,-0.0,-632.4017181027755,-734.3367452715889,-1010.485964349393,-67.42252477524676,-0.0,-298.0743659475075,-0.0,-0.0,-2528.8639689385172,-2174.527579715974,-1966.7038460621036,-1755.6982457051697,-0.0,-1278.7413940687281,-2108.7861978860415,-0.0,-5455.504021984243,-0.0,-0.0,-0.0,-0.0,-1077.7030208159488,-2520.628921184027,-2373.7769017626756,-93.57003806303085,-2023.9182148488699,-0.0,-1006.0813247622438,-32.234162134735925,-0.0,-70.14375238252218,-570.0006549965549,599.7136104365206,-0.0,-473.4125024555666,-39.26613308800701,-0.0,-1479.2167667045453,-0.0,-2166.751872234032,-147.70978996740334,-0.0,-0.0,-1091.9911512978547,-1624.6515538608894,-1069.4492314158545,-1270.5912651461128,-1323.3122814127792,1608.5359538121747,-59.366764611851714,-823.776996098339,-36.97398893957761,-2540.0423879082296,-836.3785198516784,-889.5551643636223,-477.47051229049265,-1675.341462390769,-1770.8470843190298,-446.9524424686363,-2542.3051596128616,-341.59837697903896,-0.0,-0.0,-52.00608331865948,-0.0,-0.0,-0.0,-0.0,-0.0,-0.0,-1732.1597843126024,-634.8999362861371,-1213.9571091562168,-930.3196958171642,-0.0,-596.5695949976948,-1273.0791770307005,-1139.8987470475759,-2272.7835194805484,-1359.3766553026494,-90.32985880572332,-203.29144835125132,-999.93184030334,-1514.5210053162252,-0.0,-0.0,-0.0,-74.21040056081776,-844.8916341182163,-160.8137344829107,-507.0623037690476,-1040.4229235456473,-0.0,-0.0,-0.0,-4214.840095321104,-0.0,-129.80807197012123,-0.0,-226.59578296977992,-1174.613040823205,-1264.872841335142,-884.0497866226183,-0.0,-44.47116832444434,-589.7520601088222,-765.142502255855,-581.9116447349422,-0.0,-1095.2312927003932,-0.0,-0.0,-2825.539989090728,-0.0,-1431.5377527282074,-663.4584587027645,-430.80794627762646,-287.15393157382357,-1462.3000574930982,-2871.823033675662,45.343599734303574,-2362.4705502108395,-1757.107618980179,-454.1807671857935,7.732215931066453,-0.0,1529.2233559164738,1141.8846548666932,1191.504507349587,-0.0,-0.0,-0.0,-909.6271109681903,-0.0,-299.74736842560026,-188.06097867547157,-0.0,-3771.3263183593635,-0.0,-1481.8285883648055,-85.64471157866127,-1121.7852201315773,-615.3330949906926,-1537.7752767999352,-1277.458090357947,-0.0,416.08996758137675,-2723.400183341705,-1744.1817612186417,-482.81360811618737,-1272.1975773758631,-1768.831446586168,-0.0,-0.0,-288.97857607940733,-787.6268311667924,-2350.2337879688616,-850.4750509988178,-38.55418727163249,-0.0,-0.0,-727.6623579488055,-0.0,-0.0,-0.0,-217.36502045173305,-1470.3642806480598,1707.9806690296227,-1390.8476838104743,548.4837126566432,-758.6641932513843,-1053.5323700118488,-11.315895518344242,-5109.611301833276,-397.30882661712377,-0.0,-78.00319429224446,-2475.8728490910357,-1813.556741327931,-0.0,-28.38260747519512,-0.0,-674.8065952900188,-26.48997490450414,-1961.346473124346,-1617.705179775461,-0.0,-330.5122479832004,-0.0,-0.0,-0.0,-785.5457348659322,-1075.23674149196,-443.07668229428657,-1189.5354963329864,-1842.5979113003405,-1006.8602158320508,-451.66835835052785,-507.10588143682986,-115.35543560365946,-1724.4094649570836,-647.4200044183049,-1055.9236169635385,-1281.1846376439692,-1519.4566805199102,-1452.932637372623,-398.5900143705673,-1561.7224443930372,-0.0,-0.0,-0.0,-2240.985361674035,-0.0,-523.7042620449776,-1262.8826858026432,-11.543155145294925,-817.9656033689503,-638.6369079948618,-992.7686910973232,-759.0111490884832,-210.28944486331403,-1957.6037027616765,-5497.728422722919,-286.69464646481737,-32.600315434353945,-0.0,-118.81746104679748,-7134.089077156882,-1918.5149881711673,-714.8085050424137,-2509.769870247993,-221.58739450206005,-0.0,-25.117876114847125,-705.1683288802989,-130.04174635388972,-1171.8902932625977,-1117.5321239351447,-210.9439898118174,-0.0,-728.9543949428405,-1973.685928930158,-2032.4184137510626,-1983.2440090901084,-0.0,-1592.1942194543205,-0.0,-54.75998347933249,-909.753609871952,551.531749090052,-0.0,-0.0,-329.55337533926576,-1044.5196261417736,-771.5497163514968,-1319.6361290716036,152.6724532896642,-1491.806656312363,-135.00912890452696,-344.64874867583546,-2180.903389829551,-1993.7993028755457,-396.83857954406653,-0.0,-0.0,-0.0,-0.0,-0.0,-2123.896249225962,-0.0,-653.9973545413435,-836.1379759822862,-2695.9964908450097,-0.0,3.552414142419618,498.53953719983383,2131.9811427118007,-650.5887628441159,-1357.5723058101523,-0.0,-1381.6957819177771,-3768.056982998588,-888.9716475940127,-5728.207348859647,-1238.0631379964345,-0.0,-795.5906829848841,-2436.7610511347143,-208.94191676045213,-0.0,1264.616192125091,1410.877584424061,1219.2893584826795,-0.0,-0.0,-0.0,-0.0,-90.21453644883435,-2419.11329038335,-85.50585505326083,-0.0,-2082.5399219236456,-1196.087052922426,-485.03720484402527,4.3404600459181815,-0.0,-218.11351161101476,-833.145926814882,-0.0,-0.0,-50.20117681951886,226.64269544705408,-2320.702709976743,-0.0,-879.716962118408,9.164173012293011,-76.71239986530445,-0.0,292.106795130724,-99.00602921676683,-484.37445126501865,-1934.7802307675051,-0.0,-60.603277897931314,-1267.1286411281953,-1056.8405560463284,-45.14682683863125,40.68309424046433,-0.0,-1279.8842226966194,-815.9956154935769,-8.845576653687349,-0.0,-0.0,80.6459602542486,-247.7589138596913,-170.3679383572772,-86.19029567875386,-12.727462416031736,-186.28363922425618,-782.0280799945467,-1011.5968054515847,-524.1725350683969,-0.0,-2269.363185100108,-1025.8390175466109,-0.0,-0.0,-1097.8170359313826,-2198.011505967758,-632.6433333628727,-7.753577270884958,-2798.7069610423614,-129.38143444053532,-85.8442587821037,-1130.1667769707262,-0.0,-375.07639238142394,-1511.8618420649173,-3.8556107689620274,-0.0,-3464.994824289561,-162.1778816766866,-1591.967054983133,-961.1777777850873,-1283.2038724305805,-2489.7177004575783,-83.98855325377431,-879.1508680812587,-1985.7761099032625,-1255.179443382688,-1263.4949047045611,-243.6704327319472,-1919.9798747145298,-0.0,-2766.8057663240197,-0.0,-6717.074572735756,-240.63403971708192,-86.25302631294369,-1518.7565852442383,-0.0,-0.0,-0.0,362.40098139637024,48.230175306523826,-920.0650321974133,-1332.1249275938417,-453.8046224242131,-1088.1277872103317,-0.0,-0.0,-1552.4984068875876,-320.3627152054247,-542.0458286820011,-177.35367713537366,-0.0,-1672.7780895351777,-360.5075536914458,-2016.3107176815272,-0.0,-37.86412256452625,-0.0,-1931.1236613536094,-810.5743975708965,-1726.11354190365,-0.0,-0.0,-1530.4198298881493,-531.4055385204852,-816.7503781556422,-1598.8133266080092,-474.70159733466977,-1473.2143306802147,-0.0,280.8902844065858,-1288.9483689804995,-4391.320773829916,340.5833729445895,-1293.6588631951201,-7925.097426453588,-639.3319970014641,-692.0416652654812,-233.72179558554757,-187.93448201579827,-972.1774916332956,198.17394095651903,-207.42307108750913,417.53796794667164,-1154.7237349109014,-592.7503027565757,-0.0,-1232.6905941641562,-1924.391629253233,-931.2510659526621,-405.6469446963369,-0.0,-0.0,-34.55515579951073,-1071.5375934091826,75.57834836011574,-2229.789884750132,-0.0,-0.0,-463.2161124753672,-630.4626422548097,-1006.598915683548,180.59918395936054,-2715.9570275872175,-1491.074557207161,-1314.4468258638808,-238.74371998985842,-0.0,-399.5447376277375,-0.0,-609.3627191154493,-24.287078185987795,-1401.5384033027035,-521.4993132121358,-1082.2509739867796,-359.26968173812816,-330.8414950321458,-0.0,-1169.4266633881996,-711.0528193173755,-1285.878307932934,-0.0,-3392.9172563014945,-1401.287566525946,-1292.9235729047673,-838.1697575626335,-1148.168701453541,3.9056830430191454,-2276.065221327236,-796.8167125768264,-1256.2364305824265,-1983.5285911021977,-317.43394842497077,269.07417228429375,-1109.0194637814163,-0.0,-0.0,-20.406275163647404,-62.17201206414889,-19.41533098625291,-274.32406631270567,-0.0,-0.0,-0.0,-0.0,-0.0,-0.0,-0.0,-0.0,-0.0,-0.0,-1479.3900627158612,-2466.691024457795,-2205.2144919371826,-0.0,-0.0,1794.4391408220856,-477.96084738185425,-0.0,-516.0439926372288,-476.56520199551676,-1041.8613052602554,-1006.6318870754993,-1189.3634185706335,-0.0,-667.5652260843721,-430.2006488736093,167.263795031487,-0.0,878.8764660616349,-0.0,264.09478926411214,-0.0,-335.0853409376889,-0.0,-392.62191050172856,-1223.5687363620762,-2043.8671539140487,241.5118815116857,-0.0,-0.0,-0.0,-0.0,-0.0,-369.0318914595199,-86.77336125960107,-0.0,-0.0,-0.0,-571.2333504180928,-0.0,-45.08286716723249,-659.4944405915797,-3360.507114986228,-0.0,-1373.5711865347034,-0.0,-626.0595128117955,-0.0,-0.0,45.28534347751602,-0.0,-169.63059191778112,-0.0,-0.0,-0.0,-986.5500017228504,-1898.766637770377,-0.0,206.12279182810454,-2426.570090183669,-0.0,-75.38027830375283,-278.88969952890574,-0.0,-0.0,-1533.7240606104072,-0.0,-948.8471032342604,-1356.4417595650145,44.822280361912796,-2847.562912507193,-1772.1276914408872,298.96573257600755,-714.4811595910957,-0.0,-1070.9981368280837,-0.0,-0.0,-0.0,-3588.484276535788,-881.7738559950011,-1591.8715087170801,-0.0,-398.4273371092404,-4.085122790420782,-1344.7431370476356,-2063.682788866786,78.164720574188,-3129.1128999475327,-0.0,-1981.2771895935193,-2647.860513650977,-0.0,-0.0,-0.0,-0.0,-2429.90453833016,-165.909649390694,-1509.6809891694452,-0.0,691.165724258029,1333.1220436966148,-0.0,-0.0,-938.0334787089241,-908.0842359183589,-343.21899987136914,-19.43469466590873,67.42695014637846,-0.0,-1286.0609629785552,-0.0,-294.9350672826652,-1050.6302664591217,1396.811581446353,-0.0,-0.0,-0.0,1033.1284543157958,1047.1220307016335,-777.6847511492289,-0.0,-1392.9753063800047,-0.0,-1149.3758809734934,-729.2398720381663,-0.0,-0.0,-0.0,-0.0,-0.0,-59.270991279534535,-0.0,-0.0,-0.0,-1201.8521173467882,-291.81652485792523,-0.0,-0.0,-0.0,-150.51944164857858,-74.19345273216052,-665.3038677310162,-731.3185740646483,-2514.2116898660006,-1140.5397707558566,-1014.213576225857,-0.0,-2799.5155743931173,-43.811037366497025,-0.0,-991.475422540055,-2479.358489499317,-745.9159230146779,-522.9276716896649,-1322.8274765329818,-276.7846702878073,-688.5889713297139,-802.6216567969504,-1111.8247321828997,-269.0431050814326,-1731.40934817294,16.778405601148314,-394.4623704520655,-0.0,-0.0,-824.2455664713672,-3762.6254499242154,-0.0,-974.1550915092403,-532.3330260537576,-0.0,-372.5703118055189,-574.9636464096632,-797.6233410648998,-255.31803008417984,-0.0,-0.0,-0.0,-0.0,-0.0,-44.35738263862988,-0.0,-704.2547976071289,-0.0,-0.0,-676.5187161734736,-1079.6106558791969,-2654.1800613261144,-452.7464131384435,-645.3078814768637,-104.30009344653892,-2102.0521045806,-0.0,-837.479556667282,-547.7182233740289,-465.54553947385847,-1363.9223668387901,-1030.0237906590057,-1615.1244611904488,15.693500570444506,-423.6549685292576,-0.0,-1129.0402452774154,-1111.7459772895584,-142.71309400964347,3.8312240938686064,-2607.2044740735605,-1168.7486490539043,-684.5082138007002,-0.0,-727.5607421432861,-760.5247107647976,-553.7416846180448,-2234.8307056412077,-3.8003916887799196,-0.0,31.19424762878201,-0.0,-0.0,-227.82960664545016,-3948.846177401838,-190.28112299023311,-1627.2824408932759,-3524.2074061231515,-0.0,-4778.211283928668,-269.2821242433188,-2083.9974641850226,356.8256558026034,-0.0,1654.941368345048,-889.8388056606527,-0.0,-2094.028735981047,-0.0,-73.47219968802834,-44.65891171994122,-0.0,-0.0,-0.0,42.53243156703748,-0.0,-0.0,-0.0,-624.385283696429,-1393.5226300598617,-810.9409638168394,-0.0,-3425.2188728272795,-0.0,-0.0,-0.0,-257.455811080399,-375.05695799277413,-0.0,-2299.1580101888117,-0.0,-0.0,-3484.370288931431,-0.0,-26.63704848598809,8.022162443382328,-475.02522400125827,-21.774939497951006,-0.0,-0.0,-249.09299253181766,-0.0,-0.0,-1371.4658183507988,-1284.2589378065607,-1401.3188796635318,-0.0,-316.8108561157583,164.6126263531754,-381.2342385421634,-15574.492380864933,-0.0,-658.5700306185563,-1366.2487313003055,-679.5357967455616,-0.0,-35.23866944663392,-16.141008087817344,-262.4404679568455,-1086.9221429921297,-0.0,-0.0,-0.0,-527.1773031222752,-2444.705857587937,-1481.1523770044855,-0.0,-0.0,-0.0,-297.38467927253026,84.39995055905919,-8.609480253904891,-1267.0990263118622,-0.0,-0.0,-1035.345942935385,-0.0,-0.0,-0.0,-2651.7476509591106,-1084.784169121225,-0.0,-1235.717312472455,-617.34668101768,-238.578630170144,-675.8531818534642,-1167.684089514873,90.62181746387968,-1278.7487352281648,-1194.2177377585392,25.159977637779413,-1937.0995883279359,-0.0,-0.0,-0.0,-0.0,-460.6843394635574,-0.0,-0.0,-632.754491157824,-954.4679126203927,-707.5222235909007,-0.0,1631.3382615691671,1301.1436039246526,1415.4359406193491,-0.0,-0.0,-0.0,-936.5346935054821,-41.56434819738541,-847.0662443645261,-79.32902093691659,-637.4255621049209,-1812.2481777997402,-1262.3337118633603,-2178.192765194864,-0.0,-0.0,-0.0,-0.0,-476.2821908407117,-798.9117978176231,-1672.0238361044037,-449.1442828832176,-1538.2366599708805,-1767.3865220559421,-2197.600861256311,-0.0,481.84849876695694,-450.465497031362,-398.13585038134147,-131.01087135562113,-4731.850299436824,-71.07484690013645,-0.0,-903.9039566643025,-1557.8723117389527,-0.0,-62.29561404167193,141.28918823236594,-86.5294476857986,-508.22795764785684,-2137.0311183863764,-160.53873915881658,-1874.1519541769546,-0.0,-1936.7859568938811,-1978.2801188325382,-1342.9671507846822,-0.0,-1653.7562345148865,-364.06371133277344,-694.6076667645624,-1145.949770532839,122.29018585076881,-1830.2265644146091,-1405.7034212608282,-0.0,-118.75554342861955,-0.0,-0.0,-0.0,-1092.9390453702397,-646.1840679075991,-0.0,-0.0,-0.0,-3494.3166143007174,-1869.6561482468364,-0.0,-0.0,-4.100980847076102,-1584.8816919367466,-896.1809151161349,-0.0,-785.5615790464957,-1340.0389410813207,-538.9993897111975,-25.14880800565741,-1046.289187167618,-7.522166382480991,-1518.3559715998347,-1722.6513801360588,-0.0,-0.0,-40.99521296657161,-0.0,-0.0,-1320.5216660036,-86.58768145904043,-510.3448989437046,-0.0,-0.0,-0.0,-896.1734024228637,-320.8602402212424,-114.25311300870051,-475.2109970077651,-249.67227435753495,-2109.4321531971927,-348.2124849060677,-553.1902823374145,-1137.432198066746,-0.0,-396.1097107161232,-0.0,-2058.0603401600383,-1595.2156566904243,-1645.5387229479848,-421.4446593608762,-255.8806729568678,73.84194267211966,-1024.6191079503076,25.88965010330934,-0.0,-481.3500950117262,-0.0,-0.0,-483.423144793103,-129.2853171758697,-2905.9009263357043,-3031.992671345415,-562.0262251715234,-0.0,-0.0,-962.7422179307032,297.8908787036115,-0.0,-0.0,-0.0,-1114.8359680237072,-50.33767277397782,-529.989136521633,-4009.05496870665,-1484.3510957201597,-1186.1022973949614,-439.2556073269234,-190.4821294292161,-1270.5744258798354,-731.5184640959839,-558.5477685921965,-0.0,-703.1179632062152,-671.3899129658748,-1990.289130265144,-0.0,4.488615729662541,-13.41568860970902,-0.0,-0.0,-1806.2153012865524,-0.0,-4055.6957405106987,-1279.643366180245,2435.929328122517,3022.89733089627,-0.0,-0.0,-784.7176541544048,-1086.099449237483,-606.0882529997137,-353.72859295991094,-3255.6015193772023,-668.5213809082912,-0.0,-0.0,-0.0,-1225.1036682044075,-749.1730013041666,-193.66674205609627,-2435.668163189915,-1227.0963497350797,-28.377159465588143,-434.00136474643136,-1168.3935871150177,-297.3727689375576,-538.694250448646,-0.0,-67.3202510301992,53.29943737206797,-1018.2837828724503,-162.2393991393947,-0.0,72.58119774741247,127.02355822623714,-191.07020572393574,-1318.1400896794564,-2147.9674993652247,-61.78420536476907,-927.3382765164224,-1522.8784883805215,-0.0,-0.0,-726.8953142375916,-0.0,-0.0,-0.0,-0.0,-713.3395332971273,-23.646443028001052,-1462.5622245693767,-1361.7973593238476,-2544.6916444880967,-1318.983499431284,-0.0,-654.7723816776935,-0.0,-1526.6254567341925,-1811.2176717675786,-1356.7722478143755,-1018.715667114836,-0.0,-2194.0925463639996,-0.0,-0.0,-0.0,-3459.840301893601,-1260.099724470614,-297.8857308017252,-971.5161825752072,-887.0061792815831,-913.719424595391,-0.0,-0.0,-0.0,-44.2493015688015,-5183.320381586837,-727.8600611454706,-2112.6852229432957,-3855.795036781539,-2283.7145503353713,-453.4161031972934,-0.0,-1801.287602358668,-786.359467492397,-0.0,-359.4512239885168,-392.791522822161,-40.4824029177346,-1086.2893334353362,-267.12956325356475,1454.9443579249537,-452.8984061648234,-0.0,-0.0,-1040.4203977899028,-887.6896115671203,-2617.570544715553,-287.50107442950963,-0.0,-0.0,-557.9392496276635,-0.0,-0.0,-0.0,-0.0,-1354.8904042803697,-695.4763605586071,-1434.1248682825603,-484.43567105995464,-3.8817526003869114,-740.7684426023363,-0.0,-0.0,-0.0,-0.0,-2582.1688719770236,-0.0,-0.0,-0.0,-0.0,-0.0,-0.0,-784.1537508431851,-0.0,-2688.106806694248,-546.4586111239192,-237.52403193298952,-1299.460605202403,-0.0,-0.0,-1483.3750742434624,-1444.8412165528591,-3.8578168086713047,-498.0239900280068,-58.79605928804748,-1963.222137435105,-948.2322593506711,-0.0,-4026.0636194326753,-1338.6216330217048,-0.0,-0.0,-15.230453962468864,-428.5762142886041,-1238.201187462479,-0.0,-0.0,-24.81423720754338,-1535.4768463716823,-607.0297751158531,-342.90661110950543,-75.96270711943842,-1916.7883091078506,-0.0,-0.0,-0.0,-0.0,-0.0,-579.0701169173595,-504.6820870191021,-601.1454358216175,-4501.01214674549,-1707.4248775687674,-1303.9654131916677,-102.98301575385577,-1135.934756943429,-1142.016011890588,7.704265349923873,-0.0,-0.0,-0.0,-611.4409751541014,-463.00050479957736,-1842.4841215078889,-613.929756951104,-0.0,-1683.238165024753,-0.0,-720.1809607359856,-0.0,-0.0,-2070.049815911889,-559.3256441353384,-585.7463980884696,-1512.1415300807012,-125.2938385498019,-12.501208063379163,-729.372194824836,-1499.6435914727163,-0.0,-473.5322215171806,-1277.1121434856473,-4068.9762367210706,-0.0,-300.1905756957366,-2173.8499521093945,-1401.5269025073746,-1331.4185672017036,-519.8991627133148,-1226.1694381411555,-0.0,-356.1915213574936,-0.0,-261.49861627996626,754.2774928200408,-0.0,-0.0,1030.7226669111267,-0.0,-2291.1758047839885,-756.4509158964053,-1131.073622674351,-1216.3235878430776,-1564.4205077309111,-379.36563164859996,-150.5147986670481,-0.0,-0.0,-908.8519382797307,-1120.3246708581823,-810.88178153108,-0.0,311.10983218160754,346.96093756612896,-239.58734653398898,-2847.571051620898,-2179.955962396341,-0.0,-0.0,-1471.6491185075286,-4019.315290017655,-2722.031881635157,-534.5772911554297,-1097.7228463150402,-1153.1491193452055,-0.0,-222.58731088126393,-0.0,-642.0425929601022,-268.9585348342278,-1706.320564130294,-2741.6194455898662,-331.1447137802795,-547.5854385657024,-4733.715234723998,-1474.369983455739,-586.4740676324485,-260.0524909150015,-1577.780508639175,-761.4546879676725,-4.1319429473453075,-1625.056779581721,-1633.2137670614168,-0.0,-0.0,-732.9398527356836,-1337.3802920861776,-359.7308966274496,-3.978079128065579,-0.0,-0.0,-0.0,-0.0,-0.0,-38.87281903215574,-787.3336134312593,650.8064850098917,-463.91285181834627,-903.6634623683052,-538.6925236220949,-994.8425404798426,-1642.3484686860693,-1242.9082851321368,-1723.8680760631232,-277.97556755388763,-619.996071298425,-1611.5216068015222,-738.0199452871237,-0.0,2964.076048519372,-278.31765348797535,-76.25804167995508,-0.0,-1045.1720913090699,-655.4784378887502,-1519.0510273548264,-1869.244768741565,-2491.13916663425,-0.0,-0.0,-0.0,-0.0,-1130.957610869216,-1660.838625855686,-0.0,-937.9336071745737,-8.247563207500157,-0.0,-0.0,-0.0,-2858.199535807911,-901.122657017288,-183.02700075610548,-54.16366898880459,-0.0,-0.0,-1298.0786381568466,-1482.617056800157,-819.9294115363751,534.3320575950668,32.4348531705759,-0.0,-22.722290631838675,-0.0,-1570.9880855115932,-543.5143758515682,-1420.1166520219087,-1708.8041569663255,-1775.6931200734114,-44.087542010310834,-0.0,-0.0,-2068.3740587046645,-370.8100902350045,-0.0,-0.0,-223.17138010206634,-0.0,-44.278441401804606,-0.0,-1461.4379456425072,-832.8942916125346,-0.0,-76.54028729042801,682.6067035280926,-0.0,-206.57001182140584,-2576.1726308557745,-0.0,-0.0,-768.4354048400571,15.270442132174072,-0.0,-0.0,-812.855411629993,-1480.7121145089104,-0.0,-878.4400598323926,-0.0,-1163.9558460199687,1761.38400122377,26.244346819039045,-1755.124630979248,-1912.822844676671,1137.8418044748291,-0.0,-2369.85780049561,-796.5117586235743,-992.8789220148868,-0.0,-650.2415688431649,-138.47666672633255,885.4264680513729,-435.7711155318107,-1559.9013732035144,-0.0,-0.0,-0.0,-927.8947135848384,-639.4930370905981,-799.5299959099752,-980.1438991555555,-1179.1640284375962,-28.94332567099253,-1155.7680040543996,-1094.6520359236463,-1375.6368445335836,-0.0,-0.0,-514.3597170040832,773.7474957192964,-6808.781496939309,-0.0,-1287.126900475712,-1984.7567503972086,-938.4293445491386,-836.2354174692426,-67.03995525859558,-2831.954052328232,-390.8864900362126,-0.0,-1103.774253641918,-881.8236441736284,-674.1175478357098,-0.0,-1540.8747695867094,-2024.3346341496479,-30.008957758425883,-1191.3726911705285,-2764.061899659794,470.18957565988086,-0.0,-442.0496800181955,-166.54040560794286,-1258.323170765493,-1047.6214934834622,112.00652174631334,-125.51064355067506,-882.6099600687426,-501.9129043939983,-568.1271302717845,-699.954408996106,-566.7872965198136,-0.0,-1421.2111465861683,-0.0,-1200.0758437545467,-699.0032867452016,-161.55399970618583,-0.0,-1731.5579902676309,-5029.210823194921,-0.0,-454.6967398302796,-0.0,-2622.574417726997,-248.11229600989145,-0.0,-409.82643266425356,-447.0161481432982,-0.0,-2236.8461858541605,-1595.7164621227143,-0.0,-4395.366682767087,-124.25886222427715,-1335.8909976763414,-1470.96345195412,-1812.0989490855698,-118.63405123950166,-0.0,-992.3107051900947,-2211.683317614326,-599.655183964794,-1040.2387772544084,-1131.3237519813758,-1832.6923176949754,-2499.992464674418,-1001.9917680527819,-1916.2922281744459,64.32189307119216,-0.0,-302.6101215089516,-1307.2928811619463,-1111.9915708928916,-0.0,-0.0,-0.0,-435.60454559335426,-512.4058829592941,7.786235931896069,-605.0921392596339,-0.0,-1229.10254228352,-766.3070280115835,-619.8558319523084,-0.0,-0.0,-300.6399587652395,-1638.02409405874,-1038.6263200492624,-321.6248680701943,-947.3367561743071,-34.95390588649412,-0.0,-0.0,-3231.4377655576986,-1166.3864681499529,-0.0,-0.0,-0.0,-91.48626266684516,-1098.9624293634959,-52.200827794474655,-1853.3885672032895,-1798.2668460390066,118.80804329455992,-0.0,-603.1542490039702,-0.0,698.828357338293,-132.3220786373178,-0.0,-1670.518510864623,-326.87208860803065,-1848.4586489599444,-0.0,-1577.2775738247237,-622.3359834993048,-205.48620431549057,-12.849516801738496,-37.378942125102405,-0.0,-0.0,-730.1475602255119,-1345.8348153889897,-0.0,-556.9835928116473,-0.0,-363.6888725590493,-546.1642098394154,-0.0,129.47740845324097,759.5624756016614,721.685687980996,879.8848435382914,775.6905996258312,820.16026587249,-0.0,-0.0,-0.0,-0.0,-0.0,86.1785431942561,-0.0,-0.0,-574.1449221409993,-157.91892982802386,-504.83511632506134,-90.8441201771766,-0.0,-960.2251501564533,-1645.7482477298906,-1779.5134156788945,-247.09681341265042,-214.67178415296718,-0.0,-0.0,-662.2889347587044,-0.0,-0.0,-0.0,-0.0,-3045.8911725175376,-0.0,-44.43222953340357,929.5921850177209,-0.0,-1085.0462047390463,-571.70080751847,1612.1296515481981,-901.4742896950805,-0.0,-3256.2112866822035,-2117.3977042422844,-206.6762088745049,-872.552458916344,-1364.7570429998639,-572.0542810116049,1215.550950733437,-79.24781886490061,-597.1489862506348,-0.0,-0.0,-527.4688839280498,-0.0,-803.8332305492368,-0.0,-469.71822405585795,-38.120040425865746,-0.0,-0.0,-1133.3787279770713,-0.0,-0.0,-533.5221271140249,-1299.556074072792,-1893.5447194585656,-0.0,-0.0,-0.0,-1747.6750150717226,-0.0,-1158.643303005851,22.93187772909179,-0.0,-0.0,-1201.2205029272375,-917.2884697644884,-1301.430655679895,-384.8500002357229,-0.0,-1400.1015106952013,-283.0009157649127,-0.0,-0.0,4.001605484063863,-38.53742404499517,-4680.391457050379,-0.0,-120.42243094600599,-31.838063267594084,435.34155649428254,-86.43868927614493,-1004.6023699784135,-912.9647004444686,-453.8364971823099,-0.0,-0.0,-1812.6550068826343,-0.0,-0.0,-0.0,-0.0,-0.0,-0.0,-0.0,-170.21820991566878,-0.0,-0.0,-2018.9921377906055,-7362.0248240651,-119.12050961822897,35.67814971839102,-454.4045738136347,-718.4290756199404,-114.49913289163707,-4455.73233628337,-272.8975013731313,-311.20928326188266,-0.0,-0.0,-0.0,-2050.7706856276322,-0.0,-39.39529736400575,-0.0,-0.0,-0.0,-492.364722448523,-11.695476023617577,-279.74658614737484,-1503.7613417499879,-650.955724860557,-74.90372105351571,-2613.294154377687,-0.0,-87.12666241689764,-2217.075101249176,-0.0,-1127.9919810833367,-76.80521411353959,-1580.21902525082,-0.0,-0.0,-1106.3911768518087,-612.4351758743044,-35.15007032061268,-876.6837333238581,-842.8500862572814,-719.3368484061776,-171.3449916061858,-708.4119368196727,-740.6449947031348,-2294.2963180635643,-1038.8510294036148,-0.0,-1585.3285040892147,-371.0084408527042,-696.5826355821595,-0.0,-0.0,-1025.492617298342,-2385.681527198626,-852.4616852884136,-0.0,-0.0,-0.0,-4061.1617427359874,-828.2369948923008,-199.38949834247276,-341.16335438806624,-43.289227765022694,-3754.6491010358486,-0.0,-0.0,-2313.0357426334135,-869.5282288535045,-0.0,-0.0,-0.0,-85.26629667192451,-0.0,-1921.685801326561,-1836.0902514499958,-0.0,-340.2463463656636,246.90782127753928,-0.0,-0.0,-0.0,-1026.3325530133045,24.211238873697585,-2467.387947064162,-569.5052030355922,-1149.946313618001,-694.2204549741624,-3637.655572636843,-1675.1378820371738,218.87223882567883,-0.0,-3176.6135794354013,-0.0,-0.0,-0.0,-1301.2967162357936,-768.1907415959532,-1580.401259471223,-0.0,-0.0,-891.2300281834669,-1535.9404280293622,-694.4115884295,-502.7886903976026,-0.0,-0.0,-1317.5900458695035,-0.0,-0.0,-0.0,-0.0,-0.0,-0.0,-563.9106829765665,-76.83997718163788,-1354.3809484154938,-0.0,-699.6860894825869,-1232.4812632806922,-34.812501578028474,-0.0,-0.0,-0.0,-0.0,-0.0,-0.0,-0.0,-0.0,-0.0,-0.0,-1178.4351270715947,-2021.723574737945,-0.0,332.9227385316975,-0.0,-686.0896543185396,-101.21554510428862,-0.0,-772.673909451605,-448.3103996233085,-88.76453007930584,-2022.8771341738197,-509.49381826256047,-2924.5729954044896,-179.7718060333704,-2269.894990745215,-1855.2407301390765,-912.7978692485515,-4.458320578210887,-0.0,-1142.170848078861,-2230.645612399493,-2517.4334303719397,-78.52192211705916,-242.35547530840256,-1772.2590506781835,-0.0,-2698.871323689071,-402.7137536945501,-0.0,-1735.6166685756114,-0.0,-823.8101442258967,-0.0,-2539.7556951854526,-0.0,-0.0,-91.22159034019033,-1071.4159565658024,-558.4979114251638,-0.0,-1427.1520003886628,79.36126103024151,376.1878646572718,355.80730219952756,-276.9818652302764,-1763.9325949611493,-621.0052220414432,-0.0,-0.0,-5461.849061795996,-1144.6995865680888,-0.0,489.8196551022356,-0.0,-1978.9428751458936,-525.9062969852113,-716.1682448308437,-0.0,-0.0,593.2777955044543,-0.0,-898.1262971240747,-1268.2409018205421,-1913.3250182177978,-0.0,-620.8198469644291,-3184.1430066843795,-1024.6495492971499,-0.0,-1447.2553660275257,-136.0768928959106,-1202.810390764252,-0.0,-970.8295266445886,-0.0,-0.0,-0.0,-908.5849329914927,-0.0,539.0587136723238,-0.0,-394.11674556381854,-769.7888709752801,-450.66020501110637,-1069.2307144205454,-643.829407031453,-1867.4473542698797,-1243.9022420430522,-0.0,578.5506996043674,-2412.4364232979588,-1645.2131845725676,-720.9338895067629,-0.0,-0.0,-0.0,-151.6605590452343,-1121.8246763725335,-308.5522439134669,-863.4360317062531,-2142.218268854236,-2962.6884862465304,145.55699511824955,826.9801414981528,713.6694697478428,-0.0,-0.0,120.95469172837782,-32.48276038630334,9660.066429296161,11336.44361812079,5878.738065952273,10942.637531608661,10663.204878827966,9796.033122431374,-0.0,-0.0,-0.0,-0.0,-0.0,-1479.7483079409174,-1415.588296374506,-955.268674278322,-0.0,-2450.1044619952754,-616.2243168009799,-1071.5471523211916,-33.57129641292814,-734.6699912922205,-1406.7796299488275,-1105.3895799423626,-1230.6955430047462,-0.0,-3039.331959098704,-1886.9065993698405,-684.3662244614443,-124.7735932068033,-3378.3235228061385,-0.0,-229.41702883973574,-0.0,-11.59491206858722,-0.0,-116.27089279964528,-294.2524430959959,-1116.898504757274,-858.6428027586337,-0.0,-0.0,-0.0,-2432.810363538293,-0.0,-0.0,-255.59609271634062,-1032.7663187523192,-1067.0124404713251,-88.36805329950074,-1315.4463052830752,-1809.0619266319477,-329.05778427011603,-0.0,-0.0,-116.89650621026823,-1256.2451559271456,-338.8561754284875,-0.0,-5803.559163772278,300.5888259106839,-0.0,-0.0,-0.0,-36.23506995974987,-451.2852027848345,-0.0,-0.0,-1248.5494470645974,-2356.8770449738954,-1321.1103395545651,-406.7343068458849,-461.7844876988357,-493.5224458579717,501.26435874339865,-1417.4323173608261,-0.0,-575.8608490069689,-2730.371591253744,-506.67401277211815,-8.938594637253745,-0.0,-5.518195515056076,-0.0,-0.0,-0.0,-1261.8250231733355,-415.7265065444643,-1423.306074024577,-0.0,-0.0,-0.0,-268.43066987146426,-536.3593450351249,-1495.6947060162827,-2935.859965618063,-393.58067037138954,-202.58334347235007,-0.0,872.2227058392498,-0.0,-1208.5110580666303,-166.46160463340058,-0.0,-0.0,1026.1917652580282,-0.0,-1639.2195205608878,-0.0,-0.0,-0.0,-207.24005810076295,-2088.4435412495354,-1730.6825851166852,-27.072939806249167,-2399.621738783591,-1607.7058757282157,-27.47225281199716,-27.039241454762323,-76.12554114328756,-0.0,-0.0,-2124.4728626958904,-0.0,-5962.51665054722,-0.0,-1579.7954225344156,-273.33490172023426,152.2876693979603,-0.0,-58.56327678984132,-1389.1842430313404,-1567.924767067567,-553.7234800864009,-37.455120315130635,-270.42133623052035,-0.0,-0.0,-0.0,-0.0,-1265.220664548177,-909.7525960102289,-0.0,-598.0220556451651,-1305.9257800977332,-191.41882337121817,-79.50181313037847,-0.0,-0.0,-0.0,986.7361206390317,-4.174062851476645,-0.0,-539.3142427381089,-889.8083451028341,-1474.0514259110605,-0.0,-0.0,-2490.331049604892,-0.0,-0.0,-0.0,-0.0,-688.3047509526183,1042.2327702427938,1106.763473486466,1260.8717281427382,-0.0,-0.0,-0.0,-615.6588364739117,-0.0,-0.0,-380.0789114709266,-690.9369307911686,-0.0,-193.13956820998277,-1424.9471490538444,-1357.3401618916826,-0.0,-0.0,-0.0,-11.435139314512986,-1520.1543947777498,-3.825705385962393,454.74259866994515,-0.0,-1780.6989285668421,-915.0379159477192,-630.012400308432,-1740.7436651677967,91.69234622247434,-275.12587151506585,-20.879142632599518,-460.69344314632144,-438.8255344102865,-1125.6254615631265,-388.59423553507736,876.0690034857388,-1342.9792301443617,-230.38501389060733,-172.53205449953342,-4122.331614769546,-2513.8521387552896,685.4231693186496,-1022.4552126032361,-194.8002885699374,8.260050712338185,-770.2012889374798,-1083.248083203562,1904.6197928949352,-672.2742512638686,-708.7871626880873,-727.2366839525113,-0.0,-7112.070714715013,-0.0,-537.6987934307449,-957.8982527997694,-680.6595033342122,-955.4233349261632,-1286.2490560142296,-0.0,-1002.7793404614116,-167.01484025733455,-86.02089612107838,-7400.362370676291,626.7090170109215,-176.17584062059433,-0.0,-618.581673704847,-1335.961551170807,-0.0,-0.0,-516.7867321412566,-1879.9606991590988,-75.75883887099882,-236.5751928325655,-278.3943860993086,-1265.0047541915583,-0.0,-0.0,56.04324224491837,-0.0,-0.0,-1833.2760173896227,-0.0,-1876.1051173459634,-1003.6508925146292,-1341.7608439735193,-0.0,-0.0,-544.2568499654324,-929.391975720449,-134.4608214580994,-0.0,-484.64518111407193,-154.34622628927838,-538.0375242871975,-0.0,-221.1118378242526,-520.487409088269,-2351.5683024305745,-1018.9417755944696,-1463.91854720132,-0.0,-0.0,-1490.8728949939657,-19.138607877096188,-0.0,-0.0,-1202.4813072724191,-0.0,-0.0,-0.0,-0.0,-0.0,-0.0,-0.0,-0.0,-0.0,-0.0,-113.24276216602276,-0.0,-0.0,-0.0,-0.0,-0.0,-0.0,-0.0,-0.0,-0.0,-0.0,-0.0,-331.0779440910384,-0.0,-0.0,-0.0,-0.0,-0.0,-0.0,-0.0,-0.0,-0.0,-0.0,-0.0,-0.0,-0.0,-0.0,-0.0,-0.0,-0.0,-0.0,-0.0,-0.0,-0.0,-0.0,-0.0,-0.0,-0.0,-0.0,-0.0,-0.0,-518.1008182442271,-0.0,-0.0,-0.0,-0.0,-0.0,-0.0,-0.0,-0.0,-0.0,-0.0,-0.0,-0.0,-0.0,-0.0,-0.0,-0.0,-0.0,-0.0,-0.0,-0.0,-0.0,-0.0,-0.0,-0.0,-0.0,-0.0,-0.0,-0.0,-0.0,-0.0,-0.0,-0.0,-0.0,-0.0,-0.0,-0.0,-0.0,-0.0,-0.0,-0.0,-0.0,-0.0,-0.0,-1489.3401609072482,-556.8431218638509,-1944.319609420469,-0.0,-0.0,-0.0,-0.0,-0.0,-0.0,-0.0,-0.0,-0.0,-0.0,-0.0,-0.0,-0.0,-0.0,-0.0,-0.0,-0.0,-0.0,-0.0,-0.0,-0.0,-0.0,505.7250795886171,-0.0,-0.0,-0.0,-0.0,-0.0,-0.0,-0.0,-0.0,-0.0,-0.0,865.6301688347555,-0.0,-0.0,-0.0,-0.0,-0.0,-0.0,-251.28340981284015,-0.0,-0.0,-0.0,-0.0,-0.0,-0.0,-0.0,-0.0,-0.0,-0.0,-0.0,-0.0,-0.0,-0.0,-0.0,-0.0,-0.0,-0.0,-0.0,-0.0,-0.0,-0.0,-0.0,-0.0,-0.0,-0.0,-0.0,-1057.8715544921658,-0.0,-0.0,-0.0,-0.0,-0.0,-0.0,-0.0,-0.0,-0.0,-0.0,-0.0,-0.0,-0.0,-0.0,-0.0,-0.0,-0.0,-0.0,-0.0,-0.0,-0.0,-0.0,-0.0,-0.0,-0.0,-0.0,-0.0,-0.0,-0.0,-0.0,-0.0,-0.0,-0.0,-0.0,-0.0,-0.0,-0.0,-0.0,-0.0,-0.0,-0.0,-0.0,-0.0,-0.0,-0.0,-0.0,-0.0,-0.0,-789.5086403237784,-0.0,-0.0,-0.0,-0.0,-0.0,-0.0,-0.0,-0.0,-0.0,-0.0,-0.0,-0.0,-0.0,-0.0,-448.749127624575,-0.0,-0.0,-241.52635023007224,-0.0,-0.0,-0.0,-0.0,-0.0,-0.0,336.17599389029425,-0.0,835.4241198983656,-0.0,-0.0,-0.0,-0.0,-0.0,-0.0,-0.0,-0.0,-0.0,-0.0,-0.0,-0.0,-0.0,-0.0,-0.0,-0.0,-0.0,-0.0,-0.0,-0.0,-0.0,-0.0,-0.0,-0.0,-0.0,-0.0,-0.0,-0.0,-0.0,-0.0,-0.0,-0.0,-136.89593453994667,-0.0,-0.0,-0.0,-0.0,-0.0,-0.0,-0.0,-0.0,-0.0,-0.0,-0.0,-0.0,-0.0,-0.0,-0.0,-0.0,-0.0,-0.0,-0.0,-0.0,-0.0,-0.0,-0.0,-0.0,-0.0,-878.9455556328701,-0.0,-0.0,-0.0,-0.0,-0.0,-0.0,-0.0,-0.0,-0.0,-0.0,-0.0,-0.0,-0.0,-0.0,-0.0,-0.0,-0.0,-0.0,-0.0,-0.0,-0.0,-0.0,-0.0,-0.0,-0.0,-0.0,-0.0,-0.0,-0.0,-0.0,-0.0,-0.0,-0.0,-0.0,-0.0,1271.8868175131659,-0.0,-328.0747240358172,-0.0,-0.0,-0.0,-0.0,-0.0,-0.0,-0.0,-0.0,-0.0,-0.0,-0.0,-0.0,-0.0,-0.0,-0.0,-0.0,-0.0,-0.0,-0.0,-0.0,-0.0,-0.0,-0.0,-0.0,-0.0,-0.0,-0.0,-0.0,-0.0,-0.0,214.24008847468883,-0.0,2090.0345440753713,-0.0,-0.0,-0.0,-0.0,-0.0,-0.0,-0.0,-0.0,-0.0,-0.0,-0.0,-0.0,-0.0,-0.0,-0.0,-0.0,-0.0,-0.0,-0.0,-0.0,-0.0,-0.0,-0.0,-0.0,-0.0,-0.0,-0.0,-0.0,-0.0,-0.0,-0.0,-0.0,-0.0,-0.0,-0.0,-0.0,-0.0,-0.0,-2471.110305118191,-1469.1249499113023,-0.0,-0.0,-0.0,-0.0,-0.0,-0.0,-0.0,-0.0,-0.0,-0.0,-0.0,-0.0,-0.0,-0.0,-0.0,-0.0,-0.0,-0.0,-0.0,-0.0,-0.0,-0.0,-0.0,-0.0,-0.0,-0.0,-0.0,-0.0,-0.0,-0.0,-0.0,-0.0,43.749532467316264,-0.0,-0.0,-0.0,-0.0,-0.0,-0.0,-0.0,-0.0,-0.0,-0.0,-0.0,-0.0,-0.0,-0.0,-0.0,-0.0,-0.0,-0.0,724.079450460429,-0.0,-0.0,-0.0,-0.0,-0.0,-0.0,-0.0,-0.0,-459.0303850996986,-0.0,-0.0,-0.0,-0.0,-0.0,-0.0,-0.0,-775.1899279432579,-0.0,-0.0,-0.0,-0.0,-0.0,-0.0,-0.0,2267.6578091743886,-0.0,-0.0,-0.0,-0.0,-0.0,-0.0,-0.0,-0.0,-0.0,-0.0,-0.0,-841.463590145546,-0.0,-0.0,-0.0,-0.0,-0.0,-0.0,-0.0,-0.0,-0.0,-0.0,-0.0,-0.0,-0.0,-0.0,-0.0,-0.0,-0.0,-0.0,-0.0,-0.0,-0.0,-0.0,-0.0,-0.0,-0.0,-0.0,-0.0,-0.0,-0.0,-0.0,-0.0,95.95004783312991,-0.0,-0.0,-0.0,-0.0,-0.0,-0.0,-0.0,-0.0,608.0506280585836,-0.0,-0.0,-0.0,-0.0,-0.0,-0.0,-0.0,-376.70642578811686,-0.0,-0.0,-0.0,-0.0,-0.0,-0.0,-0.0,-0.0,-0.0,-80.44090127773205,-0.0,-0.0,-0.0,-0.0,-0.0,-0.0,-0.0,-0.0,-0.0,-0.0,-0.0,-0.0,-0.0,-0.0,-0.0,-0.0,-0.0,-0.0,-0.0,-0.0,-0.0,-0.0,-0.0,-0.0,-0.0,-0.0,-0.0,-1863.0979934457134,-0.0,-0.0,-0.0,-0.0,-0.0,-75.7138017709116,-0.0,-0.0,-0.0,-0.0,-0.0,-0.0,-0.0,-0.0,-0.0,-0.0,-0.0,-0.0,-0.0,-0.0,-0.0,-0.0,-0.0,-0.0,-0.0,-0.0,-0.0,-0.0,-0.0,-0.0,-0.0,-0.0,-0.0,-0.0,-0.0,-0.0,-0.0,-0.0,-0.0,-0.0,-0.0,-0.0,-0.0,-0.0,-0.0,-0.0,-0.0,-0.0,-0.0,-0.0,-0.0,-0.0,-0.0,-0.0,-0.0,-0.0,-0.0,-0.0,-0.0,-0.0,-0.0,-0.0,-0.0,-0.0,-0.0,-0.0,-0.0,-0.0,-0.0,-0.0,-0.0,-0.0,-0.0,-0.0,-0.0,-0.0,-0.0,-0.0,-0.0,-0.0,-0.0,-1387.9562982146165,-0.0,-0.0,-0.0,-0.0,-0.0,-0.0,-0.0,-0.0,-0.0,-1956.2417755014112,-0.0,-0.0,-0.0,-0.0,-0.0,-0.0,-0.0,-0.0,-0.0,-178.7048975446658,-0.0,-0.0,-0.0,-0.0,-0.0,-0.0,-0.0,-0.0,-0.0,-0.0,-0.0,-0.0,-0.0,-0.0,-0.0,-0.0,-0.0,-0.0,-0.0,-0.0,-0.0,-0.0,-0.0,-0.0,-0.0,395.01632684494194,-0.0,-0.0,-0.0,-0.0,-157.932756777392,-0.0,-0.0,-0.0,-0.0,-0.0,-0.0,-0.0,-0.0,-0.0,-0.0,-0.0,-0.0,-0.0,-0.0,-0.0,-0.0,-0.0,-0.0,-0.0,-0.0,-0.0,-0.0,-0.0,-0.0,-0.0,-0.0,-0.0,-0.0,-0.0,-0.0,-0.0,-0.0,-0.0,-0.0,-0.0,-0.0,-0.0,-0.0,-0.0,-0.0,-0.0,-0.0,-0.0,-0.0,-0.0,-0.0,-0.0,-0.0,-0.0,-0.0,-0.0,-0.0,-0.0,-0.0,-0.0,-0.0,-0.0,-0.0,-0.0,-0.0,-0.0,-0.0,-0.0,-0.0,-0.0,-0.0,-0.0,-0.0,-0.0,-0.0,-0.0,-0.0,-0.0,-0.0,-0.0,-0.0,-0.0,-0.0,-0.0,-0.0,-0.0,-0.0,-0.0,-0.0,-0.0,-0.0,-0.0,-0.0,-0.0,-0.0,-0.0,-0.0,-0.0,-0.0,-0.0,-0.0,-0.0,-0.0,-0.0,-0.0,-0.0,-0.0,-0.0,-0.0,-0.0,-0.0,-0.0,-0.0,-0.0,-0.0,-0.0,-0.0,-0.0,-0.0,-0.0,-0.0,-0.0,-0.0,-0.0,-0.0,-0.0,-0.0,-0.0,-0.0,-0.0,-0.0,-0.0,-0.0,-0.0,-0.0,-0.0,-0.0,-0.0,-0.0,-0.0,-0.0,-0.0,-0.0,-0.0,-0.0,-5570.333731615791,-54.16662855323079,31959.816138330585,-3587.682518844116,-3986.8798711435056,86610.92458136448,-0.0,-6616.092392868273,855.6848620409351,1828.4967270412785,-26330.359622601532,-0.0,-5100.877995430286,-0.0,-0.0,34833.34218685283,-12876.180684546356,3986.8044683162498,6495.933126095819,-4685.411366083396,-25173.79599170892,-9596.391425598911,58.70754111735578,-102.87321667505731,-7129.524170155851,-0.0,-13362.927593730292,-20421.792530433886,15998.563848820757,-584.5534870431258,8.35922297654762,47189.457510336164,-3226.320775417438,-111581.34045860189,-3170.0659871202693,-22676.42439220569,-17375.09654304297,-6589.446333066274,-5918.172008248942,-15133.304264484736,12115.541763729281,-2439.1505677704645,-4323.419796778017,-3774.1180596604313,-12970.654379410702,7404.319427789452,40505.49202351246,-882.4858299433363,64.00552002545123,21150.21609302088,5784.062776136193,-560.3635736231097,15783.16284747067,8220.747000000372,-5752.920453115137,-8086.360868768079,-4097.700864176073,422.46768737325107,-0.0,-0.0,-283.81752716590734,-8590.750240067813,-3474.747981111499,-3184.649007551669,-1591.5662124205699,-4862.715416051052,9938.576860109091,4452.286377862619,-8680.64723561688,21175.922355506056,-21552.52423300745,-34271.05315148456,78864.04872708349,-22017.7101665776,-9008.620750133638,-2314.014092287837,-3705.0867376602196,-5817.176029949334,-5701.6063184707145,-36908.21232025176,-0.0,-13517.598825901434,-0.0,3031.3697187721486,-0.0,-0.0,-14021.24888409847,-1421.1136080182537,-0.0,-0.0,4005.6227672415785,-0.0,-0.0,-0.0,-7448.961786549114,-4614.810437519674,-7663.92372255054,-8913.257470676775,9008.169228485276,-0.0,-29911.36430109634,42509.29798397205,-0.0,-0.0,-19095.2643208952,-11342.550645974236,181.72516597053945,52.109714763692836,-0.0,59140.156635914325,-0.0,-0.0,-0.0,-0.0,54044.987969207505,-1063.4409447859996,-0.0,-10255.197552097501,-0.0,-6614.92976203129,-1360.502496498525,-3518.3043121073288,-17137.364072297503,12438.25708317369,-1471.088875476187,-9068.101240199378,-0.0,-0.0,-4887.753075677814,-6800.684736944166,-11241.735305630607,56109.103561887045,-0.0,-198.3302191829446,12989.576851053345,3865.685758354646,-1939.0094882711978,799.2359166569836,5297.0030843107825,-3561.8260593224813,-94.22641861741583,-18883.6090629547,474.5060103932418,14453.022230632143,-757.3116999331497,12753.153459312565,53302.80212195614,2837.578839587005,-72.69078270269056,9340.844265392425,-1944.944759439966,-8172.875201197734,-9437.612059586972,-17334.92153985368,-0.0,6756.147968622193,17416.54472640185,26672.032635103627,-10966.823334719647,7405.087341911703,9453.551811910242,-9472.556953707752,17743.002397632627,-15593.574815632619,-0.0,4794.387342688655,-12635.152391661411,-19309.800135932008,-8083.293062668712,23814.306755668633,3414.619296752847,-0.0,-5836.051847671713,-0.0,-2859.2130529773362,100.13887377770648,-4082.670783539184,-0.0,212.93533438014472,-295.8691799012497,-22406.59764897815,-14126.091712814596,24273.59246597331,-8277.002828582217,3861.8169096335946,6668.589517551804,-7715.21780998554,-5435.564166624031,-12268.220793683748,-0.0,-2187.227135133224,-1758.214160261559,-0.0,1139.1976755314727,-424.43174348205775,-0.0,-0.0,-14209.27427061742,-3150.3303169566693,3145.1758271914127,-4637.965836551514,-0.0,-0.0,-0.0,62124.45555092032,23602.452511365922,-0.0,128.31950998468068,12994.367981164367,-0.0,-4478.735722456957,-2678.735047899116,-0.0,-4316.164104354615,-8207.506866549957,107729.26357249606,-12093.553133613512,-8380.717826086464,-31933.697176274476,-0.0,1529.4129884250722,3329.9471470377853,-10328.807386966751,31452.184177502015,-7428.40917160676,-38350.199561139176,-13938.635275125489,-9584.087085397046,-0.0,1433.908378971186,-4816.182052986591,23642.042506285285,-167.25715692926227,-425.83737972267,-11299.734304841513,-9587.135587583645,29462.279746438602,-0.0,-2198.674580102655,844.4897273736439,-0.0,-0.0,-0.0,-0.0,-0.0,-0.0,-0.0,-0.0,-0.0,-0.0,-0.0,-0.0,-0.0,-0.0,-1983.6219306761045,-0.0,-0.0,3505.2720822046376,-14393.58918292538,-658.1524643176587,-9528.019722584746,24322.053066646055,9173.213132517578,-4150.911341793876,3543.327968718304,39713.92845071063,-0.0,-0.0,-4661.449382086986,2922.50129587918,-7071.419345232267,-9695.515864024963,-0.0,-39.58932088610706,9284.442485822634,-5234.4398373987915,-2732.3567039974855,3605.0927850336316,-26257.79642623873,30824.836078343757,-6383.835054570843,-1146.4377275524398,15113.579524869378,-0.0,-0.0,-0.0,-0.0,-0.0,-0.0,901.2721269934965,48519.71606273192,-9332.524303444776,-11406.354275910524,-8824.694129995783,-0.0,-9588.3185510026,-13707.87139319257,-0.0,-0.0,-0.0,445.39568408940045,440.8031644033983,754.7719431458839,2683.083874890527,-0.0,3700.7283620121902,872.5148861740636,855.4302477175814,759.0926980244152,769.9981271471971,2929.786422582867,1878.0489238223042,3031.182707707828,2338.4376550520155,2768.1084735203162,3295.037632976174,35529.32910137658,38792.62809344004,38302.23970229602,35165.41894329763,9161.065220407925,8857.440924199469,9017.446988377646,9725.514006971118,5653.954404543697,2109.716946218575,2092.6602443987726,2348.339463887186,2398.98118427386,2278.782090260553,5487.225658875826,4344.722371719135,1276.47653292567,1543.5520827887885,659.3784960564112,376.4164561176055,558.7283167516207,41254.01912319916,35824.97597663128,39714.78733449624,34935.7566591816,53082.341742010714,57105.01569920841,1339.8340064369063,1179.5591593009397,1227.947545831154,1293.8511572536154,1134.6832549045257,1142.1459059587055,572.2182960786204,56026.2153833959,53622.52590667568,48586.08930592623,2601.437146288403,2972.273620155187,2986.527175207116,-0.0,7981.567123343121,8865.799513622209,40782.06423396075,35655.50202896028,37620.80242058857,62455.306024800826,63147.842985241674,62946.13196470457,63603.311252440784,2521.1068891537698,2566.7758002714686,5052.440571843154,-0.0,21085.040055539328,21017.71938188747,-0.0,1511.8665662218564,1579.1527501038197,1631.7917884059343,1701.2010851089876,1537.8623152383752,1475.826030535951,34729.99487435569,41090.77580160805,41499.563801075405,38840.12613923239,1174.8783817596343,1113.0022804783584,-0.0,-0.0,17546.516217361106,33047.649927093626,37620.99084316405,34313.763047865534,37279.726269120816,-0.0,57076.23969730664,51035.473333910326,981.8151145107494,2086.2402601210115,1985.2549536287581,2129.678410208824,2230.929306820541,2507.1124806121534,49196.121545881455,54460.756653025885,-0.0,-0.0,17895.29443488731,1068.9982624223162,37498.531396111975,39887.04006705256,39204.96519156781,37471.984383163806,35185.140718082046,36062.307539319176,-0.0,17018.240977072695,10833.496009355656,-0.0,-0.0,1506.8317149702762,1455.4794684230278,765.0572465757746,816.9290132109516,479.50805876065533,443.4549542866367,-0.0,1184.3993684368315,1172.0171340285347,1038.7174492111858,1206.822455039331,-0.0,1775.1052040948957,1768.0482766208709,1850.0341019981606,2243.215152051234,2219.2986790350947,2273.9710431713656,915.8415549303849,832.1020125478015,904.595941149457,1420.04129651136,1093.9071922027633,1024.2426284200117,934.1396357483201,1059.4857514000487,8367.641339176458,7671.918992137976,251.1803403981408,258.95649414860804,3781.650836610542,17016.55896309594,1441.228038913634,1481.243173768462,-0.0,-0.0,7624.519407681514,7757.894373830225,8565.630202474722,7862.030155425884,1991.3923138474606,2001.5418610183528,36781.04521263842,36946.92284336221,8349.896979931116,8136.422939406049,-0.0,56685.133686735615,2036.3273498898839,2150.902329798857,1171.2393712123069,49680.97836100226,49459.12780732056,55401.86741807762,54541.36855417323,195.0138429248814,60125.5027123969,52542.69360955032,-0.0,-0.0,24616.07282643754,-0.0,1218.5475662937945,1121.2751751955677,1210.5726682128782,2533.731896265285,9066.642178170476,17275.23247719136,1705.7401307869727,1880.609538902134,24.76919475278022,725.5899037857947,691.6979146415467,17403.151754783605,1622.3788808311403,-0.0,-0.0,-0.0,1105.756396228365,-0.0,1217.523920214103,-0.0,5977.150389075208,6267.177653594864,5533.92781935505,5806.990066578767,921.9094450897261,-0.0,857.9199066726254,-0.0,-0.0,974.9645760082778,1125.5877042215493,934.1885471856513,840.6836378609875,875.7003991355597,861.2181508090468,1930.539051967904,1868.3513277804368,1678.59958491858,-0.0,3034.6371752559244,2806.9768298509275,2909.8991236550655,3162.4744895681697,4776.607188662799,54508.96936693102,50242.13549758172,12014.602585226676,22592.905218090953,17230.713773406926,17062.569656014348,1713.6224526644908,1741.9505037086542,862.0543371093094,903.9505012115499,2253.3564976653515,-0.0,38560.87860783275,34642.413140370154,1255.4068940426448,1144.997803016274,1084.928103597493,5429.3246701260305,2992.2510737669018,3300.4962182640793,35790.83598709465,34667.77669476472,37166.3914355329,39534.288872585894,-0.0,-0.0,-0.0,2680.827608877416,2523.659894600819,2401.0814845020313,10454.224484081595,7937.70821927075,6544.401681177269,2274.9564860436703,2449.0502123046203
10,-0.0,-0.0,-647.8492416921629,-2128.746591185358,-511.2563273461956,-583.4479594677548,-95.00348547444412,-657.9171185110224,-650.5091246619862,-0.0,-1262.579116715616,-0.0,-0.0,-2734.2518059253066,-0.0,-621.1827045417448,-493.0591302833899,-0.0,-42.492901764605755,-245.3936671520769,-311.33233803263624,-794.3096239398403,-837.3518228101774,-691.4359369249864,-2238.6924129208523,-650.3475526668752,-0.0,-40.86384570838349,-2901.5745291842427,-1632.2627824834678,-0.0,-0.0,-0.0,-0.0,-0.0,-0.0,102.184332255808,-204.55246412980074,-1911.720379152229,-1599.0302392302713,-0.0,-0.0,-128.22526871363593,-597.3946084423335,-143.5374401205522,-0.0,681.1238598663031,-1535.7024904113132,-407.8478078256045,-0.0,-0.0,-261.88894120015624,-0.0,-11.974837174924053,-1956.302627461372,-2856.455785340513,189.18192721945024,-5879.642701119153,-210.0746143546726,-0.0,-1748.9581028423308,-0.0,-752.9564223348004,-2657.1898811189235,-509.3518858185986,-505.53943079749234,-41.733717632183236,-2009.7871211673296,-904.8257413555563,-436.971670521586,-3141.9673337309596,-0.0,-0.0,-2543.673227716458,-1110.8137449355315,-243.93230812517257,-1637.1778298541913,-0.0,-0.0,-1232.8591830817925,-1425.548746682312,-430.9623051294798,-3575.03770289796,3.9338836709522775,-28.625579226479257,-1826.6870452434052,-0.0,-638.3013045234565,-1087.5285790427279,-9.00942215466269,-0.0,-1284.465138478666,-87.61158632716138,-741.0079426004,-2335.939697933722,-38.21245062465319,-2466.6653115356985,-391.2016945851641,-1628.6688127221817,-2764.777622674209,-695.7618463537267,775.6867809673677,-506.1522808278224,-0.0,-1426.423855132478,-2468.537899538951,-4379.408034224227,-524.1328558306693,-2809.670788559504,-0.0,-1619.1240224727933,-0.0,-0.0,-606.2107047937888,-0.0,-0.0,-628.4902283472098,-75.93273286832257,-1520.880332912716,-988.1348935699001,-847.6758310720139,243.40677875323215,-513.2330035229296,-346.06293327494694,-197.09691444627057,-8.292009961361071,-653.1159414949075,-531.905150449077,-782.6694437940032,-0.0,-4922.774206098226,126.84146623831624,-117.55521526136063,-4123.900629857742,-0.0,-1016.088660441066,-64.74509042945976,-0.0,-323.7412269995931,-0.0,-0.0,-927.4493311821363,-0.0,-631.0796387838974,-1019.4123085351988,-0.0,-1347.6510848286434,-259.2567080980237,-735.426189830331,-1961.420555153055,-0.0,-1780.0623965830941,-1086.4465445606686,-0.0,-0.0,-0.0,-0.0,698.0674794563489,-0.0,-1823.3150662415487,-1939.763098926792,13.630875697693243,-0.0,-0.0,-741.8780936056879,-514.074578455393,-781.2376432932923,-0.0,-432.10654789326094,-3212.707142866236,-1156.635899830695,-0.0,-1065.6582255569701,-2501.949987276113,-0.0,-0.0,-0.0,-0.0,-0.0,-0.0,-565.5112982263219,-716.551200038731,-206.61940007174022,-209.90962396532055,-1234.7656998233815,-53.10135657460384,-0.0,-0.0,-696.0615824231933,-0.0,-665.0667356385803,-31.06673587424603,-4.071292845433521,5.41031235513537,-0.0,-0.0,-1075.0241586059317,-504.54179800046967,-473.49948995868453,-0.0,-3062.191296121014,-1949.8528191108953,-1249.4547651582543,-0.0,-0.0,-2064.6446213760923,-1494.4569308586154,-721.2063683582661,-93.91072614127943,-1728.4677043347504,-1336.0010367694797,-0.0,-0.0,-1767.7516686146382,-0.0,-810.8264810197328,-1231.9808455050181,-126.01013646278957,-451.1541453268154,-636.0688840114213,-568.2893208984785,-0.0,-1702.849531728794,-0.0,-2861.560710475057,-3292.699741201083,-203.36447009764953,-426.9890019723424,-539.9985239485478,-0.0,-318.3443604429609,-269.81792429541156,-0.0,-926.2132014044563,-705.8113385055098,-1096.3981655114076,-1949.9401932895075,-1072.2764066594898,-2231.678435589933,-1954.7206585824154,-2113.883997901148,-2195.2838236067955,-1212.1429265543525,-2367.9519548666663,-553.8678812095222,-549.3708962886083,-0.0,-1296.4100565511185,-1078.4810402749126,-1244.2714425809006,-395.12512850793837,-396.7237586449246,-2042.1576268572292,-813.9480783771969,-392.33272792452385,736.0804688982975,-0.0,1095.3623557650071,-1292.8103862950984,-0.0,-0.0,-0.0,-0.0,-0.0,-0.0,-1336.8139793874996,-2499.5371713828495,-509.44559623222426,-1053.0974300115658,-0.0,-0.0,-1732.0515431230085,-1144.987860985827,-2251.3177832895376,-0.0,-0.0,-145.0828137521974,-63.65562329454516,-451.91930060247836,-1665.6310199568586,-515.0920792655678,-0.0,-492.76548930856325,-753.7557903293795,64.17355589457712,-1293.208662188789,-1564.7837038344971,-1378.1552265646135,-1843.3711111104876,-285.03470971574626,-706.0879423650118,-44.72923277283883,-1893.0459833185016,-0.0,-929.8266584759659,-167.7414733890822,-78.04188898826179,-591.845351517057,-0.0,-2037.82734487931,-127.0491741111128,-640.0310872442722,-1848.628770617073,-1367.3749057867115,-0.0,-639.0836749923859,-881.3357585145561,-25.405696296864985,-308.03236586543505,-497.72596448428004,-52.63659010286778,712.7258175739564,-1226.414786615951,-0.0,-973.7151507129913,-1379.0735931757677,-0.0,-515.0677802748062,-0.0,-1380.2041783923553,-0.0,-0.0,-0.0,-1285.9656443588713,-718.1105275193181,-449.33242841829605,-0.0,-1751.2331203371778,-3181.888032102506,-3322.2517989473104,-0.0,-384.87695017420174,-0.0,-310.86525208810775,-125.14457389272383,244.6940434643399,-562.625186823726,-0.0,-718.98226077775,-991.7832724013598,-324.4606274310253,-613.2150422095874,-0.0,-479.09331975047644,-889.87731076009,-537.0386372517636,27.221699153967947,-2433.7024772284267,-0.0,-0.0,-1597.496041704706,-233.7638298805706,-1301.824189708599,-97.05487969308214,-131.4478439428368,-250.2901843322061,-614.0569621419206,-970.7936187459721,-1408.4181070511706,-2426.0271522297858,-0.0,-0.0,-391.8991386935971,5205.750426742587,4.516652870728424,-0.0,-0.0,-0.0,-0.0,-2642.1040845730176,-468.7977073440914,-0.0,-985.7273577617772,-1013.95988020969,-673.5020567245668,-2332.6201462225877,-251.32225231290414,-1239.5256535857814,-0.0,-0.0,-2102.926330479465,-752.0767851693162,-1985.6574698119837,-803.890640118093,-785.0461984509506,-1983.3134851186494,-206.45587614013579,-1908.2227941093743,-1243.6812901610008,-30.759919155438073,-963.720729996588,-1233.6671278828792,-225.7584062278836,-264.87151429933857,-1874.0718779452673,-0.0,-558.9696851339158,-256.949108091855,-31.827797108154435,-840.4623789146517,-197.42433707950147,-865.8670990573106,-916.1543582488692,-1272.9201963755527,-227.20363620155828,-2594.743625851342,-65.67116052858158,-532.3179016737638,-0.0,-932.3562937017767,-667.1588959955565,-1075.6980731007222,-1218.1529873567947,15.241023121450105,-391.4254619039212,-2956.681465280568,-827.4251975678599,-383.7134191278309,-1209.417465024587,175.0188575411439,-0.0,-0.0,-0.0,-0.0,-0.0,-0.0,-12.977505874900654,-166.73253902537476,-2610.8280257788256,-4688.398769692974,-591.2276302814536,-1151.3306851646948,-147.8338806421184,-603.3363409474972,-1514.4003897936793,-1182.9939806142597,-42.13331879485978,-491.5044014574574,-572.1322069593995,-0.0,-106.91812851125204,-1251.389436715484,-561.1241580871214,-0.0,-1077.6325827086462,-0.0,784.3645312864143,-0.0,-0.0,-0.0,-44.266479292132104,-0.0,-0.0,-1062.9437551454885,-437.2428837281192,-1297.5679284891594,-0.0,-0.0,-0.0,-850.3648621089828,-541.4657047978056,-1402.5685857137144,35.420566969031476,276.36862736123805,-0.0,-0.0,-3181.2763453857733,-1274.934756342354,25.062381039041266,-52.82276670964721,13.184134656417783,-21240.779529321535,-22074.76582876398,-2630.3091074490058,-0.0,-0.0,-0.0,-0.0,-456.6221440822243,-0.0,-0.0,-604.3448404580947,-2534.5603324061735,-2154.4942012458587,-1562.804351505771,-348.37796795709664,-1828.8452878158942,-29.98243393444725,-1320.5260917119354,1063.8322237088248,-8.033350602024875,-1076.712228793933,3.9403302826780795,-0.0,-0.0,-0.0,-0.0,-172.8092390489203,-0.0,-0.0,-0.0,-966.6410975298045,-1529.6479563234159,-0.0,-0.0,-263.1217639714551,-2319.1755288436143,-0.0,-1569.3220136589675,-1788.6875421524676,-1988.4176761325439,-0.0,-0.0,-115.49056979853923,-85.68441297761917,-1200.7466600144844,-1609.275421005348,-605.0418759062485,-1316.2108284507472,-1238.7474745148463,-0.0,-0.0,-0.0,-0.0,-451.00159259133835,-240.6805327346959,-0.0,-0.0,-107.29058557027624,222.8174565545872,-0.0,-1202.6279364633526,-1105.7974247162656,-1053.0958543843824,-0.0,-0.0,-750.7895524871307,-1347.5300585672812,-749.3783994094408,-454.0825808454969,-0.0,-2432.0242980454364,-2272.429068493577,-0.0,-0.0,-0.0,-0.0,-0.0,-1426.3047366168278,-0.0,-2053.2901857241027,-1424.9626934554274,-76.53081823582772,-0.0,-0.0,-0.0,-2755.086533618945,-1545.5884068947043,-661.0909437917157,-509.8112066070386,-1119.6834923088757,-791.256118241961,-0.0,-0.0,-726.3826411377557,-1536.5930151286623,-77.93113053176268,-485.71989479426094,-0.0,-857.1485116682511,-687.3713387961906,-1611.2207131341559,-0.0,-325.52056958334515,-130.76729929293305,-338.0887492014194,-1634.029029281106,-335.7819294379885,-0.0,-0.0,-0.0,-0.0,124.91836626983425,-177.34014350623656,-870.3823295669237,-1374.888658024293,-1235.2390720369735,-517.0807030813372,-615.8970858699103,-5878.565391329573,-1012.9174376532669,-668.2977177869843,-0.0,-0.0,-0.0,-280.15364524576967,-375.59849331926796,-1350.1958435957072,-346.0972853344898,-0.0,32.87868150658468,-0.0,-0.0,-0.0,-0.0,-0.0,-0.0,-0.0,-100.79203690854958,1506.4110695542367,-0.0,-1635.4395737675068,-703.176838077899,-457.25264486582404,-1658.704423402746,-0.0,-0.0,-619.5101432056205,-744.2569538421277,-142.04764790621581,-128.289413010911,-142.90993270300336,-575.2859293374615,-153.299090411903,-2170.5610461062697,-407.17888988639567,-443.43668107411605,-0.0,-0.0,-1504.696682980432,-2963.5722065436175,29.832810685392385,-555.9443253564062,-354.5999504859884,-930.9532422747374,-1177.974490313311,-845.6380318383594,-311.0904876985979,-159.82387945778623,-1528.3077482601375,-0.0,-0.0,-0.0,-0.0,-0.0,7599.611354419483,-90.3016416121235,-578.9143500565835,-644.6839307109749,-1118.890042924989,-1401.8114559926516,-1345.6107780265554,-1793.5618949071172,-2313.0786057165096,-489.97710383537003,-0.0,-0.0,-1645.717438142919,-0.0,-0.0,-284.87503698694866,-1871.4227279564302,-1434.9359339183618,-516.8108103692734,-68.85255844593735,-1954.262858450576,-0.0,-1483.7206340202792,-0.0,-0.0,-0.0,-0.0,-0.0,-0.0,-589.2855858198751,-1337.3232183099406,-1080.4923459830784,-103.39716305969058,-267.3340628669213,-625.1995173621121,57.19008930021392,-0.0,-0.0,-595.8191421603132,-631.2334638656391,-4024.116758816071,-0.0,-1566.8869640794692,267.445195244898,135.06042449497176,-0.0,122.89599190957743,-190.02065063318472,-168.15571599380934,-510.61859361953384,-0.0,-1999.8660630898905,-0.0,-0.0,-1203.2444517441738,-0.0,2525.0548655864095,2406.9380520658183,2386.565940729421,-0.0,-0.0,-1922.8241135857556,-0.0,-0.0,-382.3299045917756,-1010.0696402819526,-842.4783621246776,-1095.1735771237188,-1297.6759373385041,-0.0,-0.0,-0.0,-0.0,-647.5204282611666,7.971387859432879,-61.8625990557045,-1307.3635777196077,-1083.41431880236,-432.3091478874979,-1553.6134197854208,-0.0,-2217.5112701233006,-1343.6402049471412,-1537.0052986866997,-431.0093352744723,-404.21775281408816,-0.0,-1276.3730133695744,-825.1592529719163,-1029.5053831771843,-2014.823579357005,-587.4502533507884,1068.7955344269428,499.69576102831576,-375.27585589491173,-1192.1462804537925,-0.0,-1778.8112897753358,-3287.7802652730606,-510.50469847055064,-490.2111845184624,-0.0,-0.0,-0.0,207.9633953349818,-378.9330174118296,-485.23972800839374,-159.9329378363219,-553.4818844106248,-561.3760264634058,-0.0,-434.017496937762,-951.7183601169233,-735.470757307358,-0.0,-2226.9892922923977,-5111.490687129131,-0.0,-0.0,722.6229725763213,623.093952402929,-0.0,-0.0,-717.8277726950948,-890.3637815727237,-351.3717668232778,-721.9168962499749,-0.0,-0.0,-0.0,-0.0,-0.0,-2732.4885819329775,-419.022711103221,-1865.2112097285556,-1077.2357559605457,-0.0,-399.6331547523588,-486.3651957349129,-0.0,-244.13926183256302,-864.3103983682369,-1207.5752473940556,-4621.678028660856,-81.6362567055211,-0.0,-0.0,364.43826615545515,948.0028725364497,-0.0,-0.0,-403.4948975643039,-0.0,-0.0,-0.0,-2659.8324590292013,-0.0,-577.069401186334,-0.0,-0.0,1881.912521348641,2159.63293116455,1917.4558198281693,-0.0,-0.0,-432.2391173572438,869.137387238658,-2370.7965605867994,26.658793575688428,85.23165943567791,-2719.324040474941,-108.53602960349018,-189.89943892215237,-617.394661072684,921.6049292528289,3904.0935973352975,-3238.5438396843706,-0.0,-0.0,-1067.4312796211427,-1780.502605659927,-1271.9325160046221,-282.37967431828235,-47.00610212029396,-0.0,-0.0,-0.0,-0.0,-2109.141943842385,326.89355682906637,-0.0,-4.166837780004983,-0.0,-1586.9197692814193,-2030.2718355181892,194.52179105587288,-0.0,-0.0,-391.6866227431617,-0.0,-1940.3857127777849,-92.8348793100492,-1050.4443411964269,-432.0668284854059,-1277.384141217081,-795.4821013339288,-1222.2408750488821,-648.8169516613673,-0.0,-0.0,-0.0,-128.2857219468182,-0.0,-0.0,-273.9477992178198,-461.8491298372052,-762.9687000581108,-0.0,-1760.3729363667596,-1107.76437319807,-943.7686707446633,-8.567899045807259,-7.568960897914684,324.64800468290525,38.7894156508909,-0.0,-0.0,-12.86606477988426,-1768.6281297768405,-714.5575385334836,-884.439003161596,111.08437292620233,-2250.826737442946,-2043.6305104462444,-1046.5854721764097,-1012.0909591099751,-41.987627263393705,-581.905218759726,-761.3025647579877,-1362.5524648928438,-2166.015270007838,-0.0,-1916.1973107686324,-158.06934393128358,-0.0,-2611.917437383081,-2889.105947902585,-2297.682341946946,1821.6654305788709,-0.0,-1614.7152109357598,-226.6138055133151,-1332.7630900361874,-705.8700966462773,-139.17129659984806,-2170.9686433230963,100.64351825007722,1639.6107556319796,-0.0,-198.56014668724728,-423.3457445647401,-1158.8718932659217,-1098.4151568645211,-1789.39406834947,-4252.150815476144,-0.0,-626.468480803416,-1489.5729627501971,-774.4340764263636,-239.2010597163083,-28.779444217796975,-289.20709978522564,-0.0,-0.0,-0.0,-0.0,-355.4823956423057,-1390.9616537452598,-937.771073242477,-67.58646996097222,-521.5398605846372,175.6404739537166,-0.0,-0.0,-1051.9224773956264,-541.8580889828007,-0.0,-2158.656069491112,-99.34515801427705,-1314.0177993327538,-0.0,-211.45894706303224,-192.88809163069078,-0.0,-0.0,-482.4703044400555,-0.0,-0.0,-4535.948176242965,-219.40998986388493,-2243.9311484325594,-0.0,-0.0,-107.23473678114512,-1453.9435796283205,-724.6950813919316,-427.4948126814095,-1415.3248167391816,-0.0,-783.6730353007024,-0.0,-536.5449137469603,-0.0,-0.0,-223.8469399104639,-97.91659041886422,11.9739714274787,-354.5761661229755,-1515.0050317288003,-2047.3497685668876,-0.0,-0.0,-0.0,-23.9361822728664,-439.7921951352443,-0.0,-1717.3322310553326,-2592.0499968261097,-0.0,-0.0,-70.80307016404858,-1431.6064432090782,125.61124186718922,-0.0,-0.0,-0.0,-0.0,-556.1054253542553,-2540.4953037196683,-241.0069725762215,-1255.4787977624333,-0.0,-0.0,-768.0350017665662,-544.4687876711546,-351.75921736703367,39.782119569492345,-0.0,-0.0,-0.0,-916.1852294533089,-683.4271799236382,-548.860310968014,-336.92727840378143,-0.0,-0.0,-0.0,-0.0,-2273.256915044236,-86.97747723212116,-23.583169641409594,-0.0,-0.0,-709.5383270887686,-445.55063346008455,-0.0,-2031.370991018255,-4637.402102287884,120.56272894772032,-1298.1900488522463,-0.0,-0.0,73.50168687235471,-454.25380610045346,-1762.3615701188667,-545.5352070320832,-2741.4233873274234,-1441.9689269217592,-813.3162435131577,-1681.2472860743715,-0.0,-0.0,-0.0,-39.72444160136936,-1199.143398486074,-0.0,-0.0,-3079.3677696636883,-90.83512725624286,-1577.6900468108297,-815.1600896874268,-0.0,-0.0,-0.0,-0.0,-0.0,-0.0,-738.4472938904523,-0.0,-1808.8915218842237,-0.0,60.13878167492886,-1404.4380704626428,-0.0,-0.0,-0.0,-2506.750775821442,-0.0,-0.0,-564.4141730127202,-0.0,-0.0,-1164.016275326922,-615.0078184641055,-0.0,-0.0,-174.0733353816885,-2210.7642747565037,-0.0,-1066.668884443392,-835.4840584756225,845.883577686517,-191.66382515285787,-0.0,-595.5893382272919,-2.619602528024043,-0.0,-23.905251639476575,-0.0,-382.9523242271885,-0.0,-0.0,-0.0,-0.0,734.4059501917503,697.9914442759797,-966.4168303796944,-1769.0056669177202,-0.0,82.65285907844526,-4.363151744960371,-76.26167923608402,-924.405170820755,134.84256419669956,-523.4400169768567,-404.4159917492897,-177.48726807137723,-3749.5362180712536,-0.0,-254.2644848549694,-1859.6287175959678,-2535.1685641189465,-0.0,-1273.1142249115887,-1562.1942851242075,-2204.8556823412528,-777.9193493984865,-0.0,-899.4959252526111,-750.42544190346,-816.6839707405122,-1403.594011054662,-1082.9246775177085,-0.0,-130.45490806972307,-1154.826635820137,-0.0,1134.543072409481,-464.6724162339556,761.3918054263191,-0.0,-0.0,-107.63221323432312,-37.418541171467595,-2375.8156295225094,-1058.625902997114,-0.0,-898.9518113268994,-3057.7036726948986,-920.8350212476948,-947.5165458775836,-1300.356087570159,-424.57469334881705,11.224191982424896,-41.61302669922109,-0.0,-0.0,-974.9513804943437,-87.30103321489193,-0.0,-0.0,-2072.0250327356257,-794.9169479153284,-685.2452096949547,-1911.1225723774867,-98.20825393926954,-20.607457694235237,-2585.985474886334,-881.6191206094187,-599.298222061472,-1037.9095114957315,-0.0,-2357.5348352735155,-445.39898739795734,-1275.4973373591436,-1465.3075775291907,-342.38781824271723,-557.4172881144237,-1769.1797286366873,-442.79903371650926,-0.0,-0.0,-0.0,-1380.0051588861847,-0.0,-3282.5701851423114,-1334.7846182039145,-1557.4893417284873,-0.0,-0.0,-0.0,-0.0,-0.0,-131.72252212941612,-0.0,-263.4863355366187,-973.738433960682,-404.2223293639495,-0.0,-0.0,11.452068886256356,-0.0,-0.0,42.24705730771674,-266.6816590703594,-0.0,-530.0679219740889,-0.0,-0.0,-90.8265609499313,-11.952973029899143,-2891.0654764850715,-2294.0372779938907,44.75962860846326,-7539.651177778923,-906.973694877487,-662.7325726625538,-0.0,-911.7297131522535,-1601.0099540830386,-0.0,-0.0,-0.0,29.28294527763352,-0.0,-1440.8561678354001,-0.0,-1462.0230918786967,-0.0,-0.0,-2275.3445146073227,-401.5561394955755,-750.73248270311,-0.0,-0.0,-0.0,-0.0,-282.77074152520595,-758.8214256171722,1456.225460981626,989.5867322103692,-805.243291189789,-8.927624128235044,-0.0,-341.5868054546754,-339.81849652438825,-1826.2378579146205,-487.993570724757,-126.09098706673346,-1125.3845851609349,-1572.7002451335568,-981.8619246962227,-723.550211902925,-0.0,-0.0,-0.0,-83.36374427939542,-0.0,-1783.3639938192837,-620.980719021307,-0.0,-1918.1087155624164,-1253.78565126543,-0.0,-0.0,-0.0,-0.0,-0.0,-1154.1728415863302,-0.0,-293.03613002394894,-1923.0179604529053,-0.0,-1126.5744524053855,-0.0,-0.0,-0.0,-2477.514136332607,-1362.2824186530754,-1086.269871340042,-2736.46731947786,-0.0,-0.0,-0.0,-82.71171393285883,-521.3460009612613,3.963681373210338,-455.1934318669703,-310.3919191260284,-0.0,-0.0,-337.08829872106975,-1451.5500747943133,-4030.9099434916825,-0.0,-423.6158627553697,-1380.7256982634556,-421.64475623948783,-501.181917524018,-0.0,-0.0,-0.0,-1930.9280523677046,-1994.553761448322,-44.06186517133845,-1775.9014722064267,-532.9684804993901,-362.01296355488904,-8.958367151688334,-1201.0174953383892,-0.0,-2095.2131629964524,-0.0,-523.9682871261148,-0.0,83.66836938702308,-0.0,-0.0,-559.6155456052461,-840.9056247171013,-7.9830802461111485,-0.0,1317.3024876779587,-0.0,-0.0,-1874.0078006499696,-1417.1377897904279,-1168.5377245596737,-0.0,-377.03067383029406,-648.155349901345,-1514.3482708646006,-0.0,-0.0,114.09236996641606,-726.0535955599628,-0.0,-0.0,3.8984895080660804,694.8914687779375,12.199710787016187,-1521.2786879501755,-0.0,-0.0,-1832.5972086924774,-1741.891516471449,-85.02016260312587,-0.0,-172.9177010217126,-764.6812469178636,-1158.5470958842318,-1685.145593599974,-0.0,-932.8292963327092,-6.623627688778941,-0.0,-1703.16084593733,-0.0,-0.0,-0.0,-0.0,-615.5280341828541,3.788390989524724,-16.827672647353925,-0.0,-0.0,-597.1300032782921,-0.0,-0.0,783.8267185586353,-1072.3808929692493,-54.21901386201692,-2044.689825544436,-0.0,-0.0,-671.2583459608816,-0.0,-284.6676056959452,-1189.3961401670508,-1043.8903277349655,-1165.0804449986463,-0.0,-0.0,1502.6790630900994,-0.0,1046.423916441352,947.4386223462466,-42.517618086003125,-876.3838387608699,-0.0,-0.0,-106.93633754904904,224.63091644150447,-834.8868609300009,-386.00743750414426,-1089.2048827945503,-2769.4643657709235,-1993.5537921698085,-0.0,-0.0,-277.59394319540746,-5341.456182621757,-631.2868219913533,-569.9416167907924,-0.0,-0.0,-620.0015003250859,-0.0,-1073.5828590439949,-1331.4018041343456,-793.2701707792374,-0.0,-0.0,-58.46057324567921,-0.0,-173.49015084214017,-1461.5275462343318,34.75517688792773,-670.1248320363967,-458.08999655279587,-255.69076342638684,-669.2424523241781,-2364.603238862554,-17.219259044217726,-1227.2969130355484,47.27924889443279,-1022.9821445005706,-319.16812237112043,-0.0,-0.0,-236.86593775456438,-0.0,-0.0,-1688.8466221337326,-667.6556256852197,-0.0,-875.432324517747,-523.2215496034147,-0.0,-0.0,-1464.4523333151874,-833.8198878668586,-1568.26540713341,-1395.3840710503885,-0.0,-109.4943654969933,-3171.554766247152,-1089.276849889025,-284.7372805368135,1639.782084275756,-1876.7797023805983,-1276.0099340812624,4.3080427022022185,-903.1799528251104,9.055484877869873,-1857.9707591195333,-0.0,-3814.17979321955,-834.7191110468755,-0.0,-1611.1400967619882,-1503.5477270751649,-0.0,-195.70765078944402,-926.5066867228338,-1218.1679634723666,-1441.0392038184705,-778.9012451033369,-536.629127873549,-540.7382666734225,-0.0,-151.78302592916424,-0.0,-2515.064995192799,15.268626067360936,-3591.1836515606283,-835.821591160122,-42.14975370476759,-37.3195600947669,-1420.0011272192903,-846.2099379627016,-0.0,-433.47737540642817,-0.0,-0.0,-797.5007342116263,-0.0,-0.0,-0.0,-0.0,-0.0,-0.0,-0.0,-772.5619374347145,-495.3240753679487,-2793.108640755751,-2459.1248946068886,-0.0,-0.0,-1179.4244526251096,-2033.7315762400085,-513.713586414097,-188.16583264754095,26.03383879775256,-0.0,-1402.3587738655972,-0.0,-2454.0149314892437,-0.0,-0.0,-0.0,-0.0,-1953.039631476752,-231.85901781712684,-462.4188840271178,-1111.2340715033802,-1373.0648006618835,-1114.7526488488709,-757.1030584609048,-1220.0762087584624,-0.0,-0.0,-0.0,-0.0,-598.2456645447186,-436.6850283141414,-1403.5010317757371,-0.0,-718.0256113503481,-6454.927848343734,-621.3080200507114,-812.8820494377003,-2937.8072311437954,-830.2471504709202,-0.0,-539.0907252088039,-574.2715268143966,-1160.107315874577,-608.7664120617469,-1511.642380804267,-1735.5998890961264,-0.0,-0.0,-0.0,-0.0,-1634.894368560756,8395.208052574311,6864.76150967327,-0.0,-0.0,-0.0,-0.0,-2084.4268453863783,-1177.0358280886976,-87.86011215492753,-1439.5121806515317,-827.5194064702829,-0.0,-0.0,-0.0,-0.0,-743.0603029834299,-0.0,-1906.6766436812961,-242.04308483797809,-0.0,-0.0,-0.0,-0.0,-133.38177970408367,-535.6814405213273,-406.6089502048366,-883.3361949290788,-1180.5212647741623,-1142.3814835977018,-1117.863812728155,-303.68011483303223,-1525.2004596027875,-1472.0526515926745,-1176.9614671224867,-1558.3524768845807,-39.425959388092025,-1224.528587088454,-1035.6266991244504,-946.2697954807034,-1585.3475028844898,-350.39463170790066,-2267.0138514319033,-1530.5988448710714,-1919.9856247233236,-605.0334082926116,-559.2238530151513,-1078.9114274336675,-0.0,-1083.8850011269076,-0.0,-3407.6142719547533,-797.9279460763208,-279.52260964899733,-1908.4919278315822,-1536.0869018389003,-1156.681744448037,-0.0,-0.0,-0.0,-0.0,-831.049178041291,-3654.173152241264,-1716.9614795289624,-0.0,-0.0,-1154.564356304229,-0.0,-0.0,-1227.1619748975074,-527.9338286035334,-1106.803164680148,-573.7556635536877,536.5353093079785,-1106.4317788742208,-585.1408091483096,-1561.3954370161357,-0.0,1409.0498056449212,-0.0,-0.0,-1169.855775490565,-5609.607553577417,-0.0,1687.6975568437726,357.1875522387929,-891.051826558028,-235.1249013298271,-0.0,-1794.3065885620008,-1012.537779126443,-2211.628508208287,-2112.642866739387,-372.93560046081717,-0.0,-466.5134963746164,-165.16433075062014,-0.0,-1003.854374844808,-0.0,-1801.5271749294923,-2251.4004858815274,64.24284941657125,-2420.717446952659,-2021.1410340894245,-0.0,-556.8387145487658,-1378.9461304549377,-1954.3768437640456,-0.0,-390.5501790357992,-2423.688103241524,-902.6040137314437,-829.9847888503655,-930.5522211071557,-438.8250652509628,-883.8734926469193,-1574.1444586991959,-0.0,-980.0453461569035,124.95492893836783,-1440.146772129529,-0.0,-584.9357757943376,105.81212144061722,-926.477514577288,-621.9322944495166,-0.0,-599.0061930817163,-453.15151787764603,-1694.1664775998463,-1260.5646556381796,-1623.722796785724,-873.8246056079631,-794.2809277232169,-933.4297791832635,-2186.2371305477036,-23.08596878768964,-0.0,-544.9343372766406,-624.9972628959192,-1386.1516356882998,-2078.004914179592,-318.86024854096934,-738.1949823922855,65.0498608023105,-869.2566256713467,-1262.5346518294366,-804.4241665285167,-0.0,-1026.3250012766066,-56.70199426416881,-2505.2674506076946,-0.0,-424.68215238973846,-799.3650856716971,-565.9112669112658,-2338.2635779017696,-171.94639428919334,-1554.0131388742932,-709.8574468459759,-2604.3455172691533,-0.0,341.07845828408284,-0.0,-0.0,-324.52987777332703,-0.0,-0.0,-3680.8583412904622,-27.23770082532249,-37.69078171141734,104.87450128014133,-1346.996422888571,-0.0,-0.0,-0.0,-0.0,-0.0,-28.421836383943486,-0.0,-357.5824265775149,-0.0,-296.7755452557024,-1962.4527105543148,566.3602733431311,-2992.285831421251,-0.0,-0.0,-0.0,-0.0,-0.0,-0.0,-0.0,-0.0,-0.0,-2615.231817225038,-0.0,-2732.842407409034,-3181.1739936933227,-38.95549752833032,-0.0,-0.0,-0.0,-0.0,-917.6225397573031,-1111.6049789294568,-0.0,161.68169267035492,-564.9660112746026,-2186.1319431816914,-661.5981683576682,-0.0,-539.7833885615762,-1173.2665576952536,-0.0,-0.0,-630.582604650407,-931.7438655634736,732.376089947866,-494.54250139506087,27.65183278344023,29.967616899823053,-0.0,-0.0,-0.0,1579.034982155677,1412.8826521774208,1656.279785669387,-0.0,-0.0,-0.0,-803.141738951846,-0.0,-0.0,-967.996180606375,-78.14616328830404,-474.6962223887796,-57.25560664548185,-1047.7584613945394,-811.0891293938084,-1463.9656270696826,-145.72559659051055,-283.0705759280578,-1254.5259434353775,-0.0,-2187.6685769058486,-16.34405154214456,-966.8912086659549,-936.5163762903289,-16.687019350903757,-0.0,-1323.307161415502,60.66661645444471,-0.0,-0.0,-0.0,-0.0,-0.0,-1400.2374678178173,-3133.2715407440055,-0.0,-655.6787498278285,-62.11983355131586,-0.0,-0.0,-0.0,-421.20580717924656,-30.444490821430715,-0.0,-1324.6405410567922,-802.9079243113252,-0.0,-0.0,-543.9848372933722,-0.0,-0.0,-1659.6180992825307,-1400.7263543155161,-0.0,-831.3375324036291,-2129.6538591870244,-93.63913655071919,-0.0,-0.0,-297.1554132448723,-791.1069053900094,-236.5953752887454,-200.1911233806485,-166.02174896315472,-0.0,-0.0,-0.0,-1369.8349085859068,-1005.4948273133208,-1978.2626665907674,-276.8716468924038,-1352.0347474273522,-126.01491631997493,-166.56827229578812,-488.46160095537283,-2008.4564312492441,-0.0,-0.0,-1758.9454510908995,-1918.8970571932236,-0.0,-0.0,-0.0,-550.1114737407178,-2347.6193433938847,-3460.6838579820546,-0.0,53.81204081224937,-179.61351803228564,-698.9068395117843,-686.1481398053216,-2073.787548486886,-0.0,-1503.2890304201308,47.964245418659004,8.200840587139332,-311.3718611983451,-0.0,86.1367160116435,-286.68317261628465,-431.58042928594534,7.8917735133318585,-0.0,-0.0,-670.8190462526068,-13.227664066220491,-0.0,-1357.7820104973657,-987.4789590695058,-1249.105279539007,-810.3131690826938,-1168.17757536431,-1767.6072438616216,-0.0,-0.0,-0.0,-0.0,-0.0,-354.94989606403493,-666.0403559213756,-1281.7561873656891,-1556.1205912666494,681.1725525042506,-1481.8422353296878,1691.079148861798,-0.0,-2109.8276592811912,-1695.6002280706446,-845.2447793656303,-31.132579852685208,-123.80168548453611,-2245.9202256731874,-230.40670568912577,-0.0,152.7011575407664,-912.2106610690807,-0.0,-0.0,-612.1421304338545,-419.7389365744899,-397.4298864546448,-1257.8071386135148,-1701.8801769583533,-0.0,-1522.173800934878,-1149.8790029028855,-4193.780220308262,690.3936472124669,565.3788946990313,686.1402223023546,710.3469883490906,-0.0,-0.0,-0.0,-0.0,-0.0,-0.0,-0.0,-0.0,-604.1093799859334,-0.0,-53.70889017563895,-39.27899326830585,-0.0,-1324.0440026198742,-1432.8512778345828,-2031.714811785364,-0.0,-0.0,-0.0,75.09273626345322,-3055.36758671615,-672.9513803010444,-2905.3550050206736,-1574.354463981965,-0.0,-0.0,-152.02832297037327,-1408.1949292251218,-0.0,-1973.77519197569,-726.6830917424668,-0.0,-0.0,-0.0,-2465.1786663857683,-0.0,-0.0,-0.0,-0.0,-0.0,439.20766403700895,-0.0,-0.0,-0.0,-993.8898929480262,-0.0,-0.0,-0.0,-0.0,-0.0,-0.0,-0.0,-516.5547741083836,-1045.6520921496221,-1528.540913319836,-1683.5000079764732,-594.3365475211264,-1250.2767994465041,-37.43465489035833,-0.0,-648.1244945702109,-51.82771035427045,-0.0,-0.0,-0.0,-0.0,-818.354949196715,-0.0,-507.30941953644714,-1297.7558313730576,816.2663446725421,735.3132179957022,749.0100804047598,682.9243289080514,711.8070178470285,-0.0,-0.0,-0.0,-0.0,-0.0,-0.0,-364.05565456676214,-0.0,2119.839278958658,979.7592211899487,1178.0947105554428,-0.0,-0.0,-1265.4028652721415,80.52608615310875,-64.72881979512233,-2416.3596456482865,-0.0,-1916.2895609083378,-0.0,-0.0,-0.0,-0.0,-667.6952994983716,-0.0,-545.8202460163961,-570.7360215487935,-391.75107315177286,-0.0,-16.91058714015974,-0.0,-849.2205688228967,-0.0,-2305.017977872027,-623.4565193352217,1759.4404704970568,-2160.897259103381,-977.3145686469704,-70.56611654741903,-850.9127731810643,-0.0,-540.7768779381157,-81.02172762282973,-2462.273987153757,644.7778017695773,91.67552477080297,604.2075302041756,1279.0927113741134,-0.0,-317.47942649252326,-25.558361174065016,-1077.4326489141702,-1246.4656842784943,-1464.135496488746,-1886.659840821677,-0.0,748.2844465848575,-0.0,-390.8121186433405,-2339.843120101617,-1355.3605317147458,-0.0,-1303.081984180358,-400.58675880023276,-605.7368609188965,-739.5882855008127,-344.1174368461183,-1396.8068880379021,-0.0,-2202.9309910947163,-404.0660243364178,-1538.521767093665,-321.19397839973476,-0.0,-0.0,-0.0,-0.0,-1315.5738491233108,1199.2659768889325,-1118.0719642500314,-621.2157441477736,-0.0,30.017837188892297,-0.0,-0.0,-789.3166977593131,-728.3186834260576,-770.2071753682808,-655.0438827667455,-0.0,-0.0,342.3306499973091,239.1795517602828,600.4095377597438,-0.0,-591.9623899983031,-1932.1599194819316,-1282.9487216043774,-4.392483847346864,-1667.0795115473027,-0.0,-0.0,-0.0,-583.3721757502465,-878.8124337458769,-0.0,-1365.9605139373573,-0.0,-2684.0963824676937,-3723.0391619960387,-0.0,-19.676162444665856,-0.0,-765.1349404817491,-0.0,-0.0,-0.0,-2188.7890149255086,-1132.3778852808503,-616.2511419999374,-886.767724673298,-0.0,-0.0,-2155.410724079965,-0.0,-553.648845027835,1183.8592325878483,-915.8598699581312,-770.9204115925828,-563.5352460675903,128.92678716525091,-0.0,-0.0,-1361.5628447893973,-0.0,-735.0987716132997,-69.41856832553917,-367.9799898267233,-346.62290762314694,-0.0,-0.0,-230.82894212030686,-647.9483696312882,-1066.3670215089278,-634.5018461077698,-1078.1113122387412,13.17292315270654,-0.0,-132.06021266437125,-2110.9541225626526,-1277.6014871095128,-0.0,-0.0,-0.0,-577.1670867274779,-612.612823634365,-1583.2542733639223,-0.0,-0.0,-0.0,-0.0,-0.0,-1509.9055817229435,-719.9390042152453,-0.0,-588.9866608684227,-0.0,-17899.13325607102,-826.1576662009466,-120.2362511180631,-614.3182492284527,-0.0,79.52850794888658,-1295.4949198881407,-2610.8909350293625,-0.0,-0.0,-0.0,-787.8770381543987,-520.1525789977308,-1116.6797927773196,-1019.7392605490279,-575.578437937371,-0.0,-0.0,-1752.6298907899368,-583.9190197988244,-2321.6019203666206,497.3252154972655,-2403.7441290812426,-0.0,-0.0,1669.270651525633,-1578.0086550284698,-0.0,-240.31761018765977,-357.1179448547931,-640.8324582416308,28.72997855697519,-903.270034672316,-0.0,-0.0,-1387.3579920822954,-1293.6573541624557,-2484.494089695329,-0.0,-0.0,-2459.4694419190955,-719.3301595896411,-731.0308812947994,-2488.6236406513012,-1464.7014434761616,-0.0,-0.0,-1066.6574018503943,-0.0,-90.02244256564211,-1571.0804558167797,-1805.38752469444,-0.0,231.91526952006043,-779.8182857800786,548.8915579541388,-265.94868392450184,-248.9598392300847,-0.0,-456.88536169674296,223.44753628744363,324.57046733323796,-462.3574420117387,-2530.072970475908,-2022.0134873020788,-87.21510972776834,-4504.6012934662385,-588.7072245749989,-1144.2961423490217,-49.801000898106054,-3814.463429602095,-339.0380821248741,-649.675901774811,-308.7671319164662,-1627.2462616556934,-1011.4923587508189,-3467.470969081523,-5433.51459643288,-85.2602357619124,-686.9158304816627,-1726.2889764415888,-1192.1248759121006,-0.0,-3430.4840017897855,-0.0,-275.83775954935555,-1545.1866131045429,-1391.7642279421634,-0.0,-0.0,-950.480337859337,-239.1073226662064,-0.0,-1391.9777537391356,-0.0,-676.3787373702185,509.1008356326238,-2272.132983348696,-478.7967207418347,26.53194155679848,-13.403540040579292,-0.0,-1894.6120689135169,-573.7561225113874,-0.0,-131.5830888563707,-0.0,80.21795274137848,-181.4187965403967,-0.0,-379.48960430413416,-1403.535755631054,-449.2105170242337,-792.8520767796409,-2212.842607059088,-0.0,-4061.3083462751156,-1757.422831025325,-2469.504894600361,-2242.62397131721,-73.45961391771374,-226.83498219794637,-641.3956040584263,-1481.6947015791989,-0.0,-0.0,-1254.6584848914313,-194.20207345556952,-0.0,-78.15520653839938,89.79820450584008,-2252.3971401725744,-0.0,-0.0,-1313.3348943785797,-0.0,-75.62994798521183,-0.0,-44.9304265506408,-147.0245195822009,-0.0,-379.4099778321917,5782.6152828117465,-0.0,-0.0,-2650.4251041517514,-785.989905792821,-275.0969014266541,-0.0,-0.0,-0.0,-652.3233115385735,-2148.3700214373534,-0.0,-0.0,-0.0,-2286.852847062856,-0.0,-0.0,-0.0,-1590.2560712613072,-735.9867674719318,-302.0207346320453,-467.64533289151905,23.424711833357758,-687.035510522578,-381.9236988258255,-208.95983323167906,-2411.073004287604,-0.0,-0.0,-1261.3383452883313,-769.7083170801087,-2470.4535750953064,-0.0,-0.0,-2700.591500910364,-675.992202006943,-1556.213439315469,-418.03701564911967,-625.9526967119665,-2345.0496558450222,-827.3680371741184,-86.44245244670547,-826.6041440662601,-2015.1799010897312,-1553.3827715370223,-1372.1648703510255,-0.0,-615.5806113608684,-0.0,-1571.4024401818183,-424.8024758743052,-220.88929324004545,-627.7307032918081,-869.2362163170935,-12.307194855643477,-0.0,-1189.3029277627008,-556.2953808236553,-44.20951548967793,1536.3082599876393,-75.17031488462408,-0.0,-641.2266634648253,-467.13932578151406,-0.0,-678.7165399415768,-1562.166059159908,-0.0,-0.0,-0.0,-0.0,-411.6084712581713,-911.3945537501863,-319.6160410553672,-489.38214006142226,-344.0321081662309,-1629.4532989293393,-720.4564850628245,-1417.1692136515878,-2538.4514701185785,-1964.567308349503,-0.0,985.5999513637726,995.6486949227963,560.1702933298493,765.0343325624292,439.8975773737391,-0.0,-0.0,-0.0,-0.0,-0.0,-0.0,-0.0,-0.0,-63.294395977144994,-869.9787077672336,-512.5569863479146,-275.76466187808956,-1193.175528323895,-99.48266054683342,-360.51312796095,-1149.5322875439963,-296.32850678663226,-1743.0673540123653,-757.5596700971184,-82.59188891677223,-376.3605352191918,-23.88657748905982,-0.0,-563.7114121169665,-170.1955239873749,-205.20574311552093,-736.410971839045,-348.4618490584049,-1504.5468304333467,-295.55627590045657,-0.0,-0.0,-1892.3857378663924,-507.0018560969419,-328.50028248376265,-535.5089831232395,-903.1328057996005,-431.9539185043579,-403.10943089761855,-0.0,-638.3933686096143,-682.0538645977372,-839.336607684515,307.3182417773607,-1323.873011334725,-2219.71180521216,-211.54000463404404,-662.3092366654198,-661.5275118044395,-13.212726431766109,-0.0,586.36150351653,-791.8728256961797,-35.08651805159125,-1912.0944776604629,-0.0,-0.0,-1221.3601431349423,-489.9442699218453,-0.0,-591.0343328507806,-676.2007040424735,-787.1398256659812,-0.0,-698.3753134680575,-476.02971467039146,-2183.945450415755,-4193.614964819094,-383.9232627841753,-0.0,-80.76379125642563,-421.7467498580487,-1491.574994656553,-223.5661295998241,-567.2438171298921,-709.7900393720453,-742.3862362573982,-375.57856695590687,-0.0,-0.0,-1628.1324231153708,-107.77557897893506,-428.04829454291064,-777.9245857416416,-1181.185506308299,-2406.602753507605,-0.0,-573.1720339191887,-0.0,-0.0,-0.0,-0.0,-0.0,-28.351779722000717,-181.2899200072535,-352.9656350897955,-0.0,-0.0,-0.0,-0.0,-0.0,-0.0,-1170.3412315369287,-2242.437351583375,-405.63189612997627,-489.95867023302884,-45.46240657616458,-0.0,-0.0,-427.58773048973313,-0.0,-0.0,-111.50994796335418,-2663.7044071687305,-0.0,-0.0,-1464.4321076235508,-561.5996794994188,-869.1416727096647,-974.5654931904688,-710.012185969777,-0.0,-0.0,-1157.3414425328147,-1798.7682743572198,-971.9690700632267,-0.0,-1125.193756719133,-0.0,-357.8644806764317,-715.1863032899389,-0.0,-662.7192010422821,-1767.4778717916292,-0.0,-1685.0698171393615,-176.37848175120322,-588.0929459547219,-1363.2262054284702,-226.40636269656204,-1208.2969779932348,-0.0,-1006.1074850521821,-27.107325741874483,-2338.700110249097,-1856.3277225174843,-0.0,-0.0,-0.0,-0.0,-733.9211541572037,-806.1266818467342,-0.0,26.835628989423455,-361.7864525574174,-752.9287152250471,-2033.9352320165951,-2256.8237014483343,-375.27752512725425,-0.0,-1393.117662524631,-840.4576195607292,-1703.4661786169936,141.37503565579706,-0.0,-3334.0710692040097,-688.5139279005168,-0.0,-440.9886991320919,-1446.0756024288578,-0.0,-0.0,-545.8695289145295,-1431.3185372057046,-0.0,-1075.1241381505374,-1285.098249408182,-37.98392578118866,-82.73585471274245,-504.54508799506755,-0.0,-1474.3345843740365,-2598.7731165122054,-1155.4393540904289,-178.25939938972385,-1891.0440843119254,137.35022411867163,-854.3289188112626,-622.8612470065113,125.64573962175716,-857.4484324611399,-1455.0220209025995,-831.5074289193971,-1293.7058412214346,-407.6076867771889,-598.6176601973247,-758.866134054655,-1543.9960984664033,-0.0,-0.0,-1807.109517532721,-323.81759668159464,-0.0,-1492.938471112403,-1231.147159031691,-0.0,-2464.564381405713,-535.7447506240999,-0.0,-826.997541273695,-0.0,-0.0,-1256.1395482548423,-1013.0412064966699,-0.0,-0.0,-0.0,-737.8303464453601,-4.482420288507731,20.163724029844378,-252.68456007843383,-0.0,-2108.7912171653165,-1478.9083921176052,-556.8797288589087,-2058.112992984097,-0.0,-58.63929062777972,-936.2357131159931,-0.0,-426.37441379115006,77.61596904815889,-1609.0748371873683,-1028.3465122176776,-680.0583328016716,-1271.0637377408648,-0.0,-0.0,-0.0,-793.9115604535302,-0.0,-388.30341854074226,-971.7983828248315,-210.8790223903085,-1209.580520263689,-2170.0162476109026,-554.693678230701,-2083.2769117018647,-0.0,-1122.9662833996485,-730.9296137223582,-507.3492326610454,-1266.3929864280296,-314.55184517242424,-515.977147582474,-1496.115706285785,-0.0,-0.0,242.87206945750697,-2737.628995566842,-978.6788695681206,-266.7450102619587,-0.0,-368.1849191602,-536.0813472671445,-642.9822051627182,-0.0,-0.0,-770.162021067654,-0.0,-21.152449205351356,120.15521543748194,-119.97929917301391,-1998.885954250921,511.2741453348486,520.9079754506794,500.27890465020647,643.2765487404967,47.88524092229033,-0.0,-630.0733333727175,-748.9730683147375,-355.3389011708112,-9.820098019508153,-0.0,-0.0,-0.0,-193.38219683105626,-13.422121322629456,-914.4756012574104,475.9231586595173,2386.541442536835,-0.0,-0.0,-0.0,68.69961206767547,79.02191744557007,-0.0,-3078.493336461377,-0.0,-0.0,-0.0,-0.0,-0.0,-2447.0205943248748,-281.8985060147432,-0.0,-403.33470086663476,-2135.1902469733027,-161.64777356062757,-321.0790292527579,26.34279537549678,-1727.4490919420634,-4318.556678376993,-1963.9330618346296,-0.0,-0.0,-1675.5834796593367,-1044.6634182742673,-734.0816329540111,-415.866780257581,-348.751543451897,-1003.5505187820388,-1015.62068214283,-4972.502417034147,-674.3385086272893,179.97311518577914,-822.2710738770446,-1091.0003044693747,-621.5219159954923,-632.8138453821089,-7.594030210796472,-1618.9775726442838,-826.2495380024923,-587.880143625593,-0.0,-0.0,-0.0,-0.0,-230.84286970258637,-1217.0903775494942,-0.0,-1246.3070054023317,-1370.8642138675445,-0.0,-0.0,-1458.5106548774775,-0.0,-0.0,-215.6224132817849,56.67063377100412,-0.0,-0.0,-3115.3531976736194,-1226.8819065092116,-96.9576323959109,-940.9644973311299,-1420.2912462872607,-0.0,-340.0411077151065,-505.0110339302076,-0.0,-1387.6548469529569,-338.9141405226138,-1167.7577562234057,171.67032897844229,-892.0715204643366,-203.0634859677041,-238.29623591912005,-53.7911289542596,-45.17580889439726,-612.9031686966679,-822.8671208350639,-510.57370342571375,-712.572359714121,-0.0,-62.47550723985658,-735.2190549700249,-168.13505787880408,3.932505327909954,-0.0,-1010.6235098405367,27.216885216395955,-1315.8014033905943,-0.0,-0.0,-0.0,-1872.6176495114094,-0.0,-0.0,-80.28360506093377,-0.0,-0.0,-0.0,-0.0,-0.0,-0.0,-620.2399564790036,-1625.968102714599,-0.0,-0.0,-0.0,-0.0,-858.4638455161947,-479.62357015174365,-0.0,-0.0,-1872.6031369637815,-0.0,-1381.583361268415,-2711.247912351759,-0.0,-0.0,-0.0,-506.7382341606447,-0.0,-0.0,-0.0,-994.8234564820216,-762.8650240067093,-673.819716719233,-0.0,-0.0,-227.15534006747086,-0.0,-4023.3136236767996,-5452.777705254526,-0.0,15.575870139589593,-0.0,-609.1739833891381,-680.8127367028824,-2025.8812771165417,-0.0,-0.0,-97.61506937057644,-698.0201855786504,-1380.3385240212353,-677.80741044197,-342.8279177079691,-0.0,-0.0,-1225.1505041245382,-988.6140355318523,-45.97150363306887,-0.0,-0.0,-740.1207743688376,-385.78117639998874,-85.58308079716927,-0.0,-0.0,-0.0,-2197.5533394332697,-344.29335310780135,-1360.7562481485654,-4396.264859367384,-0.0,-996.4186907275503,-1166.3701949748809,-2421.4973518134807,-343.7760728256357,-0.0,-0.0,248.24953917047637,-1198.2005452532417,-1865.709364378746,-507.5095855902706,-151.82286734380835,-25.091540390092426,-1817.7491176222416,-421.61440119182294,-1785.5147597556288,-676.4921176182974,-2754.360765322542,3.909177358079434,-1002.6264654430779,-893.2776287586149,-1878.8689345156065,-0.0,-0.0,-754.5483952916661,-1699.5384407146078,-1829.4125362010075,-881.3672341291624,-0.0,558.1873959754491,-69.4486236823882,-453.61348714396456,-0.0,-19.10880626856709,-0.0,-2493.0536600648184,-52.69036324181435,-0.0,-0.0,-755.8980462036978,-1117.5516100929165,-817.0440005768634,-352.4117090312704,-593.9853653253645,12.756924931609973,201.06261345565878,-837.9135970847535,-26.545459216962964,-1530.812994078046,-0.0,-1565.4548842834645,-129.20568545195786,-767.3903137554557,-404.4064166084457,-24.553085587142697,-43.33896721443789,-20.411588622863906,-1263.5557555949958,-986.0619629003784,-1427.1978454652335,-258.70332113486523,-1400.8299196850755,3.9243147078042067,-0.0,-774.2643804702824,-2706.2518727697925,-0.0,-0.0,-30.257588205026618,-2118.416551843628,-192.00194522550763,-582.8854012049569,-375.8919451096671,176.86110512429926,-0.0,-0.0,-1281.3012885901226,-0.0,-0.0,-2195.630624674682,-1599.501693431177,-860.5663998088008,-768.7426407923722,-650.3037204413656,-918.660795309955,-791.6238082252719,-1316.4768310229051,-2630.042145433814,-0.0,-0.0,-0.0,-0.0,-307.60772777547635,-0.0,-2089.7777451395523,-640.4091449504991,-859.6632672672572,-995.7687382203173,-463.30988364874287,-0.0,-1427.8449076942534,-663.729835117467,-0.0,-2614.3186810257484,-1466.7406747185062,-0.0,-0.0,-2451.431013847843,-1735.0062241692415,-449.0141418255228,-817.4084319679949,-0.0,-540.3130199565792,-320.08220736314314,-0.0,-648.1653739440308,-555.6326696623662,-519.970338306677,-0.0,-0.0,-0.0,-0.0,-394.81536860394493,-1249.700547134239,-7149.54237738564,-0.0,-0.0,-741.7139538666189,-716.4068039698074,-1954.7097113058617,-668.0940958428548,7.741443479963794,-464.0090238523678,-0.0,-653.2286500864567,-581.0204098751807,-0.0,-512.5287541536846,-1156.6704066463865,-0.0,-0.0,-0.0,-0.0,-0.0,39.09418453599755,-2157.419313763486,-0.0,-1365.8131255559897,-908.165810565986,-4.0874868809376625,-1720.9917935937196,-986.2019315065385,-986.2969901991138,-1441.8088721901145,-79.49483194555489,-121.95898704289289,-1282.3073417517005,-715.436425780979,-692.5122299149749,-0.0,-1493.3265406008845,-1385.234239657008,236.65737392004795,-0.0,-627.388041097524,-728.5149279860119,-1002.4748377212322,-66.88799940565136,-0.0,-295.71123417283536,-0.0,-0.0,-2508.8151506517597,-2157.2879381849316,-1951.1118298374756,-1741.7790806069786,-0.0,-1268.603540012387,-2092.0677536334683,-0.0,-5412.252819016078,-0.0,-0.0,-0.0,-0.0,-1069.158997769704,-2500.645390306178,-2354.9576128087037,-92.82821536586215,-2007.8726034537278,-0.0,-998.1051180901525,-31.9786098918304,-0.0,-69.587653136876,-565.481693243086,594.9590845516095,-0.0,-469.65929099263656,-38.95483142181437,-0.0,-1467.4895451036016,-0.0,-2149.5738764649886,-146.53874764381223,-0.0,-0.0,-1083.333852039363,-1611.7713261449132,-1060.9706443621708,-1260.5180252626926,-1312.8210696305118,1595.7834904761444,-58.89610526022383,-817.2460970438838,-36.68085937836308,-2519.9049471833296,-829.7477159929434,-882.5027763880607,-473.68512895007706,-1662.0593653858275,-1756.8078193197152,-443.40900620162455,-2522.149779647541,-338.8901871075297,-0.0,-0.0,-51.59377940391019,-0.0,-0.0,-0.0,-0.0,-0.0,-0.0,-1718.4272319943022,-629.866453422202,-1204.332864519758,-922.9441268822092,-0.0,-591.839994848212,-1262.9862129968712,-1130.8616366590513,-2254.7649054519225,-1348.599525381793,-89.61372423015555,-201.67975497536887,-992.0043867069334,-1502.5138919245912,-0.0,-0.0,-0.0,-73.62206095295193,-838.1933383409437,-159.5388041662689,-503.0423168843448,-1032.174456885616,-0.0,-0.0,-0.0,-4181.424868477446,-0.0,-128.7789543587949,-0.0,-224.7993329696585,-1165.300715723091,-1254.8449370811907,-877.0410452485684,-0.0,-44.118601170304046,-585.0765093348019,-759.0764571147864,-577.2982527266976,-0.0,-1086.548305620413,-0.0,-0.0,-2803.1391251063255,-0.0,-1420.188530062376,-658.1985640454305,-427.3925034790022,-284.8773769369729,-1450.7069514607085,-2849.055237993059,44.9841159492101,-2343.740897943749,-1743.1772803791675,-450.5800248040393,7.670914969820605,-0.0,1517.099682377994,1132.8318002129618,1182.0582668047734,-0.0,-0.0,-0.0,-902.4155927210604,-0.0,-297.37097309737663,-186.57003237127913,-0.0,-3741.427266063328,-0.0,-1470.0806602574985,-84.9657208220398,-1112.891713675147,-610.4547379264831,-1525.5838036842931,-1267.3304103256812,-0.0,412.79120882904914,-2701.809083120977,-1730.3538987399702,-478.98586474430556,-1262.1116026587779,-1754.8081615506374,-0.0,-0.0,-286.6875556719262,-781.3825304017868,-2331.60114867899,-843.7324899262056,-38.24852990757624,-0.0,-0.0,-721.8934551656507,-0.0,-0.0,-0.0,-215.64175188115692,-1458.7072415031564,1694.4398085913908,-1379.8210517655018,544.1353370922134,-752.6495081050135,-1045.179971739335,-11.226183166954124,-5069.102334263376,-394.1589646370367,-0.0,-77.38478543856132,-2456.244144082684,-1799.1788744255566,-0.0,-28.157590334390424,-0.0,-669.456732674295,-26.279962543299874,-1945.7969301200426,-1604.88002287132,-0.0,-327.8919488754772,-0.0,-0.0,-0.0,-779.3179330198427,-1066.7122710933145,-439.5639730305509,-1180.104866095632,-1827.9898061776573,-998.8778341162579,-448.0875343308599,-503.08554906863986,-114.44089840624021,-1710.7383571238693,-642.2872625297633,-1047.5522608996205,-1271.0274135673055,-1507.410437125043,-1441.4137961904262,-395.4299951417015,-1549.3411182772124,-0.0,-0.0,-0.0,-2223.2188432486314,-0.0,-519.5523378154796,-1252.8705594897451,-11.451641080953612,-811.480777000988,-633.5737984417686,-984.8980269046,-752.9937132783294,-208.62227141330936,-1942.0838324182248,-5454.142464960478,-284.42173303753964,-32.341860330298395,-0.0,-117.87547693255465,-7077.530061999773,-1903.3050129211304,-709.1415075275416,-2489.8724298604416,-219.83065097549044,-0.0,-24.918741744568113,-699.5777586238719,-129.01077617345882,-1162.5995540887152,-1108.672335999697,-209.27162713341048,-0.0,-723.1752488981931,-1958.0385587946814,-2016.3054128303138,-1967.5208625527969,-0.0,-1579.5713132896744,-0.0,-54.32584666072623,-902.5410887422764,547.1592087111699,-0.0,-0.0,-326.9406781680779,-1036.2386808482795,-765.4328748557389,-1309.1740618029155,151.46206700119856,-1479.979622142575,-133.93877734520746,-341.9163754759197,-2163.6132009144,-1977.9924740327929,-393.69244567993724,-0.0,-0.0,-0.0,-0.0,-0.0,-2107.0580125775386,-0.0,-648.8124674607137,-829.5090791538963,-2674.6226469330436,-0.0,3.524250624533532,494.58711875706604,2115.0788090766055,-645.4308990578945,-1346.809480761185,-0.0,-1370.741706095788,-3738.1838499735654,-881.9238857358796,-5682.794155561488,-1228.2477809087848,-0.0,-789.2832448507181,-2417.4424242245627,-207.28542650511608,-0.0,1254.5903225845282,1399.6921554478831,1209.6228398057349,-0.0,-0.0,-0.0,-0.0,-89.49931614821615,-2399.93457481395,-84.82796515033488,-0.0,-2066.029557988534,-1186.604481983962,-481.1918328107022,4.306048904864173,-0.0,-216.3843090070442,-826.5407509342375,-0.0,-0.0,-49.803182192604076,224.8458735250959,-2302.304192895004,-0.0,-872.7425713508834,9.091519503947527,-76.10422442204954,-0.0,289.7909742214794,-98.22111001453172,-480.53433353807094,-1919.441304772308,-0.0,-60.12281547643243,-1257.082852907096,-1048.4619304948947,-44.78890306786735,40.360558914804855,-0.0,-1269.7373083018117,-809.5264071776038,-8.775448975350503,-0.0,-0.0,80.00659956796497,-245.79468268557147,-169.01726236996885,-85.50697953467886,-12.626559170794048,-184.80678365650863,-775.8281660950522,-1003.5768720818684,-520.0168983731947,-0.0,-2251.3716874618117,-1017.7061720053418,-0.0,-0.0,-1089.1135490946695,-2180.5856840110923,-627.6277408332971,-7.692106957065921,-2776.5188291424183,-128.3556992089692,-85.16368601645739,-1121.2068215822492,-0.0,-372.1027890058085,-1499.8758105034944,-3.82504351005018,-0.0,-3437.524366230128,-160.89213640932374,-1579.3459497770436,-953.5575661624862,-1273.0306398727128,-2469.979233551132,-83.3226925103594,-872.1809653038449,-1970.0328888859826,-1245.2283883292143,-1253.4779247239026,-241.7386150115385,-1904.7582858528162,-0.0,-2744.870546903314,-0.0,-6663.821646053461,-238.72629450217372,-85.56921284077936,-1506.7158922004924,-0.0,-0.0,-0.0,359.5278686025618,47.847806767711184,-912.7707621737597,-1321.5638492058258,-450.20686211585905,-1079.5011166790146,-0.0,-0.0,-1540.190208885449,-317.8228815323221,-537.7484926228766,-175.947618253184,-0.0,-1659.516314934768,-357.6494519810572,-2000.3254184780249,-0.0,-37.56393602930413,-0.0,-1915.813724618662,-804.1481686379033,-1712.4289241586853,-0.0,-0.0,-1518.2866707112414,-527.1925586175583,-810.2751860858385,-1586.137944201788,-470.93816593531653,-1461.5346963558534,-0.0,278.66338792668256,-1278.7295940886456,-4356.506409231913,337.8832300189408,-1283.4027435335556,-7862.267301876143,-634.2633767869206,-686.5551631189871,-231.8688506004062,-186.44453857636046,-964.4700743456774,196.60281914838336,-205.77862223150353,414.2277294561851,-1145.5690921080495,-588.0509819329352,-0.0,-1222.917830571591,-1909.1350640281569,-923.8681131208926,-402.43097816642944,-0.0,-0.0,-34.28120273283558,-1063.042449834217,74.97916367035118,-2212.112123998228,-0.0,-0.0,-459.5437379306759,-625.4643382311807,-998.6186055537556,179.1673947186535,-2694.4249366603995,-1479.2533271146615,-1304.0258993597115,-236.8509612183416,-0.0,-396.3771493586496,-0.0,-604.5316951551537,-24.094530376675802,-1390.4270152981037,-517.3648698036801,-1073.6708947952386,-356.42139386911623,-328.2185856558052,-0.0,-1160.155455857096,-705.4155968562699,-1275.6838724665408,-0.0,-3366.0182287661596,-1390.1781671537988,-1282.673282620188,-831.5247527821342,-1139.0660269163864,3.874718811420706,-2258.0205899861708,-790.4995544874532,-1246.2769957408111,-1967.803188400411,-314.9173339972317,266.9409538699985,-1100.2271641643026,-0.0,-0.0,-20.24449433728003,-61.67911272764586,-19.261406359344637,-272.14922677023065,-0.0,-0.0,-0.0,-0.0,-0.0,-0.0,-0.0,-0.0,-0.0,-0.0,-1467.661467225185,-2447.135112899733,-2187.7315647512137,-0.0,-0.0,1780.2128381411676,-474.171576667793,-0.0,-511.95279897737396,-472.7869959496572,-1033.6014351186698,-998.6513155487106,-1179.9341525647405,-0.0,-662.2727730000167,-426.7900207251397,165.93772867373534,-0.0,871.9087387417769,-0.0,262.0010473683556,-0.0,-332.42878637661624,-0.0,-389.5092063643238,-1213.8682908031253,-2027.6633874503686,239.59717677232672,-0.0,-0.0,-0.0,-0.0,-0.0,-366.10620885074127,-86.08542257511931,-0.0,-0.0,-0.0,-566.7046158627599,-0.0,-44.72545046835752,-654.2659726459127,-3333.86503485568,-0.0,-1362.681522455888,-0.0,-621.0961167718226,-0.0,-0.0,44.92632154767485,-0.0,-168.285761608596,-0.0,-0.0,-0.0,-978.7286392619649,-1883.7132273231575,-0.0,204.48865157822172,-2407.332257150446,-0.0,-74.78266391219996,-276.67866367384136,-0.0,-0.0,-1521.5647055122708,-0.0,-941.3246491250958,-1345.6878974798572,44.46692959365804,-2824.98745091883,-1758.0782737960376,296.59553405208317,-708.8167572689865,-0.0,-1062.5072700616379,-0.0,-0.0,-0.0,-3560.0347948440735,-874.7831581852341,-1579.2511610012116,-0.0,-395.2686075847208,-4.052735961587669,-1334.0820215712074,-2047.3219241687666,77.54503114111624,-3104.3053117575955,-0.0,-1965.5696359893088,-2626.868291475756,-0.0,-0.0,-0.0,-0.0,-2410.640269812151,-164.5943186914117,-1497.7122473966185,-0.0,685.6861665665566,1322.5530601781525,-0.0,-0.0,-930.5967549497476,-900.8849495753144,-340.4979617113482,-19.280616523864985,66.89238969246745,-0.0,-1275.8650794240625,-0.0,-292.59682384886565,-1042.300876046063,1385.737667656909,-0.0,-0.0,-0.0,1024.9378181638044,1038.8204535604916,-771.5192711346127,-0.0,-1381.9318065561388,-0.0,-1140.2636359243886,-723.4584627328296,-0.0,-0.0,-0.0,-0.0,-0.0,-58.80109121830737,-0.0,-0.0,-0.0,-1192.3238410123538,-289.503005209652,-0.0,-0.0,-0.0,-149.32612442341235,-73.60524748657801,-660.0293426820414,-725.5206848221885,-2494.279034759319,-1131.4975783352409,-1006.1728971132317,-0.0,-2777.3210318114084,-43.463703726608145,-0.0,-983.6150113726502,-2459.702150354841,-740.0023060778217,-518.781904263818,-1312.3401082808762,-274.5903230918647,-683.1298421199093,-796.2584771448268,-1103.0101924148257,-266.9101329677341,-1717.6827453078272,16.645386502782127,-391.33507515927965,-0.0,-0.0,-817.7109525938218,-3732.795378060633,-0.0,-966.4319958217383,-528.1126930352634,-0.0,-369.61657662158774,-570.4053380902175,-791.2997880297403,-253.29387028224346,-0.0,-0.0,-0.0,-0.0,-0.0,-44.005717576720144,-0.0,-698.6714698211234,-0.0,-0.0,-671.1552798737166,-1071.0515091136813,-2633.1377378150564,-449.1570423069219,-640.1918844862574,-103.47320293503418,-2085.387048179119,-0.0,-830.8400237953165,-543.3759166040127,-461.85469724597874,-1353.1091985443036,-1021.8577682617521,-1602.319764207678,15.569082592615498,-420.29623449506187,-0.0,-1120.089221025405,-1102.9320618898037,-141.58166546145577,3.8008501723697523,-2586.5345727347935,-1159.482816816352,-679.0814368119626,-0.0,-721.7926449696245,-754.4952754468069,-549.3516238836313,-2217.112981291695,-3.770262206402568,-0.0,30.946939821804918,-0.0,-0.0,-226.0233748986728,-3917.5397487344558,-188.77257539530945,-1614.3813555207817,-3496.267511072226,-0.0,-4740.329653701072,-267.1472571871471,-2067.4755448636574,353.99674415646126,-0.0,1641.8210031626081,-882.7841689785998,-0.0,-2077.4272887974107,-0.0,-72.88971253222773,-44.30485613729425,-0.0,-0.0,-0.0,42.1952347062117,-0.0,-0.0,-0.0,-619.4351609347806,-1382.4747910571646,-804.5118287488601,-0.0,-3398.063758271034,-0.0,-0.0,-0.0,-255.4147029636238,-372.08350869287466,-0.0,-2280.9302993569922,-0.0,-0.0,-3456.7462223052275,-0.0,-26.42587012631725,7.958562787936355,-471.259226891645,-21.602307908999702,-0.0,-0.0,-247.11818479003497,-0.0,-0.0,-1360.5928456182419,-1274.077340696758,-1390.2092320410188,-0.0,-314.299181560087,163.30757844470838,-378.21181579934165,-15451.017899244825,-0.0,-653.3488913895776,-1355.4171196024054,-674.148441049234,-0.0,-34.959297487888655,-16.013042273090832,-260.35984151043095,-1078.3050308008997,-0.0,-0.0,-0.0,-522.9978446440725,-2425.3242443001623,-1469.4098098967631,-0.0,-0.0,-0.0,-295.02701532965585,83.73082826029032,-8.54122434640093,-1257.053472876848,-0.0,-0.0,-1027.1377265469978,-0.0,-0.0,-0.0,-2630.724611582765,-1076.1840067739433,-0.0,-1225.9205530754045,-612.4523602555981,-236.68718022972178,-670.4950219057804,-1158.4266970989224,89.90336824183171,-1268.6108229711558,-1184.7499867394151,24.960509486880632,-1921.7422744799944,-0.0,-0.0,-0.0,-0.0,-457.0320368000272,-0.0,-0.0,-627.7380173699208,-946.9008967683303,-701.9129916714112,-0.0,1618.405021674827,1290.8281452837468,1404.2143730227597,-0.0,-0.0,-0.0,-929.109852106355,-41.23482629567288,-840.3507082903423,-78.70010093759444,-632.372056094734,-1797.8806851811216,-1252.3259378125404,-2160.9240660954606,-0.0,-0.0,-0.0,-0.0,-472.5062285055797,-792.5780299051024,-1658.768041220642,-445.58346971862443,-1526.041529012243,-1753.3746923733684,-2180.1782948884397,-0.0,478.0284067761724,-446.8942092889744,-394.97943176184185,-129.97221795802415,-4694.33621881454,-70.5113659427728,-0.0,-896.7378115499607,-1545.5215094515781,-0.0,-61.80173478943691,140.16904840058876,-85.84344274665818,-504.19872946623633,-2120.0887485745043,-159.2659890034449,-1859.2936887927406,-0.0,-1921.4311295140565,-1962.5963259872365,-1332.3201153166303,-0.0,-1640.6452650663011,-361.177416426062,-689.1008213736667,-1136.8646876666348,121.32066999523428,-1815.7165392553882,-1394.5590130189878,-0.0,-117.81405019688005,-0.0,-0.0,-0.0,-1084.2742312132616,-641.0611245162568,-0.0,-0.0,-0.0,-3466.6136932670015,-1854.833525584909,-0.0,-0.0,-4.068468295665512,-1572.3167594461365,-889.0759982285867,-0.0,-779.3336515878383,-1329.4151204421285,-534.7262058018515,-24.949428407534697,-1037.9942128049881,-7.462530692788904,-1506.3184546186442,-1708.9942103886972,-0.0,-0.0,-40.67020316553485,-0.0,-0.0,-1310.0525782034583,-85.90121484289713,-506.2988876642641,-0.0,-0.0,-0.0,-889.0685450959023,-318.3164621728165,-113.34731501816277,-471.44352709087724,-247.69287407293334,-2092.7085878148105,-345.45185842682196,-548.8045931169546,-1128.4146424636585,-0.0,-392.96935531966386,-0.0,-2041.7440502014406,-1582.5687965896013,-1632.4929018815178,-418.10344864443056,-253.8520525256317,73.25652419617218,-1016.495933844957,25.684397113506627,-0.0,-477.5339543629058,-0.0,-0.0,-479.5905690181245,-128.2603439613979,-2882.8629613257162,-3007.955051741819,-557.5704846495902,-0.0,-0.0,-955.1096034360673,295.52920161470183,-0.0,-0.0,-0.0,-1105.997555196057,-49.938596007959696,-525.7873858452066,-3977.271205105099,-1472.5831691897604,-1176.6988855380719,-435.7731915224729,-188.97198825645702,-1260.5013194980165,-725.7189901265617,-554.1196052530354,-0.0,-697.5436482364806,-666.0671377870009,-1974.5101300496663,-0.0,4.453030011241768,-13.309329111360567,-0.0,-0.0,-1791.8956372765283,-0.0,-4023.5422091517125,-1269.4983612944459,2416.6172951073877,2998.9318190968743,-0.0,-0.0,-778.4964173271998,-1077.4888593573758,-601.2831889870258,-350.9242348092982,-3229.7911301756503,-663.2213474342611,-0.0,-0.0,-0.0,-1215.3910537150723,-743.2335622702843,-192.131353293647,-2416.3582006887955,-1217.3679372785928,-28.15218551657074,-430.56060454545536,-1159.1305698063745,-295.01519941974703,-534.4234856815323,-0.0,-66.78653648623744,52.876879754187264,-1010.2108351860901,-160.95316616195868,-0.0,72.00577444962082,126.01651622307074,-189.55540228586054,-1307.6898830020423,-2130.938425990942,-61.29438055743873,-919.986344255694,-1510.8051169135822,-0.0,-0.0,-721.1324925723511,-0.0,-0.0,-0.0,-0.0,-707.6841817813881,-23.458974170356033,-1450.967040077988,-1351.0010380761175,-2524.5173444850852,-1308.526606206446,-0.0,-649.5813501866031,-0.0,-1514.5223793247544,-1796.8583489945652,-1346.0157656203712,-1010.6392954528083,-0.0,-2176.6977938954255,-0.0,-0.0,-0.0,-3432.410708856621,-1250.1096614583641,-295.5240945253506,-963.8140081418111,-879.9739996443715,-906.4754625105174,-0.0,-0.0,-0.0,-43.898493372961205,-5142.2270488774075,-722.0895909725656,-2095.935867243595,-3825.2263169955304,-2265.609275160085,-449.82142306702605,-0.0,-1787.007005116011,-780.125214378955,-0.0,-356.6014968536392,-389.6774739993033,-40.16145867167077,-1077.6772381544542,-265.0117616879315,1443.4095678343565,-449.30783033350576,-0.0,-0.0,-1032.1719511540477,-880.6520136828728,-2596.8184612312843,-285.2217676461937,-0.0,-0.0,-553.5159106231815,-0.0,-0.0,-0.0,-0.0,-1344.148841330548,-689.9626281685538,-1422.7551349802245,-480.59506798284207,-3.8509780891932657,-734.8956348591297,-0.0,-0.0,-0.0,-0.0,-2561.6974527406146,-0.0,-0.0,-0.0,-0.0,-0.0,-0.0,-777.9369846380289,-0.0,-2666.795512150623,-542.1262905522216,-235.64094284102805,-1289.158489365212,-0.0,-0.0,-1471.614885605441,-1433.386524106098,-3.8272320602899534,-494.0756588401064,-58.32992448478312,-1947.6577241754635,-940.7146797201057,-0.0,-3994.145011350797,-1328.0090487922573,-0.0,-0.0,-15.109707015353898,-425.1784646477227,-1228.3847359194954,-0.0,-0.0,-24.617510084689332,-1523.3035951986067,-602.2172467215096,-340.18804956570364,-75.36047523574913,-1901.5920229590092,-0.0,-0.0,-0.0,-0.0,-0.0,-574.479252524507,-500.6809704784308,-596.379558433693,-4465.328149604882,-1693.8884234418836,-1293.6275832639196,-102.16656702635146,-1126.9290730445318,-1132.9621158391635,7.643185980716671,-0.0,-0.0,-0.0,-606.5934747924714,-459.32983959123874,-1827.8769185099936,-609.0625255424045,-0.0,-1669.8934630089773,-0.0,-714.471370424792,-0.0,-0.0,-2053.638473461874,-554.8913138035649,-581.1026041787768,-1500.1532811543768,-124.30050975379326,-12.402098561284102,-723.5897364652451,-1487.7544261282644,-0.0,-469.77806092225245,-1266.987206118098,-4036.7174176682615,-0.0,-297.81066662294955,-2156.615682805929,-1390.4156056810107,-1320.8630888346142,-515.7774052883585,-1216.4483742341924,-0.0,-353.36763712540596,-0.0,-259.42545682796293,748.2975854082208,-0.0,-0.0,1022.5511038271633,-0.0,-2273.0113768284546,-750.45377759955,-1122.1064778186073,-1206.6805817778684,-1552.0177913852235,-376.3580232099553,-149.32151825141145,-0.0,-0.0,-901.6465655969976,-1111.4427436275787,-804.4531156599052,-0.0,308.64335530928656,344.21023334664255,-237.68789949632068,-2824.9955255056902,-2162.6732846801633,-0.0,-0.0,-1459.981893175828,-3987.4501826506603,-2700.451629302102,-530.3391656167512,-1089.020106213037,-1144.0069600850572,-0.0,-220.82264002367342,-0.0,-636.9524831571542,-266.8262331929389,-1692.792864993687,-2719.8839031679686,-328.51940048753335,-543.2441845128454,-4696.18636890601,-1462.6811871231464,-581.8245047630016,-257.9907963361658,-1565.2718742869,-755.4178797960287,-4.099184928590606,-1612.1733392386752,-1620.2656581708507,-0.0,-0.0,-727.1291100057026,-1326.7775492001767,-356.8789522495781,-3.9465409407417242,-0.0,-0.0,-0.0,-0.0,-0.0,-38.56463555742466,-781.0916372946919,645.6468951236537,-460.2349535283479,-896.499223891291,-534.4217725452517,-986.9554348217282,-1629.327939936141,-1233.0545157472304,-1710.2012603577934,-275.77177893160535,-615.0807461861837,-1598.7454732266076,-732.1689276140478,-0.0,2940.5768714917363,-276.1111528104718,-75.65346838565206,-0.0,-1036.8859732756664,-650.2818087882789,-1507.0079999758043,-1854.4254074938729,-2471.389430352532,-0.0,-0.0,-0.0,-0.0,-1121.9913857543634,-1647.6715072512852,-0.0,-930.497675196319,-8.182176576156312,-0.0,-0.0,-0.0,-2835.5397471342008,-893.9785620297655,-181.57596379848312,-53.734259747881104,-0.0,-0.0,-1287.7874785460542,-1470.8628777198521,-813.4290161091111,530.095876266575,32.177709850349196,-0.0,-22.542148448814157,-0.0,-1558.5333014488888,-539.2053971593444,-1408.8579757735629,-1695.2567679207004,-1761.6154357318765,-43.73801624327421,-0.0,-0.0,-2051.9760016476775,-367.8703100770633,-0.0,-0.0,-221.40207874721753,-0.0,-43.92740218554409,-0.0,-1449.851674427667,-826.291110694256,-0.0,-75.9334763546282,677.1950017013226,-0.0,-204.93232601411464,-2555.748749782794,-0.0,-0.0,-762.3432535871702,15.149378159090968,-0.0,-0.0,-806.4110988313028,-1468.9730377995963,-0.0,-871.4757923384869,-0.0,-1154.7280110959498,1747.419759490135,26.036281795814244,-1741.210013495143,-1897.6579967059124,1128.8210015146099,-0.0,-2351.069582152835,-790.1970182073024,-985.0073839121143,-0.0,-645.086457608888,-137.37882454808462,878.4068123552626,-432.31632475728674,-1547.534484529092,-0.0,-0.0,-0.0,-920.5383698943892,-634.4231401511998,-793.1913269267086,-972.3733242371694,-1169.8156231351356,-28.71386315971489,-1146.605082292079,-1085.9736411878969,-1364.7308039306172,-0.0,-0.0,-510.28187627128517,767.6132302419717,-6754.801518315282,-0.0,-1276.9225661751736,-1969.0216108559418,-930.9894823679696,-829.6057481253321,-66.5084628978198,-2809.5023376891854,-387.787544301787,-0.0,-1095.023538019141,-874.8325516434817,-668.7731479840461,-0.0,-1528.6587237109557,-2008.285721384802,-29.77104692238902,-1181.9274956635873,-2742.148433597446,466.4619155411401,-0.0,-438.5451128223079,-165.22007427717617,-1248.3471922602976,-1039.3159566043996,111.11853471774802,-124.51559592592768,-875.6126336309238,-497.9337419164698,-563.6230218110288,-694.4051746650605,-562.2938102529591,-0.0,-1409.943793191521,-0.0,-1190.5616497064336,-693.4615929056223,-160.27320057132064,-0.0,-1717.830208968888,-4989.3392701345365,-0.0,-451.09190682051326,-0.0,-2601.782663567687,-246.14526322421713,-0.0,-406.57733117895515,-443.4722068180821,-0.0,-2219.112482789681,-1583.065631639446,-0.0,-4360.520242227442,-123.27373871433231,-1325.3000619074355,-1459.3016625827177,-1797.7326395512966,-117.69352119710439,-0.0,-984.4436719068806,-2194.149105617421,-594.9011212845983,-1031.991770505063,-1122.3546241019953,-1818.162744058626,-2480.1725394992573,-994.0479833616072,-1901.0998749522512,63.811949491037524,-0.0,-300.21103029155677,-1296.9286710882077,-1103.1757084285314,-0.0,-0.0,-0.0,-432.1510753842973,-508.3435322110138,7.724506700409597,-600.2949724306668,-0.0,-1219.3582247446145,-760.2317505173503,-614.9416186567569,-0.0,-0.0,-298.25648698618903,-1625.0378489247644,-1030.3920968509099,-319.0750280567956,-939.8262760875205,-34.6767915315354,-0.0,-0.0,-3205.8189464506254,-1157.1393632683537,-0.0,-0.0,-0.0,-90.76096012844408,-1090.249861854564,-51.78697994669618,-1838.6949138257178,-1784.0101973342248,117.86613384420001,-0.0,-598.372445757257,-0.0,693.2880503379961,-131.27302999630322,-0.0,-1657.2746501902795,-324.2806486618693,-1833.8040799444593,-0.0,-1564.772926736623,-617.4021075772538,-203.85711092756665,-12.747645910067392,-37.082602097476496,-0.0,-0.0,-724.358954773703,-1335.1650450932582,-0.0,-552.5678302486364,-0.0,-360.8055493718742,-541.8342232793249,-0.0,128.45091234028123,753.5406688782379,715.9641682012833,872.909121807883,769.54092923246,813.6580402334421,-0.0,-0.0,-0.0,-0.0,-0.0,85.4953202238073,-0.0,-0.0,-569.5931046626155,-156.66694950521898,-500.8327865689758,-90.12390854055897,-0.0,-952.6124909599439,-1632.700765552217,-1765.4054440568507,-245.13783136687968,-212.9698675435169,-0.0,-0.0,-657.0383120801421,-0.0,-0.0,-0.0,-0.0,-3021.743365680511,-0.0,-44.07997108576369,922.2223837839942,-0.0,-1076.4439649749677,-567.168366966066,1599.3486973982008,-894.3274069658103,-0.0,-3230.3960632491367,-2100.6109880192803,-205.0376811376175,-865.6348682869752,-1353.9372573978087,-567.5190381234801,1205.9140701305712,-78.61954263511544,-592.4147926907947,-0.0,-0.0,-523.2871137989783,-0.0,-797.4604455477155,-0.0,-465.99430080978976,-37.81782497538312,-0.0,-0.0,-1124.3933082603965,-0.0,-0.0,-529.2923669094998,-1289.2532013589728,-1878.5327083482136,-0.0,-0.0,-0.0,-1733.8194580975817,-0.0,-1149.4575858907929,22.750073940824887,-0.0,-0.0,-1191.6972340281102,-910.0162123110495,-1291.1129212944056,-381.7989117560119,-0.0,-1389.0015143665237,-280.75728621233606,-0.0,-0.0,3.9698807799316103,-38.23189957969855,-4643.285341820037,-0.0,-119.46772264008652,-31.585651294117227,431.89017126121615,-85.7534038691286,-996.6378884509246,-905.7267218081096,-450.23848417106603,-0.0,-0.0,-1798.2842889255014,-0.0,-0.0,-0.0,-0.0,-0.0,-0.0,-0.0,-168.86872097454204,-0.0,-0.0,-2002.985580304658,-7303.658735681851,-118.17612293674041,35.39529356270306,-450.80205709428543,-712.7333742433759,-113.59138445695187,-4420.407317206891,-270.73397162888944,-308.74201794199735,-0.0,-0.0,-0.0,-2034.5121880061824,-0.0,-39.08297168421236,-0.0,-0.0,-0.0,-488.4612578998452,-11.602754360272014,-277.5287569003697,-1491.839530906184,-645.7949518016835,-74.30988480496721,-2592.5759740902135,-0.0,-86.43592276297262,-2199.4981432241475,-0.0,-1119.049267463532,-76.1963028394847,-1567.6910583535619,-0.0,-0.0,-1097.6197142776139,-607.5797934953636,-34.87140077520391,-869.7333899759144,-836.1679758591317,-713.6339502124414,-169.98656954661556,-702.7956512590741,-734.773165654128,-2276.1071506975786,-1030.6150247108567,-0.0,-1572.760029274556,-368.06708817226274,-691.0601326503946,-0.0,-0.0,-1017.3625180161511,-2366.76785844603,-845.7033741911408,-0.0,-0.0,-0.0,-4028.9648769443406,-821.6707369943183,-197.80873960271583,-338.4586133730333,-42.94603102850574,-3724.8822656181246,-0.0,-0.0,-2294.6980092225103,-862.634614301826,-0.0,-0.0,-0.0,-84.59030598640032,-0.0,-1906.4506878889608,-1821.5337390153395,-0.0,-337.5488753846991,244.95033756027536,-0.0,-0.0,-0.0,-1018.1957947258334,24.019292317995824,-2447.8265103078825,-564.9901692222803,-1140.8295461823327,-688.7166793960046,-3608.8162612063356,-1661.857399016047,217.13702103692853,-0.0,-3151.4294061451,-0.0,-0.0,-0.0,-1290.980043721409,-762.1005300317894,-1567.871847822165,-0.0,-0.0,-884.1643618976476,-1523.7635015837018,-688.9062975464615,-498.8025846939219,-0.0,-0.0,-1307.1441999360957,-0.0,-0.0,-0.0,-0.0,-0.0,-0.0,-559.4400024845256,-76.23079030618887,-1343.643424428695,-0.0,-694.1389823870255,-1222.7101592621082,-34.53650827557404,-0.0,-0.0,-0.0,-0.0,-0.0,-0.0,-0.0,-0.0,-0.0,-0.0,-1169.0925004947655,-2005.6953624363603,-0.0,330.2833290694506,-0.0,-680.6503396789188,-100.4131088734293,-0.0,-766.5481553597326,-444.7561974801683,-88.06080542043604,-2006.8397764599877,-505.4545543456247,-2901.38699834359,-178.34657623986826,-2251.8992769549736,-1840.5323928249256,-905.561213248907,-4.422975039568023,-0.0,-1133.1157244870703,-2212.961067443948,-2497.475233325967,-77.89940079231087,-240.4340825625134,-1758.2085916180931,-0.0,-2677.4746881196634,-399.5210414852061,-0.0,-1721.8567100997327,-0.0,-817.2789823732861,-0.0,-2519.6205273587293,-0.0,-0.0,-90.49838612239796,-1062.921777326997,-554.0701433533221,-0.0,-1415.837547940916,78.732085431654,373.20544953616,352.9864640546059,-274.7859546740199,-1749.9481479917422,-616.0818963882004,-0.0,-0.0,-5418.54755539049,-1135.6244151528135,-0.0,485.9363678321223,-0.0,-1963.2538279725388,-521.736915035994,-710.4904673071335,-0.0,-0.0,588.5742927214914,-0.0,-891.0059572597058,-1258.1862956033851,-1898.1561890182354,-0.0,-615.8979909636784,-3158.8991401402805,-1016.5261338529853,-0.0,-1435.7815342182964,-134.9980761101102,-1193.274517243946,-0.0,-963.1327960152672,-0.0,-0.0,-0.0,-901.3816771250736,-0.0,534.7850594429719,-0.0,-390.99219038306126,-763.68598945104,-447.08737362503024,-1060.7538597682822,-638.7251313773289,-1852.6422429132738,-1234.0405925737532,-0.0,573.9639531488382,-2393.310641890524,-1632.1699443723767,-715.2183299808175,-0.0,-0.0,-0.0,-150.4581950482328,-1112.9308571072631,-306.10604358550347,-856.5907160567981,-2125.234775344754,-2939.2003098042214,144.40302013923272,820.4238479262953,708.0115024979132,-0.0,-0.0,119.99576366218733,-32.225237257959414,9583.481480932862,11246.568361519629,5832.131466037295,10855.88436728517,10578.667054889645,9718.370230945313,-0.0,-0.0,-0.0,-0.0,-0.0,-1468.0168722842589,-1404.365520902409,-947.6953099926674,-0.0,-2430.680048604335,-611.3388941356359,-1063.0519329632293,-33.305143377533284,-728.8455320342027,-1395.6266895310023,-1096.6260580224225,-1220.938596165735,-0.0,-3015.236153666084,-1871.9472152354979,-678.9405731633315,-123.78438891273483,-3351.5401943018974,-0.0,-227.5982120193805,-0.0,-11.502987675670344,-0.0,-115.34909786310007,-291.9196115026293,-1108.0437401508452,-851.8354877993534,-0.0,-0.0,-0.0,-2413.5230576555678,-0.0,-0.0,-253.56972843553427,-1024.5785536088902,-1058.5531722815465,-87.6674719061489,-1305.0174549121011,-1794.7196945933617,-326.44901614193407,-0.0,-0.0,-115.9697514143785,-1246.2856519110499,-336.1697257143248,-0.0,-5757.548581740159,298.2057595125958,-0.0,-0.0,-0.0,-35.94779854374883,-447.7074164201794,-0.0,-0.0,-1238.6509545819288,-2338.1917379825727,-1310.6365847540633,-403.50971971541685,-458.12346306673436,-489.6098028850894,497.2903379318748,-1406.1949225014762,-0.0,-571.2954276707454,-2708.725221753154,-502.6571042560961,-8.867729512904448,-0.0,-5.4744472943091145,-0.0,-0.0,-0.0,-1251.8212820033805,-412.43062930904426,-1412.0221120578385,-0.0,-0.0,-0.0,-266.302553140415,-532.1070913840409,-1483.836847411902,-2912.5844855254154,-390.4603651915232,-200.9772639476749,-0.0,865.3077294902866,-0.0,-1198.9299896903485,-165.14189803628457,-0.0,-0.0,1018.0561231350313,-0.0,-1626.2237980928162,-0.0,-0.0,-0.0,-205.59706017061202,-2071.88637345603,-1716.9617440246968,-26.858305702821433,-2380.597552117663,-1594.9599932462263,-27.254452957469283,-26.824874511661847,-75.52201831243973,-0.0,-0.0,-2107.630054659357,-0.0,-5915.2458545190875,-0.0,-1567.270813956937,-271.1679042686798,151.08033367386633,-0.0,-58.098987484818146,-1378.1707987348277,-1555.4942689750028,-549.3335636774044,-37.15817634727384,-268.2774375085881,-0.0,-0.0,-0.0,-0.0,-1255.1900027538913,-902.5400829184429,-0.0,-593.2809403964332,-1295.5724083929824,-189.90125609453887,-78.87152323558917,-0.0,-0.0,-0.0,978.9132826285016,-4.14097090637614,-0.0,-535.0385626758653,-882.7539499118998,-1462.36515510076,-0.0,-0.0,-2470.5877200701066,-0.0,-0.0,-0.0,-0.0,-682.8478750402484,1033.969955129068,1097.989059346798,1250.8755446900336,-0.0,-0.0,-0.0,-610.7778969331886,-0.0,-0.0,-377.0656481541544,-685.459186972921,-0.0,-191.60835887860458,-1413.6501766541762,-1346.5791772783002,-0.0,-0.0,-0.0,-11.34448159902635,-1508.1026199084563,-3.79537521674652,451.13740209157464,-0.0,-1766.5815582057762,-907.7835008713599,-625.0176658002372,-1726.9430598938711,90.96540985488772,-272.94467526578455,-20.713612915791543,-457.04106830884916,-435.3465282213241,-1116.7015096957987,-385.5134627805055,869.1235337122425,-1332.3320989112194,-228.5585228906095,-171.16422141250737,-4089.6497946015115,-2493.9223341676443,679.9891385680864,-1014.3491938471403,-193.25591305756618,8.194565080131332,-764.0951377661238,-1074.6600989361666,1889.5199786692058,-666.944465056304,-703.167902339068,-721.4711559102307,-0.0,-7055.6862610024855,-0.0,-533.4359206408626,-950.3040412314633,-675.2632388988301,-947.8487444918258,-1276.0516812592848,-0.0,-994.8293119009334,-165.69074761153018,-85.33892297567449,-7341.692342454834,621.7404717055769,-174.77911961918687,-0.0,-613.6775619281933,-1325.3700560542227,-0.0,-0.0,-512.6896500470955,-1865.0563820797158,-75.15822325355303,-234.69962613126697,-276.1872770861254,-1254.9758041332773,-0.0,-0.0,55.598931758561626,-0.0,-0.0,-1818.741816185616,-0.0,-1861.2313672959308,-995.693954294732,-1331.1233720985877,-0.0,-0.0,-539.9419849429139,-922.023761744823,-133.3948168769067,-0.0,-480.8029170425144,-153.12257033857125,-533.7719660411291,-0.0,-219.35886450815516,-516.3609880496016,-2332.9250831181025,-1010.8636113457795,-1452.3126097922895,-0.0,-0.0,-1479.0532636782757,-18.98687710932758,-0.0,-0.0,-1192.9480427240508,-0.0,-0.0,-0.0,-0.0,-0.0,-0.0,-0.0,-0.0,-0.0,-0.0,-112.34497423086938,-0.0,-0.0,-0.0,-0.0,-0.0,-0.0,-0.0,-0.0,-0.0,-0.0,-0.0,-328.4531601479856,-0.0,-0.0,-0.0,-0.0,-0.0,-0.0,-0.0,-0.0,-0.0,-0.0,-0.0,-0.0,-0.0,-0.0,-0.0,-0.0,-0.0,-0.0,-0.0,-0.0,-0.0,-0.0,-0.0,-0.0,-0.0,-0.0,-0.0,-0.0,-513.9933180833707,-0.0,-0.0,-0.0,-0.0,-0.0,-0.0,-0.0,-0.0,-0.0,-0.0,-0.0,-0.0,-0.0,-0.0,-0.0,-0.0,-0.0,-0.0,-0.0,-0.0,-0.0,-0.0,-0.0,-0.0,-0.0,-0.0,-0.0,-0.0,-0.0,-0.0,-0.0,-0.0,-0.0,-0.0,-0.0,-0.0,-0.0,-0.0,-0.0,-0.0,-0.0,-0.0,-0.0,-1477.5326810981492,-552.4284729536664,-1928.9050552888712,-0.0,-0.0,-0.0,-0.0,-0.0,-0.0,-0.0,-0.0,-0.0,-0.0,-0.0,-0.0,-0.0,-0.0,-0.0,-0.0,-0.0,-0.0,-0.0,-0.0,-0.0,-0.0,501.715694209148,-0.0,-0.0,-0.0,-0.0,-0.0,-0.0,-0.0,-0.0,-0.0,-0.0,858.767458079385,-0.0,-0.0,-0.0,-0.0,-0.0,-0.0,-249.29123645607035,-0.0,-0.0,-0.0,-0.0,-0.0,-0.0,-0.0,-0.0,-0.0,-0.0,-0.0,-0.0,-0.0,-0.0,-0.0,-0.0,-0.0,-0.0,-0.0,-0.0,-0.0,-0.0,-0.0,-0.0,-0.0,-0.0,-0.0,-1049.4847551912744,-0.0,-0.0,-0.0,-0.0,-0.0,-0.0,-0.0,-0.0,-0.0,-0.0,-0.0,-0.0,-0.0,-0.0,-0.0,-0.0,-0.0,-0.0,-0.0,-0.0,-0.0,-0.0,-0.0,-0.0,-0.0,-0.0,-0.0,-0.0,-0.0,-0.0,-0.0,-0.0,-0.0,-0.0,-0.0,-0.0,-0.0,-0.0,-0.0,-0.0,-0.0,-0.0,-0.0,-0.0,-0.0,-0.0,-0.0,-0.0,-783.2494205871311,-0.0,-0.0,-0.0,-0.0,-0.0,-0.0,-0.0,-0.0,-0.0,-0.0,-0.0,-0.0,-0.0,-0.0,-445.19144724848803,-0.0,-0.0,-239.61153078280122,-0.0,-0.0,-0.0,-0.0,-0.0,-0.0,333.5107926391942,-0.0,828.8008825167016,-0.0,-0.0,-0.0,-0.0,-0.0,-0.0,-0.0,-0.0,-0.0,-0.0,-0.0,-0.0,-0.0,-0.0,-0.0,-0.0,-0.0,-0.0,-0.0,-0.0,-0.0,-0.0,-0.0,-0.0,-0.0,-0.0,-0.0,-0.0,-0.0,-0.0,-0.0,-0.0,-135.8106243969344,-0.0,-0.0,-0.0,-0.0,-0.0,-0.0,-0.0,-0.0,-0.0,-0.0,-0.0,-0.0,-0.0,-0.0,-0.0,-0.0,-0.0,-0.0,-0.0,-0.0,-0.0,-0.0,-0.0,-0.0,-0.0,-871.9772805713081,-0.0,-0.0,-0.0,-0.0,-0.0,-0.0,-0.0,-0.0,-0.0,-0.0,-0.0,-0.0,-0.0,-0.0,-0.0,-0.0,-0.0,-0.0,-0.0,-0.0,-0.0,-0.0,-0.0,-0.0,-0.0,-0.0,-0.0,-0.0,-0.0,-0.0,-0.0,-0.0,-0.0,-0.0,-0.0,1261.803306498397,-0.0,-325.47374960324106,-0.0,-0.0,-0.0,-0.0,-0.0,-0.0,-0.0,-0.0,-0.0,-0.0,-0.0,-0.0,-0.0,-0.0,-0.0,-0.0,-0.0,-0.0,-0.0,-0.0,-0.0,-0.0,-0.0,-0.0,-0.0,-0.0,-0.0,-0.0,-0.0,-0.0,212.54159434597108,-0.0,2073.4647628210632,-0.0,-0.0,-0.0,-0.0,-0.0,-0.0,-0.0,-0.0,-0.0,-0.0,-0.0,-0.0,-0.0,-0.0,-0.0,-0.0,-0.0,-0.0,-0.0,-0.0,-0.0,-0.0,-0.0,-0.0,-0.0,-0.0,-0.0,-0.0,-0.0,-0.0,-0.0,-0.0,-0.0,-0.0,-0.0,-0.0,-0.0,-0.0,-2451.5193575297194,-1457.4777361730019,-0.0,-0.0,-0.0,-0.0,-0.0,-0.0,-0.0,-0.0,-0.0,-0.0,-0.0,-0.0,-0.0,-0.0,-0.0,-0.0,-0.0,-0.0,-0.0,-0.0,-0.0,-0.0,-0.0,-0.0,-0.0,-0.0,-0.0,-0.0,-0.0,-0.0,-0.0,-0.0,43.40268643789698,-0.0,-0.0,-0.0,-0.0,-0.0,-0.0,-0.0,-0.0,-0.0,-0.0,-0.0,-0.0,-0.0,-0.0,-0.0,-0.0,-0.0,-0.0,718.3389529462231,-0.0,-0.0,-0.0,-0.0,-0.0,-0.0,-0.0,-0.0,-455.39119497638524,-0.0,-0.0,-0.0,-0.0,-0.0,-0.0,-0.0,-769.0442268719651,-0.0,-0.0,-0.0,-0.0,-0.0,-0.0,-0.0,2249.6798317461416,-0.0,-0.0,-0.0,-0.0,-0.0,-0.0,-0.0,-0.0,-0.0,-0.0,-0.0,-834.7924718802042,-0.0,-0.0,-0.0,-0.0,-0.0,-0.0,-0.0,-0.0,-0.0,-0.0,-0.0,-0.0,-0.0,-0.0,-0.0,-0.0,-0.0,-0.0,-0.0,-0.0,-0.0,-0.0,-0.0,-0.0,-0.0,-0.0,-0.0,-0.0,-0.0,-0.0,-0.0,95.18935643286468,-0.0,-0.0,-0.0,-0.0,-0.0,-0.0,-0.0,-0.0,603.2300063482697,-0.0,-0.0,-0.0,-0.0,-0.0,-0.0,-0.0,-373.7198995174887,-0.0,-0.0,-0.0,-0.0,-0.0,-0.0,-0.0,-0.0,-0.0,-79.80316629777691,-0.0,-0.0,-0.0,-0.0,-0.0,-0.0,-0.0,-0.0,-0.0,-0.0,-0.0,-0.0,-0.0,-0.0,-0.0,-0.0,-0.0,-0.0,-0.0,-0.0,-0.0,-0.0,-0.0,-0.0,-0.0,-0.0,-0.0,-1848.3273637954778,-0.0,-0.0,-0.0,-0.0,-0.0,-75.11354320732356,-0.0,-0.0,-0.0,-0.0,-0.0,-0.0,-0.0,-0.0,-0.0,-0.0,-0.0,-0.0,-0.0,-0.0,-0.0,-0.0,-0.0,-0.0,-0.0,-0.0,-0.0,-0.0,-0.0,-0.0,-0.0,-0.0,-0.0,-0.0,-0.0,-0.0,-0.0,-0.0,-0.0,-0.0,-0.0,-0.0,-0.0,-0.0,-0.0,-0.0,-0.0,-0.0,-0.0,-0.0,-0.0,-0.0,-0.0,-0.0,-0.0,-0.0,-0.0,-0.0,-0.0,-0.0,-0.0,-0.0,-0.0,-0.0,-0.0,-0.0,-0.0,-0.0,-0.0,-0.0,-0.0,-0.0,-0.0,-0.0,-0.0,-0.0,-0.0,-0.0,-0.0,-0.0,-0.0,-1376.9525890572015,-0.0,-0.0,-0.0,-0.0,-0.0,-0.0,-0.0,-0.0,-0.0,-1940.732702509061,-0.0,-0.0,-0.0,-0.0,-0.0,-0.0,-0.0,-0.0,-0.0,-177.28812619522446,-0.0,-0.0,-0.0,-0.0,-0.0,-0.0,-0.0,-0.0,-0.0,-0.0,-0.0,-0.0,-0.0,-0.0,-0.0,-0.0,-0.0,-0.0,-0.0,-0.0,-0.0,-0.0,-0.0,-0.0,-0.0,391.88463978921595,-0.0,-0.0,-0.0,-0.0,-156.68066683461595,-0.0,-0.0,-0.0,-0.0,-0.0,-0.0,-0.0,-0.0,-0.0,-0.0,-0.0,-0.0,-0.0,-0.0,-0.0,-0.0,-0.0,-0.0,-0.0,-0.0,-0.0,-0.0,-0.0,-0.0,-0.0,-0.0,-0.0,-0.0,-0.0,-0.0,-0.0,-0.0,-0.0,-0.0,-0.0,-0.0,-0.0,-0.0,-0.0,-0.0,-0.0,-0.0,-0.0,-0.0,-0.0,-0.0,-0.0,-0.0,-0.0,-0.0,-0.0,-0.0,-0.0,-0.0,-0.0,-0.0,-0.0,-0.0,-0.0,-0.0,-0.0,-0.0,-0.0,-0.0,-0.0,-0.0,-0.0,-0.0,-0.0,-0.0,-0.0,-0.0,-0.0,-0.0,-0.0,-0.0,-0.0,-0.0,-0.0,-0.0,-0.0,-0.0,-0.0,-0.0,-0.0,-0.0,-0.0,-0.0,-0.0,-0.0,-0.0,-0.0,-0.0,-0.0,-0.0,-0.0,-0.0,-0.0,-0.0,-0.0,-0.0,-0.0,-0.0,-0.0,-0.0,-0.0,-0.0,-0.0,-0.0,-0.0,-0.0,-0.0,-0.0,-0.0,-0.0,-0.0,-0.0,-0.0,-0.0,-0.0,-0.0,-0.0,-0.0,-0.0,-0.0,-0.0,-0.0,-0.0,-0.0,-0.0,-0.0,-0.0,-0.0,-0.0,-0.0,-0.0,-0.0,-0.0,-0.0,-0.0,-5526.172159402543,-53.737195848898395,31706.43890882918,-3559.2393934825436,-3955.271911581632,85924.27369388765,-0.0,-6563.640052298649,848.9009976178166,1814.0004160223157,-26121.61269038908,-0.0,-5060.4382654608535,-0.0,-0.0,34557.18366017739,-12774.098401773239,3955.197106547536,6444.433407468134,-4648.26545304453,-24974.218288983564,-9520.311292280712,58.242108085614554,-102.0576384339872,-7073.001345553902,-0.0,-13256.986384398162,-20259.888682476263,15871.727331161514,-579.9191505250025,8.292951107228513,46815.33977593208,-3200.742523777321,-110696.72426472003,-3144.9337231023346,-22496.64583645223,-17237.346882489834,-6537.20524229798,-5871.252776277378,-15013.327519589191,12019.48982173076,-2419.8129967868426,-4289.143750716372,-3744.196874456206,-12867.823109754749,7345.618028043079,40184.364727157335,-875.4894876084028,63.498084648894256,20982.537307454324,5738.206761347613,-555.9210145926199,15658.034027650416,8155.572967387778,-5707.311334475557,-8022.252248593017,-4065.2143164501235,419.1183660968962,-0.0,-0.0,-281.567423523071,-8522.642824000537,-3447.200200083632,-3159.4011294357474,-1578.9482850918978,-4824.163837573881,9859.783882730819,4416.988678323706,-8611.827116711322,21008.039770845626,-21381.65595093458,-33999.352448888705,78238.81502463529,-21843.153893230283,-8937.200459183961,-2295.668602526777,-3675.712832360282,-5771.057493484326,-5656.404017980969,-36615.60423567836,-0.0,-13410.431383973926,-0.0,3007.3370379327944,-0.0,-0.0,-13910.088507548564,-1409.8470279087842,-0.0,-0.0,3973.866214112533,-0.0,-0.0,-0.0,-7389.906462451862,-4578.224248216459,-7603.164181521736,-8842.593219231218,8936.752517196503,-0.0,-29674.227185400312,42172.28452605323,-0.0,-0.0,-18943.877180578624,-11252.626972893104,180.28444995124187,51.69658925947263,-0.0,58671.29383095233,-0.0,-0.0,-0.0,-0.0,53616.51963069128,-1055.009991392464,-0.0,-10173.894407783611,-0.0,-6562.486638791926,-1349.716440915461,-3490.411216750142,-17001.499153337976,12339.646656069855,-1459.4260917478584,-8996.209388283361,-0.0,-0.0,-4849.002998786198,-6746.7689493845255,-11152.610895959408,55664.27092740678,-0.0,-196.75785840197278,12886.595564156387,3835.038624987686,-1923.6370327480304,792.8995791322603,5255.00847582011,-3533.58792381598,-93.47939213917253,-18733.89992424596,470.74412960598005,14338.43875759621,-751.3077373456451,12652.046535638765,52880.21782835863,2815.08253166851,-72.11449061603469,9266.79010841839,-1929.5252491227855,-8108.080695917191,-9362.790728124453,-17197.490386483416,-0.0,6702.585268293077,17278.466464901143,26460.576921309694,-10879.87842549503,7346.379854146802,9378.604110187482,-9397.458579335498,17602.335981684224,-15469.949048584815,-0.0,4756.377468764815,-12534.98097973994,-19156.71215696831,-8019.208764041896,23625.50707540354,3387.5482155717627,-0.0,-5789.783663837698,-0.0,-2836.5452291456218,99.34497339062773,-4050.3033942018333,-0.0,211.24718433401574,-293.5235308282464,-22228.958278016882,-14014.100142951243,24081.15157136822,-8211.38280010007,3831.2004484759505,6615.720980094453,-7654.0516097410555,-5392.471046708847,-12170.958413257002,-0.0,-2169.8868116034623,-1744.2750490079457,-0.0,1130.1661232336976,-421.06685118072323,-0.0,-0.0,-14096.623229937724,-3125.3545172127083,3120.2408922112086,-4601.196071384493,-0.0,-0.0,-0.0,61631.933242167215,23415.33241027135,-0.0,127.30219368379302,12891.348710216796,-0.0,-4443.228332673694,-2657.49805260267,-0.0,-4281.945581378723,-8142.437801635466,106875.1866209241,-11997.675517341871,-8314.275545729912,-31680.527017746652,-0.0,1517.2878114812083,3303.547346148736,-10246.920664326175,31202.831451123042,-7369.516788516759,-38046.15941042087,-13828.129858769038,-9508.104500813724,-0.0,1422.5403619948047,-4777.999390731016,23454.608535949876,-165.93114319834496,-422.4613435457014,-11210.15007945453,-9511.128834493382,29228.702970382157,-0.0,-2181.2435012982482,837.7946179106171,-0.0,-0.0,-0.0,-0.0,-0.0,-0.0,-0.0,-0.0,-0.0,-0.0,-0.0,-0.0,-0.0,-0.0,-1967.8957879787395,-0.0,-0.0,3477.482306287484,-14279.47689473305,-652.9346355517938,-9452.481639715495,24129.22797669124,9100.4879541535,-4118.002941722441,3515.2364859624968,39399.07666558444,-0.0,-0.0,-4624.4934395126575,2899.3317232396166,-7015.357175331711,-9618.649872757032,-0.0,-39.27545698900118,9210.835481816704,-5192.9412299521355,-2710.6945965350415,3576.5116311867605,-26049.624774609205,30580.456963909535,-6333.224048777816,-1137.3487761659285,14993.759157590486,-0.0,-0.0,-0.0,-0.0,-0.0,-0.0,894.1268470089045,48135.05204655113,-9258.53610707886,-11315.924768036242,-8754.73200818076,-0.0,-9512.302419385489,-13599.19547149967,-0.0,-0.0,-0.0,441.86458979342586,437.3084795757834,748.788115734864,2661.812402119934,-0.0,3671.3890098880916,865.5975934211689,848.6484018752824,753.0746156947895,763.8935866412886,2906.5590935027553,1863.1597632862558,3007.1515094910633,2319.8985354327315,2746.1629262448187,3268.9145945039636,35247.65279464233,38485.080371987235,37998.579777049235,34886.627714100825,9088.436350617752,8787.21918599759,8945.956723064428,9648.410190606917,5609.129888140037,2092.9911229988375,2076.0696466081436,2329.721842787203,2379.96207592022,2260.715919598978,5443.722966961792,4310.277438971894,1266.3566346748048,1531.3148111901235,654.1509473183194,373.4322287247755,554.2987220277412,40926.957508514286,35540.95578325392,39399.92874014458,34658.7861911875,52661.505256975164,56652.28747931273,1329.2118105183383,1170.2076214033789,1218.2123850971536,1283.5935130859154,1125.6874929062415,1133.0909801078926,567.681752880034,55582.03988589458,53197.406844842095,48200.899083073884,2580.812968289517,2948.7094528290863,2962.850005782569,-0.0,7918.289307349471,8795.511508573822,40458.744274790006,35372.82542401747,37322.54492599941,61960.16073548712,62647.20726708431,62447.09541030092,63099.06458460933,2501.11956894874,2546.426417214661,5012.384853475653,-0.0,20917.877985204657,20851.091029447303,-0.0,1499.880497207346,1566.633236629493,1618.8549529535687,1687.713973171171,1525.6701520825181,1464.1256906708923,34454.65568455014,40765.00837899175,41170.55550966592,38532.201853559134,1165.5639530381773,1104.1784051145034,-0.0,-0.0,17407.407542664307,32785.64835787882,37322.731854761856,34041.72374146888,36984.17282420247,-0.0,56623.73961338041,50630.86440926354,974.0312902071114,2069.700559926999,1969.515864335278,2112.794332623018,2213.242512737338,2487.2361079936004,48806.09499111164,54028.99210289306,-0.0,-0.0,17753.42064858647,1060.5232506480922,37201.2432654671,39570.81585407656,38894.148464089056,37174.9067170774,34906.19313477375,35776.40578274488,-0.0,16883.32046529333,10747.608118362037,-0.0,-0.0,1494.8855622261083,1443.9404359796306,758.9918773412234,810.4524049235073,475.7065217641187,439.9392460848282,-0.0,1175.0094573904466,1162.7253892618253,1030.4825035413874,1197.254773897661,-0.0,1761.032180747691,1754.0312005520993,1835.3670428004946,2225.430955861174,2201.7040924987964,2255.943014462084,908.5807686090202,825.5051128131673,897.4243099862922,1408.7832176810473,1085.2347025835386,1016.1224390421056,926.7337823526402,1051.0861547558115,8301.302729129226,7611.096064660124,249.1889841750688,256.9034886255231,3751.669931596108,16881.651786313236,1429.8019917173954,1469.4998868245425,-0.0,-0.0,7564.072263823227,7696.389834045087,8497.721937913911,7799.7000277926045,1975.6045675991988,1985.673649221362,36489.44530812686,36654.00786199517,8283.699047056913,8071.917427437041,-0.0,56235.73428890128,2020.1833589470125,2133.8499891066044,1161.9537925445118,49287.10786432775,49067.01614049702,54962.64174747806,54108.96491337452,193.46777435487272,59648.82808968606,52126.13545165271,-0.0,-0.0,24420.91674960119,-0.0,1208.8869285408475,1112.3857123723126,1200.9752554037968,2513.6444850800535,8994.76189368942,17138.274538349724,1692.2170333224092,1865.7000778251836,24.572824726235755,719.8374314067394,686.214137747925,17265.17967268107,1609.516670853231,-0.0,-0.0,-0.0,1096.9899661911227,-0.0,1207.8713979210993,-0.0,5929.763576856325,6217.491506972872,5490.054872994533,5760.9522843699,914.6005525717914,-0.0,851.118322829153,-0.0,-0.0,967.2350627325518,1116.6640516941977,926.7823060203913,834.0187030526514,868.7578516551275,854.3904185059624,1915.2337500126391,1853.5390497272938,1665.291657537897,-0.0,3010.5785900412825,2784.7231344809697,2886.8294609608547,3137.4024108970216,4738.738275692792,54076.82258669327,49843.8161505144,11919.350888426263,22413.788801845927,17094.10877858027,16927.29770673581,1700.036864199644,1728.1403306260586,855.2199755262818,896.7839870923183,2235.491900948455,-0.0,38255.168194903476,34367.768298023184,1245.4540357617116,1135.920267342797,1076.3268001385518,5386.281016901434,2968.52852530911,3274.3299041606433,35507.08645534835,34392.93077031155,36871.73650849138,39220.86126895114,-0.0,-0.0,-0.0,2659.5740237701607,2503.6523341840093,2382.0457249808555,10371.34345545185,7874.778116403944,6492.517704137354,2256.9206447492434,2429.634156998866
11,-0.0,-0.0,-652.8266523491217,-2145.101701737398,-515.1842978189615,-587.9305765711574,-95.73339504385814,-662.971880431433,-655.5069711379416,-0.0,-1272.2794827056716,-0.0,-0.0,-2755.2589989600224,-0.0,-625.9552368139578,-496.8472921143325,-0.0,-42.819373740610246,-247.27902098971143,-313.72429714511736,-800.4122863073942,-843.7851773906242,-696.7482231477278,-2255.892234664288,-655.3441577889498,-0.0,-41.17780168459481,-2923.8672588103495,-1644.8034194799236,-0.0,-0.0,-0.0,-0.0,-0.0,-0.0,102.96941210403905,-206.12403595445474,-1926.4080823645745,-1611.3155513697982,-0.0,-0.0,-129.21042047104112,-601.9843773254521,-144.64023493476316,-0.0,686.3569186408295,-1547.501256929471,-410.9812930478548,-0.0,-0.0,-263.9010278446733,-0.0,-12.066839570441457,-1971.332855050632,-2878.401868706991,190.635407566493,-5924.815859249616,-211.68861273107623,-0.0,-1762.3953072711329,-0.0,-758.74136901617,-2677.6050091775733,-513.2652245113993,-509.4234784870318,-42.054356814154595,-2025.2282688778494,-911.7774964829534,-440.3289137035989,-3166.106995683609,-0.0,-0.0,-2563.2162099670613,-1119.348101103792,-245.8064343753901,-1649.7562290452875,-0.0,-0.0,-1242.3312115129327,-1436.501204549234,-434.2733784969443,-3602.5046344250472,3.964107607706283,-28.845508885934194,-1840.7214393289407,-0.0,-643.2053586012034,-1095.8840358229747,-9.078641335545775,-0.0,-1294.333654264926,-88.28470410733946,-746.7010893898546,-2353.8866683062415,-38.50603599409943,-2485.61664375725,-394.207288106525,-1641.181837332546,-2786.019344849071,-701.1073684380018,781.6463644654737,-510.04103702989187,-0.0,-1437.3830364372702,-2487.503618810581,-4413.054924299737,-528.1597563723134,-2831.2574238837874,-0.0,-1631.563714681654,-0.0,-0.0,-610.8682075401405,-0.0,-0.0,-633.31890415487,-76.51612228899026,-1532.5652211395297,-995.7267109762478,-854.188504767832,245.27686737350723,-517.17616075279,-348.7217267429489,-198.61120545609893,-8.355717281047799,-658.1338160839638,-535.9917653495148,-788.6826749282111,-0.0,-4960.595765835234,127.8159862734865,-118.45838924624431,-4155.584462487814,-0.0,-1023.895245988167,-65.2425254534595,-0.0,-326.2285233174151,-0.0,-0.0,-934.5749028240166,-0.0,-635.9282089717209,-1027.2444295933092,-0.0,-1358.0050567712015,-261.24857135683465,-741.0764521430674,-1976.4901036617432,-0.0,-1793.738574577317,-1094.7936880951547,-0.0,-0.0,-0.0,-0.0,703.4307156661297,-0.0,-1837.3235534908347,-1954.666253702979,13.73560139866677,-0.0,-0.0,-747.5779257450791,-518.024201485887,-787.2398739375525,-0.0,-435.42641245126805,-3237.3902971272837,-1165.522306549334,-0.0,-1073.8456529200225,-2521.172410840766,-0.0,-0.0,-0.0,-0.0,-0.0,-0.0,-569.8561083785576,-722.0564462438723,-208.20685211716562,-211.52235472439992,-1244.2523759783078,-53.509333062193825,-0.0,-0.0,-701.4094073727192,-0.0,-670.176427901104,-31.305420883452037,-4.102572493679355,5.451879659132807,-0.0,-0.0,-1083.2835442147766,-508.4181809004314,-477.137375527909,-0.0,-3085.718040632049,-1964.8334929726013,-1259.0542970605263,-0.0,-0.0,-2080.5072379849007,-1505.9388087019736,-726.7473801133416,-94.63224006615094,-1741.7474815083615,-1346.2655016637432,-0.0,-0.0,-1781.3332635721888,-0.0,-817.0560420161007,-1241.4461256889833,-126.97826941062861,-454.6203521329166,-640.9557864542935,-572.6554745342962,-0.0,-1715.932485078073,-0.0,-2883.5460148626184,-3317.997476734757,-204.92691459178357,-430.26954854405733,-544.1473200493552,-0.0,-320.7901927605427,-271.89092913264597,-0.0,-933.3292758900033,-711.2340706042671,-1104.8217671182142,-1964.9215384449956,-1080.5146813540343,-2248.8243691086586,-1969.7387319415702,-2130.1249194946436,-2212.15013816808,-1221.4557924683882,-2386.1448746646956,-558.1232352596076,-553.5917001081322,-0.0,-1306.3703448651274,-1086.766985025224,-1253.8311511363588,-398.16086568088105,-399.7717780560306,-2057.847476410127,-820.2016225334636,-395.3470111487267,741.7357580218967,-0.0,1103.777999269622,-1302.7430184262475,-0.0,-0.0,-0.0,-0.0,-0.0,-0.0,-1347.0846901009907,-2518.7410573391094,-513.3596548999535,-1061.1883530745679,-0.0,-0.0,-1745.358854846681,-1153.7847760929183,-2268.614605459889,-0.0,-0.0,-146.19748163607971,-64.14468796788498,-455.39138607876725,-1678.4280243457806,-519.0495197311226,-0.0,-496.5513951027255,-759.5468785364606,64.66659983203748,-1303.144354264367,-1576.8059006390465,-1388.7435611186972,-1857.5336884860603,-287.2246247614699,-711.5127996047888,-45.07288642796946,-1907.5902115819651,-0.0,-936.9704950681554,-169.0302272279846,-78.64148300634656,-596.392485588277,-0.0,-2053.48392497648,-128.02528996103914,-644.9484312024338,-1862.831742468358,-1377.8804153869755,-0.0,-643.9937400042502,-888.1070406500899,-25.600887670656178,-310.39897136850266,-501.54998149385204,-53.040995800464444,718.2016734545874,-1235.837302898921,-0.0,-981.1961815703279,-1389.6689835191667,-0.0,-519.0250340517799,-0.0,-1390.8082549956796,-0.0,-0.0,-0.0,-1295.845688496912,-723.6277540012276,-452.7846390157565,-0.0,-1764.6878036724827,-3206.3344038523123,-3347.7765822533597,-0.0,-387.8339508313472,-0.0,-313.25362259014,-126.10605674346735,246.57402210945264,-566.9478230491776,-0.0,-724.5061847660102,-999.4031202174195,-326.95345088563096,-617.9263591174056,-0.0,-482.7741825838961,-896.7142174428762,-541.1646926119174,27.430842835475673,-2452.4005567606087,-0.0,-0.0,-1609.7695666403247,-235.55983194892207,-1311.8260746817411,-97.80055007656891,-132.45775467078087,-252.21315799745778,-618.7747475009985,-978.2522035411519,-1419.2389506122122,-2444.6662624185074,-0.0,-0.0,-394.9100906618227,5245.746086201657,4.551354209690907,-0.0,-0.0,-0.0,-0.0,-2662.4033088076535,-472.3994692268368,-0.0,-993.3006781265029,-1021.7501103877821,-678.6765573628147,-2350.541612556513,-253.25315533244884,-1249.0489003547625,-0.0,-0.0,-2119.0830645690007,-757.854973618801,-2000.913229972321,-810.0669132101198,-791.0776901359118,-1998.5512364991016,-208.04207183499773,-1922.8836254571786,-1253.236464589142,-30.99624689892908,-971.1249739519996,-1243.145363735136,-227.49290281249276,-266.9065159836113,-1888.470328598427,-0.0,-563.2642362249003,-258.9232421134862,-32.072329333120635,-846.9196318253074,-198.9411436698061,-872.5195358419874,-923.1931508763892,-1282.7000126401342,-228.94923645444365,-2614.6789807830764,-66.17571052761537,-536.4076877322615,-0.0,-939.5195654225747,-672.2846622774456,-1083.9626363789575,-1227.5120284282002,15.358119547633326,-394.43277462438795,-2979.397580215087,-833.7822861174325,-386.66148040300715,-1218.7093912810756,176.3635233532372,-0.0,-0.0,-0.0,-0.0,-0.0,-0.0,-13.077211750721018,-168.0135412450255,-2630.8869567811303,-4724.419628402926,-595.7700184147868,-1160.1763320424377,-148.9696849089347,-607.9717600232666,-1526.0354927682126,-1192.082895854552,-42.4570281032705,-495.2806183429886,-576.5278853994496,-0.0,-107.73957800602025,-1261.0038326543356,-565.4352619436988,-0.0,-1085.9120087792085,-0.0,790.3907857384039,-0.0,-0.0,-0.0,-44.60657762303268,-0.0,-0.0,-1071.1103272954995,-440.6022106348903,-1307.53711270634,-0.0,-0.0,-0.0,-856.8981955677195,-545.6257732149559,-1413.344487538362,35.69270236128212,278.4919610977782,-0.0,-0.0,-3205.718017560761,-1284.730050424308,25.254934729691044,-53.22860279778387,13.285428056360999,-21403.971944450725,-22244.365741235855,-2650.517711148713,-0.0,-0.0,-0.0,-0.0,-460.13036139559455,-0.0,-0.0,-608.9880078121495,-2554.0333004940458,-2171.0471300871845,-1574.8113409924124,-351.05454778272104,-1842.89626362892,-30.21278827706728,-1330.671662963221,1072.005621942145,-8.095070647869436,-1084.9845838067731,3.970603748600046,-0.0,-0.0,-0.0,-0.0,-174.13692841352673,-0.0,-0.0,-0.0,-974.0677786010551,-1541.4002059969862,-0.0,-0.0,-265.1433223646524,-2336.993700494897,-0.0,-1581.3790781923512,-1802.429986939506,-2003.6946428938481,-0.0,-0.0,-116.37788116034929,-86.34272432977279,-1209.9719686777362,-1621.6394466381819,-609.6903985674406,-1326.3232456347566,-1248.2647425521234,-0.0,-0.0,-0.0,-0.0,-454.4666273383207,-242.52967567021457,-0.0,-0.0,-108.11489664396674,224.52935789125382,-0.0,-1211.8676989298083,-1114.2932406129457,-1061.1867653418776,-0.0,-0.0,-756.5578511578552,-1357.883100667888,-755.1358562238885,-457.5712867535818,-0.0,-2450.7094841659846,-2289.8880881771674,-0.0,-0.0,-0.0,-0.0,-0.0,-1437.2630027368348,-0.0,-2069.065566467866,-1435.9106486890369,-77.11880273246435,-0.0,-0.0,-0.0,-2776.2537993819797,-1557.4631266792883,-666.1700901379446,-513.7280742507746,-1128.285994539923,-797.3353205962532,-0.0,-0.0,-731.9634220762119,-1548.3986235275127,-78.52987359520205,-489.45166944962847,-0.0,-863.733963748785,-692.6523968060384,-1623.599684401174,-0.0,-328.02153654885615,-131.77198141215925,-340.68627719863923,-1646.5832363106304,-338.3617341926153,-0.0,-0.0,-0.0,-0.0,125.878111172672,-178.70264370441382,-877.0694567625956,-1385.4518956082518,-1244.7293850996077,-521.0534220974193,-620.6290088567946,-5923.730272513977,-1020.6996587694421,-673.4322336102115,-0.0,-0.0,-0.0,-282.3060591866889,-378.48420780818503,-1360.5693668606896,-348.7563427285663,-0.0,33.13128765194371,-0.0,-0.0,-0.0,-0.0,-0.0,-0.0,-0.0,-101.56641978400809,1517.9847907671772,-0.0,-1648.0046179775154,-708.5793293711413,-460.7657063020512,-1671.448210911434,-0.0,-0.0,-624.2698252279866,-749.9750627093906,-143.13899668149196,-129.27505758746037,-144.00790639231917,-579.7058377531965,-154.47688375827673,-2187.237416142993,-410.307235827676,-446.84359478184797,-0.0,-0.0,-1516.2572326011973,-2986.3412628830033,30.062015476069696,-560.2156326785805,-357.3243336586783,-938.105734384052,-1187.0248409263586,-852.1350491700583,-313.4805886805873,-161.05180260665315,-1540.0497011463267,-0.0,-0.0,-0.0,-0.0,-0.0,7657.998991712121,-90.99542702449361,-583.3621355443179,-649.6370223572806,-1127.486449102873,-1412.5815408072606,-1355.9490743394042,-1807.3417892330071,-2330.8499348492023,-493.74158652879095,-0.0,-0.0,-1658.3614469458926,-0.0,-0.0,-287.06372527081044,-1885.8008252518368,-1445.9605133265018,-520.7814558059256,-69.38155105118074,-1969.2774145419648,-0.0,-1495.1200251447212,-0.0,-0.0,-0.0,-0.0,-0.0,-0.0,-593.8130532707759,-1347.5978414942297,-1088.7937435483689,-104.19156105878118,-269.38798425456747,-630.0029107138055,57.629479426243535,-0.0,-0.0,-600.3968067726274,-636.0832158879882,-4055.0339542855922,-0.0,-1578.9253201835656,269.49997046001965,136.09809059528047,-0.0,123.84019895723948,-191.48057487270907,-169.4476524490099,-514.5416643989095,-0.0,-2015.2309875419342,-0.0,-0.0,-1212.4889508831939,-0.0,2544.454803393773,2425.4305011419333,2404.901871347931,-0.0,-0.0,-1937.5971265315156,-0.0,-0.0,-385.26733635694757,-1017.8299818371548,-848.9511037874503,-1103.587770246423,-1307.6459513851623,-0.0,-0.0,-0.0,-0.0,-652.4953126521823,8.032631846967167,-62.33788796551748,-1317.4080216820096,-1091.738165816865,-435.63056901654886,-1565.5497955574074,-0.0,-2234.54835763923,-1353.9633613928504,-1548.8140746505383,-434.32076997344706,-407.3233484081088,-0.0,-1286.1793575468191,-831.4989323218571,-1037.4150490930356,-2030.3034220586635,-591.9636199850135,1077.007065661079,503.5349119389242,-378.159091568001,-1201.3055126008976,-0.0,-1792.4778555450516,-3313.0402045875917,-514.4268941961454,-493.9774656483275,-0.0,-0.0,-0.0,209.5611732647575,-381.84435097179914,-488.9678135535126,-161.16169887817475,-557.7342728562813,-565.6890654188605,-0.0,-437.3520432728353,-959.0303901436873,-741.1213620309838,-0.0,-2244.099199232223,-5150.76215120094,-0.0,-0.0,728.1748680686583,627.8811687480097,-0.0,-0.0,-723.3428267782658,-897.2044257994496,-354.07134793596464,-727.4633669743178,-0.0,-0.0,-0.0,-0.0,-0.0,-2753.482228158767,-422.24205284745966,-1879.5415840738779,-1085.5121332204315,-0.0,-402.70352698609463,-490.1019282223997,-0.0,-246.0149781033013,-870.9508750577235,-1216.853019935333,-4657.186273469175,-82.26346616718374,-0.0,-0.0,367.2382368786249,955.2863565585435,-0.0,-0.0,-406.59493947825183,-0.0,-0.0,-0.0,-2680.267889952477,-0.0,-581.5030119748059,-0.0,-0.0,1896.37121148272,2176.2253407483304,1932.1875882978397,-0.0,-0.0,-435.5600004433595,875.8149495713752,-2389.01133542442,26.86361246672967,85.88649229289842,-2740.2165438348748,-109.36990939472271,-191.35843189491987,-622.1380898950224,928.685598490609,3934.088657646528,-3263.4254966861904,-0.0,-0.0,-1075.6323293173343,-1794.1821657702494,-1281.704743943884,-284.54919078879516,-47.36724890966818,-0.0,-0.0,-0.0,-0.0,-2125.3464323448325,329.4050724236549,-0.0,-4.198851497761051,-0.0,-1599.1120369619814,-2045.8703668126557,196.0162974525822,-0.0,-0.0,-394.69594195628264,-0.0,-1955.293651081709,-93.54812752873724,-1058.5148806397647,-435.3863878801262,-1287.1982538660625,-801.5937718180332,-1231.6313232663545,-653.8017972115135,-0.0,-0.0,-0.0,-129.27133816500796,-0.0,-0.0,-276.052533788035,-465.39750596056757,-768.830570836374,-0.0,-1773.897840696056,-1116.2753011141906,-951.0196234928652,-8.633726014913465,-7.62711304846283,327.14226775257936,39.087433829215314,-0.0,-0.0,-12.964914456363388,-1782.2164585651167,-720.0474674836464,-891.2341274535811,111.9378315799167,-2268.1197869194784,-2059.331676129502,-1054.6263640188122,-1019.8668304107234,-42.3102172271565,-586.3759830221483,-767.1516346574892,-1373.0209237918752,-2182.6567149525176,-0.0,-1930.9194101424673,-159.28378702450544,-0.0,-2631.9847383094047,-2911.3028817086856,-2315.3353819431663,1835.661243715726,-0.0,-1627.1210303481166,-228.35487411074033,-1343.0026778610036,-711.2932801824635,-140.2405464349324,-2187.648144919757,101.41676006013678,1652.207846935244,-0.0,-200.08567967635284,-426.59830007452325,-1167.7754790701213,-1106.8542549689848,-1803.1419413608483,-4284.819991299621,-0.0,-631.2816235717168,-1501.0173171801644,-780.384035424615,-241.03883589503465,-29.00055601840178,-291.4290712068162,-0.0,-0.0,-0.0,-0.0,-358.2135586206086,-1401.648379781535,-944.9759465885551,-68.10573523783091,-525.5468392041109,176.98991563025086,-0.0,-0.0,-1060.004373325006,-546.0211720785187,-0.0,-2175.2409738693736,-100.10842455284079,-1324.1133675250528,-0.0,-213.0835812354389,-194.3700463527112,-0.0,-0.0,-486.177112568307,-0.0,-0.0,-4570.797760588967,-221.09571171321397,-2261.1712192590944,-0.0,-0.0,-108.0586187698876,-1465.1141943363912,-730.2628968481081,-430.7792453850386,-1426.1987243901276,-0.0,-789.6939770051158,-0.0,-540.6671758409093,-0.0,-0.0,-225.56675074381113,-98.66888130581646,12.065967171478619,-357.3003665609575,-1526.644780153259,-2063.0795092237877,-0.0,-0.0,-0.0,-24.120083404587547,-443.17110834226725,-0.0,-1730.5264546467145,-2611.964656668689,-0.0,-0.0,-71.34704850545936,-1442.605442217532,126.57631011712732,-0.0,-0.0,-0.0,-0.0,-560.3779704039663,-2560.013870054113,-242.85862354145064,-1265.124612167103,-0.0,-0.0,-773.935796823029,-548.6519287041784,-354.46177525323725,40.08776466893616,-0.0,-0.0,-0.0,-923.2242592635747,-688.677935052597,-553.0771919723944,-339.5158828478752,-0.0,-0.0,-0.0,-0.0,-2290.7222950536225,-87.64572316686946,-23.764358585293234,-0.0,-0.0,-714.9896935541329,-448.9737886148339,-0.0,-2046.9779670988655,-4673.0311547881865,121.48900959031087,-1308.164012805708,-0.0,-0.0,74.06639862317397,-457.74382752818997,-1775.9017530750314,-549.7265413402555,-2762.485679455263,-1453.0475406515786,-819.5649332968585,-1694.1642698726885,-0.0,-0.0,-0.0,-40.02964356232549,-1208.3563893282899,-0.0,-0.0,-3103.02648062148,-91.53301142640952,-1589.8114027483048,-821.4229456984024,-0.0,-0.0,-0.0,-0.0,-0.0,-0.0,-744.1207672754211,-0.0,-1822.789193377659,-0.0,60.60082653589598,-1415.2283354951378,-0.0,-0.0,-0.0,-2526.0100837328373,-0.0,-0.0,-568.7505539774556,-0.0,-0.0,-1172.959385298854,-619.7329092301927,-0.0,-0.0,-175.41073676902067,-2227.7495252639446,-0.0,-1074.864076675164,-841.9030630661254,852.3824815412567,-193.1363738640017,-0.0,-600.1652372613332,-2.6397288733230297,-0.0,-24.088915131860738,-0.0,-385.89453802794384,-0.0,-0.0,-0.0,-0.0,740.0483740270711,703.354096309238,-973.8417884116463,-1782.5968963150692,-0.0,83.28787907249605,-4.396673738343538,-76.84759594404495,-931.5073542493764,135.8785564814034,-527.4615944537001,-407.52311040843904,-178.85089862416677,-3778.3438176321233,-0.0,-256.21799297870757,-1873.916201784067,-2554.6462052369225,-0.0,-1282.8955318929002,-1574.1965874850275,-2221.7955372705824,-783.8960856679261,-0.0,-906.4067315268442,-756.1909431210382,-822.9585346941778,-1414.3777911983557,-1091.244762629611,-0.0,-131.45719009444662,-1163.6991420054608,-0.0,1143.2597404488536,-468.24248360104326,767.2415609597999,-0.0,-0.0,-108.45914902541129,-37.706026953048884,-2394.068965750035,-1066.7593011894892,-0.0,-905.8584371864957,-3081.1959388995188,-927.909775300177,-954.7962934632677,-1310.3466931487148,-427.8366908435268,11.310427188386008,-41.93273861556139,-0.0,-0.0,-982.4419092763394,-87.97176502273095,-0.0,-0.0,-2087.9443528732636,-801.0242763388616,-690.5099327043648,-1925.8056826542852,-98.96278567026586,-20.765784312434555,-2605.853541147892,-888.3925798093372,-603.9026163637542,-1045.8837461340004,-0.0,-2375.647720583981,-448.82097745953814,-1285.2969537379656,-1476.5655015688424,-345.01837588739835,-561.6999121752112,-1782.772295346175,-446.2010483944224,-0.0,-0.0,-0.0,-1390.6077064272718,-0.0,-3307.790095532368,-1345.039737382629,-1569.4554961186204,-0.0,-0.0,-0.0,-0.0,-0.0,-132.7345432034795,-0.0,-265.51069492467235,-981.2196437026689,-407.32796011949625,-0.0,-0.0,11.540054865169894,-0.0,-0.0,42.57164046647653,-268.7305680548095,-0.0,-534.1404214908815,-0.0,-0.0,-91.5243793053658,-12.044807443698815,-2913.2774653036986,-2311.6623130485327,45.10351579409208,-7597.57814242892,-913.9419526818383,-667.824331605218,-0.0,-918.7345113343996,-1613.3104763257375,-0.0,-0.0,-0.0,29.507925465171184,-0.0,-1451.9262322630382,-0.0,-1473.2557812914827,-0.0,-0.0,-2292.8259335956013,-404.6412859763709,-756.5003429080111,-0.0,-0.0,-0.0,-0.0,-284.9432625559745,-764.6514329823583,1467.4136073310644,997.1897040592263,-811.4299566685412,-8.996214856783451,-0.0,-344.2112089367351,-342.4293141300619,-1840.2688009043557,-491.74281397941985,-127.05974118788228,-1134.0308887557749,-1584.7832645407927,-989.4055470286037,-729.1092313534435,-0.0,-0.0,-0.0,-84.00422598791214,-0.0,-1797.0655379082873,-625.7516994434641,-0.0,-1932.8455002148287,-1263.4184572649403,-0.0,-0.0,-0.0,-0.0,-0.0,-1163.0403246857607,-0.0,-295.28751979581233,-1937.7924627196373,-0.0,-1135.2298977225919,-0.0,-0.0,-0.0,-2496.548819822763,-1372.7488027931272,-1094.6156574982829,-2757.4915342516742,-0.0,-0.0,-0.0,-83.3471861073873,-525.3514901617572,3.99413424501779,-458.69067241761815,-312.7766530219213,-0.0,-0.0,-339.6781402805164,-1462.7023002604099,-4061.879330841078,-0.0,-426.87049357692933,-1391.3337816918206,-424.8842430955278,-505.0324865404196,-0.0,-0.0,-0.0,-1945.7633276866538,-2009.8778716104011,-44.400391456707645,-1789.5456819154338,-537.0632649398748,-364.7943007345836,-9.027194078170947,-1210.2448848231356,-0.0,-2111.310636999601,-0.0,-527.9939232902291,-0.0,84.31119152315706,-0.0,-0.0,-563.9150588272109,-847.3662830749487,-8.044414065980359,-0.0,1327.423292054422,-0.0,-0.0,-1888.40575899876,-1428.0256264711622,-1177.515572720906,-0.0,-379.92739172876924,-653.1351123805558,-1525.982973410614,-0.0,-0.0,114.96893899143372,-731.6318484488974,-0.0,-0.0,3.9284415122897896,700.2303037715401,12.293440881265434,-1532.9666367294774,-0.0,-0.0,-1846.6770104263398,-1755.2744284815103,-85.67337053510066,-0.0,-174.2462236971335,-770.5562751538218,-1167.4481862777016,-1698.092528004348,-0.0,-939.99620212172,-6.6745168662668135,-0.0,-1716.246191106433,-0.0,-0.0,-0.0,-0.0,-620.2571217542097,3.8174971093910295,-16.95695926494412,-0.0,-0.0,-601.7177392060892,-0.0,-0.0,789.8488410079453,-1080.6199704296819,-54.63557728455286,-2060.3991299209565,-0.0,-0.0,-676.4156082215139,-0.0,-286.85470029002244,-1198.5342430502926,-1051.910512845305,-1174.0317309614168,-0.0,-0.0,1514.2241113841708,-0.0,1054.4635670547993,954.7177712472518,-42.84427995693009,-883.1170754121024,-0.0,-0.0,-107.75792694343117,226.35675054830682,-841.3012772656497,-388.973123669154,-1097.5732185775366,-2790.742096083998,-2008.870219591177,-0.0,-0.0,-279.72669100500445,-5382.494466247153,-636.1369839629414,-574.3204649775234,-0.0,-0.0,-624.7649574327735,-0.0,-1081.8311711818255,-1341.6309332312373,-799.3648470523328,-0.0,-0.0,-58.90972447031432,-0.0,-174.82307163621803,-1472.7564283814568,35.02220010366017,-675.2733855359093,-461.60949134255986,-257.65522961521845,-674.384226520883,-2382.770430553405,-17.351554210987942,-1236.7262066752846,47.642494264120174,-1030.8416925253798,-321.6202836324381,-0.0,-0.0,-238.68577324556637,-0.0,-0.0,-1701.821991454257,-672.7852083297621,-0.0,-882.1582507071789,-527.2414486005089,-0.0,-0.0,-1475.703686533433,-840.2261066732777,-1580.3143537834314,-1406.104774415967,-0.0,-110.33560816060769,-3195.9217477557113,-1097.6457385935246,-286.92491044107265,1652.3804918930061,-1891.1989571859192,-1285.813488728779,4.34114129409154,-910.1190633975041,9.125057957584081,-1872.245505251217,-0.0,-3843.4840478648753,-841.1322385640735,-0.0,-1623.5184486552937,-1515.099449294431,-0.0,-197.21126811890696,-933.6250160492561,-1227.5271196049198,-1452.1106745073098,-784.8855252546412,-540.752036982674,-544.892746200381,-0.0,-152.94917138737605,-0.0,-2534.3881810582616,15.38593456633563,-3618.774632035786,-842.2431890063899,-42.473589282208906,-37.60628540703789,-1430.9109628548983,-852.7113492358529,-0.0,-436.80777200033776,-0.0,-0.0,-803.6279138051831,-0.0,-0.0,-0.0,-0.0,-0.0,-0.0,-0.0,-778.4975128326332,-499.12963871930043,-2814.568029483642,-2478.0182939805427,-0.0,-0.0,-1188.485943264877,-2049.356688641978,-517.6604359511334,-189.6115063636189,26.233856175769425,-0.0,-1413.133063710695,-0.0,-2472.869071135107,-0.0,-0.0,-0.0,-0.0,-1968.0447895437494,-233.6403852586949,-465.9716375586705,-1119.771657030886,-1383.6140255921443,-1123.317267524291,-762.9198636511933,-1229.450025895169,-0.0,-0.0,-0.0,-0.0,-602.8419720720789,-440.04006923074087,-1414.2840975617935,-0.0,-723.5421854233063,-6504.520908880976,-626.0815151190654,-819.1274033184174,-2960.3783357763978,-836.6259200190171,-0.0,-543.2325467130065,-578.6836415991387,-1169.0203934019466,-613.4435502476005,-1523.2562940598773,-1748.9344626793868,-0.0,-0.0,-0.0,-0.0,-1647.455223971841,8459.708240795764,6917.503312699049,-0.0,-0.0,-0.0,-0.0,-2100.4414483621845,-1186.0789669817038,-88.5351393532604,-1450.5719192568931,-833.8772188246618,-0.0,-0.0,-0.0,-0.0,-748.7692180099758,-0.0,-1921.3255959913204,-243.90269622961756,-0.0,-0.0,-0.0,-0.0,-134.40654881550404,-539.7970685705653,-409.7329173127986,-890.1228463710614,-1189.5911821961624,-1151.158373967936,-1126.4523344033037,-306.0132820926377,-1536.9185392624881,-1483.3623978794863,-1186.0040347019192,-1570.3252627220445,-39.728868117145325,-1233.9366117443212,-1043.5833949683617,-953.539964312084,-1597.5276908788903,-353.08670551422114,-2284.4312661287504,-1542.3584001992385,-1934.736829625168,-609.6818658973251,-563.5203568720561,-1087.2006788385102,-0.0,-1092.2124643827656,-0.0,-3433.794893155653,-804.0584079286984,-281.6701753581025,-1923.154826927515,-1547.8886217811162,-1165.568503389805,-0.0,-0.0,-0.0,-0.0,-837.4341095485585,-3682.2480795852102,-1730.15285464499,-0.0,-0.0,-1163.4348474021317,-0.0,-0.0,-1236.5902318106673,-531.9899319305925,-1115.3067076535801,-578.1638149729952,540.6574976112461,-1114.9324684991432,-589.6364323764375,-1573.3916018455204,-0.0,1419.8755025315672,-0.0,-0.0,-1178.8437502064457,-5652.706037949496,-0.0,1700.6640979223978,359.93181589556997,-897.8977570183741,-236.93136047846895,-0.0,-1808.092204351922,-1020.3170833349861,-2228.6203986012383,-2128.8742527510312,-375.8008560058334,-0.0,-470.09770871760696,-166.4332844625676,-0.0,-1011.5669646602046,-0.0,-1815.3682663165466,-2268.6979434539694,64.73642573454954,-2439.315762799224,-2036.6694136488677,-0.0,-561.1168934423042,-1389.5405415052169,-1969.3922756019467,-0.0,-393.5507669783466,-2442.309242571268,-909.5386993771754,-836.3615426802334,-937.7016321801663,-442.19654802157726,-890.6642721347722,-1586.2385739656688,-0.0,-987.5750117586149,125.91495475133759,-1451.2113862864571,-0.0,-589.4298237559753,106.62507350878403,-933.5956197747946,-626.7105858035579,-0.0,-603.6083437321387,-456.63307045060253,-1707.1827192461933,-1270.2495445706272,-1636.1978212706774,-880.5381797304017,-800.3833696184059,-940.6012984680497,-2203.033939576613,-23.2633377489775,-0.0,-549.1210551164561,-629.7991023312526,-1396.8014064677095,-2093.970177607291,-321.31004441481014,-743.866517273882,65.54963736999684,-875.9351041101692,-1272.2346761968058,-810.6045386915465,-0.0,-1034.2102323922813,-57.137634367388074,-2524.5153621659706,-0.0,-427.9449754897604,-805.5065890341625,-570.2591500136059,-2356.2284025900376,-173.2674544375779,-1565.9525856787432,-715.3112651010132,-2624.3546433093406,-0.0,343.6989561466534,-0.0,-0.0,-327.02323327670206,-0.0,-0.0,-3709.1382903212593,-27.446967447299084,-37.980359110735584,105.68024963442134,-1357.345365078669,-0.0,-0.0,-0.0,-0.0,-0.0,-28.64020069187765,-0.0,-360.32972404465283,-0.0,-299.05566486782413,-1977.5301890889461,570.7116061514447,-3015.2754938727817,-0.0,-0.0,-0.0,-0.0,-0.0,-0.0,-0.0,-0.0,-0.0,-2635.3245824546048,-0.0,-2753.8387720677274,-3205.614879502638,-39.25479170985655,-0.0,-0.0,-0.0,-0.0,-924.672612389207,-1120.145414130091,-0.0,162.92388935492704,-569.30663199987,-2202.9279440585146,-666.6812116984407,-0.0,-543.930531782209,-1182.2807373714886,-0.0,-0.0,-635.4273561365424,-938.9024320131282,738.0029184141413,-498.3420599317559,27.86428117161962,30.19785740351066,-0.0,-0.0,-0.0,1591.1666712001277,1423.7377967348357,1669.0049447427589,-0.0,-0.0,-0.0,-809.3122582536296,-0.0,-0.0,-975.4332727493878,-78.74655844341092,-478.34330242543217,-57.695500139751424,-1055.8083652858247,-817.3207083115259,-1475.2132409351634,-146.84520295999047,-285.2454005795703,-1264.1644370824129,-0.0,-2204.4763837038367,-16.469622510030955,-974.3198113352477,-943.7116098289042,-16.815225332488488,-0.0,-1333.474099560641,61.13271665774705,-0.0,-0.0,-0.0,-0.0,-0.0,-1410.9954597178853,-3157.3443931213733,-0.0,-660.7163144137036,-62.59709878777615,-0.0,-0.0,-0.0,-424.4419215998653,-30.678395136367428,-0.0,-1334.817723526705,-809.0766472206635,-0.0,-0.0,-548.1642601468986,-0.0,-0.0,-1672.3689065417539,-1411.488102319176,-0.0,-837.7246793307561,-2146.0159402580216,-94.35856385908275,-0.0,-0.0,-299.4384513739203,-797.1849613454303,-238.41313205461495,-201.729187125758,-167.2972901992882,-0.0,-0.0,-0.0,-1380.359318330465,-1013.220020686881,-1993.4616126499363,-278.99884531630323,-1362.4223989477057,-126.98308599134556,-167.84801245797576,-492.2144400754126,-2023.8873553000708,-0.0,-0.0,-1772.4593880840205,-1933.639898656051,-0.0,-0.0,-0.0,-554.3379673995827,-2365.6560482108425,-3487.272211578168,-0.0,54.225477470308874,-180.9934845140749,-704.27652450535,-691.4198000057704,-2089.7204099920505,-0.0,-1514.8387650790128,48.33275360071112,8.263847454644232,-313.76412396638915,-0.0,86.79850239748836,-288.88575276413496,-434.89625168692834,7.952405825696636,-0.0,-0.0,-675.9729333837971,-13.329291901606863,-0.0,-1368.2138181062228,-995.0657369463419,-1258.702126351394,-816.5387863153875,-1177.1526565076504,-1781.1877292071536,-0.0,-0.0,-0.0,-0.0,-0.0,-357.6769678604623,-671.1575284858886,-1291.6038903435501,-1568.0762295788172,686.4059853831819,-1493.227194760676,1704.0716706332523,-0.0,-2126.037416119407,-1708.6274851885141,-851.738775347727,-31.371770739646234,-124.75285095487095,-2263.175578533903,-232.17691505039065,-0.0,153.87435698279722,-919.2191543628866,-0.0,-0.0,-616.8452041854523,-422.96378106236716,-400.4833310292905,-1267.4708416067933,-1714.9556827774752,-0.0,-1533.8686268464237,-1158.7134965395728,-4226.000936206582,695.6979255475875,569.7226875980462,691.4118216728122,715.804567740111,-0.0,-0.0,-0.0,-0.0,-0.0,-0.0,-0.0,-0.0,-608.7507383026567,-0.0,-54.12153432975634,-39.5807728600788,-0.0,-1334.2166018988498,-1443.8598408785138,-2047.324429432932,-0.0,-0.0,-0.0,75.66967200974142,-3078.841904826526,-678.1216501051375,-2927.6767799547097,-1586.4501927141412,-0.0,-0.0,-153.19635304004782,-1419.0140581161163,-0.0,-1988.9396608717561,-732.2661810359315,-0.0,-0.0,-0.0,-2484.118576747208,-0.0,-0.0,-0.0,-0.0,-0.0,442.5820863051986,-0.0,-0.0,-0.0,-1001.5259258807525,-0.0,-0.0,-0.0,-0.0,-0.0,-0.0,-0.0,-520.523452424398,-1053.6858128549864,-1540.2846576077561,-1696.4342993847729,-598.9028213933083,-1259.882647019095,-37.7222644732671,-0.0,-653.1040199886303,-52.22590144757067,-0.0,-0.0,-0.0,-0.0,-824.6423512389979,-0.0,-511.20706600830357,-1307.7264592437252,822.5377000148403,740.9626123484605,754.7647074328605,688.1712206443522,717.2758146107259,-0.0,-0.0,-0.0,-0.0,-0.0,-0.0,-366.85268569399426,-0.0,2136.1259548380167,987.2866885001933,1187.145984817815,-0.0,-0.0,-1275.1249260566854,81.14476620023632,-65.22612981221685,-2434.9244806087786,-0.0,-1931.0123690378507,-0.0,-0.0,-0.0,-0.0,-672.8251869558978,-0.0,-550.0137702724558,-575.120973128805,-394.7608875358842,-0.0,-17.04051078786983,-0.0,-855.745110702929,-0.0,-2322.7273773884563,-628.2465212736112,1772.9582107127626,-2177.499382489311,-984.8232537485824,-71.10827437970404,-857.450316227825,-0.0,-544.931654114523,-81.64421567184209,-2481.1915809322104,649.731614625043,92.37986569552896,608.8496426067429,1288.9199509278753,-0.0,-319.9186135426795,-25.754725468557226,-1085.7105388980392,-1256.0422511418838,-1475.384415457023,-1901.1550045008594,-0.0,754.0334985851958,-0.0,-393.81471906180076,-2357.820080375871,-1365.773735158432,-0.0,-1313.0935327591742,-403.6644575516906,-610.3907231337774,-745.270525097788,-346.76128311030385,-1407.5385228733057,-0.0,-2219.8560586659614,-407.1704542040732,-1550.3421940490057,-323.66170426580516,-0.0,-0.0,-0.0,-0.0,-1325.6813724099618,1208.4799094981668,-1126.6620851484818,-625.9885302625114,-0.0,30.248463533892856,-0.0,-0.0,-795.380999591142,-733.9143389323885,-776.1246591840076,-660.0765696837553,-0.0,-0.0,344.9607684196903,241.01716269388322,605.0224702746901,-0.0,-596.5104232734526,-1947.0046592072702,-1292.8055867950595,-4.426231198590492,-1679.8876446634267,-0.0,-0.0,-0.0,-587.8542106091099,-885.5643292358976,-0.0,-1376.4551567979372,-0.0,-2704.718232550444,-3751.643185291322,-0.0,-19.827333943121772,-0.0,-771.013454434807,-0.0,-0.0,-0.0,-2205.605430022744,-1141.077918237869,-620.9857851918346,-893.5807404784987,-0.0,-0.0,-2171.9706945449097,-0.0,-557.9025162280305,1192.9547955389303,-922.8964000389623,-776.8433751856332,-567.8648742570473,129.91732867260475,-0.0,-0.0,-1372.0237004601897,-0.0,-740.7465183794894,-69.9519095715239,-370.8071715304898,-349.2860033610429,-0.0,-0.0,-232.6023955142526,-652.9265418858979,-1074.5598945347945,-639.3767090348726,-1086.3944163771496,13.274130414927487,-0.0,-133.07482820696106,-2127.172533992062,-1287.417269621931,-0.0,-0.0,-0.0,-581.6014480316906,-617.3195137108755,-1595.4183791245982,-0.0,-0.0,-0.0,-0.0,-0.0,-1521.5061511916047,-725.4702788410849,-0.0,-593.5118316858737,-0.0,-18036.651880599144,-832.505016336506,-121.16002343908126,-619.0380420501397,-0.0,80.13952362587169,-1305.4481772284514,-2630.950349361976,-0.0,-0.0,-0.0,-793.9302791149651,-524.1488991650361,-1125.2592176547225,-1027.5738935718568,-580.0005936898763,-0.0,-0.0,-1766.0953054801457,-588.4052560477952,-2339.438733927544,501.1461535616905,-2422.212039321348,-0.0,-0.0,1682.0956191192513,-1590.132458825471,-0.0,-242.16396479769003,-359.8616737196578,-645.7559591145277,28.950710314058323,-910.2098373414466,-0.0,-0.0,-1398.017031269824,-1303.596493528032,-2503.582400004839,-0.0,-0.0,-2478.3654884417365,-724.856756476382,-736.6473745542787,-2507.7436782047653,-1475.9547106019807,-0.0,-0.0,-1074.8525058616713,-0.0,-90.7140828982314,-1583.1510304203662,-1819.2582750589584,-0.0,233.6970691421539,-785.8096115335745,553.1086790283869,-267.99196147795305,-250.8725918848565,-0.0,-460.39560130492396,225.1642785120441,327.0641346852578,-465.90972348571626,-2549.511462266432,-2037.5485698992645,-87.8851813874541,-4539.210040440898,-593.2302484899063,-1153.0877429979134,-50.18362082978953,-3843.7698634191506,-341.64290382486627,-654.6673466187024,-311.1393826100155,-1639.748356839298,-1019.2636310189293,-3494.1114678943663,-5475.260162710593,-85.91528817038278,-692.1933888317237,-1739.5520144994673,-1201.2839436086097,-0.0,-3456.840330593129,-0.0,-277.9570146408433,-1557.0582459167817,-1402.457120137328,-0.0,-0.0,-957.7828561898885,-240.94437866535685,-0.0,-1402.6722864480323,-0.0,-681.5753394789642,513.0122455126843,-2289.5897282170054,-482.47530481196895,26.73578584672877,-13.506519126986333,-0.0,-1909.1683293761846,-578.1642774568562,-0.0,-132.59403866784007,-0.0,80.83426540666996,-182.81263293497858,-0.0,-382.40521410825284,-1414.319088199683,-452.66179097928887,-798.943540846261,-2229.843825345274,-0.0,-4092.5112838461237,-1770.9250697638936,-2488.4780432725584,-2259.853999132369,-74.02400242300098,-228.57775009069573,-646.3234315675368,-1493.0785275118133,-0.0,-0.0,-1264.297996851391,-195.69412346939134,-0.0,-78.75567117258643,90.48812202263099,-2269.7022550167558,-0.0,-0.0,-1323.4252158279983,-0.0,-76.21101111666442,-0.0,-45.27562597288715,-148.15410554681705,-0.0,-382.32497586797825,5827.04298154391,-0.0,-0.0,-2670.78825858629,-792.0286479593422,-277.2104645224152,-0.0,-0.0,-0.0,-657.3350963701093,-2164.8758983476396,-0.0,-0.0,-0.0,-2304.4226843017427,-0.0,-0.0,-0.0,-1602.4739716723889,-741.6413366896513,-304.34115291215863,-471.238241108146,23.604683349587372,-692.3139883716099,-384.8580097215448,-210.56526677064105,-2429.597222105473,-0.0,-0.0,-1271.0291784603676,-775.6219681792093,-2489.4340124576834,-0.0,-0.0,-2721.3400826044845,-681.1858343734824,-1568.1697909770367,-421.24878431810873,-630.7618767230881,-2363.066617812305,-833.7246865617152,-87.10658779847043,-832.954924480875,-2030.6624814029753,-1565.3173752438806,-1382.7071811376375,-0.0,-620.31010288146,-0.0,-1583.475488583793,-428.0662234168607,-222.5863805428095,-632.5535436861318,-875.914537951322,-12.401750747492242,-0.0,-1198.440314497208,-560.5693852968199,-44.54917616900905,1548.1116806193638,-75.74784666565449,-0.0,-646.153193007284,-470.728346357283,-0.0,-683.9311033331084,-1574.1681446613009,-0.0,-0.0,-0.0,-0.0,-414.7708495701126,-918.3967769104412,-322.0716436655187,-493.1420516620049,-346.6752988521533,-1641.9723507289884,-725.9917354819811,-1428.0572917611169,-2557.9543337269993,-1979.6610332898158,-0.0,993.1722928681055,1003.2982406901906,564.4740686656805,770.9120735471829,443.2773002300496,-0.0,-0.0,-0.0,-0.0,-0.0,-0.0,-0.0,-0.0,-63.780685349406255,-876.6627339460053,-516.4949497535415,-277.883355361869,-1202.3426681584488,-100.2469835141569,-363.2829419386578,-1158.3641173746446,-298.60519181259286,-1756.4592999549072,-763.3799834239886,-83.22644047848887,-379.2521044583032,-24.070097508380634,-0.0,-568.0423937860837,-171.5031322399504,-206.78233406742896,-742.0688002090515,-351.1390733405798,-1516.106228740478,-297.82702789447836,-0.0,-0.0,-1906.9248934794027,-510.8971395660455,-331.02414251418867,-539.623286186299,-910.0715541424936,-435.2726104143198,-406.20651128013105,-0.0,-643.2981300135941,-687.2940685769862,-845.7852113209914,309.67936068166796,-1334.0442968916336,-2236.765799388,-213.16526156988365,-667.3977431274635,-666.6100122925569,-13.31423950165437,-0.0,590.8665053110993,-797.9567661995,-35.35608695377814,-1926.7850550629469,-0.0,-0.0,-1230.743824709603,-493.7085003530722,-0.0,-595.5752358844494,-681.3959383253027,-793.1874026401443,-0.0,-703.740914759391,-479.68703989723076,-2200.7246525195087,-4225.834411063334,-386.87293628328297,-0.0,-81.38429758633372,-424.987020328688,-1503.0347306510955,-225.28378297408548,-571.6019381845709,-715.243339737028,-748.0899724449648,-378.46412835103763,-0.0,-0.0,-1640.6413266568607,-108.60361624570486,-431.3369796348094,-783.901362241784,-1190.2605270825577,-2425.092626492695,-0.0,-577.5757013255878,-0.0,-0.0,-0.0,-0.0,-0.0,-28.569605786230472,-182.6827662464285,-355.6774618553055,-0.0,-0.0,-0.0,-0.0,-0.0,-0.0,-1179.3329360003233,-2259.665945603459,-408.74835655420424,-493.72301130151163,-45.811693188574814,-0.0,-0.0,-430.87287707872264,-0.0,-0.0,-112.36667630018142,-2684.1695861795133,-0.0,-0.0,-1475.6833054482781,-565.9144367759478,-875.819267967556,-982.0530572092835,-715.4671930819036,-0.0,-0.0,-1166.2332699196252,-1812.5881691753405,-979.4366858235394,-0.0,-1133.8385941834927,-0.0,-360.6139451586519,-720.6810630251025,-0.0,-667.8108572510988,-1781.0573631745563,-0.0,-1698.0161693549508,-177.7335935244818,-592.6112503812759,-1373.6998406603677,-228.14583751565064,-1217.5802955739202,-0.0,-1013.8373854609015,-27.315590695117066,-2356.668288805237,-1870.5898452371664,-0.0,-0.0,-0.0,-0.0,-739.5598533158659,-812.3201343953587,-0.0,27.041806502835776,-364.5660494583864,-758.7134490333368,-2049.56190910116,-2274.162825459849,-378.1607736250168,-0.0,-1403.820953126216,-846.9148359053794,-1716.5538696499732,142.46121676679613,-0.0,-3359.686659688562,-693.8037643958801,-0.0,-444.3768050514957,-1457.1857676510897,-0.0,-0.0,-550.0634318099493,-1442.3153242390306,-0.0,-1083.3842918998985,-1294.9716293709896,-38.27575539957735,-83.37151236032133,-508.4214961719813,-0.0,-1485.6618626973368,-2618.739429926974,-1164.3165677759735,-179.6289622094749,-1905.5729320318794,138.4054826962356,-860.8927080254513,-627.6466754814435,126.6110729171413,-864.0361888261504,-1466.2009212498992,-837.8958811575035,-1303.6453531119575,-410.7393271550087,-603.2168257586324,-764.6964849137266,-1555.858584582365,-0.0,-0.0,-1820.993497928168,-326.30547974590735,-0.0,-1504.4086826648459,-1240.6060340218708,-0.0,-2483.4995722299373,-539.8608650833852,-0.0,-833.3513441499055,-0.0,-0.0,-1265.7904391901782,-1020.8243785259905,-0.0,-0.0,-0.0,-743.4990798374566,-4.516858619337156,20.318641452620053,-254.62592967685805,-0.0,-2124.993011042861,-1490.2708108994268,-561.1582228644381,-2073.925427243875,-0.0,-59.0898149339051,-943.4287903259273,-0.0,-429.65023849616233,78.21229073324942,-1621.4373217393936,-1036.2472745548987,-685.2832051565413,-1280.8292908769315,-0.0,-0.0,-0.0,-800.0111645085766,-0.0,-391.2867446746588,-979.2646871990613,-212.49920101494186,-1218.8736992697873,-2186.6884319734563,-558.9553768600946,-2099.282679763917,-0.0,-1131.5940072382987,-736.5453289454334,-511.24718501621214,-1276.1226542903871,-316.9685396833846,-519.9413880073237,-1507.6103284621722,-0.0,-0.0,244.7380499186987,-2758.662135471031,-986.1980365619804,-268.79440597214057,-0.0,-371.0136753312697,-540.20004779061,-647.9222224912135,-0.0,-0.0,-776.0791579639392,-0.0,-21.31496298065577,121.07836516325084,-120.90109733821417,-2014.2433485495492,515.202252702807,524.9100993113647,504.1225358396998,648.2188275038544,48.253142114634244,-0.0,-634.9141721394705,-754.7274109798113,-358.0689616844269,-9.895545604207042,-0.0,-0.0,-0.0,-194.86794775183975,-13.525243168594345,-921.5014960340077,479.5796652190033,2404.8771849363006,-0.0,-0.0,-0.0,69.22742958945173,79.62904099949992,-0.0,-3102.1453291692123,-0.0,-0.0,-0.0,-0.0,-0.0,-2465.820996640971,-284.0643256803704,-0.0,-406.4335119930802,-2151.5948639829026,-162.8897096454685,-323.5458719672054,26.545186459715087,-1740.7210431403514,-4351.7360489007415,-1979.021913873719,-0.0,-0.0,-1688.4569485646896,-1052.6895430212405,-739.721565067537,-419.0618750585298,-351.4309934493598,-1011.2607740783718,-1023.4236722235494,-5010.706037459251,-679.5194357060526,181.35584444413558,-828.5885634141696,-1099.3824344353327,-626.2970544214155,-637.6757394388942,-7.652374968292454,-1631.4161396825177,-832.5975939869663,-592.3968130968013,-0.0,-0.0,-0.0,-0.0,-232.61643010182286,-1226.441254614463,-0.0,-1255.882353139606,-1381.3965317406432,-0.0,-0.0,-1469.7163583184713,-0.0,-0.0,-217.27903526832094,57.10603293228374,-0.0,-0.0,-3139.2883838379025,-1236.3080116634578,-97.70255563067516,-948.1939056802121,-1431.2033109009208,-0.0,-342.65363563738117,-508.8910219589046,-0.0,-1398.3161668695527,-341.51800998215833,-1176.72961190605,172.98926812346477,-898.9252852092501,-204.62361800776773,-240.127060357656,-54.20440494700051,-45.52289358348384,-617.6120894875395,-829.1891897871051,-514.4964293147742,-718.0470365815837,-0.0,-62.95550510899406,-740.8677258704469,-169.42683561818745,3.9627186748864216,-0.0,-1018.3881067626763,27.425991912533274,-1325.9106749713885,-0.0,-0.0,-0.0,-1887.0049273613326,-0.0,-0.0,-80.90042213146951,-0.0,-0.0,-0.0,-0.0,-0.0,-0.0,-625.0052456397759,-1638.460377832785,-0.0,-0.0,-0.0,-0.0,-865.0594032760919,-483.3085068866643,-0.0,-0.0,-1886.9903033141388,-0.0,-1392.1980341017004,-2732.0783670071487,-0.0,-0.0,-0.0,-510.63149222854287,-0.0,-0.0,-0.0,-1002.4666619616679,-768.7260982442807,-678.9966579318323,-0.0,-0.0,-228.90056926228124,-0.0,-4054.2246486777244,-5494.671269549316,-0.0,15.695539187625677,-0.0,-613.8542529360212,-686.0434051253801,-2041.446075852919,-0.0,-0.0,-98.36504367832711,-703.3830584306687,-1390.9436327989017,-683.0149890126995,-345.4618566266064,-0.0,-0.0,-1234.5633069545297,-996.2095341747504,-46.32470162632728,-0.0,-0.0,-745.807105065402,-388.7451242061974,-86.24061361653716,-0.0,-0.0,-0.0,-2214.4370906318672,-346.9385509325341,-1371.210906756125,-4430.041260038432,-0.0,-1004.0741523548047,-1175.3313900567232,-2440.101659650953,-346.4172963979909,-0.0,-0.0,250.15683460640957,-1207.4062921759976,-1880.0435660346602,-511.4087699332633,-152.98931890268227,-25.284318111358175,-1831.7148418177321,-424.85365483073764,-1799.2328281293014,-681.6895908248523,-2775.5224550246353,3.9392114768062294,-1010.3296212590982,-900.140660005503,-1893.3042408428314,-0.0,-0.0,-760.3455730642389,-1712.5959550286302,-1843.467870170184,-888.1387580911112,-0.0,562.4759367570226,-69.98219584298062,-457.0985890160502,-0.0,-19.25561878271698,-0.0,-2512.207733354408,-53.09518207718694,-0.0,-0.0,-761.705593312839,-1126.1377331224794,-823.3213306313886,-355.1192799957554,-598.5489410729037,12.854936089173062,202.60737283874641,-844.3512677638869,-26.74940736276192,-1542.5741947095896,-0.0,-1577.4822377517937,-130.19836972836214,-773.2861556889226,-407.5134617020106,-24.74172637268017,-43.6719394916166,-20.56841038354319,-1273.2636250788482,-993.6378540286021,-1438.162973319752,-260.6909327345083,-1411.592463379061,3.9544651264368893,-0.0,-780.2130356984497,-2727.043942969266,-0.0,-0.0,-30.490056551508275,-2134.6922969436505,-193.47709170530604,-587.3636961863098,-378.779914181865,178.219924881729,-0.0,-0.0,-1291.1454965912706,-0.0,-0.0,-2212.4996037005058,-1611.7906277423651,-867.1781114444291,-774.6488726230127,-655.299988801471,-925.7188448351234,-797.7058355331545,-1326.5912918984902,-2650.2486980705667,-0.0,-0.0,-0.0,-0.0,-309.9710707939746,-0.0,-2105.833458953717,-645.3293935172253,-866.2680401565729,-1003.4192062775746,-466.86948270966667,-0.0,-1438.8150069128287,-668.8292560043792,-0.0,-2634.4044306511328,-1478.009609210534,-0.0,-0.0,-2470.2653013145614,-1748.3362366386755,-452.46390703449333,-823.6885619404227,-0.0,-544.4642323229021,-322.5413915181958,-0.0,-653.1452134377284,-559.9015825410913,-523.9652583229914,-0.0,-0.0,-0.0,-0.0,-397.8487258987493,-1259.3019673737165,-7204.4721451949345,-0.0,-0.0,-747.4125249242122,-721.9109407833092,-1969.727700557345,-673.227047243421,7.800920810178415,-467.5739943912162,-0.0,-658.2473906130006,-585.4843761715208,-0.0,-516.4665006520198,-1165.557078480088,-0.0,-0.0,-0.0,-0.0,-0.0,39.394544246578256,-2173.9947161762557,-0.0,-1376.3066360350633,-915.1432273674473,-4.118890947581652,-1734.214133518974,-993.778898010308,-993.8746870366076,-1452.886256223153,-80.1055888905896,-122.89599510395603,-1292.159279235891,-720.933107201424,-697.8327852717272,-0.0,-1504.799733682182,-1395.8769621040449,238.47560701995988,-0.0,-632.2082488261783,-734.112091234733,-1010.176828584992,-67.40189834947778,-0.0,-297.98317670766005,-0.0,-0.0,-2528.0903191069656,-2173.8623312421864,-1966.1021766493132,-1755.161128774908,-0.0,-1278.3501915065222,-2108.141061529633,-0.0,-5453.835031552381,-0.0,-0.0,-0.0,-0.0,-1077.3733214842498,-2519.8577906826517,-2373.05069737891,-93.54141238562197,-2023.2990419691798,-0.0,-1005.7735364996128,-32.22430080790615,-0.0,-70.12229345753386,-569.826275940924,599.5301413613183,-0.0,-473.267672402516,-39.254120485659726,-0.0,-1478.7642331493817,-0.0,-2166.0890025654544,-147.6646014339233,-0.0,-0.0,-1091.6570808295992,-1624.1545277588875,-1069.122057147922,-1270.20255593505,-1322.9074433763408,1608.043857920503,-59.34860266719757,-823.5249798008649,-36.962677567884135,-2539.2653182873737,-836.1226483975614,-889.2830246947753,-477.324440779355,-1674.828928835746,-1770.3053329376528,-446.81570728395474,-2541.5273977471993,-341.4938725335432,-0.0,-0.0,-51.9901732111593,-0.0,-0.0,-0.0,-0.0,-0.0,-0.0,-1731.629868452432,-634.7057027351066,-1213.5857259088198,-930.0350851442302,-0.0,-596.38708776427,-1272.6897066981878,-1139.550020313172,-2272.088211781678,-1358.960784171063,-90.30222438927882,-203.22925584239965,-999.6259333390605,-1514.0576712124393,-0.0,-0.0,-0.0,-74.18769753503288,-844.6331582656424,-160.76453708830107,-506.90717930576466,-1040.1046292326948,-0.0,-0.0,-0.0,-4213.550658494997,-0.0,-129.76836007013483,-0.0,-226.52646101672983,-1174.2536940207146,-1264.485881548988,-883.7793312019612,-0.0,-44.4575633570338,-589.5716385489579,-764.9084238810376,-581.7336217762316,-0.0,-1094.896230982754,-0.0,-0.0,-2824.675577812204,-0.0,-1431.0998055096693,-663.2554883053364,-430.6761501434086,-287.0660831986163,-1461.8526992298412,-2870.94446312638,45.329727865857,-2361.7478047545137,-1756.570070883429,-454.04182065551623,7.729850431132069,-0.0,1528.7555239546755,1141.535320587847,1191.1399929776292,-0.0,-0.0,-0.0,-909.3488307325513,-0.0,-299.65566736775816,-188.00344559094793,-0.0,-3770.1725647345097,-0.0,-1481.3752557807447,-85.61851047907665,-1121.442034828907,-615.1448474806901,-1537.3048285676564,-1277.0672803940427,-0.0,415.9626740862408,-2722.567019470904,-1743.6481675013297,-482.6659020034119,-1271.8083767492078,-1768.290311844441,-0.0,-0.0,-288.89016949469107,-787.385874210332,-2349.5147860784864,-850.2148670237104,-38.542392473314095,-0.0,-0.0,-727.4397457926879,-0.0,-0.0,-0.0,-217.29852244570216,-1469.9144553146234,1707.458150233389,-1390.4221848158622,548.3159162321942,-758.4320967714935,-1053.210065154567,-11.312433671139665,-5108.048129605939,-397.1872787954292,-0.0,-77.97933094535593,-2475.1154107170582,-1813.0019238744533,-0.0,-28.373924446071413,-0.0,-674.6001531819463,-26.48187088432971,-1960.7464426809593,-1617.2102787625136,-0.0,-330.4111350929387,-0.0,-0.0,-0.0,-785.3054145747185,-1074.9077966637087,-442.9411328124513,-1189.1715843362692,-1842.0342093451525,-1006.5521892849757,-451.53018043599894,-506.95074364192624,-115.32014516715535,-1723.8819201351887,-647.2219406301717,-1055.6005805572988,-1280.7926876255915,-1518.9918364557877,-1452.4881448637473,-398.4680745979012,-1561.2446700560718,-0.0,-0.0,-0.0,-2240.2997819161424,-0.0,-523.5440463437416,-1262.4963348604251,-11.53962377304896,-817.715364938163,-638.4415312002371,-992.4649755396376,-758.7789464651509,-210.22511147267147,-1957.0048173358534,-5496.046514672348,-286.60693859770055,-32.59034209104481,-0.0,-118.78111148040982,-7131.906560864741,-1917.9280610704377,-714.5898252374458,-2509.0020618323565,-221.51960475435666,-0.0,-25.110191857859057,-704.9525982733724,-130.00196296640937,-1171.5317794243226,-1117.190239772906,-210.87945617766812,-0.0,-728.7313875166668,-1973.082123504003,-2031.7966404240851,-1982.637279581363,-0.0,-1591.7071229537542,-0.0,-54.74323087717005,-909.4752909367796,551.3630201864732,-0.0,-0.0,-329.45255579481807,-1044.2000785335422,-771.3136778316632,-1319.232415672423,152.6257465394313,-1491.350271159765,-134.96782585655055,-344.5433110367878,-2180.236190818099,-1993.1893442088228,-396.71717558403213,-0.0,-0.0,-0.0,-0.0,-0.0,-2123.246490284544,-0.0,-653.7972785588506,-835.8821781172297,-2695.171710526011,-0.0,3.551327360118695,498.38702008791563,2131.3289103765746,-650.3897296446373,-1357.1569866792659,-0.0,-1381.2730827445255,-3766.904229554362,-888.6996864391767,-5726.454930894517,-1237.6843800442766,-0.0,-795.3472896646283,-2436.0155781476747,-208.8779956161394,-0.0,1264.2293108550691,1410.445957725695,1218.9163439518907,-0.0,-0.0,-0.0,-0.0,-90.18693731270666,-2418.3732163372183,-85.4796964337498,-0.0,-2081.902815033127,-1195.7211366223084,-484.8888184711587,4.339132178454915,-0.0,-218.04678462071809,-832.8910443008934,-0.0,-0.0,-50.18581888312245,226.57335914217225,-2319.9927424645684,-0.0,-879.4478322292895,9.161369436855837,-76.68893140833615,-0.0,292.01743153678467,-98.97574051845527,-484.22626764690716,-1934.188327676628,-0.0,-60.58473766946783,-1266.7409912301368,-1056.5172391229175,-45.13301516848694,40.670648150286,-0.0,-1279.492670511347,-815.7459797368783,-8.842870545738421,-0.0,-0.0,80.62128841174052,-247.6831175162235,-170.31581806594053,-86.16392766981691,-12.723568731248692,-186.22664987730954,-781.788835851806,-1011.287329849991,-524.0121761094174,-0.0,-2268.668923776665,-1025.525184856173,-0.0,-0.0,-1097.4811831629638,-2197.339073107696,-632.4497901694466,-7.751205235922531,-2797.850758733511,-129.34185306083666,-85.81799663547889,-1129.8210275166757,-0.0,-374.9616460797845,-1511.399321473138,-3.8544312303792587,-0.0,-3463.9347859897293,-162.128266951505,-1591.4800279784972,-960.883726766524,-1282.8113046721144,-2488.9560265584564,-83.96285881908935,-878.8819113760529,-1985.1686057544448,-1254.7954490766012,-1263.1083664675514,-243.5958871685825,-1919.3924994642593,-0.0,-2765.9593234780045,-0.0,-6715.019632780287,-240.56042307080145,-86.22663911296083,-1518.2919553587346,-0.0,-0.0,-0.0,362.29011285553327,48.21542035431607,-919.7835587113266,-1331.7173935238018,-453.66579096708125,-1087.7948986526148,-0.0,-0.0,-1552.0234544402733,-320.2647073395614,-541.8800017853376,-177.29941971222786,-0.0,-1672.2663401872144,-360.3972644028118,-2015.6938721468325,-0.0,-37.85253887619674,-0.0,-1930.532876909028,-810.3264203155584,-1725.585475757216,-0.0,-0.0,-1529.9516318916817,-531.2429667845548,-816.5005114960508,-1598.324205138446,-474.5563729116379,-1472.763633437196,-0.0,280.804352255278,-1288.5540438207483,-4389.977346655228,340.4791790170614,-1293.2630969641605,-7922.672918704529,-639.1364075597776,-691.8299504700888,-233.65029358701952,-187.87698763012148,-971.8800754962956,198.11331403552919,-207.3596146003363,417.41023146794595,-1154.370472800335,-592.5689639508857,-0.0,-1232.3134798226004,-1923.8029043245306,-930.9661703476964,-405.52284601238694,-0.0,-0.0,-34.54458441615761,-1071.2097802532262,75.55522684104791,-2229.107730000046,-0.0,-0.0,-463.0744017816366,-630.2697661954522,-1006.2909690754567,180.54393364539956,-2715.1261407848024,-1490.6183960240435,-1314.044700016898,-238.67068164496408,-0.0,-399.4225057786702,-0.0,-609.1762981095004,-24.279648093195828,-1401.1096337196234,-521.3397720660811,-1081.9198833096987,-359.1597711489576,-330.74028141605345,-0.0,-1169.068903242832,-710.8352884811399,-1285.4849219902546,-0.0,-3391.879268534636,-1400.858873680813,-1292.5280316195606,-837.9133381190752,-1147.8174447100455,3.904488185934921,-2275.3689096644857,-796.5729441800148,-1255.852112914554,-1982.9217745318986,-317.3368365503329,268.99185501036385,-1108.680183878709,-0.0,-0.0,-20.400032316449266,-62.15299191626769,-19.40939129644297,-274.2401429501602,-0.0,-0.0,-0.0,-0.0,-0.0,-0.0,-0.0,-0.0,-0.0,-0.0,-1478.937476144627,-2465.9363950593765,-2204.5398554833528,-0.0,-0.0,1793.8901719743824,-477.81462586357287,-0.0,-515.8861204254844,-476.4194074439807,-1041.542570906326,-1006.3239303805422,-1188.9995592172902,-0.0,-667.3609993125672,-430.0690385285601,167.21262438393924,-0.0,878.6075933036396,-0.0,264.01399532195575,-0.0,-334.98282901108627,-0.0,-392.50179653804605,-1223.1944126505578,-2043.2418780989944,241.437996309182,-0.0,-0.0,-0.0,-0.0,-0.0,-368.9189943388477,-86.74681487468428,-0.0,-0.0,-0.0,-571.0585942466435,-0.0,-45.069075064130786,-659.292682897556,-3359.479042383126,-0.0,-1373.1509729011748,-0.0,-625.8679837922131,-0.0,-0.0,45.27148943127887,-0.0,-169.57869720123048,-0.0,-0.0,-0.0,-986.2481886352249,-1898.1857522393598,-0.0,206.05973313252602,-2425.8277348950583,-0.0,-75.3572173798248,-278.80437941216076,-0.0,-0.0,-1533.2548517578502,-0.0,-948.556824512035,-1356.026786299672,44.80856797956338,-2846.6917638038017,-1771.58554828617,298.874270642314,-714.2625799302069,-0.0,-1070.670488706901,-0.0,-0.0,-0.0,-3587.386459377504,-881.5040968448309,-1591.3845109427048,-0.0,-398.30544710407355,-4.083873037726491,-1344.3317427163329,-2063.051450897803,78.14080781191676,-3128.155617271325,-0.0,-1980.6710617895674,-2647.050459466363,-0.0,-0.0,-0.0,-0.0,-2429.161162941109,-165.85889301396497,-1509.2191357612296,-0.0,690.954277437356,1332.714204581023,-0.0,-0.0,-937.7465081752351,-907.8064276911145,-343.11399963225097,-19.428749052210556,67.40632236676537,-0.0,-1285.6675211566169,-0.0,-294.84483844160275,-1050.3088494360422,1396.384257929561,-0.0,-0.0,-0.0,1032.8123915838853,1046.8016869454582,-777.446835751597,-0.0,-1392.5491564864662,-0.0,-1149.0242549202035,-729.0167772766082,-0.0,-0.0,-0.0,-0.0,-0.0,-59.252858634606795,-0.0,-0.0,-0.0,-1201.4844373531007,-291.7272500657366,-0.0,-0.0,-0.0,-150.47339356449535,-74.17075489118785,-665.1003327716342,-731.0948433703187,-2513.4425225741884,-1140.1908479144695,-1013.9033000812948,-0.0,-2798.6591247069505,-43.79763435150886,-0.0,-991.1721026291949,-2478.5999847709813,-745.6877265852613,-522.7676935690204,-1322.4227868118414,-276.6999941580611,-688.3783128094373,-802.3761125062302,-1111.484594070556,-268.9607973118242,-1730.8796618920592,16.773272620162988,-394.34169344048945,-0.0,-0.0,-823.9934068251821,-3761.4743581370412,-0.0,-973.8570703694288,-532.1701705735917,-0.0,-372.45633218363736,-574.7877490369074,-797.3793258979964,-255.2399211967929,-0.0,-0.0,-0.0,-0.0,-0.0,-44.343812481425715,-0.0,-704.0393464748298,-0.0,-0.0,-676.3117502799983,-1079.2803729488687,-2653.36807381608,-452.6079054169676,-645.1104638458896,-104.26818514671858,-2101.4090283706505,-0.0,-837.2233483753763,-547.5506611340445,-465.40311614361315,-1363.5051050476004,-1029.7086777300678,-1614.6303496911025,15.688699492086037,-423.5253606899019,-0.0,-1128.6948404607456,-1111.4058632705273,-142.66943410444614,3.830052015848094,-2606.406857702351,-1168.3910963319813,-684.298803697663,-0.0,-727.33816107427,-760.292045100847,-553.572279633716,-2234.1470087637945,-3.799229043249765,-0.0,31.1847044407261,-0.0,-0.0,-227.75990723141734,-3947.6381155141703,-190.22291070180756,-1626.7846099297494,-3523.129253047466,-0.0,-4776.749496185106,-269.19974335110015,-2083.3599113917826,356.7164929089501,-0.0,1654.435075746247,-889.5665792180432,-0.0,-2093.388114342732,-0.0,-73.44972249842442,-44.64524931660368,-0.0,-0.0,-0.0,42.519419713129366,-0.0,-0.0,-0.0,-624.1942668701038,-1393.096312724785,-810.6928744186902,-0.0,-3424.171003097417,-0.0,-0.0,-0.0,-257.3770481863403,-374.94221763665473,-0.0,-2298.454633799595,-0.0,-0.0,-3483.304323138013,-0.0,-26.628899471914046,8.019708240744608,-474.87990057182697,-21.768277938261928,-0.0,-0.0,-249.01678805657502,-0.0,-0.0,-1371.0462488079613,-1283.8660472742479,-1400.8901772388392,-0.0,-316.7139348623899,164.5622667718718,-381.1176083840954,-15569.727710422016,-0.0,-658.3685557272569,-1365.8307578095164,-679.3279078432154,-0.0,-35.227888957443376,-16.136070104461343,-262.360180117594,-1086.5896232745156,-0.0,-0.0,-0.0,-527.0160249211668,-2443.957954063608,-1480.6992512922898,-0.0,-0.0,-0.0,-297.29370102702114,84.37413026649502,-8.606846374411967,-1266.7113854737997,-0.0,-0.0,-1035.0292018120238,-0.0,-0.0,-0.0,-2650.9364075910685,-1084.4523034692886,-0.0,-1235.3392721735768,-617.1578174957015,-238.50564233081772,-675.64641956545,-1167.326862471325,90.59409372916046,-1278.3575304200938,-1193.8523933339275,25.152280500764377,-1936.5069756810651,-0.0,-0.0,-0.0,-0.0,-460.5434033096155,-0.0,-0.0,-632.5609139581364,-954.1759143362262,-707.3057728621056,-0.0,1630.8391898172783,1300.7455479033065,1415.0029193930268,-0.0,-0.0,-0.0,-936.2481814918775,-41.55163250710849,-846.8071032381885,-79.30475198277796,-637.2305558946991,-1811.6937606722452,-1261.9475288675408,-2177.526395438887,-0.0,-0.0,-0.0,-0.0,-476.13648287016014,-798.667388475959,-1671.5123175035453,-449.00687715358447,-1537.7660705886558,-1766.845829356821,-2196.928554023889,-0.0,481.70108790797707,-450.32768710556974,-398.01404955007274,-130.97079148584538,-4730.402694808005,-71.05310312743565,-0.0,-903.6274273007616,-1557.3957152646624,-0.0,-62.27655608050767,141.24596393955358,-86.50297592082879,-508.0724765786283,-2136.37734112312,-160.48962589292594,-1873.5785989623364,-0.0,-1936.1934401955903,-1977.674907915899,-1342.5562997769784,-0.0,-1653.2503044814903,-363.952334116598,-694.3951669579347,-1145.5991926220345,122.25277388126553,-1829.6666471985577,-1405.2733774828994,-0.0,-118.71921280455362,-0.0,-0.0,-0.0,-1092.6046849148206,-645.9863822268236,-0.0,-0.0,-0.0,-3493.2476056497,-1869.0841684243087,-0.0,-0.0,-4.099726242961169,-1584.3968325417547,-895.9067484458294,-0.0,-785.3212539081064,-1339.628985894417,-538.8344948049557,-25.141114285743537,-1045.969098201446,-7.519865142546305,-1517.8914642731884,-1722.124373161214,-0.0,-0.0,-40.982671390593,-0.0,-0.0,-1320.1176816940397,-86.56119187873954,-510.1887702432483,-0.0,-0.0,-0.0,-895.8992380509,-320.76208014863755,-114.21815980334065,-475.0656167452036,-249.5958926638684,-2108.7868192250867,-348.1059570209775,-553.0210460423812,-1137.0842259182855,-0.0,-395.9885297373376,-0.0,-2057.4307222545103,-1594.7276358481624,-1645.0353068799568,-421.3157277165775,-255.8023919413755,73.81935236785205,-1024.3056484641481,25.881729739190362,-0.0,-481.2028366283187,-0.0,-0.0,-483.275252206103,-129.24576520111592,-2905.0119304111395,-3031.065100448655,-561.8542857157945,-0.0,-0.0,-962.4476883063825,297.79974559761587,-0.0,-0.0,-0.0,-1114.4949086905588,-50.322273079672144,-529.8269981024731,-4007.828487274941,-1483.8969914309325,-1185.7394357092978,-439.1212268182086,-190.4238556473296,-1270.1857218203725,-731.2946722497335,-558.3768932930927,-0.0,-702.9028598631818,-671.1845161159646,-1989.6802454578622,-0.0,4.487242537254485,-13.411584377389476,-0.0,-0.0,-1805.6627297837945,-0.0,-4054.4549903695247,-1279.2518876796805,2435.184109582682,3021.972542517152,-0.0,-0.0,-784.4775871961149,-1085.7671812047727,-605.9028337440329,-353.6203775439298,-3254.6055403138753,-668.3168616221291,-0.0,-0.0,-0.0,-1224.7288749145425,-748.9438084439016,-193.6074940126233,-2434.9230245476974,-1226.7209468285055,-28.36847810316212,-433.8685916566751,-1168.0361430164185,-297.2817943357513,-538.5294488929924,-0.0,-67.2996558928137,53.283131591586624,-1017.9722615384571,-162.18976559431005,-0.0,72.55899314008649,126.98469818645965,-191.01175203315265,-1317.73683396034,-2147.3103763588183,-61.76530385774453,-927.0545779425844,-1522.4125974901926,-0.0,-0.0,-726.6729367414815,-0.0,-0.0,-0.0,-0.0,-713.1213028914776,-23.639208923323967,-1462.1147861019185,-1361.3807476315665,-2543.9131525303283,-1318.5799856896638,-0.0,-654.5720685928412,-0.0,-1526.1584195420178,-1810.6635699005437,-1356.3571734434847,-1018.4040136554397,-0.0,-2193.4213124226912,-0.0,-0.0,-0.0,-3458.7818405055496,-1259.7142249136791,-297.79459927061595,-971.218968751043,-886.7348194181759,-913.4398924071808,-0.0,-0.0,-0.0,-44.235764476603,-5181.734659701696,-727.6373885064457,-2112.038893766666,-3854.6154418261185,-2283.0158985301023,-453.2773905990002,-0.0,-1800.7365383760823,-786.1188982577379,-0.0,-359.34125786052203,-392.6713569693517,-40.47001822461438,-1085.957007311768,-267.047840889629,1454.4992499748025,-452.75985194445286,-0.0,-0.0,-1040.1021042496493,-887.4180426227665,-2616.769757074989,-287.4131198536466,-0.0,-0.0,-557.7685604914377,-0.0,-0.0,-0.0,-0.0,-1354.4759056177618,-695.2635949943841,-1433.6861295934102,-484.287468713005,-3.8805650642907428,-740.5418209303614,-0.0,-0.0,-0.0,-0.0,-2581.378914692891,-0.0,-0.0,-0.0,-0.0,-0.0,-0.0,-783.9138563986037,-0.0,-2687.2844400490917,-546.2914342343598,-237.4513667245989,-1299.0630640571808,-0.0,-0.0,-1482.9212685463542,-1444.3991994346848,-3.856636595199625,-497.871630636309,-58.778071938026756,-1962.6215331738315,-947.9421687262924,-0.0,-4024.8319345815926,-1338.2121114287606,-0.0,-0.0,-15.225794542947986,-428.4451009032801,-1237.8223872771493,-0.0,-0.0,-24.806645842143144,-1535.007101293205,-606.8440678223674,-342.80170643879904,-75.93946801433471,-1916.2019102462764,-0.0,-0.0,-0.0,-0.0,-0.0,-578.892963261049,-504.52769073033164,-600.961528711202,-4499.635161928626,-1706.9025288046016,-1303.5664939003748,-102.95151038473774,-1135.5872429038614,-1141.6666374259744,7.7019084008497405,-0.0,-0.0,-0.0,-611.253918351821,-462.8588600662322,-1841.9204543641636,-613.7419387612433,-0.0,-1682.7232156487376,-0.0,-719.9606373473797,-0.0,-0.0,-2069.4165300922264,-559.1545308624685,-585.5672019720398,-1511.678923924578,-125.2555076793877,-12.497383596096139,-729.1490595820568,-1499.1848087836588,-0.0,-473.3873548387389,-1276.721439356514,-4067.731423706692,-0.0,-300.0987390484621,-2173.1849109407412,-1401.0981364427075,-1331.011249226956,-519.7401110978078,-1225.794318802621,-0.0,-356.08255246320624,-0.0,-261.41861657934146,754.0467383538335,-0.0,-0.0,1030.4073401765033,-0.0,-2290.47487037344,-756.2194965196223,-1130.7275957909746,-1215.9514806240236,-1563.9419079813208,-379.24957314935824,-150.4687520033821,-0.0,-0.0,-908.5738951909793,-1119.9819323781617,-810.6337102384382,-0.0,311.0146550300416,346.8547925641834,-239.5140501002683,-2846.699900427525,-2179.2890532292945,-0.0,-0.0,-1471.1989001064517,-4018.0856696682536,-2721.199136365909,-534.4137490921422,-1097.387022361845,-1152.7963389533406,-0.0,-222.51921523132626,-0.0,-641.8461742717134,-268.87625293701046,-1705.798553206327,-2740.7807079399527,-331.0434074011377,-547.4179169482844,-4732.2670595596,-1473.9189326663902,-586.2946489016641,-259.9729336243516,-1577.297821693682,-761.221737797827,-4.130678871062653,-1624.5596295098992,-1632.7141215402282,-0.0,-0.0,-732.7156260471107,-1336.971150253955,-359.62084493981513,-3.976862123005153,-0.0,-0.0,-0.0,-0.0,-0.0,-38.860926755518655,-787.0927461782604,650.6073852031465,-463.77092797267,-903.387006578659,-538.5277225947254,-994.5381904739443,-1641.846028605561,-1242.5280449146965,-1723.3406968671504,-277.8905270955415,-619.8063972542635,-1611.0285975155514,-737.7941644569304,-0.0,2963.169255206719,-278.23250837602643,-76.23471222379422,-0.0,-1044.8523440935946,-655.2779088016632,-1518.5863073912908,-1868.6729147714707,-2490.377057869085,-0.0,-0.0,-0.0,-0.0,-1130.6116194770777,-1660.330529121773,-0.0,-937.6466671943652,-8.245040048498895,-0.0,-0.0,-0.0,-2857.325133065581,-900.8469785306743,-182.97100770545367,-54.14709881583202,-0.0,-0.0,-1297.681519793785,-1482.1634830016696,-819.6785723220438,534.1685905555468,32.4249304467758,-0.0,-22.715339251086007,-0.0,-1570.5074765572745,-543.3480996854761,-1419.6821988357685,-1708.2813862422256,-1775.1498861548985,-44.07405440486082,-0.0,-0.0,-2067.741285545745,-370.69664911386405,-0.0,-0.0,-223.1031057691074,-0.0,-44.26489539492063,-0.0,-1460.9908511232459,-832.639486080754,-0.0,-76.51687148748388,682.3978751499405,-0.0,-206.5068163087914,-2575.384507988594,-0.0,-0.0,-768.2003190747431,15.26577047915976,-0.0,-0.0,-812.6067365490051,-1480.2591234852582,-0.0,-878.1713205832021,-0.0,-1163.5997595498116,1760.845144862739,26.2363179433284,-1754.587689533687,-1912.2376589609705,1137.4937070163746,-0.0,-2369.1327950739364,-796.2680835206597,-992.5751727344974,-0.0,-650.0426418599889,-138.4343028620826,885.1555914655727,-435.6378010260614,-1559.4241559828813,-0.0,-0.0,-0.0,-927.6108447814232,-639.2973983822689,-799.2853974443187,-979.8440458728988,-1178.8032893614034,-28.934471102575664,-1155.4144224728545,-1094.317151416768,-1375.2159989578145,-0.0,-0.0,-514.2023600591052,773.5107848376201,-6806.698501284786,-0.0,-1286.733132553843,-1984.1495580988185,-938.1422529090777,-835.9795897941249,-67.01944587148338,-2831.087678809349,-390.7669069859233,-0.0,-1103.436578394894,-881.5538697918694,-673.9113165264204,-0.0,-1540.403373133371,-2023.7153338757105,-29.999777183511608,-1191.0082171248066,-2763.2162962389157,470.0457315897867,-0.0,-441.91444472492384,-166.48945626534172,-1257.9382147057534,-1047.3009969277289,111.97225583571235,-125.47224635358039,-882.3399451310788,-501.7593552752211,-567.9533243794813,-699.7402734723036,-566.6139005199243,-0.0,-1420.7763585636962,-0.0,-1199.7087071723604,-698.7894421961524,-161.50457584385302,-0.0,-1731.0282585129985,-5027.672247710438,-0.0,-454.557635449618,-0.0,-2621.77209926249,-248.03639155699415,-0.0,-409.70105535867657,-446.8793934692787,-0.0,-2236.161872385287,-1595.22828807014,-0.0,-4394.022017836312,-124.22084798191007,-1335.4823114607052,-1470.5134433175144,-1811.5445776112892,-118.59775778327584,-0.0,-992.0071297430376,-2211.0067021667833,-599.4717327638747,-1039.9205392769288,-1130.977648576487,-1832.1316461364077,-2499.227647439117,-1001.6852308993044,-1915.7059810778285,64.30221521490932,-0.0,-302.51754465531025,-1306.8929439056437,-1111.6513817399457,-0.0,-0.0,-0.0,-435.4712820459825,-512.2491237464986,7.7838539057407985,-604.9070247428542,-0.0,-1228.7265256268406,-766.0725933759447,-619.6662008112638,-0.0,-0.0,-300.547984639184,-1637.522976924718,-1038.3085753672942,-321.5264740766614,-947.0469395092595,-34.94321251439767,-0.0,-0.0,-3230.4491788588093,-1166.0296380848754,-0.0,-0.0,-0.0,-91.45827447429275,-1098.6262261873655,-52.18485810922226,-1852.8215640863054,-1797.7167061898049,118.77169660932465,-0.0,-602.9697273417246,-0.0,698.6145663050152,-132.28159763276167,-0.0,-1670.0074527846282,-326.77208934377734,-1847.8931540420829,-0.0,-1576.7950407409803,-622.1455936109136,-205.42334036973963,-12.845585777123771,-37.36750686696521,-0.0,-0.0,-729.9241877768889,-1345.4230870829158,-0.0,-556.8131960374244,-0.0,-363.57761001648134,-545.9971230153981,-0.0,129.43779771242217,759.3301043122128,721.46490425447,879.6156622895768,775.45329429462,819.9093560333957,-0.0,-0.0,-0.0,-0.0,-0.0,86.15217878073109,-0.0,-0.0,-573.969275238771,-157.87061803468072,-504.6806732203695,-90.81632843387376,-0.0,-959.93139057318,-1645.2447675624037,-1778.9690130256897,-247.0212196241265,-214.60611008283578,-0.0,-0.0,-662.0863221511825,-0.0,-0.0,-0.0,-0.0,-3044.959349682665,-0.0,-44.418636478452335,929.307796910577,-0.0,-1084.7142589231255,-571.5259083388908,1611.6364562444257,-901.1985036342496,-0.0,-3255.2151210740963,-2116.749933386542,-206.61298087325792,-872.2855208480445,-1364.3395258580188,-571.8792736946519,1215.1790798855668,-79.22357475273455,-596.9663017653091,-0.0,-0.0,-527.3075165242622,-0.0,-803.5873156044044,-0.0,-469.57452418533063,-38.108378445143785,-0.0,-0.0,-1133.0319958978635,-0.0,-0.0,-533.3589078547683,-1299.1585037209868,-1892.9654314576142,-0.0,-0.0,-0.0,-1747.1403526708878,-0.0,-1158.2888417903769,22.924862229816153,-0.0,-0.0,-1200.8530161619701,-917.0078457060835,-1301.0325118414323,-384.73226391557597,-0.0,-1399.6731806975386,-282.91433791276256,-0.0,-0.0,4.000381281636723,-38.525634375014086,-4678.9595951128385,-0.0,-120.38559037468198,-31.82832311842574,435.2083734025915,-86.41224527669718,-1004.2950341691899,-912.6853991473696,-453.697655973803,-0.0,-0.0,-1812.1004652948066,-0.0,-0.0,-0.0,-0.0,-0.0,-0.0,-0.0,-170.16613543042726,-0.0,-0.0,-2018.3744719349124,-7359.772575887668,-119.08406734085365,35.667234779960665,-454.2655588146845,-718.2092881817223,-114.46410442195169,-4454.369203820041,-272.8140144364825,-311.11407568546485,-0.0,-0.0,-0.0,-2050.143297830197,-0.0,-39.38324524671358,-0.0,-0.0,-0.0,-492.2140943841973,-11.691898052177939,-279.66100388517793,-1503.3012993265804,-650.7565793971902,-74.88080592170655,-2612.4946750038803,-0.0,-87.10000794732932,-2216.3968363050403,-0.0,-1127.6468969598425,-76.78171726211102,-1579.7355922952654,-0.0,-0.0,-1106.052701015182,-612.2478149183687,-35.13931693635928,-876.4155313838008,-842.5922349709863,-719.1167832550134,-171.29257240708233,-708.1952139028526,-740.418410797306,-2293.594429001202,-1038.5332159768045,-0.0,-1584.843508001957,-370.8949390505925,-696.3695315776343,-0.0,-0.0,-1025.1788905813755,-2384.951680858798,-852.2008935466165,-0.0,-0.0,-0.0,-4059.919320392689,-827.9836141571352,-199.32849954866634,-341.05898302808174,-43.2759843861064,-3753.5004494356713,-0.0,-0.0,-2312.3281206598153,-869.2622159813039,-0.0,-0.0,-0.0,-85.24021133998593,-0.0,-1921.0979041858875,-1835.5285403689745,-0.0,-340.14225554394085,246.83228530696655,-0.0,-0.0,-0.0,-1026.0185693366388,24.203831982260816,-2466.6331044577328,-569.3309755524978,-1149.594513053498,-694.0080736263923,-3636.5427126113213,-1674.6254107630436,218.80527971962226,-0.0,-3175.6417649800487,-0.0,-0.0,-0.0,-1300.8986133731328,-767.9557306799312,-1579.917770765151,-0.0,-0.0,-890.957376127189,-1535.470541128361,-694.1991486086893,-502.6348733515258,-0.0,-0.0,-1317.1869584240885,-0.0,-0.0,-0.0,-0.0,-0.0,-0.0,-563.7381670127766,-76.8164696952198,-1353.9666056096062,-0.0,-699.4720360451873,-1232.1042129792766,-34.80185146544332,-0.0,-0.0,-0.0,-0.0,-0.0,-0.0,-0.0,-0.0,-0.0,-0.0,-1178.0746109866047,-2021.1050732597114,-0.0,332.8208882053263,-0.0,-685.8797604088581,-101.18458045360667,-0.0,-772.4375270098311,-448.17324900176004,-88.7373745404603,-2022.258279789667,-509.3379499313584,-2923.67828717461,-179.7168088373315,-2269.2005667276326,-1854.6731603939302,-912.518618989756,-4.456956653932356,-0.0,-1141.8214262455506,-2229.963195858516,-2516.66327746009,-78.49790007689998,-242.28133202709088,-1771.7168673370215,-0.0,-2698.0456638787377,-402.5905523553179,-0.0,-1735.0856951583876,-0.0,-823.5581177874882,-0.0,-2538.978713271875,-0.0,-0.0,-91.19368311826483,-1071.0881806219397,-558.3270513787543,-0.0,-1426.7153948937603,79.33698221296153,376.0727783253462,355.69845084856814,-276.8971287731121,-1763.3929589144018,-620.8152392699988,-0.0,-0.0,-5460.178130239961,-1144.3493911233345,-0.0,489.66980564480525,-0.0,-1978.3374614736629,-525.7454076202347,-715.9491490436517,-0.0,-0.0,593.0962953240597,-0.0,-897.8515353072997,-1267.8529116509987,-1912.7396788732426,-0.0,-620.6299209043771,-3183.1688887677915,-1024.3360804981357,-0.0,-1446.8126103538746,-136.03526318922803,-1202.4424176080706,-0.0,-970.5325228875738,-0.0,-0.0,-0.0,-908.3069715870861,-0.0,538.893800617232,-0.0,-393.99617428850985,-769.5533711470271,-450.52233551872706,-1068.9036070030402,-643.6324417069374,-1866.8760501788697,-1243.5216977465443,-0.0,578.3737048522611,-2411.6983918911933,-1644.709868095784,-720.7133357763023,-0.0,-0.0,-0.0,-151.61416186159786,-1121.4814789991017,-308.4578491992946,-863.1718826066217,-2141.5629046973645,-2961.782117427773,145.5124651845965,826.7271452694014,713.4511384054551,-0.0,-0.0,120.91768832367498,-32.472823006353345,9657.111146268842,11332.975484680921,5876.939596453588,10939.289874404856,10659.942707845408,9793.036243410545,-0.0,-0.0,-0.0,-0.0,-0.0,-1479.295611772504,-1415.15522853832,-954.9764310188903,-0.0,-2449.35490688769,-616.0357966414352,-1071.2193362408982,-33.56102601952863,-734.4452353061372,-1406.349256928725,-1105.0514105220911,-1230.319039004835,-0.0,-3038.402142909669,-1886.3293421544715,-684.1568577968955,-124.73542149391078,-3377.289999668299,-0.0,-229.3468437890976,-0.0,-11.591364862458738,-0.0,-116.23532229932036,-294.16242308866015,-1116.5568144367667,-858.380120041067,-0.0,-0.0,-0.0,-2432.066099176482,-0.0,-0.0,-255.51789876185984,-1032.450366807751,-1066.686011685525,-88.34101905393062,-1315.0438736675364,-1808.5084842673143,-328.9571163407619,-0.0,-0.0,-116.86074431739878,-1255.8608355899473,-338.75250989872376,-0.0,-5801.783693590963,300.4968674275909,-0.0,-0.0,-0.0,-36.223984643926265,-451.1471420882511,-0.0,-0.0,-1248.167481058806,-2356.1560107264118,-1320.7061751533906,-406.60987550760706,-461.6432149789466,-493.3714636138516,501.111008032776,-1416.9986853873268,-0.0,-575.6846771549817,-2729.5362946353443,-506.51900709785195,-8.935860072516235,-0.0,-5.516507345552643,-0.0,-0.0,-0.0,-1261.4389957995359,-415.59932424216964,-1422.8706451055284,-0.0,-0.0,-0.0,-268.3485494628222,-536.1952577919855,-1495.2371314011293,-2934.9618043900346,-393.46026309639376,-202.52136759247767,-0.0,871.9558686515891,-0.0,-1208.14134091775,-166.41067939820948,-0.0,-0.0,1025.877824652253,-0.0,-1638.7180377126463,-0.0,-0.0,-0.0,-207.1766576023535,-2087.804628277648,-1730.1531211728388,-27.064657440895402,-2398.8876277452746,-1607.2140337805195,-27.463848285687558,-27.03096939867164,-76.10225222272652,-0.0,-0.0,-2123.822927352373,-0.0,-5960.692550849103,-0.0,-1579.3121191707148,-273.2512809706525,152.2410803638231,-0.0,-58.54536065446192,-1388.7592529295332,-1567.4450952675702,-553.5540806713446,-37.44366175196612,-270.33860682166625,-0.0,-0.0,-0.0,-0.0,-1264.8335983532268,-909.4742773852249,-0.0,-597.8391040636262,-1305.5262610756738,-191.36026302859955,-79.47749131430143,-0.0,-0.0,-0.0,986.4342506124526,-4.1727858895437,-0.0,-539.149251509568,-889.5361279789565,-1473.6004725773257,-0.0,-0.0,-2489.569188065205,-0.0,-0.0,-0.0,-0.0,-688.0941793832609,1041.9139222473934,1106.4248837539428,1260.4859924084055,-0.0,-0.0,-0.0,-615.4704893105286,-0.0,-0.0,-379.96263475954646,-690.7255539647813,-0.0,-193.08048144365333,-1424.511218084296,-1356.9249137800782,-0.0,-0.0,-0.0,-11.431640987314248,-1519.6893372634281,-3.8245349962681385,454.60348025978885,-0.0,-1780.1541632322685,-914.7579803963287,-629.8196619906099,-1740.2111232597015,91.66429498322981,-275.0417028580058,-20.87275512208924,-460.5525042073097,-438.69128547283987,-1125.2811014237814,-388.4753537492018,875.8009896086386,-1342.568375441246,-230.3145327064164,-172.47927214487126,-4121.070478860877,-2513.0830814601636,685.2134793052687,-1022.1424151128548,-194.7406937430549,8.257523733061838,-769.9656629391002,-1082.9166874830357,1904.0371167209528,-672.068583870274,-708.5703249792366,-727.0142020219098,-0.0,-7109.894934452411,-0.0,-537.5342964130829,-957.6052050791229,-680.4512706587633,-955.1310443517373,-1285.8555566493994,-0.0,-1002.472562367627,-166.9637457719772,-85.9945799361782,-7398.098393976944,626.5172892899377,-176.12194353040138,-0.0,-618.3924323642527,-1335.5528433708946,-0.0,-0.0,-516.6286327048377,-1879.385566887813,-75.73566213486313,-236.50281790044883,-278.30921751271944,-1264.6177540495921,-0.0,-0.0,56.026097058204115,-0.0,-0.0,-1832.715167261082,-0.0,-1875.5311646044022,-1003.3438477888283,-1341.3503620086242,-0.0,-0.0,-544.090346655856,-929.1076488628983,-134.41968615262266,-0.0,-484.4969146721689,-154.29900748532688,-537.8729236423443,-0.0,-221.04419356256514,-520.3281775118331,-2350.8488922751044,-1018.6300529621999,-1463.4706937970411,-0.0,-0.0,-1490.4167955049288,-19.13275284458273,-0.0,-0.0,-1202.113434792032,-0.0,-0.0,-0.0,-0.0,-0.0,-0.0,-0.0,-0.0,-0.0,-0.0,-113.20811805508983,-0.0,-0.0,-0.0,-0.0,-0.0,-0.0,-0.0,-0.0,-0.0,-0.0,-0.0,-330.9766581386018,-0.0,-0.0,-0.0,-0.0,-0.0,-0.0,-0.0,-0.0,-0.0,-0.0,-0.0,-0.0,-0.0,-0.0,-0.0,-0.0,-0.0,-0.0,-0.0,-0.0,-0.0,-0.0,-0.0,-0.0,-0.0,-0.0,-0.0,-0.0,-517.9423167923163,-0.0,-0.0,-0.0,-0.0,-0.0,-0.0,-0.0,-0.0,-0.0,-0.0,-0.0,-0.0,-0.0,-0.0,-0.0,-0.0,-0.0,-0.0,-0.0,-0.0,-0.0,-0.0,-0.0,-0.0,-0.0,-0.0,-0.0,-0.0,-0.0,-0.0,-0.0,-0.0,-0.0,-0.0,-0.0,-0.0,-0.0,-0.0,-0.0,-0.0,-0.0,-0.0,-0.0,-1488.884530324203,-556.6727680635983,-1943.7247879683125,-0.0,-0.0,-0.0,-0.0,-0.0,-0.0,-0.0,-0.0,-0.0,-0.0,-0.0,-0.0,-0.0,-0.0,-0.0,-0.0,-0.0,-0.0,-0.0,-0.0,-0.0,-0.0,505.5703642194075,-0.0,-0.0,-0.0,-0.0,-0.0,-0.0,-0.0,-0.0,-0.0,-0.0,865.365348487544,-0.0,-0.0,-0.0,-0.0,-0.0,-0.0,-251.20653522802212,-0.0,-0.0,-0.0,-0.0,-0.0,-0.0,-0.0,-0.0,-0.0,-0.0,-0.0,-0.0,-0.0,-0.0,-0.0,-0.0,-0.0,-0.0,-0.0,-0.0,-0.0,-0.0,-0.0,-0.0,-0.0,-0.0,-0.0,-1057.5479221576518,-0.0,-0.0,-0.0,-0.0,-0.0,-0.0,-0.0,-0.0,-0.0,-0.0,-0.0,-0.0,-0.0,-0.0,-0.0,-0.0,-0.0,-0.0,-0.0,-0.0,-0.0,-0.0,-0.0,-0.0,-0.0,-0.0,-0.0,-0.0,-0.0,-0.0,-0.0,-0.0,-0.0,-0.0,-0.0,-0.0,-0.0,-0.0,-0.0,-0.0,-0.0,-0.0,-0.0,-0.0,-0.0,-0.0,-0.0,-0.0,-789.2671076695522,-0.0,-0.0,-0.0,-0.0,-0.0,-0.0,-0.0,-0.0,-0.0,-0.0,-0.0,-0.0,-0.0,-0.0,-448.6118427839272,-0.0,-0.0,-241.45246060118515,-0.0,-0.0,-0.0,-0.0,-0.0,-0.0,336.07314830261555,-0.0,835.1685404217419,-0.0,-0.0,-0.0,-0.0,-0.0,-0.0,-0.0,-0.0,-0.0,-0.0,-0.0,-0.0,-0.0,-0.0,-0.0,-0.0,-0.0,-0.0,-0.0,-0.0,-0.0,-0.0,-0.0,-0.0,-0.0,-0.0,-0.0,-0.0,-0.0,-0.0,-0.0,-0.0,-136.85405426564256,-0.0,-0.0,-0.0,-0.0,-0.0,-0.0,-0.0,-0.0,-0.0,-0.0,-0.0,-0.0,-0.0,-0.0,-0.0,-0.0,-0.0,-0.0,-0.0,-0.0,-0.0,-0.0,-0.0,-0.0,-0.0,-878.6766617384532,-0.0,-0.0,-0.0,-0.0,-0.0,-0.0,-0.0,-0.0,-0.0,-0.0,-0.0,-0.0,-0.0,-0.0,-0.0,-0.0,-0.0,-0.0,-0.0,-0.0,-0.0,-0.0,-0.0,-0.0,-0.0,-0.0,-0.0,-0.0,-0.0,-0.0,-0.0,-0.0,-0.0,-0.0,-0.0,1271.4977119565965,-0.0,-327.97435685193375,-0.0,-0.0,-0.0,-0.0,-0.0,-0.0,-0.0,-0.0,-0.0,-0.0,-0.0,-0.0,-0.0,-0.0,-0.0,-0.0,-0.0,-0.0,-0.0,-0.0,-0.0,-0.0,-0.0,-0.0,-0.0,-0.0,-0.0,-0.0,-0.0,-0.0,214.17454647227356,-0.0,2089.395144371464,-0.0,-0.0,-0.0,-0.0,-0.0,-0.0,-0.0,-0.0,-0.0,-0.0,-0.0,-0.0,-0.0,-0.0,-0.0,-0.0,-0.0,-0.0,-0.0,-0.0,-0.0,-0.0,-0.0,-0.0,-0.0,-0.0,-0.0,-0.0,-0.0,-0.0,-0.0,-0.0,-0.0,-0.0,-0.0,-0.0,-0.0,-0.0,-2470.354323738891,-1468.6755037236119,-0.0,-0.0,-0.0,-0.0,-0.0,-0.0,-0.0,-0.0,-0.0,-0.0,-0.0,-0.0,-0.0,-0.0,-0.0,-0.0,-0.0,-0.0,-0.0,-0.0,-0.0,-0.0,-0.0,-0.0,-0.0,-0.0,-0.0,-0.0,-0.0,-0.0,-0.0,-0.0,43.7361482683876,-0.0,-0.0,-0.0,-0.0,-0.0,-0.0,-0.0,-0.0,-0.0,-0.0,-0.0,-0.0,-0.0,-0.0,-0.0,-0.0,-0.0,-0.0,723.8579344153751,-0.0,-0.0,-0.0,-0.0,-0.0,-0.0,-0.0,-0.0,-458.8899549364034,-0.0,-0.0,-0.0,-0.0,-0.0,-0.0,-0.0,-774.9527757814412,-0.0,-0.0,-0.0,-0.0,-0.0,-0.0,-0.0,2266.9640695728785,-0.0,-0.0,-0.0,-0.0,-0.0,-0.0,-0.0,-0.0,-0.0,-0.0,-0.0,-841.2061630269786,-0.0,-0.0,-0.0,-0.0,-0.0,-0.0,-0.0,-0.0,-0.0,-0.0,-0.0,-0.0,-0.0,-0.0,-0.0,-0.0,-0.0,-0.0,-0.0,-0.0,-0.0,-0.0,-0.0,-0.0,-0.0,-0.0,-0.0,-0.0,-0.0,-0.0,-0.0,95.92069404452948,-0.0,-0.0,-0.0,-0.0,-0.0,-0.0,-0.0,-0.0,607.8646084577863,-0.0,-0.0,-0.0,-0.0,-0.0,-0.0,-0.0,-376.591180813917,-0.0,-0.0,-0.0,-0.0,-0.0,-0.0,-0.0,-0.0,-0.0,-80.41629216846884,-0.0,-0.0,-0.0,-0.0,-0.0,-0.0,-0.0,-0.0,-0.0,-0.0,-0.0,-0.0,-0.0,-0.0,-0.0,-0.0,-0.0,-0.0,-0.0,-0.0,-0.0,-0.0,-0.0,-0.0,-0.0,-0.0,-0.0,-1862.5280199451622,-0.0,-0.0,-0.0,-0.0,-0.0,-75.69063881287761,-0.0,-0.0,-0.0,-0.0,-0.0,-0.0,-0.0,-0.0,-0.0,-0.0,-0.0,-0.0,-0.0,-0.0,-0.0,-0.0,-0.0,-0.0,-0.0,-0.0,-0.0,-0.0,-0.0,-0.0,-0.0,-0.0,-0.0,-0.0,-0.0,-0.0,-0.0,-0.0,-0.0,-0.0,-0.0,-0.0,-0.0,-0.0,-0.0,-0.0,-0.0,-0.0,-0.0,-0.0,-0.0,-0.0,-0.0,-0.0,-0.0,-0.0,-0.0,-0.0,-0.0,-0.0,-0.0,-0.0,-0.0,-0.0,-0.0,-0.0,-0.0,-0.0,-0.0,-0.0,-0.0,-0.0,-0.0,-0.0,-0.0,-0.0,-0.0,-0.0,-0.0,-0.0,-0.0,-1387.5316837752855,-0.0,-0.0,-0.0,-0.0,-0.0,-0.0,-0.0,-0.0,-0.0,-1955.6433067270207,-0.0,-0.0,-0.0,-0.0,-0.0,-0.0,-0.0,-0.0,-0.0,-178.65022674561095,-0.0,-0.0,-0.0,-0.0,-0.0,-0.0,-0.0,-0.0,-0.0,-0.0,-0.0,-0.0,-0.0,-0.0,-0.0,-0.0,-0.0,-0.0,-0.0,-0.0,-0.0,-0.0,-0.0,-0.0,-0.0,394.8954803626964,-0.0,-0.0,-0.0,-0.0,-157.88444075400042,-0.0,-0.0,-0.0,-0.0,-0.0,-0.0,-0.0,-0.0,-0.0,-0.0,-0.0,-0.0,-0.0,-0.0,-0.0,-0.0,-0.0,-0.0,-0.0,-0.0,-0.0,-0.0,-0.0,-0.0,-0.0,-0.0,-0.0,-0.0,-0.0,-0.0,-0.0,-0.0,-0.0,-0.0,-0.0,-0.0,-0.0,-0.0,-0.0,-0.0,-0.0,-0.0,-0.0,-0.0,-0.0,-0.0,-0.0,-0.0,-0.0,-0.0,-0.0,-0.0,-0.0,-0.0,-0.0,-0.0,-0.0,-0.0,-0.0,-0.0,-0.0,-0.0,-0.0,-0.0,-0.0,-0.0,-0.0,-0.0,-0.0,-0.0,-0.0,-0.0,-0.0,-0.0,-0.0,-0.0,-0.0,-0.0,-0.0,-0.0,-0.0,-0.0,-0.0,-0.0,-0.0,-0.0,-0.0,-0.0,-0.0,-0.0,-0.0,-0.0,-0.0,-0.0,-0.0,-0.0,-0.0,-0.0,-0.0,-0.0,-0.0,-0.0,-0.0,-0.0,-0.0,-0.0,-0.0,-0.0,-0.0,-0.0,-0.0,-0.0,-0.0,-0.0,-0.0,-0.0,-0.0,-0.0,-0.0,-0.0,-0.0,-0.0,-0.0,-0.0,-0.0,-0.0,-0.0,-0.0,-0.0,-0.0,-0.0,-0.0,-0.0,-0.0,-0.0,-0.0,-0.0,-0.0,-0.0,-0.0,-5568.629611581625,-54.150057474845134,31950.038741572378,-3586.584946965812,-3985.660173690969,86584.42789034593,-0.0,-6614.068346170569,855.4230842397126,1827.937339030597,-26322.304433181725,-0.0,-5099.317494964305,-0.0,-0.0,34822.68569854573,-12872.241502708192,3985.584793931535,6493.945839460197,-4683.977968416048,-25166.09462727504,-9593.455622526422,58.68958084750571,-102.8417448965317,-7127.34305039574,-0.0,-13358.839502473147,-20415.544936041613,15993.669443119725,-584.374655871367,8.356665657717052,47175.02094265111,-3225.333754148168,-111547.20462278374,-3169.096175755535,-22669.487043211553,-17369.78101770083,-6587.430438139456,-5916.361474810405,-15128.674565758807,12111.8352824951,-2438.4043637638183,-4322.097142400959,-3772.9634519642577,-12966.68629544138,7402.054240516264,40493.10026679251,-882.2158529805307,63.985938956483395,21143.74565359882,5782.293270442172,-560.1921428187381,15778.334338927594,8218.232044822911,-5751.16047472399,-8083.887026046275,-4096.447263499145,422.33844275622664,-0.0,-0.0,-283.7306994896146,-8588.122090607121,-3473.6849590496995,-3183.6747348353406,-1591.0793080448238,-4861.227776142888,9935.536372993876,4450.924299613823,-8677.991584164653,21169.444051823248,-21545.930716334675,-34260.56868303413,78839.92202087761,-22010.974336588024,-9005.864762460335,-2313.3061710098655,-3703.953248565637,-5815.396393989886,-5699.862038500721,-36896.92107145579,-0.0,-13513.463416411996,-0.0,3030.442338453909,-0.0,-0.0,-14016.959394046586,-1420.6788498355427,-0.0,-0.0,4004.397335815768,-0.0,-0.0,-0.0,-7446.682941936599,-4613.398638640224,-7661.579115102373,-8910.530657283305,9005.413378945006,-0.0,-29902.213582735345,42496.293207270486,-0.0,-0.0,-19089.422548381237,-11339.080644224672,181.66957118736067,52.09377295245098,-0.0,59122.0640169434,-0.0,-0.0,-0.0,-0.0,54028.45410406009,-1063.1156086200751,-0.0,-10252.060201905415,-0.0,-6612.906071014699,-1360.0862809408004,-3517.227964952305,-17132.121275930982,12434.451874346569,-1470.6388284690372,-9065.327055789641,-0.0,-0.0,-4886.257776053117,-6798.604218313747,-11238.296146097959,56091.93822636392,-0.0,-198.2695444520982,12985.602978173594,3864.503137552374,-1938.4162913328082,798.9914081583509,5295.382583724654,-3560.7363976543734,-94.19759213493734,-18877.83204167159,474.3608458056958,14448.600649103251,-757.0800172185862,12749.251914924753,53286.49531210421,2836.710745289239,-72.66854457027851,9337.9866413046,-1944.349746737029,-8170.374891335139,-9434.724831539188,-17329.618305162534,-0.0,6754.081075028048,17411.216520907492,26663.872918405243,-10963.468278405913,7402.821919712224,9450.659707448838,-9469.65903504482,17737.574319655814,-15588.804307342105,-0.0,4792.920606238761,-12631.286947082539,-19303.892730944648,-8080.82015847413,23807.021296807918,3413.574669728146,-0.0,-5834.26643707457,-0.0,-2858.338340171912,100.10823851073226,-4081.4217809820034,-0.0,212.8701915383003,-295.77866528915376,-22399.742847490328,-14121.770148425076,24266.166498838218,-8274.470663181968,3860.635472419763,6666.549410523387,-7712.857510249218,-5433.901276348575,-12264.467603687348,-0.0,-2186.558001512181,-1757.6762736430514,-0.0,1138.8491632743467,-424.301898005637,-0.0,-0.0,-14204.927258369642,-3149.3665432824105,3144.213630418951,-4636.546953791404,-0.0,-0.0,-0.0,62105.449951899354,23595.231864611527,-0.0,128.2802534772118,12990.392642544643,-0.0,-4477.36555261793,-2677.915548335662,-0.0,-4314.843669695694,-8204.995961897606,107696.30619414762,-12089.853379312925,-8378.153931383516,-31923.927770033293,-0.0,1528.9450984494147,3328.9284235789414,-10325.64751747863,31442.56207948103,-7426.136614610852,-38338.467168335585,-13934.37105887459,-9581.155046564485,-0.0,1433.4697065121384,-4814.70864892857,23634.8097478502,-167.2059883124946,-425.70710422302375,-11296.277401801692,-9584.202616129467,29453.266415534716,-0.0,-2198.001944389771,844.2313744755226,-0.0,-0.0,-0.0,-0.0,-0.0,-0.0,-0.0,-0.0,-0.0,-0.0,-0.0,-0.0,-0.0,-0.0,-1983.0150855506336,-0.0,-0.0,3504.1997219712484,-14389.185783618985,-657.9511171715058,-9525.104836318053,24314.612274065228,9170.406791456164,-4149.641462551731,3542.243966130659,39701.77885530592,-0.0,-0.0,-4660.023315057073,2921.607221439812,-7069.256001354357,-9692.54973602949,-0.0,-39.577209411622476,9281.602116608065,-5232.838476650167,-2731.5208000778794,3603.9898868706114,-26249.763435919125,30815.405903556762,-6381.882061853446,-1146.0870003620098,15108.955860489965,-0.0,-0.0,-0.0,-0.0,-0.0,-0.0,900.9964027798594,48504.87253195291,-9329.66922466474,-11402.864754855787,-8821.994410591724,-0.0,-9585.385217647005,-13703.677774032134,-0.0,-0.0,-0.0,445.25942516041016,440.66831045392655,754.5410374135681,2682.263044899929,-0.0,3699.5962062659514,872.2479596003111,855.168547809963,758.8604704529951,769.7625633016603,2928.890119420596,1877.4743764162724,3030.255384601475,2337.722261926823,2767.2616321399337,3294.0295893087327,35518.45969131259,38780.76034944173,38290.52198174731,35154.660863473604,9158.262595730735,8854.731186640172,9014.688300512553,9722.538701709283,5652.22470261967,2109.071525120362,2092.020041420099,2347.62104152324,2398.247269198986,2278.084947432023,5485.546963912863,4343.393200291844,1276.0860232474874,1543.0798672708688,659.1767738330458,376.30129985319365,558.5573862178129,41241.39837121822,35814.01611996437,39702.63747633509,34925.06883943863,53066.10237712138,57087.54568645996,1339.4241139452108,1179.1982993432246,1227.571882520017,1293.4553321945543,1134.3361237342438,1141.7964917558832,572.0432385848961,56009.075405672214,53606.12128442449,48571.22546972587,2600.641294303188,2971.3643189773447,2985.6135134703036,-0.0,7979.125339943011,8863.087218937904,40769.587866108435,35644.5940190881,37609.293170659344,62436.19920941689,63128.52430353777,62926.874992012694,63583.85323032454,2520.335612428697,2565.990552156148,5050.894889732395,-0.0,21078.589555280083,21011.2894768949,-0.0,1511.404044184826,1578.669643351492,1631.2925779075708,1700.6806403760577,1537.391840378617,1475.3745343012988,34719.37000286621,41078.20499030001,41486.86793014738,38828.24386426064,1174.5189537819706,1112.6617821212365,-0.0,-0.0,17541.148249972342,33037.539731720004,37609.48153559112,34303.26551326978,37268.32136387377,-0.0,57058.77848793762,51019.860163003184,981.5147499568288,2085.6020211941086,1984.6476089161413,2129.0268823435235,2230.2468034895496,2506.345485165925,49181.0710838501,54444.09559267297,-0.0,-0.0,17889.819766540113,1068.6712261183432,37487.05955229026,39874.837511989106,39192.97130218151,37460.52066081179,35174.376604818535,36051.27507632558,-0.0,17013.03462377456,10830.181741579414,-0.0,-0.0,1506.3707332342942,1455.0341967676904,764.8231942830412,816.6790919019277,479.3613639073756,443.3192890808769,-0.0,1184.0370277245054,1171.6585813861411,1038.399676650272,1206.4532544810877,-0.0,1774.5621500362342,1767.5073814726209,1849.4681251053914,2242.52889013844,2218.619733836663,2273.275372175966,915.5613735234754,831.8474493962249,904.3192000886136,1419.6068663785668,1093.572535564298,1023.9292841094128,933.8538564495049,1059.1616252377996,8365.081444934596,7669.571938714443,251.1034973451237,258.8772721538554,3780.493924428366,17011.35312437267,1440.7871271670047,1480.7900202790102,-0.0,-0.0,7622.186855109344,7755.521018145922,8563.009737932274,7859.624941709327,1990.7830915456345,2000.9295336877253,36769.79286779799,36935.61975194045,8347.342514182328,8133.9337813043,-0.0,56667.792127574314,2035.7043807106093,2150.2443089461844,1170.8810565091933,49665.77956778427,49443.99688435799,55384.91844576353,54524.68283239744,194.9541827657814,60107.10864865257,52526.61933803568,-0.0,-0.0,24608.54208503367,-0.0,1218.17477869787,1120.9321459298308,1210.2023203601082,2532.9567571993566,9063.868440128399,17269.947503044805,1705.2182974337109,1880.0342081327228,24.76161716711981,725.3679256510534,691.4863050090319,17397.827646571805,1621.8825500030355,-0.0,-0.0,-0.0,1105.418114588788,-0.0,1217.1514457799883,-0.0,5975.32181250942,6265.260349621395,5532.234836902118,5805.213546788848,921.627407346431,-0.0,857.6574451090796,-0.0,-0.0,974.6663072246413,1125.243355633225,933.9027529234668,840.4264493515192,875.4324980247834,860.954680220875,1929.9484463715953,1867.7797471387846,1678.0860546132467,-0.0,3033.7087953318583,2806.1180975591724,2909.008904570726,3161.5070006537035,4775.145891656599,54492.29355696783,50226.76503078639,12010.926984094946,22585.993419935367,17225.442418770202,17057.34974134027,1713.0982078897102,1741.4175925950797,861.7906107084888,903.6739576087372,2252.6671332328406,-0.0,38549.08176244847,34631.8150625693,1255.0228301530744,1144.647516338813,1084.5961939119964,5427.663688686113,2991.3356609303023,3299.4865046635614,35779.88657480019,34657.170857547055,37155.02120256401,39522.19423392503,-0.0,-0.0,-0.0,2680.0074691413515,2522.887836840365,2400.3469268868953,10451.026246014835,7935.279853529385,6542.399566662436,2274.2605135738845,2448.300979721341
12,-0.0,-0.0,-649.9933915290278,-2135.791982863667,-512.9484033730382,-585.3789640388868,-95.31791311404366,-660.0945894279312,-652.6620777624329,-0.0,-1266.7578031026894,-0.0,-0.0,-2743.301203819652,-0.0,-623.2385976552839,-494.69098008072933,-0.0,-42.6335381079447,-246.2058326336903,-312.3627369878929,-796.9385053847616,-840.1231585758679,-693.7243431713038,-2246.1016860403474,-652.4999710216671,-0.0,-40.99909045742487,-2911.1777055916914,-1637.6649899008005,-0.0,-0.0,-0.0,-0.0,-0.0,-0.0,102.52252593612191,-205.22945980158488,-1918.0474915038374,-1604.322458786834,-0.0,-0.0,-128.6496486021979,-599.3717714453957,-144.01249783307588,-0.0,683.3781368169135,-1540.7851177146777,-409.19763854907785,-0.0,-0.0,-262.7557001533416,-0.0,-12.014469613341412,-1962.7772911479012,-2865.909634804244,189.8080518982812,-5899.102220598561,-210.76988637339338,-0.0,-1754.746530133066,-0.0,-755.448439437265,-2665.9842315379174,-511.0376588234912,-507.21258593655216,-41.871841346921386,-2016.4387994447147,-907.820391716883,-438.4178908391652,-3152.36612454911,-0.0,-0.0,-2552.0918785155236,-1114.4901420920207,-244.73963702982104,-1642.596304324628,-0.0,-0.0,-1236.9395070926344,-1430.2668043968786,-432.3886365917575,-3586.8698021181935,3.9469034222902377,-28.720319680088963,-1832.7327275997382,-0.0,-640.4138540950047,-1091.1279106082782,-9.039240127425476,-0.0,-1288.7162597888246,-87.90154941801906,-743.460414498171,-2343.670824868699,-38.33892020198734,-2474.8290936086933,-392.49643261315833,-1634.0591253819357,-2773.928050130357,-698.0645698167651,778.2540274466955,-507.8274642818172,-0.0,-1431.144809143775,-2476.7078792100956,-4393.902312241162,-525.8675485724398,-2818.9697963768144,-0.0,-1624.4827452824109,-0.0,-0.0,-608.2170459301839,-0.0,-0.0,-630.5703067572147,-76.1840431212559,-1525.913904163318,-991.4052675002831,-850.4813356214365,244.2123683431688,-514.9316216426377,-347.20827810855104,-197.7492349087484,-8.319453555737281,-655.2775222289567,-533.6655667128734,-785.2598003958675,-0.0,-4939.066832270572,127.26126623442678,-117.94428108007935,-4137.549269531473,-0.0,-1019.4515513658658,-64.95937357768037,-0.0,-324.81269494982877,-0.0,-0.0,-930.5188575536739,-0.0,-633.1682872185439,-1022.7861995493098,-0.0,-1352.1113290764235,-260.1147552988239,-737.8601881180069,-1967.912157354163,-0.0,-1785.9537679880739,-1090.0422949781541,-0.0,-0.0,-0.0,-0.0,700.3778337423053,-0.0,-1829.3495885505101,-1946.183022675189,13.675989032745077,-0.0,-0.0,-744.3334453928159,-515.7759818878527,-783.8232611463668,-0.0,-433.53666639082,-3223.340057212603,-1160.4639519705051,-0.0,-1069.1851740558425,-2510.2305490362073,-0.0,-0.0,-0.0,-0.0,-0.0,-0.0,-567.38293884856,-718.9227288448085,-207.30323656400776,-210.60434992472125,-1238.8523337243914,-53.27710311825859,-0.0,-0.0,-698.3652979056754,-0.0,-667.267869237192,-31.16955568535317,-4.084767372111308,5.428218558627021,-0.0,-0.0,-1078.5821050014235,-506.2116513309275,-475.0666043254448,-0.0,-3072.3260567188304,-1956.3061362330814,-1253.5900146244521,-0.0,-0.0,-2071.4778584059677,-1499.4030500763095,-723.5933041105134,-94.22153713738362,-1734.1883157174163,-1340.4227235149306,-0.0,-0.0,-1773.6022959025202,-0.0,-813.5100273683605,-1236.0582625318723,-126.42718505396228,-452.64730457568135,-638.1740450676042,-570.1701557845607,-0.0,-1708.485356100719,-0.0,-2871.0314554195415,-3303.5974025065134,-204.0375339330645,-428.4021832188478,-541.7857263909051,-0.0,-319.3979666905005,-270.7109253535746,-0.0,-929.2786366274818,-708.1473222019035,-1100.0268522434935,-1956.3937995890496,-1075.825258976439,-2239.0644949470557,-1961.190086516403,-2120.880199698672,-2202.549429783881,-1216.1546871476655,-2375.789030950092,-555.7009862758155,-551.1891179393411,-0.0,-1300.7007112781405,-1082.0504277153104,-1248.389537098781,-396.4328517023325,-398.0367727346797,-2048.9164399586252,-816.6419560992894,-393.6312092693177,738.5166326162412,-0.0,1098.9876143364104,-1297.0891273979382,-0.0,-0.0,-0.0,-0.0,-0.0,-0.0,-1341.2383566829574,-2507.809747583232,-511.13167938515,-1056.582806758885,-0.0,-0.0,-1737.784015733347,-1148.7773622730904,-2258.7688418802104,-0.0,-0.0,-145.5629861000513,-63.86630069527195,-453.4149922422987,-1671.1436643344136,-516.7968502626642,-0.0,-494.3963672590474,-756.250453054691,64.38594746741126,-1297.488721442732,-1569.9625795780917,-1382.716428637637,-1849.4720117719523,-285.9780729042892,-708.4248415214881,-44.87727057389031,-1899.3112900829399,-0.0,-932.9040529526136,-168.296637815706,-78.3001797954035,-593.8041484596758,-0.0,-2044.571826292407,-127.46966154617198,-642.1493617794384,-1854.7470722555672,-1371.9004288443873,-0.0,-641.1988139310359,-884.2526654139241,-25.489780086834514,-309.05184309025105,-499.3732598376942,-52.810798435330135,715.0846857289752,-1230.473781973857,-0.0,-976.9378004394939,-1383.6378347146,-0.0,-516.772470850913,-0.0,-1384.772161764861,-0.0,-0.0,-0.0,-1290.2217318081118,-720.487217142987,-450.81955843418484,-0.0,-1757.0290771240927,-3192.4189461885285,-3333.247267019683,-0.0,-386.15075555486965,-0.0,-311.8941051555447,-125.55875778062303,245.50389344117323,-564.4872754469885,-0.0,-721.3618355274692,-995.0657211639303,-325.53447634000634,-615.2445652036756,-0.0,-480.67894769796453,-892.822487149758,-538.8160435252445,27.311793265443193,-2441.7571640810306,-0.0,-0.0,-1602.783183614862,-234.53750475035073,-1306.1327632846053,-97.37609671560627,-131.88288940559002,-251.11855553860445,-616.089271590587,-974.006599244069,-1413.0794684607845,-2434.056436495206,-0.0,-0.0,-393.1961850127416,5222.9796032391205,4.531601380185118,-0.0,-0.0,-0.0,-0.0,-2650.848506388069,-470.34926048799724,-0.0,-988.9897636076461,-1017.3157256314745,-675.7311082262437,-2340.3402866258198,-252.15403929607592,-1243.6280412353894,-0.0,-0.0,-2109.8862663075274,-754.5658909866182,-1992.229287552862,-806.5512313080499,-787.6444212627013,-1989.877545106528,-207.1391714265352,-1914.538330702432,-1247.7974314849382,-30.86172351267841,-966.9103017565368,-1237.7501259027374,-226.505586001715,-265.7481445052978,-1880.2743871908963,-0.0,-560.8196753508711,-257.7995179599884,-31.933135760398542,-843.2440095111991,-198.07774119407063,-868.7328102131054,-919.1865022900531,-1277.1331080465948,-227.95559917094334,-2603.3313014462747,-65.88850863840773,-534.0796839968439,-0.0,-935.442060368446,-669.3669538984652,-1079.2582499127386,-1222.1846391069694,15.291465469972664,-392.7209405219001,-2966.467025984296,-830.1636797458262,-384.9833736358841,-1213.4202053126837,175.5981075127344,-0.0,-0.0,-0.0,-0.0,-0.0,-0.0,-13.020456788961928,-167.28436423924327,-2619.4689349985915,-4703.915696796165,-593.1843827871861,-1155.1411789368653,-148.32315803979503,-605.3331689651365,-1519.412514744606,-1186.909268596879,-42.27276504686837,-493.13110565711156,-574.0257604271985,-0.0,-107.27198936814911,-1255.5310892542439,-562.981278840834,-0.0,-1081.1991620572303,-0.0,786.9604980230698,-0.0,-0.0,-0.0,-44.41298554427326,-0.0,-0.0,-1066.461719715824,-438.69000166464286,-1301.8624153591666,-0.0,-0.0,-0.0,-853.1792663916895,-543.2577630852827,-1407.2105872948152,35.53779640761188,277.2833089092528,-0.0,-0.0,-3191.805235007014,-1279.1543354880896,25.145328578002562,-52.99759122025004,13.227769438020562,-21311.078930836185,-22147.825427362794,-2639.014492098234,-0.0,-0.0,-0.0,-0.0,-458.1334004559842,-0.0,-0.0,-606.3450062492806,-2542.948822773251,-2161.6248083267,-1567.9766762993918,-349.53097472949247,-1834.8981131850792,-30.081665093013466,-1324.8965619107187,1067.3531287930987,-8.05993812621155,-1080.2757620994425,3.9533713700006956,-0.0,-0.0,-0.0,-0.0,-173.38117597169523,-0.0,-0.0,-0.0,-969.8403346642987,-1534.710545279212,-0.0,-0.0,-263.9926031281413,-2326.8511723603724,-0.0,-1574.5159095888082,-1794.6074597118231,-1994.998629171499,-0.0,-0.0,-115.8728023774432,-85.96799781230688,-1204.720703031748,-1614.6015484580973,-607.044348636065,-1320.5670166678256,-1242.8472866693844,-0.0,-0.0,-0.0,-0.0,-452.49424694508076,-241.47709942303797,-0.0,-0.0,-107.64567912714568,223.55490283433323,-0.0,-1206.6082058344207,-1109.4572196426564,-1056.5812259169377,-0.0,-0.0,-753.2743980235404,-1351.9899022613185,-751.8585745326639,-455.58543217106154,-0.0,-2440.07343072372,-2279.9499979057514,-0.0,-0.0,-0.0,-0.0,-0.0,-1431.02529638834,-0.0,-2060.085843623242,-1429.6788115429172,-76.78410793793014,-0.0,-0.0,-0.0,-2764.2048870281083,-1550.7037530543255,-663.2789189378801,-511.4984997998549,-1123.3892451644376,-793.8748936725156,-0.0,-0.0,-728.7867085060047,-1541.678589751101,-78.18905476793208,-487.3274543407766,-0.0,-859.9853674105872,-689.6462926729535,-1616.5532788097696,-0.0,-326.59792652266214,-131.20009239571397,-339.20770233093555,-1639.4370823451404,-336.89324781716283,-0.0,-0.0,-0.0,-0.0,125.33180149121276,-177.92707610613482,-873.2629845246674,-1379.4390489209625,-1239.3272726311109,-518.7920557137212,-617.9354854715586,-5898.021345297962,-1016.269832962134,-670.5095447836902,-0.0,-0.0,-0.0,-281.0808538524848,-376.84159031830694,-1354.6645100870344,-347.2427438611542,-0.0,32.98749821123118,-0.0,-0.0,-0.0,-0.0,-0.0,-0.0,-0.0,-101.12562258803617,1511.3967527057669,-0.0,-1640.8522952305077,-705.5041025178693,-458.7659879722145,-1664.1941432171222,-0.0,-0.0,-621.5605007379083,-746.7201788078589,-142.51777493806912,-128.71400519421027,-143.38291358987013,-577.1899205010812,-153.8064557039263,-2177.7448287109355,-408.5265067301607,-444.90429826990305,-0.0,-0.0,-1509.6766921240974,-2973.380573142304,29.931546644389925,-557.7843027119487,-355.77354980054645,-934.0343653417931,-1181.8731655739923,-848.4367919994072,-312.12008621554133,-160.35283947350138,-1533.3659016054314,-0.0,-0.0,-0.0,-0.0,-0.0,7624.7633564551015,-90.6005078261605,-580.8303499981602,-646.8176044978776,-1122.5931697461938,-1406.4509517445201,-1350.0642695868037,-1799.4979448349177,-2320.734070593104,-491.5987532248361,-0.0,-0.0,-1651.164175669852,-0.0,-0.0,-285.8178717157307,-1877.616469460815,-1439.6850598733238,-518.5212697530784,-69.08043584774457,-1960.7307712294707,-0.0,-1488.6312199261579,-0.0,-0.0,-0.0,-0.0,-0.0,-0.0,-591.2359108513627,-1341.7492810045349,-1084.0683901277348,-103.73937077722633,-268.2188432299998,-627.2687046928847,57.37936809032727,-0.0,-0.0,-597.7910909321096,-633.3226214064213,-4037.435149479621,-0.0,-1572.0728008640297,268.33034341649557,135.50742631038085,-0.0,123.30273379340831,-190.6495511872579,-168.71225141565267,-512.3085589752852,-0.0,-2006.4849062048809,-0.0,-0.0,-1207.2267615608484,-0.0,2533.411896249872,2414.9041582207024,2394.4646224645676,-0.0,-0.0,-1929.1879753365174,-0.0,-0.0,-383.5952801603536,-1013.4126103976171,-845.2666649063457,-1098.7982109051757,-1301.970781679265,-0.0,-0.0,-0.0,-0.0,-649.6634898428958,7.997770309049932,-62.067342185953244,-1311.6904846934722,-1087.000033634486,-433.73993691875006,-1558.7553258743794,-0.0,-2224.8504412175844,-1348.0871746135988,-1542.0922378206126,-432.43582238974955,-405.55556935067995,-0.0,-1280.5973526328987,-827.890235681761,-1032.9126786671432,-2021.4919265139854,-589.3945040866516,1072.3328662987803,501.34957570546567,-376.5178850791934,-1196.0918592833325,-0.0,-1784.6985204631778,-3298.661644868443,-512.1942868739967,-491.8336086314693,-0.0,-0.0,-0.0,208.65167997203207,-380.1871504958541,-486.84569837417206,-160.46225879635787,-555.3137119652376,-563.233980811577,-0.0,-435.45393999483025,-954.8682083150258,-737.9049030974811,-0.0,-2234.3598322582957,-5128.407897519496,-0.0,-0.0,725.0145967830848,625.1561710649538,-0.0,-0.0,-720.2035265011828,-893.3105680072083,-352.5346820017308,-724.3061835960268,-0.0,-0.0,-0.0,-0.0,-0.0,-2741.532144185028,-420.4095267693287,-1871.384393323881,-1080.8010219541816,-0.0,-400.95579790515455,-487.9748909972982,-0.0,-244.9472756801417,-867.1709574001829,-1211.5718905990998,-4636.974133917246,-81.90644358733361,-0.0,-0.0,365.6444267845601,951.1404237963496,-0.0,-0.0,-404.8303217079343,-0.0,-0.0,-0.0,-2668.635555438204,-0.0,-578.9792950054292,-0.0,-0.0,1888.1409803263873,2166.780545607919,1923.8019144420052,-0.0,-0.0,-433.6696746124278,872.0139218814916,-2378.6430513002015,26.747024670544736,85.51374581768462,-2728.3240327918843,-108.89524513573413,-190.5279383087105,-619.4380171139176,924.6551127392678,3917.014754158708,-3249.262264278651,-0.0,-0.0,-1070.9640962963404,-1786.395433999884,-1276.1421588060416,-283.3142502869785,-47.16167554649668,-0.0,-0.0,-0.0,-0.0,-2116.122451132943,327.97545786628376,-0.0,-4.180628526325692,-0.0,-1592.171907503477,-2036.9913108911128,195.16558877873462,-0.0,-0.0,-392.98296571033615,-0.0,-1946.8076971558794,-93.14212963700506,-1053.920937166392,-433.4968155258969,-1281.6118269528095,-798.1148632606836,-1226.286056248756,-650.9643042729506,-0.0,-0.0,-0.0,-128.71030191401226,-0.0,-0.0,-274.8544686884333,-463.3776856688214,-765.4938542274507,-0.0,-1766.1991426836387,-1111.4306780221266,-946.8922083073991,-8.596255734615537,-7.5940114578753795,325.7224737437337,38.91779477660031,-0.0,-0.0,-12.908646863683304,-1774.4816578384473,-716.9224690313188,-887.3661806935055,111.4520225655935,-2258.2761708470725,-2050.394198266794,-1050.0492966667662,-1015.4406190697521,-42.12659132841599,-583.8311174095656,-763.8222046139626,-1367.0620273918119,-2173.184007715555,-0.0,-1922.5392401665183,-158.5924970604257,-0.0,-2620.561952166554,-2898.6678577547914,-2305.2868506838627,1827.6944931823805,-0.0,-1620.0593421522574,-227.36381635357412,-1337.174060333253,-708.2062748111521,-139.6319039351618,-2178.1537749291188,100.97661238579585,1645.0372822186707,-0.0,-199.21730992636031,-424.7468679291435,-1162.7073457461981,-1102.0505191183217,-1795.3163242584483,-4266.223917504502,-0.0,-628.5418679504121,-1494.5029177760562,-776.9971769006268,-239.9927298768367,-28.874693909628785,-290.1642720961864,-0.0,-0.0,-0.0,-0.0,-356.6589155354739,-1395.5652405229077,-940.8747608974282,-67.81015706163562,-523.265971437326,176.2217812538395,-0.0,-0.0,-1055.403965469011,-543.6514459219271,-0.0,-2165.800450870887,-99.67395504087116,-1318.3667294059262,-0.0,-212.15880072908666,-193.52648239136045,-0.0,-0.0,-484.0671090019552,-0.0,-0.0,-4550.960546276332,-220.1361586446716,-2251.357759897413,-0.0,-0.0,-107.58964549844944,-1458.755614108639,-727.0935635395447,-428.90966798088823,-1420.009036893543,-0.0,-786.2667134323716,-0.0,-538.3206859718013,-0.0,-0.0,-224.5877934127974,-98.2406593964316,12.013601000580914,-355.7496867197782,-1520.0191578287956,-2054.125765804782,-0.0,-0.0,-0.0,-24.015402495740293,-441.24775038292915,-0.0,-1723.0159879945895,-2600.6287574700577,-0.0,-0.0,-71.03740306369858,-1436.3445497377572,126.0269702595764,-0.0,-0.0,-0.0,-0.0,-557.94593589331,-2548.9034367241907,-241.80461966396504,-1259.6339846271712,-0.0,-0.0,-770.5769235869005,-546.2707850914401,-352.92341486854383,39.91378419097476,-0.0,-0.0,-0.0,-919.2174756671646,-685.689080041812,-550.6768427635129,-338.0423874793711,-0.0,-0.0,-0.0,-0.0,-2280.780584333117,-87.2653416481249,-23.661221518428558,-0.0,-0.0,-711.8866457875804,-447.0252470840092,-0.0,-2038.0941042037043,-4652.750248617617,120.96174856365757,-1302.4865947186825,-0.0,-0.0,73.74495123044058,-455.75722412051863,-1768.1943581039193,-547.340733919954,-2750.496520597384,-1446.7413295741849,-816.0080300872894,-1686.811614720879,-0.0,-0.0,-0.0,-39.855915329356826,-1203.1121352797234,-0.0,-0.0,-3089.5593782603514,-91.13575911741377,-1582.9116379446823,-817.8579787345094,-0.0,-0.0,-0.0,-0.0,-0.0,-0.0,-740.8912909546349,-0.0,-1814.8783074076948,-0.0,60.33781958470668,-1409.0862593712288,-0.0,-0.0,-0.0,-2515.0472264786963,-0.0,-0.0,-566.2821825419566,-0.0,-0.0,-1167.8687538763008,-617.0432749079321,-0.0,-0.0,-174.6494560122943,-2218.0811157034573,-0.0,-1070.1991778625745,-838.2492126077856,848.6831505167112,-192.29816402830517,-0.0,-597.5605264300641,-2.6282724777154907,-0.0,-23.984369492990023,-0.0,-384.21975978267983,-0.0,-0.0,-0.0,-0.0,736.8365718502449,700.3015469126184,-969.6153252699404,-1774.8604444925577,-0.0,82.92641055138759,-4.377592220460101,-76.5140781841263,-927.4646221076551,135.28884497225408,-525.1724166692264,-405.7544643860252,-178.07468760109194,-3761.9458451154983,-0.0,-255.10600957806443,-1865.7834251341721,-2543.5590675159756,-0.0,-1277.3277787478557,-1567.3645908157775,-2212.152967955502,-780.4939848827391,-0.0,-902.4729358243198,-752.9090823637526,-819.3869032901586,-1408.2394064277685,-1086.5087718118866,-0.0,-130.8866672690166,-1158.6486999416193,-0.0,1138.298005173266,-466.2103161361941,763.911740637065,-0.0,-0.0,-107.98843745686753,-37.542383191779244,-2383.678731563281,-1062.1295770174518,-0.0,-901.9270210756544,-3067.823580860362,-923.8826566133405,-950.6524875697644,-1304.6598022519067,-425.9798840952059,11.261340053085899,-41.75075097003375,-0.0,-0.0,-978.1781217003347,-87.5899684857536,-0.0,-0.0,-2078.882696293764,-797.5478393859148,-687.513126842997,-1917.4477062019687,-98.53328821902367,-20.675661026445493,-2594.544164126488,-884.5369653362169,-601.2816853464026,-1041.344621651825,-0.0,-2365.3374344079252,-446.87309912752374,-1279.7187784473153,-1470.1572227878773,-343.5209997568487,-559.2621404511409,-1775.0350822937094,-444.2645405270557,-0.0,-0.0,-0.0,-1384.5724835751355,-0.0,-3293.4343212314216,-1339.2022790379326,-1562.6440757361452,-0.0,-0.0,-0.0,-0.0,-0.0,-132.1584766789615,-0.0,-264.35838129510614,-976.9611607464269,-405.56016104728843,-0.0,-0.0,11.489971148162375,-0.0,-0.0,42.38687999362089,-267.5642802096495,-0.0,-531.8222576671576,-0.0,-0.0,-91.12716445968479,-11.992533105797616,-2900.6338716777245,-2301.629722869685,44.90776700888539,-7564.604733023702,-909.9754541985798,-664.9259810145461,-0.0,-914.7472131968846,-1606.3087257894001,-0.0,-0.0,-0.0,29.379861378323806,-0.0,-1445.6248876522832,-0.0,-1466.8618666617874,-0.0,-0.0,-2282.8750931059003,-402.88514704174884,-753.2171393588972,-0.0,-0.0,-0.0,-0.0,-283.7066117868239,-761.3328537878634,1461.0450476750468,992.8619112086349,-807.9083591721663,-8.957171378715953,-0.0,-342.7173359022805,-340.9431745003682,-1832.2820536211655,-489.6086553273532,-126.50830324455765,-1129.1092065996827,-1577.905321804223,-985.1115373378342,-725.9449049410198,-0.0,-0.0,-0.0,-83.63964852870849,-0.0,-1789.2662923331027,-623.035943634842,-0.0,-1924.456971028179,-1257.9352344193787,-0.0,-0.0,-0.0,-0.0,-0.0,-1157.9927418821726,-0.0,-294.0059750587988,-1929.3824637676328,-0.0,-1130.3030118801669,-0.0,-0.0,-0.0,-2485.7138241448097,-1366.7910873953426,-1089.8650370322046,-2745.5240499315673,-0.0,-0.0,-0.0,-82.98546019436982,-523.0714702077661,3.9767997443109278,-456.6999597130634,-311.4192056302465,-0.0,-0.0,-338.20394071645745,-1456.3541876276358,-4044.250817172695,-0.0,-425.0178801146057,-1385.295407680656,-423.0402499394487,-502.8406508489069,-0.0,-0.0,-0.0,-1937.3187352643429,-2001.1550227403122,-44.20769422374626,-1781.7790724363408,-534.732416006256,-363.211097297736,-8.98801615060774,-1204.9924347239403,-0.0,-2102.1475709922106,-0.0,-525.7024352041914,-0.0,83.9452818367519,-0.0,-0.0,-561.4676733899178,-843.6887222991044,-8.009501393356254,-0.0,1321.6622888975742,-0.0,-0.0,-1880.2100978226142,-1421.8280102387187,-1172.405167492756,-0.0,-378.27851083582135,-650.3005128471626,-1519.3602233204683,-0.0,-0.0,114.46997500275452,-728.4565739047531,-0.0,-0.0,3.9113921173535533,697.1913116017514,12.240087476854482,-1526.3135776138179,-0.0,-0.0,-1838.6624515810754,-1747.6565558826603,-85.30154900607909,-0.0,-173.48999691491815,-767.2120690062712,-1162.3814734010627,-1690.7228242534723,-0.0,-935.9166284693191,-6.645549533113055,-0.0,-1708.797700648208,-0.0,-0.0,-0.0,-0.0,-617.5652123550963,3.800929211999066,-16.883366239689387,-0.0,-0.0,-599.1062905326726,-0.0,-0.0,786.420905327054,-1075.930091098603,-54.39845945251197,-2051.457019319996,-0.0,-0.0,-673.4799715804886,-0.0,-285.6097539011656,-1193.332617013494,-1047.3452322588505,-1168.9364455699417,-0.0,-0.0,1507.6523946318164,-0.0,1049.8872062398689,950.5743061393418,-42.65833623154709,-879.2843565727022,-0.0,-0.0,-107.29025867136423,225.37436462643223,-837.6500385513684,-387.2849843945155,-1092.8097623274125,-2778.630304674488,-2000.1517439202767,-0.0,-0.0,-278.51268010163966,-5359.134496750326,-633.3761561284934,-571.8279201867377,-0.0,-0.0,-622.0534840741226,-0.0,-1077.1360352521936,-1335.8082690607841,-795.8956120050748,-0.0,-0.0,-58.65405688434234,-0.0,-174.0643413400008,-1466.3646809381507,34.8702041227514,-672.3427061293523,-459.60611099450244,-256.53700862265595,-671.45740605512,-2372.429231890831,-17.27624864780846,-1231.3588279171597,47.43572633899892,-1026.3678503980068,-320.2244549767233,-0.0,-0.0,-237.64987949457284,-0.0,-0.0,-1694.4361018711475,-669.8653275861677,-0.0,-878.3296931569357,-524.9532262467277,-0.0,-0.0,-1469.2991480206774,-836.579534188084,-1573.4558060726492,-1400.0022944513942,-0.0,-109.85675277910973,-3182.051480910111,-1092.8819676072922,-285.67965934089716,1645.209177899128,-1882.9911735589544,-1280.2330716816894,4.322300786433369,-906.1691562136201,9.085455301811255,-1864.1199794067418,-0.0,-3826.8033674326557,-837.4817334759832,-0.0,-1616.472395626174,-1508.523933584732,-0.0,-196.35537328490815,-929.5730932775473,-1222.1996647881404,-1445.80852941915,-781.4791303120315,-538.4051788171014,-542.5279174002583,-0.0,-152.28537358868272,-0.0,-2523.388962949652,15.319159771785706,-3603.0691881100474,-838.5878624050388,-42.289254350463985,-37.44307452303119,-1424.7008242928293,-849.0105909289643,-0.0,-434.91203085394346,-0.0,-0.0,-800.1401770929565,-0.0,-0.0,-0.0,-0.0,-0.0,-0.0,-0.0,-775.118841796896,-496.9634213253838,-2802.3528337732187,-2467.2637205902756,-0.0,-0.0,-1183.3279267436951,-2040.462502120283,-515.4137950917024,-188.78859441588224,26.120001515278272,-0.0,-1407.0000810443416,-0.0,-2462.1368453179502,-0.0,-0.0,-0.0,-0.0,-1959.5034958108117,-232.62638843861546,-463.9493255418138,-1114.9118597908362,-1377.6091552414373,-1118.4420823719092,-759.6087994494236,-1224.1142256852697,-0.0,-0.0,-0.0,-0.0,-600.2256442398221,-438.13029994828804,-1408.1461194206056,-0.0,-720.4020199317958,-6476.291356398247,-623.3643279138726,-815.572398984363,-2947.530324866873,-832.9949723061206,-0.0,-540.874923161236,-576.1721606676045,-1163.9468571628881,-610.7812116773205,-1516.6453777294987,-1741.344105465583,-0.0,-0.0,-0.0,-0.0,-1640.3052855890521,8422.993195811274,6887.4814209178,-0.0,-0.0,-0.0,-0.0,-2091.3255545194143,-1180.9313967123308,-88.15089777760089,-1444.2764523503718,-830.2582004461026,-0.0,-0.0,-0.0,-0.0,-745.5195674617848,-0.0,-1912.9870630681048,-242.84416108762235,-0.0,-0.0,-0.0,-0.0,-133.82322580417673,-537.4543549578793,-407.9546807516106,-886.2597225592216,-1184.4283689496176,-1146.162358705768,-1121.5635430935681,-304.6851876598177,-1530.2483289313086,-1476.9246206398632,-1180.8567896378538,-1563.5100675616382,-39.55644524645225,-1228.5813397989214,-1039.0542539861042,-949.4016108739122,-1590.5944374657597,-351.5543129177644,-2274.5168584077574,-1535.6645809286824,-1926.340092088726,-607.0358529976482,-561.074684437106,-1082.4822393019983,-0.0,-1087.472273749588,-0.0,-3418.8922593553807,-800.5688028764936,-280.44772975304113,-1914.8083551612333,-1541.1708014069318,-1160.5099483171732,-0.0,-0.0,-0.0,-0.0,-833.7996543015854,-3666.2671615632307,-1722.6440094129516,-0.0,-0.0,-1158.385552374095,-0.0,-0.0,-1231.223443182028,-529.6811012089918,-1110.4662882469704,-575.6545900835631,538.3110497455533,-1110.0936732865362,-587.0774164478742,-1566.5630988054977,-0.0,1413.71325775149,-0.0,-0.0,-1173.727580701947,-5628.173353067223,-0.0,1693.283233585065,358.36971559189425,-894.0008901759189,-235.9030808604729,-0.0,-1800.2451031600913,-1015.8889179010487,-2218.9482094596065,-2119.6349608356018,-374.16988423461703,-0.0,-468.05748959522157,-165.71096575463721,-0.0,-1007.1767746494874,-0.0,-1807.4895870921484,-2258.8518181882714,64.45547032623921,-2428.7291579881194,-2027.8302897674962,-0.0,-558.681652013416,-1383.509950137643,-1960.8451337936576,-0.0,-391.8427607797863,-2431.7096460893677,-905.5913109670489,-832.7317423622127,-933.6320169372314,-440.27741964380346,-886.7987985407998,-1579.3543152014677,-0.0,-983.2889465717067,125.36848516913359,-1444.9131440997385,-0.0,-586.8717045066566,106.1623218087347,-929.5438245826084,-623.9906684381962,-0.0,-600.98868985492,-454.6512877169911,-1699.7735641607253,-1264.736674877848,-1629.0967398974708,-876.7166532711958,-796.9097141939,-936.5190987038559,-2193.4727953986308,-23.16237510728446,-0.0,-546.7378755000117,-627.0657808365731,-1390.7393030223975,-2084.8823690116837,-319.915562194044,-740.6381443954341,65.26515263172293,-872.1335549508481,-1266.7131910536018,-807.0865235005294,-0.0,-1029.7217708372373,-56.88965763386556,-2513.558991987743,-0.0,-426.08769878721125,-802.010698891158,-567.784231287142,-2346.002396050279,-172.5154755036773,-1559.1563678908155,-712.206821717322,-2612.964971698716,-0.0,342.2073062839319,-0.0,-0.0,-325.60395587623253,-0.0,-0.0,-3693.0406690668847,-27.32784789662051,-37.81552475078057,105.22159846007128,-1351.4545004389133,-0.0,-0.0,-0.0,-0.0,-0.0,-28.51590252144001,-0.0,-358.76589682378597,-0.0,-297.75776642074294,-1968.9477288215269,568.2347237700909,-3002.1892298732378,-0.0,-0.0,-0.0,-0.0,-0.0,-0.0,-0.0,-0.0,-0.0,-2623.887301423214,-0.0,-2741.8871406971653,-3191.7025445669806,-39.0844263257959,-0.0,-0.0,-0.0,-0.0,-920.6595429554316,-1115.283994788153,-0.0,162.2168013849344,-566.8358471915894,-2193.3672598999683,-663.7878222361678,-0.0,-541.5698789825632,-1177.1496513787633,-0.0,-0.0,-632.6696080794138,-934.82760531152,734.7999934932091,-496.179260621512,27.743350483757,30.066799019291395,-0.0,-0.0,-0.0,1584.261024545647,1417.558789638449,1661.7614807979785,-0.0,-0.0,-0.0,-805.7998515461512,-0.0,-0.0,-971.1999025823578,-78.40479920617372,-476.2672975128884,-57.44510227463139,-1051.2261680606846,-813.7735450148411,-1468.8108309511572,-146.2078963202138,-284.00743853456805,-1258.677976692272,-0.0,-2194.90897933348,-16.398144521178178,-970.0912735790698,-939.6159113460456,-16.742247431013176,-0.0,-1327.6868359627163,60.867401309010845,-0.0,-0.0,-0.0,-0.0,-0.0,-1404.8717542304275,-3143.641551590035,-0.0,-657.8488125430476,-62.325428035963604,-0.0,-0.0,-0.0,-422.5998481144354,-30.545251223430576,-0.0,-1329.0246286148683,-805.5652630625955,-0.0,-0.0,-545.785233010581,-0.0,-0.0,-1665.1108430380689,-1405.3622587679986,-0.0,-834.0889630139776,-2136.7022535987053,-93.94904868218201,-0.0,-0.0,-298.1388916374198,-793.7251869792633,-237.3784215635289,-200.85368457068287,-166.57122171552777,-0.0,-0.0,-0.0,-1374.368573375117,-1008.822656430356,-1984.8100101714551,-277.78799325558896,-1356.5095000342396,-126.43198073076945,-167.1195538453922,-490.0782345710388,-2015.1037054177916,-0.0,-0.0,-1764.7669329408434,-1925.2479217885032,-0.0,-0.0,-0.0,-551.9321464385785,-2355.389125788028,-3472.137486777161,-0.0,53.990139467158,-180.20797469072326,-701.2199717800397,-688.4190453298631,-2080.6510453432943,-0.0,-1508.2643807360732,48.122989957313,8.227982443416176,-312.4023909611784,-0.0,86.42179780799174,-287.6319916288555,-433.0088065186338,7.917892467869781,-0.0,-0.0,-673.0392179469218,-13.271442914638389,-0.0,-1362.2757844943867,-990.7471620907304,-1253.2393723325017,-812.99501655196,-1172.0438263320573,-1773.4573931551017,-0.0,-0.0,-0.0,-0.0,-0.0,-356.12465357359537,-668.244711855735,-1285.99834301422,-1561.27079519865,683.4269906101191,-1486.7466044061148,1696.6760174661154,-0.0,-2116.810436045188,-1701.2120598340186,-848.0422380013061,-31.235617583867793,-124.2114248909479,-2253.3534202740034,-231.16926967565686,-0.0,153.20654388832915,-915.2297528797139,-0.0,-0.0,-614.1681024727808,-421.12812269135765,-398.7452375755031,-1261.9700314557158,-1707.5127931118548,-0.0,-1527.2116531031227,-1153.684692124731,-4207.66013649329,692.6786038517256,567.2500971128359,688.4111016227862,712.6979834281431,-0.0,-0.0,-0.0,-0.0,-0.0,-0.0,-0.0,-0.0,-606.108766486969,-0.0,-53.88664743874463,-39.40899272124721,-0.0,-1328.4261158485695,-1437.5935043217146,-2038.4390628948768,-0.0,-0.0,-0.0,75.34126642733591,-3065.4797632705418,-675.1786092602413,-2914.970693454264,-1579.5650155267926,-0.0,-0.0,-152.53148247557596,-1412.8555519957613,-0.0,-1980.3076836165365,-729.0881534950164,-0.0,-0.0,-0.0,-2473.337528193753,-0.0,-0.0,-0.0,-0.0,-0.0,440.66128469531986,-0.0,-0.0,-0.0,-997.1793138729622,-0.0,-0.0,-0.0,-0.0,-0.0,-0.0,-0.0,-518.264386103519,-1049.112827485121,-1533.599838358284,-1689.0717923287039,-596.3035894336579,-1254.4147695528936,-37.558550241330124,-0.0,-650.2695553958918,-51.999241583373895,-0.0,-0.0,-0.0,-0.0,-821.063412088845,-0.0,-508.9884327066995,-1302.0509401345669,818.9678950289128,737.746842386914,751.489036523494,685.1845647687812,714.1628451027796,-0.0,-0.0,-0.0,-0.0,-0.0,-0.0,-365.2605488880246,-0.0,2126.8551906116327,983.0018746332007,1181.993783702231,-0.0,-0.0,-1269.5908972594211,80.79259876650252,-64.94304909334865,-2424.3569339162964,-0.0,-1922.631795621271,-0.0,-0.0,-0.0,-0.0,-669.9051327054855,-0.0,-547.626716281603,-572.6249541410435,-393.04762942680384,-0.0,-16.966555149882428,-0.0,-852.031185903111,-0.0,-2312.6467649464953,-625.5199379644283,1765.2635906846117,-2168.0490580211144,-980.5491311625592,-70.79966521514322,-853.7289908539244,-0.0,-542.5666564544612,-81.28988063264302,-2470.423235509875,646.9117862361907,91.97893804789256,606.2072415474133,1283.3260518674424,-0.0,-318.53017011729605,-25.64295023030713,-1080.9985665532308,-1250.5910409534865,-1468.9812625773882,-1892.904011733032,-0.0,750.7610011145546,-0.0,-392.1055673139683,-2347.5871659712257,-1359.8462914809818,-0.0,-1307.3947206072837,-401.9125580421803,-607.7416338011335,-742.0360588401188,-345.25634278069776,-1401.4298204554743,-0.0,-2210.221906667671,-405.4033387058854,-1543.6137251969278,-322.2570158659653,-0.0,-0.0,-0.0,-0.0,-1319.92792916609,1203.2351193733593,-1121.7723835227132,-623.2717466106202,-0.0,30.11718551959882,-0.0,-0.0,-791.929054400057,-730.7291584034995,-772.7562863082035,-657.2118442985135,-0.0,-0.0,343.46364230494595,239.97115073715082,602.3966791031174,-0.0,-593.9215742965355,-1938.5546794191866,-1287.1948241157409,-4.407021401639774,-1672.596949915199,-0.0,-0.0,-0.0,-585.3029295043132,-881.720989340585,-0.0,-1370.481355862668,-0.0,-2692.9797838058903,-3735.361093238846,-0.0,-19.741283521886945,-0.0,-767.6672641339749,-0.0,-0.0,-0.0,-2196.033125603212,-1136.1256520477798,-618.2907134010487,-889.7026094425215,-0.0,-0.0,-2162.544364524371,-0.0,-555.4812251625191,1187.7773842457773,-918.8910393481464,-773.4718830899246,-565.40034666224,129.35348882958544,-0.0,-0.0,-1366.0691319989203,-0.0,-737.5316862635004,-69.6483190180951,-369.19787229749016,-347.77010577204436,-0.0,-0.0,-231.59290355877084,-650.0928475462626,-1069.896315869502,-636.601820827612,-1081.6794760112589,13.216520828232309,-0.0,-132.4972848490991,-2117.9406275181877,-1281.829892182596,-0.0,-0.0,-0.0,-579.0773038508601,-614.6403534998412,-1588.494280102345,-0.0,-0.0,-0.0,-0.0,-0.0,-1514.9028304629073,-722.3217454443758,-0.0,-590.9359965649778,-0.0,-17958.37300072332,-828.8919533023447,-120.63419020887174,-616.3514234441482,-0.0,79.79171893436111,-1299.7825458393297,-2619.5320524563017,-0.0,-0.0,-0.0,-790.4846300355221,-521.8740984433501,-1120.3756044591546,-1023.114233657648,-577.483397200089,-0.0,-0.0,-1758.4304703886814,-585.8515834115775,-2329.2855943735813,498.97118451452025,-2411.699664490642,-0.0,-0.0,1674.7953417850572,-1583.2313006418428,-0.0,-241.11297573186224,-358.2998778322894,-642.9533850288685,28.825064535119072,-906.2595361995986,-0.0,-0.0,-1391.9496520256282,-1297.9388984267378,-2492.7168786627094,-0.0,-0.0,-2467.6094082311515,-721.710885760297,-733.4503326794725,-2496.860096958919,-1469.549082647402,-0.0,-0.0,-1070.187657266291,-0.0,-90.32038473045368,-1576.2801715627493,-1811.362713237442,-0.0,232.68282631461514,-782.3992060662122,550.7081931660128,-266.8288791775853,-249.78380746886324,-0.0,-458.3974892268907,224.18706790629247,325.6446797731044,-463.8876801752864,-2538.4466092760904,-2028.7056304889925,-87.5037606225452,-4519.509916502208,-590.6556354371259,-1148.083354294403,-49.965824442041175,-3827.087942550425,-340.1601772076441,-651.8260972047957,-309.78904095474604,-1632.6318661789846,-1014.8400375569881,-3478.947060792722,-5451.497591064648,-85.54241672136288,-689.1892767884303,-1732.0023770123003,-1196.0703839002447,-0.0,-3441.8376798362287,-0.0,-276.75068411432704,-1550.3006294700792,-1396.370470954044,-0.0,-0.0,-953.6260886454942,-239.8986825905444,-0.0,-1396.5847034452179,-0.0,-678.6173096584305,510.7857777509757,-2279.6529328246847,-480.38136705243096,26.619752816733165,-13.447900975719627,-0.0,-1900.882558862494,-575.655050560249,-0.0,-132.0185819315322,-0.0,80.4834455431217,-182.0192280265713,-0.0,-380.74557949218155,-1408.180958199494,-450.69724355690624,-795.476134263516,-2220.1663265444126,-0.0,-4074.7498278231665,-1763.239273546124,-2477.678074680134,-2250.0462564922136,-73.70273902933141,-227.58572505411553,-643.5183946573867,-1486.5985823715519,-0.0,-0.0,-1258.8109568132545,-194.84481302724976,-0.0,-78.41387238620025,90.09540452268203,-2259.851771049415,-0.0,-0.0,-1317.681564280015,-0.0,-75.88025612821596,-0.0,-45.07913023131071,-147.51111828354985,-0.0,-380.6656894850277,5801.7536761560195,-0.0,-0.0,-2659.197065572662,-788.5912519391578,-276.00737401557825,-0.0,-0.0,-0.0,-654.4822689502784,-2155.480359668141,-0.0,-0.0,-0.0,-2294.4215140356796,-0.0,-0.0,-0.0,-1595.5192514525231,-738.4226210715868,-303.0203155024337,-469.193072087155,23.502239271569945,-689.309352927579,-383.1877299982528,-209.65141572263752,-2419.052795658988,-0.0,-0.0,-1265.5129251646886,-772.2557769770905,-2478.6298949690276,-0.0,-0.0,-2709.5294952051345,-678.2294950010188,-1561.363950541383,-419.42056901497125,-628.024376797652,-2352.8109334902456,-830.1063301715764,-86.72854612156677,-829.3399088500888,-2021.8494275445112,-1558.5239142625742,-1376.706246482346,-0.0,-617.6179635448103,-0.0,-1576.603221581152,-426.20842049958037,-221.62035798719057,-629.8082679448787,-872.1130780489145,-12.347927279398526,-0.0,-1193.2390961093438,-558.1365200475374,-44.3558332119577,1541.3928921721622,-75.41910180606273,-0.0,-643.348894930699,-468.68539027415966,-0.0,-680.9628495221701,-1567.3362714336072,-0.0,-0.0,-0.0,-0.0,-412.9707484357986,-914.4109445367817,-320.67385611199717,-491.00182033308016,-345.17073169332525,-1634.8462079585336,-722.840938968923,-1421.859538101647,-2546.8528387631227,-1971.069325180927,-0.0,988.8619355399228,998.943936854727,562.024257131555,767.566323238339,441.353481399033,-0.0,-0.0,-0.0,-0.0,-0.0,-0.0,-0.0,-0.0,-63.5038778443374,-872.8580268808329,-514.2533670919769,-276.67734451585045,-1197.1245135966485,-99.81191265774926,-361.70629778312355,-1153.3368292617122,-297.3092484138439,-1748.8362850262972,-760.0669223072338,-82.86523860023362,-377.60615430502236,-23.965633537798343,-0.0,-565.5770957583835,-170.7588104458718,-205.88490090765734,-738.8482294037989,-349.61513344731713,-1509.526343618549,-296.5344617189675,-0.0,-0.0,-1898.6488594539605,-508.6798513419483,-329.58750120961605,-537.281326787337,-906.1218531482779,-433.383531853098,-404.443579284117,-0.0,-640.5062228804392,-684.3112195321823,-842.1145123799668,308.33535550624526,-1328.2545586432764,-2227.0582592924357,-212.2401265717371,-664.5012439263082,-663.7169318349582,-13.25645584194372,-0.0,588.3021508789085,-794.493642208366,-35.20264190744385,-1918.4228281446549,-0.0,-0.0,-1225.4024094264269,-491.5658106427728,-0.0,-592.9904456109862,-678.4386871038931,-789.7449776368059,-0.0,-700.6866865747571,-477.6052031781612,-2191.173530623119,-4207.494334067416,-385.19391179985865,-0.0,-81.03109058889802,-423.1425811204956,-1496.5115756936952,-224.30605372022274,-569.1211917715369,-712.1391911487036,-744.8432698153975,-376.82159800579285,-0.0,-0.0,-1633.5209605169105,-108.13227769094114,-429.46498166986817,-780.4992385563219,-1185.0948088862303,-2414.567749943896,-0.0,-575.0690288432136,-0.0,-0.0,-0.0,-0.0,-0.0,-28.445613996942484,-181.88992495808668,-354.13382540351716,-0.0,-0.0,-0.0,-0.0,-0.0,-0.0,-1174.214643434613,-2249.8590191136454,-406.9743929763761,-491.5802586138483,-45.61287092090806,-0.0,-0.0,-429.0028933140043,-0.0,-0.0,-111.87900610427279,-2672.520318344561,-0.0,-0.0,-1469.2788553892183,-563.4583740593397,-872.0182215358783,-977.790957247169,-712.3620729724117,-0.0,-0.0,-1161.1718297672305,-1804.7215555433593,-975.1859408857815,-0.0,-1128.9177465838263,-0.0,-359.04888442113304,-717.5533147747742,-0.0,-664.9125651389824,-1773.3275929097179,-0.0,-1690.646796999812,-176.962231593814,-590.0393237737909,-1367.7379977682199,-227.15568697511338,-1212.2960098690482,-0.0,-1009.4373418477362,-27.197041318164224,-2346.440373163921,-1862.4715049397767,-0.0,-0.0,-0.0,-0.0,-736.3501713137996,-808.7946735369914,-0.0,26.924445346404205,-362.98383662968206,-755.4206406268643,-2040.6668319248258,-2264.292982663597,-376.5195598360994,-0.0,-1397.728384922073,-843.2392344055133,-1709.1040438700984,141.84293658109007,-0.0,-3345.1056548438073,-690.7926633395383,-0.0,-442.4482143810928,-1450.8615967119467,-0.0,-0.0,-547.6761622885449,-1436.0556908682377,-0.0,-1078.6824154426492,-1289.351466089623,-38.1096390228288,-83.0096808716214,-506.2149522142336,-0.0,-1479.214105804536,-2607.3741282835,-1159.2634460907673,-178.84937439860522,-1897.3027655049314,137.8048043538328,-857.1564427072751,-624.9226954967036,126.06158218940314,-860.2862808342885,-1459.837624638747,-834.2594218265936,-1297.9875459605817,-408.9567227856674,-600.5988710653099,-761.3777101943224,-1549.106174653264,-0.0,-0.0,-1813.0904052576093,-324.88931738822896,-0.0,-1497.879564770125,-1235.2218168537788,-0.0,-2472.721210149591,-537.5178745945032,-0.0,-829.7346080619159,-0.0,-0.0,-1260.2969219679537,-1016.3940114362479,-0.0,-0.0,-0.0,-740.2723016336269,-4.497255500331488,20.230458761950036,-253.520855814237,-0.0,-2115.7705636757128,-1483.8030512197977,-558.7228020662917,-2064.9246126544854,-0.0,-58.833365757211105,-939.3343192767435,-0.0,-427.7855609700613,77.87285021226744,-1614.4003007792485,-1031.7499722582465,-682.309083237879,-1275.270505196212,-0.0,-0.0,-0.0,-796.5391244503412,-0.0,-389.5885643091367,-975.0146887335287,-211.5769567126138,-1213.5838002064488,-2177.1982271269335,-556.5295163904892,-2090.1718149647018,-0.0,-1126.6829011224186,-733.3487299474988,-509.02837759853475,-1270.5842953630593,-315.5928995475909,-517.6848478399063,-1501.0673154582905,-0.0,-0.0,243.6758893504595,-2746.689570753917,-981.9179474329748,-267.6278410710893,-0.0,-369.4034798739418,-537.8555852523381,-645.1102468452333,-0.0,-0.0,-772.7109825629527,-0.0,-21.222456265009995,120.55288632910145,-120.3763878445651,-2005.501553555358,512.9662803328762,522.631994989032,501.93464932467873,645.4055645952321,48.04372398425022,-0.0,-632.1586512955035,-751.4519019366596,-356.51494614847775,-9.852599040133768,-0.0,-0.0,-0.0,-194.02222290364202,-13.46654375518356,-917.5021892119345,477.4982945049104,2394.4400431917047,-0.0,-0.0,-0.0,68.92698327154204,79.28345179723053,-0.0,-3088.682050996139,-0.0,-0.0,-0.0,-0.0,-0.0,-2455.119359393153,-282.83148948803586,-0.0,-404.66959481635416,-2142.2569648531685,-162.18277001505624,-322.14168627832584,26.42998062905887,-1733.1663320811513,-4332.8495601178865,-1970.432979536389,-0.0,-0.0,-1681.1290631274612,-1048.1208814519982,-736.5111812381654,-417.2431509186283,-349.9057866258886,-1006.8719129315664,-1018.9820242264377,-4988.959625841624,-676.5703284863175,180.56876198249026,-824.99249774459,-1094.6111262073725,-623.5789317779124,-634.9082334218291,-7.619163741238054,-1624.3358107572221,-828.9841291667736,-589.8258171448805,-0.0,-0.0,-0.0,-0.0,-231.60687723637835,-1221.1185124403466,-0.0,-1250.4318369068606,-1375.40128528998,-0.0,-0.0,-1463.3378047473343,-0.0,-0.0,-216.33604653549526,56.85819334865794,-0.0,-0.0,-3125.6639051973657,-1230.9424478672954,-97.2785275645793,-944.0787540803983,-1424.9919035514004,-0.0,-341.1665224546998,-506.68244026416914,-0.0,-1392.2474893799936,-340.0358254029028,-1171.6226177395883,172.238496515248,-895.0239589052298,-203.7355536530403,-239.08491143572164,-53.969158398379655,-45.32532470307237,-614.9316595007049,-825.5905174053703,-512.2635202109403,-714.9307199783775,-0.0,-62.682278877508736,-737.6523677152192,-168.69152492965756,3.9455205174242383,-0.0,-1013.968313066819,27.306963395455455,-1320.1562365568066,-0.0,-0.0,-0.0,-1878.8153457797923,-0.0,-0.0,-80.54931514842991,-0.0,-0.0,-0.0,-0.0,-0.0,-0.0,-622.2927294328284,-1631.3494769878432,-0.0,-0.0,-0.0,-0.0,-861.3050545442554,-481.21095303886614,-0.0,-0.0,-1878.8007852008097,-0.0,-1386.1559092441469,-2720.2211755661842,-0.0,-0.0,-0.0,-508.41535691110255,-0.0,-0.0,-0.0,-998.115967169159,-765.3898350453107,-676.049819562151,-0.0,-0.0,-227.90714319388417,-0.0,-4036.629356249598,-5470.8244539034,-0.0,15.627420712268504,-0.0,-611.1901319203837,-683.065983946831,-2032.5862213077107,-0.0,-0.0,-97.93814042105693,-700.3303833387461,-1384.906952029838,-680.0507111282977,-343.9625557943027,-0.0,-0.0,-1229.2053151584944,-991.8859952511712,-46.12365290742446,-0.0,-0.0,-742.5703100563045,-387.0579744468353,-85.8663302584951,-0.0,-0.0,-0.0,-2204.8264568979757,-345.4328412624399,-1365.2598658110016,-4410.814927461014,-0.0,-999.7164810708595,-1170.230464158414,-2429.51164405576,-344.9138489671063,-0.0,-0.0,249.07115656949324,-1202.1661615391013,-1871.8841966882214,-509.18926123874166,-152.32534686419385,-25.17458443610162,-1823.765218627208,-423.00979442740675,-1791.4241765373022,-678.7310651546763,-2763.4767166975994,3.9221153403370175,-1005.9448013057565,-896.2340589876218,-1885.0873203068898,-0.0,-0.0,-757.0456812566007,-1705.1633065566757,-1835.4672389599527,-884.2842452015842,-0.0,560.0347970944111,-69.67847384745151,-455.1147859367501,-0.0,-19.172049599278434,-0.0,-2501.30477815606,-52.86474954418031,-0.0,-0.0,-758.3997990315946,-1121.2503071790009,-819.7481246968091,-353.57806604737965,-595.9512449501302,12.799145801452415,201.72805896689306,-840.6867921228514,-26.63331521552968,-1535.8794388931233,-0.0,-1570.6359813948673,-129.63331017011024,-769.9301018884985,-405.7448575548814,-24.63434753987524,-43.48240373253895,-20.479143698334173,-1267.7376743082946,-989.3254761698687,-1431.921361108372,-259.5595368222663,-1405.466166901979,3.9373027892883603,-0.0,-776.8269193114785,-2715.2086008757924,-0.0,-0.0,-30.357730026053186,-2125.4277547774823,-192.63740315775388,-584.8145439089603,-377.1360133294285,177.4464522780746,-0.0,-0.0,-1285.5419386860144,-0.0,-0.0,-2202.897378639563,-1604.7954733329295,-863.4145675413769,-771.2869046453957,-652.4559937271304,-921.7012347635124,-794.2438005784792,-1320.8338996135874,-2638.746646534024,-0.0,-0.0,-0.0,-0.0,-308.62579959972584,-0.0,-2096.6941638415656,-642.5286707217816,-862.5084459533592,-999.0643774527313,-464.84327405427706,-0.0,-1432.5705648824976,-665.9265440523611,-0.0,-2622.9711430689126,-1471.5950630175594,-0.0,-0.0,-2459.5443758311008,-1740.7484757196103,-450.5002184263544,-820.1137622258159,-0.0,-542.1012632685107,-321.1415652639234,-0.0,-650.3105700658532,-557.4716155487604,-521.6912546006326,-0.0,-0.0,-0.0,-0.0,-396.1220666035795,-1253.836610051082,-7173.204811692253,-0.0,-0.0,-744.1687624097757,-718.7778548764173,-1961.1791030082697,-670.3052489235781,7.767064895729147,-465.54472816252223,-0.0,-655.3906038457295,-582.943380123313,-0.0,-514.2250414592572,-1160.4985729914447,-0.0,-0.0,-0.0,-0.0,-0.0,39.22357233797488,-2164.559601923078,-0.0,-1370.3334796783465,-911.1715153646599,-4.101015004094924,-1726.6876623792439,-989.4659080221742,-989.5612813251049,-1446.580745118486,-79.75793147547402,-122.36262777493913,-1286.5513215245965,-717.8042650820156,-694.8041983070668,-0.0,-1498.2689186301498,-1389.8188707375698,237.44062538817988,-0.0,-629.4644716609937,-730.926052462927,-1005.7926717502523,-67.10937481799151,-0.0,-296.6899328479387,-0.0,-0.0,-2517.1184336531314,-2164.4277915382336,-1957.5693138359507,-1747.5437478955957,-0.0,-1272.8021650910534,-2098.9917514465196,-0.0,-5430.165444750815,-0.0,-0.0,-0.0,-0.0,-1072.6975325755222,-2508.9216343157827,-2362.75168225631,-93.13544363754045,-2014.5179453605824,-0.0,-1001.4084899063133,-32.08444768057835,-0.0,-69.81796343982785,-567.3532358833927,596.9281868395904,-0.0,-471.2136956710053,-39.083758014705055,-0.0,-1472.3464118964316,-0.0,-2156.6881990263814,-147.02373861336898,-0.0,-0.0,-1086.919300555214,-1617.1057141531335,-1064.482078639821,-1264.6898901724558,-1317.1660389553638,1601.0649644527737,-59.09103035445693,-819.9508900310273,-36.80225993514502,-2528.2449334543726,-832.4938848782205,-885.4235457001971,-475.2528577156627,-1667.5601888611218,-1762.6222263712052,-444.876531803458,-2530.4971955130827,-340.01179271056134,-0.0,-0.0,-51.7645364050347,-0.0,-0.0,-0.0,-0.0,-0.0,-0.0,-1724.1146129959698,-631.9510866461668,-1208.3187765943733,-925.9987426349745,-0.0,-593.7987740621683,-1267.1662467273832,-1134.6043851840413,-2262.227372787017,-1353.0629086293995,-89.9103136831077,-202.3472430048368,-995.2875672789617,-1507.4866768086833,-0.0,-0.0,-0.0,-73.865723706295,-840.9674592227876,-160.06682068448424,-504.70720746732434,-1035.590586057222,-0.0,-0.0,-0.0,-4195.263892856314,-0.0,-129.2051667492869,-0.0,-225.5433385532033,-1169.1574453118917,-1258.9980260932357,-879.9437381793831,-0.0,-44.264617998624985,-587.0129038249258,-761.5887293487394,-579.2089039627369,-0.0,-1090.1443928306976,-0.0,-0.0,-2812.416515448109,-0.0,-1424.8888473724605,-660.3769664466381,-428.807020171525,-285.8202194101546,-1455.5082738566236,-2858.484594285591,45.132997322632846,-2351.497844067285,-1748.9465752101519,-452.0712839188215,7.696302961382013,-0.0,1522.120741024265,1136.5810692763594,1185.9704579085467,-0.0,-0.0,-0.0,-905.40226635035,-0.0,-298.35516491612395,-187.18751261008882,-0.0,-3753.8100553697072,-0.0,-1474.9461027169762,-85.24692704212248,-1116.5749881667434,-612.4751252982729,-1530.6329417449467,-1271.5248217993385,-0.0,414.1574004460344,-2710.75110717843,-1736.0807527531217,-480.57113705406323,-1266.2887417411325,-1760.6159504483912,-0.0,-0.0,-287.6363891908473,-783.9686277794947,-2339.3179165639317,-846.524943423423,-38.37511889446375,-0.0,-0.0,-724.2826649300773,-0.0,-0.0,-0.0,-216.35544913873116,-1463.5350420046022,1700.047799780327,-1384.3877671255725,545.9362309100579,-755.1405094308848,-1048.6391445247286,-11.263337827725461,-5085.879254329954,-395.46349017374627,-0.0,-77.64090146740861,-2464.3734358096904,-1805.1335145514201,-0.0,-28.250781911746135,-0.0,-671.6723955967404,-26.366939842606197,-1952.2368236968134,-1610.1916031245273,-0.0,-328.9771542341411,-0.0,-0.0,-0.0,-781.8971973168664,-1070.2427081068279,-441.0187729444991,-1184.010592140033,-1834.0398002078564,-1002.1837633467594,-449.5705441914985,-504.75058273472416,-114.81965694735928,-1716.4002906931125,-644.4130042001193,-1051.0192851156999,-1275.2340608025988,-1512.3994278266573,-1446.1843615582022,-396.73872733587683,-1554.4688845725393,-0.0,-0.0,-0.0,-2230.5769043734936,-0.0,-521.2718706769523,-1257.0171140164218,-11.48954192697672,-814.1664888358604,-635.6707016549645,-988.1576879612375,-755.4858538005117,-209.31273669509136,-1948.5114369664389,-5472.193730477032,-285.3630674919883,-32.44890034838962,-0.0,-118.2656027031354,-7100.954161236512,-1909.6042734131233,-711.4885128951913,-2498.113019214772,-220.55821199446433,-0.0,-25.00121388871532,-701.8931113950039,-129.43775581144314,-1166.447343796283,-1112.341645856665,-209.96424155093536,-0.0,-725.5687009425294,-1964.5189677945423,-2022.9786643273717,-1974.0326545948033,-0.0,-1584.7991307443344,-0.0,-54.505645829666975,-905.5281777186191,548.9701104651533,-0.0,-0.0,-328.02273516011445,-1039.6682611510835,-767.9661845644393,-1313.5069608331135,151.96335240118387,-1484.8778266339343,-134.38206690875543,-343.04799668270425,-2170.7739886304776,-1984.5389233725186,-394.9954272053531,-0.0,-0.0,-0.0,-0.0,-0.0,-2114.0316227991584,-0.0,-650.9598052311928,-832.2544582363819,-2683.474693586857,-0.0,3.53591463664525,496.22402565106586,2122.0789652728104,-647.5670450435066,-1351.2669395997868,-0.0,-1375.2783720612101,-3750.555904729941,-884.842739126506,-5701.602176590822,-1232.312842823786,-0.0,-791.8954907742705,-2425.443296103324,-207.97146730723932,-0.0,1258.742568913436,1404.3246370711165,1213.6262598110793,-0.0,-0.0,-0.0,-0.0,-89.79552695123799,-2407.8775019579766,-85.10871544829556,-0.0,-2072.8673786644504,-1190.531719437885,-482.78440608766846,4.320300390337523,-0.0,-217.10046386376015,-829.2763059094179,-0.0,-0.0,-49.9680129558457,225.5900331412735,-2309.9239983094785,-0.0,-875.6310378667959,9.121609189644042,-76.35610225083737,-0.0,290.7500789484973,-98.54618684330791,-482.124730727041,-1925.7939706328864,-0.0,-60.321800543789976,-1261.2433486220345,-1051.9319653927635,-44.93713835630496,40.49413796413262,-0.0,-1273.939685748987,-812.2056507456815,-8.804492580371583,-0.0,-0.0,80.27139286611516,-246.6081753855181,-169.57664920291683,-85.78997712797883,-12.6683485764828,-185.41842817120101,-778.3958805087065,-1006.8983534514155,-521.7379687643579,-0.0,-2258.8229244560616,-1021.0744163162899,-0.0,-0.0,-1092.718126345573,-2187.802644590424,-629.7049647173671,-7.717565086543793,-2785.708115802704,-128.78051077593307,-85.44554743069946,-1124.9176161141809,-0.0,-373.3343164708401,-1504.8398642793525,-3.837703039289812,-0.0,-3448.9013453708612,-161.42463197439352,-1584.5730213588868,-956.7135014763692,-1277.2439170723242,-2478.1539835235876,-83.59846089296425,-875.0675731041232,-1976.5529948388587,-1249.3496499960827,-1257.626489412796,-242.53868357469236,-1911.0623561596842,-0.0,-2753.955089041521,-0.0,-6685.876518044917,-239.51639335923997,-85.85241640411762,-1511.7025842062205,-0.0,-0.0,-0.0,360.71777756780045,48.00616593597595,-915.7917077192049,-1325.9377540116411,-451.69688619528813,-1083.073880208346,-0.0,-0.0,-1545.287688935741,-318.8747618707316,-539.5282482643589,-176.5299420913488,-0.0,-1665.0087218204317,-358.8331440574993,-2006.9457818954515,-0.0,-37.68825925471821,-0.0,-1922.1543844832554,-806.8096121553743,-1718.0964529016182,-0.0,-0.0,-1523.3116578653771,-528.937377883849,-812.9569078449375,-1591.387494861788,-472.49680323344194,-1466.3718547240235,-0.0,279.58566431339653,-1282.9617327933204,-4370.924891041442,339.00150295329234,-1287.6503486955094,-7888.288601381988,-636.3625622583969,-688.8274157454707,-232.63625376489915,-187.06160347548527,-967.6621261680549,197.2535043317188,-206.4596760491101,415.5986754438944,-1149.3605170629437,-589.9972208660647,-0.0,-1226.9652522527067,-1915.4536199091472,-926.9257869384289,-403.76288111646016,-0.0,-0.0,-34.394661282320264,-1066.560741048758,75.22731794947349,-2219.4334258452577,-0.0,-0.0,-461.0646637376471,-627.5344020245416,-1001.9236768302083,179.76037486810014,-2703.3425218277375,-1484.1491278286212,-1308.3417598090912,-237.63485339135877,-0.0,-397.6890162953376,-0.0,-606.532479368717,-24.17427467527457,-1395.028832613251,-519.0771629265241,-1077.2243623703628,-357.60102151137994,-329.3048720656677,-0.0,-1163.9951564715732,-707.7502707890056,-1279.9059309193622,-0.0,-3377.1585481053353,-1394.7791608703776,-1286.9184735267909,-834.2768030251353,-1142.8359290457952,3.8875427481836864,-2265.4938324754426,-793.115825961923,-1250.401727924068,-1974.315914840239,-315.95959801000174,267.82443318255883,-1103.8685235157398,-0.0,-0.0,-20.31149639028439,-61.8832485836168,-19.32515474190862,-273.04994360777476,-0.0,-0.0,-0.0,-0.0,-0.0,-0.0,-0.0,-0.0,-0.0,-0.0,-1472.5189030188958,-2455.2342569836333,-2194.972175646139,-0.0,-0.0,1786.1047074540268,-475.7409154017593,-0.0,-513.6471800768142,-474.35175221546604,-1037.0222870790803,-1001.9564950835755,-1183.839313608265,-0.0,-664.4646595791829,-428.20254341471355,166.4869233489289,-0.0,874.7944455692653,-0.0,262.8681773529582,-0.0,-333.5290070486616,-0.0,-390.7983428601882,-1217.8857617364906,-2034.374229790884,240.39015793897565,-0.0,-0.0,-0.0,-0.0,-0.0,-367.31788977504425,-86.37033460849419,-0.0,-0.0,-0.0,-568.5802059405979,-0.0,-44.873475751330695,-656.4313595727398,-3344.8989385952973,-0.0,-1367.1915120893418,-0.0,-623.1517233107379,-0.0,-0.0,45.0750116422496,-0.0,-168.8427274350239,-0.0,-0.0,-0.0,-981.9678818467478,-1889.9476459951861,-0.0,205.16543605322852,-2415.2996679835073,-0.0,-75.03016784723407,-277.5943713314296,-0.0,-0.0,-1526.6005417919926,-0.0,-944.4400978482997,-1350.1416442779796,44.614099264776414,-2834.337151423552,-1763.896885598545,297.57715944426786,-711.1626878291515,-0.0,-1066.0237900220843,-0.0,-0.0,-0.0,-3571.8172397916983,-877.6783783154852,-1584.4779188660275,-0.0,-396.5768056436657,-4.066149071601038,-1338.4973570610582,-2054.097829251638,77.80167752606319,-3114.5794547208543,-0.0,-1972.0749701675893,-2635.5622882517987,-0.0,-0.0,-0.0,-0.0,-2418.618628986821,-165.13906715889357,-1502.6691405505537,-0.0,687.9555431245102,1326.9302389193351,-0.0,-0.0,-933.6766981709526,-903.8665573219263,-341.6248884746632,-19.344428485219325,67.11377963509048,-0.0,-1280.0877376072585,-0.0,-293.56521493702076,-1045.7505200519754,1390.323964904527,-0.0,-0.0,-0.0,1028.3299966432799,1042.2585786097943,-774.0727246433652,-0.0,-1386.5055077614477,-0.0,-1144.037501712306,-725.8528521139076,-0.0,-0.0,-0.0,-0.0,-0.0,-58.99570184996282,-0.0,-0.0,-0.0,-1196.2700075039888,-290.4611568619883,-0.0,-0.0,-0.0,-149.82034061557124,-73.84885459334645,-662.2138043073129,-727.9218994225798,-2502.534208403585,-1135.2424316002746,-1009.5029703993688,-0.0,-2786.5129734763022,-43.607553078058395,-0.0,-986.870426105658,-2467.842886848788,-742.4514496775148,-520.498887265126,-1316.6834857952683,-275.4991190872483,-685.3907581560431,-798.893808598504,-1106.6607625967854,-267.7935102741049,-1723.367662324196,16.700476793018897,-392.6302546293839,-0.0,-0.0,-820.4172840869747,-3745.149598897588,-0.0,-969.6305409041863,-529.8605576181719,-0.0,-370.8398756107102,-572.2931762382078,-793.918707991711,-254.13218261741883,-0.0,-0.0,-0.0,-0.0,-0.0,-44.15136080062328,-0.0,-700.9838230996829,-0.0,-0.0,-673.3765643813491,-1074.5963074567983,-2641.8524842215384,-450.6435918573599,-642.3106912029222,-103.81566231742622,-2092.288935240798,-0.0,-833.589807829683,-545.1742970110032,-463.38327150373146,-1357.5875072010233,-1025.239752875016,-1607.622870918211,15.620610700935728,-421.6872650692024,-0.0,-1123.7963166982547,-1106.5823734876026,-142.05025025767983,3.8134296302938644,-2595.0950792929075,-1163.3202912356023,-681.3289540710014,-0.0,-724.1815210882713,-756.9923856040081,-551.1697817495801,-2224.4508341920564,-3.78274042907314,-0.0,31.049363150721806,-0.0,-0.0,-226.7714316242635,-3930.5054075213993,-189.39734526565954,-1619.7243817949752,-3507.8389090627848,-0.0,-4756.018453501349,-268.031419290078,-2074.318151240201,355.16834707329303,-0.0,1647.2548448800076,-885.7058695998097,-0.0,-2084.3028318955844,-0.0,-73.13095147360072,-44.451489403100005,-0.0,-0.0,-0.0,42.334885877795216,-0.0,-0.0,-0.0,-621.4852703025057,-1387.0502893474345,-807.1744758515442,-0.0,-3409.3101368789994,-0.0,-0.0,-0.0,-256.2600344982597,-373.3149723469497,-0.0,-2288.4793648100786,-0.0,-0.0,-3468.1868189311954,-0.0,-26.513330327663414,7.984902791142751,-472.8189267869811,-21.673803840457467,-0.0,-0.0,-247.93605780972075,-0.0,-0.0,-1365.0959224766048,-1278.2940821026334,-1394.8103285712903,-0.0,-315.33939970884734,163.84806826108363,-379.46356196335415,-15502.155255555577,-0.0,-655.5112431046615,-1359.903066654359,-676.379631852395,-0.0,-35.0750002890678,-16.06603972954826,-261.2215396892273,-1081.873835712739,-0.0,-0.0,-0.0,-524.7287809037882,-2433.351202191134,-1474.2730320809067,-0.0,-0.0,-0.0,-296.0034494845181,84.00794742660429,-8.569492751471726,-1261.2138713543693,-0.0,-0.0,-1030.5371859382924,-0.0,-0.0,-0.0,-2639.431371402424,-1079.7457918530365,-0.0,-1229.9779126966341,-614.4793590445441,-237.4705303461038,-672.7141211951197,-1162.2606761387326,90.20091631311729,-1272.8094721538173,-1188.6710864757642,25.04311986735213,-1928.1025557293174,-0.0,-0.0,-0.0,-0.0,-458.544649772433,-0.0,-0.0,-629.8156062299803,-950.0348008816237,-704.2360732307176,-0.0,1623.7613648483432,1295.1003258761043,1408.861821572635,-0.0,-0.0,-0.0,-932.1848742096764,-41.37129885809201,-843.1319692969673,-78.96057019143788,-634.4649819695438,-1803.831028763781,-1256.4706898357872,-2168.075953734773,-0.0,-0.0,-0.0,-0.0,-474.0700555313267,-795.2011803916029,-1664.2579715872967,-447.05819201884884,-1531.0921819804153,-1759.1777369996084,-2187.3939071551326,-0.0,479.61051024167733,-448.3732696695037,-396.2866727519912,-130.40237962527218,-4709.872796755836,-70.74473340553068,-0.0,-899.7056937494109,-1550.6366342045317,-0.0,-62.006276480680725,140.63295793836429,-86.12755391313947,-505.86744736225296,-2127.105485882897,-159.79310260081195,-1865.447287505145,-0.0,-1927.7903809845589,-1969.0918195702895,-1336.7296195254282,-0.0,-1646.0752155101063,-362.37278480603646,-691.3814992206802,-1140.6273041485665,121.72219812560482,-1821.7259131511862,-1399.174505772291,-0.0,-118.20397266688282,-0.0,-0.0,-0.0,-1087.8627920486501,-643.1828081072752,-0.0,-0.0,-0.0,-3478.086947701131,-1860.9723627484852,-0.0,-0.0,-4.081933474091369,-1577.520566916005,-892.0185225596844,-0.0,-781.9129679077136,-1333.8150101543963,-536.4959587523107,-25.032002113587296,-1041.4296032921936,-7.487229006745016,-1511.3038312477827,-1714.6503714545602,-0.0,-0.0,-40.80480702685122,-0.0,-0.0,-1314.3883848094868,-86.18551721440383,-507.97455633457804,-0.0,-0.0,-0.0,-892.01104475979,-319.36997608703604,-113.72245418845874,-473.00383695411426,-248.5126491090959,-2099.634706560352,-346.5951808207108,-550.6209405062467,-1132.1492923109515,-0.0,-394.26994367398646,-0.0,-2048.5014945116704,-1587.8065346444798,-1637.895870911951,-419.4872218797932,-254.69221224487282,73.49897715327411,-1019.8601726994083,25.769403303738564,-0.0,-479.1144213673438,-0.0,-0.0,-481.17784268326955,-128.68483993651512,-2892.404209119856,-3017.9103097222765,-559.4158440121781,-0.0,-0.0,-958.2706754395577,296.5072978269871,-0.0,-0.0,-0.0,-1109.658012482929,-50.10387494261439,-527.5275544909875,-3990.4345537003974,-1477.4568940609065,-1180.593339002084,-437.2154453021833,-189.59741811222685,-1264.6731291176595,-728.120861046755,-555.9535434360973,-0.0,-699.8522688280026,-668.2715823597796,-1981.045054073311,-0.0,4.467767951734249,-13.353378241939723,-0.0,-0.0,-1797.8261724860936,-0.0,-4036.858698260873,-1273.699947912283,2424.6154361031777,3008.8572133967737,-0.0,-0.0,-781.0729627003982,-1081.0549630329476,-603.2732218042422,-352.0856688164647,-3240.4805864244304,-665.4163734563526,-0.0,-0.0,-0.0,-1219.413564450353,-745.6934001750597,-192.76723952042593,-2424.355484174505,-1221.3969907931153,-28.24535920590791,-431.98560652212706,-1162.9668784137039,-295.9915944681634,-536.192236736404,-0.0,-67.00757609251637,53.05188335965994,-1013.5542726065088,-161.4858637137342,-0.0,72.2440878713302,126.43358592897366,-190.1827630339051,-1312.0178699299656,-2137.991071860409,-61.49724308719903,-923.0311708033048,-1515.8053427940722,-0.0,-0.0,-723.5191838221059,-0.0,-0.0,-0.0,-0.0,-710.0263639207932,-23.536615004678854,-1455.7692232744266,-1355.4723694738807,-2532.8725961454898,-1312.8573623896325,-0.0,-651.7312326845669,-0.0,-1519.534908017503,-1802.8053090092174,-1350.4705975450552,-1013.9841509238347,-0.0,-2183.901886945677,-0.0,-0.0,-0.0,-3443.770763616005,-1254.2470783976478,-296.50217383499233,-967.0038886191388,-882.8863996077558,-909.4755728602453,-0.0,-0.0,-0.0,-44.043781723007584,-5159.2459856584,-724.4794498765317,-2102.87266713255,-3837.8864512609257,-2273.107633489634,-451.31017148072846,-0.0,-1792.9213606973926,-782.7071504892385,-0.0,-357.7817205725208,-390.96716740100146,-40.294378770232896,-1081.2439652966307,-265.8888560627065,1448.1867384941809,-450.7948789385105,-0.0,-0.0,-1035.5880720325763,-883.5666576308087,-2605.4130037910218,-286.16574992974404,-0.0,-0.0,-555.3478507924173,-0.0,-0.0,-0.0,-0.0,-1348.5974944019529,-692.2461582885651,-1427.4639468368202,-482.18566618115426,-3.8637234526363824,-737.3278771991534,-0.0,-0.0,-0.0,-0.0,-2570.1757572934525,-0.0,-0.0,-0.0,-0.0,-0.0,-0.0,-780.5116784886321,-0.0,-2675.6216537810346,-543.9205351428482,-236.42083028495185,-1293.4251439922139,-0.0,-0.0,-1476.4854058034075,-1438.1305220674121,-3.8398988328500026,-495.7108729842704,-58.522975722663276,-1954.1037763166248,-943.8281096622168,-0.0,-4007.364206224181,-1332.4042849090513,-0.0,-0.0,-15.159714754418973,-426.58565366168483,-1232.4502511067165,-0.0,-0.0,-24.698985259522043,-1528.3451865827528,-604.2103709365546,-341.31395063039344,-75.60989152010063,-1907.8856140654236,-0.0,-0.0,-0.0,-0.0,-0.0,-576.3805738756988,-502.3380458473371,-598.3533619833972,-4480.10679254736,-1699.4945897427096,-1297.9090289971498,-102.50470191009451,-1130.6588061870998,-1136.711816200787,7.6684821992178716,-0.0,-0.0,-0.0,-608.6010827609896,-460.85005747102554,-1833.9265389222912,-611.0783051879456,-0.0,-1675.4202145521917,-0.0,-716.8360157369323,-0.0,-0.0,-2060.435284069156,-556.7278060665828,-583.0258464607269,-1505.1182532590876,-124.71190009055539,-12.443145082443102,-725.9845603155388,-1492.6783624467603,-0.0,-471.332858686711,-1271.1804817082834,-4050.0775120166873,-0.0,-298.79631367038354,-2163.7533112337874,-1395.0173852343964,-1325.234674373633,-517.4844444700655,-1220.4743843231388,-0.0,-354.5371579224308,-0.0,-260.28406252684954,750.7741834227352,-0.0,-0.0,1025.935383133766,-0.0,-2280.5342334734496,-752.9375118408866,-1125.8202498916833,-1210.6742639589406,-1557.154416513499,-377.60363398193164,-149.8157191987845,-0.0,-0.0,-904.6306940208959,-1115.1212225453114,-807.1155684432138,-0.0,309.6648546911602,345.34944640452886,-238.47456163641772,-2834.345252734414,-2169.8309616088686,-0.0,-0.0,-1464.8139123195135,-4000.647220029767,-2709.3891606717552,-532.0943990294973,-1092.6243742013428,-1147.7932149403255,-0.0,-221.5534841724543,-0.0,-639.0605686112406,-267.7093328209906,-1698.3954053869456,-2728.885748430667,-329.6066824871579,-545.0421289336163,-4711.729070183975,-1467.5221399666873,-583.7501362783108,-258.8446538207126,-1570.4523657005122,-757.91804344444,-4.112751768111726,-1617.509057766797,-1625.628159387292,-0.0,-0.0,-729.5356479195639,-1331.1687094927213,-358.0600942468239,-3.9596025831265633,-0.0,-0.0,-0.0,-0.0,-0.0,-38.692270741226416,-783.6767719200061,647.783755979176,-461.7581670123211,-899.4663164507192,-536.1905179302535,-990.2219051644865,-1634.720434071796,-1237.1354862395,-1715.8614163283776,-276.6844851242741,-617.1164439947496,-1604.036750309303,-734.5921455259817,-0.0,2950.3091317361555,-277.0249822095907,-75.90385437278954,-0.0,-1040.3176958854506,-652.4340095542901,-1511.9956587540446,-1860.5628939321846,-2479.568847573241,-0.0,-0.0,-0.0,-0.0,-1125.7047769137716,-1653.1247120497537,-0.0,-933.5772904988918,-8.209256661216134,-0.0,-0.0,-0.0,-2844.9243719743276,-896.9373120978063,-182.17691545220458,-53.91210097521903,-0.0,-0.0,-1292.0495956164223,-1475.7309090400342,-816.121175920298,531.8503044783778,32.28420658892082,-0.0,-22.61675491712284,-0.0,-1563.6914905907356,-540.9899746350178,-1413.5207929917021,-1700.8674629535249,-1767.4457542783293,-43.88277347127969,-0.0,-0.0,-2058.7673100664256,-369.0878295469927,-0.0,-0.0,-222.1348406314291,-0.0,-44.07278621344543,-0.0,-1454.6501661617663,-829.0258394493138,-0.0,-76.18478906823592,679.4362755332268,-0.0,-205.61057889320082,-2564.2073662513435,-0.0,-0.0,-764.8663377518511,15.199517195487115,-0.0,-0.0,-809.0800318402986,-1473.8348144239387,-0.0,-874.360066267856,-0.0,-1158.5497488047843,1753.2030954132565,26.122452598791877,-1746.9727973746635,-1903.938567589093,1132.5569962653722,-0.0,-2358.850783606223,-792.8122883946302,-988.267406901428,-0.0,-647.221463616201,-137.8334994404625,881.3140254878937,-433.7471375414172,-1552.656271511321,-0.0,-0.0,-0.0,-923.5850234499009,-636.5228543824081,-795.8165072075257,-975.5915329968018,-1173.6872954565476,-28.808895801643825,-1150.3999360048404,-1089.5678264639507,-1369.247575954567,-0.0,-0.0,-511.9707272127548,770.1537561490479,-6777.157501222233,-0.0,-1281.1487242622038,-1975.5383698393634,-934.0707253768034,-832.3514471476215,-66.72858217973794,-2818.8007879942184,-389.07098271051484,-0.0,-1098.6476752246956,-877.7279352484559,-670.9865484850704,-0.0,-1533.7180386597636,-2014.9324305646076,-29.86957846536838,-1185.8392539615425,-2751.223966511863,468.00573804759057,-0.0,-439.9965406724969,-165.7668937723768,-1252.478776055386,-1042.755721591982,111.48629742048024,-124.92769812117665,-878.5105990289427,-499.58172493904937,-565.4884129120709,-696.703408028871,-564.1548021380078,-0.0,-1414.6102040778933,-0.0,-1194.5019839735976,-695.7567033504797,-160.80364767960344,-0.0,-1723.51561403736,-5005.852202918373,-0.0,-452.5848600821301,-0.0,-2610.393635865926,-246.95991622065927,-0.0,-407.9229570780352,-444.939941591406,-0.0,-2226.456953326577,-1588.3050140410683,-0.0,-4374.952008392048,-123.68173080530656,-1329.6863322442096,-1464.1314304058467,-1803.6824931557442,-118.08304475912276,-0.0,-987.7018292105898,-2201.41095628283,-596.8700317348465,-1035.4072950499321,-1126.0692174507305,-1824.1802140195148,-2488.3810256774213,-997.3379275094054,-1907.3918372243622,64.0231442756974,-0.0,-301.2046216862821,-1301.2210422443054,-1106.8268264094402,-0.0,-0.0,-0.0,-433.5813412519643,-510.0259679252467,7.750072061477682,-602.2817346036782,-0.0,-1223.3938654005133,-762.7478463602561,-616.9768560028413,-0.0,-0.0,-299.24360953995625,-1630.4161443898797,-1033.8023270467486,-320.13105255343413,-942.9367657305908,-34.79155933879737,-0.0,-0.0,-3216.4290633245705,-1160.9690816925065,-0.0,-0.0,-0.0,-91.06134652288486,-1093.8581998952657,-51.95837637268319,-1844.780337942641,-1789.9146345511122,118.25622869249193,-0.0,-600.3528450529384,-0.0,695.5825864188748,-131.70749688726715,-0.0,-1662.7596379654667,-325.353901905341,-1839.8733171462889,-0.0,-1569.951766811869,-619.4454882637606,-204.531805228354,-12.789836069659291,-37.205332279316565,-0.0,-0.0,-726.75632446214,-1339.5839650045434,-0.0,-554.3966326101083,-0.0,-361.99968700458174,-543.627501231488,-0.0,128.8760390287376,756.0346196283016,718.3337541414322,875.7981395463827,772.0878351353903,816.3509580327645,-0.0,-0.0,-0.0,-0.0,-0.0,85.77827922894834,-0.0,-0.0,-571.4782546077658,-157.1854612091863,-502.49036439497365,-90.42218652154438,-0.0,-955.76529841211,-1638.1044225372343,-1771.2483061785813,-245.94915012332652,-213.67472181726404,-0.0,-0.0,-659.2128744613234,-0.0,-0.0,-0.0,-0.0,-3031.7442580604243,-0.0,-44.22586006228805,925.274610824623,-0.0,-1080.006610422953,-569.0454918945892,1604.6419709376732,-897.2873115861212,-0.0,-3241.0875216105496,-2107.5632608899155,-205.71628270457168,-868.4998108417803,-1358.4183066338812,-569.3973236484146,1209.9052154315827,-78.87974526972094,-594.3754742805215,-0.0,-0.0,-525.0190074363853,-0.0,-800.0997550879431,-0.0,-467.53657567832477,-37.94298848262094,-0.0,-0.0,-1128.114648926292,-0.0,-0.0,-531.0441357920234,-1293.5201694488806,-1884.7499813508487,-0.0,-0.0,-0.0,-1739.5577818756926,-0.0,-1153.2618803726903,22.825368568324137,-0.0,-0.0,-1195.6413266742013,-913.0280412792747,-1295.3860443937501,-383.06252992776217,-0.0,-1393.5986137822072,-281.6864926552709,-0.0,-0.0,3.983019668856494,-38.358433526134505,-4658.6529595734755,-0.0,-119.86311817584465,-31.690188530114696,433.3195736293265,-86.0372170390512,-999.9364042604883,-908.7243540932637,-451.7286129082151,-0.0,-0.0,-1804.2359682925487,-0.0,-0.0,-0.0,-0.0,-0.0,-0.0,-0.0,-169.42761618847084,-0.0,-0.0,-2009.614747908583,-7327.831240145583,-118.56724373832428,35.51243935532609,-452.294051056727,-715.0922674082741,-113.96733141000607,-4435.037288221922,-271.6300044768799,-309.7638438619823,-0.0,-0.0,-0.0,-2041.2456974328802,-0.0,-39.212322375651034,-0.0,-0.0,-0.0,-490.07789038011975,-11.641155337332325,-278.4472780632238,-1496.776987463926,-647.9323026719832,-74.55582400984434,-2601.156475531237,-0.0,-86.72199482691055,-2206.777697295494,-0.0,-1122.752921261148,-76.4484854149806,-1572.879556403268,-0.0,-0.0,-1101.2524439002664,-609.590665826869,-34.986812669625685,-872.6118971751541,-838.935393513812,-715.9958239624709,-170.54916444046864,-705.121654106682,-737.2050026647803,-2283.640253249506,-1034.025992718371,-0.0,-1577.9653038093977,-369.28525890747665,-693.3472951186503,-0.0,-0.0,-1020.729624955011,-2374.60101559279,-848.5023506120621,-0.0,-0.0,-0.0,-4042.2993131490825,-824.3901739609826,-198.4634159524817,-339.5787906209896,-43.08816706803131,-3737.2102968762997,-0.0,-0.0,-2302.2926408829217,-865.4896270864334,-0.0,-0.0,-0.0,-84.87026971732536,-0.0,-1912.7603594427178,-1827.5623657667613,-0.0,-338.66604172450934,245.76103577912028,-0.0,-0.0,-0.0,-1021.5656595132884,24.09878760546536,-2455.9279426705125,-566.8600850934542,-1144.6052849312866,-690.9960858701342,-3620.7601554023527,-1667.357554054719,217.8556671018951,-0.0,-3161.859513046866,-0.0,-0.0,-0.0,-1295.2527270433977,-764.6228108681058,-1573.0609442205064,-0.0,-0.0,-887.0906304649657,-1528.8066150938878,-691.1863315890133,-500.4534432760911,-0.0,-0.0,-1311.470380847771,-0.0,-0.0,-0.0,-0.0,-0.0,-0.0,-561.2915492841016,-76.4830870228944,-1348.0904047504878,-0.0,-696.4363347493733,-1226.7568936252867,-34.65081179531197,-0.0,-0.0,-0.0,-0.0,-0.0,-0.0,-0.0,-0.0,-0.0,-0.0,-1172.9617795382485,-2012.3334984522887,-0.0,331.3764490433101,-0.0,-682.9030494466615,-100.74544043632146,-0.0,-769.0851562489682,-446.22818180445483,-88.3522552662107,-2013.4817000780065,-507.12742857391277,-2910.9895540908674,-178.93683977301882,-2259.3522600822016,-1846.623898341722,-908.5582977597838,-4.437613508827903,-0.0,-1136.8659332385107,-2220.2851789908796,-2505.7409852470823,-78.15722001436389,-241.2298335887192,-1764.027634726094,-0.0,-2686.336174012194,-400.84331358308975,-0.0,-1727.5554414502888,-0.0,-819.9838841991364,-0.0,-2527.959572301634,-0.0,-0.0,-90.79790349056535,-1066.439669158595,-555.9039178351441,-0.0,-1420.5234650526124,78.99266054276069,374.4406264141169,354.1547233047693,-275.6953981401388,-1755.739851978673,-618.1209076467238,-0.0,-0.0,-5436.481014456659,-1139.3829267752549,-0.0,487.54464382715554,-0.0,-1969.751497652566,-523.4636780686077,-712.8419372503438,-0.0,-0.0,590.5222636266133,-0.0,-893.9548690665855,-1262.3504433199391,-1904.4384087402143,-0.0,-617.9363935608642,-3169.3539691963633,-1019.8904726586876,-0.0,-1440.5334588085404,-135.44487157461134,-1197.2238301347056,-0.0,-966.3204219235132,-0.0,-0.0,-0.0,-904.3649288626423,-0.0,536.5550071779842,-0.0,-392.28623502689777,-766.213517592341,-448.5670733105907,-1064.2645765662755,-640.8390836645417,-1858.7738277130584,-1238.1248266284856,-0.0,575.8635690429558,-2401.2316461799987,-1637.5718445286861,-717.5854474625725,-0.0,-0.0,-0.0,-150.95615799023614,-1116.6142611496534,-307.11914537088626,-859.4257256946821,-2132.2685441656495,-2948.928014120613,144.8809426127786,823.1391581350354,710.3547679521015,-0.0,-0.0,120.39290682532314,-32.33189129529241,9615.199385240765,11283.790490011525,5851.4337402806295,10891.813471152516,10613.678668364324,9750.534568887342,-0.0,-0.0,-0.0,-0.0,-0.0,-1472.8754843419063,-1409.0134696978362,-950.831843330286,-0.0,-2438.7247322965977,-613.3622077490104,-1066.5702555635437,-33.41537151881068,-731.2577506925576,-1400.2457159126125,-1100.2554989974076,-1224.9794672871599,-0.0,-3025.215509496008,-1878.142692605639,-681.1876242139537,-124.19407107366538,-3362.6325965127708,-0.0,-228.35148089393758,-0.0,-11.541058460601457,-0.0,-115.73086222037504,-292.88576125954836,-1111.7109695798372,-854.6547593283747,-0.0,-0.0,-0.0,-2421.5109578294187,-0.0,-0.0,-254.40895376277064,-1027.9695430508746,-1062.0566055891659,-87.95761995833301,-1309.3365970565715,-1800.6595764250196,-327.5294459080895,-0.0,-0.0,-116.3535699134585,-1250.4104127431417,-337.28232756080774,-0.0,-5776.604013247704,299.1927141765251,-0.0,-0.0,-0.0,-36.066772930724895,-449.18916822616006,-0.0,-0.0,-1242.7504472899273,-2345.930318366582,-1314.9743242134002,-404.8451929150788,-459.63968827066117,-491.2302366394633,498.9361915168324,-1410.8489259634644,-0.0,-573.1862116976625,-2717.690135761796,-504.3207199227203,-8.897078533579062,-0.0,-5.492565761566032,-0.0,-0.0,-0.0,-1255.9643637959605,-413.7956275364733,-1416.6954014381124,-0.0,-0.0,-0.0,-267.1839195743423,-533.8681760002793,-1488.7478179426419,-2922.224100959992,-391.75264968373136,-201.64242698249055,-0.0,868.1715893323981,-0.0,-1202.8980201770287,-165.6884587960212,-0.0,-0.0,1021.4255256593558,-0.0,-1631.60601862653,-0.0,-0.0,-0.0,-206.27751308257854,-2078.743578101427,-1722.6442747840724,-26.947197111632462,-2388.4764806160306,-1600.238741740849,-27.344655472347533,-26.913655275158412,-75.77196924673636,-0.0,-0.0,-2114.6055581361625,-0.0,-5934.823207733016,-0.0,-1572.457921147634,-272.06537327888043,151.58035567274095,-0.0,-58.29127440362692,-1382.7320523461785,-1560.6424000036905,-551.1516617705145,-37.28115665291578,-269.16534010513374,-0.0,-0.0,-0.0,-0.0,-1259.3442338101934,-905.5271685658676,-0.0,-595.2444886260234,-1299.8602908034745,-190.52976149528922,-79.13255983607536,-0.0,-0.0,-0.0,982.1531363169469,-4.154676042574459,-0.0,-536.8093494161282,-885.6755505187812,-1467.2050619910672,-0.0,-0.0,-2478.7644839158315,-0.0,-0.0,-0.0,-0.0,-685.1078578659545,1037.3920267592246,1101.623011369847,1255.0154964295464,-0.0,-0.0,-0.0,-612.7993538459873,-0.0,-0.0,-378.31360091221484,-687.7278123094062,-0.0,-192.24251418047453,-1418.328854347369,-1351.0358738945463,-0.0,-0.0,-0.0,-11.38202778539887,-1513.0939014881124,-3.8079365545209876,452.63050592630594,-0.0,-1772.4283128457012,-910.7879403613531,-627.0862512672246,-1732.6586252474322,91.26647290497522,-273.8480247540323,-20.782167583908887,-458.5537111723267,-436.7873698977415,-1120.3973932528854,-386.789374790792,872.0000225048467,-1336.7416427814394,-229.31497005151064,-171.7307139138494,-4103.185076231271,-2502.176327260223,682.2396599960693,-1017.7063277581574,-193.8955211759198,8.221686166719085,-766.6240200423633,-1078.2168404240483,1895.7736156163362,-669.151813269313,-705.495137204931,-723.8589680147986,-0.0,-7079.03806505181,-0.0,-535.2014032078137,-953.449208538685,-677.4981192851126,-950.9857856428911,-1280.274957027976,-0.0,-998.1218419674183,-166.2391248675309,-85.62136436172689,-7365.990724586563,623.7982108294166,-175.3575761437944,-0.0,-615.7086156975225,-1329.7565580466487,-0.0,-0.0,-514.3864698606674,-1871.2290532507661,-75.40697015600712,-235.47639815274405,-277.10135842943544,-1259.129326268571,-0.0,-0.0,55.78294438493842,-0.0,-0.0,-1824.7612026686318,-0.0,-1867.3913790328152,-998.9893460190352,-1335.5289155143328,-0.0,-0.0,-541.7290002613358,-925.0753314173705,-133.83630612539017,-0.0,-482.3942031470535,-153.62935141213433,-535.5385607984539,-0.0,-220.08486408225596,-518.0699586820253,-2340.646232753657,-1014.2092092223758,-1457.119246344382,-0.0,-0.0,-1483.9484022536437,-19.049716898026265,-0.0,-0.0,-1196.8962751006359,-0.0,-0.0,-0.0,-0.0,-0.0,-0.0,-0.0,-0.0,-0.0,-0.0,-112.7167960107954,-0.0,-0.0,-0.0,-0.0,-0.0,-0.0,-0.0,-0.0,-0.0,-0.0,-0.0,-329.5402229157209,-0.0,-0.0,-0.0,-0.0,-0.0,-0.0,-0.0,-0.0,-0.0,-0.0,-0.0,-0.0,-0.0,-0.0,-0.0,-0.0,-0.0,-0.0,-0.0,-0.0,-0.0,-0.0,-0.0,-0.0,-0.0,-0.0,-0.0,-0.0,-515.6944525729929,-0.0,-0.0,-0.0,-0.0,-0.0,-0.0,-0.0,-0.0,-0.0,-0.0,-0.0,-0.0,-0.0,-0.0,-0.0,-0.0,-0.0,-0.0,-0.0,-0.0,-0.0,-0.0,-0.0,-0.0,-0.0,-0.0,-0.0,-0.0,-0.0,-0.0,-0.0,-0.0,-0.0,-0.0,-0.0,-0.0,-0.0,-0.0,-0.0,-0.0,-0.0,-0.0,-0.0,-1482.422787087722,-554.2568140922148,-1935.2890427869854,-0.0,-0.0,-0.0,-0.0,-0.0,-0.0,-0.0,-0.0,-0.0,-0.0,-0.0,-0.0,-0.0,-0.0,-0.0,-0.0,-0.0,-0.0,-0.0,-0.0,-0.0,-0.0,503.37619414441275,-0.0,-0.0,-0.0,-0.0,-0.0,-0.0,-0.0,-0.0,-0.0,-0.0,861.6096719567006,-0.0,-0.0,-0.0,-0.0,-0.0,-0.0,-250.1163015014241,-0.0,-0.0,-0.0,-0.0,-0.0,-0.0,-0.0,-0.0,-0.0,-0.0,-0.0,-0.0,-0.0,-0.0,-0.0,-0.0,-0.0,-0.0,-0.0,-0.0,-0.0,-0.0,-0.0,-0.0,-0.0,-0.0,-0.0,-1052.9581752739437,-0.0,-0.0,-0.0,-0.0,-0.0,-0.0,-0.0,-0.0,-0.0,-0.0,-0.0,-0.0,-0.0,-0.0,-0.0,-0.0,-0.0,-0.0,-0.0,-0.0,-0.0,-0.0,-0.0,-0.0,-0.0,-0.0,-0.0,-0.0,-0.0,-0.0,-0.0,-0.0,-0.0,-0.0,-0.0,-0.0,-0.0,-0.0,-0.0,-0.0,-0.0,-0.0,-0.0,-0.0,-0.0,-0.0,-0.0,-0.0,-785.8416967052444,-0.0,-0.0,-0.0,-0.0,-0.0,-0.0,-0.0,-0.0,-0.0,-0.0,-0.0,-0.0,-0.0,-0.0,-446.6648720942102,-0.0,-0.0,-240.4045594561033,-0.0,-0.0,-0.0,-0.0,-0.0,-0.0,334.61459436590803,-0.0,831.5439177210031,-0.0,-0.0,-0.0,-0.0,-0.0,-0.0,-0.0,-0.0,-0.0,-0.0,-0.0,-0.0,-0.0,-0.0,-0.0,-0.0,-0.0,-0.0,-0.0,-0.0,-0.0,-0.0,-0.0,-0.0,-0.0,-0.0,-0.0,-0.0,-0.0,-0.0,-0.0,-0.0,-136.26010910634704,-0.0,-0.0,-0.0,-0.0,-0.0,-0.0,-0.0,-0.0,-0.0,-0.0,-0.0,-0.0,-0.0,-0.0,-0.0,-0.0,-0.0,-0.0,-0.0,-0.0,-0.0,-0.0,-0.0,-0.0,-0.0,-874.8632142477966,-0.0,-0.0,-0.0,-0.0,-0.0,-0.0,-0.0,-0.0,-0.0,-0.0,-0.0,-0.0,-0.0,-0.0,-0.0,-0.0,-0.0,-0.0,-0.0,-0.0,-0.0,-0.0,-0.0,-0.0,-0.0,-0.0,-0.0,-0.0,-0.0,-0.0,-0.0,-0.0,-0.0,-0.0,-0.0,1265.979425230461,-0.0,-326.55095158512927,-0.0,-0.0,-0.0,-0.0,-0.0,-0.0,-0.0,-0.0,-0.0,-0.0,-0.0,-0.0,-0.0,-0.0,-0.0,-0.0,-0.0,-0.0,-0.0,-0.0,-0.0,-0.0,-0.0,-0.0,-0.0,-0.0,-0.0,-0.0,-0.0,-0.0,213.2450311882426,-0.0,2080.327191372088,-0.0,-0.0,-0.0,-0.0,-0.0,-0.0,-0.0,-0.0,-0.0,-0.0,-0.0,-0.0,-0.0,-0.0,-0.0,-0.0,-0.0,-0.0,-0.0,-0.0,-0.0,-0.0,-0.0,-0.0,-0.0,-0.0,-0.0,-0.0,-0.0,-0.0,-0.0,-0.0,-0.0,-0.0,-0.0,-0.0,-0.0,-0.0,-2459.6330118990427,-1462.3014674504934,-0.0,-0.0,-0.0,-0.0,-0.0,-0.0,-0.0,-0.0,-0.0,-0.0,-0.0,-0.0,-0.0,-0.0,-0.0,-0.0,-0.0,-0.0,-0.0,-0.0,-0.0,-0.0,-0.0,-0.0,-0.0,-0.0,-0.0,-0.0,-0.0,-0.0,-0.0,-0.0,43.54633384389261,-0.0,-0.0,-0.0,-0.0,-0.0,-0.0,-0.0,-0.0,-0.0,-0.0,-0.0,-0.0,-0.0,-0.0,-0.0,-0.0,-0.0,-0.0,720.7163985765527,-0.0,-0.0,-0.0,-0.0,-0.0,-0.0,-0.0,-0.0,-456.89837734780843,-0.0,-0.0,-0.0,-0.0,-0.0,-0.0,-0.0,-771.5894888673059,-0.0,-0.0,-0.0,-0.0,-0.0,-0.0,-0.0,2257.125469301628,-0.0,-0.0,-0.0,-0.0,-0.0,-0.0,-0.0,-0.0,-0.0,-0.0,-0.0,-837.555337107495,-0.0,-0.0,-0.0,-0.0,-0.0,-0.0,-0.0,-0.0,-0.0,-0.0,-0.0,-0.0,-0.0,-0.0,-0.0,-0.0,-0.0,-0.0,-0.0,-0.0,-0.0,-0.0,-0.0,-0.0,-0.0,-0.0,-0.0,-0.0,-0.0,-0.0,-0.0,95.50439923901772,-0.0,-0.0,-0.0,-0.0,-0.0,-0.0,-0.0,-0.0,605.2264824363258,-0.0,-0.0,-0.0,-0.0,-0.0,-0.0,-0.0,-374.95677904132765,-0.0,-0.0,-0.0,-0.0,-0.0,-0.0,-0.0,-0.0,-0.0,-80.06728630438795,-0.0,-0.0,-0.0,-0.0,-0.0,-0.0,-0.0,-0.0,-0.0,-0.0,-0.0,-0.0,-0.0,-0.0,-0.0,-0.0,-0.0,-0.0,-0.0,-0.0,-0.0,-0.0,-0.0,-0.0,-0.0,-0.0,-0.0,-1854.4446678849347,-0.0,-0.0,-0.0,-0.0,-0.0,-75.36214223476652,-0.0,-0.0,-0.0,-0.0,-0.0,-0.0,-0.0,-0.0,-0.0,-0.0,-0.0,-0.0,-0.0,-0.0,-0.0,-0.0,-0.0,-0.0,-0.0,-0.0,-0.0,-0.0,-0.0,-0.0,-0.0,-0.0,-0.0,-0.0,-0.0,-0.0,-0.0,-0.0,-0.0,-0.0,-0.0,-0.0,-0.0,-0.0,-0.0,-0.0,-0.0,-0.0,-0.0,-0.0,-0.0,-0.0,-0.0,-0.0,-0.0,-0.0,-0.0,-0.0,-0.0,-0.0,-0.0,-0.0,-0.0,-0.0,-0.0,-0.0,-0.0,-0.0,-0.0,-0.0,-0.0,-0.0,-0.0,-0.0,-0.0,-0.0,-0.0,-0.0,-0.0,-0.0,-0.0,-1381.5098108291777,-0.0,-0.0,-0.0,-0.0,-0.0,-0.0,-0.0,-0.0,-0.0,-1947.15583529936,-0.0,-0.0,-0.0,-0.0,-0.0,-0.0,-0.0,-0.0,-0.0,-177.8748866363831,-0.0,-0.0,-0.0,-0.0,-0.0,-0.0,-0.0,-0.0,-0.0,-0.0,-0.0,-0.0,-0.0,-0.0,-0.0,-0.0,-0.0,-0.0,-0.0,-0.0,-0.0,-0.0,-0.0,-0.0,-0.0,393.18163812216017,-0.0,-0.0,-0.0,-0.0,-157.19922393804924,-0.0,-0.0,-0.0,-0.0,-0.0,-0.0,-0.0,-0.0,-0.0,-0.0,-0.0,-0.0,-0.0,-0.0,-0.0,-0.0,-0.0,-0.0,-0.0,-0.0,-0.0,-0.0,-0.0,-0.0,-0.0,-0.0,-0.0,-0.0,-0.0,-0.0,-0.0,-0.0,-0.0,-0.0,-0.0,-0.0,-0.0,-0.0,-0.0,-0.0,-0.0,-0.0,-0.0,-0.0,-0.0,-0.0,-0.0,-0.0,-0.0,-0.0,-0.0,-0.0,-0.0,-0.0,-0.0,-0.0,-0.0,-0.0,-0.0,-0.0,-0.0,-0.0,-0.0,-0.0,-0.0,-0.0,-0.0,-0.0,-0.0,-0.0,-0.0,-0.0,-0.0,-0.0,-0.0,-0.0,-0.0,-0.0,-0.0,-0.0,-0.0,-0.0,-0.0,-0.0,-0.0,-0.0,-0.0,-0.0,-0.0,-0.0,-0.0,-0.0,-0.0,-0.0,-0.0,-0.0,-0.0,-0.0,-0.0,-0.0,-0.0,-0.0,-0.0,-0.0,-0.0,-0.0,-0.0,-0.0,-0.0,-0.0,-0.0,-0.0,-0.0,-0.0,-0.0,-0.0,-0.0,-0.0,-0.0,-0.0,-0.0,-0.0,-0.0,-0.0,-0.0,-0.0,-0.0,-0.0,-0.0,-0.0,-0.0,-0.0,-0.0,-0.0,-0.0,-0.0,-0.0,-0.0,-0.0,-0.0,-5544.461817507446,-53.91504679368308,31811.375908734222,-3571.0192059354617,-3968.362450364734,86208.65238196371,-0.0,-6585.363358959651,851.7105570313655,1820.0041101625263,-26208.065908181623,-0.0,-5077.1865105510415,-0.0,-0.0,34671.55560806135,-12816.376109674413,3968.287397752665,6465.762182667774,-4663.649553189214,-25056.87404069871,-9551.820125803353,58.43486868254642,-102.39541280295532,-7096.410456355055,-0.0,-13300.862279227,-20326.941685270504,15924.257085582442,-581.8384759976158,8.320397816461742,46970.28184683913,-3211.3358395034893,-111063.09092535503,-3155.3423316108942,-22571.10170734936,-17294.396350371495,-6558.84105916984,-5890.684528099092,-15063.016276911567,12059.270044476949,-2427.8217144149626,-4303.339286161266,-3756.5888301781674,-12910.411012998291,7369.9294027934175,40317.36063659022,-878.3870454370257,63.70824065291387,21051.98201935563,5757.198178330836,-557.7609147978516,15709.856533482667,8182.565003994766,-5726.200498619347,-8048.803041189735,-4078.6687253658,420.50549834690315,-0.0,-0.0,-282.4993112314467,-8550.849730862092,-3458.6092027820746,-3169.8576198972883,-1584.1740405455203,-4840.130098610672,9892.416249403752,4431.607334863806,-8640.32919176072,21077.568886801455,-21452.421603139945,-34111.87817449793,78497.75758669402,-21915.446938961806,-8966.77940390347,-2303.266446504717,-3687.8781303380674,-5790.157634669754,-5675.124697070934,-36736.78882122109,-0.0,-13454.815127002059,-0.0,3017.290250508052,-0.0,-0.0,-13956.125937377663,-1414.5131185365967,-0.0,-0.0,3987.0182934025493,-0.0,-0.0,-0.0,-7414.3644161179445,-4593.376536963922,-7628.327942147412,-8871.859047742424,8966.32997938786,-0.0,-29772.438289595604,42311.85974072906,-0.0,-0.0,-19006.574654855558,-11289.869153226928,180.88112715494216,51.8676865245364,-0.0,58865.474879567446,-0.0,-0.0,-0.0,-0.0,53793.97118025107,-1058.5016980355501,-0.0,-10207.566368219579,-0.0,-6584.20612806576,-1354.1835207549677,-3501.9632324960253,-17057.768049386803,12380.486483705488,-1464.2562713871278,-9025.983631503756,-0.0,-0.0,-4865.051468583968,-6769.098347354342,-11189.522058764398,55848.499803119375,-0.0,-197.40905670991947,12929.24559752597,3847.731234491496,-1930.0035849711692,795.5237938319736,5272.400678883779,-3545.282839056767,-93.78877557363008,-18795.90244872449,472.30212471308766,14385.893873917248,-753.7942978890477,12693.920295411239,53055.232481665786,2824.399450424597,-72.35316384946488,9297.45987727901,-1935.9112892412043,-8134.915550050893,-9393.778224783202,-17254.407943584123,-0.0,6724.768434043254,17335.652023929084,26548.15198976387,-10915.886941133951,7370.693750269724,9409.643943498631,-9428.560814212236,17660.59343325581,-15521.149060245234,-0.0,4772.119381107079,-12576.467294291475,-19220.114039077405,-8045.749483790668,23703.699074222994,3398.7597914853477,-0.0,-5808.945781965483,-0.0,-2845.93318177245,99.67376980618343,-4063.7084532850977,-0.0,211.94633714099422,-294.49498898585347,-22302.52819860673,-14060.481814182087,24160.851590894992,-8238.559547340343,3843.880354984971,6637.616656043941,-7679.383789597461,-5410.318201835399,-12211.239942997026,-0.0,-2177.068362732491,-1750.0479770614065,-0.0,1133.9065698574095,-422.4604322211366,-0.0,-0.0,-14143.27802314219,-3135.6983255356495,3130.5677762599407,-4616.424388670277,-0.0,-0.0,-0.0,61835.912950874896,23492.828805939705,-0.0,127.72351852336017,12934.014474803913,-0.0,-4457.933833107363,-2666.2934229593193,-0.0,-4296.117293451422,-8169.386365530452,107228.90535548588,-12037.383542523896,-8341.792831246003,-31785.378258537596,-0.0,1522.3094927676866,3314.4809091561096,-10280.834315615471,31306.101690030628,-7393.907259637168,-38172.07862316875,-13873.896034713587,-9539.572934212003,-0.0,1427.2484630294498,-4793.812863920269,23532.234921580475,-166.4803160779647,-423.85953985828684,-11247.251676426862,-9542.607277357056,29325.43954838914,-0.0,-2188.462639018091,840.5674191701005,-0.0,-0.0,-0.0,-0.0,-0.0,-0.0,-0.0,-0.0,-0.0,-0.0,-0.0,-0.0,-0.0,-0.0,-1974.408820890132,-0.0,-0.0,3488.9915319527818,-14326.736868325652,-655.0956162278615,-9483.765981289818,24209.08711196593,9130.607322220247,-4131.632062152745,3526.8706644917966,39529.473551724936,-0.0,-0.0,-4639.798862774425,2908.927476759624,-7038.5755044969155,-9650.484171893762,-0.0,-39.40544473811978,9241.32006082793,-5210.128012577624,-2719.6660284715367,3588.348608583731,-26135.839738085862,30681.667365328172,-6354.184760679781,-1141.1129948080697,15043.383150616653,-0.0,-0.0,-0.0,-0.0,-0.0,-0.0,897.086087847318,48294.36189419951,-9289.17855814008,-11353.376441487286,-8783.70704743234,-0.0,-9543.784746396419,-13644.203956306334,-0.0,-0.0,-0.0,443.3270039279972,438.7558146111582,751.266337229738,2670.622051434122,-0.0,3683.5399975562377,868.462412609468,851.4571252870497,755.5670239751041,766.4218018552185,2916.1787670396016,1869.326157325815,3017.1041080333753,2327.57657184333,2755.2517456975243,3279.733535460387,35364.30994900142,38612.45225651055,38124.34151818712,35002.09000425736,9118.51583217682,8816.301746216293,8975.56464789314,9680.342985777224,5627.694106727677,2099.918176835029,2082.9406963950787,2337.432390840181,2387.8389012191124,2268.198082667572,5461.739747657654,4324.542919384397,1270.5478232985015,1536.382916840793,656.3159535523531,374.6681561609317,556.1332530234183,41062.411135095754,35658.583665854574,39530.328446347856,34773.49440719724,52835.79604970786,56839.78633728702,1333.6110273472996,1174.0805910991933,1222.2442334326558,1287.8417496270208,1129.4131168615484,1136.8411069642668,569.5605769327559,55765.99660619987,53373.471280620506,48360.42686091888,2589.35453837839,2958.4686290160207,2972.6559821544183,-0.0,7944.496019704735,8824.621513421545,40592.64828262672,35489.8968551181,37446.0692329901,62165.22676008586,62854.54717056388,62653.7730149346,63307.89997458684,2509.3973823204647,2554.8541800886255,5028.974058917666,-0.0,20987.108697819815,20920.100701068543,-0.0,1504.8445664945214,1571.8182336667242,1624.2127852390818,1693.2997042446498,1530.7195759255608,1468.9714243057763,34568.68830141684,40899.926011738076,41306.815358715234,38659.72969337347,1169.4215538485676,1107.8328416636798,-0.0,-0.0,17465.019850653363,32894.15715599741,37446.256780420044,34154.38970093844,37106.577240267645,-0.0,56811.14398810437,50798.434505324614,977.2549862425407,2076.550530309515,1976.034259121366,2119.7869280172645,2220.567555767771,2495.4679720631934,48967.62575147785,54207.808789165334,-0.0,-0.0,17812.17813649837,1064.0332042121795,37324.36610724195,39701.78113565429,39022.8742180414,37297.94239427398,35021.720179491764,35894.812920835095,-0.0,16939.198232050985,10783.178866478502,-0.0,-0.0,1499.8331000606927,1448.7193636236016,761.5038696463039,813.1347132137271,477.2809406186842,441.3952880186883,-0.0,1178.8983194500793,1166.5735954389177,1033.8930329511143,1201.2172600177855,-0.0,1766.8605689282522,1759.8364179861685,1841.4414528517111,2232.7963382895,2208.990947475157,2263.409380917652,911.5878467707591,828.2372401956836,900.3944642506234,1413.445787476574,1088.826442236466,1019.4854417620227,929.8009405128604,1054.5648748996587,8328.777079251082,7636.286076988886,250.01371080185615,257.7537475095,3764.0866204708095,16937.52403033885,1434.5341261554668,1474.3634071311774,-0.0,-0.0,7589.106644149349,7721.862138317627,8525.846365534311,7825.514251945287,1982.1431138206362,1992.2455205103124,36610.21235263301,36775.31954983857,8311.115135272117,8098.632594055157,-0.0,56421.85450444183,2026.8694450620624,2140.9122712111366,1165.7994450117762,49450.230605678524,49229.41045677081,55144.548480946956,54288.046281115116,194.10808365852816,59846.24442791257,52298.65436135018,-0.0,-0.0,24501.74127063942,-0.0,1212.8879129424788,1116.0673121801385,1204.950054990236,2521.9637514552724,9024.531346219175,17194.99611212137,1697.8176679182932,1871.8748793994803,24.654152008475755,722.2198364661149,688.4852617021083,17322.321257167503,1614.8435967568985,-0.0,-0.0,-0.0,1100.6206115723035,-0.0,1211.8690212787214,-0.0,5949.388978551254,6238.069185454928,5508.224995768103,5780.018980918705,917.6275540705833,-0.0,853.935220798008,-0.0,-0.0,970.4362656799398,1120.359811278664,929.8496247766385,836.7790073812043,871.6331301705982,857.2181459440212,1921.572490368222,1859.6736026376511,1670.8031787469301,-0.0,3020.5425309974303,2793.939574464623,2896.3838364535363,3147.7860934493597,4754.421808599665,54255.79757480096,50008.78139765848,11958.799687032868,22487.97044552197,17150.68417944546,16983.321022471522,1705.6633796456094,1733.859858518556,858.0504485020913,899.7520221163383,2242.8905815152666,-0.0,38381.77915215349,34481.513348641965,1249.5760442410701,1139.6797581304268,1079.889057812733,5404.107685237932,2978.353295554492,3285.1667678598433,35624.602242558234,34506.75909973562,36993.768800468926,39350.668325716186,-0.0,-0.0,-0.0,2668.376264850666,2511.93853010497,2389.929446414691,10405.668901785619,7900.840822242008,6514.005621202454,2264.3902468122424,2437.6753791630895
13,-0.0,-0.0,-644.4533932125845,-2117.588283959123,-508.57646155310056,-580.3896848900205,-94.50550319563436,-654.4684969756347,-647.0993338035987,-0.0,-1255.9610224153942,-0.0,-0.0,-2719.9196060238555,-0.0,-617.9266347541987,-490.4746492187186,-0.0,-42.270165599208234,-244.10738068623195,-309.70041909422673,-790.146070206683,-832.9626536464768,-687.8116189139017,-2226.957799777208,-646.9386087246816,-0.0,-40.64964860913849,-2886.3652693453687,-1623.7069075492152,-0.0,-0.0,-0.0,-0.0,-0.0,-0.0,101.64870994278152,-203.48025607643507,-1901.6996639531708,-1590.648560195645,-0.0,-0.0,-127.55314693624929,-594.2632293463446,-142.78505612991452,-0.0,677.553594941874,-1527.652758110128,-405.70998120025206,-0.0,-0.0,-260.5161910207009,-0.0,-11.912068354654311,-1946.0482243139552,-2841.4830256128107,188.19028731533638,-5848.823222694037,-208.9734607006358,-0.0,-1739.7905429654832,-0.0,-749.0096307706153,-2643.2616187439,-506.68200258695424,-502.88953141201733,-41.514960902302334,-1999.2523669367536,-900.0828923710612,-434.68118457599223,-3125.49800057983,-0.0,-0.0,-2530.3399885814965,-1104.991163192623,-242.6536817035328,-1628.596191586331,-0.0,-0.0,-1226.3968725425887,-1418.0764101687405,-428.70331863316636,-3556.298333355579,3.9132633290221888,-28.47553177185944,-1817.1120515163884,-0.0,-634.955503718292,-1081.8280517688302,-8.962197228619901,-0.0,-1277.7323236401687,-87.1523503613286,-737.1237816979926,-2323.69534112797,-38.0121514130407,-2453.735726828726,-389.15112233120027,-1620.1317763941418,-2750.285414792932,-692.114853108944,771.62084308204,-503.4991690501583,-0.0,-1418.9469315398321,-2455.598499237987,-4356.452375473082,-521.3854947981541,-2794.943262984999,-0.0,-1610.6370173238772,-0.0,-0.0,-603.0331141327252,-0.0,-0.0,-625.1958545191445,-75.53471425709813,-1512.9082943059377,-982.9553608020867,-843.232546281555,242.13090701278028,-510.542776534116,-344.24896605823676,-196.06378634457872,-8.248545513758435,-649.6924864158821,-529.1170491745978,-778.5669047005282,-0.0,-4896.970370533919,126.17659797491008,-116.93902298494599,-4102.284271015898,-0.0,-1010.762601675198,-64.4057143790676,-0.0,-322.04426406017245,-0.0,-0.0,-922.5878955293688,-0.0,-627.7716919747609,-1014.0688281153397,-0.0,-1340.5870665464518,-257.89775536433586,-731.57128694883,-1951.1393252288947,-0.0,-1770.7317965082955,-1080.7516890154916,-0.0,-0.0,-0.0,-0.0,694.4084007136416,-0.0,-1813.7577475059181,-1929.5953914628963,13.559426376563488,-0.0,-0.0,-737.9893716097758,-511.37994016103016,-777.1426093063151,-0.0,-429.8415635894337,-3195.8670109893565,-1150.5731308883303,-0.0,-1060.0723366925247,-2488.8354499524594,-0.0,-0.0,-0.0,-0.0,-0.0,-0.0,-562.5470427195157,-712.7952346897005,-205.53635770566086,-208.8093351457649,-1228.2933958450233,-52.82301379146434,-0.0,-0.0,-692.4130180439394,-0.0,-661.580637766277,-30.903892544355795,-4.049952242204641,5.381952977979597,-0.0,-0.0,-1069.3891760828733,-501.8971279331738,-471.0175351772644,-0.0,-3046.140127133073,-1939.6322240942457,-1242.9054651181987,-0.0,-0.0,-2053.82231913791,-1486.6233964962137,-717.4260018905142,-93.4184718079256,-1719.407549520902,-1328.9980848518724,-0.0,-0.0,-1758.4855980077525,-0.0,-806.5763504406174,-1225.523138971087,-125.34962580262282,-448.7893187284824,-632.734784943812,-565.3105037568654,-0.0,-1693.9236603668585,-0.0,-2846.5611921264576,-3275.4403100089435,-202.29848918397659,-424.75084244412085,-537.167999424454,-0.0,-316.6756864014989,-268.40361255586504,-0.0,-921.35824520579,-702.1116685723126,-1090.6511462918752,-1939.7191402813185,-1066.655827100376,-2219.9805877965005,-1944.4745476830506,-2102.8035963226457,-2183.77674641216,-1205.7892049640952,-2355.5397985683194,-550.9646573091903,-546.4912443528997,-0.0,-1289.6146297201012,-1072.8279377239153,-1237.7493120996878,-393.0539906867654,-394.6442412419435,-2031.4531952920881,-809.6815852387729,-390.276227103235,732.2221364649267,-0.0,1089.6207659767779,-1286.0338279507278,-0.0,-0.0,-0.0,-0.0,-0.0,-0.0,-1329.8067662471017,-2486.435281379985,-506.77522179622997,-1047.5773814008555,-0.0,-0.0,-1722.9726028067362,-1138.9861478762948,-2239.516991408602,-0.0,-0.0,-144.32232933578214,-63.321957932806406,-449.5504632695295,-1656.9002378510017,-512.3921075103366,-0.0,-490.1825474295447,-749.8048086968663,63.837175671850424,-1286.430016191148,-1556.58153576889,-1370.931313917084,-1833.7086640747968,-283.54063575019364,-702.3868225500594,-44.49477437213498,-1883.1231541932673,-0.0,-924.9527615239381,-166.8622184780435,-77.63281475770164,-588.7430601076466,-0.0,-2027.1456114675732,-126.38321709986434,-636.6762193913372,-1838.938764368694,-1360.207500631307,-0.0,-635.7337732152724,-876.7160375934784,-25.272526587632957,-306.4177444782851,-495.117021151529,-52.360683498417444,708.989903833218,-1219.9862558398959,-0.0,-968.6112022921299,-1371.844866701719,-0.0,-512.3679358882365,-0.0,-1372.9695256999187,-0.0,-0.0,-0.0,-1279.2249642790744,-714.3463886022513,-446.9771507615931,-0.0,-1742.0536354410451,-3165.209445572435,-3304.8374639536264,-0.0,-382.8595305000504,-0.0,-309.2357814864292,-124.4886002747397,243.41142423445575,-559.6760595232797,-0.0,-715.2135524734405,-986.5846158298735,-322.7598935913641,-610.0007367281103,-0.0,-476.5820436437062,-885.2128173590283,-534.2236276439376,27.07901045460004,-2420.945674680576,-0.0,-0.0,-1589.1224045137667,-232.53850383989038,-1295.0003834728254,-96.54614456702019,-130.75883030776455,-248.97823166294333,-610.8382435464994,-965.7049841963785,-1401.0355646637663,-2413.3105816356815,-0.0,-0.0,-389.84491062843085,5178.463307249256,4.492977812093202,-0.0,-0.0,-0.0,-0.0,-2628.2548978161576,-466.34039802077405,-0.0,-980.5604446379913,-1008.6449799273809,-669.9717432069541,-2320.3931895987075,-250.00488982565054,-1233.0283992320785,-0.0,-0.0,-2091.9033659956735,-748.1346044224923,-1975.24919661217,-799.676865319404,-780.9312010598212,-1972.9174984453061,-205.37369092176732,-1898.220412294205,-1237.1622530973132,-30.598684074845696,-958.6691695947437,-1227.200582318074,-224.57504242778322,-263.48313028770093,-1864.2485058892653,-0.0,-556.0397189732172,-255.60225116606222,-31.66096450349514,-836.0569050668701,-196.3894927179459,-861.3284606170301,-911.3521277540209,-1266.247896964974,-226.01269690133705,-2581.1426896617313,-65.32693027209378,-529.5276368702895,-0.0,-927.4691370939793,-663.661831591057,-1070.059558102259,-1211.7677626721065,15.16113384804599,-389.373716722893,-2941.1833499594095,-823.0880610578496,-381.70209836509366,-1203.078029558009,174.10145657340294,-0.0,-0.0,-0.0,-0.0,-0.0,-0.0,-12.909481339626225,-165.8585726722358,-2597.1427795653335,-4663.82346604342,-588.1285767977575,-1145.2957247061531,-147.05897588573183,-600.1738169153174,-1506.46231727588,-1176.7930498237472,-41.9124674650112,-488.9280698559327,-569.133246460432,-0.0,-106.35769293337601,-1244.829995656433,-558.1828987686451,-0.0,-1071.9839275400816,-0.0,780.2531070080638,-0.0,-0.0,-0.0,-44.03444651856918,-0.0,-0.0,-1057.3720947922868,-434.95097615709807,-1290.7664324102257,-0.0,-0.0,-0.0,-845.9074821535214,-538.6274897131068,-1395.2167049167876,35.23490204770902,274.91997862843033,-0.0,-0.0,-3164.60096515012,-1268.2518971595937,24.93101089446297,-52.545884218360285,13.115027029602306,-21129.441174303473,-21959.055945734937,-2616.521746735237,-0.0,-0.0,-0.0,-0.0,-454.2286557304077,-0.0,-0.0,-601.1770301473963,-2521.2748605752276,-2143.2009320919874,-1554.6125586635392,-346.55186596195404,-1819.258981171787,-29.82527421867077,-1313.6042552225222,1058.2559062464907,-7.991241976017146,-1071.0683978687894,3.9196761493730556,-0.0,-0.0,-0.0,-0.0,-171.90342029678504,-0.0,-0.0,-0.0,-961.5742293603358,-1521.6299602334566,-0.0,-0.0,-261.74255167232116,-2307.0190452257157,-0.0,-1561.0960570148986,-1779.3117314243518,-1977.9949346863636,-0.0,-0.0,-114.8851998287734,-85.23527872722845,-1194.4526745355195,-1600.8400395308408,-601.8704119264331,-1309.3116113907345,-1232.254299162931,-0.0,-0.0,-0.0,-0.0,-448.6375656327077,-239.41895122999827,-0.0,-0.0,-106.7281976743975,221.6495084080585,-0.0,-1196.3240898479419,-1100.001137151529,-1047.5758140326789,-0.0,-0.0,-746.8541190618522,-1340.46667467164,-745.4503628625175,-451.70240418936703,-0.0,-2419.2762920537284,-2260.5176170314476,-0.0,-0.0,-0.0,-0.0,-0.0,-1418.8284374108514,-0.0,-2042.5274003311433,-1417.4934288725326,-76.12966462473727,-0.0,-0.0,-0.0,-2740.645123775106,-1537.4868553240053,-657.625685932535,-507.13891574148704,-1113.8144177769143,-787.1085701502619,-0.0,-0.0,-722.5751420642725,-1528.5386149405476,-77.52263686672903,-483.1738839940789,-0.0,-852.6555736777417,-683.7683262964617,-1602.7751349705227,-0.0,-323.8142798169116,-130.08185288672507,-336.316580475962,-1625.4638961643682,-334.02185243060705,-0.0,-0.0,-0.0,-0.0,124.26357837032107,-176.4105749925483,-865.8200235236358,-1367.68186783535,-1228.7642867709817,-514.3703075041323,-612.6687218493472,-5847.751559867633,-1007.6080015696363,-664.7946839902249,-0.0,-0.0,-0.0,-278.685156484756,-373.62970877745295,-1343.1184863842805,-344.2831380536819,-0.0,32.70634045342075,-0.0,-0.0,-0.0,-0.0,-0.0,-0.0,-0.0,-100.2637126268147,1498.5148748673307,-0.0,-1626.8670469624828,-699.4909774751693,-454.85585160139885,-1650.009948620975,-0.0,-0.0,-616.2628405270017,-740.3557625116897,-141.30307299877276,-127.61695500666734,-142.16083793456843,-572.2704378886166,-152.49553852113246,-2159.183558947376,-405.04456954587096,-441.1123073119711,-0.0,-0.0,-1496.8094746389063,-2948.037971841999,29.676435253751954,-553.0302173039516,-352.74123456070447,-926.073440078659,-1171.7998703176713,-841.2054286339609,-309.4598364734715,-158.98612640795722,-1520.2967771741778,-0.0,-0.0,-0.0,-0.0,-0.0,7559.776270880782,-89.82830511246041,-575.8798394190303,-641.3046739255611,-1113.0251274376178,-1394.4635438625792,-1338.5574544744118,-1784.160534155438,-2300.9540805015836,-487.4087779101263,-0.0,-0.0,-1637.0910375847648,-0.0,-0.0,-283.3817999821555,-1861.6132420198876,-1427.414392337544,-514.1018294958251,-68.49165217196688,-1944.0191472142526,-0.0,-1475.9433763885556,-0.0,-0.0,-0.0,-0.0,-0.0,-0.0,-586.1967120019218,-1330.3133358784344,-1074.828700717833,-102.85518341940909,-265.93277084942207,-621.9223925407235,56.890314498765036,-0.0,-0.0,-592.696021227542,-627.9247107475093,-4003.023439726312,-0.0,-1558.67377129909,266.04332070187826,134.35247470101277,-0.0,122.25180474315839,-189.02461437040276,-167.2742897363695,-507.9420706521562,-0.0,-1989.3833123314494,-0.0,-0.0,-1196.937373524334,-0.0,2511.819218811928,2394.321541312178,2374.0562150097912,-0.0,-0.0,-1912.7451956486727,-0.0,-0.0,-380.32583583371996,-1004.7751315730121,-838.0623210444626,-1089.4329768614791,-1290.8738751067322,-0.0,-0.0,-0.0,-0.0,-644.1263033316334,7.929604025169403,-61.53833223647143,-1300.5107355274042,-1077.73535735502,-430.04310160993026,-1545.4698032927158,-0.0,-2205.8876827352424,-1336.59721059995,-1528.9487374209707,-428.7501022590058,-402.0989539439576,-0.0,-1269.6826152369708,-820.8339939235372,-1024.108997621421,-2004.2624253905253,-584.3709998435087,1063.1932006477386,497.0764925609984,-373.3087625302046,-1185.897375811503,-0.0,-1769.4872476601324,-3270.5466206278143,-507.8287725103833,-487.64163160632006,-0.0,-0.0,-0.0,206.87330811343682,-376.9467542070154,-482.6962341111341,-159.09461313230992,-550.5806837999077,-558.4334469198099,-0.0,-431.7424959618609,-946.7297128542544,-731.6156208153355,-0.0,-2215.3160237052257,-5084.697651402289,-0.0,-0.0,718.8351806568277,619.8278643769938,-0.0,-0.0,-714.0651159014577,-885.696738224756,-349.5299721535535,-718.1328053894083,-0.0,-0.0,-0.0,-0.0,-0.0,-2718.165624369293,-416.8263086922342,-1855.4342828711513,-1071.5891808492265,-0.0,-397.53838709096556,-483.8158024437481,-0.0,-242.85955061620967,-859.77991972707,-1201.2454683282833,-4597.452456881634,-81.20834178277178,-0.0,-0.0,362.52798047110116,943.0337008431555,-0.0,-0.0,-401.3798877036265,-0.0,-0.0,-0.0,-2645.890344983756,-0.0,-574.0445612659981,-0.0,-0.0,1872.0480507850439,2148.3127261943528,1907.40504101825,-0.0,-0.0,-429.97343816055604,864.5816068424505,-2358.369493643525,26.519055473356268,84.784898395485,-2705.070087835886,-107.96711343073095,-188.9040380179973,-614.1584471726303,916.7741283560022,3883.629406820829,-3221.568278911444,-0.0,-0.0,-1061.8360968923835,-1771.1696981295845,-1265.265393744328,-280.8995173218909,-46.75970899340048,-0.0,-0.0,-0.0,-0.0,-2098.0863988138776,325.180070239127,-0.0,-4.144996356369262,-0.0,-1578.6015700169557,-2019.629706019408,193.50216104646427,-0.0,-0.0,-389.6335086284654,-0.0,-1930.2147417424235,-92.34826427144327,-1044.9381993514257,-429.80205237984774,-1270.6884430289358,-791.3124017950503,-1215.834222775319,-645.4160307108866,-0.0,-0.0,-0.0,-127.61328329012264,-0.0,-0.0,-272.5118398038244,-459.42824305611447,-758.9694268733639,-0.0,-1751.1455430555663,-1101.9577754275301,-938.8216935787245,-8.522988463104578,-7.529286475683309,322.94628866295443,38.586092146463,-0.0,-0.0,-12.798624388340688,-1759.357465000334,-710.8120234126167,-879.8030158810966,110.50209903494788,-2239.0285194899925,-2032.9183584282966,-1041.0995574670617,-1006.7858552007517,-41.76753960869325,-578.8550308067041,-757.3120249986453,-1355.4103376532312,-2154.6616105635712,-0.0,-1906.153128718887,-157.24078767666032,-0.0,-2598.226480772012,-2873.962044955505,-2285.638519734429,1812.1167587820596,-0.0,-1606.251315570712,-225.4259579441896,-1325.7771105494846,-702.1701187189818,-138.44179873901072,-2159.5890196511064,100.11597246251677,1631.0163646328176,-0.0,-197.5193487224746,-421.1266819950887,-1152.797403857716,-1092.6575651281453,-1780.0145542043283,-4229.862204249315,-0.0,-623.1847044228443,-1481.7650288124128,-770.3747048755118,-237.94723320440337,-28.628590244988665,-287.69115529245494,-0.0,-0.0,-0.0,-0.0,-353.61905418094085,-1383.670613310166,-932.8555338417592,-67.23220017645022,-518.8060913237829,174.71981464280927,-0.0,-0.0,-1046.408587565073,-539.0178171275568,-0.0,-2147.340984962547,-98.82441787585368,-1307.1300775313857,-0.0,-210.35053711567843,-191.87702502670442,-0.0,-0.0,-479.94132710345326,-0.0,-0.0,-4512.171976895247,-218.2599027254985,-2232.169075270631,-0.0,-0.0,-106.67264162933932,-1446.3224051690017,-720.8964280449358,-425.254001831836,-1407.9060712692026,-0.0,-779.5652356551224,-0.0,-533.7324921026685,-0.0,-0.0,-222.6735954938405,-97.40333844093355,11.911207145220208,-352.71757486881523,-1507.0637898434013,-2036.618121215425,-0.0,-0.0,-0.0,-23.810715354103152,-437.4869247712943,-0.0,-1708.3304453458554,-2578.463179902898,-0.0,-0.0,-70.43193984129317,-1424.1023539076414,124.95282210335886,-0.0,-0.0,-0.0,-0.0,-553.1904728596875,-2527.1787223928486,-239.74367996318543,-1248.8979213915845,-0.0,-0.0,-764.0091724143554,-541.6148312476486,-349.91539178756176,39.57359258271746,-0.0,-0.0,-0.0,-911.3828371400531,-679.8448416256349,-545.9833353808647,-335.1611977904779,-0.0,-0.0,-0.0,-0.0,-2261.341124236979,-86.52156509267839,-23.459553118279555,-0.0,-0.0,-705.8191213010865,-443.21517893788956,-0.0,-2020.723100047061,-4613.094109216666,119.93077210738883,-1291.3852917885754,-0.0,-0.0,73.11641113913015,-451.8727319283827,-1753.1237529336163,-542.6756607300492,-2727.0535959583385,-1434.4105203157776,-809.053062280227,-1672.434647773988,-0.0,-0.0,-0.0,-39.516216946723226,-1192.857816865404,-0.0,-0.0,-3063.2265663007556,-90.35899437078989,-1569.420227226393,-810.8872435173092,-0.0,-0.0,-0.0,-0.0,-0.0,-0.0,-734.5765552080134,-0.0,-1799.40980742197,-0.0,59.823550634785825,-1397.0763903381353,-0.0,-0.0,-0.0,-2493.611074077684,-0.0,-0.0,-561.4556683361208,-0.0,-0.0,-1157.9148204754065,-611.7841157399887,-0.0,-0.0,-173.1608905824216,-2199.176053272245,-0.0,-1061.0776979815705,-831.1046796215612,841.4496873979614,-190.65917581880066,-0.0,-592.4674218638654,-2.6058712882704014,-0.0,-23.77994685063123,-0.0,-380.9449929156921,-0.0,-0.0,-0.0,-0.0,730.5563951273068,694.3327640888854,-961.3511377572692,-1759.7330231948117,-0.0,82.21961540418978,-4.340281297229982,-75.86193637799636,-919.5596918237484,134.1357563668196,-520.696287616059,-402.2961537648971,-176.55692837097038,-3729.8821750534626,-0.0,-252.93169998969702,-1849.881052635006,-2521.8799041037687,-0.0,-1266.4409084565086,-1554.0056900830393,-2193.2984320819,-773.8417090002523,-0.0,-894.7810137059408,-746.4919170462439,-812.4031368028336,-1396.2367552586445,-1077.2482826360213,-0.0,-129.7710991328399,-1148.7733505447184,-0.0,1128.5961080240718,-462.2367305579973,757.4007978918087,-0.0,-0.0,-107.06803461969552,-37.222403416002656,-2363.3622539930434,-1053.0768756435511,-0.0,-894.2397518765633,-3041.676026601186,-916.0082559979915,-942.5499233755809,-1293.5399767241363,-422.3491889658682,11.165357838884873,-41.39490259819089,-0.0,-0.0,-969.840952095189,-86.8434250835093,-0.0,-0.0,-2061.1640444003074,-790.7502107560497,-681.6533417822859,-1901.1049907179877,-97.69347314096126,-20.499439039005885,-2572.4304465279356,-876.9979143817649,-596.156864743702,-1032.4690737986116,-0.0,-2345.1772826660517,-443.0643277629311,-1268.81152928061,-1457.6268361019568,-340.59311497352957,-554.4954591941802,-1759.9061725298695,-440.47800232735864,-0.0,-0.0,-0.0,-1372.7715493995497,-0.0,-3265.363850311682,-1327.7880424196273,-1549.3254087133719,-0.0,-0.0,-0.0,-0.0,-0.0,-131.03206870643913,-0.0,-262.1052122530835,-968.6343634954061,-402.1035065047967,-0.0,-0.0,11.392040274331395,-0.0,-0.0,42.02560979170153,-265.2837867750703,-0.0,-527.2894509486273,-0.0,-0.0,-90.35047296671235,-11.890318815495801,-2875.9113022252704,-2282.012562209361,44.525010881105075,-7500.13038908164,-902.2195869082896,-659.2587098339661,-0.0,-906.950675436461,-1592.617897924785,-0.0,-0.0,-0.0,29.129452090022635,-0.0,-1433.3035940081086,-0.0,-1454.359566826639,-0.0,-0.0,-2263.417781174304,-399.4512920742686,-746.7973484220256,-0.0,-0.0,-0.0,-0.0,-281.28853466150804,-754.8438913103898,1448.5923255245539,984.3995893016116,-801.0224261642546,-8.880827965067628,-0.0,-339.7963008753732,-338.0372609367062,-1816.6652187046875,-485.4356419374033,-125.4300526098208,-1119.4856270600076,-1564.4565807243503,-976.7152731150208,-719.7575596485651,-0.0,-0.0,-0.0,-82.92677433940798,-0.0,-1774.0160876750585,-617.7257079865979,-0.0,-1908.0545144516839,-1247.2136499052897,-0.0,-0.0,-0.0,-0.0,-0.0,-1148.1229833214131,-0.0,-291.50011480225305,-1912.9380264235797,-0.0,-1120.6692573458993,-0.0,-0.0,-0.0,-2464.5276850541836,-1355.1417069219694,-1080.5759418675514,-2722.12350646051,-0.0,-0.0,-0.0,-82.27816175755865,-518.6132478595146,3.9429048398773796,-452.80743243370404,-308.76492960623773,-0.0,-0.0,-335.3213740833166,-1443.9414464324943,-4009.7810163864046,-0.0,-421.39538430006473,-1373.4883119065375,-419.43460978526326,-498.5548590309485,-0.0,-0.0,-0.0,-1920.8066558006872,-1984.0988563216908,-43.83090492901625,-1766.5926825588213,-530.1748055397042,-360.11539064322756,-8.911409842002973,-1194.7220902147542,-0.0,-2084.230628826358,-0.0,-521.2217887177244,-0.0,83.22980268556397,-0.0,-0.0,-556.6821940206579,-836.497827496091,-7.941235123555631,-0.0,1310.3975484389443,-0.0,-0.0,-1864.1847644696186,-1409.7095412117262,-1162.4125695083055,-0.0,-375.0543821900711,-644.7578968862824,-1506.4104715399685,-0.0,-0.0,113.49432897763609,-722.2478212533746,-0.0,-0.0,3.878054692654336,691.2490378142801,12.135763240795134,-1513.3045612752767,-0.0,-0.0,-1822.9912355056247,-1732.760997707007,-84.57451017146568,-0.0,-172.01131374159013,-760.6729970310143,-1152.4743089750395,-1676.3125214380811,-0.0,-927.9396603745294,-6.588908444595709,-0.0,-1694.233342751486,-0.0,-0.0,-0.0,-0.0,-612.3016046302655,3.768533280425269,-16.739466591227195,-0.0,-0.0,-594.0000111701795,-0.0,-0.0,779.7181133474635,-1066.7597657214862,-53.93481262515717,-2033.9721208865622,-0.0,-0.0,-667.7397933612343,-0.0,-283.1754559892283,-1183.1616510077322,-1038.4185402354137,-1158.9734120608582,-0.0,-0.0,1494.8024305600372,-0.0,1040.9388485629672,942.472408298076,-42.29475236441098,-871.790074448343,-0.0,-0.0,-106.37580652437872,223.45346263439384,-830.5106124220862,-383.98409212469994,-1083.495568795006,-2754.947591264582,-1983.1041286085533,-0.0,-0.0,-276.13887169223176,-5313.457730683908,-627.9777891845267,-566.9541387661642,-0.0,-0.0,-616.7516220868775,-0.0,-1067.9554314189145,-1324.4229601359054,-789.1120655751636,-0.0,-0.0,-58.15413891498048,-0.0,-172.58076293667585,-1453.8666186969651,34.57299975936605,-666.612221006623,-455.688814119919,-254.3505023990593,-665.734466487445,-2352.2086356173245,-17.129000399332938,-1220.8637583941431,47.031424006879625,-1017.6199519772541,-317.4951303950044,-0.0,-0.0,-235.62435131311582,-0.0,-0.0,-1679.994150192832,-664.1559575595875,-0.0,-870.8435477825574,-520.478965388818,-0.0,-0.0,-1456.7760748441367,-829.4492321398272,-1560.0449889316708,-1388.0698495137121,-0.0,-108.92042598967188,-3154.930343869612,-1083.5671586576611,-283.2447656136431,1631.1867952187172,-1866.9421366497413,-1269.3214391109532,4.285461120996659,-898.4457306138199,9.008018503634352,-1848.2317847233035,-0.0,-3794.1869062666974,-830.3437418379533,-0.0,-1602.694941167322,-1495.666541246151,-0.0,-194.68180482775196,-921.6501921544233,-1211.782660286978,-1433.4856705666327,-774.8184578764552,-533.8162648018458,-537.9038646203514,-0.0,-150.98742083363143,-0.0,-2501.881712585787,15.188592106866258,-3572.3596493727346,-831.4404430520742,-41.9288162276177,-37.12394117102574,-1412.5578698091683,-841.7743369828672,-0.0,-431.2052055998222,-0.0,-0.0,-793.3204535514817,-0.0,-0.0,-0.0,-0.0,-0.0,-0.0,-0.0,-768.5123791242576,-492.72772208081153,-2778.467929428787,-2446.2348347024704,-0.0,-0.0,-1173.2422323237272,-2023.0713117269158,-511.02084034125073,-187.17951883317926,25.89737653738467,-0.0,-1395.0079928449757,-0.0,-2441.151656613451,-0.0,-0.0,-0.0,-0.0,-1942.8023320615619,-230.6436762801448,-459.9950107504429,-1105.4092865236003,-1365.8675706342444,-1108.909420449295,-753.1345313646267,-1213.6809030733616,-0.0,-0.0,-0.0,-0.0,-595.1098244454818,-434.39604486857644,-1396.1442633516617,-0.0,-714.2619175406069,-6421.0928825693945,-618.0512933935526,-808.6211441313217,-2922.4080493941715,-825.8952220558515,-0.0,-536.2649591173388,-571.2613525860467,-1154.0263507190564,-605.5754250824019,-1503.7187650150254,-1726.5023493210565,-0.0,-0.0,-0.0,-0.0,-1626.3246995722627,8351.202668811551,6828.7783079728215,-0.0,-0.0,-0.0,-0.0,-2073.5008501421626,-1170.8661283036304,-87.3995734846999,-1431.9666516373559,-823.1817761429808,-0.0,-0.0,-0.0,-0.0,-739.1653841694009,-0.0,-1896.682366363659,-240.77436120793632,-0.0,-0.0,-0.0,-0.0,-132.68262890685733,-532.8735449674462,-404.4776173321926,-878.7059882676165,-1174.333295283572,-1136.3934324053582,-1112.0042764587088,-302.08830675505976,-1517.2057760738448,-1464.3365543325876,-1170.7921571172599,-1550.184019551123,-39.21929929554601,-1218.1099432542758,-1030.1982273052251,-941.3097081031822,-1577.037545010322,-348.5579589131163,-2255.1307850560593,-1522.5758644834993,-1909.9215853682742,-601.8619886977102,-556.2925545759571,-1073.256068910934,-0.0,-1078.2035724915966,-0.0,-3389.752490231923,-793.7454260884626,-278.05742860393667,-1898.4881352910734,-1528.035154558183,-1150.618735200731,-0.0,-0.0,-0.0,-0.0,-826.6930456171254,-3635.0189763241283,-1707.9616371975526,-0.0,-0.0,-1148.5124458262756,-0.0,-0.0,-1220.729527564904,-525.1665439116526,-1101.0016053016816,-570.7481933394151,533.7229380075281,-1100.6321661985414,-582.0736611156973,-1553.211029318193,-0.0,1401.663952066315,-0.0,-0.0,-1163.7237115768232,-5580.203525516675,-0.0,1678.8511079887485,355.31527281306387,-886.3811766664899,-233.8924409249861,-0.0,-1784.9013243299237,-1007.2303331089388,-2200.03575664872,-2101.568970830873,-370.98077407482407,-0.0,-464.06816026026274,-164.2985845162106,-0.0,-998.5924448568518,-0.0,-1792.0840623591605,-2239.599260496231,63.90610597616031,-2408.028708380933,-2010.5467657536328,-0.0,-553.9199183528611,-1371.718072105599,-1944.132535047894,-0.0,-388.5030218480967,-2410.983793302275,-897.8728104353108,-825.634235663132,-925.6745209543221,-436.5248643172687,-879.2404696178196,-1565.8932241176012,-0.0,-974.9082165834061,124.29994938734939,-1432.5979167604437,-0.0,-581.8697024904717,105.25748324921247,-921.6211729212832,-618.6722955167547,-0.0,-595.8663664999618,-450.77622159886363,-1685.2861204320538,-1253.9571205917882,-1615.21168612004,-869.244256095442,-790.1175244077762,-928.5369956582674,-2174.7774736429947,-22.96495845540539,-0.0,-542.0779405694725,-621.7211982371074,-1378.8858080518855,-2067.112580941783,-317.1888703552396,-734.32556625769,64.70888722900612,-864.7002202598975,-1255.916790601983,-800.2075951303519,-0.0,-1020.9452864126438,-56.40477792336073,-2492.1355240488833,-0.0,-422.45608473589687,-795.1750325912676,-562.9449148780408,-2326.0070399530164,-171.0450983332225,-1545.8674271634836,-706.1365683198347,-2590.6942505917164,-0.0,339.29061832157,-0.0,-0.0,-322.8287809423178,-0.0,-0.0,-3661.564288913144,-27.09492824957125,-37.49321694552439,104.32477783709388,-1339.93583616516,-0.0,-0.0,-0.0,-0.0,-0.0,-28.272856893562146,-0.0,-355.70807732853615,-0.0,-295.21992904242995,-1952.166070353929,563.3915677410341,-2976.6010877537974,-0.0,-0.0,-0.0,-0.0,-0.0,-0.0,-0.0,-0.0,-0.0,-2601.52348754162,-0.0,-2718.5175951890074,-3164.499149957239,-38.7513034681393,-0.0,-0.0,-0.0,-0.0,-912.812613456668,-1105.778249754426,-0.0,160.8342014719456,-562.0046140128121,-2174.672837640377,-658.1302517660845,-0.0,-536.953991718322,-1167.1166153943523,-0.0,-0.0,-627.2772631582144,-926.8599191364227,728.5371748554707,-491.95024490485844,27.506889441267088,29.810534850888274,-0.0,-0.0,-0.0,1570.758112788124,1405.4767078659215,1647.5980201752564,-0.0,-0.0,-0.0,-798.9318896881782,-0.0,-0.0,-962.9222094621567,-77.7365424803915,-472.2079946633754,-56.95548842003399,-1042.2663981966286,-806.837622083774,-1456.2919197796125,-144.9617428823161,-281.586797414452,-1247.9500616662192,-0.0,-2176.2014167509606,-16.258380495537217,-961.8230294823385,-931.6074136677613,-16.59955056087562,-0.0,-1316.3707473195768,60.34861864879801,-0.0,-0.0,-0.0,-0.0,-0.0,-1392.8978061031294,-3116.8477885606276,-0.0,-652.2418612086818,-61.7942183792337,-0.0,-0.0,-0.0,-418.9979615759035,-30.284909129867025,-0.0,-1317.6971377495875,-798.6993006400336,-0.0,-0.0,-541.1334176053421,-0.0,-0.0,-1650.918835261771,-1393.3841299915618,-0.0,-826.9798885047871,-2118.490796310145,-93.14830581569475,-0.0,-0.0,-295.5978058675289,-786.9601394312572,-235.35520706171937,-199.14177628226867,-165.15150837705653,-0.0,-0.0,-0.0,-1362.654608768862,-1000.2242985223367,-1967.8931549262916,-275.4203614688351,-1344.9477511851464,-125.35438060510454,-165.69516698390385,-485.9012188815989,-1997.9286521311544,-0.0,-0.0,-1749.725540266976,-1908.8387238113453,-0.0,-0.0,-0.0,-547.2279399006201,-2335.31376508207,-3442.543900008601,-0.0,53.529972816772556,-178.67203311130544,-695.2433610733071,-682.5515389800473,-2062.917321526207,-0.0,-1495.4092006082058,47.71282996673436,8.157854024453297,-309.7397350903141,-0.0,85.68521091249421,-285.1804578592111,-429.3182027519166,7.850406995688918,-0.0,-0.0,-667.3027963418419,-13.15832827014806,-0.0,-1350.6648886745434,-982.302864530886,-1242.5578114069513,-806.065729144315,-1162.0543081164906,-1758.3419302897778,-0.0,-0.0,-0.0,-0.0,-0.0,-353.0893458197726,-662.5491545979231,-1275.0375721077833,-1547.963832866978,677.6020323463352,-1474.0748237499886,1682.2149746265866,-0.0,-2098.768519919959,-1686.7123555751448,-840.8142374831036,-30.969391386674275,-123.15275092018625,-2234.147726312556,-229.19897677497997,-0.0,151.90073985051762,-907.429102355891,-0.0,-0.0,-608.9334488623673,-417.53877990553514,-395.34666772287505,-1251.2140577169364,-1692.9593866889181,-0.0,-1514.1949823226078,-1143.851651765594,-4171.797571771665,686.7747925988947,562.415333215291,682.5436629784647,706.6235437803239,-0.0,-0.0,-0.0,-0.0,-0.0,-0.0,-0.0,-0.0,-600.9428038946103,-0.0,-53.42736286757822,-39.073103531951226,-0.0,-1317.1037262039486,-1425.3406634506143,-2021.065118599775,-0.0,-0.0,-0.0,74.69912068461646,-3039.3521857460078,-669.423953278584,-2890.1259289617674,-1566.1021286101334,-0.0,-0.0,-151.23143209486136,-1400.8135566748222,-0.0,-1963.4292024254162,-722.8740177891142,-0.0,-0.0,-0.0,-2452.2568742659396,-0.0,-0.0,-0.0,-0.0,-0.0,436.9054576251538,-0.0,-0.0,-0.0,-988.6801940479855,-0.0,-0.0,-0.0,-0.0,-0.0,-0.0,-0.0,-513.8471353069657,-1040.1710699630107,-1520.528720046425,-1674.6755615242023,-591.22119794383,-1243.7231905276103,-37.238432671187525,-0.0,-644.7272032903525,-51.556043676160485,-0.0,-0.0,-0.0,-0.0,-814.0653564471328,-0.0,-504.65024235425454,-1290.953350358615,811.9876998164534,731.4589072816503,745.0839744852906,679.3446264174967,708.0759202030838,-0.0,-0.0,-0.0,-0.0,-0.0,-0.0,-362.14737442767716,-0.0,2108.72766142616,974.623591405247,1171.919460398185,-0.0,-0.0,-1258.769969654537,80.1039904406631,-64.38952903094388,-2403.6937494787453,-0.0,-1906.2448953085986,-0.0,-0.0,-0.0,-0.0,-664.1954234134653,-0.0,-542.9592056179904,-567.7443794717655,-389.69762120566753,-0.0,-16.821946468946336,-0.0,-844.7691869397731,-0.0,-2292.935704262951,-620.1885308326224,1750.217964916839,-2149.5704268720365,-972.1917530620653,-70.19622827069374,-846.4525212256663,-0.0,-537.9422734953589,-80.5970338934026,-2449.3674205677694,641.3980529377566,91.19498675150341,601.0404396362613,1272.3880573286535,-0.0,-315.8152861981918,-25.42439123731436,-1071.785041743856,-1239.9320521826262,-1456.4608987896559,-1876.7704861082236,-0.0,744.3621442393456,-0.0,-388.76358843987947,-2327.5783026247996,-1348.2561026212084,-0.0,-1296.2515849300842,-398.4869926073175,-602.561754017786,-735.7115660525167,-342.3136673894188,-1389.4852084838465,-0.0,-2191.383829540301,-401.9480207854558,-1530.457256915438,-319.51036744057166,-0.0,-0.0,-0.0,-0.0,-1308.677970934661,1192.9797527458109,-1112.2113369072558,-617.9595011756521,-0.0,29.86049189894201,-0.0,-0.0,-785.1793155791772,-724.5010361485819,-766.1699600763357,-651.6103219470394,-0.0,-0.0,340.5362463884232,237.92583798719897,597.2623552291288,-0.0,-588.8594851051946,-1922.0320658045284,-1276.223855408258,-4.369459648760748,-1658.3411368448221,-0.0,-0.0,-0.0,-580.3142984100256,-874.205939402879,-0.0,-1358.800522637063,-0.0,-2670.027083573962,-3703.5240092968525,-0.0,-19.573025384341253,-0.0,-761.1243124573641,-0.0,-0.0,-0.0,-2177.3159817410624,-1126.4422702139946,-613.0209221140071,-882.1195308717503,-0.0,-0.0,-2144.1126507641493,-0.0,-550.7467692552412,1177.6537663832146,-911.0591830903337,-766.8794577114845,-560.5813484855712,128.2509882200697,-0.0,-0.0,-1354.4259048676163,-0.0,-731.2455849685139,-69.05469518263473,-366.05113939586624,-344.80600517410716,-0.0,-0.0,-229.61899995830865,-644.5520015501735,-1060.7774173300218,-631.1759610241247,-1072.4601477009558,13.103874293526157,-0.0,-131.36798915999896,-2099.8890785890885,-1270.9046496536632,-0.0,-0.0,-0.0,-574.1417347662613,-609.401674817898,-1574.9552876262137,-0.0,-0.0,-0.0,-0.0,-0.0,-1501.9910697593145,-716.1652809235923,-0.0,-585.899353933282,-0.0,-17805.3108965748,-821.8271737435771,-119.60600558519346,-611.0981610376095,-0.0,79.11164126845959,-1288.7042899531382,-2597.2053590627906,-0.0,-0.0,-0.0,-783.7472022760346,-517.4260814874079,-1110.8264628165189,-1014.3940663361633,-572.5614132384728,-0.0,-0.0,-1743.4430844052338,-580.8582760517122,-2309.432718268196,494.7183727810633,-2391.1443599980607,-0.0,-0.0,1660.520791466861,-1569.7371653869243,-0.0,-239.05793102366158,-355.24603029192707,-637.4733898211753,28.579383869627577,-898.535340276628,-0.0,-0.0,-1380.0858410557112,-1286.8763562442466,-2471.471051411027,-0.0,-0.0,-2446.5775759919316,-715.5596276949414,-727.1990174181273,-2475.5789563906937,-1457.0238792378013,-0.0,-0.0,-1061.0662755771837,-0.0,-89.55056955099448,-1562.8452819000129,-1795.924177226795,-0.0,230.69963312704155,-775.7306916768629,546.014418578837,-264.55465368439235,-247.6548598658775,-0.0,-454.4904936302049,222.2762854353391,322.8691577428606,-459.9338907972985,-2516.811020168501,-2011.4146458052414,-86.75795198379737,-4480.989405901829,-585.6213823684571,-1138.298055039336,-49.539957676476924,-3794.469055904925,-337.26093725596036,-646.2704784428363,-307.14865908670174,-1618.7166819511476,-1006.1903925409067,-3449.295434928575,-5405.033599476137,-84.81332493243558,-683.3152056318959,-1717.2402419232772,-1185.8760834665625,-0.0,-3412.5023432000994,-0.0,-274.39189348037735,-1537.0871676269653,-1384.468980632706,-0.0,-0.0,-945.4981799706313,-237.85398749827255,-0.0,-1384.681387185869,-0.0,-672.8333450796937,506.43226833736935,-2260.2230838838905,-476.2869993259211,26.392868378043836,-13.333282350767261,-0.0,-1884.6810307960595,-570.7486498913842,-0.0,-130.89336630446343,-0.0,79.79747217997478,-180.46784884338393,-0.0,-377.50042362310734,-1396.1788051940289,-446.85587839370464,-788.6961631099264,-2201.243491525511,-0.0,-4040.02007905916,-1748.210901359211,-2456.560425575846,-2230.868750020089,-73.07455871940665,-225.64597528115186,-638.0335837816704,-1473.9280633310557,-0.0,-0.0,-1248.0819083762224,-193.18411931835,-0.0,-77.745538328244,89.32750688575253,-2240.5906905981597,-0.0,-0.0,-1306.4507521781452,-0.0,-75.2335164895056,-0.0,-44.69491354719841,-146.25385727505693,-0.0,-377.42121453134575,5752.304395567622,-0.0,-0.0,-2636.5323008868113,-781.8699617459948,-273.65491873326334,-0.0,-0.0,-0.0,-648.9040112089232,-2137.1088535585213,-0.0,-0.0,-0.0,-2274.8657900996755,-0.0,-0.0,-0.0,-1581.9203840146456,-732.1289261958021,-300.4376245710958,-465.19406399980346,23.301925902704983,-683.4342583427799,-379.921759287261,-207.86452295529548,-2398.434819245701,-0.0,-0.0,-1254.726754772468,-765.6737166668273,-2457.504133347187,-0.0,-0.0,-2686.435739118663,-672.4488358290401,-1548.056194231728,-415.8457799840264,-622.6716239304886,-2332.757547132297,-823.0312002832535,-85.98934476081017,-822.2713112940728,-2004.6168793822148,-1545.2403640393322,-1364.9723575118635,-0.0,-612.3539062130974,-0.0,-1563.1655785111018,-422.57577751767684,-219.73145199808448,-624.4403106862843,-864.6799178858956,-12.242683907341295,-0.0,-1183.0689271973038,-553.3794326344868,-43.977781304782724,1528.2553524080677,-74.77629265987991,-0.0,-637.8655287284405,-464.6907092406304,-0.0,-675.1588935295734,-1553.9776120715223,-0.0,-0.0,-0.0,-0.0,-409.45093226398694,-906.617272848283,-317.94070121205465,-486.81693277350513,-342.22878597912626,-1620.9121505392293,-716.6800492781464,-1409.7408003576033,-2525.1456020083224,-1954.2695840060085,-0.0,980.4337060694678,990.4297768639955,557.2340339094624,761.0242318972319,437.5917546249265,-0.0,-0.0,-0.0,-0.0,-0.0,-0.0,-0.0,-0.0,-62.962624070175714,-865.4185173989925,-509.87030285618056,-274.3191789671053,-1186.9212286458626,-98.96119965775377,-358.6234167771312,-1143.506753793758,-294.7752338267092,-1733.9306718292316,-753.588749567568,-82.15896483142339,-374.38775626222474,-23.76137058500189,-0.0,-560.7565911207139,-169.30340561450478,-204.13011075244302,-732.5509069996813,-346.6353073814783,-1496.6604075778746,-294.0070507635638,-0.0,-0.0,-1882.4663695671813,-504.3442910781527,-326.7783738775262,-532.7019915438566,-898.3988307201188,-429.6897342420293,-400.99644154774785,-0.0,-635.047085229698,-678.4787248429465,-834.9370348215214,305.7073636333029,-1316.9336312083346,-2208.0766832212116,-210.43116980507958,-658.8375928483084,-658.059965575177,-13.143468934686693,-0.0,583.2879569380098,-787.722044992731,-34.90260412330142,-1902.0718015393743,-0.0,-0.0,-1214.9581074171122,-487.3761161029932,-0.0,-587.9362925793317,-672.6562449539446,-783.0138540537871,-0.0,-694.7146211436813,-473.53449714327786,-2172.4978058713164,-4171.63318250656,-381.9108420784027,-0.0,-80.34044955886226,-419.53606878118006,-1483.756566615252,-222.39425711402208,-564.270480232994,-706.0695141774404,-738.4948507167288,-373.60988686263687,-0.0,-0.0,-1619.5981983948986,-107.21064888029771,-425.80458249284646,-773.8469178959292,-1174.9940550453168,-2393.9880002972727,-0.0,-570.1676229317848,-0.0,-0.0,-0.0,-0.0,-0.0,-28.203167449474446,-180.3396478457681,-351.11548579868526,-0.0,-0.0,-0.0,-0.0,-0.0,-0.0,-1164.206622995408,-2230.683108495841,-403.50568470748,-487.39044093168525,-45.224105078973054,-0.0,-0.0,-425.34643259042986,-0.0,-0.0,-110.92544332418822,-2649.741997430466,-0.0,-0.0,-1456.7559551700422,-558.6559276277975,-864.5858698501906,-969.457087506986,-706.2904963434839,-0.0,-0.0,-1151.2749753286353,-1789.3396231888787,-966.8742741194202,-0.0,-1119.2957988886888,-0.0,-355.9886529770337,-711.4374923562428,-0.0,-659.2454083040695,-1758.2132363527815,-0.0,-1676.2371421769433,-175.45395400533337,-585.0103236286469,-1356.0805466252987,-225.21960248592757,-1201.9634158131203,-0.0,-1000.8337448769482,-26.965236556641297,-2326.44128411721,-1846.5973604696032,-0.0,-0.0,-0.0,-0.0,-730.0741402609377,-801.9011863290633,-0.0,26.694963964232976,-359.8900669544334,-748.982068893951,-2023.27389999564,-2244.994049050777,-373.3104230128879,-0.0,-1385.815320881379,-836.0521706601786,-1694.5370749607787,140.6339863977504,-0.0,-3316.59478082928,-684.9049262613045,-0.0,-438.67715702154254,-1438.495669753415,-0.0,-0.0,-543.008230188655,-1423.8159570287694,-0.0,-1069.48863156206,-1278.3621159754055,-37.7848244342834,-82.3021759980788,-501.9004006825201,-0.0,-1466.606525846625,-2585.1510588349806,-1149.3828571134711,-177.325012388194,-1881.1317485935833,136.63027182155255,-849.8507603550959,-619.5963787585983,124.98713903013561,-852.9539223678896,-1447.395193549172,-827.1488944695016,-1286.924589147328,-405.4711188006774,-595.4798701986513,-754.8883653984752,-1535.9028933408451,-0.0,-0.0,-1797.6371438497388,-322.1202334331949,-0.0,-1485.112896100555,-1224.6938224541645,-0.0,-2451.6458091996874,-532.9365232159812,-0.0,-822.662646420976,-0.0,-0.0,-1249.5552084106873,-1007.7311216506241,-0.0,-0.0,-0.0,-733.9628416326375,-4.458924667702802,20.05803130508247,-251.3600567465877,-0.0,-2097.737510550095,-1471.156358941352,-553.9607176772115,-2047.324927754955,-0.0,-58.3319195094594,-931.3282216529985,-0.0,-424.13947576602885,77.20912737339711,-1600.640507118357,-1022.9562011464279,-676.4936530785973,-1264.4011693785399,-0.0,-0.0,-0.0,-789.7500932602619,-0.0,-386.2680382568626,-966.7044815768303,-209.77365224942724,-1203.2402301061577,-2158.6416161366697,-551.7861257283142,-2072.356944095412,-0.0,-1117.0800013749297,-727.0982806625948,-504.6898467893461,-1259.7549008662136,-312.9030504584144,-513.2725365412718,-1488.2734770764193,-0.0,-0.0,241.59900051689192,-2723.279093361257,-973.5489026910467,-265.3468058970556,-0.0,-366.25499454584366,-533.2713555115124,-639.6118683570525,-0.0,-0.0,-766.125042462199,-0.0,-21.04157385372521,119.52539467147933,-119.35040051194063,-1988.4083409548655,508.5941861447319,518.1775183588195,497.6565795035657,639.9046690663258,47.634239590320774,-0.0,-626.7706613412307,-745.047156402518,-353.47631186820723,-9.768623752375026,-0.0,-0.0,-0.0,-192.36854026279207,-13.351766234820579,-909.6821703474195,473.42849966986006,2374.0318452300276,-0.0,-0.0,-0.0,68.3395074967752,78.60770617396314,-0.0,-3062.3567166380544,-0.0,-0.0,-0.0,-0.0,-0.0,-2434.193981850914,-280.4208711709559,-0.0,-401.22053071321824,-2123.9981638663508,-160.8004601569115,-319.3960208255742,26.204713649275934,-1718.3942764156948,-4295.919985784848,-1953.6386620378423,-0.0,-0.0,-1666.8005294826173,-1039.1875784456188,-730.2337778717978,-413.68692037265447,-346.9234832762174,-998.2901815244314,-1010.2970763911669,-4946.437919793277,-670.8038106576479,179.02974535490267,-817.9609538733025,-1085.2815793606212,-618.2640681543108,-629.4968083364469,-7.554224382085695,-1610.4913351453013,-821.9185639782744,-584.7986367511065,-0.0,-0.0,-0.0,-0.0,-229.63285453601233,-1210.7107227746958,-0.0,-1239.7742050577197,-1363.6785187138216,-0.0,-0.0,-1450.8655410592105,-0.0,-0.0,-214.49217958359702,56.37358181332127,-0.0,-0.0,-3099.023368542329,-1220.4509272184755,-96.44940701357478,-936.0322188750298,-1412.8464681523583,-0.0,-338.25870526046697,-502.36390425654656,-0.0,-1380.3811398943574,-337.1376453216699,-1161.6366895526642,170.77048008130157,-887.3955256163202,-201.99908273049394,-237.04715224600884,-53.50917057302108,-44.93900966384316,-609.6904979708198,-818.5538765162406,-507.89741576045054,-708.8372503574992,-0.0,-62.14802772360802,-731.3652378327914,-167.2537399055512,3.9118922108769922,-0.0,-1005.3260978989036,27.074221750371755,-1308.904332424732,-0.0,-0.0,-0.0,-1862.8019001229945,-0.0,-0.0,-79.8627803680328,-0.0,-0.0,-0.0,-0.0,-0.0,-0.0,-616.9888283188757,-1617.4452227695301,-0.0,-0.0,-0.0,-0.0,-853.9640129055173,-477.1095146174414,-0.0,-0.0,-1862.7874636461709,-0.0,-1374.3414792766732,-2697.0362925667746,-0.0,-0.0,-0.0,-504.0820509759212,-0.0,-0.0,-0.0,-989.60886409735,-758.8662942634589,-670.2877381148371,-0.0,-0.0,-225.96465392237116,-0.0,-4002.2245144017106,-5424.195736351543,-0.0,15.49422568972734,-0.0,-605.9808600324026,-677.2441026009557,-2015.2621617236873,-0.0,-0.0,-97.1033978834876,-694.3613547375107,-1373.1031671257679,-674.2545294380743,-341.03090755779164,-0.0,-0.0,-1218.7286003714073,-983.4319912329631,-45.73053358838915,-0.0,-0.0,-736.2412637595793,-383.7590170193495,-85.13447770234495,-0.0,-0.0,-0.0,-2186.0343660575895,-342.48866154618713,-1353.6235361856986,-4373.220841750705,-0.0,-991.1957365614044,-1160.2564015205808,-2408.804525193849,-341.97409270573763,-0.0,-0.0,246.94828300485034,-1191.9199058112624,-1855.9298263309556,-504.8493591923874,-151.02705341048022,-24.960017400173637,-1808.220974066483,-419.40441385045335,-1776.1555798847944,-672.9461310195319,-2739.9231597575504,3.8886865198820133,-997.3709718202612,-888.5953118208997,-1869.0204176014918,-0.0,-0.0,-750.5932590407898,-1690.6299251858854,-1819.8232561960592,-876.7473482215244,-0.0,555.2615303604922,-69.08459299752603,-451.2357693486785,-0.0,-19.008643134094356,-0.0,-2479.985754854456,-52.414174773281474,-0.0,-0.0,-751.9358354519923,-1111.6937103042683,-812.7612794612834,-350.56446326901005,-590.8718565490583,12.690056621291433,200.0086982447371,-833.5214832540017,-26.40631518233204,-1522.7888911789198,-0.0,-1557.2491980735724,-128.5284245982616,-763.3678636814186,-402.2866288143217,-24.424385029984872,-43.11179620542779,-20.304596659718776,-1256.9325420209673,-980.8932958680007,-1419.71686482702,-257.3472691042369,-1393.4871524997884,3.9037445237609627,-0.0,-770.2058984192051,-2692.066440857428,-0.0,-0.0,-30.098986205843346,-2107.3123918574224,-190.995523558536,-579.8300754037256,-373.9216223738524,175.93404759874878,-0.0,-0.0,-1274.5850577871422,-0.0,-0.0,-2184.12172964373,-1591.1175431626148,-856.0555461837603,-764.7131021899913,-646.895006255706,-913.8454267577698,-787.4743328032768,-1309.5762196501848,-2616.25618406189,-0.0,-0.0,-0.0,-0.0,-305.9953322250171,-0.0,-2078.823701942785,-637.0522954225012,-855.157147615911,-990.5491909273935,-460.8813399958203,-0.0,-1420.3605353328653,-660.2507449119322,-0.0,-2600.615137752462,-1459.0524213878878,-0.0,-0.0,-2438.5812831613916,-1725.9117962232974,-446.660532540059,-813.1238006027676,-0.0,-537.4808469304545,-318.4044240035839,-0.0,-644.767868385679,-552.7201952237938,-517.2447960521974,-0.0,-0.0,-0.0,-0.0,-392.7458544594414,-1243.149958772309,-7112.066432289972,-0.0,-0.0,-737.8260922463119,-712.6515955054647,-1944.4636577891254,-664.5921293766175,7.700864951226907,-461.576815497776,-0.0,-649.8046042198304,-577.9748598482562,-0.0,-509.8422186473886,-1150.6074568287347,-0.0,-0.0,-0.0,-0.0,-0.0,38.88926351645578,-2146.1107119700805,-0.0,-1358.6539068252666,-903.405453852501,-4.066061393005204,-1711.9708254586378,-981.0325307970213,-981.1270912179373,-1434.2513045472465,-79.07814178552394,-121.3197113996294,-1275.5858374932934,-711.6863037736159,-688.8822702705002,-0.0,-1485.49893143495,-1377.973220759599,235.41688071315886,-0.0,-624.0994446334736,-724.6962520482435,-997.2201388894495,-66.53739081268546,-0.0,-294.16119678707395,-0.0,-0.0,-2495.6646280199343,-2145.9800250263656,-1940.8846354310506,-1732.6491512005769,-0.0,-1261.953867333468,-2081.101706838701,-0.0,-5383.883270479535,-0.0,-0.0,-0.0,-0.0,-1063.5547588150973,-2487.537691322915,-2342.613569296297,-92.34163525782844,-1997.3478846012126,-0.0,-992.8733241331623,-31.810986767820015,-0.0,-69.22289369765053,-562.5175929175024,591.8404718055197,-0.0,-467.19746548355465,-38.75064085317146,-0.0,-1459.7973663993082,-0.0,-2138.306398307465,-145.77063162026676,-0.0,-0.0,-1077.6553123767794,-1603.3228618185203,-1055.409326515871,-1253.910734639972,-1305.939620758829,1587.4188300102078,-58.587387989862265,-812.9623165939154,-36.48858834903489,-2506.6962948721484,-825.3984054767677,-877.876938278575,-471.2022010998531,-1653.3473049160611,-1747.5991133767006,-441.0847775035896,-2508.929360538747,-337.1138174638342,-0.0,-0.0,-51.32333892784073,-0.0,-0.0,-0.0,-0.0,-0.0,-0.0,-1709.4197065894848,-626.5648657988155,-1198.020081137928,-918.1063062778009,-0.0,-588.7377315169941,-1256.3659848093205,-1124.93396935264,-2242.9460446997114,-1341.530535633706,-89.1439936052011,-200.62260487744493,-986.8045711147521,-1494.6381251765893,-0.0,-0.0,-0.0,-73.23615425173007,-833.7997581830615,-158.70254540312416,-500.40550668681595,-1026.7640807757061,-0.0,-0.0,-0.0,-4159.506983314841,-0.0,-128.10393031273944,-0.0,-223.62099636918447,-1159.1925281864294,-1248.2673832346145,-872.4438360394383,-0.0,-43.8873435333977,-582.0096983442202,-755.0975860026679,-574.2722132291987,-0.0,-1080.8529166716014,-0.0,-0.0,-2788.445836724641,-0.0,-1412.7442903378223,-654.7484672495523,-425.1522289062769,-283.3841276668019,-1443.1027425207335,-2834.1212699098323,44.74832152062932,-2331.455649381878,-1734.0400219920941,-448.2182075884128,7.63070613223796,-0.0,1509.1474609069685,1126.8938058482186,1175.862240770048,-0.0,-0.0,-0.0,-897.6853770763138,-0.0,-295.8122358142615,-185.59208330536987,-0.0,-3721.8157279534307,-0.0,-1462.3748996364727,-84.52035375930132,-1107.0582397886178,-607.254901204865,-1517.5871107705545,-1260.687411044264,-0.0,410.627470248104,-2687.6469390964467,-1721.2838570110944,-476.47515188727897,-1255.4959589393345,-1745.609937266561,-0.0,-0.0,-285.1848179400742,-777.2867369562266,-2319.3795333614453,-839.3098750511725,-38.04804157823362,-0.0,-0.0,-718.1094871768349,-0.0,-0.0,-0.0,-214.51141681532198,-1451.0610972315822,1685.5580186973214,-1372.5884073180232,541.2831285254132,-748.7043253012522,-1039.7014242787468,-11.167338586169567,-5042.531486685207,-392.0928911825418,-0.0,-76.97915556503143,-2443.369184284368,-1789.7480710039938,-0.0,-28.00999594950564,-0.0,-665.9476236385917,-26.14221016959494,-1935.5975949638305,-1596.4676808712925,-0.0,-326.17322898758107,-0.0,-0.0,-0.0,-775.2329616289045,-1061.1208572105443,-437.2598989444344,-1173.9190792529919,-1818.4079837342458,-993.6419897932666,-445.7387820683722,-500.4485122598288,-113.84103052673274,-1701.77113469752,-638.9205684232498,-1042.0612785482895,-1264.3650356063604,-1499.5090040267485,-1433.8582994278595,-393.357259293043,-1541.2198960201524,-0.0,-0.0,-0.0,-2211.565338323788,-0.0,-516.8289866052139,-1246.3033547903324,-11.391614711467005,-807.2272167813479,-630.2527779300839,-979.7354609062703,-749.0467262452208,-207.528730543624,-1931.9039603042975,-5425.553342360501,-282.9308721280296,-32.172333146871416,-0.0,-117.25760593208015,-7040.431585759476,-1893.328408769492,-705.4243817594335,-2476.8211997884564,-218.67835884664584,-0.0,-24.7881245178731,-695.9107634109663,-128.33453698087513,-1156.505525302329,-1102.860978936561,-208.17468251869786,-0.0,-719.3845620973177,-1947.7750563701497,-2005.7364914981827,-1957.207656486233,-0.0,-1571.291632621052,-0.0,-54.04108543556408,-897.810215281721,544.2911498366454,-0.0,-0.0,-325.22694458097135,-1030.80700118829,-761.4206851408774,-1302.3117295484783,150.66814428455487,-1472.2219738716092,-133.2367069187356,-340.1241433807334,-2152.2721324591375,-1967.6243786437838,-391.6288175901803,-0.0,-0.0,-0.0,-0.0,-0.0,-2096.0133909465785,-0.0,-645.411570015186,-825.161019506742,-2660.603006769061,-0.0,3.5057774669610766,491.9946283948588,2103.9921446248104,-642.0477268687696,-1339.7498739372602,-0.0,-1363.5566530942879,-3718.5893129634433,-877.3010820128137,-5653.006503356301,-1221.8096420781362,-0.0,-785.1460380215766,-2404.770852425963,-206.19889301069145,-0.0,1248.0141033574835,1392.3553521114459,1203.2823278207425,-0.0,-0.0,-0.0,-0.0,-89.03018521912628,-2387.3547743719796,-84.38332016513883,-0.0,-2055.1999962915356,-1180.384625933068,-478.6695568726034,4.283477774598775,-0.0,-215.25008165991193,-822.2082504515045,-0.0,-0.0,-49.54212753722597,223.66729297176332,-2290.2361442043116,-0.0,-868.1678935659037,9.043864246060837,-75.70530689901892,-0.0,288.27196921865635,-97.7062618281942,-478.0155040312737,-1909.380118593521,-0.0,-59.80766812673371,-1250.493568518033,-1042.9661799044222,-44.554131891802186,40.148999907237325,-0.0,-1263.081692719708,-805.2830912298809,-8.729450472700837,-0.0,-0.0,79.58722686207207,-244.50629420601402,-168.13132012213603,-85.05877534185194,-12.560374202126878,-183.83807705795417,-771.7614871075668,-998.3163966874733,-517.2911120635849,-0.0,-2239.5706130299523,-1012.3716346863895,-0.0,-0.0,-1083.404713841392,-2169.1556504429464,-624.3378879288113,-7.651787036884062,-2761.9650770691173,-127.68289375061057,-84.71728127433116,-1115.329762175005,-0.0,-370.1523279896133,-1492.0138718565481,-3.80499367846591,-0.0,-3419.505803976222,-160.04878384881968,-1571.0674504022973,-948.5592782849155,-1266.3577615475383,-2457.032278171612,-82.88593775251387,-867.6092313041137,-1959.7065154646466,-1238.7012418002003,-1246.9075363821019,-240.47148732902693,-1894.7740640420714,-0.0,-2730.482686466842,-0.0,-6628.891716142879,-237.47495657963006,-85.1206824379883,-1498.8180997166712,-0.0,-0.0,-0.0,357.64332187874214,47.5970016553383,-907.9862675638176,-1314.6365730755501,-447.8470009169502,-1073.8426671665902,-0.0,-0.0,-1532.1169531918192,-316.15694094063804,-534.9297621474049,-175.02534897589064,-0.0,-1650.8175844397117,-355.7747514032506,-1989.8402599043145,-0.0,-37.36703615377306,-0.0,-1905.7715532225693,-799.9330439451708,-1703.4528402424626,-0.0,-0.0,-1510.3282273721218,-524.4291594601397,-806.0279452439374,-1577.8238430504919,-468.469636913673,-1453.8737313395059,-0.0,277.2027106868154,-1272.026843404651,-4333.670794533312,336.1121385688099,-1276.6754974786998,-7821.055447721037,-630.9387416942126,-682.9564287888603,-230.65345752266438,-185.46724731459022,-959.4145860857686,195.57228095906325,-204.6999869928339,412.0564610271308,-1139.564332343994,-584.9685795707813,-0.0,-1216.5076298823865,-1899.1279003436616,-919.025449233415,-400.3215450801575,-0.0,-0.0,-34.10151004712009,-1057.4702721504589,74.58614340797507,-2200.5168374570026,-0.0,-0.0,-457.1349353832259,-622.1858252912489,-993.3841200359666,178.22824825402824,-2680.3014983113835,-1471.4994858835246,-1297.1905523643136,-235.6094532797985,-0.0,-394.2994487867182,-0.0,-601.362905403255,-23.968233440474915,-1383.1387772914777,-514.652984702262,-1068.043005710836,-354.5531304359474,-326.49815362727134,-0.0,-1154.074238364958,-701.718001292527,-1268.9970866220085,-0.0,-3348.374482121443,-1382.8912335410628,-1275.9498601998664,-827.1661275252899,-1133.095354440889,3.8544085954973406,-2246.184663826355,-786.3559720959666,-1239.7443526986344,-1957.4885024589958,-313.26662349079646,265.54172242231033,-1094.4600743814094,-0.0,-0.0,-20.13837823666453,-61.355807693544364,-19.160443336945978,-270.7226949809332,-0.0,-0.0,-0.0,-0.0,-0.0,-0.0,-0.0,-0.0,-0.0,-0.0,-1459.9683873521667,-2434.307900150734,-2176.264074431273,-0.0,-0.0,1770.8814494928808,-471.68609899172014,-0.0,-509.2692824705363,-470.30877586690076,-1028.1835791792698,-993.416658574077,-1173.7492605557238,-0.0,-658.8013203154633,-424.55290420217665,165.06792849900714,-0.0,867.3384316792054,-0.0,260.6277095590378,-0.0,-330.6862856277746,-0.0,-387.46750567056495,-1207.5055253255193,-2017.0349307227125,238.341273923188,-0.0,-0.0,-0.0,-0.0,-0.0,-364.1871802671117,-85.63418634213089,-0.0,-0.0,-0.0,-563.7341053113838,-0.0,-44.49101189345895,-650.8364894182313,-3316.389826456635,-0.0,-1355.5387187318388,-0.0,-617.840500853677,-0.0,-0.0,44.69083006153492,-0.0,-167.40365368762266,-0.0,-0.0,-0.0,-973.5984115057723,-1873.8393179514978,-0.0,203.41677801279295,-2394.713680081603,-0.0,-74.39067364779564,-275.2283898155059,-0.0,-0.0,-1513.5890796115632,-0.0,-936.3904828518257,-1338.6341696886386,44.2338461144558,-2810.1796395907295,-1748.8629084782424,295.0408614082907,-705.1013337528851,-0.0,-1056.9378976438277,-0.0,-0.0,-0.0,-3541.374066441058,-870.1977842023538,-1570.9731584832948,-0.0,-393.1967176854819,-4.031492628466922,-1327.0891286062451,-2036.5904227700207,77.13856130345525,-3088.0333926216804,-0.0,-1955.2666577185537,-2613.0989665779443,-0.0,-0.0,-0.0,-0.0,-2398.004353045976,-163.73156030426668,-1489.8616495555482,-0.0,682.0919872786085,1315.6205988745987,-0.0,-0.0,-925.7188213626954,-896.1627571431684,-338.7131645530513,-19.179552807039627,66.5417580868192,-0.0,-1269.1773437422355,-0.0,-291.0631113499495,-1036.8374200174055,1378.4740099276576,-0.0,-0.0,-0.0,1019.5653745341989,1033.375240954293,-767.4751781956375,-0.0,-1374.6880981095303,-0.0,-1134.2866859101255,-719.6662914025178,-0.0,-0.0,-0.0,-0.0,-0.0,-58.4928719855586,-0.0,-0.0,-0.0,-1186.0740056461952,-287.9855096616033,-0.0,-0.0,-0.0,-148.54339773338788,-73.2194289169469,-656.5696494454336,-721.7177038878885,-2481.204706470059,-1125.5665775965504,-1000.8988140658698,-0.0,-2762.7630748111915,-43.23587888292796,-0.0,-978.4591705907183,-2446.809064633723,-736.123416446933,-516.0625914554469,-1305.4611804770018,-273.15099574350995,-679.5490623853244,-792.0847080563566,-1097.2285147592531,-265.5110630747833,-1708.679122298536,16.55813594075349,-389.28380376083794,-0.0,-0.0,-813.4247354982407,-3713.2290859460436,-0.0,-961.366223706215,-525.3444707849671,-0.0,-367.67914765050665,-567.4154293654075,-787.1520110329614,-251.96617311301043,-0.0,-0.0,-0.0,-0.0,-0.0,-43.77505164472749,-0.0,-695.0092251261699,-0.0,-0.0,-667.6372675183004,-1065.4373501323823,-2619.3355501947945,-446.8026839762308,-636.8361737781727,-102.93082471452992,-2074.456019814566,-0.0,-826.4849877004857,-540.5276887116414,-459.4337812820544,-1346.0165703233024,-1016.5014694110608,-1593.9208423831028,15.487473721217476,-418.0931566228789,-0.0,-1114.2180197745151,-1097.1507937730673,-140.8395331064998,3.7809271556425372,-2572.9766661557014,-1153.405125114038,-675.5218777103969,-0.0,-718.0092054002754,-750.5404176356242,-546.4720729685968,-2205.4914816247247,-3.750499523424377,-0.0,30.78472443004652,-0.0,-0.0,-224.8386222052931,-3897.0050771730916,-187.78308120146298,-1605.9192101344793,-3477.9410333246224,-0.0,-4715.482142565342,-265.7469443539131,-2056.6384036990676,352.14119007372517,-0.0,1633.2150266505932,-878.1568558861409,-0.0,-2066.537983313822,-0.0,-72.50764460106377,-44.07262220280853,-0.0,-0.0,-0.0,41.97405883009541,-0.0,-0.0,-0.0,-616.1882512927111,-1375.2282364343569,-800.2947978493198,-0.0,-3380.252037728004,-0.0,-0.0,-0.0,-254.07588896971455,-370.1331487388049,-0.0,-2268.9742867685327,-0.0,-0.0,-3438.6269043406924,-0.0,-26.28735294498106,7.9168461791888465,-468.78901495630765,-21.48907452112608,-0.0,-0.0,-245.82285887454344,-0.0,-0.0,-1353.4609901667336,-1267.3989758522314,-1382.9221355946431,-0.0,-312.65171123960664,162.45156479789674,-376.22933293606616,-15370.027890668078,-0.0,-649.9242152509371,-1348.3123938906429,-670.6147393618359,-0.0,-34.776050414987424,-15.929106286510892,-258.9951064532021,-1072.6528508434108,-0.0,-0.0,-0.0,-520.2564330296692,-2412.6113581571167,-1461.70756568979,-0.0,-0.0,-0.0,-293.48056443187465,83.2919341665057,-8.496453585174594,-1250.4643424898654,-0.0,-0.0,-1021.7537515995216,-0.0,-0.0,-0.0,-2616.935072910005,-1070.5429446441117,-0.0,-1219.4946129363514,-609.2420525442612,-235.44653078631208,-666.9804704419918,-1152.354541287223,89.4321193822119,-1261.9611121169596,-1178.539851445221,24.829673325107677,-1911.6690272475232,-0.0,-0.0,-0.0,-0.0,-454.6363999027266,-0.0,-0.0,-624.4475864260006,-941.9375013305227,-698.2337558057679,-0.0,1609.921785331382,1284.0619773044355,1396.8538654590307,-0.0,-0.0,-0.0,-924.2397124572053,-41.018684617686056,-835.9458197894211,-78.28757654007639,-629.0573347876472,-1788.456686512406,-1245.7615878709564,-2149.5970933491976,-0.0,-0.0,-0.0,-0.0,-470.02948012894984,-788.4235527141277,-1650.073232971675,-443.24784307774587,-1518.0424368275646,-1744.1839819425359,-2168.7503967426173,-0.0,475.5227126518634,-444.5517121098739,-392.90905764315073,-129.2909391506471,-4669.72979268112,-70.14176465373782,-0.0,-892.0373572807262,-1537.4203085389736,-0.0,-61.477787004035726,139.4343205977873,-85.39347490572719,-501.55585767033665,-2108.9758233905327,-158.43116026274404,-1849.5477799611047,-0.0,-1911.3595132183705,-1952.308932994043,-1325.336457782214,-0.0,-1632.0454514517164,-359.28422322385205,-685.4887433994365,-1130.9055540092193,120.68474023529717,-1806.1990499193346,-1387.249116210784,-0.0,-117.19650117854817,-0.0,-0.0,-0.0,-1078.5907623403273,-637.7008574897505,-0.0,-0.0,-0.0,-3448.442652719331,-1845.1109957085505,-0.0,-0.0,-4.047142497953746,-1564.0751051639852,-884.4157050885838,-0.0,-775.2485978044671,-1322.4466900960651,-531.9233173270269,-24.818650329747996,-1032.5533311267786,-7.423414148574509,-1498.4227453938922,-1700.036130302352,-0.0,-0.0,-40.457021087520715,-0.0,-0.0,-1303.185641006403,-85.45094417644354,-503.64500741367357,-0.0,-0.0,-0.0,-884.4082910231818,-316.6479343664539,-112.75317940358161,-468.97234910431825,-246.39453579345036,-2081.73918194259,-343.6410942972814,-545.9279095875366,-1122.4998016313452,-0.0,-390.90951747174483,-0.0,-2031.0417864919784,-1574.2734039336037,-1623.9358207243388,-415.91186475575125,-252.52142951779217,72.872533538622,-1011.1677402633319,25.549766530843648,-0.0,-475.0308520228696,-0.0,-0.0,-477.07668646673585,-127.58803832915876,-2867.7517824062506,-2992.1881743083945,-554.6478527150224,-0.0,-0.0,-950.1031802037312,293.9801183938078,-0.0,-0.0,-0.0,-1100.200218602099,-49.676831550409425,-523.0313522190188,-3956.4234375913966,-1464.8642911015743,-1170.5309519136706,-433.48898767590003,-187.98144879494987,-1253.8941164423438,-721.9149697301107,-551.2150618841367,-0.0,-693.8873152737125,-662.575796080336,-1964.1602881550807,-0.0,4.429688446229367,-13.239565249464288,-0.0,-0.0,-1782.5030105914766,-0.0,-4002.451901694103,-1262.8439982071811,2403.950048409872,2983.212238980304,-0.0,-0.0,-774.4157520967635,-1071.840957547297,-598.1314270157002,-349.08478597995065,-3212.8614487113105,-659.7449225820443,-0.0,-0.0,-0.0,-1209.0203063308954,-739.3377352784756,-191.12425330498704,-2403.6923120933366,-1210.9868276116324,-28.004619462262262,-428.3037236537019,-1153.0547244865152,-293.46881045773284,-531.622183982757,-0.0,-66.43645973413582,52.599713617125666,-1004.9155863720918,-160.10949370018847,-0.0,71.62833988004886,125.35597212194604,-188.5618047276278,-1300.835330406822,-2119.7686297663217,-60.9730921841144,-915.1640275385928,-1502.8858898325882,-0.0,-0.0,-717.3525133412572,-0.0,-0.0,-0.0,-0.0,-703.9746949161309,-23.33600864590656,-1443.3614678246392,-1343.9194602555178,-2511.284515249156,-1301.667667737108,-0.0,-646.1764224681854,-0.0,-1506.5836673712085,-1787.4397091324379,-1338.9603192340617,-1005.3418007673143,-0.0,-2165.2881395835766,-0.0,-0.0,-0.0,-3414.4189509956195,-1243.5569286310767,-293.9750380744217,-958.7619588014495,-875.3614166907271,-901.7239661390761,-0.0,-0.0,-0.0,-43.66838948090914,-5115.272901551456,-718.3045948935107,-2084.949544855562,-3805.175527187267,-2253.73357118878,-447.46358223415876,-0.0,-1777.6400033032614,-776.0360114399967,-0.0,-354.7322893699,-387.6348912926383,-39.95094329310583,-1072.0283489142598,-263.6226425378531,1435.8436097828564,-446.95268161323355,-0.0,-0.0,-1026.7615881784973,-876.0358767651367,-2583.2066493222674,-283.726713174147,-0.0,-0.0,-550.6145316563674,-0.0,-0.0,-0.0,-0.0,-1337.1031808505932,-686.3460328388871,-1415.2974418148901,-478.0759201227017,-3.8307923156405814,-731.0435130016328,-0.0,-0.0,-0.0,-0.0,-2548.269735549333,-0.0,-0.0,-0.0,-0.0,-0.0,-0.0,-773.8592518006938,-0.0,-2652.8168996857403,-539.284612857728,-234.4057774877693,-1282.4010732654237,-0.0,-0.0,-1463.9010829948909,-1425.8731041076123,-3.8071707569240933,-491.48584941085335,-58.02417497914476,-1937.4486352459082,-935.7837107395749,-0.0,-3973.2087959612672,-1321.0479886890948,-0.0,-0.0,-15.030506065051105,-422.94979546081106,-1221.9458792081502,-0.0,-0.0,-24.4884718319413,-1515.318854513907,-599.060588675089,-338.4048768820852,-74.96545624247042,-1891.6243978320942,-0.0,-0.0,-0.0,-0.0,-0.0,-571.4679894548166,-498.0565378127199,-593.2534999521413,-4441.922121115836,-1685.0095237579142,-1286.8467413966157,-101.6310378337974,-1121.0220191606759,-1127.023438395561,7.603122490908523,-0.0,-0.0,-0.0,-603.4138777557971,-456.92215824036356,-1818.2956877928514,-605.8699864172078,-0.0,-1661.1403383428049,-0.0,-710.7263069735761,-0.0,-0.0,-2042.8738624398816,-551.9827253495764,-578.0566233118004,-1492.289888082192,-123.64896048909752,-12.3370901537217,-719.7968770339431,-1479.9560244619179,-0.0,-467.3156128536938,-1260.3460058192393,-4015.55804937222,-0.0,-296.2496245866693,-2145.3112934261367,-1383.1274274804762,-1313.9394858984833,-513.0738412416146,-1210.072084665127,-0.0,-351.51538064960897,-0.0,-258.0656195596008,744.3752141925914,-0.0,-0.0,1017.1911707011282,-0.0,-2261.096873065348,-746.5201042143674,-1116.2247026595096,-1200.3554923044842,-1543.8825387400436,-374.3852574202534,-148.5388157056804,-0.0,-0.0,-896.9203809820367,-1105.6168648456144,-800.2363925183139,-0.0,307.02553128263287,342.4059774760755,-236.44200455630272,-2810.1876718528147,-2151.3371430086486,-0.0,-0.0,-1452.329067528918,-3966.5490597215353,-2686.296600679104,-527.5592728063244,-1083.31176076178,-1138.010388589682,-0.0,-219.66514815963697,-0.0,-633.6137525045673,-265.4276030796534,-1683.9197079273688,-2705.62701588185,-326.7973916699516,-540.3966471240554,-4671.570244791994,-1455.0142125158657,-578.7747398906679,-256.63847916559223,-1557.0671473653401,-751.4581859452632,-4.077698122692825,-1603.7227676696316,-1611.7726688799457,-0.0,-0.0,-723.3176981466404,-1319.8229442809495,-355.0082904205625,-3.9258542528663076,-0.0,-0.0,-0.0,-0.0,-0.0,-38.36249028874902,-776.9973686312134,642.2625907422466,-457.82252781784496,-891.8000202332878,-531.620479826268,-981.7820844539841,-1620.7874486435765,-1226.5911813276355,-1701.2368532457474,-274.32625871497373,-611.8566611949,-1590.3652868574632,-728.3310984099287,-0.0,2925.1631720451555,-274.66385368881663,-75.25691360244168,-0.0,-1031.4509006858657,-646.87320945751,-1499.108676342943,-1844.7050168608903,-2458.435083107195,-0.0,-0.0,-0.0,-0.0,-1116.1102138763783,-1639.0348639974795,-0.0,-925.6202609582269,-8.139287845109553,-0.0,-0.0,-0.0,-2820.676623556347,-889.2925709916116,-180.62419227370293,-53.452599459463556,-0.0,-0.0,-1281.0372489098845,-1463.153016928896,-809.1652437530859,527.3172587123603,32.0090430988281,-0.0,-22.423988673962235,-0.0,-1550.3638962825364,-536.3790299888877,-1401.4731277146593,-1686.370695749339,-1752.3815295789475,-43.50875352843095,-0.0,-0.0,-2041.2201048480986,-365.94203455744673,-0.0,-0.0,-220.24154962392117,-0.0,-43.69714676140564,-0.0,-1442.2519486159035,-821.9599187573617,-0.0,-75.53545384625197,673.6453307764963,-0.0,-203.858126828678,-2542.352214064909,-0.0,-0.0,-758.3472588217077,15.069969263506351,-0.0,-0.0,-802.1841124776125,-1461.27308303246,-0.0,-866.9077546625115,-0.0,-1148.6752427843526,1738.2602631882635,25.8998067299189,-1732.08306698285,-1887.7109926683045,1122.9040306593274,-0.0,-2338.7459186333986,-786.0550216282255,-979.8442446942703,-0.0,-641.705090887603,-136.65872233533938,873.8024441686201,-430.0502408605312,-1539.422732151862,-0.0,-0.0,-0.0,-915.7131596099189,-631.097667622646,-789.0336350005388,-967.2764093035833,-1163.6837696890557,-28.563352944870694,-1140.594892150916,-1080.2812644728178,-1357.5772584337412,-0.0,-0.0,-507.60711828412434,763.5896117007001,-6719.394696805528,-0.0,-1270.2292874371158,-1958.7005382773634,-926.1094902112375,-825.2571817658774,-66.15984373139038,-2794.7756950880553,-385.7548680895297,-0.0,-1089.283724220838,-870.2469187536067,-665.267622112267,-0.0,-1520.6459129077064,-1997.7588370811172,-29.614995239496277,-1175.732155095406,-2727.7748417341795,464.0168497994035,-0.0,-436.2463793226525,-164.35403585045134,-1241.8036978143516,-1033.86814670681,110.53608175972862,-123.86291923836313,-871.0229117646937,-495.32370947126515,-560.6686641325772,-690.7652927220973,-559.3464199378353,-0.0,-1402.553253574782,-0.0,-1184.321051264982,-689.8266569600872,-159.43309230314443,-0.0,-1708.8258129954302,-4963.186518716117,-0.0,-448.7274064594024,-0.0,-2588.1448306681805,-244.85503709739157,-0.0,-404.4461640445941,-441.1476468397068,-0.0,-2207.4805022829028,-1574.7676347100464,-0.0,-4337.663588114425,-122.62757150251066,-1318.3532015723702,-1451.6524025184722,-1788.3094168972686,-117.07660395881378,-0.0,-979.2834875131417,-2182.6479763040375,-591.7828123660959,-1026.5823519871788,-1116.4715482279705,-1808.632432386252,-2467.1721535987485,-988.8374557948706,-1891.1348295305409,63.477464710146116,-0.0,-298.63740620564226,-1290.1305258216748,-1097.3931631832986,-0.0,-0.0,-0.0,-429.8858576795443,-505.67893449310446,7.684016949637391,-597.1483904201629,-0.0,-1212.9666825352808,-756.2468236732926,-611.7182629339185,-0.0,-0.0,-296.6931080815369,-1616.5198451155534,-1024.9910633846653,-317.40252405560557,-934.8999638757729,-34.495025277566434,-0.0,-0.0,-3189.014920614811,-1151.0739553083918,-0.0,-0.0,-0.0,-90.2852160067836,-1084.5350703606837,-51.51552676623926,-1829.0569781368308,-1774.6589039679693,117.2483118176385,-0.0,-595.2359411055901,-0.0,689.6540240551209,-130.58493268811125,-0.0,-1648.5876698885158,-322.5808582216756,-1824.1917806686922,-0.0,-1556.5708151616145,-614.1658546446605,-202.78854772544508,-12.680826237841126,-36.88822524272769,-0.0,-0.0,-720.5620633104788,-1328.1664752152983,-0.0,-549.6714208597599,-0.0,-358.91430539502306,-538.9940765215691,-0.0,127.77760780073767,749.5908148535163,712.2112799125383,868.3335710109742,765.5072062204803,809.393067395616,-0.0,-0.0,-0.0,-0.0,-0.0,85.04717714589809,-0.0,-0.0,-566.6074534432136,-155.8457442184954,-498.2075581248537,-89.65150366903094,-0.0,-947.6191569080214,-1624.142594830546,-1756.1516717171924,-243.85288592222653,-211.8535377643778,-0.0,-0.0,-653.594297007632,-0.0,-0.0,-0.0,-0.0,-3005.9042136777716,-0.0,-43.848915937191684,917.3883463594447,-0.0,-1070.8015402153683,-564.1954255582842,1590.9653490929852,-889.6395873779421,-0.0,-3213.4632108911296,-2089.6001599272095,-203.96292970944762,-861.0974471368568,-1346.8402887188465,-564.5442585934316,1199.5929985015318,-78.207440502179,-589.3095164265452,-0.0,-0.0,-520.5441859148062,-0.0,-793.2803760697244,-0.0,-463.55168617653993,-37.61959428345829,-0.0,-0.0,-1118.4995461617777,-0.0,-0.0,-526.5179611315024,-1282.4952888048253,-1868.68595383968,-0.0,-0.0,-0.0,-1724.7312508546972,-0.0,-1143.432443706183,22.630824277430275,-0.0,-0.0,-1185.4506831643293,-905.2461562978691,-1284.3452605971584,-379.79762631712674,-0.0,-1381.7207484457776,-279.2856333305261,-0.0,-0.0,3.9490717510047175,-38.031498421984764,-4618.946510416788,-0.0,-118.84150552323638,-31.42008795156633,429.6263211444955,-85.30390798735985,-991.4137853102832,-900.979150130582,-447.87845721799533,-0.0,-0.0,-1788.8581746763798,-0.0,-0.0,-0.0,-0.0,-0.0,-0.0,-0.0,-167.98355734006455,-0.0,-0.0,-1992.4864778904473,-7265.37495480076,-117.55667603216585,35.20976111766202,-448.43907604613935,-708.9974208926438,-112.99596949714766,-4397.236751431364,-269.3148582198426,-307.1236767528161,-0.0,-0.0,-0.0,-2023.8478317397794,-0.0,-38.878109439371926,-0.0,-0.0,-0.0,-485.9008776242744,-11.541935896318371,-276.0740270859182,-1484.0197162382374,-642.4098713476769,-73.92037271929514,-2578.986400138086,-0.0,-85.98284930389299,-2187.9689757190754,-0.0,-1113.183517364692,-75.79690266658167,-1559.4736507309904,-0.0,-0.0,-1091.8662920336533,-604.3950264458961,-34.68861443282287,-865.1744854964189,-831.7850120972594,-709.8932762888685,-169.09554645575597,-699.1117887333595,-730.9216857466974,-2264.1764197348243,-1025.2128227177611,-0.0,-1564.5160514932386,-366.1377811957077,-687.4377845025008,-0.0,-0.0,-1012.0297820373896,-2354.3619088571627,-841.2704284800061,-0.0,-0.0,-0.0,-4007.846145345752,-817.363763792269,-196.77188030830246,-336.6845059207796,-42.720919683478705,-3705.3574518740065,-0.0,-0.0,-2282.66983006565,-858.1129196622568,-0.0,-0.0,-0.0,-84.14690674552034,-0.0,-1896.4575949697676,-1811.9857575096746,-0.0,-335.7795365300846,243.66637490685991,-0.0,-0.0,-0.0,-1012.8586909385364,23.89338975911412,-2434.9956734428292,-562.0286453311373,-1134.8496298213252,-685.1066149889238,-3589.899833702793,-1653.146397198735,215.99884817927042,-0.0,-3134.9104753991082,-0.0,-0.0,-0.0,-1284.2130795320454,-758.1058075567972,-1559.6534925506612,-0.0,-0.0,-879.5298142115146,-1515.7763501955574,-685.2952392129138,-496.187998012585,-0.0,-0.0,-1300.2925076622134,-0.0,-0.0,-0.0,-0.0,-0.0,-0.0,-556.5075710489493,-75.83120935942081,-1336.6004132058624,-0.0,-690.5004957511562,-1216.301047129091,-34.35547734805267,-0.0,-0.0,-0.0,-0.0,-0.0,-0.0,-0.0,-0.0,-0.0,-0.0,-1162.964437459727,-1995.1820560855856,-0.0,328.55207422083646,-0.0,-677.0825568177614,-99.88677082878343,-0.0,-762.5301196495993,-442.4249071740299,-87.59921477101837,-1996.320471404002,-502.80509985928893,-2886.1787214900764,-177.4117322811407,-2240.0954370433346,-1830.8848255738415,-900.8145091219651,-4.399791014494383,-0.0,-1127.1762418689614,-2201.3613309734437,-2484.3841514382702,-77.49107344589048,-239.17379288219195,-1748.9925432099285,-0.0,-2663.4400983360715,-397.4268614908862,-0.0,-1712.8312083089593,-0.0,-812.9950295474181,-0.0,-2506.4133658984542,-0.0,-0.0,-90.02401834183944,-1057.3502321755068,-551.1658592501694,-0.0,-1408.4161148742558,78.31939338016875,371.2492086751421,351.1362055837607,-273.34560187843437,-1740.7753985690883,-612.8525636414629,-0.0,-0.0,-5390.145011568051,-1129.6717826645888,-0.0,483.38922233950075,-0.0,-1952.9629885338247,-519.0021128696179,-706.7662706609233,-0.0,-0.0,585.4891473073568,-0.0,-886.3355478024802,-1251.5912272695996,-1888.2065735928268,-0.0,-612.6696221988614,-3142.341055092334,-1011.1977819711805,-0.0,-1428.2555602320547,-134.29045312932672,-1187.0196986930773,-0.0,-958.0843174024999,-0.0,-0.0,-0.0,-896.6568809830115,-0.0,531.9818624734622,-0.0,-388.9427162928065,-759.6829564315387,-444.743863931328,-1055.1936782475132,-635.3771089877515,-1842.931199141166,-1227.572089409215,-0.0,570.955391137494,-2380.765562292693,-1623.6145560701025,-711.4693511719701,-0.0,-0.0,-0.0,-149.66953435371676,-1107.0971780415719,-304.50151945272154,-852.1007018782764,-2114.0948760963565,-2923.7938259173925,143.64609901495157,816.1234105756035,704.3002999070118,-0.0,-0.0,119.36677869876632,-32.056321380770676,9533.247492958917,11187.616927122355,5801.561028507858,10798.98079149826,10523.2165764103,9667.42919304808,-0.0,-0.0,-0.0,-0.0,-0.0,-1460.3219294751561,-1397.0042210628474,-942.7277504580816,-0.0,-2417.9390888004236,-608.1344229090661,-1057.4797055715035,-33.13056692791775,-725.0251231604639,-1388.3111962546288,-1090.8778442526966,-1214.5387700817862,-0.0,-2999.431110688413,-1862.134980080133,-675.3817524304731,-123.13554501228218,-3333.9723375527906,-0.0,-226.40520446067444,-0.0,-11.442692161382169,-0.0,-114.74446945051444,-290.38944876555337,-1102.235678015171,-847.3703992263721,-0.0,-0.0,-0.0,-2400.872030104221,-0.0,-0.0,-252.24058529333385,-1019.20799314579,-1053.004526162496,-87.20794300340084,-1298.1769104537777,-1785.31226497249,-324.73785971265454,-0.0,-0.0,-115.36186970568197,-1239.752963495597,-334.40761598496016,-0.0,-5727.369087285041,296.6426465074817,-0.0,-0.0,-0.0,-35.75937001875724,-445.36065663178283,-0.0,-0.0,-1232.1582851610947,-2325.9355765990213,-1303.7665863544485,-401.39463216107845,-455.72210521154756,-487.04340225093694,494.68367803432824,-1398.824033439239,-0.0,-568.3008533398743,-2694.5268252221035,-500.02231323777403,-8.821247300924,-0.0,-5.4457517393489,-0.0,-0.0,-0.0,-1245.2595773294793,-410.26878078729186,-1404.6206784622104,-0.0,-0.0,-0.0,-264.906668014691,-529.3179315904297,-1476.0589806213745,-2897.31751450762,-388.41367878342015,-199.9237961155233,-0.0,860.7720231122382,-0.0,-1192.645526700199,-164.2762693880262,-0.0,-0.0,1012.7197514680005,-0.0,-1617.6995778625305,-0.0,-0.0,-0.0,-204.51937663059192,-2061.0261119347197,-1707.9619003068728,-26.717521812503456,-2368.1191110582417,-1586.599649327468,-27.111592571624552,-26.684265858501472,-75.12615255454965,-0.0,-0.0,-2096.5824345403084,-0.0,-5884.239754104532,-0.0,-1559.0556091405178,-269.74651630345505,150.2884118988859,-0.0,-57.79444848775144,-1370.9468044622427,-1547.3407935854284,-546.4541074290298,-36.96340335298399,-266.8712005793156,-0.0,-0.0,-0.0,-0.0,-1248.6106401674656,-897.8092147301408,-0.0,-590.1711240228805,-1288.7813722844376,-188.90584566526329,-78.45810028928453,-0.0,-0.0,-0.0,973.7820870222984,-4.119265069815051,-0.0,-532.2340369117649,-878.1267952195208,-1454.6998370468773,-0.0,-0.0,-2457.63757517073,-0.0,-0.0,-0.0,-0.0,-679.2685732999516,1028.550167508597,1092.233701097034,1244.3187973123843,-0.0,-0.0,-0.0,-607.5763663004706,-0.0,-0.0,-375.0891731880945,-681.8661974499032,-0.0,-190.60400028358197,-1406.240209189357,-1339.520777642224,-0.0,-0.0,-0.0,-11.285016930226194,-1500.1975585773857,-3.775480898238786,448.77266325669996,-0.0,-1757.3216209975226,-903.0251481206978,-621.741494194983,-1717.8908968490537,90.48859406369674,-271.51397395310056,-20.605037823933852,-454.6453840708503,-433.06456082704483,-1110.848065900853,-383.4927066814157,864.5678259324303,-1325.3483785620786,-227.36048164504837,-170.26702539276107,-4068.212969267379,-2480.8498756052963,676.4248215422537,-1009.0322528892563,-192.24291843429256,8.151611411936113,-760.089960103094,-1069.0270247142942,1879.6156318956619,-663.4485246401218,-699.4820885750364,-717.6894014985747,-0.0,-7018.70228399076,-0.0,-530.6397954878421,-945.3228074414478,-671.7236937461025,-942.8803806955735,-1269.3629674616902,-0.0,-989.6146888237578,-164.82224204395843,-84.89159968935121,-7303.209199812672,618.481478255158,-173.86297529204285,-0.0,-610.4608320448922,-1318.4228288289899,-0.0,-0.0,-510.00227116854575,-1855.2802667864873,-74.76426440983077,-233.46939490266553,-274.7395789418441,-1248.397564317418,-0.0,-0.0,55.30749736962056,-0.0,-0.0,-1809.2084691755813,-0.0,-1851.4753016837115,-990.474798998686,-1324.1459875647026,-0.0,-0.0,-537.1117567808192,-917.1907654426617,-132.69559774238726,-0.0,-478.2826796944688,-152.3199437177309,-530.9740794300593,-0.0,-218.20904535489606,-513.6543650216857,-2320.696528098444,-1005.5649408577455,-1444.6999844306333,-0.0,-0.0,-1471.3004711249368,-18.887353094148928,-0.0,-0.0,-1186.6949354632952,-0.0,-0.0,-0.0,-0.0,-0.0,-0.0,-0.0,-0.0,-0.0,-0.0,-111.75609261246434,-0.0,-0.0,-0.0,-0.0,-0.0,-0.0,-0.0,-0.0,-0.0,-0.0,-0.0,-326.73149854414106,-0.0,-0.0,-0.0,-0.0,-0.0,-0.0,-0.0,-0.0,-0.0,-0.0,-0.0,-0.0,-0.0,-0.0,-0.0,-0.0,-0.0,-0.0,-0.0,-0.0,-0.0,-0.0,-0.0,-0.0,-0.0,-0.0,-0.0,-0.0,-511.29910573364594,-0.0,-0.0,-0.0,-0.0,-0.0,-0.0,-0.0,-0.0,-0.0,-0.0,-0.0,-0.0,-0.0,-0.0,-0.0,-0.0,-0.0,-0.0,-0.0,-0.0,-0.0,-0.0,-0.0,-0.0,-0.0,-0.0,-0.0,-0.0,-0.0,-0.0,-0.0,-0.0,-0.0,-0.0,-0.0,-0.0,-0.0,-0.0,-0.0,-0.0,-0.0,-0.0,-0.0,-1469.7878590226785,-549.5327940376034,-1918.7942627190682,-0.0,-0.0,-0.0,-0.0,-0.0,-0.0,-0.0,-0.0,-0.0,-0.0,-0.0,-0.0,-0.0,-0.0,-0.0,-0.0,-0.0,-0.0,-0.0,-0.0,-0.0,-0.0,499.0858378047312,-0.0,-0.0,-0.0,-0.0,-0.0,-0.0,-0.0,-0.0,-0.0,-0.0,854.2660340147168,-0.0,-0.0,-0.0,-0.0,-0.0,-0.0,-247.98451999827168,-0.0,-0.0,-0.0,-0.0,-0.0,-0.0,-0.0,-0.0,-0.0,-0.0,-0.0,-0.0,-0.0,-0.0,-0.0,-0.0,-0.0,-0.0,-0.0,-0.0,-0.0,-0.0,-0.0,-0.0,-0.0,-0.0,-0.0,-1043.9836432335787,-0.0,-0.0,-0.0,-0.0,-0.0,-0.0,-0.0,-0.0,-0.0,-0.0,-0.0,-0.0,-0.0,-0.0,-0.0,-0.0,-0.0,-0.0,-0.0,-0.0,-0.0,-0.0,-0.0,-0.0,-0.0,-0.0,-0.0,-0.0,-0.0,-0.0,-0.0,-0.0,-0.0,-0.0,-0.0,-0.0,-0.0,-0.0,-0.0,-0.0,-0.0,-0.0,-0.0,-0.0,-0.0,-0.0,-0.0,-0.0,-779.1438414139826,-0.0,-0.0,-0.0,-0.0,-0.0,-0.0,-0.0,-0.0,-0.0,-0.0,-0.0,-0.0,-0.0,-0.0,-442.85787548214427,-0.0,-0.0,-238.35555269386668,-0.0,-0.0,-0.0,-0.0,-0.0,-0.0,331.76262030955075,-0.0,824.4565350425637,-0.0,-0.0,-0.0,-0.0,-0.0,-0.0,-0.0,-0.0,-0.0,-0.0,-0.0,-0.0,-0.0,-0.0,-0.0,-0.0,-0.0,-0.0,-0.0,-0.0,-0.0,-0.0,-0.0,-0.0,-0.0,-0.0,-0.0,-0.0,-0.0,-0.0,-0.0,-0.0,-135.09874226033685,-0.0,-0.0,-0.0,-0.0,-0.0,-0.0,-0.0,-0.0,-0.0,-0.0,-0.0,-0.0,-0.0,-0.0,-0.0,-0.0,-0.0,-0.0,-0.0,-0.0,-0.0,-0.0,-0.0,-0.0,-0.0,-867.4066142312187,-0.0,-0.0,-0.0,-0.0,-0.0,-0.0,-0.0,-0.0,-0.0,-0.0,-0.0,-0.0,-0.0,-0.0,-0.0,-0.0,-0.0,-0.0,-0.0,-0.0,-0.0,-0.0,-0.0,-0.0,-0.0,-0.0,-0.0,-0.0,-0.0,-0.0,-0.0,-0.0,-0.0,-0.0,-0.0,1255.1892787830793,-0.0,-323.7677052543337,-0.0,-0.0,-0.0,-0.0,-0.0,-0.0,-0.0,-0.0,-0.0,-0.0,-0.0,-0.0,-0.0,-0.0,-0.0,-0.0,-0.0,-0.0,-0.0,-0.0,-0.0,-0.0,-0.0,-0.0,-0.0,-0.0,-0.0,-0.0,-0.0,-0.0,211.42750945776208,-0.0,2062.5962278145334,-0.0,-0.0,-0.0,-0.0,-0.0,-0.0,-0.0,-0.0,-0.0,-0.0,-0.0,-0.0,-0.0,-0.0,-0.0,-0.0,-0.0,-0.0,-0.0,-0.0,-0.0,-0.0,-0.0,-0.0,-0.0,-0.0,-0.0,-0.0,-0.0,-0.0,-0.0,-0.0,-0.0,-0.0,-0.0,-0.0,-0.0,-0.0,-2438.6691637698573,-1449.8380366319873,-0.0,-0.0,-0.0,-0.0,-0.0,-0.0,-0.0,-0.0,-0.0,-0.0,-0.0,-0.0,-0.0,-0.0,-0.0,-0.0,-0.0,-0.0,-0.0,-0.0,-0.0,-0.0,-0.0,-0.0,-0.0,-0.0,-0.0,-0.0,-0.0,-0.0,-0.0,-0.0,43.175181430150474,-0.0,-0.0,-0.0,-0.0,-0.0,-0.0,-0.0,-0.0,-0.0,-0.0,-0.0,-0.0,-0.0,-0.0,-0.0,-0.0,-0.0,-0.0,714.5736166855636,-0.0,-0.0,-0.0,-0.0,-0.0,-0.0,-0.0,-0.0,-453.0041589230055,-0.0,-0.0,-0.0,-0.0,-0.0,-0.0,-0.0,-765.0131074378661,-0.0,-0.0,-0.0,-0.0,-0.0,-0.0,-0.0,2237.887625559068,-0.0,-0.0,-0.0,-0.0,-0.0,-0.0,-0.0,-0.0,-0.0,-0.0,-0.0,-830.4167181338646,-0.0,-0.0,-0.0,-0.0,-0.0,-0.0,-0.0,-0.0,-0.0,-0.0,-0.0,-0.0,-0.0,-0.0,-0.0,-0.0,-0.0,-0.0,-0.0,-0.0,-0.0,-0.0,-0.0,-0.0,-0.0,-0.0,-0.0,-0.0,-0.0,-0.0,-0.0,94.69039986934342,-0.0,-0.0,-0.0,-0.0,-0.0,-0.0,-0.0,-0.0,600.0680396929671,-0.0,-0.0,-0.0,-0.0,-0.0,-0.0,-0.0,-371.7609620504173,-0.0,-0.0,-0.0,-0.0,-0.0,-0.0,-0.0,-0.0,-0.0,-79.38485993342894,-0.0,-0.0,-0.0,-0.0,-0.0,-0.0,-0.0,-0.0,-0.0,-0.0,-0.0,-0.0,-0.0,-0.0,-0.0,-0.0,-0.0,-0.0,-0.0,-0.0,-0.0,-0.0,-0.0,-0.0,-0.0,-0.0,-0.0,-1838.6389374391956,-0.0,-0.0,-0.0,-0.0,-0.0,-74.7198185641796,-0.0,-0.0,-0.0,-0.0,-0.0,-0.0,-0.0,-0.0,-0.0,-0.0,-0.0,-0.0,-0.0,-0.0,-0.0,-0.0,-0.0,-0.0,-0.0,-0.0,-0.0,-0.0,-0.0,-0.0,-0.0,-0.0,-0.0,-0.0,-0.0,-0.0,-0.0,-0.0,-0.0,-0.0,-0.0,-0.0,-0.0,-0.0,-0.0,-0.0,-0.0,-0.0,-0.0,-0.0,-0.0,-0.0,-0.0,-0.0,-0.0,-0.0,-0.0,-0.0,-0.0,-0.0,-0.0,-0.0,-0.0,-0.0,-0.0,-0.0,-0.0,-0.0,-0.0,-0.0,-0.0,-0.0,-0.0,-0.0,-0.0,-0.0,-0.0,-0.0,-0.0,-0.0,-0.0,-1369.7349803064558,-0.0,-0.0,-0.0,-0.0,-0.0,-0.0,-0.0,-0.0,-0.0,-1930.5599126484615,-0.0,-0.0,-0.0,-0.0,-0.0,-0.0,-0.0,-0.0,-0.0,-176.3588303420491,-0.0,-0.0,-0.0,-0.0,-0.0,-0.0,-0.0,-0.0,-0.0,-0.0,-0.0,-0.0,-0.0,-0.0,-0.0,-0.0,-0.0,-0.0,-0.0,-0.0,-0.0,-0.0,-0.0,-0.0,-0.0,389.83048772333973,-0.0,-0.0,-0.0,-0.0,-155.8593896454046,-0.0,-0.0,-0.0,-0.0,-0.0,-0.0,-0.0,-0.0,-0.0,-0.0,-0.0,-0.0,-0.0,-0.0,-0.0,-0.0,-0.0,-0.0,-0.0,-0.0,-0.0,-0.0,-0.0,-0.0,-0.0,-0.0,-0.0,-0.0,-0.0,-0.0,-0.0,-0.0,-0.0,-0.0,-0.0,-0.0,-0.0,-0.0,-0.0,-0.0,-0.0,-0.0,-0.0,-0.0,-0.0,-0.0,-0.0,-0.0,-0.0,-0.0,-0.0,-0.0,-0.0,-0.0,-0.0,-0.0,-0.0,-0.0,-0.0,-0.0,-0.0,-0.0,-0.0,-0.0,-0.0,-0.0,-0.0,-0.0,-0.0,-0.0,-0.0,-0.0,-0.0,-0.0,-0.0,-0.0,-0.0,-0.0,-0.0,-0.0,-0.0,-0.0,-0.0,-0.0,-0.0,-0.0,-0.0,-0.0,-0.0,-0.0,-0.0,-0.0,-0.0,-0.0,-0.0,-0.0,-0.0,-0.0,-0.0,-0.0,-0.0,-0.0,-0.0,-0.0,-0.0,-0.0,-0.0,-0.0,-0.0,-0.0,-0.0,-0.0,-0.0,-0.0,-0.0,-0.0,-0.0,-0.0,-0.0,-0.0,-0.0,-0.0,-0.0,-0.0,-0.0,-0.0,-0.0,-0.0,-0.0,-0.0,-0.0,-0.0,-0.0,-0.0,-0.0,-0.0,-0.0,-0.0,-0.0,-0.0,-5497.205476850938,-53.4555201702426,31540.2424306483,-3540.582834355851,-3934.5394583457833,85473.88215924586,-0.0,-6529.235246893801,844.4512908395185,1804.491922134735,-25984.690343290094,-0.0,-5033.912832560941,-0.0,-0.0,34376.04435794651,-12707.140072822602,3934.4650454192097,6410.653450681686,-4623.900517260754,-24843.31026942058,-9470.408425152924,57.9368188895149,-101.52268021531248,-7035.9266076062,-0.0,-13187.49688875615,-20153.691888914986,15788.532078844746,-576.8793729982975,8.249481726396729,46569.94657305699,-3183.9651071603,-110116.48232169208,-3128.448840949696,-22378.72457384523,-17146.993426105484,-6502.939000934843,-5840.477275542879,-14934.631764234688,11956.486944502996,-2407.128999095437,-4266.661232643928,-3724.570818816852,-12800.37350152706,7307.114308031093,39973.72928131641,-870.9004112399313,63.16524506163494,20872.552587510683,5708.128651423256,-553.0070287288115,15575.958897166203,8112.823685179691,-5677.395169926169,-7980.201797117576,-4043.9055752071467,416.9214622886028,-0.0,-0.0,-280.091524123124,-8477.969462030898,-3429.1309197558817,-3142.8404130972535,-1570.6718701666337,-4798.876890582523,9808.10159316035,4393.836032117897,-8566.686275079264,20897.921373966117,-21269.579160256868,-33821.137145250104,77828.70856166954,-21728.65805660049,-8890.354099509703,-2283.6353357853604,-3656.445751333014,-5740.807189009756,-5626.75469565689,-36423.675255954935,-0.0,-13340.137571625226,-0.0,2991.573399958674,-0.0,-0.0,-13837.17562925951,-1402.4569955091833,-0.0,-0.0,3953.03629463004,-0.0,-0.0,-0.0,-7351.170594583598,-4554.226449265787,-7563.310475035385,-8796.242764825154,8889.908505511592,-0.0,-29518.68300507991,41951.22894850238,-0.0,-0.0,-18844.578559262103,-11193.643780912587,179.33944818870305,51.425609882268105,-0.0,58363.75496059675,-0.0,-0.0,-0.0,-0.0,53335.47650375546,-1049.4799176582533,-0.0,-10120.565636778461,-0.0,-6528.087879265117,-1342.6415966017241,-3472.115436095148,-16912.38194622415,12274.965604308341,-1451.776179459972,-8949.053719947044,-0.0,-0.0,-4823.585851707521,-6711.404232403472,-11094.151960890733,55372.494048418805,-0.0,-195.72650753930262,12819.047555858688,3814.936401745482,-1913.5538537111058,788.7434164682096,5227.463159110048,-3515.065822675282,-92.98939874064888,-18635.70194625936,468.27661766968845,14263.280584488946,-747.3695877371088,12585.727969178177,52603.034194025495,2800.3266392172286,-71.7364861860621,9218.21612997543,-1919.4112056665845,-8065.580355202721,-9313.713540697847,-17107.345846946777,-0.0,6667.452150080071,17187.89747091572,26321.8778164496,-10822.849079419528,7307.872140850808,9329.444033338492,-9348.199672517636,17510.069352299433,-15388.85980810261,-0.0,4731.445839373049,-12469.276038895356,-19056.297912935173,-7977.174265679802,23501.668631027624,3369.79161462661,-0.0,-5759.435201901437,-0.0,-2821.6768351061546,98.82423421995102,-4029.072811933796,-0.0,210.13988438895117,-291.98496078488256,-22112.44016035444,-13940.642064125997,23954.924763204443,-8168.340978017943,3811.1183439049323,6581.043180714943,-7613.9311652782935,-5364.205188810633,-12107.161579112819,-0.0,-2158.512858597368,-1735.1320364180592,-0.0,1124.2421016183762,-418.85973394670737,-0.0,-0.0,-14022.732587668024,-3108.972263900659,3103.8854431223785,-4577.077860421645,-0.0,-0.0,-0.0,61308.87551002074,23292.595643988272,-0.0,126.6349104131683,12823.775787227863,-0.0,-4419.938145378702,-2643.5681748770417,-0.0,-4259.500794140597,-8099.757370372597,106314.97613268868,-11934.78698472953,-8270.694388025666,-31514.466362609583,-0.0,1509.3346038888942,3286.231054779262,-10193.209109663516,31039.274745453262,-7330.887797740842,-37846.7318518577,-13755.64658529378,-9458.265618347143,-0.0,1415.0837946107,-4752.954425139855,23331.665894961563,-165.06137754287704,-420.24691676422816,-11151.389539728147,-9461.274099297081,29075.494106105703,-0.0,-2169.810019631856,833.4031277361446,-0.0,-0.0,-0.0,-0.0,-0.0,-0.0,-0.0,-0.0,-0.0,-0.0,-0.0,-0.0,-0.0,-0.0,-1957.5806166556688,-0.0,-0.0,3459.254295443909,-14204.627783579512,-649.5121308289187,-9402.934317068906,24002.74916516401,9052.785686104513,-4096.417496948251,3496.8105780382484,39192.557484914956,-0.0,-0.0,-4600.253110120019,2884.1342195758943,-6978.584592353419,-9568.231541694882,-0.0,-39.06958578885518,9162.554802217737,-5165.721252763906,-2696.485877080186,3557.764535715542,-25913.079768469528,30420.16257502601,-6300.027021023803,-1131.3871050490416,14915.165974235862,-0.0,-0.0,-0.0,-0.0,-0.0,-0.0,889.4400787014592,47882.74127301414,-9210.005393852705,-11256.609786331259,-8708.842098205032,-0.0,-9462.441532578265,-13527.912209448214,-0.0,-0.0,-0.0,439.5484565036651,435.0162281692752,744.863173293467,2647.859909754501,-0.0,3652.144593155266,861.0603676556989,844.2000191347588,749.127204593348,759.8894654541127,2891.323705941453,1853.393589549846,2991.388844006276,2307.7382620121,2731.7682915094215,3251.7798385434216,35062.89424211436,38283.35210982812,37799.401617906864,34703.76155627203,9040.797253777297,8741.15898712393,8899.06446545054,9597.835864100738,5579.728363870833,2082.0202361544816,2065.1874575134734,2317.510078276983,2367.486965853165,2248.8658652587483,5415.188460519648,4287.684143887591,1259.7187396589336,1523.2880779029883,650.7220670219353,371.47479914929545,551.393239777714,40712.429594479785,35354.659816704545,39193.40509313337,34477.114316286556,52385.46805410355,56355.331687871556,1322.244445867272,1164.0737132096237,1211.8268490657613,1276.8652670692588,1119.7869470457858,1127.1516271930495,564.7061204437488,55290.69403952858,52918.56059246444,47948.24315738656,2567.28505279555,2933.253124616132,2947.319556659753,-0.0,7876.783801168759,8749.407843613917,40246.670606428015,35187.410750812356,37126.910356589564,61635.382524620574,62318.827746268515,62119.76482108968,62768.31655135891,2488.009384450764,2533.078746613596,4986.111303414411,-0.0,20808.232191738076,20741.795314930525,-0.0,1492.01853399398,1558.421373818989,1610.3693581934574,1678.86743826625,1517.6730065541003,1456.4511443712167,34274.053805916825,40551.32935798647,40954.75072155547,38330.226593485604,1159.4543856835292,1098.390604007571,-0.0,-0.0,17316.1626748263,32613.794959027433,37127.096305522566,33863.286339106955,36790.31190877486,-0.0,56326.933462042034,50365.47127015166,968.9256846695145,2058.85175584219,1959.1922010151836,2101.7196427717813,2201.641301007606,2474.1986967995686,48550.266794050214,53745.7869081065,-0.0,-0.0,17660.362074713103,1054.9642779172389,37006.24452617478,39363.3964635672,38690.27597890827,36980.04602676631,34723.2244203627,35588.87565171505,-0.0,16794.822718529675,10691.272097048632,-0.0,-0.0,1487.0497810953477,1436.3716952625534,755.0134495731374,806.2042351489445,473.2129983257973,437.63320492003226,-0.0,1168.8503792861839,1156.6307008818887,1025.0809961880057,1190.979091930374,-0.0,1751.801331857816,1744.8370488850082,1825.7465509010478,2213.7658556472284,2190.163362011153,2244.117978384761,903.8182367990021,821.1780408621242,892.7202572800738,1401.3987614836117,1079.5461991824573,1010.7962032180525,921.8760974110694,1045.576648699726,8257.789571380363,7571.200781412449,247.8828036957519,255.55687082449174,3732.0047042357837,16793.162786308258,1422.3073608569973,1461.7971704589581,-0.0,-0.0,7524.423466474276,7656.047464193858,8453.17920441102,7758.8161341704335,1965.2489889624062,1975.2652912135106,36298.177618985785,36461.87758096946,8240.278162993274,8029.606644682018,-0.0,55940.96195531927,2009.5941104823069,2122.664931264708,1155.8631486634658,49028.75832938546,48809.82026615605,54674.54261669222,53825.34052299521,192.45366921264187,59336.16525219024,51852.90451082852,-0.0,-0.0,24292.90898532963,-0.0,1202.5502740013671,1106.5548908061758,1194.6800716903426,2500.4686483984146,8947.613812723745,17048.44039208811,1683.3468946081698,1855.9205884549665,24.44402070191125,716.0642405319592,682.617190979492,17174.680324425328,1601.0800248130247,-0.0,-0.0,-0.0,1091.2398449143382,-0.0,1201.5400665152883,-0.0,5898.681378513188,6184.901117539682,5461.277507376934,5730.754948636818,909.8064667011959,-0.0,846.6569934387361,-0.0,-0.0,962.1650811599934,1110.8108042438482,921.9243667310297,829.64700519081,864.2040606806116,849.9119376852218,1905.1946186847556,1843.8233051392244,1656.562654276994,-0.0,2994.797960737867,2770.1263776837036,2871.697490735498,3120.957005822468,4713.8991061251945,53793.36667759659,49582.548503046,11856.872912089826,22296.301853145436,17004.506137148033,16838.569443304266,1691.125736071377,1719.0818918156249,850.7371463945996,892.0832907835239,2223.7740640129405,-0.0,38054.64506947486,34187.62185929848,1238.9257064505912,1129.9660840783345,1070.6849895249698,5358.047605445938,2952.968310940524,3257.166762628458,35320.96802254953,34212.65243679132,36678.46495346923,39015.27624463278,-0.0,-0.0,-0.0,2645.633264371638,2490.5288736236107,2369.559692995492,10316.979710558997,7833.5006839819225,6458.485702623171,2245.090484201425,2416.8986794726043
14,-0.0,-0.0,-639.5059273162861,-2101.3315679147513,-504.67212227008264,-575.9340358038351,-93.7799848587037,-649.4441451713135,-642.1315550328931,-0.0,-1246.3190151097851,-0.0,-0.0,-2699.038795040155,-0.0,-613.1828146671932,-486.70927747024825,-0.0,-41.945657721779796,-242.23336938657934,-307.3228503240479,-784.0801222628692,-826.5680029778492,-682.5312921075041,-2209.8614544356624,-641.9720638397076,-0.0,-40.33758143359351,-2864.2066557283933,-1611.2417166831412,-0.0,-0.0,-0.0,-0.0,-0.0,-0.0,100.8683532387262,-201.91813903568246,-1887.100323905462,-1578.4371581183993,-0.0,-0.0,-126.57392198208032,-589.7010731197183,-141.68889587512513,-0.0,672.3520189408869,-1515.924974531459,-402.5953474394302,-0.0,-0.0,-258.5162093554894,-0.0,-11.82061945771354,-1931.1084205612742,-2819.6689727857306,186.74555129825083,-5803.921832255998,-207.36917235187883,-0.0,-1726.4341785352865,-0.0,-743.2594870934072,-2622.969310795083,-502.7922070571785,-499.02885066695416,-41.196250728046884,-1983.9041152125972,-893.1729599217205,-431.34413901288053,-3101.5035660254034,-0.0,-0.0,-2510.9145794962233,-1096.5081508395429,-240.79083044464673,-1616.0934657079729,-0.0,-0.0,-1216.9818290869482,-1407.1898437365567,-425.41216512089386,-3528.9966465204293,3.8832212234681167,-28.256925238316427,-1803.1620902013974,-0.0,-630.0809530783251,-1073.5228625213904,-8.893394479481655,-0.0,-1267.923178149763,-86.48328214672043,-731.4648856324111,-2305.856342102286,-37.72033229199696,-2434.8984083276973,-386.1636108578845,-1607.6940317943934,-2729.171485627404,-686.8014903923503,765.6971132262765,-499.63380811959905,-0.0,-1408.0536821188691,-2436.746880241276,-4323.007909537294,-517.3828206226336,-2773.486495713163,-0.0,-1598.2721639482086,-0.0,-0.0,-598.4036315387433,-0.0,-0.0,-620.3962286636247,-74.95483458432503,-1501.2937039117544,-975.409216773099,-836.7590536918423,240.27206909292101,-506.6233418595424,-341.6061682433026,-194.55860550969564,-8.185221465730772,-644.7048000238522,-525.0550198897619,-772.5898499599352,-0.0,-4859.376350301321,125.20794078112928,-116.04128261417937,-4070.791052512388,-0.0,-1003.0029815789899,-63.9112719899466,-0.0,-319.57193164588625,-0.0,-0.0,-915.5051922686791,-0.0,-622.9522914262993,-1006.2838261331328,-0.0,-1330.295385468175,-255.91787541826807,-725.9550173612843,-1936.160437116636,-0.0,-1757.137896209246,-1072.4547630002269,-0.0,-0.0,-0.0,-0.0,689.0774304420636,-0.0,-1799.8335371682242,-1914.7818960364425,13.455330719254585,-0.0,-0.0,-732.3238304142069,-507.4540785849344,-771.1764888752678,-0.0,-426.5416717755833,-3171.3323538481236,-1141.7401859675338,-0.0,-1051.9341659750876,-2469.728671029695,-0.0,-0.0,-0.0,-0.0,-0.0,-0.0,-558.2283715196571,-707.3231087736716,-203.9584559816448,-207.20630678817872,-1218.8637927882398,-52.41749174436921,-0.0,-0.0,-687.0973663164367,-0.0,-656.501686088044,-30.66664349572578,-4.018860776458668,5.34063574837933,-0.0,-0.0,-1061.1794800299651,-498.04406586530075,-467.40153560865116,-0.0,-3022.7549226278875,-1924.7416759473417,-1233.3636852691682,-0.0,-0.0,-2038.055134128087,-1475.2105951481756,-711.9183255948286,-92.70129860622974,-1706.2076652427124,-1318.7953723356522,-0.0,-0.0,-1744.9857117213205,-0.0,-800.3842673069198,-1216.114803164274,-124.38731727061132,-445.34396508085297,-627.8772827522166,-560.9706174786443,-0.0,-1680.9194157948486,-0.0,-2824.708154237143,-3250.294768997284,-200.74544456251664,-421.4900320743582,-533.0441630295719,-0.0,-314.24456853454484,-266.3430791898387,-0.0,-914.2849819652855,-696.721560346893,-1082.2782221861628,-1924.8279248792244,-1058.4671149557164,-2202.9378064809794,-1929.5468250390195,-2086.6603822609454,-2167.011901829458,-1196.5323664828109,-2337.4563297813907,-546.734904031743,-542.2958334472584,-0.0,-1279.7142638176083,-1064.5918423128476,-1228.247116014951,-390.0365169100616,-391.6145591186453,-2015.8577379487226,-803.4656632310378,-387.28007820547856,726.6008703084772,-0.0,1081.255752096262,-1276.1609518478417,-0.0,-0.0,-0.0,-0.0,-0.0,-0.0,-1319.5978454873284,-2467.3469285409105,-502.8847106229901,-1039.535134400839,-0.0,-0.0,-1709.7453496299795,-1130.2421561736778,-2222.3242292075342,-0.0,-0.0,-143.21436744127848,-62.835835537208965,-446.0992663185694,-1644.180221932593,-508.45847552990324,-0.0,-486.41941814523915,-744.0485604421774,63.34709795191156,-1276.554098552864,-1544.6316660899759,-1360.4066801837414,-1819.6312906373907,-281.363895522951,-696.9946019687496,-44.15318818283391,-1868.6664259301767,-0.0,-917.8519031972954,-165.58121795264398,-77.0368279765122,-584.2232821962529,-0.0,-2011.5832234264903,-125.41297369196006,-631.7884588246336,-1824.8212394740829,-1349.7651935659103,-0.0,-630.8532478037628,-869.9854923866184,-25.078509510956064,-304.0653767868531,-491.31600993392493,-51.95871075897089,703.5469914256212,-1210.6204266607956,-0.0,-961.1751783056255,-1361.3132196276226,-0.0,-508.43448947324083,-0.0,-1362.4292446235854,-0.0,-0.0,-0.0,-1269.404359792977,-708.8623544843834,-443.5457091195625,-0.0,-1728.679897259758,-3140.9101464275464,-3279.466241119012,-0.0,-379.9203195498538,-0.0,-306.8617797371443,-123.53290183196026,241.54275578945595,-555.3794288489298,-0.0,-709.7228611423056,-979.0106100258249,-320.28206729228,-605.3177637257729,-0.0,-472.92332536780185,-878.4170424108696,-530.1223951784064,26.871125009134712,-2402.3600852672507,-0.0,-0.0,-1576.9227187270521,-230.75330675746213,-1285.058671162201,-95.80496023515825,-129.7549953362973,-247.06682686153087,-606.1488410079605,-958.2912712335531,-1390.2798207283959,-2394.7836067984495,-0.0,-0.0,-386.8520729453753,5138.7082669659985,4.458485240974372,-0.0,-0.0,-0.0,-0.0,-2608.077796398623,-462.76030481376546,-0.0,-973.0326863699773,-1000.901616804119,-664.8283730487547,-2302.579541175949,-248.08560337398896,-1223.5624455748903,-0.0,-0.0,-2075.843832954777,-742.3911783187523,-1960.085217122181,-793.537749502969,-774.9359956263628,-1957.771419392001,-203.7970379899436,-1883.647782446347,-1227.6645638619839,-30.363778110308445,-951.309470550009,-1217.7793687859835,-222.85098080397435,-261.460371442643,-1849.936678219099,-0.0,-551.7710044694519,-253.639993795739,-31.4179034167281,-829.6384998435482,-194.88181143665133,-854.7160457716818,-904.3556814336667,-1256.5269173681963,-224.27759841038858,-2561.3272684612584,-64.82541571256932,-525.4624555054999,-0.0,-920.3489605630317,-658.5669025968843,-1061.8447155295041,-1202.4650268293044,15.044741889446,-386.3844963934005,-2918.6038981760207,-816.76921759357,-378.7717730163622,-1193.8420047585232,172.76488044863632,-0.0,-0.0,-0.0,-0.0,-0.0,-0.0,-12.810375307538607,-164.5852771313216,-2577.204525744272,-4628.019313582398,-583.6135162720609,-1136.5032944096602,-145.9300047675687,-595.5662851336355,-1494.8972126193164,-1167.758814699341,-41.590705634603,-485.1745711905028,-564.7640130031047,-0.0,-105.54118538738615,-1235.2734411948322,-553.8977310829133,-0.0,-1063.7543115915237,-0.0,774.263107299691,-0.0,-0.0,-0.0,-43.696394264197494,-0.0,-0.0,-1049.2546538201716,-431.6118594051918,-1280.857224123491,-0.0,-0.0,-0.0,-839.4134540927557,-534.4924488176275,-1384.5056323423826,34.964403857961805,272.8094191484113,-0.0,-0.0,-3140.306337306786,-1258.5155328620394,24.739615632276937,-52.14248969379235,13.014343024146871,-20967.23054632215,-21790.476368762185,-2596.4347206675106,-0.0,-0.0,-0.0,-0.0,-450.74154431627574,-0.0,-0.0,-596.5617967020956,-2501.919044438225,-2126.747587859316,-1542.6778048132976,-343.89138879447677,-1805.2925378871707,-29.596305718235012,-1303.519721069403,1050.1316802576862,-7.929893246129442,-1062.8458104375352,3.889584812625046,-0.0,-0.0,-0.0,-0.0,-170.58371848695248,-0.0,-0.0,-0.0,-954.1922281844178,-1509.9484136478875,-0.0,-0.0,-259.73315524172193,-2289.308070051131,-0.0,-1549.1115293760174,-1765.651963002275,-1962.809876177123,-0.0,-0.0,-114.00322664944251,-84.58092786321593,-1185.2828665490208,-1588.550397511072,-597.2498553922311,-1299.2600318456387,-1222.7942882686061,-0.0,-0.0,-0.0,-0.0,-445.19337699293436,-237.58093298288634,-0.0,-0.0,-105.90884576512252,219.9479060961929,-0.0,-1187.1399150142306,-1091.55643320666,-1039.533579065341,-0.0,-0.0,-741.1205232386557,-1330.1759178412624,-739.7275436695569,-448.2346867973264,-0.0,-2400.7035184835677,-2243.163633118827,-0.0,-0.0,-0.0,-0.0,-0.0,-1407.9360976688013,-0.0,-2026.8469263638663,-1406.6113379852238,-75.54521752057985,-0.0,-0.0,-0.0,-2719.6052030817864,-1525.683575423804,-652.5770964023255,-503.2456124914115,-1105.2636693367722,-781.065941081168,-0.0,-0.0,-717.027935841872,-1516.804030642845,-76.92749592072931,-479.4645601884795,-0.0,-846.109740547699,-678.5190398298997,-1590.4706372314813,-0.0,-321.32835899936055,-129.08321506797424,-333.7346795506368,-1612.9852169043386,-331.457568122504,-0.0,-0.0,-0.0,-0.0,123.309607419723,-175.05627177572265,-859.173126969392,-1357.1821800854416,-1219.3310686866082,-510.42148889095176,-607.96526673684,-5802.858396580451,-999.8725993247159,-659.6910580931119,-0.0,-0.0,-0.0,-276.54569175071265,-370.7613551284706,-1332.8073716069205,-341.6400779004874,-0.0,32.45525402003356,-0.0,-0.0,-0.0,-0.0,-0.0,-0.0,-0.0,-99.49398854112927,1487.010782691566,-0.0,-1614.37759571988,-694.1209882839024,-451.3639252072936,-1637.3428294230123,-0.0,-0.0,-611.5317933810406,-734.6720545434607,-140.21828992203444,-126.63724019821933,-141.06946980014934,-567.877120226342,-151.32483093526662,-2142.60751615786,-401.93504414742523,-437.7258900475909,-0.0,-0.0,-1485.3184748132765,-2925.4058971562354,29.448609389402424,-548.7846067314099,-350.03324163741854,-918.9639783076267,-1162.8039678106127,-834.7474982176108,-307.08411465502564,-157.7655906071185,-1508.6254654291552,-0.0,-0.0,-0.0,-0.0,-0.0,7501.739901334519,-89.13869360486831,-571.4588123969077,-636.3813807335322,-1104.4804383759772,-1383.758253302311,-1328.2813547191831,-1770.463541495887,-2283.289666034803,-483.6669428423553,-0.0,-0.0,-1624.5230968106293,-0.0,-0.0,-281.2062791364132,-1847.3216452589832,-1416.4561382568709,-510.1550719871464,-67.96584205618376,-1929.0949206776395,-0.0,-1464.6125655084256,-0.0,-0.0,-0.0,-0.0,-0.0,-0.0,-581.696482393859,-1320.1005261858047,-1066.5772454579644,-102.06556462372191,-263.89120612442787,-617.1478970385724,56.45356780183286,-0.0,-0.0,-588.1458964508264,-623.1041354745948,-3972.292246192824,-0.0,-1546.7078395371118,264.0009072861476,133.32105133717104,-0.0,121.31327816994475,-187.57347322814482,-165.99012574171235,-504.0426015853252,-0.0,-1974.1108252965673,-0.0,-0.0,-1187.7484905145068,-0.0,2492.5359935956094,2375.9403452549063,2355.830595774388,-0.0,-0.0,-1898.061059102186,-0.0,-0.0,-377.4060760464551,-997.0614772587328,-831.6285202514044,-1081.0694046371848,-1280.963841982884,-0.0,-0.0,-0.0,-0.0,-639.1813485029282,7.86872848956223,-61.06590272758592,-1290.5267202680272,-1069.4615877047916,-426.74166258957325,-1533.6052383356848,-0.0,-2188.953092590572,-1326.3361596284185,-1517.21100461477,-425.45858958904125,-399.01204202367427,-0.0,-1259.93526732296,-814.5324549228425,-1016.246917301591,-1988.8757114694133,-579.8847862197442,1055.0310710712931,493.26043848990764,-370.4428727841663,-1176.7932468160927,-0.0,-1755.9029017571766,-3245.438648448246,-503.9301732328939,-483.89800892173633,-0.0,-0.0,-0.0,205.28514262695603,-374.05293561469955,-478.9905772216083,-157.87324447936027,-546.3538782854208,-554.1463557770113,-0.0,-428.42801069845655,-939.4616729669793,-725.9990108768895,-0.0,-2198.309052227942,-5045.662449651084,-0.0,-0.0,713.3166861018832,615.0694485584444,-0.0,-0.0,-708.5832411128903,-878.8972482182161,-346.8466320777982,-712.6197029663364,-0.0,-0.0,-0.0,-0.0,-0.0,-2697.2982786951243,-413.6263349336128,-1841.1901219527529,-1063.3625953692972,-0.0,-394.486486622574,-480.10155063300294,-0.0,-240.99511890257648,-853.1793930233978,-1192.0235120933867,-4562.157834369231,-80.58490569616455,-0.0,-0.0,359.7448547420338,935.794035224012,-0.0,-0.0,-398.2984960517422,-0.0,-0.0,-0.0,-2625.5778563150307,-0.0,-569.6376236662728,-0.0,-0.0,1857.676346042641,2131.8201387405934,1892.761900815631,-0.0,-0.0,-426.67253394619684,857.944217607681,-2340.264301299813,26.315468799846123,84.1340050993201,-2684.303276538719,-107.13825037058392,-187.45382253987225,-609.4435554452966,909.7360573606124,3853.8148007585883,-3196.8363132481745,-0.0,-0.0,-1053.6843857955646,-1757.5724360616935,-1255.5519568205011,-278.7430529493334,-46.4007349108645,-0.0,-0.0,-0.0,-0.0,-2081.979398656932,322.68366425444583,-0.0,-4.113175237372293,-0.0,-1566.4826526309073,-2004.1250175517564,192.01664579785168,-0.0,-0.0,-386.6422938776439,-0.0,-1915.3964915665679,-91.63930704834955,-1036.916213340522,-426.5024638933815,-1260.9333733793414,-785.2374999287061,-1206.500268735994,-640.4611746507013,-0.0,-0.0,-0.0,-126.63359666942658,-0.0,-0.0,-270.4197675950864,-455.9012144327015,-753.1428218848004,-0.0,-1737.7020063390726,-1093.4980503791276,-931.6143635210276,-8.45755751774862,-7.471484176162145,320.46703140971647,38.28986688490544,-0.0,-0.0,-12.700369404585857,-1745.8508853947924,-705.355122600935,-873.0487719553511,109.65377490134453,-2221.8395072857197,-2017.311653033908,-1033.1070406932063,-999.0567645699289,-41.44689038880756,-574.4111632532405,-751.4981438770642,-1345.0048583871492,-2138.1202827521274,-0.0,-1891.5195994415444,-156.03365083366947,-0.0,-2578.279907381501,-2851.8986508382163,-2268.0916827610345,1798.2051463076605,-0.0,-1593.9201312083246,-223.6953638456628,-1315.5991254389726,-696.7795617720407,-137.37898165231795,-2143.009864141532,99.34738257742998,1618.495059096509,-0.0,-196.0029935415482,-417.89369428932804,-1143.9473832030092,-1084.2692377537549,-1766.3493902148266,-4197.389570507341,-0.0,-618.4005181578652,-1470.389525131949,-764.4605416173392,-236.1205133301719,-28.408808682213245,-285.4825515447413,-0.0,-0.0,-0.0,-0.0,-350.9043222402489,-1373.048180030799,-925.6940059664099,-66.71605886815802,-514.8232192175146,173.37849138583368,-0.0,-0.0,-1038.3753133902496,-534.8797796902147,-0.0,-2130.855857561997,-98.06574324971041,-1297.0952456122384,-0.0,-208.7356769572735,-190.40398594024612,-0.0,-0.0,-476.25681962304145,-0.0,-0.0,-4477.532052256727,-216.584322401713,-2215.032722989791,-0.0,-0.0,-105.85371622358058,-1435.2189943560718,-715.3621093027592,-421.9893287096427,-1397.097582484509,-0.0,-773.5805167321338,-0.0,-529.6350300825511,-0.0,-0.0,-220.96413126987215,-96.65557343543041,11.819764859780516,-350.00976358088104,-1495.4940676845533,-2020.9830127582138,-0.0,-0.0,-0.0,-23.627920595907142,-434.12833955290836,-0.0,-1695.215599948232,-2558.6683292871876,-0.0,-0.0,-69.89123414551294,-1413.1695263315871,123.99355983162049,-0.0,-0.0,-0.0,-0.0,-548.9436320059414,-2507.7775823343536,-237.90316877500138,-1239.3101374818104,-0.0,-0.0,-758.1438773211967,-537.4568565442037,-347.22909284695277,39.26978628460644,-0.0,-0.0,-0.0,-904.3861550638759,-674.6256757338236,-541.7918236901922,-332.5881667330032,-0.0,-0.0,-0.0,-0.0,-2243.980818263124,-85.85733941383371,-23.279454231040393,-0.0,-0.0,-700.4005509771957,-439.81261793718477,-0.0,-2005.2100175982155,-4577.679405807329,119.01006409162343,-1281.4713325210853,-0.0,-0.0,72.55509676887397,-448.4037069310305,-1739.6650295084942,-538.5095420432826,-2706.118017364944,-1423.3985569910487,-802.8419654405105,-1659.5953742581758,-0.0,-0.0,-0.0,-39.212851121120146,-1183.7002525943012,-0.0,-0.0,-3039.7101892764067,-89.66530876407009,-1557.3717949690083,-804.6620656762144,-0.0,-0.0,-0.0,-0.0,-0.0,-0.0,-728.9372141891149,-0.0,-1785.5957461578867,-0.0,59.364285496797095,-1386.3510409668402,-0.0,-0.0,-0.0,-2474.467632709284,-0.0,-0.0,-557.145375612656,-0.0,-0.0,-1149.0255134355864,-607.087451744735,-0.0,-0.0,-171.83153517867623,-2182.292988277766,-0.0,-1052.9318091098908,-824.7242926114407,834.9898818081426,-189.19548615541376,-0.0,-587.9190520434704,-2.5858660257259802,-0.0,-23.59738830210253,-0.0,-378.02047986220225,-0.0,-0.0,-0.0,-0.0,724.9479168598602,689.0023744793466,-953.9708492546174,-1746.2235604306447,-0.0,81.58841577439,-4.3069609765915216,-75.27954462242454,-912.5002360697341,133.10599674868675,-516.6989044810774,-399.20772794244624,-175.2015015998952,-3701.247885820694,-0.0,-250.98994442913778,-1835.6795238409738,-2502.5194430502293,-0.0,-1256.7184471113499,-1542.0755951602505,-2176.4604895597317,-767.9009295664956,-0.0,-887.9117837560487,-740.7611018463456,-806.1663214555801,-1385.517851762202,-1068.9782522562919,-0.0,-128.77484696930588,-1139.9542225297905,-0.0,1119.931880612203,-458.68814118824935,751.586235261113,-0.0,-0.0,-106.24607378366979,-36.93664718689675,-2345.2187322498467,-1044.9924090501565,-0.0,-887.3746771913809,-3018.3250929763653,-908.9760646013625,-935.3139717139513,-1283.6094759497687,-419.10681607941086,11.079641435325447,-41.077114111013834,-0.0,-0.0,-962.395487324796,-86.17672848691511,-0.0,-0.0,-2045.340496997581,-784.6796248278663,-676.420292042639,-1886.5102159741182,-96.94348077262809,-20.342064934676706,-2552.681909180102,-870.2652052080275,-591.5801710863676,-1024.542813210336,-0.0,-2327.173366868627,-439.66292484604026,-1259.0708686896971,-1446.4366412219294,-337.97838311146967,-550.238599966021,-1746.3953804990108,-437.0964546195861,-0.0,-0.0,-0.0,-1362.2327881864132,-0.0,-3240.2956662372853,-1317.594619393896,-1537.4312442902985,-0.0,-0.0,-0.0,-0.0,-0.0,-130.02613608497384,-0.0,-260.0930316787833,-961.198161700445,-399.01655963452356,-0.0,-0.0,11.304583630701122,-0.0,-0.0,41.702979368143495,-263.2472042979918,-0.0,-523.2414521274221,-0.0,-0.0,-89.65685277877459,-11.79903688967254,-2853.8329436684007,-2264.4935616961134,44.183192566256174,-7442.551920710487,-895.2932510642812,-654.197583586369,-0.0,-899.9880190464022,-1580.3913772503595,-0.0,-0.0,-0.0,28.905825413041658,-0.0,-1422.3001285518287,-0.0,-1443.1944547586254,-0.0,-0.0,-2246.0415327141745,-396.38470624264147,-741.0641884267841,-0.0,-0.0,-0.0,-0.0,-279.12908380452654,-749.0489580403971,1437.471488542929,976.8423579367155,-794.872980483067,-8.812649887411713,-0.0,-337.1876861516787,-335.44215035496893,-1802.7186877232484,-481.70895462591176,-124.46712664156028,-1110.8913407708694,-1552.4462543595698,-969.217034212062,-714.2319839941134,-0.0,-0.0,-0.0,-82.29014585353869,-0.0,-1760.3969738870085,-612.983430413513,-0.0,-1893.4063882443418,-1237.6387961403893,-0.0,-0.0,-0.0,-0.0,-0.0,-1139.3088481728296,-0.0,-289.26226968895173,-1898.2524095160725,-0.0,-1112.0658843322049,-0.0,-0.0,-0.0,-2445.6075167368035,-1344.738289932843,-1072.280365062377,-2701.225776142744,-0.0,-0.0,-0.0,-81.64651266765873,-514.6318562116827,3.9126351765734135,-449.3312317446385,-306.3945425847888,-0.0,-0.0,-332.74711335313856,-1432.8563142294274,-3978.997944966293,-0.0,-418.1603337678777,-1362.9440481107529,-416.2146121104969,-494.7274555468988,-0.0,-0.0,-0.0,-1906.060631459681,-1968.8669380326082,-43.49441526254215,-1753.0305582195567,-526.1046558638546,-357.3507863557739,-8.842996987410858,-1185.550213925258,-0.0,-2068.2299993553333,-0.0,-517.2203713130713,-0.0,82.59084785239942,-0.0,-0.0,-552.4085472387482,-830.0760373131981,-7.880270296056743,-0.0,1300.3376321598532,-0.0,-0.0,-1849.8734261420539,-1398.887207196129,-1153.4887332687251,-0.0,-372.17509132949755,-639.8080933166057,-1494.845764902894,-0.0,-0.0,112.62303350777904,-716.7031278714155,-0.0,-0.0,3.8482828836485012,685.9423219579371,12.042597039186541,-1501.6869287412937,-0.0,-0.0,-1808.996139720723,-1719.4585990651808,-83.9252320247814,-0.0,-170.69078363425112,-754.8333137417611,-1143.6267687183413,-1663.4434775030186,-0.0,-920.8158716384038,-6.538325423128527,-0.0,-1681.2267207491564,-0.0,-0.0,-0.0,-0.0,-607.6009678750522,3.739602266824695,-16.610957779023607,-0.0,-0.0,-589.4398756683468,-0.0,-0.0,773.7322207830958,-1058.5702556404844,-53.520755303252145,-2018.3573257623652,-0.0,-0.0,-662.6135578722914,-0.0,-281.001519245422,-1174.07852415974,-1030.446605619183,-1150.0759782180417,-0.0,-0.0,1483.3268388030704,-0.0,1032.9475655506694,935.2370517193593,-41.97005573449304,-865.0973458391202,-0.0,-0.0,-105.55915992042951,221.73801137377993,-824.1347860632718,-381.03624791980275,-1075.17757802661,-2733.7978705905616,-1967.8798468397972,-0.0,-0.0,-274.0189547754642,-5272.666338799173,-623.1568064286823,-562.6016343091266,-0.0,-0.0,-612.0168225670075,-0.0,-1059.7567422175548,-1314.2553708322278,-783.0540556804079,-0.0,-0.0,-57.7076898435027,-0.0,-171.25586117034328,-1442.7052909895988,34.307582990607145,-661.4946418857414,-452.1904930761825,-252.39785469857523,-660.623625884189,-2334.1507401538793,-16.997501137779004,-1211.491192631751,46.67036396936714,-1009.8076880326068,-315.0577216600768,-0.0,-0.0,-233.81546419305914,-0.0,-0.0,-1667.0968424098344,-659.057235162504,-0.0,-864.1580856544304,-516.4832506356296,-0.0,-0.0,-1445.5924112545847,-823.0815539928227,-1548.068530337892,-1377.4136433171475,-0.0,-108.0842443531568,-3130.7099573437813,-1075.2486182942012,-281.0702967801517,1618.6641812875423,-1852.6096299879443,-1259.5768639444907,4.2525616546126725,-891.5483666481678,8.938863984767144,-1834.042917351855,-0.0,-3765.0589498921327,-823.9691965438874,-0.0,-1590.3910590757591,-1484.1843157152057,-0.0,-193.1872334589619,-914.5746876384641,-1202.4798100752514,-1422.480807309405,-768.8701799458248,-529.7181596590814,-533.7743789915615,-0.0,-149.82829106069218,-0.0,-2482.674777561538,15.07198935133275,-3544.9346598843886,-825.0574783875583,-41.60692888783009,-36.83894083614621,-1401.713669187319,-835.3120390595974,-0.0,-427.89484511218996,-0.0,-0.0,-787.2301358805385,-0.0,-0.0,-0.0,-0.0,-0.0,-0.0,-0.0,-762.6125129327762,-488.94505350177985,-2757.1376432209945,-2427.455100517666,-0.0,-0.0,-1164.2352568098224,-2007.5402020672186,-507.09773557290936,-185.74254248133434,25.698562490361656,-0.0,-1384.298522552238,-0.0,-2422.410945964724,-0.0,-0.0,-0.0,-0.0,-1927.887447009583,-228.87302578065012,-456.46363105390594,-1096.9230642395273,-1355.3818112360566,-1100.3963276523004,-747.3527208435019,-1204.3634800600214,-0.0,-0.0,-0.0,-0.0,-590.5411689119621,-431.0611883217582,-1385.4260699151869,-0.0,-708.7785319067117,-6371.798180441887,-613.3065163027148,-802.4133631253555,-2899.9727355115488,-819.5548280288016,-0.0,-532.1480553589662,-566.8757816672503,-1145.1668954446409,-600.9264251783184,-1492.1747225972338,-1713.2479982956638,-0.0,-0.0,-0.0,-0.0,-1613.8394119282154,8287.090522251105,6776.353806607937,-0.0,-0.0,-0.0,-0.0,-2057.5825931354216,-1161.8773941299517,-86.72860733924904,-1420.9734498818407,-816.8622132284004,-0.0,-0.0,-0.0,-0.0,-733.4908147305275,-0.0,-1882.1215440877193,-238.92593748431983,-0.0,-0.0,-0.0,-0.0,-131.66402494191342,-528.7826770807495,-401.37244442342507,-871.9601662180876,-1165.3179436840705,-1127.6693449681331,-1103.4674244655923,-299.7691761381958,-1505.5581939308238,-1453.0948489748912,-1161.8039908200572,-1538.283263576383,-38.91821290545942,-1208.7585185187331,-1022.2893999956009,-934.083277568804,-1564.9306346374458,-345.8820809787795,-2237.818155829081,-1510.8870561951173,-1895.2591256656272,-597.2414968285984,-552.0218990543694,-1065.0166867386058,-0.0,-1069.9262083558015,-0.0,-3363.7293751099533,-787.6518459052016,-275.9227829341037,-1883.913450134933,-1516.3044353236457,-1141.7854401758264,-0.0,-0.0,-0.0,-0.0,-820.3465267020663,-3607.112951455347,-1694.8496231384795,-0.0,-0.0,-1139.6953207757363,-0.0,-0.0,-1211.357992292004,-521.1348426385356,-1092.549220767176,-566.3665619419229,529.6255493341577,-1092.1826178464232,-577.6050841513527,-1541.2870350026392,-0.0,1390.9033840035888,-0.0,-0.0,-1154.7898097052866,-5537.364327325362,-0.0,1665.9625753357793,352.58751900931173,-879.5764322290102,-232.09684967344518,-0.0,-1771.1986446274254,-999.4978302231484,-2183.14609171516,-2085.4352349837022,-368.1327562860309,-0.0,-460.5055110126573,-163.0372649975842,-0.0,-990.9262550015975,-0.0,-1778.326240808057,-2222.405866715736,63.4154990785751,-2389.5422824617012,-1995.1118069788904,-0.0,-549.6674775492371,-1361.1873984330655,-1929.2074380333754,-0.0,-385.5204858393705,-2392.4746812089566,-890.9798447753768,-819.2958452274837,-918.5681216836722,-433.17366483280335,-872.4905443572901,-1553.8718686477403,-0.0,-967.4238504455799,123.34569921661179,-1421.5998687853246,-0.0,-577.4026913156057,104.44942200818197,-914.5458911858507,-613.9227509953186,-0.0,-591.2919029963809,-447.3156145065414,-1672.34818621655,-1244.330497231762,-1602.8117130319233,-862.57107172264,-784.0517956099363,-921.408621181767,-2158.0817164381947,-22.78865656924161,-0.0,-537.9164105777785,-616.9482473027499,-1368.3001077016722,-2051.2433666499046,-314.75381277730503,-728.6881520798713,64.21211738323495,-858.0619204304382,-1246.275122863813,-794.064404903467,-0.0,-1013.1074938900013,-55.97175868860583,-2473.003410471636,-0.0,-419.212891211078,-789.0704773251034,-558.623189215352,-2308.1502940255086,-169.73198585737046,-1533.9998096497263,-700.715560956562,-2570.8055020995334,-0.0,336.68588572064124,-0.0,-0.0,-320.35042579534,-0.0,-0.0,-3633.45447579509,-26.88692060326317,-37.205381682130394,103.52387697145491,-1329.6491545796875,-0.0,-0.0,-0.0,-0.0,-0.0,-28.055806294178176,-0.0,-352.97730796622744,-0.0,-292.9535269313881,-1937.1792999238119,559.066413126259,-2953.7497341514295,-0.0,-0.0,-0.0,-0.0,-0.0,-0.0,-0.0,-0.0,-0.0,-2581.5516030444805,-0.0,-2697.647547436387,-3140.205303748698,-38.45380987998391,-0.0,-0.0,-0.0,-0.0,-905.8049549939277,-1097.289194941235,-0.0,159.59947800687982,-557.6901070357753,-2157.977883725714,-653.0777886861657,-0.0,-532.831798259669,-1158.1566662149676,-0.0,-0.0,-622.4616583376267,-919.7444195690852,722.9441981332672,-488.1735450147245,27.295719170682403,29.581679504514863,-0.0,-0.0,-0.0,1558.6994095891018,1394.6868692935072,1634.9494173414794,-0.0,-0.0,-0.0,-792.7984930464236,-0.0,-0.0,-955.5298598488607,-77.1397593819262,-468.58285594246587,-56.518241383191736,-1034.264923591568,-800.6435331688085,-1445.1119730463847,-143.84887221279715,-279.4250567956136,-1238.3695544714337,-0.0,-2159.494727941115,-16.133564979197494,-954.439118268966,-924.4554676055584,-16.472115883428398,-0.0,-1306.264974818663,59.88532256594977,-0.0,-0.0,-0.0,-0.0,-0.0,-1382.2045357048294,-3092.9197616462434,-0.0,-647.2346032774575,-61.31982443354332,-0.0,-0.0,-0.0,-415.78131604754094,-30.05241201421744,-0.0,-1307.5811825551123,-792.5676895833897,-0.0,-0.0,-536.979138712335,-0.0,-0.0,-1638.2447385450205,-1382.6871260868859,-0.0,-820.6311674981271,-2102.2271516823807,-92.43320667714603,-0.0,-0.0,-293.3285027977446,-780.9186498641473,-233.54838616090984,-197.61296573202333,-163.88364096566067,-0.0,-0.0,-0.0,-1352.1935152649385,-992.545580933591,-1952.785647736326,-273.30596055192694,-1334.6225931498675,-124.39203557049505,-164.42312590774813,-482.170957337932,-1982.5905625598025,-0.0,-0.0,-1736.2929049057132,-1894.1845772321603,-0.0,-0.0,-0.0,-543.0268733864635,-2317.385571466231,-3416.1155054634205,-0.0,53.11902344831543,-177.30036869033947,-689.9059808146801,-677.3115937844204,-2047.0803142226123,-0.0,-1483.9289506802183,47.34653877863221,8.095226214594517,-307.36186449140433,-0.0,85.02740592105265,-282.9911287247709,-426.0223287769392,7.790139455332557,-0.0,-0.0,-662.179915677116,-13.057311841257318,-0.0,-1340.295840199628,-974.761729712934,-1233.0187004939498,-799.8775660480879,-1153.1332222480569,-1744.8431469397915,-0.0,-0.0,-0.0,-0.0,-0.0,-350.37868044786507,-657.4627676201867,-1265.2491142131694,-1536.0801212557546,672.4000844916047,-1462.7583577403364,1669.300617584072,-0.0,-2082.6562831222495,-1673.7634721586517,-834.359310239517,-30.731639503716703,-122.20730778709071,-2216.996183936275,-227.43941722730193,-0.0,150.7345985314587,-900.4627730844529,-0.0,-0.0,-604.2586694243325,-414.3333365085085,-392.3115930745382,-1241.6084928386679,-1679.9625448417394,-0.0,-1502.5705140301177,-1135.0703076107839,-4139.770699960639,681.5024255036072,558.0976731487233,677.3037782468676,701.1987979085593,-0.0,-0.0,-0.0,-0.0,-0.0,-0.0,-0.0,-0.0,-596.3293686032334,-0.0,-53.0172012352547,-38.77313948610579,-0.0,-1306.9923266273277,-1414.3983293775852,-2005.5494104759878,-0.0,-0.0,-0.0,74.12565586006443,-3016.019092237323,-664.2847885012818,-2867.938444777276,-1554.0791693813921,-0.0,-0.0,-150.0704290485311,-1390.059517093817,-0.0,-1948.3559649793815,-717.3245170990741,-0.0,-0.0,-0.0,-2433.4309089096023,-0.0,-0.0,-0.0,-0.0,-0.0,433.5513363275194,-0.0,-0.0,-0.0,-981.0901004990724,-0.0,-0.0,-0.0,-0.0,-0.0,-0.0,-0.0,-509.90233308446705,-1032.185681183685,-1508.8556276769812,-1661.8190845232778,-586.682395379048,-1234.1751330041689,-36.95255338555929,-0.0,-639.7776353552782,-51.160248153129174,-0.0,-0.0,-0.0,-0.0,-807.8157802469007,-0.0,-500.776044638947,-1281.0427071036038,805.7540737771371,725.8435004323208,739.3639680543081,674.1293006756622,702.6400244438396,-0.0,-0.0,-0.0,-0.0,-0.0,-0.0,-359.36717060954953,-0.0,2092.53896834243,967.1414103336754,1162.9226397985985,-0.0,-0.0,-1249.1063980731922,79.48903245450526,-63.89521089667001,-2385.2406030201482,-0.0,-1891.610661539546,-0.0,-0.0,-0.0,-0.0,-659.0963980371932,-0.0,-538.7909101583525,-563.3858083402685,-386.70591426286984,-0.0,-16.692804459080286,-0.0,-838.2838975664117,-0.0,-2275.332846835674,-615.427346179262,1736.7815492136813,-2133.068184055646,-964.7282412028758,-69.65733213161565,-839.9543089023146,-0.0,-533.8124930018026,-79.97829081480283,-2430.563637534904,636.4740428754571,90.49488323491347,596.4262547957205,1262.6199397474736,-0.0,-313.39077361985574,-25.22920829638248,-1063.5569526406905,-1230.4130992117678,-1445.2796548053032,-1862.3625272503875,-0.0,738.6476792960214,-0.0,-385.77905206256156,-2309.7094941205955,-1337.905546386346,-0.0,-1286.3002671513152,-395.4278096985034,-597.935890053356,-730.0635115603023,-339.68572685394656,-1378.818136582625,-0.0,-2174.5605854135156,-398.8622675783737,-1518.7079432116402,-317.0574877396116,-0.0,-0.0,-0.0,-0.0,-1298.6312558445902,1183.8212523734846,-1103.6728953119766,-613.2154287732719,-0.0,29.631253032528008,-0.0,-0.0,-779.1514973890331,-718.9390448456738,-760.2880766256956,-646.6079123399795,-0.0,-0.0,337.92195110624374,236.09928236395692,592.6771747261469,-0.0,-584.3388133996011,-1907.2766339962532,-1266.426290421907,-4.335915326044512,-1645.6100591511058,-0.0,-0.0,-0.0,-575.8592280655191,-867.4946642089093,-0.0,-1348.3690169356075,-0.0,-2649.5292972680754,-3675.0920715879383,-0.0,-19.422763353609003,-0.0,-755.2811644215461,-0.0,-0.0,-0.0,-2160.600736420636,-1117.7945778056246,-608.3147631616002,-875.3475030704984,-0.0,-0.0,-2127.6523072711975,-0.0,-546.5186887034363,1168.6129235415256,-904.0649857048883,-760.9921274505857,-556.2777679117958,127.26640594140046,-0.0,-0.0,-1344.0279830877473,-0.0,-725.6318157936543,-68.52456258810797,-363.2409663910594,-342.1589309723036,-0.0,-0.0,-227.85621589447933,-639.6037786380963,-1052.6338337115978,-626.3304259169798,-1064.2268758122943,13.003275907577065,-0.0,-130.35947767867296,-2083.7682392673505,-1261.1479201867514,-0.0,-0.0,-0.0,-569.7340511659971,-604.7233008112394,-1562.8643627342174,-0.0,-0.0,-0.0,-0.0,-0.0,-1490.4602908504855,-710.6672831772856,-0.0,-581.4014071418187,-0.0,-17668.619602275514,-815.5180101057243,-118.68779080060621,-606.4067631136221,-0.0,78.50430154258002,-1278.8109127250762,-2577.266624819199,-0.0,-0.0,-0.0,-777.730378413489,-513.4538037106505,-1102.29865289361,-1006.6065675015499,-568.1658617597031,-0.0,-0.0,-1730.0586794302928,-576.3990295932168,-2291.7032133361636,490.9204219852652,-2372.7875551479165,-0.0,-0.0,1647.772980574093,-1557.68629999666,-0.0,-237.22268432710322,-352.5188080627085,-632.5795093805494,28.359980063981755,-891.6372883779842,-0.0,-0.0,-1369.490928057348,-1276.9970120553164,-2452.4975789003292,-0.0,-0.0,-2427.795210583739,-710.0662795458366,-721.6163137247493,-2456.5739475113364,-1445.838313254997,-0.0,-0.0,-1052.9204743952528,-0.0,-88.86309021809959,-1550.8473254692976,-1782.1368751305574,-0.0,228.92855304707666,-769.775410531315,541.8226682625889,-262.5236687588792,-245.75361458399442,-0.0,-451.0013720876552,220.56987135896154,320.3904926233607,-456.40298031837597,-2497.4894729148828,-1995.973024319118,-86.09191156381786,-4446.588869725179,-581.1255695634878,-1129.559345822435,-49.15963963689514,-3765.338933468815,-334.6717865077431,-641.3090627911296,-304.79068016700046,-1606.2898010252823,-998.4658732743334,-3422.815208879183,-5363.5391800450425,-84.16221340587018,-678.0693977707048,-1704.0569960560867,-1176.772117932392,-0.0,-3386.3045775558558,-0.0,-272.28538810774273,-1525.2869561274754,-1373.8404182908769,-0.0,-0.0,-938.2395945559466,-236.02798347092138,-0.0,-1374.051194199855,-0.0,-667.6680064163652,502.5443900163413,-2242.8713611009625,-472.63054610396097,26.190250442315488,-13.230922800160661,-0.0,-1870.212342721066,-566.3670149889444,-0.0,-129.88849850073473,-0.0,79.18486733317089,-179.08239795285468,-0.0,-374.6023545130927,-1385.4603465799805,-443.42536775911475,-782.6413460965872,-2184.3445548165555,-0.0,-4009.0048624864503,-1734.7898938742544,-2437.701421874823,-2213.7423803305414,-72.51356564999463,-223.9136921104863,-633.1354027344468,-1462.6127240005014,-0.0,-0.0,-1238.5003889948177,-191.70104567470068,-0.0,-77.14868616869386,88.64174000396837,-2223.3896856130846,-0.0,-0.0,-1296.4211354367797,-0.0,-74.65594911068408,-0.0,-44.351790890321,-145.1310670489657,-0.0,-374.52375350918396,5708.143979745573,-0.0,-0.0,-2616.2916538819104,-775.8675494508324,-271.55407111255647,-0.0,-0.0,-0.0,-643.9223779376273,-2120.70227818625,-0.0,-0.0,-0.0,-2257.4016553248252,-0.0,-0.0,-0.0,-1569.7759881079737,-726.5083756141833,-298.13116623417756,-461.62277119408725,23.1230371189141,-678.1875365144451,-377.0051015938855,-206.26874791678557,-2380.022045571626,-0.0,-0.0,-1245.0942229341847,-759.7956428746833,-2438.637884805709,-0.0,-0.0,-2665.8119836355377,-667.2864490415564,-1536.1717735627094,-412.6533337400326,-617.8913765822174,-2314.8489775905387,-816.7127933388932,-85.32920493513807,-815.9587380141769,-1989.2274443193505,-1533.3775604864516,-1354.493470660922,-0.0,-607.6528679388601,-0.0,-1551.1651631646964,-419.3316651118929,-218.0445745969346,-619.6464851374827,-858.0417739176733,-12.148696876240736,-0.0,-1173.986512189601,-549.1311411373716,-43.64016406901078,1516.5229427155946,-74.20223538640948,-0.0,-632.9686378391294,-461.1232806872108,-0.0,-669.9757016409116,-1542.0477327035057,-0.0,-0.0,-0.0,-0.0,-406.30757923812206,-899.6571759884434,-315.4998718319028,-483.07964129827343,-339.6014970778716,-1608.4684150105636,-711.1780996574212,-1398.9182263656794,-2505.7600702061754,-1939.2666649107348,-0.0,972.9069207728932,982.8262517754144,552.9561506551269,755.1818521794387,434.2323646282103,-0.0,-0.0,-0.0,-0.0,-0.0,-0.0,-0.0,-0.0,-62.479260279078574,-858.7747032055211,-505.9560307591072,-272.21323182347277,-1177.8092395366969,-98.20147495846585,-355.8702663665575,-1134.7280574191773,-292.51224563890406,-1720.6192936042573,-747.803452015275,-81.5282308158069,-371.51358308599936,-23.57895464638362,-0.0,-556.4516652099908,-168.0036641060779,-202.5630047801696,-726.9271168732666,-343.9741896345863,-1485.170552139424,-291.74995991379285,-0.0,-0.0,-1868.0146834368081,-500.4724421494609,-324.26969772276567,-528.6124406720465,-891.5018268047465,-426.3910080214185,-397.91799361033424,-0.0,-630.1718315188665,-673.2700466237332,-828.5272268372016,303.3604495325277,-1306.8235374502553,-2191.1252881293326,-208.81569062986887,-653.7796995139784,-653.00804208204,-13.042566580849648,-0.0,578.8100578299195,-781.67470627994,-34.634656983274375,-1887.469604593035,-0.0,-0.0,-1205.6308793115809,-483.6345317797735,-0.0,-583.4227082187435,-667.492265887511,-777.0026601023536,-0.0,-689.3813000191939,-469.8991748686004,-2155.819549666083,-4139.607572711206,-378.9789142050922,-0.0,-79.72367627708262,-416.3152922061434,-1472.3657739077394,-220.68693736958048,-559.9385782108416,-700.649021588527,-732.8254289602547,-370.7416853864084,-0.0,-0.0,-1607.1645500711295,-106.38759319521371,-422.5356825653136,-767.9060984735031,-1165.9736307959988,-2375.609364832921,-0.0,-565.7904485707865,-0.0,-0.0,-0.0,-0.0,-0.0,-27.986651855649587,-178.95518115373986,-348.4199737415733,-0.0,-0.0,-0.0,-0.0,-0.0,-0.0,-1155.2690138150115,-2213.558163975468,-400.40797332124436,-483.64874663681803,-44.8769198210082,-0.0,-0.0,-422.08104987770486,-0.0,-0.0,-110.07386917831796,-2629.399939642662,-0.0,-0.0,-1445.5724460391407,-554.3671285015715,-857.9484478883293,-962.0145696633668,-700.8683072754432,-0.0,-0.0,-1142.4366423511233,-1775.6028706853472,-959.4515845229421,-0.0,-1110.702969909596,-0.0,-353.255729636692,-705.9757898222017,-0.0,-654.1843841722596,-1744.7154409855898,-0.0,-1663.3686769281408,-174.1069947636652,-580.519201918965,-1345.6699221678537,-223.4905925773562,-1192.7359478985054,-0.0,-993.1503485711894,-26.758224552895676,-2308.5812044991426,-1832.4210405660406,-0.0,-0.0,-0.0,-0.0,-724.4693642620024,-795.744994409913,-0.0,26.490026842003576,-357.1271924759585,-743.2321368091501,-2007.741235066685,-2227.759239502016,-370.44452051933126,-0.0,-1375.1764226913174,-829.6338017828764,-1681.5281212076,139.5543398959376,-0.0,-3291.133297124156,-679.6469141217567,-0.0,-435.309434395349,-1427.4523447542242,-0.0,-0.0,-538.8395583676014,-1412.8853281203083,-0.0,-1061.2781719898705,-1268.548135571982,-37.494750501466704,-81.67034255095888,-498.0473134897645,-0.0,-1455.3473939274895,-2565.304865401801,-1140.5590499192663,-175.9636890394598,-1866.6903083426187,135.5813618191249,-843.3264597647301,-614.8397400541343,124.02761330749965,-846.4057988162505,-1436.2835469445145,-820.7988760047856,-1277.0448746746106,-402.35831878545804,-590.9083738254943,-749.0930907011017,-1524.1117735098985,-0.0,-0.0,-1783.836691316188,-319.64731780236247,-0.0,-1473.7116908574835,-1215.2918533066445,-0.0,-2432.8245349872054,-528.8451718455444,-0.0,-816.3470688630133,-0.0,-0.0,-1239.962378511327,-999.9947742133776,-0.0,-0.0,-0.0,-728.3282120901875,-4.424693522425325,19.904045886006482,-249.43036668436912,-0.0,-2081.633188806833,-1459.8622979733404,-549.7079636573519,-2031.6076231905147,-0.0,-57.884105617131155,-924.1784189466786,-0.0,-420.8833588555945,76.61639323841392,-1588.352396908051,-1015.1029708401218,-671.3002142466837,-1254.6943671014099,-0.0,-0.0,-0.0,-783.6871852297431,-0.0,-383.30266020744403,-959.283095476963,-208.16322083363107,-1194.0029600937696,-2142.0697338397545,-547.5500660413868,-2056.447468850416,-0.0,-1108.504183063711,-721.5163503248508,-500.81534503096265,-1250.0837679722413,-310.50089510118426,-509.33214551099786,-1476.8480080669449,-0.0,-0.0,239.7442460408878,-2702.372491607881,-966.074972000059,-263.30973962245173,-0.0,-363.4432565459372,-529.1774336349995,-634.7015708260092,-0.0,-0.0,-760.2435038438872,-0.0,-20.880037782781738,118.607798736526,-118.43414800638884,-1973.1433387710001,504.6897107901012,514.1994718044691,493.83607210754025,634.9921237055112,47.26855174019648,-0.0,-621.9589457005883,-739.3274326237968,-350.7626757596292,-9.693630070321895,-0.0,-0.0,-0.0,-190.89172781600442,-13.249264783516507,-902.6985442828113,469.7939911373249,2355.8064130813177,-0.0,-0.0,-0.0,67.81486539500168,78.00423515561187,-0.0,-3038.847017445782,-0.0,-0.0,-0.0,-0.0,-0.0,-2415.506685241073,-278.26808136281693,-0.0,-398.1403624442561,-2107.692239201814,-159.56599572377445,-316.9440189630801,26.003540176581854,-1705.2021710307263,-4262.940226741379,-1938.6405865277736,-0.0,-0.0,-1654.0045090684193,-1031.2097399263937,-724.6277763356183,-410.5110476845061,-344.26015320423505,-990.6263121434653,-1002.5410301305393,-4908.4641374002,-665.654052721249,177.65533477859867,-811.6814711885756,-1076.9498773968824,-613.5176575925603,-624.6641640771809,-7.496230634365562,-1598.127600171084,-815.6086987379875,-580.3091401606627,-0.0,-0.0,-0.0,-0.0,-227.86996411065024,-1201.4161018225882,-0.0,-1230.2564638785523,-1353.2095646577045,-0.0,-0.0,-1439.7272526118145,-0.0,-0.0,-212.8455240539822,55.94080207096744,-0.0,-0.0,-3075.2321796228885,-1211.0815307592231,-95.70896533548984,-928.8463036024989,-1402.0000519622838,-0.0,-335.6618946516195,-498.50725874886945,-0.0,-1369.7839598880942,-334.54944108509585,-1152.7188097401283,169.45947584857493,-880.582994026365,-200.44833665107495,-235.22734228937955,-53.09838090329875,-44.59401308214009,-605.0099066700726,-812.2698419669632,-503.9982895090289,-703.3955098699714,-0.0,-61.67091758511996,-725.7505500834133,-165.96973367185586,3.881860631390956,-0.0,-997.6082138185371,26.866373067767956,-1298.8558795584865,-0.0,-0.0,-0.0,-1848.5011780390032,-0.0,-0.0,-79.24967415055328,-0.0,-0.0,-0.0,-0.0,-0.0,-0.0,-612.2522077677944,-1605.0281028302713,-0.0,-0.0,-0.0,-0.0,-847.4081348932147,-473.44674694916625,-0.0,-0.0,-1848.4868523909493,-0.0,-1363.7906657186993,-2676.331156680941,-0.0,-0.0,-0.0,-500.21221526335347,-0.0,-0.0,-0.0,-982.0116411525074,-753.040481023493,-665.1419420651044,-0.0,-0.0,-224.2299242571632,-0.0,-3971.4994542144645,-5382.554209279012,-0.0,15.375276586507724,-0.0,-601.3287476059716,-672.0449025713235,-1999.7910028745948,-0.0,-0.0,-96.35793552033923,-689.0307456376869,-1362.5618600847897,-669.0782803486088,-338.41281476396676,-0.0,-0.0,-1209.3724262078676,-975.882188114231,-45.379460480960496,-0.0,-0.0,-730.5891427803721,-380.812900715057,-84.48090068736198,-0.0,-0.0,-0.0,-2169.252189738691,-339.8593775813346,-1343.2317741867103,-4339.647644372248,-0.0,-983.5863312035583,-1151.3491181732627,-2390.312143332319,-339.34875908363483,-0.0,-0.0,245.0524621104557,-1182.7695418792423,-1841.6818611275721,-500.9736328579796,-149.86761937842087,-24.768399455169448,-1794.3392695143984,-416.18464798974713,-1762.520041224357,-667.779926499034,-2718.8887815788526,3.8588330903848003,-989.7141592081954,-881.773569477471,-1854.6719559858686,-0.0,-0.0,-744.8309578562404,-1677.6509666045322,-1805.8524809745363,-870.0165626431091,-0.0,550.9987900073216,-68.5542308776044,-447.7716343102799,-0.0,-18.86271386344217,-0.0,-2460.9469150024624,-52.01179138155047,-0.0,-0.0,-746.1632273141743,-1103.1592425261688,-806.5217146543989,-347.87318140946144,-586.3357358766442,12.592635111811965,198.47323233835704,-827.1225424529082,-26.203594015545665,-1511.0984474855238,-0.0,-1545.2942027540496,-127.54171244172386,-757.507491912613,-399.198276114875,-24.236879132356602,-42.78082713349653,-20.148718359487816,-1247.2830763635725,-973.3629823025419,-1408.8177046315604,-255.3716152387932,-1382.7893576917652,3.873775494033474,-0.0,-764.2930310874633,-2671.399458501548,-0.0,-0.0,-29.86791641967272,-2091.134563792015,-189.5292517550143,-575.3787224371321,-371.0510277054604,174.5834026806524,-0.0,-0.0,-1264.8000738429996,-0.0,-0.0,-2167.3542366262604,-1578.902540705172,-849.4836114795789,-758.8424030310073,-641.9287961066966,-906.8298393918097,-781.4288957758868,-1299.5226087086323,-2596.1711967176525,-0.0,-0.0,-0.0,-0.0,-303.6462073906159,-0.0,-2062.8645814259257,-632.1616477217422,-848.5921099136269,-982.9447490975673,-457.3431559535222,-0.0,-1409.4564336817325,-655.1820028153569,-0.0,-2580.6502266527023,-1447.8512822958214,-0.0,-0.0,-2419.860305258475,-1712.6619788714672,-443.2315215747378,-806.881452722657,-0.0,-533.3546088066297,-315.9600346255787,-0.0,-639.8179882648448,-548.4769646894127,-513.2739100029376,-0.0,-0.0,-0.0,-0.0,-389.73074624321436,-1233.6063019465594,-7057.467129227018,-0.0,-0.0,-732.1618045457061,-707.1805723068284,-1929.5360187467625,-659.4900584903921,7.641745444495368,-458.03329229307474,-0.0,-644.8160570999073,-573.5377493634119,-0.0,-505.92816215266396,-1141.774248387843,-0.0,-0.0,-0.0,-0.0,-0.0,38.5907108096096,-2129.635029369942,-0.0,-1348.2235266927607,-896.4700141131204,-4.034846257378611,-1698.8280328787243,-973.5011483256181,-973.5949828065941,-1423.2405635212801,-78.47105923502913,-120.38834050295941,-1265.7931705677001,-706.222691115406,-683.5937240782953,-0.0,-1474.0947626002958,-1367.3945263380588,233.60958634399552,-0.0,-619.3082359118766,-719.132762073723,-989.5644842211374,-66.02658355285644,-0.0,-291.902922558951,-0.0,-0.0,-2476.505421526853,-2129.505345709326,-1925.984472527762,-1719.3476112038938,-0.0,-1252.265852983492,-2065.1250980881646,-0.0,-5342.5512220321425,-0.0,-0.0,-0.0,-0.0,-1055.3898535581739,-2468.4408752875047,-2324.6293351152594,-91.63272892564342,-1982.0142535796617,-0.0,-985.2510399428254,-31.566773960782356,-0.0,-68.69146984385566,-558.1991478036457,587.2969150779952,-0.0,-463.6107925733626,-38.4531523519083,-0.0,-1448.5905083676298,-0.0,-2121.8906293893656,-144.65155111542526,-0.0,-0.0,-1069.382157231501,-1591.0141591828494,-1047.3069537072759,-1244.284467384696,-1295.9139279711462,1575.2322225575463,-58.13761286712126,-806.7212084258382,-36.20846561500598,-2487.452398320631,-819.0618255084343,-871.1374808422055,-467.5847838517554,-1640.6545648483389,-1734.1828025854245,-437.6985715854286,-2489.668320751821,-334.5257961536211,-0.0,-0.0,-50.92932987815001,-0.0,-0.0,-0.0,-0.0,-0.0,-0.0,-1696.2964989380325,-621.7547300496569,-1188.822886186461,-911.0580081583005,-0.0,-584.2179945131677,-1246.720868609175,-1116.2978561634216,-2225.726957671445,-1331.2316115473504,-88.45963555407344,-199.08242601251607,-979.2288767149383,-1483.1637947913364,-0.0,-0.0,-0.0,-72.67392061411935,-827.398681066548,-157.48418665242593,-496.5638957887626,-1018.8816173940503,-0.0,-0.0,-0.0,-4127.574466297932,-0.0,-127.12047699698508,-0.0,-221.90425895281734,-1150.2934121900698,-1238.6844399635288,-865.7460885053246,-0.0,-43.55042058800327,-577.541612421794,-749.3007051196261,-569.8635279463422,-0.0,-1072.5552135320613,-0.0,-0.0,-2767.038950165942,-0.0,-1401.8986585663856,-649.721966114656,-421.88833709439035,-281.20858895143465,-1432.024049043949,-2812.3637332492603,44.404788850972196,-2313.5570745034865,-1720.727804286395,-444.7772383585213,7.572125234454606,-0.0,1497.5617424144295,1118.242647002749,1166.8351514626977,-0.0,-0.0,-0.0,-890.7938503414614,-0.0,-293.5412865667089,-184.16729368916654,-0.0,-3693.2433647999596,-0.0,-1451.148253893345,-83.87149137115763,-1098.5593584975022,-602.5930079698951,-1505.9366011227257,-1251.0091192737111,-0.0,407.47508494525306,-2667.0138852363607,-1708.0695683284646,-472.8172542189237,-1245.8575219240083,-1732.2088973716295,-0.0,-0.0,-282.99545533331207,-771.3195100578379,-2301.573666773211,-832.8664967914317,-37.75594692854782,-0.0,-0.0,-712.5965637675795,-0.0,-0.0,-0.0,-212.86461360156287,-1439.9213075003013,1672.617997120018,-1362.05105208585,537.127700302324,-742.9565254528043,-1031.719640967296,-11.081606976421854,-5003.819994397111,-389.0827957625511,-0.0,-76.38818692262069,-2424.6114496853575,-1776.0081828483624,-0.0,-27.79496333244574,-0.0,-660.8351466288136,-25.941516535842478,-1920.7380206472099,-1584.2116054299333,-0.0,-323.6691985275083,-0.0,-0.0,-0.0,-769.2815015547698,-1052.9746370056514,-433.90305660233366,-1164.9069075881553,-1804.4480735532559,-986.0138045600008,-442.31684737741244,-496.60657120817854,-112.96707343059144,-1688.7066450992106,-634.0155779987912,-1034.061378645877,-1254.6585107280423,-1487.9972799257512,-1422.850575500485,-390.33745732456805,-1529.3879575827657,-0.0,-0.0,-0.0,-2194.5871608418624,-0.0,-512.8612927232698,-1236.73548935707,-11.304161334880991,-801.030136949584,-625.414330095536,-972.2140360347761,-743.2962977862155,-205.93553338199777,-1917.0727420048906,-5383.9013929525445,-280.75881305346184,-31.92534628525365,-0.0,-116.35741980141422,-6986.382223101722,-1878.7933348114127,-700.0088418492868,-2457.8066542119386,-216.9995660370386,-0.0,-24.59782619377859,-690.5682595074964,-127.34931329873265,-1147.6270374154221,-1094.3943199987484,-206.5765263865689,-0.0,-713.8618499434444,-1932.821995735285,-1990.3384611779745,-1942.1821818213093,-0.0,-1559.2288335925934,-0.0,-53.626212257755846,-890.9177301645088,540.1126290470349,-0.0,-0.0,-322.73017874217174,-1022.8935003242138,-755.5752618532573,-1292.313888065836,149.511465596294,-1460.9197321824133,-132.21384929930474,-337.51301181155134,-2135.7491486607073,-1952.51893484817,-388.62228486113946,-0.0,-0.0,-0.0,-0.0,-0.0,-2079.9223052620123,-0.0,-640.4567481997423,-818.8262619494678,-2640.17756905981,-0.0,3.47886362859747,488.21758777286516,2087.8398060829645,-637.118729262528,-1329.4646199830022,-0.0,-1353.0886346000018,-3690.0417189838154,-870.5660454224915,-5609.608397020809,-1212.4298147708166,-0.0,-779.1184753030975,-2386.309437052725,-204.6159050060207,-0.0,1238.4331045149129,1381.6662461300805,1194.0447346243825,-0.0,-0.0,-0.0,-0.0,-88.34670087448345,-2369.027062154202,-83.73550978330144,-0.0,-2039.4222348601966,-1171.322818294494,-474.99481276672157,4.250593534356457,-0.0,-213.5976077193541,-815.8961612894227,-0.0,-0.0,-49.16179283963266,221.95020013657958,-2272.6540112878615,-0.0,-861.5029724235586,8.974434539584951,-75.12411758727586,-0.0,286.0589065649578,-96.95617128116479,-474.3457810862096,-1894.7218157289483,-0.0,-59.34852491869021,-1240.8935348322104,-1034.9593330782352,-44.21209001508084,39.84077620959901,-0.0,-1253.3850200591478,-799.1009364415186,-8.662434519395326,-0.0,-0.0,78.97623606765914,-242.62922044900532,-166.84057670893546,-84.40577949356117,-12.463948264015213,-182.42675294008228,-765.8366775282312,-990.6523260528145,-513.319870446507,-0.0,-2222.377439175931,-1004.5996620507539,-0.0,-0.0,-1075.0874205660798,-2152.503051950398,-619.5448486790733,-7.593044301087442,-2740.7614831871015,-126.70267273071217,-84.06690707451122,-1106.7673804425106,-0.0,-367.3106701778125,-1480.5596878526173,-3.775782758548182,-0.0,-3393.254272794066,-158.82009003143006,-1559.0063724197569,-941.277192831788,-1256.635938520838,-2438.169652060264,-82.24962276894452,-860.9485990095222,-1944.6618570702158,-1229.1917377552934,-1237.3350326493876,-238.6253887668613,-1880.2278917947533,-0.0,-2709.5207827605304,-0.0,-6578.001743273959,-235.65186237099255,-84.46721132918978,-1487.3116796850572,-0.0,-0.0,-0.0,354.8976956524399,47.23159968067888,-901.0156609375019,-1304.5441138227638,-444.4088814390608,-1065.5987816820052,-0.0,-0.0,-1520.3548980069274,-313.7298054803304,-530.8231086903622,-173.68168013316907,-0.0,-1638.144265025082,-353.04347018436033,-1974.5642648849032,-0.0,-37.080169579768445,-0.0,-1891.140953298652,-793.7919614465401,-1690.3754401980002,-0.0,-0.0,-1498.7334441405662,-520.4031190842493,-799.8400722145492,-1565.7108962709817,-464.87319754894594,-1442.7123490284137,-0.0,275.0746266827141,-1262.2614988611942,-4300.401222695297,333.53180714311657,-1266.8744652381383,-7761.013239070745,-626.0950277188316,-677.7133752559324,-228.8827319326134,-184.0434160637451,-952.0491644818749,194.07087340888674,-203.12850608314199,408.89310536828543,-1130.8159019217335,-580.4777783300501,-0.0,-1207.16850609963,-1884.5483037139957,-911.9700948574426,-397.2482783199897,-0.0,-0.0,-33.839712902831096,-1049.3520774711922,74.01354590948436,-2183.62347926817,-0.0,-0.0,-453.6255124728417,-617.4093074170179,-985.7579144677059,176.85999076748115,-2659.724835368251,-1460.2027907314707,-1287.2320261366367,-233.80068053187875,-0.0,-391.27241363359883,-0.0,-596.7462449944237,-23.784229416615037,-1372.5204269149128,-510.701995977461,-1059.8436442020181,-351.83122759590907,-323.99162872215305,-0.0,-1145.2144154572932,-696.3309152491018,-1259.255001508193,-0.0,-3322.669025787742,-1372.274783556793,-1266.1543986735383,-820.8159767624796,-1124.3965863338503,3.8248183174765185,-2228.9407139331415,-780.3191207188617,-1230.2268406958979,-1942.460871740761,-310.8616769849783,263.5031597743899,-1086.0579091513225,-0.0,-0.0,-19.9837759945443,-60.884779424780916,-19.013348696796836,-268.6443580292177,-0.0,-0.0,-0.0,-0.0,-0.0,-0.0,-0.0,-0.0,-0.0,-0.0,-1448.7602163933773,-2415.6197289906004,-2159.556904598688,-0.0,-0.0,1757.2864003085197,-468.06496686161165,-0.0,-505.35962440434906,-466.6982174404301,-1020.2902183145449,-985.7902032076008,-1164.7383925882875,-0.0,-653.74370544521,-421.2936134034364,163.80070272997148,-0.0,860.6798783121565,-0.0,258.6268717664926,-0.0,-328.147608451507,-0.0,-384.49291931502916,-1198.2355106602863,-2001.5501623337263,236.5115290000725,-0.0,-0.0,-0.0,-0.0,-0.0,-361.391316868428,-84.97677306609404,-0.0,-0.0,-0.0,-559.4063210371712,-0.0,-44.14945458869032,-645.8400205201289,-3290.9299161853382,-0.0,-1345.1322538847749,-0.0,-613.0973420162509,-0.0,-0.0,44.34773875355918,-0.0,-166.11849656647448,-0.0,-0.0,-0.0,-966.1241007358293,-1859.4538616588502,-0.0,201.85514829285876,-2376.329473576704,-0.0,-73.81957676980352,-273.11546266414535,-0.0,-0.0,-1501.9692628315502,-0.0,-929.2018171883034,-1328.357480991044,43.89426307025389,-2788.6059027219703,-1735.4368955374691,292.77583399869724,-699.6882738808795,-0.0,-1048.8237900013326,-0.0,-0.0,-0.0,-3514.1869531380903,-863.5172795984229,-1558.9128043794065,-0.0,-390.1781481942298,-4.000542877095315,-1316.9010711388187,-2020.9555269536543,76.54636890388404,-3064.3265736995763,-0.0,-1940.2560840927263,-2593.0382171785964,-0.0,-0.0,-0.0,-0.0,-2379.5948840590445,-162.4745938280488,-1478.4239881528601,-0.0,676.8555700593944,1305.5205852600338,-0.0,-0.0,-918.612081998003,-889.2829195549194,-336.1128650621915,-19.032311463571705,66.03091729944565,-0.0,-1259.4338747952918,-0.0,-288.8286211102506,-1028.8776236542108,1367.8914709498526,-0.0,-0.0,-0.0,1011.7381755890445,1025.4420237247052,-761.5832745911732,-0.0,-1364.1346235602844,-0.0,-1125.5787719565799,-714.141416413994,-0.0,-0.0,-0.0,-0.0,-0.0,-58.04382246177149,-0.0,-0.0,-0.0,-1176.9685206643123,-285.77464615667816,-0.0,-0.0,-0.0,-147.4030307151576,-72.65732367965855,-651.5291671027418,-716.1770802146383,-2462.1565087318154,-1116.9256078765952,-993.2149182242307,-0.0,-2741.5533547039813,-42.9039572288213,-0.0,-970.9475437944246,-2428.0249220882347,-730.4722001810323,-512.1007811857336,-1295.439160673281,-271.05401673740334,-674.3321671894543,-786.0038771982039,-1088.8050962244286,-263.47273579854055,-1695.5616001094636,16.431019203164794,-386.29527369276406,-0.0,-0.0,-807.1800773422466,-3684.7226424059113,-0.0,-953.9858193887987,-521.3114035680177,-0.0,-364.8564764334107,-563.059383582446,-781.1090484683999,-250.03182989808343,-0.0,-0.0,-0.0,-0.0,-0.0,-43.438990763673914,-0.0,-689.6736423281906,-0.0,-0.0,-662.5118191198077,-1057.2579922301054,-2599.22692257015,-443.37258171495245,-631.947185242337,-102.14062522094913,-2058.5304299744053,-0.0,-820.1400660451475,-536.3780599967164,-455.90671014170493,-1335.6832069681493,-1008.6977920522088,-1581.6843190097386,15.368576452830737,-414.8834572782048,-0.0,-1105.6641728835934,-1088.7279719019157,-139.75830862349804,3.7519009943158337,-2553.223935482162,-1144.5504389858897,-670.3358991937578,-0.0,-712.4970518537825,-744.7785221143123,-542.2768092415894,-2188.5599331142557,-3.721706954897851,-0.0,30.548390234511672,-0.0,-0.0,-223.11253708067886,-3867.087786147741,-186.34147130394226,-1593.5905753440811,-3451.2408951409534,-0.0,-4679.281406669378,-263.7068062181165,-2040.8495996203183,349.4378036893556,-0.0,1620.6768419955386,-871.4152495235157,-0.0,-2050.673180205434,-0.0,-71.95100372887218,-43.734276873875004,-0.0,-0.0,-0.0,41.65182416304538,-0.0,-0.0,-0.0,-611.4577767679773,-1364.6706152455408,-794.1509381675407,-0.0,-3354.30185753858,-0.0,-0.0,-0.0,-252.12534947533297,-367.29163816602914,-0.0,-2251.5553810391275,-0.0,-0.0,-3412.228580554215,-0.0,-26.085545050773337,7.856068585509769,-465.1901237277366,-21.32410298950562,-0.0,-0.0,-243.93567785630154,-0.0,-0.0,-1343.0704760328258,-1257.6691594278434,-1372.3054483754422,-0.0,-310.25148541246597,161.20442484161322,-373.34102198372665,-15252.032253411573,-0.0,-644.9347498776485,-1337.96140550795,-665.4664329249525,-0.0,-34.50907482722859,-15.806818606841514,-257.00680214759853,-1064.418099573563,-0.0,-0.0,-0.0,-516.262426656434,-2394.0897512554875,-1450.4860430664683,-0.0,-0.0,-0.0,-291.2275154153818,82.65250235023224,-8.431226347961077,-1240.864533172134,-0.0,-0.0,-1013.9097524931562,-0.0,-0.0,-0.0,-2596.844873739033,-1062.3243911149777,-0.0,-1210.132558097683,-604.5649039571031,-233.63900879366614,-661.8600642717968,-1143.507920486543,88.74554939074748,-1252.2730421488122,-1169.4922061323653,24.639056031000763,-1896.9931524411707,-0.0,-0.0,-0.0,-0.0,-451.1461582383575,-0.0,-0.0,-619.6537050213768,-934.706251230269,-692.8734182997881,-0.0,1597.5624227886085,1274.2042390903835,1386.1302244102644,-0.0,-0.0,-0.0,-917.1443282051462,-40.70378435430878,-829.528267367291,-77.68656315553189,-624.2280643649036,-1774.7267123098989,-1236.1978815799773,-2133.0946458143776,-0.0,-0.0,-0.0,-0.0,-466.42106585464444,-782.3708285296111,-1637.4056279400272,-439.8450313145815,-1506.3884316435767,-1730.7938891004237,-2152.1009093809635,-0.0,471.87212685537537,-441.1388905498218,-389.8926965167923,-128.29837317320764,-4633.880297376193,-69.60328663161019,-0.0,-885.1891903692755,-1525.6175395181517,-0.0,-61.00582230063625,138.36388392510221,-84.7379095703405,-497.70541553278684,-2092.7852251684817,-157.214884934588,-1835.3488096999401,-0.0,-1896.686014549873,-1937.3210658080593,-1315.1618555610794,-0.0,-1619.516245620376,-356.5259998050614,-680.226249298259,-1122.223596990569,119.75824400949361,-1792.3328676701324,-1376.5992107802156,-0.0,-116.29678414880931,-0.0,-0.0,-0.0,-1070.3104257497478,-632.8052307808225,-0.0,-0.0,-0.0,-3421.9689734752496,-1830.9460866207928,-0.0,-0.0,-4.016072602602166,-1552.0677073854224,-877.6260495678578,-0.0,-769.2970176914804,-1312.2942726088868,-527.8397443337922,-24.62811765912851,-1024.6264236953612,-7.366424630448011,-1486.9193604956943,-1686.984960325237,-0.0,-0.0,-40.14643271262126,-0.0,-0.0,-1293.1810905092998,-84.79493764971556,-499.77852688263204,-0.0,-0.0,-0.0,-877.6186924202036,-314.21702955175215,-111.88757373578056,-465.3720504202904,-244.5029660139888,-2065.7576792984546,-341.0029631112119,-541.7368234004384,-1113.8823755371345,-0.0,-387.9085068065842,-0.0,-2015.4494875321818,-1562.1877138597495,-1611.4688724928153,-412.7189111792524,-250.58282360186107,72.31309141564404,-1003.4050099199451,25.35362108432873,-0.0,-471.38404223829076,-0.0,-0.0,-473.41417082003085,-126.6085455139182,-2845.7360644475375,-2969.217158710351,-550.3898235624666,-0.0,-0.0,-942.809242222289,291.7232343037222,-0.0,-0.0,-0.0,-1091.7539863097998,-49.295462730692876,-519.016042803238,-3926.049992071587,-1453.6185343109978,-1161.5447908876795,-430.16109460320433,-186.53831603027686,-1244.2679767648988,-716.3728316478478,-546.9833862518568,-0.0,-688.5603453727902,-657.4892045760549,-1949.0814381670796,-0.0,4.395681747296963,-13.13792516463672,-0.0,-0.0,-1768.8187427331156,-0.0,-3971.725095855602,-1253.1491503263596,2385.4949343454955,2960.310131598729,-0.0,-0.0,-768.470565736652,-1063.6124391787519,-593.5395746523931,-346.4048635965135,-3188.1963253456124,-654.6800636812952,-0.0,-0.0,-0.0,-1199.7386626984733,-733.6618427008876,-189.65699324376178,-2385.239176669541,-1201.6900870038926,-27.78962812047154,-425.0156378303485,-1144.2027283824602,-291.2158516764483,-527.5409227888963,-0.0,-65.92642732175776,52.195905844497574,-997.2008537869308,-158.88033381353395,-0.0,71.07844942637549,124.39361486926869,-187.11421657298416,-1290.8488232339678,-2103.4951752166726,-60.50500202065202,-908.1383172801743,-1491.3482413939491,-0.0,-0.0,-711.8454012168447,-0.0,-0.0,-0.0,-0.0,-698.5702842455742,-23.156858209044383,-1432.280788114822,-1333.6021964052327,-2492.005394949763,-1291.6747707141897,-0.0,-641.2157288837869,-0.0,-1495.0176311104908,-1773.717542260853,-1328.6811266878258,-997.6237961360954,-0.0,-2148.6652319550717,-0.0,-0.0,-0.0,-3388.206471561667,-1234.0101474994917,-291.718192985926,-951.4015474143786,-868.6412709026448,-894.8014351735569,-0.0,-0.0,-0.0,-43.33314744482321,-5076.00297373786,-712.7901736431633,-2068.943396269309,-3775.963211217696,-2236.4316683665825,-444.02840625982924,-0.0,-1763.9930687306978,-770.0783863559554,-0.0,-352.00901112750506,-384.65901991840997,-39.644240075232645,-1063.7983919430055,-261.59881265785765,1424.820644636523,-443.5214278207484,-0.0,-0.0,-1018.8791439324993,-869.3105531499972,-2563.3753831124586,-281.5485444313301,-0.0,-0.0,-546.3874662920338,-0.0,-0.0,-0.0,-0.0,-1326.8382455476485,-681.076957330412,-1404.4322095106702,-474.4057333635666,-3.801383339697488,-725.431295132384,-0.0,-0.0,-0.0,-0.0,-2528.7066798745823,-0.0,-0.0,-0.0,-0.0,-0.0,-0.0,-767.9183376909344,-0.0,-2632.451235886698,-535.144527230726,-232.60624535366898,-1272.5560858044544,-0.0,-0.0,-1452.6627207487595,-1414.9266824899757,-3.777943123584512,-487.7127146829067,-57.57872364023704,-1922.5748505010943,-928.5997032629188,-0.0,-3942.7064893182687,-1310.906309026533,-0.0,-0.0,-14.91511693537293,-419.7028117209047,-1212.5650060089763,-0.0,-0.0,-24.300473940213188,-1503.6857582594932,-594.4616031417646,-335.8069441143344,-74.38994676099931,-1877.102405558569,-0.0,-0.0,-0.0,-0.0,-0.0,-567.0808321856774,-494.23295993849484,-588.699095413682,-4407.821504314545,-1672.0737129738745,-1276.9676245607418,-100.85081679844588,-1112.415937996064,-1118.3712843615895,7.544753352619664,-0.0,-0.0,-0.0,-598.7814720411371,-453.4143688191795,-1804.3366397073148,-601.2187251670383,-0.0,-1648.3877711913651,-0.0,-705.270064206624,-0.0,-0.0,-2027.1907286845028,-547.7451563682117,-573.6188851292021,-1480.8335851028976,-122.69970795729999,-12.242378366278349,-714.270999540095,-1468.5944084999837,-0.0,-463.7280329266551,-1250.6703350151138,-3984.730627695006,-0.0,-293.9753175074136,-2128.841747958683,-1372.5091642363607,-1303.852378180923,-509.1349755942917,-1200.7823665350086,-0.0,-348.816798601466,-0.0,-256.08445092083616,738.6606489112929,-0.0,-0.0,1009.3821985084725,-0.0,-2243.7384422066752,-740.7890726217021,-1107.6554504728088,-1191.1403684116508,-1532.030159206079,-371.511103427627,-147.3984838636569,-0.0,-0.0,-890.0347271188724,-1097.1290489836663,-794.0929812140068,-0.0,304.6684976145478,339.7773282764696,-234.6268403158549,-2788.6138733204148,-2134.8213371201628,-0.0,-0.0,-1441.1795435951803,-3936.097879844679,-2665.6739133611736,-523.5092025638914,-1074.9951810868556,-1129.2738877868635,-0.0,-217.97877977276647,-0.0,-628.7495024828315,-263.3899165254302,-1670.9922636547196,-2684.855929050497,-324.2885695156814,-536.2480244148283,-4635.706620344218,-1443.8440747357438,-574.3314887302174,-254.66826667742427,-1545.1135496483125,-745.6892447206305,-4.04639365194304,-1591.4109949584815,-1599.3990971122214,-0.0,-0.0,-717.7647913244257,-1309.6906692789803,-352.2828933193023,-3.8957154868446553,-0.0,-0.0,-0.0,-0.0,-0.0,-38.06798161768046,-771.0323632121971,637.3319436269829,-454.3078262633312,-884.9536753573179,-527.5392317152092,-974.244947662417,-1608.3446704508212,-1217.1746461642974,-1688.176465323819,-272.22025722014763,-607.1594402685045,-1578.1560594684026,-722.7397037357011,-0.0,2902.7067070979265,-272.55526047884484,-74.67916660408592,-0.0,-1023.5324566081475,-641.9071666424255,-1487.6000255558329,-1830.54322447098,-2439.561687668459,-0.0,-0.0,-0.0,-0.0,-1107.5418406195674,-1626.4520004764295,-0.0,-918.5142782413309,-8.076802567728832,-0.0,-0.0,-0.0,-2799.022301387346,-882.4654757925624,-179.2375411353392,-53.042244085933916,-0.0,-0.0,-1271.2027315225598,-1451.9203975826993,-802.9532856966903,523.2690464110739,31.76330981419885,-0.0,-22.25183981045736,-0.0,-1538.4617593949122,-532.2612505089304,-1390.7140246096508,-1673.4244352538424,-1738.9285041992903,-43.174737016857776,-0.0,-0.0,-2025.549666982558,-363.1326991500097,-0.0,-0.0,-218.5507562055167,-0.0,-43.361683955802434,-0.0,-1431.1797866802253,-815.6497360366155,-0.0,-74.95556849565614,668.4737585025057,-0.0,-202.29310887580417,-2522.834587176853,-0.0,-0.0,-752.5254302145703,14.954277175025304,-0.0,-0.0,-796.0257485356506,-1450.0548959306084,-0.0,-860.2525076010462,-0.0,-1139.8568679422744,1724.9156467092596,25.70097402631837,-1718.785872812244,-1873.219043589198,1114.2835013006272,-0.0,-2320.791376389676,-780.0204806465522,-972.3219846901088,-0.0,-636.7787236962982,-135.60959391844116,867.0942666058086,-426.74874703217836,-1527.6045905336744,-0.0,-0.0,-0.0,-908.6832336669776,-626.2527335736037,-782.9762272169634,-959.8506325170456,-1154.7501744512176,-28.344072208564498,-1131.8385501255007,-1071.987949904721,-1347.1551437262535,-0.0,-0.0,-503.7102206451657,757.727537573315,-6667.809932947753,-0.0,-1260.4777427230024,-1943.6636027654233,-918.9997516834942,-818.921685971358,-65.65193489886211,-2773.3202142342357,-382.7934296452534,-0.0,-1080.9212978084167,-863.5660369439396,-660.1603654712483,-0.0,-1508.9719208491763,-1982.4220511791657,-29.387641049868922,-1166.7060644552143,-2706.833726140101,460.4545944619829,-0.0,-432.89731776627934,-163.09229063217316,-1232.27037622812,-1025.9311454419042,109.68749674089497,-122.91202414617823,-864.3360726600561,-491.52111150832957,-556.3644132369595,-685.4622905747228,-555.0523199051489,-0.0,-1391.7858583482437,-0.0,-1175.2290237062584,-684.5308607153745,-158.20912514707268,-0.0,-1695.7071646625159,-4925.084157401967,-0.0,-445.2825281119934,-0.0,-2568.275654061661,-242.97528604272281,-0.0,-401.3412326025786,-437.7609582739259,-0.0,-2190.5336840694936,-1562.6781504286714,-0.0,-4304.363363617457,-121.68616016952006,-1308.2322097787812,-1440.5080733390762,-1774.5805732829563,-116.17780737950925,-0.0,-971.7655324394204,-2165.8917972845456,-587.2396982898371,-1018.701283736642,-1107.9004010089145,-1794.7475690704366,-2448.231683707855,-981.2461549482107,-1876.6165956707368,62.9901484896955,-0.0,-296.34476813728463,-1280.2261993870545,-1088.9684806432388,-0.0,-0.0,-0.0,-426.58562582015685,-501.7968395127218,7.625026784940765,-592.5640848245235,-0.0,-1203.6547425899046,-750.4411200976527,-607.0221044903705,-0.0,-0.0,-294.41539638142024,-1604.1098292965187,-1017.1222114498079,-314.96582625914266,-927.7227409199459,-34.23020711856512,-0.0,-0.0,-3164.5328669415767,-1142.2371655607008,-0.0,-0.0,-0.0,-89.59209679624335,-1076.2090993432898,-51.12004229134917,-1815.0153156721356,-1761.0348552820349,116.3481970378487,-0.0,-590.6663173750195,-0.0,684.3595531124687,-129.5824327279136,-0.0,-1635.9314695181954,-320.10440637634576,-1810.1874683037963,-0.0,-1544.6210277847558,-609.4509060501962,-201.23174092669407,-12.583475589975254,-36.60503449800433,-0.0,-0.0,-715.0303114849144,-1317.9701469626407,-0.0,-545.4515957529093,-0.0,-356.15892183379515,-534.856221340756,-0.0,126.79665966148843,743.8362094286321,706.7436370147935,861.6673779636042,759.6304107283086,803.1793603381077,-0.0,-0.0,-0.0,-0.0,-0.0,84.3942703369072,-0.0,-0.0,-562.2576104878921,-154.6493171180644,-494.3828208683493,-88.96324946535096,-0.0,-940.3442887626147,-1611.6740591951084,-1742.6697029727402,-241.9808283777701,-210.2271390765309,-0.0,-0.0,-648.5766564326623,-0.0,-0.0,-0.0,-0.0,-2982.8279001051546,-0.0,-43.51228800028617,910.3455600151144,-0.0,-1062.5810014491587,-559.864099730543,1578.7515150287527,-882.8098281356048,-0.0,-3188.7934677997946,-2073.5583085892813,-202.397107185314,-854.4868057809908,-1336.5006016811537,-560.2102547759969,1190.3837282703066,-77.60704232164885,-584.7853898324554,-0.0,-0.0,-516.5479704639235,-0.0,-787.1903660734343,-0.0,-459.99300189822856,-37.33078882179072,-0.0,-0.0,-1109.9128300114057,-0.0,-0.0,-522.4758850342672,-1272.6495780515697,-1854.3400599009015,-0.0,-0.0,-0.0,-1711.4904965445266,-0.0,-1134.6543178098214,22.457087537897316,-0.0,-0.0,-1176.3499834264283,-898.2965854938226,-1274.4853476185006,-376.88192159202305,-0.0,-1371.1132842704926,-277.14155873834983,-0.0,-0.0,3.9187547443508532,-37.739530774037526,-4583.486878148897,-0.0,-117.92915980229917,-31.17887607304063,426.32808174595857,-84.64903025681585,-983.8027059931405,-894.06233711432,-444.4400962502196,-0.0,-0.0,-1775.1251182509843,-0.0,-0.0,-0.0,-0.0,-0.0,-0.0,-0.0,-166.69394830109917,-0.0,-0.0,-1977.1901678670677,-7209.598702877388,-116.65419394164253,34.93945593472541,-444.9964112100587,-703.5544507766144,-112.12849993085445,-4363.479184018758,-267.24732922481786,-304.7658896223834,-0.0,-0.0,-0.0,-2008.3107607393213,-0.0,-38.579642362326986,-0.0,-0.0,-0.0,-482.1706187004385,-11.453328504650155,-273.9546079809112,-1472.6269033322137,-637.4780935598461,-73.3528863394853,-2559.1875327629064,-0.0,-85.32275934381538,-2171.171947410221,-0.0,-1104.6376123442703,-75.21501017452948,-1547.5015782980931,-0.0,-0.0,-1083.4840392593671,-599.7550884570103,-34.42231009071876,-858.532544734802,-825.3994021776823,-704.4434286948592,-167.79740068118662,-693.7447105724141,-725.3104031447548,-2246.7943472097663,-1017.3422683374682,-0.0,-1552.5052685716241,-363.32694304218035,-682.1603276212534,-0.0,-0.0,-1004.2604338030533,-2336.2874827244223,-834.8119990601206,-0.0,-0.0,-0.0,-3977.077927922203,-811.0888657331965,-195.26126343914012,-334.09978043341505,-42.39295136890612,-3676.9114388344033,-0.0,-0.0,-2265.1457837099288,-851.5251905108306,-0.0,-0.0,-0.0,-83.50091130847694,-0.0,-1881.898498262841,-1798.0751507314737,-0.0,-333.2017584887958,241.79574920665715,-0.0,-0.0,-0.0,-1005.0829791741717,23.70996030987048,-2416.3022222501245,-557.7139538657743,-1126.137394149822,-679.8470544858914,-3562.3401882956455,-1640.4551994986846,214.34062596140063,-0.0,-3110.8437813164387,-0.0,-0.0,-0.0,-1274.3541813068493,-752.2858325699704,-1547.6800394728966,-0.0,-0.0,-872.777667653798,-1504.1397417487858,-680.0342306425343,-492.37876491027737,-0.0,-0.0,-1290.3101677372083,-0.0,-0.0,-0.0,-0.0,-0.0,-0.0,-552.2352648468338,-75.24905349503693,-1326.3393376479391,-0.0,-685.1995264489757,-1206.9635092812327,-34.09173049789919,-0.0,-0.0,-0.0,-0.0,-0.0,-0.0,-0.0,-0.0,-0.0,-0.0,-1154.0363645322843,-1979.8650521201278,-0.0,326.029781376256,-0.0,-671.8845969744041,-99.11994052364177,-0.0,-756.6761792380819,-439.02841308621856,-86.92671598028089,-1980.9947278290967,-498.9450672948888,-2864.021540000175,-176.04974318416558,-2222.898234117646,-1816.8291307323236,-893.8989600540102,-4.366013838015353,-0.0,-1118.522914763389,-2184.4614896115586,-2465.311545114836,-76.89617481213523,-237.33765671464968,-1735.565535063884,-0.0,-2642.9928802872023,-394.3758172040413,-0.0,-1699.6818105736465,-0.0,-806.7536702421392,-0.0,-2487.171641391437,-0.0,-0.0,-89.33290434463673,-1049.2329590426057,-546.9345613462965,-0.0,-1397.6037104870252,77.71813573788127,368.3991301150899,348.44053446094887,-271.2471288818765,-1727.4114734067068,-608.1476971763173,-0.0,-0.0,-5348.764891761561,-1120.9992973031842,-0.0,479.6782453823603,-0.0,-1937.9701001663072,-515.0177359067951,-701.3404290755171,-0.0,-0.0,580.9943496703763,-0.0,-879.5311536575908,-1241.982766862316,-1873.7108199411186,-0.0,-607.9661601743749,-3118.2173164816827,-1003.4348209977331,-0.0,-1417.2908485091143,-133.25950590482103,-1177.9069536297875,-0.0,-950.7291082655009,-0.0,-0.0,-0.0,-889.7732500081936,-0.0,527.897840029393,-0.0,-385.9568047517409,-753.850873679661,-441.3295672225785,-1047.0929609697362,-630.499321685965,-1828.7830243421738,-1218.1480238188017,-0.0,566.5721690834072,-2362.488435427385,-1611.150074185932,-706.0074040579392,-0.0,-0.0,-0.0,-148.52052198955096,-1098.5979978216578,-302.16386261247516,-845.5591284966245,-2097.8649789289507,-2901.347873434429,142.5433285376793,809.8580347027798,698.8933895683564,-0.0,-0.0,118.45040045794552,-31.81022514097661,9460.06079342543,11101.729640639358,5757.022469728995,10716.07706293787,10442.429888529556,9593.2123811867,-0.0,-0.0,-0.0,-0.0,-0.0,-1449.1110443750265,-1386.2794257347646,-935.4904336187133,-0.0,-2399.3765809338215,-603.465777589799,-1049.3614384719044,-32.87622370973124,-719.4591084438455,-1377.653137240184,-1082.5031797877252,-1205.2147612271542,-0.0,-2976.4044910992875,-1847.8393779384096,-670.1968496549983,-122.19023396886678,-3308.377446420293,-0.0,-224.66709269090035,-0.0,-11.354846663435346,-0.0,-113.86357665768527,-288.1601302305844,-1093.773819509812,-840.865140357602,-0.0,-0.0,-0.0,-2382.4405459729874,-0.0,-0.0,-250.30413541729223,-1011.383537816,-1044.9206149957527,-86.53844800432131,-1288.2108119593388,-1771.6064304804665,-322.24484857626146,-0.0,-0.0,-114.47623713377958,-1230.2353853878096,-331.84037017172835,-0.0,-5683.400099716208,294.3653222006496,-0.0,-0.0,-0.0,-35.48484549067774,-441.941624808155,-0.0,-0.0,-1222.6990113658442,-2308.079379295371,-1293.7575759424353,-398.31312731605846,-452.22352859224543,-483.3043721705122,490.88599358994986,-1388.0852674194591,-0.0,-563.9380101609124,-2673.8409545061586,-496.183644114162,-8.753526623767538,-0.0,-5.403944726935127,-0.0,-0.0,-0.0,-1235.699724971243,-407.1191491418712,-1393.8374116238049,-0.0,-0.0,-0.0,-262.87298067669536,-525.2543601321613,-1464.727282248052,-2875.0748205521772,-385.4318286610128,-198.38898200241985,-0.0,854.1638800351938,-0.0,-1183.489592179771,-163.0151211825418,-0.0,-0.0,1004.9451063413467,-0.0,-1605.2805052403291,-0.0,-0.0,-0.0,-202.94928226586526,-2045.2036234389318,-1694.8498842279105,-26.512411513771013,-2349.9390709440477,-1574.4193307213445,-26.90345699338856,-26.479410865583237,-74.54940940818973,-0.0,-0.0,-2080.486980310549,-0.0,-5839.066471108919,-0.0,-1547.086746011092,-267.6756734712001,149.13464841449795,-0.0,-57.350760758118824,-1360.4220518080522,-1535.4618650440593,-542.2589816233915,-36.67963546623521,-264.8224315333672,-0.0,-0.0,-0.0,-0.0,-1239.0250617143997,-890.9167372941588,-0.0,-585.6403828710216,-1278.8874032956537,-187.45561630983804,-77.85577779465915,-0.0,-0.0,-0.0,966.306366176214,-4.087641489793026,-0.0,-528.1480785256298,-871.3854196325026,-1443.532112725863,-0.0,-0.0,-2438.770302196953,-0.0,-0.0,-0.0,-0.0,-674.0538314175698,1020.6539923468624,1083.8486277249665,1234.766167318247,-0.0,-0.0,-0.0,-602.9120051793601,-0.0,-0.0,-372.2096152371804,-676.6315136182219,-0.0,-189.14073420253894,-1395.444509220604,-1329.2372824592264,-0.0,-0.0,-0.0,-11.198381904343062,-1488.6805484460986,-3.7464965478064793,445.32743747305494,-0.0,-1743.8306705575346,-896.092627986766,-616.9683874486452,-1704.7026559068283,89.79391352069825,-269.4295623561578,-20.44685303819214,-451.1550734350616,-429.73992607742144,-1102.32009013116,-380.54863484042903,857.9305424936472,-1315.173684825169,-225.6150362164853,-168.9598861794883,-4036.981315999181,-2461.804401902057,671.2319111297453,-1001.2859166731507,-190.76707038573585,8.089031526586473,-754.2547527858003,-1060.8201088958672,1865.185830865992,-658.3552332024838,-694.1121676238172,-712.1797030852439,-0.0,-6964.819737088162,-0.0,-526.5660760861834,-938.0655683609068,-666.5668738712351,-935.6418921145361,-1259.6180734822597,-0.0,-982.017421162516,-163.55690240876942,-84.23988724781746,-7247.142494554922,613.7333986370089,-172.5282299870358,-0.0,-605.7743268928093,-1308.3013025072546,-0.0,-0.0,-506.0869859513124,-1841.037288248901,-74.19029947718364,-231.67705137359775,-272.63040438943426,-1238.813621646726,-0.0,-0.0,54.88290195290352,-0.0,-0.0,-1795.31918362784,-0.0,-1837.2615338466674,-982.8709282753728,-1313.9805245782493,-0.0,-0.0,-532.9883521604677,-910.1494959261701,-131.67689421574943,-0.0,-474.61090564300065,-151.15058417240692,-526.8977937320303,-0.0,-216.53385546292344,-509.7110426958286,-2302.8805509473427,-997.8452231810229,-1433.6090289346544,-0.0,-0.0,-1460.0053038083188,-18.742354966605788,-0.0,-0.0,-1177.5846836059077,-0.0,-0.0,-0.0,-0.0,-0.0,-0.0,-0.0,-0.0,-0.0,-0.0,-110.89814157562132,-0.0,-0.0,-0.0,-0.0,-0.0,-0.0,-0.0,-0.0,-0.0,-0.0,-0.0,-324.22318225111104,-0.0,-0.0,-0.0,-0.0,-0.0,-0.0,-0.0,-0.0,-0.0,-0.0,-0.0,-0.0,-0.0,-0.0,-0.0,-0.0,-0.0,-0.0,-0.0,-0.0,-0.0,-0.0,-0.0,-0.0,-0.0,-0.0,-0.0,-0.0,-507.3738647230976,-0.0,-0.0,-0.0,-0.0,-0.0,-0.0,-0.0,-0.0,-0.0,-0.0,-0.0,-0.0,-0.0,-0.0,-0.0,-0.0,-0.0,-0.0,-0.0,-0.0,-0.0,-0.0,-0.0,-0.0,-0.0,-0.0,-0.0,-0.0,-0.0,-0.0,-0.0,-0.0,-0.0,-0.0,-0.0,-0.0,-0.0,-0.0,-0.0,-0.0,-0.0,-0.0,-0.0,-1458.5043040225896,-545.3140331682633,-1904.0636875109956,-0.0,-0.0,-0.0,-0.0,-0.0,-0.0,-0.0,-0.0,-0.0,-0.0,-0.0,-0.0,-0.0,-0.0,-0.0,-0.0,-0.0,-0.0,-0.0,-0.0,-0.0,-0.0,495.254357998945,-0.0,-0.0,-0.0,-0.0,-0.0,-0.0,-0.0,-0.0,-0.0,-0.0,847.7078373876727,-0.0,-0.0,-0.0,-0.0,-0.0,-0.0,-246.08074391698622,-0.0,-0.0,-0.0,-0.0,-0.0,-0.0,-0.0,-0.0,-0.0,-0.0,-0.0,-0.0,-0.0,-0.0,-0.0,-0.0,-0.0,-0.0,-0.0,-0.0,-0.0,-0.0,-0.0,-0.0,-0.0,-0.0,-0.0,-1035.9689853458397,-0.0,-0.0,-0.0,-0.0,-0.0,-0.0,-0.0,-0.0,-0.0,-0.0,-0.0,-0.0,-0.0,-0.0,-0.0,-0.0,-0.0,-0.0,-0.0,-0.0,-0.0,-0.0,-0.0,-0.0,-0.0,-0.0,-0.0,-0.0,-0.0,-0.0,-0.0,-0.0,-0.0,-0.0,-0.0,-0.0,-0.0,-0.0,-0.0,-0.0,-0.0,-0.0,-0.0,-0.0,-0.0,-0.0,-0.0,-0.0,-773.1623575327502,-0.0,-0.0,-0.0,-0.0,-0.0,-0.0,-0.0,-0.0,-0.0,-0.0,-0.0,-0.0,-0.0,-0.0,-439.45805749851496,-0.0,-0.0,-236.5256981526908,-0.0,-0.0,-0.0,-0.0,-0.0,-0.0,329.21568011661327,-0.0,818.1271858094565,-0.0,-0.0,-0.0,-0.0,-0.0,-0.0,-0.0,-0.0,-0.0,-0.0,-0.0,-0.0,-0.0,-0.0,-0.0,-0.0,-0.0,-0.0,-0.0,-0.0,-0.0,-0.0,-0.0,-0.0,-0.0,-0.0,-0.0,-0.0,-0.0,-0.0,-0.0,-0.0,-134.06158980368846,-0.0,-0.0,-0.0,-0.0,-0.0,-0.0,-0.0,-0.0,-0.0,-0.0,-0.0,-0.0,-0.0,-0.0,-0.0,-0.0,-0.0,-0.0,-0.0,-0.0,-0.0,-0.0,-0.0,-0.0,-0.0,-860.7475374270144,-0.0,-0.0,-0.0,-0.0,-0.0,-0.0,-0.0,-0.0,-0.0,-0.0,-0.0,-0.0,-0.0,-0.0,-0.0,-0.0,-0.0,-0.0,-0.0,-0.0,-0.0,-0.0,-0.0,-0.0,-0.0,-0.0,-0.0,-0.0,-0.0,-0.0,-0.0,-0.0,-0.0,-0.0,-0.0,1245.5531961499787,-0.0,-321.28214198949695,-0.0,-0.0,-0.0,-0.0,-0.0,-0.0,-0.0,-0.0,-0.0,-0.0,-0.0,-0.0,-0.0,-0.0,-0.0,-0.0,-0.0,-0.0,-0.0,-0.0,-0.0,-0.0,-0.0,-0.0,-0.0,-0.0,-0.0,-0.0,-0.0,-0.0,209.80438138737182,-0.0,2046.7616855459662,-0.0,-0.0,-0.0,-0.0,-0.0,-0.0,-0.0,-0.0,-0.0,-0.0,-0.0,-0.0,-0.0,-0.0,-0.0,-0.0,-0.0,-0.0,-0.0,-0.0,-0.0,-0.0,-0.0,-0.0,-0.0,-0.0,-0.0,-0.0,-0.0,-0.0,-0.0,-0.0,-0.0,-0.0,-0.0,-0.0,-0.0,-0.0,-2419.9475112078917,-1438.7076363316094,-0.0,-0.0,-0.0,-0.0,-0.0,-0.0,-0.0,-0.0,-0.0,-0.0,-0.0,-0.0,-0.0,-0.0,-0.0,-0.0,-0.0,-0.0,-0.0,-0.0,-0.0,-0.0,-0.0,-0.0,-0.0,-0.0,-0.0,-0.0,-0.0,-0.0,-0.0,-0.0,42.84372575012475,-0.0,-0.0,-0.0,-0.0,-0.0,-0.0,-0.0,-0.0,-0.0,-0.0,-0.0,-0.0,-0.0,-0.0,-0.0,-0.0,-0.0,-0.0,709.0878381386885,-0.0,-0.0,-0.0,-0.0,-0.0,-0.0,-0.0,-0.0,-449.5264479655374,-0.0,-0.0,-0.0,-0.0,-0.0,-0.0,-0.0,-759.1401051398991,-0.0,-0.0,-0.0,-0.0,-0.0,-0.0,-0.0,2220.70737199254,-0.0,-0.0,-0.0,-0.0,-0.0,-0.0,-0.0,-0.0,-0.0,-0.0,-0.0,-824.0416126010924,-0.0,-0.0,-0.0,-0.0,-0.0,-0.0,-0.0,-0.0,-0.0,-0.0,-0.0,-0.0,-0.0,-0.0,-0.0,-0.0,-0.0,-0.0,-0.0,-0.0,-0.0,-0.0,-0.0,-0.0,-0.0,-0.0,-0.0,-0.0,-0.0,-0.0,-0.0,93.963462081453,-0.0,-0.0,-0.0,-0.0,-0.0,-0.0,-0.0,-0.0,595.461319962561,-0.0,-0.0,-0.0,-0.0,-0.0,-0.0,-0.0,-368.9069547619293,-0.0,-0.0,-0.0,-0.0,-0.0,-0.0,-0.0,-0.0,-0.0,-78.77542270904691,-0.0,-0.0,-0.0,-0.0,-0.0,-0.0,-0.0,-0.0,-0.0,-0.0,-0.0,-0.0,-0.0,-0.0,-0.0,-0.0,-0.0,-0.0,-0.0,-0.0,-0.0,-0.0,-0.0,-0.0,-0.0,-0.0,-0.0,-1824.523714314618,-0.0,-0.0,-0.0,-0.0,-0.0,-74.14619484209621,-0.0,-0.0,-0.0,-0.0,-0.0,-0.0,-0.0,-0.0,-0.0,-0.0,-0.0,-0.0,-0.0,-0.0,-0.0,-0.0,-0.0,-0.0,-0.0,-0.0,-0.0,-0.0,-0.0,-0.0,-0.0,-0.0,-0.0,-0.0,-0.0,-0.0,-0.0,-0.0,-0.0,-0.0,-0.0,-0.0,-0.0,-0.0,-0.0,-0.0,-0.0,-0.0,-0.0,-0.0,-0.0,-0.0,-0.0,-0.0,-0.0,-0.0,-0.0,-0.0,-0.0,-0.0,-0.0,-0.0,-0.0,-0.0,-0.0,-0.0,-0.0,-0.0,-0.0,-0.0,-0.0,-0.0,-0.0,-0.0,-0.0,-0.0,-0.0,-0.0,-0.0,-0.0,-0.0,-1359.2195308210378,-0.0,-0.0,-0.0,-0.0,-0.0,-0.0,-0.0,-0.0,-0.0,-1915.7390125970617,-0.0,-0.0,-0.0,-0.0,-0.0,-0.0,-0.0,-0.0,-0.0,-175.0049243686802,-0.0,-0.0,-0.0,-0.0,-0.0,-0.0,-0.0,-0.0,-0.0,-0.0,-0.0,-0.0,-0.0,-0.0,-0.0,-0.0,-0.0,-0.0,-0.0,-0.0,-0.0,-0.0,-0.0,-0.0,-0.0,386.8377607648638,-0.0,-0.0,-0.0,-0.0,-154.6628577890906,-0.0,-0.0,-0.0,-0.0,-0.0,-0.0,-0.0,-0.0,-0.0,-0.0,-0.0,-0.0,-0.0,-0.0,-0.0,-0.0,-0.0,-0.0,-0.0,-0.0,-0.0,-0.0,-0.0,-0.0,-0.0,-0.0,-0.0,-0.0,-0.0,-0.0,-0.0,-0.0,-0.0,-0.0,-0.0,-0.0,-0.0,-0.0,-0.0,-0.0,-0.0,-0.0,-0.0,-0.0,-0.0,-0.0,-0.0,-0.0,-0.0,-0.0,-0.0,-0.0,-0.0,-0.0,-0.0,-0.0,-0.0,-0.0,-0.0,-0.0,-0.0,-0.0,-0.0,-0.0,-0.0,-0.0,-0.0,-0.0,-0.0,-0.0,-0.0,-0.0,-0.0,-0.0,-0.0,-0.0,-0.0,-0.0,-0.0,-0.0,-0.0,-0.0,-0.0,-0.0,-0.0,-0.0,-0.0,-0.0,-0.0,-0.0,-0.0,-0.0,-0.0,-0.0,-0.0,-0.0,-0.0,-0.0,-0.0,-0.0,-0.0,-0.0,-0.0,-0.0,-0.0,-0.0,-0.0,-0.0,-0.0,-0.0,-0.0,-0.0,-0.0,-0.0,-0.0,-0.0,-0.0,-0.0,-0.0,-0.0,-0.0,-0.0,-0.0,-0.0,-0.0,-0.0,-0.0,-0.0,-0.0,-0.0,-0.0,-0.0,-0.0,-0.0,-0.0,-0.0,-0.0,-0.0,-0.0,-0.0,-5455.003454318187,-53.04514237442901,31298.10812670936,-3513.4017953381594,-3904.3340160394455,84817.69953772367,-0.0,-6479.110336305796,837.9684419531359,1790.638845498109,-25785.20598855896,-0.0,-4995.267505643065,-0.0,-0.0,34112.13961494755,-12609.587413760042,3904.260174380586,6361.438892027368,-4588.40285310387,-24652.5882845515,-9397.70414086963,57.49203818292727,-100.7432910409267,-6981.911829646132,-0.0,-13086.256532507237,-19998.972083953046,15667.323586756116,-572.4506725612349,8.186150491068712,46212.429295796515,-3159.521820882989,-109271.11856591897,-3104.4317528065862,-22206.923202640046,-17015.35603216329,-6453.015966512676,-5795.639956904815,-14819.978661146824,11864.697046241181,-2388.649480240476,-4233.9060929210455,-3695.977304842807,-12702.105089837904,7251.017623274539,39666.85113551085,-864.2145125712892,62.68032575006777,20712.314092092693,5664.307372596837,-548.7615961748602,15456.38232846862,8050.541573039631,-5633.809831903512,-7918.937822635258,-4012.860529697411,413.7207580362361,-0.0,-0.0,-277.9412627108386,-8412.884127350348,-3402.8054966017544,-3118.7128409173706,-1558.6138290518415,-4762.035933568802,9732.804839895241,4360.104572012668,-8500.919861810862,20737.48812248486,-21106.292693566982,-33561.49242250914,77231.21790459918,-21561.847243220385,-8822.102889761116,-2266.1038772464294,-3628.375233205696,-5696.7350371924385,-5583.558124334911,-36144.05085945922,-0.0,-13237.72539351792,-0.0,2968.6071039806397,-0.0,-0.0,-13730.947692145877,-1391.6903392553959,-0.0,-0.0,3922.6888521920105,-0.0,-0.0,-0.0,-7294.735689906827,-4519.263672625816,-7505.246973419201,-8728.714047383552,8821.66071658619,-0.0,-29292.068204057206,41629.16954635403,-0.0,-0.0,-18699.90881163722,-11107.710226299261,177.9626600250912,51.03081569890512,-0.0,57915.696667648604,-0.0,-0.0,-0.0,-0.0,52926.0202826473,-1041.423064895665,-0.0,-10042.870098409725,-0.0,-6477.9717770134075,-1332.3341429051502,-3445.4600209960686,-16782.54566359244,12180.730746760593,-1440.6309000455344,-8880.351873467705,-0.0,-0.0,-4786.5552041067285,-6659.880811306151,-11008.982204546921,54947.39965248136,-0.0,-194.2239159923405,12720.635783535661,3785.6491515843877,-1898.8635091001913,782.6882366910444,5187.331947177206,-3488.0806776452623,-92.27551953102403,-18492.63574348388,464.6816601128578,14153.781441487588,-741.6320346631346,12489.10739030715,52199.20092934298,2778.828543789476,-71.1857654936679,9147.447924845168,-1904.6758941901874,-8003.660929901384,-9242.212202360886,-16976.012827297312,-0.0,6616.266148927555,17055.94605679945,26119.804874953796,-10739.762114116593,7251.769638214994,9257.821932077957,-9276.433584296712,17375.64462605124,-15270.719598297881,-0.0,4695.122550246136,-12373.549460986538,-18910.002796753128,-7915.933533543163,23321.2464231803,3343.921739059832,-0.0,-5715.220042910182,-0.0,-2800.014834317437,98.06556100373331,-3998.141637483187,-0.0,208.52664141061297,-289.7433935110817,-21942.68305343328,-13833.619815641978,23771.022910002077,-8105.632659862265,3781.8604049572714,6530.520540844361,-7555.479048843316,-5323.024208910612,-12014.214952336544,-0.0,-2141.9419647715217,-1721.8114353223623,-0.0,1115.611299894744,-415.64414959125287,-0.0,-0.0,-13915.08013059187,-3085.104697354831,3080.0569280775376,-4541.939653597636,-0.0,-0.0,-0.0,60838.20753942605,23113.778488552973,-0.0,125.66273475679266,12725.327716293184,-0.0,-4386.006299463515,-2623.273513498124,-0.0,-4226.800625072955,-8037.575568274472,105498.79652339187,-11843.1636769645,-8207.2003031866,-31272.52994143285,-0.0,1497.747448700497,3261.002673266941,-10114.955887669443,30800.98636825434,-7274.608604007202,-37556.18265606558,-13650.044546296018,-9385.654554338877,-0.0,1404.220202475137,-4716.466014693573,23152.5487973795,-163.7942020655031,-417.0206830123178,-11065.780370740584,-9388.639939193648,28852.28166433254,-0.0,-2153.1523975498912,827.0050955498467,-0.0,-0.0,-0.0,-0.0,-0.0,-0.0,-0.0,-0.0,-0.0,-0.0,-0.0,-0.0,-0.0,-0.0,-1942.5522787771467,-0.0,-0.0,3432.697615265662,-14095.578917875597,-644.5258290259453,-9330.748031219859,23818.480164235836,8983.28748977222,-4064.9693176437377,3469.965578441896,38891.67639159225,-0.0,-0.0,-4564.936987004889,2861.992733718294,-6925.010028795007,-9494.77626977143,-0.0,-38.76964874870819,9092.213908858543,-5126.064033177504,-2675.7849667316486,3530.451592851253,-25714.145167809784,30186.627119266297,-6251.661740988739,-1122.7014511651532,14800.662309933143,-0.0,-0.0,-0.0,-0.0,-0.0,-0.0,882.6118510863633,47515.1456765528,-9139.30022250794,-11170.192841968237,-8641.984355300878,-0.0,-9389.79841009461,-13424.058486263166,-0.0,-0.0,-0.0,436.1740449151375,431.67661047795536,739.1448619522737,2627.532300745598,-0.0,3624.1070950005687,854.4500109588486,837.7190992601605,743.3761583024142,754.055797333367,2869.127026428299,1839.1650950251983,2968.423964863485,2290.021765413375,2710.796518218791,3226.815938868279,34793.71655554245,37989.45098221488,37509.21577611491,34437.340929767095,8971.39109258783,8674.053147604125,8830.746386260515,9524.153319922954,5536.8928134934085,2066.036575858384,2049.3330223857793,2299.7185634873,2349.311778714961,2231.6013317938014,5373.616082264497,4254.76761136654,1250.0478843743922,1511.5938019552832,645.7264765440715,368.62298873215457,547.1601962745202,40399.88044958344,35083.242247085705,38892.51749272606,34212.433659657065,51983.3050437308,55922.692051651415,1312.093581008158,1155.1371243770745,1202.5236596169723,1267.0627779683762,1111.1903475244276,1118.4984890542373,560.3708740135933,54866.227621903556,52512.30503299367,47580.14470324383,2547.576016613018,2910.7345531382066,2924.692997244218,-0.0,7816.313766191469,8682.238677658721,39937.69709125688,34917.277151544826,36841.88722728537,61162.20796109511,61840.40637674947,61642.87165678131,62286.44445823848,2468.9089472292626,2513.632312094824,4947.832948627855,-0.0,20648.487483718633,20582.56064252533,-0.0,1480.5643141988407,1546.4573797113676,1598.0065596357688,1665.9787802458115,1506.0218374847148,1445.2699752714918,34010.93204394212,40240.016978904896,40640.341278420674,38035.96561066523,1150.5532594083036,1089.958264118642,-0.0,-0.0,17183.226569297567,32363.41899699812,36842.07174868923,33603.3180371881,36507.87284429032,-0.0,55894.511838878054,49978.81576630225,961.487246403167,2043.045959868666,1944.151491010544,2085.584750216776,2184.739310316987,2455.2042841670886,48177.546607067634,53333.18073580901,-0.0,-0.0,17524.783551888715,1046.8653217447995,36722.14774792578,39061.20384014854,38393.25089852224,36696.15037428331,34456.654377534804,35315.66000814967,-0.0,16665.888937577583,10609.195247666994,-0.0,-0.0,1475.6337063945969,1425.3446760062895,749.2172146050992,800.0150087427224,469.5801441961431,434.2734967095808,-0.0,1159.8771200089434,1147.7512520226023,1017.2114538394081,1181.8359506224247,-0.0,1738.3527606535401,1731.4419424508199,1811.7303025718413,2196.770784803383,2173.3494874082803,2226.8898944266925,896.8796281267369,814.8738606145787,885.8668477482988,1390.6402292878352,1071.258527707397,1003.036325162946,914.7988586214377,1037.549761315953,8194.394556762547,7513.076705948532,245.97980849007843,253.59496183885338,3703.3541203557156,16664.24174864861,1411.3883134347845,1450.5749599402131,-0.0,-0.0,7466.658500253657,7597.272021115314,8388.28418443038,7699.251736459527,1950.1617810230432,1960.1011881653371,36019.51666730316,36181.959905390795,8177.01758338147,7967.963389399862,-0.0,55511.50343373341,1994.1664652379382,2106.369241821055,1146.9895922992214,48652.36476496757,48435.10748829718,54254.80639086003,53412.12361794228,190.97620323127654,58880.641769663554,51454.82998846083,-0.0,-0.0,24106.41242872425,-0.0,1193.3183007789942,1098.0598737230089,1185.5085179768757,2481.2725614617857,8878.923020405895,16917.559589359356,1670.4238478208802,1841.6726941707166,24.256364061315015,710.5670184722997,677.3767417737508,17042.83037828517,1588.7885404272888,-0.0,-0.0,-0.0,1082.862401371862,-0.0,1192.3158486513914,-0.0,5853.3972272298115,6137.419658564864,5419.351303709548,5686.759967825116,902.8218864140205,-0.0,840.1572113830942,-0.0,-0.0,954.7785440173797,1102.2831145317339,914.8467573780387,823.2778087409534,857.5695698660842,843.3871674367587,1890.5684478847754,1829.668281646366,1643.8452299862145,-0.0,2971.8069098207575,2748.860129532372,2849.651481591105,3096.99743246504,4677.710523193096,53380.395235615695,49201.90349387391,11765.84775032152,22125.133240808525,16873.96261750334,16709.299818936383,1678.1429711520127,1705.8845076102223,844.2060410224643,885.234771240772,2206.7021601970077,-0.0,37762.49972481552,33925.16363500199,1229.4144791915396,1121.2913393662568,1062.4653455179034,5316.913897286622,2930.2983860629483,3232.1615075605478,35049.809104687854,33950.002052860305,36396.884537574035,38715.75613862054,-0.0,-0.0,-0.0,2625.3227493096533,2471.409094294689,2351.368593540032,10237.776302200255,7773.362933306993,6408.90393597877,2227.854934320432,2398.3441588238866
15,-0.0,-0.0,-640.2761603824835,-2103.862451503969,-505.27995894454733,-576.6277016783425,-93.89293525087407,-650.2263480155598,-642.9049504549037,-0.0,-1247.8201053662845,-0.0,-0.0,-2702.289568548406,-0.0,-613.9213436773348,-487.2954793537957,-0.0,-41.99617786738078,-242.5251198502864,-307.6929957929272,-785.024483231108,-827.5635371553446,-683.3533457389719,-2212.5230534783236,-642.7452671675005,-0.0,-40.38616478161808,-2867.6563605402353,-1613.1823267616653,-0.0,-0.0,-0.0,-0.0,-0.0,-0.0,100.9898409961945,-202.1613330714328,-1889.373183321798,-1580.3382577644952,-0.0,-0.0,-126.72637001401336,-590.4113202750417,-141.85954866824932,-0.0,673.1618124627172,-1517.7507833181864,-403.0802409105452,-0.0,-0.0,-258.8275711804364,-0.0,-11.834856435949964,-1933.434284163775,-2823.0650355676416,186.97047118160324,-5810.9121857740465,-207.61893171552643,-0.0,-1728.5135285993294,-0.0,-744.1546829145416,-2626.1284647739576,-503.3977795261108,-499.62989047808327,-41.24586827365315,-1986.2935669509325,-894.248714372429,-431.8636580737474,-3105.2390757360117,-0.0,-0.0,-2513.93877263176,-1097.8288060501611,-241.08084348709636,-1618.0399193250291,-0.0,-0.0,-1218.4475850802628,-1408.884689869745,-425.92453959991354,-3533.2470370039955,3.8878982487495337,-28.290958414926614,-1805.333852817289,-0.0,-630.8398345268188,-1074.8158338148744,-8.904105852443559,-0.0,-1269.4502888699205,-86.58744425177271,-732.3458758118777,-2308.633559208062,-37.765763375522916,-2437.831046145138,-386.6287136338558,-1609.6303689739605,-2732.4585515196227,-687.6286871316107,766.6193333498236,-500.23557655295633,-0.0,-1409.7495686753864,-2439.6817443933433,-4328.214622243354,-518.0059663032348,-2776.826935443901,-0.0,-1600.1971532514692,-0.0,-0.0,-599.1243602204585,-0.0,-0.0,-621.143445646376,-75.04511160851223,-1503.101890518686,-976.5840181310554,-837.7668621640765,240.56145732936105,-507.23352861988275,-342.01760519041915,-194.792935583704,-8.195079901685402,-645.4812947109278,-525.687406112653,-773.5203718263155,-0.0,-4865.229075328915,125.35874359939996,-116.18104493552089,-4075.693990452906,-0.0,-1004.2110173905555,-63.98824793791938,-0.0,-319.9568301405963,-0.0,-0.0,-916.6078440835261,-0.0,-623.7025869795141,-1007.4958134560962,-0.0,-1331.8976184576286,-256.2261077605472,-726.8293713509181,-1938.4923854636804,-0.0,-1759.2542264131087,-1073.7464478543925,-0.0,-0.0,-0.0,-0.0,689.90736836668,-0.0,-1802.0012908117212,-1917.0880956631956,13.471536574734428,-0.0,-0.0,-733.2058551230574,-508.06526590034065,-772.1053084627553,-0.0,-427.05540665383745,-3175.1519666749914,-1143.1153194990225,-0.0,-1053.2011354330516,-2472.7032590760414,-0.0,-0.0,-0.0,-0.0,-0.0,-0.0,-558.9007123563375,-708.1750221392743,-204.20410741381662,-207.4558699934529,-1220.3318154543251,-52.48062436545072,-0.0,-0.0,-687.924919414271,-0.0,-657.2923891684069,-30.703578982702133,-4.023701168589922,5.347068111352383,-0.0,-0.0,-1062.4575847195015,-498.64391958293965,-467.9644828817561,-0.0,-3026.39558597903,-1927.0598713218928,-1234.8491718807277,-0.0,-0.0,-2040.5098063805026,-1476.9873667642826,-712.7757735267127,-92.81294980822187,-1708.2626541105783,-1320.3837544912074,-0.0,-0.0,-1747.0874056037367,-0.0,-801.3482652966351,-1217.5795148951254,-124.53713171436395,-445.88034579772324,-628.6335100583799,-561.6462611283605,-0.0,-1682.9439470155232,-0.0,-2828.110286304755,-3254.209485654369,-200.987226182805,-421.99768266195895,-533.6861715279636,-0.0,-314.6230506520976,-266.6638678452398,-0.0,-915.3861641357034,-697.5607050065271,-1083.5817386008603,-1927.1462241336246,-1059.7419528213209,-2205.5910665507467,-1931.8708078262596,-2089.173595595943,-2169.6218920583783,-1197.9734927555694,-2340.271606511577,-547.3934019182234,-542.9489848329459,-0.0,-1281.2555759449456,-1065.874056916228,-1229.7264401334721,-390.5062842875264,-392.08622712007144,-2018.2856752362372,-804.4333725124384,-387.74652567589555,727.4760021756483,-0.0,1082.5580370285936,-1277.697984298859,-0.0,-0.0,-0.0,-0.0,-0.0,-0.0,-1321.1871941567651,-2470.318647971437,-503.4903945049713,-1040.787170230045,-0.0,-0.0,-1711.8045993520086,-1131.6034412600388,-2225.00083865247,-0.0,-0.0,-143.3868575412854,-62.911516209123924,-446.6365567345736,-1646.1605037714723,-509.07087256003695,-0.0,-487.0052709167188,-744.9447066382166,63.423394397974164,-1278.0916045172282,-1546.492049760399,-1362.0451797875692,-1821.822889070603,-281.7027755343925,-697.8340754848908,-44.20636711998492,-1870.9170832102184,-0.0,-918.9573814352868,-165.7806471115629,-77.12961259302305,-584.9269317963093,-0.0,-2014.0060124076542,-125.56402345575671,-632.5493968254285,-1827.019088780094,-1351.3908763614545,-0.0,-631.6130594186692,-871.0333194117097,-25.10871454339,-304.43159889283083,-491.90776025341194,-52.02129081553344,704.3943567638811,-1212.078520860393,-0.0,-962.3328359177228,-1362.9528110847477,-0.0,-509.04685761411304,-0.0,-1364.0701802423796,-0.0,-0.0,-0.0,-1270.9332544763938,-709.7161217467099,-444.07992398285154,-0.0,-1730.7619521100198,-3144.693118170882,-3283.4160924503167,-0.0,-380.3779027873784,-0.0,-307.2313698838651,-123.68168720155577,241.8336744650501,-556.0483383650313,-0.0,-710.5776648151692,-980.1897489701101,-320.6678210878293,-606.0468199194111,-0.0,-473.4929231892058,-879.4750245547027,-530.7608846441908,26.903489101669106,-2405.2535333113533,-0.0,-0.0,-1578.821994353626,-231.03123041603527,-1286.6064201950935,-95.92034954607287,-129.91127471330276,-247.36439883308051,-606.8788981668374,-959.4454554132836,-1391.954300109198,-2397.667929588207,-0.0,-0.0,-387.31800491814045,5144.897424651164,4.4638551251475524,-0.0,-0.0,-0.0,-0.0,-2611.2190147551614,-463.31766210048664,-0.0,-974.2046253896485,-1002.1071216921005,-665.629104948797,-2305.3528116405496,-248.3844023792899,-1225.036127387495,-0.0,-0.0,-2078.3440186326698,-743.2853283323321,-1962.4459809279638,-794.4935014168066,-775.869343235075,-1960.12939641592,-204.04249500722514,-1885.9164835562772,-1229.1431863436446,-30.400348820471184,-952.4552457165961,-1219.2460853512357,-223.11938675131256,-261.77527927223963,-1852.1647770358138,-0.0,-552.435567930802,-253.94548261419516,-31.45574373539991,-830.6377321856962,-195.11653078600727,-855.7454819857064,-905.444904566229,-1258.040302215754,-224.54772260302576,-2564.412179595391,-64.9034926725771,-526.095332451573,-0.0,-921.4574463042677,-659.3600930631744,-1063.1236214412913,-1203.9132985106892,15.062862061880185,-386.8498652080996,-2922.1191200582343,-817.7529499281283,-379.22797292266125,-1195.2798907086021,172.97296174689353,-0.0,-0.0,-0.0,-0.0,-0.0,-0.0,-12.8258043664899,-164.78350676022868,-2580.308559748166,-4633.593387807606,-584.316431458475,-1137.8721205296463,-146.1057656326697,-596.283596461534,-1496.6976951708348,-1169.1652855606812,-41.64079826917901,-485.75892464470337,-565.444225490327,-0.0,-105.66830119250803,-1236.7612279526445,-554.5648560141271,-0.0,-1065.0355174570207,-0.0,775.1956444689422,-0.0,-0.0,-0.0,-43.74902303009044,-0.0,-0.0,-1050.518396022883,-432.1317009135761,-1282.3999128538953,-0.0,-0.0,-0.0,-840.4244595751699,-535.136201658887,-1386.1731571811931,35.00651564901947,273.1379959862836,-0.0,-0.0,-3144.0885818109664,-1260.0313128358093,24.76941249449674,-52.20529109718911,13.03001774568401,-20992.483876406408,-21816.7212317267,-2599.561915882844,-0.0,-0.0,-0.0,-0.0,-451.2844259799347,-0.0,-0.0,-597.2803070430057,-2504.93240318075,-2129.309082984934,-1544.5358352161468,-344.30557810456116,-1807.466866454656,-29.631952070094695,-1305.0897049408916,1051.3964787676705,-7.939444159934441,-1064.125922087014,3.89426950233392,-0.0,-0.0,-0.0,-0.0,-170.78917275238035,-0.0,-0.0,-0.0,-955.3414753989672,-1511.7670241513497,-0.0,-0.0,-260.0459827793719,-2292.0653561042336,-0.0,-1550.9773086787363,-1767.7785477096406,-1965.1739216139413,-0.0,-0.0,-114.14053429753122,-84.68279873669367,-1186.7104437107282,-1590.4636777344763,-597.9691944440756,-1300.8248852666472,-1224.2670448979843,-0.0,-0.0,-0.0,-0.0,-445.7295763386559,-237.8670799639618,-0.0,-0.0,-106.03640438737551,220.21281552530027,-0.0,-1188.5697288403258,-1092.8711244746587,-1040.785613021271,-0.0,-0.0,-742.0131428511609,-1331.7780069416406,-740.6184855510531,-448.77454915425045,-0.0,-2403.5949713272216,-2245.8653419370235,-0.0,-0.0,-0.0,-0.0,-0.0,-1409.631842604377,-0.0,-2029.2880992383027,-1408.3054873551146,-75.63620561317128,-0.0,-0.0,-0.0,-2722.8807471618957,-1527.5211376545049,-653.3630726324465,-503.85173105044703,-1106.5948698599047,-782.0066717124319,-0.0,-0.0,-717.8915378852342,-1518.6308981814232,-77.02014885563885,-480.0420363971469,-0.0,-847.1288111645052,-679.3362610286376,-1592.3862302280193,-0.0,-321.71537296848334,-129.23868534008517,-334.1366359275001,-1614.927926887592,-331.856781903181,-0.0,-0.0,-0.0,-0.0,123.45812384929395,-175.26711286914724,-860.2079313765335,-1358.8167960402027,-1220.7996541486466,-511.0362502116033,-608.6975116333108,-5809.847469276405,-1001.0768648445313,-660.4856025135997,-0.0,-0.0,-0.0,-276.87876862616037,-371.2079071355591,-1334.4126300801158,-342.05155568903814,-0.0,32.49434374344389,-0.0,-0.0,-0.0,-0.0,-0.0,-0.0,-0.0,-99.61382098769288,1488.8017666773244,-0.0,-1616.3219827105834,-694.9570007652276,-451.9075564783003,-1639.3148761766915,-0.0,-0.0,-612.2683338698359,-735.5569074979832,-140.38717148946077,-126.78976449181262,-141.23937654476228,-568.5610821989397,-151.5070894313093,-2145.1881132818826,-402.41914233673367,-438.253095410425,-0.0,-0.0,-1487.107420551334,-2928.929311495011,29.484077853002805,-549.4455733186915,-350.4548283115386,-920.07079594997,-1164.2044709603986,-835.7528839342856,-307.4539725861379,-157.95560647624998,-1510.4424825486951,-0.0,-0.0,-0.0,-0.0,-0.0,7510.775139131717,-89.24605393783695,-572.1470882274775,-637.1478505365726,-1105.8106955608876,-1385.4248779836328,-1329.8811619718094,-1772.5959213596352,-2286.039703407978,-484.24948048038334,-0.0,-0.0,-1626.4797032352417,-0.0,-0.0,-281.5449693116897,-1849.5465944804102,-1418.1621448909016,-510.7695124302268,-68.04770140523358,-1931.418359182697,-0.0,-1466.3765726566576,-0.0,-0.0,-0.0,-0.0,-0.0,-0.0,-582.3970886683163,-1321.6904802934073,-1067.8618513185431,-102.18849432528573,-264.2090416974126,-617.8912016691144,56.52156154945653,-0.0,-0.0,-588.8542705218781,-623.854613911661,-3977.0765503031184,-0.0,-1548.5707237902063,264.31887498529187,133.48162573964922,-0.0,121.45939018270967,-187.79939027637,-166.1900473969268,-504.64968005313915,-0.0,-1976.4884818108117,-0.0,-0.0,-1189.1790373204751,-0.0,2495.538051213763,2378.801972863125,2358.6680028189785,-0.0,-0.0,-1900.3471198358482,-0.0,-0.0,-377.860631081425,-998.2623570098228,-832.6301494118698,-1082.3714651291025,-1282.50665912586,-0.0,-0.0,-0.0,-0.0,-639.9511906402475,7.8782057353745145,-61.13945165886066,-1292.0810551229565,-1070.74966752187,-427.2556383405563,-1535.4523415674198,-0.0,-2191.589509205729,-1327.9336240511893,-1519.0383623205178,-425.9710199825708,-399.4926196937942,-0.0,-1261.4527572518382,-815.513493258023,-1017.4709043604937,-1991.2711510925599,-580.583210452973,1056.3017705004836,493.8545307160208,-370.88904120507976,-1178.2105989188,-0.0,-1758.0177445103013,-3249.3475163016524,-504.53711628986815,-484.4808248601322,-0.0,-0.0,-0.0,205.5323919456822,-374.5034520637459,-479.567482556202,-158.063390008857,-547.0119172572668,-554.8137801565216,-0.0,-428.94401751908117,-940.5931784214805,-726.8734178531479,-0.0,-2200.9567373383093,-5051.739541189392,-0.0,-0.0,714.1758182456799,615.8102498662221,-0.0,-0.0,-709.436672205779,-879.9558087310301,-347.2643807389351,-713.4779956504274,-0.0,-0.0,-0.0,-0.0,-0.0,-2700.546955892483,-414.12451433525314,-1843.4076862512345,-1064.643329444348,-0.0,-394.961613627948,-480.6797940450414,-0.0,-241.2853779939189,-854.206978463712,-1193.4592078164144,-4567.652583779903,-80.68196368476531,-0.0,-0.0,360.17813826714433,936.9211233060639,-0.0,-0.0,-398.7782143135621,-0.0,-0.0,-0.0,-2628.740152075597,-0.0,-570.3237060225991,-0.0,-0.0,1859.9137666620545,2134.387743342687,1895.0415791425617,-0.0,-0.0,-427.1864264373309,858.9775418930826,-2343.082960004145,26.347163649504804,84.23533769054573,-2687.536302309048,-107.26728971105767,-187.67959547853945,-610.1775808207216,910.8317607199724,3858.456408386842,-3200.6866435273905,-0.0,-0.0,-1054.9534632514708,-1759.6892896335949,-1257.0641674070866,-279.0787763682786,-46.45662083591634,-0.0,-0.0,-0.0,-0.0,-2084.486974126509,323.0723105789193,-0.0,-4.118129223628814,-0.0,-1568.3693540438937,-2006.5388237283303,192.24791428737836,-0.0,-0.0,-387.1079731885217,-0.0,-1917.7034314238324,-91.74967916757016,-1038.1650948915385,-427.0161515489188,-1262.4520654460816,-786.1832548645538,-1207.9534005392536,-641.2325582349031,-0.0,-0.0,-0.0,-126.7861165746847,-0.0,-0.0,-270.7454662913115,-456.45031050089466,-754.0499213817811,-0.0,-1739.7949275886012,-1094.8150801676688,-932.7364175272188,-8.467743960408775,-7.4804829733901865,320.8530079795564,38.33598392669552,-0.0,-0.0,-12.715665970341524,-1747.953621308788,-706.2046656866713,-874.1002884524459,109.78584398726656,-2224.5155329223808,-2019.7413414443226,-1034.3513344044507,-1000.2600474828944,-41.49680980957428,-575.1029949511689,-752.4032624926634,-1346.624807744731,-2140.6954753671416,-0.0,-1893.7977815171416,-156.221580721694,-0.0,-2581.3852365954317,-2855.333531655564,-2270.823415394946,1800.370938686325,-0.0,-1595.839878840823,-223.96478678394894,-1317.183657974153,-697.618776289691,-137.54444350302072,-2145.590945861096,99.46703844899072,1620.4444052381855,-0.0,-196.2390632638929,-418.39701337950095,-1145.3251751247046,-1085.5751521853585,-1768.476814916753,-4202.4449861036965,-0.0,-619.1453314690375,-1472.1604901599037,-765.3812723905905,-236.4049013541228,-28.44302479012352,-285.8263921436,-0.0,-0.0,-0.0,-0.0,-351.32695806036594,-1374.701905296771,-926.808929381691,-66.79641295463578,-515.4432820656442,173.58731172873996,-0.0,-0.0,-1039.625952309036,-535.5239990401222,-0.0,-2133.422300765553,-98.18385549056035,-1298.6574917236553,-0.0,-208.9870821649817,-190.63331211165846,-0.0,-0.0,-476.8304323681415,-0.0,-0.0,-4482.924876770613,-216.84518066683307,-2217.700550406365,-0.0,-0.0,-105.98120844676828,-1436.9475993298,-716.2237049930477,-422.49758065957934,-1398.7802733068597,-0.0,-774.512231776361,-0.0,-530.272932556572,-0.0,-0.0,-221.23026465985004,-96.77198724101412,11.834000808722985,-350.4313219775846,-1497.2952690996308,-2023.4171230239026,-0.0,-0.0,-0.0,-23.656378511543398,-434.6512119577041,-0.0,-1697.2573497642081,-2561.750037944556,-0.0,-0.0,-69.97541247330753,-1414.8715745078891,124.14290002644654,-0.0,-0.0,-0.0,-0.0,-549.6047901262793,-2510.7979972110197,-238.18970386297562,-1240.8027861131811,-0.0,-0.0,-759.0570001841832,-538.1041797743447,-347.64730215109284,39.31708355990432,-0.0,-0.0,-0.0,-905.4754148994563,-675.438207691012,-542.4443680369706,-332.98874222808695,-0.0,-0.0,-0.0,-0.0,-2246.6835113146053,-85.96074762158837,-23.307492447178625,-0.0,-0.0,-701.2441266829119,-440.34233659466094,-0.0,-2007.6251305694207,-4583.192849692986,119.15340206967518,-1283.0147608952896,-0.0,-0.0,72.64248350332858,-448.9437728590089,-1741.7603150603538,-539.1581331478015,-2709.3773172228107,-1425.1129252058563,-803.8089235284647,-1661.594222398843,-0.0,-0.0,-0.0,-39.26007982262743,-1185.1259236257495,-0.0,-0.0,-3043.3712738722334,-89.773303362323,-1559.247523092252,-805.6312159274082,-0.0,-0.0,-0.0,-0.0,-0.0,-0.0,-729.8151599931614,-0.0,-1787.746351535891,-0.0,59.435784968010275,-1388.0207884507938,-0.0,-0.0,-0.0,-2477.447928450945,-0.0,-0.0,-557.8164120685285,-0.0,-0.0,-1150.4094215536338,-607.8186393841827,-0.0,-0.0,-172.03849233819074,-2184.9213833369895,-0.0,-1054.1999801481652,-825.7176061892073,835.9955594562103,-189.42335678676773,-0.0,-588.627152898816,-2.5889804918047057,-0.0,-23.625809444065123,-0.0,-378.4757748967792,-0.0,-0.0,-0.0,-0.0,725.8210578785519,689.8322220051382,-955.1198298361857,-1748.3267452015207,-0.0,81.68668240955913,-4.312148362067234,-75.3702127335393,-913.5992686583502,133.26631213534034,-517.3212264401081,-399.6885413003976,-175.41251761087412,-3705.7057389633783,-0.0,-251.29224147788233,-1837.8904510705886,-2505.533524924228,-0.0,-1258.2320626409626,-1543.9329002503735,-2179.0818598468936,-768.8258040082351,-0.0,-888.9812015464126,-741.65328856491,-807.1372834609606,-1387.1865957372772,-1070.2657499349903,-0.0,-128.929945837031,-1141.3272050130465,-0.0,1121.280747807158,-459.24059388387707,752.4914599756456,-0.0,-0.0,-106.37403856974338,-36.98113438522062,-2348.043358164769,-1046.2510177244394,-0.0,-888.4434480804127,-3021.9604209566696,-910.0708526110311,-936.440481598408,-1285.1554795444654,-419.6115962764729,11.092985965580093,-41.12658816621929,-0.0,-0.0,-963.5546147002175,-86.28052137292616,-0.0,-0.0,-2047.8039438791936,-785.6247078483632,-677.2349854697421,-1888.7823646532713,-97.0602413392685,-20.366565303442908,-2555.7564076795693,-871.3133691245453,-592.2926814629166,-1025.7767920035915,-0.0,-2329.9762586032793,-440.1924632103187,-1260.5873175204692,-1448.1787569422697,-338.3854506853776,-550.9013177703273,-1748.4987722132353,-437.6229018784543,-0.0,-0.0,-0.0,-1363.873487189349,-0.0,-3244.198339785388,-1319.1815553398374,-1539.28295563616,-0.0,-0.0,-0.0,-0.0,-0.0,-130.18274202903882,-0.0,-260.40629265843864,-962.3558469941789,-399.49714274573967,-0.0,-0.0,11.318199085601593,-0.0,-0.0,41.7532072273333,-263.5642642229642,-0.0,-523.8716540549084,-0.0,-0.0,-89.76483719247845,-11.813247873454733,-2857.2701541847146,-2267.220960684781,44.23640764125557,-7451.5158713814035,-896.3715592338502,-654.9855115619848,-0.0,-901.0719816835586,-1582.2948305950372,-0.0,-0.0,-0.0,28.94064013732777,-0.0,-1424.013173798594,-0.0,-1444.9326655281056,-0.0,-0.0,-2248.746707729219,-396.86211949972295,-741.9567401885736,-0.0,-0.0,-0.0,-0.0,-279.4652721663543,-749.9511268101293,1439.202806463371,978.0188853970668,-795.8303405744177,-8.82326401005572,-0.0,-337.5938013951737,-335.84616324204876,-1804.8899162967869,-482.2891340258014,-124.61703720923276,-1112.229319368198,-1554.3160500682975,-970.3843775879157,-715.0922185400489,-0.0,-0.0,-0.0,-82.38925766572248,-0.0,-1762.5172293858302,-613.7217192814785,-0.0,-1895.6868428041535,-1239.1294317765537,-0.0,-0.0,-0.0,-0.0,-0.0,-1140.6810533549715,-0.0,-289.61066265202044,-1900.538700715802,-0.0,-1113.4052775720722,-0.0,-0.0,-0.0,-2448.5530528074955,-1346.3579182303233,-1073.5718398683591,-2704.4791836925083,-0.0,-0.0,-0.0,-81.74484927582785,-515.2516885785791,3.9173476285777453,-449.87241480109157,-306.76356998222286,-0.0,-0.0,-333.1478802865458,-1434.582073546406,-3983.790325547354,-0.0,-418.663974003695,-1364.5856037686294,-416.7159088822521,-495.32331467617536,-0.0,-0.0,-0.0,-1908.3563270299912,-1971.238278709589,-43.54680076109525,-1755.1419414676548,-526.7383062882177,-357.7811864195198,-8.853647660677595,-1186.9781130852152,-0.0,-2070.721014787653,-0.0,-517.8433213366434,-0.0,82.69032183577305,-0.0,-0.0,-553.0738785686998,-831.0757966337719,-7.889761443039644,-0.0,1301.9037834631154,-0.0,-0.0,-1852.1014487767677,-1400.57205347642,-1154.8780169733784,-0.0,-372.6233460672761,-640.5786903172639,-1496.646185489807,-0.0,-0.0,112.75867882507448,-717.5663387098987,-0.0,-0.0,3.8529178285308827,686.7684838984424,12.057101371431585,-1503.495588955667,-0.0,-0.0,-1811.1749289764903,-1721.529547609028,-84.02631316575696,-0.0,-170.89636685097275,-755.7424492991922,-1145.0041744858715,-1665.4469603722077,-0.0,-921.9249197361933,-6.546200306258362,-0.0,-1683.2516220937455,-0.0,-0.0,-0.0,-0.0,-608.3327740030654,3.7441063147111975,-16.630964331576298,-0.0,-0.0,-590.1498082325064,-0.0,-0.0,774.6641185425589,-1059.8452177306856,-53.58521671588583,-2020.7882736008437,-0.0,-0.0,-663.4116222069343,-0.0,-281.3399628040029,-1175.4926065989991,-1031.687695051973,-1151.4611515357935,-0.0,-0.0,1485.1133857769485,-0.0,1034.1916671870279,936.3634689599158,-42.02060526552321,-866.1392854878128,-0.0,-0.0,-105.68629737441985,222.00507683963048,-825.1273896281726,-381.4951752026181,-1076.4725422908277,-2737.0905085885624,-1970.2499986454263,-0.0,-0.0,-274.3489884009829,-5279.016838126383,-623.9073483036443,-563.2792423864433,-0.0,-0.0,-612.7539472341523,-0.0,-1061.0331333346894,-1315.8382849238774,-783.9971808345969,-0.0,-0.0,-57.77719407949603,-0.0,-171.4621249771653,-1444.4429126009593,34.34890369415647,-662.2913585767515,-452.7351198812052,-252.70184746114734,-661.4192935070092,-2336.9620355692327,-17.017973250483237,-1212.9503355983966,46.726574640770174,-1011.0239195616671,-315.4371831546743,-0.0,-0.0,-234.0970759721173,-0.0,-0.0,-1669.1047254609982,-659.8510161946346,-0.0,-865.1988940403448,-517.1053128570793,-0.0,-0.0,-1447.3335101683426,-824.0728890250449,-1549.9330534327908,-1379.0726264298862,-0.0,-108.21442306672263,-3134.480643785952,-1076.5436681206643,-281.4088231756997,1620.6137311231926,-1854.8409481584583,-1261.093922205543,4.257683520513385,-892.6221644079295,8.94963012206348,-1836.2518734215785,-0.0,-3769.593658290472,-824.9616006696309,-0.0,-1592.3065562268573,-1485.9718954505377,-0.0,-193.4199118264662,-915.6762187358886,-1203.9280995618578,-1424.1940701690921,-769.7962217711017,-530.3561622559405,-534.4172669759052,-0.0,-150.00874709573014,-0.0,-2485.6649581440965,15.090142341126741,-3549.2042464134925,-826.0511932605921,-41.65704106199994,-36.883310355088376,-1403.4019197120322,-836.318104719968,-0.0,-428.41020977807176,-0.0,-0.0,-788.178290784914,-0.0,-0.0,-0.0,-0.0,-0.0,-0.0,-0.0,-763.5310179052346,-489.53394819637805,-2760.458392083758,-2430.378773474028,-0.0,-0.0,-1165.6374838312213,-2009.958121556787,-507.70849370203433,-185.966254321847,25.729514326362427,-0.0,-1385.9657979440897,-0.0,-2425.328543645687,-0.0,-0.0,-0.0,-0.0,-1930.2094312104566,-229.1486847931579,-457.0134045073431,-1098.2442191797127,-1357.014258792434,-1101.7216658568057,-748.2528466329873,-1205.8140382744787,-0.0,-0.0,-0.0,-0.0,-591.252427894589,-431.5803665914469,-1387.094703346465,-0.0,-709.632198211536,-6379.472495002672,-614.0451943014522,-803.3798049965535,-2903.4655176681354,-820.5419154053932,-0.0,-532.7889845682859,-567.5585376086985,-1146.5461561700067,-601.6501923605343,-1493.9719261301414,-1715.3114666741687,-0.0,-0.0,-0.0,-0.0,-1615.7831507201543,8297.071651229213,6784.51537563671,-0.0,-0.0,-0.0,-0.0,-2060.0607846297767,-1163.2767812968252,-86.83306491861545,-1422.684897251657,-817.8460575686647,-0.0,-0.0,-0.0,-0.0,-734.3742449774187,-0.0,-1884.3884069672272,-239.21370441432296,-0.0,-0.0,-0.0,-0.0,-131.82260359037798,-529.4195529646512,-401.85586500695695,-873.0103715777885,-1166.7214747140724,-1129.0275313118884,-1104.7964615573387,-300.1302238186408,-1507.3715167704045,-1454.8449839669129,-1163.2032895785924,-1540.13600111043,-38.96508673911236,-1210.214370200856,-1023.5206647352476,-935.2083051818938,-1566.815466770529,-346.29866791628143,-2240.5134264530607,-1512.7067972174634,-1897.5418116975236,-597.9608258132305,-552.6867646979156,-1066.2994130326692,-0.0,-1071.2148477708029,-0.0,-3367.7807145577694,-788.6005087251281,-276.2551095663601,-1886.1824712200655,-1518.1307011401473,-1143.1606282123419,-0.0,-0.0,-0.0,-0.0,-821.3345676155534,-3611.4574266979434,-1696.8909321650456,-0.0,-0.0,-1141.06799143281,-0.0,-0.0,-1212.8169748296345,-521.7625073256046,-1093.8651077673394,-567.0487045694773,530.2634403893852,-1093.4980633030768,-578.3007626681791,-1543.1433903359543,-0.0,1392.5786144158246,-0.0,-0.0,-1156.180660451073,-5544.033633929581,-0.0,1667.9690922541695,353.0121821035369,-880.6358107639264,-232.37639152058478,-0.0,-1773.3319098633256,-1000.7016443639509,-2185.775514268341,-2087.9469727280857,-368.57614235882585,-0.0,-461.0601525829654,-163.23363017132155,-0.0,-992.1197453746552,-0.0,-1780.468090655962,-2225.0825744864346,63.491877908251794,-2392.420292501033,-1997.5147574737273,-0.0,-550.3295074828742,-1362.826838348758,-1931.5310120564698,-0.0,-385.9848140233735,-2395.356223084949,-892.0529577966139,-820.2826206802781,-919.6744625487906,-433.6953874092621,-873.5413885144798,-1555.7433813933515,-0.0,-968.5890340769,123.49425911582736,-1423.3120706259474,-0.0,-578.0981260666626,104.57522287278617,-915.6473876002816,-614.6621711988057,-0.0,-592.0040661773758,-447.85436991536955,-1674.362394085779,-1245.8291924796195,-1604.7421698541866,-863.6099686788796,-784.9961224610172,-922.5183831983471,-2160.6809509824816,-22.81610365936868,-0.0,-538.5642873035125,-617.691311471364,-1369.9481142992904,-2053.713923059666,-315.1329082382809,-729.5657979087904,64.28945567510452,-859.0953864793516,-1247.7761602556589,-795.0207911310562,-0.0,-1014.3276997678124,-56.03917213619669,-2475.981942676267,-0.0,-419.71779916704014,-790.0208487716143,-559.2960055779523,-2310.930274010482,-169.93641427986736,-1535.8473881106345,-701.5595160662709,-2573.9018289980013,-0.0,337.0913965861812,-0.0,-0.0,-320.73626192316675,-0.0,-0.0,-3637.8306772691317,-26.919303720310673,-37.2501925493765,103.6485630920652,-1331.250609236404,-0.0,-0.0,-0.0,-0.0,-0.0,-28.089597239318103,-0.0,-353.4024405296641,-0.0,-293.30636571467915,-1939.5124754085425,559.7397633161428,-2957.307286344984,-0.0,-0.0,-0.0,-0.0,-0.0,-0.0,-0.0,-0.0,-0.0,-2584.660872750711,-0.0,-2700.896645299641,-3143.987426566145,-38.50012437782621,-0.0,-0.0,-0.0,-0.0,-906.8959236590495,-1098.6107908561808,-0.0,159.7917026447727,-558.3617995765038,-2160.576993211913,-653.8643679595683,-0.0,-533.4735509819044,-1159.5515720665821,-0.0,-0.0,-623.2113629630453,-920.8521771896837,723.8149258351268,-488.7615104898703,27.3285946524768,29.61730824028538,-0.0,-0.0,-0.0,1560.5767367165704,1396.3666566071747,1636.9185814242599,-0.0,-0.0,-0.0,-793.7533545857658,-0.0,-0.0,-956.6807181323531,-77.23266797097368,-469.147226020183,-56.58631302490324,-1035.5106118789329,-801.6078434232445,-1446.852493311254,-144.0221265223834,-279.76160163292457,-1239.8610702467897,-0.0,-2162.0956643432514,-16.15299655080899,-955.5886628426153,-925.5688993017505,-16.491955212169092,-0.0,-1307.838265125827,59.95744958408979,-0.0,-0.0,-0.0,-0.0,-0.0,-1383.8692890592126,-3096.644932860078,-0.0,-648.014144907546,-61.393679192935984,-0.0,-0.0,-0.0,-416.2820909493011,-30.088607709149425,-0.0,-1309.156058127834,-793.5222731386642,-0.0,-0.0,-537.6258865700603,-0.0,-0.0,-1640.2178715751497,-1384.352460682277,-0.0,-821.6195512383869,-2104.7591139296715,-92.54453498413477,-0.0,-0.0,-293.68179320907996,-781.8592030950762,-233.8296762661213,-197.85097453540513,-164.08102553066428,-0.0,-0.0,-0.0,-1353.8221227771867,-993.7410216535095,-1955.1376198023145,-273.63513543368185,-1336.2300379103124,-124.54185569705754,-164.62116023864658,-482.7516931826492,-1984.978432230413,-0.0,-0.0,-1738.384129006754,-1896.465969057546,-0.0,-0.0,-0.0,-543.6809052505172,-2320.1766745944888,-3420.2299397600646,-0.0,53.18300100748474,-177.5139126166442,-690.7369166610775,-678.1273607122437,-2049.5458565730837,-0.0,-1485.7162228490597,47.40356384779823,8.104976258562044,-307.7320569496867,-0.0,85.12981454117006,-283.3319686067389,-426.5354381486372,7.799522047021685,-0.0,-0.0,-662.9774577248756,-13.073038315252628,-0.0,-1341.9101179264048,-975.9357512251963,-1234.503771599304,-800.8409537571982,-1154.522077768495,-1746.9446691144815,-0.0,-0.0,-0.0,-0.0,-0.0,-350.8006831750393,-658.2546282453725,-1266.7730042400117,-1537.9302052834112,673.2099359044959,-1464.52013164557,1671.311154903847,-0.0,-2085.1646738443123,-1675.7793846251082,-835.3642284152296,-30.768653273117643,-122.35449658608056,-2219.666376182447,-227.7133495744817,-0.0,150.9161461404013,-901.5473075243759,-0.0,-0.0,-604.9864500247097,-414.832367436253,-392.78410059687917,-1243.1039096528154,-1681.9859235888923,-0.0,-1504.3802384513688,-1136.4374078142948,-4144.756718296646,682.3232399486263,558.7698565698073,678.1195357615093,702.0433350380172,-0.0,-0.0,-0.0,-0.0,-0.0,-0.0,-0.0,-0.0,-597.0475990033335,-0.0,-53.08105615781968,-38.81983859058135,-0.0,-1308.5664929708034,-1416.1018575475782,-2007.9649322184114,-0.0,-0.0,-0.0,74.21493420567192,-3019.6516428266073,-665.0848656977868,-2871.3926442266165,-1555.950931803938,-0.0,-0.0,-150.25117671915345,-1391.733731136744,-0.0,-1950.7026018514548,-718.1884763505268,-0.0,-0.0,-0.0,-2436.361779242915,-0.0,-0.0,-0.0,-0.0,-0.0,434.0735137786884,-0.0,-0.0,-0.0,-982.2717440211181,-0.0,-0.0,-0.0,-0.0,-0.0,-0.0,-0.0,-510.5164691240202,-1033.4288651920638,-1510.672922008297,-1663.8206109427576,-587.3890067816554,-1235.6615969387683,-36.99705974161048,-0.0,-640.5481956717902,-51.221866526187526,-0.0,-0.0,-0.0,-0.0,-808.7887288917292,-0.0,-501.37918880362906,-1282.5856192332267,806.7245392635961,726.7177201088506,740.2544720384387,674.9412347893175,703.4862974138674,-0.0,-0.0,-0.0,-0.0,-0.0,-0.0,-359.7999992447286,-0.0,2095.0592619579834,968.3062537887686,1164.323285879177,-0.0,-0.0,-1250.6108455065914,79.58477055259206,-63.97216750035748,-2388.1134320351853,-0.0,-1893.888953292061,-0.0,-0.0,-0.0,-0.0,-659.8902262378327,-0.0,-539.439840147965,-564.0643608916591,-387.17167019934607,-0.0,-16.712909589326546,-0.0,-839.2935425895251,-0.0,-2278.073300864916,-616.1685785457212,1738.8733618471929,-2135.637291827184,-965.8901781913055,-69.74122874338907,-840.965965800518,-0.0,-534.455426891383,-80.07461818493687,-2433.491054472199,637.2406242825385,90.6038769883908,597.1446018873883,1264.140663146731,-0.0,-313.7682274106222,-25.259594833291377,-1064.8379208033246,-1231.8950320815259,-1447.0203770292626,-1864.6055919953144,-0.0,739.537320568388,-0.0,-386.24369166862715,-2312.491352035732,-1339.5169451979257,-0.0,-1287.8495115859619,-395.9040704512409,-598.6560553783561,-730.9428138982614,-340.0948507850353,-1380.478811293687,-0.0,-2177.179667420095,-399.34266485731143,-1520.5371038586213,-317.439357790398,-0.0,-0.0,-0.0,-0.0,-1300.195351955859,1185.2470691393614,-1105.0021798767068,-613.9539970644614,-0.0,29.666941475595753,-0.0,-0.0,-780.0899222280094,-719.8049486649618,-761.203782002986,-647.3866991716186,-0.0,-0.0,338.3289507123744,236.3836448169295,593.3910063546826,-0.0,-585.0426021476299,-1909.5737941430784,-1267.9515982620985,-4.341137584687785,-1647.592063113046,-0.0,-0.0,-0.0,-576.5528038401679,-868.5394912333084,-0.0,-1349.9930181495417,-0.0,-2652.720440598331,-3679.518422171952,-0.0,-19.4461564981177,-0.0,-756.1908393788287,-0.0,-0.0,-0.0,-2163.2030049203595,-1119.1408707925482,-609.0474289981927,-876.4017882029405,-0.0,-0.0,-2130.214892058032,-0.0,-547.1769261760751,1170.0204231077523,-905.1538587180022,-761.908680800041,-556.9477594045004,127.41968801414609,-0.0,-0.0,-1345.6467558781935,-0.0,-726.505780513191,-68.6070948707618,-363.6784606993388,-342.5710336773334,-0.0,-0.0,-228.13065024187785,-640.3741295582812,-1053.901645862652,-627.0847901594368,-1065.5086508431002,13.018937299669133,-0.0,-130.51648510567475,-2086.277969250481,-1262.666870657735,-0.0,-0.0,-0.0,-570.4202496614328,-605.45164102247,-1564.7467062102362,-0.0,-0.0,-0.0,-0.0,-0.0,-1492.2554294892855,-711.5232243299578,-0.0,-582.1016580220468,-0.0,-17689.900022785212,-816.5002354622568,-118.8307406265948,-607.1371309187742,-0.0,78.59885361208244,-1280.351136839227,-2580.3707336163966,-0.0,-0.0,-0.0,-778.6670916298217,-514.0722172087746,-1103.626282294711,-1007.8189435403377,-568.8501714980792,-0.0,-0.0,-1732.1423949119473,-577.0932555150622,-2294.463384145259,491.511695851125,-2375.6453854759416,-0.0,-0.0,1649.7575895996117,-1559.5624069157232,-0.0,-237.50839982670396,-352.94338840016655,-633.3414001376351,28.394137361778267,-892.7111932367636,-0.0,-0.0,-1371.1403689015847,-1278.5350514731024,-2455.451413492551,-0.0,-0.0,-2430.7192931751147,-710.9214968383377,-722.4854420974458,-2459.5326917592165,-1447.5797083377875,-0.0,-0.0,-1054.188631781782,-0.0,-88.97011860912278,-1552.7151953977484,-1784.2833145787038,-0.0,229.20427893767715,-770.7025426334754,542.4752497591552,-262.83985724392744,-246.04960489777378,-0.0,-451.5445666928093,220.83552989482612,320.7763770084349,-456.95268072291714,-2500.4974965974643,-1998.3770120804513,-86.1956022947183,-4451.944425683229,-581.8254882197057,-1130.9198085190606,-49.21884843911779,-3769.873979084684,-335.0748715539965,-642.0814675878868,-305.15777584212356,-1608.2244469226819,-999.668444506617,-3426.9377124256716,-5369.999128345526,-84.26357997171515,-678.8860774120197,-1706.1093946172,-1178.1894445870707,-0.0,-3390.3831070056053,-0.0,-272.6133337926922,-1527.1240406623742,-1375.4950977436329,-0.0,-0.0,-939.3696281160345,-236.31226005015515,-0.0,-1375.706127515113,-0.0,-668.4721584246852,503.1496640097301,-2245.5727179011983,-473.19979129646737,26.221794476609766,-13.246858374487164,-0.0,-1872.464861932607,-567.0491581621573,-0.0,-130.04493867148315,-0.0,79.28023908901747,-179.29808818899687,-0.0,-375.0535326926792,-1387.1290212947238,-443.9594376809872,-783.5839741755269,-2186.975420821423,-0.0,-4013.833383968012,-1736.8793077203063,-2440.6374356949354,-2216.408653633947,-72.60090236358207,-224.1833780074749,-633.8979630200296,-1464.3743225016972,-0.0,-0.0,-1239.9920623497549,-191.93193404945413,-0.0,-77.24160550933262,88.74850179659606,-2226.06757831392,-0.0,-0.0,-1297.9825696371176,-0.0,-74.74586615153889,-0.0,-44.40520902833913,-145.30586565832763,-0.0,-374.97483702023084,5715.018976601765,-0.0,-0.0,-2619.4427651641663,-776.8020190406364,-271.8811359854485,-0.0,-0.0,-0.0,-644.6979302607048,-2123.2564922262573,-0.0,-0.0,-0.0,-2260.120512686971,-0.0,-0.0,-0.0,-1571.666656076662,-727.3833960789906,-298.4902410644316,-462.17875841374513,23.150886943316255,-679.0043584443034,-377.4591736876209,-206.51718190837553,-2382.8885892571097,-0.0,-0.0,-1246.5938380277612,-760.7107551554258,-2441.5750265195334,-0.0,-0.0,-2669.0227381420327,-668.0901414949384,-1538.0219679781424,-413.15034124058377,-618.6355766736208,-2317.637025597029,-817.6964577150092,-85.43197704771126,-816.9414941917601,-1991.6233075762116,-1535.2243894986673,-1356.1248482830647,-0.0,-608.3847365762945,-0.0,-1553.0334159028948,-419.8367161213936,-218.30719161749028,-620.3927991149133,-859.0752157017447,-12.163328997141564,-0.0,-1175.4004838078984,-549.7925250972633,-43.69272511019032,1518.3494717065428,-74.29160596585072,-0.0,-633.7309972699098,-461.67866631103004,-0.0,-670.7826330811222,-1543.9050042355575,-0.0,-0.0,-0.0,-0.0,-406.79694379161276,-900.7407401519469,-315.87986586055194,-483.6614715791844,-340.0105195610207,-1610.4056848719615,-712.0346560471488,-1400.6031100060463,-2508.7780551529754,-1941.6023544574396,-0.0,974.0787083180942,984.0099863509812,553.6221415290177,756.0914075231736,434.7553623227794,-0.0,-0.0,-0.0,-0.0,-0.0,-0.0,-0.0,-0.0,-62.554511484990684,-859.8090277435258,-506.5654137973036,-272.54109060202506,-1179.2278153203038,-98.31975067715977,-356.29888326395235,-1136.0947454100672,-292.86455293463814,-1722.6916401106182,-748.7041206739312,-81.62642496307059,-371.96104109070484,-23.6073535865017,-0.0,-557.121866147899,-168.20601090508234,-202.80697550445157,-727.8026416779873,-344.3884786715727,-1486.9593197166078,-292.1013490981439,-0.0,-0.0,-1870.2645557458313,-501.07522064954725,-324.6602542960253,-529.2491115199892,-892.5755685110383,-426.90456143739,-398.39725358779805,-0.0,-630.9308224230773,-674.0809458355137,-829.5251207410671,303.7258226107523,-1308.3975005008454,-2193.764320977989,-209.06719220756167,-654.5671241820927,-653.7945373513099,-13.0582752953737,-0.0,579.507187639895,-782.6161701195537,-34.67637162094297,-1889.742908778034,-0.0,-0.0,-1207.0829640057311,-484.2170303813031,-0.0,-584.1253935923197,-668.2962062306054,-777.9384968409522,-0.0,-690.2116039300914,-470.4651303457943,-2158.4160596138104,-4144.593394573661,-379.4353635961672,-0.0,-79.81969698463901,-416.8167102389151,-1474.1391191671962,-220.95273690196822,-560.6129788528925,-701.4928965569593,-733.7080578039062,-371.1882137028865,-0.0,-0.0,-1609.1002495328682,-106.51572842995029,-423.04459255419494,-768.8309791407722,-1167.3779515479926,-2378.470593802043,-0.0,-566.4718973164714,-0.0,-0.0,-0.0,-0.0,-0.0,-28.020359509872332,-179.1707181675567,-348.8396173652463,-0.0,-0.0,-0.0,-0.0,-0.0,-0.0,-1156.660441723315,-2216.2242154052014,-400.89023227749095,-484.23126235899105,-44.93097043426879,-0.0,-0.0,-422.58941229835574,-0.0,-0.0,-110.20644423375366,-2632.5668387928686,-0.0,-0.0,-1447.3135209064146,-555.0348187839379,-858.9817772687612,-963.1732382543333,-701.7124463557152,-0.0,-0.0,-1143.8126147078879,-1777.7414404546314,-960.607166206002,-0.0,-1112.040721629487,-0.0,-353.68119753646846,-706.8260804513093,-0.0,-654.9722962502507,-1746.8168093488066,-0.0,-1665.372069706099,-174.31669252985478,-581.2183902544929,-1347.290672540865,-223.7597688852436,-1194.1725016927273,-0.0,-994.3465176847191,-26.790452665979576,-2311.3617034808626,-1834.6280432166066,-0.0,-0.0,-0.0,-0.0,-725.3419289028701,-796.7034047713738,-0.0,26.521931932678484,-357.5573232389954,-744.1272996890834,-2010.1593966842104,-2230.4423949764177,-370.89069092480815,-0.0,-1376.8327112531088,-830.6330284665911,-1683.5533855646167,139.7224217893616,-0.0,-3295.097200478963,-680.4654937536803,-0.0,-435.83372933317077,-1429.171595427888,-0.0,-0.0,-539.4885469500397,-1414.587034002895,-0.0,-1062.556395545875,-1270.0759990027102,-37.53990989000629,-81.76870786029133,-498.64717111890394,-0.0,-1457.1002419273684,-2568.3945672291184,-1141.9327608681,-176.17562304344474,-1868.9385855491635,135.7446585824112,-844.3421781453803,-615.5802646966332,124.17699451697783,-847.4252260112497,-1438.0134340855677,-821.7874617363511,-1278.582971739043,-402.8429267747673,-591.6200750766826,-749.9953126250473,-1525.947442632567,-0.0,-0.0,-1785.985178055183,-320.032307093589,-0.0,-1475.486657164838,-1216.7555738610813,-0.0,-2435.7546749922667,-529.482122999326,-0.0,-817.3302927536349,-0.0,-0.0,-1241.4558127141622,-1001.1991868829457,-0.0,-0.0,-0.0,-729.2054244005571,-4.430022707211872,19.928018696324045,-249.73078534810264,-0.0,-2084.1403472947004,-1461.620583809271,-550.3700423532254,-2034.0545299384892,-0.0,-57.95382233162772,-925.2915169602121,-0.0,-421.3902787544658,76.70867147535326,-1590.265438655774,-1016.325580108213,-672.1087409549943,-1256.2055447906746,-0.0,-0.0,-0.0,-784.6310729371678,-0.0,-383.764317200198,-960.4384742286209,-208.4139365643281,-1195.4410399015064,-2144.6496832485545,-548.20954572445,-2058.924293179556,-0.0,-1109.839286523028,-722.3853582997328,-501.41853652978216,-1251.5893925684813,-310.8748682674604,-509.9455948058248,-1478.6267518142224,-0.0,-0.0,240.03299855723452,-2705.627280283497,-967.2385310165997,-263.6268748661548,-0.0,-363.88099449631534,-529.8147849711811,-635.4660174341417,-0.0,-0.0,-761.159155536874,-0.0,-20.9051860962481,118.75065221855567,-118.5767923401861,-1975.519830026126,505.29756864851294,514.8187833993859,494.4308576376986,635.7569202610416,47.325482880294494,-0.0,-622.7080448493736,-740.217892603962,-351.1851409780388,-9.70530526220476,-0.0,-0.0,-0.0,-191.12164143298128,-13.265222449275594,-903.7857715279639,470.3598199292382,2358.643790999814,-0.0,-0.0,-0.0,67.89654290489771,78.09818493567477,-0.0,-3042.507062421087,-0.0,-0.0,-0.0,-0.0,-0.0,-2418.415967299491,-278.6032327169762,-0.0,-398.6198902469604,-2110.2307837041512,-159.75818003497062,-317.32575234992026,26.034859333491386,-1707.2559488622956,-4268.074592791179,-1940.9755220138013,-0.0,-0.0,-1655.996623465029,-1032.4517484926148,-725.5005317709915,-411.0054749751065,-344.6747866611677,-991.8194412596566,-1003.7485095590202,-4914.375984689459,-666.4557790855467,177.86930623279156,-812.6590757448818,-1078.246976252071,-614.2565898938711,-625.4165214422798,-7.505259236697145,-1600.05241535899,-816.5910333216284,-581.0080754938252,-0.0,-0.0,-0.0,-0.0,-228.14441501666101,-1202.8631101588032,-0.0,-1231.7382080937448,-1354.8393959191096,-0.0,-0.0,-1441.4612874172785,-0.0,-0.0,-213.10187923947117,56.00817823382097,-0.0,-0.0,-3078.936047577514,-1212.5401803213408,-95.82423902832689,-929.9650237048318,-1403.6886474118419,-0.0,-336.06617220289735,-499.10767034480114,-0.0,-1371.433753665425,-334.9523787762021,-1154.107166134283,169.66357605484944,-881.6435848833981,-200.6897604289605,-235.51065456119122,-53.16233360019538,-44.64772295715945,-605.7385920748347,-813.2481551681923,-504.6053146065379,-704.2426927609731,-0.0,-61.74519520776238,-726.6246578087803,-166.16963076647465,3.886536017949474,-0.0,-998.8097520695079,26.89873143697405,-1300.4202462108162,-0.0,-0.0,-0.0,-1850.727547912079,-0.0,-0.0,-79.34512396095968,-0.0,-0.0,-0.0,-0.0,-0.0,-0.0,-612.9896159373388,-1606.9612291144383,-0.0,-0.0,-0.0,-0.0,-848.428769320793,-474.0169751894487,-0.0,-0.0,-1850.7132050099428,-0.0,-1365.433241058878,-2679.5545806789337,-0.0,-0.0,-0.0,-500.81468034124333,-0.0,-0.0,-0.0,-983.194394595592,-753.9474572591997,-665.9430516336165,-0.0,-0.0,-224.49999103014616,-0.0,-3976.2828034710656,-5389.037059641298,-0.0,15.39379486119918,-0.0,-602.0529993529489,-672.8543261963742,-2002.199589081703,-0.0,-0.0,-96.47399084517372,-689.8606273342396,-1364.2029554281603,-669.8841309175967,-338.8204055755953,-0.0,-0.0,-1210.8290172920529,-977.0575591278397,-45.43411636372191,-0.0,-0.0,-731.4690781985404,-381.2715589942635,-84.58265108621224,-0.0,-0.0,-0.0,-2171.864878212853,-340.26871066065246,-1344.849588008057,-4344.874398290492,-0.0,-984.7709812332022,-1152.7358248849202,-2393.191080606683,-339.75747716435086,-0.0,-0.0,245.34760794289954,-1184.1940919450558,-1843.9000176860409,-501.5770150016597,-150.04812278123052,-24.798230985171386,-1796.500405757742,-416.68590867214715,-1764.642853785741,-668.5842133060239,-2722.1634627873177,3.863480742136245,-990.9061897100937,-882.8355942861551,-1856.9057580609237,-0.0,-0.0,-745.7280463865623,-1679.6715612430205,-1808.0274839480946,-871.0644270898066,-0.0,551.6624233989297,-68.63679889330871,-448.3109389580075,-0.0,-18.88543247372435,-0.0,-2463.910926135316,-52.07443536942146,-0.0,-0.0,-747.0619204550959,-1104.487908437743,-807.4931047020876,-348.2921664660805,-587.0419297559731,12.607801920342386,198.71227726315325,-828.1187445282633,-26.235154121092584,-1512.9184431115489,-0.0,-1547.155384396195,-127.69532609883929,-758.4198483009451,-399.679078088866,-24.266070489202207,-42.832353172974805,-20.17298585797231,-1248.785327753728,-974.5353191368978,-1410.5145113912806,-255.67918965495315,-1384.4548154168397,3.878441142699235,-0.0,-765.2135601078559,-2674.6169426687306,-0.0,-0.0,-29.903889904611933,-2093.6531659160955,-189.75752437998582,-576.07171948169,-371.49792859969386,174.7936742415716,-0.0,-0.0,-1266.3234230371045,-0.0,-0.0,-2169.964639169702,-1580.8042008668808,-850.5067456505162,-759.7563672116052,-642.7019473220115,-907.9220424471358,-782.3700635566678,-1301.087778382194,-2599.298074539743,-0.0,-0.0,-0.0,-0.0,-304.0119246410238,-0.0,-2065.3491346471433,-632.9230351983218,-849.6141703431722,-984.128626393556,-457.89398872342747,-0.0,-1411.1540097388333,-655.9711164441602,-0.0,-2583.758410724113,-1449.595101836698,-0.0,-0.0,-2422.7748308994023,-1714.7247414370647,-443.7653580245898,-807.8532760456969,-0.0,-533.9969912118023,-316.34058288302293,-0.0,-640.5885971831663,-549.137560746785,-513.8921068336685,-0.0,-0.0,-0.0,-0.0,-390.2001453446895,-1235.092080770246,-7065.9672764724755,-0.0,-0.0,-733.0436341075279,-708.0323139988075,-1931.8599885186993,-660.2843608231467,7.650949307623757,-458.5849562762748,-0.0,-645.5926857871152,-574.2285291050882,-0.0,-506.5375116253823,-1143.1494229447567,-0.0,-0.0,-0.0,-0.0,-0.0,38.63719019352767,-2132.200002184872,-0.0,-1349.8473526754874,-897.5497395984212,-4.039705902726227,-1700.8741335774266,-974.6736515697523,-974.7675990667567,-1424.9547414457566,-78.56557126686594,-120.53333850325807,-1267.3177158663332,-707.0732791171132,-684.4170573229763,-0.0,-1475.8701902865218,-1369.0414422363094,233.89095015986808,-0.0,-620.0541424955254,-719.998899209714,-990.7563344516429,-66.10610722218952,-0.0,-292.25449597441263,-0.0,-0.0,-2479.4881716200093,-2132.0701623307955,-1928.3041647500825,-1721.4184260718562,-0.0,-1253.7741057243,-2067.612373918518,-0.0,-5348.985892037987,-0.0,-0.0,-0.0,-0.0,-1056.6609851117953,-2471.4139122882375,-2327.429162769824,-91.74309312204831,-1984.4014291328078,-0.0,-986.4376949792437,-31.604793581960543,-0.0,-68.77420315277348,-558.8714534427284,588.0042666197817,-0.0,-464.1691742036697,-38.49946605781132,-0.0,-1450.3352182464055,-0.0,-2124.446274702097,-144.82577218670352,-0.0,-0.0,-1070.670141381011,-1592.9304068075328,-1048.568350063036,-1245.7831071933329,-1297.474751281194,1577.1294621184757,-58.207634910557125,-807.6928387476083,-36.25207577763572,-2490.448333160232,-820.0483191034413,-872.1866953440386,-468.1479518325194,-1642.6306003189666,-1736.2714852392155,-438.22574404538875,-2492.66692449042,-334.9287053663235,-0.0,-0.0,-50.99067012885892,-0.0,-0.0,-0.0,-0.0,-0.0,-0.0,-1698.3395506092495,-622.5035832372397,-1190.2547270149512,-912.1553037002702,-0.0,-584.9216377446385,-1248.2224428656496,-1117.642346470416,-2228.4076654270702,-1332.834972145248,-88.56617801664832,-199.32220466172595,-980.408278543763,-1484.950145391915,-0.0,-0.0,-0.0,-72.7614504622665,-828.395215728486,-157.67386359329797,-497.16196676149195,-1020.1087777357079,-0.0,-0.0,-0.0,-4132.545795258831,-0.0,-127.27358331014271,-0.0,-222.17152465040473,-1151.6788473894212,-1240.1763349929429,-866.7888095119869,-0.0,-43.60287354043242,-578.2372144920656,-750.2031770983144,-570.5498823860675,-0.0,-1073.8470193707524,-0.0,-0.0,-2770.3716243505546,-0.0,-1403.5871318958148,-650.504503571715,-422.3964674081105,-281.5472819086962,-1433.7488059649554,-2815.75099746214,44.458270820739166,-2316.3435665174,-1722.8002814850793,-445.31293649898,7.581245245681772,-0.0,1499.3654341761624,1119.5894796527107,1168.24050984652,-0.0,-0.0,-0.0,-891.8667393474751,-0.0,-293.8948332588507,-184.3891082701615,-0.0,-3697.6915771457316,-0.0,-1452.896044369336,-83.97250778587085,-1099.882484221522,-603.3187824160296,-1507.750379723104,-1252.5158583806067,-0.0,407.9658556647575,-2670.2260873359364,-1710.1267997077155,-473.3867242862245,-1247.358056349363,-1734.2952026165485,-0.0,-0.0,-283.33630042632944,-772.2485019027498,-2304.3457257436057,-833.8696169943183,-37.801420907017416,-0.0,-0.0,-713.4548285823806,-0.0,-0.0,-0.0,-213.12099177886495,-1441.655576029153,1674.6325299546158,-1363.69153220238,537.7746270904455,-743.8513563811935,-1032.9622636680003,-11.09495387401147,-5009.846690088828,-389.55141446017984,-0.0,-76.48019030354567,-2427.5316976947315,-1778.1472407833019,-0.0,-27.828440113376033,-0.0,-661.6310690112298,-25.972760990302913,-1923.0513939433938,-1586.1196599298755,-0.0,-324.0590318481495,-0.0,-0.0,-0.0,-770.2080387835925,-1054.242859626656,-434.42565767207157,-1166.3099435584886,-1806.6213850318834,-987.2013782845888,-442.8495821763156,-497.20469357999235,-113.10313311609417,-1690.740555406533,-634.7791983841537,-1035.3068217798493,-1256.169645231211,-1489.7894520674859,-1424.5642837159937,-390.80758716037496,-1531.229981441587,-0.0,-0.0,-0.0,-2197.2303632356634,-0.0,-513.4789925899245,-1238.2250370334145,-11.317776281160368,-801.9949128369448,-626.1675909748132,-973.3849890564591,-744.1915379428464,-206.18356604368307,-1919.3817007699708,-5390.385865888395,-281.09696429210254,-31.963797777739252,-0.0,-116.49756288437916,-6994.796754338216,-1881.0561891325535,-700.8519457731011,-2460.766883155145,-217.26092442946756,-0.0,-24.62745228210983,-691.3999930149106,-127.50269522667166,-1149.0092611824307,-1095.712429271416,-206.82533107238447,-0.0,-714.7216386929102,-1935.1499232002209,-1992.735662564609,-1944.52138287187,-0.0,-1561.1067983683715,-0.0,-53.690800684745376,-891.9907683737306,540.7631509399415,-0.0,-0.0,-323.1188810895763,-1024.1254926537522,-756.4852910270639,-1293.870375419552,149.69154004073448,-1462.679291612158,-132.373090166652,-337.91951888344045,-2138.3214854368566,-1954.8705856800982,-389.0903489107056,-0.0,-0.0,-0.0,-0.0,-0.0,-2082.4274031292944,-0.0,-641.2281264526425,-819.8124718272574,-2643.3574489912694,-0.0,3.4830536379235473,488.80560629394415,2090.3544399383795,-637.8860871421194,-1331.0658523827512,-0.0,-1354.718320210952,-3694.4860752066515,-871.6145716766687,-5616.3647157525775,-1213.8900882317662,-0.0,-780.0568603696473,-2389.18355339174,-204.8623482822651,-0.0,1239.9246968311463,1383.330351158292,1195.4828647461563,-0.0,-0.0,-0.0,-0.0,-88.45310731638858,-2371.8803632731533,-83.83636241921154,-0.0,-2041.8785536746593,-1172.7335817093506,-475.56690552683165,4.255713029815811,-0.0,-213.85486872867187,-816.878842098412,-0.0,-0.0,-49.22100423521352,222.2175211665999,-2275.391238876769,-0.0,-862.5405829407473,8.985243518732055,-75.21459849912205,-0.0,286.4034413367326,-97.07294713249432,-474.9170921402557,-1897.0038546145677,-0.0,-59.42000540756424,-1242.3880905373767,-1036.205857725554,-44.265339894715595,39.888761195990575,-0.0,-1254.894620746005,-800.063388763203,-8.672867719801468,-0.0,-0.0,79.07135654405315,-242.9214476832387,-167.04152266342246,-84.50743941502104,-12.47896007966578,-182.64647118079213,-766.7590657456702,-991.8454865006515,-513.9381226328679,-0.0,-2225.054112707962,-1005.8096209345586,-0.0,-0.0,-1076.3822762429422,-2155.095567445384,-620.291040243626,-7.6021895076351615,-2744.0625082921692,-126.85527583248842,-84.16815885160335,-1108.1003920638148,-0.0,-367.753066114509,-1482.3429020174158,-3.7803303829050288,-0.0,-3397.341172588551,-159.0113759596653,-1560.8840692590798,-942.4108849328431,-1258.1494546755396,-2441.1062298256907,-82.34868577435677,-861.9855418288581,-1947.0040446886699,-1230.672199594152,-1238.8253024270427,-238.91279371028963,-1882.4924739235294,-0.0,-2712.7841809735683,-0.0,-6585.924413316183,-235.9356859428409,-84.56894524031745,-1489.1030260768605,-0.0,-0.0,-0.0,355.32514116722325,47.288486315015675,-902.1008612860398,-1306.1153314923108,-444.9441359234603,-1066.882209062257,-0.0,-0.0,-1522.1860422774962,-314.10766760749897,-531.4624421087885,-173.89086564235217,-0.0,-1640.1172770429982,-353.4686824348272,-1976.9424675303867,-0.0,-37.12482963918399,-0.0,-1893.4186793256542,-794.7480195380633,-1692.4113604337863,-0.0,-0.0,-1500.5385471220775,-521.0299024695934,-800.8034147653754,-1567.596668165973,-465.43309964374544,-1444.4499791406101,-0.0,275.4059317794972,-1263.7817905474508,-4305.58070747902,333.9335191766051,-1268.4003128685777,-7770.360750592668,-626.8491084432347,-678.5296260969792,-229.15840263539468,-184.26508144417883,-953.1958305498608,194.3046160491037,-203.3731579079172,409.38558397847817,-1132.1778780383536,-581.1769167742219,-0.0,-1208.6224427406426,-1886.8180894288178,-913.0684889339293,-397.7267316796576,-0.0,-0.0,-33.8804700947742,-1050.6159370127964,74.10268922774137,-2186.253476795973,-0.0,-0.0,-454.1718676424389,-618.152926895177,-986.9451799934141,177.07300429426445,-2662.9282583979393,-1461.961486663336,-1288.7823927994748,-234.08227450521503,-0.0,-391.7436695485145,-0.0,-597.4649774883549,-23.81287559355913,-1374.1735165450239,-511.317095146167,-1061.1201399855508,-352.2549797984139,-324.3818503838352,-0.0,-1146.5937334166633,-697.1695894083721,-1260.7716721120232,-0.0,-3326.6709113721827,-1373.927577329385,-1267.679379042152,-821.804583090522,-1125.7508309050431,3.8294250011904296,-2231.625292397753,-781.2589518655188,-1231.7085492323674,-1944.8004084507454,-311.23608468379695,263.82052797699197,-1087.3659778926772,-0.0,-0.0,-20.007844833316554,-60.958110207715,-19.036248734528886,-268.9679183884935,-0.0,-0.0,-0.0,-0.0,-0.0,-0.0,-0.0,-0.0,-0.0,-0.0,-1450.5051306717173,-2418.5291472010545,-2162.15791588757,-0.0,-0.0,1759.4029093735357,-468.62871318389875,-0.0,-505.9682891194218,-467.2603176237958,-1021.5190752018632,-986.9775076224797,-1166.1412255959592,-0.0,-654.5310867613854,-421.801027420665,163.9979874025912,-0.0,861.7164974791885,-0.0,258.93836687534593,-0.0,-328.5428356539875,-0.0,-384.95600987842386,-1199.6786882321899,-2003.960867305847,236.7963879707113,-0.0,-0.0,-0.0,-0.0,-0.0,-361.8265834237464,-85.07912070304077,-0.0,-0.0,-0.0,-560.0800806185887,-0.0,-44.20262902902974,-646.617882488298,-3294.8935745842855,-0.0,-1346.75235667991,-0.0,-613.8357680815109,-0.0,-0.0,44.401152011106944,-0.0,-166.31857283394464,-0.0,-0.0,-0.0,-967.287718923951,-1861.69342315178,-0.0,202.09826646136392,-2379.1915698584526,-0.0,-73.90848646795034,-273.4444081066317,-0.0,-0.0,-1503.7782630944557,-0.0,-930.3209654779408,-1329.9573799315956,43.947130153089155,-2791.9645525532287,-1737.5270886445937,293.12845876525046,-700.5309917065534,-0.0,-1050.0870132634898,-0.0,-0.0,-0.0,-3518.4195065461017,-864.5573161853715,-1560.7903885236071,-0.0,-390.64808615509907,-4.005361206801202,-1318.4871717620895,-2023.389604114919,76.63856280218695,-3068.0173067356177,-0.0,-1942.5929653146568,-2596.161321580718,-0.0,-0.0,-0.0,-0.0,-2382.4609132631017,-162.67028130995925,-1480.2046300404393,-0.0,677.6707877435954,1307.092979010297,-0.0,-0.0,-919.7184758097577,-890.353988767241,-336.5176857707839,-19.05523434041966,66.1104461884253,-0.0,-1260.9507608375013,-0.0,-289.17649177874756,-1030.1168233753683,1369.5389853776176,-0.0,-0.0,-0.0,1012.9567322339268,1026.6770855441564,-762.5005399294549,-0.0,-1365.77761316981,-0.0,-1126.9344403745554,-715.0015418786185,-0.0,-0.0,-0.0,-0.0,-0.0,-58.113731542264546,-0.0,-0.0,-0.0,-1178.3860838701662,-286.11883855982666,-0.0,-0.0,-0.0,-147.58056572064373,-72.74483353814308,-652.3138811869419,-717.0396574713477,-2465.121976722294,-1118.2708542596574,-994.4111651066751,-0.0,-2744.8553335541205,-42.95563156852137,-0.0,-972.116971428836,-2430.949281348502,-731.3519947513164,-512.7175650778704,-1296.999412164592,-271.38047933532306,-675.1443456393858,-786.9505551733682,-1090.1164737299905,-263.7900673579291,-1697.6037666545951,16.450809034284436,-386.76053504595046,-0.0,-0.0,-808.1522603344414,-3689.160592232048,-0.0,-955.1348180006805,-521.9392809084184,-0.0,-365.2959164926211,-563.7375429816683,-782.0498310190184,-250.33297297551746,-0.0,-0.0,-0.0,-0.0,-0.0,-43.49130950790953,-0.0,-690.5042983417089,-0.0,-0.0,-663.3097609183677,-1058.53137380537,-2602.357480766405,-443.9065880603123,-632.7083144162395,-102.26364532691967,-2061.0097630614237,-0.0,-821.1278582935042,-537.0240839038379,-456.4558128290342,-1337.29192915199,-1009.9126868015027,-1583.5893295979902,15.387086657754134,-415.38315078183655,-0.0,-1106.9958557807927,-1090.0392565174811,-139.9266361807255,3.756419855022955,-2556.2990868083857,-1145.9289572394064,-671.1432644627317,-0.0,-713.3551968145475,-745.6755474900323,-542.929937714163,-2191.195876200684,-3.7261894493313097,-0.0,30.58518329501771,-0.0,-0.0,-223.38125805135678,-3871.745380011301,-186.56590450568672,-1595.5099260532472,-3455.397635123029,-0.0,-4684.917221931613,-264.0244196963572,-2043.3076375799658,349.8586732067194,-0.0,1622.628815917913,-872.4647985752162,-0.0,-2053.1430498718287,-0.0,-72.03766288221362,-43.786951266301436,-0.0,-0.0,-0.0,41.70199040993608,-0.0,-0.0,-0.0,-612.1942281097602,-1366.3142504136167,-795.1074286174342,-0.0,-3358.3418423054536,-0.0,-0.0,-0.0,-252.42901402744653,-367.73401118020973,-0.0,-2254.2671970376573,-0.0,-0.0,-3416.3383333647885,-0.0,-26.11696297590845,7.865530583493536,-465.75040753443585,-21.349786143528036,-0.0,-0.0,-244.22947861261142,-0.0,-0.0,-1344.6880955836173,-1259.183920013399,-1373.9582790813236,-0.0,-310.62515818498326,161.39858250790945,-373.7906809904954,-15270.402090291092,-0.0,-645.7115215206888,-1339.5728715973148,-666.2679333164097,-0.0,-34.55063821136695,-15.825856638925853,-257.3163460138805,-1065.7001049178934,-0.0,-0.0,-0.0,-516.8842229132955,-2396.973238352471,-1452.2330359631812,-0.0,-0.0,-0.0,-291.57827535767154,82.75205059145223,-8.441381076861004,-1242.3590539471509,-0.0,-0.0,-1015.1309246264427,-0.0,-0.0,-0.0,-2599.972562950504,-1063.6038747571365,-0.0,-1211.590064699131,-605.2930533921589,-233.92040804649503,-662.6572210844583,-1144.8851831110092,88.8524362133692,-1253.781303548387,-1170.9007647232188,24.668731777329818,-1899.277926967799,-0.0,-0.0,-0.0,-0.0,-451.6895272266972,-0.0,-0.0,-620.4000276945725,-935.8320291646506,-693.707928184166,-0.0,1599.4865572661572,1275.7389148394493,1387.7997059385698,-0.0,-0.0,-0.0,-918.2489542263988,-40.75280876407559,-830.5273669433543,-77.78013032541368,-624.9798964832389,-1776.8642268174206,-1237.68678175132,-2135.66378545696,-0.0,-0.0,-0.0,-0.0,-466.98283223138446,-783.3131307920632,-1639.3777503294311,-440.37478901134403,-1508.2027544372029,-1732.8784900825474,-2154.692940527813,-0.0,472.4404585933564,-441.6702065951835,-390.3622906742481,-128.45289816685707,-4639.4614306814265,-69.68711814995851,-0.0,-886.2553290165341,-1527.455022213955,-0.0,-61.07929886990543,138.5305320107796,-84.83996951556324,-498.30486137354325,-2095.3058153804263,-157.40423752336415,-1837.559338611172,-0.0,-1898.9704191538008,-1939.6544120383094,-1316.7458614401266,-0.0,-1621.466821698467,-356.95540648024473,-681.0455266924554,-1123.5752243721888,119.90248310962663,-1794.4915873650461,-1378.2572129749626,-0.0,-116.43685420104437,-0.0,-0.0,-0.0,-1071.5995279234646,-633.5673934010432,-0.0,-0.0,-0.0,-3426.09045779977,-1833.1513128088566,-0.0,-0.0,-4.020909636603952,-1553.9370471649956,-878.6830790249107,-0.0,-770.2235736082325,-1313.8748247166466,-528.475484531612,-24.65778023107505,-1025.8605031906702,-7.3752968919668875,-1488.7102343708261,-1689.0167970027683,-0.0,-0.0,-40.19478583750142,-0.0,-0.0,-1294.738622338084,-84.89706628063855,-500.3804696180119,-0.0,-0.0,-0.0,-878.6757130161684,-314.5954785008318,-112.02233325137965,-465.9325533429482,-244.79745002291364,-2068.2457170216135,-341.4136735466284,-542.3893015038249,-1115.2239565934563,-0.0,-388.37571116832567,-0.0,-2017.876933115153,-1564.0692423670323,-1613.4097561621043,-413.21599766251495,-250.88463030656075,72.40018667426192,-1004.6135299420686,25.384157466358744,-0.0,-471.95178611790317,-0.0,-0.0,-473.9843598250057,-126.76103524708957,-2849.163522928972,-2972.7933401633622,-551.0527235033402,-0.0,-0.0,-943.9447795526833,292.0745912992417,-0.0,-0.0,-0.0,-1093.0689155145024,-49.354835120825385,-519.6411555676052,-3930.7786011340977,-1455.3693000395692,-1162.943777460901,-430.6791887829493,-186.7629863155426,-1245.7665967119206,-717.2356446712956,-547.6421834150352,-0.0,-689.3896605103433,-658.2810970424117,-1951.4289488128177,-0.0,4.400975989751378,-13.153748730847427,-0.0,-0.0,-1770.9491415700427,-0.0,-3976.5087168792747,-1254.658466927238,2388.3680696820043,2963.8755852593777,-0.0,-0.0,-769.3961262589972,-1064.8934741704245,-594.2544449717542,-346.82208018331403,-3192.0362494595533,-655.4685727650868,-0.0,-0.0,-0.0,-1201.183650695197,-734.5454789371097,-189.88541972300482,-2388.1120039666544,-1203.1374253330557,-27.823098475571356,-425.5275347243799,-1145.5808278467323,-291.5665975707097,-528.1763030803808,-0.0,-66.0058303610268,52.25877158331921,-998.4019014057545,-159.0716923005228,-0.0,71.16405765876823,124.54343689796858,-187.3395804837847,-1292.4035460358175,-2106.0286646955547,-60.57787539247863,-909.2320962910826,-1493.1444494972225,-0.0,-0.0,-712.702761317225,-0.0,-0.0,-0.0,-0.0,-699.4116555433302,-23.18474876820886,-1434.005854257234,-1335.2084121804878,-2495.0068135048455,-1293.2304883028476,-0.0,-641.9880212674161,-0.0,-1496.8182586963237,-1775.85384130483,-1330.281415433392,-998.8253531547049,-0.0,-2151.2531251068763,-0.0,-0.0,-0.0,-3392.2872916886236,-1235.4964127224207,-292.0695439095867,-952.5474334800873,-869.6874789218897,-895.8791509907406,-0.0,-0.0,-0.0,-43.38533870935843,-5082.116607978744,-713.6486716453701,-2071.4352709304003,-3780.5110529151602,-2239.125269078769,-444.5632024927077,-0.0,-1766.1176554343442,-771.0058833679446,-0.0,-352.4329774558667,-385.12231053652124,-39.69198834977695,-1065.079650899714,-261.91388722867924,1426.5367256406587,-444.0556134391807,-0.0,-0.0,-1020.106301295073,-870.3575672654727,-2566.4627610347166,-281.88764683741846,-0.0,-0.0,-547.0455457179118,-0.0,-0.0,-0.0,-0.0,-1328.436314692222,-681.897259333495,-1406.123734296902,-474.9771166252724,-3.8059617978797506,-726.3050183410337,-0.0,-0.0,-0.0,-0.0,-2531.752302153217,-0.0,-0.0,-0.0,-0.0,-0.0,-0.0,-768.8432330993492,-0.0,-2635.6218100759647,-535.789065447592,-232.8864007266258,-1274.0887764864476,-0.0,-0.0,-1454.4123352773508,-1416.630847018477,-3.7824933499259767,-488.3001251252619,-57.648072546889495,-1924.8904361099871,-929.7181263551263,-0.0,-3947.455159781931,-1312.4851894446338,-0.0,-0.0,-14.933080985054275,-420.20830974641956,-1214.025442296817,-0.0,-0.0,-24.32974189185136,-1505.4968259020432,-595.1775839697234,-336.2113963659358,-74.4795434235798,-1879.3632232924517,-0.0,-0.0,-0.0,-0.0,-0.0,-567.7638350938586,-494.82822348788324,-589.4081357680552,-4413.130368122525,-1674.0875902623252,-1278.505628583672,-100.97228343469294,-1113.7557528472025,-1119.7182719448253,7.553840396633279,-0.0,-0.0,-0.0,-599.5026558011186,-453.96046968335617,-1806.5098169729051,-601.9428444009037,-0.0,-1650.373120682362,-0.0,-706.1195048464172,-0.0,-0.0,-2029.632315640974,-548.4048710217642,-574.3097625923334,-1482.6171291547382,-122.84748981239251,-12.257123318942318,-715.131281077094,-1470.363211455425,-0.0,-464.28655576346705,-1252.1766660838239,-3989.5299128278584,-0.0,-294.3293869546512,-2131.4057653304376,-1374.1622403014883,-1305.422762710945,-509.7481874139319,-1202.2286115884253,-0.0,-349.2369201685255,-0.0,-256.39288388980947,739.5503058045102,-0.0,-0.0,1010.597917569881,-0.0,-2246.4408433358376,-741.6812930287988,-1108.9895317024982,-1192.5750004596807,-1533.8753653826411,-371.95855844578494,-147.57601339282886,-0.0,-0.0,-891.106701822481,-1098.4504520157839,-795.0494018594463,-0.0,305.0354461306877,340.1865625340487,-234.90942933170197,-2791.9725327516126,-2137.392556422498,-0.0,-0.0,-1442.9153275674455,-3940.838590773768,-2668.884501573212,-524.139726975081,-1076.2899256687401,-1130.6340066724176,-0.0,-218.24131754878817,-0.0,-629.5067803069788,-263.70714833571566,-1673.004838425102,-2688.0896204459914,-324.6791488184863,-536.8938917046289,-4641.289953307469,-1445.5830679198436,-575.0232244666394,-254.97499396723887,-1546.9745137084315,-746.5873669879281,-4.05126720519165,-1593.3277205396985,-1601.3254437151554,-0.0,-0.0,-718.6292808505046,-1311.2680855575159,-352.70718951656954,-3.9004075604538193,-0.0,-0.0,-0.0,-0.0,-0.0,-38.113831416646946,-771.9610092120028,638.0995583059982,-454.85500322459677,-886.0195303458299,-528.1746099699325,-975.4183467525777,-1610.2817912719247,-1218.6406343901565,-1690.209737072566,-272.54812446022095,-607.8907146122954,-1580.056820553954,-723.6101851406305,-0.0,2906.2027821017373,-272.8835312031958,-74.76911160853008,-0.0,-1024.7652185087513,-642.6802918068034,-1489.391719236871,-1832.7479654442309,-2442.49994202797,-0.0,-0.0,-0.0,-0.0,-1108.8757850153954,-1628.410930109196,-0.0,-919.6205542563863,-8.086530421906694,-0.0,-0.0,-0.0,-2802.3934969266893,-883.5283339463334,-179.4534182288725,-53.10612917058316,-0.0,-0.0,-1272.7337921989915,-1453.6691180431922,-803.920377860872,523.8992815736386,31.801566146885918,-0.0,-22.278640348300165,-0.0,-1540.314711912708,-532.9023160526353,-1392.3890269538415,-1675.4399393778215,-1741.0229026661007,-43.22673748886952,-0.0,-0.0,-2027.9892774131947,-363.57006305917093,-0.0,-0.0,-218.81398288080078,-0.0,-43.413909590252636,-0.0,-1432.9035267556308,-816.6321200463572,-0.0,-75.04584640378006,669.2788809739181,-0.0,-202.53675453234072,-2525.8731369956863,-0.0,-0.0,-753.4317861133155,14.972288390041903,-0.0,-0.0,-796.9844970427044,-1451.801369545535,-0.0,-861.2886120346893,-0.0,-1141.229733169819,1726.9931678247747,25.73192876681878,-1720.8560111118347,-1875.4751841282823,1115.6255654804254,-0.0,-2323.58658153397,-780.959952105443,-973.4930677271993,-0.0,-637.545672066738,-135.77292468500326,868.1386113837415,-427.2627313157984,-1529.4444664714026,-0.0,-0.0,-0.0,-909.7776689855157,-627.0070042419289,-783.9192586330751,-961.006694821077,-1156.1409774595525,-28.378210346638273,-1133.2017579390106,-1073.279072520342,-1348.777682928275,-0.0,-0.0,-504.3168987870722,758.6401589888138,-6675.840769676706,-0.0,-1261.9958860195395,-1946.004588067462,-920.1066124119698,-819.908010779649,-65.73100733425164,-2776.6604536924074,-383.2544733110614,-0.0,-1082.2231799176611,-864.6061322551598,-660.955475134442,-0.0,-1510.789355246194,-1984.8097178914738,-29.423036082044987,-1168.1112673641967,-2710.093888011189,461.0091747074318,-0.0,-433.41870750509065,-163.2887220798283,-1233.7545460375375,-1027.1667963688271,109.81960644204003,-123.06006171891491,-865.3770954168954,-492.11310885604223,-557.034509086937,-686.2878743563269,-555.7208354450354,-0.0,-1393.4621516293153,-0.0,-1176.6444918289887,-685.3553226651927,-158.3996752176151,-0.0,-1697.7495065283556,-4931.01602215849,-0.0,-445.8188348330133,-0.0,-2571.368933963177,-243.26793008491993,-0.0,-401.8246155940016,-438.2882058735968,-0.0,-2193.1720043790015,-1564.5602696270582,-0.0,-4309.547620478844,-121.83272128843647,-1309.8078694610372,-1442.2430485798313,-1776.7179117778626,-116.31773413386713,-0.0,-972.9359452748679,-2168.500438438311,-587.9469809186388,-1019.9282268810229,-1109.2347772616747,-1796.9091970775085,-2451.180380375011,-982.4279864251944,-1878.876828285978,63.06601501905676,-0.0,-296.7016913957942,-1281.7681280992997,-1090.2800549320932,-0.0,-0.0,-0.0,-427.0994136374958,-502.4012131421078,7.634210511798541,-593.2777802454372,-0.0,-1205.1044471875125,-751.344965613767,-607.7532134243459,-0.0,-0.0,-294.7699958679992,-1606.041849594628,-1018.3472527295814,-315.34517707317656,-928.8401077820771,-34.27143462914683,-0.0,-0.0,-3168.3442903374716,-1143.612897663836,-0.0,-0.0,-0.0,-89.70000321661385,-1077.5053059913428,-51.18161223970514,-1817.201354537564,-1763.1558790573054,116.4883290127423,-0.0,-591.3777270888285,-0.0,685.1838087361613,-129.73850426724113,-0.0,-1637.9018164032407,-320.4899461937188,-1812.3676924183007,-0.0,-1546.4813986422023,-610.1849402788291,-201.47410825154535,-12.598631366603877,-36.64912229571713,-0.0,-0.0,-715.8915075516189,-1319.5575352011072,-0.0,-546.1085479985625,-0.0,-356.58788639330874,-535.5004123165406,-0.0,126.94937596290646,744.7320998650837,707.594852453621,862.705186493943,760.5453240003205,804.1467247908747,-0.0,-0.0,-0.0,-0.0,-0.0,84.49591639652054,-0.0,-0.0,-562.9348042163947,-154.8355796883099,-494.97826491308354,-89.07039849007091,-0.0,-941.4768572563178,-1613.6151899951526,-1744.7686074102996,-242.27227467629706,-210.48034062949904,-0.0,-0.0,-649.357814457021,-0.0,-0.0,-0.0,-0.0,-2986.42047459321,-0.0,-43.56469502510354,911.4419974710298,-0.0,-1063.8607941576702,-560.5384106692999,1580.6529932922729,-883.8731010338679,-0.0,-3192.6341111234315,-2076.0557415382864,-202.64087809938673,-855.5159658940235,-1338.1103083506875,-560.8849826304548,1191.817449006602,-77.70051371513031,-585.4897164456086,-0.0,-0.0,-517.1701106351618,-0.0,-788.1384730783001,-0.0,-460.54702619284024,-37.375750731774005,-0.0,-0.0,-1111.2496300718196,-0.0,-0.0,-523.1051648982286,-1274.1823813373985,-1856.573462234018,-0.0,-0.0,-0.0,-1713.551848154594,-0.0,-1136.0209169873274,22.484135279995286,-0.0,-0.0,-1177.766801654303,-899.3785109363326,-1276.0203619400086,-377.33584532542824,-0.0,-1372.7646791113182,-277.47535328729725,-0.0,-0.0,3.923474566878665,-37.78498498057932,-4589.0073166643715,-0.0,-118.07119591872701,-31.216428502646878,426.8415593723306,-84.7509831541079,-984.9876166286842,-895.1391627477851,-444.9753883303296,-0.0,-0.0,-1777.2631126061767,-0.0,-0.0,-0.0,-0.0,-0.0,-0.0,-0.0,-166.89471765355114,-0.0,-0.0,-1979.5715331998992,-7218.282080275113,-116.79469446500985,34.98153767803122,-445.5323733264561,-704.4018250990582,-112.2635496225317,-4368.734641095284,-267.56920697610894,-305.1329554393044,-0.0,-0.0,-0.0,-2010.729608304367,-0.0,-38.62610841519726,-0.0,-0.0,-0.0,-482.75135413729436,-11.46712311069755,-274.28456410593026,-1474.4005631009013,-638.2458842646121,-73.44123394682771,-2562.2698667587865,-0.0,-85.42552369319614,-2173.786948076928,-0.0,-1105.9680588324886,-75.30560055913139,-1549.3654185452033,-0.0,-0.0,-1084.789007983014,-600.4774448590663,-34.4637689737631,-859.5665776125522,-826.3935288702131,-705.291873719166,-167.9994990526106,-694.5802698577279,-726.183980748802,-2249.5004289288654,-1018.5675746579304,-0.0,-1554.375135358188,-363.7645409023688,-682.9819344560592,-0.0,-0.0,-1005.4699841139235,-2339.1013516730477,-835.8174624628333,-0.0,-0.0,-0.0,-3981.8679959983256,-812.0657565442541,-195.49643980768363,-334.5021765447052,-42.444010243458,-3681.3399806988305,-0.0,-0.0,-2267.8739682471582,-852.5507835982689,-0.0,-0.0,-0.0,-83.60148138953514,-0.0,-1884.1650925017277,-1800.240786541001,-0.0,-333.6030730054261,242.08697259232062,-0.0,-0.0,-0.0,-1006.2935201742853,23.738517035694,-2419.2124624684025,-558.3856751280772,-1127.4937353829605,-680.6658751706649,-3566.6307383732396,-1642.4309948499047,214.59878187597943,-0.0,-3114.5905405594676,-0.0,-0.0,-0.0,-1275.889037649164,-753.1918998927687,-1549.5440946620301,-0.0,-0.0,-873.8288576277308,-1505.9513561776596,-680.8532767658205,-492.9717952320116,-0.0,-0.0,-1291.8642417721628,-0.0,-0.0,-0.0,-0.0,-0.0,-0.0,-552.9003874721866,-75.33968488205966,-1327.936805898377,-0.0,-686.0247937524838,-1208.4171990201899,-34.13279122461296,-0.0,-0.0,-0.0,-0.0,-0.0,-0.0,-0.0,-0.0,-0.0,-0.0,-1155.4263078144163,-1982.2496391342793,-0.0,326.4224578276454,-0.0,-672.693827524354,-99.23932245967981,-0.0,-757.587534377664,-439.5571872325009,-87.03141216545141,-1983.380675446095,-499.54600619573574,-2867.471021855123,-176.2617808333943,-2225.5755349049805,-1819.017354191007,-894.9755889130457,-4.371272347877219,-0.0,-1119.8700849731565,-2187.092496454911,-2468.2808130909657,-76.98879002330762,-237.62351068917428,-1737.6558831068937,-0.0,-2646.1761510328924,-394.85081091706894,-0.0,-1701.7289395783953,-0.0,-807.7253396615364,-0.0,-2490.1672380820683,-0.0,-0.0,-89.44049858870329,-1050.4966751157156,-547.5932997038327,-0.0,-1399.2870108995398,77.81174093437997,368.842837013576,348.86020284834217,-271.5738240677251,-1729.4920005432261,-608.8801617954689,-0.0,-0.0,-5355.207045629061,-1122.3494501150435,-0.0,480.2559789575274,-0.0,-1940.3042281058463,-515.6380330345139,-702.1851367882383,-0.0,-0.0,581.6941102828664,-0.0,-880.5904776581372,-1243.4786344591953,-1875.967552784967,-0.0,-608.6984061469187,-3121.9729565502935,-1004.643376924884,-0.0,-1418.997860484002,-133.42000618081337,-1179.325647102101,-0.0,-951.8741844327468,-0.0,-0.0,-0.0,-890.8449097838115,-0.0,528.5336501987704,-0.0,-386.4216584465162,-754.7588259676508,-441.86111292254077,-1048.354099588585,-631.2587070255435,-1830.9856452970098,-1219.6151843991665,-0.0,567.2545593481018,-2365.33386130031,-1613.0905738884946,-706.8577327638319,-0.0,-0.0,-0.0,-148.69940292271963,-1099.9211700836124,-302.5277944987216,-846.5775359458348,-2100.3916872926548,-2904.8423118332075,142.7150104257054,810.8334430776034,699.7351500202905,-0.0,-0.0,118.59306436650363,-31.848537979372935,9471.454670041883,11115.100774347356,5763.956336765435,10728.98370936792,10455.00694911341,9604.76662810049,-0.0,-0.0,-0.0,-0.0,-0.0,-1450.8563811972406,-1387.9490869639747,-936.6171560372344,-0.0,-2402.266435588727,-604.1926032162146,-1050.6253092880754,-32.915820457018945,-720.3256386375933,-1379.3124088039453,-1083.8069671456237,-1206.6663447407925,-0.0,-2979.9893291117255,-1850.064950726894,-671.004047450071,-122.33740220382617,-3312.3621189555233,-0.0,-224.9376859978352,-0.0,-11.368522656085611,-0.0,-114.00071610867563,-288.5071957559889,-1095.091181439924,-841.8778942784827,-0.0,-0.0,-0.0,-2385.310002546218,-0.0,-0.0,-250.60560646465748,-1012.6016673284231,-1046.179137199915,-86.64267655217863,-1289.762357490383,-1773.7401868613813,-322.6329663828106,-0.0,-0.0,-114.6141144846656,-1231.7171042156683,-332.24004500645276,-0.0,-5690.245294574059,294.7198613769356,-0.0,-0.0,-0.0,-35.527584111507295,-442.4739076818802,-0.0,-0.0,-1224.1716532419139,-2310.859273869299,-1295.3158021012075,-398.7928632000506,-452.7681951858702,-483.8864731215474,491.47722598959746,-1389.7571036386394,-0.0,-564.6172277946478,-2677.0613792574286,-496.78125710456357,-8.764069537231622,-0.0,-5.410453340442519,-0.0,-0.0,-0.0,-1237.1880251533196,-407.6094911655443,-1395.5161758345462,-0.0,-0.0,-0.0,-263.1895898796417,-525.8869864442205,-1466.4914275633005,-2878.537615187832,-385.8960500646289,-198.6279254545138,-0.0,855.1926512103342,-0.0,-1184.9150094878212,-163.21145968584838,-0.0,-0.0,1006.1554812848059,-0.0,-1607.2139355227455,-0.0,-0.0,-0.0,-203.19371823007623,-2047.6669054674346,-1696.8911935689375,-26.54434356496909,-2352.7693821244084,-1576.315591219931,-26.935860027177917,-26.511303170174823,-74.63919813060649,-0.0,-0.0,-2082.9927582831674,-0.0,-5846.0991534964705,-0.0,-1548.950086626329,-267.9980671284245,149.3142690131789,-0.0,-57.419835101953055,-1362.0605699257555,-1537.3112044322102,-542.9120886240436,-36.72381311476885,-265.1413886918939,-0.0,-0.0,-0.0,-0.0,-1240.5173669951098,-891.9897743075486,-0.0,-586.3457392540042,-1280.427719536498,-187.68139140895582,-77.94954876986122,-0.0,-0.0,-0.0,967.4702038882886,-4.09256472271975,-0.0,-528.7841900869973,-872.4349327565166,-1445.2707301770024,-0.0,-0.0,-2441.7076033967946,-0.0,-0.0,-0.0,-0.0,-674.8656746346194,1021.8832873705237,1085.1540355658753,1236.2533431057825,-0.0,-0.0,-0.0,-603.6381638317831,-0.0,-0.0,-372.65791155620803,-677.4464614445963,-0.0,-189.36853888960258,-1397.1252090501673,-1330.8382410493507,-0.0,-0.0,-0.0,-11.21186944787034,-1490.4735435293965,-3.751008899295737,445.86379828376096,-0.0,-1745.9309732864695,-897.1718989410596,-617.711475874433,-1706.7558321129097,89.90206301295886,-269.75406843041526,-20.471479615737376,-451.6984531610332,-430.25751299380715,-1103.6477453516761,-381.0069748328047,858.963850308482,-1316.7577049516062,-225.8867712445788,-169.16338467049138,-4041.843532851888,-2464.7694458083934,672.0403555724865,-1002.491884419182,-190.99683386293975,8.098774109554288,-755.1631915134444,-1062.0977807519944,1867.4322960513339,-659.1481687301412,-694.948169481372,-713.0374658251341,-0.0,-6973.208298057599,-0.0,-527.2002822538125,-939.1953923205452,-667.3696996546363,-936.7687969525417,-1261.1351813768608,-0.0,-983.2001815671542,-163.75389344365897,-84.34134736551064,-7255.87109040731,614.4725907809249,-172.7360262589893,-0.0,-606.5039329797838,-1309.8770454061032,-0.0,-0.0,-506.6965267144257,-1843.2546684715712,-74.27965568078947,-231.9560876077041,-272.95876561853606,-1240.305672265009,-0.0,-0.0,54.94900396079325,-0.0,-0.0,-1797.4815000983244,-0.0,-1839.4743664791336,-984.0547166601634,-1315.5631076398586,-0.0,-0.0,-533.6302934391902,-911.2456972387787,-131.83548836421141,-0.0,-475.1825360180906,-151.33263280234408,-527.5323994266827,-0.0,-216.7946529447054,-510.32494834161014,-2305.65418395382,-999.0470468905644,-1435.335694835498,-0.0,-0.0,-1461.7637618831889,-18.76492861435018,-0.0,-0.0,-1179.002988930093,-0.0,-0.0,-0.0,-0.0,-0.0,-0.0,-0.0,-0.0,-0.0,-0.0,-111.03170940036352,-0.0,-0.0,-0.0,-0.0,-0.0,-0.0,-0.0,-0.0,-0.0,-0.0,-0.0,-324.61368280025454,-0.0,-0.0,-0.0,-0.0,-0.0,-0.0,-0.0,-0.0,-0.0,-0.0,-0.0,-0.0,-0.0,-0.0,-0.0,-0.0,-0.0,-0.0,-0.0,-0.0,-0.0,-0.0,-0.0,-0.0,-0.0,-0.0,-0.0,-0.0,-507.9849554274075,-0.0,-0.0,-0.0,-0.0,-0.0,-0.0,-0.0,-0.0,-0.0,-0.0,-0.0,-0.0,-0.0,-0.0,-0.0,-0.0,-0.0,-0.0,-0.0,-0.0,-0.0,-0.0,-0.0,-0.0,-0.0,-0.0,-0.0,-0.0,-0.0,-0.0,-0.0,-0.0,-0.0,-0.0,-0.0,-0.0,-0.0,-0.0,-0.0,-0.0,-0.0,-0.0,-0.0,-1460.2609542648534,-545.970819730931,-1906.3569779241448,-0.0,-0.0,-0.0,-0.0,-0.0,-0.0,-0.0,-0.0,-0.0,-0.0,-0.0,-0.0,-0.0,-0.0,-0.0,-0.0,-0.0,-0.0,-0.0,-0.0,-0.0,-0.0,495.85085173952683,-0.0,-0.0,-0.0,-0.0,-0.0,-0.0,-0.0,-0.0,-0.0,-0.0,848.7288327826187,-0.0,-0.0,-0.0,-0.0,-0.0,-0.0,-246.37712823153777,-0.0,-0.0,-0.0,-0.0,-0.0,-0.0,-0.0,-0.0,-0.0,-0.0,-0.0,-0.0,-0.0,-0.0,-0.0,-0.0,-0.0,-0.0,-0.0,-0.0,-0.0,-0.0,-0.0,-0.0,-0.0,-0.0,-0.0,-1037.2167260374963,-0.0,-0.0,-0.0,-0.0,-0.0,-0.0,-0.0,-0.0,-0.0,-0.0,-0.0,-0.0,-0.0,-0.0,-0.0,-0.0,-0.0,-0.0,-0.0,-0.0,-0.0,-0.0,-0.0,-0.0,-0.0,-0.0,-0.0,-0.0,-0.0,-0.0,-0.0,-0.0,-0.0,-0.0,-0.0,-0.0,-0.0,-0.0,-0.0,-0.0,-0.0,-0.0,-0.0,-0.0,-0.0,-0.0,-0.0,-0.0,-774.0935689381079,-0.0,-0.0,-0.0,-0.0,-0.0,-0.0,-0.0,-0.0,-0.0,-0.0,-0.0,-0.0,-0.0,-0.0,-439.98734911667503,-0.0,-0.0,-236.81057418892573,-0.0,-0.0,-0.0,-0.0,-0.0,-0.0,329.6121937248617,-0.0,819.1125537066858,-0.0,-0.0,-0.0,-0.0,-0.0,-0.0,-0.0,-0.0,-0.0,-0.0,-0.0,-0.0,-0.0,-0.0,-0.0,-0.0,-0.0,-0.0,-0.0,-0.0,-0.0,-0.0,-0.0,-0.0,-0.0,-0.0,-0.0,-0.0,-0.0,-0.0,-0.0,-0.0,-134.22305612473903,-0.0,-0.0,-0.0,-0.0,-0.0,-0.0,-0.0,-0.0,-0.0,-0.0,-0.0,-0.0,-0.0,-0.0,-0.0,-0.0,-0.0,-0.0,-0.0,-0.0,-0.0,-0.0,-0.0,-0.0,-0.0,-861.7842380839676,-0.0,-0.0,-0.0,-0.0,-0.0,-0.0,-0.0,-0.0,-0.0,-0.0,-0.0,-0.0,-0.0,-0.0,-0.0,-0.0,-0.0,-0.0,-0.0,-0.0,-0.0,-0.0,-0.0,-0.0,-0.0,-0.0,-0.0,-0.0,-0.0,-0.0,-0.0,-0.0,-0.0,-0.0,-0.0,1247.0533640396,-0.0,-321.6691002939766,-0.0,-0.0,-0.0,-0.0,-0.0,-0.0,-0.0,-0.0,-0.0,-0.0,-0.0,-0.0,-0.0,-0.0,-0.0,-0.0,-0.0,-0.0,-0.0,-0.0,-0.0,-0.0,-0.0,-0.0,-0.0,-0.0,-0.0,-0.0,-0.0,-0.0,210.05707376296212,-0.0,2049.226844134017,-0.0,-0.0,-0.0,-0.0,-0.0,-0.0,-0.0,-0.0,-0.0,-0.0,-0.0,-0.0,-0.0,-0.0,-0.0,-0.0,-0.0,-0.0,-0.0,-0.0,-0.0,-0.0,-0.0,-0.0,-0.0,-0.0,-0.0,-0.0,-0.0,-0.0,-0.0,-0.0,-0.0,-0.0,-0.0,-0.0,-0.0,-0.0,-2422.862141881318,-1440.4404430918898,-0.0,-0.0,-0.0,-0.0,-0.0,-0.0,-0.0,-0.0,-0.0,-0.0,-0.0,-0.0,-0.0,-0.0,-0.0,-0.0,-0.0,-0.0,-0.0,-0.0,-0.0,-0.0,-0.0,-0.0,-0.0,-0.0,-0.0,-0.0,-0.0,-0.0,-0.0,-0.0,42.89532754588967,-0.0,-0.0,-0.0,-0.0,-0.0,-0.0,-0.0,-0.0,-0.0,-0.0,-0.0,-0.0,-0.0,-0.0,-0.0,-0.0,-0.0,-0.0,709.9418769778042,-0.0,-0.0,-0.0,-0.0,-0.0,-0.0,-0.0,-0.0,-450.06786614410896,-0.0,-0.0,-0.0,-0.0,-0.0,-0.0,-0.0,-760.0544278785625,-0.0,-0.0,-0.0,-0.0,-0.0,-0.0,-0.0,2223.3820340639845,-0.0,-0.0,-0.0,-0.0,-0.0,-0.0,-0.0,-0.0,-0.0,-0.0,-0.0,-825.0341039461085,-0.0,-0.0,-0.0,-0.0,-0.0,-0.0,-0.0,-0.0,-0.0,-0.0,-0.0,-0.0,-0.0,-0.0,-0.0,-0.0,-0.0,-0.0,-0.0,-0.0,-0.0,-0.0,-0.0,-0.0,-0.0,-0.0,-0.0,-0.0,-0.0,-0.0,-0.0,94.07663345706985,-0.0,-0.0,-0.0,-0.0,-0.0,-0.0,-0.0,-0.0,596.1785048684169,-0.0,-0.0,-0.0,-0.0,-0.0,-0.0,-0.0,-369.3512732940502,-0.0,-0.0,-0.0,-0.0,-0.0,-0.0,-0.0,-0.0,-0.0,-78.87030132202365,-0.0,-0.0,-0.0,-0.0,-0.0,-0.0,-0.0,-0.0,-0.0,-0.0,-0.0,-0.0,-0.0,-0.0,-0.0,-0.0,-0.0,-0.0,-0.0,-0.0,-0.0,-0.0,-0.0,-0.0,-0.0,-0.0,-0.0,-1826.721205275685,-0.0,-0.0,-0.0,-0.0,-0.0,-74.23549792524315,-0.0,-0.0,-0.0,-0.0,-0.0,-0.0,-0.0,-0.0,-0.0,-0.0,-0.0,-0.0,-0.0,-0.0,-0.0,-0.0,-0.0,-0.0,-0.0,-0.0,-0.0,-0.0,-0.0,-0.0,-0.0,-0.0,-0.0,-0.0,-0.0,-0.0,-0.0,-0.0,-0.0,-0.0,-0.0,-0.0,-0.0,-0.0,-0.0,-0.0,-0.0,-0.0,-0.0,-0.0,-0.0,-0.0,-0.0,-0.0,-0.0,-0.0,-0.0,-0.0,-0.0,-0.0,-0.0,-0.0,-0.0,-0.0,-0.0,-0.0,-0.0,-0.0,-0.0,-0.0,-0.0,-0.0,-0.0,-0.0,-0.0,-0.0,-0.0,-0.0,-0.0,-0.0,-0.0,-1360.8566005996606,-0.0,-0.0,-0.0,-0.0,-0.0,-0.0,-0.0,-0.0,-0.0,-1918.046364993151,-0.0,-0.0,-0.0,-0.0,-0.0,-0.0,-0.0,-0.0,-0.0,-175.21570361831405,-0.0,-0.0,-0.0,-0.0,-0.0,-0.0,-0.0,-0.0,-0.0,-0.0,-0.0,-0.0,-0.0,-0.0,-0.0,-0.0,-0.0,-0.0,-0.0,-0.0,-0.0,-0.0,-0.0,-0.0,-0.0,387.30367549976734,-0.0,-0.0,-0.0,-0.0,-154.84913666797706,-0.0,-0.0,-0.0,-0.0,-0.0,-0.0,-0.0,-0.0,-0.0,-0.0,-0.0,-0.0,-0.0,-0.0,-0.0,-0.0,-0.0,-0.0,-0.0,-0.0,-0.0,-0.0,-0.0,-0.0,-0.0,-0.0,-0.0,-0.0,-0.0,-0.0,-0.0,-0.0,-0.0,-0.0,-0.0,-0.0,-0.0,-0.0,-0.0,-0.0,-0.0,-0.0,-0.0,-0.0,-0.0,-0.0,-0.0,-0.0,-0.0,-0.0,-0.0,-0.0,-0.0,-0.0,-0.0,-0.0,-0.0,-0.0,-0.0,-0.0,-0.0,-0.0,-0.0,-0.0,-0.0,-0.0,-0.0,-0.0,-0.0,-0.0,-0.0,-0.0,-0.0,-0.0,-0.0,-0.0,-0.0,-0.0,-0.0,-0.0,-0.0,-0.0,-0.0,-0.0,-0.0,-0.0,-0.0,-0.0,-0.0,-0.0,-0.0,-0.0,-0.0,-0.0,-0.0,-0.0,-0.0,-0.0,-0.0,-0.0,-0.0,-0.0,-0.0,-0.0,-0.0,-0.0,-0.0,-0.0,-0.0,-0.0,-0.0,-0.0,-0.0,-0.0,-0.0,-0.0,-0.0,-0.0,-0.0,-0.0,-0.0,-0.0,-0.0,-0.0,-0.0,-0.0,-0.0,-0.0,-0.0,-0.0,-0.0,-0.0,-0.0,-0.0,-0.0,-0.0,-0.0,-0.0,-0.0,-0.0,-5461.573563925097,-53.10903094983188,31335.80416166212,-3517.633403087227,-3909.03646996861,84919.85558349623,-0.0,-6486.9138996621305,838.9777070355265,1792.795524880594,-25816.26217963203,-0.0,-5001.2839005551405,-0.0,-0.0,34153.22492278892,-12624.774639964406,3908.962539373456,6369.100729664738,-4593.929212512807,-24682.280329383353,-9409.02291395124,57.561282683971065,-100.86462817111234,-6990.320976655974,-0.0,-13102.017868037585,-20023.059225183555,15686.193608392936,-573.1401430069959,8.196010045959078,46268.08842199461,-3163.3272088799827,-109402.72677329405,-3108.170789280883,-22233.66964206862,-17035.849649640913,-6460.788101315187,-5802.620335575137,-14837.828124486525,11878.987112361097,-2391.526414971882,-4239.005489709481,-3700.428809997812,-12717.403746085804,7259.750886405442,39714.62664324494,-865.2553889188525,62.755819123046074,20737.260395965342,5671.129571812078,-549.4225350477911,15474.998288453751,8060.237797977487,-5640.595299302398,-7928.475541520446,-4017.693695017679,414.21905116285177,-0.0,-0.0,-278.27602043841574,-8423.016764531936,-3406.9039000713196,-3122.469077805009,-1560.4910531044882,-4767.771419952558,9744.527214613474,4365.355964642499,-8511.158530900511,20762.46474643711,-21131.713512738505,-33601.91452042969,77324.23664802576,-21587.816740930466,-8832.728397780416,-2268.8332157296827,-3632.7453171436428,-5703.596292901864,-5590.283067624248,-36187.58343973584,-0.0,-13253.669161016864,-0.0,2972.1825506721652,-0.0,-0.0,-13747.485505934561,-1393.3665174914604,-0.0,-0.0,3927.413413033911,-0.0,-0.0,-0.0,-7303.521607906235,-4524.706759494657,-7514.286435200524,-8739.227076110103,8832.285692043732,-0.0,-29327.348126485373,41679.308507594775,-0.0,-0.0,-18722.43133642763,-11121.08856313804,178.17700162763896,51.0922781810611,-0.0,57985.451431005495,-0.0,-0.0,-0.0,-0.0,52989.765385143844,-1042.6773745841606,-0.0,-10054.965921605268,-0.0,-6485.773969067338,-1333.938831412723,-3449.6097983836976,-16802.758879847228,12195.401449862555,-1442.3660232211041,-8891.047537667591,-0.0,-0.0,-4792.320221964896,-6667.902098050636,-11022.241631484063,55013.57934262357,-0.0,-194.45784295994721,12735.95675850246,3790.2086592121095,-1901.1505363198485,783.6309212459054,5193.579668144898,-3492.2817881600013,-92.38665791662366,-18514.908624660362,465.241331516337,14170.828524262432,-742.5252703496996,12504.14950808653,52262.070636827295,2782.1754175842216,-71.27150297956719,9158.465284594437,-1906.9699219566705,-8013.300690903619,-9253.343698003067,-16996.459059072906,-0.0,6624.234905345578,17076.488561672475,26151.264063270843,-10752.697287271438,7260.503807086952,9268.972228374627,-9287.606296820257,17396.57218194371,-15289.11194256996,-0.0,4700.7774448821,-12388.452398604451,-18932.778362723355,-7925.467634005597,23349.334974627272,3347.9492218151654,-0.0,-5722.1035623110365,-0.0,-2803.387225282263,98.18367302508274,-4002.957075090549,-0.0,208.7777948519447,-290.09236594880565,-21969.1112370152,-13850.281289683235,23799.653180779165,-8115.395237549817,3786.4153493467074,6538.386023625963,-7564.579011088861,-5329.435360211551,-12028.68510065796,-0.0,-2144.521760292833,-1723.8852176668158,-0.0,1116.9549633003487,-416.14475928713193,-0.0,-0.0,-13931.839716981232,-3088.820455957031,3083.7666070506957,-4547.410051847976,-0.0,-0.0,-0.0,60911.48223029824,23141.617161685142,-0.0,125.81408533755217,12740.654342312771,-0.0,-4391.288888625078,-2626.4330338645027,-0.0,-4231.891463901169,-8047.256176710307,105625.8612745621,-11857.427807886108,-8217.08521086986,-31310.195169534207,-0.0,1499.5513641304024,3264.9302867269894,-10127.138532356576,30838.083660333996,-7283.37028056267,-37601.41603465715,-13666.484918801625,-9396.958814669964,-0.0,1405.911471916075,-4722.146615802867,23180.434166206844,-163.99147890859928,-417.52295063115326,-11079.108206466188,-9399.947795178869,28887.031899512323,-0.0,-2155.745695129031,828.0011561699246,-0.0,-0.0,-0.0,-0.0,-0.0,-0.0,-0.0,-0.0,-0.0,-0.0,-0.0,-0.0,-0.0,-0.0,-1944.8919255794992,-0.0,-0.0,3436.8320213698084,-14112.55590042727,-645.3021081569572,-9341.986161093277,23847.16759342988,8994.107131580415,-4069.865243776379,3474.144870787627,38938.51826416465,-0.0,-0.0,-4570.4350836796975,2865.439772040483,-6933.35064219684,-9506.211958365926,-0.0,-38.81634364887343,9103.164743711523,-5132.237961907715,-2679.0077328881084,3534.703735699771,-25745.115771882774,30222.984465416004,-6259.191360943629,-1124.053654083403,14818.488508293134,-0.0,-0.0,-0.0,-0.0,-0.0,-0.0,883.6748855373139,47572.37381906407,-9150.307769010005,-11183.646434054224,-8652.392925141578,-0.0,-9401.107661364153,-13440.22667687256,-0.0,-0.0,-0.0,436.6993812062654,432.1965299737596,740.0351020408599,2630.6969504761,-0.0,3628.4720383119216,855.4791267554996,838.7280640294833,744.2714946445651,754.9639964352913,2872.58265742792,1841.3802203428463,2971.999190978785,2292.779911054706,2714.061452951807,3230.7023771771137,34835.62276757623,38035.20619739479,37554.3925869056,34478.81791623903,8982.196406149656,8684.500341706413,8841.38230467091,9535.624390793748,5543.561552197427,2068.5249494898485,2051.801277940682,2302.488388136118,2352.141334372665,2234.2891147570194,5380.088167377107,4259.892134163401,1251.5534657517467,1513.4143941956254,646.5042017577227,369.0669652502042,547.8192063910429,40448.53883172428,35125.49716935283,38939.36037833662,34253.63976354782,52045.91472211631,55990.046402454245,1313.6738913991483,1156.5283934352378,1203.972001916798,1268.588852406239,1112.5286862511603,1119.8456298452172,561.045795320907,54932.309546912824,52575.551848997995,47637.45113181547,2550.6443654786513,2914.240297032026,2928.215552952821,-0.0,7825.727882716954,8692.695730568636,39985.79881099629,34959.33218230359,36886.260294916894,61235.87288421939,61914.88813490664,61717.11550037578,62361.4634331195,2471.8825479847187,2516.6597785190406,4953.792212459931,-0.0,20673.356913613778,20607.350668882733,-0.0,1482.3475339356983,1548.3199623058983,1599.9312290401588,1667.9853166817024,1507.8357187453842,1447.0106858372374,34051.89545546572,40288.48281845006,40689.28927614377,38081.77684894573,1151.939007572572,1091.2710305214841,-0.0,-0.0,17203.92237323354,32402.398112565184,36886.44503856183,33643.79051067213,36551.843618664854,-0.0,55961.83224889822,50039.01119978969,962.6452798759989,2045.5066431662476,1946.4930639344375,2088.0966680401416,2187.370651772865,2458.161378766463,48235.572557821135,53397.41623007657,-0.0,-0.0,17545.890733531676,1048.1261861906492,36766.37659905767,39108.24989479484,38439.49245797885,36740.34791368538,34498.15462548948,35358.1948587757,-0.0,16685.96165025933,10621.973163611869,-0.0,-0.0,1477.4109876139125,1427.0613881637444,750.1195860262286,800.9785619904205,470.14571542674514,434.7965439444087,-0.0,1161.2740980077333,1149.1336253960392,1018.4366026044082,1183.259376253224,-0.0,1740.4464656839057,1733.527323960688,1813.912384905196,2199.416617195293,2175.967110745455,2229.5720028453993,897.9598469589234,815.8553101452486,886.9338025789555,1392.315142751541,1072.548771793091,1004.2444011341565,915.9006597146453,1038.7994059241653,8204.26404096197,7522.125598008192,246.27607123608772,253.90039641996668,3707.8145102872154,16684.312477424774,1413.0882162844953,1452.3220599300953,-0.0,-0.0,7475.651485346122,7606.422319609208,8398.387192974213,7708.524861256485,1952.5105928542043,1962.4619712069475,36062.899256237135,36225.538144041224,8186.866138424623,7977.560155607362,-0.0,55578.362541167204,1996.5682771452553,2108.9061928802575,1148.3710483152436,48710.96259571471,48493.44365026031,54320.151908543885,53476.45419251412,191.2062185920455,58951.55873120015,51516.803161467986,-0.0,-0.0,24135.44664899788,-0.0,1194.7555559700688,1099.3823978580942,1186.9363669174418,2484.261053188682,8889.616963668057,16937.93541894669,1672.435737980453,1843.8908396883287,24.28557888617856,711.4228388642597,678.1925871670479,17063.357086386273,1590.7021074745371,-0.0,-0.0,-0.0,1084.1666213830488,-0.0,1193.7518964701135,-0.0,5860.447169851797,6144.811683189239,5425.8784731901715,5693.609209371833,903.9092622147749,-0.0,841.1691126608932,-0.0,-0.0,955.928497401837,1103.610725218137,915.948616161417,824.269380146116,858.6024429186411,844.4029589348803,1892.8454843754005,1831.8719688218869,1645.825108354441,-0.0,2975.386210419117,2752.1709088006774,2853.0836558751976,3100.727514902936,4683.344446453483,53444.68759592218,49261.16319948738,11780.018760474893,22151.781170856037,16894.285938071018,16729.424816506864,1680.164158370108,1707.9391072609073,845.2228187874614,886.3009647864967,2209.3599541257763,-0.0,37807.9815955972,33966.023745427374,1230.8952093044081,1122.6418439191152,1063.744998928218,5323.317689212367,2933.827693008143,3236.0543841736862,35092.02375944426,33990.89207914718,36440.72163552722,38762.386129504186,-0.0,-0.0,-0.0,2628.4847378145046,2474.3857062746824,2354.200626464516,10250.106874123767,7782.725319034849,6416.622941415183,2230.538205051488,2401.232770010024
16,-0.0,-0.0,-636.7537967157061,-2092.2884321704246,-502.50025250057513,-573.4554885126427,-93.37640022402381,-646.6492451884561,-639.3681249742847,-0.0,-1240.9554484045277,-0.0,-0.0,-2687.423410502353,-0.0,-610.5439662751583,-484.614711276416,-0.0,-41.76514347907057,-241.19091170183503,-306.0002783438574,-780.7058128067523,-823.0108458080916,-679.5940007164058,-2200.3512574663905,-639.2093201556496,-0.0,-40.16398758954166,-2851.880466952169,-1604.307695520861,-0.0,-0.0,-0.0,-0.0,-0.0,-0.0,100.43426362403979,-201.04917900651697,-1878.979137961839,-1571.6443122378612,-0.0,-0.0,-126.0292077753111,-587.1632790208608,-141.07913398013105,-0.0,669.458534319948,-1509.401151479342,-400.8627677587556,-0.0,-0.0,-257.4036780401052,-0.0,-11.769749110563037,-1922.797844614672,-2807.5344531010187,185.94188690000686,-5778.944501795658,-206.4767536572757,-0.0,-1719.0044235796547,-0.0,-740.0608503158165,-2611.681293286136,-500.62842755230014,-496.88126686541494,-41.018961578071966,-1975.3663316036068,-889.3291665656106,-429.4878381505258,-3088.156163746136,-0.0,-0.0,-2500.1087924745557,-1091.7892991341728,-239.75458076423052,-1609.138564915986,-0.0,-0.0,-1211.7445157343802,-1401.1339651835228,-423.581392664411,-3513.809516510562,3.866509678662305,-28.135320816363652,-1795.4021346571628,-0.0,-627.3693831025995,-1068.9029286096502,-8.855121522117953,-0.0,-1262.4666373598843,-86.11109906433148,-728.3170072328368,-2295.9330286057675,-37.558001848555264,-2424.4197589006562,-384.5017455883437,-1600.7752781874656,-2717.4264242620684,-683.845822090471,762.4019155336936,-497.48362086772994,-0.0,-1401.9940860146064,-2426.2602758666726,-4304.403731145524,-515.15625002801,-2761.5507235348196,-0.0,-1591.3939575976965,-0.0,-0.0,-595.8283857505344,-0.0,-0.0,-617.7263371544798,-74.63226447964027,-1494.8328469180865,-971.2115175198109,-833.15803906694,239.23805191564432,-504.4430749651432,-340.1360571015426,-193.7213174268839,-8.149996149582575,-641.9302959376549,-522.7954317835331,-769.2649891932881,-0.0,-4838.463896198633,124.66910511043356,-115.5418958983232,-4053.272296007344,-0.0,-998.6865318321351,-63.636228147736,-0.0,-318.1966454216288,-0.0,-0.0,-911.5652915625104,-0.0,-620.2713998337374,-1001.9532571853332,-0.0,-1324.570424241433,-254.8165261014138,-722.8308508249256,-1927.8281196837352,-0.0,-1749.5760069959745,-1067.8394256829063,-0.0,-0.0,-0.0,-0.0,686.1119675722399,-0.0,-1792.0879061396304,-1906.541581718117,13.397425349137398,-0.0,-0.0,-729.1722555231426,-505.2702365931588,-767.8577105452715,-0.0,-424.7060384574647,-3157.6844415414125,-1136.8266770077348,-0.0,-1047.407139587506,-2459.100128649807,-0.0,-0.0,-0.0,-0.0,-0.0,-0.0,-555.8260210210177,-704.2791251466198,-203.08071539476748,-206.3145889898183,-1213.618380355319,-52.191911688151876,-0.0,-0.0,-684.1404247047257,-0.0,-653.6764137919803,-30.534668787788597,-4.001565503264286,5.317652181782305,-0.0,-0.0,-1056.6126661898588,-495.9007201110913,-465.3900607904194,-0.0,-3009.7464172094483,-1916.4584994538634,-1228.0558721670786,-0.0,-0.0,-2029.2843101830433,-1468.8619875000106,-708.8545663311648,-92.30235612624625,-1698.8649556197315,-1313.119901718297,-0.0,-0.0,-1737.4761197540392,-0.0,-796.9397925332111,-1210.8812210805988,-123.8520131748055,-443.42741559830773,-625.1751963297764,-558.556465652299,-0.0,-1673.685534819372,-0.0,-2812.55194830234,-3236.307039857381,-199.88153125490115,-419.67613862073654,-530.7501934354345,-0.0,-312.89220875774134,-265.1968647339897,-0.0,-910.3503324662936,-693.723200762704,-1077.6206093535195,-1916.5443772111962,-1053.9119738501415,-2193.457405613026,-1921.2429694598743,-2077.680384350468,-2157.6861090383363,-1191.3830579311277,-2327.397024905661,-544.3820159731359,-539.9620490458213,-0.0,-1274.2069797800216,-1060.010343281787,-1222.9613222033995,-388.3579844873263,-389.92923554970514,-2007.1824410827394,-800.0079275888163,-385.61340818930347,723.4739243269507,-0.0,1076.6025394905791,-1270.668959581899,-0.0,-0.0,-0.0,-0.0,-0.0,-0.0,-1313.9189214056303,-2456.7286360525504,-500.7205330265801,-1035.061467572185,-0.0,-0.0,-1702.3874154890677,-1125.378129287915,-2212.7603983588056,-0.0,-0.0,-142.59804063922383,-62.565419864096,-444.17946637725566,-1637.1044490454856,-506.2703110894226,-0.0,-484.32609936864594,-740.8465278666488,63.074482047532044,-1271.060414369722,-1537.984303034702,-1354.5521342071638,-1811.8004594553381,-280.1530385884161,-693.99506734275,-43.96317377464681,-1860.6245707519754,-0.0,-913.9019033588412,-164.86863482034818,-76.70529795843166,-581.7090619149006,-0.0,-2002.9263220463297,-124.87325565673274,-629.0695405529589,-1816.9680732105262,-1343.9564435072525,-0.0,-628.1383542373466,-866.2414869077237,-24.97058348479446,-302.75682342982054,-489.20161854560985,-51.73510507880692,700.5192584190265,-1205.4104897711059,-0.0,-957.0387356117574,-1355.4547723346732,-0.0,-506.24642825738675,-0.0,-1356.5659944876736,-0.0,-0.0,-0.0,-1263.9414446988874,-705.8117466728771,-441.6368984789065,-0.0,-1721.240477794451,-3127.393156891685,-3265.3529717805577,-0.0,-378.2853224488838,-0.0,-305.5411919863675,-123.00127473549703,240.50327017851524,-552.9893388501051,-0.0,-706.6685501177342,-974.7974120818253,-318.9037249805657,-602.7127627876027,-0.0,-470.88808738191676,-874.6367515343876,-527.8409994891657,26.755484414965405,-2392.021465370447,-0.0,-0.0,-1570.1363902763198,-229.76025382458735,-1279.5283873268538,-95.39266106561494,-129.19659129656972,-246.00356826524654,-603.5402635068187,-954.1672395097218,-1384.2967149047292,-2384.4775924762744,-0.0,-0.0,-385.1872448611092,5116.593700603307,4.439298032318757,-0.0,-0.0,-0.0,-0.0,-2596.8538649140723,-460.7688036544935,-0.0,-968.8452145778685,-996.5942103359156,-661.9672666360594,-2292.670329478517,-247.01796044615222,-1218.2968123659557,-0.0,-0.0,-2066.9103843491093,-739.1962783308416,-1951.64993876843,-790.1227388989432,-771.6010381600507,-1949.3460985277195,-202.91999206964474,-1875.5414546058214,-1222.381277078965,-30.23310679153383,-947.2154851892958,-1212.5386232003161,-221.89193573896037,-260.33516984817766,-1841.975427003449,-0.0,-549.3964434199777,-252.54844740243885,-31.282695641935298,-826.0681287096628,-194.04313242862082,-851.0377527584388,-900.4637629410161,-1251.119420686729,-223.3124138589332,-2550.304529104934,-64.54643782877304,-523.2011139893682,-0.0,-916.3882145724402,-655.7327425871842,-1057.2750388309055,-1197.2901869175746,14.979996446498301,-384.72168053714023,-2906.0436094342876,-813.2542297547798,-377.1417187156478,-1188.7042742493754,172.02138223559618,-0.0,-0.0,-0.0,-0.0,-0.0,-0.0,-12.755245520021635,-163.87698005657998,-2566.113458193078,-4608.102510580375,-581.1019201344226,-1131.6123225506021,-145.30199114875987,-593.0032499404067,-1488.4638830943868,-1162.733333885554,-41.41171893754914,-483.08660964556424,-562.3335361992149,-0.0,-105.08698611648173,-1229.95740940782,-551.5140176094474,-0.0,-1059.17641689598,-0.0,770.9310456260143,-0.0,-0.0,-0.0,-43.50834568066963,-0.0,-0.0,-1044.739158783718,-429.754406401078,-1275.3450213261262,-0.0,-0.0,-0.0,-835.8010161858203,-532.1922464874583,-1378.5473758905073,34.8139336251176,271.63537662824956,-0.0,-0.0,-3126.7919462793784,-1253.099478121421,24.633148044847523,-51.91809311614228,12.958335456189673,-20876.997517461714,-21696.700479823434,-2585.2608954660077,-0.0,-0.0,-0.0,-0.0,-448.8017662093373,-0.0,-0.0,-593.9944772986138,-2491.1519699385904,-2117.595073603787,-1536.0388502514857,-342.41144314588996,-1797.5234139052116,-29.468937237112257,-1297.9099896195798,1045.6124109148607,-7.895766741698763,-1058.2718255006346,3.8728458819457026,-0.0,-0.0,-0.0,-0.0,-169.8496069618587,-0.0,-0.0,-0.0,-950.085836800303,-1503.450310882935,-0.0,-0.0,-258.61538676766617,-2279.455972479209,-0.0,-1542.4448871111078,-1758.0534332783286,-1954.3628721813711,-0.0,-0.0,-113.51261076110593,-84.21693161258749,-1180.1819705165758,-1581.71402903846,-594.6795749100551,-1293.6686320805754,-1217.5319608448697,-0.0,-0.0,-0.0,-0.0,-443.2774755701915,-236.5584971807344,-0.0,-0.0,-105.45306425809962,219.0013544896408,-0.0,-1182.0310271248075,-1086.858891348534,-1035.0599189301142,-0.0,-0.0,-737.9310915483468,-1324.4514707465994,-736.5441067035099,-446.30569701774266,-0.0,-2390.3720276655463,-2233.5101193465284,-0.0,-0.0,-0.0,-0.0,-0.0,-1401.8770075923162,-0.0,-2018.1243372361214,-1400.5579490469268,-75.2201066873803,-0.0,-0.0,-0.0,-2707.9013104653286,-1519.117755975739,-649.7687136813344,-501.07988174430585,-1100.5071380269592,-777.7046032331497,-0.0,-0.0,-713.9421872359407,-1510.2764245496014,-76.59643641603027,-477.4011718262701,-0.0,-842.4684849956477,-675.599015272147,-1583.62600495666,-0.0,-319.94551394372917,-128.52770205232378,-332.29844356777346,-1606.043692542939,-330.0311317486428,-0.0,-0.0,-0.0,-0.0,122.77894127664364,-174.30291249975906,-855.4756527898306,-1351.3415108299591,-1214.083645319552,-508.22487657077284,-605.3488721997355,-5777.885642643547,-995.5696212603359,-656.8520602506273,-0.0,-0.0,-0.0,-275.3555700830064,-369.16577387210344,-1327.0715999816734,-340.1698208276246,-0.0,32.3155819795992,-0.0,-0.0,-0.0,-0.0,-0.0,-0.0,-0.0,-99.06581354111498,1480.6113926255318,-0.0,-1607.430079219577,-691.1338203300764,-449.42146866779933,-1630.296481434643,-0.0,-0.0,-608.9000502025929,-731.5103740080119,-139.61485681849018,-126.09225349983937,-140.46237362158246,-565.4332460835286,-150.673600539964,-2133.3867482832034,-400.20530609935787,-435.8421251515851,-0.0,-0.0,-1478.9263676387661,-2912.81633583275,29.32187652332061,-546.4228977232527,-348.52686436336694,-915.009192624647,-1157.7998103109048,-831.1551403746693,-305.7625700800743,-157.08664223294076,-1502.1330560067038,-0.0,-0.0,-0.0,-0.0,-0.0,7469.455966099243,-88.75508288933486,-568.9995243475089,-633.6426967014609,-1099.7272777212313,-1377.803213215818,-1322.5650609268123,-1762.8443050171732,-2273.4634688230694,-481.58546941571876,-0.0,-0.0,-1617.5319188791848,-0.0,-0.0,-279.9961005081488,-1839.371647906548,-1410.3603819613268,-507.95960619912955,-67.67334926490976,-1920.793009880815,-0.0,-1458.3095667599307,-0.0,-0.0,-0.0,-0.0,-0.0,-0.0,-579.1931362620036,-1314.419438804482,-1061.9872021921801,-101.62632277830976,-262.75554336888973,-614.4919848101258,56.21061838600595,-0.0,-0.0,-585.6147950957215,-620.422590417172,-3955.197381894894,-0.0,-1540.0515416147289,262.86477242877083,132.74730068152613,-0.0,120.79120328236822,-186.76624584607094,-165.27578286397707,-501.8734409746639,-0.0,-1965.615187368652,-0.0,-0.0,-1182.6369836043903,-0.0,2481.8092993023934,2365.7154234050504,2345.692216761043,-0.0,-0.0,-1889.8927033459759,-0.0,-0.0,-375.7818990586184,-992.7705969321989,-828.0495850122836,-1076.4169939826995,-1275.4511803527535,-0.0,-0.0,-0.0,-0.0,-636.4306147358199,7.834865209272305,-60.803104006933076,-1284.9729045393433,-1064.8591315961846,-424.90516860571955,-1527.0053278026494,-0.0,-2179.532875307155,-1320.6282370343504,-1510.68164709832,-423.62761734363704,-397.2948831922282,-0.0,-1254.5131027176983,-811.0270930511143,-1011.8734719285545,-1980.3165324649972,-577.3892367700878,1050.4907170710685,491.1376792020924,-368.8486621249556,-1171.7288860857557,-0.0,-1748.3463273750551,-3231.4718177510194,-501.7614964606082,-481.8155410961417,-0.0,-0.0,-0.0,204.40169260916028,-372.44318895502107,-476.92922865758,-157.1938328139081,-544.0026299811481,-551.7615723406266,-0.0,-426.5842594711037,-935.4186749151947,-722.8746550132779,-0.0,-2188.848571325822,-5023.948308413713,-0.0,-0.0,710.2469089569493,612.4224809877711,-0.0,-0.0,-705.5338344731291,-875.1148907633952,-345.3539684619107,-709.5529253066825,-0.0,-0.0,-0.0,-0.0,-0.0,-2685.690384515252,-411.84628310773894,-1833.2665117723495,-1058.7863864348324,-0.0,-392.788803637984,-478.03542096563945,-0.0,-239.95799006140132,-849.5077130357272,-1186.893607515316,-4542.524467977564,-80.2381064321734,-0.0,-0.0,358.1966832852162,931.7668209478471,-0.0,-0.0,-396.58440798417865,-0.0,-0.0,-0.0,-2614.278612861739,-0.0,-567.1861731505402,-0.0,-0.0,1849.6817869626766,2122.645794628754,1884.6163501266685,-0.0,-0.0,-424.8363374592805,854.2520320719229,-2330.1929122447013,26.20221948680755,83.77193219257647,-2672.75130669287,-106.67717808846314,-186.64711007768656,-606.8207990538024,905.8209842784596,3837.2298072673707,-3183.0786439804992,-0.0,-0.0,-1049.149827290891,-1750.0086767947228,-1250.148655907428,-277.543474879838,-46.20104812614072,-0.0,-0.0,-0.0,-0.0,-2073.0195454826753,321.29498660695515,-0.0,-4.095474079411452,-0.0,-1559.741253279575,-1995.500212757001,191.19029710560628,-0.0,-0.0,-384.9783685831207,-0.0,-1907.1535323201922,-91.24493487700457,-1032.4538171076244,-424.6669993074165,-1255.5069133983795,-781.858209667323,-1201.3080630544443,-637.7049331180598,-0.0,-0.0,-0.0,-126.08862565106874,-0.0,-0.0,-269.25600900331955,-453.93923154952915,-749.901651915642,-0.0,-1730.2237599897317,-1088.7921527203644,-927.6051365721146,-8.421160196228175,-7.439330447236979,319.08789310005153,38.12508543434359,-0.0,-0.0,-12.645713030369418,-1738.3375701298219,-702.3196082542075,-869.2915835721561,109.18187699315543,-2212.2777624505475,-2008.6300992060649,-1028.6610373351168,-994.7572974719023,-41.26852260445158,-571.9391696841768,-748.2640518230273,-1339.216594556304,-2128.91882580461,-0.0,-1883.3793950292634,-155.36215590792008,-0.0,-2567.184211897109,-2839.625429885187,-2258.330890470582,1790.4665231020213,-0.0,-1587.060653945326,-222.73268495599078,-1309.9374099543152,-693.7809525771909,-136.78776758668997,-2133.787364751731,98.91983850004156,1611.5298229841253,-0.0,-195.15948949680117,-416.09527777007935,-1139.0243755117774,-1079.6030565331798,-1758.7478590945034,-4179.3259939459385,-0.0,-615.739215241442,-1464.061665085569,-761.1706655432423,-235.10436248245782,-28.286550625859576,-284.25396986554546,-0.0,-0.0,-0.0,-0.0,-349.3941962478818,-1367.139231026696,-921.710257432155,-66.42894455174864,-512.6076639349491,172.63235248196494,-0.0,-0.0,-1033.9066378818604,-532.5779104714344,-0.0,-2121.6856632596055,-97.64371474092277,-1291.5131620617435,-0.0,-207.8373774741121,-189.5845773721698,-0.0,-0.0,-474.20723585683623,-0.0,-0.0,-4458.262875147132,-215.65224606617525,-2205.5002713301037,-0.0,-0.0,-105.39817196799162,-1429.042491615156,-712.283529625211,-420.1732865198013,-1391.0851362435687,-0.0,-770.2513926049418,-0.0,-527.355731781836,-0.0,-0.0,-220.0132063115213,-96.23961362957752,11.768898190414726,-348.5034873452641,-1489.0581695781314,-2012.285659137106,-0.0,-0.0,-0.0,-23.526237217344946,-432.2600568102034,-0.0,-1687.920194967739,-2547.657032745626,-0.0,-0.0,-69.59045537867435,-1407.0879140570214,123.45995028132359,-0.0,-0.0,-0.0,-0.0,-546.5812386283271,-2496.98529546259,-236.8793462226315,-1233.9767336660148,-0.0,-0.0,-754.8811851782573,-535.1438968073109,-345.7347833010725,39.10078772510028,-0.0,-0.0,-0.0,-900.4941054271551,-671.722406370996,-539.4602083080187,-331.15686479824575,-0.0,-0.0,-0.0,-0.0,-2234.323787713035,-85.4878500924809,-23.1792704866568,-0.0,-0.0,-697.3863587599373,-437.9198727527489,-0.0,-1996.5805434771848,-4557.979241924194,118.49790114649164,-1275.9564868920581,-0.0,-0.0,72.24285399907882,-446.47398976885006,-1732.1783352372443,-536.1920520466205,-2694.472167207425,-1417.2729238136428,-799.3869138981566,-1652.4532618570536,-0.0,-0.0,-0.0,-39.04409758358953,-1178.606167382691,-0.0,-0.0,-3026.6287164214023,-89.2794317463298,-1550.6696044335724,-801.1991812845611,-0.0,-0.0,-0.0,-0.0,-0.0,-0.0,-725.800213690167,-0.0,-1777.9113878378798,-0.0,59.10880973071167,-1380.3848427503478,-0.0,-0.0,-0.0,-2463.8186960830003,-0.0,-0.0,-554.7476858154247,-0.0,-0.0,-1144.0806518771583,-604.4748349075676,-0.0,-0.0,-171.09205364158646,-2172.9014329286633,-0.0,-1048.4004893388042,-821.1750698978019,831.3964808610357,-188.38127839798918,-0.0,-585.3889269192468,-2.574737683181501,-0.0,-23.495836320070836,-0.0,-376.3936587713633,-0.0,-0.0,-0.0,-0.0,721.828084407033,686.0372346148351,-949.8654105805574,-1738.7086413488423,-0.0,81.23729787834822,-4.288425856598304,-74.9555771195391,-908.5732672717078,132.53317158612717,-514.475277137581,-397.48972697149503,-174.44751732355846,-3685.3194680659967,-0.0,-249.90980259307995,-1827.7796286646744,-2491.7497847193554,-0.0,-1251.310126176589,-1535.4392322235408,-2167.0940345224694,-764.5962476922516,-0.0,-884.0906320101292,-737.5732169354644,-802.6969634595633,-1379.5552391973952,-1064.377876194517,-0.0,-128.2206610238894,-1135.048399510682,-0.0,1115.1122242688562,-456.71416469238653,748.3517641034847,-0.0,-0.0,-105.78884100698764,-36.7776893529444,-2335.126021670659,-1040.4952566963232,-0.0,-883.5558368977079,-3005.3356514464976,-905.0642621680648,-931.2888234037453,-1278.0854287641848,-417.30317885858915,11.031959906609089,-40.900337668607975,-0.0,-0.0,-958.2537929989251,-85.8058646662747,-0.0,-0.0,-2036.5383203015574,-781.3027353966722,-673.5092995012624,-1878.3915695755193,-96.5262819499671,-20.25452232249069,-2541.6963753551327,-866.5199959776392,-589.0342902399218,-1020.133666230771,-0.0,-2317.1583149946105,-437.7708238697645,-1253.652424046719,-1440.2118630422924,-336.5238842385678,-547.8706336596855,-1738.879721985019,-435.2153985155218,-0.0,-0.0,-0.0,-1356.3703835059528,-0.0,-3226.3509684994524,-1311.924316248449,-1530.8148684398736,-0.0,-0.0,-0.0,-0.0,-0.0,-129.46656518389344,-0.0,-258.97371446700276,-957.061620096932,-397.2993813614203,-0.0,-0.0,11.255934057322765,-0.0,-0.0,41.52350949812045,-262.1143130212745,-0.0,-520.9896687578215,-0.0,-0.0,-89.27101215158972,-11.74825942367201,-2841.551398435234,-2254.7482540144256,43.99304903341481,-7410.522702508633,-891.4403329793982,-651.3822270561034,-0.0,-896.1148969038642,-1573.5901213363197,-0.0,-0.0,-0.0,28.781428432097165,-0.0,-1416.1792224901396,-0.0,-1436.983629413821,-0.0,-0.0,-2236.3756338251733,-394.678854219924,-737.8749991748217,-0.0,-0.0,-0.0,-0.0,-277.92784444107906,-745.8254061221113,1431.285292133957,972.6384911226857,-791.4522236773529,-8.774724416526517,-0.0,-335.73659006396747,-333.9985662265302,-1794.9606403732562,-479.6359074531313,-123.9314790840247,-1106.110590628826,-1545.7652610178684,-965.0459831795059,-711.1582678405946,-0.0,-0.0,-0.0,-81.93600804362015,-0.0,-1752.8210591471181,-610.345440076865,-0.0,-1885.2580639867565,-1232.3125849860737,-0.0,-0.0,-0.0,-0.0,-0.0,-1134.405802539263,-0.0,-288.0174218931776,-1890.083230278317,-0.0,-1107.280079511012,-0.0,-0.0,-0.0,-2435.082780379683,-1338.9511732863614,-1067.665778271175,-2689.6009798741693,-0.0,-0.0,-0.0,-81.2951447501067,-512.4171244648526,3.8957970480457518,-447.3975229549949,-305.0759656014026,-0.0,-0.0,-331.3151273874152,-1426.6899793446614,-3961.8742225170863,-0.0,-416.3607697586107,-1357.078582504476,-414.423421565626,-492.5983829125426,-0.0,-0.0,-0.0,-1897.8578493331495,-1960.3938673116393,-43.30723590096733,-1745.486345043497,-523.8405506215674,-355.81291783530804,-8.80494091698158,-1180.4481673563384,-0.0,-2059.329317083083,-0.0,-514.9944998233298,-0.0,82.23541596350934,-0.0,-0.0,-550.0312425071756,-826.5037832252888,-7.846357345298598,-0.0,1294.7415949134574,-0.0,-0.0,-1841.9124471333835,-1392.8670592581097,-1148.5246641261995,-0.0,-370.57342602215635,-637.0546623366853,-1488.412656784567,-0.0,-0.0,112.13835731697712,-713.6187770851393,-0.0,-0.0,3.831721696908258,682.9903511100429,11.990771405668045,-1495.2243794942156,-0.0,-0.0,-1801.2110771907332,-1712.0588636995112,-83.5640575784624,-0.0,-169.95621135147624,-751.5848686963747,-1138.7051407999882,-1656.2848046882364,-0.0,-916.8531162837027,-6.510187567473215,-0.0,-1673.9915172787153,-0.0,-0.0,-0.0,-0.0,-604.9861411076938,3.7235087899812247,-16.5394720847464,-0.0,-0.0,-586.9032056396003,-0.0,-0.0,770.4024437935251,-1054.0146706662563,-53.29042732325301,-2009.6712718543956,-0.0,-0.0,-659.7619829750386,-0.0,-279.79222180674117,-1169.025846309851,-1026.0120515135013,-1145.1265959567565,-0.0,-0.0,1476.9433026865825,-0.0,1028.5022484980557,931.2122344363758,-41.78943649429354,-861.3743766276294,-0.0,-0.0,-105.10488329564875,220.78375600202054,-820.5881003065886,-379.39644839170296,-1070.5505230031138,-2722.032899455694,-1959.411024091773,-0.0,-0.0,-272.8397069868764,-5249.975280346355,-620.4750347004215,-560.180463358896,-0.0,-0.0,-609.382992052684,-0.0,-1055.196051167094,-1308.5994382309104,-779.6841619288517,-0.0,-0.0,-57.45934328044022,-0.0,-170.51885706150964,-1436.4965707739573,34.159939403663984,-658.6478822729051,-450.2444793800955,-251.31165388359338,-657.780614711655,-2324.1056609701695,-16.92435194397718,-1206.2775083777722,46.46951682888899,-1005.4619540523165,-313.70186245738194,-0.0,-0.0,-232.80923318501365,-0.0,-0.0,-1659.9224472429587,-656.220964993694,-0.0,-860.4391585738813,-514.2605513641366,-0.0,-0.0,-1439.3712662408461,-819.5394008480931,-1541.406376646812,-1371.4859074268206,-0.0,-107.61910096101782,-3117.23686459028,-1070.6212575470422,-279.8607033555388,1611.6982173533552,-1844.636875653961,-1254.1562417376074,4.234260643534281,-887.7115647719969,8.900395348189937,-1826.150065354684,-0.0,-3748.855919542641,-820.423223406062,-0.0,-1583.5467692676266,-1477.7970894242435,-0.0,-192.3558471118877,-910.6387913834778,-1197.3049065434332,-1416.3591236919244,-765.5613268770467,-527.4385036080442,-531.4772668938003,-0.0,-149.1835010641535,-0.0,-2471.990521271235,15.007126648215218,-3529.6789402142576,-821.5068218001569,-41.42787237357871,-36.68040348404757,-1395.6813574956814,-831.7172517002743,-0.0,-426.05338837697934,-0.0,-0.0,-783.8422702578574,-0.0,-0.0,-0.0,-0.0,-0.0,-0.0,-0.0,-759.330589898794,-486.84086558691325,-2745.272228759923,-2417.0084835618163,-0.0,-0.0,-1159.2249397202113,-1998.9006999359567,-504.91542711267084,-184.94319455794974,25.58796804987313,-0.0,-1378.3411574027991,-0.0,-2411.9860366608386,-0.0,-0.0,-0.0,-0.0,-1919.5907326074896,-227.88806468647917,-454.49922779599217,-1092.2024269434128,-1349.5488899153331,-1095.6607430756153,-744.136468726666,-1199.1804701048145,-0.0,-0.0,-0.0,-0.0,-587.9997594387376,-429.2061051451547,-1379.4638523359758,-0.0,-705.728284827876,-6344.3769791612285,-610.6671355574337,-798.9601560843528,-2887.492626469023,-816.0278522421399,-0.0,-529.8579421877895,-564.4362168112978,-1140.2386395503595,-598.3403224812398,-1485.7531093798152,-1705.8749904139715,-0.0,-0.0,-0.0,-0.0,-1606.894211516034,8251.426809935296,6747.191589535477,-0.0,-0.0,-0.0,-0.0,-2048.727732256254,-1156.8772241644813,-86.35536849343302,-1414.858253216748,-813.3468251804464,-0.0,-0.0,-0.0,-0.0,-730.3342176917234,-0.0,-1874.0217844541658,-237.8977134198732,-0.0,-0.0,-0.0,-0.0,-131.09740534300084,-526.5070469036257,-399.64512753808685,-868.207662678353,-1160.3029672229818,-1122.8163902431525,-1098.7186233428893,-298.47911159380175,-1499.0789845920467,-1446.841417022835,-1156.8041367476642,-1531.6632210385212,-38.750727351249644,-1203.556594399769,-1017.8899506391527,-930.0634255832637,-1558.195914436423,-344.3935683339496,-2228.1876464590805,-1504.3849139572421,-1887.1028281037547,-594.6712523177212,-549.6462582734413,-1060.4333593783701,-0.0,-1065.3217527399863,-0.0,-3349.2534771551695,-784.2621654423232,-274.735341970895,-1875.8059789865129,-1509.7789792520157,-1136.8717364633503,-0.0,-0.0,-0.0,-0.0,-816.8161438193137,-3591.589645869879,-1687.5557931488256,-0.0,-0.0,-1134.7906119471447,-0.0,-0.0,-1206.1448812691954,-518.8921251183513,-1087.8474064216366,-563.9291885264694,527.3462918340929,-1087.4823811862086,-575.1193454595872,-1534.6540656553354,-0.0,1384.9175946589448,-0.0,-0.0,-1149.8201413460501,-5513.534134107693,-0.0,1658.7930615171294,351.07014933531934,-875.7911518879115,-231.09801476824722,-0.0,-1763.576244613025,-995.1964649874672,-2173.750865012946,-2076.4605095267984,-366.54848727401037,-0.0,-458.5237134178918,-162.33562983382944,-0.0,-986.6617777656278,-0.0,-1770.673166995777,-2212.8416845378406,63.14258880814554,-2379.258824316848,-1986.525790773212,-0.0,-547.3019690832637,-1355.3294926149406,-1920.9050430151472,-0.0,-383.8613882752845,-2382.1786034088655,-887.1454895480584,-815.7699839801282,-914.615039580099,-431.3094905578992,-868.7357583212652,-1547.1847401374039,-0.0,-963.2605164265891,122.814877751534,-1415.481976309983,-0.0,-574.9178236267392,103.99992116973324,-910.6101188571566,-611.2807182678083,-0.0,-588.7472627192524,-445.39057997876625,-1665.1511917532998,-1238.9754881655633,-1595.9139706123735,-858.8589743983429,-780.6776080583164,-917.443314913795,-2148.794354935095,-22.690584985521483,-0.0,-535.6014731379992,-614.2931942721995,-1362.4115921518855,-2042.4157867988708,-313.39926145449107,-725.55222342627,63.93577884495111,-854.3692283574826,-1240.9117450499923,-790.6471278240549,-0.0,-1008.7475591082982,-55.73088275098688,-2462.360775164315,-0.0,-417.4087974931335,-785.6746917445475,-556.2191396083609,-2298.217108446474,-169.0015397860798,-1527.3982010686493,-697.700013085561,-2559.7419729151225,-0.0,335.2369491443007,-0.0,-0.0,-318.9717893010075,-0.0,-0.0,-3617.817808765881,-26.77121203233853,-37.04526734220027,103.07835924044738,-1323.9269744245937,-0.0,-0.0,-0.0,-0.0,-0.0,-27.935067392898276,-0.0,-351.4582608251933,-0.0,-291.6927937128562,-1928.842597787987,556.6604560934944,-2941.0381943789566,-0.0,-0.0,-0.0,-0.0,-0.0,-0.0,-0.0,-0.0,-0.0,-2570.4418277316377,-0.0,-2686.038150169288,-3126.6913475218685,-38.28832289642504,-0.0,-0.0,-0.0,-0.0,-901.9067995143416,-1092.566981992003,-0.0,158.91263744997894,-555.2900729725183,-2148.6909690694265,-650.2672512227446,-0.0,-530.5387425829117,-1153.1725085000705,-0.0,-0.0,-619.7828781974835,-915.7862752365826,719.8329887367508,-486.0726773069508,27.178251324356534,29.454373967688056,-0.0,-0.0,-0.0,1551.9915056291836,1388.6847976202741,1627.9133694650375,-0.0,-0.0,-0.0,-789.3866638520279,-0.0,-0.0,-951.4177119316495,-76.80778639583161,-466.56629728106566,-56.27501364290417,-1029.8139372539308,-797.197942637635,-1438.8928956111283,-143.2298148027476,-278.2225437046041,-1233.0401984793948,-0.0,-2150.201285505798,-16.064133757407216,-950.3316643868702,-920.4770491537582,-16.4012276989055,-0.0,-1300.6434290970292,59.62760450311493,-0.0,-0.0,-0.0,-0.0,-0.0,-1376.2561820829367,-3079.6092999951898,-0.0,-644.449212116332,-61.05593295414147,-0.0,-0.0,-0.0,-413.9919902036885,-29.923080667637663,-0.0,-1301.9539724988203,-789.1568536577759,-0.0,-0.0,-534.6682348467132,-0.0,-0.0,-1631.1945091669916,-1376.7366956245744,-0.0,-817.0995596562121,-2093.1801617697233,-92.03541793783995,-0.0,-0.0,-292.06615586069626,-777.5579458877605,-232.54330453020964,-196.7625331295535,-163.17836340063664,-0.0,-0.0,-0.0,-1346.3743148598953,-988.2741348858256,-1944.3817832716725,-272.12978115275797,-1328.8790096709038,-123.85671116936143,-163.71552665506766,-480.09592192431285,-1974.058431859248,-0.0,-0.0,-1728.8207226615016,-1886.0329040177712,-0.0,-0.0,-0.0,-540.6899429353952,-2307.412641627505,-3401.414162416991,-0.0,52.89042433193425,-176.5373518842021,-686.9369522565067,-674.3967655025243,-2038.2706501773398,-0.0,-1477.5428233594098,47.142781702054286,8.06038819537975,-306.03912461271716,-0.0,84.6614882403436,-281.7732689492962,-424.18893046509294,7.756614385021204,-0.0,-0.0,-659.3302069704707,-13.001119355864033,-0.0,-1334.527841752572,-970.5668169372617,-1227.712372042926,-796.4352718765914,-1148.1706830565715,-1737.3341685038024,-0.0,-0.0,-0.0,-0.0,-0.0,-348.8708165687951,-654.6333592844378,-1259.8040813278674,-1529.4695599988927,669.5063930193024,-1456.463338623805,1662.116738412694,-0.0,-2073.6935169578696,-1666.5603869750757,-830.7686229737627,-30.59938508374736,-121.68138541951116,-2207.4552824706934,-226.46062570529662,-0.0,150.08590821685056,-896.5876078254089,-0.0,-0.0,-601.6582263263815,-412.5502420827371,-390.62326980161146,-1236.2651979900631,-1672.7327817856099,-0.0,-1496.1041622504786,-1130.1855026481549,-4121.955087726115,678.5695618670355,555.6958851139653,674.3889835993432,698.1811704146086,-0.0,-0.0,-0.0,-0.0,-0.0,-0.0,-0.0,-0.0,-593.7630494601963,-0.0,-52.789040313449064,-38.606278259176946,-0.0,-1301.3676507280295,-1408.3114289167486,-1996.9184757687694,-0.0,-0.0,-0.0,73.80665414785723,-3003.039574642368,-661.4260214190027,-2855.5961961485973,-1547.3911487468888,-0.0,-0.0,-149.4245970047847,-1384.077359352644,-0.0,-1939.971163771135,-714.2374921478914,-0.0,-0.0,-0.0,-2422.958574904956,-0.0,-0.0,-0.0,-0.0,-0.0,431.6855367333912,-0.0,-0.0,-0.0,-976.8679534130545,-0.0,-0.0,-0.0,-0.0,-0.0,-0.0,-0.0,-507.70795496497414,-1027.7436429205102,-1502.3622277452346,-1654.6674023264645,-584.157592239349,-1228.863827815381,-36.793527098862086,-0.0,-637.0243354519965,-50.94007867781819,-0.0,-0.0,-0.0,-0.0,-804.3393237615344,-0.0,-498.6209417421343,-1275.5297060753492,802.2864898998617,722.7198138120028,736.1820957454967,671.2281674759703,699.6161945935374,-0.0,-0.0,-0.0,-0.0,-0.0,-0.0,-357.82062452634295,-0.0,2083.533671781929,962.9792918031445,1157.917971590865,-0.0,-0.0,-1243.7308357919417,79.1469493098711,-63.62023617379732,-2374.975657266063,-0.0,-1883.4700652391282,-0.0,-0.0,-0.0,-0.0,-656.2599593299205,-0.0,-536.4722092865969,-560.9612626764424,-385.04171517634325,-0.0,-16.6209665354599,-0.0,-834.6763207357361,-0.0,-2265.540892004919,-612.7788383867518,1729.307264075821,-2123.8884689479237,-960.5765078092539,-69.35755996825404,-836.339543412462,-0.0,-531.5152168793945,-79.63410213392976,-2420.1036429081328,633.7349600694176,90.10543612158979,593.8595187004024,1257.1862215837282,-0.0,-312.0420881719536,-25.12063373402891,-1058.9799072845897,-1225.1179840344844,-1439.059855747181,-1854.3478010661777,-0.0,735.4688895547457,-0.0,-384.1188417519244,-2299.769598482888,-1332.1478346316676,-0.0,-1280.7646400749293,-393.726075705265,-595.3626572029481,-726.9216640109547,-338.2238803822834,-1372.8843564185406,-0.0,-2165.202306663784,-397.1457533051975,-1512.1721435805143,-315.69302249092647,-0.0,-0.0,-0.0,-0.0,-1293.042562033607,1178.726646436138,-1098.9232099400747,-610.5764400255727,-0.0,29.5037341547178,-0.0,-0.0,-775.7983983998638,-715.8450717318126,-757.0161568645784,-643.8252181598083,-0.0,-0.0,336.4676950899626,235.0832228842651,590.126572895646,-0.0,-581.8240959266726,-1899.0686187707804,-1260.976191527788,-4.317255600245867,-1638.5281329218715,-0.0,-0.0,-0.0,-573.3810027113988,-863.761378074677,-0.0,-1342.5662753598488,-0.0,-2638.126978157844,-3659.276216068645,-0.0,-19.339176979988338,-0.0,-752.0307920389643,-0.0,-0.0,-0.0,-2151.3025342486994,-1112.984119401195,-605.6968645574274,-871.5804220374088,-0.0,-0.0,-2118.4958995318525,-0.0,-544.166731133189,1163.583767047842,-900.1743182289624,-757.7171777882014,-553.8838118871549,126.71871161167468,-0.0,-0.0,-1338.2439232654806,-0.0,-722.509040163754,-68.22966532831006,-361.67774932568466,-340.6864410015815,-0.0,-0.0,-226.8756306684328,-636.8512269317758,-1048.1037962854855,-623.6349964336689,-1059.6469474241808,12.947315967247492,-0.0,-129.79847223326502,-2074.8006877704147,-1255.7205368979533,-0.0,-0.0,-0.0,-567.2821856719798,-602.1208581598779,-1556.1385347887485,-0.0,-0.0,-0.0,-0.0,-0.0,-1484.0460557352412,-707.608907807614,-0.0,-578.8993308740817,-0.0,-17592.58223248679,-812.0084068713105,-118.17701476706988,-603.7970756379058,-0.0,78.16645621335974,-1273.3075162827074,-2566.1752900230003,-0.0,-0.0,-0.0,-774.3833952472582,-511.2441417437844,-1097.5548816101484,-1002.2746096277715,-565.7207450100965,-0.0,-0.0,-1722.6133263396025,-573.9184811890055,-2281.8408082020346,488.80773302010556,-2362.5762014133197,-0.0,-0.0,1640.681746155551,-1550.9827559805547,-0.0,-236.2017902574765,-351.00173408808445,-629.8571868019737,28.237932142872623,-887.8001038248071,-0.0,-0.0,-1363.5972877807985,-1271.5014217822518,-2441.943190979228,-0.0,-0.0,-2417.3471299552625,-707.0104906111211,-718.5108189137568,-2446.00201683056,-1439.6161099955236,-0.0,-0.0,-1048.3892034034093,-0.0,-88.48066556899954,-1544.1732131601857,-1774.4674021531114,-0.0,227.94335298985226,-766.4626617788715,539.4909201399857,-261.3938912364099,-244.69600743133194,-0.0,-449.0604758050597,219.6206431085207,319.01168370037857,-454.4388380724999,-2486.7414611929585,-1987.3833018419346,-85.72141275503978,-4427.452857416545,-578.6246803700337,-1124.6982574290018,-48.94807983302288,-3749.1346982026275,-333.2315176604097,-638.5491723495453,-303.4790054477694,-1599.3770905624522,-994.1689490925594,-3408.0850334826573,-5340.457047926647,-83.80001910393639,-675.1513082593957,-1696.7235418945918,-1171.7078481307622,-0.0,-3371.7315266227934,-0.0,-271.1136007689657,-1518.722843540998,-1367.9280598685568,-0.0,-0.0,-934.2018557507892,-235.01223082789352,-0.0,-1368.1379286978597,-0.0,-664.7946795666863,500.38167699862487,-2233.21910512899,-470.5965681013486,26.077540009776367,-13.173983175433424,-0.0,-1862.1638346492412,-563.9296396237912,-0.0,-129.329519926623,-0.0,78.84409317114704,-178.31171213685357,-0.0,-372.99024341471517,-1379.49798149024,-441.51707501067284,-779.2732284515943,-2174.9441704968217,-0.0,-3991.7520044774174,-1727.3241798776007,-2427.2107096051604,-2204.2154816944712,-72.20150161046335,-222.9500736393766,-630.4106878541824,-1456.3183316226048,-0.0,-0.0,-1233.1704699529619,-190.87605517589708,-0.0,-76.81667476593732,88.26026794134444,-2213.8212695446546,-0.0,-0.0,-1290.8419529371786,-0.0,-74.33466526750676,-0.0,-44.160921790151725,-144.5064916796701,-0.0,-372.91198067229686,5683.578831795968,-0.0,-0.0,-2605.0323738453562,-772.5285830181028,-270.38543101572856,-0.0,-0.0,-0.0,-641.1512410254843,-2111.575780080112,-0.0,-0.0,-0.0,-2247.6868678489827,-0.0,-0.0,-0.0,-1563.0204158006807,-723.3818276860096,-296.848150908545,-459.6361654407063,23.02352651969203,-675.2689385899411,-375.38265021016576,-205.38106492772025,-2369.7795580169595,-0.0,-0.0,-1239.7359271543119,-756.5258423151827,-2428.14314244316,-0.0,-0.0,-2654.3395915556944,-664.4147642340888,-1529.5608178777306,-410.87746925042075,-615.232264769974,-2304.8869640503617,-813.198048323369,-84.96198845442356,-812.4472380956018,-1980.6667516233513,-1526.7786297710365,-1348.6643723372592,-0.0,-605.0378178182103,-0.0,-1544.4896830326916,-417.5270602473381,-217.10621402761674,-616.9798201693483,-854.3491685457658,-12.096414639279176,-0.0,-1168.9342303156486,-546.7679408092719,-43.45235747360881,1509.9965462916489,-73.88290411219381,-0.0,-630.244640635984,-459.13882450438103,-0.0,-667.092443564057,-1535.4114896736123,-0.0,-0.0,-0.0,-0.0,-404.5590238701344,-895.7854776377187,-314.14210982429876,-481.00069533929934,-338.1400130912681,-1601.5463288250708,-708.1175259755739,-1392.897944935847,-2494.9764657509895,-1930.9209797447147,-0.0,968.7199902163436,978.5966331166546,550.57648929783,751.9319071897063,432.3636342108542,-0.0,-0.0,-0.0,-0.0,-0.0,-0.0,-0.0,-0.0,-62.21037913697993,-855.0789436531206,-503.7786356556034,-271.04175501116544,-1172.740506454929,-97.77886232469488,-354.338769302857,-1129.8447253392615,-291.2534114860362,-1713.2145631590702,-744.5852601649707,-81.17737192731944,-369.9147645968059,-23.477481994074793,-0.0,-554.0569608137472,-167.28065591296195,-201.69126955428916,-723.7987668810564,-342.49388765040334,-1478.779081554036,-290.4944062776189,-0.0,-0.0,-1859.9756330495918,-498.3186458139575,-322.87419453847343,-526.337543111791,-887.6652252140175,-424.5560230887339,-396.20554304504844,-0.0,-627.4598704453786,-670.3726112464834,-824.961638095966,302.0549298484994,-1301.1995879396259,-2181.6957227452062,-207.91704680576012,-650.9661413588237,-650.1978047749666,-12.986437552072868,-0.0,576.3191335021934,-778.310748594856,-34.48560582478977,-1879.3468294402473,-0.0,-0.0,-1200.442415070316,-481.5531978349984,-0.0,-580.9119332285878,-664.6196953418265,-773.6588086910405,-0.0,-686.4145294386421,-467.87695139403434,-2146.541923457264,-4121.792662499097,-377.3479684668168,-0.0,-79.38058333657828,-414.52366838182934,-1466.0294090227053,-219.7372053224798,-557.5288677926657,-697.6337600714489,-729.671695426637,-369.1461887792942,-0.0,-0.0,-1600.2480751027426,-105.92975138601686,-420.7172891272653,-764.6013943547316,-1160.9558325681553,-2365.3858673660284,-0.0,-563.3555544743984,-0.0,-0.0,-0.0,-0.0,-0.0,-27.866210562317182,-178.1850428185842,-346.92053920839936,-0.0,-0.0,-0.0,-0.0,-0.0,-0.0,-1150.2972831882682,-2204.0320581193328,-398.6848070626952,-481.5673515180313,-44.68379081465564,-0.0,-0.0,-420.2646129634011,-0.0,-0.0,-109.60016338334405,-2618.0842477531096,-0.0,-0.0,-1439.3513869462327,-551.9813949639522,-854.2562441474471,-957.874514626684,-697.8521020566361,-0.0,-0.0,-1137.5201361729353,-1767.9615169681142,-955.3225593603112,-0.0,-1105.9230304265152,-0.0,-351.73548430066637,-702.9376044177412,-0.0,-651.3690844460201,-1737.2070121355378,-0.0,-1656.2103260196025,-173.3577207263237,-578.0209222446388,-1339.8787962175127,-222.5287949262303,-1187.6029773341845,-0.0,-988.876299889968,-26.6430698288132,-2298.6461644855362,-1824.5351683583322,-0.0,-0.0,-0.0,-0.0,-721.3515912728834,-792.320484869299,-0.0,26.376026313833325,-355.59028619764314,-740.033617734228,-1999.1008677846155,-2218.172018943346,-368.8503027690489,-0.0,-1369.2583147388746,-826.0634508672189,-1674.291620652348,138.95376411881676,-0.0,-3276.9698183029136,-676.7220357272846,-0.0,-433.43606877988367,-1421.3092659944166,-0.0,-0.0,-536.5206481369961,-1406.8049389002294,-0.0,-1056.7109334263157,-1263.0889052613775,-37.33339085520159,-81.31887208087646,-495.90395375931763,-0.0,-1449.0842680889057,-2554.2650083522867,-1135.6506240095582,-175.2064246694035,-1858.6569574384996,134.99788385779217,-839.6971821348303,-612.193761040059,123.49385720717245,-842.7632691696434,-1430.1024628734976,-817.2665464248954,-1271.5490784235033,-400.6267591638383,-588.3653840762535,-745.8693488567483,-1517.5527183527659,-0.0,-0.0,-1776.1599031350202,-318.27170715179517,-0.0,-1467.3695337834095,-1210.0618128093552,-0.0,-2422.354810528704,-526.5692727205544,-0.0,-812.8338977524029,-0.0,-0.0,-1234.6261677590828,-995.6912703661466,-0.0,-0.0,-0.0,-725.1938324478112,-4.405651737320443,19.818388300332323,-248.35693653220977,-0.0,-2072.674825555784,-1453.5797421262882,-547.342280958346,-2022.8645462785962,-0.0,-57.63499984414069,-920.2011927810784,-0.0,-419.07207623614744,76.2866725723016,-1581.5168805362487,-1010.7344484708099,-668.4112560949472,-1249.2947568482787,-0.0,-0.0,-0.0,-780.314566788497,-0.0,-381.6531071143749,-955.1547954113789,-207.26738493047424,-1188.8645369090975,-2132.8512803254666,-545.1936699116027,-2047.5974930085044,-0.0,-1103.73370611773,-718.4112857089826,-498.66007300387787,-1244.7039995538898,-309.16464632159665,-507.14022120874415,-1470.49235376916,-0.0,-0.0,238.71250036401656,-2690.7427604191016,-961.9174429149832,-262.17657922331864,-0.0,-361.87916891955336,-526.9001046126479,-631.9701159001153,-0.0,-0.0,-756.9717759029105,-0.0,-20.790179990275558,118.09736695094415,-117.9244635312975,-1964.6518644468279,502.5177653279345,511.98660083532286,491.7108355652913,632.2594183776481,47.06513028289237,-0.0,-619.2823289975182,-736.1457175461727,-349.2531593466219,-9.651913278017576,-0.0,-0.0,-0.0,-190.07022023792035,-13.192246223580835,-898.8137573235327,467.77222032371657,2345.668138138829,-0.0,-0.0,-0.0,67.52302233576528,77.66854187525793,-0.0,-3025.769259273484,-0.0,-0.0,-0.0,-0.0,-0.0,-2405.111488605046,-277.0705473460532,-0.0,-396.4269549088371,-2098.621730141085,-158.87929925876074,-315.5800420302632,25.891633256588623,-1697.863788578568,-4244.5945512044955,-1930.2975957065632,-0.0,-0.0,-1646.8864571028853,-1026.7719016521226,-721.5093216159685,-408.7444025793546,-342.77862056829883,-986.3631257194851,-998.2265684039091,-4887.34043271293,-662.7893929743375,176.8907903665519,-808.188378600433,-1072.3151952363698,-610.8773681951776,-621.9759053955811,-7.463970408405781,-1591.250015954594,-812.0987052226563,-577.8117644926456,-0.0,-0.0,-0.0,-0.0,-226.8893197187933,-1196.2457759872498,-0.0,-1224.9620227855507,-1347.3859916573404,-0.0,-0.0,-1433.5313484627632,-0.0,-0.0,-211.92953773560092,55.70005935596779,-0.0,-0.0,-3061.9978369469018,-1205.869609495902,-95.29707928252543,-924.8489890723464,-1395.9665078148319,-0.0,-334.21736484781286,-496.3619196318866,-0.0,-1363.8890585413437,-333.109698754511,-1147.758053983785,168.73020253128408,-876.7933819200621,-199.58570195518112,-234.21503522676258,-52.86987062265369,-44.40210157238903,-602.4062306028495,-808.77421730968,-501.82931959655497,-700.368428768241,-0.0,-61.40551516709372,-722.6272634773699,-165.25547855193025,3.865154941928982,-0.0,-993.314980596819,26.75075292370347,-1293.266219073435,-0.0,-0.0,-0.0,-1840.5461045361847,-0.0,-0.0,-78.90862109068404,-0.0,-0.0,-0.0,-0.0,-0.0,-0.0,-609.6173642670601,-1598.1208221188522,-0.0,-0.0,-0.0,-0.0,-843.7612916669024,-471.4092564047206,-0.0,-0.0,-1840.5318405389344,-0.0,-1357.9215566712496,-2664.8134950628582,-0.0,-0.0,-0.0,-498.05953882110794,-0.0,-0.0,-0.0,-977.7855281920174,-749.7997514809266,-662.279486199889,-0.0,-0.0,-223.2649448726818,-0.0,-3954.4080017176925,-5359.390245481518,-0.0,15.309108678786078,-0.0,-598.7409135037299,-669.1527396337694,-1991.1848496261455,-0.0,-0.0,-95.94325660709268,-686.0654836771483,-1356.698039234748,-666.1988843479207,-336.95644630300694,-0.0,-0.0,-1204.167860120995,-971.6824534163197,-45.18416877764264,-0.0,-0.0,-727.4450331632255,-379.17406236753504,-84.11733490631919,-0.0,-0.0,-0.0,-2159.91675580955,-338.39678379919275,-1337.4511408704186,-4320.9718564433815,-0.0,-979.3534415229617,-1146.3942569206504,-2380.025372070934,-337.8883627616458,-0.0,-0.0,243.99787238592904,-1177.679462005706,-1833.756134734679,-498.8176796350625,-149.22266013143107,-24.661807995800146,-1786.617283211353,-414.3935863962591,-1754.9349898082662,-664.9061179983316,-2707.187972101201,3.842226500552012,-985.454898258395,-877.9788336983587,-1846.6903263776387,-0.0,-0.0,-741.6255582128347,-1670.4311514862254,-1798.0809472627539,-866.2724234525473,-0.0,548.6275522031227,-68.25920593954129,-445.8446372892695,-0.0,-18.781537677552205,-0.0,-2450.356165140919,-51.78795726752927,-0.0,-0.0,-742.952094214069,-1098.4117676725582,-803.0508272143912,-346.3761000114894,-583.8124245952437,12.538442374961827,197.61909755589042,-823.5629988079149,-26.090826158587728,-1504.595395519663,-0.0,-1538.6439884547929,-126.99283332322331,-754.2475384710397,-397.4803158201127,-24.132575084694935,-42.596718717228505,-20.062007819380202,-1241.9153607953197,-969.1740890731884,-1402.7548205362928,-254.27261676700795,-1376.8384872730494,3.857104599173052,-0.0,-761.0038758993433,-2659.9030205764643,-0.0,-0.0,-29.73937905474304,-2082.1353111234844,-188.7136076285416,-572.9025649516384,-369.4541998355292,173.83207840929322,-0.0,-0.0,-1259.3569734147566,-0.0,-0.0,-2158.0269705883247,-1572.107692038415,-845.8278363851163,-755.5767047642789,-639.1662386264671,-902.9272732952255,-778.0659959427807,-1293.9300789371239,-2584.9985055984075,-0.0,-0.0,-0.0,-0.0,-302.3394579401195,-0.0,-2053.9869893710406,-629.4411234218203,-844.9401714196324,-978.7146204824609,-455.37496763703933,-0.0,-1403.3908007991754,-652.3624098110131,-0.0,-2569.544330436901,-1441.6204161710662,-0.0,-0.0,-2409.446372704044,-1705.2914929398007,-441.3240630484556,-803.4090171403982,-0.0,-531.0593032009147,-314.600292295273,-0.0,-637.0645147017541,-546.1165796268856,-511.0650222133803,-0.0,-0.0,-0.0,-0.0,-388.05352971259674,-1228.297444737209,-7027.095133567114,-0.0,-0.0,-729.010926937234,-704.1372020892155,-1921.2322096727808,-656.6519256549915,7.608858991717836,-456.06213395667874,-0.0,-642.0410742159531,-571.0695145540257,-0.0,-503.750886982442,-1136.8605928395211,-0.0,-0.0,-0.0,-0.0,-0.0,38.42463466929459,-2120.4700889338274,-0.0,-1342.4214112380937,-892.612031797465,-4.017482190246087,-1691.517081697976,-969.3116604951455,-969.4050911569614,-1417.1156102729324,-78.13335696495488,-119.8702461089924,-1260.3457963215478,-703.1834431647277,-680.6518604832299,-0.0,-1467.7509569668875,-1361.5099079815202,232.6042413366956,-0.0,-616.6430266081928,-716.037955292669,-985.3058674015857,-65.74243641162487,-0.0,-290.64671064400517,-0.0,-0.0,-2465.847715222724,-2120.34096337026,-1917.695947626469,-1711.9483534774083,-0.0,-1246.8766939048262,-2056.2377778402897,-0.0,-5319.559412143805,-0.0,-0.0,-0.0,-0.0,-1050.8479555280678,-2457.8178749705094,-2314.625231548894,-91.23838506342275,-1973.4846030399813,-0.0,-981.0109861443267,-31.43092551768248,-0.0,-68.39585429428689,-555.7969230700378,584.7694673365876,-0.0,-461.61563131761824,-38.28766819803882,-0.0,-1442.356460964006,-0.0,-2112.759017182528,-144.02903935557848,-0.0,-0.0,-1064.7800429540277,-1584.1671878469958,-1042.7998406495537,-1238.9296564091567,-1290.3369282522315,1568.4531692016012,-57.88741611900396,-803.2494624591311,-36.052641529626044,-2476.747581413565,-815.536971371103,-867.3885177506528,-465.57252041988335,-1633.593964719347,-1726.7197012221209,-435.8149242551442,-2478.9539675642127,-333.08615557962156,-0.0,-0.0,-50.71015416571698,-0.0,-0.0,-0.0,-0.0,-0.0,-0.0,-1688.9964422802695,-619.0789921940191,-1183.7067555862743,-907.1372460260743,-0.0,-581.7037969874989,-1241.3555725167996,-1111.4938389399974,-2216.1484830911554,-1325.50262124702,-88.07894718274564,-198.22566954902865,-975.0147394544937,-1476.7809603390472,-0.0,-0.0,-0.0,-72.36116648277678,-823.8379490517585,-156.80644930757842,-494.42691998546,-1014.4968335197772,-0.0,-0.0,-0.0,-4109.811340876183,-0.0,-126.57341067631485,-0.0,-220.94928813022318,-1145.3430941959598,-1233.3537288534817,-862.0203274126842,-0.0,-43.363000206035345,-575.0561468822882,-746.0760698011547,-567.4111052455908,-0.0,-1067.9394439232312,-0.0,-0.0,-2755.130925169667,-0.0,-1395.865550768083,-646.9258705220522,-420.072729524625,-279.9984003828205,-1425.8612958343276,-2800.2606518552884,44.21369167268348,-2303.600620702269,-1713.3226068626295,-442.8631277993512,7.53953839408454,-0.0,1491.1169460153521,1113.4302603207288,1161.8136456579757,-0.0,-0.0,-0.0,-886.9602955460879,-0.0,-292.2780239091068,-183.37472489044563,-0.0,-3677.349394712286,-0.0,-1444.903199164489,-83.51054819915684,-1093.8316793659542,-599.9997330898809,-1499.4557632986323,-1245.6253685816632,-0.0,405.7215051857067,-2655.5363207413243,-1700.7188459565182,-470.78247271302143,-1240.4959412668302,-1724.7542907613993,-0.0,-0.0,-281.77757693816363,-768.0001162324157,-2291.668783882762,-829.2822338876668,-37.59346321657976,-0.0,-0.0,-709.5298856880768,-0.0,-0.0,-0.0,-211.94854513081083,-1433.7245682309267,1665.419841518439,-1356.1894295114846,534.816157097987,-739.7591924786129,-1027.2796083204662,-11.033916988947622,-4982.285923267911,-387.4083677038918,-0.0,-76.05944834839853,-2414.1770704557566,-1768.3650848595614,-0.0,-27.675346975721357,-0.0,-657.9912251711843,-25.829876536220656,-1912.4720739897582,-1577.393909063311,-0.0,-322.2762796073179,-0.0,-0.0,-0.0,-765.9708783526146,-1048.4431329235877,-432.03574337073974,-1159.8937000317308,-1796.6825837457982,-981.7704681838834,-440.4133251756278,-494.4694117500846,-112.48091665492089,-1681.4392515773336,-631.2870752610959,-1029.6112682692742,-1249.2590547837583,-1481.5936444428887,-1416.7273005758557,-388.65762979683313,-1522.806196228519,-0.0,-0.0,-0.0,-2185.1426971973438,-0.0,-510.6541806430425,-1231.4131656072864,-11.255513578863818,-797.582882658858,-622.7228430547195,-968.0300873259453,-740.0975025928389,-205.04928439045864,-1908.8225689706069,-5360.731631514632,-279.55056010727014,-31.787954716711855,-0.0,-115.85667258084683,-6956.3161432074585,-1870.7078982141334,-696.9963353625766,-2447.2294185454107,-216.06570268958015,-0.0,-24.491968800932,-687.5963808155262,-126.80126217501109,-1142.688194235378,-1089.6845652200725,-205.6875188647531,-0.0,-710.7897266715606,-1924.504045372792,-1981.7729871916638,-1933.8239496514798,-0.0,-1552.518651242533,-0.0,-53.39543044097564,-887.0836422490542,537.7882401232324,-0.0,-0.0,-321.34130091835806,-1018.4914512060915,-752.3236238146326,-1286.7523812134664,148.86803906648544,-1454.6326256393934,-131.64486351678968,-336.0605156762949,-2126.5578959512,-1944.116218189455,-386.9498386232726,-0.0,-0.0,-0.0,-0.0,-0.0,-2070.9713048433573,-0.0,-637.700525716449,-815.3024215661165,-2628.8154953582152,-0.0,3.463892247350565,486.1165305259219,2078.854732491007,-634.3768720316428,-1323.7432339774055,-0.0,-1347.2655820253258,-3674.161527263232,-866.8195415183171,-5585.467299546546,-1207.2120911317425,-0.0,-775.7655184253447,-2376.0398915432315,-203.73533506995204,-0.0,1233.1034750335882,1375.7202090515493,1188.906131661918,-0.0,-0.0,-0.0,-0.0,-87.96649852052356,-2358.831891800242,-83.37515181164528,-0.0,-2030.6455275611477,-1166.2819996973717,-472.9506600802594,4.232300993135421,-0.0,-212.67838478911162,-812.3849306714307,-0.0,-0.0,-48.950223769395706,220.99503160489118,-2262.873584896438,-0.0,-857.7954716927252,8.93581282418828,-74.80081896872959,-0.0,284.82784452675327,-96.53891784456607,-472.3044215246778,-1886.5678304945393,-0.0,-59.09311697866774,-1235.5533168242162,-1030.5053583310835,-44.021822121307395,39.66932037991275,-0.0,-1247.9910446154968,-795.6619845159876,-8.625155504302542,-0.0,-0.0,78.63635975578106,-241.58505920878852,-166.1225738930648,-84.04253699855433,-12.410309334403735,-181.6416746043149,-762.5408792169992,-986.3890276772902,-511.11078486497047,-0.0,-2212.8133793367024,-1000.2763409474378,-0.0,-0.0,-1070.4607535375892,-2143.239698376844,-616.8786211061143,-7.560367434963187,-2728.9665439620276,-126.15740444170535,-83.70512292588448,-1102.0043778723514,-0.0,-365.7299390350096,-1474.1880602431222,-3.759533578005711,-0.0,-3378.651313664515,-158.13660359120792,-1552.2971474372125,-937.2263816424506,-1251.2279726639692,-2427.6769247496663,-81.89565935118777,-857.2434840392764,-1936.2929535526466,-1223.9018787392044,-1232.0101287492555,-237.59845812173566,-1872.1362815437149,-0.0,-2697.8602887125144,-0.0,-6549.693139529964,-234.63772837502395,-84.1037044606604,-1480.910994700887,-0.0,-0.0,-0.0,353.37038407242176,47.0283372475361,-897.1381163110211,-1298.9299738717475,-442.49635611359486,-1061.0129492608503,-0.0,-0.0,-1513.812010662465,-312.37966099988785,-528.5386974620685,-172.9342364485412,-0.0,-1631.094468037492,-351.524138312478,-1966.0666755677776,-0.0,-36.92059409341849,-0.0,-1883.002378400019,-790.3758568347201,-1683.1008649724654,-0.0,-0.0,-1492.2836052922519,-518.1635505556519,-796.3979393987528,-1558.9728181934697,-462.87260350014185,-1436.5035984383164,-0.0,273.89083578227076,-1256.829323257243,-4281.894332775733,332.09644422700194,-1261.4224376118943,-7727.613514198158,-623.400611277866,-674.7968178968921,-227.89772906776187,-183.25138037564773,-947.9519958288449,193.23568429401598,-202.25433720751087,407.1334231205028,-1125.9494059060335,-577.9796769232297,-0.0,-1201.9734246409867,-1876.438100456478,-908.0454075360855,-395.5387098920939,-0.0,-0.0,-33.69408280713276,-1044.8361631694904,73.69502666540208,-2174.226198116049,-0.0,-0.0,-451.6733231329877,-614.752270202123,-981.5156793213399,176.0988691393328,-2648.278639491291,-1453.9187695648666,-1281.692389210918,-232.79451314570852,-0.0,-389.58856249676455,-0.0,-594.1781318128579,-23.681873358926293,-1366.6137491102434,-508.5041764876477,-1055.2825791665787,-350.3171126419324,-322.5973222151283,-0.0,-1140.285955059386,-693.3342368163794,-1253.8357644447808,-0.0,-3308.369832127654,-1366.3691628847846,-1260.705469872719,-817.2835735890284,-1119.5577160118453,3.808358111114772,-2219.3484088681407,-776.9609968319412,-1224.932527087043,-1934.1014402215233,-309.52387557105203,262.36916698653897,-1081.3840303362808,-0.0,-0.0,-19.897775288248233,-60.62276017303186,-18.931524249934327,-267.48823995927575,-0.0,-0.0,-0.0,-0.0,-0.0,-0.0,-0.0,-0.0,-0.0,-0.0,-1442.5254386467948,-2405.2240458678207,-2150.263194584488,-0.0,-0.0,1749.7238720039459,-466.0506369495103,-0.0,-503.18479595130026,-464.68976937045824,-1015.8993724891127,-981.5478291057924,-1159.7259102406028,-0.0,-650.9303021914784,-419.480565242738,163.09578209182905,-0.0,856.9759197885088,-0.0,257.51386421250817,-0.0,-326.7354165762629,-0.0,-382.8382439105432,-1193.0788725827806,-1992.9364384962144,235.493695406125,-0.0,-0.0,-0.0,-0.0,-0.0,-359.83605981848734,-84.6110732852098,-0.0,-0.0,-0.0,-556.9989012017601,-0.0,-43.95945624812395,-643.060630982628,-3276.7673126193226,-0.0,-1339.3434418040504,-0.0,-610.4588614580205,-0.0,-0.0,44.156887091867176,-0.0,-165.403601241514,-0.0,-0.0,-0.0,-961.9663602239453,-1851.4516529936177,-0.0,200.986459346014,-2366.1028771028673,-0.0,-73.50189227702232,-271.94010307765353,-0.0,-0.0,-1495.505498552279,-0.0,-925.2029726960714,-1322.6408595872572,43.70536295310797,-2776.6050637773715,-1727.968397152118,291.51586548638096,-696.6771469668639,-0.0,-1044.3101491986706,-0.0,-0.0,-0.0,-3499.06355703373,-859.8011102436125,-1552.203982069388,-0.0,-388.499006257533,-3.983326435463272,-1311.2337526965532,-2012.2582916184303,76.21694958933956,-3051.1391635858963,-0.0,-1931.9061409351984,-2581.87900891931,-0.0,-0.0,-0.0,-0.0,-2369.354234805197,-161.77538013449092,-1472.0615515832696,-0.0,673.942704287609,1299.9022430384703,-0.0,-0.0,-914.6588107100594,-885.4558670899784,-334.66639449534597,-18.950405409942963,65.74675150782149,-0.0,-1254.013867945978,-0.0,-287.5856395325557,-1024.4498217037367,1362.0047139790895,-0.0,-0.0,-0.0,1007.3841337047128,1021.0290069690096,-758.3057809115006,-0.0,-1358.2640342812047,-0.0,-1120.734814067613,-711.0680900204413,-0.0,-0.0,-0.0,-0.0,-0.0,-57.79402934313372,-0.0,-0.0,-0.0,-1171.9034056383534,-284.5448074406271,-0.0,-0.0,-0.0,-146.76867789038891,-72.34464097366052,-648.7252941730902,-713.0949932883073,-2451.560553351801,-1112.1188891071408,-988.9405916658069,-0.0,-2729.7550076389794,-42.71931891894522,-0.0,-966.7690454683052,-2417.575852890249,-727.3285938294418,-509.8969419869373,-1289.8642041279365,-269.8875286377486,-671.4301609483774,-782.6212888120577,-1084.1193948174662,-262.3388739410709,-1688.264706108164,16.360307879287756,-384.63284180874575,-0.0,-0.0,-803.7063566210727,-3668.8653414714668,-0.0,-949.8803162903721,-519.0679262132234,-0.0,-363.28630697802186,-560.6362426961622,-777.7475251066054,-248.9558113331434,-0.0,-0.0,-0.0,-0.0,-0.0,-43.25204992288967,-0.0,-686.7056136448127,-0.0,-0.0,-659.6606820579556,-1052.7080546160244,-2588.0410810542216,-441.4645161326418,-629.2275838873435,-101.70106035027997,-2049.6714900544384,-0.0,-816.6105716712693,-534.0697428891775,-453.94470360760414,-1329.9350591096859,-1004.356834538501,-1574.8774988867856,15.302437379310831,-413.09799539321267,-0.0,-1100.9059179962185,-1084.0426024015064,-139.15685506158633,3.7357545895746997,-2542.2360690327264,-1139.6248360282138,-667.4510909972483,-0.0,-709.4308020264216,-741.5733481295031,-539.9431067113226,-2179.1414078029993,-3.705690491000559,-0.0,30.416924432598506,-0.0,-0.0,-222.15236640133958,-3850.4456720143367,-185.53954587459586,-1586.7325163334237,-3436.3883890549655,-0.0,-4659.143995899688,-262.5719370324316,-2032.0667496194321,347.93398889819525,-0.0,1613.702216522988,-867.6650910471275,-0.0,-2041.8480541667807,-0.0,-71.64136068938438,-43.546065261538686,-0.0,-0.0,-0.0,41.47257444079472,-0.0,-0.0,-0.0,-608.8263521219732,-1358.7977193121276,-790.7332886899477,-0.0,-3339.8665311539526,-0.0,-0.0,-0.0,-251.0403213937562,-365.7109889279902,-0.0,-2241.865753158644,-0.0,-0.0,-3397.543964991501,-0.0,-25.973285220644296,7.822259787450353,-463.1881657787753,-21.23233415068716,-0.0,-0.0,-242.88589424222488,-0.0,-0.0,-1337.2905368673873,-1252.2567470775898,-1366.3996957365794,-0.0,-308.91630997404235,160.51067735374033,-371.7343390631084,-15186.394730923237,-0.0,-642.1592561961994,-1332.2034533620706,-662.6025806047757,-0.0,-34.36056411485993,-15.738793546670038,-255.90076660588605,-1059.837348248957,-0.0,-0.0,-0.0,-514.0406777067512,-2383.7867229589156,-1444.2438381793459,-0.0,-0.0,-0.0,-289.9742101328662,82.29680512958697,-8.394942343323285,-1235.5244399735475,-0.0,-0.0,-1009.5463651704258,-0.0,-0.0,-0.0,-2585.6692834329847,-1057.7526501198643,-0.0,-1204.9247207632034,-601.963142970775,-232.63353716607918,-659.0117320540982,-1138.5868040346857,88.36363058169356,-1246.883852131384,-1164.4592656228947,24.533021204463832,-1888.8293924494012,-0.0,-0.0,-0.0,-0.0,-449.20463886474926,-0.0,-0.0,-616.987008982282,-930.6837182611697,-689.8916192962455,-0.0,1590.6872708278688,1268.7206675893253,1380.1649764836388,-0.0,-0.0,-0.0,-913.1973734343057,-40.528614546343114,-825.9583706217703,-77.35223698499668,-621.541682449901,-1767.0891291633095,-1230.8778714394211,-2123.9148168277798,-0.0,-0.0,-0.0,-0.0,-464.41381051382126,-779.0038750640922,-1630.359009696586,-437.9521466383223,-1499.9056493549372,-1723.345372015555,-2142.839286438548,-0.0,469.84141272997346,-439.240437716268,-388.2147830289071,-127.74623774532132,-4613.938271476054,-69.3037470544812,-0.0,-881.3797553756996,-1519.0520042573457,-0.0,-60.743282137683096,137.76843130660438,-84.37323774480107,-495.5635271692022,-2083.7788688352443,-156.53830653677568,-1827.4503377606566,-0.0,-1888.5235763341082,-1928.983753579018,-1309.5020218788577,-0.0,-1612.546614804892,-354.99168077523854,-677.2988777195972,-1117.3940781854317,119.24286125238079,-1784.6195159702652,-1370.6749798217609,-0.0,-115.79629787536985,-0.0,-0.0,-0.0,-1065.704316644259,-630.0819368042561,-0.0,-0.0,-0.0,-3407.2424398750713,-1823.0665619162328,-0.0,-0.0,-3.9987893283874048,-1545.3883431305937,-873.8491627499077,-0.0,-765.9863277152224,-1306.646779645422,-525.5681720925784,-24.52212990616301,-1020.2169168958719,-7.334723028044731,-1480.5203638674877,-1679.7249761191279,-0.0,-0.0,-39.97366148212431,-0.0,-0.0,-1287.6158516283756,-84.43002040233462,-497.6277168297548,-0.0,-0.0,-0.0,-873.8418372639322,-312.8647882896864,-111.40606261547691,-463.36930954501645,-243.45074106038513,-2056.867636720681,-339.5354478786241,-539.4054447134604,-1109.088753398201,-0.0,-386.23913233137364,-0.0,-2006.7759475826183,-1555.4647978905325,-1604.5338737595257,-410.9427644754038,-249.50443382100553,72.0018901222601,-999.086830033537,25.24451110826563,-0.0,-469.3554285978929,-0.0,-0.0,-471.376820467815,-126.06368230386785,-2833.489364347342,-2956.4390544689304,-548.0212064614011,-0.0,-0.0,-938.7518378180507,290.46779568191516,-0.0,-0.0,-0.0,-1087.0555942766916,-49.08331840855934,-516.7824435939467,-3909.1541325321286,-1447.3628486653058,-1156.5460522890219,-428.30988500362395,-185.73554347446648,-1238.913236757176,-713.2899023000685,-544.6294288434714,-0.0,-685.5971077921803,-654.6596824681702,-1940.6935148658636,-0.0,4.376764815130416,-13.081385757683195,-0.0,-0.0,-1761.2065846891958,-0.0,-3954.6326723040847,-1247.7561899543157,2375.2288940698536,2947.5703589830637,-0.0,-0.0,-765.1634324181475,-1059.035155034873,-590.9852614610969,-344.9141011429199,-3174.475838493423,-651.8626307852342,-0.0,-0.0,-0.0,-1194.5755557665834,-730.5045096387088,-188.840799378428,-2374.9742370537933,-1196.5185820661106,-27.6700347239724,-423.18657183950364,-1139.278621806524,-289.9625965891404,-525.270636534071,-0.0,-65.6427112055045,51.97127938903614,-992.9093736498372,-158.19658811260894,-0.0,70.77256144730856,123.8582836715812,-186.30896561402102,-1285.293621326687,-2094.44272833134,-60.244617150963656,-904.2301201145367,-1484.9301849601554,-0.0,-0.0,-708.7819557851622,-0.0,-0.0,-0.0,-0.0,-695.5639686293981,-23.057202059870203,-1426.1169300218476,-1327.8630042305333,-2481.2809841017934,-1286.116014320175,-0.0,-638.456240107131,-0.0,-1488.5837833614132,-1766.0843021041478,-1322.9631124662592,-993.3304958554633,-0.0,-2139.4183945409422,-0.0,-0.0,-0.0,-3373.625235777661,-1228.6995523301682,-290.46277605956277,-947.3071657984545,-864.9030503163085,-890.9506336313125,-0.0,-0.0,-0.0,-43.14666210354918,-5054.158261256016,-709.7226623584619,-2060.03964387465,-3759.7132540924094,-2226.807125781892,-442.1175183193175,-0.0,-1756.4016781019388,-766.7643337390713,-0.0,-350.49413107741793,-383.00362969560285,-39.47363004397671,-1059.2203075465086,-260.47301527797663,1418.6888914674819,-441.6127216753014,-0.0,-0.0,-1014.4943707028332,-865.5694522898829,-2552.3438296407926,-280.33689285535496,-0.0,-0.0,-544.0360734408898,-0.0,-0.0,-0.0,-0.0,-1321.1281622136037,-678.1459247073291,-1398.3881985091539,-472.36411579583023,-3.78502398637981,-722.3093824484305,-0.0,-0.0,-0.0,-0.0,-2517.824324080354,-0.0,-0.0,-0.0,-0.0,-0.0,-0.0,-764.6135809003684,-0.0,-2621.122412663399,-532.8415186639326,-231.60521825074545,-1267.0796071744687,-0.0,-0.0,-1446.4111484719053,-1408.837508247605,-3.7616846458542104,-485.61383017060274,-57.33093208662684,-1914.3009989979907,-924.6034499838222,-0.0,-3925.738948104235,-1305.2647892008993,-0.0,-0.0,-14.850929336828958,-417.8966096171433,-1207.346700570848,-0.0,-0.0,-24.195896210621044,-1497.2146069969413,-591.9033219765814,-334.36179008634485,-74.06980766593944,-1869.0242459198626,-0.0,-0.0,-0.0,-0.0,-0.0,-564.6403848894186,-492.1060153790127,-586.1656133522712,-4388.852328383953,-1664.877899713453,-1271.472160757534,-100.41680265229205,-1107.6286267097096,-1113.5583440853077,7.512284307863957,-0.0,-0.0,-0.0,-596.2046002063751,-451.4630881415999,-1796.5716294583478,-598.6313645492602,-0.0,-1641.2938910052103,-0.0,-702.2349159109366,-0.0,-0.0,-2018.4666599944164,-545.3879206620682,-571.150301149911,-1474.4607787693724,-122.17166653261981,-12.189692968557166,-711.1971154821464,-1462.2742737853066,-0.0,-461.7323671239627,-1245.2880422900453,-3967.5822344946973,-0.0,-292.7101869862273,-2119.6802214300137,-1366.602534900925,-1298.2412151324593,-506.9438998179673,-1195.6147679961705,-0.0,-347.31565632205655,-0.0,-254.9823847419196,735.4818033549365,-0.0,-0.0,1005.0382956335552,-0.0,-2234.0824547283282,-737.6010673378526,-1102.8886260698855,-1186.0142644656735,-1525.43702706756,-369.9122956097087,-146.7641506063834,-0.0,-0.0,-886.2044392302798,-1092.4075252267805,-790.6755811556897,-0.0,303.3573487111491,338.31508759567214,-233.61711752929614,-2776.6130000741355,-2125.6340772720555,-0.0,-0.0,-1434.9773894736338,-3919.1587789555624,-2654.2021154703925,-521.256266923236,-1070.3689110133932,-1124.4140278696043,-0.0,-217.0407023532072,-0.0,-626.0436624398094,-262.2564110828836,-1663.8011044399245,-2673.3015808500086,-322.8929851161313,-533.9402669188407,-4615.756734815088,-1437.6304537342592,-571.8598380425619,-253.57229508469663,-1538.464112794454,-742.4801514170997,-4.028979890293889,-1584.562315829416,-1592.5160409751584,-0.0,-0.0,-714.6758716415189,-1304.0543809910157,-350.76683460998964,-3.8789501726473468,-0.0,-0.0,-0.0,-0.0,-0.0,-37.904155056209795,-767.7142051307876,634.5891688224651,-452.3527005681101,-881.1452539087986,-525.268952737964,-970.0522588719094,-1601.4231168033002,-1211.936503018359,-1680.9113534445685,-271.04875017386064,-604.5465136268292,-1571.3644233033078,-719.6293743862104,-0.0,2890.214832336675,-271.38231173721124,-74.35778284381428,-0.0,-1019.1276577248294,-639.1447022451653,-1481.1980996676139,-1822.6654334942918,-2429.0629696959604,-0.0,-0.0,-0.0,-0.0,-1102.7755051396398,-1619.4525214572586,-0.0,-914.56142785443,-8.042043835163565,-0.0,-0.0,-0.0,-2786.9766351967587,-878.6677623764007,-178.46618765656635,-52.813975391560845,-0.0,-0.0,-1265.7320770883691,-1445.6720199131405,-799.4977550846821,521.0171442887469,31.626615573877718,-0.0,-22.156078431796555,-0.0,-1531.8409486955943,-529.9706501994448,-1384.7290501781456,-1666.2228091245156,-1731.444979584106,-42.988933399032476,-0.0,-0.0,-2016.8326606447258,-361.56994801555834,-0.0,-0.0,-217.61021727031525,-0.0,-43.17507580690185,-0.0,-1425.0206667759212,-812.139565916189,-0.0,-74.63299523256464,665.5969640775033,-0.0,-201.4225351540563,-2511.9775020882,-0.0,-0.0,-749.2869172067248,14.889921049358641,-0.0,-0.0,-792.6000307622623,-1443.81454649654,-0.0,-856.5503882785092,-0.0,-1134.9514638911971,1717.4924267953338,25.59036920772134,-1711.3890325417212,-1865.157596101001,1109.4881529064064,-0.0,-2310.8037895797647,-776.6636419650481,-968.1375714213967,-0.0,-634.038329688322,-135.02599445952546,863.3627035932064,-424.91222256023934,-1521.030503946491,-0.0,-0.0,-0.0,-904.7726914393181,-623.5576384413387,-779.6066684022493,-955.7198900408625,-1149.780676663341,-28.22209274733011,-1126.9676531163227,-1067.374621529851,-1341.3576260858206,-0.0,-0.0,-501.54249044463415,754.4666371594456,-6639.114837294259,-0.0,-1255.0532435605696,-1935.2989952615453,-915.0448120488493,-815.3974349282154,-65.36940006797997,-2761.385157652616,-381.1460680393201,-0.0,-1076.2695245355696,-859.8496577606087,-657.319347952102,-0.0,-1502.4780204467004,-1973.8906456717757,-29.261170562641986,-1161.6851141798286,-2695.1847959110187,458.4730159879342,-0.0,-431.03433275825404,-162.39041866415076,-1226.9672682102826,-1021.5160237380169,109.21545370988123,-122.38306901318752,-860.6163796077408,-489.40583745998737,-553.9700843318799,-682.5123855545285,-552.6636376282787,-0.0,-1385.7962712520161,-0.0,-1170.1713946512707,-681.5849641281105,-157.52826801032109,-0.0,-1688.4096442203288,-4903.888928020904,-0.0,-443.3662430250617,-0.0,-2557.2230121449084,-241.92963550010927,-0.0,-399.6140500381334,-435.87704246088447,-0.0,-2181.106664669019,-1555.9531238527636,-0.0,-4285.8394225200855,-121.16248057443795,-1302.6021980096866,-1434.3088089074608,-1766.9436190495182,-115.6778331257299,-0.0,-967.5835138776242,-2156.5708248928327,-584.7124967823842,-1014.3172759330129,-1103.1325224549078,-1787.0238256394985,-2437.6956541790632,-977.023336277761,-1868.5405267276772,62.71906872672744,-0.0,-295.0694406229096,-1274.716712221262,-1084.282076107127,-0.0,-0.0,-0.0,-424.7498033446498,-499.63734359828555,7.592212281354938,-590.0139696793926,-0.0,-1198.474782705066,-747.2115769732889,-604.4097688768334,-0.0,-0.0,-293.1483719692095,-1597.2065003994362,-1012.7449992253523,-313.6103625307259,-923.7302616713885,-34.08289652072511,-0.0,-0.0,-3150.914216405843,-1137.321517836134,-0.0,-0.0,-0.0,-89.20653484813475,-1071.5776051406406,-50.900045843023236,-1807.2043494599145,-1753.4561954027613,115.84748950768721,-0.0,-588.1243693220881,-0.0,681.4143937519855,-129.02477131591593,-0.0,-1628.8911953543468,-318.7268286330622,-1802.3972788598737,-0.0,-1537.9737105117085,-606.8281180251802,-200.36573482986796,-12.52932227136857,-36.44750376799216,-0.0,-0.0,-711.9531597080136,-1312.2982277244116,-0.0,-543.1042304452781,-0.0,-354.6261825336892,-532.554453505953,-0.0,126.25098689724975,740.6350907112827,703.7021471597172,857.9591697091992,756.3613212497015,799.7228568079262,-0.0,-0.0,-0.0,-0.0,-0.0,84.03107737185913,-0.0,-0.0,-559.8379200532365,-153.98377970891866,-492.2552313784088,-88.58039377829252,-0.0,-936.2974923505085,-1604.7381774354417,-1735.1700780101041,-240.9394575099083,-209.32242104685932,-0.0,-0.0,-645.7854897104384,-0.0,-0.0,-0.0,-0.0,-2969.9912216796815,-0.0,-43.325031722913764,906.4278639222358,-0.0,-1058.0081561247139,-557.4547098324686,1571.957316304972,-879.0106327900656,-0.0,-3175.070411129327,-2064.634695797913,-201.52608590410222,-850.8094993080853,-1330.7489361430155,-557.7993751905678,1185.260880545105,-77.27305837111655,-582.2687505060868,-0.0,-0.0,-514.324992668945,-0.0,-783.8026716011657,-0.0,-458.0134098999348,-37.17013478893228,-0.0,-0.0,-1105.1362909161865,-0.0,-0.0,-520.2273963028144,-1267.1726970752366,-1846.3598586162143,-0.0,-0.0,-0.0,-1704.125052117907,-0.0,-1129.7713030702564,22.360442870235957,-0.0,-0.0,-1171.2875302917626,-894.4307424801246,-1269.0005663594882,-375.2600003166854,-0.0,-1365.2126621412526,-275.9488727413692,-0.0,-0.0,3.901890280102093,-37.57711770942274,-4563.761721655591,-0.0,-117.42164855724377,-31.04469695871654,424.49336761815766,-84.28474092574295,-979.5688851379383,-890.2147163000387,-442.5274365909918,-0.0,-0.0,-1767.4858205539351,-0.0,-0.0,-0.0,-0.0,-0.0,-0.0,-0.0,-165.9765765044433,-0.0,-0.0,-1968.681277907301,-7178.57200498366,-116.15216954574666,34.78909306592589,-443.08135743474975,-700.5266856685064,-111.64595197832513,-4344.700836431383,-266.0972233051285,-303.45432158991395,-0.0,-0.0,-0.0,-1999.66794248852,-0.0,-38.413613855366364,-0.0,-0.0,-0.0,-480.09558474415473,-11.404038803789334,-272.7756371104485,-1466.289414669824,-634.7346897952431,-73.03721026126199,-2548.1740018155124,-0.0,-84.95557060187288,-2161.828251753381,-0.0,-1099.8837752872125,-74.89132039734017,-1540.841864500048,-0.0,-0.0,-1078.8212371611921,-597.1740266383608,-34.27417277267876,-854.8378273177578,-821.8472741122451,-701.4118378468673,-167.07528014815193,-690.7591619396294,-722.1890107226538,-2237.1252085637566,-1012.9641090924011,-0.0,-1545.8240212607068,-361.7633559740232,-679.2246326855916,-0.0,-0.0,-999.9385725774354,-2326.233208012786,-831.2193636361046,-0.0,-0.0,-0.0,-3959.962468316912,-807.5983234382381,-194.42095144942343,-332.6619732292871,-42.210512186206316,-3661.0877536202493,-0.0,-0.0,-2255.3976691736275,-847.8606294272388,-0.0,-0.0,-0.0,-83.1415629375357,-0.0,-1873.799698512869,-1790.3370869652201,-0.0,-331.7678159457574,240.75517483188253,-0.0,-0.0,-0.0,-1000.7575781028861,23.607923871238597,-2405.9036019996274,-555.3138171770563,-1121.2910322155342,-676.9213147820913,-3547.0095634755953,-1633.3954573437259,213.41820543258498,-0.0,-3097.4561831746773,-0.0,-0.0,-0.0,-1268.8699645255135,-749.0483506768985,-1541.0195576624856,-0.0,-0.0,-869.0216459751047,-1497.6666367563314,-677.1076854212146,-490.25979992793225,-0.0,-0.0,-1284.757283948044,-0.0,-0.0,-0.0,-0.0,-0.0,-0.0,-549.8587058405985,-74.92521721152123,-1320.6314013771803,-0.0,-682.2507522411169,-1201.7693100317965,-33.94501583784321,-0.0,-0.0,-0.0,-0.0,-0.0,-0.0,-0.0,-0.0,-0.0,-0.0,-1149.0699386441931,-1971.3446507255308,-0.0,324.62670362560647,-0.0,-668.9931239162082,-98.69337524912186,-0.0,-753.4198033724972,-437.13904274801206,-86.5526245687107,-1972.4694648453346,-496.7978440572978,-2851.696147874362,-175.29210847783116,-2213.331933023669,-1809.0103587192214,-890.0520423372108,-4.34722458247775,-0.0,-1113.7093219416797,-2175.060602059855,-2454.7020119526546,-76.56525009865192,-236.31626785832515,-1728.096483074943,-0.0,-2631.618690819595,-392.6786104882087,-0.0,-1692.3671851381025,-0.0,-803.2817845751506,-0.0,-2476.46803272921,-0.0,-0.0,-88.94845783806986,-1044.7175573701986,-544.5808140571779,-0.0,-1391.5890861108962,77.38367369390639,366.8137147562807,346.9410114441776,-270.0798097190221,-1719.9775126368572,-605.530517545012,-0.0,-0.0,-5325.746341181897,-1116.1750473039954,-0.0,477.61393742029134,-0.0,-1929.6299948008118,-512.8013435165343,-698.3221920681094,-0.0,-0.0,578.4940251851881,-0.0,-875.7460681740168,-1236.6378613155935,-1865.6472560804395,-0.0,-605.3497617923384,-3104.7979861371446,-999.1165128185667,-0.0,-1411.1915000160163,-132.68602011156514,-1172.8378000328464,-0.0,-946.6376205091639,-0.0,-0.0,-0.0,-885.9440873932333,-0.0,525.6260177718233,-0.0,-384.29582947772445,-750.6066565909558,-439.4302938069417,-1042.5867688353958,-627.785951249918,-1820.9128084330976,-1212.9056917164917,-0.0,564.1339108322054,-2352.3214042257487,-1604.2164474095523,-702.9690826007826,-0.0,-0.0,-0.0,-147.88136001165205,-1093.8701524047608,-300.8634924717713,-841.9202425180362,-2088.836761741622,-2888.861846449636,141.9298895692191,806.3727893215768,695.8856834599143,-0.0,-0.0,117.94064604000087,-31.673328999311106,9419.34917265564,11053.953054749703,5732.246971910456,10669.960143073109,10397.49061648678,9551.92773905223,-0.0,-0.0,-0.0,-0.0,-0.0,-1442.8747568309855,-1380.3135357163096,-931.4645259000526,-0.0,-2389.050800626492,-600.86874672274,-1044.8454838848895,-32.734740015150386,-716.3628972225928,-1371.7243706814518,-1077.8445988441188,-1200.0280877610246,-0.0,-2963.5954559836414,-1839.8871525097534,-667.312639861841,-121.66438507891361,-3294.139756948404,-0.0,-223.70023194055085,-0.0,-11.305980781771863,-0.0,-113.37356175676612,-286.92002552099586,-1089.066735071332,-837.2464550805934,-0.0,-0.0,-0.0,-2372.1876503381486,-0.0,-0.0,-249.2269449783787,-1007.0310221246643,-1040.4237716095233,-86.1660275142113,-1282.6669628030543,-1763.9822755489079,-320.8580593835987,-0.0,-0.0,-113.9835856323662,-1224.941035006648,-330.4122863991667,-0.0,-5658.9414377059775,293.0985132839946,-0.0,-0.0,-0.0,-35.33213552356051,-440.0397173865792,-0.0,-0.0,-1217.4370939687683,-2298.146498899745,-1288.189856141267,-396.59897628246364,-450.27737272694503,-481.2244590763108,488.7734527882962,-1382.1116059137544,-0.0,-561.5110880820082,-2662.3340095387184,-494.04830473395566,-8.715855591404537,-0.0,-5.380688708481548,-0.0,-0.0,-0.0,-1230.3818586607724,-405.3671011614289,-1387.8389956140252,-0.0,-0.0,-0.0,-261.7416998811881,-522.9939141599493,-1458.4237898130468,-2862.701860342404,-383.7731126354288,-197.5352097934928,-0.0,850.4879632817399,-0.0,-1178.396413550803,-162.31358131527824,-0.0,-0.0,1000.6202986094283,-0.0,-1598.372138308491,-0.0,-0.0,-0.0,-202.07588468465192,-2036.4020357818724,-1687.5560531146514,-26.398314652576275,-2339.8260462629723,-1567.6437756668254,-26.7876772576735,-26.3654560235471,-74.22858406142798,-0.0,-0.0,-2071.533549797951,-0.0,-5813.937894769686,-0.0,-1540.4288174547191,-266.52372416076537,148.49284352735532,-0.0,-57.103950248775575,-1354.5674396792845,-1528.8539644690873,-539.9253558147491,-36.52178368899153,-263.6827612247564,-0.0,-0.0,-0.0,-0.0,-1233.692884729677,-887.0826536515478,-0.0,-583.120064059594,-1273.3836776740998,-186.64889612811606,-77.52072340446792,-0.0,-0.0,-0.0,962.1478412802071,-4.070050216987363,-0.0,-525.8751793601009,-867.6353895298358,-1437.3198342611042,-0.0,-0.0,-2428.274989972673,-0.0,-0.0,-0.0,-0.0,-671.1530230018176,1016.2615810103016,1079.184256610728,1229.4523185977225,-0.0,-0.0,-0.0,-600.3173574864538,-0.0,-0.0,-370.60780135529325,-673.7196120792321,-0.0,-188.32676207158553,-1389.439177023991,-1323.5168748066503,-0.0,-0.0,-0.0,-11.150189372891074,-1482.2739724991638,-3.730373401243233,443.4109591175052,-0.0,-1736.3260493403216,-892.2362697622443,-614.3132477444465,-1697.3664231311614,89.40748304900082,-268.27006513871527,-20.358859467642887,-449.2135156946695,-427.8905289876839,-1097.5762265919818,-378.9109337680584,854.2384158091024,-1309.5138002353976,-224.6440959662079,-168.23276285949584,-4019.6080605856528,-2451.209961823058,668.3432469222714,-996.9768563603398,-189.946099274186,8.054220166374694,-751.008797592725,-1056.254841618901,1857.1589545203165,-655.5219841175971,-691.1250376299342,-709.1148189766664,-0.0,-6934.84645192034,-0.0,-524.2999851098173,-934.0285784820629,-663.6982857744641,-931.6153325902496,-1254.1972739290452,-0.0,-977.7912833276007,-162.85303097173013,-83.8773586744592,-7215.954225964937,611.0921807923595,-171.7857502054897,-0.0,-603.1673611230254,-1302.6709933957834,-0.0,-0.0,-503.9090272786901,-1833.1143357923672,-73.87101956946769,-230.6800230814392,-271.4571322640024,-1233.4823545999031,-0.0,-0.0,54.64671193892338,-0.0,-0.0,-1787.5929802385995,-0.0,-1829.3548304486437,-978.6411173501189,-1308.3257747850244,-0.0,-0.0,-530.6946227498753,-906.2326436002619,-131.11021923357796,-0.0,-472.56840511095623,-150.50010365263736,-524.630275200039,-0.0,-215.6019963131859,-507.51748779956114,-2292.970043846432,-993.5509699832713,-1427.4394547223305,-0.0,-0.0,-1453.7221325318897,-18.661696748398192,-0.0,-0.0,-1172.5169169065018,-0.0,-0.0,-0.0,-0.0,-0.0,-0.0,-0.0,-0.0,-0.0,-0.0,-110.42088850267714,-0.0,-0.0,-0.0,-0.0,-0.0,-0.0,-0.0,-0.0,-0.0,-0.0,-0.0,-322.82787924737613,-0.0,-0.0,-0.0,-0.0,-0.0,-0.0,-0.0,-0.0,-0.0,-0.0,-0.0,-0.0,-0.0,-0.0,-0.0,-0.0,-0.0,-0.0,-0.0,-0.0,-0.0,-0.0,-0.0,-0.0,-0.0,-0.0,-0.0,-0.0,-505.190367933789,-0.0,-0.0,-0.0,-0.0,-0.0,-0.0,-0.0,-0.0,-0.0,-0.0,-0.0,-0.0,-0.0,-0.0,-0.0,-0.0,-0.0,-0.0,-0.0,-0.0,-0.0,-0.0,-0.0,-0.0,-0.0,-0.0,-0.0,-0.0,-0.0,-0.0,-0.0,-0.0,-0.0,-0.0,-0.0,-0.0,-0.0,-0.0,-0.0,-0.0,-0.0,-0.0,-0.0,-1452.2275923382695,-542.9672598648382,-1895.86949928534,-0.0,-0.0,-0.0,-0.0,-0.0,-0.0,-0.0,-0.0,-0.0,-0.0,-0.0,-0.0,-0.0,-0.0,-0.0,-0.0,-0.0,-0.0,-0.0,-0.0,-0.0,-0.0,493.1230178260097,-0.0,-0.0,-0.0,-0.0,-0.0,-0.0,-0.0,-0.0,-0.0,-0.0,844.0597043837823,-0.0,-0.0,-0.0,-0.0,-0.0,-0.0,-245.02172895462377,-0.0,-0.0,-0.0,-0.0,-0.0,-0.0,-0.0,-0.0,-0.0,-0.0,-0.0,-0.0,-0.0,-0.0,-0.0,-0.0,-0.0,-0.0,-0.0,-0.0,-0.0,-0.0,-0.0,-0.0,-0.0,-0.0,-0.0,-1031.5106655335637,-0.0,-0.0,-0.0,-0.0,-0.0,-0.0,-0.0,-0.0,-0.0,-0.0,-0.0,-0.0,-0.0,-0.0,-0.0,-0.0,-0.0,-0.0,-0.0,-0.0,-0.0,-0.0,-0.0,-0.0,-0.0,-0.0,-0.0,-0.0,-0.0,-0.0,-0.0,-0.0,-0.0,-0.0,-0.0,-0.0,-0.0,-0.0,-0.0,-0.0,-0.0,-0.0,-0.0,-0.0,-0.0,-0.0,-0.0,-0.0,-769.8350329646855,-0.0,-0.0,-0.0,-0.0,-0.0,-0.0,-0.0,-0.0,-0.0,-0.0,-0.0,-0.0,-0.0,-0.0,-437.5668381742648,-0.0,-0.0,-235.50780358142185,-0.0,-0.0,-0.0,-0.0,-0.0,-0.0,327.798891766829,-0.0,814.6063539186849,-0.0,-0.0,-0.0,-0.0,-0.0,-0.0,-0.0,-0.0,-0.0,-0.0,-0.0,-0.0,-0.0,-0.0,-0.0,-0.0,-0.0,-0.0,-0.0,-0.0,-0.0,-0.0,-0.0,-0.0,-0.0,-0.0,-0.0,-0.0,-0.0,-0.0,-0.0,-0.0,-133.4846522212497,-0.0,-0.0,-0.0,-0.0,-0.0,-0.0,-0.0,-0.0,-0.0,-0.0,-0.0,-0.0,-0.0,-0.0,-0.0,-0.0,-0.0,-0.0,-0.0,-0.0,-0.0,-0.0,-0.0,-0.0,-0.0,-857.0432877305842,-0.0,-0.0,-0.0,-0.0,-0.0,-0.0,-0.0,-0.0,-0.0,-0.0,-0.0,-0.0,-0.0,-0.0,-0.0,-0.0,-0.0,-0.0,-0.0,-0.0,-0.0,-0.0,-0.0,-0.0,-0.0,-0.0,-0.0,-0.0,-0.0,-0.0,-0.0,-0.0,-0.0,-0.0,-0.0,1240.1929251667839,-0.0,-319.8994958299847,-0.0,-0.0,-0.0,-0.0,-0.0,-0.0,-0.0,-0.0,-0.0,-0.0,-0.0,-0.0,-0.0,-0.0,-0.0,-0.0,-0.0,-0.0,-0.0,-0.0,-0.0,-0.0,-0.0,-0.0,-0.0,-0.0,-0.0,-0.0,-0.0,-0.0,208.9014827065495,-0.0,2037.9533927275954,-0.0,-0.0,-0.0,-0.0,-0.0,-0.0,-0.0,-0.0,-0.0,-0.0,-0.0,-0.0,-0.0,-0.0,-0.0,-0.0,-0.0,-0.0,-0.0,-0.0,-0.0,-0.0,-0.0,-0.0,-0.0,-0.0,-0.0,-0.0,-0.0,-0.0,-0.0,-0.0,-0.0,-0.0,-0.0,-0.0,-0.0,-0.0,-2409.5332033603604,-1432.516120128073,-0.0,-0.0,-0.0,-0.0,-0.0,-0.0,-0.0,-0.0,-0.0,-0.0,-0.0,-0.0,-0.0,-0.0,-0.0,-0.0,-0.0,-0.0,-0.0,-0.0,-0.0,-0.0,-0.0,-0.0,-0.0,-0.0,-0.0,-0.0,-0.0,-0.0,-0.0,-0.0,42.65934664800353,-0.0,-0.0,-0.0,-0.0,-0.0,-0.0,-0.0,-0.0,-0.0,-0.0,-0.0,-0.0,-0.0,-0.0,-0.0,-0.0,-0.0,-0.0,706.0362599523376,-0.0,-0.0,-0.0,-0.0,-0.0,-0.0,-0.0,-0.0,-447.5918990577458,-0.0,-0.0,-0.0,-0.0,-0.0,-0.0,-0.0,-755.8731257043048,-0.0,-0.0,-0.0,-0.0,-0.0,-0.0,-0.0,2211.1504993314184,-0.0,-0.0,-0.0,-0.0,-0.0,-0.0,-0.0,-0.0,-0.0,-0.0,-0.0,-820.4953278188576,-0.0,-0.0,-0.0,-0.0,-0.0,-0.0,-0.0,-0.0,-0.0,-0.0,-0.0,-0.0,-0.0,-0.0,-0.0,-0.0,-0.0,-0.0,-0.0,-0.0,-0.0,-0.0,-0.0,-0.0,-0.0,-0.0,-0.0,-0.0,-0.0,-0.0,-0.0,93.55908784771286,-0.0,-0.0,-0.0,-0.0,-0.0,-0.0,-0.0,-0.0,592.8987364897104,-0.0,-0.0,-0.0,-0.0,-0.0,-0.0,-0.0,-367.31935396637806,-0.0,-0.0,-0.0,-0.0,-0.0,-0.0,-0.0,-0.0,-0.0,-78.43641060274635,-0.0,-0.0,-0.0,-0.0,-0.0,-0.0,-0.0,-0.0,-0.0,-0.0,-0.0,-0.0,-0.0,-0.0,-0.0,-0.0,-0.0,-0.0,-0.0,-0.0,-0.0,-0.0,-0.0,-0.0,-0.0,-0.0,-0.0,-1816.6718284584208,-0.0,-0.0,-0.0,-0.0,-0.0,-73.82710473983892,-0.0,-0.0,-0.0,-0.0,-0.0,-0.0,-0.0,-0.0,-0.0,-0.0,-0.0,-0.0,-0.0,-0.0,-0.0,-0.0,-0.0,-0.0,-0.0,-0.0,-0.0,-0.0,-0.0,-0.0,-0.0,-0.0,-0.0,-0.0,-0.0,-0.0,-0.0,-0.0,-0.0,-0.0,-0.0,-0.0,-0.0,-0.0,-0.0,-0.0,-0.0,-0.0,-0.0,-0.0,-0.0,-0.0,-0.0,-0.0,-0.0,-0.0,-0.0,-0.0,-0.0,-0.0,-0.0,-0.0,-0.0,-0.0,-0.0,-0.0,-0.0,-0.0,-0.0,-0.0,-0.0,-0.0,-0.0,-0.0,-0.0,-0.0,-0.0,-0.0,-0.0,-0.0,-0.0,-1353.3700937730082,-0.0,-0.0,-0.0,-0.0,-0.0,-0.0,-0.0,-0.0,-0.0,-1907.4945793024106,-0.0,-0.0,-0.0,-0.0,-0.0,-0.0,-0.0,-0.0,-0.0,-174.25178606763515,-0.0,-0.0,-0.0,-0.0,-0.0,-0.0,-0.0,-0.0,-0.0,-0.0,-0.0,-0.0,-0.0,-0.0,-0.0,-0.0,-0.0,-0.0,-0.0,-0.0,-0.0,-0.0,-0.0,-0.0,-0.0,385.1729942734435,-0.0,-0.0,-0.0,-0.0,-153.9972621073105,-0.0,-0.0,-0.0,-0.0,-0.0,-0.0,-0.0,-0.0,-0.0,-0.0,-0.0,-0.0,-0.0,-0.0,-0.0,-0.0,-0.0,-0.0,-0.0,-0.0,-0.0,-0.0,-0.0,-0.0,-0.0,-0.0,-0.0,-0.0,-0.0,-0.0,-0.0,-0.0,-0.0,-0.0,-0.0,-0.0,-0.0,-0.0,-0.0,-0.0,-0.0,-0.0,-0.0,-0.0,-0.0,-0.0,-0.0,-0.0,-0.0,-0.0,-0.0,-0.0,-0.0,-0.0,-0.0,-0.0,-0.0,-0.0,-0.0,-0.0,-0.0,-0.0,-0.0,-0.0,-0.0,-0.0,-0.0,-0.0,-0.0,-0.0,-0.0,-0.0,-0.0,-0.0,-0.0,-0.0,-0.0,-0.0,-0.0,-0.0,-0.0,-0.0,-0.0,-0.0,-0.0,-0.0,-0.0,-0.0,-0.0,-0.0,-0.0,-0.0,-0.0,-0.0,-0.0,-0.0,-0.0,-0.0,-0.0,-0.0,-0.0,-0.0,-0.0,-0.0,-0.0,-0.0,-0.0,-0.0,-0.0,-0.0,-0.0,-0.0,-0.0,-0.0,-0.0,-0.0,-0.0,-0.0,-0.0,-0.0,-0.0,-0.0,-0.0,-0.0,-0.0,-0.0,-0.0,-0.0,-0.0,-0.0,-0.0,-0.0,-0.0,-0.0,-0.0,-0.0,-0.0,-0.0,-0.0,-0.0,-5431.527703286605,-52.81686120719507,31163.41589410215,-3498.28177818107,-3887.5316117747657,84452.68433395823,-0.0,-6451.227314336147,834.362222694,1782.9327840672738,-25674.238675494053,-0.0,-4973.7702403744615,-0.0,-0.0,33965.33712371884,-12555.321722232005,3887.458087895429,6334.062272217229,-4568.656540582876,-24546.495221605022,-9357.260873596373,57.2446196824656,-100.30973963470223,-6951.86498820784,-0.0,-13029.939482872856,-19912.905980885997,15599.898847077397,-569.9871160154968,8.150921176835507,46013.55288924649,-3145.9247355159414,-108800.8674293472,-3091.0717489983876,-22111.355123783935,-16942.129999353245,-6425.245242350667,-5770.698267713164,-14756.200492671596,11813.637010027596,-2378.369864293495,-4215.685366543717,-3680.0715691721566,-12647.44124605427,7219.812677966051,39496.143796961514,-860.4953426560174,62.41057931741936,20623.17810290665,5639.930876640601,-546.3999861932392,15389.865380050403,8015.895855356634,-5609.564582916849,-7884.858465158114,-3995.591078722991,411.9402998580532,-0.0,-0.0,-276.7451351667509,-8376.679058942025,-3388.161433529001,-3105.291378070373,-1551.9062933900193,-4741.5423865131315,9690.919457938335,4341.340747156936,-8464.335929300732,20648.243796196035,-21015.461207093467,-33417.05965597524,76898.85132434357,-21469.055265744704,-8784.136737631352,-2256.351639529361,-3612.760424830741,-5672.218987927583,-5559.529134895225,-35988.503984676245,-0.0,-13180.756493651012,-0.0,2955.831625125815,-0.0,-0.0,-13671.856197127056,-1385.7011632281,-0.0,-0.0,3905.807457406545,-0.0,-0.0,-0.0,-7263.342602747205,-4499.814902388896,-7472.947945406844,-8691.149796596499,8783.696467360329,-0.0,-29166.00901708928,41450.01731884295,-0.0,-0.0,-18619.433261575414,-11059.907902801711,177.19679303075225,50.81120323956969,-0.0,57666.45494174024,-0.0,-0.0,-0.0,-0.0,52698.25176047261,-1036.9412733084048,-0.0,-9999.650342446754,-0.0,-6450.093654863658,-1326.6004078320846,-3430.632393054211,-16710.32153633496,12128.31065119359,-1434.4311070259532,-8842.135045302482,-0.0,-0.0,-4765.956137724546,-6631.219838836469,-10961.604759691138,54710.93207095244,-0.0,-193.38806825468126,12665.892192423666,3769.3575107596384,-1890.6916999792813,779.3199172511432,5165.008127526146,-3473.0696305850347,-91.87840940250423,-18413.052198529727,462.68189035045435,14092.870270292497,-738.440401669939,12435.36018773307,51974.56029339714,2766.869781966545,-70.87941567707904,9108.081641788456,-1896.4790713169643,-7969.2169643008065,-9202.438098740122,-16902.956109005572,-0.0,6587.792873306078,16982.54534374938,26007.39760676911,-10693.543265010303,7220.561456590404,9217.98065157425,-9236.512208057513,17300.868081788645,-15205.001654328666,-0.0,4674.916966697862,-12320.299565004685,-18828.62310169323,-7881.867105103249,23220.88282499717,3329.5310837884545,-0.0,-5690.624442936389,-0.0,-2787.964896735245,97.64353327924604,-3980.9355296490553,-0.0,207.62924151743186,-288.4964751862679,-21848.25213901845,-13774.086468435662,23668.723686862355,-8070.749856236218,3765.5850691034148,6502.416273705513,-7522.963845771433,-5300.116434037518,-11962.511461876293,-0.0,-2132.724061114784,-1714.4015744638943,-0.0,1110.8102372843036,-413.85541404685756,-0.0,-0.0,-13855.196216774784,-3071.827868038777,3066.801821969509,-4522.393296679396,-0.0,-0.0,-0.0,60576.38871101215,23014.3077340905,-0.0,125.12194186824499,12670.563933324996,-0.0,-4367.1310058415365,-2611.9841868448334,-0.0,-4208.6104772636445,-8002.985650134461,105044.77967408003,-11792.19631017271,-8171.8804005325665,-31137.947785219614,-0.0,1491.3018531095267,3246.968862379005,-10071.425908613903,30668.433512227104,-7243.302134291826,-37394.55863490525,-13591.301220096071,-9345.263142778598,-0.0,1398.177103851482,-4696.168578983937,23052.911193871918,-163.0893094031414,-415.22602352009187,-11018.15849348072,-9348.235679951023,28728.115110320774,-0.0,-2143.886249500448,823.446057340694,-0.0,-0.0,-0.0,-0.0,-0.0,-0.0,-0.0,-0.0,-0.0,-0.0,-0.0,-0.0,-0.0,-0.0,-1934.1924538853207,-0.0,-0.0,3417.9249106729835,-14034.91822277372,-641.752095146151,-9290.592911327873,23715.976707552658,8944.627675471264,-4047.4756151280253,3455.032490188179,38724.305037968785,-0.0,-0.0,-4545.291660456661,2849.6760726137472,-6895.208065755274,-9453.915250034901,-0.0,-38.60280254425967,9053.085326844302,-5104.003881607927,-2664.2696556563974,3515.258201441533,-25603.483666858465,30056.71817444718,-6224.757550039247,-1117.8698759019908,14736.96726988409,-0.0,-0.0,-0.0,-0.0,-0.0,-0.0,878.8135077402696,47310.66299574915,-9099.969003302818,-11122.12162288858,-8604.79334802786,-0.0,-9349.389165341954,-13366.287697024261,-0.0,-0.0,-0.0,434.2969584255294,429.81887881589455,735.9639325723427,2616.2246462892263,-0.0,3608.5106546707875,850.7728628334291,834.1139530538708,740.1770194272027,750.8106983503211,2856.779662707182,1831.2501996015096,2955.649274152674,2280.1665964346653,2699.1305340096314,3212.9292514921876,34643.980879999515,37825.96237940217,37347.79387815938,34289.13892611539,8932.782474745465,8636.72413143885,8792.743036615924,9483.165875277407,5513.064649447933,2057.1453330419195,2040.5136637515982,2289.8216640826995,2339.2014536025144,2221.997576689766,5350.490583932009,4236.457106895161,1244.668270382049,1505.0886182184158,642.947575646062,367.0366099918911,544.8054779595457,40226.01850007554,34932.26059010411,38725.142519401714,34065.199550365556,51759.59352141464,55682.02727359684,1306.4469517262826,1150.165961340001,1197.3485673774965,1261.609939933338,1106.4083105989455,1113.6850013492106,557.959303199045,54630.10936634602,52286.31694529168,47375.38229741697,2536.6124561311826,2898.2081303300956,2912.106503904279,-0.0,7782.676054043993,8644.874434849278,39765.824160003845,34767.009729722835,36683.33719531486,60898.99478833352,61574.27455924471,61377.58993514631,62018.393104102935,2458.2839325523387,2502.8148292393425,4926.539819224628,-0.0,20559.626174022706,20493.983050726765,-0.0,1474.1926666797426,1539.802159649441,1591.1294963204105,1658.8091966889046,1499.5406328436927,1439.0502178694985,33864.5651021607,40066.84300605331,40465.44449940296,37872.276830923955,1145.6018231548464,1085.2676000232766,-0.0,-0.0,17109.278101209835,32224.142171004012,36683.520922626,33458.70527301989,36350.76025201382,-0.0,55653.96833511131,49763.73061638282,957.3494607160222,2034.2536577736066,1935.784783866754,2076.6093813171287,2175.3372271565604,2444.6382478685864,47970.21326641417,53103.65998790093,-0.0,-0.0,17449.365184330974,1042.360109261859,36564.11301795822,38893.10292068545,38228.024532135,36538.2275246979,34308.369257951985,35163.678135212256,-0.0,16594.166845612846,10563.53829650915,-0.0,-0.0,1469.2832778760394,1419.2106676544474,745.992938590256,796.5721230829697,467.5592936784781,432.4045892792292,-0.0,1154.885558275833,1142.8118742817246,1012.8338575579787,1176.7498884834497,-0.0,1730.8717137658682,1723.9906364512904,1803.9334735000134,2187.316923875637,2163.9964206507098,2217.3064151174494,893.019883026386,811.3670294944648,882.054496438345,1384.6555724364412,1066.6483384201636,998.7197319210995,910.8619976407223,1033.0846385926575,8159.129763975508,7480.743982476027,244.92122790598395,252.50360924176567,3687.4166383652255,16592.526745404808,1405.3143666568312,1444.332372396983,-0.0,-0.0,7434.525538751855,7564.576960886575,8352.18498252429,7666.117803840011,1941.769208437894,1951.6658410797816,35864.505728695935,36026.24988803026,8141.827572857026,7933.673049104981,-0.0,55272.608216725326,1985.5845173353391,2097.304426314397,1142.0534923810228,48442.98803186651,48226.66572760808,54021.31940267301,53182.263137261856,190.15433211101805,58627.24737709535,51233.39277246322,-0.0,-0.0,24002.669847957706,-0.0,1188.1828240437148,1093.3343441373424,1180.406650847568,2470.594339645397,8840.712341347455,16844.75442611654,1663.2351347985962,1833.7470072280637,24.151976159748408,707.5090745944264,674.461633125767,16969.486108903013,1581.9511471003648,-0.0,-0.0,-0.0,1078.2022745087077,-0.0,1187.1846859952443,-0.0,5828.206978104189,6111.0071114258235,5396.028982647064,5662.286846533992,898.9365686486318,-0.0,836.5415726970718,-0.0,-0.0,950.6696294076362,1097.5394101180216,910.9096902637627,819.7348110087466,853.878996636749,839.7576285497936,1882.432336778269,1821.7942560091665,1636.7708987457709,-0.0,2959.0176605172283,2737.0303375694607,2837.387931390114,3083.669422450226,4657.579872761818,53150.67129886423,48990.16180638006,11715.213114656275,22029.91714720722,16801.3450749771,16637.390907100424,1670.9210386791783,1698.5431887046236,840.5729780914568,881.4251400887152,2197.2055593336972,-0.0,37599.98781271614,33779.16579982728,1224.1236616018136,1116.4658325563582,1057.8929979218046,5294.032418300526,2917.687769784602,3218.2518153888054,34898.97132811508,33803.89732490019,36240.24958639853,38549.14186243887,-0.0,-0.0,-0.0,2614.0246037160778,2460.773320169024,2341.2494168708163,10193.717762256118,7739.910061200011,6381.323049101921,2218.2673019365907,2388.0228215722977
17,-0.0,-0.0,-645.8451808779694,-2122.1615134354797,-509.674803890265,-581.6431179746378,-94.70960111030743,-655.8819136649828,-648.4968357495145,-0.0,-1258.6734467390336,-0.0,-0.0,-2725.793654633688,-0.0,-619.2611341569817,-491.5338981483637,-0.0,-42.361453961895684,-244.6345648783655,-310.3692606703586,-791.8525016817101,-834.7615535503043,-689.2970447606657,-2231.7672280922825,-648.3357635622033,-0.0,-40.7374372376604,-2892.598780755161,-1627.2135307898218,-0.0,-0.0,-0.0,-0.0,-0.0,-0.0,101.86823461623449,-203.9197002837885,-1905.8066516165647,-1594.0837892895695,-0.0,-0.0,-127.82861588164799,-595.5466242998151,-143.09342052370295,-0.0,679.0168671443467,-1530.9519389168731,-406.58616891763404,-0.0,-0.0,-261.07881234462343,-0.0,-11.937794140226767,-1950.2509889255937,-2847.61960751012,188.5967106865053,-5861.4545783577605,-209.42476825531568,-0.0,-1743.5478651295916,-0.0,-750.6272223239228,-2648.9701136577273,-507.77625357375973,-503.975592024378,-41.604618294320595,-2003.5700333709747,-902.0267478625827,-435.61993967828425,-3132.247952727195,-0.0,-0.0,-2535.8046133665134,-1107.3775468900137,-243.17772642843008,-1632.1133739228897,-0.0,-0.0,-1229.0454489300332,-1421.138945453732,-429.6291636939066,-3563.978659360411,3.9217145710981836,-28.53702868428593,-1821.036360343929,-0.0,-636.3267793566092,-1084.1644114720716,-8.981552352960792,-0.0,-1280.4917661482466,-87.34056810914359,-738.7157040899516,-2328.7136877577736,-38.09424399572954,-2459.0349139455634,-389.991548865897,-1623.6306786366185,-2756.2250426340006,-693.6095723946704,773.2872667258071,-504.5865462606688,-0.0,-1422.0113468380557,-2460.9017092736112,-4365.860746574667,-522.5115000426191,-2800.979335724847,-0.0,-1614.115414299877,-0.0,-0.0,-604.3354488847928,-0.0,-0.0,-626.5460528235275,-75.69784208716096,-1516.1756323711106,-985.0781910349581,-845.0536254617192,242.6538227322692,-511.64536540480117,-344.9924200765218,-196.48721364333608,-8.266359406934148,-651.0955886392705,-530.2597517972265,-780.2483293404658,-0.0,-4907.546066202908,126.44909406938525,-117.19156923810678,-4111.143730378569,-0.0,-1012.9454855523874,-64.54480756997508,-0.0,-322.7397639041449,-0.0,-0.0,-924.5803537377586,-0.0,-629.1274531621025,-1016.2588522531389,-0.0,-1343.4822527045892,-258.4547218084991,-733.1512179481058,-1955.353084788393,-0.0,-1774.5559406574937,-1083.0857241621097,-0.0,-0.0,-0.0,-0.0,695.9080732377244,-0.0,-1817.6748122425797,-1933.7626238699347,13.588709863281618,-0.0,-0.0,-739.5831633647875,-512.4843370042113,-778.8209579801977,-0.0,-430.76986685011053,-3202.7689349034076,-1153.0579552504319,-0.0,-1062.3617118718057,-2494.2104398538218,-0.0,-0.0,-0.0,-0.0,-0.0,-0.0,-563.7619421110028,-714.3346161655909,-205.98024235341924,-209.26028824824505,-1230.946068041051,-52.93709251277718,-0.0,-0.0,-693.9083812587429,-0.0,-663.0094141231062,-30.970633843119387,-4.0586986831970595,5.3935760617422455,-0.0,-0.0,-1071.6986722860802,-502.981045310763,-472.0347637348979,-0.0,-3052.7186948008502,-1943.821132451792,-1245.589694131204,-0.0,-0.0,-2058.257837052431,-1489.8339686308434,-718.97538415892,-93.62022212556025,-1723.1208517463172,-1331.868242975482,-0.0,-0.0,-1762.2832947703744,-0.0,-808.3182654146984,-1228.169828408101,-125.62033593448048,-449.75854232904265,-634.101264627866,-566.5313712308019,-0.0,-1697.5819265524854,-0.0,-2852.7087410379704,-3282.5140836443798,-202.73538119965625,-425.66815157710346,-538.3280892055187,-0.0,-317.35959204759035,-268.98326787498405,-0.0,-923.3480478115077,-703.627977385849,-1093.0065607076174,-1943.9082363465848,-1068.9594202523474,-2224.77494784182,-1948.6739137188615,-2107.344896188412,-2188.4929191744127,-1208.3932761974818,-2360.626917778954,-552.1545429117523,-547.6714689915498,-0.0,-1292.399733737937,-1075.1448604161228,-1240.4224056756736,-393.9028460141322,-395.4965309388565,-2035.8404039402105,-811.4302064037681,-391.1190834597939,733.8034730651941,-0.0,1091.9739551414339,-1288.8111987239452,-0.0,-0.0,-0.0,-0.0,-0.0,-0.0,-1332.6786708318255,-2491.805087780028,-507.86967410301764,-1049.8397719683126,-0.0,-0.0,-1726.6936042657064,-1141.4459485203045,-2244.3535430629026,-0.0,-0.0,-144.63401368708617,-63.458710599371734,-450.521330668687,-1660.4785467529357,-513.4986902711448,-0.0,-491.241165524328,-751.424117548649,63.97504102352494,-1289.2082425885458,-1559.9431923362474,-1373.8920327415874,-1837.66881561942,-284.1529815980528,-703.9037255972772,-44.590867090083925,-1887.190023273344,-0.0,-926.9503269927694,-167.22258088740065,-77.80047373063411,-590.0145334799163,-0.0,-2031.5235172830971,-126.65615941737529,-638.0512111569565,-1842.9102110498693,-1363.1450598740405,-0.0,-637.106729635936,-878.6094290784467,-25.327106160257184,-307.0794966572813,-496.186295935739,-52.47376375249282,710.5210671623744,-1222.6209875997097,-0.0,-970.7030542989654,-1374.807558471839,-0.0,-513.4744664470301,-0.0,-1375.9346463291897,-0.0,-0.0,-0.0,-1281.9876303543674,-715.8891200129941,-447.94246073077136,-0.0,-1745.8158450713788,-3172.045160165769,-3311.9747248740837,-0.0,-383.6863694580528,-0.0,-309.90361961235317,-124.75745090097304,243.93710541083138,-560.8847586231054,-0.0,-716.7581566464225,-988.7152839489837,-323.4569389378741,-611.3181190403077,-0.0,-477.61128953933354,-887.1245588339226,-535.3773586403802,27.137491382993737,-2426.1740470719296,-0.0,-0.0,-1592.5543376600313,-233.04070341674117,-1297.797118782731,-96.75464953349884,-131.0412223768873,-249.51593514224444,-612.157434572363,-967.7905598168359,-1404.0612978482004,-2418.522464970673,-0.0,-0.0,-390.6868354964511,5189.646926472283,4.502681029060602,-0.0,-0.0,-0.0,-0.0,-2633.9309836073003,-467.3475256434567,-0.0,-982.6781027128571,-1010.8232905028241,-671.4186413351547,-2325.4044047682446,-250.5448105175266,-1235.6912973333137,-0.0,-0.0,-2096.421125282278,-749.7503062334365,-1979.5150248269952,-801.4038798858056,-782.6177317299928,-1977.1782910302747,-205.8172242677469,-1902.3198860247146,-1239.8340788368862,-30.66476623302952,-960.7395503848508,-1229.8508944297212,-225.06004379063765,-264.05215913390396,-1868.2746125139422,-0.0,-557.240564884623,-256.15426014633016,-31.729340805543124,-837.8624874414639,-196.81362342538694,-863.1886204671563,-913.3203207429775,-1268.9825372397813,-226.50080308105558,-2586.7170300188536,-65.46801295817743,-530.6712262147455,-0.0,-929.4721370294715,-665.0951025784136,-1072.370502089643,-1214.3847454410088,15.193876447131037,-390.214623981459,-2947.5352487176774,-824.8656353913404,-382.5264376857508,-1205.676245627114,174.4774531347314,-0.0,-0.0,-0.0,-0.0,-0.0,-0.0,-12.937361178702627,-166.21676756743656,-2602.7516743650385,-4673.895648208858,-589.3987231069685,-1147.7691517679891,-147.3765704098317,-601.469976613237,-1509.7157343478264,-1179.3344997853815,-42.00298332831181,-489.9839787301085,-570.3623696844332,-0.0,-106.58738731733379,-1247.518380963583,-559.3883731779927,-0.0,-1074.2990274736912,-0.0,781.9381732388405,-0.0,-0.0,-0.0,-44.12954509383012,-0.0,-0.0,-1059.6556384197288,-435.8903139122223,-1293.5540239078293,-0.0,-0.0,-0.0,-847.7343382336004,-539.7907314685468,-1398.2298714558945,35.31099677011646,275.51370695580476,-0.0,-0.0,-3171.4353656444746,-1270.9908653544362,24.984852915955813,-52.659364439415974,13.143350773480815,-21175.07317176457,-22006.47961287775,-2622.1724931378026,-0.0,-0.0,-0.0,-0.0,-455.20962634359427,-0.0,-0.0,-602.4753564252685,-2526.719907942425,-2147.829475681241,-1557.9699629481443,-347.3002934161995,-1823.1879265956186,-29.88968608958565,-1316.441168207807,1060.541358588967,-8.008500186045156,-1073.3815205874178,3.9281412408357688,-0.0,-0.0,-0.0,-0.0,-172.27466988989192,-0.0,-0.0,-0.0,-963.6508840352444,-1524.9161339618247,-0.0,-0.0,-262.307821494407,-2312.001377051058,-0.0,-1564.4674633252966,-1783.1544051487092,-1982.2666927084088,-0.0,-0.0,-115.13331056221197,-85.41935628945033,-1197.0322629383631,-1604.297278556562,-603.1702356596957,-1312.1392538084347,-1234.9155254862853,-0.0,-0.0,-0.0,-0.0,-449.6064615011323,-239.93601009987276,-0.0,-0.0,-106.95869221540923,222.12819166908244,-0.0,-1198.907719835136,-1102.3767441864536,-1049.838201215184,-0.0,-0.0,-748.4670554847181,-1343.3616008266056,-747.0602676766061,-452.67791900734557,-0.0,-2424.5010591787072,-2265.399522487924,-0.0,-0.0,-0.0,-0.0,-0.0,-1421.8925968043518,-0.0,-2046.9385252812663,-1420.5547051274907,-76.29407733372528,-0.0,-0.0,-0.0,-2746.5639320530063,-1540.8072742456347,-659.045921015104,-508.23415349645813,-1116.2198565324804,-788.8084417170681,-0.0,-0.0,-724.1356446244739,-1531.8397088796044,-77.69005789502305,-484.2173658952708,-0.0,-854.4970032097526,-685.2450200846288,-1606.2365531067783,-0.0,-324.51360225864477,-130.36278292797388,-337.0429033928722,-1628.9743138687927,-334.7432195598334,-0.0,-0.0,-0.0,-0.0,124.5319430301303,-176.7915584195951,-867.6898835350422,-1370.6355690244068,-1231.4179759221365,-515.4811624658165,-613.9918660503364,-5860.380601124886,-1009.784072644593,-666.2304015315333,-0.0,-0.0,-0.0,-279.28701624281825,-374.43661463841136,-1346.0191394992892,-345.0266658711932,-0.0,32.776974391735564,-0.0,-0.0,-0.0,-0.0,-0.0,-0.0,-0.0,-100.48024620393508,1501.7511283205702,-0.0,-1630.3804949682356,-701.001626538005,-455.8381767322064,-1653.5733769750489,-0.0,-0.0,-617.5937467323439,-741.9546648203946,-141.60823684173167,-127.89256175456083,-142.46785424144485,-573.5063363183655,-152.82487406622425,-2163.8466192653054,-405.9193202132774,-442.06495132755424,-0.0,-0.0,-1500.0420450406984,-2954.404674119478,29.740525686006283,-554.2245637735882,-353.50302882620883,-928.0734258103142,-1174.3305368064885,-843.0221299687016,-310.1281584776256,-159.32947928968983,-1523.580071706382,-0.0,-0.0,-0.0,-0.0,-0.0,7576.102670086209,-90.02230196060286,-577.1235328586005,-642.6896614891673,-1115.4288616097801,-1397.4750838445505,-1341.4482574000656,-1788.013679550678,-2305.9233141833165,-488.46140565984444,-0.0,-0.0,-1640.6265657350073,-0.0,-0.0,-283.99380280185295,-1865.6336574219144,-1430.4970943072624,-515.212104641522,-68.63956951972041,-1948.2175297487552,-0.0,-1479.1308835189377,-0.0,-0.0,-0.0,-0.0,-0.0,-0.0,-587.462686177628,-1333.1863344714634,-1077.149944338886,-103.07731364187624,-266.50709003865745,-623.2655213439562,57.01317712751859,-0.0,-0.0,-593.9760315748458,-629.2808024003938,-4011.6685313750413,-0.0,-1562.0399463430892,266.61787863905516,134.64262775020484,-0.0,122.51582469511236,-189.43283958809212,-167.6355420715159,-509.03904293302134,-0.0,-1993.6796651553873,-0.0,-0.0,-1199.5223279838099,-0.0,2517.2438453919694,2399.492415146128,2379.183323023777,-0.0,-0.0,-1916.8760376899525,-0.0,-0.0,-381.1472029220393,-1006.9450846671181,-839.8722343966741,-1091.7857604691512,-1293.6616986419376,-0.0,-0.0,-0.0,-0.0,-645.5173846004556,7.9467291193807945,-61.671232912698954,-1303.3193712169218,-1080.0628783095428,-430.9718401202838,-1548.8074625122988,-0.0,-2210.6516071716565,-1339.4837801034907,-1532.250717077157,-429.6760483555604,-402.96734314053487,-0.0,-1272.4246732685551,-822.6067002822955,-1026.3207049161779,-2008.5909117500232,-585.633031137248,1065.4893157712947,498.1499990990747,-374.1149752626407,-1188.4584878445064,-0.0,-1773.3087040312012,-3277.6098256533396,-508.9255001079899,-488.6947622363173,-0.0,-0.0,-0.0,207.32008009347766,-377.76082369371153,-483.7386844602814,-159.43820030636905,-551.769740157718,-559.6394624230985,-0.0,-432.67490455312725,-948.774308709721,-733.1956475598263,-0.0,-2220.1003099688955,-5095.67877051496,-0.0,-0.0,720.3876062448063,621.1664697523203,-0.0,-0.0,-715.6072398642768,-887.6095247947635,-350.2848312466224,-719.6837140992945,-0.0,-0.0,-0.0,-0.0,-0.0,-2724.0358850092616,-417.72650368097305,-1859.4413539425893,-1073.903428271885,-0.0,-398.3969271025435,-484.86067065803854,-0.0,-243.38403994395387,-861.6367352855335,-1203.8397267238897,-4607.381301525905,-81.383722608771,-0.0,-0.0,363.31091058969565,945.0703146412968,-0.0,-0.0,-402.2467239756099,-0.0,-0.0,-0.0,-2651.604517001304,-0.0,-575.2842911644917,-0.0,-0.0,1876.0910016229655,2152.9523094213127,1911.5243502451722,-0.0,-0.0,-430.9020262229011,866.4487923190036,-2363.4627239783217,26.576327100279485,84.96800329809014,-2710.912066824442,-108.2002835844189,-189.31200283410945,-615.4848086448009,918.7540309171931,3892.0166502774805,-3228.5257083252804,-0.0,-0.0,-1064.129281159671,-1774.994787988871,-1267.9979121653625,-281.5061593033572,-46.86069315594725,-0.0,-0.0,-0.0,-0.0,-2102.6175112287324,325.8823422972066,-0.0,-4.15394805848243,-0.0,-1582.0107819426692,-2023.9913801809334,193.92005615541427,-0.0,-0.0,-390.4749769441591,-0.0,-1934.3833117234258,-92.54770332551043,-1047.194890234372,-430.7302703105151,-1273.4326732869824,-793.0213521270429,-1218.4599876362595,-646.809897327225,-0.0,-0.0,-0.0,-127.88888210842829,-0.0,-0.0,-273.100367417,-460.4204429088104,-760.6085280059699,-0.0,-1754.927387938047,-1104.337608097771,-940.8492109552798,-8.541395054395895,-7.545547027891384,323.6437365558149,38.669424234819516,-0.0,-0.0,-12.826264816252454,-1763.1570446822466,-712.3471218650607,-881.7030741294791,110.74074384628062,-2243.864016220542,-2037.308731302106,-1043.3479582634282,-1008.9601507350916,-41.857742479921946,-580.1051495901689,-758.947546738994,-1358.3375367483852,-2159.3149050985126,-0.0,-1910.269734265272,-157.58037125413645,-0.0,-2603.8377159767615,-2880.1687698592464,-2290.574677310444,1816.0302795729697,-0.0,-1609.720241007469,-225.91279697867782,-1328.640312526456,-703.6865537638238,-138.74078325812098,-2164.2529556184036,100.33218697399096,1634.5387736731684,-0.0,-197.94591951273205,-422.03616424429123,-1155.287031849864,-1095.0173126873192,-1783.8587457732442,-4238.997186086876,-0.0,-624.5305593659746,-1484.9651086193003,-772.0384373087065,-238.46111369238628,-28.690417708696636,-288.3124647705234,-0.0,-0.0,-0.0,-0.0,-354.38274422127205,-1386.6588444419172,-934.8701664579593,-67.37739756063313,-519.9265259839706,175.09714663528428,-0.0,-0.0,-1048.6684539579953,-540.1819018498996,-0.0,-2151.978469577761,-99.0378430937004,-1309.9530086201535,-0.0,-210.80481866039224,-192.29141042604516,-0.0,-0.0,-480.9778278437801,-0.0,-0.0,-4521.916646358825,-218.73126565672172,-2236.9897580674556,-0.0,-0.0,-106.90301618926463,-1449.4459416495054,-722.4533051863087,-426.17239760822355,-1410.9466422781388,-0.0,-781.2488163310483,-0.0,-534.8851624228922,-0.0,-0.0,-223.1544904148375,-97.61369463804131,11.93693107088987,-353.4793180378902,-1510.3185058798801,-2041.0164842468876,-0.0,-0.0,-0.0,-23.862137939945445,-438.43173926381877,-0.0,-1712.0198250081787,-2584.0317334821543,-0.0,-0.0,-70.58404751293033,-1427.1779030649416,125.22267528186654,-0.0,-0.0,-0.0,-0.0,-554.3851654237167,-2532.6365199792895,-240.2614401303922,-1251.5950919560105,-0.0,-0.0,-765.6591575856746,-542.7845245869329,-350.6710832484919,39.659057317035995,-0.0,-0.0,-0.0,-913.3510964502442,-681.313062097302,-547.162463118715,-335.885025496117,-0.0,-0.0,-0.0,-0.0,-2266.224808172991,-86.70842057106371,-23.510217319926006,-0.0,-0.0,-707.3434368797859,-444.17236440025795,-0.0,-2025.0871355466397,-4623.05673420722,120.1897794631994,-1294.174219799973,-0.0,-0.0,73.27431630377419,-452.84861459304915,-1756.9098700383195,-543.8476450796754,-2732.943051421949,-1437.508331407006,-810.8003260615691,-1676.0465054171461,-0.0,-0.0,-0.0,-39.601557770293034,-1195.4339609489894,-0.0,-0.0,-3069.842034535012,-90.55413731696157,-1572.8096107521285,-812.6384684707839,-0.0,-0.0,-0.0,-0.0,-0.0,-0.0,-736.1629765064146,-0.0,-1803.2958857657554,-0.0,59.95274799917235,-1400.0935731292445,-0.0,-0.0,-0.0,-2498.996377610446,-0.0,-0.0,-562.66821075126,-0.0,-0.0,-1160.4155002478726,-613.1053495097741,-0.0,-0.0,-173.53485585931813,-2203.925483001672,-0.0,-1063.369244379835,-832.8995669693874,843.2669162438278,-191.07093110163694,-0.0,-593.7469385187192,-2.6114990335112416,-0.0,-23.831302987566485,-0.0,-381.7676971607379,-0.0,-0.0,-0.0,-0.0,732.134134325075,695.832273265048,-963.4273106345107,-1763.533413947421,-0.0,82.39718021768513,-4.349654744615637,-76.02577089021263,-921.5456102006933,134.42544138231432,-521.8208044207624,-403.1649688421994,-176.93822786870442,-3737.937379757561,-0.0,-253.47794153941658,-1853.8761307253733,-2527.32625814749,-0.0,-1269.1759655667552,-1557.3617837496638,-2198.0351682624055,-775.5129289160602,-0.0,-896.7134190454309,-748.1040712429582,-814.1576355408814,-1399.2521247398086,-1079.5747516842418,-0.0,-130.05135805768808,-1151.254288028251,-0.0,1131.033469916945,-463.2349957341203,759.036511349695,-0.0,-0.0,-107.29926308634668,-37.30279042691142,-2368.4662668954297,-1055.3511431416496,-0.0,-896.1709882850712,-3048.2449534165403,-917.9865045501999,-944.5854923882973,-1296.3335580804421,-423.2613113906687,11.189470998165953,-41.48430070743005,-0.0,-0.0,-971.9354599195366,-87.03097566377465,-0.0,-0.0,-2065.615417802239,-792.4579469574908,-683.1254679641834,-1905.2106941009629,-97.90445592472533,-20.543710458323844,-2577.98597157171,-878.8919146192687,-597.4443492689189,-1034.6988358526849,-0.0,-2350.242022567388,-444.02118744098857,-1271.5517060796612,-1460.7747860896318,-341.32867366765345,-555.6929700595839,-1763.7069372228002,-441.4292764721909,-0.0,-0.0,-0.0,-1375.7362424711791,-0.0,-3272.4158624163933,-1330.6555872865615,-1552.6713946546752,-0.0,-0.0,-0.0,-0.0,-0.0,-131.31505087228106,-0.0,-262.6712652916568,-970.7262655221149,-402.9719055332688,-0.0,-0.0,11.416642986186698,-0.0,-0.0,42.11637000175612,-265.8567043919977,-0.0,-528.4282066160612,-0.0,-0.0,-90.54559750971444,-11.91599762988206,-2882.122236824008,-2286.9408890205573,44.62116889904417,-7516.3279746234975,-904.1680568919263,-660.6824716611333,-0.0,-908.9093628706173,-1596.05738008028,-0.0,-0.0,-0.0,29.192361235269292,-0.0,-1436.3990145364232,-0.0,-1457.500460687176,-0.0,-0.0,-2268.305949942797,-400.31396327297176,-748.410162240717,-0.0,-0.0,-0.0,-0.0,-281.8960167805865,-756.4740827692008,1451.7207642170492,986.52553854888,-802.7523466583876,-8.900007361049344,-0.0,-340.5301387374787,-338.76729990487246,-1820.5885625339795,-486.4840084227106,-125.7009364346707,-1121.9033135889756,-1567.835244557941,-978.8246270016346,-721.311977243595,-0.0,-0.0,-0.0,-83.10586636199845,-0.0,-1777.8473247125612,-619.0597734597907,-0.0,-1912.175226307754,-1249.9071830487565,-0.0,-0.0,-0.0,-0.0,-0.0,-1150.6025162455333,-0.0,-292.1296502636424,-1917.0692849100155,-0.0,-1123.0895000908008,-0.0,-0.0,-0.0,-2469.850178921364,-1358.0683258713098,-1082.9095974635065,-2728.002314703042,-0.0,-0.0,-0.0,-82.4558530101314,-519.7332660471416,3.951420096961482,-453.7853337154619,-309.4317508613593,-0.0,-0.0,-336.0455477121691,-1447.0598408980188,-4018.4407019715495,-0.0,-422.3054468496547,-1376.454552927525,-420.34043776674775,-499.63155830916617,-0.0,-0.0,-0.0,-1924.9549076980134,-1988.38379662027,-43.92556392761157,-1770.4078877097909,-531.3197925358461,-360.89311043505603,-8.930655283845494,-1197.3022604586172,-0.0,-2088.7318177588227,-0.0,-522.3474404159036,-0.0,83.40954914045147,-0.0,-0.0,-557.8844274472134,-838.304362104632,-7.9583853367584645,-0.0,1313.227536090303,-0.0,-0.0,-1868.2107334357427,-1412.7540070674386,-1164.9229628018609,-0.0,-375.8643648334684,-646.1503421701414,-1509.6637766437625,-0.0,-0.0,113.73943593001749,-723.8076169182876,-0.0,-0.0,3.88642989673235,692.7418872502077,12.161972126909257,-1516.5727551346558,-0.0,-0.0,-1826.9282412571708,-1736.5031385802927,-84.75716071113594,-0.0,-172.38279634575295,-762.3157772627724,-1154.963239198385,-1679.9327538943608,-0.0,-929.9436764711668,-6.603138118297672,-0.0,-1697.8922777397408,-0.0,-0.0,-0.0,-0.0,-613.6239559900304,3.77667195762292,-16.77561782166863,-0.0,-0.0,-595.2828376670095,-0.0,-0.0,781.4020241842494,-1069.063583343516,-54.051292432288506,-2038.3647695084815,-0.0,-0.0,-669.181871280095,-0.0,-283.7870131800762,-1185.7168548585803,-1040.6611509983145,-1161.4763780106134,-0.0,-0.0,1498.0306664680984,-0.0,1043.1869022858714,944.5078099060897,-42.38609382567299,-873.6728276236713,-0.0,-0.0,-106.60554002718169,223.93604178807283,-832.3042167983128,-384.81335973156143,-1085.8355297355959,-2760.8972877309,-1987.3869206528502,-0.0,-0.0,-276.7352323904642,-5324.932889334628,-629.3339954677549,-568.1785559008774,-0.0,-0.0,-618.083583884685,-0.0,-1070.2618312490404,-1327.2832376347649,-790.8162639718838,-0.0,-0.0,-58.2797309501616,-0.0,-172.95347534639814,-1457.006447966744,34.647665010767035,-668.0518637745303,-456.67293815033855,-254.89980805196114,-667.1722136211205,-2357.28856071345,-17.165992882772773,-1223.500385244035,47.13299497618115,-1019.8176452660599,-318.1808057455534,-0.0,-0.0,-236.1332152112282,-0.0,-0.0,-1683.6223336437733,-665.5902956814109,-0.0,-872.7242568005389,-521.6030128556322,-0.0,-0.0,-1459.9221874933207,-831.2405443161824,-1563.41412531284,-1391.067581414254,-0.0,-109.15565495579648,-3161.7438592983335,-1085.9072742066196,-283.85647248836483,1634.7095723278683,-1870.9740605485717,-1272.0627171319386,4.294716176508054,-900.3860504244622,9.027472585457739,-1852.2233009878496,-0.0,-3802.380986074366,-832.1369858337039,-0.0,-1606.1561861137902,-1498.8966433226692,-0.0,-195.1022475432188,-923.6406252606029,-1214.399675229373,-1436.581484314862,-776.4917872187203,-534.9691160409857,-539.0655436057152,-0.0,-151.31349938664667,-0.0,-2507.284877724651,15.22139400591984,-3580.074662046545,-833.2360555282122,-42.019367398368594,-37.20411553887993,-1415.6084870307525,-843.5922669551342,-0.0,-432.13645383704824,-0.0,-0.0,-795.0337405534266,-0.0,-0.0,-0.0,-0.0,-0.0,-0.0,-0.0,-770.1720896032865,-493.7918368379186,-2784.4684213706005,-2451.517822588687,-0.0,-0.0,-1175.7760137959865,-2027.4404185196029,-512.124461657908,-187.58375930777126,25.95330556128333,-0.0,-1398.020708641034,-0.0,-2446.4236666622637,-0.0,-0.0,-0.0,-0.0,-1946.9980867127476,-231.14178371060692,-460.9884346176205,-1107.7965732170817,-1368.8173535935387,-1111.3042661738505,-754.7610312204246,-1216.3020175378074,-0.0,-0.0,-0.0,-0.0,-596.3950477400379,-435.3341841716006,-1399.159433083555,-0.0,-715.8044665242215,-6434.960134982639,-619.3860620141851,-810.3674751247254,-2928.7194002524425,-827.6788588479978,-0.0,-537.4230986559593,-572.4950717542814,-1156.518632794651,-606.8832503122271,-1506.9662570003227,-1730.2309737636472,-0.0,-0.0,-0.0,-0.0,-1629.8369763026124,8369.238264539645,6843.526014352807,-0.0,-0.0,-0.0,-0.0,-2077.9788666097406,-1173.3947782453527,-87.58832514559118,-1435.0591848507452,-824.9595528673674,-0.0,-0.0,-0.0,-0.0,-740.761715688796,-0.0,-1900.7785184678453,-241.29434727612912,-0.0,-0.0,-0.0,-0.0,-132.9691756893994,-534.0243602706266,-405.35114358662184,-880.6036773307063,-1176.8694330596163,-1138.847633715963,-1114.4058059597255,-302.7407089048922,-1520.4823951548055,-1467.4989948996745,-1173.3206473078105,-1553.5318597831879,-39.303998883723324,-1220.7406228533894,-1032.4230851471818,-943.3425986967349,-1580.4433792042464,-349.3107188069989,-2260.001056891893,-1525.86408102502,-1914.0463294263614,-603.1617942398267,-557.4939465213772,-1075.5739162126035,-0.0,-1080.5321046225035,-0.0,-3397.0731370844346,-795.459630878321,-278.6579326954279,-1902.588187207017,-1531.3351612037945,-1153.1036580517537,-0.0,-0.0,-0.0,-0.0,-828.4784054213678,-3642.869310619783,-1711.6502203668524,-0.0,-0.0,-1150.9928198494047,-0.0,-0.0,-1223.3658645244573,-526.3007148630156,-1103.3793729881686,-571.9808042681443,534.8755876943408,-1103.0091360293693,-583.3307309836172,-1556.565406803225,-0.0,1404.69104234165,-0.0,-0.0,-1166.236936465926,-5592.254759196174,-0.0,1682.4768228794226,356.08262607589467,-888.295441377494,-234.39756451923606,-0.0,-1788.7560695656462,-1009.4055885557824,-2204.7870430283997,-2106.1076043493917,-371.7819591890468,-0.0,-465.0703806661921,-164.65341039776885,-0.0,-1000.7490455701632,-0.0,-1795.9543197270218,-2244.435989822188,64.0441201925135,-2413.2291847683878,-2014.8888240292608,-0.0,-555.1161862569394,-1374.6804900449708,-1948.3311624593575,-0.0,-389.3420487187249,-2416.1906516108847,-899.8118929443172,-827.4173088184879,-927.6736451640697,-437.4676011050478,-881.1393129684939,-1569.2749905844862,-0.0,-977.0136678775008,124.56839259548097,-1435.6918132795756,-0.0,-583.1263318810787,105.48480157574875,-923.6115433563509,-620.0084052787395,-0.0,-597.1532236533988,-451.74973619538486,-1688.9257326363886,-1256.6652172078384,-1618.6999627361672,-871.1215112182824,-791.8238942341391,-930.5423017843915,-2179.4742112110666,-23.014554510373735,-0.0,-543.2486340584164,-623.0638925329682,-1381.8637057242897,-2071.5768010443026,-317.8738842941951,-735.9114455101824,64.84863516428683,-866.5676618987939,-1258.6291194008056,-801.935755882362,-0.0,-1023.1501612284602,-56.52659196764897,-2497.517640924005,-0.0,-423.3684380171344,-796.8923248172663,-564.1606735303657,-2331.030379021288,-171.41449425943213,-1549.205945107692,-707.6615694699808,-2596.2892188869137,-0.0,340.0233640911387,-0.0,-0.0,-323.5259750607426,-0.0,-0.0,-3669.471951541653,-27.153443554680056,-37.574188816306616,104.5500818552229,-1342.829615899774,-0.0,-0.0,-0.0,-0.0,-0.0,-28.33391610110777,-0.0,-356.47627890791756,-0.0,-295.85749796540324,-1956.3820473138098,564.6082910029832,-2983.0294760939614,-0.0,-0.0,-0.0,-0.0,-0.0,-0.0,-0.0,-0.0,-0.0,-2607.141843095805,-0.0,-2724.388615959422,-3171.333330567377,-38.83499235356154,-0.0,-0.0,-0.0,-0.0,-914.7839605697362,-1108.1663332758535,-0.0,161.1815455314823,-563.2183419532814,-2179.3693492322973,-659.5515765294759,-0.0,-538.1136193196716,-1169.6371677360414,-0.0,-0.0,-628.6319565570464,-928.8616033801242,730.1105532633079,-493.0126805907479,27.5662944344608,29.874914890067156,-0.0,-0.0,-0.0,1574.1503856657384,1408.5120323231986,1651.156239630912,-0.0,-0.0,-0.0,-800.6572953750156,-0.0,-0.0,-965.001775289522,-77.90442546791762,-473.22779418556024,-57.07849180102918,-1044.5173189495226,-808.5801013106841,-1459.4369868278982,-145.27480813702837,-282.1949236738592,-1250.645185194369,-0.0,-2180.901229524276,-16.29349275294969,-963.9002214760735,-933.6193507930518,-16.635399622987606,-0.0,-1319.2136349333107,60.478949971346736,-0.0,-0.0,-0.0,-0.0,-0.0,-1395.9059646543815,-3123.5790593595534,-0.0,-653.6504691651899,-61.927671677545284,-0.0,-0.0,-0.0,-419.9028465542193,-30.350313646963492,-0.0,-1320.5428898898479,-800.4242040181365,-0.0,-0.0,-542.3020712642145,-0.0,-0.0,-1654.4842264842682,-1396.3933388275925,-0.0,-828.7658677865544,-2123.0659748887506,-93.34947267190373,-0.0,-0.0,-296.2361908686077,-788.6596904410671,-235.86348970499895,-199.57185093283545,-165.50817626755062,-0.0,-0.0,-0.0,-1365.597452885502,-1002.3844234529573,-1972.1430967353776,-276.0151704432704,-1347.8523548545527,-125.62510100562632,-166.0530089815578,-486.950590845743,-2002.243459817236,-0.0,-0.0,-1753.5043184538868,-1912.9611292777297,-0.0,-0.0,-0.0,-548.4097555368307,-2340.3572033310984,-3449.9785573291147,-0.0,53.64557831544698,-179.05790047495435,-696.7448368116206,-684.0256049450139,-2067.372481376474,-0.0,-1498.638746921453,47.815872527961744,8.175472056613302,-310.4086615748645,-0.0,85.87026016649754,-285.7963451333531,-430.2453757413188,7.867361052785871,-0.0,-0.0,-668.7439305042298,-13.186745529140497,-0.0,-1353.5818393057668,-984.4242856063668,-1245.2412896129126,-807.8065413599509,-1164.5639276942252,-1762.1393167817735,-0.0,-0.0,-0.0,-0.0,-0.0,-353.8518918804598,-663.9800226029525,-1277.791194921243,-1551.3068782939038,679.0654091561897,-1477.2582954783666,1685.8479542599775,-0.0,-2103.3011054711983,-1690.3550479346948,-842.6300939855814,-31.036274139392173,-123.41871659201627,-2238.9726822843586,-229.6939641738422,-0.0,152.22879084429528,-909.3888230202115,-0.0,-0.0,-610.2485262164364,-418.4405135759802,-396.20047440848305,-1253.9162303032354,-1696.6155703900315,-0.0,-1517.4650991713663,-1146.3219601489843,-4180.807154875775,688.2579792735299,563.6299481615949,684.017711934099,708.1495966224098,-0.0,-0.0,-0.0,-0.0,-0.0,-0.0,-0.0,-0.0,-602.2406243279746,-0.0,-53.54274676564795,-39.15748738983268,-0.0,-1319.948196788586,-1428.4188869113875,-2025.429892736481,-0.0,-0.0,-0.0,74.86044393293652,-3045.916093900474,-670.8696683774554,-2896.3675620444733,-1569.4843462356266,-0.0,-0.0,-151.55803762448525,-1403.838810401806,-0.0,-1967.6695037017735,-724.4351658134433,-0.0,-0.0,-0.0,-2457.55286759285,-0.0,-0.0,-0.0,-0.0,-0.0,437.84901635766465,-0.0,-0.0,-0.0,-990.8153878627419,-0.0,-0.0,-0.0,-0.0,-0.0,-0.0,-0.0,-514.9568604047706,-1042.4174655601353,-1523.812515491856,-1678.2922587355115,-592.498023203001,-1246.4091855335491,-37.3188542995254,-0.0,-646.1195822870778,-51.66738619746652,-0.0,-0.0,-0.0,-0.0,-815.8234449820883,-0.0,-505.74010546932146,-1293.741345531795,813.7413013599493,733.0385955812426,746.6930880321913,680.8117666041283,709.605109656152,-0.0,-0.0,-0.0,-0.0,-0.0,-0.0,-362.92948257403566,-0.0,2113.281755143005,976.728428011272,1174.4503851585866,-0.0,-0.0,-1261.4884602944708,80.27698626474846,-64.5285872673176,-2408.8848639132743,-0.0,-1910.36169903783,-0.0,-0.0,-0.0,-0.0,-665.6298467673462,-0.0,-544.1318023226477,-568.9705032423321,-390.53922798148125,-0.0,-16.85827582627431,-0.0,-846.5935847113775,-0.0,-2297.8876211344027,-621.5279151178429,1753.9978065639798,-2154.21272628035,-974.2913377714507,-70.34782689007048,-848.2805543942139,-0.0,-539.1040354300857,-80.77109451410978,-2454.6571737133736,642.7832421664617,91.39193514070028,602.3384709277302,1275.135958142621,-0.0,-316.4973336891352,-25.479298782990575,-1074.0997121556402,-1242.609859692554,-1459.6063307718598,-1880.8236357088526,-0.0,745.969698892394,-0.0,-389.60317804067915,-2332.6050350556147,-1351.1678511404516,-0.0,-1299.0510223853635,-399.3475812658122,-603.8630708014466,-737.3004385663356,-343.0529418582679,-1392.4859970509797,-0.0,-2196.116430867565,-402.8160840206671,-1533.7624944314593,-320.2003949787146,-0.0,-0.0,-0.0,-0.0,-1311.5042449167531,1195.5561601670654,-1114.6133135844086,-619.2940715580909,-0.0,29.92497982738645,-0.0,-0.0,-786.8750206496259,-726.0656979476973,-767.8246117722588,-653.017566005764,-0.0,-0.0,341.27168226684597,238.43967226920375,598.5522272163997,-0.0,-590.1312099136073,-1926.1829641469606,-1278.9800401672096,-4.378896110896863,-1661.9225575706175,-0.0,-0.0,-0.0,-581.5675686869455,-876.0939099780696,-0.0,-1361.7350433131003,-0.0,-2675.7933822703453,-3711.52228983798,-0.0,-19.61529608318635,-0.0,-762.7680673682072,-0.0,-0.0,-0.0,-2182.0182015740997,-1128.8749805914456,-614.3448269409613,-884.0245919597867,-0.0,-0.0,-2148.743163337996,-0.0,-551.9361842979317,1180.1970751832127,-913.0267434241225,-768.5356416672539,-561.792002684128,128.52796425178596,-0.0,-0.0,-1357.3509779418312,-0.0,-732.8248125685935,-69.20382850089223,-366.8416782712558,-345.55066219664167,-0.0,-0.0,-230.11489445625966,-645.9440021741203,-1063.0683152300219,-632.5390742088682,-1074.7762760989244,13.132173951503855,-0.0,-131.65169679326604,-2104.424084144242,-1273.6493468402987,-0.0,-0.0,-0.0,-575.381674524584,-610.7177633717162,-1578.356624892705,-0.0,-0.0,-0.0,-0.0,-0.0,-1505.2348305439202,-717.7119404879054,-0.0,-587.1646859224523,-0.0,-17843.763967572937,-823.6020250137249,-119.86431156206108,-612.4179133918204,-0.0,79.28249397505628,-1291.4874279643202,-2602.8143890117144,-0.0,-0.0,-0.0,-785.4398144965553,-518.5435358224262,-1113.2254486634615,-1016.5847928716049,-573.7979400703795,-0.0,-0.0,-1747.20829474586,-582.1127211247925,-2314.4202627596587,495.78678662809665,-2396.308372262485,-0.0,-0.0,1664.106919463112,-1573.1272333851557,-0.0,-239.57421021966758,-356.0132340158031,-638.8501031883612,28.64110506525316,-900.4758536119296,-0.0,-0.0,-1383.0663303680235,-1289.6555465757115,-2476.808540453582,-0.0,-0.0,-2451.8613040761275,-717.1049792659969,-728.769505886932,-2480.9253170313214,-1460.1705270553966,-0.0,-0.0,-1063.3577973071608,-0.0,-89.74396659016276,-1566.2204659073623,-1799.8027278623506,-0.0,231.19786140417796,-777.4059911162129,547.1936134452213,-265.12599663594796,-248.18970533781413,-0.0,-455.4720297191312,222.7563223094322,323.5664390606602,-460.92718266734835,-2522.246427245052,-2015.758578389801,-86.94531797289267,-4490.66673222137,-586.886114038971,-1140.7563696501688,-49.646946176753254,-3802.6637450543867,-337.989299644044,-647.6661903591244,-307.81198977850767,-1622.2125280983166,-1008.3634020899544,-3456.744673137517,-5416.706529084345,-84.99649122614193,-684.7909208423125,-1720.9488635433713,-1188.437149515755,-0.0,-3419.8721215570517,-0.0,-274.98448133366463,-1540.4067233668459,-1387.4589359508818,-0.0,-0.0,-947.5401161577728,-238.3676666090496,-0.0,-1387.671801225845,-0.0,-674.2864232392692,507.5259799879686,-2265.1043532546455,-477.3156080318827,26.449867486202102,-13.362077447682468,-0.0,-1888.751264329583,-571.9812618061015,-0.0,-131.17604892297692,-0.0,79.96980603480226,-180.85759452346588,-0.0,-378.3156888367127,-1399.1940495238848,-447.82092645816243,-790.3994633068278,-2205.997386178376,-0.0,-4048.7450701495345,-1751.9864084705537,-2461.8657130265724,-2235.686624581805,-73.23237349786892,-226.1332894739975,-639.4115069664361,-1477.1112181096853,-0.0,-0.0,-1250.7773166458705,-193.6013275714949,-0.0,-77.9134407435677,89.52042218974901,-2245.4295610567438,-0.0,-0.0,-1309.2722161683494,-0.0,-75.39599384066307,-0.0,-44.791438493820756,-146.56971303237657,-0.0,-378.2363086817865,5764.72730526072,-0.0,-0.0,-2642.2262628930794,-783.558519801789,-274.24591498601984,-0.0,-0.0,-0.0,-650.3054106093007,-2141.724240448084,-0.0,-0.0,-0.0,-2279.7786824521904,-0.0,-0.0,-0.0,-1585.336763385568,-733.7100614953949,-301.0864618407874,-466.19871595307757,23.352249686228607,-684.9102306642557,-380.7422537154948,-208.31343560307923,-2403.614576281373,-0.0,-0.0,-1257.4365135216854,-767.3272966553723,-2462.8114588674616,-0.0,-0.0,-2692.237474612545,-673.9010835868551,-1551.3994391260003,-416.7438573832297,-624.0163708041943,-2337.7954648694467,-824.8086518179113,-86.17505083459778,-824.0471217416739,-2008.9461312349179,-1548.5775277526052,-1367.9202071326188,-0.0,-613.6763705254801,-0.0,-1566.541454243993,-423.48838929229663,-220.2059929467534,-625.7888772875863,-866.5473156789624,-12.269123703660005,-0.0,-1185.6239307980532,-554.5745332837035,-44.07275750355152,1531.5558346018795,-74.93778257192525,-0.0,-639.2430889747026,-465.69427412856743,-0.0,-676.6169940378275,-1557.3336450997351,-0.0,-0.0,-0.0,-0.0,-410.3351990908936,-908.5752402526983,-318.6273388353975,-487.86828235048085,-342.96787713464175,-1624.4127381093358,-718.2278205570598,-1412.7853337218341,-2530.5990087855857,-1958.4901037992204,-0.0,982.5510904345849,992.5687491487056,558.4374591118059,762.6677706700414,438.5367955122513,-0.0,-0.0,-0.0,-0.0,-0.0,-0.0,-0.0,-0.0,-63.09860070476878,-867.2875103015006,-510.9714394254579,-274.9116097831829,-1189.4845518329403,-99.17492027507996,-359.3979144417341,-1145.9763173215108,-295.41184236787274,-1737.6753387781546,-755.2162303714047,-82.33639866148383,-375.1962992332522,-23.812686603881065,-0.0,-561.9676237803675,-169.66904011053447,-204.57095841229105,-734.1329536261195,-347.3839150391949,-1499.8926560484006,-294.6420003054525,-0.0,-0.0,-1886.5318202285623,-505.43349344844466,-327.4840976969168,-533.852436353311,-900.3390492438499,-430.6177096058944,-401.86244971387333,-0.0,-636.4185586511588,-679.9439949934458,-836.740198678949,306.3675816450371,-1319.7777344489264,-2212.8453351117873,-210.88562548741717,-660.2604452141669,-659.481138545662,-13.17185410285607,-0.0,584.5476492483986,-789.4232414446689,-34.977981201644454,-1906.179592886181,-0.0,-0.0,-1217.5819801838193,-488.428673314949,-0.0,-589.206023623752,-674.1089406409112,-784.704882505767,-0.0,-696.2149549938148,-474.5571614339767,-2177.1896201764816,-4180.64241058895,-382.73563221044276,-0.0,-80.51395604964213,-420.44211587762396,-1486.9609474278884,-222.87454876453344,-565.48910162998,-707.5943705147431,-740.0897341249052,-374.41674991538474,-0.0,-0.0,-1623.0959483007043,-107.44218534248573,-426.7241673255427,-775.5181490610793,-1177.5316198249209,-2399.15815380253,-0.0,-571.3989800371332,-0.0,-0.0,-0.0,-0.0,-0.0,-28.264076152872352,-180.72911665778005,-351.8737690312774,-0.0,-0.0,-0.0,-0.0,-0.0,-0.0,-1166.7208907995807,-2235.500582138598,-404.3771119368239,-488.4430290801217,-45.321772889073664,-0.0,-0.0,-426.2650279840296,-0.0,-0.0,-111.16500240700466,-2655.4644876327316,-0.0,-0.0,-1459.902024367963,-559.8624236094394,-866.4530645333081,-971.5507663218123,-707.815829922828,-0.0,-0.0,-1153.7613154224332,-1793.2039535546855,-968.9623749857825,-0.0,-1121.7130754570449,-0.0,-356.7574604989564,-712.9739415967655,-0.0,-660.6691414047136,-1762.0103449121352,-0.0,-1679.8572118411157,-175.83287147492774,-586.2737356319421,-1359.00919313091,-225.7059958668053,-1204.5592247172106,-0.0,-1002.9951859926149,-27.023471774314107,-2331.4655609967767,-1850.5853469652939,-0.0,-0.0,-0.0,-0.0,-731.6508379615524,-803.6330046292612,-0.0,26.752615490262034,-360.66730012809205,-750.5996009235125,-2027.6434443061626,-2249.842429180728,-374.1166393313697,-0.0,-1388.8081838105184,-837.857742810156,-1698.196665901422,140.93770525417006,-0.0,-3323.7574333277444,-686.3840746968181,-0.0,-439.6245419878705,-1441.6023032989256,-0.0,-0.0,-544.1809327687619,-1426.890887671763,-0.0,-1071.79834255335,-1281.1229186085338,-37.86642607241617,-82.47991911277859,-502.9843251280714,-0.0,-1469.773868736187,-2590.7340558286146,-1151.8651109120908,-177.70797067129934,-1885.1943169534222,136.92534409371714,-851.6861324985861,-620.934484208202,125.2570663208691,-854.7959962258228,-1450.521046866938,-828.9352387433994,-1289.7038836445251,-406.34679066114103,-596.7658926590126,-756.5186529053292,-1539.2198914739834,-0.0,-0.0,-1801.5193938774337,-322.81589734370414,-0.0,-1488.320206097315,-1227.3387208656195,-0.0,-2456.940482845716,-534.0874745295393,-0.0,-824.4393020117766,-0.0,-0.0,-1252.2537984787973,-1009.9074586206974,-0.0,-0.0,-0.0,-735.5479375303296,-4.468554342119524,20.10134944236956,-251.90290411186635,-0.0,-2102.267869491716,-1474.333527834854,-555.157073693164,-2051.7464136397293,-0.0,-58.457895486817165,-933.3395558238993,-0.0,-425.05546456675694,77.37587133388391,-1604.097315225794,-1025.1654188151986,-677.9546361876664,-1267.13182138561,-0.0,-0.0,-0.0,-791.4556695674279,-0.0,-387.1022383663513,-968.7922157523366,-210.2266879302048,-1205.83879647014,-2163.3035060529423,-552.9777854073654,-2076.8324901371334,-0.0,-1119.4924926171766,-728.6685515762199,-505.7797954357561,-1262.475518603508,-313.5788085670317,-514.3810207122959,-1491.487612791942,-0.0,-0.0,242.12076750955603,-2729.1603972560915,-975.6514183557712,-265.91985961263276,-0.0,-367.0459736750766,-534.4230299424656,-640.9932000691496,-0.0,-0.0,-767.7795971522222,-0.0,-21.087016089359835,119.7835265577508,-119.60815447373328,-1992.7025881911063,509.69256676064276,519.2965955273582,498.731338820912,641.2866331227008,47.73711242458627,-0.0,-628.1242606622479,-746.656190435595,-354.23969363645494,-9.789720468118217,-0.0,-0.0,-0.0,-192.78398715835604,-13.380601250280874,-911.6467568286834,474.4509350441196,2379.15890061405,-0.0,-0.0,-0.0,68.4870962667223,78.77747056190705,-0.0,-3068.970306309727,-0.0,-0.0,-0.0,-0.0,-0.0,-2439.45096582334,-281.02647944879675,-0.0,-402.08702283138695,-2128.585236379124,-161.14773134733684,-320.0858014161334,26.26130641085671,-1722.1053903354477,-4305.1976286845,-1957.8578192664027,-0.0,-0.0,-1670.4002194555826,-1041.4318500546046,-731.8108203322664,-414.58033541115014,-347.67271329027506,-1000.4461294576006,-1012.4789549010869,-4957.120447586391,-672.2525057524357,179.41638524840965,-819.7274554983343,-1087.6253974420092,-619.5992962919397,-630.856295154996,-7.570538791207082,-1613.9694175001644,-823.6936126184768,-586.0615915868422,-0.0,-0.0,-0.0,-0.0,-230.1287789548708,-1213.3254227173977,-0.0,-1242.4516716745993,-1366.6235741078742,-0.0,-0.0,-1453.9988890800998,-0.0,-0.0,-214.9554055872306,56.495328485226004,-0.0,-0.0,-3105.716145001423,-1223.08666250143,-96.65770306171258,-938.0537119889675,-1415.8977086426203,-0.0,-338.9892224687692,-503.4488297032005,-0.0,-1383.3622669460092,-337.8657414434957,-1164.145407224424,171.13928293080505,-889.3119809564242,-202.43532813586276,-237.55908888267692,-53.624731146326866,-45.03606177033136,-611.007210278824,-820.321658641041,-508.9942916028018,-710.3680840100228,-0.0,-62.28224512291835,-732.9447238400459,-167.61494786045017,3.920340491830674,-0.0,-1007.4972408822156,27.13269233688573,-1311.7310952662715,-0.0,-0.0,-0.0,-1866.824882599233,-0.0,-0.0,-80.03525526506992,-0.0,-0.0,-0.0,-0.0,-0.0,-0.0,-618.3213023968749,-1620.9383230219228,-0.0,-0.0,-0.0,-0.0,-855.8082681959108,-478.1398996607602,-0.0,-0.0,-1866.8104149448088,-0.0,-1377.309562832489,-2702.8609214454864,-0.0,-0.0,-0.0,-505.1706870018607,-0.0,-0.0,-0.0,-991.7460635055805,-760.505172666701,-671.7353186784469,-0.0,-0.0,-226.4526563465253,-0.0,-4010.8678806589314,-5435.91004928712,-0.0,15.52768764745271,-0.0,-607.2895608559766,-678.7067064112265,-2019.6144035595503,-0.0,-0.0,-97.31310631681198,-695.8609256591969,-1376.0685763724782,-675.7106768449858,-341.76741172652265,-0.0,-0.0,-1221.360616047503,-985.5558508162292,-45.82929510202244,-0.0,-0.0,-737.8312802300331,-384.58779854489194,-85.31833757058838,-0.0,-0.0,-0.0,-2190.755414466722,-343.22831393950906,-1356.5468764319905,-4382.66542671163,-0.0,-993.3363630437186,-1162.762138266368,-2414.006677066734,-342.7126338153381,-0.0,-0.0,247.48160252476282,-1194.4940243441251,-1859.937967598132,-505.9396523282474,-151.35321755561458,-25.013922065291744,-1812.126081362839,-420.3101766195733,-1779.9914374563793,-674.3994527561939,-2745.840408852699,3.897084684884978,-999.5249345909008,-890.5143582679143,-1873.056829840091,-0.0,-0.0,-752.2142706618883,-1694.281078087532,-1823.7534202511015,-878.6408073261939,-0.0,556.4606956642328,-69.23379088431622,-452.210276403144,-0.0,-19.049694970159415,-0.0,-2485.341632595638,-52.527370549281855,-0.0,-0.0,-753.5597465555182,-1114.0945690940318,-814.5165516587307,-351.3215564910161,-592.1479273563955,12.717462581853615,200.4406451351073,-835.3215900288969,-26.4633433307538,-1526.0775677815252,-0.0,-1560.612296551501,-128.80599979282374,-765.0164638564082,-403.1554233211548,-24.477132921729048,-43.20490218768073,-20.348447289538157,-1259.6470644777194,-983.0116727818722,-1422.7829429043732,-257.9030466959635,-1396.496583827403,3.9121752086393524,-0.0,-771.8692662911358,-2697.8803366429775,-0.0,-0.0,-30.163989196258296,-2111.8634291007506,-191.408005231582,-581.0822999330172,-374.7291586632439,176.314001897924,-0.0,-0.0,-1277.3377033323363,-0.0,-0.0,-2188.8386474457507,-1594.5537850911612,-857.904318434184,-766.3646075965818,-648.2920669275686,-915.8190043762994,-789.1749942859315,-1312.4044335266058,-2621.9063569445443,-0.0,-0.0,-0.0,-0.0,-306.65617214539225,-0.0,-2083.3132138568285,-638.4280993771583,-857.0039796483786,-992.6884211035544,-461.8766780155561,-0.0,-1423.4280035071286,-661.6766491782573,-0.0,-2606.23153159763,-1462.20345012732,-0.0,-0.0,-2443.8477421275293,-1729.639145283485,-447.6251587276946,-814.8798557155637,-0.0,-538.6416123496717,-319.0920631014604,-0.0,-646.1603352043923,-553.9138721571819,-518.3618588758429,-0.0,-0.0,-0.0,-0.0,-393.594044323324,-1245.834715803718,-7127.425939183891,-0.0,-0.0,-739.4195313765932,-714.1906667723516,-1948.6630003066798,-666.0274094727736,7.717496051264232,-462.5736554945909,-0.0,-651.207948577372,-579.223077778849,-0.0,-510.94329456487054,-1153.0923553225282,-0.0,-0.0,-0.0,-0.0,-0.0,38.97325034598939,-2150.745539637882,-0.0,-1361.5881108638548,-905.3564848824493,-4.074842623972538,-1715.6680670333842,-983.1512084082883,-983.2459730457215,-1437.3487717896487,-79.24892214527966,-121.58171836502426,-1278.3406443628992,-713.2232903573589,-690.3700083393236,-0.0,-1488.7070751292629,-1380.9491475715026,235.9252965493555,-0.0,-625.4472750866338,-726.2613354435274,-999.3737759151791,-66.68108765840823,-0.0,-294.7964792289619,-0.0,-0.0,-2501.0543664910133,-2150.6145704573473,-1945.0762485468758,-1736.3910505256144,-0.0,-1264.6792340478612,-2085.596138424437,-0.0,-5395.510522980094,-0.0,-0.0,-0.0,-0.0,-1065.8516547743243,-2492.9098785321476,-2347.6727724983416,-92.54105999560916,-2001.6614380382002,-0.0,-995.0175736015832,-31.879687064029902,-0.0,-69.37239026423755,-563.7324287080035,593.1186344736193,-0.0,-468.2064440638638,-38.83432830758356,-0.0,-1462.950003952177,-0.0,-2142.9243714631993,-146.0854437838789,-0.0,-0.0,-1079.9826604629236,-1606.7854628478742,-1057.6886312693994,-1256.6187310790408,-1308.7599808889058,1590.8470840479345,-58.71391568730354,-814.7180229593016,-36.56739058318612,-2512.109857778036,-827.1809693236958,-879.7728368917101,-472.21982846949686,-1656.9179407600413,-1751.3732992459227,-442.0373620646829,-2514.3477460637464,-337.8418621260526,-0.0,-0.0,-51.4341788905416,-0.0,-0.0,-0.0,-0.0,-0.0,-0.0,-1713.1114386645338,-627.9180206754393,-1200.6073738566445,-920.0890858644202,-0.0,-590.0091933814236,-1259.0792837061576,-1127.3634223424249,-2247.7900018764667,-1344.4277593459196,-89.33651258647977,-201.05587758545855,-988.9357142582095,-1497.8660062440856,-0.0,-0.0,-0.0,-73.39431801845285,-835.6004659317709,-159.0452858518262,-501.48620269871145,-1028.981522095644,-0.0,-0.0,-0.0,-4168.490023166025,-0.0,-128.3805887522393,-0.0,-224.10393733550666,-1161.6959673482493,-1250.9631920632835,-874.3280011047934,-0.0,-43.9821244190903,-583.2666300755465,-756.7283253508175,-575.5124347740979,-0.0,-1083.1871704335683,-0.0,-0.0,-2794.467877359419,-0.0,-1415.7953101607352,-656.16248857405,-426.07040488972996,-283.99613551346147,-1446.2193256873006,-2840.2419530611805,44.84496180927552,-2336.490755487885,-1737.78492509806,-449.1861977942098,7.647185714446509,-0.0,1512.4066769239198,1129.3274913803248,1178.4016805187275,-0.0,-0.0,-0.0,-899.6240547966419,-0.0,-296.4510839069433,-185.9928954898629,-0.0,-3729.8535120314673,-0.0,-1465.533103734579,-84.70288734058909,-1109.4490876283965,-608.5663534993873,-1520.8645533973804,-1263.41004266833,-0.0,411.5142779741221,-2693.4512903468867,-1725.0012113862056,-477.5041669351372,-1258.2073788930438,-1749.3798272304414,-0.0,-0.0,-285.8007146304235,-778.9653968940229,-2324.388559397892,-841.1224826715758,-38.13021167077772,-0.0,-0.0,-719.6603455277643,-0.0,-0.0,-0.0,-214.97468436446078,-1454.1948675835065,1689.1982181041692,-1375.5527048685915,542.4521055060559,-750.3212575044951,-1041.9468056100184,-11.191456023152757,-5053.421542039711,-392.93967088046935,-0.0,-77.14540286908094,-2448.6459833958074,-1793.613283470255,-0.0,-28.070487471903665,-0.0,-667.3858311150892,-26.198667946127955,-1939.7777899727978,-1599.9154771740566,-0.0,-326.877645911543,-0.0,-0.0,-0.0,-776.9071861502717,-1063.4124968172289,-438.2042231427826,-1176.4543224713098,-1822.3350913095237,-995.7878993031984,-446.70141760633385,-501.52930114830264,-114.08688622983017,-1705.4463486067414,-640.3004071759939,-1044.311756316478,-1267.095609577472,-1502.747404441609,-1436.9549179204787,-394.2067695715823,-1544.548376967756,-0.0,-0.0,-0.0,-2216.341524455306,-0.0,-517.9451514299265,-1248.994922023578,-11.416216504259499,-808.9705373927558,-631.6138973712042,-981.8513373128357,-750.6643979114185,-207.97691800050703,-1936.076178390164,-5437.270587237034,-283.54190110565884,-32.24181382136558,-0.0,-117.5108402098846,-7055.6363871357225,-1897.417317530934,-706.9478448426213,-2482.1702432282696,-219.15062549266685,-0.0,-24.841657956156386,-697.4136804984157,-128.61169344788118,-1159.0031615038258,-1105.2427622017035,-208.6242649996444,-0.0,-720.9381741517197,-1951.9815503182792,-2010.0681613105853,-1961.4345214598427,-0.0,-1574.6850577097193,-0.0,-54.157794753763625,-899.7491626076968,545.4666230620163,-0.0,-0.0,-325.92931787077924,-1033.0331737629963,-763.0650801101787,-1305.1242547376717,150.99353331499555,-1475.4014441103002,-133.52445031060694,-340.8586892647997,-2156.9202665803273,-1971.8737399927177,-392.47459505597055,-0.0,-0.0,-0.0,-0.0,-0.0,-2100.540026409631,-0.0,-646.8054269980253,-826.9430706853088,-2666.348952847252,-0.0,3.513348686055412,493.057159933132,2108.536011327657,-643.4343191596251,-1342.6432520603105,-0.0,-1366.5014453024096,-3726.6201291449124,-879.1957369834198,-5665.214965297188,-1224.4483116967654,-0.0,-786.8416712244632,-2409.964293015668,-206.64420849654476,-0.0,1250.7093651926652,1395.3623391570738,1205.8809851006554,-0.0,-0.0,-0.0,-0.0,-89.22245841520213,-2392.5106024937077,-84.56555780312318,-0.0,-2059.6384894934695,-1182.933832408022,-479.70331104639934,4.292728546794911,-0.0,-215.71494445958456,-823.9839247103544,-0.0,-0.0,-49.64912072362151,224.15033392210466,-2295.182230996457,-0.0,-870.0428241326041,9.063395741802267,-75.86880314786475,-0.0,288.8945330460181,-97.9172722309255,-479.04784568604714,-1913.5036932780179,-0.0,-59.93683119061218,-1253.1941851066592,-1045.218611934252,-44.65035280065615,40.2357073145331,-0.0,-1265.809495131512,-807.0222132289593,-8.748302947715247,-0.0,-0.0,79.75910666259051,-245.03433990795142,-168.49442333483594,-85.2424717202097,-12.587500095281065,-184.23510121947166,-773.4282144918714,-1000.4724012359709,-518.4082749131655,-0.0,-2244.40728048768,-1014.5579934964784,-0.0,-0.0,-1085.744478567942,-2173.840246893803,-625.6862333337754,-7.668312146268619,-2767.9299287821727,-127.95864290248775,-84.90024014826116,-1117.7384735297449,-0.0,-370.9517239580964,-1495.2360854802228,-3.81321109701678,-0.0,-3426.8907072908924,-160.3944316886273,-1574.4603913379597,-950.607825344032,-1269.0926390903503,-2462.3385846543265,-83.06494158275633,-869.482955361153,-1963.938777075376,-1241.3763912021457,-1249.6004084303984,-240.9908192985164,-1898.8660948992274,-0.0,-2736.3795475332836,-0.0,-6643.207739338455,-237.98781711987442,-85.30451251341975,-1502.055008026584,-0.0,-0.0,-0.0,358.4157028906827,47.69979406905029,-909.947191504701,-1317.4757154963067,-448.8141894497759,-1076.1617813096257,-0.0,-0.0,-1535.4257750551808,-316.8397262830093,-536.0850181405383,-175.40334081269359,-0.0,-1654.3827569968305,-356.5430969746658,-1994.1375995707492,-0.0,-37.44773551940376,-0.0,-1909.8873347030485,-801.6606117653146,-1707.1316860311326,-0.0,-0.0,-1513.5899934201836,-525.5617379261577,-807.7686758599308,-1581.2313753655299,-469.48136292695926,-1457.0135759700358,-0.0,277.80136889485414,-1274.7739641263893,-4343.029965609443,336.8380199646921,-1279.43265762217,-7837.946116025483,-632.3013425704776,-684.4313691702667,-231.15158607709424,-185.86778989821843,-961.4865767075388,195.99464678287111,-205.14206538050576,412.94635485954717,-1142.0253816586116,-586.2319014219175,-0.0,-1219.134849060606,-1903.22933392214,-921.0102138384109,-401.18609571252034,-0.0,-0.0,-34.1751570502307,-1059.7540278057024,74.74722266598994,-2205.269162798292,-0.0,-0.0,-458.1221825157319,-623.5295230145255,-995.52947263992,178.6131572019144,-2686.089986050219,-1474.677395807877,-1299.9920176517169,-236.11828500351433,-0.0,-395.15099385587166,-0.0,-602.6616331048626,-24.019996208760183,-1386.1258598486097,-515.7644501450792,-1070.3495946699518,-355.3188377452137,-327.2032722716532,-0.0,-1156.5666238606534,-703.233459926252,-1271.737664158214,-0.0,-3355.605767350736,-1385.877781492679,-1278.7054532276618,-828.9525090163934,-1135.5424330886624,3.8627327325056418,-2251.0356152562267,-788.0542183215147,-1242.4217548451497,-1961.71597395895,-313.9431667864688,266.1151970875147,-1096.8237147126158,-0.0,-0.0,-20.181869894441242,-61.48831418237191,-19.20182300688104,-271.30735868444157,-0.0,-0.0,-0.0,-0.0,-0.0,-0.0,-0.0,-0.0,-0.0,-0.0,-1463.1213942488162,-2439.565130145737,-2180.964022522654,-0.0,-0.0,1774.7059168387295,-472.70477140686194,-0.0,-510.3691210518316,-471.3244737592042,-1030.4040861054873,-995.562081449576,-1176.284137026701,-0.0,-660.2240943456899,-425.4697858597102,165.4244158870094,-0.0,869.2115709064003,-0.0,261.19057172291514,-0.0,-331.40044913175484,-0.0,-388.3042961984904,-1210.1133031939146,-2021.39100110235,238.85600539747628,-0.0,-0.0,-0.0,-0.0,-0.0,-364.97369366082717,-85.81912540140422,-0.0,-0.0,-0.0,-564.9515683313517,-0.0,-44.58709648580648,-652.242062276866,-3323.55203632733,-0.0,-1358.466195083973,-0.0,-619.1748142381977,-0.0,-0.0,44.78734618929613,-0.0,-167.76518540240087,-0.0,-0.0,-0.0,-975.7010340917395,-1877.8861372825859,-0.0,203.85608513034757,-2399.885400794332,-0.0,-74.55133076139471,-275.82278420017883,-0.0,-0.0,-1516.857887928272,-0.0,-938.412749687167,-1341.5251382915778,44.32937532116497,-2816.248617426971,-1752.6398236905827,295.6780436095444,-706.624099168506,-0.0,-1059.2205035615114,-0.0,-0.0,-0.0,-3549.022161394234,-872.077098603137,-1574.3658957823077,-0.0,-394.0458812518593,-4.0401992033294105,-1329.9551640705834,-2040.988725982798,77.30515286659761,-3094.7024346833914,-0.0,-1959.4893308325632,-2618.742321005769,-0.0,-0.0,-0.0,-0.0,-2403.183180429398,-164.08516161735733,-1493.0792151527196,-0.0,683.5650607770965,1318.46186643735,-0.0,-0.0,-927.7180412454002,-898.0981465517826,-339.44466323005935,-19.22097374656074,66.68546436428417,-0.0,-1271.918310569023,-0.0,-291.6917030409731,-1039.0766161290064,1381.4510182641438,-0.0,-0.0,-0.0,1021.7672692363997,1035.6069600036797,-769.1326486935069,-0.0,-1377.6569302374248,-0.0,-1136.7363374056204,-721.2205118909447,-0.0,-0.0,-0.0,-0.0,-0.0,-58.61919556240658,-0.0,-0.0,-0.0,-1188.6354991361477,-288.6074548392965,-0.0,-0.0,-0.0,-148.86419807506826,-73.37755656295886,-657.9876038688077,-723.2763546898553,-2486.56321670855,-1127.9973967927363,-1003.060395707594,-0.0,-2768.729649912511,-43.329252839159864,-0.0,-980.5722906689946,-2452.0932926501714,-737.7131784095545,-517.1771011421346,-1308.2805073480563,-273.7409037037556,-681.0166440801573,-793.7953262922499,-1099.5981339264947,-266.0844715268183,-1712.3692549777368,16.593895562173476,-390.1245168397272,-0.0,-0.0,-815.181440522233,-3721.2483259640153,-0.0,-963.4424291636832,-526.4790259944165,-0.0,-368.4732024385002,-568.6408427219933,-788.8519764164583,-252.51032947175773,-0.0,-0.0,-0.0,-0.0,-0.0,-43.86959002030653,-0.0,-696.5101952150033,-0.0,-0.0,-669.0791240181958,-1067.738311812113,-2624.992373401345,-447.7676171598688,-638.2115109877681,-103.1531182950035,-2078.9360991052786,-0.0,-828.2698981744194,-541.6950342138471,-460.4259930953275,-1348.9234822578348,-1018.6967471795887,-1597.3631384302535,15.52092109711802,-418.99608754774965,-0.0,-1116.624330165312,-1099.5202450909176,-141.14369586992171,3.7890925991553868,-2578.53337083752,-1155.8960655656397,-676.9807621339984,-0.0,-719.5598471786161,-752.1613151382826,-547.6522562039484,-2210.254550409163,-3.758599254189565,-0.0,30.85120836852099,-0.0,-0.0,-225.32419280571696,-3905.421207269504,-188.18862515380576,-1609.387418342877,-3485.452135728765,-0.0,-4725.665888902138,-266.32086222471787,-2061.0800033439327,352.90168845883784,-0.0,1636.7421840105415,-880.0533590206852,-0.0,-2071.000962492018,-0.0,-72.66423504882107,-44.16780322382427,-0.0,-0.0,-0.0,42.06470770860414,-0.0,-0.0,-0.0,-617.5189964121201,-1378.1982350668677,-802.0231469278558,-0.0,-3387.552167018269,-0.0,-0.0,-0.0,-254.62460155632525,-370.9325032870007,-0.0,-2273.8744555916924,-0.0,-0.0,-3446.0531023586195,-0.0,-26.344124177733917,7.933943721039029,-469.801430711358,-21.535483197337633,-0.0,-0.0,-246.35374788289468,-0.0,-0.0,-1356.3839793720556,-1270.1361020436527,-1385.9087502835866,-0.0,-313.32692654586106,162.80240178081814,-377.04185305071104,-15403.221625793305,-0.0,-651.327817925309,-1351.2242639787928,-672.063026130591,-0.0,-34.85115418281321,-15.963507429997241,-259.5544427812485,-1074.9693954108955,-0.0,-0.0,-0.0,-521.3799999065822,-2417.8217314207463,-1464.8643285864603,-0.0,-0.0,-0.0,-294.1143769525447,83.47181480305741,-8.514802870668168,-1253.164895960777,-0.0,-0.0,-1023.9603724095198,-0.0,-0.0,-0.0,-2622.5867119485283,-1072.8549325726615,-0.0,-1222.1282829242261,-610.5577963713484,-235.9550106560083,-668.4209084963035,-1154.843212855416,89.6252606115953,-1264.686494477481,-1181.0850738704287,24.883296493878888,-1915.7975451519105,-0.0,-0.0,-0.0,-0.0,-455.61825109675215,-0.0,-0.0,-625.796168740285,-943.9717477317713,-699.7416897217357,-0.0,1613.398637663385,1286.835089589085,1399.8705676763927,-0.0,-0.0,-0.0,-926.2357379963748,-41.107270231327746,-837.751162259748,-78.45664956308924,-630.41587250131,-1792.3191100523838,-1248.451985082407,-2154.2394503475157,-0.0,-0.0,-0.0,-0.0,-471.0445748428587,-790.1262641705703,-1653.6367979971974,-444.20509908291444,-1521.320862794996,-1747.9507923555095,-2173.4341179911594,-0.0,476.5496707733499,-445.5117840034455,-393.7575999672429,-129.57016110253855,-4679.814730388926,-70.29324565128017,-0.0,-893.9638373086096,-1540.740583743469,-0.0,-61.61055692432559,139.73544860732716,-85.57789411482729,-502.63903802683575,-2113.530453048013,-158.77331461709866,-1853.542138302299,-0.0,-1915.4873626837168,-1956.5252184858714,-1328.198708107611,-0.0,-1635.5700829496664,-360.06014799283747,-686.9691526701016,-1133.3479034752356,120.94537589123242,-1810.099790586361,-1390.2450756224234,-0.0,-117.44960349205056,-0.0,-0.0,-0.0,-1080.9201306621233,-639.078062105332,-0.0,-0.0,-0.0,-3455.8900492252537,-1849.095772190666,-0.0,-0.0,-4.055882870908611,-1567.4529451474962,-886.3257250875147,-0.0,-776.9228560943527,-1325.3026995620555,-533.0720804800857,-24.872249692811707,-1034.7832751463925,-7.439446054614332,-1501.658799880587,-1703.707597225768,-0.0,-0.0,-40.54439370984043,-0.0,-0.0,-1306.0000535301976,-85.6354874985097,-504.7326995826242,-0.0,-0.0,-0.0,-886.3182950103966,-317.33178007812575,-112.99668573930676,-469.98516079522454,-246.9266594184437,-2086.2349902453952,-344.38323553107665,-547.1069176255975,-1124.9239976938711,-0.0,-391.75374150784864,-0.0,-2035.4281066449832,-1577.6732685764382,-1627.4429383351157,-416.81008487430574,-253.06678503077381,73.02991201531648,-1013.3514990942351,25.60494484208478,-0.0,-476.0567479022084,-0.0,-0.0,-478.10700061305,-127.86358262742361,-2873.9450953753108,-2998.6502251523707,-555.8456926956496,-0.0,-0.0,-952.1550615360004,294.6150097714592,-0.0,-0.0,-0.0,-1102.5762555813922,-49.78411564905091,-524.1609119238707,-3964.967889986983,-1468.0278713903745,-1173.0588779948778,-434.42516806145113,-188.38742114998666,-1256.6020769920797,-723.4740465553848,-552.4054882705668,-0.0,-695.3858624405615,-664.0067216213905,-1968.402168313808,-0.0,4.439254980917355,-13.268157951129503,-0.0,-0.0,-1786.3525763316543,-0.0,-4011.0957590261355,-1265.571287284283,2409.14171635796,2989.654905030583,-0.0,-0.0,-776.0882117393066,-1074.1557487171162,-599.4231758856217,-349.8386836309172,-3219.80007450179,-661.1697344539666,-0.0,-0.0,-0.0,-1211.6313555817385,-740.9344390143108,-191.53701298801042,-2408.8834234236297,-1213.6021238415296,-28.06509937338054,-429.2287057329304,-1155.5449081987215,-294.10259759404397,-532.7702967960416,-0.0,-66.57993860501098,52.71331009033244,-1007.0858427980738,-160.45527265145145,-0.0,71.78303134569556,125.6266959595721,-188.96903044285656,-1303.644667104596,-2124.346568005845,-61.104772145017684,-917.1404528608068,-1506.131583106888,-0.0,-0.0,-718.9017369008138,-0.0,-0.0,-0.0,-0.0,-705.4950271968613,-23.386406035903654,-1446.4786097448577,-1346.8218431861594,-2516.7079870617135,-1304.478801984312,-0.0,-647.5719312573788,-0.0,-1509.8373465157385,-1791.2999363668516,-1341.851992202777,-1007.5129776631774,-0.0,-2169.9643836012447,-0.0,-0.0,-0.0,-3421.7928685364404,-1246.242564571086,-294.6099184804095,-960.8325399828879,-877.2518826814958,-903.6713657600138,-0.0,-0.0,-0.0,-43.762697504556556,-5126.320052213456,-719.8558746069722,-2089.4522863882185,-3813.3933384660054,-2258.6008255449215,-448.4299427204585,-0.0,-1781.4790666958193,-777.7119702602807,-0.0,-355.4983835980607,-388.47204331333677,-40.037222969311195,-1074.3435447820696,-264.19197268036555,1438.944515832176,-447.9179387378473,-0.0,-0.0,-1028.9790241153212,-877.9277993472157,-2588.7854470903176,-284.339460882352,-0.0,-0.0,-551.8036611133803,-0.0,-0.0,-0.0,-0.0,-1339.9908430679923,-687.8282935465685,-1418.353975527203,-479.1083922545146,-3.8390654499738206,-732.6223041989035,-0.0,-0.0,-0.0,-0.0,-2553.7730821425303,-0.0,-0.0,-0.0,-0.0,-0.0,-0.0,-775.5305096026444,-0.0,-2658.546030571531,-540.449273762942,-234.912009704464,-1285.1705985944002,-0.0,-0.0,-1467.0625831004286,-1428.9524774488066,-3.8153928771818304,-492.5472821694137,-58.14948633894307,-1941.6328278364847,-937.8046671652721,-0.0,-3981.78949869704,-1323.900977462842,-0.0,-0.0,-15.062966555082118,-423.8632149797385,-1224.5848430500066,-0.0,-0.0,-24.54135812814019,-1518.5913985225964,-600.3543442001858,-339.13570976854527,-75.12735467985486,-1895.7096265424584,-0.0,-0.0,-0.0,-0.0,-0.0,-572.7021548844074,-499.13216089623955,-594.5347142530914,-4451.515076143895,-1688.648538612862,-1289.6258677706553,-101.8505243418476,-1123.443023744289,-1129.45740388737,7.6195425023673895,-0.0,-0.0,-0.0,-604.7170348204158,-457.9089458507287,-1822.222552849263,-607.1784477936291,-0.0,-1664.727804337597,-0.0,-712.2612203093246,-0.0,-0.0,-2047.2857356236154,-553.1748096131372,-579.3050178220826,-1495.5126978016935,-123.91599779522217,-12.363733833596044,-721.3513795403919,-1483.1521974696975,-0.0,-468.3248465898516,-1263.0679001307456,-4024.2302112719235,-0.0,-296.88941728186984,-2149.944394637253,-1386.1144855260961,-1316.7771228615218,-514.1818963022171,-1212.6854053790858,-0.0,-352.27452751132745,-0.0,-258.622948530083,745.9827970720405,-0.0,-0.0,1019.3879379765131,-0.0,-2265.9800295066307,-748.1323192852323,-1118.6353467639885,-1202.947828671802,-1547.2167700387724,-375.19379499468056,-148.85960615182807,-0.0,-0.0,-898.8574065857971,-1108.0045998336525,-801.96461546233,-0.0,307.68859606264317,343.1454513015288,-236.95263429149566,-2816.256667035855,-2155.98325788873,-0.0,-0.0,-1455.465576240883,-3975.1153798210294,-2692.098035683973,-528.6986111919772,-1085.6513247430921,-1140.468081944392,-0.0,-220.13954591584937,-0.0,-634.9821304425869,-266.0008312881005,-1687.5563691718828,-2711.470197634784,-327.5031565609375,-541.5637096235378,-4681.659157214766,-1458.1565201757637,-580.0246852746166,-257.1927260258426,-1560.4298526791813,-753.081065497557,-4.0865044848131875,-1607.1862323518683,-1615.25351845507,-0.0,-0.0,-724.8798043610504,-1322.6732873991464,-355.7749807117776,-3.9343326868117012,-0.0,-0.0,-0.0,-0.0,-0.0,-38.44533947747183,-778.675403637448,643.649647061831,-458.81125990283834,-893.7259876984652,-532.7685889591872,-983.9023808317054,-1624.2877669024153,-1229.2401773522067,-1704.9109132990932,-274.9187048207618,-613.1780516367899,-1593.7999041828068,-729.9040317667226,-0.0,2931.4804729779594,-275.2570288783917,-75.41944148295245,-0.0,-1033.6784638520219,-648.2702230561239,-1502.3462121939137,-1848.6889165746336,-2463.7444191442996,-0.0,-0.0,-0.0,-0.0,-1118.5206107262413,-1642.5745901140194,-0.0,-927.6192679858879,-8.156865780996227,-0.0,-0.0,-0.0,-2826.7682711045663,-891.2131232677887,-181.01427559939302,-53.568037859499874,-0.0,-0.0,-1283.8038288685118,-1466.3129014806411,-810.9127498060831,528.4560744345677,32.07817112551695,-0.0,-22.472416428666996,-0.0,-1553.7121249836805,-537.5374158795853,-1404.499805877991,-1690.012650246483,-1756.166043748014,-43.60271679580592,-0.0,-0.0,-2045.6284065099162,-366.73233780560554,-0.0,-0.0,-220.71719220009533,-0.0,-43.79151689044144,-0.0,-1445.366694373474,-823.7350567090209,-0.0,-75.6985832735615,675.1001625332894,-0.0,-204.29838710102172,-2547.8427809388922,-0.0,-0.0,-759.985016294975,15.102514979860052,-0.0,-0.0,-803.9165417965869,-1464.4289076027753,-0.0,-868.7799637821672,-0.0,-1151.1559683903902,1742.014280498148,25.95574100215984,-1735.8237437694697,-1891.7877698302805,1125.329099711244,-0.0,-2343.7967691003296,-787.7526179089468,-981.9603560347127,-0.0,-643.0909432079078,-136.95385605038652,875.6895433391505,-430.97899478909966,-1542.7473318715429,-0.0,-0.0,-0.0,-917.6907708600085,-632.4606117217867,-790.7376640154116,-969.3653786373864,-1166.1969083180388,-28.625039519461495,-1143.0581671042576,-1082.6142836715292,-1360.5091372988304,-0.0,-0.0,-508.70336718828105,765.2386907716988,-6733.906173905907,-0.0,-1272.972526084138,-1962.9306273389905,-928.10955379822,-827.039440620356,-66.30272521113575,-2800.811405941482,-386.58795993592804,-0.0,-1091.6361854964587,-872.126339267358,-666.7043610299102,-0.0,-1523.92996144759,-2002.0732780277347,-29.678952983405875,-1178.2713139057907,-2733.6658548293967,465.0189593931821,-0.0,-437.18851468295117,-164.70898148695824,-1244.4855474060366,-1036.1009302554353,110.774799961531,-124.13041861847368,-872.9040081444001,-496.39343062794677,-561.8795069015439,-692.2570974425195,-560.5544071346532,-0.0,-1405.5822644216948,-0.0,-1186.878759003612,-691.316434564678,-159.77741047053826,-0.0,-1712.516262473805,-4973.905217462226,-0.0,-449.69649635171726,-0.0,-2593.7342931327926,-245.38383595861052,-0.0,-405.3196223712288,-442.10036717596626,-0.0,-2212.247866636963,-1578.168566713695,-0.0,-4347.031382189388,-122.89240297558662,-1321.2003705746502,-1454.7874498772576,-1792.1715223878175,-117.3294473374214,-0.0,-981.3983878196503,-2187.36171132862,-593.0608505105333,-1028.7994008382602,-1118.882725430143,-1812.5384282846703,-2472.500358567369,-990.9729892384688,-1895.2190009493604,63.614553215449924,-0.0,-299.28235565079547,-1292.916743989639,-1099.7631379319494,-0.0,-0.0,-0.0,-430.8142565995332,-506.7710192134037,7.700611664047693,-598.4380162844137,-0.0,-1215.5862545401076,-757.8800449616904,-613.0393544853151,-0.0,-0.0,-297.33385854166573,-1620.0109468848623,-1027.2046756243915,-318.0879994097509,-936.9190117259279,-34.569522132116504,-0.0,-0.0,-3195.9020464767987,-1153.5598612712074,-0.0,-0.0,-0.0,-90.4801996182104,-1086.877276250982,-51.626781785584626,-1833.007083711986,-1778.4915292575893,117.50152602349674,-0.0,-596.5214367667965,-0.0,691.143428834694,-130.86694920088718,-0.0,-1652.1480266317994,-323.27751691614554,-1828.1313791662262,-0.0,-1559.932448576314,-615.4922321143079,-203.22649809141123,-12.708212264093135,-36.9678905489104,-0.0,-0.0,-722.1182183442207,-1331.0348373610345,-0.0,-550.8585135364755,-0.0,-359.6894312744738,-540.1581099727371,-0.0,128.05356150091592,751.2096615555225,713.7494002560263,870.2088593813994,767.1604266063172,811.1410654657845,-0.0,-0.0,-0.0,-0.0,-0.0,85.23084847632184,-0.0,-0.0,-567.8311218622534,-156.18231500358314,-499.2835073579597,-89.84511868961103,-0.0,-949.6656736429126,-1627.6501589990621,-1759.9443280380112,-244.37952049715395,-212.3110652502038,-0.0,-0.0,-655.0058257393009,-0.0,-0.0,-0.0,-0.0,-3012.395886236232,-0.0,-43.94361383309018,919.369575410728,-0.0,-1073.1140866173937,-565.4138848641529,1594.4012623370509,-891.5608890847705,-0.0,-3220.4031362715996,-2094.1129451166476,-204.40341631833994,-862.957108080909,-1349.7489795890083,-565.7634712532599,1202.1836881563315,-78.37634046015678,-590.5822131408378,-0.0,-0.0,-521.6683742345115,-0.0,-794.9935765187156,-0.0,-464.5527911841072,-37.70083908386115,-0.0,-0.0,-1120.9151031104755,-0.0,-0.0,-527.6550506582614,-1285.265017605499,-1872.7216437567847,-0.0,-0.0,-0.0,-1728.4560503612638,-0.0,-1145.901846750859,22.679698722686595,-0.0,-0.0,-1188.010830501789,-907.2011625834156,-1287.1189846718876,-380.61785266276763,-0.0,-1384.7047685703465,-279.8887899027196,-0.0,-0.0,3.9576003264000135,-38.11363278725819,-4628.921774490152,-0.0,-119.09816045478772,-31.4879440468509,430.5541595588652,-85.48813376411321,-993.5548826995123,-902.924941216683,-448.8457136851235,-0.0,-0.0,-1792.7214652864675,-0.0,-0.0,-0.0,-0.0,-0.0,-0.0,-0.0,-168.346341438272,-0.0,-0.0,-1996.7895324364868,-7281.065552992943,-117.8105561938787,35.28580154469805,-449.4075432484087,-710.5286004559463,-113.24000017219828,-4406.7332021241145,-269.89648150202714,-307.78695349176127,-0.0,-0.0,-0.0,-2028.218615536556,-0.0,-38.96207218010863,-0.0,-0.0,-0.0,-486.95024885142544,-11.566862328833652,-276.6702477431109,-1487.224665359464,-643.7972457404256,-74.08001415194941,-2584.5560836849663,-0.0,-86.1685413498286,-2192.6942021896357,-0.0,-1115.5875936021598,-75.96059672935918,-1562.8415532270271,-0.0,-0.0,-1094.2243307273848,-605.7003024389885,-34.76352937035811,-867.0429513777403,-833.5813687186715,-711.4263905777905,-169.4607320507226,-700.6216188848213,-732.5002138408912,-2269.0662268898977,-1027.4269138779302,-0.0,-1567.8948437623121,-366.9285071862395,-688.9224030013198,-0.0,-0.0,-1014.2154025686436,-2359.4464842494417,-843.0872701910486,-0.0,-0.0,-0.0,-4016.5016523049844,-819.1289757013998,-197.1968368354804,-337.4116234243911,-42.81318151295401,-3713.359691992027,-0.0,-0.0,-2287.5995763391456,-859.9661350998226,-0.0,-0.0,-0.0,-84.32863381550267,-0.0,-1900.5532616485425,-1815.8989953849277,-0.0,-336.50469962512483,244.19260668503992,-0.0,-0.0,-0.0,-1015.0461016150459,23.944990891951974,-2440.254388780907,-563.2424251706157,-1137.3004970733048,-686.5861989995872,-3597.652726869524,-1656.7165991542668,216.4653280454631,-0.0,-3141.680755108547,-0.0,-0.0,-0.0,-1286.9865181431894,-759.7430435821278,-1563.0217834403802,-0.0,-0.0,-881.4292824424996,-1519.0498822304617,-686.7752305840957,-497.25958572182697,-0.0,-0.0,-1303.1006720579894,-0.0,-0.0,-0.0,-0.0,-0.0,-0.0,-557.7094273526583,-75.9949775123225,-1339.4869896258806,-0.0,-691.9917286053085,-1218.9278201628247,-34.429672829238775,-0.0,-0.0,-0.0,-0.0,-0.0,-0.0,-0.0,-0.0,-0.0,-0.0,-1165.4760225896755,-1999.4909321115374,-0.0,329.26162859537027,-0.0,-678.544811747212,-100.10249034712066,-0.0,-764.176910598627,-443.3803859334702,-87.78839758532234,-2000.6318059978114,-503.89097812984664,-2892.4118300235605,-177.7948778480413,-2244.933237932271,-1834.838878642398,-902.7599446426717,-4.40929298147716,-0.0,-1129.6105373613439,-2206.1154801171556,-2489.749528134966,-77.65842630854169,-239.69032229816312,-1752.7697383866891,-0.0,-2669.1921715121885,-398.28516064725846,-0.0,-1716.5303080013775,-0.0,-814.7508065610244,-0.0,-2511.826317779464,-0.0,-0.0,-90.21843786020361,-1059.6337285875557,-552.3561793765972,-0.0,-1411.457787394032,78.4885351161189,372.05097351160634,351.8945335636404,-273.93593011797566,-1744.534847667271,-614.1761048746367,-0.0,-0.0,-5401.785787178432,-1132.1114676280088,-0.0,484.4331692941103,-0.0,-1957.1806865505032,-520.1229708658801,-708.2926317417647,-0.0,-0.0,586.7535933976735,-0.0,-888.2497139715404,-1254.29421440655,-1892.2844210314515,-0.0,-613.9927683442818,-3149.127382182813,-1013.3816056813735,-0.0,-1431.3400788220474,-134.58047223421906,-1189.5832345400597,-0.0,-960.1534351221106,-0.0,-0.0,-0.0,-898.5933375214954,-0.0,533.130752062992,-0.0,-389.7826927453768,-761.3235985314953,-445.7043508037604,-1057.4725172783017,-636.7492951418949,-1846.9112680462752,-1230.2232038426318,-0.0,572.1884495389849,-2385.9071600849775,-1627.1209798647124,-713.0058692160823,-0.0,-0.0,-0.0,-149.9927667456807,-1109.4881099739798,-305.1591332744947,-853.9409330866622,-2118.660561067517,-2930.1081695548037,143.95632295184953,817.8859437676605,705.821335377476,-0.0,-0.0,119.62456803155499,-32.125551511553226,9553.835880593311,11211.778158032474,5814.0903148216485,10822.302708059846,10545.94294139724,9688.307364919892,-0.0,-0.0,-0.0,-0.0,-0.0,-1463.4756998957023,-1400.021247994265,-944.7637035133721,-0.0,-2423.1609680470647,-609.4477746543048,-1059.7634815995452,-33.20211704291927,-726.5909167991297,-1391.309449377373,-1093.2337482545422,-1217.1617372305896,-0.0,-3005.908803671326,-1866.1565222488189,-676.8403342338412,-123.40147352553619,-3341.1725193270054,-0.0,-226.89415831562505,-0.0,-11.467404263105488,-0.0,-114.99227625692484,-291.01658558755855,-1104.6161108551025,-849.2004146814486,-0.0,-0.0,-0.0,-2406.0570506392346,-0.0,-0.0,-252.78533428374672,-1021.4091160326611,-1055.278637411723,-87.39628081133861,-1300.9805059200849,-1789.1678976922783,-325.43917675495993,-0.0,-0.0,-115.61100987470445,-1242.4303842383383,-335.1298162247921,-0.0,-5739.738145675832,297.2832879887502,-0.0,-0.0,-0.0,-35.83659740344977,-446.3224755547276,-0.0,-0.0,-1234.8193041287195,-2330.958761332137,-1306.5822535113602,-402.26150027578973,-456.70630113875774,-488.09524092057416,495.75201695318043,-1401.8449905112152,-0.0,-569.5281788939584,-2700.3460345534377,-501.1021816895675,-8.84029802408884,-0.0,-5.457512605502139,-0.0,-0.0,-0.0,-1247.9488903786196,-411.1548138730139,-1407.6541542036957,-0.0,-0.0,-0.0,-265.47877119066015,-530.4610680468646,-1479.2467374153427,-2903.5746788299207,-389.25251270514514,-200.35555964781446,-0.0,862.6309812573787,-0.0,-1195.2212123133404,-164.63104707692926,-0.0,-0.0,1014.9068620851988,-0.0,-1621.1932274304902,-0.0,-0.0,-0.0,-204.96106496480596,-2065.4771874521084,-1711.650484044394,-26.775222055375828,-2373.2333970619243,-1590.0261342293938,-27.17014386567861,-26.741894280467836,-75.2883980382021,-0.0,-0.0,-2101.110298932968,-0.0,-5896.947596744796,-0.0,-1562.422608816994,-270.3290718119305,150.6129808438773,-0.0,-57.91926372090894,-1373.9075567407551,-1550.682493471472,-547.6342518652741,-37.043231016860304,-267.44754643942684,-0.0,-0.0,-0.0,-0.0,-1251.3071903077177,-899.7481598952849,-0.0,-591.4456814998559,-1291.5646767657463,-189.31381438524375,-78.6275415822969,-0.0,-0.0,-0.0,975.8851062813548,-4.12816120159898,-0.0,-533.3834711074312,-880.0232334338313,-1457.841465768772,-0.0,-0.0,-2462.9451888773747,-0.0,-0.0,-0.0,-0.0,-680.7355492391885,1030.771466133827,1094.5925332622687,1247.0060786148733,-0.0,-0.0,-0.0,-608.8885128440413,-0.0,-0.0,-375.89923096754103,-683.3387833235267,-0.0,-191.0156364070963,-1409.2771825350344,-1342.4136609996308,-0.0,-0.0,-0.0,-11.309388510130292,-1503.4374460225583,-3.783634579793429,449.74185088742837,-0.0,-1761.1168039882211,-904.9753578269755,-623.0842323228169,-1721.6009236498942,90.68401689861743,-272.1003465347449,-20.649537298667283,-455.6272546674494,-433.9998246031726,-1113.247098402692,-384.32091307235976,866.4349816471716,-1328.2106546320751,-227.85149855532032,-170.63474096111597,-4076.998846866005,-2486.2076195366712,677.8856559999475,-1011.2113998350827,-192.6580940318647,8.169215962297136,-761.7314811846742,-1071.3357388007287,1883.6749259884373,-664.8813349611427,-700.9927184410432,-719.2393526154488,-0.0,-7033.860157886296,-0.0,-531.7857866951204,-947.364364886968,-673.1743754576878,-944.9166633773106,-1272.1043351689848,-0.0,-991.7519008113036,-165.17819883753555,-85.0749350283948,-7318.981506373669,619.8171759204514,-174.23845681953128,-0.0,-611.7792079975817,-1321.2701482011148,-0.0,-0.0,-511.1036927419387,-1859.2870052385472,-74.92572834517985,-233.97360486958118,-275.33291767074445,-1251.0936542904292,-0.0,-0.0,55.426941682356066,-0.0,-0.0,-1813.1157091063944,-0.0,-1855.4738227789335,-992.6138685150228,-1327.0056669023725,-0.0,-0.0,-538.2717250979914,-919.1715677901898,-132.98217253295215,-0.0,-479.31559835263215,-152.64890004116904,-532.1207925704865,-0.0,-218.68029845248066,-514.7636738049703,-2325.708398370098,-1007.7365996559909,-1447.8200170655593,-0.0,-0.0,-1474.4779512489513,-18.92814298732827,-0.0,-0.0,-1189.2577699384449,-0.0,-0.0,-0.0,-0.0,-0.0,-0.0,-0.0,-0.0,-0.0,-0.0,-111.997445599147,-0.0,-0.0,-0.0,-0.0,-0.0,-0.0,-0.0,-0.0,-0.0,-0.0,-0.0,-327.43712112966205,-0.0,-0.0,-0.0,-0.0,-0.0,-0.0,-0.0,-0.0,-0.0,-0.0,-0.0,-0.0,-0.0,-0.0,-0.0,-0.0,-0.0,-0.0,-0.0,-0.0,-0.0,-0.0,-0.0,-0.0,-0.0,-0.0,-0.0,-0.0,-512.4033280035218,-0.0,-0.0,-0.0,-0.0,-0.0,-0.0,-0.0,-0.0,-0.0,-0.0,-0.0,-0.0,-0.0,-0.0,-0.0,-0.0,-0.0,-0.0,-0.0,-0.0,-0.0,-0.0,-0.0,-0.0,-0.0,-0.0,-0.0,-0.0,-0.0,-0.0,-0.0,-0.0,-0.0,-0.0,-0.0,-0.0,-0.0,-0.0,-0.0,-0.0,-0.0,-0.0,-0.0,-1472.9620724482959,-550.7195873302157,-1922.9381685707403,-0.0,-0.0,-0.0,-0.0,-0.0,-0.0,-0.0,-0.0,-0.0,-0.0,-0.0,-0.0,-0.0,-0.0,-0.0,-0.0,-0.0,-0.0,-0.0,-0.0,-0.0,-0.0,500.1636838062275,-0.0,-0.0,-0.0,-0.0,-0.0,-0.0,-0.0,-0.0,-0.0,-0.0,856.1109415621377,-0.0,-0.0,-0.0,-0.0,-0.0,-0.0,-248.52007741759016,-0.0,-0.0,-0.0,-0.0,-0.0,-0.0,-0.0,-0.0,-0.0,-0.0,-0.0,-0.0,-0.0,-0.0,-0.0,-0.0,-0.0,-0.0,-0.0,-0.0,-0.0,-0.0,-0.0,-0.0,-0.0,-0.0,-0.0,-1046.2382726184483,-0.0,-0.0,-0.0,-0.0,-0.0,-0.0,-0.0,-0.0,-0.0,-0.0,-0.0,-0.0,-0.0,-0.0,-0.0,-0.0,-0.0,-0.0,-0.0,-0.0,-0.0,-0.0,-0.0,-0.0,-0.0,-0.0,-0.0,-0.0,-0.0,-0.0,-0.0,-0.0,-0.0,-0.0,-0.0,-0.0,-0.0,-0.0,-0.0,-0.0,-0.0,-0.0,-0.0,-0.0,-0.0,-0.0,-0.0,-0.0,-780.8265120298278,-0.0,-0.0,-0.0,-0.0,-0.0,-0.0,-0.0,-0.0,-0.0,-0.0,-0.0,-0.0,-0.0,-0.0,-443.81428929748944,-0.0,-0.0,-238.8703150051668,-0.0,-0.0,-0.0,-0.0,-0.0,-0.0,332.4791083095298,-0.0,826.2370647879313,-0.0,-0.0,-0.0,-0.0,-0.0,-0.0,-0.0,-0.0,-0.0,-0.0,-0.0,-0.0,-0.0,-0.0,-0.0,-0.0,-0.0,-0.0,-0.0,-0.0,-0.0,-0.0,-0.0,-0.0,-0.0,-0.0,-0.0,-0.0,-0.0,-0.0,-0.0,-0.0,-135.3905069791936,-0.0,-0.0,-0.0,-0.0,-0.0,-0.0,-0.0,-0.0,-0.0,-0.0,-0.0,-0.0,-0.0,-0.0,-0.0,-0.0,-0.0,-0.0,-0.0,-0.0,-0.0,-0.0,-0.0,-0.0,-0.0,-869.279900708216,-0.0,-0.0,-0.0,-0.0,-0.0,-0.0,-0.0,-0.0,-0.0,-0.0,-0.0,-0.0,-0.0,-0.0,-0.0,-0.0,-0.0,-0.0,-0.0,-0.0,-0.0,-0.0,-0.0,-0.0,-0.0,-0.0,-0.0,-0.0,-0.0,-0.0,-0.0,-0.0,-0.0,-0.0,-0.0,1257.9000364178946,-0.0,-324.46692711175405,-0.0,-0.0,-0.0,-0.0,-0.0,-0.0,-0.0,-0.0,-0.0,-0.0,-0.0,-0.0,-0.0,-0.0,-0.0,-0.0,-0.0,-0.0,-0.0,-0.0,-0.0,-0.0,-0.0,-0.0,-0.0,-0.0,-0.0,-0.0,-0.0,-0.0,211.8841168755917,-0.0,2067.0506942178076,-0.0,-0.0,-0.0,-0.0,-0.0,-0.0,-0.0,-0.0,-0.0,-0.0,-0.0,-0.0,-0.0,-0.0,-0.0,-0.0,-0.0,-0.0,-0.0,-0.0,-0.0,-0.0,-0.0,-0.0,-0.0,-0.0,-0.0,-0.0,-0.0,-0.0,-0.0,-0.0,-0.0,-0.0,-0.0,-0.0,-0.0,-0.0,-2443.9358125265185,-1452.9691656126745,-0.0,-0.0,-0.0,-0.0,-0.0,-0.0,-0.0,-0.0,-0.0,-0.0,-0.0,-0.0,-0.0,-0.0,-0.0,-0.0,-0.0,-0.0,-0.0,-0.0,-0.0,-0.0,-0.0,-0.0,-0.0,-0.0,-0.0,-0.0,-0.0,-0.0,-0.0,-0.0,43.268424301703504,-0.0,-0.0,-0.0,-0.0,-0.0,-0.0,-0.0,-0.0,-0.0,-0.0,-0.0,-0.0,-0.0,-0.0,-0.0,-0.0,-0.0,-0.0,716.1168388272838,-0.0,-0.0,-0.0,-0.0,-0.0,-0.0,-0.0,-0.0,-453.9824850632623,-0.0,-0.0,-0.0,-0.0,-0.0,-0.0,-0.0,-766.6652607479481,-0.0,-0.0,-0.0,-0.0,-0.0,-0.0,-0.0,2242.720658368848,-0.0,-0.0,-0.0,-0.0,-0.0,-0.0,-0.0,-0.0,-0.0,-0.0,-0.0,-832.2101197321813,-0.0,-0.0,-0.0,-0.0,-0.0,-0.0,-0.0,-0.0,-0.0,-0.0,-0.0,-0.0,-0.0,-0.0,-0.0,-0.0,-0.0,-0.0,-0.0,-0.0,-0.0,-0.0,-0.0,-0.0,-0.0,-0.0,-0.0,-0.0,-0.0,-0.0,-0.0,94.89489709436624,-0.0,-0.0,-0.0,-0.0,-0.0,-0.0,-0.0,-0.0,601.3639709501105,-0.0,-0.0,-0.0,-0.0,-0.0,-0.0,-0.0,-372.5638320902103,-0.0,-0.0,-0.0,-0.0,-0.0,-0.0,-0.0,-0.0,-0.0,-79.55630269412708,-0.0,-0.0,-0.0,-0.0,-0.0,-0.0,-0.0,-0.0,-0.0,-0.0,-0.0,-0.0,-0.0,-0.0,-0.0,-0.0,-0.0,-0.0,-0.0,-0.0,-0.0,-0.0,-0.0,-0.0,-0.0,-0.0,-0.0,-1842.609736601983,-0.0,-0.0,-0.0,-0.0,-0.0,-74.88118651247919,-0.0,-0.0,-0.0,-0.0,-0.0,-0.0,-0.0,-0.0,-0.0,-0.0,-0.0,-0.0,-0.0,-0.0,-0.0,-0.0,-0.0,-0.0,-0.0,-0.0,-0.0,-0.0,-0.0,-0.0,-0.0,-0.0,-0.0,-0.0,-0.0,-0.0,-0.0,-0.0,-0.0,-0.0,-0.0,-0.0,-0.0,-0.0,-0.0,-0.0,-0.0,-0.0,-0.0,-0.0,-0.0,-0.0,-0.0,-0.0,-0.0,-0.0,-0.0,-0.0,-0.0,-0.0,-0.0,-0.0,-0.0,-0.0,-0.0,-0.0,-0.0,-0.0,-0.0,-0.0,-0.0,-0.0,-0.0,-0.0,-0.0,-0.0,-0.0,-0.0,-0.0,-0.0,-0.0,-1372.6931154804106,-0.0,-0.0,-0.0,-0.0,-0.0,-0.0,-0.0,-0.0,-0.0,-1934.729228074541,-0.0,-0.0,-0.0,-0.0,-0.0,-0.0,-0.0,-0.0,-0.0,-176.73970201925167,-0.0,-0.0,-0.0,-0.0,-0.0,-0.0,-0.0,-0.0,-0.0,-0.0,-0.0,-0.0,-0.0,-0.0,-0.0,-0.0,-0.0,-0.0,-0.0,-0.0,-0.0,-0.0,-0.0,-0.0,-0.0,390.67238144306964,-0.0,-0.0,-0.0,-0.0,-156.1959898997093,-0.0,-0.0,-0.0,-0.0,-0.0,-0.0,-0.0,-0.0,-0.0,-0.0,-0.0,-0.0,-0.0,-0.0,-0.0,-0.0,-0.0,-0.0,-0.0,-0.0,-0.0,-0.0,-0.0,-0.0,-0.0,-0.0,-0.0,-0.0,-0.0,-0.0,-0.0,-0.0,-0.0,-0.0,-0.0,-0.0,-0.0,-0.0,-0.0,-0.0,-0.0,-0.0,-0.0,-0.0,-0.0,-0.0,-0.0,-0.0,-0.0,-0.0,-0.0,-0.0,-0.0,-0.0,-0.0,-0.0,-0.0,-0.0,-0.0,-0.0,-0.0,-0.0,-0.0,-0.0,-0.0,-0.0,-0.0,-0.0,-0.0,-0.0,-0.0,-0.0,-0.0,-0.0,-0.0,-0.0,-0.0,-0.0,-0.0,-0.0,-0.0,-0.0,-0.0,-0.0,-0.0,-0.0,-0.0,-0.0,-0.0,-0.0,-0.0,-0.0,-0.0,-0.0,-0.0,-0.0,-0.0,-0.0,-0.0,-0.0,-0.0,-0.0,-0.0,-0.0,-0.0,-0.0,-0.0,-0.0,-0.0,-0.0,-0.0,-0.0,-0.0,-0.0,-0.0,-0.0,-0.0,-0.0,-0.0,-0.0,-0.0,-0.0,-0.0,-0.0,-0.0,-0.0,-0.0,-0.0,-0.0,-0.0,-0.0,-0.0,-0.0,-0.0,-0.0,-0.0,-0.0,-0.0,-0.0,-0.0,-5509.077464580922,-53.57096487796428,31608.358016415328,-3548.22922053215,-3943.036649212911,85658.47501910926,-0.0,-6543.336047939664,846.2750020698215,1808.3889760194138,-26040.807933622502,-0.0,-5044.784274720714,-0.0,-0.0,34450.2842564807,-12734.582927499041,3942.962075581165,6424.498157674752,-4633.886480208065,-24896.96288908939,-9490.861102989838,58.06194159156181,-101.74193270985846,-7051.121679849057,-0.0,-13215.977141479432,-20197.216618675706,15822.629632575245,-578.1252250710929,8.267297641455196,46670.52091699039,-3190.8413272404996,-110354.29433954321,-3135.205165851511,-22427.054574364985,-17184.024768015133,-6516.98301154224,-5853.090606960904,-14966.885200240213,11982.308658262218,-2412.3275324342567,-4275.875687154544,-3732.614552900771,-12828.017706894549,7322.895048222059,40060.05816706535,-872.7812430625398,63.30165928473267,20917.62979796896,5720.456157389013,-554.2013251194614,15609.597369238716,8130.344467994081,-5689.656302619766,-7997.436164327814,-4052.638957572468,417.8218627749047,-0.0,-0.0,-280.6964211297331,-8496.278828463035,-3436.536609860661,-3149.6278186215172,-1574.0639567911876,-4809.240739596829,9829.283566848399,4403.325138479399,-8585.187237936238,20943.05337188373,-21315.513805391718,-33894.17864367933,77996.79059479994,-21775.58414712472,-8909.554068517422,-2288.567167204137,-3664.3423597603287,-5753.205268869629,-5638.906463129977,-36502.33730115965,-0.0,-13368.947473353215,-0.0,2998.03412311105,-0.0,-0.0,-13867.05895451995,-1405.4857984732766,-0.0,-0.0,3961.5734320144184,-0.0,-0.0,-0.0,-7367.046480516448,-4564.061941272214,-7579.644506851333,-8815.23948718049,8909.107512196453,-0.0,-29582.432749184867,42041.828522673604,-0.0,-0.0,-18885.2760748224,-11217.8180276604,179.72675692900108,51.53667071346684,-0.0,58489.79969108497,-0.0,-0.0,-0.0,-0.0,53450.661960310055,-1051.746417020115,-0.0,-10142.422420478162,-0.0,-6542.186202409352,-1345.5412198062315,-3479.6139573034234,-16948.90661167388,12301.475117488086,-1454.9114941324565,-8968.380459033946,-0.0,-0.0,-4834.003063195641,-6725.898452973103,-11118.111341071977,55492.07873061592,-0.0,-196.14920643708342,12846.732090470703,3823.1752930044895,-1917.6864421631092,790.4468187153784,5238.752600398943,-3522.6571012790423,-93.19022241469864,-18675.948363421194,469.28792683079297,14294.084143279219,-748.9836373870158,12612.908617355186,52716.63783848471,2806.3743381145564,-71.89141120885404,9238.124163111223,-1923.5564438932483,-8082.999109407089,-9333.827813912007,-17144.2915643377,-0.0,6681.851449951496,17225.017150858235,26378.72361051405,-10846.222542903006,7323.654517688245,9349.59227876206,-9368.388423379676,17547.884807693463,-15422.09421339992,-0.0,4741.664061556424,-12496.205192764342,-19097.452666191897,-7994.402094510453,23552.423787042197,3377.0691531632215,-0.0,-5771.873511572879,-0.0,-2827.770642751772,99.037659041167,-4037.774160862433,-0.0,210.59371099949934,-292.6155433393051,-22160.195082263257,-13970.748839692302,24006.658789530924,-8185.981658227865,3819.348989531495,6595.255868274279,-7630.374519588367,-5375.789943728538,-12133.30869591925,-0.0,-2163.1744704436405,-1738.879297882635,-0.0,1126.6700604225632,-419.7643204030333,-0.0,-0.0,-14053.016649255807,-3115.6865263973623,3110.5887199147783,-4586.962703261691,-0.0,-0.0,-0.0,61441.28064220275,23342.899277507047,-0.0,126.9083962977589,12851.470533119964,-0.0,-4429.483622921828,-2649.277331841918,-0.0,-4268.699784678033,-8117.249934643999,106544.57826371252,-11960.561834376202,-8288.556114807861,-31582.52628133546,-0.0,1512.5942240674135,3293.328132544415,-10215.22277715124,31106.308421104906,-7346.719880123641,-37928.467187758346,-13785.35383712679,-9478.692072086376,-0.0,1418.1398669218522,-4763.219098136718,23382.05390617772,-165.41785078316894,-421.1544990367844,-11175.472532504282,-9481.707050273697,29138.28672150357,-0.0,-2174.4960292849323,835.2029789056669,-0.0,-0.0,-0.0,-0.0,-0.0,-0.0,-0.0,-0.0,-0.0,-0.0,-0.0,-0.0,-0.0,-0.0,-1961.808287089175,-0.0,-0.0,3466.7250412116173,-14235.30467340395,-650.9148435490723,-9423.241275087517,24054.586475007112,9072.336448949416,-4105.264286187886,3504.3624318758702,39277.19932039428,-0.0,-0.0,-4610.188003168524,2890.362912720188,-6993.655826456268,-9588.895482298705,-0.0,-39.15396204967608,9182.342626894351,-5176.8773537296765,-2702.3093172593067,3565.4480281904107,-25969.04270570243,30485.859190943982,-6313.632814696085,-1133.830494492199,14947.377371132427,-0.0,-0.0,-0.0,-0.0,-0.0,-0.0,891.3609495412644,47986.15078158447,-9229.895694750016,-11280.920017016162,-8727.650066538698,-0.0,-9482.877004791106,-13557.127636893883,-0.0,-0.0,-0.0,440.49772316366534,435.9557068452894,746.4718099891655,2653.578335323947,-0.0,3660.0319126270697,862.919948521401,846.0231877085051,750.7450500638478,761.5305535393236,2897.567925791866,1857.3962534572852,2997.8491685841377,2312.722147087162,2737.667929020614,3258.8025140658065,35138.61748949397,38366.03038853255,37881.034737516144,34778.709206148924,9060.322125917897,8760.036748320594,8918.283245717545,9618.563739398985,5591.778571371985,2086.5166514333528,2069.6475200414184,2322.5150669624672,2372.5998866504447,2253.7226071198925,5426.8833209773065,4296.944000329312,1262.4392793010193,1526.5778325694732,652.1273927693259,372.2770511800901,552.584050964344,40800.35380736193,35431.01317284327,39278.048759141755,34551.57248959877,52498.60183390981,56477.03894606575,1325.1000185584294,1166.5876939764366,1214.443959440034,1279.6228370468275,1122.2052843176066,1129.5858695265804,565.9256826669888,55410.10206311144,53032.84566052089,48051.79412648094,2572.829465638496,2939.587896938365,2953.6847074186894,-0.0,7893.794822683783,8768.303419375354,40333.58894732401,35263.402909090364,37207.091136817224,61768.492794583486,62453.414012229696,62253.921182690334,62903.87355155975,2493.3825903475913,2538.5492861314515,4996.879511454614,-0.0,20853.170493262962,20786.59013668381,-0.0,1495.2407576861958,1561.7870037751616,1613.847177121952,1682.4931884244531,1520.9506346849414,1459.5965552873834,34348.07344152153,40638.905652269066,41043.19826096406,38413.006104224594,1161.958390363412,1100.7627328698486,-0.0,-0.0,17353.559361501313,32684.22903234201,37207.277487333085,33936.4188646434,36869.765757353474,-0.0,56448.57939027685,50474.24258304002,971.0182158452371,2063.2981355320426,1963.4233518915846,2106.2586016875302,2206.39605478595,2479.5420765756467,48655.1179177882,53861.858487638754,-0.0,-0.0,17698.50210836129,1057.2426215257774,37086.16471158492,39448.40724982832,38773.83306689154,37059.90963283539,34798.21410302965,35665.73482986299,-0.0,16831.09349830702,10714.361401548635,-0.0,-0.0,1490.2612740674374,1439.4737417866763,756.6440072168442,807.9453464877612,474.2349682946207,438.57833532509414,-0.0,1171.374675934637,1159.12860741764,1027.2948026502586,1193.5511786434515,-0.0,1755.5845930083708,1748.6052696878173,1829.689507143385,2218.546794105137,2194.8933275672803,2248.9644665169976,905.7701592917304,822.9514902385941,894.6482121264714,1404.425279042617,1081.8776309043778,1012.9791596624956,923.8670183913964,1047.834718403759,8275.623428397545,7587.551853453815,248.41814144442128,256.108781799535,3740.064492839923,16829.429981228703,1425.3790334745604,1464.9541268697192,-0.0,-0.0,7540.673516330584,7672.581774569892,8471.435032798141,7775.572387930998,1969.4932203235182,1979.5311541868891,36376.568634407726,36540.62212946348,8258.074201663227,8046.947708603259,-0.0,56061.77432384611,2013.934111365003,2127.2491244743237,1158.35939756234,49134.64282283472,48915.23193209118,54792.6199746919,53941.5839097382,192.8692999561359,59464.31003935252,51964.888144823824,-0.0,-0.0,24345.372936079508,-0.0,1205.147350308184,1108.944651593093,1197.2601511892974,2505.868761826593,8966.937442128652,17085.258894871487,1686.9823187818254,1859.9287097716515,24.496810999648275,717.6106818853477,684.0913987291772,17211.771460082637,1604.5377821206873,-0.0,-0.0,-0.0,1093.5965307074832,-0.0,1204.134961137078,-0.0,5911.420409870793,6198.2582806451555,5473.07190360801,5743.131319271,911.7713216179026,-0.0,848.4854681937618,-0.0,-0.0,964.2430118623937,1113.2097562739027,923.9153919557363,831.4387444858611,866.070430793173,851.7474419497534,1909.309154194026,1847.8053006726009,1660.1402341197604,-0.0,3001.265647782382,2776.1088548723146,2877.8993250161716,3127.697151053525,4724.07943367234,53909.541012327274,49689.628984197436,11882.479495347645,22344.45385021727,17041.22975773395,16874.93470028133,1694.7779597463054,1722.794490737462,852.5744328133028,894.0098700112616,2228.576616603233,-0.0,38136.829423186246,34261.45483296849,1241.6013406154923,1132.4064046270148,1072.9972842194009,5369.619062197263,2959.3456609781297,3264.2010719704094,35397.24861652418,34286.539467510884,36757.67725283041,39099.53521636101,-0.0,-0.0,-0.0,2651.3468811874773,2495.9075207113615,2374.677090138308,10339.260678052398,7850.418229522958,6472.433710086001,2249.9390725966355,2422.118311809097
18,-0.0,-0.0,-677.5233296206413,-2226.2517041948113,-534.6739131598883,-610.1722109397729,-99.35502530818239,-688.0523554889241,-680.3050458751959,-0.0,-1320.4102930371628,-0.0,-0.0,-2859.491480970233,-0.0,-649.6353583506391,-515.6432116473698,-0.0,-44.439246719807954,-256.6336791603376,-325.59260505035866,-830.6921835020963,-875.7058873333366,-723.1064699268161,-2341.233484563253,-680.1360732361062,-0.0,-42.73557337681308,-3034.4782545712665,-1707.0269501519895,-0.0,-0.0,-0.0,-0.0,-0.0,-0.0,106.86478360950817,-213.92178559527045,-1999.28482312295,-1672.2722234228863,-0.0,-0.0,-134.0984991715782,-624.7576722511512,-150.11202930744497,-0.0,712.3220584704488,-1606.0438102736623,-426.52886960973626,-0.0,-0.0,-273.884502773048,-0.0,-12.523332640211263,-2045.9091168204911,-2987.2928916966275,197.84721658233644,-6148.953866854761,-219.6968723997995,-0.0,-1829.0673831918923,-0.0,-787.4448397701832,-2778.899811609902,-532.6822405888514,-528.6951598705318,-43.64528891590506,-2101.8434143803443,-946.2703813752072,-456.98672176937777,-3285.8820116057263,-0.0,-0.0,-2660.1836411938593,-1161.6934598724242,-255.10538404171825,-1712.167126362056,-0.0,-0.0,-1289.3290675052813,-1490.8445842523183,-450.7021033931453,-3738.7887368056736,4.114071286279783,-29.936745313131556,-1910.3566222221216,-0.0,-667.5380587192601,-1137.3417401957072,-9.42208974458522,-0.0,-1343.2987821836814,-91.6245475979581,-774.9490718467525,-2442.93508440829,-39.96273378750268,-2579.648454270345,-409.12029776600406,-1703.2683621927563,-2891.4155022889663,-727.6305233194572,811.2163397938352,-529.3360808848449,-0.0,-1491.7597761716404,-2581.606814298146,-4580.002448354922,-548.1402381801483,-2938.364954831924,-0.0,-1693.2863823521916,-0.0,-0.0,-633.9775810970623,-0.0,-0.0,-657.2775959907248,-79.41075591254022,-1590.5427386441258,-1033.395426159863,-886.5027764897094,254.55578332140175,-536.7411290160721,-361.91400054480334,-206.12474189951243,-8.671817201784092,-683.0312653514104,-556.2685349963981,-818.5188365221842,-0.0,-5148.256965423916,132.6513130049833,-122.93971457018961,-4312.791782341107,-0.0,-1062.6295874232499,-67.71067467761421,-0.0,-338.5698707917306,-0.0,-0.0,-969.9302221542747,-0.0,-659.9856117880985,-1066.1054719011609,-0.0,-1409.3788977433596,-271.13170286077775,-769.1116524619301,-2051.2614660821337,-0.0,-1861.5963780637485,-1136.210144204124,-0.0,-0.0,-0.0,-0.0,730.0417636452033,-0.0,-1906.8301930874952,-2028.6120116886943,14.255224354703339,-0.0,-0.0,-775.8590792503818,-537.6212514483813,-817.0214538285496,-0.0,-451.89875705470763,-3359.8619870964367,-1209.6144528396676,-0.0,-1114.4696369962844,-2616.549309367108,-0.0,-0.0,-0.0,-0.0,-0.0,-0.0,-591.4139788318967,-749.3721126011471,-216.0833954751209,-219.52432479033214,-1291.322910343416,-55.53361121458847,-0.0,-0.0,-727.9439885004335,-0.0,-695.5294536933202,-32.48971670474802,-4.257774350856638,5.658126312789282,-0.0,-0.0,-1124.2645672608653,-527.6518314989308,-495.1876615191294,-0.0,-3202.4519122136912,-2039.163881435765,-1306.6847936555016,-0.0,-0.0,-2159.2136076355314,-1562.9090390308663,-754.2405062594585,-98.21221322439273,-1807.6384424311552,-1397.1952308601997,-0.0,-0.0,-1848.7217694874444,-0.0,-847.9655787358511,-1288.4104985524293,-131.781904998799,-471.81881067821337,-665.2033844137429,-594.3192460599403,-0.0,-1780.8468549972515,-0.0,-2992.6316428319783,-3443.518566561238,-212.67937668215637,-446.54680705045837,-564.7326173914045,-0.0,-332.9258061488253,-282.17666502544404,-0.0,-968.6374726858498,-738.140322429337,-1146.6175892202764,-2039.2552577014246,-1121.390957278916,-2333.898239001005,-2044.2546874359214,-2210.7083446588595,-2295.8366081396953,-1267.663923523503,-2476.4136308201505,-579.237246719378,-574.5342818923865,-0.0,-1355.7908253067933,-1127.8797879445463,-1301.2640541607175,-413.22344066381993,-414.89529445871483,-2135.6966187759217,-851.2301577447573,-410.3031369586431,769.7959001296002,-0.0,1145.534335242234,-1352.0262757473545,-0.0,-0.0,-0.0,-0.0,-0.0,-0.0,-1398.0454095034788,-2614.025976849969,-532.7802433144453,-1101.33350674725,-0.0,-0.0,-1811.3864353782521,-1197.4328872008589,-2354.4371474208997,-0.0,-0.0,-151.72818723592445,-66.57130558792969,-472.6190131276133,-1741.9235864396126,-538.6853578676476,-0.0,-515.3361207407602,-788.280822017943,67.11296157378246,-1352.4427942708555,-1636.4570596531319,-1441.280251246826,-1927.8048850746804,-298.09044011481404,-738.4295958525586,-46.778010637898504,-1979.7550652260768,-0.0,-972.4164405521018,-175.4247041629562,-81.61651982350578,-618.9542371508593,-0.0,-2131.1679925538506,-132.86853472959007,-669.3470724111896,-1933.3033664275472,-1430.006148635013,-0.0,-668.3562648866725,-921.7044633143994,-26.5693788595369,-322.14148095158265,-520.5238055310884,-55.04755657847564,745.3715123105043,-1282.5894918911647,-0.0,-1018.3152013730469,-1442.2406827240266,-0.0,-538.6599458858657,-0.0,-1443.4230532680772,-0.0,-0.0,-0.0,-1344.8680172381469,-751.0028635206926,-469.9136518448675,-0.0,-1831.446605592505,-3327.6312377232484,-3474.424226818041,-0.0,-402.5058547497214,-0.0,-325.1041247003171,-130.87669619908783,255.90200990784464,-588.3956719769942,-0.0,-751.9145256509919,-1037.210915342426,-339.3222226419254,-641.3027451974987,-0.0,-501.0377111016013,-930.6372528356267,-561.6371560385949,28.46856191504418,-2545.1757902362515,-0.0,-0.0,-1670.6677535108713,-244.4711487997923,-1361.452947429966,-101.50038159160704,-137.46868124285498,-261.75447642292386,-642.1832284320525,-1015.2598515501192,-1472.9292927701417,-2537.148904636421,-0.0,-0.0,-409.8496876057383,5444.194629429909,4.72353364761771,-0.0,-0.0,-0.0,-0.0,-2763.12302520962,-490.27051844449835,-0.0,-1030.877615576895,-1060.403300538009,-704.3511462427613,-2439.4634839441123,-262.8338172474203,-1296.3008890372212,-0.0,-0.0,-2199.248772217248,-786.5249117022576,-2076.6085284273136,-840.7120485640415,-821.0044560540682,-2074.1571798545197,-215.91238149303473,-1995.6270346879792,-1300.646870398227,-32.1688465523541,-1007.8629961906802,-1290.1740194116107,-236.09904470652307,-277.00368965627536,-1959.9118698933653,-0.0,-584.572733680663,-268.71840553943133,-33.285637588896904,-878.9589193556797,-206.46716179967365,-905.5272773492412,-958.1178942587696,-1331.2250355299877,-237.61047199672726,-2713.5932679443986,-68.6791624933602,-556.7001918789844,-0.0,-975.0619431947235,-697.7174433673628,-1124.9693497364883,-1273.9492691626479,15.939122974194527,-409.3543145234654,-3092.109308875896,-865.3245829290828,-401.28902932503604,-1264.8136249485192,183.03542163289526,-0.0,-0.0,-0.0,-0.0,-0.0,-0.0,-13.57192757927479,-174.3695565676881,-2730.4143977574936,-4903.146196072995,-618.308221810577,-1204.0662381107713,-154.60526399903048,-630.9715598835559,-1583.7659881978416,-1237.1798392067883,-44.06319341101527,-514.0172700192657,-598.3381516814816,-0.0,-111.815406677858,-1308.7080809125073,-586.825890117214,-0.0,-1126.992467626262,-0.0,820.2915658053997,-0.0,-0.0,-0.0,-46.29406119586005,-0.0,-0.0,-1111.6308329767874,-457.2703576261513,-1357.0017324133398,-0.0,-0.0,-0.0,-889.3149759095339,-566.2670009951398,-1466.8118399459497,37.04297068748028,289.0274165072584,-0.0,-0.0,-3326.991533306951,-1333.3318704054327,26.210338388975043,-55.24226081891467,13.788020785903043,-22213.692236259627,-23085.87844578634,-2750.7877909304434,-0.0,-0.0,-0.0,-0.0,-477.53726565926667,-0.0,-0.0,-632.0262527077014,-2650.653338809031,-2253.17865783668,-1634.387045066485,-364.33507308004397,-1912.613720941605,-31.355749396786468,-1381.0114713890944,1112.5599969559296,-8.401310208648992,-1126.0299578190466,4.120813178621632,-0.0,-0.0,-0.0,-0.0,-180.72459377094953,-0.0,-0.0,-0.0,-1010.917128244077,-1599.7119542946086,-0.0,-0.0,-275.17379376096494,-2425.4030492845222,-0.0,-1641.203242229643,-1870.6165898175836,-2079.4951632435573,-0.0,-0.0,-120.7805000825672,-89.60910199655932,-1255.7456623688429,-1682.9866755239464,-632.7552151688802,-1376.4985518010847,-1295.487066250605,-0.0,-0.0,-0.0,-0.0,-471.65927041694334,-251.7046643249217,-0.0,-0.0,-112.20492376073929,233.02338776866205,-0.0,-1257.7131088078397,-1156.4473721120635,-1101.3318589500361,-0.0,-0.0,-785.1787186117897,-1409.2523279948862,-783.7029290757803,-474.8813802630972,-0.0,-2543.420743730694,-2376.5154139735496,-0.0,-0.0,-0.0,-0.0,-0.0,-1491.6352015512673,-0.0,-2147.33909339082,-1490.2316874422877,-80.03623598338365,-0.0,-0.0,-0.0,-2881.280522571737,-1616.3825412949163,-691.3715546689571,-533.1626001075799,-1170.9694771717354,-827.4988150232831,-0.0,-0.0,-759.6538730474232,-1606.9751245868995,-81.50068818644942,-507.9678098015999,-0.0,-896.4093437664294,-718.855696937411,-1685.0210698172116,-0.0,-340.4307143866549,-136.75696492448134,-353.5745669284383,-1708.874098121387,-351.1620855880695,-0.0,-0.0,-0.0,-0.0,130.6401273617988,-185.4630317848549,-910.2493234859123,-1437.8640607947216,-1291.8179648988014,-540.7650686125482,-644.1076371908634,-6147.827211965481,-1059.313109940701,-698.9084277543436,-0.0,-0.0,-0.0,-292.98580335834635,-392.8024074389298,-1412.0402166459473,-361.9499260661485,-0.0,34.38465669835997,-0.0,-0.0,-0.0,-0.0,-0.0,-0.0,-0.0,-105.40871556345172,1575.4107251185885,-0.0,-1710.349251190191,-735.385151339008,-478.19664590198664,-1734.6797240434425,-0.0,-0.0,-647.8861870118168,-778.3469008057255,-148.553998647621,-134.16558153437063,-149.45577953892035,-601.6363271654919,-160.3208022477565,-2269.9814284903755,-425.8293125519368,-463.74785567784977,-0.0,-0.0,-1573.6178127788176,-3099.3156736651813,31.199272804140428,-581.4088003180109,-370.8420473088095,-973.5946263973868,-1231.930436162317,-884.371637895987,-325.3396770031489,-167.14445274380768,-1598.310359338589,-0.0,-0.0,-0.0,-0.0,-0.0,7947.70396770136,-94.43781818043286,-605.4309440743008,-674.2130347291051,-1170.1396846307237,-1466.0200306536685,-1407.2451367245342,-1875.7142074353023,-2419.026862678627,-512.420016053921,-0.0,-0.0,-1721.0978828854757,-0.0,-0.0,-297.9234537360356,-1957.141378233279,-1500.6617422308145,-540.4828137341754,-72.00628116711988,-2043.7759182259513,-0.0,-1551.6809768312326,-0.0,-0.0,-0.0,-0.0,-0.0,-0.0,-616.2772239406972,-1398.5779736065153,-1129.9832195032868,-108.13316691789439,-279.5790328032446,-653.8361572732554,59.80962426192724,-0.0,-0.0,-623.1100433084802,-660.146482674184,-4208.437410675864,-0.0,-1638.656657634462,279.69525548887873,141.24673244163722,-0.0,128.52512016240516,-198.72435688494744,-175.85792073675722,-534.0069686763683,-0.0,-2091.4679321394,-0.0,-0.0,-1258.3578629557849,-0.0,2640.7124835685377,2517.185447291358,2495.880211727623,-0.0,-0.0,-2010.8971530300998,-0.0,-0.0,-399.8421442864761,-1056.3348720530435,-881.0672426645846,-1145.3369097836924,-1357.1146885002304,-0.0,-0.0,-0.0,-0.0,-677.1794552186112,8.33650932447461,-64.69615366336036,-1367.2460615802217,-1133.039030371275,-452.1106369394753,-1624.775131891712,-0.0,-2319.082160659741,-1405.1843035119518,-1607.4062923818324,-450.75128770699064,-422.732543551401,-0.0,-1334.8360053603296,-862.9548490024526,-1076.660849753709,-2107.1105625107507,-614.3578258996214,1117.7506471678487,522.5838266398644,-392.4649919293598,-1246.7513510059996,-0.0,-1860.2879655573306,-3438.3737589482257,-533.8878566737592,-512.6648185690776,-0.0,-0.0,-0.0,217.4889511000181,-396.2896660795228,-507.4656494553374,-167.25850643252625,-578.8335697223521,-587.0892950730963,-0.0,-453.8972352129656,-995.3108697376668,-769.1582613077616,-0.0,-2328.994314174735,-5345.617416519581,-0.0,-0.0,755.721996619877,651.6341490125801,-0.0,-0.0,-750.7071573939498,-931.1460059583098,-367.4659999153236,-754.9835791721032,-0.0,-0.0,-0.0,-0.0,-0.0,-2857.6474942627246,-438.2156281788494,-1950.6453476123947,-1126.5774646250184,-0.0,-417.9379525511214,-508.64266810779446,-0.0,-255.32181705712514,-903.8992735387727,-1262.8870263780502,-4833.36937808867,-85.37552396668826,-0.0,-0.0,381.13099720836556,991.4251979568193,-0.0,-0.0,-421.9765786383476,-0.0,-0.0,-0.0,-2781.6634301639297,-0.0,-603.5014891624044,-0.0,-0.0,1968.1116461424608,2258.552762150577,2005.2829699347838,-0.0,-0.0,-452.037398730677,908.9473578168175,-2479.38853086623,27.879873008560605,89.13561053050101,-2843.8799641220994,-113.50741411487668,-198.59759319246683,-645.6738073311424,963.8181232276124,4082.91670807282,-3386.8821080259586,-0.0,-0.0,-1116.3239040322662,-1862.0567504779942,-1330.192115445423,-295.3137934708327,-49.15916971337982,-0.0,-0.0,-0.0,-0.0,-2205.7490855467513,341.86658994285375,-0.0,-4.357695625797334,-0.0,-1659.6070454849062,-2123.266410627235,203.43166755232463,-0.0,-0.0,-409.62743757429524,-0.0,-2029.263143745731,-97.0870883028091,-1098.558895846854,-451.85721833901783,-1335.8934469097333,-831.9183650530275,-1278.224398470547,-678.5353645791603,-0.0,-0.0,-0.0,-134.1617214047709,-0.0,-0.0,-286.4957047468433,-483.00366827995094,-797.915719881836,-0.0,-1841.00506177331,-1158.50441470596,-986.9970527779137,-8.960343110391687,-7.915649597627107,339.51818252181556,40.56612612092611,-0.0,-0.0,-13.45538203612518,-1849.6383760784274,-747.2871334204298,-924.9498489852974,116.17248176010652,-2353.9236097093944,-2137.2369663277177,-1094.523275182727,-1058.448775372602,-43.91082862435811,-608.5588065333483,-796.1732689171804,-1424.9628206490486,-2265.227437654676,-0.0,-2003.9668161238324,-165.30955246863127,-0.0,-2731.553708772992,-3021.438562368295,-2402.9253884133705,1905.1049975097108,-0.0,-1688.6756296029275,-236.9936247024908,-1393.8089732084281,-738.2017719280987,-145.54589894041325,-2270.4076952909154,105.25339415605738,1714.7114898769094,-0.0,-207.65499603290522,-442.73667387346114,-1211.952863722557,-1148.726966849257,-1871.3554777418897,-4446.916339711405,-0.0,-655.1632443184966,-1557.801365637696,-809.9062563715947,-250.15742552151787,-30.09765793681132,-302.45394234716366,-0.0,-0.0,-0.0,-0.0,-371.7649119847857,-1454.6732640430018,-980.7247413080539,-70.68220076272308,-545.4284733748158,183.68551056484037,-0.0,-0.0,-1100.1047365994013,-566.6773579461088,-0.0,-2257.531156303146,-103.89556382548741,-1374.2050731730988,-0.0,-221.14461308622953,-201.72313815548904,-0.0,-0.0,-504.5693752044802,-0.0,-0.0,-4743.712755343627,-229.4598454670211,-2346.712175126543,-0.0,-0.0,-112.146516873562,-1520.540014181899,-757.889016311714,-447.0757859142289,-1480.1523574021567,-0.0,-819.5683965362113,-0.0,-561.1208180214159,-0.0,-0.0,-234.10002558217676,-102.40156211715146,12.522427238068238,-370.81717352678686,-1584.3983251533368,-2141.1265813545638,-0.0,-0.0,-0.0,-25.032555212320467,-459.9364376979344,-0.0,-1795.9929199119551,-2710.776259930047,-0.0,-0.0,-74.04613412776708,-1497.179747522597,131.36473943436474,-0.0,-0.0,-0.0,-0.0,-581.5772793404752,-2656.8601555601304,-252.04605641758445,-1312.9847510608172,-0.0,-0.0,-803.2140784836146,-569.4076370822697,-367.87119724454044,41.60429985174896,-0.0,-0.0,-0.0,-958.1501794879176,-714.730879804177,-574.0003097207731,-352.35989612012276,-0.0,-0.0,-0.0,-0.0,-2377.381179209228,-90.96139376869341,-24.663373189604748,-0.0,-0.0,-742.0380220049236,-465.95863554302315,-0.0,-2124.415911847967,-4849.813677214741,126.08498441929795,-1357.6523483787496,-0.0,-0.0,76.86835828103737,-475.0604483199653,-1843.0847829096726,-570.5229027176836,-2866.991549500863,-1508.0168744594398,-850.5693823153749,-1758.2551400407926,-0.0,-0.0,-0.0,-41.54398000186171,-1254.068965046262,-0.0,-0.0,-3220.4151369839738,-94.99573960203469,-1649.954564788294,-852.4976840234019,-0.0,-0.0,-0.0,-0.0,-0.0,-0.0,-772.2711351783063,-0.0,-1891.7459926763302,-0.0,62.89337854791768,-1468.7669545779597,-0.0,-0.0,-0.0,-2621.569993240319,-0.0,-0.0,-590.266600892874,-0.0,-0.0,-1217.3328790695007,-643.177637779071,-0.0,-0.0,-182.04659077460633,-2312.026125904021,-0.0,-1115.5265881043085,-873.7525719175634,884.6284307266519,-200.4427953735206,-0.0,-622.8697134356631,-2.7395908073206434,-0.0,-25.000207832138603,-0.0,-400.49307323208194,-0.0,-0.0,-0.0,-0.0,768.0446817649564,729.9622457492844,-1010.6825887609864,-1850.0332059312434,-0.0,86.43869079668218,-4.5630015559859585,-79.7547693403714,-966.7466270657706,141.01889326983857,-547.415664534126,-422.93986262317674,-185.6168952438639,-3921.2799823078876,-0.0,-265.91081581457377,-1944.8071549992912,-2651.2894299683603,-0.0,-1331.4279513494664,-1633.7490352031919,-2305.8468963102714,-813.5511687937221,-0.0,-940.6964383651002,-784.7979303062352,-854.0913649272114,-1467.8842338712113,-1132.5269615562675,-0.0,-136.4302649330749,-1207.7223172968454,-0.0,1186.5096855082156,-485.9562724923178,796.2665971652578,-0.0,-0.0,-112.56219933897566,-39.132460104176836,-2484.6374932452486,-1107.1152059201977,-0.0,-940.1274018440753,-3197.758737675424,-963.0129503547113,-990.9165955907231,-1359.9176003383168,-444.021913430038,11.738304893852618,-43.519069855214404,-0.0,-0.0,-1019.6080554257123,-91.2997699103293,-0.0,-0.0,-2166.932071371354,-831.3273253461407,-716.6321826146805,-1998.6596344055329,-102.70658499401357,-21.551361726605325,-2704.433958615529,-922.000804527207,-626.7484789922089,-1085.4499207821304,-0.0,-2465.519365460863,-465.8000434843708,-1333.9202198842113,-1532.4245286647576,-358.07055053647827,-582.949230665066,-1850.2152403735251,-463.081001519433,-0.0,-0.0,-0.0,-1443.2149178720583,-0.0,-3432.9250362970183,-1395.923095456288,-1628.8285865710088,-0.0,-0.0,-0.0,-0.0,-0.0,-137.75594078962743,-0.0,-275.55506416280946,-1018.33955108666,-422.73732972556115,-0.0,-0.0,11.976619471831079,-0.0,-0.0,44.18214160293668,-278.8967463019141,-0.0,-554.3471541047626,-0.0,-0.0,-94.98678092461215,-12.500467029845042,-3023.4878452017906,-2399.113365943909,46.809798724437094,-7884.997375013153,-948.5167197644406,-693.0883767117929,-0.0,-953.4905827095292,-1674.342617138626,-0.0,-0.0,-0.0,30.62422136017344,-0.0,-1506.8531465537212,-0.0,-1528.9896004271304,-0.0,-0.0,-2379.564399186769,-419.94901769126244,-785.1190348032706,-0.0,-0.0,-0.0,-0.0,-295.722773120864,-793.5784836743256,1522.9264148331563,1034.9137648202484,-842.1266564680604,-9.336545041195738,-0.0,-357.23284815713265,-355.38354360115795,-1909.886860316054,-510.3456291888455,-131.86645888396345,-1176.9317028918963,-1644.7362102252753,-1026.835130207676,-756.6917072184027,-0.0,-0.0,-0.0,-87.18213738476148,-0.0,-1865.0492016661763,-649.4241210850297,-0.0,-2005.965770906514,-1311.2140516783668,-0.0,-0.0,-0.0,-0.0,-0.0,-1207.0385766706797,-0.0,-306.45835749440045,-2011.0998788595302,-0.0,-1178.1760708179295,-0.0,-0.0,-0.0,-2590.9941986593844,-1424.6804052107877,-1136.0253786429557,-2861.808473909864,-0.0,-0.0,-0.0,-86.50024143896196,-545.2257342048732,4.145233842550118,-476.04311270692205,-324.60911119432063,-0.0,-0.0,-352.5282918123378,-1518.0368772478125,-4215.5417503955905,-0.0,-443.01916455822055,-1443.9684608363693,-440.9577734756455,-524.1380550505908,-0.0,-0.0,-0.0,-2019.3722846398039,-2085.9123058230925,-46.08007492947897,-1857.2448666988269,-557.3805698184071,-378.59460604275864,-9.36869621815517,-1256.0289030344513,-0.0,-2191.182310795818,-0.0,-547.9681315703299,-0.0,87.50071554141232,-0.0,-0.0,-585.2481771462801,-879.4224675897281,-8.348737269255068,-0.0,1377.6402133896656,-0.0,-0.0,-1959.844857601509,-1482.0483718745738,-1222.0614287717171,-0.0,-394.30018754887277,-677.8434588108331,-1583.711482013234,-0.0,-0.0,119.31825710260978,-759.3097558653441,-0.0,-0.0,4.077055929087799,726.720278967491,12.758506363669719,-1590.959339936497,-0.0,-0.0,-1916.5374948093279,-1821.6771188851128,-88.91442629661877,-0.0,-180.8380237361549,-799.706708241289,-1211.6131893209636,-1762.332005651892,-0.0,-975.5566112390845,-6.927016344338602,-0.0,-1781.1724286424017,-0.0,-0.0,-0.0,-0.0,-643.7216814596144,3.961914457788702,-17.598447398073642,-0.0,-0.0,-624.4809471116605,-0.0,-0.0,819.72911910239,-1121.5002294798114,-56.70246167857141,-2138.3448022967304,-0.0,-0.0,-702.0046645468855,-0.0,-297.7065212617749,-1243.8752432882068,-1091.7046823400367,-1218.4457919709416,-0.0,-0.0,1571.507777823098,-0.0,1094.354319548466,990.8351028498049,-44.46509514763875,-916.525725818669,-0.0,-0.0,-111.83444976245774,234.91991137577227,-873.1280203343987,-403.6881229235268,-1139.0948253678434,-2896.316916975613,-2084.866533949798,-0.0,-0.0,-290.30885671028307,-5586.116252015723,-660.2022848155924,-596.0472237165244,-0.0,-0.0,-648.4000502537394,-0.0,-1122.757250410986,-1392.3853349644867,-829.6051192269003,-0.0,-0.0,-61.13830145650552,-0.0,-181.43669404927246,-1528.4713568091056,36.34710307780548,-700.8192311483954,-479.0723516472597,-267.4024236524548,-699.8964349141194,-2472.911530221663,-18.0079700190222,-1283.5120232310037,49.44482770289339,-1069.8388206400446,-333.7872996699469,-0.0,-0.0,-247.71534562888942,-0.0,-0.0,-1766.2025561038204,-698.2369252646989,-0.0,-915.5306284153006,-547.1871904806853,-0.0,-0.0,-1531.5301108431102,-872.0121756349938,-1640.0982388967304,-1459.2982457589894,-0.0,-114.50964562751267,-3316.824666938527,-1139.1700888432538,-297.77938748919007,1714.890666058219,-1962.743723524407,-1334.4562955875886,4.505368298525958,-944.5492091437068,9.470262324855915,-1943.0732553895725,-0.0,-3988.8844918982027,-872.9525868352998,-0.0,-1684.936760892576,-1572.4162300950275,-0.0,-204.6718444074423,-968.9444008063219,-1273.9649312442468,-1507.0445663173168,-814.5780392513502,-561.2088894920229,-565.5062432934903,-0.0,-158.7352959444971,-0.0,-2630.265037131958,15.967990245493628,-3755.6742345323387,-874.1055649498011,-44.080381105568506,-39.028945298046125,-1485.0428616166055,-884.9697396095626,-0.0,-453.3323739539584,-0.0,-0.0,-834.0294593949875,-0.0,-0.0,-0.0,-0.0,-0.0,-0.0,-0.0,-807.9483659219253,-518.0119002809938,-2921.0441943779047,-2571.762656069839,-0.0,-0.0,-1233.4468125506696,-2126.8846213198162,-537.2437245269226,-196.78458081267604,27.22629280075875,-0.0,-1466.5924178755326,-0.0,-2566.4186361915995,-0.0,-0.0,-0.0,-0.0,-2042.4966625614352,-242.479088720884,-483.59951949188815,-1162.1330390792054,-1435.9566634661314,-1165.8127813482834,-791.7814084254852,-1275.9605818011441,-0.0,-0.0,-0.0,-0.0,-625.6477101289078,-456.686950201705,-1467.7869957692137,-0.0,-750.9140578513537,-6750.589376083472,-649.7664138114226,-850.1153004136394,-3072.370559281956,-868.2757925684122,-0.0,-563.7832378364169,-600.5754609472845,-1213.2448736307856,-636.6503499857005,-1580.8816513593058,-1815.0973097972349,-0.0,-0.0,-0.0,-0.0,-1709.779073403088,8779.742178568296,7179.195059234903,-0.0,-0.0,-0.0,-0.0,-2179.901936672921,-1230.9487794513386,-91.88445690322338,-1505.4475993782648,-865.423106976256,-0.0,-0.0,-0.0,-0.0,-777.0954385487648,-0.0,-1994.0100643826815,-253.1296267673969,-0.0,-0.0,-0.0,-0.0,-139.4911990014773,-560.2177942664739,-425.23326735209343,-923.7965277223498,-1234.593863085534,-1194.7071272977705,-1169.0664489839546,-317.58987940441347,-1595.0607444255247,-1539.4785541137846,-1230.8710124552867,-1629.7312567714737,-41.23182610870598,-1280.6168968768359,-1083.0625464685481,-989.6127390362356,-1657.9627629948689,-366.44410810121826,-2370.8521582990343,-1600.7063973431532,-2007.9286500182836,-632.7463597046518,-584.8385434680257,-1128.3298885575591,-0.0,-1133.531271829933,-0.0,-3563.696642705403,-834.4762392727647,-292.3258638058702,-1995.9084958117232,-1606.4458292830275,-1209.6623973239516,-0.0,-0.0,-0.0,-0.0,-869.1145562111786,-3821.5489064248536,-1795.605186481949,-0.0,-0.0,-1207.4480243294797,-0.0,-0.0,-1283.370904386225,-552.115310717305,-1157.4991789912108,-600.0359690847771,561.1107736606922,-1157.1107822291053,-611.9425999103934,-1632.913596654822,-0.0,1473.5899256875111,-0.0,-0.0,-1223.4398517100146,-5866.550028888995,-0.0,1765.0008590250804,373.5481715773401,-931.8655661574613,-245.89456276836196,-0.0,-1876.4930110398047,-1058.9160615339747,-2312.9299447065127,-2209.410364722947,-390.0175434308032,-0.0,-487.88168147132785,-172.72951807806174,-0.0,-1049.8349225857085,-0.0,-1884.0443291593388,-2354.5236381225745,67.18542901639299,-2531.5959936084378,-2113.7173819520403,-0.0,-582.3441561146795,-1442.1073817004833,-2043.895124522941,-0.0,-408.4389401971469,-2534.7027178437447,-943.9468897346719,-868.0014137356784,-973.175236855464,-458.92500939454936,-924.3584358259048,-1646.246574551888,-0.0,-1024.9353451014033,130.6783647468731,-1506.1112576855564,-0.0,-611.7281752082766,110.6587400572053,-968.9138924597648,-650.4192824760066,-0.0,-626.4430739164956,-473.90767088525314,-1771.766082240067,-1318.3035615806114,-1698.09579893271,-913.8492695454411,-830.6621728839108,-976.1845986072954,-2286.3755403341015,-24.143398547012456,-0.0,-569.8945107227922,-653.6246387430989,-1449.642927909591,-2173.185855316629,-333.4653239862798,-772.007266803786,68.0294047532167,-909.0720578469094,-1320.3637914812502,-841.2700126192076,-0.0,-1073.3347936343619,-59.29917251990032,-2620.0187257955918,-0.0,-444.1342945250791,-835.9792056129671,-591.832267683265,-2445.365407378921,-179.8222272681672,-1625.1931597145096,-742.3717587241117,-2723.634964415416,-0.0,356.701216651748,-0.0,-0.0,-339.3946449270409,-0.0,-0.0,-3849.4563839252446,-28.48529652698462,-39.417170350348755,109.6781731410725,-1408.6942496665088,-0.0,-0.0,-0.0,-0.0,-0.0,-29.723670233039385,-0.0,-373.96113274104215,-0.0,-310.3690529087135,-2052.3408983314034,592.3018404066099,-3129.344497472644,-0.0,-0.0,-0.0,-0.0,-0.0,-0.0,-0.0,-0.0,-0.0,-2735.0199004756864,-0.0,-2858.017526361576,-3326.8844934973804,-40.73981521300329,-0.0,-0.0,-0.0,-0.0,-959.6533243558757,-1162.5209355497486,-0.0,169.08736123638388,-590.8437155555786,-2286.265534965772,-691.9020121499165,-0.0,-564.507627942749,-1227.006861389451,-0.0,-0.0,-659.4658115021895,-974.4214633967805,765.9218457985071,-517.1945270923293,28.918397386118713,31.34025368267948,-0.0,-0.0,-0.0,1651.3611035542965,1477.5983319300515,1732.1440281986213,-0.0,-0.0,-0.0,-839.9288447273169,-0.0,-0.0,-1012.3342795485264,-81.72557030379028,-496.43920908378374,-59.87814256380545,-1095.749992001289,-848.2402574565644,-1531.021111503788,-152.40041210061582,-296.0363411392882,-1311.9882521923087,-0.0,-2287.8725526640237,-17.09267451081917,-1011.1786954711948,-979.4125742142656,-17.451351617758874,-0.0,-1383.9199252147805,63.445390272702696,-0.0,-0.0,-0.0,-0.0,-0.0,-1464.3739475214081,-3276.7879164998585,-0.0,-685.7114605622049,-64.9651705283098,-0.0,-0.0,-0.0,-440.4987187917939,-31.838970338321413,-0.0,-1385.314378979758,-839.6843204405462,-0.0,-0.0,-568.9015198404404,-0.0,-0.0,-1735.6352499350048,-1464.8852269771999,-0.0,-869.4161183572909,-2227.2005287017937,-97.92818374369742,-0.0,-0.0,-310.76632037199937,-827.3427676255701,-247.43239031935903,-209.36067798594814,-173.6262094760735,-0.0,-0.0,-0.0,-1432.5788294072147,-1051.5505143422845,-2068.8750136249478,-289.5534763460096,-1413.963349632279,-131.7869037925722,-174.19776576449948,-510.8350970770562,-2100.4517735386585,-0.0,-0.0,-1839.5121919590938,-2006.7902217389146,-0.0,-0.0,-0.0,-575.3087807555551,-2455.149704371862,-3619.1970281544786,-0.0,56.27684763443953,-187.84053596212368,-730.9195697502529,-717.5764705375816,-2168.775317397519,-0.0,-1572.1456840979022,50.16119980924964,8.576471905367905,-325.63393853522666,-0.0,90.08212231963519,-299.8144092132599,-451.3485401096777,8.25324832270969,-0.0,-0.0,-701.545243153917,-13.833544016877152,-0.0,-1419.973860351147,-1032.709447234335,-1306.3193001962693,-847.428755057848,-1221.6847833019076,-1848.5707295027591,-0.0,-0.0,-0.0,-0.0,-0.0,-371.20802179479455,-696.5476696814453,-1340.465750268649,-1627.3971418603508,712.3729814260797,-1549.7165399633584,1768.5373414904868,-0.0,-2206.4662094968526,-1773.2655042202225,-883.960372886231,-32.55857660090388,-129.47229812763555,-2348.792360064976,-240.96025488534286,-0.0,159.69548165822556,-953.9935599656758,-0.0,-0.0,-640.1806897687001,-438.9646596429995,-415.633765748007,-1315.419739240777,-1779.8330998990173,-0.0,-1591.8954526780944,-1202.5480629918143,-4385.872137688748,722.016439174274,591.2755106931842,717.5681903812931,742.8837231871886,-0.0,-0.0,-0.0,-0.0,-0.0,-0.0,-0.0,-0.0,-631.7800072036144,-0.0,-56.16897228586886,-41.07812835248283,-0.0,-1384.6905166951133,-1498.4816005557132,-2124.775480982162,-0.0,-0.0,-0.0,78.53228410154513,-3195.3156496099546,-703.7752466352631,-3038.4318913302736,-1646.4661989170381,-0.0,-0.0,-158.9918285718595,-1472.6958925065137,-0.0,-2064.1819947138597,-759.9680854922178,-0.0,-0.0,-0.0,-2578.0937148230714,-0.0,-0.0,-0.0,-0.0,-0.0,459.3251327361369,-0.0,-0.0,-0.0,-1039.4140275407156,-0.0,-0.0,-0.0,-0.0,-0.0,-0.0,-0.0,-540.215049987893,-1093.5471426153742,-1598.554204291136,-1760.6110456212866,-621.559539901552,-1307.5444804038918,-39.14931189587904,-0.0,-677.8111901820517,-54.20162690029786,-0.0,-0.0,-0.0,-0.0,-855.8388808838772,-0.0,-530.5462211771336,-1357.1982420012982,853.6546099140105,768.9935060651679,783.3177395866916,714.2049961996927,744.4106278790942,-0.0,-0.0,-0.0,-0.0,-0.0,-0.0,-380.7308604777187,-0.0,2216.9364014215284,1024.6361144659045,1232.0561629726535,-0.0,-0.0,-1323.363380578072,84.21450316013059,-67.69365878310988,-2527.0385875646307,-0.0,-2004.0632916891163,-0.0,-0.0,-0.0,-0.0,-698.2784162972658,-0.0,-570.8209976281893,-596.8780153916085,-409.6948400695479,-0.0,-17.68515970646945,-0.0,-888.1182694115428,-0.0,-2410.597025820654,-652.0133229613459,1840.029885235095,-2259.8750013687813,-1022.0794870530855,-73.79832708721983,-889.8879835014284,-0.0,-565.5466231086268,-84.7328469926962,-2575.0559896578584,674.3112054578585,95.8746306859888,631.8826530946442,1337.6802764175666,-0.0,-332.0212547620369,-26.729036399069592,-1126.7833760638741,-1303.5588009093021,-1531.1987616220533,-1973.0764118458876,-0.0,782.5588688338888,-0.0,-408.7128776869823,-2447.017298932767,-1417.441468149651,-0.0,-1362.7683539221596,-418.9352354806618,-633.4820332764014,-773.4643887706103,-359.8793925937589,-1460.786233458571,-0.0,-2303.8340465021292,-422.5738653022439,-1608.9922211106643,-335.90594801204224,-0.0,-0.0,-0.0,-0.0,-1375.8323962712934,1254.197158030524,-1169.2841346785447,-649.6699113028468,-0.0,31.392774261967084,-0.0,-0.0,-825.47056132107,-761.6785938204699,-805.4857463292135,-685.0475140490194,-0.0,-0.0,358.0107637566461,250.1349324150327,627.9106973968892,-0.0,-619.0766364629284,-2020.6605761977305,-1341.712907347929,-4.593677186047301,-1743.438424741687,-0.0,-0.0,-0.0,-610.09295602472,-919.0655601731002,-0.0,-1428.5269719786359,-0.0,-2807.038738398865,-3893.5692550245876,-0.0,-20.577409427610508,-0.0,-800.1811827860583,-0.0,-0.0,-0.0,-2289.0443112289186,-1184.245324144127,-644.4779105085602,-927.3852352616577,-0.0,-0.0,-2254.137161084465,-0.0,-579.0081778039981,1238.0847231834605,-957.8099172257889,-806.2316516269228,-589.3474155762372,134.83214997571753,-0.0,-0.0,-1423.927871984456,-0.0,-768.7692371802481,-72.59821656434957,-384.8349459975717,-362.49962395913917,-0.0,-0.0,-241.4018314348403,-677.6269980160835,-1115.2108986394062,-663.5645699029,-1127.493124884686,13.776295750453972,-0.0,-138.1090989025035,-2207.644269304652,-1336.1207481138454,-0.0,-0.0,-0.0,-603.6036490922651,-640.6729426014836,-1655.7736551852636,-0.0,-0.0,-0.0,-0.0,-0.0,-1579.065299929478,-752.915091766762,-0.0,-615.9646070301864,-0.0,-18718.98519059962,-863.9989935529703,-125.74355259849514,-642.4564835128051,-0.0,83.17123188189896,-1354.833771722322,-2730.4801885034644,-0.0,-0.0,-0.0,-823.9649595448077,-543.9776487394003,-1167.8281961809846,-1066.4473996256681,-601.9422338298814,-0.0,-0.0,-1832.9073537218028,-610.6648477191643,-2427.940579249575,520.1047006366921,-2513.8452298521747,-0.0,-0.0,1745.729927699853,-1650.2877665373553,-0.0,-251.32511847283416,-373.475375896588,-670.1851494072724,30.045926550764896,-944.6434171000172,-0.0,-0.0,-1450.904540254207,-1352.912038132558,-2598.29386181953,-0.0,-0.0,-2572.1229850278055,-752.2783596207405,-764.515021205675,-2602.6125627355336,-1531.7906312463829,-0.0,-0.0,-1115.514579562599,-0.0,-94.14583070028254,-1643.0422280754772,-1888.08149839244,-0.0,242.53791697692836,-815.5370840610357,574.0329879439112,-278.1301979610479,-260.3631961911534,-0.0,-477.8125396939135,233.68232767482962,339.43709365123306,-483.53526318631697,-2645.9604377441697,-2114.6297970133464,-91.20991078363411,-4710.930059887131,-615.6723714362341,-1196.7094850822657,-52.08208604025528,-3989.181119962166,-354.56738309896815,-679.4336580452734,-322.90990222824655,-1701.7806525944475,-1057.822756721429,-3626.2950161039685,-5682.391309592382,-89.16549576683802,-718.3793245191573,-1805.3599200813312,-1246.7289660506383,-0.0,-3587.6138976903494,-0.0,-288.47223282508634,-1615.9623437412079,-1455.5125993499837,-0.0,-0.0,-994.0161411061823,-250.0593949393905,-0.0,-1455.7359054829762,-0.0,-707.3595903743101,532.4196912996691,-2376.2057669441165,-500.72752667138997,27.747210659550312,-14.017475814708089,-0.0,-1981.3928838087368,-600.0364490645762,-0.0,-137.61012091467182,-0.0,83.8922560050092,-189.72850345053692,-0.0,-396.8717468789267,-1467.823310116067,-469.78615642107405,-829.1678748489319,-2314.1996541434414,-0.0,-4247.332521679332,-1837.9198298010697,-2582.618101603233,-2345.345124068056,-76.82435821670006,-237.22493216441578,-670.7740895561575,-1549.5622485766746,-0.0,-0.0,-1312.1268645774737,-203.09730560643416,-0.0,-81.73502777093061,93.91132163995252,-2355.56594316871,-0.0,-0.0,-1373.4908884390734,-0.0,-79.09410227005365,-0.0,-46.98841989589085,-153.75883096354787,-0.0,-396.7884731959083,6047.482204490193,-0.0,-0.0,-2771.825180785348,-821.991388968864,-287.69744043548945,-0.0,-0.0,-0.0,-682.2023297710125,-2246.773966084296,-0.0,-0.0,-0.0,-2391.599859324514,-0.0,-0.0,-0.0,-1663.0961634471798,-769.6979068029187,-315.854492949468,-489.06536063025555,24.497657379804227,-718.5044863848997,-399.41733267083123,-218.53102984007674,-2521.509796872765,-0.0,-0.0,-1319.1126893130058,-804.9640383350381,-2583.610235461417,-0.0,-0.0,-2824.2893992788163,-706.9553501445022,-1627.4942427213796,-437.1847839282483,-654.6238352515176,-2452.4623148495057,-865.264804360555,-90.40186270696431,-864.4659218912964,-2107.483205204817,-1624.5339190304946,-1435.0155127455616,-0.0,-643.7766668827929,-0.0,-1643.3789606129992,-444.2601293067673,-231.00690685790494,-656.4832816482058,-909.0507136625544,-12.870913632785792,-0.0,-1243.7777613827063,-581.7759355305657,-46.2344882232873,1606.6773265208424,-78.61341613403121,-0.0,-670.597410807278,-488.5361763695982,-0.0,-709.804473659201,-1633.7195163767685,-0.0,-0.0,-0.0,-0.0,-430.46178647749406,-953.140071665557,-334.25573482247944,-511.7978005581123,-359.7901555188517,-1704.0887810076747,-753.4562753080918,-1482.0812350743315,-2654.722706200795,-2054.552353168122,-0.0,1030.7443734559881,1041.2533896845644,585.8283345367417,800.075966621406,460.0466468646866,-0.0,-0.0,-0.0,-0.0,-0.0,-0.0,-0.0,-0.0,-66.19353261377967,-909.8272141925229,-536.0341475490559,-288.39578698794327,-1247.8277425475492,-104.03936452431284,-377.0260719763531,-1202.185466681951,-309.90153828873525,-1822.9068144910439,-792.2589347019735,-86.37492795760511,-393.5993539075222,-24.980678330899785,-0.0,-589.5316507356821,-177.9911600996336,-214.60498737292517,-770.1415414276896,-364.4227962714799,-1573.4610963853738,-309.09393613754486,-0.0,-0.0,-1979.0645778899932,-530.2245701012461,-343.54691006256763,-560.0374376293883,-944.4999025957486,-451.739136628978,-421.57345605571044,-0.0,-667.6343397089997,-713.2946611404133,-877.7815832979246,321.394647122387,-1384.5116933248062,-2321.3834890620974,-221.22938341838184,-692.6456502318214,-691.8281192437861,-13.817922178985121,-0.0,613.2192069658337,-828.1437701469363,-36.69362099277489,-1999.6760568399836,-0.0,-0.0,-1277.3033255103053,-512.3856782157573,-0.0,-618.106070584013,-707.1734024076743,-823.1939797741346,-0.0,-730.3636976865839,-497.8337806484602,-2283.9788920809256,-4385.699312836832,-401.5084846606244,-0.0,-84.46309610846286,-441.06443881010966,-1559.8950986173904,-233.8063530355214,-593.2258540347009,-742.3012637181139,-776.3904968691008,-392.78156836838247,-0.0,-0.0,-1702.70740379535,-112.71213180843309,-447.65461945999243,-813.5566449823493,-1235.288529540194,-2516.8347907173306,-0.0,-599.4256068773627,-0.0,-0.0,-0.0,-0.0,-0.0,-29.65040469561652,-189.59372385641862,-369.13287372702575,-0.0,-0.0,-0.0,-0.0,-0.0,-0.0,-1223.9475435860716,-2345.149956403569,-424.2114602904848,-512.4007381188222,-47.544766735540016,-0.0,-0.0,-447.17295973002604,-0.0,-0.0,-116.61754983708909,-2785.712729023585,-0.0,-0.0,-1531.5089587338546,-587.3231923132066,-908.9518395795466,-1019.2044929390191,-742.5335855190408,-0.0,-0.0,-1210.3523122210893,-1881.1590598998794,-1016.489143241799,-0.0,-1176.7321337437743,-0.0,-374.2561060464552,-747.9446981190146,-0.0,-693.0743926178002,-1848.4354316742208,-0.0,-1762.2527583261297,-184.4573220729207,-615.0299563968374,-1425.6674211974812,-236.77668017455508,-1263.641815127,-0.0,-1052.19123425741,-28.348949742960386,-2445.8219346547357,-1941.3549611358026,-0.0,-0.0,-0.0,-0.0,-767.537680131899,-843.0505099523772,-0.0,28.064808191930826,-378.3577199351176,-787.4158635639208,-2127.0976053459904,-2360.1952586657676,-392.4667376192238,-0.0,-1456.9280266527032,-878.9539420043008,-1781.4917467807193,147.85057806437382,-0.0,-3486.7848669526024,-720.0506211952976,-0.0,-461.18774636618446,-1512.3116521394652,-0.0,-0.0,-570.8725378802848,-1496.8786542720838,-0.0,-1124.369126268727,-1343.9608921274464,-39.723741591662936,-86.5254879631744,-527.6552721884477,-0.0,-1541.8650085487093,-2717.8073254033416,-1208.3631005159832,-186.42439326662017,-1977.6614712335038,143.6414140517616,-893.4606022727269,-651.3907847777316,131.4008173241501,-896.7230021319,-1521.6678523824057,-869.5937968133981,-1352.962746092881,-426.27775005635124,-626.0367446711105,-793.625239937166,-1614.7172987682636,-0.0,-0.0,-1889.88236539404,-338.6497385107952,-0.0,-1561.3210277514804,-1287.538625902254,-0.0,-2577.451293132593,-560.2840042253173,-0.0,-864.877338265187,-0.0,-0.0,-1313.6757665700675,-1059.4425478924481,-0.0,-0.0,-0.0,-771.6259290712374,-4.687733076134296,21.087303284586316,-264.25852416049605,-0.0,-2205.3822941842827,-1546.6483149910741,-582.3870490443642,-2152.382804523946,-0.0,-61.32520480992392,-979.1190555433458,-0.0,-445.9040682710175,81.1710910456367,-1682.7769041643771,-1075.4488978665158,-711.2077260020733,-1329.2835436603802,-0.0,-0.0,-0.0,-830.275887115084,-0.0,-406.0892690799977,-1016.3106378448039,-220.53812554266665,-1264.9841487701106,-2269.4116760436655,-580.1008685489236,-2178.699331423681,-0.0,-1174.402633232025,-764.4091151731484,-530.5878579021685,-1324.3988532453134,-328.95957850144913,-539.6109658554655,-1564.6437930109332,-0.0,-0.0,253.99658220005355,-2863.0233594126885,-1023.5062784162858,-278.96299923161695,-0.0,-385.0492619146383,-560.6360183416555,-672.433363340521,-0.0,-0.0,-805.4385237809129,-0.0,-22.12131602995825,125.65880515944279,-125.47483122605439,-2090.442930393261,534.6925472837283,544.7676453729513,523.193680573348,672.7411890321093,50.07857659077539,-0.0,-658.9332135619046,-783.2790321948257,-371.6148448922394,-10.269897808323261,-0.0,-0.0,-0.0,-202.2398753514146,-14.036908193837474,-956.3622434788039,497.72234394585644,2495.8545914197757,-0.0,-0.0,-0.0,71.84632923265016,82.6414375061817,-0.0,-3219.5006512415607,-0.0,-0.0,-0.0,-0.0,-0.0,-2559.103930394129,-294.81058573338095,-0.0,-421.8090442908263,-2232.99050520502,-169.0518884956885,-335.78573373411336,27.549400826191818,-1806.5731735144495,-4516.363856885922,-2053.8890556246456,-0.0,-0.0,-1752.3319086256904,-1092.5131835199068,-767.705509499828,-434.915143070608,-364.7257598275359,-1049.5171486992483,-1062.1401738461298,-5200.262927430415,-705.2259109900655,188.2166041043363,-859.9343797466933,-1140.972484540559,-649.9901070464749,-661.7992519887126,-7.941867185364968,-1693.1332245354517,-864.095073450693,-614.8074068694104,-0.0,-0.0,-0.0,-0.0,-241.41639695612568,-1272.837987573664,-0.0,-1303.392853905587,-1433.6552809899777,-0.0,-0.0,-1525.316279754665,-0.0,-0.0,-225.49878271977636,59.266375590645616,-0.0,-0.0,-3258.048841608572,-1283.0780077449263,-101.39867997904672,-984.0644369998844,-1485.3462692989306,-0.0,-355.6163512752895,-528.1425603121086,-0.0,-1451.2149922659426,-354.43776447531656,-1221.2457347642553,179.53351706138474,-932.9319661254409,-212.3646062745366,-249.21115717336062,-56.25497792966565,-47.24504173299873,-640.9765866295858,-860.5577280407388,-533.960022332023,-745.2110254665579,-0.0,-65.3371354951733,-768.8950299960791,-175.836316397412,4.112629809610064,-0.0,-1056.9141110539679,28.463527479866265,-1376.070373434679,-0.0,-0.0,-0.0,-1958.39103197749,-0.0,-0.0,-83.96091546353729,-0.0,-0.0,-0.0,-0.0,-0.0,-0.0,-648.6494286537957,-1700.443948858725,-0.0,-0.0,-0.0,-0.0,-897.7849251685066,-501.59224909328105,-0.0,-0.0,-1958.3758546971023,-0.0,-1444.8654082392786,-2835.4339170106314,-0.0,-0.0,-0.0,-529.9488732252653,-0.0,-0.0,-0.0,-1040.3903520206406,-797.807295052374,-704.683356336442,-0.0,-0.0,-237.55996370642,-0.0,-4207.597488733109,-5702.536745888018,-0.0,16.289307325805158,-0.0,-637.0765897109654,-711.9966846210448,-2118.6747470800055,-0.0,-0.0,-102.08623019818053,-729.9923035186386,-1443.5635524644042,-708.8537023902231,-358.5308083184939,-0.0,-0.0,-1281.2673002020522,-1033.896514741174,-48.07718247503047,-0.0,-0.0,-774.0212677597835,-403.45149815531573,-89.5031283967187,-0.0,-0.0,-0.0,-2298.2100768735063,-360.06336652423477,-1423.0843299895162,-4597.631383549774,-0.0,-1042.0586543786592,-1219.7946176576002,-2532.4116212330237,-359.5223927350171,-0.0,-0.0,259.6203615462311,-1253.0829253621164,-1951.1663197391529,-530.7555556372763,-158.77696225537517,-26.240833354998554,-1901.0093017467868,-440.9260280453182,-1867.2984812896595,-707.4781638914928,-2880.5215111828725,4.0882333254039835,-1048.5507700193496,-934.1933190063799,-1964.928650852197,-0.0,-0.0,-789.1097314594663,-1777.3841027638014,-1913.2069515728551,-921.7373806381185,-0.0,583.7546125480579,-72.62964857682228,-474.39080019274604,-0.0,-19.9840660681165,-0.0,-2607.245494766897,-55.10379274238327,-0.0,-0.0,-790.5212017845018,-1168.7399462186033,-854.4678855708881,-368.5535756382369,-621.1922721558112,13.341243146027931,210.27208579405183,-876.2933931178798,-27.761347482647302,-1600.9303554408211,-0.0,-1637.1589828526912,-135.12382292009207,-802.5398611815874,-422.9298489025628,-25.6777151672056,-45.32406535315234,-21.34652106790735,-1321.4316658856765,-1031.2275469699166,-1492.5692183591052,-270.5529685600808,-1464.9935360551483,4.104064026325037,-0.0,-809.7287876616106,-2830.2090388219203,-0.0,-0.0,-31.643506834111456,-2215.4485077109503,-200.79640269863665,-609.5838852572099,-393.10930049570806,184.9620515279382,-0.0,-0.0,-1339.9900153086803,-0.0,-0.0,-2296.1992940843706,-1672.7652721129286,-899.9837848620269,-803.9541302087371,-680.0902333192539,-960.739136167884,-827.8833466793058,-1376.7767383555758,-2750.5086009865877,-0.0,-0.0,-0.0,-0.0,-321.69739273772433,-0.0,-2185.4979290488122,-669.7424466733291,-899.0392852357912,-1041.3789314455187,-484.5313304619178,-0.0,-1493.2459186277235,-694.1313177781336,-0.0,-2734.064938984146,-1533.9232674405243,-0.0,-0.0,-2563.7163647815187,-1814.4764526408826,-469.58078645237885,-854.8490093781691,-0.0,-565.0615185752004,-334.74325341272487,-0.0,-677.8539419947897,-581.0828695459539,-543.7870606953785,-0.0,-0.0,-0.0,-0.0,-412.8994925165806,-1306.941833429593,-7477.020030366724,-0.0,-0.0,-775.6874212543847,-749.2211026144012,-2044.2432387302908,-698.6954791102886,8.096032572200391,-485.2624940847915,-0.0,-683.1491364475065,-607.6334698609315,-0.0,-536.0046222073463,-1209.6505402056123,-0.0,-0.0,-0.0,-0.0,-0.0,40.88485464063987,-2256.2377522137626,-0.0,-1428.372832619561,-949.7634391222579,-4.274710137994558,-1799.8201050599794,-1031.3739266983857,-1031.4733394595012,-1507.8494885805549,-83.13601338284506,-127.54519672298171,-1341.0421497312307,-748.2062772211215,-724.2320614430147,-0.0,-1561.7268723755683,-1448.6835114686946,247.4972287360905,-0.0,-656.1249241541072,-761.8838271666307,-1048.392197141037,-69.95173746072568,-0.0,-309.2559921189336,-0.0,-0.0,-2623.728924699386,-2256.1003591079525,-2040.4805598921184,-1821.5595330080873,-0.0,-1326.7106590303545,-2187.892829096245,-0.0,-5660.155657681363,-0.0,-0.0,-0.0,-0.0,-1118.1307585862698,-2615.18495663502,-2462.824095893252,-97.08011912330952,-2099.841204093659,-0.0,-1043.822326863463,-33.443358201610145,-0.0,-72.77504613671425,-591.383017821951,622.2105916193921,-0.0,-491.1715660721598,-40.739118596143186,-0.0,-1534.7064390861972,-0.0,-2248.0329624899623,-153.25080872634697,-0.0,-0.0,-1132.9548779085087,-1685.5969031073864,-1109.567345823307,-1318.2547953473147,-1372.9535284612439,1668.876760582501,-61.59378258029277,-854.6792388648777,-38.360989532783954,-2635.3266782928913,-867.7534819926332,-922.9249352768553,-495.38180351924524,-1738.1883357956524,-1837.276648098098,-463.7189131854447,-2637.6743330676663,-354.4127138979612,-0.0,-0.0,-53.9569809762316,-0.0,-0.0,-0.0,-0.0,-0.0,-0.0,-1797.1380762760664,-658.7168576817328,-1259.4961293922622,-965.2186614678176,-0.0,-618.9486351251442,-1320.8360359572778,-1182.6596252675015,-2358.0421615735254,-1410.370780669453,-93.71839142936118,-210.91749486513294,-1037.4421575680828,-1571.335041157203,-0.0,-0.0,-0.0,-76.99424597625675,-876.5859476431134,-166.84631986308236,-526.083668146842,-1079.4521777194811,-0.0,-0.0,-0.0,-4372.950861298605,-0.0,-134.6775458351066,-0.0,-235.09604205490996,-1218.6761519760778,-1312.321857023696,-917.2130349936102,-0.0,-46.13940966425171,-611.8753549081025,-793.8451966351535,-603.7408230191685,-0.0,-1136.316566327647,-0.0,-0.0,-2931.534115053212,-0.0,-1485.2388482598813,-688.3466923551385,-446.9687905409153,-297.9259008651353,-1517.1551354913927,-2979.553369664054,47.0445684837768,-2451.093610598773,-1823.0217759253653,-471.21839313789366,8.022273574041215,-0.0,1586.5889191849467,1184.7200301966732,1236.2012659601496,-0.0,-0.0,-0.0,-943.7498382879619,-0.0,-310.9917537284077,-195.11568649745172,-0.0,-3912.799607846395,-0.0,-1537.416237683651,-88.85749086408578,-1163.8666078962372,-638.4160079316338,-1595.4616472000864,-1325.379214908999,-0.0,431.6986981623724,-2825.5627516273757,-1809.6110320885862,-500.9253342261184,-1319.9213649655546,-1835.18539800067,-0.0,-0.0,-299.8189930303906,-817.1729773464439,-2438.3978122350422,-882.3788145383769,-40.00046564597102,-0.0,-0.0,-754.959064392307,-0.0,-0.0,-0.0,-225.51900710439168,-1525.5218708345294,1772.0519328848807,-1443.0223779084608,569.0589131323611,-787.1238676404173,-1093.0533972008948,-11.740387282601901,-5301.28750745659,-412.2130226210934,-0.0,-80.92931830153479,-2568.7499556430125,-1881.5884670945463,-0.0,-29.447320656917846,-0.0,-700.1205301618105,-27.483689998826563,-2034.9222164976745,-1678.3899505652253,-0.0,-342.91071234050327,-0.0,-0.0,-0.0,-815.0138131419953,-1115.5719620364289,-459.69776210751314,-1234.1583916811212,-1911.7190548207438,-1044.6304363759334,-468.61173662622537,-526.1288805381907,-119.68274953977057,-1789.09702016609,-671.7065895538525,-1095.534346698499,-1329.2455556943044,-1576.4558677235548,-1507.4363165190073,-413.5422714094699,-1620.307141876899,-0.0,-0.0,-0.0,-2325.051163475623,-0.0,-543.349914108868,-1310.257045037206,-11.976172071333414,-848.6498440915063,-662.5940139397975,-1030.01029804752,-787.4838387881622,-218.17800633952086,-2031.0390440614894,-5703.964017050201,-297.4493866516448,-33.823246963869344,-0.0,-123.27464550759487,-7401.709262746643,-1990.483999440609,-741.6230265197412,-2603.918551488042,-229.89977454100205,-0.0,-26.060119839978032,-731.6212196426576,-134.91998601662098,-1215.8512663289393,-1159.4539658375213,-218.85710515029044,-0.0,-756.2995694074717,-2047.7245607559732,-2108.6602698873576,-2057.6411919738966,-0.0,-1651.9220008006005,-0.0,-56.81418784700091,-943.8810825291781,572.2212901728427,-0.0,-0.0,-341.91586962776915,-1083.7025594044476,-800.4927637466948,-1369.139473080008,158.39963581316965,-1547.7686116381944,-140.07370936364015,-357.57751380427203,-2262.7153441838027,-2068.5924451665214,-411.72513522877415,-0.0,-0.0,-0.0,-0.0,-0.0,-2203.5697018901906,-0.0,-678.5306749841712,-867.5039146313454,-2797.131067863331,-0.0,3.6856754070049083,517.2411881080707,2211.9578829677253,-674.994217215642,-1408.498744841556,-0.0,-1433.527161872005,-3909.407630319739,-922.319529116114,-5943.088870132912,-1284.506444658158,-0.0,-825.4355761353845,-2528.170961732924,-216.77992858454854,-0.0,1312.0555801641326,1463.803657662619,1265.0284067165428,-0.0,-0.0,-0.0,-0.0,-93.59874299941376,-2509.861182753802,-88.71342543132575,-0.0,-2160.6619798872675,-1240.9557159882615,-503.2323444581255,4.503283177290757,-0.0,-226.2955763183196,-864.3996251001312,-0.0,-0.0,-52.08436724677074,235.14471435403928,-2407.7589386312566,-0.0,-912.7176737891423,9.507947481016624,-79.59010246572817,-0.0,303.06456056923304,-102.7200299289721,-502.54472908752984,-2007.3593980351716,-0.0,-62.87668103363421,-1314.6622783504506,-1096.4856828016873,-46.84041407123675,42.20923403396096,-0.0,-1327.896358444717,-846.6059563089246,-9.177399657312037,-0.0,-0.0,83.67122201042893,-257.05306281010957,-176.75892938480862,-89.42354139185294,-13.204906111649644,-193.27167393511507,-811.3642009261837,-1049.5447090856746,-543.8357533992738,-0.0,-2354.4935206199857,-1064.3211874903666,-0.0,-0.0,-1138.9993082189953,-2280.4652349293183,-656.3756030970446,-8.044436239111597,-2903.6945030011175,-134.23490390557382,-89.06452365665412,-1172.5625810221138,-0.0,-389.146585878287,-1568.5761250495555,-4.000245810435705,-0.0,-3594.976738997232,-168.26164013883437,-1651.6863147371982,-997.2343187805234,-1331.3405377813067,-2583.114167176229,-87.13920528041655,-912.1303439376312,-2060.2682791661414,-1302.2648318539511,-1310.8922300297318,-252.811211004434,-1992.003838088489,-0.0,-2870.5966027806826,-0.0,-6969.0513457104225,-249.66091416059024,-89.48862523242728,-1575.729509861927,-0.0,-0.0,-0.0,375.995683796394,50.03942780210698,-954.5793159424445,-1382.0967623292565,-470.828138105217,-1128.9465879302488,-0.0,-0.0,-1610.7370842135294,-332.3804414171478,-562.3795256265091,-184.0067233023989,-0.0,-1735.5288034567786,-374.0312281762989,-2091.9483278426274,-0.0,-39.284514628364946,-0.0,-2003.5656601931014,-840.9813729206749,-1790.8650219366623,-0.0,-0.0,-1587.8302763341223,-551.3400875994483,-847.3890322877307,-1658.7894096878042,-492.50901860520554,-1528.4788344348074,-0.0,291.42728629011276,-1337.300526907248,-4556.051837286848,353.3596341449251,-1342.1877252984357,-8222.39060868698,-663.3151777328142,-718.0021371478991,-242.48937188498786,-194.98444458450612,-1008.646663509795,205.6080150596383,-215.2041066450522,433.201017183112,-1198.0407410345358,-614.9860702549149,-0.0,-1278.9323612653368,-1996.5810902198987,-966.1849699739777,-420.86392747430034,-0.0,-0.0,-35.85141900959019,-1111.7340482772308,78.41350942916739,-2313.4357120350383,-0.0,-0.0,-480.592680198044,-654.1131079979266,-1044.3593341078495,187.3739784153649,-2817.8403817079334,-1547.0090493914076,-1363.755504194227,-247.69968310737232,-0.0,-414.5328090800161,-0.0,-632.2216660976685,-25.198156292985217,-1454.1141370153707,-541.0622513079949,-1122.8493185519512,-372.7469200882063,-343.2523103925537,-0.0,-1213.295218617158,-737.7264542288244,-1334.115299046031,-0.0,-3520.19533427357,-1453.8538906301792,-1341.4248521559714,-869.6119141783778,-1191.2398094321659,4.052196439406974,-2361.4469694885224,-826.70759762109,-1303.3614696814716,-2057.9364494751853,-329.3418081771,279.167917841061,-1150.6219713349276,-0.0,-0.0,-21.171773195341093,-64.5042629271739,-20.143655853749287,-284.61475048336115,-0.0,-0.0,-0.0,-0.0,-0.0,-0.0,-0.0,-0.0,-0.0,-0.0,-1534.8862359289728,-2559.223694378013,-2287.9384256047806,-0.0,-0.0,1861.753710447241,-495.89053248917105,-0.0,-535.402285979018,-494.4425324331246,-1080.9445172663015,-1044.393542351477,-1233.9798587873283,-0.0,-692.6075163846172,-446.3387116658212,173.5383407211539,-0.0,911.8456483095839,-0.0,274.00174385239393,-0.0,-347.6553551553822,-0.0,-407.3502868113994,-1269.4683163596876,-2120.5384851990348,250.5716863239418,-0.0,-0.0,-0.0,-0.0,-0.0,-382.8753383541157,-90.02847943844452,-0.0,-0.0,-0.0,-592.6619551916787,-0.0,-46.774055088735366,-684.2339725314966,-3486.5693954065805,-0.0,-1425.0977895649619,-0.0,-649.5448045143347,-0.0,-0.0,46.98412686736105,-0.0,-175.9939229611369,-0.0,-0.0,-0.0,-1023.5583277612839,-1969.9948316569419,-0.0,213.8550501734546,-2517.5977085464497,-0.0,-78.20800919571104,-289.3516537237282,-0.0,-0.0,-1591.2584582475638,-0.0,-984.4410851873225,-1407.325788557425,46.50369292338755,-2954.383181623793,-1838.6052944737287,310.18079647157305,-741.2834013997106,-0.0,-1111.174355129306,-0.0,-0.0,-0.0,-3723.098635522061,-914.8517276668287,-1651.5871842560932,-0.0,-413.37349165651483,-4.238367487466962,-1395.1883170860474,-2141.097461571577,81.09690389856169,-3246.4949183045287,-0.0,-2055.600591425094,-2747.189371815652,-0.0,-0.0,-0.0,-0.0,-2521.0572414265553,-172.13339718538293,-1566.3134620939175,-0.0,717.0933370756882,1383.1312831228868,-0.0,-0.0,-973.2218105262689,-942.1490855605865,-356.094131012865,-20.163745920682747,69.95632884024764,-0.0,-1334.3048060073882,-0.0,-305.99892933841784,-1090.0424274028794,1449.2099984856839,-0.0,-0.0,-0.0,1071.8840719835587,1086.402587638999,-806.8579413325825,-0.0,-1445.2298137156401,-0.0,-1192.4922737255033,-756.5957555691416,-0.0,-0.0,-0.0,-0.0,-0.0,-61.49441651501528,-0.0,-0.0,-0.0,-1246.9370445487311,-302.76340142422686,-0.0,-0.0,-0.0,-156.1658585173897,-76.97666238583629,-690.2613279799872,-758.7524356830987,-2608.526996526292,-1183.324695617466,-1052.2596424526314,-0.0,-2904.533449762721,-45.454515296769024,-0.0,-1028.6685152696457,-2572.366352441195,-773.897373146935,-542.5441916173053,-1372.4505371570126,-287.16765878566656,-714.4199227391068,-832.7303019830803,-1153.532473416859,-279.1356852181293,-1796.3594891199537,17.40781181858078,-409.25978770419624,-0.0,-0.0,-855.1653866593307,-3903.7723448288098,-0.0,-1010.6984488409671,-552.3023678558144,-0.0,-386.54649501717626,-596.5321853072518,-827.5444850621069,-264.8957432100679,-0.0,-0.0,-0.0,-0.0,-0.0,-46.0213555503274,-0.0,-730.6734191858226,-0.0,-0.0,-701.8968776204632,-1120.1099545235331,-2753.7459838872905,-469.73023234770625,-669.5152348103601,-108.21268972383633,-2180.9061205962503,-0.0,-868.895821863714,-568.2647081466395,-483.0094906983267,-1415.0870149102843,-1068.662943469793,-1675.7124218087663,16.28220888201624,-439.547484038611,-0.0,-1171.3937898871873,-1153.4507642011165,-148.06667234205344,3.9749443210690347,-2705.008207342909,-1212.5917700164812,-710.1860842665487,-0.0,-754.8536366858656,-789.0541785131296,-574.5141267341344,-2318.6656286057173,-3.942955303849104,-0.0,32.36443351368752,-0.0,-0.0,-236.37615000282528,-4096.9787470168585,-197.41911480644526,-1688.3264822738713,-3656.4105549601095,-0.0,-4957.455722393361,-279.3836706757502,-2162.174198748036,370.21121171538965,-0.0,1717.0229755897365,-923.2192167741596,-0.0,-2172.5817723803166,-0.0,-76.22835306704309,-46.334195854112764,-0.0,-0.0,-0.0,44.12794531889136,-0.0,-0.0,-0.0,-647.8077702528973,-1445.7976690798087,-841.3616901200623,-0.0,-3553.7086772743105,-0.0,-0.0,-0.0,-267.1137185157176,-389.12642244986193,-0.0,-2385.4060352319934,-0.0,-0.0,-3615.0790330054397,-0.0,-27.636280733060694,8.323096813378276,-492.84478543820313,-22.59178006254483,-0.0,-0.0,-258.4371866075441,-0.0,-0.0,-1422.9134429693754,-1332.4351816919357,-1453.886378413554,-0.0,-328.6953418845202,170.78771908591307,-395.53543054697155,-16158.736353200426,-0.0,-683.2748852835098,-1417.5006479890271,-705.0271375562945,-0.0,-36.56057321812464,-16.7465036925609,-272.28536419815583,-1127.6957165322428,-0.0,-0.0,-0.0,-546.9532389389498,-2536.41380071062,-1536.7146596916855,-0.0,-0.0,-0.0,-308.54043331452823,87.56603528103236,-8.932446603001788,-1314.63155259724,-0.0,-0.0,-1074.1847449746213,-0.0,-0.0,-0.0,-2751.2223268163552,-1125.477541116624,-0.0,-1282.0726204765642,-640.5051293578031,-247.5284002940307,-701.2063771952775,-1211.4872757894575,94.02130229591238,-1326.718275577781,-1239.016277439921,26.103800712040798,-2009.7657613638312,-0.0,-0.0,-0.0,-0.0,-477.96593310391427,-0.0,-0.0,-656.4909307403667,-990.2727472884703,-734.0634157092554,-0.0,1692.5344484402744,1349.9532401648573,1468.5330109001045,-0.0,-0.0,-0.0,-971.6668015821409,-43.123546359645346,-878.8421337698767,-82.30488051424786,-661.3372269839583,-1880.2308155874302,-1309.6874775076376,-2259.9030362283784,-0.0,-0.0,-0.0,-0.0,-494.14890471649164,-828.8812755308182,-1734.7462558119935,-465.9929758336132,-1595.9403381798493,-1833.686270198413,-2280.0391857544982,-0.0,499.9240208513478,-467.36375252179675,-413.0710704236814,-135.92546568255943,-4909.355604125691,-73.74106868577174,-0.0,-937.8119920170409,-1616.3125796811748,-0.0,-64.63250157012209,146.58935176657872,-89.77541596544918,-527.2930490528872,-2217.197297744145,-166.56100867400895,-1944.4567805361085,-0.0,-2009.4403647132672,-2052.4910919258946,-1393.3457084739537,-0.0,-1715.7933839833759,-377.72078751161513,-720.6643967382348,-1188.9376400351305,126.87764220002872,-1898.8836231564587,-1458.435396767911,-0.0,-123.21040518159977,-0.0,-0.0,-0.0,-1133.9383302119206,-670.4242895123868,-0.0,-0.0,-0.0,-3625.3984736263687,-1939.792324004017,-0.0,-0.0,-4.254820425405554,-1644.3351593586813,-929.7992369833694,-0.0,-815.03025168331,-1390.307653208561,-559.2188059740465,-26.092212074914915,-1085.538501750321,-7.8043444631784205,-1575.3138680483057,-1787.2729845304627,-0.0,-0.0,-42.53306123055459,-0.0,-0.0,-1370.0582290474727,-89.8358342548968,-529.4894029011085,-0.0,-0.0,-0.0,-929.7914424673811,-332.8966300262608,-118.53907565605533,-493.03752732412,-259.03819895947584,-2188.563016047677,-361.2749360231445,-573.9420397691553,-1180.1005489452164,-0.0,-410.9689244362302,-0.0,-2135.264098654186,-1655.0567808314363,-1707.267609939396,-437.2542598206058,-265.4794924340197,76.6119661731574,-1063.0555155789261,26.860845288926903,-0.0,-499.4069205387807,-0.0,-0.0,-501.55773637567336,-134.135181006057,-3014.909622022098,-3145.731430791299,-583.1094442146276,-0.0,-0.0,-998.857445572407,309.0656217411527,-0.0,-0.0,-0.0,-1156.656669368741,-52.2259835567887,-549.8705522906946,-4159.446143131459,-1540.0333715399208,-1230.5964035834677,-455.7333476358547,-197.6276615746733,-1318.237324391761,-758.9598241640198,-579.5005007314708,-0.0,-729.4939388591197,-696.5756782636957,-2064.950595892808,-0.0,4.65699660655119,-13.918949647903906,-0.0,-0.0,-1873.9716285369561,-0.0,-4207.83654433756,-1327.6464667081602,2527.308038400058,3136.294897980708,-0.0,-0.0,-814.1546687429662,-1126.8421611703297,-628.8243653466875,-366.9979691441039,-3377.7284893938504,-693.5995393240956,-0.0,-0.0,-0.0,-1271.0608279070198,-777.2766338043318,-200.9317381741812,-2527.037076420212,-1273.1282606491347,-29.44166827681222,-450.2820033147877,-1212.2233886837726,-308.5280761886589,-558.9022200607465,-0.0,-69.84562713355326,55.29885245745225,-1056.482534248845,-168.32546529837788,-0.0,75.30392708277854,131.78857697763252,-198.23779830141612,-1367.5873129504484,-2228.5439338061,-64.10190848389314,-962.1254005601157,-1580.006037431741,-0.0,-0.0,-754.1632466669015,-0.0,-0.0,-0.0,-0.0,-740.0989494222721,-24.533489068953113,-1517.4271372082048,-1412.8822922559068,-2640.1503418496413,-1368.4623614261368,-0.0,-679.3347756159351,-0.0,-1583.893565337636,-1879.1616523121932,-1407.6686743708863,-1056.9306197104545,-0.0,-2276.39926388722,-0.0,-0.0,-0.0,-3589.628855651428,-1307.3696868270174,-309.0602807266709,-1007.9605468482488,-920.2803304382721,-947.9956663611639,-0.0,-0.0,-0.0,-45.909220048930614,-5377.761626641249,-755.164184004104,-2191.938117789705,-4000.436990670736,-2369.383246812926,-470.4250444054405,-0.0,-1868.8590774594354,-815.8580712180529,-0.0,-372.9352725101832,-407.5262617774593,-42.001014202902525,-1127.0391684701967,-277.15036093652856,1509.523502491204,-469.88792706935357,-0.0,-0.0,-1079.4495572153794,-920.9894002331137,-2715.763139088126,-298.2860660470721,-0.0,-0.0,-578.8691544716149,-0.0,-0.0,-0.0,-0.0,-1405.7162374772552,-721.5656777332339,-1487.9230139543865,-502.6082454129276,-4.027368297092381,-768.5567959497943,-0.0,-0.0,-0.0,-0.0,-2679.033447856134,-0.0,-0.0,-0.0,-0.0,-0.0,-0.0,-813.5696117978108,-0.0,-2788.945418984089,-566.9578442207378,-246.43424104594718,-1348.2071073233776,-0.0,-0.0,-1539.0207366924192,-1499.0413632484915,-4.002534605034924,-516.7063012800783,-61.00166845951085,-2036.8682423676346,-983.8031767425181,-0.0,-4177.092837231306,-1388.8371778501003,-0.0,-0.0,-15.801792064918885,-444.6533398706949,-1284.6496727564459,-0.0,-0.0,-25.745090564563366,-1593.0769960404798,-629.8012066634611,-355.7700236506976,-78.81228659024964,-1988.6925476829258,-0.0,-0.0,-0.0,-0.0,-0.0,-600.7927013262255,-523.6141626255517,-623.6961288899375,-4669.858048867845,-1771.4752920889111,-1352.8809036077273,-106.84620466144699,-1178.546934501522,-1184.8563148000715,7.993274486266348,-0.0,-0.0,-0.0,-634.3778834935102,-480.36898445865063,-1911.6009964461307,-636.9600266488029,-0.0,-1746.3812664415937,-0.0,-747.1970184675198,-0.0,-0.0,-2147.7033341008105,-580.307556621952,-607.7194289925696,-1568.8663049666714,-129.99397054469347,-12.970164307944453,-756.7330421638525,-1555.89953276079,-0.0,-491.2957761398632,-1325.0202905752228,-4221.6152301306665,-0.0,-311.45158697708246,-2255.3973117422597,-1454.1022047921542,-1381.3639043286369,-539.4020745649212,-1272.1665779372574,-0.0,-369.5532890646584,-0.0,-271.30818095787185,782.572609467943,-0.0,-0.0,1069.3880365787927,-0.0,-2377.1243943605327,-784.8275638906042,-1173.5034451144747,-1261.9513814962363,-1623.1064173251639,-393.59672683820975,-156.16104136427748,-0.0,-0.0,-942.9455866440104,-1162.3512692217873,-841.3002877366665,-0.0,322.78045615711056,359.97643954537386,-248.57495650786632,-2954.391626059046,-2261.732376024542,-0.0,-0.0,-1526.854906654899,-4170.091358584346,-2824.1431209911366,-554.6308217917618,-1138.9015852794307,-1196.4070571133195,-0.0,-230.93720065748036,-0.0,-666.1274559364683,-279.0479424978859,-1770.3295526794193,-2844.4654707670093,-343.56690374742027,-568.1269421985118,-4911.290498495555,-1529.6778390674388,-608.4743955125606,-269.8078072741137,-1636.9675902658876,-790.0190418337605,-4.286944003044985,-1686.017330009678,-1694.4803095339867,-0.0,-0.0,-760.4345331768517,-1387.549270648305,-373.2254364736182,-4.127308309679322,-0.0,-0.0,-0.0,-0.0,-0.0,-40.33105019962087,-816.8687601709048,675.2201067656181,-481.3155562362983,-937.5624760887886,-558.9004284559682,-1032.1619434808924,-1703.9576800709078,-1289.5333471885074,-1788.5353222186945,-288.4032300309922,-643.2539058826733,-1671.9744139966363,-765.7051946007471,-0.0,3075.2670602417893,-288.75814859166735,-79.11869999896146,-0.0,-1084.3795004154395,-680.0673180247666,-1576.0349973423483,-1939.365512471144,-2584.5889566346673,-0.0,-0.0,-0.0,-0.0,-1173.383081373096,-1723.1414561790882,-0.0,-973.1181925236211,-8.55695300798946,-0.0,-0.0,-0.0,-2965.4188152355687,-934.9263578264477,-189.8928695980189,-56.19550388604742,-0.0,-0.0,-1346.7732987219883,-1538.234283836174,-850.6873203475329,554.3763888157163,33.65157773501679,-0.0,-23.57466906027576,-0.0,-1629.9203638244774,-563.9031622212034,-1473.3893092403512,-1772.906312220901,-1842.3044725817672,-45.74139242448282,-0.0,-0.0,-2145.964714424398,-384.7202424764447,-0.0,-0.0,-231.54317999344644,-0.0,-45.93945300082136,-0.0,-1516.2606833474636,-864.1385503381111,-0.0,-79.41153345349404,708.2132428784262,-0.0,-214.31904667407343,-2672.8122704964453,-0.0,-0.0,-797.261625459522,15.843280305800967,-0.0,-0.0,-843.3479543730609,-1536.2578816845291,-0.0,-911.3928712283943,-0.0,-1207.6191751655995,1827.4585775577957,27.22884769790841,-1820.9644003451524,-1984.5783272836688,1180.5255208669291,-0.0,-2458.7579778736485,-826.391203968574,-1030.1246640436198,-0.0,-674.6339989698344,-143.67132449529913,918.64135969952,-452.1181425386219,-1618.4177570730606,-0.0,-0.0,-0.0,-962.702711182241,-663.482258898542,-829.5226640103967,-1016.9119138747125,-1223.397860216019,-30.02907300381709,-1199.1241837149728,-1135.7155799643444,-1427.2409363323516,-0.0,-0.0,-533.6548283260445,802.7729881352859,-7064.198460218552,-0.0,-1335.410729883707,-2059.2106805552426,-973.63252643192,-867.6050114285372,-69.55481666195006,-2938.1887882376127,-405.5497657363964,-0.0,-1145.179998287676,-914.9033835431339,-699.4056345570779,-0.0,-1598.6774108696404,-2100.273244479253,-31.13468001361614,-1236.0645049773577,-2867.74980579165,487.82773802925453,-0.0,-458.63223402430697,-172.78781488121672,-1305.5264894863692,-1086.9207867052955,116.20820829841873,-130.21890852427532,-915.7191964074485,-520.741100001187,-589.4392117999992,-726.2117106381205,-588.0491170331343,-0.0,-1474.5248614414368,-0.0,-1245.0941378288019,-725.224909057935,-167.6143545625017,-0.0,-1796.513707206833,-5217.870975783014,-0.0,-471.7537213992473,-0.0,-2720.9547217580152,-257.41970134043027,-0.0,-425.2002000482889,-463.78500864306164,-0.0,-2320.756715274212,-1655.576372914872,-0.0,-4560.2495198967235,-128.92016928254088,-1386.0041085247287,-1526.1435187783768,-1880.0759888752884,-123.0843554712836,-0.0,-1029.5351317726002,-2294.649915525325,-622.1499734027857,-1079.2611235715974,-1173.7629574907105,-1901.4418739292691,-2593.7743673298587,-1039.5793591279082,-1988.1778573279078,66.73479214983071,-0.0,-313.96189690784246,-1356.3331944651495,-1153.7055707263787,-0.0,-0.0,-0.0,-451.9453240830302,-531.6277003506606,8.0783200203625,-627.790884517256,-0.0,-1275.2097112461272,-795.0534070989788,-643.1084057556176,-0.0,-0.0,-311.91782769710824,-1699.4710857224889,-1077.5881784622734,-333.68994126346735,-982.8740806682154,-36.265127358396256,-0.0,-0.0,-3352.6582837187866,-1210.1409769176055,-0.0,-0.0,-0.0,-94.91817532296973,-1140.1876686507578,-54.15903087705571,-1922.9144992403697,-1865.7250038881743,123.26487446840304,-0.0,-625.7802984283522,-0.0,725.0434175462032,-137.2858601179738,-0.0,-1733.1844614959668,-339.1340001248764,-1917.7996455944867,-0.0,-1636.445788921046,-645.681594915422,-213.19458243360666,-13.33153910816454,-38.781133676186236,-0.0,-0.0,-757.5374937492093,-1396.3209474196121,-0.0,-577.8776482217473,-0.0,-377.3318874581529,-566.6523990979044,-0.0,134.3344781793379,788.0558471434343,748.7581923562734,912.8918529235987,804.7889834540897,850.926834693301,-0.0,-0.0,-0.0,-0.0,-0.0,89.4113480378835,-0.0,-0.0,-595.6827483381495,-163.84292276554334,-523.7729325006037,-94.25194422291214,-0.0,-996.2459553515628,-1707.4849945980727,-1846.2680784554416,-256.36612507233684,-222.72473977134555,-0.0,-0.0,-687.1332962065719,-0.0,-0.0,-0.0,-0.0,-3160.151304688499,-0.0,-46.09901016724382,964.463859647326,-0.0,-1125.7494064435944,-593.1469479514238,1672.60526824936,-935.2911812566225,-0.0,-3378.3611308230134,-2196.8273778065063,-214.42922748385845,-905.284409480249,-1415.9530021731284,-593.5136812512154,1261.149760547953,-82.22063231912517,-619.5497610092282,-0.0,-0.0,-547.2557577787903,-0.0,-833.9873253490364,-0.0,-487.3387046718385,-39.55003270422471,-0.0,-0.0,-1175.8950215422744,-0.0,-0.0,-553.5360755144844,-1348.306157505485,-1964.577024180778,-0.0,-0.0,-0.0,-1813.2353279337647,-0.0,-1202.1073433940787,23.792118371927586,-0.0,-0.0,-1246.2817364569605,-951.6985966724569,-1350.2510600564633,-399.28682985382875,-0.0,-1452.6233424363436,-293.61709349692126,-0.0,-0.0,4.151717206908928,-39.98307358252283,-4855.966392661884,-0.0,-124.93982244061624,-33.03240052752184,451.67246950698717,-89.68125294699784,-1042.2878922349819,-947.2126303381643,-470.86120857710233,-0.0,-0.0,-1880.652905998504,-0.0,-0.0,-0.0,-0.0,-0.0,-0.0,-0.0,-176.60358419901632,-0.0,-0.0,-2094.7303357267497,-7638.195534638554,-123.58906230194202,37.01653965799916,-471.4505953955947,-745.3794151056245,-118.79432445189417,-4622.879662575191,-283.13467099276903,-322.8836379332422,-0.0,-0.0,-0.0,-2127.7009882288485,-0.0,-40.873128195369674,-0.0,-0.0,-0.0,-510.8347383082125,-12.134206943592085,-290.24068462206037,-1560.171751685915,-675.3749450320167,-77.71357491332962,-2711.326329057781,-0.0,-90.39503393758504,-2300.24396046101,-0.0,-1170.3062022903403,-79.6863984431749,-1639.4975826442515,-0.0,-0.0,-1147.8950898085495,-635.409379540191,-36.468650484240854,-909.5706598646124,-874.4678154542391,-746.3212410581314,-177.77263470926266,-734.986504638391,-768.4287171650882,-2380.3619670619887,-1077.8213173103516,-0.0,-1644.7987327191852,-384.92603379589997,-722.7134523124988,-0.0,-0.0,-1063.9617927731856,-2475.175298044757,-884.4399731900224,-0.0,-0.0,-0.0,-4213.507592016324,-859.306545032221,-206.86917149681017,-353.96137235928927,-44.913131117394315,-3895.49678016857,-0.0,-0.0,-2399.8043613070113,-902.1467318557195,-0.0,-0.0,-0.0,-88.46488052658336,-0.0,-1993.7737589107937,-1904.9672739455468,-0.0,-353.00996473036525,256.1700432990496,-0.0,-0.0,-0.0,-1064.8332368909014,25.119472030118896,-2559.946760554392,-590.8689800339388,-1193.0841049380049,-720.2626595206796,-3774.1144882646067,-1737.977118557877,227.08276557148704,-0.0,-3295.7774848031563,-0.0,-0.0,-0.0,-1350.1120961588542,-797.0077841939377,-1639.6866529940266,-0.0,-0.0,-924.6626280523601,-1593.557967978534,-720.4609629412695,-521.6497392549101,-0.0,-0.0,-1367.0166354162861,-0.0,-0.0,-0.0,-0.0,-0.0,-0.0,-585.0645934481163,-79.72246557387116,-1405.187670458645,-0.0,-725.9333256884639,-1278.7151777787897,-36.11841856790557,-0.0,-0.0,-0.0,-0.0,-0.0,-0.0,-0.0,-0.0,-0.0,-0.0,-1222.6416156648206,-2097.564236724491,-0.0,345.4116273175398,-0.0,-711.8268491634792,-105.01243110787264,-0.0,-801.659128561066,-465.12781121593525,-92.09434272345618,-2098.761069490286,-528.6063957374975,-3034.2821340676232,-186.5155631653784,-2355.04527582332,-1924.8361421312368,-947.0395408245937,-4.625564996896355,-0.0,-1185.016959338786,-2314.323540488,-2611.8695937783127,-81.46750509794995,-251.44692574857248,-1838.7415813735595,-0.0,-2800.1137439500185,-417.8207040476617,-0.0,-1800.7246382033186,-0.0,-854.713630473972,-0.0,-2635.0292309020906,-0.0,-0.0,-94.64357437663918,-1111.6078484862549,-579.4487732788066,-0.0,-1480.6885737448542,82.33833002613562,390.2997526737187,369.15465674178085,-287.37225107719183,-1830.102776371256,-644.3009127704934,-0.0,-0.0,-5666.738718172929,-1187.64055807667,-0.0,508.19419817090915,-0.0,-2053.1787101334126,-545.6345537086465,-743.0337740557053,-0.0,-0.0,615.5333507718495,-0.0,-931.8175958617095,-1315.8162631381501,-1985.099338797636,-0.0,-644.1085837415483,-3303.5893625088033,-1063.0870988681809,-0.0,-1501.5460744085344,-141.181528251234,-1247.9312655562871,-0.0,-1007.2481324801338,-0.0,-0.0,-0.0,-942.6685652200024,-0.0,559.2803553474594,-0.0,-408.90119743302,-798.6658639995161,-467.56576455747756,-1109.3406316274575,-667.981298539173,-1937.5006718166217,-1290.564590279913,-0.0,600.2537991769497,-2502.9338471938477,-1706.9298596838769,-747.9781917605046,-0.0,-0.0,-0.0,-157.3497825073147,-1163.907544254194,-320.1269254021886,-895.8259988837028,-2222.5790331346034,-3073.8274465200575,151.0172563549873,858.0025434548974,740.4412627375343,-0.0,-0.0,125.49204985472197,-33.70128208809776,10022.443285354137,11761.706200658995,6099.266427068663,11353.127315991569,11063.212341279059,10163.510479934921,-0.0,-0.0,-0.0,-0.0,-0.0,-1535.2579199620648,-1468.6910819575276,-991.1035478176824,-0.0,-2542.014922285574,-639.340662033513,-1111.7439657715029,-34.830652229676254,-762.2295742032888,-1459.5519771369618,-1146.8559201203097,-1276.8624700028993,-0.0,-3153.346036322287,-1957.6898891286987,-710.0387684990814,-129.4542093036258,-3505.054147890504,-0.0,-238.02312096607764,-0.0,-12.029870545574575,-0.0,-120.63254816632161,-305.29069795655533,-1158.7965777831841,-890.852962141891,-0.0,-0.0,-0.0,-2524.0720724899675,-0.0,-0.0,-265.18423677074946,-1071.5083516742714,-1107.0391438467925,-91.68299296011443,-1364.7924769590697,-1876.925038980631,-341.40168751322204,-0.0,-0.0,-121.28163013407183,-1303.3705223389488,-351.56764448580253,-0.0,-6021.267348193892,311.86477670221575,-0.0,-0.0,-0.0,-37.594351578273034,-468.2142077940236,-0.0,-0.0,-1295.386125318492,-2445.290276903925,-1370.668985435259,-421.99207970329894,-479.1073510614678,-512.0358912501982,520.0682255392283,-1470.6042774710022,-0.0,-597.46304455266,-2832.7956770869337,-525.6808112386186,-9.273907012787864,-0.0,-5.7251988888418754,-0.0,-0.0,-0.0,-1309.159706442812,-431.3216026573308,-1476.6983756291556,-0.0,-0.0,-0.0,-278.5002758032161,-556.4797256343404,-1551.8025132612718,-3045.9925109741375,-408.3450125193727,-210.18282693703802,-0.0,904.9422864174796,-0.0,-1253.8457812736415,-172.70605785563507,-0.0,-0.0,1064.6871677822821,-0.0,-1700.7113561085444,-0.0,-0.0,-0.0,-215.0142283151699,-2166.787060941846,-1795.6054630926465,-28.08852358955346,-2489.6384470322655,-1668.0155438838594,-28.502815973824895,-28.053561116048876,-78.98122898633964,-0.0,-0.0,-2204.1679457886385,-0.0,-6186.187787162381,-0.0,-1639.058089372465,-283.58847948403763,158.00041757176865,-0.0,-60.76015362074961,-1441.2965366847552,-1626.7421315012375,-574.4952392981863,-38.860169529068514,-280.56561777883604,-0.0,-0.0,-0.0,-0.0,-1312.6827280851414,-943.8800306345878,-0.0,-620.455581746063,-1354.9148095107903,-198.59949359862085,-82.48415463951386,-0.0,-0.0,-0.0,1023.7514285329411,-4.330643945838406,-0.0,-559.545470042926,-923.1876135532696,-1529.3473315136832,-0.0,-0.0,-2583.750524812904,-0.0,-0.0,-0.0,-0.0,-714.1250404387799,1081.3299169679738,1148.281352360002,1308.1706505757222,-0.0,-0.0,-0.0,-638.7539689141121,-0.0,-0.0,-394.3367638367314,-716.8559609083036,-0.0,-200.38478852193336,-1478.4010120994353,-1408.2578925374924,-0.0,-0.0,-0.0,-11.86410425628721,-1577.179755248528,-3.9692185905677704,471.801300535793,-0.0,-1847.4980633391353,-949.3636181136345,-653.645976182086,-1806.043963173336,95.13198966508168,-285.4466337033549,-21.662379282136587,-477.97537829198393,-455.2871414480289,-1167.8509078212403,-403.1715221806842,908.9328697434512,-1393.3582409651324,-239.02741791832312,-179.00422774351384,-4276.972121760079,-2608.153957620021,711.1353623956783,-1060.8104462980675,-202.10780727571756,8.569908955024685,-799.0937529448211,-1123.8838322012773,1976.067555452956,-697.4931906329512,-735.375806307578,-754.5174221409691,-0.0,-7378.864928245925,-0.0,-557.8694205890301,-993.831769387222,-706.1929976087653,-991.2640102309391,-1334.4999549534346,-0.0,-1040.3964756411717,-173.28004693789438,-89.24778716989256,-7677.971232810256,650.21867348273,-182.78470275469394,-0.0,-641.7864501701964,-1386.077308683552,-0.0,-0.0,-536.1728877765723,-1950.483428237626,-78.60077065786703,-245.44980826377852,-288.83775966379125,-1312.4587183104913,-0.0,-0.0,58.14558533713753,-0.0,-0.0,-1902.047469877092,-0.0,-1946.4832124692332,-1041.3007221168602,-1392.0941496272205,-0.0,-0.0,-564.6734886730464,-964.2561399238856,-139.50483332898972,-0.0,-502.8256147913341,-160.13619684864202,-558.2208582134651,-0.0,-229.4063783653979,-540.012387752097,-2439.782388169783,-1057.1652101690245,-1518.8343394003211,-0.0,-0.0,-1546.7998222489919,-19.856552065429668,-0.0,-0.0,-1247.5898371968467,-0.0,-0.0,-0.0,-0.0,-0.0,-0.0,-0.0,-0.0,-0.0,-0.0,-117.49082364938819,-0.0,-0.0,-0.0,-0.0,-0.0,-0.0,-0.0,-0.0,-0.0,-0.0,-0.0,-343.4976293352309,-0.0,-0.0,-0.0,-0.0,-0.0,-0.0,-0.0,-0.0,-0.0,-0.0,-0.0,-0.0,-0.0,-0.0,-0.0,-0.0,-0.0,-0.0,-0.0,-0.0,-0.0,-0.0,-0.0,-0.0,-0.0,-0.0,-0.0,-0.0,-537.5362690261206,-0.0,-0.0,-0.0,-0.0,-0.0,-0.0,-0.0,-0.0,-0.0,-0.0,-0.0,-0.0,-0.0,-0.0,-0.0,-0.0,-0.0,-0.0,-0.0,-0.0,-0.0,-0.0,-0.0,-0.0,-0.0,-0.0,-0.0,-0.0,-0.0,-0.0,-0.0,-0.0,-0.0,-0.0,-0.0,-0.0,-0.0,-0.0,-0.0,-0.0,-0.0,-0.0,-0.0,-1545.209590901403,-577.7319078049671,-2017.2566261988306,-0.0,-0.0,-0.0,-0.0,-0.0,-0.0,-0.0,-0.0,-0.0,-0.0,-0.0,-0.0,-0.0,-0.0,-0.0,-0.0,-0.0,-0.0,-0.0,-0.0,-0.0,-0.0,524.6962808440463,-0.0,-0.0,-0.0,-0.0,-0.0,-0.0,-0.0,-0.0,-0.0,-0.0,898.1024444021326,-0.0,-0.0,-0.0,-0.0,-0.0,-0.0,-260.70977273632366,-0.0,-0.0,-0.0,-0.0,-0.0,-0.0,-0.0,-0.0,-0.0,-0.0,-0.0,-0.0,-0.0,-0.0,-0.0,-0.0,-0.0,-0.0,-0.0,-0.0,-0.0,-0.0,-0.0,-0.0,-0.0,-0.0,-0.0,-1097.5553569624524,-0.0,-0.0,-0.0,-0.0,-0.0,-0.0,-0.0,-0.0,-0.0,-0.0,-0.0,-0.0,-0.0,-0.0,-0.0,-0.0,-0.0,-0.0,-0.0,-0.0,-0.0,-0.0,-0.0,-0.0,-0.0,-0.0,-0.0,-0.0,-0.0,-0.0,-0.0,-0.0,-0.0,-0.0,-0.0,-0.0,-0.0,-0.0,-0.0,-0.0,-0.0,-0.0,-0.0,-0.0,-0.0,-0.0,-0.0,-0.0,-819.1253785734743,-0.0,-0.0,-0.0,-0.0,-0.0,-0.0,-0.0,-0.0,-0.0,-0.0,-0.0,-0.0,-0.0,-0.0,-465.58299716549095,-0.0,-0.0,-250.58669780554004,-0.0,-0.0,-0.0,-0.0,-0.0,-0.0,348.7869216349191,-0.0,866.7632797540011,-0.0,-0.0,-0.0,-0.0,-0.0,-0.0,-0.0,-0.0,-0.0,-0.0,-0.0,-0.0,-0.0,-0.0,-0.0,-0.0,-0.0,-0.0,-0.0,-0.0,-0.0,-0.0,-0.0,-0.0,-0.0,-0.0,-0.0,-0.0,-0.0,-0.0,-0.0,-0.0,-142.03129450137075,-0.0,-0.0,-0.0,-0.0,-0.0,-0.0,-0.0,-0.0,-0.0,-0.0,-0.0,-0.0,-0.0,-0.0,-0.0,-0.0,-0.0,-0.0,-0.0,-0.0,-0.0,-0.0,-0.0,-0.0,-0.0,-911.9173296292086,-0.0,-0.0,-0.0,-0.0,-0.0,-0.0,-0.0,-0.0,-0.0,-0.0,-0.0,-0.0,-0.0,-0.0,-0.0,-0.0,-0.0,-0.0,-0.0,-0.0,-0.0,-0.0,-0.0,-0.0,-0.0,-0.0,-0.0,-0.0,-0.0,-0.0,-0.0,-0.0,-0.0,-0.0,-0.0,1319.598947607243,-0.0,-340.3817498640909,-0.0,-0.0,-0.0,-0.0,-0.0,-0.0,-0.0,-0.0,-0.0,-0.0,-0.0,-0.0,-0.0,-0.0,-0.0,-0.0,-0.0,-0.0,-0.0,-0.0,-0.0,-0.0,-0.0,-0.0,-0.0,-0.0,-0.0,-0.0,-0.0,-0.0,222.2768499474251,-0.0,2168.4377468564294,-0.0,-0.0,-0.0,-0.0,-0.0,-0.0,-0.0,-0.0,-0.0,-0.0,-0.0,-0.0,-0.0,-0.0,-0.0,-0.0,-0.0,-0.0,-0.0,-0.0,-0.0,-0.0,-0.0,-0.0,-0.0,-0.0,-0.0,-0.0,-0.0,-0.0,-0.0,-0.0,-0.0,-0.0,-0.0,-0.0,-0.0,-0.0,-2563.8087549575716,-1524.2360492398375,-0.0,-0.0,-0.0,-0.0,-0.0,-0.0,-0.0,-0.0,-0.0,-0.0,-0.0,-0.0,-0.0,-0.0,-0.0,-0.0,-0.0,-0.0,-0.0,-0.0,-0.0,-0.0,-0.0,-0.0,-0.0,-0.0,-0.0,-0.0,-0.0,-0.0,-0.0,-0.0,45.39070317204687,-0.0,-0.0,-0.0,-0.0,-0.0,-0.0,-0.0,-0.0,-0.0,-0.0,-0.0,-0.0,-0.0,-0.0,-0.0,-0.0,-0.0,-0.0,751.2417517462966,-0.0,-0.0,-0.0,-0.0,-0.0,-0.0,-0.0,-0.0,-476.24993415818585,-0.0,-0.0,-0.0,-0.0,-0.0,-0.0,-0.0,-804.2695301377072,-0.0,-0.0,-0.0,-0.0,-0.0,-0.0,-0.0,2352.724171141819,-0.0,-0.0,-0.0,-0.0,-0.0,-0.0,-0.0,-0.0,-0.0,-0.0,-0.0,-873.0293078883813,-0.0,-0.0,-0.0,-0.0,-0.0,-0.0,-0.0,-0.0,-0.0,-0.0,-0.0,-0.0,-0.0,-0.0,-0.0,-0.0,-0.0,-0.0,-0.0,-0.0,-0.0,-0.0,-0.0,-0.0,-0.0,-0.0,-0.0,-0.0,-0.0,-0.0,-0.0,99.54940990034454,-0.0,-0.0,-0.0,-0.0,-0.0,-0.0,-0.0,-0.0,630.8603547341382,-0.0,-0.0,-0.0,-0.0,-0.0,-0.0,-0.0,-390.83776652299434,-0.0,-0.0,-0.0,-0.0,-0.0,-0.0,-0.0,-0.0,-0.0,-83.45847068233691,-0.0,-0.0,-0.0,-0.0,-0.0,-0.0,-0.0,-0.0,-0.0,-0.0,-0.0,-0.0,-0.0,-0.0,-0.0,-0.0,-0.0,-0.0,-0.0,-0.0,-0.0,-0.0,-0.0,-0.0,-0.0,-0.0,-0.0,-1932.9881539673086,-0.0,-0.0,-0.0,-0.0,-0.0,-78.55404408671303,-0.0,-0.0,-0.0,-0.0,-0.0,-0.0,-0.0,-0.0,-0.0,-0.0,-0.0,-0.0,-0.0,-0.0,-0.0,-0.0,-0.0,-0.0,-0.0,-0.0,-0.0,-0.0,-0.0,-0.0,-0.0,-0.0,-0.0,-0.0,-0.0,-0.0,-0.0,-0.0,-0.0,-0.0,-0.0,-0.0,-0.0,-0.0,-0.0,-0.0,-0.0,-0.0,-0.0,-0.0,-0.0,-0.0,-0.0,-0.0,-0.0,-0.0,-0.0,-0.0,-0.0,-0.0,-0.0,-0.0,-0.0,-0.0,-0.0,-0.0,-0.0,-0.0,-0.0,-0.0,-0.0,-0.0,-0.0,-0.0,-0.0,-0.0,-0.0,-0.0,-0.0,-0.0,-0.0,-1440.0225281286819,-0.0,-0.0,-0.0,-0.0,-0.0,-0.0,-0.0,-0.0,-0.0,-2029.6260269953345,-0.0,-0.0,-0.0,-0.0,-0.0,-0.0,-0.0,-0.0,-0.0,-185.4086318728279,-0.0,-0.0,-0.0,-0.0,-0.0,-0.0,-0.0,-0.0,-0.0,-0.0,-0.0,-0.0,-0.0,-0.0,-0.0,-0.0,-0.0,-0.0,-0.0,-0.0,-0.0,-0.0,-0.0,-0.0,-0.0,409.8345245935127,-0.0,-0.0,-0.0,-0.0,-163.85726840352274,-0.0,-0.0,-0.0,-0.0,-0.0,-0.0,-0.0,-0.0,-0.0,-0.0,-0.0,-0.0,-0.0,-0.0,-0.0,-0.0,-0.0,-0.0,-0.0,-0.0,-0.0,-0.0,-0.0,-0.0,-0.0,-0.0,-0.0,-0.0,-0.0,-0.0,-0.0,-0.0,-0.0,-0.0,-0.0,-0.0,-0.0,-0.0,-0.0,-0.0,-0.0,-0.0,-0.0,-0.0,-0.0,-0.0,-0.0,-0.0,-0.0,-0.0,-0.0,-0.0,-0.0,-0.0,-0.0,-0.0,-0.0,-0.0,-0.0,-0.0,-0.0,-0.0,-0.0,-0.0,-0.0,-0.0,-0.0,-0.0,-0.0,-0.0,-0.0,-0.0,-0.0,-0.0,-0.0,-0.0,-0.0,-0.0,-0.0,-0.0,-0.0,-0.0,-0.0,-0.0,-0.0,-0.0,-0.0,-0.0,-0.0,-0.0,-0.0,-0.0,-0.0,-0.0,-0.0,-0.0,-0.0,-0.0,-0.0,-0.0,-0.0,-0.0,-0.0,-0.0,-0.0,-0.0,-0.0,-0.0,-0.0,-0.0,-0.0,-0.0,-0.0,-0.0,-0.0,-0.0,-0.0,-0.0,-0.0,-0.0,-0.0,-0.0,-0.0,-0.0,-0.0,-0.0,-0.0,-0.0,-0.0,-0.0,-0.0,-0.0,-0.0,-0.0,-0.0,-0.0,-0.0,-0.0,-0.0,-0.0,-5779.292959756804,-56.19857447224142,33158.72069837335,-3722.2668015950185,-4136.439193924589,89859.949293543,-0.0,-6864.281034040111,887.7840605663628,1897.0888946114756,-27318.08708894458,-0.0,-5292.226589629759,-0.0,-0.0,36140.04096786557,-13359.203229852012,4136.360962520565,6739.614247817563,-4861.174612910605,-26118.137432141957,-9956.37964925791,60.9098297178237,-106.73228670362587,-7396.973112963863,-0.0,-13864.209414573752,-21187.872663154678,16598.71596075617,-606.4817684253325,8.67280145589868,48959.66969022518,-3347.3493405714653,-115767.07723857854,-3288.9842734816466,-23527.082246168564,-18026.88635267376,-6836.635403950675,-6140.17964987919,-15700.998002542425,12570.03055693929,-2530.650116005464,-4485.603699429439,-3915.6960753874955,-13457.220904540482,7682.076730508832,42024.96944739921,-915.5904098042721,66.40655104184651,21943.62148715896,6001.039595022408,-581.3844218279547,16375.234648754773,8529.130847473069,-5968.72903395772,-8389.703506214923,-4251.417400919845,438.31566455404123,-0.0,-0.0,-294.4643383386152,-8913.01397251317,-3605.09576476341,-3304.1143449229376,-1651.2704354180391,-5045.1298473875895,10311.401442902285,4619.304436349941,-9006.283262741012,21970.29206543311,-22361.021361762665,-35556.65885468836,81822.46586043293,-22843.657756706278,-9346.560006426094,-2400.819411668877,-3844.0751900940027,-6035.395022157906,-5915.489958639248,-38292.745443416585,-0.0,-14024.682809208995,-0.0,3145.0851094765626,-0.0,-0.0,-14547.226228645179,-1474.423663921501,-0.0,-0.0,4155.885189924837,-0.0,-0.0,-0.0,-7728.3937524535495,-4787.92524060015,-7951.419528503126,-9247.61937627026,9346.091546902971,-0.0,-31033.4255452058,44103.9439286362,-0.0,-0.0,-19811.58256786053,-11768.042320679622,188.54219924800276,54.064499934618496,-0.0,61358.67388787698,-0.0,-0.0,-0.0,-0.0,56072.370800300465,-1103.3336710933643,-0.0,-10639.899487056484,-0.0,-6863.074789578879,-1411.5388554044011,-3650.2860189214884,-17780.235853676397,12904.851855542118,-1526.2736472972401,-9408.271780628913,-0.0,-0.0,-5071.106741588461,-7055.797967484844,-11663.445107163225,58213.91730139975,-0.0,-205.77015573150115,13476.8532124801,4010.698741637279,-2011.747307143267,829.2175529994031,5495.708894283334,-3695.4403919618785,-97.76112239881309,-19591.987512869768,492.30609463546216,14995.196634380432,-785.720638410573,13231.560899803355,55302.34342877946,2944.024577432837,-75.4176228846906,9691.246180596097,-2017.9052273923219,-8479.463239907529,-9791.644012874187,-17985.204269646623,-0.0,7009.5904969786125,18069.889376517935,27672.577238158578,-11378.220398090412,7682.873451296894,9808.181711120036,-9827.899790409636,18408.593413278646,-16178.534624941663,-0.0,4974.2385916095445,-13109.133272954097,-20034.166237923375,-8386.520617891494,24707.649847507822,3542.711480636757,-0.0,-6054.978926054621,-0.0,-2966.470352347,103.8953707453361,-4235.823498759847,-0.0,220.92315077676062,-306.9680832060874,-23247.13352628519,-14656.002013198457,25184.164684853265,-8587.496993871631,4006.6847612811234,6918.747476754127,-8004.637804583731,-5639.467801036835,-12728.43701612686,-0.0,-2269.276311349088,-1824.1698267505544,-0.0,1181.932254543858,-440.35339805244354,-0.0,-0.0,-14742.30498782202,-3268.5082616073114,3263.160412116282,-4811.9492652013205,-0.0,-0.0,-0.0,64454.922432450476,24487.8483416045,-0.0,133.1331436112702,13481.82407165192,-0.0,-4646.745971878891,-2779.222098580891,-0.0,-4478.0758251294255,-8515.39403856305,111770.49787710182,-12547.217070109677,-8695.102639022738,-33131.6219389812,-0.0,1586.7856653539711,3454.8630352270447,-10716.270638395978,32632.046003693413,-7707.070149853804,-39788.82577016973,-14461.5135457573,-9943.61373789079,-0.0,1487.698403506724,-4996.850884131605,24528.923471020113,-173.5314536046359,-441.81176374842363,-11723.619815531243,-9946.776598156202,30567.49453817507,-0.0,-2281.153182880777,876.1689642214194,-0.0,-0.0,-0.0,-0.0,-0.0,-0.0,-0.0,-0.0,-0.0,-0.0,-0.0,-0.0,-0.0,-0.0,-2058.0332904847796,-0.0,-0.0,3636.7649126188135,-14933.534082235832,-682.8416548705252,-9885.443127154462,25234.443181939354,9517.326722133303,-4306.6239564869675,3676.248384813205,41203.71204992429,-0.0,-0.0,-4836.313746024611,3032.1327191387836,-7336.688609056525,-10059.22253026593,-0.0,-41.074430097433996,9632.728608168549,-5430.798720164715,-2834.8552571151668,3740.3301769086856,-27242.801838530086,31981.164274255196,-6623.311055445159,-1189.4439017249886,15680.53333125261,-0.0,-0.0,-0.0,-0.0,-0.0,-0.0,935.08143485106,50339.830064258465,-9682.614112963132,-11834.239408154803,-9155.733770137693,-0.0,-9948.003937932992,-14222.09304736748,-0.0,-0.0,-0.0,462.10375632507635,457.3389580261497,783.0856080466234,2783.7340625718475,-0.0,3839.5533192488733,905.2454272764168,887.5198949279453,787.5684468590634,798.8829699718713,3039.691131883534,1948.4999367132557,3144.891083089725,2426.1591724688556,2871.948178268063,3418.643964958471,36862.13635191057,40247.851068314696,39739.06679917846,36484.574877876665,9504.723106925727,9189.708990710531,9355.7173422344,10090.345989772584,5866.050484462991,2188.858492473824,2171.161944745568,2436.4324266125277,2488.9738634818373,2364.265755984165,5693.067264344884,4507.705395182986,1324.3608364363129,1601.4551577848779,684.113678583574,390.53691925673127,579.687821771274,42801.57594996,37168.87379118388,41204.60315290924,36246.29730140399,55073.612946350295,59247.188965373854,1390.0950308766257,1223.8078135737042,1274.0113875572222,1342.3872328597436,1177.2484850241588,1184.9910815680164,593.6838489947954,58127.91974910194,55634.06097159182,50408.69315857038,2699.024530516475,3083.7721463505573,3098.560393219067,-0.0,8280.978646208137,9198.381134846199,42311.91667636615,36993.04238864545,39032.06684649423,64798.1840585138,65516.70007078264,65307.422290121314,65989.25426175978,2615.68085455705,2663.062937789201,5241.97213906838,-0.0,21876.000509187008,21806.15444357804,-0.0,1568.581026423199,1638.3913084518726,1693.0049883721845,1765.018027285971,1595.5519507005122,1531.1885066584996,36032.81680064296,42632.20890219334,43056.33171443092,40297.13090232031,1218.951446613657,1154.7541949333083,-0.0,-0.0,18204.736471658143,34287.36225912956,39032.262337342065,35600.97092203642,38678.19594828743,-0.0,59217.33349293476,52949.96062129439,1018.6458213211714,2164.501128405673,2059.727572821909,2209.568768350207,2314.617877102157,2601.1614755292762,51041.60946115882,56503.73616242249,-0.0,-0.0,18566.598362557997,1109.0994596866774,38905.209084466595,41383.31758054066,40675.656116104015,38877.66621676315,36505.036473116204,37415.108342910185,-0.0,17656.644108774344,11239.891581551838,-0.0,-0.0,1563.3573034303508,1510.0786865220382,793.7567427694773,847.5743684573853,497.495784213679,460.09022416949955,-0.0,1228.8295928656776,1215.9828652565634,1077.6827261409776,1252.0938338935225,-0.0,1841.69450218515,1834.3728490790415,1919.4341984042244,2327.3645996985797,2302.550951040532,2359.274232691084,950.1974039043035,863.3165506085461,938.5299348290873,1473.3111269280203,1134.9427950147128,1062.6649132193972,969.1818983247985,1099.230107035763,8681.535615505203,7959.714723632236,260.60283689164396,268.6706965189747,3923.5114284511915,17654.89899761899,1495.2926449312738,1536.8088625032403,-0.0,-0.0,7910.537044530203,8048.91528899626,8886.951610111688,8156.957503059436,2066.095163061991,2076.6254489183907,38160.80793210176,38332.908109508026,8663.12561434496,8441.643549007465,-0.0,58811.55597181735,2112.7158414555397,2231.5888581643844,1215.175926321707,51544.65464895673,51314.48184337892,57480.150697146804,56587.372047671015,202.32937266829865,62380.98312770199,54513.72106142195,-0.0,-0.0,25539.492467971882,-0.0,1264.2587877706449,1163.3374297087419,1255.9847283418128,2628.779461971241,9406.757984989772,17923.27609868966,1769.7273456131486,1951.156607824273,25.698358437864133,752.8088665171373,717.6454914500764,18055.993996041136,1683.2389755803317,-0.0,-0.0,-0.0,1147.2364967394778,-0.0,1263.1967417844114,-0.0,6201.370479281834,6502.277500069934,5741.521357091805,6024.826954025517,956.4929180634321,-0.0,890.1029481459985,-0.0,-0.0,1011.538299430128,1167.8117340932608,969.2326445707216,872.2200973519439,908.5504379846798,893.5249188995625,2002.9591204290944,1938.4385559716977,1741.5686798637519,-0.0,3148.475137644142,2912.274598357378,3019.0578032142507,3281.1079970374103,4955.791452903689,56553.75747379585,52126.862402568346,12465.304859738642,23440.43002778775,17877.087370373694,17702.635683869525,1777.9053560391171,1807.2960736964728,894.3924729512567,937.8602825840305,2337.8863763342374,-0.0,40007.40799342392,35941.94962409427,1302.500814841886,1187.9499614809397,1125.6268749887831,5632.9942430920655,3104.499011665064,3424.3073174692136,37133.453112516945,35968.26463831234,38560.60959935249,41017.333674916445,-0.0,-0.0,-0.0,2781.3931575357806,2618.32963057609,2491.1529520081053,10846.392491288749,8235.474468587783,6789.900997705089,2360.2966423578205,2540.9211246589707
19,-0.0,-0.0,-688.9049564593363,-2263.6502188117793,-543.6558311159505,-620.4224150414478,-101.02407753585993,-699.6108580722151,-691.733402405691,-0.0,-1342.5916948757322,-0.0,-0.0,-2907.5277087456716,-0.0,-660.5484987647247,-524.3054353086017,-0.0,-45.185775881306725,-260.94483516448554,-331.0621931370105,-844.6468741187803,-890.4167573422808,-735.2538420475094,-2380.563563246266,-691.5615912170782,-0.0,-43.453482750037026,-3085.4540625379127,-1735.7030752399685,-0.0,-0.0,-0.0,-0.0,-0.0,-0.0,108.6599912961901,-217.51543002029115,-2032.8705504421741,-1700.3645083488846,-0.0,-0.0,-136.3512025258,-635.2528956321022,-152.63374188453545,-0.0,724.2882646570627,-1633.0235326477475,-433.694072957858,-0.0,-0.0,-278.48545313325144,-0.0,-12.733710486487851,-2080.2780796229576,-3037.4760388514487,201.17082640028244,-6252.249348059929,-223.38753176157084,-0.0,-1859.7936497397538,-0.0,-800.6730238495985,-2825.582190348909,-541.6307006948332,-537.5766415228903,-44.37848048288181,-2137.152010217539,-962.1666551985052,-464.6635826389952,-3341.0811187907398,-0.0,-0.0,-2704.871722331113,-1181.208598146148,-259.3908664137135,-1740.9296006057768,-0.0,-0.0,-1310.9883398536508,-1515.889089718942,-458.27338977100027,-3801.5961655253086,4.1831830380396005,-30.439648828070144,-1942.4484561891325,-0.0,-678.7519442827632,-1156.4477970782468,-9.580370212319975,-0.0,-1365.864684792893,-93.16373652981099,-787.9673411360055,-2483.9736351213105,-40.63406258687869,-2622.9836352123225,-415.99305676592763,-1731.8813472474374,-2939.9880175720896,-739.8538944283214,824.843858229481,-538.2283292864785,-0.0,-1516.8196558290206,-2624.9748934770964,-4656.94131748091,-557.3483751895899,-2987.7261678997033,-0.0,-1721.7316814177861,-0.0,-0.0,-644.6276885349647,-0.0,-0.0,-668.3191173671025,-80.74476693660532,-1617.2620605195507,-1050.755302348852,-901.3950220440025,258.832033021937,-545.7577738640972,-367.9937470595199,-209.58740479532176,-8.817493938051385,-694.5054192904995,-565.6132182134049,-832.2690286564604,-0.0,-5234.741868730458,134.87970526585352,-125.00496294425969,-4385.241814027959,-0.0,-1080.4805645085405,-68.84813754934792,-0.0,-344.25746228815075,-0.0,-0.0,-986.2239545845863,-0.0,-671.0726247718226,-1084.0148399205084,-0.0,-1433.054871672446,-275.68640929107767,-782.0318596974731,-2085.72034230801,-0.0,-1892.8690949918157,-1155.2971915518692,-0.0,-0.0,-0.0,-0.0,742.3056408686267,-0.0,-1938.8627870272942,-2062.690402657848,14.494696026030075,-0.0,-0.0,-788.8926356363821,-546.6526813593836,-830.7464916245048,-0.0,-459.49014586274563,-3416.3038743271827,-1229.9346096800555,-0.0,-1133.191468373589,-2660.504383004109,-0.0,-0.0,-0.0,-0.0,-0.0,-0.0,-601.349065817051,-761.9607178580708,-219.71335250510694,-223.21208554711527,-1313.0156769999026,-56.46651317119492,-0.0,-0.0,-740.1726254703549,-0.0,-707.2135630828689,-33.03550725610129,-4.32930015182345,5.753176445357303,-0.0,-0.0,-1143.1509424056073,-536.5157864128339,-503.50625503780935,-0.0,-3256.2494879430615,-2073.419531900882,-1328.635622604095,-0.0,-0.0,-2195.485957933639,-1589.1641459583766,-766.9108950321672,-99.86206749959278,-1838.0047269730485,-1420.6665329441578,-0.0,-0.0,-1879.7782075301898,-0.0,-862.2104428863349,-1310.0543399796927,-133.99569218695163,-479.7448338922378,-676.3780500853641,-604.3031382537283,-0.0,-1810.7630711248812,-0.0,-3042.9044749770437,-3501.365789857095,-216.25215004043753,-454.04828914215966,-574.219487634511,-0.0,-338.5185837328523,-286.9169143474937,-0.0,-984.9094883849401,-750.5402462949679,-1165.8794698915979,-2073.512443184617,-1140.2290590210096,-2373.1050938419603,-2078.595857693005,-2247.845748388093,-2334.4040705635975,-1288.9592459185253,-2518.014583306959,-588.9677783557196,-584.1858090304972,-0.0,-1378.5665801337282,-1146.8268947142556,-1323.1238208072143,-420.1651278309181,-421.8650668816122,-2171.573910217946,-865.5298631360374,-417.1957663212719,782.7276019532677,-0.0,1164.7780184699982,-1374.73879039284,-0.0,-0.0,-0.0,-0.0,-0.0,-0.0,-1421.5309936285726,-2657.938661350177,-541.7303497555467,-1119.8346659704566,-0.0,-0.0,-1841.815681969204,-1217.5484074946505,-2393.9890327295734,-0.0,-0.0,-154.27704944115342,-67.68962834559885,-480.55847883915226,-1771.185935609903,-547.7346635648423,-0.0,-523.9931856215461,-801.5230496550807,68.24038354034435,-1375.162305957179,-1663.9476902723738,-1465.4921318898985,-1960.1898301540164,-303.0980228876004,-750.8343791850351,-47.56382839215233,-2013.0127146667774,-0.0,-988.7519386439138,-178.37164109306778,-82.98758519039761,-629.3519693757034,-0.0,-2166.969208189333,-135.10057607013422,-680.5913473618733,-1965.780679784405,-1454.0286370855824,-0.0,-679.583895389822,-937.1880574555457,-27.015714420682052,-327.5530940505861,-529.2680176581151,-55.9722933660767,757.8929120002566,-1304.1355469799398,-0.0,-1035.421746815088,-1466.4686975313405,-0.0,-547.7088246904632,-0.0,-1467.6709305653294,-0.0,-0.0,-0.0,-1367.4602812242015,-763.6188635515254,-477.80767054190835,-0.0,-1862.2128403899399,-3383.531684761371,-3532.7906303057352,-0.0,-409.26749857638697,-0.0,-330.56550686870884,-133.07527690162,260.2008746947944,-598.2800548154347,-0.0,-764.5458405761116,-1054.6348874410085,-345.02245279982924,-652.0759071202851,-0.0,-509.454578847049,-946.2709077533018,-571.07202602655,28.94680160685338,-2587.9318693510027,-0.0,-0.0,-1698.733085154209,-248.57798802852307,-1384.323819514571,-103.20547338218444,-139.77799985006774,-266.1516560383798,-652.9711814788864,-1032.3150705654148,-1497.672841570859,-2579.770141137523,-0.0,-0.0,-416.73469953129984,5535.650951301649,4.802883678807495,-0.0,-0.0,-0.0,-0.0,-2809.5403717531713,-498.50650951224975,-0.0,-1048.1951953913488,-1078.216878517681,-716.1834501051698,-2480.4437156896684,-267.24912856987305,-1318.0772801143394,-0.0,-0.0,-2236.193668070281,-799.7376420289683,-2111.4932066772053,-854.835061598749,-834.7964037895732,-2109.000678216594,-219.5394656812407,-2029.1513152920843,-1322.496269054474,-32.70924684749248,-1024.7939563888986,-1311.8474859978378,-240.065242040756,-281.65703883374897,-1992.836176060572,-0.0,-594.3928954728104,-273.2325712999689,-33.844798712303515,-893.7244366290854,-209.93557696312513,-920.7391130343966,-974.2131929196075,-1353.5881128297974,-241.60205960264364,-2759.17857049779,-69.83289486672541,-566.0521264441664,-0.0,-991.4418827434754,-709.4383085126295,-1143.8675644309392,-1295.3501782666283,16.206882240772003,-416.2310047406489,-3144.0532534745066,-879.8610587472111,-408.0302318586772,-1286.0610655462056,186.11021002203498,-0.0,-0.0,-0.0,-0.0,-0.0,-0.0,-13.799920636392972,-177.2987682097335,-2776.2822762963424,-4985.513515247844,-628.6951017072226,-1224.2931912090821,-157.20245784491644,-641.5711695596463,-1610.3714683184714,-1257.963063409699,-44.803405301587695,-522.6521796972537,-608.3895569513285,-0.0,-113.69377924155538,-1330.6928988022041,-596.6839023930996,-0.0,-1145.924668416638,-0.0,834.0715377897644,-0.0,-0.0,-0.0,-47.07174914599162,-0.0,-0.0,-1130.3049756523078,-464.9519832578643,-1379.7978291122377,-0.0,-0.0,-0.0,-904.2544632383803,-575.7796471500734,-1491.4526224474057,37.66525076394301,293.8827507179337,-0.0,-0.0,-3382.881234033271,-1355.730340151989,26.650642475664235,-56.17026841788369,14.019643964867505,-22586.857180829564,-23473.695133752695,-2796.997919467772,-0.0,-0.0,-0.0,-0.0,-485.5593524593593,-0.0,-0.0,-642.6435800322166,-2695.181321628394,-2291.0295148673417,-1661.8429017782528,-370.45549087933597,-1944.7434716182556,-31.882490577908136,-1404.2109045895845,1131.2497485370334,-8.542442732903917,-1144.9459895315838,4.190038186559454,-0.0,-0.0,-0.0,-0.0,-183.7605628615304,-0.0,-0.0,-0.0,-1027.8993944118881,-1626.5853086385475,-0.0,-0.0,-279.79640275382275,-2466.1470816056617,-0.0,-1668.7736033565036,-1902.040836116965,-2114.428333698605,-0.0,-0.0,-122.80947609155639,-91.11443371826765,-1276.8407714352638,-1711.258951145857,-643.3847882395563,-1399.622173048749,-1317.2497860239243,-0.0,-0.0,-0.0,-0.0,-479.5826135347406,-255.93301844596624,-0.0,-0.0,-114.08983977156362,236.93791753955045,-0.0,-1278.8412687526804,-1175.874382035602,-1119.8329904921102,-0.0,-0.0,-798.3688344147804,-1432.9261756951284,-796.8682532811139,-482.8588511877151,-0.0,-2586.1473400460527,-2416.438189228239,-0.0,-0.0,-0.0,-0.0,-0.0,-1516.6929884957021,-0.0,-2183.4119652590116,-1515.2658969346219,-81.38075436631027,-0.0,-0.0,-0.0,-2929.6827816406217,-1643.5359426750595,-702.9858160502389,-542.1191297110263,-1190.6404420610668,-841.3998606556612,-0.0,-0.0,-772.4152002690796,-1633.9704919897526,-82.86980771264255,-516.5010953793352,-0.0,-911.4680084638969,-730.9316608721035,-1713.3275209658923,-0.0,-346.14956595409654,-139.05432750125706,-359.51422037577555,-1737.5812532093446,-357.0612120732035,-0.0,-0.0,-0.0,-0.0,132.83473397501183,-188.57860128314832,-925.5404842137533,-1462.0185532959604,-1313.5190479127739,-549.8493111017265,-654.9279181316906,-6251.103766640794,-1077.108373949445,-710.6493000923825,-0.0,-0.0,-0.0,-297.90763399807815,-399.40104430847373,-1435.7608977272805,-368.0302760890544,-0.0,34.962280101728965,-0.0,-0.0,-0.0,-0.0,-0.0,-0.0,-0.0,-107.17946295123703,1601.875846254738,-0.0,-1739.0811871838753,-747.7387914416215,-486.2298095455463,-1763.8203845056698,-0.0,-0.0,-658.7699433226767,-791.4222497844622,-151.0495380690457,-136.41941179653404,-151.9664678609752,-611.7431380589777,-163.0140106819013,-2308.1145530933486,-432.9827641314683,-471.538295962062,-0.0,-0.0,-1600.0528150123205,-3151.380677054404,31.72338535520815,-591.1758116025643,-377.0717749270893,-989.9499166809234,-1252.6254763220131,-899.2280827285119,-330.8050161842288,-169.95229080062128,-1625.1601684700297,-0.0,-0.0,-0.0,-0.0,-0.0,8081.216419347035,-96.0242668811618,-615.6015002467515,-685.5390523518007,-1189.7967099424163,-1490.6475116531713,-1430.885265878072,-1907.2240879541337,-2459.66378226515,-521.0280936690039,-0.0,-0.0,-1750.0103837536578,-0.0,-0.0,-302.92823132622925,-1990.0191432691972,-1525.8711648653687,-549.5623146601356,-73.21590537702745,-2078.109045700962,-0.0,-1577.747464993173,-0.0,-0.0,-0.0,-0.0,-0.0,-0.0,-626.6299853666504,-1422.0725042071376,-1148.9656615478652,-109.94968201182466,-284.2756448373594,-664.8198663654534,60.8143584090052,-0.0,-0.0,-633.5775883837932,-671.2361981071294,-4279.134406761794,-0.0,-1666.1842390158756,284.3938199328667,143.61951804259334,-0.0,130.68419704305813,-202.06270166945922,-178.8121352160952,-542.97768271826,-0.0,-2126.6022315915475,-0.0,-0.0,-1279.496854042217,-0.0,2685.073471245655,2559.471320252965,2537.808180790877,-0.0,-0.0,-2044.6779543784428,-0.0,-0.0,-406.5590407853767,-1074.080105028475,-895.8681773887381,-1164.5772764866974,-1379.9126827338312,-0.0,-0.0,-0.0,-0.0,-688.5553053556752,8.47655326705235,-65.78297598622788,-1390.214251440628,-1152.0728065876353,-459.70558509031025,-1652.0695193164777,-0.0,-2358.040122115744,-1428.7898129947316,-1634.4089029167405,-458.32340032577645,-429.833972908776,-0.0,-1357.259742875571,-877.4515159666556,-1094.7475362012303,-2142.507640488565,-624.6783436059809,1136.527595810927,531.3626447952222,-399.0579605993723,-1267.6953657984268,-0.0,-1891.5387026328258,-3496.1345552860016,-542.8565697685153,-521.2770085899698,-0.0,-0.0,-0.0,221.14251987726686,-402.9468849562125,-515.9904993063243,-170.06826046251425,-588.5573200409992,-596.9517322547886,-0.0,-461.522196197264,-1012.030968386069,-782.0792515192811,-0.0,-2368.118788616407,-5435.417752533576,-0.0,-0.0,768.4172727576553,662.5808668526352,-0.0,-0.0,-763.318189895782,-946.7882073539323,-373.63901374982277,-767.666450730623,-0.0,-0.0,-0.0,-0.0,-0.0,-2905.6527451438146,-445.5771558735616,-1983.4139866695796,-1145.5026938336193,-0.0,-424.95883819402394,-517.1872905429844,-0.0,-259.6109352593705,-919.0837605983493,-1284.1021022953803,-4914.564525517441,-86.80973635829844,-0.0,-0.0,387.53356756607445,1008.080021707231,-0.0,-0.0,-429.065308638863,-0.0,-0.0,-0.0,-2828.3922345738047,-0.0,-613.6396326711883,-0.0,-0.0,2001.1736992909857,2296.49389806496,2038.969459346989,-0.0,-0.0,-459.631116562309,924.2166469916734,-2521.039458314382,28.34822339152279,90.63298813027379,-2891.653936043926,-115.41421049280231,-201.93380849009392,-656.5203981617153,980.0091792980953,4151.5050981003305,-3443.7779027756214,-0.0,-0.0,-1135.0768850018287,-1893.3372011427414,-1352.5378408542458,-300.2747317155518,-49.984988251157766,-0.0,-0.0,-0.0,-0.0,-2242.803179323186,347.609562598165,-0.0,-4.430899991346206,-0.0,-1687.4865697238054,-2158.9348886092785,206.84908984027808,-0.0,-0.0,-416.5087159503062,-0.0,-2063.352472998147,-98.71804174988334,-1117.0134447401867,-459.4479093435402,-1358.3349482488798,-845.8936541350913,-1299.6971249191743,-689.9339924623094,-0.0,-0.0,-0.0,-136.41548682111613,-0.0,-0.0,-291.3085090589004,-491.1175844710898,-811.3198029227974,-0.0,-1871.9318678406153,-1177.9659806221432,-1003.57748868984,-9.110866756103272,-8.048623572053202,345.2217045844122,41.247591230117756,-0.0,-0.0,-13.681417259728486,-1880.7102120768157,-759.8407133815977,-940.4879619408357,118.12404826492191,-2393.4668681644316,-2173.140133869161,-1112.910030206161,-1076.2295195366592,-44.64848095857391,-618.7819072629459,-809.5480807496131,-1448.9005868846743,-2303.2807005800937,-0.0,-2037.6311956382913,-168.08656627289852,-0.0,-2777.4407264503247,-3072.195318231114,-2443.291821414962,1937.1086101119947,-0.0,-1717.0434732290657,-240.974849970444,-1417.2233899877963,-750.6027280759164,-147.99090568367882,-2308.547980694773,107.02153231959647,1743.5167065544358,-0.0,-211.14336547010316,-450.1741500304139,-1232.3123032251074,-1168.024282682713,-1902.7921365240038,-4521.619512500791,-0.0,-666.1692469744305,-1583.9706694200845,-823.5117668851697,-254.35978777789768,-30.60326460211579,-307.5348270299318,-0.0,-0.0,-0.0,-0.0,-378.01014268746917,-1479.1101321768774,-997.1998094703472,-71.86958191706573,-554.591055797811,186.77121971391836,-0.0,-0.0,-1118.5852538717231,-576.1968976344197,-0.0,-2295.455130392949,-105.64089197281427,-1397.2901665697427,-0.0,-224.8595928566595,-205.1118590789469,-0.0,-0.0,-513.0455709186948,-0.0,-0.0,-4823.401772755779,-233.3145117514021,-2386.1342896241617,-0.0,-0.0,-114.03045171463823,-1546.0833693375253,-770.6206959331898,-454.5861542534877,-1505.017245531985,-0.0,-833.3362200934986,-0.0,-570.5470141137614,-0.0,-0.0,-238.0326416525299,-104.1217927228923,12.732789874611257,-377.04648329361754,-1611.0144278207472,-2177.095090036078,-0.0,-0.0,-0.0,-25.453073871663445,-467.66285046416004,-0.0,-1826.1635728263302,-2756.3142399299277,-0.0,-0.0,-75.29002556389236,-1522.3306765781247,133.57151871212258,-0.0,-0.0,-0.0,-0.0,-591.3471208823496,-2701.4924058918114,-256.28014554026583,-1335.0414121795397,-0.0,-0.0,-816.7071679658698,-578.9730423768773,-374.05101793659793,42.303205107252,-0.0,-0.0,-0.0,-974.2460205041469,-726.7375514690157,-583.6428667293933,-358.2791444695576,-0.0,-0.0,-0.0,-0.0,-2417.318498342204,-92.48944246508671,-25.07769000786801,-0.0,-0.0,-754.5034228219142,-473.78621443242855,-0.0,-2160.1037001524346,-4931.285070298967,128.20306977501056,-1380.4593746911526,-0.0,-0.0,78.15965989591717,-483.0409273857245,-1874.0465259435261,-580.1070432155431,-2915.1537699581004,-1533.3498550095899,-864.8579874256276,-1787.7918408690382,-0.0,-0.0,-0.0,-42.241871952003336,-1275.1359074910883,-0.0,-0.0,-3274.514474604362,-96.59156075260907,-1677.6719382516353,-866.8186824247986,-0.0,-0.0,-0.0,-0.0,-0.0,-0.0,-785.2444181556119,-0.0,-1923.525189083182,-0.0,63.94991628464476,-1493.4405807974038,-0.0,-0.0,-0.0,-2665.6094086967405,-0.0,-0.0,-600.182413224339,-0.0,-0.0,-1237.782696754452,-653.9822957799897,-0.0,-0.0,-185.10476792197235,-2350.8655539442143,-0.0,-1134.266175066657,-888.4306284333205,899.4891893887465,-203.81000798407925,-0.0,-633.3332212405073,-2.7856128391776154,-0.0,-25.420183092023077,-0.0,-407.2209046022017,-0.0,-0.0,-0.0,-0.0,780.9469650976758,742.2247871618525,-1027.6609149303372,-1881.111674625294,-0.0,87.89076319044615,-4.639654829318547,-81.094559401544,-982.9868786936968,143.3878514299978,-556.6116295245453,-430.04477470684066,-188.735049474517,-3987.153057872182,-0.0,-270.37781723822815,-1977.4777190134039,-2695.828098400889,-0.0,-1353.7944374058989,-1661.1941740697343,-2344.582520271237,-827.2179097199407,-0.0,-956.4990762402505,-797.981649295701,-868.4391353681144,-1492.5430313796019,-1151.5521355947938,-0.0,-138.72213931892372,-1228.0106883968242,-0.0,1206.4417083486885,-494.11978909997123,809.6429768068665,-0.0,-0.0,-114.4531171760579,-39.78984124326654,-2526.376597333933,-1125.7134911604774,-0.0,-955.9204805482616,-3251.4774733723584,-979.1904804301777,-1007.5628753957278,-1382.7626803255857,-451.48098016017366,11.935495160489582,-44.25014108450549,-0.0,-0.0,-1036.736319355872,-92.83350294378796,-0.0,-0.0,-2203.3340831440833,-845.2926856285653,-728.6707940196734,-2032.2348592603041,-104.43193963963604,-21.913400266555378,-2749.8653951154224,-937.4893768660828,-637.2771456782743,-1103.6842536977963,-0.0,-2506.9373065920768,-473.62495820628226,-1356.3285732376123,-1558.1675302430076,-364.08573143130326,-592.7421194399059,-1881.2967670406422,-470.8602394068346,-0.0,-0.0,-0.0,-1467.459298729696,-0.0,-3490.59430024727,-1419.3730271020297,-1656.1910674569888,-0.0,-0.0,-0.0,-0.0,-0.0,-140.0700850328357,-0.0,-280.18407806786547,-1035.4465055763928,-429.83883948525715,-0.0,-0.0,12.177813154259335,-0.0,-0.0,44.92435168881014,-283.5818966932843,-0.0,-563.6595602925255,-0.0,-0.0,-96.5824515795225,-12.710460759688662,-3074.2790267020423,-2439.4157612727727,47.5961504826478,-8017.456426713615,-964.450729535981,-704.7314787646585,-0.0,-969.5081477617705,-1702.4696823410393,-0.0,-0.0,-0.0,31.138673696364208,-0.0,-1532.1665777892047,-0.0,-1554.6748990899098,-0.0,-0.0,-2419.5383939499484,-427.0036869575071,-798.3081479856766,-0.0,-0.0,-0.0,-0.0,-300.6905817618599,-806.9097060448614,1548.5098588248604,1052.2991473841348,-856.2734333180977,-9.493388454515628,-0.0,-363.2339565979671,-361.3535858137948,-1941.9708028135256,-518.918859447114,-134.08166648190365,-1196.7028264404325,-1672.3659212248288,-1044.0848008329376,-769.4032733991824,-0.0,-0.0,-0.0,-88.64669884166184,-0.0,-1896.379922131634,-660.3337129515945,-0.0,-2039.6637306039856,-1333.2409670470415,-0.0,-0.0,-0.0,-0.0,-0.0,-1227.3154617002585,-0.0,-311.6065118296226,-2044.8840857728778,-0.0,-1197.9680983424103,-0.0,-0.0,-0.0,-2634.51997529482,-1448.6134271859707,-1155.1093221379215,-2909.8836245502043,-0.0,-0.0,-0.0,-87.95334781400965,-554.3849108387582,4.214869090064697,-484.04009942470003,-330.06217769480986,-0.0,-0.0,-358.4503690192396,-1543.5381825296345,-4286.358091366175,-0.0,-450.46138623967227,-1468.2255003648627,-448.3653661147532,-532.9429824881233,-0.0,-0.0,-0.0,-2053.295458628576,-2120.9532770268643,-46.85416815198113,-1888.4444831499443,-566.7439339646489,-384.9545678931264,-9.526079734940991,-1277.1287702242025,-0.0,-2227.9916992060907,-0.0,-557.1733773830792,-0.0,88.97062875158736,-0.0,-0.0,-595.0796856258997,-894.1957719500001,-8.48898662749661,-0.0,1400.783013262787,-0.0,-0.0,-1992.7680380378868,-1506.9451109064485,-1242.590680751911,-0.0,-400.92398543288294,-689.2304634584148,-1610.316046491514,-0.0,-0.0,121.32266908078589,-772.0653023069387,-0.0,-0.0,4.145545864646695,738.9283589991434,12.972834862928499,-1617.685660243183,-0.0,-0.0,-1948.7331604560013,-1852.279237338139,-90.40808825103649,-0.0,-183.87589832205944,-813.1408778642004,-1231.9669226771473,-1791.937193218569,-0.0,-991.9448606523736,-7.043382396531887,-0.0,-1811.094114039613,-0.0,-0.0,-0.0,-0.0,-654.5354787800003,4.028470146654251,-17.89408144116619,-0.0,-0.0,-634.9715218227623,-0.0,-0.0,833.4996426172917,-1140.3401668714835,-57.65499900303854,-2174.2665802314204,-0.0,-0.0,-713.7975501665875,-0.0,-302.7076546313738,-1264.7709427188438,-1110.0440881866332,-1238.914305335871,-0.0,-0.0,1597.9073338521196,-0.0,1112.7382363080392,1007.4800136687886,-45.21205853353553,-931.92232301802,-0.0,-0.0,-113.71314222847182,238.86630060159487,-887.7955850888388,-410.469627520426,-1158.2303321015886,-2944.9717704905074,-2119.889937367045,-0.0,-0.0,-295.185717669292,-5679.956696880717,-671.2929376614985,-606.0601439836098,-0.0,-0.0,-659.2924388867792,-0.0,-1141.6183043348003,-1415.7758362290122,-843.5415483913374,-0.0,-0.0,-62.16535588003248,-0.0,-184.4846256203839,-1554.1479495643332,36.957693364240036,-712.5922028256634,-487.1202261584418,-271.89448240337487,-711.653904656727,-2514.4536513731937,-18.310483579689812,-1305.0735758045118,50.27544497231348,-1087.81090470229,-339.3945493722799,-0.0,-0.0,-251.87668370081238,-0.0,-0.0,-1795.8727645472381,-709.9665171192116,-0.0,-930.9105091019973,-556.379317365013,-0.0,-0.0,-1557.2580872119852,-886.6609954585609,-1667.6500372154326,-1483.812808362894,-0.0,-116.43327836307219,-3372.543575790877,-1158.3068599183941,-302.7817449291247,1743.6988926932554,-1995.7156016347205,-1356.8736544074382,4.581053398216062,-960.4165692171638,9.629352037539924,-1975.7146918482629,-0.0,-4055.893246880652,-887.6172045050648,-0.0,-1713.2417957465295,-1598.83104709634,-0.0,-208.1101002660816,-985.221572551235,-1295.3661034535114,-1532.3612131886664,-828.2620304416549,-570.6365650856193,-575.0061095781283,-0.0,-161.4018696631935,-0.0,-2674.4505195068073,16.23623444963032,-3818.765320545691,-888.7895513498795,-44.82088173000008,-39.684587505287794,-1509.9899046945936,-899.8362318754641,-0.0,-460.9478459069798,-0.0,-0.0,-848.0402124780251,-0.0,-0.0,-0.0,-0.0,-0.0,-0.0,-0.0,-821.52098608691,-526.7139152364091,-2970.1144382296716,-2614.965364507152,-0.0,-0.0,-1254.1673261213093,-2162.6138811555998,-546.2688124119699,-200.09033954968217,27.68366377429082,-0.0,-1491.2295143339898,-0.0,-2609.5315711297376,-0.0,-0.0,-0.0,-0.0,-2076.808299985892,-246.55246358983973,-491.72344531051755,-1181.6555617872045,-1460.0791138461946,-1185.397119571023,-805.0824419612029,-1297.3952786861594,-0.0,-0.0,-0.0,-0.0,-636.1578851411223,-464.35877524750504,-1492.4441597872976,-0.0,-763.5285660472261,-6863.991654441712,-660.6817558092539,-864.3962774607187,-3123.9829151775375,-882.8618453758028,-0.0,-573.2541595750945,-610.6644504862965,-1233.6260174407812,-647.3453569226853,-1607.43867787821,-1845.5888948878892,-0.0,-0.0,-0.0,-0.0,-1738.501431053827,8927.23193257037,7299.797429063506,-0.0,-0.0,-0.0,-0.0,-2216.5218275363864,-1251.6273288868347,-93.42801201789995,-1530.7374190084265,-879.9612378871177,-0.0,-0.0,-0.0,-0.0,-790.1497643748089,-0.0,-2027.507181711635,-257.3819186483242,-0.0,-0.0,-0.0,-0.0,-141.83449362308966,-569.6288205794837,-432.37670604535657,-939.3152661830684,-1255.333645809843,-1214.776857903278,-1188.705445148742,-322.92503073735884,-1621.855963696081,-1565.3400553537606,-1251.548255493068,-1657.1089014974734,-41.92447422594501,-1302.12981459694,-1101.2567741917085,-1006.237115523516,-1685.8146651447553,-372.5999553072204,-2410.679797253671,-1627.5964572073244,-2041.6595838682354,-643.3757840135289,-594.6631705644329,-1147.2845565092873,-0.0,-1152.5733171469312,-0.0,-3623.562721968377,-848.494497753219,-297.2366082063627,-2029.437504644865,-1633.4323051224867,-1229.983359577534,-0.0,-0.0,-0.0,-0.0,-883.7146993005869,-3885.7466125364713,-1825.7693259125513,-0.0,-0.0,-1227.7317876173543,-0.0,-0.0,-1304.9300863225005,-561.3902244564865,-1176.943858082557,-610.1158957697247,570.5368010191203,-1176.5489366934485,-622.2225445475482,-1660.344701097178,-0.0,1498.3445723752147,-0.0,-0.0,-1243.9922596389763,-5965.101444523253,-0.0,1794.650880314602,379.8233590274175,-947.5198553518601,-250.02531374436245,-0.0,-1908.0159745797212,-1076.7046555778559,-2351.7845558819436,-2246.525963855012,-396.5693977298418,-0.0,-496.0775427755443,-175.63117892550872,-0.0,-1067.4709637502117,-0.0,-1915.6941463162736,-2394.0769763773656,68.31406835415628,-2574.1239474749414,-2149.2254470356615,-0.0,-592.1268803203585,-1466.3331572011332,-2078.2302545291263,-0.0,-415.3002531593425,-2577.2828611691066,-959.8041315222314,-882.5828572885238,-989.5234818682953,-466.634431307442,-939.8866137082236,-1673.901657966537,-0.0,-1042.1531014822278,132.8736137049755,-1531.4122260258391,-0.0,-622.0045177525768,112.51768192785126,-985.1905516989075,-661.3455919301456,-0.0,-636.9666101421703,-481.86878459189285,-1801.5297516399148,-1340.4495727097549,-1726.621890765783,-929.2009053018128,-844.616359356099,-992.5833974992103,-2324.7840675028606,-24.548980378465917,-0.0,-579.4680949447545,-664.6047945628493,-1473.9952920769747,-2209.6929235975003,-339.06716486072094,-784.9761170903753,69.1722219302919,-924.3434418414523,-1342.5444121461926,-855.4023988199563,-0.0,-1091.3656060950548,-60.29533165414416,-2664.032081710724,-0.0,-451.5952491307041,-850.0227122306994,-601.7743814487661,-2486.444784773385,-182.84303762050632,-1652.4945695346369,-754.8427659411097,-2769.38895612985,-0.0,362.6933942836413,-0.0,-0.0,-345.0960916975512,-0.0,-0.0,-3914.1229041441147,-28.963817341376718,-40.0793343000627,111.52064259484088,-1432.3587222810488,-0.0,-0.0,-0.0,-0.0,-0.0,-30.222994327249253,-0.0,-380.2432574723299,-0.0,-315.58290251071037,-2086.81790780011,602.2518424635944,-3181.913951191529,-0.0,-0.0,-0.0,-0.0,-0.0,-0.0,-0.0,-0.0,-0.0,-2780.965146259398,-0.0,-2906.0289933640647,-3382.7723960757753,-41.42419810280197,-0.0,-0.0,-0.0,-0.0,-975.7744165084478,-1182.0499744804174,-0.0,171.92783796182698,-600.7692227616656,-2324.6722141685673,-703.5251846178548,-0.0,-573.9907186171893,-1247.6191910529512,-0.0,-0.0,-670.5440924280991,-990.7906436081942,778.7884678842206,-525.8828111012006,29.404193805861464,31.866734553302816,-0.0,-0.0,-0.0,1679.1021052805609,1502.4203153161034,1761.2420918341118,-0.0,-0.0,-0.0,-854.0387008220071,-0.0,-0.0,-1029.3403522579222,-83.09846759560472,-504.77882718822923,-60.884027740980095,-1114.1573544819946,-862.489735899373,-1556.7405372585545,-154.960566924456,-301.00941736889433,-1334.028173255345,-0.0,-2326.3062279494116,-17.37981214055414,-1028.1653556730444,-995.865599451159,-17.744514617851287,-0.0,-1407.1682171551463,64.51120118304226,-0.0,-0.0,-0.0,-0.0,-0.0,-1488.9737761831423,-3331.834253156677,-0.0,-697.2306387542022,-66.0565120307189,-0.0,-0.0,-0.0,-447.89859983060427,-32.373829085579544,-0.0,-1408.5860961686767,-853.7900688033496,-0.0,-0.0,-578.4584229369225,-0.0,-0.0,-1764.7919621531748,-1489.4936445564247,-0.0,-884.0213273502121,-2264.6149824990107,-99.57326664436447,-0.0,-0.0,-315.9868436187618,-841.2411918378845,-251.58897506161154,-212.87770095380145,-176.54293372641075,-0.0,-0.0,-0.0,-1456.6445359895356,-1069.2153755109516,-2103.629777559296,-294.41764776791837,-1437.7163371760685,-134.00077495481526,-177.12409151504752,-519.4165498431108,-2135.7369913812354,-0.0,-0.0,-1870.4139194993559,-2040.5020312793524,-0.0,-0.0,-0.0,-584.9733185999577,-2496.3934469068076,-3679.9954512187182,-0.0,57.22223512359348,-190.99604484577856,-743.1981931249711,-729.6309449133341,-2205.2082936219863,-0.0,-1598.5559562319795,51.00385132108727,8.720546948324882,-331.1042209777481,-0.0,91.595400248609,-304.8509527200935,-458.9306858943763,8.391893574480967,-0.0,-0.0,-713.3304110130226,-14.065931934714484,-0.0,-1443.8278176875936,-1050.0577997520224,-1328.263989267484,-861.664601176754,-1242.2077080635388,-1879.6246302443249,-0.0,-0.0,-0.0,-0.0,-0.0,-377.44389737115904,-708.2488839497654,-1362.9840611409131,-1654.7355760916628,724.340043060843,-1575.7500278042753,1798.2467716918247,-0.0,-2243.532350145831,-1803.0543622161024,-898.8099089310164,-33.10552392075196,-131.64728652849567,-2388.249419320494,-245.0081150610174,-0.0,162.3781854126148,-970.0195744678291,-0.0,-0.0,-650.9350024273733,-446.33877022045937,-422.6159436546396,-1337.5173054111922,-1809.732286085788,-0.0,-1618.6374986217263,-1222.7495124625386,-4459.549836818833,734.145500009251,601.2082715699745,729.6225256597705,755.3633308290262,-0.0,-0.0,-0.0,-0.0,-0.0,-0.0,-0.0,-0.0,-642.3931978817359,-0.0,-57.112547590985976,-41.768194520981794,-0.0,-1407.9517537021518,-1523.654399272069,-2160.469309642038,-0.0,-0.0,-0.0,79.8515377912072,-3248.9933441862663,-715.5978760346052,-3089.4741159297937,-1674.124971773009,-0.0,-0.0,-161.66271174900396,-1497.4355204463711,-0.0,-2098.8579212301333,-772.7346911281197,-0.0,-0.0,-0.0,-2621.4027778980376,-0.0,-0.0,-0.0,-0.0,-0.0,467.0412762693256,-0.0,-0.0,-0.0,-1056.8750094363463,-0.0,-0.0,-0.0,-0.0,-0.0,-0.0,-0.0,-549.2900527852902,-1111.9174997139828,-1625.4081097424157,-1790.1873230028582,-632.0010382705476,-1329.5097511190495,-39.8069761260393,-0.0,-689.1976527531095,-55.112153024578745,-0.0,-0.0,-0.0,-0.0,-870.216007619455,-0.0,-539.4587985691164,-1379.9976398393635,867.995043363901,781.9117285746631,796.4765930435868,726.2028336138345,756.9158857954858,-0.0,-0.0,-0.0,-0.0,-0.0,-0.0,-387.1267089902105,-0.0,2254.178429471289,1041.8488441099614,1252.7533152007854,-0.0,-0.0,-1345.5943909525297,85.62921171328314,-68.83083580703126,-2569.4899821560875,-0.0,-2037.7292918841263,-0.0,-0.0,-0.0,-0.0,-710.0087051542715,-0.0,-580.4101457839191,-606.9048920206568,-416.5772507313643,-0.0,-17.982250418422446,-0.0,-903.0376534226137,-0.0,-2451.0923336674273,-662.9664104955548,1870.9403094377844,-2297.8383494088803,-1039.2492682437,-75.03805564490212,-904.8370967107448,-0.0,-575.0471677285599,-86.1562631368917,-2618.3140223804253,685.6388722379371,97.48521621427845,642.4975681078212,1360.1517944746524,-0.0,-337.5988369042381,-27.178054026584274,-1145.7120643521205,-1325.4571167098131,-1556.9211716981936,-2006.2218674517267,-0.0,795.7049741190983,-0.0,-415.5787924896609,-2488.124426239923,-1441.2528841568376,-0.0,-1385.6613233503995,-425.9728743505905,-644.1238160705183,-786.4577170607749,-365.92495999249604,-1485.3257925755056,-0.0,-2342.535856859346,-429.67262904422176,-1636.0214734572935,-341.54878861402096,-0.0,-0.0,-0.0,-0.0,-1398.944826858319,1275.2662539727226,-1188.9267877171776,-660.5836321675104,-0.0,31.92013741901314,-0.0,-0.0,-839.3375345816736,-774.4739340646805,-819.0169972659746,-696.5555386893624,-0.0,-0.0,364.02494030108465,254.33691681262408,638.4588880397084,-0.0,-629.4764248579949,-2054.605392029862,-1364.2521690507624,-4.6708457753242065,-1772.7262214848083,-0.0,-0.0,-0.0,-620.3418287333214,-934.5048237214763,-0.0,-1452.5246119317508,-0.0,-2854.1938193318065,-3958.976821663095,-0.0,-20.92308666878129,-0.0,-813.6233230455177,-0.0,-0.0,-0.0,-2327.4976707349783,-1204.1393082707323,-655.3044116229903,-942.9642599564585,-0.0,-0.0,-2292.004119887292,-0.0,-588.7348613412393,1258.8831484153313,-973.9000422202585,-819.7754329303657,-599.2477866323806,137.09717783496754,-0.0,-0.0,-1447.8482522512413,-0.0,-781.6836922257341,-73.81778462048256,-391.2997385122238,-368.58920828589635,-0.0,-0.0,-245.45710959789236,-689.0103663667535,-1133.9451823752393,-674.711705341384,-1146.4337361516323,14.007721962063483,-0.0,-140.4291758032013,-2244.730200028068,-1358.5660678565391,-0.0,-0.0,-0.0,-613.7435087725058,-651.4355245518669,-1683.588782796017,-0.0,-0.0,-0.0,-0.0,-0.0,-1605.5918137954911,-765.5632150727288,-0.0,-626.3121168450682,-0.0,-19033.44300322986,-878.5132009665128,-127.85590228518302,-653.24902693642,-0.0,84.5684146557001,-1377.5934491297985,-2776.349172252551,-0.0,-0.0,-0.0,-837.8066403957836,-553.1158589468764,-1187.4463910969894,-1084.3625116446628,-612.0541836098812,-0.0,-0.0,-1863.6981274382479,-620.9233275624189,-2468.7272392086,528.8418722747706,-2556.074990932773,-0.0,-0.0,1775.0562191049726,-1678.0107374138101,-0.0,-255.547096652169,-379.7493404614339,-681.4435031050847,30.55066418720189,-960.5123597607551,-0.0,-0.0,-1475.2780980842938,-1375.6394325858603,-2641.94226455285,-0.0,-0.0,-2615.331746584708,-764.9157865456893,-777.3580102268975,-2646.333514767313,-1557.5229840638383,-0.0,-0.0,-1134.2539647950075,-0.0,-95.72737434107428,-1670.6434820878576,-1919.7991354334836,-0.0,246.6122800941533,-829.2371861211336,583.6760939097779,-282.8024712059227,-264.7370038698305,-0.0,-485.83925078693267,237.6079268920282,345.1392535123742,-491.65810957157476,-2690.409585125141,-2150.1531896396455,-92.74213428523849,-4790.0683650357505,-626.014972023147,-1216.812853037373,-52.95700627159683,-4056.1948579611203,-360.52371473682433,-690.8473762442478,-328.3344239369518,-1730.3686458078855,-1075.592984479083,-3687.212677350297,-5777.849066705242,-90.6633754048331,-730.4472859351706,-1835.687928020788,-1267.6726048010937,-0.0,-3647.8817598283085,-0.0,-293.3182405768469,-1643.1086862769603,-1479.96356736919,-0.0,-0.0,-1010.7144897756589,-254.26011039269244,-0.0,-1480.1906247930465,-0.0,-719.2424327008177,541.3637408740786,-2416.123340478383,-509.1391836686885,28.2133324648592,-14.25295357904245,-0.0,-2014.6780467521057,-610.1163838126424,-0.0,-139.92181554864916,-0.0,85.30155116985603,-192.91572805599395,-0.0,-403.53874405572674,-1492.4810841741696,-477.67803333897047,-843.096958801581,-2353.075595003582,-0.0,-4318.682911707488,-1868.7948074552653,-2626.0031692669036,-2384.744273651646,-78.11492068018646,-241.2100431365234,-682.0423367834054,-1575.5931444965302,-0.0,-0.0,-1334.1691141720519,-206.5091109912777,-0.0,-83.10808393751307,95.48892579335205,-2395.136790971245,-0.0,-0.0,-1396.563984338685,-0.0,-80.42279387050877,-0.0,-47.77777228807252,-156.34180569027936,-0.0,-403.4540714688711,6149.0730763553665,-0.0,-0.0,-2818.388713715589,-835.7999160628353,-292.53043255004565,-0.0,-0.0,-0.0,-693.6625585284335,-2284.5172315260697,-0.0,-0.0,-0.0,-2431.7760362268627,-0.0,-0.0,-0.0,-1691.0343009277294,-782.6279624493577,-321.16049174967014,-497.2811064076623,24.909190359598817,-730.5745503789175,-406.127092814311,-222.2021043633823,-2563.868314024032,-0.0,-0.0,-1341.2722928743392,-818.4865251666404,-2627.0119698535295,-0.0,-0.0,-2871.7342718340865,-718.8314016916408,-1654.8343081375046,-444.52899460364,-665.6207764442585,-2493.6609122752334,-879.8002759662376,-91.92051191337573,-878.9879731736401,-2142.886543159081,-1651.8242543515835,-1459.1221528563217,-0.0,-654.5913878961956,-0.0,-1670.985871351752,-451.72319779462464,-234.88756202662069,-667.5114594406155,-924.3217390989032,-13.087130447228867,-0.0,-1264.6718232274131,-591.5491142720994,-47.01117541475293,1633.6676912524767,-79.93403275022003,-0.0,-681.8626900310608,-496.74303244901176,-0.0,-721.7283872639897,-1661.1641593603615,-0.0,-0.0,-0.0,-0.0,-437.69305838771464,-969.1517485280771,-339.8708537063907,-520.3954256555077,-365.8342238355021,-1732.7155481719815,-766.1134898864169,-1506.9785261708512,-2699.3190497969717,-2089.066512580781,-0.0,1048.0597149532755,1058.7452707870964,595.6695890053734,813.5163393681154,467.774911020459,-0.0,-0.0,-0.0,-0.0,-0.0,-0.0,-0.0,-0.0,-67.30550921208642,-925.1112839609054,-545.0389159067998,-293.24051053596696,-1268.78983950235,-105.78710836099182,-383.35968422568556,-1222.3808249441347,-315.1075341730613,-1853.5295904416053,-805.5679901398856,-87.8259292076773,-400.21137857777995,-25.400325517217297,-0.0,-599.4351167344549,-180.98121059128937,-218.2101088162991,-783.0790496348466,-370.54468772132583,-1599.8934659604402,-314.28636521772245,-0.0,-0.0,-2012.310627923186,-539.1317441183812,-349.31811019837437,-569.4454341545642,-960.3664343748796,-459.32784399411645,-428.6554140520671,-0.0,-678.8498426844044,-725.2772059535628,-892.5273226550768,326.7937142564284,-1407.7699263011614,-2360.3801102364655,-224.94578723466438,-704.2813149797762,-703.4500503943457,-14.050047667586961,-0.0,623.5205971599005,-842.0556502970708,-37.310032388872656,-2033.2683564438503,-0.0,-0.0,-1298.76057897333,-520.9931789939352,-0.0,-628.4895545683332,-719.0531169865968,-837.0227090355986,-0.0,-742.6329830383556,-506.1968259803606,-2322.347158265466,-4459.374108704568,-408.2533737960817,-0.0,-85.8819807424217,-448.4738233063836,-1586.099574749472,-237.73403573872292,-603.1913784771871,-754.7710866986182,-789.4329804709879,-399.3798551650739,-0.0,-0.0,-1731.3109653824217,-114.60556834168972,-455.17471154916734,-827.2234779023528,-1256.0399818764836,-2559.114773044477,-0.0,-609.4952801664824,-0.0,-0.0,-0.0,-0.0,-0.0,-30.148498011533412,-192.77868431689544,-375.3338891592302,-0.0,-0.0,-0.0,-0.0,-0.0,-0.0,-1244.5084801652356,-2384.5458273907902,-431.3377337789972,-521.0084918863652,-48.34346512636843,-0.0,-0.0,-454.68496047965584,-0.0,-0.0,-118.5765929830009,-2832.509557081597,-0.0,-0.0,-1557.2365797711805,-597.1895587044022,-924.2212040429554,-1036.3259774751289,-755.0073112434493,-0.0,-0.0,-1230.6848642658513,-1912.76040779147,-1033.5650129693267,-0.0,-1196.4999047559872,-0.0,-380.5431859961728,-760.5093244245583,-0.0,-704.7172597536785,-1879.4870595650534,-0.0,-1791.8566146272249,-187.55599678375978,-625.3617651365411,-1449.6170239266446,-240.7542610194254,-1284.869570642961,-0.0,-1069.866858797113,-28.825180085351633,-2486.908981191896,-1973.9675321914278,-0.0,-0.0,-0.0,-0.0,-780.431446409719,-857.2128064976815,-0.0,28.536265277134014,-384.7137023663826,-800.6435608757924,-2162.8304430729,-2399.8438737409597,-399.0597356148547,-0.0,-1481.4027722522121,-893.719375663824,-1811.4187963620618,150.33430081434358,-0.0,-3545.3589152362006,-732.1466585081442,-0.0,-468.9351797049858,-1537.7167801047258,-0.0,-0.0,-580.4625518540474,-1522.0245253010153,-0.0,-1143.257257886727,-1366.53791743602,-40.39105559203279,-87.97901845131899,-536.5192849020492,-0.0,-1567.7665995282682,-2763.4634193632837,-1228.6622360504336,-189.55611255218167,-2010.8839506593379,146.0544275995534,-908.4697314429914,-662.3334143734623,133.6082026697151,-911.786935935706,-1547.2301539461796,-884.201990603737,-1375.6909923826543,-433.438734879555,-636.5534550243134,-806.9572477601178,-1641.8427259544483,-0.0,-0.0,-1921.6302549670663,-344.33867169470443,-0.0,-1587.5494578827722,-1309.167820853564,-0.0,-2620.749564248619,-569.6961427908674,-0.0,-879.4063008780166,-0.0,-0.0,-1335.7440359690106,-1077.2399863126127,-0.0,-0.0,-0.0,-784.5883733145486,-4.7664816981512566,21.44154616675236,-268.6977689502262,-0.0,-2242.430226280031,-1572.6302601172758,-592.1704938028247,-2188.540405043521,-0.0,-62.35539899872611,-995.5671499980261,-0.0,-453.39475307704237,82.53467371206453,-1711.0456558643332,-1093.515224890939,-723.1552126615878,-1351.6140060892265,-0.0,-0.0,-0.0,-844.2235844225722,-0.0,-412.91111022081105,-1033.383508883241,-224.24291700724595,-1286.2344539754342,-2307.5352294489317,-589.8459080567492,-2215.2990198770117,-0.0,-1194.1312712662486,-777.2503250926196,-539.5011347441133,-1346.6472583912644,-334.4857279398962,-548.675820721605,-1590.9280418463231,-0.0,-0.0,258.2634379532327,-2911.1189187575565,-1040.7000280905859,-283.64926259738945,-0.0,-391.51765469467904,-570.0540703468452,-683.7294844935973,-0.0,-0.0,-818.968981432189,-0.0,-22.49292915857893,127.76973118485635,-127.58266669714114,-2125.5600109735656,543.6747782720282,553.9191266317607,531.9827435861058,684.0424813091896,50.91984012584562,-0.0,-670.0025474438581,-796.4372354112484,-377.85755463723257,-10.442420494134414,-0.0,-0.0,-0.0,-205.63727687623415,-14.27271240019703,-972.4280491891218,506.0835172669939,2537.78213009079,-0.0,-0.0,-0.0,73.05326643068571,84.02972033274555,-0.0,-3273.5846265341665,-0.0,-0.0,-0.0,-0.0,-0.0,-2602.093986535063,-299.76307065636246,-0.0,-428.8949599034929,-2270.502224069111,-171.89176931914582,-341.42655487197584,28.012199649678703,-1836.921562741506,-4592.233669539646,-2088.3920723876086,-0.0,-0.0,-1781.7691058550213,-1110.8661712733183,-780.6020951215064,-442.2212263426024,-370.85274072299944,-1067.1478516213076,-1079.9829293359992,-5287.6214721704955,-717.0729099123932,191.37843050810224,-874.3803062382898,-1160.1395338280433,-660.9092068380476,-672.9167320797385,-8.075281585658628,-1721.5759507226796,-878.6108948980183,-625.1354770283693,-0.0,-0.0,-0.0,-0.0,-245.47191980348708,-1294.2202284018733,-0.0,-1325.2883819838323,-1457.7390707432971,-0.0,-0.0,-1550.9398707782752,-0.0,-0.0,-229.28690762306718,60.26198377351419,-0.0,-0.0,-3312.780382968475,-1304.632269348384,-103.10206329738051,-1000.5956082784209,-1510.298409283356,-0.0,-361.59030439395167,-537.0147589159134,-0.0,-1475.593765339246,-360.3919186666683,-1241.7612840062532,182.54947740827834,-948.6041696350605,-215.93209184542687,-253.3976231900729,-57.19999803247595,-48.03870508225143,-651.7442694567486,-875.014126079754,-542.9299477283442,-757.7297291585631,-0.0,-66.43472558898114,-781.8115982188184,-178.79016794824585,4.18171734618963,-0.0,-1074.6690745905044,28.941682598849653,-1399.1868017693114,-0.0,-0.0,-0.0,-1991.289789785129,-0.0,-0.0,-85.37136402975311,-0.0,-0.0,-0.0,-0.0,-0.0,-0.0,-659.5460065623437,-1729.009486958887,-0.0,-0.0,-0.0,-0.0,-912.8666980801421,-510.0184324507723,-0.0,-0.0,-1991.27435754357,-0.0,-1469.1375154712555,-2883.0660048787554,-0.0,-0.0,-0.0,-538.8514158462169,-0.0,-0.0,-0.0,-1057.8677350650116,-811.2095566786402,-716.5212409532734,-0.0,-0.0,-241.55070283009613,-0.0,-4278.280375078889,-5798.3329235812425,-0.0,16.56294929404106,-0.0,-647.778756994,-723.9574248944199,-2154.2660902996304,-0.0,-0.0,-103.80116358377389,-742.2553498677888,-1467.8137899894948,-720.7616441113596,-364.55372102430675,-0.0,-0.0,-1302.7911439635463,-1051.2648086524703,-48.88482484904736,-0.0,-0.0,-787.023950988106,-410.2290277233195,-91.00667988162128,-0.0,-0.0,-0.0,-2336.817410891877,-366.11202447724975,-1446.9905397033633,-4674.866398879411,-0.0,-1059.5640630187002,-1240.2857897708925,-2574.953276722566,-365.56196293927246,-0.0,-0.0,263.9816904417258,-1274.1333034537424,-1983.9437105397549,-539.6716496117969,-161.4442359210423,-26.68164972268024,-1932.9441112853526,-448.33308739704523,-1898.6669871127738,-719.362998119189,-2928.911019717544,4.156911028598823,-1066.1652388708778,-949.886711820006,-1997.9372332742698,-0.0,-0.0,-802.3658838391686,-1807.242148564251,-1945.3466678542,-937.2215277531311,-0.0,593.5610308290478,-73.84974465526993,-482.36002992617375,-0.0,-20.319775810885776,-0.0,-2651.044274825026,-56.02947423403281,-0.0,-0.0,-803.80106527175,-1188.3734575056387,-868.8219811334159,-374.74485951672693,-631.6276008414187,13.565360965169907,213.80441938386636,-891.0141325605584,-28.227706770620095,-1627.8241775481265,-0.0,-1664.6614049890331,-137.39375055543346,-816.021624574534,-430.0345927670285,-26.10907178523833,-46.0854584685024,-21.70511851610932,-1343.630225634707,-1048.55100523661,-1517.6426957311655,-275.09795290766954,-1489.6037731045737,4.173007667418397,-0.0,-823.3313169012658,-2877.7533546367117,-0.0,-0.0,-32.17508201522767,-2252.6655408265897,-204.16955551294322,-619.8242061517896,-399.7130928220443,188.06920512365156,-0.0,-0.0,-1362.5003343708447,-0.0,-0.0,-2334.7728492225774,-1700.8658397001404,-915.1024961334327,-817.4596517242646,-691.514981241388,-976.8784687327355,-841.7908520092695,-1399.905032823211,-2796.714039448137,-0.0,-0.0,-0.0,-0.0,-327.1015456562253,-0.0,-2222.2118262648714,-680.9933634651369,-914.1421299800604,-1058.8729215078658,-492.6709096525883,-0.0,-1518.3307638001272,-705.7919400631638,-0.0,-2779.994142493198,-1559.6914461377437,-0.0,-0.0,-2606.78390461153,-1844.9576080324184,-477.46921338671694,-869.2095073902717,-0.0,-574.5539139867802,-340.36656205841774,-0.0,-689.2411227480236,-590.8444055615968,-552.9220692389383,-0.0,-0.0,-0.0,-0.0,-419.8357377206263,-1328.8969803561267,-7602.6255233889815,-0.0,-0.0,-788.7180939798985,-761.8071710740768,-2078.5842166620487,-710.4327741515814,8.232036776900324,-493.4143559986536,-0.0,-694.6252704879031,-617.8410259793768,-0.0,-545.0088945726914,-1229.971303272996,-0.0,-0.0,-0.0,-0.0,-0.0,41.57167402903585,-2294.1399985754515,-0.0,-1452.3678832055066,-965.7183923711414,-4.346520441060406,-1830.0550503629602,-1048.6998439792171,-1048.8009267624564,-1533.1796572369615,-84.53260452563289,-129.68781199643917,-1363.5701434635623,-760.77529776019,-736.3983422300963,-0.0,-1587.9621202382414,-1473.0197585233004,251.65490269052478,-0.0,-667.1470819452943,-774.6826150992953,-1066.0040021472794,-71.12684765647663,-0.0,-314.4511435565954,-0.0,-0.0,-2667.8046077663284,-2294.000297420616,-2074.7583290684315,-1852.1596761511641,-0.0,-1348.997899902868,-2224.6469579286395,-0.0,-5755.239880951915,-0.0,-0.0,-0.0,-0.0,-1136.9140926719338,-2659.1171106868296,-2504.1967595393858,-98.71095549603817,-2135.1161650590507,-0.0,-1061.3573632096068,-34.00516885320301,-0.0,-73.99758472997668,-601.3175846971013,632.6630269220418,-0.0,-499.4226937225404,-41.42348978356527,-0.0,-1560.4877741826608,-0.0,-2285.7973776496187,-155.82524925318188,-0.0,-0.0,-1151.9872404585246,-1713.9130276050773,-1128.2068242448593,-1340.3999872588086,-1396.0175973200462,1696.9120055671358,-62.62848857234344,-869.0368849240718,-39.0054108374639,-2679.5971905233437,-882.3307605721744,-938.4290319687427,-503.7036584042907,-1767.3879369731876,-1868.1408210260022,-471.5088672684682,-2681.984283247226,-360.366447267902,-0.0,-0.0,-54.86339732525665,-0.0,-0.0,-0.0,-0.0,-0.0,-0.0,-1827.327966524181,-669.782557029221,-1280.65424206943,-981.4332449991663,-0.0,-629.3462732422823,-1343.024589796131,-1202.5269714436436,-2397.654607048971,-1434.063417111606,-95.29275457309085,-214.46067059850796,-1054.8700142749242,-1597.731695405302,-0.0,-0.0,-0.0,-78.28766236225651,-891.3116016714464,-169.64914962416887,-534.9212796872916,-1097.5857553246965,-0.0,-0.0,-0.0,-4446.411497576795,-0.0,-136.93997651938236,-0.0,-239.045390077245,-1239.1485351289575,-1334.3673822711737,-932.6211782109506,-0.0,-46.9144996432938,-622.1541699051558,-807.1808994822434,-613.8829870664764,-0.0,-1155.4054014468893,-0.0,-0.0,-2980.780577726493,-0.0,-1510.1891836921566,-699.9101394653995,-454.4773614787278,-302.93071956433437,-1542.641628507421,-3029.606501588649,47.83486410882869,-2492.269215338709,-1853.6464830982022,-479.13433001526727,8.157038710865042,-0.0,1613.2418213583412,1204.6219888488954,1256.9680512375787,-0.0,-0.0,-0.0,-959.6037698337386,-0.0,-316.2160640009852,-198.393409694575,-0.0,-3978.530222696271,-0.0,-1563.2430943364889,-90.35019636753177,-1183.418252602715,-649.1406759282262,-1622.2636011845325,-1347.6440890238184,-0.0,438.95074879210597,-2873.0290150641576,-1840.0104539091606,-509.3403141669605,-1342.0945533646473,-1866.0144402884991,-0.0,-0.0,-304.8556135401757,-830.9005605663904,-2479.360141899305,-897.2017821889066,-40.67242829796029,-0.0,-0.0,-767.6415241302097,-0.0,-0.0,-0.0,-229.30747175450549,-1551.1489155561162,1801.8204042527623,-1467.2635243121376,578.6184602584098,-800.346659750513,-1111.4154599341061,-11.9376125310183,-5390.343151058251,-419.13773590609685,-0.0,-82.28883945888562,-2611.9020541152718,-1913.1970285420957,-0.0,-29.94200239031896,-0.0,-711.8817644515179,-27.94538495461822,-2069.1066117817672,-1706.5850063987198,-0.0,-348.67122507301093,-0.0,-0.0,-0.0,-828.7051248415615,-1134.312311229598,-467.42016539334605,-1254.8908589775958,-1943.8337761168732,-1062.1790480493223,-476.4838846177918,-534.9672515957585,-121.69328457928484,-1819.1518297519876,-682.9905017280282,-1113.938086581637,-1351.575379968219,-1602.9385460752317,-1532.7595443513578,-420.48931457305264,-1647.5264721149313,-0.0,-0.0,-0.0,-2364.109397438386,-0.0,-552.4775790834259,-1332.2678837750168,-12.17735823793854,-862.9062031272528,-673.72484513411,-1047.3133079069062,-800.7126780070396,-221.84315046667186,-2065.1582064337595,-5799.7841712871905,-302.4462004501649,-34.39143931767557,-0.0,-125.34552034318978,-7526.049619918203,-2023.9218828603744,-754.081455881218,-2647.6614426560645,-233.76183113703232,-0.0,-26.497900424679635,-743.911629943224,-137.18648942216856,-1236.2761945929728,-1178.931483140426,-222.53365737058428,-0.0,-769.0045481158526,-2082.12402096645,-2144.0833811990788,-2092.2072403903953,-0.0,-1679.6724249672047,-0.0,-57.76860204492993,-959.7372188299986,581.8339616620304,-0.0,-0.0,-347.65967012613737,-1101.907538622191,-813.9401382144373,-1392.1394701154597,161.06057082070677,-1573.769376482963,-142.4267895015321,-363.5844122387618,-2300.726406775713,-2103.3424622698612,-418.6416525565376,-0.0,-0.0,-0.0,-0.0,-0.0,-2240.5871844822827,-0.0,-689.9292240874204,-882.0770007610431,-2844.1197111195956,-0.0,3.7475905917625654,525.930255969314,2249.116277529496,-686.3333578219546,-1432.1599331958123,-0.0,-1457.608799368822,-3975.081263777586,-937.8134556681609,-6042.926051867936,-1306.0847023886836,-0.0,-839.3019616843759,-2570.6413789316653,-220.42158658420706,-0.0,1334.096632261065,1488.39390609873,1286.2794554053878,-0.0,-0.0,-0.0,-0.0,-95.17109618463431,-2552.0240163421663,-90.20371079818845,-0.0,-2196.958661203618,-1261.8023706571603,-511.6860795656546,4.578933249298749,-0.0,-230.09708645428006,-878.9205626712495,-0.0,-0.0,-52.95932579980568,239.0948800160361,-2448.206569818182,-0.0,-928.0503000146722,9.667670261767855,-80.92712630935821,-0.0,308.15570294858617,-104.44561043431906,-510.9869130333284,-2041.0807690946392,-0.0,-63.93293827097714,-1336.7471200332773,-1114.9054040570545,-47.62728013270106,42.91830150059813,-0.0,-1350.2035177284306,-860.8279803380012,-9.331569607898947,-0.0,-0.0,85.0768040537713,-261.37126398598116,-179.72827979196225,-90.92575590494808,-13.426733622573808,-196.51841980355786,-824.9942032618796,-1067.175874991103,-552.9715799252723,-0.0,-2394.046352934744,-1082.200581546531,-0.0,-0.0,-1158.1332103725035,-2318.774475641539,-667.4019720113916,-8.17957368368123,-2952.4732916300395,-136.48989870529056,-90.5607070772217,-1192.2603082571056,-0.0,-395.6838090739795,-1594.926432622575,-4.06744542273972,-0.0,-3655.368288554596,-171.08824568229116,-1679.4327796440878,-1013.9867292007746,-1353.7055553885068,-2626.5075681813396,-88.60304552644537,-927.4531036849029,-2094.878459680809,-1324.1414104355576,-1332.9137391581294,-257.05815386011716,-2025.467253081248,-0.0,-2918.819384061984,-0.0,-7086.123538458373,-253.8549355867961,-90.9919330805476,-1602.1999862217742,-0.0,-0.0,-0.0,382.3119866878777,50.88003368173668,-970.6151704835377,-1405.3144271919675,-478.7375191387405,-1147.9116157350252,-0.0,-0.0,-1637.795648289885,-337.96405748954027,-571.8268665852141,-187.09782846273566,-0.0,-1764.68372749432,-380.31453043174304,-2127.090697400098,-0.0,-39.94445011175215,-0.0,-2037.223300740933,-855.108910300437,-1820.9495319557745,-0.0,-0.0,-1614.50403190581,-560.6019784656771,-861.6242111089562,-1686.6551985686342,-500.7826139478117,-1554.1555528057027,-0.0,296.32293560306675,-1359.7656656013958,-4632.58836319332,359.29567696421407,-1364.7349634066456,-8360.517485709008,-674.458123664469,-730.0637622420174,-246.56291949948817,-198.25996306569797,-1025.5907884340115,209.06199752805585,-218.8192926156374,440.4783050758876,-1218.1664725863093,-625.3171417569931,-0.0,-1300.4169806894436,-2030.121397879565,-982.4157863970178,-427.93396619173046,-0.0,-0.0,-36.45368236343414,-1130.4099248532418,79.73076783846082,-2352.298819530446,-0.0,-0.0,-488.66609451203544,-665.1014695495501,-1061.903391569279,190.52164965909824,-2865.1769180506203,-1572.9970544481723,-1386.6650566322899,-251.86075806662083,-0.0,-421.49649215789105,-0.0,-642.842276146463,-25.621456863476947,-1478.541612446581,-550.1514861308606,-1141.711919116565,-379.0086474180863,-349.01856158658336,-0.0,-1233.677208166072,-750.119425576051,-1356.526929509056,-0.0,-3579.3306406791085,-1478.2769942160037,-1363.9592748568687,-884.2204123199892,-1211.2512930130288,4.12026876361202,-2401.1166118920314,-840.5953516946003,-1325.2564705401928,-2092.5074578842837,-334.8743786424619,283.85762360806615,-1169.951121103793,-0.0,-0.0,-21.527435076619458,-65.5878617023677,-20.482046524699086,-289.3959568878752,-0.0,-0.0,-0.0,-0.0,-0.0,-0.0,-0.0,-0.0,-0.0,-0.0,-1560.670591409358,-2602.2157624186316,-2326.3732074811855,-0.0,-0.0,1893.029070381682,-504.22093344642474,-0.0,-544.3964397759203,-502.748608624603,-1099.1031644906666,-1061.9381744727696,-1254.709326932797,-0.0,-704.2425405270019,-453.83669799005406,176.45358887563503,-0.0,927.1636254917994,-0.0,278.604663730335,-0.0,-353.49557252925194,-0.0,-414.19331162608546,-1290.7939505167321,-2156.161137114417,254.78100769399484,-0.0,-0.0,-0.0,-0.0,-0.0,-389.30721167326124,-91.54085622759101,-0.0,-0.0,-0.0,-602.6180067703896,-0.0,-47.559806394230094,-695.7283305930439,-3545.139824011528,-0.0,-1449.0378231259601,-0.0,-660.4564237262291,-0.0,-0.0,47.773407141511356,-0.0,-178.9504221242628,-0.0,-0.0,-0.0,-1040.7529518058027,-2003.088520195507,-0.0,217.44757351875035,-2559.890507031593,-0.0,-79.52181543314528,-294.2124347534925,-0.0,-0.0,-1617.989803404094,-0.0,-1000.9785837300749,-1430.967272570679,47.28490244981318,-3004.0134828129585,-1869.4917871603584,315.3914835780161,-753.7361254426953,-0.0,-1129.8408294924702,-0.0,-0.0,-0.0,-3785.6424882583106,-930.2202035876053,-1679.3319838828443,-0.0,-420.3176995108439,-4.309567275044191,-1418.625905284924,-2177.0654810736205,82.45924030469513,-3301.0323668002893,-0.0,-2090.132360056738,-2793.339050975397,-0.0,-0.0,-0.0,-0.0,-2563.408156157378,-175.02504387500747,-1592.6257594844135,-0.0,729.1396953548635,1406.3663267666893,-0.0,-0.0,-989.570837924176,-957.9761262682068,-362.07611029158164,-20.502474082070147,71.1315161659897,-0.0,-1356.7196199733614,-0.0,-311.13936579943265,-1108.3539092436472,1473.5550899276352,-0.0,-0.0,-0.0,1089.8905139587578,1104.6529242820534,-820.4122435958376,-0.0,-1469.508042548112,-0.0,-1212.5247972921386,-769.3057098705679,-0.0,-0.0,-0.0,-0.0,-0.0,-62.527453269379265,-0.0,-0.0,-0.0,-1267.8841787829801,-307.8494846700304,-0.0,-0.0,-0.0,-158.78926858886956,-78.26978338737341,-701.8569388066271,-771.4986197749902,-2652.347304366832,-1203.2032142244511,-1069.9364161727635,-0.0,-2953.3263317498504,-46.21809982386014,-0.0,-1045.9489846935828,-2615.5792022958176,-786.8979750856707,-551.6583213638738,-1395.5061563299112,-291.99175116676616,-726.4213706764033,-846.7192306886823,-1172.9105163339918,-283.8248495134681,-1826.5362999830718,17.70024339921469,-416.1348899775613,-0.0,-0.0,-869.5311994524852,-3969.3513118541027,-0.0,-1027.6770414417515,-561.580423943687,-0.0,-393.0400396225766,-606.5532523814144,-841.446297899564,-269.3456925602459,-0.0,-0.0,-0.0,-0.0,-0.0,-46.794462353569166,-0.0,-742.9479075090259,-0.0,-0.0,-713.6879525415206,-1138.9265368659194,-2800.0058067257296,-477.62116980432285,-680.762334699451,-110.03054071110465,-2217.542880615645,-0.0,-883.4922904630923,-577.8109135257906,-491.1235046995193,-1438.858878761836,-1086.6152741234473,-1703.8624981827743,16.55573160441247,-446.9313854077578,-0.0,-1191.0718827509795,-1172.8274344956958,-150.55402523186194,4.0417188969236095,-2750.449290572947,-1232.9619424232792,-722.116408498604,-0.0,-767.5343253573552,-802.3093976660671,-584.1653152883468,-2357.616592793585,-4.009192500338251,-0.0,32.90811944890809,-0.0,-0.0,-240.34700239311263,-4165.803363418952,-200.73553299799383,-1716.6884606191588,-3717.834123250995,-0.0,-5040.735380280901,-284.0770008467374,-2198.4962836335612,376.43034200807637,-0.0,1745.8670226169736,-938.7282570628819,-0.0,-2209.078692750024,-0.0,-77.50890331705908,-47.112558021180575,-0.0,-0.0,-0.0,44.86924496839447,-0.0,-0.0,-0.0,-658.6902092507602,-1470.085437241143,-855.4956163992978,-0.0,-3613.406969997036,-0.0,-0.0,-0.0,-271.6009273463631,-395.6633069227266,-0.0,-2425.4781628840155,-0.0,-0.0,-3675.8082784014564,-0.0,-28.100539040873112,8.462915440915788,-501.12402128443614,-22.97129645563749,-0.0,-0.0,-262.7786395001791,-0.0,-0.0,-1446.8167819742596,-1354.8185880806984,-1478.310027757452,-0.0,-334.21705244619426,173.6567599030848,-402.17997911844117,-16430.184876544943,-0.0,-694.7531317623483,-1441.313058150686,-716.8707973094015,-0.0,-37.1747495618536,-17.02782604346545,-276.85945083614183,-1146.6397311100898,-0.0,-0.0,-0.0,-556.141435701568,-2579.022688295891,-1562.5297306265213,-0.0,-0.0,-0.0,-313.72356417232686,89.03704578907015,-9.082501618891587,-1336.71587812211,-0.0,-0.0,-1092.2298356580159,-0.0,-0.0,-0.0,-2797.4397550658637,-1144.3842928523818,-0.0,-1303.6099927092555,-651.2648922351972,-251.68659789543761,-712.9858524889452,-1231.8388939405008,95.60075400013545,-1349.0056443996905,-1259.830351731335,26.542315086066065,-2043.5275566098144,-0.0,-0.0,-0.0,-0.0,-485.99522103300063,-0.0,-0.0,-667.5192370288868,-1006.9082111690684,-746.3948521458703,-0.0,1720.9671158652766,1372.63093015355,1493.2027071299435,-0.0,-0.0,-0.0,-987.9897065857938,-43.84797324085911,-893.6056891773221,-83.68750956340703,-672.4469455766499,-1911.8165700227996,-1331.6887481541407,-2297.8668552224594,-0.0,-0.0,-0.0,-0.0,-502.4500482939122,-842.8055449385678,-1763.888033932801,-473.8211316011214,-1622.7503336321895,-1864.490128832067,-2318.341269321702,-0.0,508.32217985823536,-475.21493578970535,-420.01019794281063,-138.20886001104842,-4991.827234343798,-74.97983536696923,-0.0,-953.5661744508291,-1643.4648057852119,-0.0,-65.71825460970285,149.05188733899595,-91.28354157402342,-536.1509768268547,-2254.4437085575064,-169.35904552930907,-1977.121458654903,-0.0,-2043.1966936629779,-2086.9706244773806,-1416.7523429289283,-0.0,-1744.616775260153,-384.06607019742665,-732.7707447870916,-1208.9104497698675,129.0090433113421,-1930.7827236951475,-1482.935464483145,-0.0,-125.28020085226188,-0.0,-0.0,-0.0,-1152.987213650062,-681.686660493914,-0.0,-0.0,-0.0,-3686.301073971502,-1972.3786445204494,-0.0,-0.0,-4.3262966037605315,-1671.958133156566,-945.4188141810631,-0.0,-828.7218395318068,-1413.6632517658268,-568.6130504118594,-26.530531772923034,-1103.774322726222,-7.935448637038039,-1601.7773620950513,-1817.2971523774893,-0.0,-0.0,-43.247568628409944,-0.0,-0.0,-1393.073660145665,-91.34497482250589,-538.3842269394752,-0.0,-0.0,-0.0,-945.4108887260081,-338.4889174843761,-120.53039826582653,-501.320001016381,-263.38974818092504,-2225.3284032640418,-367.34394697556615,-583.5836179083901,-1199.9249055290024,-0.0,-417.87273827663637,-0.0,-2171.134124246592,-1682.859865762582,-1735.9477778400362,-444.59963761253283,-269.9392481119563,77.89896069015776,-1080.913647776249,27.312077156944888,-0.0,-507.796392844357,-0.0,-0.0,-509.98333995848253,-136.38850057367478,-3065.556699059962,-3198.576166484855,-592.9050243961776,-0.0,-0.0,-1015.6371226898323,314.2575751714452,-0.0,-0.0,-0.0,-1176.0871952498408,-53.10332110391053,-559.1077566232215,-4229.320141246445,-1565.9041930861235,-1251.2690335023067,-463.3891532354122,-200.9475831164249,-1340.3822228109307,-771.7094921481955,-589.2354547379335,-0.0,-741.7486132447726,-708.2773630445688,-2099.6394340409383,-0.0,4.735228890588572,-14.15277228389746,-0.0,-0.0,-1905.4522356981172,-0.0,-4278.52344654754,-1349.9494280928923,2569.7639594612706,3188.98111057933,-0.0,-0.0,-827.8315477868248,-1145.771836981981,-639.3879045792961,-373.16312059017423,-3434.470513687295,-705.2512283316133,-0.0,-0.0,-0.0,-1292.4132144597024,-790.3340035060531,-204.30716447164818,-2569.4884456261493,-1294.515377737219,-29.936255056610555,-457.8462324857278,-1232.5873727001788,-313.7109994606973,-568.2911462127232,-0.0,-71.01895479563369,56.227810732042116,-1074.2302477824173,-171.15314303243989,-0.0,76.56894802017472,134.00247624749517,-201.56796945117497,-1390.5612354485133,-2265.980955292018,-65.17874815880198,-978.2880208013061,-1606.5483546254566,-0.0,-0.0,-766.8323375657013,-0.0,-0.0,-0.0,-0.0,-752.5317760095883,-24.94562398066217,-1542.9181995459155,-1436.6171192565662,-2684.5018861806843,-1391.4509837504374,-0.0,-690.7468327017604,-0.0,-1610.5011886101465,-1910.7294460119,-1431.3159184785993,-1074.6858605737775,-0.0,-2314.6402008774658,-0.0,-0.0,-0.0,-3649.9305668077245,-1329.3320212074707,-314.25214443395146,-1024.8931457873543,-935.7400007553136,-963.9209230239333,-0.0,-0.0,-0.0,-46.680443102378874,-5468.101949086169,-767.8500895198517,-2228.7602029039735,-4067.639814586808,-2409.1862097133767,-478.32765392000465,-0.0,-1900.2537995358855,-829.5635654999113,-0.0,-379.20016394805384,-414.3722427728539,-42.70658381151191,-1145.9721537820135,-281.80617402588064,1534.881792690915,-477.78151361921573,-0.0,-0.0,-1097.583090799085,-936.4609821219855,-2761.3848930263866,-303.2969351146082,-0.0,-0.0,-588.5935025738653,-0.0,-0.0,-0.0,-0.0,-1429.3306828499612,-733.6871662850275,-1512.918440339213,-511.05149636126646,-4.095023536543931,-781.4676822225098,-0.0,-0.0,-0.0,-0.0,-2724.0381844590106,-0.0,-0.0,-0.0,-0.0,-0.0,-0.0,-827.2366625456712,-0.0,-2835.7965525828954,-576.482095761721,-250.57405800757485,-1370.8554642521685,-0.0,-0.0,-1564.8745471167106,-1524.2235653459693,-4.069772666503566,-525.3863836466369,-62.02642760298226,-2071.085328688777,-1000.3299591437612,-0.0,-4247.263279879491,-1412.1680740818904,-0.0,-0.0,-16.067244327302618,-452.1230138519899,-1306.2303365572811,-0.0,-0.0,-26.17757901318747,-1619.8388905783318,-640.3811557270851,-361.7465582917309,-80.13624400552678,-2022.100336736174,-0.0,-0.0,-0.0,-0.0,-0.0,-610.8853402582831,-532.4102892619535,-634.173519541177,-4748.306390612255,-1801.234076542597,-1375.6077750361715,-108.64110024278193,-1198.3451921170863,-1204.7605628797303,8.127552471163023,-0.0,-0.0,-0.0,-645.0347155596282,-488.43864093683055,-1943.7137344948849,-647.6602358040229,-0.0,-1775.7184996020446,-0.0,-759.7490845992419,-0.0,-0.0,-2183.7823248016084,-590.0560682560002,-617.9284291273564,-1595.2214872346103,-132.17772245305719,-13.188048421650532,-769.4453027250378,-1582.0368878985068,-0.0,-499.5489903791159,-1347.279135166553,-4292.533598702274,-0.0,-316.68362192896717,-2293.2854396531015,-1478.5294797754889,-1404.5692580045236,-548.4634202932718,-1293.5375398417705,-0.0,-375.7613669997775,-0.0,-275.8658520209135,795.7189455802878,-0.0,-0.0,1087.3525479778607,-0.0,-2417.0573997980273,-798.0117806908235,-1193.2169778037396,-1283.1507396361367,-1650.3727722296214,-400.20870737666974,-158.7843705130249,-0.0,-0.0,-958.7860076703766,-1181.8774579497435,-855.4331825252001,-0.0,328.20280331799876,366.02363722330705,-252.75073507183325,-3004.0220691051873,-2299.726925861402,-0.0,-0.0,-1552.5043448729261,-4240.144184297741,-2871.58553623636,-563.9479932763322,-1158.0338457979085,-1216.5053446200677,-0.0,-234.8166848407453,-0.0,-677.3176449661556,-283.7356328146089,-1800.0690900048617,-2892.2492785392824,-349.3384397545545,-577.6708332653077,-4993.79463275408,-1555.3746993621762,-618.6960782323308,-274.3402737535779,-1664.4667972229029,-803.2904696009045,-4.358959821228485,-1714.3405172045568,-1722.945665227983,-0.0,-0.0,-773.2089746071155,-1410.858531493485,-379.4952023384044,-4.196642428484231,-0.0,-0.0,-0.0,-0.0,-0.0,-41.008566298796055,-830.591232885842,686.5630420612825,-489.4011140514185,-953.3124669367501,-568.2893245110079,-1049.5010985537951,-1732.5822448875238,-1311.1960512048706,-1818.5806959133781,-293.24807861373404,-654.059845101606,-1700.0616960605773,-778.5681771909934,-0.0,3126.928074082598,-293.6089594054337,-80.44780481348504,-0.0,-1102.5958514777262,-691.4916809958305,-1602.5106055468925,-1971.9446630358048,-2628.007132437261,-0.0,-0.0,-0.0,-0.0,-1193.0945920874274,-1752.0882867708806,-0.0,-989.4654792560954,-8.70070015551236,-0.0,-0.0,-0.0,-3015.2345026073294,-950.6320648644606,-193.08285536914175,-57.139524892086506,-0.0,-0.0,-1369.3975692854165,-1564.0748827405887,-864.9779066835434,563.6892861136097,34.21688623963721,-0.0,-23.970696878594612,-0.0,-1657.301185335417,-573.3760985541197,-1498.1405857982904,-1802.689136196813,-1873.253107283284,-46.509796163361116,-0.0,-0.0,-2182.014498277983,-391.1831081014718,-0.0,-0.0,-235.43284394524835,-0.0,-46.71118393372057,-0.0,-1541.7321505775417,-878.6551021480484,-0.0,-80.74555753936912,720.1104256030087,-0.0,-217.9193646366076,-2717.712498344996,-0.0,-0.0,-810.6547204528302,16.109429523780573,-0.0,-0.0,-857.5152476487411,-1562.0652792646652,-0.0,-926.703242266948,-0.0,-1227.9058135942473,1858.1578179877617,27.68626159082746,-1851.5545459315506,-2017.9170020802278,1200.3570164990967,-0.0,-2500.062335328751,-840.2736429860122,-1047.4295951225913,-0.0,-685.9670883163968,-146.08484050476576,934.0734971589719,-459.71321677504676,-1645.605347779992,-0.0,-0.0,-0.0,-978.8750295899501,-674.6280116051032,-843.4577080203098,-1033.994885671456,-1243.9495627353006,-30.53352751969737,-1219.2681158802907,-1154.7943191913523,-1451.2169723388754,-0.0,-0.0,-542.6196268077082,816.2586677977941,-7182.869017044559,-0.0,-1357.8441221219286,-2093.8030946075496,-989.9884533932377,-882.1797958702632,-70.72325903650773,-2987.5470419055455,-412.36254383027597,-0.0,-1164.4177290547416,-930.2727272242997,-711.1548594079277,-0.0,-1625.5333860523067,-2135.5554632352373,-31.657707478745007,-1256.8289928247145,-2915.9247640983053,496.02269314456026,-0.0,-466.33673764159863,-175.69045504912455,-1327.457860232946,-1105.179828507483,118.16037496873325,-132.4064391366829,-931.1022448234713,-529.4889624299296,-599.34112492904,-738.4112472961444,-597.9276781398681,-0.0,-1499.2952139940223,-0.0,-1266.010313311274,-737.4078685637658,-170.43008643922877,-0.0,-1826.6931087596588,-5305.525315851381,-0.0,-479.67865118688775,-0.0,-2766.6636884224913,-261.7440616295816,-0.0,-432.3430832481896,-471.5760730551342,-0.0,-2359.742807356733,-1683.3881864062655,-0.0,-4636.856562130773,-131.08588254229957,-1409.2874123911201,-1551.7810064834189,-1911.6591423967332,-125.1520336491551,-0.0,-1046.8301593751528,-2333.1974428533886,-632.6013903878501,-1097.391491682878,-1193.4808496948394,-1933.383950192015,-2637.34684765943,-1057.0431184075017,-2021.57700016441,67.85586129712124,-0.0,-319.2361022317753,-1379.11806048147,-1173.08652148284,-0.0,-0.0,-0.0,-459.5374951645578,-540.5584453714891,8.214026674193605,-638.337062438997,-0.0,-1296.6317943537454,-808.4094065174792,-653.9119007367232,-0.0,-0.0,-317.1576949665831,-1728.020280820576,-1095.6904429849046,-339.29555545451433,-999.3852553045997,-36.874340545316514,-0.0,-0.0,-3408.979156867631,-1230.469978767921,-0.0,-0.0,-0.0,-96.51269348124593,-1159.3415339175535,-55.06884143624805,-1955.2172913601987,-1897.0670770678064,125.33558516157355,-0.0,-636.292700774271,-0.0,737.2233281995876,-139.59210753674088,-0.0,-1762.3000032359346,-344.8310683570457,-1950.0165139490564,-0.0,-1663.9362302047164,-656.5283165686167,-216.77601066671173,-13.555493910428776,-39.43261292802402,-0.0,-0.0,-770.2632681885949,-1419.77756252906,-0.0,-587.5853401386667,-0.0,-383.6706370622349,-576.1715195057504,-0.0,136.5911457144088,801.294295456735,761.3364844463578,928.2274051618942,818.3085295613741,865.2214445998468,-0.0,-0.0,-0.0,-0.0,-0.0,90.91335771640139,-0.0,-0.0,-605.689545830465,-166.59529884700265,-532.5717262916143,-95.83527045105448,-0.0,-1012.9817623823252,-1736.1688143154954,-1877.2832972597005,-260.6727864699441,-226.4662638857141,-0.0,-0.0,-698.6763596317747,-0.0,-0.0,-0.0,-0.0,-3213.2382779797636,-0.0,-46.87342148035765,980.6657633604567,-0.0,-1144.660725209839,-603.1111468608163,1700.7031479523494,-951.0030169162825,-0.0,-3435.113782778052,-2233.7315969678193,-218.03139635957442,-920.4921652594659,-1439.7394136327723,-603.4840408659077,1282.3356523611596,-83.60184609374427,-629.9574973623926,-0.0,-0.0,-556.4490365162959,-0.0,-847.9973706276822,-0.0,-495.5254445789847,-40.214428591447835,-0.0,-0.0,-1195.6487300148183,-0.0,-0.0,-562.8348564978479,-1370.956178365482,-1997.5796996718482,-0.0,-0.0,-0.0,-1843.6956338317716,-0.0,-1222.3013892732474,24.19179909312572,-0.0,-0.0,-1267.21786225528,-967.6860583828907,-1372.9337530830192,-405.9943976973543,-0.0,-1477.0257742021186,-298.5495290980914,-0.0,-0.0,4.221461367623341,-40.65474406748629,-4937.541144417617,-0.0,-127.0386703682708,-33.58730755426743,459.2600569397606,-91.18779672319648,-1059.7971518121403,-963.1247328799973,-478.77114515720837,-0.0,-0.0,-1912.24575107613,-0.0,-0.0,-0.0,-0.0,-0.0,-0.0,-0.0,-179.5703249824735,-0.0,-0.0,-2129.919439875068,-7766.508594123781,-125.66521898462413,37.63837572301407,-479.37043300868135,-757.9009475534107,-120.78993495319362,-4700.538820480623,-287.89101373323336,-328.3077184314505,-0.0,-0.0,-0.0,-2163.4439621068145,-0.0,-41.5597505927273,-0.0,-0.0,-0.0,-519.4161850473557,-12.338047917588945,-295.11640036697105,-1586.3808752771351,-686.7204814357042,-79.01907521316394,-2756.873549597837,-0.0,-91.91356842838233,-2338.8854614268707,-0.0,-1189.966024910673,-81.025039950483,-1667.039290616208,-0.0,-0.0,-1167.1784310471257,-646.0835395750676,-37.0812826298451,-924.8504198100021,-889.1578872537176,-758.8585951183547,-180.75901422113185,-747.3334479266094,-781.3374518588547,-2420.349360064811,-1095.9274983023563,-0.0,-1672.4294940260322,-391.3923564827023,-734.85422218109,-0.0,-0.0,-1081.835149403951,-2516.7554479393366,-899.297565978319,-0.0,-0.0,-0.0,-4284.28976142323,-873.7419246096022,-210.34433996920066,-359.90752370106156,-45.667621001634586,-3960.936727052822,-0.0,-0.0,-2440.1183645776628,-917.3017781940932,-0.0,-0.0,-0.0,-89.95099061971783,-0.0,-2027.2669065746695,-1936.9685729474782,-0.0,-358.9401334983567,260.4734107442926,-0.0,-0.0,-0.0,-1082.7212327987588,25.541450793849336,-2602.950975290245,-600.794911654732,-1213.1265706006795,-732.3622588379467,-3837.515349716849,-1767.1731715243366,230.8974995979606,-0.0,-3351.1428247633403,-0.0,-0.0,-0.0,-1372.7924547488565,-810.3966149406365,-1667.2315371343502,-0.0,-0.0,-940.1959160205718,-1620.3279423018037,-732.5638935320667,-530.4128657970267,-0.0,-0.0,-1389.9809711762198,-0.0,-0.0,-0.0,-0.0,-0.0,-0.0,-594.8930179289201,-81.06171296824586,-1428.7932365023273,-0.0,-738.1281857937022,-1300.1961487655788,-36.72516721281773,-0.0,-0.0,-0.0,-0.0,-0.0,-0.0,-0.0,-0.0,-0.0,-0.0,-1243.1806141296377,-2132.8009472093645,-0.0,351.2141525974824,-0.0,-723.7847363929553,-106.77652136431178,-0.0,-815.1260966405628,-472.94143319486096,-93.64142368289734,-2134.017885414092,-537.4863862526586,-3085.2546474312794,-189.64881400228467,-2394.6073770024204,-1957.1712156816009,-962.9487356580615,-4.703269265385945,-0.0,-1204.9239060652862,-2353.20156249883,-2655.7460534780303,-82.83606718572858,-255.6709501525878,-1869.6303635262032,-0.0,-2847.1524927963274,-424.83962004811,-0.0,-1830.9747786416558,-0.0,-869.071854273362,-0.0,-2679.2947463522723,-0.0,-0.0,-96.23347954911246,-1130.2816050482897,-589.1828583224784,-0.0,-1505.562469703713,83.72152098932138,396.8563477693511,375.35603810403455,-292.1997803777515,-1860.8464363553044,-655.1244405228002,-0.0,-0.0,-5761.933529425764,-1207.5915782992456,-0.0,516.7312868175978,-0.0,-2087.669793894286,-554.800598048532,-755.5159023826877,-0.0,-0.0,625.873615968591,-0.0,-947.4710792093105,-1337.9204904622632,-2018.4467659992727,-0.0,-654.928880583358,-3359.0859331928127,-1080.9457616290977,-0.0,-1526.7703528250347,-143.55321849542375,-1268.8951015807306,-0.0,-1024.1687636623549,-0.0,-0.0,-0.0,-958.5043325992741,-0.0,568.6756337452405,-0.0,-415.7702757947703,-812.0825486145479,-475.4203413994618,-1127.9763015065384,-679.2026300311185,-1970.0484951641733,-1312.2446180156721,-0.0,610.3373851614593,-2544.980309367557,-1735.604353761632,-760.5433807214023,-0.0,-0.0,-0.0,-159.99308116486918,-1183.459876645258,-325.50469624291605,-910.8748640458876,-2259.915851025154,-3125.464276476037,153.5541757242412,872.4160172783342,752.8798398019868,-0.0,-0.0,127.60017457932605,-34.2674255697209,10190.809014619514,11959.289582824184,6201.727215395384,11543.847034285496,11249.061815386744,10334.245978767936,-0.0,-0.0,-0.0,-0.0,-0.0,-1561.0485193144784,-1493.3634336026282,-1007.7529682089828,-0.0,-2584.7179023881904,-650.0808631748436,-1130.4200089502183,-35.41576785432715,-775.0341702957315,-1484.070802141488,-1166.1218044816146,-1298.3123175912392,-0.0,-3206.318688789906,-1990.5768685282494,-721.9666179926007,-131.6288938326695,-3563.9350994631186,-0.0,-242.02164060869177,-0.0,-12.231958785907496,-0.0,-122.65903875019382,-310.4192369301311,-1178.2630517091372,-905.818285902657,-0.0,-0.0,-0.0,-2566.473632978132,-0.0,-0.0,-269.63903248696306,-1089.5084819725596,-1125.6361513301326,-93.22316370805164,-1387.7194493685718,-1908.455260102082,-347.1368503327104,-0.0,-0.0,-123.31902456202096,-1325.2656752720927,-357.4735839024376,-0.0,-6122.417840076635,317.10375277488475,-0.0,-0.0,-0.0,-38.225894231049566,-476.07967775012185,-0.0,-0.0,-1317.14714939814,-2486.368392191251,-1393.6946765510643,-429.0810701042008,-487.15581352328525,-520.6375160023547,528.8047844368592,-1495.3087686402368,-0.0,-607.4997490109648,-2880.3834455035944,-534.5116552379396,-9.429698177965024,-0.0,-5.821375764945309,-0.0,-0.0,-0.0,-1331.152111131416,-438.56731850841794,-1501.5052407656356,-0.0,-0.0,-0.0,-283.1787659379258,-565.8279566155758,-1577.8710430979907,-3097.1617454457814,-415.2047476026503,-213.713661078851,-0.0,920.1442949155874,-0.0,-1274.90897448312,-175.6073245978379,-0.0,-0.0,1082.5727098940645,-0.0,-1729.2813863485312,-0.0,-0.0,-0.0,-218.6262245442348,-2203.1866367031134,-1825.769607169996,-28.560379066655898,-2531.4615614972026,-1696.0363214004933,-28.981631095139925,-28.524829263078104,-80.30802444309148,-0.0,-0.0,-2241.195478202653,-0.0,-6290.108756181999,-0.0,-1666.592414353757,-288.35244569468824,160.65464616367083,-0.0,-61.7808555876625,-1465.5086909047943,-1654.0695622981923,-584.1461105648036,-39.51297649398282,-285.27880332643133,-0.0,-0.0,-0.0,-0.0,-1334.7343155589347,-959.7361492647669,-0.0,-630.8785348647004,-1377.6758482616005,-201.93574082092528,-83.86979529153069,-0.0,-0.0,-0.0,1040.9492964523633,-4.403393873712306,-0.0,-568.9452020682079,-938.6961229435691,-1555.038639654746,-0.0,-0.0,-2627.1546159076984,-0.0,-0.0,-0.0,-0.0,-726.1215346864291,1099.495038472111,1167.5711823732527,1330.1464402426589,-0.0,-0.0,-0.0,-649.4843142735648,-0.0,-0.0,-400.9611761610735,-728.8983315359259,-0.0,-203.75102668289009,-1503.2364796058996,-1431.915034845025,-0.0,-0.0,-0.0,-12.063407810153086,-1603.6745940931685,-4.035896980615753,479.72702959919826,-0.0,-1878.5339445004697,-965.3118548210743,-664.6264904467159,-1836.383462264277,96.73009966285372,-290.24181480655375,-22.026282791652058,-486.00482488956385,-462.93545128751305,-1187.469484267154,-409.9443484684794,924.2019155350354,-1416.7650859518064,-243.04280861562418,-182.01129662757162,-4348.820423598823,-2651.9679988281932,723.0816334283224,-1078.6308638667356,-205.5029902060044,8.713873747827165,-812.5176256109369,-1142.7638114269664,2009.2632588936196,-709.210288585519,-747.7292894242165,-767.1924627877776,-0.0,-7502.821526395029,-0.0,-567.2409968761796,-1010.5270208200234,-718.0562424941965,-1007.9161262095787,-1356.9180472013277,-0.0,-1057.8739615554525,-176.19095604849718,-90.7470492105307,-7806.952479107726,661.1416129323212,-185.85527934980627,-0.0,-652.5677377902964,-1409.3618422299496,-0.0,-0.0,-545.1799868134651,-1983.2493472321632,-79.92117484433629,-249.57308786634476,-293.6899078536678,-1334.5065426730355,-0.0,-0.0,59.122365509409015,-0.0,-0.0,-1933.999719467887,-0.0,-1979.181932356139,-1058.7933983508044,-1415.4797593069034,-0.0,-0.0,-574.1593656204561,-980.4545541802319,-141.84835699190762,-0.0,-511.272517299764,-162.82630412054888,-567.5983382558411,-0.0,-233.26014646284983,-549.0839860527908,-2480.767977146206,-1074.9243918871382,-1544.3490411457644,-0.0,-0.0,-1572.7843125260356,-20.19011971695007,-0.0,-0.0,-1268.5479376104124,-0.0,-0.0,-0.0,-0.0,-0.0,-0.0,-0.0,-0.0,-0.0,-0.0,-119.46453680919481,-0.0,-0.0,-0.0,-0.0,-0.0,-0.0,-0.0,-0.0,-0.0,-0.0,-0.0,-349.268001610469,-0.0,-0.0,-0.0,-0.0,-0.0,-0.0,-0.0,-0.0,-0.0,-0.0,-0.0,-0.0,-0.0,-0.0,-0.0,-0.0,-0.0,-0.0,-0.0,-0.0,-0.0,-0.0,-0.0,-0.0,-0.0,-0.0,-0.0,-0.0,-546.566271328396,-0.0,-0.0,-0.0,-0.0,-0.0,-0.0,-0.0,-0.0,-0.0,-0.0,-0.0,-0.0,-0.0,-0.0,-0.0,-0.0,-0.0,-0.0,-0.0,-0.0,-0.0,-0.0,-0.0,-0.0,-0.0,-0.0,-0.0,-0.0,-0.0,-0.0,-0.0,-0.0,-0.0,-0.0,-0.0,-0.0,-0.0,-0.0,-0.0,-0.0,-0.0,-0.0,-0.0,-1571.1673670875896,-587.4371514474632,-2051.1442595149197,-0.0,-0.0,-0.0,-0.0,-0.0,-0.0,-0.0,-0.0,-0.0,-0.0,-0.0,-0.0,-0.0,-0.0,-0.0,-0.0,-0.0,-0.0,-0.0,-0.0,-0.0,-0.0,533.5105858445278,-0.0,-0.0,-0.0,-0.0,-0.0,-0.0,-0.0,-0.0,-0.0,-0.0,913.1895512783318,-0.0,-0.0,-0.0,-0.0,-0.0,-0.0,-265.08940250958517,-0.0,-0.0,-0.0,-0.0,-0.0,-0.0,-0.0,-0.0,-0.0,-0.0,-0.0,-0.0,-0.0,-0.0,-0.0,-0.0,-0.0,-0.0,-0.0,-0.0,-0.0,-0.0,-0.0,-0.0,-0.0,-0.0,-0.0,-1115.993047535782,-0.0,-0.0,-0.0,-0.0,-0.0,-0.0,-0.0,-0.0,-0.0,-0.0,-0.0,-0.0,-0.0,-0.0,-0.0,-0.0,-0.0,-0.0,-0.0,-0.0,-0.0,-0.0,-0.0,-0.0,-0.0,-0.0,-0.0,-0.0,-0.0,-0.0,-0.0,-0.0,-0.0,-0.0,-0.0,-0.0,-0.0,-0.0,-0.0,-0.0,-0.0,-0.0,-0.0,-0.0,-0.0,-0.0,-0.0,-0.0,-832.8857599292694,-0.0,-0.0,-0.0,-0.0,-0.0,-0.0,-0.0,-0.0,-0.0,-0.0,-0.0,-0.0,-0.0,-0.0,-473.40426575434657,-0.0,-0.0,-254.79627135153206,-0.0,-0.0,-0.0,-0.0,-0.0,-0.0,354.6461480478141,-0.0,881.3239240541275,-0.0,-0.0,-0.0,-0.0,-0.0,-0.0,-0.0,-0.0,-0.0,-0.0,-0.0,-0.0,-0.0,-0.0,-0.0,-0.0,-0.0,-0.0,-0.0,-0.0,-0.0,-0.0,-0.0,-0.0,-0.0,-0.0,-0.0,-0.0,-0.0,-0.0,-0.0,-0.0,-144.41725985895707,-0.0,-0.0,-0.0,-0.0,-0.0,-0.0,-0.0,-0.0,-0.0,-0.0,-0.0,-0.0,-0.0,-0.0,-0.0,-0.0,-0.0,-0.0,-0.0,-0.0,-0.0,-0.0,-0.0,-0.0,-0.0,-927.236510976647,-0.0,-0.0,-0.0,-0.0,-0.0,-0.0,-0.0,-0.0,-0.0,-0.0,-0.0,-0.0,-0.0,-0.0,-0.0,-0.0,-0.0,-0.0,-0.0,-0.0,-0.0,-0.0,-0.0,-0.0,-0.0,-0.0,-0.0,-0.0,-0.0,-0.0,-0.0,-0.0,-0.0,-0.0,-0.0,1341.7667197588084,-0.0,-346.0997788828471,-0.0,-0.0,-0.0,-0.0,-0.0,-0.0,-0.0,-0.0,-0.0,-0.0,-0.0,-0.0,-0.0,-0.0,-0.0,-0.0,-0.0,-0.0,-0.0,-0.0,-0.0,-0.0,-0.0,-0.0,-0.0,-0.0,-0.0,-0.0,-0.0,-0.0,226.01085001853514,-0.0,2204.8650522770113,-0.0,-0.0,-0.0,-0.0,-0.0,-0.0,-0.0,-0.0,-0.0,-0.0,-0.0,-0.0,-0.0,-0.0,-0.0,-0.0,-0.0,-0.0,-0.0,-0.0,-0.0,-0.0,-0.0,-0.0,-0.0,-0.0,-0.0,-0.0,-0.0,-0.0,-0.0,-0.0,-0.0,-0.0,-0.0,-0.0,-0.0,-0.0,-2606.8778468382084,-1549.8414936106583,-0.0,-0.0,-0.0,-0.0,-0.0,-0.0,-0.0,-0.0,-0.0,-0.0,-0.0,-0.0,-0.0,-0.0,-0.0,-0.0,-0.0,-0.0,-0.0,-0.0,-0.0,-0.0,-0.0,-0.0,-0.0,-0.0,-0.0,-0.0,-0.0,-0.0,-0.0,-0.0,46.15321572750304,-0.0,-0.0,-0.0,-0.0,-0.0,-0.0,-0.0,-0.0,-0.0,-0.0,-0.0,-0.0,-0.0,-0.0,-0.0,-0.0,-0.0,-0.0,763.861764829553,-0.0,-0.0,-0.0,-0.0,-0.0,-0.0,-0.0,-0.0,-484.25039524279026,-0.0,-0.0,-0.0,-0.0,-0.0,-0.0,-0.0,-817.7803500158734,-0.0,-0.0,-0.0,-0.0,-0.0,-0.0,-0.0,2392.247280383397,-0.0,-0.0,-0.0,-0.0,-0.0,-0.0,-0.0,-0.0,-0.0,-0.0,-0.0,-887.6952143852002,-0.0,-0.0,-0.0,-0.0,-0.0,-0.0,-0.0,-0.0,-0.0,-0.0,-0.0,-0.0,-0.0,-0.0,-0.0,-0.0,-0.0,-0.0,-0.0,-0.0,-0.0,-0.0,-0.0,-0.0,-0.0,-0.0,-0.0,-0.0,-0.0,-0.0,-0.0,101.22172756965996,-0.0,-0.0,-0.0,-0.0,-0.0,-0.0,-0.0,-0.0,641.4580962892978,-0.0,-0.0,-0.0,-0.0,-0.0,-0.0,-0.0,-397.4033996437379,-0.0,-0.0,-0.0,-0.0,-0.0,-0.0,-0.0,-0.0,-0.0,-84.86047874361856,-0.0,-0.0,-0.0,-0.0,-0.0,-0.0,-0.0,-0.0,-0.0,-0.0,-0.0,-0.0,-0.0,-0.0,-0.0,-0.0,-0.0,-0.0,-0.0,-0.0,-0.0,-0.0,-0.0,-0.0,-0.0,-0.0,-0.0,-1965.4601721107906,-0.0,-0.0,-0.0,-0.0,-0.0,-79.87366331955329,-0.0,-0.0,-0.0,-0.0,-0.0,-0.0,-0.0,-0.0,-0.0,-0.0,-0.0,-0.0,-0.0,-0.0,-0.0,-0.0,-0.0,-0.0,-0.0,-0.0,-0.0,-0.0,-0.0,-0.0,-0.0,-0.0,-0.0,-0.0,-0.0,-0.0,-0.0,-0.0,-0.0,-0.0,-0.0,-0.0,-0.0,-0.0,-0.0,-0.0,-0.0,-0.0,-0.0,-0.0,-0.0,-0.0,-0.0,-0.0,-0.0,-0.0,-0.0,-0.0,-0.0,-0.0,-0.0,-0.0,-0.0,-0.0,-0.0,-0.0,-0.0,-0.0,-0.0,-0.0,-0.0,-0.0,-0.0,-0.0,-0.0,-0.0,-0.0,-0.0,-0.0,-0.0,-0.0,-1464.213280443664,-0.0,-0.0,-0.0,-0.0,-0.0,-0.0,-0.0,-0.0,-0.0,-2063.7214522765544,-0.0,-0.0,-0.0,-0.0,-0.0,-0.0,-0.0,-0.0,-0.0,-188.52328751403078,-0.0,-0.0,-0.0,-0.0,-0.0,-0.0,-0.0,-0.0,-0.0,-0.0,-0.0,-0.0,-0.0,-0.0,-0.0,-0.0,-0.0,-0.0,-0.0,-0.0,-0.0,-0.0,-0.0,-0.0,-0.0,416.71928179759175,-0.0,-0.0,-0.0,-0.0,-166.6098854755002,-0.0,-0.0,-0.0,-0.0,-0.0,-0.0,-0.0,-0.0,-0.0,-0.0,-0.0,-0.0,-0.0,-0.0,-0.0,-0.0,-0.0,-0.0,-0.0,-0.0,-0.0,-0.0,-0.0,-0.0,-0.0,-0.0,-0.0,-0.0,-0.0,-0.0,-0.0,-0.0,-0.0,-0.0,-0.0,-0.0,-0.0,-0.0,-0.0,-0.0,-0.0,-0.0,-0.0,-0.0,-0.0,-0.0,-0.0,-0.0,-0.0,-0.0,-0.0,-0.0,-0.0,-0.0,-0.0,-0.0,-0.0,-0.0,-0.0,-0.0,-0.0,-0.0,-0.0,-0.0,-0.0,-0.0,-0.0,-0.0,-0.0,-0.0,-0.0,-0.0,-0.0,-0.0,-0.0,-0.0,-0.0,-0.0,-0.0,-0.0,-0.0,-0.0,-0.0,-0.0,-0.0,-0.0,-0.0,-0.0,-0.0,-0.0,-0.0,-0.0,-0.0,-0.0,-0.0,-0.0,-0.0,-0.0,-0.0,-0.0,-0.0,-0.0,-0.0,-0.0,-0.0,-0.0,-0.0,-0.0,-0.0,-0.0,-0.0,-0.0,-0.0,-0.0,-0.0,-0.0,-0.0,-0.0,-0.0,-0.0,-0.0,-0.0,-0.0,-0.0,-0.0,-0.0,-0.0,-0.0,-0.0,-0.0,-0.0,-0.0,-0.0,-0.0,-0.0,-0.0,-0.0,-0.0,-0.0,-0.0,-5876.378555165421,-57.142647060661076,33715.74976134113,-3784.796680460649,-4205.926701273691,91369.49496656924,-0.0,-6979.593203864758,902.6978302462429,1928.957845737321,-27777.0001028587,-0.0,-5381.130020044047,-0.0,-0.0,36747.152844679775,-13583.622758120655,4205.847155670423,6852.832156414692,-4942.83685688509,-26556.89264687506,-10123.635584039788,61.933046074144436,-108.52526859191224,-7521.233908167409,-0.0,-14097.11247646323,-21543.80499731185,16877.55564465694,-616.6699772602282,8.81849472652362,49782.13685290122,-3403.581029470604,-117711.83340523874,-3344.23549516292,-23922.31065974823,-18329.71768638529,-6951.4831584088815,-6243.327734147527,-15964.757038500778,12781.192875482891,-2573.1621801963784,-4560.956776174061,-3981.4753476212013,-13683.287019056606,7811.12694453147,42730.94147706449,-930.9712947507949,67.52210610919194,22312.24954812367,6101.850283494231,-591.1510235814047,16650.320098982076,8672.410614117702,-6068.99694149063,-8530.64105097592,-4322.836412306357,445.67887274688974,-0.0,-0.0,-299.41100669636745,-9062.742542155223,-3665.6573025266507,-3359.619734718664,-1679.0099140220022,-5129.8823315682885,10484.621342906035,4696.903534492143,-9157.57865113376,22339.368161994855,-22736.661269268392,-36153.970570790356,83196.99088817883,-23227.40541062584,-9503.57165985237,-2441.150466639354,-3908.6513123332666,-6136.782843009449,-6014.863509827482,-38936.02032446037,-0.0,-14260.28164291241,-0.0,3197.9189877018944,-0.0,-0.0,-14791.60320170856,-1499.1923164700297,-0.0,-0.0,4225.699368047188,-0.0,-0.0,-0.0,-7858.222040140971,-4868.35697783729,-8084.994397374442,-9402.96893883946,9503.09533073827,-0.0,-31554.752049607836,44844.840381886796,-0.0,-0.0,-20144.39478260395,-11965.73214250604,191.70949528250122,54.972722480727754,-0.0,62389.430319393556,-0.0,-0.0,-0.0,-0.0,57014.323309548075,-1121.868430818883,-0.0,-10818.637783242839,-0.0,-6978.36669585874,-1435.2511141830428,-3711.6067019231095,-18078.92373753693,13121.638793802475,-1551.9133210144505,-9566.320122173254,-0.0,-0.0,-5156.295608257108,-7174.327405519251,-11859.377813919851,59191.84537350639,-0.0,-209.2268619801073,13703.249127599662,4078.0739513814196,-2045.5423901206677,843.1474714888808,5588.030597631694,-3757.5196174396215,-99.40339885754152,-19921.110778668914,500.57628108453025,15247.09900438581,-798.9198578542157,13453.836181068358,56231.360347745416,2993.480865769135,-76.68455378316696,9854.048172508661,-2051.803756476023,-8621.908646832626,-9956.132574993924,-18287.335391433142,-0.0,7127.343701688691,18373.44311246852,28137.445286268507,-11569.361651827025,7811.937049329068,9972.948087894969,-9992.997408649826,18717.836994562425,-16450.315736894067,-0.0,5057.80018274772,-13329.351908340463,-20370.717606969367,-8527.404693722961,25122.71046362407,3602.225032874649,-0.0,-6156.6957343763415,-0.0,-3016.303704354775,105.64069564913446,-4306.980550199617,-0.0,224.63441023047972,-312.12480035765384,-23637.659117505264,-14902.20629660636,25607.230212128517,-8731.757245865298,4073.9925406881016,7034.9746213096805,-8139.106680396015,-5734.204491677697,-12942.260384302985,-0.0,-2307.397590780347,-1854.8138198808085,-0.0,1201.7873817132322,-447.7508378669375,-0.0,-0.0,-14989.95906374524,-3323.415509411805,3317.9778220884305,-4892.784578922428,-0.0,-0.0,-0.0,65537.69234305111,24899.216540634272,-0.0,135.36963008221477,13708.303491592182,-0.0,-4724.806056829394,-2825.909891377065,-0.0,-4553.302442086722,-8658.443042330404,113648.11602366014,-12757.996147836866,-8841.17054434036,-33688.1957733927,-0.0,1613.441872640828,3512.900832785651,-10896.29188368207,33180.22752654241,-7836.540225097407,-40457.23311124164,-14704.450642539934,-10110.655219777713,-0.0,1512.690056689673,-5080.792336249029,24940.981685839633,-176.4465860633369,-449.2337024597383,-11920.563389435658,-10113.871212523898,31080.993927815507,-0.0,-2319.473980341711,890.8876133991499,-0.0,-0.0,-0.0,-0.0,-0.0,-0.0,-0.0,-0.0,-0.0,-0.0,-0.0,-0.0,-0.0,-0.0,-2092.6059257134807,-0.0,-0.0,3697.8584563033723,-15184.400590998137,-694.3126235676547,-10051.507408470668,25658.35333118824,9677.207063543707,-4378.9703756645395,3738.0052062435866,41895.88788272382,-0.0,-0.0,-4917.558355509755,3083.06912475888,-7459.936692671211,-10228.206109312552,-0.0,-41.76443413942443,9794.547570945793,-5522.030005888244,-2882.4776241505037,3803.1635000813667,-27700.450145253748,32518.41171906331,-6734.575201746791,-1209.425216084415,15943.9485838432,-0.0,-0.0,-0.0,-0.0,-0.0,-0.0,950.7897470079644,51185.48236266052,-9845.271095887298,-12033.041266297185,-9309.539758286459,-0.0,-10115.119170222953,-14461.008150144782,-0.0,-0.0,-0.0,469.86657759677513,465.0217360671151,796.2405619557821,2830.497651267897,-0.0,3904.0534791643,920.4525281986303,902.4292269234113,800.7987073979875,812.3033017220699,3090.754510302341,1981.2325352900582,3197.7217018908636,2466.9159068056333,2920.193664491275,3476.0733230372552,37481.378615744434,40923.96951603726,40406.638245728456,37097.47453531124,9664.391721833383,9344.085724198118,9512.882828561256,10259.852407792489,5964.593508315007,2225.6288433604786,2207.6350136143633,2477.36174001776,2530.785813693614,2403.9827508176627,5788.704365441676,4583.429755457741,1346.6086029428036,1628.357795978926,695.6060158426392,397.0974984831359,589.4259225596717,43520.59409187886,37793.2688976117,41896.79395523264,36855.194164630775,55998.78745150727,60242.474834604516,1413.4470576188203,1244.3664028464518,1295.4133401800837,1364.9378224696877,1197.0249301547883,1204.8975935771903,603.6570672354165,59104.403159443435,56568.65037068219,51255.502279192646,2744.365094732947,3135.576036033553,3150.612708749701,-0.0,8420.089736099486,9352.903550562172,43022.709095440485,37614.48372606972,39687.76149222479,65886.72037680121,66617.3066466859,66404.51323563817,67097.79921443565,2659.6213391339525,2707.7993878577863,5330.031351463498,-0.0,22243.492614083352,22172.473213446414,-0.0,1594.931416333761,1665.9144322666668,1721.4455603366812,1794.6683369828881,1622.3554216817893,1556.9107444628328,36638.12743253162,43348.381868968885,43779.629465507795,40974.07719560449,1239.4284544055693,1174.152761392278,-0.0,-0.0,18510.555486529865,34863.35122579005,39687.96026709811,36199.02703083008,39327.94596253981,-0.0,60212.117823942994,53839.46016554272,1035.7579208049858,2200.8623030817416,2094.328670080591,2246.687028484331,2353.5008436357225,2644.858050934643,51899.0508609385,57452.93512263077,-0.0,-0.0,18878.49624856125,1127.7310781494987,39558.77266305029,42078.51058343348,41358.96120552698,39530.76710627244,37118.27986224437,38043.639911744554,-0.0,17953.255790887542,11428.709067379583,-0.0,-0.0,1589.6199406935662,1535.4463031865212,807.0909596915111,861.8126607169684,505.85315158716037,467.8192203747828,-0.0,1249.4725423596437,1236.410004233972,1095.7865789578423,1273.1275963654161,-0.0,1872.6328900728176,1865.188241462565,1951.6785254001652,2366.461696777421,2341.23120684294,2398.9073755699774,966.159647271467,877.8192937512769,954.2961778913749,1498.0610901114005,1154.0085523272407,1080.5164837381712,985.4630597598258,1117.6959315190986,8827.375610148409,8093.428942414303,264.98067026347303,273.18406082184447,3989.421989790814,17951.48136383546,1520.4118727942941,1562.625515938931,-0.0,-0.0,8043.425133837664,8184.127976545951,9036.242361496537,8293.985177797807,2100.803228646052,2111.5104114134247,38801.866411947005,38976.85767798811,8808.65634175832,8583.453627833647,-0.0,59799.5236986985,2148.207081789818,2269.077030941015,1235.5895096362526,52410.546639823406,52176.50719103646,58445.752318914114,57537.97599630495,205.72827764697627,63428.91319999629,55429.49001517476,-0.0,-0.0,25968.527100746633,-0.0,1285.4969077302974,1182.8801848192488,1277.0838534466122,2672.939988360989,9564.780896476843,18224.366897137013,1799.456766539925,1983.9338354756724,26.13006183953234,765.4552053588662,729.7011252992165,18359.314305291187,1711.5154895582777,-0.0,-0.0,-0.0,1166.5087743582155,-0.0,1284.4170205708197,-0.0,6305.546500383875,6611.508419319425,5837.9724322295515,6126.037243266515,972.5609189592063,-0.0,905.0556725185932,-0.0,-0.0,1028.5310005724018,1187.4296524647818,985.5146584853749,886.8724100255585,923.8130593545808,908.5351285165277,2036.6065717938309,1971.0021347139411,1770.8250670043492,-0.0,3201.3659645144717,2961.1975228991405,3069.774565011774,3336.226906168772,5039.0431529431935,57503.796735548225,53002.53482623267,12674.707904831652,23834.20278195136,18177.40225034435,18000.019972507944,1807.7721583059626,1837.6566068302463,909.4172564965976,953.6152762448116,2377.160227378753,-0.0,40679.487269010686,36545.73379002943,1324.381357671204,1207.9061793313106,1144.5361353649566,5727.6221852697745,3156.651089279356,3481.83181347479,37757.25319154226,36572.49086676992,39208.38429572814,41706.378561485195,-0.0,-0.0,-0.0,2828.1174216707104,2662.3146115989593,2533.001508446369,11028.59963676224,8373.821139681086,6903.963666913592,2399.94696056455,2583.6057301966403
20,-0.0,-0.0,-678.8401046533476,-2230.5784521198534,-535.7130585718736,-611.3580882341629,-99.54812303778083,-689.3895938145916,-681.6272272081018,-0.0,-1322.9765268933068,-0.0,-0.0,-2865.048938291277,-0.0,-650.8979327637124,-516.6453706538529,-0.0,-44.525614949497815,-257.132449913308,-326.22539833498865,-832.3066441107255,-877.4078326362092,-724.5118363606497,-2345.7837010110543,-681.4579261685826,-0.0,-42.81863049613395,-3040.3758008670475,-1710.3445782982785,-0.0,-0.0,-0.0,-0.0,-0.0,-0.0,107.07247664793292,-214.33754525092914,-2003.1704580867392,-1675.5223053247514,-0.0,-0.0,-134.35912127551575,-625.9718965713272,-150.40377390672188,-0.0,713.7064652662488,-1609.1651764294004,-427.3578337821508,-0.0,-0.0,-274.416800716646,-0.0,-12.54767189323173,-2049.885366679996,-2993.098732651757,198.23173511283773,-6160.9044353077625,-220.12385600861737,-0.0,-1832.6221984403549,-0.0,-788.97524862743,-2784.3006380174133,-533.7175151603798,-529.722685501007,-43.73011407871074,-2105.928373244069,-948.1094696514472,-457.8748811569536,-3292.2681642356647,-0.0,-0.0,-2665.3537412450255,-1163.951225585783,-255.60118453408384,-1715.494744504853,-0.0,-0.0,-1291.8348946123479,-1493.7420592769613,-451.57804854660384,-3746.05511929902,4.122067035083858,-29.994927750643917,-1914.069424119461,-0.0,-668.8354272535584,-1139.5521780384647,-9.440401693398163,-0.0,-1345.90950010366,-91.80262104780898,-776.4551950233495,-2447.682959182539,-40.040401858533585,-2584.6620331822987,-409.9154281621386,-1706.5786854765165,-2897.0350043431995,-729.0446823074268,812.7929488575586,-530.3648521532971,-0.0,-1494.6590298831813,-2586.624199307214,-4588.9037401777505,-549.205555562594,-2944.07570373214,-0.0,-1696.5773055337615,-0.0,-0.0,-635.2097244249555,-0.0,-0.0,-658.55502318787,-79.56509170607299,-1593.6339782740167,-1035.4038430461749,-888.225705681181,255.05051565791965,-537.7842920878304,-362.61738491412257,-206.5253479036013,-8.688670986562096,-684.3587451258355,-557.3496498249805,-820.1096380792844,-0.0,-5158.262666980824,132.90912248457494,-123.17864943722172,-4321.173746905231,-0.0,-1064.6948212662194,-67.84227121748997,-0.0,-339.22788555401894,-0.0,-0.0,-971.8152936258581,-0.0,-661.2683020476865,-1068.177461168921,-0.0,-1412.1180431912524,-271.6586507034478,-770.6064305412214,-2055.2481182991164,-0.0,-1865.214413819039,-1138.4183827759725,-0.0,-0.0,-0.0,-0.0,731.4606089087888,-0.0,-1910.536141325874,-2032.5546444088627,14.282929560849391,-0.0,-0.0,-777.3669710377059,-538.6661250490527,-818.6093452037281,-0.0,-452.7770279194671,-3366.391920730493,-1211.965353599929,-0.0,-1116.6356226214991,-2621.6346055507074,-0.0,-0.0,-0.0,-0.0,-0.0,-0.0,-592.5633992684673,-750.8285266387746,-216.50335624651362,-219.95097305072116,-1293.8326125088809,-55.64154147990396,-0.0,-0.0,-729.3587567118878,-0.0,-696.8812238525087,-32.55286087396868,-4.2660493883571835,5.669122951775502,-0.0,-0.0,-1126.4495894550892,-528.6773294077167,-496.15006490907274,-0.0,-3208.6759174059653,-2043.1270218462578,-1309.2243518325845,-0.0,-0.0,-2163.4100661846505,-1565.9465722212572,-755.7063820808185,-98.40308988446748,-1811.1516102662558,-1399.910697199703,-0.0,-0.0,-1852.3147832805557,-0.0,-849.6136104033346,-1290.914540409291,-132.03802477309821,-472.7357964153837,-666.4962154794396,-595.4743129195667,-0.0,-1784.307953048365,-0.0,-2998.447859716457,-3450.2110877998016,-213.09272170061266,-447.4146763337021,-565.8301822695796,-0.0,-333.57285160115805,-282.7250788896956,-0.0,-970.5200316827344,-739.5749073428232,-1148.8460547911852,-2043.2185757028283,-1123.5703945763362,-2338.4341993076628,-2048.227721891304,-2215.0048838709813,-2300.2985951925457,-1270.1276441533046,-2481.226571566476,-580.3630015253723,-575.6508964276429,-0.0,-1358.4258216682263,-1130.0718363652124,-1303.7930770630528,-414.02654556929934,-415.7016486328751,-2139.8473717641828,-852.8845341622197,-411.10056621748606,771.292008052759,-0.0,1147.7606954955397,-1354.653955659814,-0.0,-0.0,-0.0,-0.0,-0.0,-0.0,-1400.7625281757682,-2619.106368905382,-533.8157083554919,-1103.4739621396564,-0.0,-0.0,-1814.9068874843435,-1199.7601129365253,-2359.0130253519756,-0.0,-0.0,-152.02307285827183,-66.7006877497837,-473.5375540682141,-1745.3090366333206,-539.7322995724029,-0.0,-516.3376829122401,-789.8128556171043,67.24339645079372,-1355.0712836922553,-1639.6375343379723,-1444.0813973727272,-1931.55159788827,-298.66978259922917,-739.864742972547,-46.868924284402965,-1983.6027438620629,-0.0,-974.3063440201183,-175.76564426119756,-81.77514254668219,-620.1571824226102,-0.0,-2135.3099441006248,-133.12676638230994,-670.6479567861375,-1937.0607656081545,-1432.7853834020186,-0.0,-669.6552236148515,-923.4958074228094,-26.621016778391063,-322.76756693352746,-521.5354500325942,-55.15454219054986,746.8201511316214,-1285.0822205490538,-0.0,-1020.2943096545936,-1445.0436954604702,-0.0,-539.7068382021179,-0.0,-1446.2283639564048,-0.0,-0.0,-0.0,-1347.4817849860058,-752.4624469430505,-470.8269348821079,-0.0,-1835.0060448893469,-3334.0985304943197,-3481.176813592382,-0.0,-403.28812989344124,-0.0,-325.7359686173006,-131.13105668880638,256.3993586525066,-589.5392262965858,-0.0,-753.3758809000589,-1039.226747679503,-339.98169960940857,-642.5491250730889,-0.0,-502.01148413579676,-932.4459579317692,-562.728704849063,28.523890919829554,-2550.122371096143,-0.0,-0.0,-1673.9147171054717,-244.94628152346817,-1364.0989481962922,-101.69764884787233,-137.7358533376388,-262.26319950917656,-643.4313195377795,-1017.2330217212169,-1475.7919492025742,-2542.0798851441386,-0.0,-0.0,-410.6462355801142,5454.775489524041,4.73271389411463,-0.0,-0.0,-0.0,-0.0,-2768.493189236192,-491.2233653056111,-0.0,-1032.8811390669682,-1062.4642075646786,-705.7200614713333,-2444.2046116196047,-263.3446380460134,-1298.8202659663004,-0.0,-0.0,-2203.523039607549,-788.0535326678425,-2080.6444429757753,-842.3459829052609,-822.6000884436982,-2078.1883301764874,-216.3320098966225,-1999.5055606943708,-1303.1746937962303,-32.231367106435705,-1009.821790481226,-1292.681488693235,-236.55790614158158,-277.5420497784443,-1963.7209830319864,-0.0,-585.7088580720439,-269.2406631086889,-33.35032864027267,-880.6671869668187,-206.86843330110486,-907.2871808951687,-959.9800083239126,-1333.8122879729124,-238.0722709095559,-2718.8671702706106,-68.81264130137271,-557.7821456380963,-0.0,-976.9569882300875,-699.0734659117439,-1127.1557416842345,-1276.4252054400113,15.970100858288063,-410.14989973408376,-3098.118861843772,-867.0063520375002,-402.068939553382,-1267.2718059875272,183.39115325536503,-0.0,-0.0,-0.0,-0.0,-0.0,-0.0,-13.598304789624276,-174.70844597343148,-2735.7209921590797,-4912.675521795716,-619.509911543465,-1206.4063558465791,-154.90574125591382,-632.1978609717672,-1586.8440571288054,-1239.5843136389046,-44.148830776414066,-515.0162689879361,-599.501029334257,-0.0,-112.03272131389828,-1311.2515713735834,-587.9663935462024,-0.0,-1129.182791528834,-0.0,821.8858126839491,-0.0,-0.0,-0.0,-46.38403428059415,-0.0,-0.0,-1113.7913013510204,-458.15906826354876,-1359.6390821878215,-0.0,-0.0,-0.0,-891.0433706456165,-567.3675479669664,-1469.662607032598,37.11496416254756,289.5891448923717,-0.0,-0.0,-3333.457582804519,-1335.923217508188,26.26127850820121,-55.34962484110609,13.814817976092021,-22256.86482389186,-23130.746138183775,-2756.133981275503,-0.0,-0.0,-0.0,-0.0,-478.4653652849416,-0.0,-0.0,-633.2546036045575,-2655.8049165987695,-2257.5577386316204,-1637.5634966521848,-365.0431628340007,-1916.330909538428,-31.416689686415467,-1383.6954843904243,1114.7222711719328,-8.417638259715462,-1128.2184110718158,4.128822030377473,-0.0,-0.0,-0.0,-0.0,-181.0758342706779,-0.0,-0.0,-0.0,-1012.8818582783215,-1602.8210144093598,-0.0,-0.0,-275.7085974576618,-2430.1168503300682,-0.0,-1644.3929411794556,-1874.2521564668048,-2083.5366880027505,-0.0,-0.0,-121.01523848933994,-89.78325840277247,-1258.1862197095952,-1686.2575810969665,-633.9849828133621,-1379.1737938869667,-1298.0048615049589,-0.0,-0.0,-0.0,-0.0,-472.57594608562806,-252.1938554761465,-0.0,-0.0,-112.42299542808333,233.47627162614074,-0.0,-1260.1574899052596,-1158.6949419884966,-1103.472311139928,-0.0,-0.0,-786.7047232343305,-1411.9912274528958,-785.2260654829703,-475.8043181424137,-0.0,-2548.363913635835,-2381.134201290754,-0.0,-0.0,-0.0,-0.0,-0.0,-1494.5342131504817,-0.0,-2151.5124736735543,-1493.1279712943442,-80.19178740522726,-0.0,-0.0,-0.0,-2886.880327166613,-1619.5240009032095,-692.7152438995864,-534.1988082638179,-1173.2452709402899,-829.107069280486,-0.0,-0.0,-761.1302698145834,-1610.0983007636091,-81.659085789396,-508.9550515689642,-0.0,-898.151526494834,-720.2528019409773,-1688.2959292608882,-0.0,-341.0923457216552,-137.02275378973277,-354.26174350461906,-1712.1953162227692,-351.844573476707,-0.0,-0.0,-0.0,-0.0,130.89402807703453,-185.82348149790178,-912.0184043873408,-1440.658567511915,-1294.3286292089629,-541.8160522610485,-645.3594684089903,-6159.775590750668,-1061.3718981683614,-700.2667649917199,-0.0,-0.0,-0.0,-293.5552249176242,-393.5658238119012,-1414.784534400286,-362.653380257166,-0.0,34.451483707068185,-0.0,-0.0,-0.0,-0.0,-0.0,-0.0,-0.0,-105.61357871548711,1578.4725554916554,-0.0,-1713.6733362699417,-736.8143815431521,-479.12602704137885,-1738.0510957003287,-0.0,-0.0,-649.1453618885995,-779.8596277052393,-148.8427151948983,-134.4263340137161,-149.74624870859557,-602.805614863414,-160.6323877244389,-2274.3931656794352,-426.65691712649345,-464.6491554134169,-0.0,-0.0,-1576.6761586044133,-3105.3392322928125,31.259908979562,-582.5387755654805,-371.5627834482534,-975.4868196842732,-1234.3247083142114,-886.0904251930489,-325.9719787189678,-167.4693000702483,-1601.41669543608,-0.0,-0.0,-0.0,-0.0,-0.0,7963.150429386848,-94.62135925671267,-606.6076066574642,-675.5233761624451,-1172.4138656871357,-1468.8692588490915,-1409.9801351813014,-1879.359681367877,-2423.728271526061,-513.4159107396089,-0.0,-0.0,-1724.4428580648487,-0.0,-0.0,-298.502471680343,-1960.9451068868398,-1503.5782970243056,-541.5332488168027,-72.14622627172902,-2047.7480221874093,-0.0,-1554.6966881428427,-0.0,-0.0,-0.0,-0.0,-0.0,-0.0,-617.4749664039199,-1401.2961273237745,-1132.1793559693951,-108.34332507508238,-280.1223981369072,-655.1068959913747,59.925865011877136,-0.0,-0.0,-624.3210654412776,-661.4294855883434,-4216.616561218455,-0.0,-1641.8414072653848,280.23884670277886,141.52124722599842,-0.0,128.774910334797,-199.11058014855553,-176.1997027968074,-535.0448178734401,-0.0,-2095.5327261241164,-0.0,-0.0,-1260.8034971409245,-0.0,2645.8447411822585,2522.077628570991,2500.7309860164864,-0.0,-0.0,-2014.8053567017473,-0.0,-0.0,-400.6192424757222,-1058.387872038262,-882.7796078283432,-1147.5628863381596,-1359.7522578062742,-0.0,-0.0,-0.0,-0.0,-678.4955619271327,8.3527114342153,-64.82189144408557,-1369.9033213360783,-1135.241105843879,-452.98931959543074,-1627.9329026043974,-0.0,-2323.589325733542,-1407.9152967136936,-1610.5303065385235,-451.62732845077596,-423.554129516821,-0.0,-1337.4302757681103,-864.6320125034579,-1078.75335352984,-2111.205758142493,-615.5518379888365,1119.9230094772115,523.5994748180618,-393.2277525310844,-1249.1744277905536,-0.0,-1863.9034583966125,-3445.056281189092,-534.9254743751699,-513.6611890315039,-0.0,-0.0,-0.0,217.9116435862803,-397.05985998311166,-508.4519152678122,-167.58357542373193,-579.958539977073,-588.2303104328985,-0.0,-454.7793901449257,-997.2452688140581,-770.6531299719254,-0.0,-2333.5207436423925,-5356.0066905722015,-0.0,-0.0,757.1907517362112,652.9006081002088,-0.0,-0.0,-752.1661661077661,-932.9556998224851,-368.18017466459446,-756.4508991649273,-0.0,-0.0,-0.0,-0.0,-0.0,-2863.201367772627,-439.067305712154,-1954.4364511495066,-1128.7669819640869,-0.0,-418.7502201691942,-509.6312214706853,-0.0,-255.81803818975283,-905.6560130390105,-1265.3414630487318,-4842.763091696255,-85.54145236125218,-0.0,-0.0,381.8717300501342,993.3520451816911,-0.0,-0.0,-422.7966953765401,-0.0,-0.0,-0.0,-2787.069627698534,-0.0,-604.6744018259063,-0.0,-0.0,1971.9366956483868,2262.9422875842106,2009.1802623716358,-0.0,-0.0,-452.91593904726113,910.7139083317462,-2484.207253367861,27.934057889121473,89.30884670015043,-2849.407080265637,-113.72801718845234,-198.98357008925922,-646.9286824204505,965.6913157587783,4090.8519075659797,-3393.464555601698,-0.0,-0.0,-1118.4934934485686,-1865.6756809728076,-1332.7773603952937,-295.8877395078997,-49.25471117221548,-0.0,-0.0,-0.0,-0.0,-2210.0359863769986,342.53101191988776,-0.0,-4.366164861540693,-0.0,-1662.8325124556472,-2127.393005351085,203.82703953286543,-0.0,-0.0,-410.4235536029659,-0.0,-2033.207041949165,-97.27577826858027,-1100.6939587484053,-452.7354084727658,-1338.4897724683403,-833.5352087607786,-1280.708643514986,-679.8541065144179,-0.0,-0.0,-0.0,-134.4224663819064,-0.0,-0.0,-287.0525127186064,-483.94239192722773,-799.4664790250416,-0.0,-1844.5830780488327,-1160.755982470304,-988.9152938474579,-8.977757648867952,-7.931033761244976,340.1780403397668,40.644966892474976,-0.0,-0.0,-13.481532738759457,-1853.2331713078688,-748.7394952750417,-926.7475005411948,116.39826442585604,-2358.4984895735297,-2141.3907130006373,-1096.650494805236,-1060.5058837552606,-43.996169866895656,-609.7415481561723,-797.7206415852261,-1427.7322536452762,-2269.6299354033144,-0.0,-2007.8615505993541,-165.63083364352516,-0.0,-2736.8625174397325,-3027.310765859812,-2407.5955038449533,1908.807592808989,-0.0,-1691.9575917290817,-237.45422476491748,-1396.517858313994,-739.6364762694514,-145.82876920843023,-2274.8202609348136,105.45795543900228,1718.0440530218991,-0.0,-208.05857610496852,-443.5971381154031,-1214.3083092135046,-1150.9595320218696,-1874.9924804289976,-4455.558977023901,-0.0,-656.4365622468232,-1560.8289720012085,-811.480319271864,-250.64360959485046,-30.15615311001269,-303.04176535253436,-0.0,-0.0,-0.0,-0.0,-372.4874417232258,-1457.5004396561424,-982.6307920621067,-70.81957250056892,-546.488520408575,184.04250564324914,-0.0,-0.0,-1102.2428038617156,-567.7787024517825,-0.0,-2261.9186962330864,-104.09748614826698,-1376.8758578546917,-0.0,-221.57441039710957,-202.1151895878597,-0.0,-0.0,-505.5500120718623,-0.0,-0.0,-4752.932220187833,-229.90580353563666,-2351.273039477716,-0.0,-0.0,-112.3644750263931,-1523.4952026445999,-759.3619830578191,-447.94468327448516,-1483.0290519506968,-0.0,-821.1612379262757,-0.0,-562.2113633225142,-0.0,-0.0,-234.55500189866038,-102.60058082899639,12.54676473142836,-371.5378613237254,-1587.477623039052,-2145.287887542751,-0.0,-0.0,-0.0,-25.08120629526824,-460.83032989516937,-0.0,-1799.4834545289423,-2716.044687366085,-0.0,-0.0,-74.19004371202074,-1500.0895350159885,131.6200484421918,-0.0,-0.0,-0.0,-0.0,-582.7075820290241,-2662.023796375558,-252.5359110685949,-1315.5365532836115,-0.0,-0.0,-804.7751350527775,-570.5142879194623,-368.5861594998691,41.68515832687879,-0.0,-0.0,-0.0,-960.0123562998057,-716.1199681742517,-575.115886474461,-353.04471196845344,-0.0,-0.0,-0.0,-0.0,-2382.001649151955,-91.13817837081457,-24.711306762691557,-0.0,-0.0,-743.4801821460983,-466.86423195680345,-0.0,-2128.5447406417616,-4859.2393505225655,126.33003215747024,-1360.2909626334663,-0.0,-0.0,77.01775289309636,-475.98373422028146,-1846.6668411491362,-571.6317210875343,-2872.5635832985427,-1510.9477240440583,-852.2224745075573,-1761.6723308124072,-0.0,-0.0,-0.0,-41.62472124461173,-1256.506263704877,-0.0,-0.0,-3226.674053927401,-95.1803650055488,-1653.1612720425364,-854.1545238939796,-0.0,-0.0,-0.0,-0.0,-0.0,-0.0,-773.7720537516224,-0.0,-1895.4226245832685,-0.0,63.01561261274437,-1471.621521454255,-0.0,-0.0,-0.0,-2626.6650471855814,-0.0,-0.0,-591.4137913861244,-0.0,-0.0,-1219.6987806873074,-644.4276615317538,-0.0,-0.0,-182.40040059198267,-2316.519577486359,-0.0,-1117.694627927171,-875.4507209275881,886.3477171037797,-200.8323584437421,-0.0,-624.0802684843583,-2.744915236188549,-0.0,-25.048796047549963,-0.0,-401.2714365098441,-0.0,-0.0,-0.0,-0.0,769.5373861734042,731.3809364688484,-1012.6468629648232,-1853.6287685174232,-0.0,86.60668546922669,-4.571869806362645,-79.90977372828739,-968.6255111806335,141.29296524593062,-548.4795736986628,-423.76185151579574,-185.9776439924604,-3928.901038810614,-0.0,-266.42761679821996,-1948.5869119363188,-2656.4422440091926,-0.0,-1334.0155981618145,-1636.9242468087732,-2310.328338482904,-815.1323156266975,-0.0,-942.5246936136516,-786.3231948619598,-855.751302136482,-1470.737085168815,-1134.7280418167493,-0.0,-136.69541885282254,-1210.0695406681043,-0.0,1188.815681865295,-486.90073456266924,797.8141512179166,-0.0,-0.0,-112.78096537585746,-39.20851452795942,-2489.4664171706627,-1109.2668981169838,-0.0,-941.9545511630581,-3203.9736216245083,-964.8845780223666,-992.8424543405595,-1362.5606171384409,-444.88487555107156,11.761118435666999,-43.603649709703014,-0.0,-0.0,-1021.5896763852187,-91.47721215069771,-0.0,-0.0,-2171.1435308509117,-832.9430203608574,-718.0249661904567,-2002.5440543072605,-102.90619652162012,-21.593247066639748,-2709.6900597099398,-923.7927245784566,-627.9665724700906,-1087.5595062273123,-0.0,-2470.311133066726,-466.7053316725092,-1336.5127104515088,-1535.402814829431,-358.76646511281893,-584.082199758108,-1853.8111567459116,-463.98100521563464,-0.0,-0.0,-0.0,-1446.0198240466507,-0.0,-3439.5969688775235,-1398.6360893847834,-1631.9942352233675,-0.0,-0.0,-0.0,-0.0,-0.0,-138.02367117691952,-0.0,-276.0906088632828,-1020.3187066921786,-423.5589249929702,-0.0,-0.0,11.999896180997036,-0.0,-0.0,44.268010145628516,-279.43878560326044,-0.0,-555.4245347056427,-0.0,-0.0,-95.17138891682505,-12.524761843266868,-3029.3640315000275,-2403.7760726623264,46.9007741514838,-7900.321965654461,-950.3601738273283,-694.4354026074532,-0.0,-955.3437035370224,-1677.5967228764741,-0.0,-0.0,-0.0,30.68373991594882,-0.0,-1509.7817344186556,-0.0,-1531.9612107659764,-0.0,-0.0,-2384.189112244724,-420.76519383949193,-786.6449234295859,-0.0,-0.0,-0.0,-0.0,-296.2975140149765,-795.1208133449222,1525.8862412952562,1036.925132616664,-843.7633401173666,-9.3546907328118,-0.0,-357.9271346484617,-356.0742359460411,-1913.598749225276,-511.33749227781533,-132.12274298979196,-1179.219084320424,-1647.9327755424065,-1028.8307970770668,-758.1623469793672,-0.0,-0.0,-0.0,-87.35157695501287,-0.0,-1868.6739480271583,-650.6862849558455,-0.0,-2009.864390375562,-1313.7624125248494,-0.0,-0.0,-0.0,-0.0,-0.0,-1209.3844711835125,-0.0,-307.0539631305027,-2015.0084765313532,-0.0,-1180.4658706910257,-0.0,-0.0,-0.0,-2596.02982816692,-1427.4492893290924,-1138.2332581206342,-2867.370434335554,-0.0,-0.0,-0.0,-86.66835573594663,-546.2853872125296,4.1532901561705735,-476.9683084277177,-325.23999304638767,-0.0,-0.0,-353.2134349397944,-1520.9872008326943,-4223.7347083109435,-0.0,-443.880177824328,-1446.7748315311014,-441.81478040250016,-525.1567238910694,-0.0,-0.0,-0.0,-2023.2969598353304,-2089.966302378843,-46.169632129238195,-1860.854445237562,-558.4638459005214,-379.3304093766948,-9.38690439598424,-1258.4700108569662,-0.0,-2195.4409009178426,-0.0,-549.0331144614349,-0.0,87.6707742722805,-0.0,-0.0,-586.385614270452,-881.1316361126356,-8.364963144158793,-0.0,1380.3176743090696,-0.0,-0.0,-1963.653840500906,-1484.9287513508646,-1224.4365203847851,-0.0,-395.0665148761494,-679.1608560186091,-1586.7894450107488,-0.0,-0.0,119.55015362193217,-760.7854838364733,-0.0,-0.0,4.084979738083979,728.1326688842214,12.78330267975187,-1594.05138923619,-0.0,-0.0,-1920.262309309551,-1825.2175710628164,-89.08723259195379,-0.0,-181.1894846884339,-801.2609481926859,-1213.9679746504794,-1765.7571198626172,-0.0,-977.452617667956,-6.940479086910848,-0.0,-1784.634159449951,-0.0,-0.0,-0.0,-0.0,-644.9727625679687,3.96961448790081,-17.632650199859306,-0.0,-0.0,-625.6946336130801,-0.0,-0.0,821.3222728587642,-1123.6798791491153,-56.81266361932692,-2142.500702062659,-0.0,-0.0,-703.3690193590456,-0.0,-298.2851175951157,-1246.2927303215765,-1093.8264239922376,-1220.8138565488384,-0.0,-0.0,1574.5620227694674,-0.0,1096.4812108035946,992.760803217484,-44.55151361407017,-918.3070049862318,-0.0,-0.0,-112.05180140897019,235.3764811505111,-874.82495552064,-404.47269582017293,-1141.3086703534755,-2901.9459449903584,-2088.918498034883,-0.0,-0.0,-290.873075590397,-5596.972938551622,-661.4853961819089,-597.2056489222562,-0.0,-0.0,-649.6602238301352,-0.0,-1124.9393431161316,-1395.0914532113877,-831.2174671125664,-0.0,-0.0,-61.2571245071377,-0.0,-181.78931852476413,-1531.4419599350229,36.417744125503205,-702.1812820559758,-480.0034347316787,-267.9221235945186,-701.2566923557208,-2477.717664591841,-18.042968733124116,-1286.006544840046,49.540924341590824,-1071.9180657175941,-334.4360194456717,-0.0,-0.0,-248.19678348952365,-0.0,-0.0,-1769.635192777574,-699.5939574286201,-0.0,-917.3099735986616,-548.2506556030526,-0.0,-0.0,-1534.506658695603,-873.7069421631589,-1643.285790258798,-1462.1344100817196,-0.0,-114.73219655052041,-3323.2709570046336,-1141.384080104388,-298.35812543895173,1718.2235774343499,-1966.5583404058436,-1337.049828024695,4.514124537948692,-946.3849523002699,9.488667897678818,-1946.8496424711052,-0.0,-3996.636938607635,-874.6491810643498,-0.0,-1688.211456480807,-1575.4722406297062,-0.0,-205.069626687153,-970.8275563218327,-1276.440897961061,-1509.9735262089466,-816.1611818198543,-562.2996059611218,-566.6053117232451,-0.0,-159.04379996992452,-0.0,-2635.3769900033594,15.999024233488605,-3762.9734342009015,-875.8044000061822,-44.16605187546582,-39.104798539513254,-1487.9290609210198,-886.6896893247568,-0.0,-454.21343107102365,-0.0,-0.0,-835.6504060408953,-0.0,-0.0,-0.0,-0.0,-0.0,-0.0,-0.0,-809.5186236377112,-519.0186628633489,-2926.721280164371,-2576.7609088347367,-0.0,-0.0,-1235.844031798968,-2131.018248081228,-538.2878643993183,-197.1670340973191,27.27920744004248,-0.0,-1469.442758512653,-0.0,-2571.4065027872803,-0.0,-0.0,-0.0,-0.0,-2046.4662802735704,-242.95034985097647,-484.53940118341933,-1164.3916591202296,-1438.7474631328516,-1168.0785530142552,-793.320245457945,-1278.4404270896803,-0.0,-0.0,-0.0,-0.0,-626.8636642487886,-457.57452697950407,-1470.6396580833543,-0.0,-752.3734686787867,-6763.709230644727,-651.0292429324169,-851.7675100919881,-3078.341749744061,-869.963297389534,-0.0,-564.8789575835981,-601.7426868384936,-1215.6028301590877,-637.8876878732301,-1583.9541145456865,-1818.624974033995,-0.0,-0.0,-0.0,-0.0,-1713.1020503352056,8796.805716883367,7193.147914281566,-0.0,-0.0,-0.0,-0.0,-2184.1386032472897,-1233.3411437411844,-92.06303549004737,-1508.3734555447513,-867.1050675673865,-0.0,-0.0,-0.0,-0.0,-778.6057332157897,-0.0,-1997.8854477871384,-253.62158735088295,-0.0,-0.0,-0.0,-0.0,-139.7623018847245,-561.3065845296534,-426.0597135053778,-925.5919377840028,-1236.9933116408386,-1197.0290554851038,-1171.3385441935154,-318.2071192920408,-1598.1607648559439,-1542.4705498648075,-1233.2632256040067,-1632.8986597746134,-41.31196067647538,-1283.1057917717371,-1085.1674920220062,-991.536063724613,-1661.1850342821037,-367.15629679101613,-2375.459939008274,-1603.8173901703597,-2011.8310843673419,-633.9761101384286,-585.9751844640401,-1130.5228117543747,-0.0,-1135.7343039799453,-0.0,-3570.6227315323094,-836.0980542409317,-292.8940027644053,-1999.787568841316,-1609.567976767719,-1212.0133912649155,-0.0,-0.0,-0.0,-0.0,-870.8036911798907,-3828.9761343390037,-1799.0949675341842,-0.0,-0.0,-1209.794714608939,-0.0,-0.0,-1285.865151729034,-553.188353702754,-1159.7487930674183,-601.2021464668297,562.2012994404504,-1159.3596414513665,-613.1319179778061,-1636.0871845751753,-0.0,1476.4538660682495,-0.0,-0.0,-1225.8176223052378,-5877.951741964305,-0.0,1768.431160185589,374.27416710301674,-933.676658495849,-246.37246191482072,-0.0,-1880.1399985868884,-1060.9740780931097,-2317.425152871955,-2213.704381294891,-390.7755473858769,-0.0,-488.8298855980196,-173.0652200485665,-0.0,-1051.8752898381515,-0.0,-1887.705992787273,-2359.0996841494066,67.31600473478187,-2536.5161819643863,-2117.825418019684,-0.0,-583.475949237794,-1444.9101353647268,-2047.8674601633224,-0.0,-409.23274636635705,-2539.6289441569525,-945.7814622759589,-869.6883852981202,-975.0666150535503,-459.81693586827475,-926.1549379629582,-1649.4460752809064,-0.0,-1026.9273197147695,130.93233977694317,-1509.038403680232,-0.0,-612.9170765386091,110.87380669725688,-970.796988681924,-651.6833804553851,-0.0,-627.6605738358074,-474.82871634826193,-1775.209531696185,-1320.8657009779206,-1701.3960692753271,-915.6253469868897,-832.2765751665297,-978.0818255374414,-2290.819139683792,-24.190321542902772,-0.0,-571.0021078049714,-654.8949663723195,-1452.4603270017808,-2177.4094691032033,-334.11341799825175,-773.5076725456285,68.1616207489656,-910.8388507179002,-1322.9299349610408,-842.9050313705201,-0.0,-1075.420833178984,-59.41442120052962,-2625.1107648332472,-0.0,-444.99747506017104,-837.6039416149424,-592.9825010694298,-2450.118005516144,-180.1717140073544,-1628.351742869477,-743.8145674867583,-2728.9283829038336,-0.0,357.39446991062243,-0.0,-0.0,-340.05426264813747,-0.0,-0.0,-3856.9378503696294,-28.540658055696806,-39.493778112042115,109.89133403710521,-1411.432064492334,-0.0,-0.0,-0.0,-0.0,-0.0,-29.781438556478783,-0.0,-374.6879308618858,-0.0,-310.9722590300787,-2056.329648438412,593.4529864132134,-3135.4264174934883,-0.0,-0.0,-0.0,-0.0,-0.0,-0.0,-0.0,-0.0,-0.0,-2740.3354457291875,-0.0,-2863.5721190334725,-3333.3503349617445,-40.81899355146669,-0.0,-0.0,-0.0,-0.0,-961.5184225485431,-1164.7803094723963,-0.0,169.41598462968744,-591.9920276783665,-2290.7089205186585,-693.2467323312693,-0.0,-565.6047555511274,-1229.391564512429,-0.0,-0.0,-660.7474915234453,-976.3152636516772,767.4104244488046,-518.1997010997082,28.974600651746837,31.401163856195044,-0.0,-0.0,-0.0,1654.5705444341554,1480.4700626982649,1735.5104716990397,-0.0,-0.0,-0.0,-841.5612569021214,-0.0,-0.0,-1014.301763833988,-81.88440496793383,-497.4040448720126,-59.99451647992874,-1097.879595763219,-849.888822965564,-1533.996670109723,-152.6966042003633,-296.6116914567514,-1314.5381177071363,-0.0,-2292.319061475829,-17.12589433669679,-1013.1439338646042,-981.3160747552228,-17.485268537062762,-0.0,-1386.6095908323587,63.56869717919428,-0.0,-0.0,-0.0,-0.0,-0.0,-1467.2199765337543,-3283.1563946426504,-0.0,-687.044149329416,-65.09143114666384,-0.0,-0.0,-0.0,-441.3548335401509,-31.900849773870963,-0.0,-1388.0067547356025,-841.3162573793527,-0.0,-0.0,-570.0071870324676,-0.0,-0.0,-1739.0084786683667,-1467.7322496675386,-0.0,-871.1058394157913,-2231.529120679087,-98.11850838893757,-0.0,-0.0,-311.3702985876292,-828.9507186027113,-247.9132782528237,-209.76757307213907,-173.9636541774826,-0.0,-0.0,-0.0,-1435.3630642113553,-1053.5942158686817,-2072.8958979910353,-290.1162271349739,-1416.7114050195378,-132.04303328208937,-174.5363212926764,-511.8279114529653,-2104.5340277310684,-0.0,-0.0,-1843.0873068235321,-2010.6904435384274,-0.0,-0.0,-0.0,-576.426900539002,-2459.921318412198,-3626.2309826720107,-0.0,56.38622238899733,-188.20560638416154,-732.3401210409405,-718.9710893487013,-2172.990359248694,-0.0,-1575.2011688230648,50.25868872606139,8.59314038537437,-326.2668121519995,-0.0,90.25719804673983,-300.3971022530976,-452.2257416209491,8.269288613656062,-0.0,-0.0,-702.9087050748758,-13.860429682032722,-0.0,-1422.733597240876,-1034.7165309120578,-1308.8581480322603,-849.0757434018249,-1224.0591428998123,-1852.1634497477783,-0.0,-0.0,-0.0,-0.0,-0.0,-371.9294692102118,-697.9014187560932,-1343.0709621558028,-1630.560008482079,713.7574871912784,-1552.72843336744,1771.9745158487299,-0.0,-2210.7545040664318,-1776.7118678216414,-885.6783608846222,-32.62185460019069,-129.72392915220416,-2353.3572672814944,-241.4285641429521,-0.0,160.00585181655106,-955.8476583357331,-0.0,-0.0,-641.4248889155842,-439.8177929282872,-416.441555150319,-1317.976273893438,-1783.2922277044665,-0.0,-1594.9893213245643,-1204.885230135363,-4394.396134834034,723.4196871197588,592.424662015202,718.962793099826,744.327526959148,-0.0,-0.0,-0.0,-0.0,-0.0,-0.0,-0.0,-0.0,-633.0078795192653,-0.0,-56.27813738334265,-41.15796420674801,-0.0,-1387.3816799668346,-1501.3939182166953,-2128.9050086030493,-0.0,-0.0,-0.0,78.68491257416792,-3201.525785386944,-705.1430425957726,-3044.3371215683565,-1649.6661264887466,-0.0,-0.0,-159.30083117164446,-1475.5580953226256,-0.0,-2068.193758139221,-761.4450929351793,-0.0,-0.0,-0.0,-2583.104272079538,-0.0,-0.0,-0.0,-0.0,-0.0,460.217836854562,-0.0,-0.0,-0.0,-1041.4341416537995,-0.0,-0.0,-0.0,-0.0,-0.0,-0.0,-0.0,-541.2649646683433,-1095.6724651120765,-1601.6610143043306,-1764.0328151247502,-622.7675486116594,-1310.0857093928814,-39.22539907132876,-0.0,-679.1285246753457,-54.3069684375027,-0.0,-0.0,-0.0,-0.0,-857.5022144121828,-0.0,-531.5773443683215,-1359.8359736946124,855.3136982844712,770.488054525465,784.8401273733102,715.5930625084299,745.8573992093468,-0.0,-0.0,-0.0,-0.0,-0.0,-0.0,-381.47081564876584,-0.0,2221.2450449395665,1026.6275075208025,1234.4506794761703,-0.0,-0.0,-1325.9353537966456,84.37817509629126,-67.82522225238267,-2531.94991854515,-0.0,-2007.9582136661013,-0.0,-0.0,-0.0,-0.0,-699.6355290995257,-0.0,-571.9303953492126,-598.038055251312,-410.4910870958079,-0.0,-17.719531034706872,-0.0,-889.8443383336362,-0.0,-2415.2820511751224,-653.2805189782684,1843.6060062428655,-2264.2670965908096,-1024.0659112707524,-73.94175505540265,-891.6174918849051,-0.0,-566.6457700170555,-84.89752633655374,-2580.060643057618,675.621737687233,96.06096422527509,633.1107249038631,1340.2800747015851,-0.0,-332.6665422074792,-26.780984614341087,-1128.9732935943896,-1306.0922836805346,-1534.1746654932065,-1976.9111104358167,-0.0,784.0797817457443,-0.0,-409.507216257117,-2451.7731075418064,-1420.1962833035839,-0.0,-1365.4169111973927,-419.7494413305338,-634.7132135009309,-774.9676264471503,-360.5788226771751,-1463.6252897039349,-0.0,-2308.311576676081,-423.3951428745096,-1612.1193175396,-336.5587854072172,-0.0,-0.0,-0.0,-0.0,-1378.5063436756034,1256.634705833801,-1171.556652962965,-650.9325528700134,-0.0,31.45378650988287,-0.0,-0.0,-827.0748736419317,-763.1589256576794,-807.0512179131381,-686.3789124279097,-0.0,-0.0,358.7065621366352,250.62107277273256,629.131049660721,-0.0,-620.2798196192673,-2024.5877552039515,-1344.3205431004053,-4.602605054893214,-1746.8268190425092,-0.0,-0.0,-0.0,-611.2786792861953,-920.8517755403758,-0.0,-1431.30333194738,-0.0,-2812.4942531611873,-3901.1364553835774,-0.0,-20.617401879216896,-0.0,-801.7363448846448,-0.0,-0.0,-0.0,-2293.4930973680944,-1186.5469196866823,-645.7304613574934,-929.1876200211268,-0.0,-0.0,-2258.5181047424103,-0.0,-580.1334874117013,1240.4909562688597,-959.6714327337311,-807.7985728870872,-590.4928196213722,135.09419793913386,-0.0,-0.0,-1426.6952935450593,-0.0,-770.2633497711731,-72.73931210277844,-385.5828775099614,-363.2041464948607,-0.0,-0.0,-241.87099890197527,-678.9439745296079,-1117.37832491586,-664.854215912176,-1129.6844218208778,13.803070152890465,-0.0,-138.3775156569881,-2211.934853448146,-1338.7175154351746,-0.0,-0.0,-0.0,-604.7767603048637,-641.9180984478816,-1658.9916719141954,-0.0,-0.0,-0.0,-0.0,-0.0,-1582.134233014224,-754.3783916285414,-0.0,-617.1617419185484,-0.0,-18755.365771546378,-865.678186361919,-125.98793675966964,-643.7051056931862,-0.0,83.33287620733176,-1357.4669080381889,-2735.786910770185,-0.0,-0.0,-0.0,-825.5663457098582,-545.0348760774041,-1170.0978848307948,-1068.5200534342212,-603.1121160612172,-0.0,-0.0,-1836.4696320008343,-611.8516824592732,-2432.6593120162242,521.1155306026137,-2518.7309193775977,-0.0,-0.0,1749.1227755652255,-1653.4951213733486,-0.0,-251.8135719719665,-374.2012299429521,-671.4876625953042,30.10432118337294,-946.4793433509171,-0.0,-0.0,-1453.7243913057075,-1355.5414395352495,-2603.343678313367,-0.0,-0.0,-2577.1219380965226,-753.7404219856608,-766.0008656748481,-2607.67077267841,-1534.7676854235256,-0.0,-0.0,-1117.6825960467108,-0.0,-94.32880429525667,-1646.2355011171942,-1891.75100830908,-0.0,243.0092924404694,-817.1220905450765,575.1486282081329,-278.6707474661429,-260.869215306941,-0.0,-478.7411743181045,234.13649219022602,340.096793871954,-484.47501999491766,-2651.1028948222174,-2118.7396063710303,-91.3871783816702,-4720.085811154263,-616.8689383610782,-1199.0353048769014,-52.18330822339024,-3996.9341431719363,-355.25648922574635,-680.7541458250747,-323.5374816465167,-1705.0880844960673,-1059.878648429039,-3633.342765649518,-5693.435107902217,-89.33879001881661,-719.7755036869933,-1808.8686595798556,-1249.1519993297527,-0.0,-3594.5864700003153,-0.0,-289.03288220379596,-1619.1029866903198,-1458.341406221751,-0.0,-0.0,-995.9480238613468,-250.54538848906532,-0.0,-1458.5651463529953,-0.0,-708.7343525515355,533.4544556033827,-2380.823952458461,-501.7006968582806,27.801137709182974,-14.044718953604438,-0.0,-1985.2437455655447,-601.2026273794755,-0.0,-137.87756789922008,-0.0,84.05530164980885,-190.0972431609116,-0.0,-397.64307206380164,-1470.6760430075933,-470.6991916693698,-830.7793729447015,-2318.697330004994,-0.0,-4255.587265354771,-1841.491849889814,-2587.637452061778,-2349.903331538464,-76.9736673140858,-237.6859817757767,-672.0777473567064,-1552.5738421135238,-0.0,-0.0,-1314.676999487199,-203.49202775036716,-0.0,-81.89388081577938,94.09383946364603,-2360.144014928386,-0.0,-0.0,-1376.1602850937375,-0.0,-79.24782264328691,-0.0,-47.07974247540981,-154.05766316728065,-0.0,-397.55963653734267,6059.235561503106,-0.0,-0.0,-2777.2122575597054,-823.5889394749106,-288.2565839955364,-0.0,-0.0,-0.0,-683.5281984988089,-2251.140599281017,-0.0,-0.0,-0.0,-2396.2479634492024,-0.0,-0.0,-0.0,-1666.3284115621534,-771.1938242748262,-316.46836009189815,-490.01586525214066,24.54526888214996,-719.9009088063812,-400.19360523340936,-218.95574761935399,-2526.4103825796888,-0.0,-0.0,-1321.6764012601443,-806.528495972976,-2588.631514144477,-0.0,-0.0,-2829.778440915493,-708.3293266758043,-1630.657298059841,-438.0344580029081,-655.8961048316017,-2457.2287059148216,-866.9464572885796,-90.57755985349553,-866.1460221812882,-2111.5791250722777,-1627.6912209429788,-1437.8044832741302,-0.0,-645.0278548560024,-0.0,-1646.5728880985982,-445.12355440332533,-231.4558716596093,-657.7591650855296,-910.817465050857,-12.895928413796007,-0.0,-1246.1950589587782,-582.9066243098952,-46.32434552720696,1609.7999239233002,-78.76620228777001,-0.0,-671.9007252304772,-489.4856525152794,-0.0,-711.1839874975525,-1636.894670612143,-0.0,-0.0,-0.0,-0.0,-431.29839432284325,-954.992511270469,-334.90536500775966,-512.7924859602316,-360.4894121689009,-1707.4006987856237,-754.9206269668267,-1484.9616784206605,-2659.8821928567613,-2058.5454012651585,-0.0,1032.747637988339,1043.2770786208923,586.9668992040305,801.6309242310655,460.94075325481026,-0.0,-0.0,-0.0,-0.0,-0.0,-0.0,-0.0,-0.0,-66.32218056915156,-911.5954747192803,-537.0759365935244,-288.95628779321595,-1250.2529113124754,-104.24156632554227,-377.7588268447881,-1204.5219291150536,-310.5038357896115,-1826.4496565974787,-793.7986998127014,-86.54279870627742,-394.36431915588486,-25.02922859048216,-0.0,-590.6774128441449,-178.33708813696458,-215.02207483975104,-771.6383211090177,-365.1310565165522,-1576.5191376307064,-309.694664053578,-0.0,-0.0,-1982.9109145552384,-531.2550681595604,-344.2145977626902,-561.1258773671964,-946.3355499244213,-452.6170972694513,-422.39278932014093,-0.0,-668.9318953666011,-714.6809582016205,-879.4875627417665,322.0192816234797,-1387.2025090510792,-2325.8951267963216,-221.65934548145862,-693.9918156830519,-693.1726958133552,-13.844777482904108,-0.0,614.4110061349644,-829.7532778824578,-36.764935502357794,-2003.5624521713767,-0.0,-0.0,-1279.7857804379703,-513.3815061654288,-0.0,-619.3073674334734,-708.5478027262667,-824.7938675303949,-0.0,-731.7831686329898,-498.8013268039007,-2288.417833514875,-4394.222974094864,-402.28882140314937,-0.0,-84.62725118811595,-441.9216530423708,-1562.9267741770357,-234.26075859575158,-594.3787958733033,-743.743935472838,-777.8994214731881,-393.5449442403606,-0.0,-0.0,-1706.0166368494758,-112.93118924093737,-448.5246417904568,-815.1378024583655,-1237.6893281884086,-2521.7262904915433,-0.0,-600.5905980128604,-0.0,-0.0,-0.0,-0.0,-0.0,-29.708030626571084,-189.96220162097282,-369.850288066318,-0.0,-0.0,-0.0,-0.0,-0.0,-0.0,-1226.3263008867814,-2349.707784563189,-425.0359205490137,-513.3965953376031,-47.63717058207362,-0.0,-0.0,-448.042045948804,-0.0,-0.0,-116.84419749819153,-2791.126796420975,-0.0,-0.0,-1534.4854654769595,-588.4646622552091,-910.7183988048371,-1021.1853295698045,-743.9767087940796,-0.0,-0.0,-1212.7046470202517,-1884.815115971059,-1018.4647025566159,-0.0,-1179.0191273071762,-0.0,-374.98347745159305,-749.3983379588111,-0.0,-694.4213913351996,-1852.0278889662245,-0.0,-1765.6777185186902,-184.8158171766118,-616.2252747800483,-1428.4382235936537,-237.2368586025887,-1266.0977187390197,-0.0,-1054.2361810309453,-28.40404627999901,-2450.5754200584074,-1945.128008691044,-0.0,-0.0,-0.0,-0.0,-769.029399176356,-844.6889891224408,-0.0,28.11935249632477,-379.09306287795204,-788.9462161055496,-2131.231646044511,-2364.782327557791,-393.2295016137184,-0.0,-1459.7595844250689,-880.6621999418954,-1784.954098187049,148.1379275049833,-0.0,-3493.5614767850525,-721.4500485490471,-0.0,-462.0840704974068,-1515.2508486780155,-0.0,-0.0,-571.9820357704302,-1499.787856586992,-0.0,-1126.5543516746852,-1346.5728968663504,-39.80094517838351,-86.69365132709343,-528.6807767842564,-0.0,-1544.8616424036604,-2723.08941780273,-1210.7115692574123,-186.7867113976849,-1981.5050809434804,143.92058292966854,-895.1970540852986,-652.6567708839378,131.6561964498055,-898.4657944592459,-1524.6252328127016,-871.2838631921917,-1355.5922460471252,-427.10622617478504,-627.2534548844712,-795.167660479142,-1617.8555219569582,-0.0,-0.0,-1893.5553753181355,-339.3079084969907,-0.0,-1564.3554746221641,-1290.0409732637572,-0.0,-2582.4606018345,-561.3729231683767,-0.0,-866.5582381480275,-0.0,-0.0,-1316.228911790114,-1061.5015876843809,-0.0,-0.0,-0.0,-773.1255936784453,-4.6968437437744806,21.12828672125675,-264.77211389472586,-0.0,-2209.6684821509475,-1549.6542452616936,-583.5189255304219,-2156.5659873221093,-0.0,-61.444391109552186,-981.0219856271088,-0.0,-446.7706883834352,81.32884807243352,-1686.0474020441463,-1077.5390461990537,-712.5899670788369,-1331.8670227896662,-0.0,-0.0,-0.0,-831.8895386464982,-0.0,-406.8785086341159,-1018.2858502321576,-220.96674413744924,-1267.4426612242903,-2273.8223059117463,-581.2283018147037,-2182.9336607197647,-0.0,-1176.685099382158,-765.8947538126276,-531.6190620148503,-1326.9728389179172,-329.59891554093207,-540.6597064908777,-1567.6846977172986,-0.0,-0.0,254.49022772222477,-2868.58768098349,-1025.4954756207442,-279.50516729635757,-0.0,-385.79760995268305,-561.7256214285359,-673.7402459603436,-0.0,-0.0,-807.0039035872264,-0.0,-22.164309083282575,125.90302461291358,-125.71869312389342,-2094.505732274313,535.7317289113655,545.8264080792554,524.2105140102638,674.0486699149989,50.1759049283326,-0.0,-660.2138584724275,-784.801344753146,-372.3370829734153,-10.289857482671326,-0.0,-0.0,-0.0,-202.6329310689638,-14.064189099804778,-958.2209454147815,498.68967352267697,2500.7053159152515,-0.0,-0.0,-0.0,71.98596346868175,82.80205216964433,-0.0,-3225.7577908705534,-0.0,-0.0,-0.0,-0.0,-0.0,-2564.077580767955,-295.3835537799405,-0.0,-422.62883542392706,-2237.330350073787,-169.38044294727854,-336.4383374913413,27.602943429948738,-1810.0842709861377,-4525.141466313327,-2057.8808145946423,-0.0,-0.0,-1755.7375875232494,-1094.6364965042242,-769.1975547227526,-435.76040606998237,-365.43460888605415,-1051.5568983541837,-1064.2044565077144,-5210.369703222451,-706.596526334823,188.58240541949417,-861.6056729280665,-1143.1899787801879,-651.2533709180586,-663.0854670806275,-7.957302303191263,-1696.4238500528963,-865.77445299212,-616.0022927248419,-0.0,-0.0,-0.0,-0.0,-241.88559273153274,-1275.311764061413,-0.0,-1305.92601415675,-1436.4416078911815,-0.0,-0.0,-1528.2807509490162,-0.0,-0.0,-225.9370424135899,59.38156053003427,-0.0,-0.0,-3264.3809001258333,-1285.5716858394637,-101.59574957696086,-985.9769784941251,-1488.2330582799557,-0.0,-356.30749608478794,-529.169011958457,-0.0,-1454.035446684796,-355.12661868668465,-1223.6192410658568,179.88244268868786,-934.7451310254531,-212.7773395327838,-249.69550216236857,-56.36431018017974,-47.336863060255475,-642.2223326119355,-862.230232707288,-534.9977802882896,-746.6593523794943,-0.0,-65.46411903207492,-770.3893870669089,-176.1780564691595,4.120622756886272,-0.0,-1058.9682367974017,28.518846700164143,-1378.744783350571,-0.0,-0.0,-0.0,-1962.1971893486727,-0.0,-0.0,-84.12409454885004,-0.0,-0.0,-0.0,-0.0,-0.0,-0.0,-649.9100869002191,-1703.7487828599799,-0.0,-0.0,-0.0,-0.0,-899.5297813565052,-502.5670998789726,-0.0,-0.0,-1962.1819825710515,-0.0,-1447.6735221624638,-2840.944618156375,-0.0,-0.0,-0.0,-530.9788354632661,-0.0,-0.0,-0.0,-1042.412363632516,-799.3578434705727,-706.0529172194703,-0.0,-0.0,-238.02166445575713,-0.0,-4215.77500687694,-5713.619697104296,-0.0,16.320965797549164,-0.0,-638.3147560007119,-713.3804590487146,-2122.792417848542,-0.0,-0.0,-102.28463605851206,-731.4110526558518,-1446.3691362146706,-710.2313683927673,-359.2276174115684,-0.0,-0.0,-1283.7574591639197,-1035.9059054993868,-48.1706210781874,-0.0,-0.0,-775.5255877375774,-404.23561116877664,-89.67707884192019,-0.0,-0.0,-0.0,-2302.676676792413,-360.763154163277,-1425.8501121157421,-4606.5669374278,-0.0,-1044.0839083569533,-1222.1653036950247,-2537.3333947714227,-360.2211289847598,-0.0,-0.0,260.124936953631,-1255.5183076403198,-1954.9584357920842,-531.7870856725957,-159.08554725979693,-26.291832741571138,-1904.7039370103198,-441.7829732745335,-1870.9275991536147,-708.8531565178263,-2886.119840629657,4.09617885780917,-1050.5886415052798,-936.008935361432,-1968.747514167118,-0.0,-0.0,-790.643376054455,-1780.838470912805,-1916.9252931208014,-923.5287887217573,-0.0,584.8891469108241,-72.770805203759,-475.31278462358347,-0.0,-20.02290534951096,-0.0,-2612.3127088709007,-55.210887650142716,-0.0,-0.0,-792.0575895896534,-1171.0114068659716,-856.128554552721,-369.26986410447586,-622.399567076479,13.367172018307194,210.6807522126735,-877.9964802455646,-27.81530200737179,-1604.0417835333806,-0.0,-1640.3408217340154,-135.38643775350988,-804.0996074010234,-423.7518183333911,-25.727620126564055,-45.41215323888049,-21.38800829756939,-1323.999884792677,-1033.231750556012,-1495.470045231623,-271.0787916254267,-1467.8407692455296,4.112040325894705,-0.0,-811.3025056492309,-2835.7095853518044,-0.0,-0.0,-31.705006383905204,-2219.7542594890233,-201.1866530091003,-610.7686191333056,-393.873313319159,185.3215275796138,-0.0,-0.0,-1342.5943025990118,-0.0,-0.0,-2300.661986021874,-1676.016312261066,-901.7329145612366,-805.5166250776484,-681.4119971612807,-962.6063446493366,-829.4923482785733,-1379.4525211004925,-2755.854248722513,-0.0,-0.0,-0.0,-0.0,-322.3226156286924,-0.0,-2189.745471504087,-671.0440994630816,-900.7865792882092,-1043.4028643738234,-485.47302313967907,-0.0,-1496.1480606756447,-695.4803706427509,-0.0,-2739.37862825809,-1536.9044664226817,-0.0,-0.0,-2568.698979479045,-1818.0029102340236,-470.4934225615816,-856.51041907887,-0.0,-566.1597226769242,-335.3938310964595,-0.0,-679.1713595767644,-582.2122113429072,-544.8439176231442,-0.0,-0.0,-0.0,-0.0,-413.7019678247997,-1309.4818911666796,-7491.551711955526,-0.0,-0.0,-777.1949794222547,-750.6772231622379,-2048.2162509349714,-700.053402479322,8.111767312376822,-486.2056077881638,-0.0,-684.4768453058755,-608.8144130804035,-0.0,-537.0463538689453,-1212.001511102119,-0.0,-0.0,-0.0,-0.0,-0.0,40.964314865038,-2260.62277839674,-0.0,-1431.1488930165403,-951.6093161997509,-4.283018090408417,-1803.3180778589865,-1033.3784147753072,-1033.4780207463623,-1510.7800128486324,-83.29758926068615,-127.79308240195971,-1343.6484818579215,-749.6604254431621,-725.6396154779843,-0.0,-1564.7621080103356,-1451.4990459230778,247.97824268382595,-0.0,-657.4001111191764,-763.3645578774056,-1050.4297604386027,-70.0876895340429,-0.0,-309.85703499278566,-0.0,-0.0,-2628.8281745548384,-2260.4851182657167,-2044.446259283596,-1825.0997566561737,-0.0,-1329.2891377263054,-2192.145026069601,-0.0,-5671.156240724664,-0.0,-0.0,-0.0,-0.0,-1120.3038596469105,-2620.267601182086,-2467.610625209129,-97.2687955443935,-2103.9222716367453,-0.0,-1045.851008561206,-33.50835578496184,-0.0,-72.91648534562022,-592.532378085413,623.419865656625,-0.0,-492.12616413056355,-40.81829558072304,-0.0,-1537.689160172206,-0.0,-2252.4020425618837,-153.54865358253207,-0.0,-0.0,-1135.156789829753,-1688.872881690237,-1111.7238037845473,-1320.8168399668418,-1375.621880750096,1672.1202433600301,-61.713490864164086,-856.3403186144708,-38.43554459389892,-2640.4484685269545,-869.4399716966433,-924.7186513877309,-496.34458422658474,-1741.5665264831946,-1840.8474181551887,-464.6201566709173,-2642.8006859980346,-355.10151942322017,-0.0,-0.0,-54.06184704103485,-0.0,-0.0,-0.0,-0.0,-0.0,-0.0,-1800.6308365187153,-659.9970821019069,-1261.9439758124033,-967.0945759625032,-0.0,-620.1515695092882,-1323.4030972500912,-1184.9581389845332,-2362.6250458945237,-1413.1118538541712,-93.9005342907866,-211.3274156443257,-1039.4584393273065,-1574.38895038771,-0.0,-0.0,-0.0,-77.1438852526199,-878.2896033541631,-167.1705877645547,-527.1061183106145,-1081.550106476292,-0.0,-0.0,-0.0,-4381.449745782234,-0.0,-134.93929332344936,-0.0,-235.5529541418182,-1221.044664261515,-1314.87237090367,-918.995649955118,-0.0,-46.22908218180725,-613.0645422840154,-795.3880446657125,-604.9142008310031,-0.0,-1138.5250117322187,-0.0,-0.0,-2937.2315881312097,-0.0,-1488.1254284667784,-689.6845027281729,-447.8374799543304,-298.5049235654686,-1520.1037454001846,-2985.344168761683,47.136000188775895,-2455.8573415703245,-1826.5648414607801,-472.13421195609345,8.037864962685722,-0.0,1589.6724745174558,1187.0225483363563,1238.6038385229683,-0.0,-0.0,-0.0,-945.5840278573071,-0.0,-311.5961700765745,-195.49489626519957,-0.0,-3920.404182635694,-0.0,-1540.4042252969964,-89.03018650469829,-1166.1285971498564,-639.6567773973807,-1598.562446790043,-1327.955105926711,-0.0,432.5377099609924,-2831.0542680402073,-1813.1280336762632,-501.89888885445623,-1322.4866485838995,-1838.7521036871406,-0.0,-0.0,-300.401694978934,-818.7611632094673,-2443.1368687642907,-884.0937287584137,-40.07820704933898,-0.0,-0.0,-756.4263367403511,-0.0,-0.0,-0.0,-225.95730610454868,-1528.486741597706,1775.4959378952885,-1445.826909879235,570.1648862202121,-788.6536526843307,-1095.1777600972318,-11.763204871564763,-5311.590625778619,-413.0141637665175,-0.0,-81.08660543999108,-2573.742353187094,-1885.245357723959,-0.0,-29.504551891512875,-0.0,-701.4812231353179,-27.53710489277178,-2038.877113179511,-1681.6519223460152,-0.0,-343.5771635824263,-0.0,-0.0,-0.0,-816.5978026424855,-1117.7400900440934,-460.5911904357643,-1236.5569938923256,-1915.4345046228138,-1046.6606886445825,-469.52248937501713,-527.1514185728091,-119.91535445468598,-1792.574152516002,-673.0120596797655,-1097.663531351096,-1331.8289609935052,-1579.5197293442964,-1510.3660377820352,-414.345995966476,-1623.456228995322,-0.0,-0.0,-0.0,-2329.5699293807675,-0.0,-544.4059214367962,-1312.8035459293576,-11.99944791097093,-850.2992056372342,-663.8817736614666,-1032.0121358951685,-789.0143234404864,-218.60203801322632,-2034.986393749314,-5715.049742185764,-298.02748324066704,-33.8889828657637,-0.0,-123.5142313170769,-7416.094576920242,-1994.352529893918,-743.0643801120198,-2608.979299636331,-230.3465876172542,-0.0,-26.11076800758258,-733.0431345986533,-135.1822046904772,-1218.2142884139246,-1161.7073790663203,-219.28245666099582,-0.0,-757.7694470437148,-2051.7043389533865,-2112.7584773946946,-2061.6402432676377,-0.0,-1655.132531791246,-0.0,-56.924606928956806,-945.7155271733413,573.3334093798735,-0.0,-0.0,-342.58038738048475,-1085.8087488310207,-802.0485314067603,-1371.8004127047052,158.70748747894967,-1550.7767192193057,-140.345944363034,-358.27247015758064,-2267.112959647481,-2072.6127803572895,-412.5253281589725,-0.0,-0.0,-0.0,-0.0,-0.0,-2207.8523670611476,-0.0,-679.8494078051426,-869.1899192980794,-2802.567326944523,-0.0,3.6928385630800222,518.2464528017151,2216.2568506731186,-676.3060768868778,-1411.2361797013177,-0.0,-1436.313239772107,-3917.0056127584526,-924.1120686125732,-5954.639337399814,-1287.0028989376337,-0.0,-827.0398204621019,-2533.084493496748,-217.20124307671784,-0.0,1314.6055765317121,1466.648578309519,1267.487005186593,-0.0,-0.0,-0.0,-0.0,-93.78065332262481,-2514.73912923405,-88.8858410789747,-0.0,-2164.861253365904,-1243.367528883948,-504.2103827895934,4.512035364254389,-0.0,-226.73538459041956,-866.0795965414834,-0.0,-0.0,-52.18559386345898,235.6017210361673,-2412.4384481279117,-0.0,-914.4915519601393,9.526426295410063,-79.74478682152161,-0.0,303.6535703187262,-102.91966758697724,-503.5214310299576,-2011.2607260359077,-0.0,-62.99888264663385,-1317.2173408684337,-1098.616716387854,-46.93144899959142,42.291268206211086,-0.0,-1330.4771415622527,-848.2513455332813,-9.195236047891653,-0.0,-0.0,83.83383807290615,-257.5526486404286,-177.1024625663924,-89.59733715871886,-13.230570011203902,-193.64729984147257,-812.94109735986,-1051.5845123045642,-544.8927049619161,-0.0,-2359.069508113076,-1066.389708979143,-0.0,-0.0,-1141.2129675658584,-2284.8973475268153,-657.6512772597627,-8.060070701171805,-2909.337869446225,-134.49579111381144,-89.2376216680785,-1174.8414710078507,-0.0,-389.9028971165057,-1571.6246722922326,-4.008020338009271,-0.0,-3601.963621081015,-168.5886587328968,-1654.896387669043,-999.1724561040946,-1333.928014704296,-2588.134481744396,-87.30856141158826,-913.9030806257441,-2064.2724362365725,-1304.7957997802025,-1313.4399654118306,-253.3025527429174,-1995.8753223671465,-0.0,-2876.1756430443284,-0.0,-6982.595783831569,-250.1461332579066,-89.66254749054826,-1578.7919597971145,-0.0,-0.0,-0.0,376.7264360925631,50.13668005350564,-956.4345527365409,-1384.7828846070508,-471.7431984578985,-1131.140709689979,-0.0,-0.0,-1613.8675718056454,-333.02642694632954,-563.4725172415209,-184.36434266176525,-0.0,-1738.901825310084,-374.75816252849427,-2096.0140554823784,-0.0,-39.36086457200981,-0.0,-2007.4596150170737,-842.615830697137,-1794.3455904200437,-0.0,-0.0,-1590.9162442597178,-552.4116239291088,-849.035943430009,-1662.0132875731865,-493.4662160192712,-1531.4494520935832,-0.0,291.99367885205015,-1339.8995871433617,-4564.9065807986535,354.0463929965632,-1344.7962838655149,-8238.370927281676,-664.6043390453003,-719.3975832473795,-242.9606530005379,-195.36339928196097,-1010.6069808675395,206.0076167986757,-215.6223585076482,434.04294875746695,-1200.3691481417013,-616.1813033448623,-0.0,-1281.4179822442884,-2000.461470445104,-968.0627625012846,-421.6818817610925,-0.0,-0.0,-35.92109668912537,-1113.894717251686,78.56590706173456,-2317.931903165585,-0.0,-0.0,-481.5267180599439,-655.38438497323,-1046.3890594858626,187.73814207699755,-2823.3168895986096,-1550.0156807538287,-1366.4059800083132,-248.18109052770083,-0.0,-415.3384587593265,-0.0,-633.4503967828826,-25.247129223696568,-1456.9402259581666,-542.1138125347665,-1125.031590192676,-373.4713583716307,-343.91942553454703,-0.0,-1215.6532729915684,-739.1602347843063,-1336.7081687521104,-0.0,-3527.0368777655353,-1456.6794737808827,-1344.031928069593,-871.302015768496,-1193.5549988440262,4.060071933675223,-2366.0364710961258,-828.3143141374137,-1305.8945689370041,-2061.936074605559,-329.98188808471997,279.7104841676723,-1152.8582194723688,-0.0,-0.0,-21.212920800335528,-64.62962776586245,-20.182805299880535,-285.16790279707743,-0.0,-0.0,-0.0,-0.0,-0.0,-0.0,-0.0,-0.0,-0.0,-0.0,-1537.8693064523857,-2564.197577514634,-2292.385062441467,-0.0,-0.0,1865.372051979979,-496.8543019176021,-0.0,-536.4428469926523,-495.4034876554054,-1083.0453464036154,-1046.4233342136379,-1236.3781140176293,-0.0,-693.9536077222405,-447.2061765130921,173.875614648543,-0.0,913.6178316881966,-0.0,274.5342696554904,-0.0,-348.3310276697318,-0.0,-408.1419771691903,-1271.9355438494483,-2124.6597781658265,251.05867551830536,-0.0,-0.0,-0.0,-0.0,-0.0,-383.61946134463466,-90.20345090994121,-0.0,-0.0,-0.0,-593.8138010858536,-0.0,-46.86496104758074,-685.5637897823112,-3493.345586467396,-0.0,-1427.8674848749592,-0.0,-650.807202934899,-0.0,-0.0,47.075441103325566,-0.0,-176.33596934320468,-0.0,-0.0,-0.0,-1025.5476261242927,-1973.823541157379,-0.0,214.2706801279895,-2522.4906910609684,-0.0,-78.36000743601406,-289.91401226791146,-0.0,-0.0,-1594.3510888874214,-0.0,-986.3543587020084,-1410.0609437620344,46.594073429996,-2960.1250621473578,-1842.178646771605,310.78363671420703,-742.7240949263369,-0.0,-1113.3339363331547,-0.0,-0.0,-0.0,-3730.3345241080724,-916.6297533981262,-1654.797064526613,-0.0,-414.17688818796813,-4.246604807486711,-1397.8998829636255,-2145.258711165103,81.25451674171383,-3252.8045216278933,-0.0,-2059.5956767862435,-2752.5285685883277,-0.0,-0.0,-0.0,-0.0,-2525.956947586331,-172.4679405875054,-1569.3576118229487,-0.0,718.4870169109051,1385.819416004733,-0.0,-0.0,-975.1132792408647,-943.9801640470615,-356.7862043932363,-20.20293441210939,70.09228983696816,-0.0,-1336.898044022608,-0.0,-306.5936420701747,-1092.1609384418991,1452.0265561741442,-0.0,-0.0,-0.0,1073.9672920325772,1088.5140246040871,-808.4260797945931,-0.0,-1448.0386358654089,-0.0,-1194.809897317323,-758.0662088468802,-0.0,-0.0,-0.0,-0.0,-0.0,-61.613931679700684,-0.0,-0.0,-0.0,-1249.3604822309992,-303.3518258671695,-0.0,-0.0,-0.0,-156.46936880916368,-77.12626748827238,-691.6028594712137,-760.2270804955099,-2613.5967012449314,-1185.6245019070093,-1054.3047221783465,-0.0,-2910.178446711312,-45.54285671358793,-0.0,-1030.6677453457473,-2577.365778497512,-775.4014523340052,-543.5986330135322,-1375.1179118759978,-287.7257727084763,-715.8084067602513,-834.3487237003712,-1155.7743781513598,-279.6781889002363,-1799.8507361687641,17.44164411774248,-410.0551892007636,-0.0,-0.0,-856.8274112432194,-3911.359375019959,-0.0,-1012.662753869067,-553.3757743891426,-0.0,-387.2977529464106,-597.6915530418775,-829.1528280795993,-265.41057138746,-0.0,-0.0,-0.0,-0.0,-0.0,-46.11079862824163,-0.0,-732.0934920798213,-0.0,-0.0,-703.2610229473889,-1122.2869021761376,-2759.0979235172194,-470.6431589068686,-670.816446011026,-108.4230024345885,-2185.144738814586,-0.0,-870.5845317194965,-569.3691376872055,-483.94822566154613,-1417.8372541550114,-1070.7399032154115,-1678.9691897790576,16.3138535578463,-440.40175005037327,-0.0,-1173.6704083127909,-1155.6925101327383,-148.354441764584,3.982669674882773,-2710.265424496876,-1214.9484572297715,-711.5663397698703,-0.0,-756.3207041338486,-790.5877151402749,-575.6307020975896,-2323.1719841442814,-3.950618486609309,-0.0,32.4273341934654,-0.0,-0.0,-236.83554999547977,-4104.941276257911,-197.80280131581117,-1691.6077658278411,-3663.51683443065,-0.0,-4967.090599357154,-279.9266563206839,-2166.3764112428694,370.93072181799783,-0.0,1720.360031136009,-925.0135048247919,-0.0,-2176.804212124178,-0.0,-76.37650382099456,-46.42424694105523,-0.0,-0.0,-0.0,44.21370853042989,-0.0,-0.0,-0.0,-649.0667927257321,-1448.6075948635528,-842.9968870477401,-0.0,-3560.6153543659566,-0.0,-0.0,-0.0,-267.632857355751,-389.88269450020624,-0.0,-2390.0421015823863,-0.0,-0.0,-3622.1049841480917,-0.0,-27.689992188999092,8.339272855736539,-493.8026354192922,-22.635687468578226,-0.0,-0.0,-258.9394624997089,-0.0,-0.0,-1425.6788929745483,-1335.024786069004,-1456.7120247046694,-0.0,-329.3341653768459,171.11964714588277,-396.30415858440546,-16190.141058632329,-0.0,-684.6028385363082,-1420.2555781597152,-706.3973665824069,-0.0,-36.631629147699805,-16.779050731140128,-272.81455419600906,-1129.8874072078258,-0.0,-0.0,-0.0,-548.0162493735806,-2541.343352534699,-1539.7012837794625,-0.0,-0.0,-0.0,-309.14008549092847,87.73622096162833,-8.949806924268366,-1317.1865553993387,-0.0,-0.0,-1076.2724364102633,-0.0,-0.0,-0.0,-2756.569361687323,-1127.6649207406494,-0.0,-1284.564344588419,-641.749959057071,-248.0094748240774,-702.5691805260235,-1213.841816404456,94.20403386838105,-1329.2967690765868,-1241.4243210126244,26.15453377396444,-2013.6717661616788,-0.0,-0.0,-0.0,-0.0,-478.8948658501089,-0.0,-0.0,-657.7668290437964,-992.1973547111094,-735.4900771037351,-0.0,1695.8239102289178,1352.5768911068337,1471.387123103947,-0.0,-0.0,-0.0,-973.5552481174792,-43.207357509292294,-880.5501744067748,-82.46484107500333,-662.6225441245198,-1883.8850676042232,-1312.232871438199,-2264.2951859365057,-0.0,-0.0,-0.0,-0.0,-495.1092892696467,-830.4922166172423,-1738.1177567742009,-466.89863898817606,-1599.042068111689,-1837.2500623113215,-2284.4704703201155,-0.0,500.8956294146659,-468.27207979793235,-413.87387919570074,-136.18963851867414,-4918.8969979103285,-73.88438537153793,-0.0,-939.634641308176,-1619.4539033182,-0.0,-64.758115642211,146.8742499981642,-89.94989560493308,-528.3178496635188,-2221.506448317437,-166.88472206963047,-1948.2358565160014,-0.0,-2013.34573709867,-2056.480133936025,-1396.0536932187363,-0.0,-1719.1280498030414,-378.45489256834867,-722.0650169723995,-1191.2483551520838,127.12423047847396,-1902.5741271371664,-1461.2698841328768,-0.0,-123.44986613920783,-0.0,-0.0,-0.0,-1136.1421534849696,-671.7272674721924,-0.0,-0.0,-0.0,-3632.444480730442,-1943.562334554523,-0.0,-0.0,-4.263089721915181,-1647.5309452284564,-931.6063133852618,-0.0,-816.6142731323099,-1393.0097334550828,-560.3056546910327,-26.142922614177916,-1087.6482593537185,-7.819512303880684,-1578.3755101784498,-1790.7465718443902,-0.0,-0.0,-42.61572476499601,-0.0,-0.0,-1372.7209542858398,-90.010431318079,-530.5184721528096,-0.0,-0.0,-0.0,-931.5985037205346,-333.54361877443586,-118.76945782652815,-493.9957519014658,-259.5416429266349,-2192.8165155377237,-361.9770783626035,-575.0575032744662,-1182.3940890655308,-0.0,-411.7676476613313,-0.0,-2139.4140110342014,-1658.2734043061296,-1710.5857058109802,-438.104068922528,-265.9954551353017,76.76086248396021,-1065.121577218573,26.913049676418108,-0.0,-500.3775241111985,-0.0,-0.0,-502.5325200854682,-134.3958744015969,-3020.769136436705,-3151.8451990212207,-584.2427246846994,-0.0,-0.0,-1000.7987374631216,309.66629462780367,-0.0,-0.0,-0.0,-1158.904646017,-52.32748540653993,-550.9392325601729,-4167.530078535173,-1543.0264455855242,-1232.9880830264237,-456.6190710751857,-198.01175339728164,-1320.7993350562683,-760.4348720385275,-580.6267671749174,-0.0,-730.9117194184078,-697.9294817733722,-2068.963853104137,-0.0,4.66604753747978,-13.946001299967486,-0.0,-0.0,-1877.6137157457304,-0.0,-4216.014527088936,-1330.2267641579924,2532.2198930616337,3142.390326191538,-0.0,-0.0,-815.7369884856123,-1129.032192950432,-630.0464933355637,-367.7112342697394,-3384.293146797729,-694.9475586706618,-0.0,-0.0,-0.0,-1273.5311504628146,-778.7872806265934,-201.32225151082775,-2531.9484044638034,-1275.602601286223,-29.49888852593609,-451.1571319985097,-1214.579359943353,-309.127704348831,-559.9884534890657,-0.0,-69.98137298012755,55.406326466198266,-1058.535821217381,-168.6526079374331,-0.0,75.45028120331172,132.0447097190057,-198.62307593235488,-1370.2452359325948,-2232.8751367079517,-64.22649134170804,-963.9953032636869,-1583.0767988515438,-0.0,-0.0,-755.6289723332808,-0.0,-0.0,-0.0,-0.0,-741.5373409517225,-24.581170210633147,-1520.3762757557224,-1415.6282465946852,-2645.281506933927,-1371.1219850758982,-0.0,-680.655071216503,-0.0,-1586.9718822163602,-1882.8138263968397,-1410.4044959783462,-1058.9847775386681,-0.0,-2280.8234742193367,-0.0,-0.0,-0.0,-3596.6053440572964,-1309.9105761025126,-309.66094323299365,-1009.919530729713,-922.0689067266935,-949.8381077502702,-0.0,-0.0,-0.0,-45.99844519010073,-5388.2133733667415,-756.6318550046692,-2196.198176832039,-4008.211889805471,-2373.9881726743906,-471.33932134049405,-0.0,-1872.4912283614906,-817.4437015446329,-0.0,-373.66007685888644,-408.31829414478926,-42.082643697316676,-1129.2295831364409,-277.68900611615817,1512.457280226174,-470.80116011017225,-0.0,-0.0,-1081.547480879208,-922.7793546075161,-2721.041258585941,-298.865788732924,-0.0,-0.0,-579.9941938857394,-0.0,-0.0,-0.0,-0.0,-1408.448264499286,-722.9680496182417,-1490.8148108707544,-503.58507080012515,-4.035195537556696,-770.050495658541,-0.0,-0.0,-0.0,-0.0,-2684.240182741407,-0.0,-0.0,-0.0,-0.0,-0.0,-0.0,-815.1507944749944,-0.0,-2794.365769154695,-568.0597338549809,-246.91318906386255,-1350.8273646344205,-0.0,-0.0,-1542.0118426695797,-1501.9547688152413,-4.010313580909311,-517.7105264145081,-61.120225962211,-2040.826921174996,-985.7152104741936,-0.0,-4185.211069204871,-1391.5364002094414,-0.0,-0.0,-15.832503044679171,-445.5175291768831,-1287.1464054015155,-0.0,-0.0,-25.795126468846043,-1596.173161031196,-631.0252331556073,-356.46146712437235,-78.96545925119791,-1992.5575964274233,-0.0,-0.0,-0.0,-0.0,-0.0,-601.9603494268177,-524.6318132745747,-624.9082900873648,-4678.933976169825,-1774.9181763907475,-1355.510244500082,-107.05386159145469,-1180.8374551528082,-1187.1590978105794,8.008809514822453,-0.0,-0.0,-0.0,-635.6108048140986,-481.3025875650939,-1915.3162168002787,-638.1979663967858,-0.0,-1749.775380191926,-0.0,-748.6492051825979,-0.0,-0.0,-2151.877422289903,-581.4353915885773,-608.900539274685,-1571.915416177633,-130.24661544610439,-12.99537198387845,-758.2037622597983,-1558.9234428884101,-0.0,-492.2506156020811,-1327.5954840190202,-4229.819991929558,-0.0,-312.0568970168973,-2259.780704518709,-1456.9282705445255,-1384.048602287776,-540.4504092175076,-1274.639049532013,-0.0,-370.2715204863975,-0.0,-271.8354717879224,784.093549084892,-0.0,-0.0,1071.4664055519029,-0.0,-2381.744365238707,-786.3528860395692,-1175.784163681298,-1264.4039997294326,-1626.2609448702979,-394.3616869808305,-156.46454229385438,-0.0,-0.0,-944.7782131402649,-1164.6103133958127,-842.9353653280472,-0.0,323.40778399532866,360.6760582407497,-249.05806503295412,-2960.1335229944757,-2266.128081077356,-0.0,-0.0,-1529.8223681898014,-4178.195983096926,-2829.6318783341385,-555.708753704326,-1141.1150547005432,-1198.7322891354293,-0.0,-231.38602998431568,-0.0,-667.4220829466827,-279.59027565092293,-1773.770210222438,-2849.993724850007,-344.23463030551846,-569.231103989241,-4920.835652771508,-1532.6507870066573,-609.656973081514,-270.33218210921603,-1640.1490571733348,-791.5544536847912,-4.2952757321279975,-1689.2941256974516,-1697.77355312791,-0.0,-0.0,-761.9124471667001,-1390.245989943953,-373.95080475959963,-4.1353297848033,-0.0,-0.0,-0.0,-0.0,-0.0,-40.40943409818776,-818.4563547840572,676.5324054560087,-482.2509990167852,-939.3846404426083,-559.9866584022813,-1034.167963078249,-1707.2693430525528,-1292.0395713156836,-1792.0113629016473,-288.9637453019118,-644.5040778633656,-1675.2239171021708,-767.1933521867425,-0.0,3081.2438800895984,-289.3193536512317,-79.27246817818732,-0.0,-1086.4870054853018,-681.3890373306331,-1579.0980409962601,-1943.134693508118,-2589.612137474522,-0.0,-0.0,-0.0,-0.0,-1175.663566011488,-1726.4904030686191,-0.0,-975.0094598553378,-8.573583552775675,-0.0,-0.0,-0.0,-2971.182143650556,-936.7433988515799,-190.26192875604914,-56.304720548016725,-0.0,-0.0,-1349.39076940815,-1541.2238613324093,-852.3406417537503,555.4538262346214,33.71697999562596,-0.0,-23.62048672332253,-0.0,-1633.0881343595308,-564.9991150429207,-1476.2528597205248,-1776.3519777281938,-1845.885014278386,-45.830291390573784,-0.0,-0.0,-2150.135423584487,-385.467951061112,-0.0,-0.0,-231.9931870486714,-0.0,-46.02873690011016,-0.0,-1519.2075548773696,-865.8180143774105,-0.0,-79.56587075818734,709.5896641399294,-0.0,-214.73557841158842,-2678.0069144460067,-0.0,-0.0,-798.8111133620681,15.87407191847433,-0.0,-0.0,-844.9870116300622,-1539.243618018558,-0.0,-913.1641746291082,-0.0,-1209.9661980788412,1831.0102660724633,27.281767302666587,-1824.5034673454934,-1988.4353799895594,1182.8198869254684,-0.0,-2463.536604638493,-827.9973055698919,-1032.1267241630064,-0.0,-675.9451585524213,-143.95055150452578,920.42675062789,-452.9968397818028,-1621.563172148576,-0.0,-0.0,-0.0,-964.5737358961992,-664.7717449353555,-831.1348516433222,-1018.8882948495219,-1225.7755492002502,-30.087434881346653,-1201.454696506487,-1137.9228573444311,-1430.0147968747938,-0.0,-0.0,-534.691993133958,804.333187439861,-7077.927817942229,-0.0,-1338.0061172757598,-2063.2127821695967,-975.5247933779958,-869.2912125781561,-69.68999731474942,-2943.899194755858,-406.3379567590444,-0.0,-1147.4056698826957,-916.6815096682707,-700.7649381220702,-0.0,-1601.7844603363553,-2104.3551516982116,-31.195190652144536,-1238.4668117435026,-2873.3233132698783,488.7758373161945,-0.0,-459.5235914854525,-173.12363015228476,-1308.0637964848675,-1089.0332307967255,116.43406039914058,-130.47199059545218,-917.4989080750518,-521.7531668172028,-590.5847942522387,-727.6231121459663,-589.1919978188746,-0.0,-1477.3906188814617,-0.0,-1247.5139937988981,-726.6343927046146,-167.94011514898168,-0.0,-1800.0052539804167,-5228.011973036409,-0.0,-472.67058063459297,-0.0,-2726.2429311614337,-257.9199997373011,-0.0,-426.02658193485627,-464.6863805858796,-0.0,-2325.26713486577,-1658.7940062232533,-0.0,-4569.112421656982,-129.17072723781982,-1388.6978247785376,-1529.1095977220778,-1883.7299399844374,-123.32357144970915,-0.0,-1031.536046128673,-2299.109596226294,-623.3591296277593,-1081.3586810122915,-1176.0441804230702,-1905.1373499022284,-2598.8154001298453,-1041.599794564992,-1992.0419057652873,66.86449204985475,-0.0,-314.57208576628494,-1358.9692449277993,-1155.9478118776574,-0.0,-0.0,-0.0,-452.82368545138945,-532.6609254100969,8.094020335973745,-629.0110039232635,-0.0,-1277.6880972083843,-796.598603301628,-644.3582949550001,-0.0,-0.0,-312.5240438815716,-1702.774028952117,-1079.6824845133035,-334.3384718219162,-984.7843086900942,-36.335609085261936,-0.0,-0.0,-3359.174216865574,-1212.4929009839725,-0.0,-0.0,-0.0,-95.10264997934105,-1142.4036375909263,-54.26428962835865,-1926.6517075281588,-1869.351063679195,123.50444128774865,-0.0,-626.9965102352451,-0.0,726.4525484618683,-137.55267689762357,-0.0,-1736.552927091462,-339.79311127955253,-1921.5269131004866,-0.0,-1639.626241701078,-646.9364851399972,-213.6089287608601,-13.357449120525306,-38.856505292678676,-0.0,-0.0,-759.0097773068344,-1399.0347145783553,-0.0,-579.0007606311215,-0.0,-378.06523668278703,-567.7536950957457,-0.0,134.59555891141724,789.5874435011239,750.2134132322558,914.6660696139138,806.3531008706852,852.5806215986336,-0.0,-0.0,-0.0,-0.0,-0.0,89.58512010681405,-0.0,-0.0,-596.8404651814421,-164.16135352733582,-524.7908917208572,-94.43512405083962,-0.0,-998.1821717784953,-1710.8035129594498,-1849.8563234694604,-256.86437583060365,-223.15760807812566,-0.0,-0.0,-688.4687483290732,-0.0,-0.0,-0.0,-0.0,-3166.2930981230043,-0.0,-46.188604167873564,966.338307175269,-0.0,-1127.93731444127,-594.2997364350703,1675.8559974279951,-937.1089313206369,-0.0,-3384.927017773392,-2201.096939186601,-214.84597335915007,-907.0438410094472,-1418.7049244748905,-594.6671824855991,1263.6008208208486,-82.38042914246374,-620.7538636890176,-0.0,-0.0,-548.3193561625557,-0.0,-835.6081901069009,-0.0,-488.28585351635525,-39.626898685558224,-0.0,-0.0,-1178.1803881676826,-0.0,-0.0,-554.6118797740186,-1350.926607321791,-1968.395204104882,-0.0,-0.0,-0.0,-1816.7593733855738,-0.0,-1204.4436539935978,23.838358650420858,-0.0,-0.0,-1248.7039005397874,-953.5482347527598,-1352.8752898151095,-400.06284878255605,-0.0,-1455.4465340013005,-294.1877419764489,-0.0,-0.0,4.159786121028794,-40.060781184198774,-4865.40402384884,-0.0,-125.18264454221483,-33.09659940951362,452.5503005790782,-89.85554957948214,-1044.313591739906,-949.0535498870037,-471.7763332026579,-0.0,-0.0,-1884.3079783532698,-0.0,-0.0,-0.0,-0.0,-0.0,-0.0,-0.0,-176.946815465296,-0.0,-0.0,-2098.801470233486,-7653.04046282807,-123.82925918438133,37.08848176403133,-472.36686550177546,-746.8280692859224,-119.02520270158197,-4631.864286798084,-283.6849467535543,-323.5111663065278,-0.0,-0.0,-0.0,-2131.83620160952,-0.0,-40.95256562927531,-0.0,-0.0,-0.0,-511.82755198684987,-12.15778992597287,-290.80477100887146,-1563.2039649242458,-676.6875446525072,-77.86461221444443,-2716.5958255600217,-0.0,-90.57071781231788,-2304.7145132580104,-0.0,-1172.5807069758987,-79.84126995140032,-1642.6839666234084,-0.0,-0.0,-1150.1260382177688,-636.644305586198,-36.53952776083741,-911.3384217748369,-876.1673545489889,-747.7717256889026,-178.11813803977475,-736.4149600677057,-769.922167951121,-2384.9882302030464,-1079.9160764696376,-0.0,-1647.9954195495623,-385.67414233856067,-724.1180549117022,-0.0,-0.0,-1066.0296157738512,-2479.985832075905,-886.1588932975798,-0.0,-0.0,-0.0,-4221.696596519523,-860.9766180090041,-207.2712243090966,-354.6493006966443,-45.00042034731524,-3903.0677266966927,-0.0,-0.0,-2404.4684109835266,-903.9000652693605,-0.0,-0.0,-0.0,-88.63681312411322,-0.0,-1997.6486830526217,-1908.669601577362,-0.0,-353.69604399513946,256.6679129699469,-0.0,-0.0,-0.0,-1066.9027535540677,25.168292036985,-2564.9220489791355,-592.0173412585551,-1195.4028787611596,-721.6624989735565,-3781.449526796054,-1741.354898742086,227.52410375570847,-0.0,-3302.182869408546,-0.0,-0.0,-0.0,-1352.736055839434,-798.5567787528214,-1642.873404433764,-0.0,-0.0,-926.4597213907956,-1596.6550677442042,-721.8611877993151,-522.6635720226366,-0.0,-0.0,-1369.6734492795345,-0.0,-0.0,-0.0,-0.0,-0.0,-0.0,-586.2016737750835,-79.87740717901447,-1407.9186702040897,-0.0,-727.3441861516915,-1281.2003766589294,-36.18861516440902,-0.0,-0.0,-0.0,-0.0,-0.0,-0.0,-0.0,-0.0,-0.0,-0.0,-1225.0178348783443,-2101.640878953125,-0.0,346.0829391188808,-0.0,-713.2102935138211,-105.21652407613111,-0.0,-803.2171630656806,-466.03179291228423,-92.27332922598687,-2102.8400377783128,-529.6337488537743,-3040.179299200762,-186.87805848627733,-2359.6223356595233,-1928.5770851559269,-948.8801239718068,-4.634554840099958,-0.0,-1187.3200545639565,-2318.8214571242074,-2616.9457948763584,-81.62583820915059,-251.93561598166286,-1842.3151985467236,-0.0,-2805.5557998993477,-418.6327437918072,-0.0,-1804.22436897376,-0.0,-856.3747770640858,-0.0,-2640.150443043444,-0.0,-0.0,-94.82751534264993,-1113.768272189844,-580.5749391893046,-0.0,-1483.5663104365374,82.49835559643422,391.0583051059721,369.8721134166337,-287.93076262766925,-1833.659603919263,-645.5531196221174,-0.0,-0.0,-5677.752095476318,-1189.9487522986763,-0.0,509.1818799268899,-0.0,-2057.1690885380963,-546.6950012621022,-744.4778694533971,-0.0,-0.0,616.7296475083003,-0.0,-933.6285949692297,-1318.373568439946,-1988.9574040958953,-0.0,-645.3604167993082,-3310.0099295958457,-1065.153221890344,-0.0,-1504.4643479126312,-141.45591631043874,-1250.356635519471,-0.0,-1009.2057317753972,-0.0,-0.0,-0.0,-944.5006533216679,-0.0,560.3673236864198,-0.0,-409.6959020049275,-800.2180810571607,-468.47448444652144,-1111.4966489668334,-669.2795285155837,-1941.2662285125487,-1293.0728186408862,-0.0,601.4203999145004,-2507.798330311124,-1710.2472991336315,-749.4318966956107,-0.0,-0.0,-0.0,-157.6555937701142,-1166.1696130681353,-320.7490960703229,-897.5670478740597,-2226.8986431776802,-3079.801468460662,151.31076027430973,859.6700820883677,741.880319557178,-0.0,-0.0,125.73594521718034,-33.76678094973644,10041.922028753657,11784.565223204723,6111.12042736336,11375.192260384265,11084.713832306212,10183.263389184734,-0.0,-0.0,-0.0,-0.0,-0.0,-1538.2417128580269,-1471.5455013744397,-993.0297699115013,-0.0,-2546.9553599592205,-640.5832285760275,-1113.9046540207316,-34.898346036256456,-763.7109768777374,-1462.3886345897868,-1149.0848488902923,-1279.3440681223926,-0.0,-3159.4746036329325,-1961.494683820019,-711.4187376923734,-129.70580517233955,-3511.866264298082,-0.0,-238.48572186731963,-0.0,-12.053250748865834,-0.0,-120.86699902670172,-305.88403423179733,-1161.048713370109,-892.5843459733786,-0.0,-0.0,-0.0,-2528.977638011478,-0.0,-0.0,-265.6996256389712,-1073.5908415061874,-1109.1906882159913,-91.86117999925487,-1367.4449681426447,-1880.5728661794005,-342.0652059465916,-0.0,-0.0,-121.51734249334348,-1305.9036391884338,-352.2509205832108,-0.0,-6032.969756306969,312.47088978140954,-0.0,-0.0,-0.0,-37.66741666897149,-469.12418794057703,-0.0,-0.0,-1297.9037243928865,-2450.042729024134,-1373.3328976862758,-422.81222656800435,-480.0385021676844,-513.0310393845441,521.0789846153435,-1473.4624152072322,-0.0,-598.6242214238272,-2838.3012507805142,-526.7024784449706,-9.291930966615281,-0.0,-5.736325884215343,-0.0,-0.0,-0.0,-1311.704074643733,-432.1598815661383,-1479.5683573210852,-0.0,-0.0,-0.0,-279.0415445592084,-557.5612509145589,-1554.8184607804478,-3051.9124353706998,-409.13863613897075,-210.59131987995895,-0.0,906.7010530262426,-0.0,-1256.2826461718137,-173.0417142309052,-0.0,-0.0,1066.7564005583158,-0.0,-1704.016709819121,-0.0,-0.0,-0.0,-215.432111146866,-2170.998238591827,-1799.0952446824779,-28.143113985118163,-2494.477090373674,-1671.2573528760047,-28.558211551800298,-28.10808356161071,-79.13472998893967,-0.0,-0.0,-2208.4517736540656,-0.0,-6198.210720203417,-0.0,-1642.2436191909724,-284.13963722727993,158.3074933519225,-0.0,-60.87824173635148,-1444.097714461608,-1629.9037251021718,-575.6117779536744,-38.93569475272577,-281.110900552691,-0.0,-0.0,-0.0,-0.0,-1315.2339433225195,-945.7144732343808,-0.0,-621.6614448997406,-1357.548103324609,-198.98547418887625,-82.64446362176545,-0.0,-0.0,-0.0,1025.7411021897058,-4.339060606304716,-0.0,-560.6329536356002,-924.9818401826483,-1532.3196371073532,-0.0,-0.0,-2588.772076150067,-0.0,-0.0,-0.0,-0.0,-715.5129513524995,1083.43149513441,1150.5130514753027,1310.7130965342426,-0.0,-0.0,-0.0,-639.9953952112392,-0.0,-0.0,-395.1031622504792,-718.2491793999816,-0.0,-200.77423885511607,-1481.2743028865589,-1410.9948592978005,-0.0,-0.0,-0.0,-11.887162290729878,-1580.2450237536937,-3.9769328163529396,472.7182522417834,-0.0,-1851.0886988441007,-951.2087181340156,-654.916345280885,-1809.5540321181327,95.31687987229091,-286.0014027924741,-21.704480386173408,-478.90432939501926,-456.1719976800743,-1170.1206406114063,-403.95509105735,910.6993921006288,-1396.0662500669678,-239.49197068320478,-179.35212469043302,-4285.28447036757,-2613.2229373328987,712.5174628328713,-1062.8721446175948,-202.50060631731617,8.586564679855387,-800.6468016099622,-1126.068114432169,1979.9080673677536,-698.848777339349,-736.8050183495371,-755.983836151795,-0.0,-7393.205844170792,-0.0,-558.9536467587079,-995.7632938136535,-707.5654924984157,-993.1905441854574,-1337.0935722430625,-0.0,-1042.4184991543798,-173.6168188680975,-89.4212413562383,-7692.8934655647545,651.4823815760303,-183.13994710190008,-0.0,-643.0337701324279,-1388.7711672027813,-0.0,-0.0,-537.2149464644016,-1954.2742170824156,-78.75353223496535,-245.9268430243162,-289.3991194484662,-1315.0094981820814,-0.0,-0.0,58.258592006704035,-0.0,-0.0,-1905.7441228333212,-0.0,-1950.2662268448364,-1043.3245030443602,-1394.7997019517907,-0.0,-0.0,-565.7709386338207,-966.1301837459581,-139.77596271072233,-0.0,-503.8028626386269,-160.44742354243112,-559.3057674065448,-0.0,-229.8522325200353,-541.0619085559669,-2444.524135639612,-1059.2198239267173,-1521.7862128628324,-0.0,-0.0,-1549.8060469758548,-19.89514352177115,-0.0,-0.0,-1250.0145435897598,-0.0,-0.0,-0.0,-0.0,-0.0,-0.0,-0.0,-0.0,-0.0,-0.0,-117.71916852902538,-0.0,-0.0,-0.0,-0.0,-0.0,-0.0,-0.0,-0.0,-0.0,-0.0,-0.0,-344.16522125764584,-0.0,-0.0,-0.0,-0.0,-0.0,-0.0,-0.0,-0.0,-0.0,-0.0,-0.0,-0.0,-0.0,-0.0,-0.0,-0.0,-0.0,-0.0,-0.0,-0.0,-0.0,-0.0,-0.0,-0.0,-0.0,-0.0,-0.0,-0.0,-538.5809774623955,-0.0,-0.0,-0.0,-0.0,-0.0,-0.0,-0.0,-0.0,-0.0,-0.0,-0.0,-0.0,-0.0,-0.0,-0.0,-0.0,-0.0,-0.0,-0.0,-0.0,-0.0,-0.0,-0.0,-0.0,-0.0,-0.0,-0.0,-0.0,-0.0,-0.0,-0.0,-0.0,-0.0,-0.0,-0.0,-0.0,-0.0,-0.0,-0.0,-0.0,-0.0,-0.0,-0.0,-1548.2127249938285,-578.8547369660254,-2021.1771895858174,-0.0,-0.0,-0.0,-0.0,-0.0,-0.0,-0.0,-0.0,-0.0,-0.0,-0.0,-0.0,-0.0,-0.0,-0.0,-0.0,-0.0,-0.0,-0.0,-0.0,-0.0,-0.0,525.7160346033097,-0.0,-0.0,-0.0,-0.0,-0.0,-0.0,-0.0,-0.0,-0.0,-0.0,899.8479176927179,-0.0,-0.0,-0.0,-0.0,-0.0,-0.0,-261.21646542794497,-0.0,-0.0,-0.0,-0.0,-0.0,-0.0,-0.0,-0.0,-0.0,-0.0,-0.0,-0.0,-0.0,-0.0,-0.0,-0.0,-0.0,-0.0,-0.0,-0.0,-0.0,-0.0,-0.0,-0.0,-0.0,-0.0,-0.0,-1099.6884694736782,-0.0,-0.0,-0.0,-0.0,-0.0,-0.0,-0.0,-0.0,-0.0,-0.0,-0.0,-0.0,-0.0,-0.0,-0.0,-0.0,-0.0,-0.0,-0.0,-0.0,-0.0,-0.0,-0.0,-0.0,-0.0,-0.0,-0.0,-0.0,-0.0,-0.0,-0.0,-0.0,-0.0,-0.0,-0.0,-0.0,-0.0,-0.0,-0.0,-0.0,-0.0,-0.0,-0.0,-0.0,-0.0,-0.0,-0.0,-0.0,-820.7173589526084,-0.0,-0.0,-0.0,-0.0,-0.0,-0.0,-0.0,-0.0,-0.0,-0.0,-0.0,-0.0,-0.0,-0.0,-466.4878635214042,-0.0,-0.0,-251.07371617490512,-0.0,-0.0,-0.0,-0.0,-0.0,-0.0,349.46479336282033,-0.0,868.4478449876231,-0.0,-0.0,-0.0,-0.0,-0.0,-0.0,-0.0,-0.0,-0.0,-0.0,-0.0,-0.0,-0.0,-0.0,-0.0,-0.0,-0.0,-0.0,-0.0,-0.0,-0.0,-0.0,-0.0,-0.0,-0.0,-0.0,-0.0,-0.0,-0.0,-0.0,-0.0,-0.0,-142.30733409187027,-0.0,-0.0,-0.0,-0.0,-0.0,-0.0,-0.0,-0.0,-0.0,-0.0,-0.0,-0.0,-0.0,-0.0,-0.0,-0.0,-0.0,-0.0,-0.0,-0.0,-0.0,-0.0,-0.0,-0.0,-0.0,-913.689652321359,-0.0,-0.0,-0.0,-0.0,-0.0,-0.0,-0.0,-0.0,-0.0,-0.0,-0.0,-0.0,-0.0,-0.0,-0.0,-0.0,-0.0,-0.0,-0.0,-0.0,-0.0,-0.0,-0.0,-0.0,-0.0,-0.0,-0.0,-0.0,-0.0,-0.0,-0.0,-0.0,-0.0,-0.0,-0.0,1322.1636046034348,-0.0,-341.0432860359315,-0.0,-0.0,-0.0,-0.0,-0.0,-0.0,-0.0,-0.0,-0.0,-0.0,-0.0,-0.0,-0.0,-0.0,-0.0,-0.0,-0.0,-0.0,-0.0,-0.0,-0.0,-0.0,-0.0,-0.0,-0.0,-0.0,-0.0,-0.0,-0.0,-0.0,222.70884777475194,-0.0,2172.6521326350526,-0.0,-0.0,-0.0,-0.0,-0.0,-0.0,-0.0,-0.0,-0.0,-0.0,-0.0,-0.0,-0.0,-0.0,-0.0,-0.0,-0.0,-0.0,-0.0,-0.0,-0.0,-0.0,-0.0,-0.0,-0.0,-0.0,-0.0,-0.0,-0.0,-0.0,-0.0,-0.0,-0.0,-0.0,-0.0,-0.0,-0.0,-0.0,-2568.791549216556,-1527.198420992724,-0.0,-0.0,-0.0,-0.0,-0.0,-0.0,-0.0,-0.0,-0.0,-0.0,-0.0,-0.0,-0.0,-0.0,-0.0,-0.0,-0.0,-0.0,-0.0,-0.0,-0.0,-0.0,-0.0,-0.0,-0.0,-0.0,-0.0,-0.0,-0.0,-0.0,-0.0,-0.0,45.478920569206316,-0.0,-0.0,-0.0,-0.0,-0.0,-0.0,-0.0,-0.0,-0.0,-0.0,-0.0,-0.0,-0.0,-0.0,-0.0,-0.0,-0.0,-0.0,752.7017994508974,-0.0,-0.0,-0.0,-0.0,-0.0,-0.0,-0.0,-0.0,-477.175531839049,-0.0,-0.0,-0.0,-0.0,-0.0,-0.0,-0.0,-805.8326379903102,-0.0,-0.0,-0.0,-0.0,-0.0,-0.0,-0.0,2357.296719882154,-0.0,-0.0,-0.0,-0.0,-0.0,-0.0,-0.0,-0.0,-0.0,-0.0,-0.0,-874.7260512257538,-0.0,-0.0,-0.0,-0.0,-0.0,-0.0,-0.0,-0.0,-0.0,-0.0,-0.0,-0.0,-0.0,-0.0,-0.0,-0.0,-0.0,-0.0,-0.0,-0.0,-0.0,-0.0,-0.0,-0.0,-0.0,-0.0,-0.0,-0.0,-0.0,-0.0,-0.0,99.74288541881978,-0.0,-0.0,-0.0,-0.0,-0.0,-0.0,-0.0,-0.0,632.0864396937562,-0.0,-0.0,-0.0,-0.0,-0.0,-0.0,-0.0,-391.59736459186723,-0.0,-0.0,-0.0,-0.0,-0.0,-0.0,-0.0,-0.0,-0.0,-83.6206732599572,-0.0,-0.0,-0.0,-0.0,-0.0,-0.0,-0.0,-0.0,-0.0,-0.0,-0.0,-0.0,-0.0,-0.0,-0.0,-0.0,-0.0,-0.0,-0.0,-0.0,-0.0,-0.0,-0.0,-0.0,-0.0,-0.0,-0.0,-1936.744940528572,-0.0,-0.0,-0.0,-0.0,-0.0,-78.70671485013813,-0.0,-0.0,-0.0,-0.0,-0.0,-0.0,-0.0,-0.0,-0.0,-0.0,-0.0,-0.0,-0.0,-0.0,-0.0,-0.0,-0.0,-0.0,-0.0,-0.0,-0.0,-0.0,-0.0,-0.0,-0.0,-0.0,-0.0,-0.0,-0.0,-0.0,-0.0,-0.0,-0.0,-0.0,-0.0,-0.0,-0.0,-0.0,-0.0,-0.0,-0.0,-0.0,-0.0,-0.0,-0.0,-0.0,-0.0,-0.0,-0.0,-0.0,-0.0,-0.0,-0.0,-0.0,-0.0,-0.0,-0.0,-0.0,-0.0,-0.0,-0.0,-0.0,-0.0,-0.0,-0.0,-0.0,-0.0,-0.0,-0.0,-0.0,-0.0,-0.0,-0.0,-0.0,-0.0,-1442.8212298540323,-0.0,-0.0,-0.0,-0.0,-0.0,-0.0,-0.0,-0.0,-0.0,-2033.5706304668854,-0.0,-0.0,-0.0,-0.0,-0.0,-0.0,-0.0,-0.0,-0.0,-185.76897585896793,-0.0,-0.0,-0.0,-0.0,-0.0,-0.0,-0.0,-0.0,-0.0,-0.0,-0.0,-0.0,-0.0,-0.0,-0.0,-0.0,-0.0,-0.0,-0.0,-0.0,-0.0,-0.0,-0.0,-0.0,-0.0,410.63104309838536,-0.0,-0.0,-0.0,-0.0,-164.17572704624138,-0.0,-0.0,-0.0,-0.0,-0.0,-0.0,-0.0,-0.0,-0.0,-0.0,-0.0,-0.0,-0.0,-0.0,-0.0,-0.0,-0.0,-0.0,-0.0,-0.0,-0.0,-0.0,-0.0,-0.0,-0.0,-0.0,-0.0,-0.0,-0.0,-0.0,-0.0,-0.0,-0.0,-0.0,-0.0,-0.0,-0.0,-0.0,-0.0,-0.0,-0.0,-0.0,-0.0,-0.0,-0.0,-0.0,-0.0,-0.0,-0.0,-0.0,-0.0,-0.0,-0.0,-0.0,-0.0,-0.0,-0.0,-0.0,-0.0,-0.0,-0.0,-0.0,-0.0,-0.0,-0.0,-0.0,-0.0,-0.0,-0.0,-0.0,-0.0,-0.0,-0.0,-0.0,-0.0,-0.0,-0.0,-0.0,-0.0,-0.0,-0.0,-0.0,-0.0,-0.0,-0.0,-0.0,-0.0,-0.0,-0.0,-0.0,-0.0,-0.0,-0.0,-0.0,-0.0,-0.0,-0.0,-0.0,-0.0,-0.0,-0.0,-0.0,-0.0,-0.0,-0.0,-0.0,-0.0,-0.0,-0.0,-0.0,-0.0,-0.0,-0.0,-0.0,-0.0,-0.0,-0.0,-0.0,-0.0,-0.0,-0.0,-0.0,-0.0,-0.0,-0.0,-0.0,-0.0,-0.0,-0.0,-0.0,-0.0,-0.0,-0.0,-0.0,-0.0,-0.0,-0.0,-0.0,-0.0,-0.0,-5790.525087631077,-56.307797101933254,33223.16508519107,-3729.5010735014284,-4144.478415035865,90034.59322460328,-0.0,-6877.621849755142,889.5094799494015,1900.7759105148946,-27371.18013157111,-0.0,-5302.512097945098,-0.0,-0.0,36210.27958777275,-13385.167007777958,4144.400031588132,6752.712772080288,-4870.622366338506,-26168.898357659746,-9975.72999715756,61.02820873078511,-106.9397222326632,-7411.349222371349,-0.0,-13891.154678311821,-21229.051557665403,16630.975772037273,-607.6604732987148,8.689657153586818,49054.823418280175,-3353.8549557210995,-115992.07199558934,-3295.376455396193,-23572.80742364921,-18061.921830905816,-6849.922490039177,-6152.113165532178,-15731.513087786641,12594.46056794275,-2535.5684660365064,-4494.321526107571,-3923.3062794975494,-13483.375181038436,7697.00694234926,42106.64549912951,-917.3698711735074,66.53561300118746,21986.26918892537,6012.70269024517,-582.5143496955252,16407.06012132154,8545.70731954367,-5980.32933320248,-8406.008999510597,-4259.680083608983,439.1675365092874,-0.0,-0.0,-295.03663344904896,-8930.336526220273,-3612.1023132998475,-3310.5359323198427,-1654.4797000832457,-5054.9351201056825,10331.441780081268,4628.28211207612,-9023.787086475757,22012.991601800702,-22404.480285385955,-35625.76366418994,81981.48884229809,-22888.05469017654,-9364.725162251863,-2405.485434108418,-3851.5461981211297,-6047.124887581355,-5926.986787077793,-38367.16787129357,-0.0,-14051.939954988951,-0.0,3151.197621572956,-0.0,-0.0,-14575.498944071429,-1477.289224682885,-0.0,-0.0,4163.962204571625,-0.0,-0.0,-0.0,-7743.413982003213,-4797.230632960316,-7966.873211427326,-9265.592239748574,9364.25579227182,-0.0,-31093.73939441326,44189.66049317373,-0.0,-0.0,-19850.086625423188,-11790.913657553556,188.9086333613791,54.169574963857,-0.0,61477.925235075265,-0.0,-0.0,-0.0,-0.0,56181.34815158345,-1105.4780138300985,-0.0,-10660.578264277197,-0.0,-6876.413260942771,-1414.28219875692,-3657.3803952799294,-17814.791963590516,12929.932595911112,-1529.2399791473388,-9426.556874056741,-0.0,-0.0,-5080.962500724093,-7069.5109987462265,-11686.11315804946,58327.056774990175,-0.0,-206.17007259295454,13503.045644613143,4018.4935846128733,-2015.657163100026,830.8291476452773,5506.389872993051,-3702.622526406923,-97.95112235824797,-19630.064784707014,493.2628976642643,15024.339985871708,-787.2476962609948,13257.276603270497,55409.82422227175,2949.7463258800935,-75.5641979744314,9710.081238295978,-2021.8270513438092,-8495.943182363993,-9810.674195012003,-18020.15873823098,-0.0,7023.213723445346,18105.00843166263,27726.35923680687,-11400.334111200815,7697.8052115741,9827.244034480444,-9847.00043610282,18444.37074393886,-16209.97780856137,-0.0,4983.906086288765,-13134.611036803071,-20073.102889622078,-8402.819925204054,24755.66947283093,3549.596784539719,-0.0,-6066.7468530393,-0.0,-2972.2357244374653,104.09729269286198,-4244.055874505847,-0.0,221.3525176728829,-307.56467950046124,-23292.314619940727,-14684.486135717276,25233.110422699883,-8604.18690127497,4014.471803035883,6932.194148679197,-8020.194917890567,-5650.428176972989,-12753.174892057412,-0.0,-2273.6866781341982,-1827.7151235370522,-0.0,1184.2293546068258,-441.2092303681329,-0.0,-0.0,-14770.95684124731,-3274.8606481376596,3269.502405034513,-4821.301348552626,-0.0,-0.0,-0.0,64580.191377272786,24535.44077996227,-0.0,133.3918895346485,13508.026164711697,-0.0,-4655.776980571278,-2784.6235513571455,-0.0,-4486.779021290062,-8531.943812974381,111987.72523232829,-12571.60274281724,-8712.001679338138,-33196.0136590224,-0.0,1589.8696030651113,3461.5776045818066,-10737.097843900863,32695.466791679926,-7722.048936716133,-39866.15584880214,-14489.61967751642,-9962.93927508264,-0.0,1490.5897638898882,-5006.56232608308,24576.595739403678,-173.86871414682827,-442.6704304160137,-11746.404816712939,-9966.108282406385,30626.90284466511,-0.0,-2285.586632513689,877.8718095199937,-0.0,-0.0,-0.0,-0.0,-0.0,-0.0,-0.0,-0.0,-0.0,-0.0,-0.0,-0.0,-0.0,-0.0,-2062.033103826862,-0.0,-0.0,3643.833010538689,-14962.55759178873,-684.1687661346183,-9904.655609039572,25283.486636671503,9535.823765198713,-4314.993933804697,3683.393219353234,41283.79197767016,-0.0,-0.0,-4845.713182047965,3038.0257068572278,-7350.947554779554,-10078.772754586187,-0.0,-41.154258764094415,9651.449936237317,-5441.353545142285,-2840.3648336281935,3747.599555210078,-27295.748563334422,32043.320065490898,-6636.18354300443,-1191.755600767844,15711.008643153198,-0.0,-0.0,-0.0,-0.0,-0.0,-0.0,936.8987772703217,50437.66615119647,-9701.432394132016,-11857.239399893024,-9173.52805279564,-0.0,-9967.338007533324,-14249.733862404928,-0.0,-0.0,-0.0,463.0018607330668,458.22780198927927,784.6075446827018,2789.144284406336,-0.0,3847.0155389636725,907.004783043216,889.2448009017744,789.0990959482276,800.4356089776783,3045.5988094713216,1952.2868706175545,3151.003218093418,2430.8744430492316,2877.529845335509,3425.2881420988947,36933.77837319357,40326.073268333275,39816.30017063078,36555.483103730665,9523.195654707948,9207.569304632976,9373.900295456408,10109.956702924173,5877.451226667486,2193.112566225986,2175.3816250367304,2441.1676633903307,2493.811215196835,2368.860735938443,5704.131811505798,4516.46617678219,1326.9347482227747,1604.567605837332,685.4432620416021,391.2959326251938,580.8144522754955,42884.76134610415,37241.111960501905,41284.684812524865,36316.74243181929,55180.64919930012,59362.33661531724,1392.796697888996,1226.1862993073942,1276.4874445624594,1344.9961791722537,1179.5364821227076,1187.294126499417,594.837680952309,58240.892085377985,55742.18646226159,50506.66308179018,2704.2701183199765,3089.765495939188,3104.5824839497404,-0.0,8297.072831383734,9216.25830318882,42394.150413611154,37064.93882744187,39107.92615472966,64924.12013658322,65644.03259367424,65434.34807903871,66117.50519960932,2620.764462887906,2668.2386337891744,5252.159977232907,-0.0,21918.516788740213,21848.53497643249,-0.0,1571.629583191757,1641.575542373353,1696.295364661048,1768.4483618132087,1598.6529257964467,1534.1643905990034,36102.84702904518,42715.06513136993,43140.012231577435,40375.44887831027,1221.3204939376524,1156.9984740987984,-0.0,-0.0,18240.117603812367,34354.000174882894,39108.12202551639,35670.161852592995,38753.36750402315,-0.0,59332.423118395476,53052.86952949087,1020.6255721667067,2168.7078633172887,2063.7306790228236,2213.8630927815743,2319.1163657852408,2606.2168652660876,51140.80946509851,56613.55187766134,-0.0,-0.0,18602.682777805796,1111.2550083053814,38980.82184306094,41463.74657387307,40754.7097605632,38953.225445450946,36575.984466335496,37487.82507214743,-0.0,17690.960016592355,11261.736450883793,-0.0,-0.0,1566.3957078281871,1513.0135432640895,795.2994188888463,849.2216398028183,498.4626734688372,460.9844152526581,-0.0,1231.2178384899903,1218.3461431057042,1079.7772159465992,1254.5272938601329,-0.0,1845.2738583967032,1837.9379755665589,1923.1646426839757,2331.887861795847,2307.0259875024676,2363.85951155765,952.0441243977574,864.9944170811294,940.353979451023,1476.174525459896,1137.1485704776214,1064.7302157184918,971.0655154196954,1101.366474444623,8698.40828814136,7975.184528371524,261.1093217521188,269.1928613651566,3931.1368217972995,17689.21151379173,1498.1987648172671,1539.7956696753552,-0.0,-0.0,7925.911271837429,8064.558456145725,8904.223511292737,8172.8106515980835,2070.110644753874,2080.661396352037,38234.97393778164,38407.408594026965,8679.96250691448,8458.049988423454,-0.0,58925.85696361,2116.82193101675,2235.9259789146645,1217.5376358749738,51644.83232748659,51414.2121781933,57591.864086199515,56697.35031029492,202.72260232499832,62502.22134564531,54619.66915751746,-0.0,-0.0,25589.12878979219,-0.0,1266.7158904766845,1165.5983904979607,1258.425750310262,2633.888527608808,9425.040136336915,17958.11020910217,1773.1668327592308,1954.9487050019768,25.748303517676312,754.2719599288206,719.0402444041996,18091.086045340744,1686.510371501655,-0.0,-0.0,-0.0,1149.4661651648616,-0.0,1265.6517803908444,-0.0,6213.422920074172,6514.914757406319,5752.680075385685,6036.536280276878,958.351873967093,-0.0,891.8328743159404,-0.0,-0.0,1013.504236718312,1170.0813907487984,971.1163602915799,873.9152679785566,910.3162170809693,895.2614957123,2006.8518964354782,1942.2059354571657,1744.9534402921079,-0.0,3154.594238302517,2917.9346403247137,3024.925379670689,3287.484871310553,4965.423095338993,56663.6704060766,52228.17160912135,12489.531335044765,23485.98679560233,17911.83171241723,17737.040976886765,1781.360737250356,1810.808576133672,896.1307358661028,939.6830257284844,2342.4300876354923,-0.0,40085.162889330655,36011.803251006706,1305.0322414040145,1190.2587570323171,1127.8145448450498,5643.942037587695,3110.532644174679,3430.9625014058047,37205.62244130465,36038.16940878279,38635.55262455399,41097.0513739683,-0.0,-0.0,-0.0,2786.7988297921647,2623.418386836141,2495.994538808804,10867.472590235982,8251.480215827214,6803.097254892767,2364.8839082903123,2545.859436523302
21,-0.0,-0.0,-667.0058989373719,-2191.6928234024854,-526.3739837346385,-600.7002951357671,-97.81270263672783,-677.3714790689684,-669.7444336414045,-0.0,-1299.9131040499294,-0.0,-0.0,-2815.102598513088,-0.0,-639.5508423610871,-507.6387024316704,-0.0,-43.749400811101026,-252.64986515193647,-320.5383176112535,-817.7970593386096,-862.1119997632711,-711.8814362761855,-2304.8897015365774,-669.5780840234585,-0.0,-42.07217418294019,-2987.372991465106,-1680.5281761057156,-0.0,-0.0,-0.0,-0.0,-0.0,-0.0,105.20588434367046,-210.60100319077483,-1968.2492282968913,-1646.3129591075822,-0.0,-0.0,-132.01684145130864,-615.059341249883,-147.78178798003566,-0.0,701.2644349959603,-1581.1126326885226,-419.9077133714035,-0.0,-0.0,-269.63289821981414,-0.0,-12.328928584721842,-2014.1497568402572,-2940.920103416946,194.7759653127342,-6053.5015137889595,-216.28644131089547,-0.0,-1800.6741329867355,-0.0,-775.2210591900837,-2735.7619817130003,-524.4132285907866,-520.4880407154883,-42.967767890789474,-2069.2157668125337,-931.581096580664,-449.89275768097485,-3234.874120394341,-0.0,-0.0,-2618.888683769014,-1143.6600875806437,-251.1452942908754,-1685.5885595697234,-0.0,-0.0,-1269.3143632101478,-1467.7016843861527,-443.7056976252504,-3680.7502167140337,4.050207124430619,-29.47202678618452,-1880.7014908397143,-0.0,-657.1756328748908,-1119.6863881321922,-9.275827362984714,-0.0,-1322.4462872054676,-90.20222782516589,-762.9192674254408,-2405.0125520161178,-39.34237834858465,-2539.6036726091984,-402.769380853251,-1676.8279340168015,-2846.5310521271067,-716.3352612119096,798.6235459372836,-521.1190124896102,-0.0,-1468.6026694624738,-2541.531632332029,-4508.905474754399,-539.6312663001712,-2892.7516919618515,-0.0,-1667.0009079268534,-0.0,-0.0,-624.1361262387201,-0.0,-0.0,-647.0744468838607,-78.17803508315738,-1565.8521895942006,-1017.3536689422486,-872.7412850478175,250.60422521401188,-528.409109478904,-356.2958834296835,-202.92499572066308,-8.537201562247642,-672.4283330629214,-547.6333847331823,-805.8126834648531,-0.0,-5068.338778984752,130.59212045975278,-121.03127855081756,-4245.842813000752,-0.0,-1046.1340181356609,-66.65957828534981,-0.0,-333.31413273546417,-0.0,-0.0,-954.8736574086332,-0.0,-649.7404252085852,-1049.5559452478822,-0.0,-1387.500618110128,-266.92283097961064,-757.1724643353863,-2019.4190197196442,-0.0,-1832.6981689386491,-1118.5723582994149,-0.0,-0.0,-0.0,-0.0,718.7090710140443,-0.0,-1877.2298036930927,-1997.1211606974375,14.033935540768333,-0.0,-0.0,-763.8151484671124,-529.2755694640769,-804.3385451644343,-0.0,-444.88377521513064,-3307.7056789521475,-1190.8371862792,-0.0,-1097.1693365589845,-2575.931702876666,-0.0,-0.0,-0.0,-0.0,-0.0,-0.0,-582.2332535999494,-737.7393482287812,-212.7290576473924,-216.11657221808252,-1271.2772549312854,-54.671543620741765,-0.0,-0.0,-716.6438603636757,-0.0,-684.7325076730441,-31.985367513477243,-4.191679436272352,5.570293246841184,-0.0,-0.0,-1106.8122167086817,-519.4609082936776,-487.50069093443545,-0.0,-3152.7391355007912,-2007.5092300943331,-1286.4006703768994,-0.0,-0.0,-2125.6953825710243,-1538.647457527147,-742.5321681162692,-96.68763082305107,-1779.5778411389047,-1375.506082532577,-0.0,-0.0,-1820.0234173965687,-0.0,-834.8023136403947,-1268.4100535231648,-129.73620857693538,-464.4946029064319,-654.8772005319788,-585.0934213526666,-0.0,-1753.2021488504693,-0.0,-2946.1759792584926,-3390.0636281893917,-209.37788062405312,-439.6149053953254,-555.9660762284291,-0.0,-327.7576828743065,-277.79633834871845,-0.0,-953.6009757405786,-726.681913048772,-1128.8182449208052,-2007.599187894387,-1103.9832147755988,-2297.6683235466667,-2012.521009739399,-2176.3907488516516,-2260.1975366412394,-1247.9855348061653,-2437.9713992886723,-570.2455451421793,-565.6155860766298,-0.0,-1334.7444119911647,-1110.3713170622086,-1281.064078909786,-406.808829234399,-408.4547302603905,-2102.5434561224,-838.016215452022,-403.9338584210216,757.8460901881309,-0.0,1127.7518066716511,-1331.0383008460417,-0.0,-0.0,-0.0,-0.0,-0.0,-0.0,-1376.3430635565887,-2573.447540929277,-524.5097099859287,-1084.2371230362094,-0.0,-0.0,-1783.267652685747,-1178.8447193276522,-2317.8883993357535,-0.0,-0.0,-149.37285772594953,-65.53789601898121,-465.2823835344329,-1714.8830997508533,-530.3231573886803,-0.0,-507.3363786041894,-776.0440641941696,66.07114369026188,-1331.4483536073944,-1611.0537666024175,-1418.906755789273,-1897.8788982293358,-293.4630783632884,-726.966695979867,-46.05185928210562,-1949.022637635686,-0.0,-957.3212813721149,-172.70152536526075,-80.34955815248252,-609.3459948944708,-0.0,-2098.08512934287,-130.8059701758521,-658.956564617051,-1903.292024740585,-1407.807665000008,-0.0,-657.9811377429173,-907.3965238242608,-26.156933135182033,-317.1407665141756,-512.4435331562165,-54.19303418007846,733.8008506501908,-1262.6794083762425,-0.0,-1002.5075397384911,-1419.8522781540548,-0.0,-530.2981398859447,-0.0,-1421.0162943482323,-0.0,-0.0,-0.0,-1323.9911624774877,-739.3447844336766,-462.6190185173809,-0.0,-1803.0164218891427,-3275.9752587301227,-3420.4895291150237,-0.0,-396.25761614026914,-0.0,-320.0574201118639,-128.84505164878144,251.92955385615107,-579.2618009738823,-0.0,-740.2422945151197,-1021.1099289569793,-334.05480556578186,-631.3475792648632,-0.0,-493.2599281591812,-916.1906465417186,-552.9186668006051,28.026634510475702,-2505.666139748594,-0.0,-0.0,-1644.7333959409814,-240.676137987396,-1340.3186390200324,-99.92475580715936,-135.33470701217905,-257.6911704946172,-632.2143944514218,-999.4996191752965,-1450.064498215036,-2497.7638582903596,-0.0,-0.0,-403.48744812039604,5359.682499532747,4.65020858920721,-0.0,-0.0,-0.0,-0.0,-2720.2301038643727,-482.6598783848006,-0.0,-1014.8749432101223,-1043.94229067734,-693.417258015713,-2401.5948424153917,-258.75375633547105,-1276.177958727584,-0.0,-0.0,-2165.1090673453705,-774.3154114860437,-2044.3726107855557,-827.6613825444482,-808.2597178587962,-2041.9593153506653,-212.56069837492848,-1964.6482209861076,-1280.4564759058571,-31.669478340244623,-992.2175877785403,-1270.1461986336687,-232.4339969826648,-272.7036648783817,-1929.4874751371547,-0.0,-575.4982074805715,-264.54699611333507,-32.76893304045623,-865.3145338362305,-203.26210011742086,-891.4704619526954,-943.2446963942635,-1310.5599655273663,-233.92196186048767,-2671.469214276502,-67.61303192732734,-548.0583408555983,-0.0,-959.925716955567,-686.8865324211182,-1107.5060586004013,-1254.1733108352466,15.69169441534761,-402.99976488705875,-3044.1094188360894,-851.891847963954,-395.05967992057236,-1245.1794824089563,180.19409901646983,-0.0,-0.0,-0.0,-0.0,-0.0,-0.0,-13.361245819233702,-171.66275719370944,-2688.029223831313,-4827.0329494988755,-608.7100078753764,-1185.375098420444,-152.2052726241374,-621.1767685397574,-1559.180637005998,-1217.9746655504339,-43.37918510883129,-506.0380008619097,-589.0499401021267,-0.0,-110.07965716541769,-1288.392549440936,-577.7163873847967,-0.0,-1109.4977709263524,-0.0,807.5578940538165,-0.0,-0.0,-0.0,-45.57542235585565,-0.0,-0.0,-1094.374600283273,-450.1719905595298,-1335.9365217648367,-0.0,-0.0,-0.0,-875.509829716326,-557.4766410609305,-1444.0420087422501,36.46793974835955,284.54074322859566,-0.0,-0.0,-3275.3454846683417,-1312.6340952710545,25.803466174928282,-54.38471595876152,13.573984535732277,-21868.8613528048,-22727.508311946236,-2708.086353724297,-0.0,-0.0,-0.0,-0.0,-470.1242883186021,-0.0,-0.0,-622.2150889997567,-2609.5063235883,-2218.20178056208,-1609.0158855733569,-358.6793728124992,-1882.9235518294406,-30.869003175092047,-1359.5735491978874,1095.2893405262619,-8.270893743407,-1108.5502024941961,4.056844360028885,-0.0,-0.0,-0.0,-0.0,-177.91914294047808,-0.0,-0.0,-0.0,-995.2243094760648,-1574.8790683157424,-0.0,-0.0,-270.9021750945587,-2387.752672781438,-0.0,-1615.7262725333044,-1841.5783568029415,-2047.2144353638928,-0.0,-0.0,-118.90558230192,-88.21806868798448,-1236.2522849715278,-1656.8610870359453,-622.9327355226926,-1355.1306852328664,-1275.3767691956064,-0.0,-0.0,-0.0,-0.0,-464.33753924421865,-247.79736513099542,-0.0,-0.0,-110.4631276389203,229.4060845389566,-0.0,-1238.1891900540274,-1138.4954366682346,-1084.2355008183256,-0.0,-0.0,-772.9901158199099,-1387.3760131479548,-771.5372354790079,-467.50963115670254,-0.0,-2503.9383374413705,-2339.6239372650152,-0.0,-0.0,-0.0,-0.0,-0.0,-1468.4800286573327,-0.0,-2114.0052005478115,-1467.0983017868273,-78.79380560895453,-0.0,-0.0,-0.0,-2836.5534012308817,-1591.2908719862962,-680.6391531637772,-524.8861313213567,-1152.7921100318115,-814.6532626312081,-0.0,-0.0,-747.8615013256598,-1582.0294898852214,-80.23552461028194,-500.08244852273157,-0.0,-882.494069229422,-707.6966495167917,-1658.8639007178476,-0.0,-335.14608980697835,-134.63403891416533,-348.08590574666164,-1682.3466501536695,-345.71087419460673,-0.0,-0.0,-0.0,-0.0,128.61215515197017,-182.58402453030266,-896.1192061221067,-1415.5435960516986,-1271.7646245823391,-532.3705840591522,-634.1089299426385,-6052.392348356033,-1042.8690234884778,-688.0590287425413,-0.0,-0.0,-0.0,-288.43768266155973,-386.70479882259843,-1390.1206244322327,-356.3312512666449,-0.0,33.8508916934036,-0.0,-0.0,-0.0,-0.0,-0.0,-0.0,-0.0,-103.77241934916222,1550.9550755863552,-0.0,-1683.798903907468,-723.9695114391328,-470.7734327720976,-1707.751686354297,-0.0,-0.0,-637.8288240183389,-766.264350701738,-146.24794317293544,-132.08288247121308,-147.13572540529407,-592.2969168590706,-157.83208658143243,-2234.7437159531196,-419.219015781526,-456.5489361523219,-0.0,-0.0,-1549.1899952494548,-3051.203916714176,30.714955623107425,-572.3833889577683,-365.0853370133928,-958.4811778280637,-1212.8067508182241,-870.6432288609379,-320.28931585423646,-164.54981117359,-1573.499230806517,-0.0,-0.0,-0.0,-0.0,-0.0,7824.328990166271,-92.97182702829342,-596.0326286076242,-663.7469909066871,-1151.9751986494994,-1443.2624909814658,-1385.3999802069636,-1846.5968423264574,-2381.4754659415808,-504.46554162632515,-0.0,-0.0,-1694.380680848307,-0.0,-0.0,-293.29868417224293,-1926.7599907842998,-1477.3664472012185,-532.092710721589,-70.88850257880287,-2012.0496726306703,-0.0,-1527.5936924487035,-0.0,-0.0,-0.0,-0.0,-0.0,-0.0,-606.7105378929957,-1376.8673604815176,-1112.4420963200632,-106.4545780960775,-275.23903007647493,-643.686430818541,58.881178627856706,-0.0,-0.0,-613.437289025295,-649.8987988398613,-4143.108370602152,-0.0,-1613.219219457981,275.35344859686995,139.05411020599402,-0.0,126.52997994616516,-195.63948946084705,-173.1280169672614,-525.7173924626882,-0.0,-2059.0013467970566,-0.0,-0.0,-1238.8239354587124,-0.0,2599.7197837069293,2478.110300648592,2457.1357936788936,-0.0,-0.0,-1979.681295961355,-0.0,-0.0,-393.6352553825361,-1039.9370178251174,-867.3901289079074,-1127.5574459172822,-1336.0477243950386,-0.0,-0.0,-0.0,-0.0,-666.6673626174844,8.207098785933177,-63.69185273100792,-1346.0218246411116,-1115.4504707713552,-445.0923660146317,-1599.5531814754227,-0.0,-2283.082240351163,-1383.3711380262994,-1582.4539645122622,-443.754118433857,-416.170319005047,-0.0,-1314.1148810150316,-849.5589002426417,-1059.947468292712,-2074.401151167527,-604.820935336397,1100.3994144666076,514.4715758396447,-386.3726211315333,-1227.3975954374346,-0.0,-1831.4100673753967,-3384.9986852173192,-525.6001294771922,-504.70654398675407,-0.0,-0.0,-0.0,214.1127943426527,-390.1379235324121,-499.5880833864682,-164.6620943671642,-569.8481345638122,-577.9757034137831,-0.0,-446.8512303007023,-979.8603123574037,-757.2183496558662,-0.0,-2292.840524053918,-5262.635535041045,-0.0,-0.0,743.9906607856971,641.5186050992382,-0.0,-0.0,-739.0536686561584,-916.6915021124375,-361.7616971797533,-743.263706049217,-0.0,-0.0,-0.0,-0.0,-0.0,-2813.287236653654,-431.413054315781,-1920.36480030985,-1109.089210161277,-0.0,-411.45015611121846,-500.74683076832997,-0.0,-251.35836754118256,-889.8677302125456,-1243.2827910992908,-4758.339301369174,-84.05020996477747,-0.0,-0.0,375.21456795916345,976.034959213312,-0.0,-0.0,-415.4260891987042,-0.0,-0.0,-0.0,-2738.482699653416,-0.0,-594.1331252965143,-0.0,-0.0,1937.5599634028733,2223.4924607824664,1974.154263786113,-0.0,-0.0,-445.02026470806356,894.8374513196759,-2440.9001189249325,27.447084026976643,87.75192739491015,-2799.733424679774,-111.74539898152501,-195.51469356532715,-635.6507878782029,948.8564387229605,4019.5361695948864,-3334.3063571311313,-0.0,-0.0,-1098.9948191617716,-1833.1513948315226,-1309.5430798211262,-290.7295345724979,-48.39605479570304,-0.0,-0.0,-0.0,-0.0,-2171.5084740464613,336.55967576668377,-0.0,-4.290049598451276,-0.0,-1633.844387139065,-2090.3062064252777,200.27372690478782,-0.0,-0.0,-403.2686481536192,-0.0,-1997.7621850047094,-95.5799716075995,-1081.5055833874474,-444.8428813193959,-1315.1559075308692,-819.004206446145,-1258.382075821517,-668.002223724654,-0.0,-0.0,-0.0,-132.07908226374994,-0.0,-0.0,-282.0483321118426,-475.5058340670041,-785.5293961818874,-0.0,-1812.4264988246503,-1140.5205470733074,-971.6755536747089,-8.821248582658416,-7.792772211245877,334.2477234921874,39.93640401260476,-0.0,-0.0,-13.24650945315288,-1820.92579518411,-735.6867349062571,-910.5915302427525,114.36909585323386,-2317.382833449052,-2104.0598923225184,-1077.5326090688309,-1042.018106286999,-43.2291855338387,-599.111936168026,-783.8139938905963,-1402.842626351379,-2230.063522973372,-0.0,-1972.8585410892945,-162.7433946946331,-0.0,-2689.1508489250023,-2974.535718947008,-2365.623940470822,1875.531388927291,-0.0,-1662.4617294988238,-233.31469010169872,-1372.1723909380482,-726.7424086455565,-143.2865392454533,-2235.163365665611,103.6195090500862,1688.093426043323,-0.0,-204.43149518602877,-435.8639182430201,-1193.139297195292,-1130.89487794598,-1842.3057747125824,-4377.885308140285,-0.0,-644.9929170292445,-1533.6190723274851,-797.3337993964171,-246.27414465456843,-29.63044150714769,-297.75884443031555,-0.0,-0.0,-0.0,-0.0,-365.99387573949355,-1432.0918641819164,-965.500609480962,-69.58497633581055,-536.9615971646443,180.83409639144446,-0.0,-0.0,-1083.0274275154484,-557.8806278979883,-0.0,-2222.486713678515,-102.28275679278258,-1352.8728090726315,-0.0,-217.71170821428188,-198.5917196050018,-0.0,-0.0,-496.73676900981957,-0.0,-0.0,-4670.07444961384,-225.89786034594135,-2310.283344477571,-0.0,-0.0,-110.40562742220065,-1496.9361418115557,-746.124041075905,-440.13567273590644,-1457.1754366983757,-0.0,-806.8459507931336,-0.0,-552.4103440783501,-0.0,-0.0,-230.46600932860986,-100.81194699344982,12.32803723745171,-365.06084935575404,-1559.8031579746378,-2107.8891275002275,-0.0,-0.0,-0.0,-24.643966136844483,-452.79668414154185,-0.0,-1768.1130961228712,-2668.695935658955,-0.0,-0.0,-72.89669019129197,-1473.938504709924,129.32551881889117,-0.0,-0.0,-0.0,-0.0,-572.5492526216717,-2615.616789760623,-248.1334576752686,-1292.6028313486147,-0.0,-0.0,-790.7455065172328,-560.568523959936,-362.1606044896648,40.95846181092204,-0.0,-0.0,-0.0,-943.2764804485519,-703.6358633569328,-565.0899029410631,-346.89009069647415,-0.0,-0.0,-0.0,-0.0,-2340.4762629253223,-89.54936836382436,-24.280515055284095,-0.0,-0.0,-730.5191072759548,-458.72539731145025,-0.0,-2091.4378635380936,-4774.528329910997,124.12772328029985,-1336.577037991952,-0.0,-0.0,75.67510397581631,-467.6859194777397,-1814.4739357252736,-561.6664769383518,-2822.486240867021,-1484.6074031498563,-837.3656974698328,-1730.9611329558475,-0.0,-0.0,-0.0,-40.89907832707899,-1234.6016156056182,-0.0,-0.0,-3170.423510874884,-93.52108764129743,-1624.341745263066,-839.2640654786587,-0.0,-0.0,-0.0,-0.0,-0.0,-0.0,-760.2829013008462,-0.0,-1862.3797605799882,-0.0,61.91706272173834,-1445.9667734486989,-0.0,-0.0,-0.0,-2580.8744489249925,-0.0,-0.0,-581.1036868084011,-0.0,-0.0,-1198.4357966896996,-633.1933672357112,-0.0,-0.0,-179.22061812408592,-2276.1357388811575,-0.0,-1098.209880246735,-860.1890063431987,870.8960354070301,-197.33125203008743,-0.0,-613.2006898768204,-2.6970631847919098,-0.0,-24.612120896314455,-0.0,-394.2760797313467,-0.0,-0.0,-0.0,-0.0,756.122056596256,718.6307875021263,-994.9934108310797,-1821.3144959555686,-0.0,85.0968728856802,-4.492168493160499,-78.51670827069994,-951.7394823757982,138.82980786103448,-538.9179404632852,-416.3744197906451,-182.73549951323403,-3860.4085870354807,-0.0,-261.7829895818928,-1914.6172359946063,-2610.13254048296,-0.0,-1310.7597314138868,-1608.3877797594434,-2270.0524316211304,-800.9221305731905,-0.0,-926.0936798297696,-772.6152386238826,-840.833007118587,-1445.0977555230063,-1114.946350978959,-0.0,-134.31241040054223,-1188.974423015597,-0.0,1168.091082300341,-478.4126039755455,783.9058733717649,-0.0,-0.0,-110.814857103887,-38.52499329289827,-2446.067599832292,-1089.9290708786502,-0.0,-925.5334766609031,-3148.118814745904,-948.0637648290739,-975.5342520589331,-1338.8071256561757,-437.1292065782047,11.556087097560194,-42.843508172550486,-0.0,-0.0,-1003.7803243672888,-89.88249177472916,-0.0,-0.0,-2133.2940299052943,-818.4223416545364,-705.5076515815273,-1967.6337446017399,-101.11223489392964,-21.21681243039651,-2662.452088097291,-907.6882648291819,-617.0192440043362,-1068.6001035095967,-0.0,-2427.246249405933,-458.5692671325752,-1313.213311595903,-1508.6361688357347,-352.5120966348301,-573.8999066678863,-1821.4937046137852,-455.8924338033269,-0.0,-0.0,-0.0,-1420.811389910477,-0.0,-3379.6345449860687,-1374.2536949297303,-1603.5437129655782,-0.0,-0.0,-0.0,-0.0,-0.0,-135.61750732893063,-0.0,-271.2775269031273,-1002.5315114630168,-416.17503088175823,-0.0,-0.0,11.790702235319962,-0.0,-0.0,43.49628682652999,-274.5673349462016,-0.0,-545.741830106504,-0.0,-0.0,-93.51226803254556,-12.306417925191324,-2976.553190049144,-2361.871093354198,46.083153911102436,-7762.59581376227,-933.7925642764955,-682.3293243799305,-0.0,-938.6892162142784,-1648.3512133803827,-0.0,-0.0,-0.0,30.148830903043248,-0.0,-1483.4617401978412,-0.0,-1505.2545621858105,-0.0,-0.0,-2342.625592018556,-413.4300027865683,-772.9313585039431,-0.0,-0.0,-0.0,-0.0,-291.13216548894025,-781.2594884030452,1499.285497534122,1018.8484379026454,-829.0540309971478,-9.191610599828262,-0.0,-351.6873982013602,-349.86680104427404,-1880.239021211372,-502.42335619123725,-129.81944990268326,-1158.6617820449806,-1619.2043970359148,-1010.8952107496225,-744.9453182287712,-0.0,-0.0,-0.0,-85.82877869336863,-0.0,-1836.0973931573913,-639.3428842051433,-0.0,-1974.826465400483,-1290.8596191495594,-0.0,-0.0,-0.0,-0.0,-0.0,-1188.3012963333747,-0.0,-301.7010976461518,-1979.8808748071087,-0.0,-1159.8868332141815,-0.0,-0.0,-0.0,-2550.773293055423,-1402.564594946355,-1118.390460918422,-2817.3836239641164,-0.0,-0.0,-0.0,-85.15746805589669,-536.7620051854676,4.080885933483466,-468.6533296230741,-319.5700908729753,-0.0,-0.0,-347.05587232369277,-1494.4718619441471,-4150.1024271813785,-0.0,-436.142023726465,-1421.5532353648312,-434.1126323358183,-516.0016774212847,-0.0,-0.0,-0.0,-1988.0248651504903,-2053.531962403543,-45.36475787283677,-1828.4142076006374,-548.7281570512354,-372.7175500772556,-9.223262682866832,-1236.5311287936079,-0.0,-2157.167824414803,-0.0,-539.4618313612159,-0.0,86.1424114503066,-0.0,-0.0,-576.1631658019588,-865.7708862495494,-8.219136912066801,-0.0,1356.2546244108726,-0.0,-0.0,-1929.4215031004508,-1459.0420186775984,-1203.0909434675425,-0.0,-388.17932837009374,-667.3210586506167,-1559.1269769398832,-0.0,-0.0,117.46603822916097,-747.5227259944826,-0.0,-0.0,4.013766369523845,715.4391469001326,12.560451624540539,-1566.2623238395734,-0.0,-0.0,-1886.786415588439,-1793.3985903274322,-87.53417668094727,-0.0,-178.0308120928165,-787.2925824050867,-1192.8048956777714,-1734.9747119617552,-0.0,-960.4127060955416,-6.819485856371127,-0.0,-1753.5226685025016,-0.0,-0.0,-0.0,-0.0,-633.728965536666,3.9004122793970484,-17.32526056811453,-0.0,-0.0,-614.786911811139,-0.0,-0.0,807.0041784069244,-1104.0907907060512,-55.82224961176475,-2105.1505309678328,-0.0,-0.0,-691.1072015726764,-0.0,-293.0851192163558,-1224.5661345417318,-1074.7577702247875,-1199.5314334564516,-0.0,-0.0,1547.112715101453,-0.0,1077.366276191742,975.454024358223,-43.77484798478146,-902.2981776748604,-0.0,-0.0,-110.0984046375809,231.27316774939717,-859.5741498918427,-397.4215315533305,-1121.4122595524561,-2851.3563804460027,-2052.5024244113665,-0.0,-0.0,-285.80229118891685,-5499.401023328091,-649.9537347451882,-586.7945750100897,-0.0,-0.0,-638.334710382136,-0.0,-1105.3282984633865,-1370.7708523265387,-816.7268699408721,-0.0,-0.0,-60.18923030345509,-0.0,-178.62018903809704,-1504.7443634440156,35.78287433401814,-689.940170069816,-471.6355446320058,-263.2514426716557,-689.031698722971,-2434.523663017847,-17.72842602674741,-1263.5876189406988,48.67727841672702,-1053.2313399136574,-328.6058031313701,-0.0,-0.0,-243.86997401889224,-0.0,-0.0,-1738.7851785105847,-687.3979502199834,-0.0,-901.3185275151595,-538.6930130921725,-0.0,-0.0,-1507.7556353735324,-858.4756268384479,-1614.638422552093,-1436.6450506954618,-0.0,-112.73207250523,-3265.336442108517,-1121.4863546867173,-293.15685431593744,1688.2698208103484,-1932.2753689177123,-1313.741065609377,4.435429896834494,-929.8866427053403,9.323252143509361,-1912.9102523125903,-0.0,-3926.963648271167,-859.4014397080683,-0.0,-1658.780900550021,-1548.0070651522758,-0.0,-201.49465206252705,-953.9031393089081,-1254.1887297888964,-1483.6501884857591,-801.9330605629608,-552.4970483848364,-556.7276928661188,-0.0,-156.27119264488186,-0.0,-2589.4345166210965,15.720113569937471,-3697.3735949768684,-860.5365197416203,-43.39610599281408,-38.42308538316591,-1461.9900239121355,-871.2320460332452,-0.0,-446.29513757980664,-0.0,-0.0,-821.0825295351655,-0.0,-0.0,-0.0,-0.0,-0.0,-0.0,-0.0,-795.4063019622936,-509.97062108642405,-2875.6998077066173,-2531.8402884014363,-0.0,-0.0,-1214.2995879676207,-2093.868250372755,-528.903903024544,-193.72982520833042,26.803649572436687,-0.0,-1443.8259928370749,-0.0,-2526.579225605532,-0.0,-0.0,-0.0,-0.0,-2010.7902752975056,-238.71500135109233,-476.09243567299404,-1144.0928430462563,-1413.665807916345,-1147.7154633941318,-779.4903097793629,-1256.1534011669482,-0.0,-0.0,-0.0,-0.0,-615.9355627595892,-449.59763957178234,-1445.002026881942,-0.0,-739.2573573256813,-6645.797625408368,-639.6798634022955,-836.9186644396523,-3024.6770807287394,-854.7972449479008,-0.0,-555.0314342230213,-591.2525188367559,-1194.411250783601,-626.7674048047528,-1556.3410747330606,-1786.9209219083184,-0.0,-0.0,-0.0,-0.0,-1683.2375771887944,8643.451182018003,7067.749913221331,-0.0,-0.0,-0.0,-0.0,-2146.062559469305,-1211.840332706363,-90.45810246773756,-1482.078011820858,-851.9888425880188,-0.0,-0.0,-0.0,-0.0,-765.0323153293801,-0.0,-1963.0563514741839,-249.20020738504348,-0.0,-0.0,-0.0,-0.0,-137.3258285230236,-551.5213382757541,-418.63222319897176,-909.456112387567,-1215.4288324374197,-1176.161272345148,-1150.9186232135723,-312.6598210635234,-1570.3000607978586,-1515.5806921902142,-1211.7637729144835,-1604.4323707020462,-40.59177010755581,-1260.7374346415395,-1066.2497892392046,-974.2506357239823,-1632.2256294189606,-360.755668548288,-2334.048594281317,-1575.8580742783975,-1976.758874055967,-622.9240175249206,-575.7598910100014,-1110.8144306065983,-0.0,-1115.935070994362,-0.0,-3508.3761381895797,-821.5223738932494,-287.7879875806683,-1964.9253128907717,-1581.5084110167488,-1190.8843865045517,-0.0,-0.0,-0.0,-0.0,-855.6229881704297,-3762.225671387984,-1767.7313816139788,-0.0,-0.0,-1188.704387993523,-0.0,-0.0,-1263.4486907329112,-543.5446324014861,-1139.5309159827652,-590.7214016943801,552.4004556397373,-1139.1485484389086,-602.4432017416234,-1607.5653100147124,-0.0,1450.7148758974758,-0.0,-0.0,-1204.4479686663499,-5775.481528984615,-0.0,1737.6021357942489,367.7494531721355,-917.399892327935,-242.0774558050384,-0.0,-1847.363556291285,-1042.4781386024938,-2277.0255273895036,-2175.1129179104782,-383.9631652286691,-0.0,-480.3081241601947,-170.04817759291896,-0.0,-1033.5379693378356,-0.0,-1854.7976526688992,-2317.9735474121344,66.14248619551435,-2492.2971470348034,-2080.9054106489266,-0.0,-573.3042249005432,-1419.7210464087398,-2012.1670284467825,-0.0,-402.09860023530854,-2495.3556445074755,-929.2936733103296,-854.5271253933765,-958.0682986161082,-451.80095659207456,-910.0092977958715,-1620.6913154509004,-0.0,-1009.0249166694072,128.6497989647947,-1482.7313679290385,-0.0,-602.2321056288595,108.94094588368031,-953.8731045540432,-640.3225973591509,-0.0,-616.7185798380111,-466.5510370087545,-1744.2623400923808,-1297.8390761197272,-1671.7356662582738,-899.6632689647936,-817.7675145857054,-961.0309449970555,-2250.8833362872665,-23.768612160219057,-0.0,-561.0478396913181,-643.4781957642176,-1427.1396157087877,-2139.450734183675,-328.2888255884114,-760.0231290470309,66.97336060294859,-894.9602155877573,-1299.8673243538697,-828.2106851292008,-0.0,-1056.6730437012466,-58.37865080605395,-2579.347262345245,-0.0,-437.23984314235577,-823.0020091633451,-582.6450492077532,-2407.405148236592,-177.03078418728757,-1599.9647201066932,-730.8476632837827,-2681.355029994844,-0.0,351.16401939704497,-0.0,-0.0,-334.12610361453477,-0.0,-0.0,-3789.699931392647,-28.043109345204936,-38.80528388273067,107.97560064939941,-1386.8265980638937,-0.0,-0.0,-0.0,-0.0,-0.0,-29.262259344792344,-0.0,-368.15600379582474,-0.0,-305.551085973129,-2020.4816955660528,583.1073325901227,-3080.766592628145,-0.0,-0.0,-0.0,-0.0,-0.0,-0.0,-0.0,-0.0,-0.0,-2692.5632337263332,-0.0,-2813.6515246153217,-3275.2401064750256,-40.10739686839531,-0.0,-0.0,-0.0,-0.0,-944.7562914750547,-1144.4747180647507,-0.0,166.46255922075977,-581.6718427191397,-2250.7750385705936,-681.1613761684573,-0.0,-555.7445793693676,-1207.9596064118468,-0.0,-0.0,-649.228693963604,-959.2951795486598,754.0321741520737,-509.1659362665261,28.469487028817742,30.853748006353584,-0.0,-0.0,-0.0,1625.72644983779,1454.661058253453,1705.2553529994682,-0.0,-0.0,-0.0,-826.890336653736,-0.0,-0.0,-996.6194618471039,-80.45691580417024,-488.7328102902258,-58.948633296264255,-1078.740283134851,-835.0727284276329,-1507.2545374082815,-150.0346474098746,-291.4408658817727,-1291.6218014792053,-0.0,-2252.3571099732576,-16.827338969591555,-995.4818163039904,-964.2088116141073,-17.180448206843252,-0.0,-1362.4368540815817,62.46050537620805,-0.0,-0.0,-0.0,-0.0,-0.0,-1441.6419605711346,-3225.921196095029,-0.0,-675.0669226697244,-63.95669355344186,-0.0,-0.0,-0.0,-433.66070371775095,-31.34472290960561,-0.0,-1363.8096612549616,-826.6496082026569,-0.0,-0.0,-560.0702633523742,-0.0,-0.0,-1708.6923792845555,-1442.145303257813,-0.0,-855.9198690622887,-2192.626918976092,-96.4080104309356,-0.0,-0.0,-305.942186515181,-814.499637611614,-243.59141112320845,-206.1106992438841,-170.9309493379674,-0.0,-0.0,-0.0,-1410.3404091523046,-1035.2269293658915,-2036.7591460276915,-285.05863685719964,-1392.0139039552307,-129.74112977269132,-171.4936331590077,-502.90522589889696,-2067.845728896458,-0.0,-0.0,-1810.9568033486503,-1975.6381179953876,-0.0,-0.0,-0.0,-566.3780621241232,-2417.0375601786295,-3563.014971819942,-0.0,55.40324252271659,-184.9246218819458,-719.5732506291124,-706.4372809940274,-2135.1086625812395,-0.0,-1547.7407189349178,49.382530029304476,8.443336344084397,-320.579009462036,-0.0,88.68374615179303,-295.1602856888177,-444.3420994794246,8.125130273705366,-0.0,-0.0,-690.6549119380456,-13.618801093732456,-0.0,-1397.9311114222505,-1016.6783387065648,-1286.0408505999665,-834.2738232633654,-1202.7201447965776,-1819.8747220581854,-0.0,-0.0,-0.0,-0.0,-0.0,-365.4456303499326,-685.7349175396564,-1319.657233431832,-1602.1344890698547,701.3145674568103,-1525.6597502187055,1741.0837202102946,-0.0,-2172.2144658316515,-1745.7384860227655,-870.238348061206,-32.05315847347547,-127.46245453786062,-2312.3312379805034,-237.2197449023161,-0.0,157.21647306126383,-939.1843855792491,-0.0,-0.0,-630.2429418933908,-432.1504583035633,-409.18173800258813,-1295.0000203587488,-1752.2041306258,-0.0,-1567.1839049769574,-1183.8804904627648,-4317.788716532383,710.8083264507632,582.0969349503941,706.4291293734898,731.3516803441396,-0.0,-0.0,-0.0,-0.0,-0.0,-0.0,-0.0,-0.0,-621.9726660504176,-0.0,-55.29704176076371,-40.44045825514819,-0.0,-1363.1954834019043,-1475.220148624864,-2091.791850955351,-0.0,-0.0,-0.0,77.31320009612897,-3145.7136515876045,-692.8502982984556,-2991.265254543324,-1620.9075305105168,-0.0,-0.0,-156.52374302689813,-1449.834721105013,-0.0,-2032.138978484128,-748.1708361412075,-0.0,-0.0,-0.0,-2538.0730679240096,-0.0,-0.0,-0.0,-0.0,-0.0,452.1948686796345,-0.0,-0.0,-0.0,-1023.278841477088,-0.0,-0.0,-0.0,-0.0,-0.0,-0.0,-0.0,-531.8291035652245,-1076.5716293473893,-1573.7392904689143,-1733.2804669932582,-611.9108546229213,-1287.2470119083941,-38.541583488366996,-0.0,-667.2892909390017,-53.360236163002504,-0.0,-0.0,-0.0,-0.0,-842.5533957762528,-0.0,-522.3103673525495,-1336.1299808660008,840.4030320056141,757.0561519663012,771.1580254205517,703.1181432268497,732.8548823625653,-0.0,-0.0,-0.0,-0.0,-0.0,-0.0,-374.8206426903872,-0.0,2182.5221253194445,1008.7303310953101,1212.930525927483,-0.0,-0.0,-1302.820349784136,82.90721208867984,-66.64282653450393,-2487.8104871927367,-0.0,-1972.9535190307683,-0.0,-0.0,-0.0,-0.0,-687.438797172797,-0.0,-561.9599444177105,-587.6124700165678,-403.33500433645617,-0.0,-17.410626811138023,-0.0,-874.3317001102151,-0.0,-2373.176488377965,-641.8918929986996,1811.4664602915727,-2224.794174420641,-1006.2133911005056,-72.6527299457669,-876.0739423117452,-0.0,-556.7674458513173,-83.41750948935037,-2535.082498424828,663.8436376970171,94.38633539276465,622.0737185335207,1316.9149994617514,-0.0,-326.8671731538255,-26.3141122551066,-1109.2919251651313,-1283.323203505142,-1507.4294298018706,-1942.4476593186462,-0.0,770.4109348828223,-0.0,-402.36828529805405,-2409.031396902357,-1395.4380304271403,-0.0,-1341.6136259989826,-412.43195787040725,-623.6482709795197,-761.4576316019277,-354.29285940668575,-1438.1099398435933,-0.0,-2268.0708279818023,-416.01410397363236,-1584.015274316926,-330.69156295715015,-0.0,-0.0,-0.0,-0.0,-1354.4748706674416,1234.727818605525,-1151.1329296972872,-639.5848589357802,-0.0,30.905453290391634,-0.0,-0.0,-812.6564942178235,-749.8547916527683,-792.9819104714541,-674.4132828295706,-0.0,-0.0,352.4532379460099,246.25200071641143,618.1634208878236,-0.0,-609.4664941593768,-1989.2931581097444,-1320.8850304572823,-4.522367934729533,-1716.3744226902209,-0.0,-0.0,-0.0,-600.6222705223717,-904.7985852957728,-0.0,-1406.3514501181876,-0.0,-2763.4640981382963,-3833.128023025744,-0.0,-20.257979132247353,-0.0,-787.7596915161988,-0.0,-0.0,-0.0,-2253.5106789217293,-1165.861871406572,-634.4734553786277,-912.9891111694978,-0.0,-0.0,-2219.1454046300237,-0.0,-570.0200321433765,1218.86550269789,-942.9415001960598,-793.7162368213665,-580.198770325663,132.73910353842388,-0.0,-0.0,-1401.8237435554654,-0.0,-756.8353644854135,-71.47124915664118,-378.86101906092216,-356.8724160077374,-0.0,-0.0,-237.65446670519793,-667.1079580521952,-1097.899091339377,-653.2638259097226,-1109.9906563077334,13.562441512093283,-0.0,-135.96518324538624,-2173.374238206639,-1315.379680259202,-0.0,-0.0,-0.0,-594.2336993621931,-630.7275533139585,-1630.0705038925316,-0.0,-0.0,-0.0,-0.0,-0.0,-1554.5529191592639,-741.2273284944946,-0.0,-606.4027738436971,-0.0,-18428.40386211088,-850.5868361735395,-123.79159162460039,-632.4834076983584,-0.0,81.88013587395811,-1333.802215082906,-2688.093993284614,-0.0,-0.0,-0.0,-811.17426442246,-535.533294185487,-1149.6995922402489,-1049.8925651092004,-592.5980748277361,-0.0,-0.0,-1804.45449431633,-601.1852845428058,-2390.250811784811,512.0309341731049,-2474.821934568392,-0.0,-0.0,1718.6303538496468,-1624.669774605295,-0.0,-247.42371110139715,-367.67778752409646,-659.7816318519518,29.579513165429198,-929.9793882387245,-0.0,-0.0,-1428.381643605454,-1331.9103132331554,-2557.959641001255,-0.0,-0.0,-2532.195023847456,-740.6004805634025,-752.6471881875099,-2562.211301218378,-1508.0121116278244,-0.0,-0.0,-1098.1980581178018,-0.0,-92.68437217152093,-1617.5367111611824,-1858.772151517514,-0.0,238.77291639562335,-802.8772177859506,565.1220738887588,-273.812686002283,-256.3214875905828,-0.0,-470.3952891785084,230.0547954913973,334.1678933923929,-476.0291768404401,-2604.8862720615953,-2081.8036619733666,-89.79402756256306,-4637.8006513598475,-606.1150747246797,-1178.1325468321672,-51.27359767414223,-3927.255671674354,-349.06331008589615,-668.8865726683425,-317.897259319657,-1675.3633186528798,-1041.4018055414422,-3570.0027752296737,-5594.181569645399,-87.78134871231198,-707.2276719935466,-1777.3346890853152,-1227.375557971534,-0.0,-3531.922117293031,-0.0,-283.99417785613844,-1590.8771973056037,-1432.9181701945179,-0.0,-0.0,-978.5856822495272,-246.1776358353196,-0.0,-1433.138009868612,-0.0,-696.3790010209171,524.154754945688,-2339.3190969942957,-492.954558829943,27.316481041827334,-13.799877654186965,-0.0,-1950.6350317898991,-590.7218742232856,-0.0,-135.47395106669512,-0.0,82.58996728841281,-186.78328179330074,-0.0,-390.7109684887798,-1445.0377775085378,-462.4935022494682,-816.2964130597113,-2278.2755266844974,-0.0,-4181.39969924712,-1809.389159983157,-2542.527221071963,-2308.937514628922,-75.63178693980659,-233.54240689730867,-660.361429677729,-1525.5078539509698,-0.0,-0.0,-1291.7582621360252,-199.9445553758694,-0.0,-80.46622645975332,92.45350347703337,-2318.9996723939175,-0.0,-0.0,-1352.1697108770422,-0.0,-77.86629696547986,-0.0,-46.25900228388315,-151.3719790635474,-0.0,-390.628987492154,5953.605031390272,-0.0,-0.0,-2728.7971728474163,-809.2313302701251,-283.23141283872974,-0.0,-0.0,-0.0,-671.612265338325,-2211.8965110710537,-0.0,-0.0,-0.0,-2354.4742215156334,-0.0,-0.0,-0.0,-1637.2793423076614,-757.7496180459987,-310.9513736170971,-481.47342865516475,24.11737170973167,-707.3508909280428,-393.217038265598,-215.13869653138696,-2482.367521844917,-0.0,-0.0,-1298.6356434804454,-792.4683011322265,-2543.5039536906243,-0.0,-0.0,-2780.446970999572,-695.981035953027,-1602.2300826003893,-430.3982122196105,-644.4618813971331,-2414.39188794007,-851.8329973589713,-88.99852309769756,-851.0465162205999,-2074.768009199231,-1599.3157130454842,-1412.7392670062916,-0.0,-633.7830974019646,-0.0,-1617.8682164822126,-437.36372454688916,-227.42090616388472,-646.2924629596062,-894.9392027366118,-12.671113956457349,-0.0,-1224.4701658818115,-572.7448250025149,-45.516774155290356,1581.7363146422915,-77.39307268780975,-0.0,-660.1874935746202,-480.9524591061444,-0.0,-698.7859315308211,-1608.3587191640468,-0.0,-0.0,-0.0,-0.0,-423.77957820046197,-938.3441462753539,-329.0669666018351,-503.8529849984272,-354.205007589981,-1677.635617184636,-741.7601110551733,-1459.0743717304574,-2613.5125207723436,-2022.6588212189074,-0.0,1014.7437694530773,1025.0896505615754,576.7343172071313,787.6561086587259,452.9051824930035,-0.0,-0.0,-0.0,-0.0,-0.0,-0.0,-0.0,-0.0,-65.16598734631857,-895.7036493783343,-527.7131027315005,-283.9189187143578,-1228.4572777780882,-102.42432522326243,-371.1733649116134,-1183.5235228617419,-305.09082874547073,-1794.6091969400672,-779.9604232490993,-85.03409985936801,-387.4893740135163,-24.59289455832711,-0.0,-580.3801455385434,-175.22814131232366,-211.27359938921919,-758.1863659759346,-358.7657342462732,-1549.0357116191838,-304.2957632838281,-0.0,-0.0,-1948.3428689750742,-521.9937093783708,-338.21391169178446,-551.3437813775791,-929.8381015601036,-444.7266326328786,-415.02922442835836,-0.0,-657.270419261284,-702.2219396158407,-864.1554739762638,316.4055260466947,-1363.0194359690736,-2285.347844430986,-217.7951626270357,-681.8934704973461,-681.0886303276518,-13.603421759072406,-0.0,603.6999915809939,-815.2882058917854,-36.12401313067255,-1968.6343887566363,-0.0,-0.0,-1257.4753009977233,-504.43173682638593,-0.0,-608.5109947127282,-696.1957033149522,-810.4152528393633,-0.0,-719.0260075611441,-490.1057334346589,-2248.523892039876,-4317.618574500853,-395.2757285745319,-0.0,-83.1519460420696,-434.21764186713517,-1535.680303560715,-230.17689556320676,-584.0170024327542,-730.7782625963223,-764.3383167049993,-386.6842832442032,-0.0,-0.0,-1676.2756835720265,-110.96246211938713,-440.7055208468833,-800.927521753034,-1216.1127153426942,-2477.7650874387264,-0.0,-590.1205143521512,-0.0,-0.0,-0.0,-0.0,-0.0,-29.190131133831358,-186.65059442977685,-363.40269552856597,-0.0,-0.0,-0.0,-0.0,-0.0,-0.0,-1204.9477794645434,-2308.745376620084,-417.62627800436064,-504.44656294932906,-46.80671275771869,-0.0,-0.0,-440.2313380887072,-0.0,-0.0,-114.80725498340328,-2742.469139836166,-0.0,-0.0,-1507.734811615838,-578.2059697855493,-894.8418635104407,-1003.3830265216709,-731.0069779849964,-0.0,-0.0,-1191.5635916123865,-1851.9571724493328,-1000.7098281437821,-0.0,-1158.4653108782713,-0.0,-368.4463981278542,-736.3340919989416,-0.0,-682.3155573659008,-1819.7415245049751,-0.0,-1734.8966948198392,-181.59392680059892,-605.482632117746,-1403.5362891400275,-233.10111327924992,-1244.025862999535,-0.0,-1035.8577031625587,-27.908879119810006,-2407.854588680458,-1911.218631739146,-0.0,-0.0,-0.0,-0.0,-755.6229253261794,-829.9635431819727,-0.0,27.629148397067144,-372.4843412351906,-775.1925327915658,-2094.077928173691,-2323.55712541374,-386.3743397224454,-0.0,-1434.3116253261067,-865.3096337500111,-1753.837029754113,145.55544203246174,-0.0,-3432.6582907265406,-708.8730245491319,-0.0,-454.02856830940004,-1488.8355114997275,-0.0,-0.0,-562.010684592517,-1473.6420854348346,-0.0,-1106.9151526106377,-1323.0981189859076,-39.107096111861736,-85.18232266951831,-519.4642955721723,-0.0,-1517.9301008615457,-2675.617855453404,-1189.6052591335863,-183.53046246286456,-1946.961543232032,141.4116183392182,-879.5911020772176,-641.2790186921914,129.36103665902448,-882.8028585668122,-1498.0464721867563,-856.0947893538216,-1331.9602340361444,-419.66049203433147,-616.3185581830602,-781.3055188521286,-1589.651479599527,-0.0,-0.0,-1860.545063033257,-333.39276064010124,-0.0,-1537.0840975000872,-1267.5517152558837,-0.0,-2537.440618769241,-551.5865204343401,-0.0,-851.4515460347882,-0.0,-0.0,-1293.283119983377,-1042.9964521298061,-0.0,-0.0,-0.0,-759.6477109529561,-4.614963762467241,20.759957729243006,-260.1563470267916,-0.0,-2171.147376514097,-1522.6391543715833,-573.3464519883372,-2118.9706163958754,-0.0,-60.37323229100443,-963.9198493357729,-0.0,-438.982144073877,79.91104392071209,-1656.6545720302713,-1058.7543299568867,-700.1674006987058,-1308.6486121124335,-0.0,-0.0,-0.0,-817.3872252654434,-0.0,-399.78540388149617,-1000.5340937482529,-217.11463538814766,-1245.3473591298575,-2234.1828079721317,-571.0957606691936,-2144.8786226803168,-0.0,-1156.1719720145243,-752.542926171222,-522.3513577361962,-1303.8397484484226,-323.8530243604666,-531.2343968412373,-1540.3552823168227,-0.0,-0.0,250.0537047664865,-2818.579650376035,-1007.6180338843052,-274.6325594085952,-0.0,-379.0720080773441,-551.9330701129146,-661.9949459770752,-0.0,-0.0,-792.9354209752222,-0.0,-21.777919134536134,123.708159749569,-123.52704170764197,-2057.992256510116,526.3923285944824,536.311027426074,515.0719627980562,662.2979931832118,49.30118939983513,-0.0,-648.704363726694,-771.1199188970147,-365.8461381907056,-10.110474606787486,-0.0,-0.0,-0.0,-199.10043530941257,-13.819008377725215,-941.516299192994,489.99602660281226,2457.1105710840106,-0.0,-0.0,-0.0,70.73103363393646,81.35856568090642,-0.0,-3169.5232210132413,-0.0,-0.0,-0.0,-0.0,-0.0,-2519.3780685344746,-290.2341383040636,-0.0,-415.2611555452256,-2198.327015656929,-166.4276371357763,-330.57321480733816,27.121741879425635,-1778.5291087627143,-4446.254767311372,-2022.0058202742803,-0.0,-0.0,-1725.1298499255547,-1075.5537207591742,-755.788149420361,-428.1638037877075,-359.06399479350125,-1033.225128366122,-1045.6522018960018,-5119.537434325035,-694.2784434850917,185.29485218737113,-846.5853187834194,-1123.2607711676892,-639.9000841693291,-651.5259116405239,-7.818582814235523,-1666.8501276322602,-850.6814245895373,-605.2635373041658,-0.0,-0.0,-0.0,-0.0,-237.668806120822,-1253.0792800575198,-0.0,-1283.1598325545783,-1411.4001506021311,-0.0,-0.0,-1501.638263749866,-0.0,-0.0,-221.9982865556888,58.34636299495796,-0.0,-0.0,-3207.4730143916536,-1263.1603408282153,-99.82463294416192,-968.7884619130751,-1462.2887216913057,-0.0,-350.09599476377383,-519.9440193525268,-0.0,-1428.6872763624551,-348.9357035772964,-1202.2879117623324,176.7465557296267,-918.4497381976961,-209.06799650713145,-245.34256555964336,-55.38171230898895,-46.51164049081093,-631.0264837700281,-847.1989906247326,-525.6711748828014,-733.6428550994339,-0.0,-64.32288437853848,-756.9592045755402,-173.10674799960242,4.048788024305431,-0.0,-1040.5072650972336,28.021678226588964,-1354.7091536284124,-0.0,-0.0,-0.0,-1927.9902457180815,-0.0,-0.0,-82.65756092224638,-0.0,-0.0,-0.0,-0.0,-0.0,-0.0,-638.580217594409,-1674.0473650349318,-0.0,-0.0,-0.0,-0.0,-883.8482970021657,-493.8058578644245,-0.0,-0.0,-1927.9753040399048,-0.0,-1422.436259140724,-2791.4184885000764,-0.0,-0.0,-0.0,-521.7222922410439,-0.0,-0.0,-0.0,-1024.2400101319765,-785.4226544688264,-693.7443110963732,-0.0,-0.0,-233.87223762796708,-0.0,-4142.281487060329,-5614.014281315092,-0.0,16.036442733269936,-0.0,-627.1870278622679,-700.9441120381754,-2085.785820870949,-0.0,-0.0,-100.50151008171333,-718.6603786742552,-1421.1546125265872,-697.8499194154841,-352.96520967494945,-0.0,-0.0,-1261.3777415293491,-1017.8469789509411,-47.33086362220048,-0.0,-0.0,-762.0058659645449,-397.18857999383243,-88.11374015325359,-0.0,-0.0,-0.0,-2262.53416119302,-354.47397744574545,-1400.9932961567888,-4526.2607498466,-0.0,-1025.8824148512833,-1200.859320852068,-2493.100113387622,-353.9414013811239,-0.0,-0.0,255.59018422664457,-1233.6308825590088,-1920.8776852047865,-522.5164522409389,-156.31221215510035,-25.833487756970285,-1871.4992720765654,-434.08137970086557,-1838.3117564296685,-696.4957338800838,-2835.806172240233,4.024770255222999,-1032.273751119141,-919.6915106584305,-1934.4263788574015,-0.0,-0.0,-776.8601061856542,-1749.7931501263026,-1883.5075735349303,-907.4289301608959,-0.0,574.6927863273273,-71.50219323903389,-467.0266665316932,-0.0,-19.673846448433473,-0.0,-2566.7723146317844,-54.24839737042203,-0.0,-0.0,-778.249665765102,-1150.5971888643955,-841.2036829011387,-362.832390085827,-611.5492881023476,13.134142380810653,207.0079589510637,-862.6903854908438,-27.330398414094365,-1576.078555796492,-0.0,-1611.744793603612,-133.02624874206904,-790.0817553252707,-416.3645615165049,-25.279111048987215,-44.620484096544295,-21.015151584606496,-1300.9186217718866,-1015.2194424962198,-1469.399546396867,-266.3530805730845,-1442.2519310162115,4.04035521065851,-0.0,-797.1590855950452,-2786.274717915747,-0.0,-0.0,-31.15229365346766,-2181.057328701292,-197.67937018550495,-600.1211022377371,-387.00692787154003,182.09082116444702,-0.0,-0.0,-1319.1888834713848,-0.0,-0.0,-2260.5545924856424,-1646.7983540310393,-886.0130230306183,-791.4740701616048,-669.5329556956054,-945.8252478520268,-815.03182506837,-1355.4045534005568,-2707.811497743205,-0.0,-0.0,-0.0,-0.0,-316.7035720363737,-0.0,-2151.571683305998,-659.3458013467775,-885.0831852011282,-1025.2132434940381,-477.0097818167089,-0.0,-1470.0657420114649,-683.3560755087556,-0.0,-2691.6230964347183,-1510.11164216735,-0.0,-0.0,-2523.918902495975,-1786.3097025339002,-462.2913203103444,-841.5788903907821,-0.0,-556.2898717645654,-329.54691727116096,-0.0,-667.3313791004566,-572.0625177226347,-535.3456647060702,-0.0,-0.0,-0.0,-0.0,-406.4899098471073,-1286.6537200330295,-7360.951643569134,-0.0,-0.0,-763.64615517799,-737.5906824226688,-2012.5097387560145,-687.8493857744756,7.97035503806251,-477.7295953319398,-0.0,-672.5443744049285,-598.2009638191466,-0.0,-527.6840357219564,-1190.872713448391,-0.0,-0.0,-0.0,-0.0,-0.0,40.25018479846743,-2221.213387551411,-0.0,-1406.1997035180832,-935.0199303753856,-4.20835232328639,-1771.8808705425167,-1015.3635499211678,-1015.4614194633585,-1484.4426156602838,-81.84546408393454,-125.56526819968049,-1320.2246852447483,-736.5916105175168,-712.9895548431411,-0.0,-1537.483642056686,-1426.195092623548,243.65524303060843,-0.0,-645.9396683737341,-750.0568390901968,-1032.1176398228627,-68.865852270131,-0.0,-304.4553036137602,-0.0,-0.0,-2582.9998665388857,-2221.0781272466475,-2008.8054692923001,-1793.2828297769406,-0.0,-1306.1156672668687,-2153.9294064856513,-0.0,-5572.291089505516,-0.0,-0.0,-0.0,-0.0,-1100.7736252830562,-2574.588529467356,-2424.5928194468065,-95.57311061310124,-2067.244637533665,-0.0,-1027.6187092336722,-32.92420530115116,-0.0,-71.64533374194964,-582.2027732085475,612.5517998381301,-0.0,-483.54693873622836,-40.10671106536142,-0.0,-1510.8826563667237,-0.0,-2213.1359636369016,-150.87184303252087,-0.0,-0.0,-1115.3676246365858,-1659.4307951472485,-1092.3431453597598,-1297.7910669016594,-1351.6406925253557,1642.9702052197892,-60.63764083507593,-841.4117552843137,-37.7654985279523,-2594.4175841628994,-854.2830423811539,-908.598049975252,-487.6918192006477,-1711.205832703937,-1808.755962613834,-456.5204429443096,-2596.7287954747226,-348.91104186878056,-0.0,-0.0,-53.11938796284599,-0.0,-0.0,-0.0,-0.0,-0.0,-0.0,-1769.2404758257894,-648.4913664142249,-1239.9445321887438,-950.2352359201393,-0.0,-609.3404798309524,-1300.3322380143736,-1164.300787886039,-2321.437451597763,-1388.4771036920047,-92.26356818931463,-207.64334911228488,-1021.3375815290063,-1546.9426598870011,-0.0,-0.0,-0.0,-75.79903747248568,-862.9783985902612,-164.2563063134366,-517.9170880876245,-1062.6954655020202,-0.0,-0.0,-0.0,-4305.068021617197,-0.0,-132.5868993717491,-0.0,-231.4465642906417,-1199.7582175029745,-1291.9502276465728,-902.9748175100323,-0.0,-45.42317153385042,-602.3770006069301,-781.522061085664,-594.3687438904401,-0.0,-1118.6771283952387,-0.0,-0.0,-2886.026889688773,-0.0,-1462.1829681864692,-677.6612468414665,-440.0303382890481,-293.30109331370505,-1493.6038077721958,-2933.3007246812017,46.31427925767814,-2413.044430562254,-1794.722373787993,-463.9035058567658,7.897741026528133,-0.0,1561.9597466519292,1166.329208431685,1217.011283037221,-0.0,-0.0,-0.0,-929.0996807618762,-0.0,-306.1641203910607,-192.0868377209756,-0.0,-3852.059856381171,-0.0,-1513.5503898165014,-87.47812507696882,-1145.7995010705952,-628.5056538272664,-1570.694740218983,-1304.8048916164616,-0.0,424.997288874337,-2781.7005566560106,-1781.5198095998664,-493.1492957490866,-1299.431765779111,-1806.6971757202243,-0.0,-0.0,-295.1647983497581,-804.4877165299721,-2400.5457134995236,-868.6813407945737,-39.37952448226886,-0.0,-0.0,-743.2395718208882,-0.0,-0.0,-0.0,-222.0181969901359,-1501.8406633677732,1744.5437533780496,-1420.621838811812,560.2252133733913,-774.9050696225092,-1076.085548514991,-11.558137160663454,-5218.993774600223,-405.81409626296215,-0.0,-79.67302429914636,-2528.8743551729085,-1852.379913806519,-0.0,-28.990199639416414,-0.0,-689.2523152620613,-27.057051104126103,-2003.3334099988003,-1652.3357186401788,-0.0,-337.5875898886001,-0.0,-0.0,-0.0,-802.3620697836852,-1098.2545498234992,-452.56171359546113,-1215.0001210073283,-1882.04277392246,-1028.414274180649,-461.33731338224277,-517.9615986312712,-117.82487252323678,-1761.3242438311752,-661.2794541530927,-1078.5279853692234,-1308.6112138467895,-1551.9839940785548,-1484.0358574125896,-407.12271065930906,-1595.154549626181,-0.0,-0.0,-0.0,-2288.9585842568354,-0.0,-534.9153040983165,-1289.917468455894,-11.79026177997609,-835.4759569065476,-652.3083362249606,-1014.0210893529145,-775.25945281272,-214.79115313761758,-1999.510517401173,-5615.419396449786,-292.83197619636,-33.29819691780704,-0.0,-121.36101023859726,-7286.809951231806,-1959.5850228666282,-730.1105539102662,-2563.497016652497,-226.3309602476431,-0.0,-25.65557952080093,-720.2640085657944,-132.8255760698638,-1196.9771835398785,-1141.455357991846,-215.45971006096113,-0.0,-744.5592677096934,-2015.937019007059,-2075.9268018966354,-2025.6997109038016,-0.0,-1626.2786400807322,-0.0,-55.93224141595822,-929.2288876530129,563.3384997333552,-0.0,-0.0,-336.608190465882,-1066.8798670313304,-788.0664356970337,-1347.8858440545546,155.94074308271126,-1523.7420602635582,-137.89929637389793,-352.0267134835834,-2227.5904256046174,-2036.4809639778873,-405.33378251660554,-0.0,-0.0,-0.0,-0.0,-0.0,-2169.3629217216617,-0.0,-667.9976069278817,-854.0373491409604,-2753.7102278241487,-0.0,3.628461383635543,509.2118729470642,2177.6208901420305,-664.5160468253349,-1386.6341281284492,-0.0,-1411.2740203218614,-3848.720533703369,-908.0020417452571,-5850.832231131076,-1264.5666036176,-0.0,-812.6220521193636,-2488.9252831223157,-213.41477823070213,-0.0,1291.6880842954665,1441.0805235205028,1245.3909300447685,-0.0,-0.0,-0.0,-0.0,-92.14577710362876,-2470.8997332211015,-87.33629602211145,-0.0,-2127.1212712357087,-1221.6919280811771,-495.42049345753924,4.433377143662647,-0.0,-222.78271124961256,-850.9812485776206,-0.0,-0.0,-51.27584346869422,231.49448103271502,-2370.3824578047497,-0.0,-898.5492393636484,9.360352299862123,-78.35459757731891,-0.0,298.3599838129947,-101.12547111847881,-494.74355217989483,-1976.1984587697063,-0.0,-61.90062440878622,-1294.2543177977093,-1079.4645535506527,-46.11329400520786,41.55400538907482,-0.0,-1307.2829606561445,-833.4637971060706,-9.034935685182123,-0.0,-0.0,82.37236448153487,-253.06273856320695,-174.01503894417306,-88.0353886051911,-12.999921753714515,-190.27145040806664,-798.7691117697623,-1033.252260923068,-535.3936015361592,-0.0,-2317.943897434031,-1047.7993589056111,-0.0,-0.0,-1121.3182251495862,-2245.0647786123313,-646.186455940108,-7.919559652827534,-2858.6194416334088,-132.15112872709733,-87.68194402737143,-1154.3604835761105,-0.0,-383.10572785366736,-1544.2265713952518,-3.9381486011029225,-0.0,-3539.1706626492187,-165.64965607947465,-1626.0466126542012,-981.7539030306712,-1310.6736747969992,-2543.015586046249,-85.78651303903628,-897.9710268380381,-2028.2860169063285,-1282.0493211822338,-1290.5427932504936,-248.88673450089965,-1961.0812685296912,-0.0,-2826.035331648839,-0.0,-6860.868333772375,-245.78534081247255,-88.09946212663411,-1551.2689117230639,-0.0,-0.0,-0.0,370.1589718063415,49.262648331451985,-939.7610486619232,-1360.6419927886884,-463.5193088889196,-1111.4215567400784,-0.0,-0.0,-1585.7330513019647,-327.2207840293546,-553.6495123267773,-181.15032283177285,-0.0,-1708.587585212095,-368.22501111521996,-2059.474285150421,-0.0,-38.6746874217342,-0.0,-1972.4636124418323,-827.9265260852654,-1763.0648002943212,-0.0,-0.0,-1563.1818337816107,-542.7814433421624,-834.2347171236474,-1633.039443787292,-484.8636295276579,-1504.7517249919283,-0.0,286.90335899673704,-1316.5411449353799,-4485.326657365918,347.87430943962585,-1321.3524776433248,-8094.751574727732,-653.018305141177,-706.8563398332581,-238.72512488605733,-191.95763312196712,-992.9890899568442,202.41629021154313,-211.86341832416207,426.47628687353534,-1179.4431372345032,-605.4394272356938,-0.0,-1259.079048663201,-1965.5874663816285,-951.1865440827129,-414.3307101063051,-0.0,-0.0,-35.29488494228162,-1094.476213336649,77.19626920436961,-2277.5234435155876,-0.0,-0.0,-473.1322725930397,-643.9590823406282,-1028.1473803275198,184.46530687052604,-2774.0980637751695,-1522.9942889661468,-1342.5854523934704,-243.85455463215317,-0.0,-408.097871868509,-0.0,-622.4074689195927,-24.80699653424148,-1431.5414166779256,-532.6631534840841,-1105.4189373985246,-366.96063978900986,-337.92388519508165,-0.0,-1194.4608142472107,-726.2744694685207,-1313.4053624759317,-0.0,-3465.5501157236477,-1431.2852101880367,-1320.601446846423,-856.1126254766331,-1172.7477788627252,3.9892927823619577,-2324.7894054933186,-813.8743275723959,-1283.1289355187077,-2025.9903850200349,-324.2293205517001,274.83429699507474,-1132.7604656168323,-0.0,-0.0,-20.843116384145258,-63.50294078157072,-19.830958866225526,-280.1965765566849,-0.0,-0.0,-0.0,-0.0,-0.0,-0.0,-0.0,-0.0,-0.0,-0.0,-1511.0596621604707,-2519.495973380313,-2252.421960345406,-0.0,-0.0,1832.8530589967406,-488.1926509935409,-0.0,-527.0910497687441,-486.76712874682295,-1064.1646389421498,-1028.181057544664,-1214.8243595418437,-0.0,-681.8559286151371,-439.41004034784083,170.8444446003424,-0.0,897.6907506394081,-0.0,269.74831932504065,-0.0,-342.2585799601111,-0.0,-401.0268463953363,-1249.761917423734,-2087.620627533862,246.68197474223493,-0.0,-0.0,-0.0,-0.0,-0.0,-376.93183108960943,-88.63093598773536,-0.0,-0.0,-0.0,-583.4618571879248,-0.0,-46.04796513631018,-673.6123702004484,-3432.4461640203936,-0.0,-1402.9755000977898,-0.0,-639.4616942235311,-0.0,-0.0,46.254775897530834,-0.0,-173.26190798173116,-0.0,-0.0,-0.0,-1007.6692752491878,-1939.4139155725434,-0.0,210.53530372616132,-2478.516162228596,-0.0,-76.99395902262998,-284.8599471977954,-0.0,-0.0,-1566.5567988328896,-0.0,-969.1592632594819,-1385.479380053355,45.78179989704463,-2908.5212622387535,-1810.0639839488983,305.3657519062475,-729.7762009092934,-0.0,-1093.925208500447,-0.0,-0.0,-0.0,-3665.30367833881,-900.6501655795236,-1625.9490210100898,-0.0,-406.9565509332591,-4.172573832384094,-1373.5303227801155,-2107.8604597537765,79.83800840656666,-3196.098446664249,-0.0,-2023.6907873082282,-2704.5437941230525,-0.0,-0.0,-0.0,-0.0,-2481.9219915745616,-169.46131049253557,-1541.9990325449476,-0.0,705.9616473811785,1361.6604543556298,-0.0,-0.0,-958.1141493075957,-927.5237770767628,-350.56635776003264,-19.85073706805094,68.87037237606908,-0.0,-1313.5919276547065,-0.0,-301.2488013534915,-1073.1213190501207,1426.7134067991533,-0.0,-0.0,-0.0,1055.2448421080355,1069.5379817869532,-794.3328044137365,-0.0,-1422.7950078239232,-0.0,-1173.9808007165002,-744.8508560703895,-0.0,-0.0,-0.0,-0.0,-0.0,-60.53981726384718,-0.0,-0.0,-0.0,-1227.5804063946098,-298.06349966631524,-0.0,-0.0,-0.0,-153.7416414901036,-75.78172683826514,-679.5461609104842,-746.974057287587,-2568.0339231929147,-1164.9555341172618,-1035.9250494335333,-0.0,-2859.445365132157,-44.74890902023969,-0.0,-1012.7001355365552,-2532.434613383702,-761.8838946109345,-534.1220891176903,-1351.1455093303737,-282.70985517402397,-703.3297333867159,-819.8035393963676,-1135.6257869609765,-274.8025647303781,-1768.4739749493476,17.13758429113632,-402.90670544053665,-0.0,-0.0,-841.8903564371878,-3843.1727267123524,-0.0,-995.0090247095136,-543.7287857868669,-0.0,-380.5459991088209,-587.2720083730918,-814.6982237181086,-260.7836743030607,-0.0,-0.0,-0.0,-0.0,-0.0,-45.306950015064594,-0.0,-719.3309211456484,-0.0,-0.0,-691.0010878602642,-1102.7220974722673,-2710.9986256212915,-462.4384463049743,-659.1221165727142,-106.53286644179843,-2147.0511550957526,-0.0,-855.407649312444,-559.4433371083505,-475.511566101951,-1393.12012618566,-1052.0737162943751,-1649.6997540954117,16.02945448109693,-432.72423531303565,-0.0,-1153.209835993158,-1135.5453461458562,-145.76818180338537,3.913239875570298,-2663.0174225616174,-1193.7682855242317,-699.1616182637644,-0.0,-743.135780705463,-776.8054156070572,-565.5957437939209,-2282.672174269326,-3.8817474350091006,-0.0,31.862029137038114,-0.0,-0.0,-232.70680067691376,-4033.3799186094216,-194.35450910985355,-1662.1180021053933,-3599.650820084411,-0.0,-4880.499410121658,-275.04670062334645,-2128.61001539627,364.46429410066196,-0.0,1690.3690297581477,-908.8877632383509,-0.0,-2138.856028637236,-0.0,-75.04503378572576,-45.61493398982608,-0.0,-0.0,-0.0,43.44293185028296,-0.0,-0.0,-0.0,-637.7516245500872,-1423.3540481714426,-828.3009394882708,-0.0,-3498.543219425511,-0.0,-0.0,-0.0,-262.967219205336,-383.0858774291664,-0.0,-2348.3765463123236,-0.0,-0.0,-3558.960901744241,-0.0,-27.20727311923271,8.193894481919282,-485.1941841351315,-22.24107999004323,-0.0,-0.0,-254.42537612472876,-0.0,-0.0,-1400.8250618753957,-1311.7513261688482,-1431.317193652232,-0.0,-323.5928895805978,168.13652182301504,-389.39539626079545,-15907.898659361646,-0.0,-672.6681711979417,-1395.4962915972528,-694.0827556805824,-0.0,-35.993030702979766,-16.48654188154512,-268.05858363013266,-1110.1901030545657,-0.0,-0.0,-0.0,-538.462693261724,-2497.0401656388967,-1512.8597026641232,-0.0,-0.0,-0.0,-303.7508526779641,86.20671720885224,-8.793785122471398,-1294.22406901107,-0.0,-0.0,-1057.5098009507426,-0.0,-0.0,-0.0,-2708.514144158267,-1108.006361148698,-0.0,-1262.1705605366801,-630.562345093723,-243.68593070159505,-690.3213063137372,-1192.680936745881,92.56177686495538,-1306.123165579976,-1219.7825961130898,25.698582319468997,-1978.5674672820792,-0.0,-0.0,-0.0,-0.0,-470.54630140916606,-0.0,-0.0,-646.2999933122445,-974.9003984381822,-722.6682935720311,-0.0,1666.260646547012,1328.997445717102,1445.7364613600569,-0.0,-0.0,-0.0,-956.5832793090461,-42.45412452599678,-865.1995611537621,-81.02723318040907,-651.07105881088,-1851.0433375967305,-1289.356742521515,-2224.821774085345,-0.0,-0.0,-0.0,-0.0,-486.4780591155302,-816.014262722659,-1707.8171853270262,-458.7592045257459,-1571.1660003118993,-1805.2213194011124,-2244.6453431472805,-0.0,492.16352611067305,-460.1087021698436,-406.6588242905814,-133.81544732465596,-4833.145966747117,-72.59636038643232,-0.0,-923.254009747263,-1591.2219964110584,-0.0,-63.629188731388275,144.31379418987703,-88.38180090719433,-519.1076953525375,-2182.7789716575535,-163.9754241093487,-1914.27230051628,-0.0,-1978.2471218770847,-2020.6295576530517,-1371.7163176234405,-0.0,-1689.1585255306613,-371.85729613559454,-709.4772722404872,-1170.4813468432767,124.90807635815189,-1869.406591135545,-1435.795596009874,-0.0,-121.29776713756281,-0.0,-0.0,-0.0,-1116.3358104672736,-660.0170597019022,-0.0,-0.0,-0.0,-3569.120150093294,-1909.6802519679532,-0.0,-0.0,-4.188771365635142,-1618.809571821642,-915.3656395014864,-0.0,-802.3782531437961,-1368.7254231483394,-550.5378576266206,-25.687173576794503,-1068.6873094045582,-7.683194905176046,-1550.859722062118,-1759.5285233361826,-0.0,-0.0,-41.872805703279845,-0.0,-0.0,-1348.7903378530573,-88.44128130248615,-521.2699544348006,-0.0,-0.0,-0.0,-915.3579659824852,-327.72895966285705,-116.6989522876549,-485.3839340216053,-255.017058752539,-2154.589189891555,-355.6667393292335,-565.0325375342045,-1161.781436997043,-0.0,-404.5893106476452,-0.0,-2102.1176501611963,-1629.3647578290459,-1680.7651000474004,-430.4666096134867,-261.3583617844408,75.4226919319496,-1046.5533344601904,26.443875029646687,-0.0,-491.65445292640686,-0.0,-0.0,-493.77188089975584,-132.05295386089148,-2968.1081296163766,-3096.899145871967,-574.0576331667024,-0.0,-0.0,-983.3518334598947,304.26788842167537,-0.0,-0.0,-0.0,-1138.7014849306809,-51.41526141939506,-541.3347201419675,-4094.877611571561,-1516.1268969921557,-1211.4934268918507,-448.6588401107806,-194.55981853394422,-1297.7738671538352,-747.1782264048682,-570.5047125705289,-0.0,-718.1697503029678,-685.762491334927,-2032.895648399208,-0.0,4.584704425809535,-13.702880943394918,-0.0,-0.0,-1844.881314087435,-0.0,-4142.516831721349,-1307.0369480760723,2488.075755248974,3087.609099647722,-0.0,-0.0,-801.5162621824735,-1109.3497977298998,-619.062905651731,-361.3009318132491,-3325.294833310014,-682.8325520369222,-0.0,-0.0,-0.0,-1251.3297078595133,-765.2106978278696,-197.81260480131405,-2487.8089995063397,-1253.3650471229141,-28.98463500317636,-443.29211890676487,-1193.4056227032884,-303.7386873760646,-550.2261861867458,-0.0,-68.76138913053431,54.44042910557852,-1040.0823878092108,-165.71249045883098,-0.0,74.13495798806919,129.74277698431706,-195.1604838957166,-1346.357778647432,-2193.9494699349443,-63.10683222648644,-947.189992779147,-1555.4790532655425,-0.0,-0.0,-742.4561078512835,-0.0,-0.0,-0.0,-0.0,-728.6101355925435,-24.15264717108675,-1493.8715871115971,-1390.9496282091338,-2599.166368309776,-1347.2192434407805,-0.0,-668.7892252254038,-0.0,-1559.3062337214055,-1849.9907713154932,-1385.8169431308781,-1040.5235174840943,-0.0,-2241.0619250552345,-0.0,-0.0,-0.0,-3533.9057963597024,-1287.0749317131088,-304.2626303176221,-992.3136241232664,-905.9944982589133,-933.2795993667238,-0.0,-0.0,-0.0,-45.19655523212209,-5294.2807593905,-743.4415072894909,-2157.9118987534134,-3938.3368135805613,-2332.602485219951,-463.1224725530756,-0.0,-1839.848126921416,-803.1932221475031,-0.0,-367.14606835072163,-401.2000896406913,-41.34901782699413,-1109.5437468168168,-272.8480593292537,1486.0906432697998,-462.59369307651934,-0.0,-0.0,-1062.6928856769166,-906.6925609163018,-2673.605401754519,-293.6556675260473,-0.0,-0.0,-569.8831669186152,-0.0,-0.0,-0.0,-0.0,-1383.8948145953427,-710.3645623366099,-1464.825466641781,-494.8060825192454,-3.9648500559502153,-756.6262210541909,-0.0,-0.0,-0.0,-0.0,-2637.4458783155187,-0.0,-0.0,-0.0,-0.0,-0.0,-0.0,-800.9402872801015,-0.0,-2745.6516476241995,-558.1567600864597,-242.60875646870596,-1327.2784187040436,-0.0,-0.0,-1515.1299816281767,-1475.7712219263506,-3.940401865946201,-508.6852893536482,-60.05471830807337,-2005.2492270312189,-968.5312572897027,-0.0,-4112.250369891089,-1367.2777744911564,-0.0,-0.0,-15.5564953416204,-437.75083116624506,-1264.7076083362201,-0.0,-0.0,-25.34544055457935,-1568.3471068300987,-620.0245831204293,-350.2472816293617,-77.58885600865322,-1957.8213804386908,-0.0,-0.0,-0.0,-0.0,-0.0,-591.4663869176119,-515.4859175608748,-614.0142765960891,-4597.3662154764015,-1743.9760639780477,-1331.8796620204002,-105.18759380309262,-1160.251939851611,-1166.4633774417055,7.8691921016955835,-0.0,-0.0,-0.0,-624.5302146016095,-472.9120493605407,-1881.9265482091255,-627.072274249128,-0.0,-1719.271581633184,-0.0,-735.5980188391558,-0.0,-0.0,-2114.3637870223656,-571.2992402512577,-598.2855885772377,-1544.5122467484207,-127.97602885224678,-12.768823928808281,-744.9860115174622,-1531.7467622648933,-0.0,-483.66922064777805,-1304.4515389901617,-4156.08162617463,-0.0,-306.61681548801823,-2220.3859935301425,-1431.529669682767,-1359.9205111981278,-531.0287482429703,-1252.418292946807,-0.0,-363.816584612447,-0.0,-267.09656954572154,770.4244622162271,-0.0,-0.0,1052.7875535304338,-0.0,-2340.223464237293,-772.6444121957976,-1155.2867423073847,-1242.36167055894,-1597.9103709464425,-387.4867877251161,-153.7368991153374,-0.0,-0.0,-928.3079137963813,-1144.307685526307,-828.240490275464,-0.0,317.76982268498,354.3883998646613,-244.71624085872097,-2908.5295755880957,-2226.6227164025427,-0.0,-0.0,-1503.1530060086964,-4105.357577636361,-2780.302963440713,-546.021094321173,-1121.2220191972574,-1177.8348135579436,-0.0,-227.3522820370938,-0.0,-655.7869273705262,-274.7161840709491,-1742.8481102805656,-2800.3098423010547,-338.2335950077017,-559.3077097490308,-4835.050825077594,-1505.9321170579349,-599.0288354889213,-265.619486685361,-1611.5563720706114,-777.7553010182199,-4.22039627778757,-1659.8446956162663,-1668.1763013610616,-0.0,-0.0,-748.6300429959305,-1366.0098599215396,-367.431727997864,-4.063238664904374,-0.0,-0.0,-0.0,-0.0,-0.0,-39.70497725672238,-804.1882218236331,664.7384298131307,-473.8439271747145,-923.0083671416921,-550.2244223936727,-1016.1393340446278,-1677.506551373384,-1269.5154717886837,-1760.7712653167032,-283.92624621645643,-633.2684514029708,-1646.0197726808074,-753.8188861063342,-0.0,3027.5286182950817,-284.27565525266664,-77.8905128552724,-0.0,-1067.546299651174,-669.5103961232177,-1551.5696570148998,-1909.2600659791988,-2544.4674818341323,-0.0,-0.0,-0.0,-0.0,-1155.168247014296,-1696.3925310417367,-0.0,-958.0121398033018,-8.424120445350008,-0.0,-0.0,-0.0,-2919.385585865347,-920.4131702615161,-186.945096427813,-55.323161501669546,-0.0,-0.0,-1325.866867613088,-1514.3557371536056,-837.48180470883,545.7706109968547,33.129192570200594,-0.0,-23.208711259440623,-0.0,-1604.6185421803846,-555.1494969798031,-1450.5173736893164,-1745.3848698859858,-1813.7057384264351,-45.03133285435688,-0.0,-0.0,-2112.6521565448957,-378.74809612251437,-0.0,-0.0,-227.9488545447148,-0.0,-45.226318867367986,-0.0,-1492.7232405205089,-850.7242265700854,-0.0,-78.1788005540721,697.2194019798139,-0.0,-210.99209744745258,-2631.3212744593366,-0.0,-0.0,-784.8854554951662,15.597339546085475,-0.0,-0.0,-830.2563702692896,-1512.4100153811055,-0.0,-897.2450021745896,-0.0,-1188.8728819955875,1799.0903014029773,26.806164809027813,-1792.6969355656665,-1953.7710265160158,1162.1998119315622,-0.0,-2420.5898211937874,-813.562845408774,-1014.1336800058134,-0.0,-664.1614203728508,-141.44106447252042,904.3809698339282,-445.099755101748,-1593.2944944008818,-0.0,-0.0,-0.0,-947.75834160736,-653.1827926477611,-816.6456947054203,-1001.1260359608748,-1204.4066290209444,-29.56292124196215,-1180.5097612567588,-1118.085471352627,-1405.0853780512734,-0.0,-0.0,-525.3707185097022,790.3112633680495,-6954.538446474364,-0.0,-1314.6806838894086,-2027.2448357671162,-958.518489527157,-854.1368765773489,-68.47509301119521,-2892.5782600629573,-399.25427543625136,-0.0,-1127.4029702130838,-900.7010195836649,-688.5485172308584,-0.0,-1573.8605844687772,-2067.6699712058376,-30.65136552897347,-1216.87664504281,-2823.2327264812425,480.2550181009657,-0.0,-451.51272607590244,-170.10556943448896,-1285.260346966918,-1070.048136668612,114.40426779604532,-128.19747504120704,-901.5041683006715,-512.6574544885541,-580.2891415646633,-714.9384732541155,-578.9206257231498,-0.0,-1451.6352983179777,-0.0,-1225.7661077577313,-713.966990138644,-165.01241854264666,-0.0,-1768.6257990551376,-5136.872146808712,-0.0,-464.4305240310192,-0.0,-2678.716393677965,-253.42368563589088,-0.0,-418.59966921044423,-456.5855123791114,-0.0,-2284.730800270967,-1629.8762841035532,-0.0,-4489.45917788624,-126.91889658118063,-1364.4886838879156,-1502.452661254017,-1850.8909143135802,-121.17367414081346,-0.0,-1013.5532992496198,-2259.0292654697455,-612.4921226192185,-1062.5073771542343,-1155.5422261825943,-1871.9251292903582,-2553.5103041990624,-1023.441606564454,-1957.314679801363,65.69884472202592,-0.0,-309.0881570031739,-1335.2783617641235,-1135.7961972206565,-0.0,-0.0,-0.0,-444.9296193672494,-523.3750583480969,7.952917444337549,-618.0454679052617,-0.0,-1255.4141866371476,-782.7115160775394,-633.1252099250771,-0.0,-0.0,-307.0758185909167,-1673.0896039920885,-1060.8604017546677,-328.50995605335237,-967.6165838974424,-35.70217115226024,-0.0,-0.0,-3300.613801171676,-1191.3555369404444,-0.0,-0.0,-0.0,-93.44472741955846,-1122.488138248362,-53.31830137266887,-1893.0644275580582,-1836.7627046660596,121.35139087865086,-0.0,-616.0660928446698,-0.0,713.7883159828773,-135.1547238833112,-0.0,-1706.27963528827,-333.86950489243856,-1888.028973567248,-0.0,-1611.0426708298323,-635.6584545730987,-209.88508865713476,-13.124588982107735,-38.1791206274455,-0.0,-0.0,-745.7779753206024,-1374.645370898423,-0.0,-568.9070521656881,-0.0,-371.47443311314834,-557.8560564946799,-0.0,132.24915727471983,775.8225816830153,737.134958081748,898.7207146547196,792.2959636891811,837.717600989966,-0.0,-0.0,-0.0,-0.0,-0.0,88.0233845329033,-0.0,-0.0,-586.4357575099903,-161.29953199537496,-515.6422227958436,-92.78883845697062,-0.0,-980.7808823115473,-1680.9791101682874,-1817.6078158652797,-252.38646439925506,-219.26730604237568,-0.0,-0.0,-676.4666866640406,-0.0,-0.0,-0.0,-0.0,-3111.0951750430227,-0.0,-45.38339917230908,949.4921511512673,-0.0,-1108.2740062154846,-583.9393212360974,1646.6408339631873,-920.7723304104861,-0.0,-3325.9176540258704,-2162.7252610836395,-211.1005678821422,-891.2313642062446,-1393.9726704265277,-584.3003616071127,1241.572493451908,-80.94429279936992,-609.9322742285158,-0.0,-0.0,-538.7605159962213,-0.0,-821.0410495506884,-0.0,-479.7735761787277,-38.93608376800043,-0.0,-0.0,-1157.641193461111,-0.0,-0.0,-544.9433421717487,-1327.3759312956665,-1934.0802106093035,-0.0,-0.0,-0.0,-1785.0878442379976,-0.0,-1183.446612308884,23.42278502967205,-0.0,-0.0,-1226.935270878646,-936.9250478007569,-1329.290642446775,-393.08856128928875,-0.0,-1430.073764222516,-289.0591730633828,-0.0,-0.0,4.087268654318641,-39.36240240188067,-4780.585534612754,-0.0,-123.00033804996811,-32.519627066208365,444.6610004078481,-88.2890996140832,-1026.1080941685,-932.5087186847057,-463.5518659963487,-0.0,-0.0,-1851.458875751304,-0.0,-0.0,-0.0,-0.0,-0.0,-0.0,-0.0,-173.86210523581943,-0.0,-0.0,-2062.213106956954,-7519.625164337356,-121.67054623150831,36.44191901695719,-464.13210355792523,-733.8086307674691,-116.95023876751162,-4551.117091040637,-278.73947285565964,-317.87140273445397,-0.0,-0.0,-0.0,-2094.67194453385,-0.0,-40.238640386892456,-0.0,-0.0,-0.0,-502.90487269934704,-11.945843421856036,-285.73517735976964,-1535.9526620472757,-664.8908644711769,-76.50720001586645,-2669.237465871984,-0.0,-88.99180033368438,-2264.536472097024,-0.0,-1152.1391313974739,-78.44939871875987,-1614.0470904958797,-0.0,-0.0,-1130.0759144223873,-625.545698375802,-35.90253491771838,-895.4510776326349,-860.893146905276,-734.7358364275991,-175.01300816771797,-723.5770530701312,-756.5001304810802,-2343.410778969789,-1061.0899215071854,-0.0,-1619.2659489713699,-378.9506928716236,-711.4945196112159,-0.0,-0.0,-1047.4455431978317,-2436.752289584365,-870.7105033623973,-0.0,-0.0,-0.0,-4148.099845751301,-845.967230165947,-203.65786927797538,-348.4667066620531,-44.21592893609042,-3835.025626525399,-0.0,-0.0,-2362.551362155548,-888.142393844594,-0.0,-0.0,-0.0,-87.09160936651419,-0.0,-1962.823714254461,-1875.3958032939938,-0.0,-347.5300680652071,252.19342647164606,-0.0,-0.0,-0.0,-1048.3034595849122,24.72953371459989,-2520.207815148532,-581.6967150082005,-1174.563444726906,-709.0817713297184,-3715.5275942261806,-1710.9978942649282,223.55768068975974,-0.0,-3244.615982713913,-0.0,-0.0,-0.0,-1329.1538357341612,-784.6355546959815,-1614.2332258407464,-0.0,-0.0,-910.30876794042,-1568.820612473196,-709.276996417225,-513.5519886185872,-0.0,-0.0,-1345.795959939447,-0.0,-0.0,-0.0,-0.0,-0.0,-0.0,-575.982431937499,-78.48490596682116,-1383.374452706706,-0.0,-714.664409771017,-1258.8652365915789,-35.55773977343519,-0.0,-0.0,-0.0,-0.0,-0.0,-0.0,-0.0,-0.0,-0.0,-0.0,-1203.6621239173771,-2065.0030163222245,-0.0,340.049682291172,-0.0,-700.7769129955853,-103.38228655524583,-0.0,-789.2146946240499,-457.90747015983675,-90.66473015726226,-2066.1812702360403,-520.4006544990149,-2987.1799154083665,-183.62021709952234,-2318.487087549122,-1894.9562401168628,-932.3383160999557,-4.553760739981608,-0.0,-1166.62152823928,-2278.39748989817,-2571.3246321432885,-80.20285663442567,-247.5436275203586,-1810.198155219703,-0.0,-2756.646602790829,-411.33472769712535,-0.0,-1772.771362302748,-0.0,-841.4456130204786,-0.0,-2594.124754151572,-0.0,-0.0,-93.17438919938408,-1094.3519725889944,-570.4537881011336,-0.0,-1457.7033291679768,81.06016344387058,384.2409936391899,363.4241403979942,-282.9112715081314,-1801.6934533970625,-634.2992052381119,-0.0,-0.0,-5578.771958855646,-1169.2043999399386,-0.0,500.3053225865142,-0.0,-2021.3065017235797,-537.1644784416582,-731.4994019207492,-0.0,-0.0,605.9782121265008,-0.0,-917.3526666917962,-1295.3903888775208,-1954.28395018674,-0.0,-634.1098617996872,-3252.3065939204103,-1046.584427471043,-0.0,-1478.2370515824575,-138.98991820295447,-1228.559193763096,-0.0,-991.6122688115807,-0.0,-0.0,-0.0,-928.0351926724478,-0.0,550.5984515476673,-0.0,-402.55368169106663,-786.2678955510912,-460.3075783023169,-1092.1199505273557,-657.611992128662,-1907.4241738958353,-1270.530706534314,-0.0,590.9358503341437,-2464.07993310441,-1680.4325928067642,-736.3670657069662,-0.0,-0.0,-0.0,-154.9071870154741,-1145.8398019592062,-315.1574836124115,-881.9197798125374,-2188.077164494641,-3026.1113521986895,148.67296287275332,844.6834710594,728.9471350589569,-0.0,-0.0,123.54399304553806,-33.17812534529255,9866.861406587344,11579.1251377284,6004.5853894409165,11176.88876542958,10891.474241870963,10005.738765961249,-0.0,-0.0,-0.0,-0.0,-0.0,-1511.4255764128284,-1445.8920786253864,-975.7183021613424,-0.0,-2502.554339052307,-629.4159542013884,-1094.4859768782023,-34.289963880710026,-750.3972189751526,-1436.8948433128585,-1129.052876127247,-1257.0412890439452,-0.0,-3104.395547228499,-1927.299986953998,-699.0165893302777,-127.44464651296781,-3450.6439712517367,-0.0,-234.32820513612697,-0.0,-11.843126674093973,-0.0,-118.75992709481423,-300.55156409410534,-1140.8081748012994,-877.0239412525899,-0.0,-0.0,-0.0,-2484.8900223650608,-0.0,-0.0,-261.06768947769353,-1054.8749542360035,-1089.854189543309,-90.2597659196041,-1343.606327868821,-1847.7888777118746,-336.1019901794313,-0.0,-0.0,-119.39893313704998,-1283.137847648629,-346.11013746028044,-0.0,-5927.797117441068,307.0235911251,-0.0,-0.0,-0.0,-37.01076136149284,-460.94595552859556,-0.0,-0.0,-1275.2773952047487,-2407.331184038134,-1349.391613256659,-415.441349635224,-471.67000073811397,-504.08737972575307,511.9950252912863,-1447.7755749383807,-0.0,-588.1884175661381,-2788.821202893832,-517.520484867536,-9.129944923357385,-0.0,-5.6363246319287725,-0.0,-0.0,-0.0,-1288.837164230795,-424.62604715419377,-1453.7750722877452,-0.0,-0.0,-0.0,-274.1770189971784,-547.8412969852766,-1527.7133422263978,-2998.7085080544653,-402.0061306295992,-206.92008569038356,-0.0,890.8945520389684,-0.0,-1234.3818963924534,-170.02508155169815,-0.0,-0.0,1048.1596579579539,-0.0,-1674.310621228852,-0.0,-0.0,-0.0,-211.6764875417449,-2133.1512705232026,-1767.7316539307521,-27.652495652310442,-2450.9909220714267,-1642.1223574879941,-28.060356831568434,-27.6180759134624,-77.75517585307207,-0.0,-0.0,-2169.951878871656,-0.0,-6090.157438979982,-0.0,-1613.6144196312632,-279.18623671961916,155.54772204515237,-0.0,-59.81695258829387,-1418.9227884226755,-1601.4896466647403,-565.577149554221,-38.25692957924874,-276.2102999497809,-0.0,-0.0,-0.0,-0.0,-1292.30549678081,-929.2278520873487,-0.0,-610.8240335944803,-1333.881994893552,-195.51656447081436,-81.20372437097254,-0.0,-0.0,-0.0,1007.8593784502935,-4.263417851144694,-0.0,-550.8594507753547,-908.8566506052688,-1505.6067400880795,-0.0,-0.0,-2543.6420652816337,-0.0,-0.0,-0.0,-0.0,-703.0394286470688,1064.5440559499862,1130.4561808856863,1287.8634618225003,-0.0,-0.0,-0.0,-628.8383685236738,-0.0,-0.0,-388.2153368714934,-705.727956086738,-0.0,-197.27414563906598,-1455.4512781389274,-1386.3970146586105,-0.0,-0.0,-0.0,-11.679933632665364,-1552.6966444452878,-3.9076030275783515,464.4773645800526,-0.0,-1818.8187072651183,-934.6263159275699,-643.4992019747057,-1778.0081135380938,93.65522264714853,-281.0155461636408,-21.32610662173664,-470.5555999762908,-448.21956053705907,-1149.7219513198004,-396.91295018379395,894.8231881497198,-1371.7286555683927,-235.31691203690283,-176.22548275423247,-4210.5791934898825,-2567.6666750995464,700.096160417783,-1044.3431161719225,-198.97041737246485,8.436875272705775,-786.689142227229,-1106.437391932065,1945.3923703614387,-686.6657608400287,-723.9603114738813,-742.8047853360783,-0.0,-7264.320237294119,-0.0,-549.2094192210387,-978.4041725969922,-695.2305176812929,-975.8762736606558,-1313.784047235677,-0.0,-1024.2460386934129,-170.59016040146557,-87.86236267724799,-7558.783410489164,640.1251024891656,-179.94727213476102,-0.0,-631.8237755167553,-1364.5607477351718,-0.0,-0.0,-527.8496892461305,-1920.2053944659456,-77.38062351177753,-241.63960537957448,-284.3540304943828,-1292.084964387933,-0.0,-0.0,57.242971159019284,-0.0,-0.0,-1872.5213243613036,-0.0,-1916.2672754405326,-1025.136248236035,-1370.484187160707,-0.0,-0.0,-555.9078653857656,-949.2876559334599,-137.33925120012006,-0.0,-495.0200775970631,-157.65034687624177,-549.5554013567947,-0.0,-225.8452232327637,-531.6295873259188,-2401.9087961796668,-1040.7544663132487,-1495.2569448138402,-0.0,-0.0,-1522.788309729554,-19.54831189003405,-0.0,-0.0,-1228.223065515027,-0.0,-0.0,-0.0,-0.0,-0.0,-0.0,-0.0,-0.0,-0.0,-0.0,-115.66697266208037,-0.0,-0.0,-0.0,-0.0,-0.0,-0.0,-0.0,-0.0,-0.0,-0.0,-0.0,-338.1653959663467,-0.0,-0.0,-0.0,-0.0,-0.0,-0.0,-0.0,-0.0,-0.0,-0.0,-0.0,-0.0,-0.0,-0.0,-0.0,-0.0,-0.0,-0.0,-0.0,-0.0,-0.0,-0.0,-0.0,-0.0,-0.0,-0.0,-0.0,-0.0,-529.1919062535634,-0.0,-0.0,-0.0,-0.0,-0.0,-0.0,-0.0,-0.0,-0.0,-0.0,-0.0,-0.0,-0.0,-0.0,-0.0,-0.0,-0.0,-0.0,-0.0,-0.0,-0.0,-0.0,-0.0,-0.0,-0.0,-0.0,-0.0,-0.0,-0.0,-0.0,-0.0,-0.0,-0.0,-0.0,-0.0,-0.0,-0.0,-0.0,-0.0,-0.0,-0.0,-0.0,-0.0,-1521.2227640971832,-568.7635741281711,-1985.9420488125556,-0.0,-0.0,-0.0,-0.0,-0.0,-0.0,-0.0,-0.0,-0.0,-0.0,-0.0,-0.0,-0.0,-0.0,-0.0,-0.0,-0.0,-0.0,-0.0,-0.0,-0.0,-0.0,516.5512376812721,-0.0,-0.0,-0.0,-0.0,-0.0,-0.0,-0.0,-0.0,-0.0,-0.0,884.16088727411,-0.0,-0.0,-0.0,-0.0,-0.0,-0.0,-256.66268410730106,-0.0,-0.0,-0.0,-0.0,-0.0,-0.0,-0.0,-0.0,-0.0,-0.0,-0.0,-0.0,-0.0,-0.0,-0.0,-0.0,-0.0,-0.0,-0.0,-0.0,-0.0,-0.0,-0.0,-0.0,-0.0,-0.0,-0.0,-1080.5176227867642,-0.0,-0.0,-0.0,-0.0,-0.0,-0.0,-0.0,-0.0,-0.0,-0.0,-0.0,-0.0,-0.0,-0.0,-0.0,-0.0,-0.0,-0.0,-0.0,-0.0,-0.0,-0.0,-0.0,-0.0,-0.0,-0.0,-0.0,-0.0,-0.0,-0.0,-0.0,-0.0,-0.0,-0.0,-0.0,-0.0,-0.0,-0.0,-0.0,-0.0,-0.0,-0.0,-0.0,-0.0,-0.0,-0.0,-0.0,-0.0,-806.4098099525721,-0.0,-0.0,-0.0,-0.0,-0.0,-0.0,-0.0,-0.0,-0.0,-0.0,-0.0,-0.0,-0.0,-0.0,-458.3555900993185,-0.0,-0.0,-246.69675319537455,-0.0,-0.0,-0.0,-0.0,-0.0,-0.0,343.37258073896766,-0.0,853.3082113968416,-0.0,-0.0,-0.0,-0.0,-0.0,-0.0,-0.0,-0.0,-0.0,-0.0,-0.0,-0.0,-0.0,-0.0,-0.0,-0.0,-0.0,-0.0,-0.0,-0.0,-0.0,-0.0,-0.0,-0.0,-0.0,-0.0,-0.0,-0.0,-0.0,-0.0,-0.0,-0.0,-139.82649323554625,-0.0,-0.0,-0.0,-0.0,-0.0,-0.0,-0.0,-0.0,-0.0,-0.0,-0.0,-0.0,-0.0,-0.0,-0.0,-0.0,-0.0,-0.0,-0.0,-0.0,-0.0,-0.0,-0.0,-0.0,-0.0,-897.7613192249356,-0.0,-0.0,-0.0,-0.0,-0.0,-0.0,-0.0,-0.0,-0.0,-0.0,-0.0,-0.0,-0.0,-0.0,-0.0,-0.0,-0.0,-0.0,-0.0,-0.0,-0.0,-0.0,-0.0,-0.0,-0.0,-0.0,-0.0,-0.0,-0.0,-0.0,-0.0,-0.0,-0.0,-0.0,-0.0,1299.114353417777,-0.0,-335.0978853777565,-0.0,-0.0,-0.0,-0.0,-0.0,-0.0,-0.0,-0.0,-0.0,-0.0,-0.0,-0.0,-0.0,-0.0,-0.0,-0.0,-0.0,-0.0,-0.0,-0.0,-0.0,-0.0,-0.0,-0.0,-0.0,-0.0,-0.0,-0.0,-0.0,-0.0,218.82636896822913,-0.0,2134.7763322652636,-0.0,-0.0,-0.0,-0.0,-0.0,-0.0,-0.0,-0.0,-0.0,-0.0,-0.0,-0.0,-0.0,-0.0,-0.0,-0.0,-0.0,-0.0,-0.0,-0.0,-0.0,-0.0,-0.0,-0.0,-0.0,-0.0,-0.0,-0.0,-0.0,-0.0,-0.0,-0.0,-0.0,-0.0,-0.0,-0.0,-0.0,-0.0,-2524.009858467138,-1500.5748020296542,-0.0,-0.0,-0.0,-0.0,-0.0,-0.0,-0.0,-0.0,-0.0,-0.0,-0.0,-0.0,-0.0,-0.0,-0.0,-0.0,-0.0,-0.0,-0.0,-0.0,-0.0,-0.0,-0.0,-0.0,-0.0,-0.0,-0.0,-0.0,-0.0,-0.0,-0.0,-0.0,44.686087473360644,-0.0,-0.0,-0.0,-0.0,-0.0,-0.0,-0.0,-0.0,-0.0,-0.0,-0.0,-0.0,-0.0,-0.0,-0.0,-0.0,-0.0,-0.0,739.57996431413,-0.0,-0.0,-0.0,-0.0,-0.0,-0.0,-0.0,-0.0,-468.8569405128969,-0.0,-0.0,-0.0,-0.0,-0.0,-0.0,-0.0,-791.7845740275975,-0.0,-0.0,-0.0,-0.0,-0.0,-0.0,-0.0,2316.2020141842254,-0.0,-0.0,-0.0,-0.0,-0.0,-0.0,-0.0,-0.0,-0.0,-0.0,-0.0,-859.4769697935145,-0.0,-0.0,-0.0,-0.0,-0.0,-0.0,-0.0,-0.0,-0.0,-0.0,-0.0,-0.0,-0.0,-0.0,-0.0,-0.0,-0.0,-0.0,-0.0,-0.0,-0.0,-0.0,-0.0,-0.0,-0.0,-0.0,-0.0,-0.0,-0.0,-0.0,-0.0,98.00406972914557,-0.0,-0.0,-0.0,-0.0,-0.0,-0.0,-0.0,-0.0,621.0672896666163,-0.0,-0.0,-0.0,-0.0,-0.0,-0.0,-0.0,-384.77065571204844,-0.0,-0.0,-0.0,-0.0,-0.0,-0.0,-0.0,-0.0,-0.0,-82.16291576642774,-0.0,-0.0,-0.0,-0.0,-0.0,-0.0,-0.0,-0.0,-0.0,-0.0,-0.0,-0.0,-0.0,-0.0,-0.0,-0.0,-0.0,-0.0,-0.0,-0.0,-0.0,-0.0,-0.0,-0.0,-0.0,-0.0,-0.0,-1902.9817054331813,-0.0,-0.0,-0.0,-0.0,-0.0,-77.3346222934663,-0.0,-0.0,-0.0,-0.0,-0.0,-0.0,-0.0,-0.0,-0.0,-0.0,-0.0,-0.0,-0.0,-0.0,-0.0,-0.0,-0.0,-0.0,-0.0,-0.0,-0.0,-0.0,-0.0,-0.0,-0.0,-0.0,-0.0,-0.0,-0.0,-0.0,-0.0,-0.0,-0.0,-0.0,-0.0,-0.0,-0.0,-0.0,-0.0,-0.0,-0.0,-0.0,-0.0,-0.0,-0.0,-0.0,-0.0,-0.0,-0.0,-0.0,-0.0,-0.0,-0.0,-0.0,-0.0,-0.0,-0.0,-0.0,-0.0,-0.0,-0.0,-0.0,-0.0,-0.0,-0.0,-0.0,-0.0,-0.0,-0.0,-0.0,-0.0,-0.0,-0.0,-0.0,-0.0,-1417.668556745261,-0.0,-0.0,-0.0,-0.0,-0.0,-0.0,-0.0,-0.0,-0.0,-1998.1194350912072,-0.0,-0.0,-0.0,-0.0,-0.0,-0.0,-0.0,-0.0,-0.0,-182.53046908706204,-0.0,-0.0,-0.0,-0.0,-0.0,-0.0,-0.0,-0.0,-0.0,-0.0,-0.0,-0.0,-0.0,-0.0,-0.0,-0.0,-0.0,-0.0,-0.0,-0.0,-0.0,-0.0,-0.0,-0.0,-0.0,403.4725204888917,-0.0,-0.0,-0.0,-0.0,-161.31365494101823,-0.0,-0.0,-0.0,-0.0,-0.0,-0.0,-0.0,-0.0,-0.0,-0.0,-0.0,-0.0,-0.0,-0.0,-0.0,-0.0,-0.0,-0.0,-0.0,-0.0,-0.0,-0.0,-0.0,-0.0,-0.0,-0.0,-0.0,-0.0,-0.0,-0.0,-0.0,-0.0,-0.0,-0.0,-0.0,-0.0,-0.0,-0.0,-0.0,-0.0,-0.0,-0.0,-0.0,-0.0,-0.0,-0.0,-0.0,-0.0,-0.0,-0.0,-0.0,-0.0,-0.0,-0.0,-0.0,-0.0,-0.0,-0.0,-0.0,-0.0,-0.0,-0.0,-0.0,-0.0,-0.0,-0.0,-0.0,-0.0,-0.0,-0.0,-0.0,-0.0,-0.0,-0.0,-0.0,-0.0,-0.0,-0.0,-0.0,-0.0,-0.0,-0.0,-0.0,-0.0,-0.0,-0.0,-0.0,-0.0,-0.0,-0.0,-0.0,-0.0,-0.0,-0.0,-0.0,-0.0,-0.0,-0.0,-0.0,-0.0,-0.0,-0.0,-0.0,-0.0,-0.0,-0.0,-0.0,-0.0,-0.0,-0.0,-0.0,-0.0,-0.0,-0.0,-0.0,-0.0,-0.0,-0.0,-0.0,-0.0,-0.0,-0.0,-0.0,-0.0,-0.0,-0.0,-0.0,-0.0,-0.0,-0.0,-0.0,-0.0,-0.0,-0.0,-0.0,-0.0,-0.0,-0.0,-0.0,-0.0,-5689.578981735436,-55.32618442208432,32643.986325039954,-3664.4847572596136,-4072.2278072524578,88465.02199498618,-0.0,-6757.72440815031,874.0026793053715,1867.6397227870184,-26894.018905907444,-0.0,-5210.073512557487,-0.0,-0.0,35579.02652134773,-13151.823663996543,4072.1507902617727,6634.992867882077,-4785.712905844099,-25712.69648566936,-9801.823299329682,59.96430521116847,-105.07544423341785,-7282.147322352098,-0.0,-13648.990461777312,-20858.965934311196,16341.048310187913,-597.0671406461655,8.538170537442712,48199.65168091023,-3295.3872705983763,-113969.98456732958,-3237.928224778386,-23161.86315202725,-17747.04871556157,-6730.507930808019,-6044.863502040288,-15457.26594058914,12374.901593419741,-2491.3659526193883,-4415.972110495399,-3854.9113610475515,-13248.31977617314,7562.825177116681,41372.6012058849,-901.3773808968032,65.37569901511456,21602.98300603046,5907.883366729069,-572.3593889035063,16121.036176449792,8396.730177924079,-5876.074373760237,-8259.46721585839,-4185.42116748408,431.5115377914697,-0.0,-0.0,-289.8932658282335,-8774.654151475854,-3549.132607253133,-3252.823426849635,-1625.637189174599,-4966.812539129432,10151.33396598778,4547.597364297629,-8866.475590018057,21629.23956762649,-22013.9034369657,-35004.700451953744,80552.30721733037,-22489.047699008315,-9201.470099264305,-2363.5506555370202,-3784.4022717079642,-5941.705482600298,-5823.661747155517,-37698.31381535926,-0.0,-13806.972772001438,-0.0,3096.2628576281663,-0.0,-0.0,-14321.404567892503,-1451.5356717223992,-0.0,-0.0,4091.37193628214,-0.0,-0.0,-0.0,-7608.42320379369,-4713.60060905885,-7827.986873023273,-9104.065358979607,9201.008911801562,-0.0,-30551.682868951593,43419.30304197041,-0.0,-0.0,-19504.040469642285,-11585.362899950553,185.61539300419065,53.225237866984074,-0.0,60406.181816800374,-0.0,-0.0,-0.0,-0.0,55201.93985371011,-1086.2062381343558,-0.0,-10474.73262055946,-0.0,-6756.536888642086,-1389.6270459959046,-3593.6213573524014,-17504.227058188968,12704.52534435833,-1502.5807697425473,-9262.223900096844,-0.0,-0.0,-4992.386184951717,-6946.268357515949,-11482.389385419454,57310.242382394565,-0.0,-202.57591391726962,13267.647324957052,3948.4392678118315,-1980.5182528360444,816.3453200389458,5410.3970905061615,-3638.0747833290725,-96.24354243750925,-19287.854265193317,484.66385561739213,14762.420972954282,-773.523623208861,13026.162770305644,54443.86588534162,2898.3234582694145,-74.2468888504385,9540.805589869886,-1986.5805815437586,-8347.833577934125,-9639.64491162063,-17706.01367803059,-0.0,6900.778181672281,17789.384188485095,27243.006181036875,-11201.592318873001,7563.609530130386,9655.925889415155,-9675.3378780905,18122.83040448446,-15927.389595633265,-0.0,4897.021753012134,-12905.635630159664,-19723.16889585039,-8256.33373661927,24324.10439120131,3487.716736102598,-0.0,-5960.985378734126,-0.0,-2920.4207995998595,102.28256670988172,-4170.069334899962,-0.0,217.49368374139658,-302.20291070803654,-22886.260173651983,-14428.491788046533,24793.222122716998,-8454.190286298328,3944.4875978711466,6811.345349298897,-7880.37902326394,-5551.924377666977,-12530.849053955235,-0.0,-2234.049544590867,-1795.8526030202615,-0.0,1163.584708391542,-433.51763884286476,-0.0,-0.0,-14513.455051528532,-3217.770069169869,3212.5052362095885,-4737.251700356577,-0.0,-0.0,-0.0,63454.36621653629,24107.714940649214,-0.0,131.06647144167673,13272.541019750184,-0.0,-4574.6129153104,-2736.0792657110587,-0.0,-4408.561094010728,-8383.20661028444,110035.44549962111,-12352.442248294015,-8560.125531531781,-32617.3082291306,-0.0,1562.153438661629,3401.2319927158796,-10549.918235910305,32125.48738513001,-7587.430614905878,-39171.16996599135,-14237.022432841928,-9789.255557652139,-0.0,1464.6043429003482,-4919.283027039637,24148.152446521035,-170.83766439493348,-434.95336582007644,-11541.629980825634,-9792.369319735766,30092.984671265414,-0.0,-2245.74204730807,862.5678881474921,-0.0,-0.0,-0.0,-0.0,-0.0,-0.0,-0.0,-0.0,-0.0,-0.0,-0.0,-0.0,-0.0,-0.0,-2026.0857227328997,-0.0,-0.0,3580.3101438933854,-14701.715630088804,-672.241665971588,-9731.987949571921,24842.72012917665,9369.58594375138,-4239.7707324561125,3619.180700393536,40564.092473103046,-0.0,-0.0,-4761.237962855877,2985.0638665962865,-7222.798635801006,-9903.06971446711,-0.0,-40.43681740940089,9483.196406105653,-5346.494539633984,-2790.8488113437643,3682.267728505315,-26819.902334663235,31484.709519533953,-6520.4950904829175,-1170.9797496565502,15437.118949521302,-0.0,-0.0,-0.0,-0.0,-0.0,-0.0,920.5658399714492,49558.38734463307,-9532.307520830052,-11650.532386974919,-9013.606125122413,-0.0,-9793.577607089617,-14001.318542258632,-0.0,-0.0,-0.0,454.9303587265778,450.2395260516198,770.9294973392507,2740.521188913093,-0.0,3779.950595439306,891.1929871367431,873.74261440219,775.3427474830606,786.4816313118015,2992.504947466778,1918.2526933715228,3096.0718431805267,2388.4970584021603,2827.3659261590633,3365.575163693191,36289.912567180494,39623.069654516636,39122.18342084195,35918.212111443994,9357.177978853555,9047.053936509912,9210.485282558599,9933.71003366896,5774.989739160768,2154.8800795342,2137.4582414815045,2398.610837242734,2450.336655082981,2327.5644349841723,5604.6917978329575,4437.73071392591,1303.8023217875925,1576.59521145093,673.4939436173878,384.4744786027096,570.6891257605719,42137.15217514999,36591.888414321875,40564.969743185924,35683.63340080274,54218.686065877,58327.47421035458,1368.5161014269365,1204.8102185298376,1254.2344649443407,1321.5488881792533,1158.9736466578424,1166.5960521781612,584.4678877775256,57225.579800061154,54770.43406117217,49626.18145314125,2657.1266324351714,3035.9016769891564,3050.4603607495533,-0.0,8152.430129731377,9055.591459930934,41655.09405304906,36418.78650390171,38426.158474729964,63792.29927279174,64499.66151068341,64293.6324219201,64964.8800783242,2575.0767293931794,2621.7232840402085,5160.599179339965,-0.0,21536.411732057564,21467.649911258224,-0.0,1544.231396683165,1612.9579893831963,1666.7238821236306,1737.6190375462445,1570.7836419067114,1507.4193340296888,35473.46683222799,41970.414271070396,42387.95327713646,39671.584500490724,1200.0292386459869,1136.8285432686991,-0.0,-0.0,17922.138005189012,33755.10758964908,38426.35093090527,35048.324647642796,38077.78083775861,-0.0,58298.082194815295,52127.99993570718,1002.8330273579786,2130.900823314169,2027.7537041350506,2175.268862583047,2278.687257422523,2560.782739744358,50249.27277546737,55626.60898103558,-0.0,-0.0,18278.38258788992,1091.8825223826325,38301.26996993736,40740.90992449615,40044.23373550914,38274.15465976475,35938.356074212155,36834.30058131781,-0.0,17382.553871000284,11065.410828744954,-0.0,-0.0,1539.0887633621905,1486.637208985507,781.4349803201604,834.4171762553724,489.7729838362869,452.9480833321323,-0.0,1209.7540429923595,1197.1067396115025,1060.9534817368165,1232.6571451018644,-0.0,1813.1052368127878,1805.8972402785846,1889.63815264427,2291.236108203341,2266.807650458064,2322.6503968461307,935.4471585709335,849.9149870286931,923.9608076829192,1450.4404050282574,1117.324682612994,1046.1687955571679,954.1369500706652,1082.1663751312324,8546.76911364683,7836.1532989484895,256.55740826499294,264.500027696624,3862.605393662904,17380.835849813364,1472.0806962695606,1512.9524431326156,-0.0,-0.0,7787.739022091822,7923.969172860413,8748.99636420561,8030.334209994623,2034.0224480534764,2044.389268613955,37568.42441599735,37737.85302239297,8528.644897348326,8310.60097527164,-0.0,57898.60369952416,2079.919417414473,2196.947126871615,1196.3123270708556,50744.50901756274,50517.90926463419,56587.86629277121,55708.94655730008,199.1885433282673,61412.621394140486,53667.485577735184,-0.0,-0.0,25143.03402886813,-0.0,1244.63325816189,1145.2785375004612,1236.4876398401127,2587.9720025611487,9260.73360363479,17645.04683964611,1742.255251484383,1920.8681240513447,25.299433866963547,741.122752216427,706.505230470852,17775.704510840347,1657.1094705506582,-0.0,-0.0,-0.0,1129.4275449229694,-0.0,1243.5876986854996,-0.0,6105.104444880274,6401.340381153808,5652.3937208175885,5931.301466271262,941.6449452705202,-0.0,876.2855699852478,-0.0,-0.0,995.8358380053892,1149.683385699248,954.1869085649338,858.6803209141494,894.4466930123724,879.6544202946479,1971.8664882058902,1908.3474989484293,1714.5337025134131,-0.0,3099.6002612074726,2867.0663451802952,2972.191917146728,3230.174214517354,4878.860975667078,55675.85379416592,51317.67895738379,12271.801589701387,23076.556066220513,17599.575115051157,17427.831502852583,1750.3063118054301,1779.2407871133662,880.5085070025566,923.3015506829578,2301.594551634676,-0.0,39386.35906124365,35384.01021851743,1282.2816409240345,1169.5090003673731,1108.1533768591341,5545.551311017462,3056.306791952499,3371.1506020098946,36557.017583189845,35409.916735602106,37962.019822683265,40380.60731454149,-0.0,-0.0,-0.0,2738.216622561432,2577.6843875392874,2452.4819168588983,10678.020161948387,8107.632329313101,6684.498999032053,2323.6569352914207,2501.477520827322
22,-0.0,-0.0,-648.0882796582301,-2129.53203820402,-511.444966407204,-583.6632351901945,-95.03853906172283,-658.1598712376274,-650.7491440493073,-0.0,-1263.0449725423055,-0.0,-0.0,-2735.2606671670005,-0.0,-621.4119033131471,-493.24105509562855,-0.0,-42.5085804382175,-245.48421044410668,-311.4472108210336,-794.6027016263068,-837.6607818452832,-691.6910571433827,-2239.518426824391,-650.5875124387201,-0.0,-40.87892330658875,-2902.645127757511,-1632.8650410808432,-0.0,-0.0,-0.0,-0.0,-0.0,-0.0,102.22203537155538,-204.6279381781332,-1912.4257496639366,-1599.6202359632568,-0.0,-0.0,-128.27258019516466,-597.6150300820481,-143.59040135834155,-0.0,681.3751752212104,-1536.269121004001,-407.9982920805416,-0.0,-0.0,-261.9855707797116,-0.0,-11.979255549660131,-1957.0244475562122,-2857.509736379038,189.2517299763094,-5881.812122246831,-210.1521259195647,-0.0,-1749.603418697835,-0.0,-753.2342418646375,-2658.1703086995412,-509.5398221947848,-505.72596048608006,-41.74911618841704,-2010.5286755209586,-905.1595963498047,-437.13290065450656,-3143.1266304200212,-0.0,-0.0,-2544.611770876754,-1111.2236036513884,-244.02231221723576,-1637.7819019644196,-0.0,-0.0,-1233.3140730972557,-1426.0747336728139,-431.12131797728483,-3576.3567902505706,3.935335162272995,-28.636141252017673,-1827.3610408705297,-0.0,-638.5368195719465,-1087.929846193856,-9.012746375497876,-0.0,-1284.9390696256473,-87.64391251364401,-741.2813534806477,-2336.8015933228276,-38.22654993339345,-2467.5754409625665,-391.3460368971987,-1629.2697452468126,-2765.7977470751052,-696.0185627098116,775.9729873538155,-506.33903664066145,-0.0,-1426.9501650131378,-2469.4487198975958,-4381.023911378525,-524.3262459648918,-2810.707477263286,-0.0,-1619.721433240971,-0.0,-0.0,-606.4343793226091,-0.0,-0.0,-628.7221233873041,-75.96074988965205,-1521.4414945503552,-988.4994872746671,-847.9885993728836,243.49658893988635,-513.4223719212939,-346.1906206663611,-197.16963760856726,-8.29506947747719,-653.3569227235854,-532.1014083392182,-782.9582265846705,-0.0,-4924.5905699339855,126.8882671360427,-117.59858979628062,-4125.42223203829,-0.0,-1016.4635682916971,-64.76897952854812,-0.0,-323.86067831550724,-0.0,-0.0,-927.7915336383393,-0.0,-631.3124892428827,-1019.7884427175584,-0.0,-1348.14832979484,-259.35236645834095,-735.6975412023731,-1962.144263617823,-0.0,-1780.719189039377,-1086.8474124718114,-0.0,-0.0,-0.0,-0.0,698.3250465255503,-0.0,-1823.9878177042126,-1940.4788164054582,13.635905103599441,-0.0,-0.0,-742.1518255469374,-514.2642573709998,-781.5258977902494,-0.0,-432.26598293414014,-3213.8925405352907,-1157.0626656199915,-0.0,-1066.0514231689556,-2502.873135745961,-0.0,-0.0,-0.0,-0.0,-0.0,-0.0,-565.7199558303085,-716.8155870757413,-206.69563676071772,-209.987074653446,-1235.2212932893622,-53.12094946667523,-0.0,-0.0,-696.3184093733729,-0.0,-665.3121263707988,-31.078198617239035,-4.072795036836099,5.412308606698129,-0.0,-0.0,-1075.4208119811444,-504.72795959089603,-473.6741978192942,-0.0,-3063.321157718477,-1950.5722594096806,-1249.9157784720562,-0.0,-0.0,-2065.406416588905,-1495.008343011533,-721.472473020142,-93.94537653140735,-1729.1054598152969,-1336.4939831988975,-0.0,-0.0,-1768.4039187620244,-0.0,-811.1256529572505,-1232.4354114388673,-126.05663062344529,-451.320608390043,-636.3035753601611,-568.4990035139131,-0.0,-1703.4778348314107,-0.0,-2862.6165450859353,-3293.914653866491,-203.4395058099327,-427.14654878415615,-540.1977680635935,-0.0,-318.46182046842995,-269.91747944448235,-0.0,-926.5549477638872,-706.0717628387124,-1096.8027052879754,-1950.6596658268825,-1072.6720461922926,-2232.50186153509,-1955.4418949756798,-2114.663961045105,-2196.0938209740298,-1212.590172859665,-2368.825661869175,-554.0722427233961,-549.573598542797,-0.0,-1296.888395033537,-1078.878969141258,-1244.7305433959193,-395.2709184556334,-396.87013844172634,-2042.9111250078754,-814.2484020954612,-392.47748755573025,736.352061680729,-0.0,1095.7665133572038,-1293.287396601452,-0.0,-0.0,-0.0,-0.0,-0.0,-0.0,-1337.3072257696492,-2500.4594295921765,-509.633567184891,-1053.4859930468226,-0.0,-0.0,-1732.6906209382582,-1145.4103289796876,-2252.1484555960806,-0.0,-0.0,-145.13634518895583,-63.67911041121033,-452.0860459862661,-1666.2455904859357,-515.2821336100684,-0.0,-492.94730577562405,-754.033904803298,64.19723411365827,-1293.6858194476333,-1565.3610645687982,-1378.6637266925482,-1844.0512626839557,-285.13987942635833,-706.348468757181,-44.745736589062865,-1893.7444635086495,-0.0,-930.169738098405,-167.80336522755888,-78.07068422828256,-592.0637256386095,-0.0,-2038.5792452789212,-127.09605164714375,-640.2672405334464,-1849.3108621175393,-1367.879428282527,-0.0,-639.3194787133534,-881.6609463724401,-25.415070277072886,-308.1460210578484,-497.90961122576334,-52.6560115093142,712.9887931535087,-1226.867298832191,-0.0,-974.0744239422805,-1379.582432154893,-0.0,-515.2578256536694,-0.0,-1380.713434525308,-0.0,-0.0,-0.0,-1286.4401291498962,-718.3754899038712,-449.49821931973577,-0.0,-1751.8792756095088,-3183.0620583951986,-3323.4776154825113,-0.0,-385.0189588352222,-0.0,-310.97995253506053,-125.19074868538011,244.78432861510385,-562.8327795345939,-0.0,-719.2475448071112,-992.1492122542724,-324.5803441852619,-613.4413011399348,-0.0,-479.2700915753696,-890.205650208104,-537.2367892527027,27.231743187641065,-2434.6004443058446,-0.0,-0.0,-1598.0854723623881,-233.8500820930279,-1302.304525852348,-97.09069018655148,-131.49634446307815,-250.382534299975,-614.2835317168058,-971.1518140129605,-1408.9377733222964,-2426.9222873303197,-0.0,-0.0,-392.04373834269467,5207.6712007649685,4.518319387328537,-0.0,-0.0,-0.0,-0.0,-2643.0789459232674,-468.97068038048457,-0.0,-986.0910631542243,-1014.3340026008902,-673.7505598506352,-2333.4808167914134,-251.41498308443892,-1239.9830033394794,-0.0,-0.0,-2103.702250555429,-752.3542801380279,-1986.3901210097383,-804.1872529273516,-785.3358581965672,-1984.04527145264,-206.5320524934279,-1908.9268741115607,-1244.1401732265417,-30.77126869177789,-964.0763155685546,-1234.122316007022,-225.84170466643133,-264.96924436363855,-1874.763357229549,-0.0,-559.1759290685058,-257.04391501332435,-31.839540661122502,-840.7724856565953,-197.4971810514484,-866.1865794192889,-916.4923931809276,-1273.3898677668672,-227.2874678889102,-2595.7010125377406,-65.6953913212287,-532.5143118573814,-0.0,-932.7003066877522,-667.4050586755125,-1076.0949751312392,-1218.6024512038093,15.246646626014561,-391.5698867797396,-2957.772396747777,-827.730493960247,-383.85499847894886,-1209.8637057120202,175.08343452763657,-0.0,-0.0,-0.0,-0.0,-0.0,-0.0,-12.982294205903186,-166.79405859573308,-2611.7913471518714,-4690.128655650844,-591.4457764814184,-1151.7554934804903,-147.88842714440685,-603.5589549177132,-1514.9591605163896,-1183.4304717865843,-42.148864792570734,-491.68575261892613,-572.3433074906217,-0.0,-106.95757826333987,-1251.85116386813,-561.3311969610266,-0.0,-1078.030198518253,-0.0,784.6539395162121,-0.0,-0.0,-0.0,-44.28281236546767,-0.0,-0.0,-1063.335951195005,-437.40421393100826,-1298.0466941934303,-0.0,-0.0,-0.0,-850.6786225859153,-541.665490260905,-1403.08609367764,35.433636152014714,276.4705995336476,-0.0,-0.0,-3182.450145983444,-1275.4051710490664,25.071628345671936,-52.84225680997262,13.18899922757078,-21248.616773559268,-22082.910790254304,-2631.2796167877686,-0.0,-0.0,-0.0,-0.0,-456.7906246816575,-0.0,-0.0,-604.5678265359807,-2535.4955131669794,-2155.2891484011943,-1563.380981915292,-348.506509530543,-1829.5200797732164,-29.993496600827342,-1321.0133283262394,1064.2247475780014,-8.0363146801854,-1077.1095050190906,3.9417841526153885,-0.0,-0.0,-0.0,-0.0,-172.87300074896024,-0.0,-0.0,-0.0,-966.997760634429,-1530.2123529650225,-0.0,-0.0,-263.218848427591,-2320.031238730562,-0.0,-1569.9010489006694,-1789.3475170424424,-1989.1513457680185,-0.0,-0.0,-115.53318253793594,-85.716028091883,-1201.189701421189,-1609.8691979193634,-605.2651191704135,-1316.696472855496,-1239.2045371425736,-0.0,-0.0,-0.0,-0.0,-451.1679993669402,-240.76933701401651,-0.0,-0.0,-107.33017274843807,222.89966986625208,-0.0,-1203.0716720076236,-1106.2054325524657,-1053.4844168382774,-0.0,-0.0,-751.0665725035504,-1348.0272588782254,-749.654898750463,-454.2501244182398,-0.0,-2432.921645922409,-2273.26753026463,-0.0,-0.0,-0.0,-0.0,-0.0,-1426.8310025461394,-0.0,-2054.047791472717,-1425.488464208937,-76.55905593366738,-0.0,-0.0,-0.0,-2756.1030822832845,-1546.158685109735,-661.3348675696872,-509.99931245954735,-1120.0966237095415,-791.548069271569,-0.0,-0.0,-726.6506556972396,-1537.1599742996727,-77.95988490505943,-485.89911163709735,-0.0,-857.4647751191607,-687.6249592933444,-1611.8152078057049,-0.0,-325.6406774261251,-130.8155487115315,-338.21349434544123,-1634.631939573374,-335.9058234310498,-0.0,-0.0,-0.0,-0.0,124.96445759830381,-177.4055769813072,-870.7034759206913,-1375.3959528812331,-1235.6948401638533,-517.271491171533,-616.1243343981768,-5880.734414960543,-1013.2911754127776,-668.5443006598297,-0.0,-0.0,-0.0,-280.25701398225374,-375.73707849329156,-1350.6940275055974,-346.2249854008381,-0.0,32.89081280604221,-0.0,-0.0,-0.0,-0.0,-0.0,-0.0,-0.0,-100.82922630686618,1506.9668924447396,-0.0,-1636.0430045106195,-703.4362903552849,-457.4213581021352,-1659.3164382144657,-0.0,-0.0,-619.738724849404,-744.5315635152257,-142.10005945300014,-128.33674815986325,-142.9626624083819,-575.4981935026502,-153.35565342134066,-2171.3619214709315,-407.32912732961586,-443.6002966122723,-0.0,-0.0,-1505.2518733109914,-2964.6656804986,29.843818145044075,-556.1494530191827,-354.73078779423366,-931.2967375745942,-1178.4091294363084,-845.9500482492018,-311.2052712510925,-159.88284992902547,-1528.8716504030415,-0.0,-0.0,-0.0,-0.0,-0.0,7602.415395119318,-90.33496035258713,-579.1279530059414,-644.9218007672104,-1119.3028815653727,-1402.3286845972186,-1346.107270177503,-1794.2236682947878,-2313.932066012025,-490.1578914674037,-0.0,-0.0,-1646.3246611260124,-0.0,-0.0,-284.98014778285983,-1872.1132297796235,-1435.4653845142825,-517.0014988767256,-68.87796308403873,-1954.983925928597,-0.0,-1484.2680847846605,-0.0,-0.0,-0.0,-0.0,-0.0,-0.0,-589.5030154606033,-1337.8166525867862,-1080.891016964093,-103.43531367555047,-267.4327015416865,-625.4301982233355,57.211190818508236,-0.0,-0.0,-596.0389824977256,-631.4663710817099,-4025.6015435828663,-0.0,-1567.4651008570513,267.5438749243537,135.11025795481055,-0.0,122.94133703935971,-190.09076285515704,-168.21776067603935,-510.8069973749139,-0.0,-2000.6039568549265,-0.0,-0.0,-1203.6884147650696,-0.0,2525.9865390999903,2407.8261438306754,2387.4465157639265,-0.0,-0.0,-1923.533581060034,-0.0,-0.0,-382.47097346533263,-1010.4423272851335,-842.7892127071556,-1095.5776650619596,-1298.154742894972,-0.0,-0.0,-0.0,-0.0,-647.7593449044188,7.974329075101627,-61.885424597361826,-1307.8459577401698,-1083.8140679083374,-432.4686576820195,-1554.1866590022335,-0.0,-2218.3294687868615,-1344.1359700126027,-1537.572409978631,-431.16836547506483,-404.36689768184874,-0.0,-1276.8439587522719,-825.4637132951186,-1029.8852414173625,-2015.5669920206299,-587.6670058059736,1069.1898896167766,499.88013456876575,-375.4143220248912,-1192.5861485647592,-0.0,-1779.4676206087481,-3288.993362791604,-510.69306020185627,-490.39205851961833,-0.0,-0.0,-0.0,208.04012792003118,-379.07283293051614,-485.41876768332673,-159.99194854700468,-553.6861035026454,-561.5831582695868,-0.0,-434.17763706455236,-952.069517155368,-735.742125123533,-0.0,-2227.810988076887,-5113.376681985329,-0.0,-0.0,722.8895999249108,623.3238563704973,-0.0,-0.0,-718.0926307511504,-890.6923005146479,-351.5014130234578,-722.1832630764583,-0.0,-0.0,-0.0,-0.0,-0.0,-2733.4967925951078,-419.17731858001065,-1865.8994196779795,-1077.6332253523556,-0.0,-399.7806080336739,-486.54465067546465,-0.0,-244.22934228466508,-864.6293043518838,-1208.0208083555167,-4623.383296560689,-81.66637816512066,-0.0,-0.0,364.57273352269533,948.3526586655267,-0.0,-0.0,-403.6437757190122,-0.0,-0.0,-0.0,-2660.8138616459973,-0.0,-577.2823234019701,-0.0,-0.0,1882.6068936076015,2160.4297743652446,1918.163306554554,-0.0,-0.0,-432.3986013124892,869.4580742440728,-2371.671317168009,26.668629913194195,85.2631074967466,-2720.3273937952517,-108.57607631511968,-189.96950642044672,-617.6224621636571,921.9449752907478,3905.5340969651274,-3239.7387703605814,-0.0,-0.0,-1067.825131439709,-1781.1595605408538,-1272.4018229699377,-282.4838643962571,-47.02344603662585,-0.0,-0.0,-0.0,-0.0,-2109.9201573031064,327.01417126513616,-0.0,-4.168375224774175,-0.0,-1587.5052975950284,-2031.0209481494833,194.59356407079267,-0.0,-0.0,-391.8311439799108,-0.0,-1941.1016599832749,-92.86913274325909,-1050.8319253172797,-432.22624887095196,-1277.85545967723,-795.7756116312459,-1222.6918472103264,-649.0563466849225,-0.0,-0.0,-0.0,-128.33305573387264,-0.0,-0.0,-274.0488781734154,-462.01953904589374,-763.2502138339987,-0.0,-1761.0224639715614,-1108.1731067823825,-944.1168945735645,-8.571060357158077,-7.571753629466787,324.7677905740248,38.80372784333541,-0.0,-0.0,-12.870811992288553,-1769.280703313497,-714.8211899660344,-884.7653360285977,111.12535990412451,-2251.6572285675215,-2044.3845520490936,-1046.971632484217,-1012.4643919223819,-42.00311950506835,-582.1199252546706,-761.5834637772815,-1363.0552080449654,-2166.814468110256,-0.0,-1916.904333140926,-158.12766702875643,-0.0,-2612.881160718061,-2890.1719459235683,-2298.530121458508,1822.3375733728383,-0.0,-1615.3109949777258,-226.69741956989895,-1333.2548417552441,-706.1305426595646,-139.2226468547118,-2171.769669079552,100.68065284922797,1640.2157254227052,-0.0,-198.63340974067336,-423.50194711806813,-1159.2994840732756,-1098.8204408535994,-1790.0543039275403,-4253.71973833185,-0.0,-626.6996298761005,-1490.1225728576267,-774.7198206004226,-239.28931811211405,-28.79006301514618,-289.31380898924397,-0.0,-0.0,-0.0,-0.0,-355.6135585477451,-1391.474879081019,-938.1170841282798,-67.61140744838973,-521.7322939772757,175.70528029900663,-0.0,-0.0,-1052.310606906746,-542.0580192245176,-0.0,-2159.4525522575996,-99.38181355538464,-1314.5026345720578,-0.0,-211.53696940736756,-192.95926185693287,-0.0,-0.0,-482.6483222763656,-0.0,-0.0,-4537.6218122626715,-219.49094591714032,-2244.75909528068,-0.0,-0.0,-107.27430335269032,-1454.4800435055386,-724.9624732898096,-427.65254612300583,-1415.8470313899763,-0.0,-783.9621883881256,-0.0,-536.7428835779518,-0.0,-0.0,-223.9295330722415,-97.95271885911188,11.978389482778567,-354.7069946554665,-1515.564025547208,-2048.1051824703263,-0.0,-0.0,-0.0,-23.945014044145434,-439.95446596162174,-0.0,-1717.9658778625758,-2593.0063896399183,-0.0,-0.0,-70.82919448556376,-1432.1346653175112,125.65758884707097,-0.0,-0.0,-0.0,-0.0,-556.3106124583544,-2541.432674316288,-241.09589730257014,-1255.942033773135,-0.0,-0.0,-768.318384863861,-544.6696811865226,-351.8890065254576,39.79679804148206,-0.0,-0.0,-0.0,-916.5232757759647,-683.6793451382139,-549.062824830724,-337.05159499807405,-0.0,-0.0,-0.0,-0.0,-2274.095682267149,-87.00956945036151,-23.591871161056012,-0.0,-0.0,-709.8001265748821,-445.715028986618,-0.0,-2032.1205092067037,-4639.113171924196,120.60721316975305,-1298.6690441012581,-0.0,-0.0,73.52880690677289,-454.42141285045125,-1763.0118314730298,-545.7364940259005,-2742.4348946789246,-1442.5009724923048,-813.6163341023063,-1681.8676185620188,-0.0,-0.0,-0.0,-39.739098791827345,-1199.5858483348204,-0.0,-0.0,-3080.503968891939,-90.8686428377539,-1578.2721696190454,-815.4608606034336,-0.0,-0.0,-0.0,-0.0,-0.0,-0.0,-738.719759964069,-0.0,-1809.5589514687642,-0.0,60.16097117694292,-1404.9562682133324,-0.0,-0.0,-0.0,-2507.6756956458826,-0.0,-0.0,-564.6224258086703,-0.0,-0.0,-1164.4457642651148,-615.2347388779616,-0.0,-0.0,-174.13756349736477,-2211.579983970443,-0.0,-1067.0624549597958,-835.7923283587485,846.1956846968019,-191.73454365954862,-0.0,-595.8090937735813,-2.620569086939151,-0.0,-23.91407199823057,-0.0,-383.0936227559093,-0.0,-0.0,-0.0,-0.0,734.6769251243488,698.2489832903595,-966.7734107361115,-1769.6583797548565,-0.0,82.68335563544076,-4.36476162400574,-76.28981762927847,-924.7462500682631,134.89231727227727,-523.6331514732242,-404.5652097615858,-177.5527558312329,-3750.9196904188047,-0.0,-254.35830122672917,-1860.3148677643824,-2536.1039692999757,-0.0,-1273.583967893921,-1562.7706904365648,-2205.669211452442,-778.2063795392626,-0.0,-899.827813696127,-750.702327573418,-816.9853039253371,-1404.1118973714078,-1083.3242459599617,-0.0,-130.5030422248346,-1155.2527340424112,-0.0,1134.9616865730727,-464.8438671551205,761.6727373728843,-0.0,-0.0,-107.67192646338802,-37.432347550173034,-2376.6922379975745,-1059.0165058818495,-0.0,-899.2834990078339,-3058.831878486802,-921.1747832114313,-947.866152565939,-1300.8358820259245,-424.7313493493345,11.22833339040929,-41.62838072392921,-0.0,-0.0,-975.3111098573033,-87.33324481609833,-0.0,-0.0,-2072.789551110567,-795.210249687089,-685.4980457108694,-1911.827722315477,-98.24448999507065,-20.615061260707243,-2586.939630063828,-881.944413019866,-599.5193460805341,-1038.2924706205147,-0.0,-2358.404698654824,-445.5633269714018,-1275.9679596422693,-1465.8482343988053,-342.51414962108726,-557.622959258614,-1769.8325056976532,-442.96241398090484,-0.0,-0.0,-0.0,-1380.5143415865934,-0.0,-3283.7813602892943,-1335.2771158094376,-1558.0640110503896,-0.0,-0.0,-0.0,-0.0,-0.0,-131.77112399810522,-0.0,-263.58355450930543,-974.0977157808281,-404.37147592032693,-0.0,-0.0,11.456294374344731,-0.0,-0.0,42.26264527170785,-266.78005702665723,-0.0,-530.2635019791147,-0.0,-0.0,-90.86007337071865,-11.957383337386826,-2892.1321975164356,-2294.883712580403,44.77614363988715,-7542.4330948769275,-907.3083424055658,-662.977102154943,-0.0,-912.0661155159665,-1601.600681274565,-0.0,-0.0,-0.0,29.29374985257034,-0.0,-1441.387802829454,-0.0,-1462.562536866412,-0.0,-0.0,-2276.18405209517,-401.70430230363274,-751.0094816624006,-0.0,-0.0,-0.0,-0.0,-282.87507589587057,-759.1014091666073,1456.7627668082396,989.9518616023506,-805.5404030888669,-8.930918167922197,-0.0,-341.71284128208185,-339.9438798960336,-1826.911687804381,-488.1736264894211,-126.13751105896523,-1125.7998201029066,-1573.2805268467039,-982.224203853678,-723.817181376485,-0.0,-0.0,-0.0,-83.39450313283523,-0.0,-1784.022004471155,-621.2098432657904,-0.0,-1918.8164431887794,-1254.2482625531734,-0.0,-0.0,-0.0,-0.0,-0.0,-1154.598698577105,-0.0,-293.1442520313502,-1923.727499451171,-0.0,-1126.9901263745685,-0.0,-0.0,-0.0,-2478.428268667631,-1362.785062165806,-1086.6706740637856,-2737.476998181117,-0.0,-0.0,-0.0,-82.74223220562365,-521.538362825206,3.965143859036695,-455.361385312183,-310.50644492656465,-0.0,-0.0,-337.21267472728516,-1452.0856555362423,-4032.3972347506424,-0.0,-423.77216497463655,-1381.2351468224253,-421.8003311764456,-501.36683941399616,-0.0,-0.0,-0.0,-1931.6405099651768,-1995.2896951249643,-44.07812274787612,-1776.5567293998183,-533.1651307281128,-362.14653605436763,-8.961672534677794,-1201.4606366756345,-0.0,-2095.986237132731,-0.0,-524.1616165391604,-0.0,83.6992406384738,-0.0,-0.0,-559.8220278440023,-841.2158950041543,-7.986025775938424,-0.0,1317.7885348739503,-0.0,-0.0,-1874.6992562915498,-1417.6606733767753,-1168.9688817841877,-0.0,-377.1697874382408,-648.3945008126454,-1514.907022356907,-0.0,-0.0,114.13446680979482,-726.321488710976,-0.0,-0.0,3.8999279399461715,695.1478639894226,12.204212133726912,-1521.8399965695069,-0.0,-0.0,-1833.2733850020184,-1742.53422495733,-85.05153262787157,-0.0,-172.9815027411393,-764.9633925748927,-1158.9745668505786,-1685.7673644523552,-0.0,-933.1734838432184,-6.626071619231923,-0.0,-1703.7892639060458,-0.0,-0.0,-0.0,-0.0,-615.755146541532,3.7897887981791545,-16.83388158051986,-0.0,-0.0,-597.350327286218,-0.0,-0.0,784.1159283508148,-1072.7765710545323,-54.23901913787693,-2045.4442580044633,-0.0,-0.0,-671.5060212214177,-0.0,-284.7726399556027,-1189.8349935543777,-1044.2754936110375,-1165.510326585217,-0.0,-0.0,1503.233508976236,-0.0,1046.8100171396827,947.7882002830327,-42.53330587923532,-876.7071995010391,-0.0,-0.0,-106.97579401975455,224.71379886835078,-835.1949104641976,-386.14986328287455,-1089.6067684541424,-2770.486219446881,-1994.2893568861941,-0.0,-0.0,-277.69636747455104,-5343.427028212926,-631.5197488950566,-570.1519090564727,-0.0,-0.0,-620.2302632656881,-0.0,-1073.978980620614,-1331.893053577576,-793.5628649370165,-0.0,-0.0,-58.482143536457464,-0.0,-173.55416377928844,-1462.0668083797818,34.76800056087346,-670.3720890624955,-458.259018748092,-255.7851060544217,-669.4893837772297,-2365.4757102839876,-17.22561246163991,-1227.7497507313776,47.29669359416477,-1023.3595958509895,-319.2858863413395,-0.0,-0.0,-236.95333455670246,-0.0,-0.0,-1689.4697585605038,-667.90197164432,-0.0,-875.7553341761911,-523.4146034915277,-0.0,-0.0,-1464.9926746239828,-834.1275437183057,-1568.84405251732,-1395.8989281325012,-0.0,-109.53476580734308,-3172.7249798582916,-1089.6787621024307,-284.84234050450794,1640.387117281884,-1877.4721807751728,-1276.4807454980169,4.309632247576348,-903.5132005701446,9.05882609454137,-1858.6562975483696,-0.0,-3815.587117209935,-835.0270986861308,-0.0,-1611.7345616883858,-1504.1024934736347,-0.0,-195.77986135291758,-926.8485413700098,-1218.6174328451425,-1441.5709063476024,-779.1886375357344,-536.827128777161,-540.9377837325189,-0.0,-151.83902955387617,-0.0,-2515.992982727997,15.274259756628288,-3592.508696309621,-836.1299855832198,-42.16530576649341,-37.33332995226689,-1420.5250672958073,-846.5221653906572,-0.0,-433.63731624371724,-0.0,-0.0,-797.79498932713,-0.0,-0.0,-0.0,-0.0,-0.0,-0.0,-0.0,-772.8469908426695,-495.506835880581,-2794.139218497491,-2460.032241834118,-0.0,-0.0,-1179.8596267430094,-2034.4819654173446,-513.9031321338956,-188.2352604943683,26.043444544698996,-0.0,-1402.876204414911,-0.0,-2454.920393285247,-0.0,-0.0,-0.0,-0.0,-1953.760247618769,-231.9445672080447,-462.5895034589168,-1111.6440853078002,-1373.5714225672693,-1115.1639609083757,-757.3824079816746,-1220.5263822195393,-0.0,-0.0,-0.0,-0.0,-598.4664001999581,-436.8461526842303,-1404.0188837857706,-0.0,-718.2905424032472,-6457.309533348024,-621.5372650599767,-813.1819798215696,-2938.8911985547875,-830.5534880837625,-0.0,-539.2896343719034,-574.4834166938714,-1160.5353625177775,-608.9910295739465,-1512.2001339000099,-1736.2402761502385,-0.0,-0.0,-0.0,-0.0,-1635.4975981386356,8398.305645854436,6867.294411656026,-0.0,-0.0,-0.0,-0.0,-2085.195939677877,-1177.4701208719996,-87.89253004038048,-1440.0433197524947,-827.8247376230788,-0.0,-0.0,-0.0,-0.0,-743.3344711263555,-0.0,-1907.3801531978977,-242.13239186031743,-0.0,-0.0,-0.0,-0.0,-133.4309937916816,-535.8790917552282,-406.75897735650517,-883.6621208911714,-1180.9568435845867,-1142.802989912348,-1118.2762727187492,-303.79216416845344,-1525.7632152444487,-1472.5957972030042,-1177.3957324687049,-1558.9274646788358,-39.44050644709261,-1224.9804033506514,-1036.0088159563186,-946.6189421535802,-1585.9324510764636,-350.5239173729816,-2267.8503151416962,-1531.1635923635392,-1920.6940448758478,-605.2566484324677,-559.430190730469,-1079.3095151006482,-0.0,-1084.284923901292,-0.0,-3408.8715848175148,-798.2223588208664,-279.62574555127264,-1909.1961071364665,-1536.6536742684846,-1157.108527152695,-0.0,-0.0,-0.0,-0.0,-831.3558115795229,-3655.5214383266,-1717.594989539425,-0.0,-0.0,-1154.9903577528125,-0.0,-0.0,-1227.614762804997,-528.1286211887309,-1107.2115436058236,-573.967363094274,536.7332755952049,-1106.8400207690843,-585.3567094841909,-1561.9715475762348,-0.0,1409.5697049948828,-0.0,-0.0,-1170.2874190384296,-5611.677339406818,-0.0,1688.3202692980942,357.31934429857625,-891.3805993690057,-235.21165573898386,-0.0,-1794.9686367204745,-1012.9113768027424,-2212.444536299819,-2113.4223719412034,-373.07320310302356,-0.0,-466.6856266020518,-165.22527169667475,-0.0,-1004.2247685916061,-0.0,-1802.1918872792132,-2252.2311887029778,64.26655320299352,-2421.610622922784,-2021.8867777143794,-0.0,-557.0441722157464,-1379.45492240394,-1955.097953299409,-0.0,-390.69428095710435,-2424.5823752994293,-902.9370489713137,-830.291029659223,-930.8955684415939,-438.98697923388715,-884.1996168566061,-1574.7252732861214,-0.0,-980.4069550484833,125.0010337574234,-1440.6781453767198,-0.0,-585.1516004787359,105.85116310751546,-926.8193584607711,-622.1617697983006,-0.0,-599.2272093503808,-453.31871791460344,-1694.7915769021577,-1261.0297681859583,-1624.3219043709807,-874.1470220638017,-794.5739948215947,-933.774188254886,-2187.0437899421977,-23.09448685434553,-0.0,-545.1354025665877,-625.2278691309903,-1386.6630862640393,-2078.77163896091,-318.97789891449116,-738.4673553701272,65.07386235300851,-869.5773566723558,-1263.0004912498464,-804.7209761938642,-0.0,-1026.7036860462117,-56.722915689260645,-2506.19182312727,-0.0,-424.83884803958927,-799.660028679927,-566.1200720923349,-2339.126330736566,-172.00983762402868,-1554.5865255760943,-710.1193640782143,-2605.306446780714,-0.0,341.20430654582447,-0.0,-0.0,-324.64962007897265,-0.0,-0.0,-3682.216473452484,-27.247750763157764,-37.704688539148194,104.91319699183629,-1347.4934263031093,-0.0,-0.0,-0.0,-0.0,-0.0,-28.432323234160936,-0.0,-357.71436433471166,-0.0,-296.8850470010948,-1963.1767998551045,566.5692441948181,-2993.389899888116,-0.0,-0.0,-0.0,-0.0,-0.0,-0.0,-0.0,-0.0,-0.0,-2616.196763472024,-0.0,-2733.8507486227136,-3182.347756526127,-38.96987100026954,-0.0,-0.0,-0.0,-0.0,-917.9611164066299,-1112.0151295881801,-0.0,161.74134862189277,-565.1744676831946,-2186.9385637650357,-661.8422792870952,-0.0,-539.9825532977757,-1173.6994597248581,-0.0,-0.0,-630.8152717179169,-932.087652580864,732.6463159196988,-494.72497352910017,27.662035524203375,29.978674099138292,-0.0,-0.0,-0.0,1579.6176012068279,1413.4039657388691,1656.890905858662,-0.0,-0.0,-0.0,-803.4380754378491,-0.0,-0.0,-968.3533436981595,-78.17499700257929,-474.8713718096591,-57.27673233781535,-1048.145054502046,-811.3883982411148,-1464.5057887976998,-145.77936519587612,-283.1750209290994,-1254.9888278699013,-0.0,-2188.475764463384,-16.35008203286139,-967.2479640544834,-936.8619242286,-16.693176386998985,-0.0,-1323.795424165522,60.689000712497666,-0.0,-0.0,-0.0,-0.0,-0.0,-1400.7541156654618,-3134.4276289324853,-0.0,-655.920676659977,-62.14275400519454,-0.0,-0.0,-0.0,-421.3612201564708,-30.45572397367598,-0.0,-1325.1292957860212,-803.2041745263681,-0.0,-0.0,-544.1855522447987,-0.0,-0.0,-1660.2304512146943,-1401.24318254839,-0.0,-831.644272336429,-2130.4396409618057,-93.67368673200352,-0.0,-0.0,-297.2650551507614,-791.398801364314,-236.68267226101972,-200.2649882181416,-166.0830062721722,-0.0,-0.0,-0.0,-1370.3403387528713,-1005.8658263404776,-1978.9925893162049,-276.9738046647306,-1352.5336098405164,-126.06141224426216,-166.6297312563897,-488.6418294098962,-2009.1974946160956,-0.0,-0.0,-1759.5944519941866,-1919.6050756952532,-0.0,-0.0,-0.0,-550.3144492469479,-2348.485548240369,-3461.9607520144577,-0.0,53.83189592661532,-179.67979031797432,-699.1647162810015,-686.4013089767966,-2074.55271718007,-0.0,-1503.843701366884,47.98194286264903,8.203866464346307,-311.48674856966784,-0.0,86.16849801287785,-286.78895056287746,-431.7396702040044,7.894685353568582,-0.0,-0.0,-671.06655942403,-13.232544698489122,-0.0,-1358.2829934873346,-987.8433107530759,-1249.5661639025432,-810.6121516226889,-1168.6085997040022,-1768.2594407203765,-0.0,-0.0,-0.0,-0.0,-0.0,-355.0808624922572,-666.2861058918198,-1282.229118986666,-1556.694755558515,681.4238858253581,-1482.388993018314,1691.70310902751,-0.0,-2110.60612575143,-1696.2258563861499,-845.5566506774818,-31.144066890235756,-123.84736478951858,-2246.748906434304,-230.4917192181257,-0.0,152.7574999299607,-912.5472408889125,-0.0,-0.0,-612.367993490236,-419.8938083181319,-397.57652679254863,-1258.271233715847,-1702.5081223965972,-0.0,-1522.7354398254722,-1150.3032755891659,-4195.327606072544,690.6483828555687,565.5875034498778,686.3933885524959,710.6090862082367,-0.0,-0.0,-0.0,-0.0,-0.0,-0.0,-0.0,-0.0,-604.3322791855942,-0.0,-53.72870723035029,-39.29348610098325,-0.0,-1324.5325372433663,-1433.3799592516295,-2032.4644568339086,-0.0,-0.0,-0.0,75.12044334989814,-3056.494930558691,-673.1996802431562,-2906.42699848213,-1574.935356054874,-0.0,-0.0,-152.08441710272498,-1408.7145131499697,-0.0,-1974.503458950475,-726.9512171596887,-0.0,-0.0,-0.0,-2466.088247282809,-0.0,-0.0,-0.0,-0.0,-0.0,439.3697191880165,-0.0,-0.0,-0.0,-994.2566100840755,-0.0,-0.0,-0.0,-0.0,-0.0,-0.0,-0.0,-516.7453681457289,-1046.037908066715,-1529.1049014940231,-1684.1211716545072,-594.5558408232345,-1250.738116067606,-37.44846721456828,-0.0,-648.3636340967709,-51.84683330706831,-0.0,-0.0,-0.0,-0.0,-818.6568989251211,-0.0,-507.49660230059766,-1298.234666408155,816.567523765212,735.5845276843467,749.2864438465325,683.1763085848874,712.0696544155828,-0.0,-0.0,-0.0,-0.0,-0.0,-0.0,-364.18998076119533,-0.0,2120.6214394321473,980.1207245095437,1178.5293940362944,-0.0,-0.0,-1265.8697629818314,80.5557979913122,-64.75270289080882,-2417.251213713527,-0.0,-1916.996617318312,-0.0,-0.0,-0.0,-0.0,-667.941660095982,-0.0,-546.0216381815013,-570.9466069272621,-391.89561816889176,-0.0,-16.916826666418086,-0.0,-849.5339070881136,-0.0,-2305.868464024855,-623.6865570796883,1760.0896540484423,-2161.694568805168,-977.6751699592248,-70.59215343978104,-851.2267358216172,-0.0,-540.976409243672,-81.05162233865533,-2463.1824963066765,645.0157064615667,91.70935043512284,604.4304656184786,1279.5646602481133,-0.0,-317.59656738193564,-25.567791483275695,-1077.8301909538864,-1246.9255947063652,-1464.6757208937531,-1887.3559647066613,-0.0,748.5605422883644,-0.0,-390.95631721291966,-2340.7064557426133,-1355.8606212478333,-0.0,-1303.5627844145356,-400.73456393435157,-605.9603606127879,-739.8611725679203,-344.24440640461796,-1397.3222700990639,-0.0,-2203.7438100495124,-404.21511322068045,-1539.0894379193585,-321.31248985327784,-0.0,-0.0,-0.0,-0.0,-1316.0592585007832,1199.7084719656273,-1118.4845010426238,-621.444955109852,-0.0,30.028912918067544,-0.0,-0.0,-789.6079331978582,-728.5874123301468,-770.4913599359273,-655.2855753509837,-0.0,-0.0,342.45696028222056,239.26780222026377,600.6310718227282,-0.0,-592.1808073037304,-1932.872831603374,-1283.4220932366106,-4.394104549104746,-1667.6946165286279,-0.0,-0.0,-0.0,-583.5874235106472,-879.136690568604,-0.0,-1366.4645145627603,-0.0,-2685.0867377829486,-3724.4128576826274,-0.0,-19.683422389647035,-0.0,-765.4172535388147,-0.0,-0.0,-0.0,-2189.596615892844,-1132.7957005519002,-616.4785211648579,-887.0949167723832,-0.0,-0.0,-2156.20600940619,-0.0,-553.8531257235803,1184.296043013571,-916.197796232376,-771.2048593241345,-563.7431745644661,128.97435748715958,-0.0,-0.0,-1362.065222799814,-0.0,-735.3700021773211,-69.4441818052069,-368.11576398938473,-346.75080162918783,-0.0,-0.0,-230.914111442555,-648.1874441727489,-1066.760480646484,-634.7359592640395,-1078.5091046859447,13.177783587133165,-0.0,-132.10893913127464,-2111.7330046658417,-1278.0728857641218,-0.0,-0.0,-0.0,-577.3800449863036,-612.838860363166,-1583.8384492136674,-0.0,-0.0,-0.0,-0.0,-0.0,-1510.4626939891643,-720.2046412557559,-0.0,-589.2039802143357,-0.0,-17905.737527763496,-826.4624949102674,-120.2806148790513,-614.5449152108501,-0.0,79.55785170907193,-1295.972920711128,-2611.8542796141346,-0.0,-0.0,-0.0,-788.1677423994474,-520.3445005228737,-1117.0918158981874,-1020.1155153673925,-575.7908100299235,-0.0,-0.0,-1753.2765614308853,-584.1344693291444,-2322.4585255231113,497.5087143737571,-2404.6310423792515,-0.0,-0.0,1669.8865649753643,-1578.5908953940666,-0.0,-240.40628055887044,-357.24971123142916,-641.0689072139378,28.740579102900778,-903.6033156549928,-0.0,-0.0,-1387.8698877692739,-1294.1346769758918,-2485.4107974348576,-0.0,-0.0,-2460.3769162744957,-719.5955719837808,-731.300610922854,-2489.54187207782,-1465.2418766995297,-0.0,-0.0,-1067.0509681300475,-0.0,-90.05565828958908,-1571.660139873684,-1806.053661403559,-0.0,232.00083966625868,-780.1060165744344,549.094083346099,-266.0468114337932,-249.05169833830337,-0.0,-457.05393941599846,223.52998208063062,324.6902246152781,-462.5280387731795,-2531.0064955276384,-2022.7595528374845,-87.2472896256489,-4506.263363376704,-588.9244408168578,-1144.7183551183557,-49.8193760526894,-3815.8708582462477,-339.163177545776,-649.915613726557,-308.88105821667915,-1627.8466692993927,-1011.8655706966981,-3468.7503673651136,-5435.519408963548,-85.29169436683367,-687.1692829091887,-1726.925928033436,-1192.5647361253993,-0.0,-3431.749752933172,-0.0,-275.9395358466234,-1545.7567430690792,-1392.2777494050017,-0.0,-0.0,-950.8310381027384,-239.19554647570354,-0.0,-1392.4913539869272,-0.0,-676.6283019097243,509.2886793784232,-2272.9713358727427,-478.97338313011943,26.54173108951289,-13.408485566086172,-0.0,-1895.3111269447597,-573.967822221316,-0.0,-131.6316392781431,-0.0,80.24755088710648,-181.48573492257046,-0.0,-379.6296251875724,-1404.0536204532034,-449.3762629438323,-793.1446166726114,-2213.659083118606,-0.0,-4062.806853681144,-1758.0712701250625,-2470.416071752713,-2243.451435854109,-73.48671842840686,-226.91867786244367,-641.6322608155418,-1482.2414048320622,-0.0,-0.0,-1255.1214182299873,-194.27372850377733,-0.0,-78.18404358937703,89.83133749231312,-2253.228210731145,-0.0,-0.0,-1313.8194776453556,-0.0,-75.65785328752096,-0.0,-44.94700460165333,-147.07876745325058,-0.0,-379.54996933572386,5784.748903578427,-0.0,-0.0,-2651.403035721842,-786.279913739638,-275.198404368321,-0.0,-0.0,-0.0,-652.5640003093147,-2149.1627089443155,-0.0,-0.0,-0.0,-2287.6966307984508,-0.0,-0.0,-0.0,-1590.8428305755692,-736.2583256811987,-302.13217170331205,-467.8178807344759,23.433354886574477,-687.2890071086391,-382.06461782099444,-209.03693347400548,-2411.9626217323653,-0.0,-0.0,-1261.803743305612,-769.9923175832184,-2471.3651022838108,-0.0,-0.0,-2701.5879424557306,-676.2416239258805,-1556.787637865627,-418.1912594322884,-626.1836554749736,-2345.914912549801,-827.6733124759442,-86.47434725599899,-826.9091375132298,-2015.9234452259532,-1553.9559256511836,-1372.6711602076916,-0.0,-615.8077431190314,-0.0,-1571.9822430418064,-424.95921592010365,-220.97079511422257,-627.9623180887336,-869.5569397876308,-12.311735860922116,-0.0,-1189.7417467572986,-556.5006380159264,-44.225827544988626,1536.875114092092,-75.19805059537636,-0.0,-641.463257887661,-467.311686922222,-0.0,-678.9669670638191,-1562.7424540576862,-0.0,-0.0,-0.0,-0.0,-411.760343091082,-911.7308324496013,-319.7339702948563,-489.56270816872507,-344.1590462408717,-1630.054520907095,-720.7223130390672,-1417.6921088324475,-2539.3880865986607,-1965.2921778768075,-0.0,985.9636097468782,996.0160610068102,560.3769802547565,765.3166084980306,440.05988708316886,-0.0,-0.0,-0.0,-0.0,-0.0,-0.0,-0.0,-0.0,-63.31774981119181,-870.2997051960232,-512.7461053151457,-275.8664112043933,-1193.6157761980867,-99.51936682246934,-360.6461470637018,-1149.9564323021586,-296.4378435875291,-1743.7104963488957,-757.8391880946107,-82.62236297751011,-376.49940156502834,-23.895390957582805,-0.0,-563.91940561411,-170.25832130080764,-205.28145820524077,-736.6826865676727,-348.5904215815947,-1505.1019654725733,-295.6653277700939,-0.0,-0.0,-1893.0839744447246,-507.1889253789205,-328.62148975595505,-535.7065707252597,-903.4660361487216,-432.1132972293285,-403.2581668260772,-0.0,-638.6289176271368,-682.3055230979709,-839.6462990488556,307.43163347827243,-1324.3614828672908,-2220.530815810656,-211.61805688632037,-662.5536099588523,-661.7715966636056,-13.217601552471974,-0.0,586.5778542539556,-792.1650042733189,-35.09946398001362,-1912.7999862038928,-0.0,-0.0,-1221.81079033133,-490.1250454390976,-0.0,-591.2524077294847,-676.450202892739,-787.4302579005645,-0.0,-698.6329941192641,-476.205356112041,-2184.7512642453826,-4195.162289608796,-384.0649195616412,-0.0,-80.7935908010595,-421.90236242775427,-1492.125343456882,-223.64861915057435,-567.4531139841367,-710.0519317328408,-742.6601556888508,-375.7171447776684,-0.0,-0.0,-1628.7331577274747,-107.815345105887,-428.2062322035905,-778.2116178144796,-1181.6213302049798,-2407.490721556819,-0.0,-573.3835181170198,-0.0,-0.0,-0.0,-0.0,-0.0,-28.362240723300083,-181.35681083764769,-353.0958693820872,-0.0,-0.0,-0.0,-0.0,-0.0,-0.0,-1170.7730542042834,-2243.2647472628937,-405.78156277644734,-490.1394510635869,-45.47918091269402,-0.0,-0.0,-427.7454982153611,-0.0,-0.0,-111.55109196637531,-2664.6872384243957,-0.0,-0.0,-1464.9724414696407,-561.8068938272166,-869.4623612962966,-974.9250801719757,-710.2741602963562,-0.0,-0.0,-1157.768468647325,-1799.4319687510042,-972.3276990383588,-0.0,-1125.6089212508307,-0.0,-357.9965225035784,-715.4501867188229,-0.0,-662.9637256009233,-1768.1300209157655,-0.0,-1685.6915600323812,-176.44356040040518,-588.3099355452205,-1363.7291971717098,-226.48990021263955,-1208.7428052527841,-0.0,-1006.4787101326402,-27.11732757500766,-2339.563024151929,-1857.0126547124898,-0.0,-0.0,-0.0,-0.0,-734.1919502138376,-806.424119691869,-0.0,26.845530574173345,-361.9199414807727,-753.2065245317477,-2034.6856963371274,-2257.656405282266,-375.41599187313307,-0.0,-1393.6316833663818,-840.7677245466065,-1704.0947092447943,141.42719902776855,-0.0,-3335.3012467141734,-688.7679699805915,-0.0,-441.15141143445385,-1446.609163246003,-0.0,-0.0,-546.0709392636239,-1431.8466530850014,-0.0,-1075.520828415362,-1285.5724141551111,-37.99794077075363,-82.76638189276926,-504.7312507994085,-0.0,-1474.8785719527375,-2599.731989966188,-1155.8656783883387,-178.3251720441013,-1891.7418258582097,137.40090244952287,-854.644141912507,-623.0910651123992,125.69209933033034,-857.7648065743019,-1455.5588826940113,-831.8142315391849,-1294.1831819252182,-407.75808243428054,-598.8385331083923,-759.1461341002334,-1544.5657891648584,-0.0,-0.0,-1807.776289608279,-323.9370761757519,-0.0,-1493.4893229968109,-1231.6014173589151,-0.0,-2465.4737356490464,-535.9424252176302,-0.0,-827.3026798730585,-0.0,-0.0,-1256.603028063705,-1013.4149899233678,-0.0,-0.0,-0.0,-738.1025848828959,-4.484074174257485,20.171163871199827,-252.7777935028336,-0.0,-2109.5693012178576,-1479.4540673014305,-557.0852016590047,-2058.872378211584,-0.0,-58.66092686019497,-936.5811574975259,-0.0,-426.5317338373842,77.6446071358213,-1609.668540091653,-1028.725942867393,-680.3092550073616,-1271.5327241516814,-0.0,-0.0,-0.0,-794.2044912658786,-0.0,-388.44669147125074,-972.1569488212216,-210.9568307589141,-1210.0268211138732,-2170.8169219603965,-554.8983444402165,-2084.045581700501,-0.0,-1123.3806260569693,-731.1993059855553,-507.53643011510786,-1266.8602494642987,-314.6679058674963,-516.1675284920406,-1496.6677304797129,-0.0,-0.0,242.96168235162108,-2738.6391028955745,-979.0399742686579,-266.8434315930466,-0.0,-368.32076893596394,-536.2791460552739,-643.219447330569,-0.0,-0.0,-770.4461889746464,-0.0,-21.160253858208833,120.19954929860607,-120.02356812603388,-1999.6234863836385,511.4627909701887,521.1001756956541,500.46349335408695,643.5138995127659,47.902909215865556,-0.0,-630.3058125335932,-749.2494181001003,-355.47001113086696,-9.823721356707766,-0.0,-0.0,-0.0,-193.45354936808073,-13.427073704101554,-914.8130167758292,476.09876078502595,2387.422008532203,-0.0,-0.0,-0.0,68.72496027290819,79.05107428825092,-0.0,-3079.629213048617,-0.0,-0.0,-0.0,-0.0,-0.0,-2447.92347540916,-282.00251855528296,-0.0,-403.4835199133125,-2135.978071517899,-161.7074169969775,-321.19749829333125,26.352515118643563,-1728.086471583574,-4320.1501031096495,-1964.657697342988,-0.0,-0.0,-1676.2017223633143,-1045.0488693987863,-734.3524882227621,-416.0202232855424,-348.8802228640884,-1003.9208004145817,-1015.9954173227635,-4974.337129167061,-674.5873203803479,180.03952015260202,-822.5744685442085,-1091.4028525885603,-621.7512399262848,-633.0473357140636,-7.596832192212859,-1619.5749293766348,-826.554400609898,-588.0970546980773,-0.0,-0.0,-0.0,-0.0,-230.92804416371672,-1217.5394493236765,-0.0,-1246.7668572822051,-1371.3700238189174,-0.0,-0.0,-1459.0488038757208,-0.0,-0.0,-215.7019718268791,56.691543624964865,-0.0,-0.0,-3116.502674502531,-1227.3345910794224,-96.9934070078902,-941.3116864997027,-1420.8152934094721,-0.0,-340.16657322395724,-505.197368655362,-0.0,-1388.1668521709496,-339.0391902125854,-1168.188625661761,171.7336704530204,-892.4006695133983,-203.1384106253937,-238.3841604606489,-53.81097635274401,-45.1924774845238,-613.1293125545486,-823.1707354266226,-510.7620906178875,-712.8352786720825,-0.0,-62.49855892722235,-735.4903299151879,-168.1970949387765,3.9339563106612454,-0.0,-1010.9964012058505,27.22692747386286,-1316.2868967291267,-0.0,-0.0,-0.0,-1873.308592226711,-0.0,-0.0,-80.31322743050264,-0.0,-0.0,-0.0,-0.0,-0.0,-0.0,-620.4688074031525,-1626.5680387539587,-0.0,-0.0,-0.0,-0.0,-858.7805942879282,-479.8005376239715,-0.0,-0.0,-1873.294074324365,-0.0,-1382.093126280669,-2712.24828581022,-0.0,-0.0,-0.0,-506.9252061736178,-0.0,-0.0,-0.0,-995.1905180764943,-763.1464995290794,-674.0683370528154,-0.0,-0.0,-227.2391539349213,-0.0,-4024.798112109544,-5454.789625325123,-0.0,15.5816171931914,-0.0,-609.3987512835793,-681.0639372621808,-2026.6287697565126,-0.0,-0.0,-97.6510865581229,-698.2777351977544,-1380.8478297239085,-678.0575021212535,-342.95441147053947,-0.0,-0.0,-1225.6025498564545,-988.9788060263918,-45.98846581194987,-0.0,-0.0,-740.3938579092106,-385.9235186947992,-85.61465852273717,-0.0,-0.0,-0.0,-2198.3641741873716,-344.4203875744041,-1361.2583285477353,-4397.88695621129,-0.0,-996.7863409181421,-1166.8005524425535,-2422.3908155463437,-343.90291643050926,-0.0,-0.0,248.34113619815128,-1198.6426472159296,-1866.3977581330842,-507.69684221000864,-151.87888566887045,-25.100798455695273,-1818.4198154079825,-421.76996492863043,-1786.1735639790315,-676.7417239918939,-2755.377046198998,3.9106197334725588,-1002.9964061261892,-893.6072228273741,-1879.562183777488,-0.0,-0.0,-754.8268022142995,-1700.1655221187016,-1830.0875374568695,-881.6924336006541,-0.0,558.3933512675628,-69.4742482516288,-453.7808576344576,-0.0,-19.11585687523675,-0.0,-2493.973526042653,-52.70980448902145,-0.0,-0.0,-756.1769511091768,-1117.963954889607,-817.3454666024702,-352.5417389405825,-594.2045290512187,12.7616318745107,201.13679984823224,-838.2227633986079,-26.555253737309965,-1531.3778205854876,-0.0,-1566.0324926642843,-129.25335867941135,-767.6734589811887,-404.55563108778676,-24.562144978219692,-43.35495806216558,-20.419119919212836,-1264.0219717736875,-986.4257917526162,-1427.7244409263387,-258.7987753111137,-1401.3467861306287,3.925762668449358,-0.0,-774.5500620313544,-2707.2504028315752,-0.0,-0.0,-30.268752395515968,-2119.198187371229,-192.07278848889985,-583.1004693593787,-376.030638559065,176.9263618478155,-0.0,-0.0,-1281.774052366374,-0.0,-0.0,-2196.440750001658,-1600.0918641173696,-860.8839243633389,-769.0262849883648,-650.5436640403644,-918.999755046086,-791.9158949220384,-1316.9625735750465,-2631.0125562711773,-0.0,-0.0,-0.0,-0.0,-307.72122628849763,-0.0,-2090.5488137610514,-640.6454377322272,-859.9804585915437,-996.1361485968979,-463.48083183409074,-0.0,-1428.3717419029394,-663.974732571372,-0.0,-2615.2832903514177,-1467.2818603602723,-0.0,-0.0,-2452.3355222516407,-1735.6463921778607,-449.1798152882517,-817.7100324584324,-0.0,-540.5123801117177,-320.20030860475697,-0.0,-648.4045285539183,-555.8376823330451,-520.162192590182,-0.0,-0.0,-0.0,-0.0,-394.96104425903513,-1250.1616511346078,-7152.18035541852,-0.0,-0.0,-741.9876252449675,-716.6711377287701,-1955.430943659892,-668.3406035849873,7.744299852688784,-464.18023000058963,-0.0,-653.4696729014031,-581.2347899007825,-0.0,-512.7178627040379,-1157.0971851677177,-0.0,-0.0,-0.0,-0.0,-0.0,39.10860917950278,-2158.215340202244,-0.0,-1366.317071799267,-908.5008979508882,-4.088995047479301,-1721.6267906755786,-986.5658120032157,-986.6609057697482,-1442.3408587050108,-79.52416328025167,-122.00398644449781,-1282.7804767329883,-715.7004014979566,-692.7677472549092,-0.0,-1493.8775356719093,-1385.7453517396732,236.74469376805595,-0.0,-627.6195294618342,-728.7837292987689,-1002.8447224580216,-66.91267917727612,-0.0,-295.82034321767316,-0.0,-0.0,-2509.7408321718676,-2158.0839161498334,-1951.831734675453,-1742.42174760722,-0.0,-1269.071618680131,-2092.839667203047,-0.0,-5414.249786554885,-0.0,-0.0,-0.0,-0.0,-1069.553487067186,-2501.568057416805,-2355.8265252681363,-92.86246634026594,-2008.6134514047083,-0.0,-998.4733905245331,-31.99040909043135,-0.0,-69.61332900403575,-565.6903399236749,595.1786075521968,-0.0,-469.8325819289202,-38.96920464797921,-0.0,-1468.0310070572657,-0.0,-2150.367008160257,-146.59281627881646,-0.0,-0.0,-1083.7335714553908,-1612.3660239770215,-1061.3621123898604,-1260.9831206051874,-1313.3054633105523,1596.3722892510737,-58.917836249942845,-817.5476376373458,-36.694393573442945,-2520.834720523319,-830.0538693286513,-882.8283948423874,-473.85990530620086,-1662.6726180758317,-1757.4560314976045,-443.572611528539,-2523.0803812669383,-339.0152279593716,-0.0,-0.0,-51.61281604283288,-0.0,-0.0,-0.0,-0.0,-0.0,-0.0,-1719.0612828257852,-630.0988562502531,-1204.7772291340482,-923.2846670460093,-0.0,-592.0583669933059,-1263.4522190305238,-1131.2788924774334,-2255.5968496486175,-1349.0971202956105,-89.6467891486476,-201.75416907563135,-992.3704081447434,-1503.0682768672598,-0.0,-0.0,-0.0,-73.64922540198626,-838.5026078713746,-159.597669452824,-503.22792520883667,-1032.5552999381696,-0.0,-0.0,-0.0,-4182.967695467894,-0.0,-128.82647013459757,-0.0,-224.88227753741936,-1165.7306785833014,-1255.3079392153077,-877.3646484792615,-0.0,-44.13487968081358,-585.2923859458786,-759.3565347635993,-577.5112593820508,-0.0,-1086.9492110784959,-0.0,-0.0,-2804.1734038118448,-0.0,-1420.7125392852186,-658.4414206174423,-427.55019917140925,-284.98248859625915,-1451.2422211140788,-2850.1064584398473,45.00071381008549,-2344.6056717540414,-1743.8204632754046,-450.7462760331036,7.673745319528928,-0.0,1517.6594490629864,1133.2497829657266,1182.4944127252843,-0.0,-0.0,-0.0,-902.7485584389302,-0.0,-297.4806945387277,-186.63887141313808,-0.0,-3742.8077464379476,-0.0,-1470.6230782590462,-84.99707075931485,-1113.302339102438,-610.6799783829647,-1526.1467007690305,-1267.798019244738,-0.0,412.9435170585243,-2702.80597391959,-1730.9923501726691,-479.162596921354,-1262.5772859860617,-1755.4556359116161,-0.0,-0.0,-286.793335235742,-781.670838357971,-2332.4614432666694,-844.0438032462151,-38.26264252854696,-0.0,-0.0,-722.1598133430399,-0.0,-0.0,-0.0,-215.7213175616449,-1459.24546303628,1695.0650087450733,-1380.330166535613,544.3361075737904,-752.9272143922186,-1045.5656134574085,-11.230325309629043,-5070.972689021536,-394.30439809771025,-0.0,-77.41333822603927,-2457.1504283948066,-1799.8427203191022,-0.0,-28.167979685322297,-0.0,-669.7037431907086,-26.28965910291653,-1946.51487391101,-1605.4721780082887,-0.0,-328.0129316898497,-0.0,-0.0,-0.0,-779.6054791982441,-1067.1058576181597,-439.7261596494551,-1180.5402912667732,-1828.6642824865576,-999.2463916609007,-448.2528659017463,-503.27117334457955,-114.48312384671227,-1711.3695709789506,-642.5242482835245,-1047.9387779250021,-1271.496386575534,-1507.9666287537893,-1441.9456369335019,-395.5758975765238,-1549.9127811361361,-0.0,-0.0,-0.0,-2224.039147844535,-0.0,-519.744037868678,-1253.3328331346192,-11.455866411193984,-811.7801903551356,-633.8075691748136,-985.2614262975205,-753.2715465674653,-208.69924710491426,-1942.800406181622,-5456.154888588636,-284.5266765771709,-32.353793557991914,-0.0,-117.91896963493332,-7080.141469534004,-1904.0072784017627,-709.4031605985099,-2490.791122054703,-219.91176224074587,-0.0,-24.927936052379632,-699.835882943182,-129.05837748492553,-1163.0285202970174,-1109.0814045964898,-209.34884241882918,-0.0,-723.4420800210563,-1958.7610193988694,-2017.0493722483945,-1968.2468218576978,-0.0,-1580.1541302317776,-0.0,-54.34589135485405,-902.8741007646129,547.361094915472,-0.0,-0.0,-327.0613099905831,-1036.6210234840185,-765.7152978421248,-1309.6571098406719,151.51795220118387,-1480.525692579848,-133.98819694911177,-342.0425329053015,-2164.4115127215605,-1978.7222970648522,-393.83770700836845,-0.0,-0.0,-0.0,-0.0,-0.0,-2107.835457126824,-0.0,-649.0518608297263,-829.8151444393898,-2675.609506709016,-0.0,3.525550972896987,494.76960735364435,2115.859213071944,-645.66904472423,-1347.306415199389,-0.0,-1371.2474708452735,-3739.563133619787,-882.2492905960007,-5684.890945167934,-1228.700969447847,-0.0,-789.5744679460902,-2418.3343918043383,-207.36190893892697,-0.0,1255.0532307731291,1400.2086020907543,1210.069156270628,-0.0,-0.0,-0.0,-0.0,-89.53233885337607,-2400.820082494656,-84.85926425968044,-0.0,-2066.791864203614,-1187.0423053287248,-481.3693789272999,4.307637714583724,-0.0,-216.46414867001704,-826.8457209909424,-0.0,-0.0,-49.82155815202312,224.92883526499958,-2303.153677738268,-0.0,-873.0645885668195,9.094874016372374,-76.1323047188906,-0.0,289.897898858578,-98.25735081385938,-480.7116370561153,-1920.1495240862332,-0.0,-60.14499908737281,-1257.5466807685782,-1048.848783162515,-44.80542890073514,40.375450814480665,-0.0,-1270.2058052978466,-809.8250994248064,-8.778686866729238,-0.0,-0.0,80.0361197303761,-245.8853739409411,-169.07962493833682,-85.53852918104279,-12.631218012432468,-184.87497210968223,-776.1144246485958,-1003.9471634380302,-520.2087698360417,-0.0,-2252.202379657463,-1018.0816766717899,-0.0,-0.0,-1089.5154010547208,-2181.3902581823604,-627.8593176400003,-7.694945126015515,-2777.5432857149567,-128.40305881564547,-85.19510899726538,-1121.6205150481421,-0.0,-372.2400843642465,-1500.4292220690613,-3.8264548424434586,-0.0,-3438.7927150679902,-160.95150103703102,-1579.928683566413,-953.9094018157134,-1273.50035201454,-2470.8905857210816,-83.35343621686263,-872.5027753031038,-1970.7597750572388,-1245.6878422300292,-1253.9404224692942,-241.82780969316127,-1905.4610875498759,-0.0,-2745.883326158771,-0.0,-6666.280406934847,-238.8143777231026,-85.6007854494653,-1507.2718275618922,-0.0,-0.0,-0.0,359.66052417259965,47.8654612491468,-913.1075486549877,-1322.0514687231644,-450.3729756584922,-1079.8994219245749,-0.0,-0.0,-1540.7584953187663,-317.94014914688734,-537.946906540282,-176.0125379259952,-0.0,-1660.1286293113985,-357.7814144687238,-2001.0634817321497,-0.0,-37.577796054581725,-0.0,-1916.520605458563,-804.4448764678697,-1713.060761784977,-0.0,-0.0,-1518.846875361209,-527.3870776951891,-810.5741546111868,-1586.7231840441527,-471.1119287401237,-1462.0739611394952,-0.0,278.7662068005512,-1279.2014089826828,-4358.113836337178,338.00789933222273,-1283.876282686983,-7865.168255159054,-634.4974019547855,-686.8084824705022,-231.95440361934175,-186.5133313145741,-964.8259364044214,196.6753600035514,-205.85454869734284,414.3805677209629,-1145.9917745596824,-588.2679560399017,-0.0,-1223.369052510392,-1909.8394806320275,-924.2089942093662,-402.57946376510375,-0.0,-0.0,-34.29385152278275,-1063.4346822992698,75.00682885173562,-2212.928330530248,-0.0,-0.0,-459.7132965152425,-625.6951168037817,-998.9870674504232,179.23350239751295,-2695.4191029187373,-1479.799129569702,-1304.5070478717755,-236.93835249456325,-0.0,-396.5234012664712,-0.0,-604.7547501771147,-24.103420573906785,-1390.9400433674639,-517.5557627433237,-1074.067048854549,-356.55290323822624,-328.3396889898706,-0.0,-1160.5835202625826,-705.6758751720463,-1276.154563575822,-0.0,-3367.260193870646,-1390.691103405263,-1283.146552623261,-831.8315617939353,-1139.486309921703,3.876148472589013,-2258.8537354379714,-790.7912263665283,-1246.736836547972,-1968.5292518755296,-315.03352954729735,267.03944749871135,-1100.633116732599,-0.0,-0.0,-20.251963980584396,-61.70187056806061,-19.26851327111273,-272.24964210368694,-0.0,-0.0,-0.0,-0.0,-0.0,-0.0,-0.0,-0.0,-0.0,-0.0,-1468.2029926132282,-2448.038036238119,-2188.538775549475,-0.0,-0.0,1780.8696861061117,-474.3465325093056,-0.0,-512.1416950166289,-472.961440920218,-1033.9828046856537,-999.019789514437,-1180.3695147474386,-0.0,-662.5171328393925,-426.9474941185259,165.99895498165287,-0.0,872.2304482971678,-0.0,262.0977183119023,-0.0,-332.5514431551441,-0.0,-389.65292419628514,-1214.3161737188314,-2028.4115376384266,239.68558132407324,-0.0,-0.0,-0.0,-0.0,-0.0,-366.241291641453,-86.11718565053273,-0.0,-0.0,-0.0,-566.9137137670546,-0.0,-44.74195288901865,-654.5073782034153,-3335.095136345022,-0.0,-1363.184313226584,-0.0,-621.3252835947976,-0.0,-0.0,44.942898084057894,-0.0,-168.34785427396352,-0.0,-0.0,-0.0,-979.0897623261053,-1884.4082639914682,-0.0,204.56410208153545,-2408.2204943657807,-0.0,-74.81025659075581,-276.78075024084274,-0.0,-0.0,-1522.1261196639573,-0.0,-941.6719711794492,-1346.1844180856924,44.48333662746047,-2826.0297910359063,-1758.7269547355374,296.70496937845513,-709.0782905163348,-0.0,-1062.8993050605582,-0.0,-0.0,-0.0,-3561.3483465498152,-875.105928319743,-1579.8338598162154,-0.0,-395.41445047211926,-4.0542313060272726,-1334.5742599385324,-2048.0773277984135,77.57364305470617,-3105.4507122304526,-0.0,-1966.2948753470384,-2627.8375312511716,-0.0,-0.0,-0.0,-0.0,-2411.529727590184,-164.65504931920938,-1498.2648606688615,-0.0,685.9391652830302,1323.0410446862386,-0.0,-0.0,-930.9401187159086,-901.2173505293459,-340.6235957863452,-19.287730523638064,66.91707108398332,-0.0,-1276.3358373935635,-0.0,-292.70478376476814,-1042.685455459615,1386.248965490205,-0.0,-0.0,-0.0,1025.315991102248,1039.2037487970183,-771.8039398283231,-0.0,-1382.4417001348054,-0.0,-1140.6843608134072,-723.7253983535524,-0.0,-0.0,-0.0,-0.0,-0.0,-58.82278715054409,-0.0,-0.0,-0.0,-1192.7637746381224,-289.6098235943659,-0.0,-0.0,-0.0,-149.38122152126437,-73.63240573192088,-660.2728747593613,-725.7883813442785,-2495.1993528656053,-1131.9150687980355,-1006.5441463288821,-0.0,-2778.345784373943,-43.4797405985653,-0.0,-983.9779373692874,-2460.609710573043,-740.2753459067607,-518.9733200489222,-1312.8243244998419,-274.691639120517,-683.3818976252822,-796.5522739027627,-1103.4171718414862,-267.0086152244096,-1718.316521444872,16.651528177539106,-391.479466684957,-0.0,-0.0,-818.0126647057762,-3734.1726735137945,-0.0,-966.7885817737726,-528.3075516163551,-0.0,-369.75295463828434,-570.615801455884,-791.5917551722595,-253.38732852479913,-0.0,-0.0,-0.0,-0.0,-0.0,-44.02195443639045,-0.0,-698.9292597456111,-0.0,-0.0,-671.4029171057944,-1071.4466966940865,-2634.1092908380683,-449.32276849586884,-640.4280971050462,-103.51138160744792,-2086.1564967581708,-0.0,-831.1465801615732,-543.5764068810032,-462.0251085088829,-1353.6084573994071,-1022.2348047492802,-1602.9109746819315,15.574827141805294,-420.4513118658048,-0.0,-1120.5025021284414,-1103.33901248852,-141.63390507395562,3.8022525781087118,-2587.488930513795,-1159.9106330371408,-679.3319985707841,-0.0,-722.0589659509151,-754.7736627697265,-549.55431902685,-2217.9310329979917,-3.7716533260510294,-0.0,30.958358363457737,-0.0,-0.0,-226.10677110313284,-3918.9852096121735,-188.84222711297437,-1614.9770163795836,-3497.5575344617587,-0.0,-4742.078700679886,-267.24582693592333,-2068.238384606816,354.1273588987068,-0.0,1642.4267884718838,-883.1098912587986,-0.0,-2078.1938004513718,-0.0,-72.91660676549938,-44.32120337059548,-0.0,-0.0,-0.0,42.21080354913503,-0.0,-0.0,-0.0,-619.6637149122363,-1382.984884981687,-804.8086707590767,-0.0,-3399.3175472655576,-0.0,-0.0,-0.0,-255.50894373319022,-372.2207969374249,-0.0,-2281.771897840731,-0.0,-0.0,-3458.0216634619264,-0.0,-26.435620521687095,7.961499271518057,-471.4331081588244,-21.610278546939227,-0.0,-0.0,-247.20936438008303,-0.0,-0.0,-1361.09486572652,-1274.547439041455,-1390.722179754544,-0.0,-314.4151490294638,163.3678343019088,-378.35136521512106,-15456.71888591675,-0.0,-653.589958570149,-1355.917230014816,-674.3971826727557,-0.0,-34.9721964755371,-16.018950630790705,-260.45590689563954,-1078.7028947247495,-0.0,-0.0,-0.0,-523.1908159914107,-2426.2191200476386,-1469.9519803735852,-0.0,-0.0,-0.0,-295.13587191717784,83.76172255729095,-8.544375815545441,-1257.5172898979336,-0.0,-0.0,-1027.5167111891399,-0.0,-0.0,-0.0,-2631.69527423075,-1076.5810881001812,-0.0,-1226.3728829335082,-612.6783377779708,-236.7745110754113,-670.7424155214246,-1158.854123641538,89.93654003073586,-1269.0789043261047,-1185.1871258281153,24.969719205802527,-1922.451342786376,-0.0,-0.0,-0.0,-0.0,-457.2006686382291,-0.0,-0.0,-627.9696348655333,-947.2502762996539,-702.1719776253765,-0.0,1619.0021671521354,1291.3044241994787,1404.7324882354487,-0.0,-0.0,-0.0,-929.4526672476068,-41.250040775176025,-840.6607738289979,-78.72913903912601,-632.6053834189921,-1798.544052079715,-1252.7880105074873,-2161.721385688266,-0.0,-0.0,-0.0,-0.0,-472.68056988092974,-792.8704686825613,-1659.3800795055292,-445.74787736080447,-1526.6045949846232,-1754.021637824943,-2180.982718744695,-0.0,478.2047856784301,-447.0591005568204,-395.1251679515766,-130.0201740141967,-4696.068295522464,-70.53738263371706,-0.0,-897.0686823278729,-1546.0917629833527,-0.0,-61.82453787390901,140.2207667975228,-85.87511653838908,-504.3847644741195,-2120.871001095195,-159.32475362895505,-1859.9797153450445,-0.0,-1922.1400830167845,-1963.3204682780413,-1332.8117035905998,-0.0,-1641.2506165616196,-361.3106806323863,-689.3550800007605,-1137.2841584403038,121.36543387598195,-1816.3864870774535,-1395.073565678125,-0.0,-117.85752023453826,-0.0,-0.0,-0.0,-1084.6742976024902,-641.2976578599231,-0.0,-0.0,-0.0,-3467.89277524017,-1855.5179064636936,-0.0,-0.0,-4.069969444889465,-1572.896899663959,-889.4040420150403,-0.0,-779.6212035659447,-1329.9056368555143,-534.9235045812773,-24.958634037853102,-1038.3772031821482,-7.465284154618788,-1506.8742433368668,-1709.6247807031812,-0.0,-0.0,-40.68520931514281,-0.0,-0.0,-1310.5359503888096,-85.93290995089033,-506.48569757086096,-0.0,-0.0,-0.0,-889.3965861323617,-318.43391190461637,-113.38913695743116,-471.6174763595945,-247.784265707001,-2093.480737833997,-345.5793203489766,-549.0070864213604,-1128.830995410697,-0.0,-393.1143498482937,-0.0,-2042.4973957540499,-1583.1527195178899,-1633.0952453864138,-418.2577169394873,-253.94571672157835,73.28355377252743,-1016.8709919679044,25.693873926398528,-0.0,-477.71015082626934,-0.0,-0.0,-479.7675243138715,-128.30766838469665,-2883.926655862004,-3009.0649017058504,-557.7762123189499,-0.0,-0.0,-955.4620117469582,295.6382434946969,-0.0,-0.0,-0.0,-1106.4056368747185,-49.957021931229775,-525.9813864540025,-3978.7387051933647,-1473.1265105460125,-1177.1330539991445,-435.9339794506892,-189.04171355180276,-1260.966408676559,-725.9867598176755,-554.3240596459304,-0.0,-697.8010220268428,-666.3128976391927,-1975.2386681957223,-0.0,4.45467305281413,-13.31423987571091,-0.0,-0.0,-1792.5567958624683,-0.0,-4025.0267819260034,-1269.966770125823,2417.5089582379587,3000.038339744392,-0.0,-0.0,-778.7836603896482,-1077.8864221371487,-601.5050454024945,-351.0537158828785,-3230.982831350699,-663.466057270656,-0.0,-0.0,-0.0,-1215.8394984870342,-743.5077943409648,-192.20224430494017,-2417.249768220887,-1217.8171114644304,-28.16257287327838,-430.7194691771564,-1159.5582560580233,-295.12405164753386,-534.6206727658333,-0.0,-66.8111788209273,52.89638982068886,-1010.5835742861796,-161.01255330791093,-0.0,72.03234253485093,126.06301273767677,-189.62534284440952,-1308.1723834199836,-2131.7246817343816,-61.31699644261215,-920.3257930817298,-1511.3625610827344,-0.0,-0.0,-721.3985699761607,-0.0,-0.0,-0.0,-0.0,-707.9452971405559,-23.46762986540178,-1451.5024056966695,-1351.499519079897,-2525.44881966865,-1309.0094153514804,-0.0,-649.821027251499,-0.0,-1515.0811950581362,-1797.5213386801481,-1346.5124072002363,-1011.0121926425644,-0.0,-2177.5009335456884,-0.0,-0.0,-0.0,-3433.6771709001814,-1250.5709164102964,-295.63313452097475,-964.1696281307634,-880.2986850519173,-906.8099262050066,-0.0,-0.0,-0.0,-43.91469066994635,-5144.124384577931,-722.3560215184957,-2096.7092080372104,-3826.6377168393783,-2266.4452206211354,-449.9873943935998,-0.0,-1787.66635993556,-780.4130584212446,-0.0,-356.73307267563416,-389.8212539172418,-40.176277109012915,-1078.0748704406517,-265.1095434995337,1443.942144960473,-449.47361215895097,-0.0,-0.0,-1032.5527932820576,-880.9769492583378,-2597.7766134729964,-285.32700637586817,-0.0,-0.0,-553.7201422699079,-0.0,-0.0,-0.0,-0.0,-1344.6447940683859,-690.2172047778728,-1423.2800912073694,-480.7723939101712,-3.852398990709498,-735.1667904714594,-0.0,-0.0,-0.0,-0.0,-2562.6426463279117,-0.0,-0.0,-0.0,-0.0,-0.0,-0.0,-778.2240212857073,-0.0,-2667.779483936214,-542.3263197526984,-235.7278876548427,-1289.634152225342,-0.0,-0.0,-1472.1578696925576,-1433.9154030138138,-3.828644200196098,-494.257958722505,-58.35144656988008,-1948.3763545465758,-941.0617767130767,-0.0,-3995.618737394216,-1328.499046405148,-0.0,-0.0,-15.115282068005635,-425.33534342269746,-1228.837974991066,-0.0,-0.0,-24.62659324657575,-1523.865650951189,-602.4394477777474,-340.31356929192293,-75.3882811102689,-1902.2936563950082,-0.0,-0.0,-0.0,-0.0,-0.0,-574.6912190488679,-500.86570753318006,-596.5996055487899,-4466.975728840935,-1694.5134201501098,-1294.1048950927398,-102.20426358723384,-1127.3448778586564,-1133.3801466746927,7.64600609921574,-0.0,-0.0,-0.0,-606.8172905525475,-459.49931925339456,-1828.5513531665515,-609.2872523120665,-0.0,-1670.509606258453,-0.0,-714.7349900637585,-0.0,-0.0,-2054.3962077187693,-555.0960529349924,-581.3170145317417,-1500.7067950987316,-124.34637311076048,-12.406674583334095,-723.8567205222458,-1488.3033652473416,-0.0,-469.9513956812661,-1267.4546884045517,-4038.2068517202138,-0.0,-297.9205502987207,-2157.411412727693,-1390.9286295405464,-1321.3504497912832,-515.9677124986928,-1216.8972091273897,-0.0,-353.4980197450287,-0.0,-259.5211774517677,748.5736859595802,-0.0,-0.0,1022.9283961358186,-0.0,-2273.8500534547416,-750.7306737245749,-1122.5205032320941,-1207.125812633133,-1552.5904418604853,-376.49688862893186,-149.37661364971686,-0.0,-0.0,-901.979247565705,-1111.8528344260847,-804.7499360066598,-0.0,308.7572359394477,344.3372371444147,-237.77559957899115,-2826.03786860206,-2163.4712496849347,-0.0,-0.0,-1460.5205850192083,-3988.9214384924758,-2701.4480192388182,-530.5348457029758,-1089.4219236953197,-1144.429066154351,-0.0,-220.90411730470717,-0.0,-637.1875005288774,-266.92468449298093,-1693.4174574719684,-2720.887463061709,-328.6406148137261,-543.4446261844365,-4697.919128266759,-1463.2208749293118,-582.0391814767744,-258.08598761100495,-1565.8494151422299,-755.6966075337439,-4.10069741137951,-1612.7681854021946,-1620.8634901701691,-0.0,-0.0,-727.3973999909931,-1327.2670924247025,-357.01063044473216,-3.9479971022354263,-0.0,-0.0,-0.0,-0.0,-0.0,-38.578864812400234,-781.3798379195832,645.8851204864015,-460.404767151834,-896.8300066371348,-534.618958997454,-987.3195933397233,-1629.9291156599895,-1233.5094778348982,-1710.832276039426,-275.87353088389966,-615.3076935082975,-1599.3353648890277,-732.4390771488645,-0.0,2941.661860821337,-276.2130299820865,-75.68138236632078,-0.0,-1037.268554743923,-650.5217443025002,-1507.564043116675,-1855.1096377886756,-2472.3013028450405,-0.0,-0.0,-0.0,-0.0,-1122.4053687021478,-1648.2794512303683,-0.0,-930.8410024048657,-8.18519556687344,-0.0,-0.0,-0.0,-2836.5859807488105,-894.3084147229896,-181.64296017091033,-53.754086163243905,-0.0,-0.0,-1288.2626355421394,-1471.405584337422,-813.7291483081439,530.2914665859407,32.1895825111788,-0.0,-22.550465861213862,-0.0,-1559.1083559622712,-539.404348633136,-1409.3778043437512,-1695.8822695091671,-1762.265421783647,-43.75415432875734,-0.0,-0.0,-2052.7331224997006,-368.00604377101297,-0.0,-0.0,-221.48376982467957,-0.0,-43.943610149059836,-0.0,-1450.3866285081087,-826.595988640804,-0.0,-75.961493650283,677.4448674191782,-0.0,-205.0079402206913,-2556.691748467691,-0.0,-0.0,-762.624536591078,15.154967849267766,-0.0,-0.0,-806.7086416182252,-1469.5150471199222,-0.0,-871.7973421489542,-0.0,-1155.1540729285027,1748.0645077406434,26.04588844415757,-1741.8524705257857,-1898.358178597982,1129.2375043965942,-0.0,-2351.9370600394072,-790.4885784590847,-985.3708236546639,-0.0,-645.3244761861139,-137.42951343168187,878.7309195152194,-432.47583719986943,-1548.1054807914857,-0.0,-0.0,-0.0,-920.8780224022037,-634.6572242672075,-793.4839919933459,-972.7321023706077,-1170.2472518679215,-28.724457759516692,-1147.0281469946594,-1086.3743346111294,-1365.2343508279614,-0.0,-0.0,-510.4701557875292,767.8964577175554,-6757.293848184973,-0.0,-1277.3937143272447,-1969.7481238943335,-931.3329910393913,-829.9118490789299,-66.53300263125504,-2810.538964239381,-387.9306268893563,-0.0,-1095.4275705972143,-875.1553400027735,-669.0199062771283,-0.0,-1529.2227553538305,-2009.026721764563,-29.78203159296675,-1182.3635933332619,-2743.160208470423,466.6340267367132,-0.0,-438.706923510739,-165.28103579100852,-1248.807796911164,-1039.6994346674735,111.15953430040081,-124.56153864358225,-875.9357098183085,-498.117465321923,-563.8309826946605,-694.6613904478327,-562.5012806952861,-0.0,-1410.464022397491,-0.0,-1191.0009331336707,-693.7174605335305,-160.33233682928645,-0.0,-1718.4640395158349,-4991.180194587943,-0.0,-451.25834691950007,-0.0,-2602.7426474590375,-246.23608383384618,-0.0,-406.7273466641014,-443.63583546422865,-0.0,-2219.9312722552286,-1583.6497378857537,-0.0,-4362.129150323058,-123.3192232219545,-1325.7890599811226,-1459.8401034403332,-1798.3959518252582,-117.7369467629857,-0.0,-984.8069036557142,-2194.958684305952,-595.1206228983866,-1032.3725461515319,-1122.7687410744113,-1818.8335944607718,-2481.08765270953,-994.4147588285281,-1901.8013267996166,63.835494287628286,-0.0,-300.32179963333203,-1297.4072009246577,-1103.582748925899,-0.0,-0.0,-0.0,-432.31052685455575,-508.5310965333641,7.7273568239440715,-600.5164642222994,-0.0,-1219.808133289987,-760.5122544366089,-615.1685146447646,-0.0,-0.0,-298.3665351570093,-1625.6374417269026,-1030.772282263244,-319.1927576778573,-940.1730452847888,-34.68958628251139,-0.0,-0.0,-3207.0018025708823,-1157.5663148213564,-0.0,-0.0,-0.0,-90.7944483443919,-1090.6521330817436,-51.80608787113071,-1839.3733400152294,-1784.6684464168356,117.9096230992445,-0.0,-598.5932281911623,-0.0,693.5438539336268,-131.3214660151644,-0.0,-1657.8861374563007,-324.4002990090529,-1834.4807015552076,-0.0,-1565.3502834944811,-617.6299114157756,-203.9323284103211,-12.752349429272769,-37.09628452420699,-0.0,-0.0,-724.6262226504075,-1335.6576830654963,-0.0,-552.7717120806376,-0.0,-360.9386763698195,-542.034144715275,-0.0,128.49830707789812,753.8187039784522,716.2283386402219,873.2312004762064,769.8248679742092,813.9582569358707,-0.0,-0.0,-0.0,-0.0,-0.0,85.52686556821672,-0.0,-0.0,-569.8032683372211,-156.72475515898785,-501.01757963954964,-90.15716170256823,-0.0,-952.963977907269,-1633.3031857529024,-1766.0568285140266,-245.22828026277253,-213.04844737458723,-0.0,-0.0,-657.2807405521392,-0.0,-0.0,-0.0,-0.0,-3022.858303140688,-0.0,-44.096235342869434,922.5626576450944,-0.0,-1076.8411422183967,-567.3776359813435,1599.9388116332036,-894.6573883729058,-0.0,-3231.5879876273048,-2101.3860537996507,-205.1133342172418,-865.9542629623966,-1354.4368217831056,-567.7284365264529,1206.3590181648128,-78.6485510129219,-592.6333769199637,-0.0,-0.0,-523.480191878417,-0.0,-797.7546857978466,-0.0,-466.16623946881106,-37.831778678469334,-0.0,-0.0,-1124.808177449352,-0.0,-0.0,-529.4876607567389,-1289.7288991651376,-1879.2258335521908,-0.0,-0.0,-0.0,-1734.4591882232342,-0.0,-1149.8817030861671,22.758468071824392,-0.0,-0.0,-1192.1369364537022,-910.3519824416294,-1291.5893052843958,-381.939784708297,-0.0,-1389.5140164665358,-280.86087767518853,-0.0,-0.0,3.9713455531629345,-38.24600606455072,-4644.998582204605,-0.0,-119.51180283589872,-31.5973055021588,432.04952646526493,-85.78504443907151,-997.0056195192494,-906.0609092385498,-450.40460938133924,-0.0,-0.0,-1798.9478047424109,-0.0,-0.0,-0.0,-0.0,-0.0,-0.0,-0.0,-168.9310287353549,-0.0,-0.0,-2003.7246250829269,-7306.353578272801,-118.21972656895386,35.40835342051733,-450.9683902469573,-712.9963526111245,-113.63329645090965,-4422.038321931901,-270.8338647734032,-308.8559349758671,-0.0,-0.0,-0.0,-2035.2628652070846,-0.0,-39.09739219049382,-0.0,-0.0,-0.0,-488.64148622779084,-11.607035447019625,-277.63115712762215,-1492.3899773128744,-646.0332317931394,-74.33730304146322,-2593.532560974691,-0.0,-86.46781516299833,-2200.3096955556002,-0.0,-1119.462164853247,-76.22441711064603,-1568.2694918190884,-0.0,-0.0,-1098.0247047709745,-607.8039731790217,-34.88426733146235,-870.0542968894081,-836.4764980883434,-713.897260867139,-170.04928976179562,-703.0549628893526,-735.0442760788003,-2276.9469695764783,-1030.9952923772382,-0.0,-1573.3403330463527,-368.20289447173946,-691.3151142076895,-0.0,-0.0,-1017.7378958840396,-2367.641128550597,-846.0154147114552,-0.0,-0.0,-0.0,-4030.451450529,-821.9739101542267,-197.88172540827372,-338.58349498642735,-42.96187689394336,-3726.2566413575905,-0.0,-0.0,-2295.544687600076,-862.952901968758,-0.0,-0.0,-0.0,-84.62151740626581,-0.0,-1907.1541140342938,-1822.205833218861,-0.0,-337.67342133061936,245.0407172762799,-0.0,-0.0,-0.0,-1018.571480049156,24.028154754520518,-2448.7296887522702,-565.1986345444687,-1141.2504798761602,-688.9707962856213,-3610.1478118873797,-1662.4705771861982,217.21713842925732,-0.0,-3152.5921940700837,-0.0,-0.0,-0.0,-1291.4563786833494,-762.3817234776005,-1568.4503479938694,-0.0,-0.0,-884.4905934298249,-1524.3257270286754,-689.1604843997892,-498.9866286776779,-0.0,-0.0,-1307.6264990124876,-0.0,-0.0,-0.0,-0.0,-0.0,-0.0,-559.6464199528571,-76.25891730224569,-1344.1391906820538,-0.0,-694.395099952409,-1223.1613045760955,-34.549251266013755,-0.0,-0.0,-0.0,-0.0,-0.0,-0.0,-0.0,-0.0,-0.0,-0.0,-1169.5238624158396,-2006.4354070472561,-0.0,330.40519423518026,-0.0,-680.9014803183288,-100.45015845806553,-0.0,-766.8309898529416,-444.9202998823935,-88.09329735600265,-2007.5802433271479,-505.6410527172128,-2902.4575277233057,-178.41238106002686,-2252.7301638161603,-1841.2114969919887,-905.8953396113907,-4.4246069917096404,-0.0,-1133.5338119998266,-2213.777587211983,-2498.3967307387265,-77.92814345823514,-240.52279590872166,-1758.8573206411675,-0.0,-2678.462600217813,-399.6684533999106,-0.0,-1722.4920263112117,-0.0,-817.5805351005005,-0.0,-2520.550195755883,-0.0,-0.0,-90.53177745599675,-1063.3139652673228,-554.2745794961813,-0.0,-1416.3599517749585,78.76113533455526,373.34315174500927,353.1167060321939,-274.88734288516844,-1750.5938291457812,-616.309213106298,-0.0,-0.0,-5420.546845508197,-1136.0434283011589,-0.0,486.1156645473601,-0.0,-1963.9782128628979,-521.9294211361272,-710.7526181059392,-0.0,-0.0,588.7914599152726,-0.0,-891.3347131462156,-1258.6505306038755,-1898.8565547291155,-0.0,-616.1252398258987,-3160.064684184908,-1016.9012031188777,-0.0,-1436.3112968167059,-135.04788656516615,-1193.7148016422373,-0.0,-963.4881646562968,-0.0,-0.0,-0.0,-901.7142613574599,-0.0,534.9823799377193,-0.0,-391.13645539399687,-763.967767886337,-447.2523361650288,-1061.1452478086148,-638.960802805888,-1853.3258152710025,-1234.4959184957575,-0.0,574.1757295423681,-2394.193705528154,-1632.7721687151263,-715.4822252266406,-0.0,-0.0,-0.0,-150.5137098479855,-1113.3414969773685,-306.2189880197185,-856.9067736969729,-2126.0189266031343,-2940.2847912216644,144.45630075145957,820.7265610195593,708.2727386291267,-0.0,-0.0,120.04003869013607,-32.23712745505227,9587.017513351548,11250.71802575224,5834.283356868929,10859.88988022247,10582.570282513867,9721.95603348083,-0.0,-0.0,-0.0,-0.0,-0.0,-1468.5585288066725,-1404.8836918843717,-948.044982639903,-0.0,-2431.5769004914514,-611.5644608206416,-1063.4441689272874,-33.31743202930626,-729.1144553304616,-1396.141636132442,-1097.0306818848528,-1221.3890878232664,-0.0,-3016.3486901498845,-1872.6379105795972,-679.1910829474683,-123.83006183577368,-3352.7768174229586,-0.0,-227.68218929400007,-0.0,-11.50723195134551,-0.0,-115.39165840337155,-292.0273215464143,-1108.452576813627,-852.1497908953879,-0.0,-0.0,-0.0,-2414.4135791004205,-0.0,-0.0,-253.66328846191192,-1024.9565939889192,-1058.9437483307138,-87.69981871282259,-1305.498969279996,-1795.3818951762255,-326.56946655511877,-0.0,-0.0,-116.01254095817886,-1246.7454959120917,-336.2937627931955,-0.0,-5759.672953606239,298.31578896641946,-0.0,-0.0,-0.0,-35.96106226020553,-447.8726077383552,-0.0,-0.0,-1239.1079815965427,-2339.05446431048,-1311.1201724212413,-403.65860333907784,-458.2924976102234,-489.7904549935067,497.4738239395355,-1406.7137684806594,-0.0,-571.5062194541814,-2709.7246644104484,-502.8425704480712,-8.871001453180032,-0.0,-5.476467209842482,-0.0,-0.0,-0.0,-1252.28316849467,-412.58280449491986,-1412.5431081044292,-0.0,-0.0,-0.0,-266.4008112173944,-532.3034237846502,-1484.3843410557233,-2913.6591464598027,-390.60443397407124,-201.05141884870454,-0.0,865.6270034607853,-0.0,-1199.3723607973118,-165.20283070530488,-0.0,-0.0,1018.4317569235048,-0.0,-1626.8238284765068,-0.0,-0.0,-0.0,-205.67291964520865,-2072.6508406696366,-1717.5952541327506,-26.868215654634366,-2381.475924986321,-1595.5484881740717,-27.26450907636542,-26.834772128314956,-75.54988379176567,-0.0,-0.0,-2108.4077102759197,-0.0,-5917.428412198955,-0.0,-1567.8490923642194,-271.2679575220105,151.13607802509816,-0.0,-58.12042436072258,-1378.679304608451,-1556.0682021717353,-549.53625215692,-37.1718866587556,-268.3764242617967,-0.0,-0.0,-0.0,-0.0,-1255.653132207439,-902.873094569659,-0.0,-593.4998442095,-1296.0504378070268,-189.9713242633182,-78.90062458707894,-0.0,-0.0,-0.0,979.274473820799,-4.142498807003789,-0.0,-535.235976706104,-883.0796610421214,-1462.9047263000868,-0.0,-0.0,-2471.4992967542958,-0.0,-0.0,-0.0,-0.0,-683.099826507779,1034.3514606694666,1098.394186117997,1251.337082231121,-0.0,-0.0,-0.0,-611.0032566261634,-0.0,-0.0,-377.2047746666331,-685.7121019403726,-0.0,-191.67905691981582,-1414.1717734103527,-1347.0760267410617,-0.0,-0.0,-0.0,-11.34866739046208,-1508.6590669329862,-3.796775602382387,451.30385897702405,-0.0,-1767.2333766156619,-908.1184471948455,-625.2482795634003,-1727.5802528239312,90.99897350697658,-273.0453840971386,-20.721255650524647,-457.20970347942125,-435.5071587229029,-1117.1135408295927,-385.6557062965956,869.4442156060996,-1332.8236916067947,-228.64285449266004,-171.22737614777117,-4091.1587591968478,-2494.842520661545,680.2400352430699,-1014.7234598840132,-193.32721899946569,8.197588641854495,-764.3770671655261,-1075.0566179837037,1890.2171578638047,-667.1905486173351,-703.42735131942,-721.7373582711913,-0.0,-7058.289608794687,-0.0,-533.6327433417183,-950.6546764264173,-675.5123918510891,-948.1984737520328,-1276.5225080795622,-0.0,-995.1963756558894,-165.75188279045202,-85.37041061394231,-7344.401218366224,621.9698762772177,-174.84360814919685,-0.0,-613.9039915151775,-1325.8590799537617,-0.0,-0.0,-512.8788179634627,-1865.7445349021357,-75.18595450283694,-234.78622362595667,-276.2891823454352,-1255.438854553619,-0.0,-0.0,55.61944618492472,-0.0,-0.0,-1819.4128802489265,-0.0,-1861.9181087965567,-996.0613370781684,-1331.6145188083067,-0.0,-0.0,-540.1412081966728,-922.3639623200331,-133.44403577485105,-0.0,-480.98031966024206,-153.17906821711645,-533.9689127331912,-0.0,-219.43980169760667,-516.5515105853963,-2333.78586619998,-1011.2365913017279,-1452.8484718879706,-0.0,-0.0,-1479.5989923155914,-18.993882727601253,-0.0,-0.0,-1193.3882066625188,-0.0,-0.0,-0.0,-0.0,-0.0,-0.0,-0.0,-0.0,-0.0,-0.0,-112.38642633486178,-0.0,-0.0,-0.0,-0.0,-0.0,-0.0,-0.0,-0.0,-0.0,-0.0,-0.0,-328.5743500333748,-0.0,-0.0,-0.0,-0.0,-0.0,-0.0,-0.0,-0.0,-0.0,-0.0,-0.0,-0.0,-0.0,-0.0,-0.0,-0.0,-0.0,-0.0,-0.0,-0.0,-0.0,-0.0,-0.0,-0.0,-0.0,-0.0,-0.0,-0.0,-514.1829670162086,-0.0,-0.0,-0.0,-0.0,-0.0,-0.0,-0.0,-0.0,-0.0,-0.0,-0.0,-0.0,-0.0,-0.0,-0.0,-0.0,-0.0,-0.0,-0.0,-0.0,-0.0,-0.0,-0.0,-0.0,-0.0,-0.0,-0.0,-0.0,-0.0,-0.0,-0.0,-0.0,-0.0,-0.0,-0.0,-0.0,-0.0,-0.0,-0.0,-0.0,-0.0,-0.0,-0.0,-1478.0778486836896,-552.6323033667848,-1929.6167664578907,-0.0,-0.0,-0.0,-0.0,-0.0,-0.0,-0.0,-0.0,-0.0,-0.0,-0.0,-0.0,-0.0,-0.0,-0.0,-0.0,-0.0,-0.0,-0.0,-0.0,-0.0,-0.0,501.90081304755944,-0.0,-0.0,-0.0,-0.0,-0.0,-0.0,-0.0,-0.0,-0.0,-0.0,859.0843188755293,-0.0,-0.0,-0.0,-0.0,-0.0,-0.0,-249.38321784045107,-0.0,-0.0,-0.0,-0.0,-0.0,-0.0,-0.0,-0.0,-0.0,-0.0,-0.0,-0.0,-0.0,-0.0,-0.0,-0.0,-0.0,-0.0,-0.0,-0.0,-0.0,-0.0,-0.0,-0.0,-0.0,-0.0,-0.0,-1049.8719852521513,-0.0,-0.0,-0.0,-0.0,-0.0,-0.0,-0.0,-0.0,-0.0,-0.0,-0.0,-0.0,-0.0,-0.0,-0.0,-0.0,-0.0,-0.0,-0.0,-0.0,-0.0,-0.0,-0.0,-0.0,-0.0,-0.0,-0.0,-0.0,-0.0,-0.0,-0.0,-0.0,-0.0,-0.0,-0.0,-0.0,-0.0,-0.0,-0.0,-0.0,-0.0,-0.0,-0.0,-0.0,-0.0,-0.0,-0.0,-0.0,-783.538417372759,-0.0,-0.0,-0.0,-0.0,-0.0,-0.0,-0.0,-0.0,-0.0,-0.0,-0.0,-0.0,-0.0,-0.0,-445.35571024551314,-0.0,-0.0,-239.69994063076982,-0.0,-0.0,-0.0,-0.0,-0.0,-0.0,333.63384864729534,-0.0,829.1066864977544,-0.0,-0.0,-0.0,-0.0,-0.0,-0.0,-0.0,-0.0,-0.0,-0.0,-0.0,-0.0,-0.0,-0.0,-0.0,-0.0,-0.0,-0.0,-0.0,-0.0,-0.0,-0.0,-0.0,-0.0,-0.0,-0.0,-0.0,-0.0,-0.0,-0.0,-0.0,-0.0,-135.8607346592253,-0.0,-0.0,-0.0,-0.0,-0.0,-0.0,-0.0,-0.0,-0.0,-0.0,-0.0,-0.0,-0.0,-0.0,-0.0,-0.0,-0.0,-0.0,-0.0,-0.0,-0.0,-0.0,-0.0,-0.0,-0.0,-872.299015416687,-0.0,-0.0,-0.0,-0.0,-0.0,-0.0,-0.0,-0.0,-0.0,-0.0,-0.0,-0.0,-0.0,-0.0,-0.0,-0.0,-0.0,-0.0,-0.0,-0.0,-0.0,-0.0,-0.0,-0.0,-0.0,-0.0,-0.0,-0.0,-0.0,-0.0,-0.0,-0.0,-0.0,-0.0,-0.0,1262.2688760731555,-0.0,-325.5938401707784,-0.0,-0.0,-0.0,-0.0,-0.0,-0.0,-0.0,-0.0,-0.0,-0.0,-0.0,-0.0,-0.0,-0.0,-0.0,-0.0,-0.0,-0.0,-0.0,-0.0,-0.0,-0.0,-0.0,-0.0,-0.0,-0.0,-0.0,-0.0,-0.0,-0.0,212.62001615639792,-0.0,2074.2298124155063,-0.0,-0.0,-0.0,-0.0,-0.0,-0.0,-0.0,-0.0,-0.0,-0.0,-0.0,-0.0,-0.0,-0.0,-0.0,-0.0,-0.0,-0.0,-0.0,-0.0,-0.0,-0.0,-0.0,-0.0,-0.0,-0.0,-0.0,-0.0,-0.0,-0.0,-0.0,-0.0,-0.0,-0.0,-0.0,-0.0,-0.0,-0.0,-2452.4238985298257,-1458.0155040535865,-0.0,-0.0,-0.0,-0.0,-0.0,-0.0,-0.0,-0.0,-0.0,-0.0,-0.0,-0.0,-0.0,-0.0,-0.0,-0.0,-0.0,-0.0,-0.0,-0.0,-0.0,-0.0,-0.0,-0.0,-0.0,-0.0,-0.0,-0.0,-0.0,-0.0,-0.0,-0.0,43.418700796207986,-0.0,-0.0,-0.0,-0.0,-0.0,-0.0,-0.0,-0.0,-0.0,-0.0,-0.0,-0.0,-0.0,-0.0,-0.0,-0.0,-0.0,-0.0,718.6039996132697,-0.0,-0.0,-0.0,-0.0,-0.0,-0.0,-0.0,-0.0,-455.55922139056725,-0.0,-0.0,-0.0,-0.0,-0.0,-0.0,-0.0,-769.3279823446536,-0.0,-0.0,-0.0,-0.0,-0.0,-0.0,-0.0,2250.509899695096,-0.0,-0.0,-0.0,-0.0,-0.0,-0.0,-0.0,-0.0,-0.0,-0.0,-0.0,-835.1004865875229,-0.0,-0.0,-0.0,-0.0,-0.0,-0.0,-0.0,-0.0,-0.0,-0.0,-0.0,-0.0,-0.0,-0.0,-0.0,-0.0,-0.0,-0.0,-0.0,-0.0,-0.0,-0.0,-0.0,-0.0,-0.0,-0.0,-0.0,-0.0,-0.0,-0.0,-0.0,95.22447860124684,-0.0,-0.0,-0.0,-0.0,-0.0,-0.0,-0.0,-0.0,603.4525810840395,-0.0,-0.0,-0.0,-0.0,-0.0,-0.0,-0.0,-373.8577915437666,-0.0,-0.0,-0.0,-0.0,-0.0,-0.0,-0.0,-0.0,-0.0,-79.8326113990905,-0.0,-0.0,-0.0,-0.0,-0.0,-0.0,-0.0,-0.0,-0.0,-0.0,-0.0,-0.0,-0.0,-0.0,-0.0,-0.0,-0.0,-0.0,-0.0,-0.0,-0.0,-0.0,-0.0,-0.0,-0.0,-0.0,-0.0,-1849.0093440853893,-0.0,-0.0,-0.0,-0.0,-0.0,-75.14125797093968,-0.0,-0.0,-0.0,-0.0,-0.0,-0.0,-0.0,-0.0,-0.0,-0.0,-0.0,-0.0,-0.0,-0.0,-0.0,-0.0,-0.0,-0.0,-0.0,-0.0,-0.0,-0.0,-0.0,-0.0,-0.0,-0.0,-0.0,-0.0,-0.0,-0.0,-0.0,-0.0,-0.0,-0.0,-0.0,-0.0,-0.0,-0.0,-0.0,-0.0,-0.0,-0.0,-0.0,-0.0,-0.0,-0.0,-0.0,-0.0,-0.0,-0.0,-0.0,-0.0,-0.0,-0.0,-0.0,-0.0,-0.0,-0.0,-0.0,-0.0,-0.0,-0.0,-0.0,-0.0,-0.0,-0.0,-0.0,-0.0,-0.0,-0.0,-0.0,-0.0,-0.0,-0.0,-0.0,-1377.4606454460607,-0.0,-0.0,-0.0,-0.0,-0.0,-0.0,-0.0,-0.0,-0.0,-1941.4487777439047,-0.0,-0.0,-0.0,-0.0,-0.0,-0.0,-0.0,-0.0,-0.0,-177.35354047738505,-0.0,-0.0,-0.0,-0.0,-0.0,-0.0,-0.0,-0.0,-0.0,-0.0,-0.0,-0.0,-0.0,-0.0,-0.0,-0.0,-0.0,-0.0,-0.0,-0.0,-0.0,-0.0,-0.0,-0.0,-0.0,392.0292340886297,-0.0,-0.0,-0.0,-0.0,-156.73847754968972,-0.0,-0.0,-0.0,-0.0,-0.0,-0.0,-0.0,-0.0,-0.0,-0.0,-0.0,-0.0,-0.0,-0.0,-0.0,-0.0,-0.0,-0.0,-0.0,-0.0,-0.0,-0.0,-0.0,-0.0,-0.0,-0.0,-0.0,-0.0,-0.0,-0.0,-0.0,-0.0,-0.0,-0.0,-0.0,-0.0,-0.0,-0.0,-0.0,-0.0,-0.0,-0.0,-0.0,-0.0,-0.0,-0.0,-0.0,-0.0,-0.0,-0.0,-0.0,-0.0,-0.0,-0.0,-0.0,-0.0,-0.0,-0.0,-0.0,-0.0,-0.0,-0.0,-0.0,-0.0,-0.0,-0.0,-0.0,-0.0,-0.0,-0.0,-0.0,-0.0,-0.0,-0.0,-0.0,-0.0,-0.0,-0.0,-0.0,-0.0,-0.0,-0.0,-0.0,-0.0,-0.0,-0.0,-0.0,-0.0,-0.0,-0.0,-0.0,-0.0,-0.0,-0.0,-0.0,-0.0,-0.0,-0.0,-0.0,-0.0,-0.0,-0.0,-0.0,-0.0,-0.0,-0.0,-0.0,-0.0,-0.0,-0.0,-0.0,-0.0,-0.0,-0.0,-0.0,-0.0,-0.0,-0.0,-0.0,-0.0,-0.0,-0.0,-0.0,-0.0,-0.0,-0.0,-0.0,-0.0,-0.0,-0.0,-0.0,-0.0,-0.0,-0.0,-0.0,-0.0,-0.0,-0.0,-0.0,-0.0,-5528.2111599417285,-53.75702334759906,31718.13768406924,-3560.5526517077788,-3956.7312945555445,85955.97730994181,-0.0,-6566.0618490178995,849.2142179703372,1814.6697306436595,-26131.25082340842,-0.0,-5062.305423423754,-0.0,-0.0,34569.93427924668,-12778.811681196592,3956.6564619205155,6446.811220321867,-4649.980530948664,-24983.433066063993,-9523.824016694327,58.26359776895491,-102.09529480331344,-7075.611082120416,-0.0,-13261.87783576921,-20267.36400585668,15877.583547662292,-580.1331242171888,8.29601097060072,46832.61330637808,-3201.9235068418225,-110737.56821129845,-3146.0941143048053,-22504.946459680614,-17243.7069738105,-6539.6172853233,-5873.419101761131,-15018.867010944943,12023.924672025018,-2420.70583904055,-4290.726322914285,-3745.578376737644,-12872.570970932815,7348.32835242093,40199.191616183234,-875.8125183584035,63.52151363827455,20990.27926764834,5740.323996631431,-556.1261336543869,15663.811397392803,8158.582142129027,-5709.417170224538,-8025.212231776409,-4066.7142650481856,419.27300886766113,-0.0,-0.0,-281.67131390357673,-8525.787437091147,-3448.472119029315,-3160.566858700164,-1579.5308721542951,-4825.943816984982,9863.421862886564,4418.618421668085,-8615.004636272393,21015.79114072416,-21389.545174569867,-34011.89724408791,78267.6829247692,-21851.213396496034,-8940.49803226519,-2296.5156390256993,-3677.0690659756824,-5773.1868497550795,-5658.49107037634,-36629.114353464334,-0.0,-13415.379452190748,-0.0,3008.4466598672875,-0.0,-0.0,-13915.220935049714,-1410.3672214111136,-0.0,-0.0,3975.3324578558513,-0.0,-0.0,-0.0,-7392.633128003863,-4579.913482905745,-7605.969533113843,-8845.85588492851,8940.049924999865,-0.0,-29685.17613224555,42187.84490101205,-0.0,-0.0,-18950.86693310013,-11256.778872581199,180.3509697917488,51.7156638323114,-0.0,58692.9418716404,-0.0,-0.0,-0.0,-0.0,53636.3026032956,-1055.3992601085379,-0.0,-10177.648285799842,-0.0,-6564.908009934359,-1350.214447939381,-3491.6990793334353,-17007.77222354655,12344.19963514096,-1459.9645785163011,-8999.528733983101,-0.0,-0.0,-4850.792143142154,-6749.258315464471,-11156.725892556373,55684.809462067016,-0.0,-196.83045646222104,12891.350351836838,3836.453645294435,-1924.3468001663864,793.1921365522494,5256.947424663278,-3534.891717377616,-93.51388337930702,-18740.812201124918,470.9178208168939,14343.729234171042,-751.584948557557,12656.714781390767,52899.729126514765,2816.1212171517623,-72.14109881444179,9270.209290717195,-1930.2371891257112,-8111.07234735943,-9366.245331924742,-17203.8357718893,-0.0,6705.05833184987,17284.841728179592,26470.340122500937,-10883.892791558184,7349.090459616844,9382.064548676526,-9400.925974588039,17608.83074361387,-15475.65702031305,-0.0,4758.132436931502,-12539.606031627416,-19163.780439549882,-8022.167624265948,23634.224216360377,3388.798124629756,-0.0,-5791.919929533337,-0.0,-2837.5918337545304,99.38162886361442,-4051.7978410931755,-0.0,211.3251285439198,-293.63183267269835,-22237.160132140678,-14019.270947791092,24090.036832200112,-8214.412567084142,3832.6140526046015,6618.161993196543,-7656.875737348564,-5394.460715335633,-12175.44915115861,-0.0,-2170.687438194746,-1744.9186369496213,-0.0,1130.5831224273838,-421.2222128871315,-0.0,-0.0,-14101.824483452352,-3126.507684244412,3121.392172460555,-4602.893782023943,-0.0,-0.0,-0.0,61654.6736746921,23423.9720027474,-0.0,127.3491645768585,12896.105251673116,-0.0,-4444.867757705111,-2658.478593889811,-0.0,-4283.525497656636,-8145.442129873697,106914.62052867429,-12002.10231877751,-8317.343277214142,-31692.21623223501,-0.0,1517.8476475804955,3304.7662612722106,-10250.701486956537,31214.344409517704,-7372.235930858308,-38060.19736242708,-13833.23204585707,-9511.612721268059,-0.0,1423.0652389768193,-4779.762336772672,23463.262620200545,-165.99236707640918,-422.61721978017755,-11214.28630637563,-9514.63817084093,29239.487531448514,-0.0,-2182.048318185409,838.1037403245361,-0.0,-0.0,-0.0,-0.0,-0.0,-0.0,-0.0,-0.0,-0.0,-0.0,-0.0,-0.0,-0.0,-0.0,-1968.6218856204716,-0.0,-0.0,3478.7653984701014,-14284.745616055478,-653.1755498837293,-9455.969336914219,24138.130976350938,9103.845775681697,-4119.522367823608,3516.5335083648924,39413.6138056241,-0.0,-0.0,-4626.199746219115,2900.4014942812055,-7017.94564283697,-9622.198881313238,-0.0,-39.289948516891975,9214.234018447854,-5194.857277744786,-2711.6947658356844,3577.8312623770385,-26059.236346132653,30591.74028379885,-6335.560828537431,-1137.7684255545018,14999.29142877656,-0.0,-0.0,-0.0,-0.0,-0.0,-0.0,894.4567544150734,48152.81251333457,-9261.952243885651,-11320.10002281258,-8757.962255587136,-0.0,-9515.812188752521,-13604.213188302374,-0.0,-0.0,-0.0,442.0276252745595,437.4698339816768,749.0643972779791,2662.7945352794845,-0.0,3672.7436481358313,865.9169743432237,848.9615290271497,753.3524788346188,764.1754416740514,2907.6315312386555,1863.8472163102201,3008.2610629708315,2320.7545120885716,2747.1761823515394,3270.12073112593,35260.65817720737,38499.28027335939,38012.60017352238,34899.49988866715,9091.789725446608,8790.461420249685,8949.257526958281,9651.970179874977,5611.199497724461,2093.763377265481,2076.8356573307046,2330.5814439643964,2380.8402143162134,2261.5500595508365,5445.731546091185,4311.867808900408,1266.8238842983094,1531.879822853824,654.3923104347436,373.570014608703,554.5032425096376,40942.05839318091,35554.0693862896,39414.46619457555,34671.5742987044,52680.93585640565,56673.19056401302,1329.702251916138,1170.6393947723898,1218.6618708602473,1284.0671226278882,1126.102839612566,1133.5090584906761,567.8912113201295,55602.54807963652,53217.0351767346,48218.683845543215,2581.7652149590176,2949.79744285017,2963.943213265987,-0.0,7921.210931160926,8798.75680245738,40473.67240207441,35385.876991726844,37336.31588481733,61983.02227463275,62670.32230688247,62470.1366145087,63122.34634692127,2502.042411017816,2547.365976223669,5014.234281094633,-0.0,20925.596087945607,20858.784489698864,-0.0,1500.4339105021734,1567.2112797888537,1619.4522644427375,1688.3366916826512,1526.2330810273615,1464.6659114578313,34467.36847370903,40780.049509030236,41185.74627507484,38546.41914141936,1165.994013025479,1104.5858155784633,-0.0,-0.0,17413.83038153749,32797.74533074737,37336.502882551176,34054.28417047136,36997.81893332731,-0.0,56644.63216472916,50649.54575990771,974.390680082893,2070.464220637508,1970.2425597391625,2113.5738937114425,2214.0591363506906,2488.1538274599857,48824.10305367861,54048.9272661221,-0.0,-0.0,17759.97115646619,1060.9145536002109,37214.969467418225,39585.41636099801,38908.49929996638,37188.62320159034,34919.07252842449,35789.6062601417,-0.0,16889.549930923244,10751.573680439398,-0.0,-0.0,1495.4371325318239,1444.4732089810118,759.2719237825023,810.7514388375722,475.8820439567671,440.1015711688286,-0.0,1175.443002500526,1163.1544018997315,1030.862722311222,1197.6965268975862,-0.0,1761.6819515949417,1754.6783882365417,1836.0442411001359,2226.2520766637895,2202.5164587628647,2256.7753933475365,908.9160091016521,825.8097007488259,897.7554340626253,1409.3030186676233,1085.635123359418,1016.497359356081,927.0757207916523,1051.4739756876352,8304.365674012663,7613.90434289178,249.28092783126263,256.99827871470535,3753.0541912233357,16887.880636248006,1430.3295480344889,1470.0420905371918,-0.0,-0.0,7566.863191608228,7699.229583254619,8500.85735590551,7802.57789552879,1976.3335095616198,1986.4063063888589,36502.9088768525,36667.53214962829,8286.755496681752,8074.895735660537,-0.0,56256.48367730776,2020.9287492170456,2134.637319134122,1162.3825204851487,49305.29340698032,49085.120475555865,54982.92140090281,54128.92958429875,193.53915846757238,59670.83681274579,52145.36851483383,-0.0,-0.0,24429.927374131792,-0.0,1209.3329734753895,1112.7961510994974,1201.4183811557061,2514.571948487374,8998.080705304776,17144.59807478985,1692.8414133351623,1866.3884681530474,24.581891400494328,720.103030969769,686.467331270766,17271.550033510644,1610.1105367815867,-0.0,-0.0,-0.0,1097.3947243253292,-0.0,1208.317068153692,-0.0,5931.951491163315,6219.785584712294,5492.080547281054,5763.077912105558,914.9380141936954,-0.0,851.4323613116868,-0.0,-0.0,967.5919449934627,1117.076069007053,927.1242623632583,834.326432261254,869.078398622694,854.7056642988471,1915.9404168583865,1854.2229529812603,1665.9061028518822,-0.0,3011.689408016417,2785.75061820911,2887.894619022827,3138.560023259238,4740.486735498329,54096.77539801206,49862.20710270959,11923.74879029888,22422.058853182345,17100.416019109703,16933.54339871851,1700.6641295078446,1728.7779653150067,855.535527402141,897.1148749076939,2236.3167339539964,-0.0,38269.283265213635,34380.44902820475,1245.9135729200186,1136.3393896521957,1076.7239341514846,5388.268401583067,2969.623828004918,3275.538038878034,35520.18756156419,34405.62078473057,36885.34113180982,39235.3326525722,-0.0,-0.0,-0.0,2660.5553310316877,2504.5761107715066,2382.92463218416,10375.170186557532,7877.683685822008,6494.9132587305785,2257.753384352499,2430.5306229816915
23,-0.0,-0.0,-613.2557068066005,-2015.0768286456273,-483.95651365911095,-552.2932925470386,-89.9305361252623,-622.785984095287,-615.7735586550048,-0.0,-1195.1605385819119,-0.0,-0.0,-2588.24957400615,-0.0,-588.0130962795749,-466.7310015669743,-0.0,-40.2238867145254,-232.29025691554045,-294.7079671086161,-751.895469662328,-792.6393223861401,-654.5149811441789,-2119.151817516065,-615.6206142017503,-0.0,-38.68181819164386,-2746.6376808579007,-1545.1040179524482,-0.0,-0.0,-0.0,-0.0,-0.0,-0.0,96.7279435851721,-193.6298723469977,-1809.6392754452845,-1513.6460096842159,-0.0,-0.0,-121.37835893742057,-565.4952252253096,-135.87289855340458,-0.0,644.7535432998603,-1453.6998048217974,-386.06975135807954,-0.0,-0.0,-247.90472444027083,-0.0,-11.335410714413502,-1851.8409428061025,-2703.928165486947,179.08008379999976,-5565.684434587052,-198.85715351259825,-0.0,-1655.5680990413973,-0.0,-712.750425959298,-2515.302563924642,-482.1537645626888,-478.5448851380096,-39.50524112267588,-1902.4694978464208,-856.5103018449988,-413.63847237087526,-2974.194108767665,-0.0,-0.0,-2407.8474168987423,-1051.4990594132958,-230.90693081855903,-1549.7566140432423,-0.0,-0.0,-1167.0275753337799,-1349.427996474107,-407.9499921136948,-3384.1395995531598,3.723824087257502,-27.0970446387037,-1729.1465096404338,-0.0,-604.2176056865836,-1029.4572633460475,-8.528341465593712,-0.0,-1215.8779013288784,-82.93334596977242,-701.4399652637742,-2211.2063398765745,-36.17200099736954,-2334.9515315168546,-370.3124990779269,-1541.7019572192407,-2617.1453882195005,-658.609897790796,734.2670400912724,-479.12501050411305,-0.0,-1350.2563763140479,-2336.7241279877444,-4145.558559901565,-496.14546761441017,-2659.6413709327976,-0.0,-1532.6668349808933,-0.0,-0.0,-573.8405640037653,-0.0,-0.0,-594.9304165262134,-71.87811417867908,-1439.6691135926794,-935.3709529607137,-802.4120543370993,230.40946340531463,-485.8276402544352,-327.5840351233066,-186.57243043526114,-7.849237295423343,-618.2411779659618,-503.5027410709185,-740.8768461257067,-0.0,-4659.910332417373,120.06844806546168,-111.27805974675094,-3903.694614132615,-0.0,-961.8320583495342,-61.287863963329755,-0.0,-306.4542523311459,-0.0,-0.0,-877.9258483591283,-0.0,-597.3815588991141,-964.9782319188973,-0.0,-1275.6898756207488,-245.41304602553396,-696.156264180344,-1856.6855859143513,-0.0,-1685.0115010169693,-1028.4330068085987,-0.0,-0.0,-0.0,-0.0,660.7924158320183,-0.0,-1725.9545859133652,-1836.184583874156,12.903020907376185,-0.0,-0.0,-702.2636523740385,-486.6242771829441,-739.5215002032882,-0.0,-409.03313516566175,-3041.15658839843,-1094.8744254386336,-0.0,-1008.7547322294153,-2368.3520935119727,-0.0,-0.0,-0.0,-0.0,-0.0,-0.0,-535.3144043127413,-678.2891518018823,-195.58643906101784,-198.70097319883556,-1168.832288832939,-50.26587647689446,-0.0,-0.0,-658.8936287011788,-0.0,-629.553829487071,-29.407849605522195,-3.853895954283392,5.121415159376828,-0.0,-0.0,-1017.6205477960767,-477.60052344596903,-448.21579728753534,-0.0,-2898.677912741979,-1845.735538146822,-1182.7369946881727,-0.0,-0.0,-1954.3977442642092,-1414.6566553537884,-682.6957457351306,-88.8961274170279,-1636.17183674634,-1264.661911092779,-0.0,-0.0,-1673.3581352402653,-0.0,-767.5303677387636,-1166.1961387945432,-119.28150922804272,-427.06363836818383,-602.1043908660773,-537.9440874978111,-0.0,-1611.9216107099185,-0.0,-2708.760500342202,-3116.8777813460365,-192.50531423535128,-404.1888534425701,-511.16394859645897,-0.0,-301.34556499814283,-255.4103195994744,-0.0,-876.7557248307966,-668.122772107808,-1037.8532360027802,-1845.818246762057,-1015.0195189554115,-2112.5123690938312,-1850.343447122575,-2001.0078608010715,-2078.0611386850806,-1147.4175152742223,-2241.509222072762,-524.2927167459997,-520.0358596121233,-0.0,-1227.1849905463257,-1020.8928405994462,-1177.8304486181657,-374.02643140751536,-375.5396986794183,-1933.1114992087983,-770.4852795772294,-371.383138055815,696.7756063767267,-0.0,1036.872735915311,-1223.777533710596,-0.0,-0.0,-0.0,-0.0,-0.0,-0.0,-1265.431444601076,-2366.068115974,-482.2424710737793,-996.8646518611337,-0.0,-0.0,-1639.5643074752297,-1083.8483628379238,-2131.1030245730026,-0.0,-0.0,-137.3357530846216,-60.25657165816396,-427.78793625910646,-1576.690474707704,-487.5874459857512,-0.0,-466.45304028836836,-713.5071096952142,60.746847948186556,-1224.154542664178,-1481.228153926669,-1304.5651722128375,-1744.9396879715543,-269.81456660283186,-668.3846060105866,-42.34080322047874,-1791.9620458072811,-0.0,-880.1762323004292,-158.78449676858918,-73.87464661841821,-560.2422847895484,-0.0,-1929.0124434962308,-120.2650648555168,-605.8550223212081,-1749.91660156404,-1294.360493696913,-0.0,-604.9581995223574,-834.2746255441266,-24.04909543268552,-291.58420523069344,-471.148638452588,-49.825927376421575,674.6680352268079,-1160.9272935779832,-0.0,-921.7211884343474,-1305.4345003357816,-0.0,-487.5644445005363,-0.0,-1306.504715119537,-0.0,-0.0,-0.0,-1217.2982839347596,-679.7652150812845,-425.33919660235335,-0.0,-1657.7216362719967,-3011.983141339673,-3144.8518328605765,-0.0,-364.3254802554848,-0.0,-294.2658223894171,-118.46216554199542,231.6279913890715,-532.5824040660503,-0.0,-680.5903999563184,-938.8245174553499,-307.13523857248583,-580.4708872583205,-0.0,-453.5109305098278,-842.3600801876768,-508.3621124724208,25.768128263204236,-2303.7488304090243,-0.0,-0.0,-1512.1937344828682,-221.2814239695381,-1232.310022486725,-91.87239100527096,-124.42885668093741,-236.92531228173576,-581.2678507645662,-918.9556589930954,-1333.2120903049422,-2296.4833486362622,-0.0,-0.0,-370.97270140919454,4927.7763281349025,4.275474864188806,-0.0,-0.0,-0.0,-0.0,-2501.0223113162797,-443.7650781464093,-0.0,-933.0919735644947,-959.8169496770003,-637.538725450236,-2208.064043953567,-237.90227040446547,-1173.3380729275577,-0.0,-0.0,-1990.635305510146,-711.9177592261498,-1879.628309735637,-760.9648834552236,-743.1266880075078,-1877.4094879830636,-195.43164689981387,-1806.328452726762,-1177.2718088666643,-29.117416134825838,-912.2604448753191,-1167.7923778961122,-213.70346998815856,-250.72803556935997,-1774.0011103722206,-0.0,-529.1220970559474,-243.2286661085126,-30.128272066316512,-795.5837825470079,-186.88236951590594,-819.6319539496891,-867.2339988302782,-1204.9494303608594,-215.07152828315475,-2456.190783054884,-62.16448422718316,-503.89345240889793,-0.0,-882.5707913097375,-631.534273695231,-1018.2584769364282,-1153.1066538085602,14.427190471640392,-370.52431777955286,-2798.80204390852,-783.2427541918466,-363.22407886714666,-1144.8375865975372,165.67328674419952,-0.0,-0.0,-0.0,-0.0,-0.0,-0.0,-12.284539404741095,-157.8294369853582,-2471.4163161130455,-4438.049960187278,-559.657548328393,-1089.852496013725,-139.93991985904592,-571.1196840231502,-1433.5351832863755,-1119.8250504000366,-39.883504579182926,-465.2592913855293,-541.5817730206217,-0.0,-101.2089669185145,-1184.5683596059869,-531.1615265229985,-0.0,-1020.089688552626,-0.0,742.4814201706533,-0.0,-0.0,-0.0,-41.90275962233116,-0.0,-0.0,-1006.1852077726902,-413.89520346811844,-1228.2810350086147,-0.0,-0.0,-0.0,-804.9574978185087,-512.5527856449899,-1327.6749188282693,33.52919697080615,261.6112314477628,-0.0,-0.0,-3011.4041171691197,-1206.8564178462782,23.724112353992318,-50.002162616402956,12.480134724301697,-20106.57484039597,-20896.028349974393,-2489.857156574321,-0.0,-0.0,-0.0,-0.0,-432.2396596178301,-0.0,-0.0,-572.0743321733436,-2399.2211274861534,-2039.4495804991152,-1479.3544940791994,-329.7754527231409,-1731.1895074384936,-28.38144668692615,-1250.0132895334332,1007.0262343290556,-7.604389701224513,-1019.2184792431801,3.729926465983899,-0.0,-0.0,-0.0,-0.0,-163.5816563724758,-0.0,-0.0,-0.0,-915.0248720606313,-1447.968567764608,-0.0,-0.0,-249.07171754812015,-2195.3373356348984,-0.0,-1485.524129317245,-1693.176085309204,-1882.241127917882,-0.0,-0.0,-109.3236612059725,-81.10907887404288,-1136.6297809649122,-1523.344124286351,-572.7341476657725,-1245.9284505755543,-1172.6014466795714,-0.0,-0.0,-0.0,-0.0,-426.9192315685773,-227.82879212960358,-0.0,-0.0,-101.56153569885356,210.9195596977503,-0.0,-1138.4106019400758,-1046.7505981916713,-996.863160368515,-0.0,-0.0,-710.6992615610504,-1275.5753118601122,-709.3634605407226,-429.83570272864495,-0.0,-2302.1602618119155,-2151.0870197623503,-0.0,-0.0,-0.0,-0.0,-0.0,-1350.1436184302572,-0.0,-1943.6496071776191,-1348.87323702893,-72.44426327815482,-0.0,-0.0,-0.0,-2607.971779166894,-1463.0578380034333,-625.7903350160481,-482.58855876578156,-1059.8951843827851,-749.0050135585285,-0.0,-0.0,-687.5956184489094,-1454.5427777386756,-73.76980238745521,-459.78366296154536,-0.0,-811.3789173980566,-650.6674224253499,-1525.1855426636905,-0.0,-308.138582455543,-123.78465141923165,-320.03565260541717,-1546.7759515730716,-317.8520112681159,-0.0,-0.0,-0.0,-0.0,118.24803684239573,-167.8706218240476,-823.9060824033012,-1301.4730302913715,-1169.2803841501006,-489.46988224596305,-583.0097164715821,-5564.66465045528,-958.8301709550329,-632.6122852412578,-0.0,-0.0,-0.0,-265.1941388105795,-355.542469872105,-1278.0987506118993,-327.6165528684848,-0.0,31.12304185696727,-0.0,-0.0,-0.0,-0.0,-0.0,-0.0,-0.0,-95.40999333946937,1425.9724728361075,-0.0,-1548.1111764993684,-665.6289474371226,-432.83649323096927,-1570.1337411465727,-0.0,-0.0,-586.4298455503109,-704.5154874026349,-134.46265753033651,-121.43907808908664,-135.27889846802955,-544.56709448365,-145.11330104794936,-2054.658495887034,-385.43655196969456,-419.7582674725076,-0.0,-0.0,-1424.349630232615,-2805.3248367617693,28.239812946467993,-526.2582839505174,-335.66519689190375,-881.242659332107,-1115.0735883711902,-800.4830685037587,-294.479030979657,-151.28968262037452,-1446.6999234717368,-0.0,-0.0,-0.0,-0.0,-0.0,7193.811048442207,-85.47975900688478,-548.0017665794062,-610.2594155429712,-1059.1441032185012,-1326.9582179473327,-1273.7585161168793,-1697.7901597750003,-2189.5659730075504,-463.8135476500102,-0.0,-0.0,-1557.8402285324348,-0.0,-0.0,-269.6634199998031,-1771.4934183903677,-1358.3139313072377,-489.21440113207564,-65.17600342468207,-1849.9100923768103,-0.0,-1404.4936500087765,-0.0,-0.0,-0.0,-0.0,-0.0,-0.0,-557.8192042009468,-1265.9134914342242,-1022.7967475955302,-97.8760122468396,-253.0590901807908,-591.8154213063514,54.13628106521802,-0.0,-0.0,-564.0038849162482,-597.5271701048657,-3809.2389531153626,-0.0,-1483.2191053164702,253.16428836675647,127.84853443514554,-0.0,116.33365223265629,-179.8740214737732,-159.17661985063188,-483.3528333240429,-0.0,-1893.0781995442765,-0.0,-0.0,-1138.9941968414291,-0.0,2390.223228904293,2278.413558845695,2259.1292674816846,-0.0,-0.0,-1820.1500981336603,-0.0,-0.0,-361.914440559213,-956.1344388658423,-797.4921172780101,-1036.6940375829786,-1228.3832764545925,-0.0,-0.0,-0.0,-0.0,-612.9444511933248,7.545735614658514,-58.55929044496146,-1237.5536209836441,-1025.5626943486325,-409.2249168251421,-1470.6543352063536,-0.0,-2099.1016949545933,-1271.8931667286888,-1454.9330463822394,-407.9945109661569,-382.63353223706974,-0.0,-1208.217875532782,-781.0978053899613,-974.5323615297548,-1907.2370217210246,-556.0818739115496,1011.7245166247791,473.01325277045396,-355.23706048210704,-1128.4886402382194,-0.0,-1683.8272001946386,-3112.220993171866,-483.2450198921569,-464.0351290080197,-0.0,-0.0,-0.0,196.85866832681293,-358.69893868868695,-459.32913588533404,-151.39291755330024,-523.9273312141519,-531.3999457557155,-0.0,-410.8420442938039,-900.898971633979,-696.1984518651723,-0.0,-2108.073614361733,-4838.549823695274,-0.0,-0.0,684.0367068185141,589.8222882683341,-0.0,-0.0,-679.4975586599711,-842.8205746713367,-332.60939019124885,-683.3683332082556,-0.0,-0.0,-0.0,-0.0,-0.0,-2586.5805017805656,-396.6479426516436,-1765.6135797550276,-1019.7140513638712,-0.0,-378.2937402857411,-460.3945064402362,-0.0,-231.1028337137611,-818.1583771976801,-1143.0937387971564,-4374.8919404396,-77.2770840577416,-0.0,-0.0,344.9781710244446,897.3818818302724,-0.0,-0.0,-381.9492756560673,-0.0,-0.0,-0.0,-2517.804034760551,-0.0,-546.2553333807014,-0.0,-0.0,1781.4230829589221,2044.313915047295,1815.0684578834457,-0.0,-0.0,-409.15862575066797,822.7276168926218,-2244.2019329369905,25.23528043988732,80.68050124285331,-2574.1189140266833,-102.74047612468739,-179.75928216601665,-584.4273248909024,872.393522926968,3695.624729326506,-3065.6136699987223,-0.0,-0.0,-1010.4331096255057,-1685.428204026223,-1204.0144896601619,-267.3013034785046,-44.49609341937251,-0.0,-0.0,-0.0,-0.0,-1996.5190206105262,309.4382556042095,-0.0,-3.9443390274733336,-0.0,-1502.1822086479679,-1921.8603795045597,184.13481221598576,-0.0,-0.0,-370.77153328086354,-0.0,-1836.773951697233,-87.87772812527534,-994.3532313764865,-408.99553667519433,-1209.1750116732442,-753.0053396857124,-1156.976258486045,-614.1717434752522,-0.0,-0.0,-0.0,-121.43558411861721,-0.0,-0.0,-259.31966949382496,-437.18753736059983,-722.2280730055692,-0.0,-1666.3734089045668,-1048.6125165267308,-893.3737758613569,-8.110394590352566,-7.164797249925287,307.3126103461118,36.71815752916375,-0.0,-0.0,-12.17904898645632,-1674.1877955607913,-676.4019468522552,-837.2121646611648,105.15274426514824,-2130.638199350796,-1934.5057344849965,-990.7004163447617,-958.0478243061381,-39.74559261239325,-550.8329303478789,-720.6509051779992,-1289.7955591279115,-2050.355452902918,-0.0,-1813.8771500711327,-149.62883491819576,-0.0,-2472.447555852751,-2734.8348907415057,-2174.9918313515027,1724.3930366837228,-0.0,-1528.4934429919508,-214.51319308364134,-1261.5968626451793,-668.1783927103002,-131.73989621506,-2055.044328428328,95.26940520720956,1552.0596276480255,-0.0,-187.9575297213521,-400.7401369005213,-1096.9910223971378,-1039.7625250445417,-1693.8448847681464,-4025.0965594741865,-0.0,-593.0166252625,-1410.0334789701506,-733.0812268506693,-226.42831928313896,-27.242693622959475,-273.7641614413595,-0.0,-0.0,-0.0,-0.0,-336.50052167617287,-1316.687768099222,-887.6964351181034,-63.97752090936884,-493.6909318520496,166.26171038958213,-0.0,-0.0,-995.7524387865762,-512.924217492437,-0.0,-2043.389215352607,-94.0403741721257,-1243.8525237468223,-0.0,-200.16756630447424,-182.58834826847428,-0.0,-0.0,-456.70759263337,-0.0,-0.0,-4293.739848478148,-207.6940432359752,-2124.110817607835,-0.0,-0.0,-101.50866909587131,-1376.306616108633,-685.9981701876432,-404.6676551203942,-1339.749998909058,-0.0,-741.8268483471778,-0.0,-507.8947525722775,-0.0,-0.0,-211.89407120818248,-92.68808852591947,11.334591195724048,-335.6426825545985,-1434.1075388490974,-1938.0263934914249,-0.0,-0.0,-0.0,-22.658049795130108,-416.30838799969735,-0.0,-1625.6309699873411,-2453.6409871063247,-0.0,-0.0,-67.02236267826476,-1355.1622271038111,118.90391460969097,-0.0,-0.0,-0.0,-0.0,-526.4107816099873,-2404.8391861231094,-228.13780089717076,-1188.4393589648562,-0.0,-0.0,-727.0238468294283,-515.3955113774213,-332.9761518416028,37.6578535326066,-0.0,-0.0,-0.0,-867.2632215893406,-646.933871806649,-519.5525382751279,-318.93620145366424,-0.0,-0.0,-0.0,-0.0,-2151.8706613704285,-82.33309672003082,-22.32388715838727,-0.0,-0.0,-671.6507487894147,-421.7593400696237,-0.0,-1922.9008428403238,-4389.776387723717,114.124979697821,-1228.86993569481,-0.0,-0.0,69.57687998005201,-429.9977849817278,-1668.2558545705408,-516.4049866022904,-2595.0382108349727,-1364.9713800124316,-769.8871831202215,-1591.4728711346274,-0.0,-0.0,-0.0,-37.60325542423181,-1135.1121296063445,-0.0,-0.0,-2914.937205406032,-85.98475784720301,-1493.4453303542678,-771.6325725041629,-0.0,-0.0,-0.0,-0.0,-0.0,-0.0,-699.0160488130878,-0.0,-1712.3012228772304,-0.0,56.92752061608608,-1329.4445777508815,-0.0,-0.0,-0.0,-2372.896531913884,-0.0,-0.0,-534.2758628512042,-0.0,-0.0,-1101.860707277314,-582.1679337289453,-0.0,-0.0,-164.77825311155442,-2092.714972324992,-0.0,-1009.7114244501456,-790.8712920120614,800.7155028155933,-181.4294545693445,-0.0,-563.7863519405148,-2.4797222818068723,-0.0,-22.628770780475545,-0.0,-362.503624537338,-0.0,-0.0,-0.0,-0.0,695.1905027957421,660.7204407407798,-914.8125802174009,-1674.5451731592757,-0.0,78.23940239760795,-4.130170315969197,-72.18949563022807,-875.0442385741488,127.64230733383252,-495.48962462864364,-382.82118570719814,-168.00989030408516,-3549.320328915114,-0.0,-240.68739506164763,-1760.3291787891944,-2399.796881141347,-0.0,-1205.1330982566444,-1478.777003721956,-2087.1218840188562,-736.380394932352,-0.0,-851.4650846385643,-710.3545935750827,-773.0750821069497,-1328.6455890116556,-1025.0991986882589,-0.0,-123.48894110877514,-1093.1617716170495,-0.0,1073.9612999402316,-439.86006730018,720.7353806170543,-0.0,-0.0,-101.88492129707166,-35.42048433034052,-2248.9529961004514,-1002.0979181677486,-0.0,-850.9500250404021,-2894.4299172224105,-871.6647260904828,-896.9215238029282,-1230.9203133435578,-401.9034628824113,10.624848104376854,-39.39099478473848,-0.0,-0.0,-922.8914066264044,-82.63937561971328,-0.0,-0.0,-1961.3840600511849,-752.4703640511456,-648.654823319214,-1809.0733900624123,-92.9641779412419,-19.507070812888823,-2447.900295523655,-834.5428568093408,-567.2971906215215,-982.4877303415207,-0.0,-2231.648350703522,-421.61579152926987,-1207.3889584388799,-1387.0638048438454,-324.1051620743874,-527.6525941682903,-1674.7099404162602,-419.1546688946022,-0.0,-0.0,-0.0,-1306.316322758984,-0.0,-3107.2891183351276,-1263.5104462469612,-1474.3232925775376,-0.0,-0.0,-0.0,-0.0,-0.0,-124.68886773692795,-0.0,-249.41682190031793,-921.7432284146396,-382.63786441057454,-0.0,-0.0,10.840556949476444,-0.0,-0.0,39.99116973892138,-252.4415231209933,-0.0,-501.7636160176094,-0.0,-0.0,-85.97664896029887,-11.314714060241382,-2736.6897853813784,-2171.5414047290255,42.36957599423572,-7137.052595796788,-858.543560002157,-627.3443049965798,-0.0,-863.0456187543735,-1515.5200126978464,-0.0,-0.0,-0.0,27.719308981065666,-0.0,-1363.9180394879781,-0.0,-1383.9547025412346,-0.0,-0.0,-2153.8467883197263,-380.1140424362838,-710.6452391612627,-0.0,-0.0,-0.0,-0.0,-267.6714886712269,-718.3022526836132,1378.466650684756,936.745267036168,-762.2453063308743,-8.45091124991383,-0.0,-323.34692137288005,-321.6730357323517,-1728.7213077955062,-461.9359302639868,-119.35804261123825,-1065.2918530852562,-1488.7219716505854,-929.4329449909046,-684.9144338760158,-0.0,-0.0,-0.0,-78.91232810055135,-0.0,-1688.1368011892466,-587.8218962825243,-0.0,-1815.6864906126818,-1186.836622271,-0.0,-0.0,-0.0,-0.0,-0.0,-1092.5428883658903,-0.0,-277.38873100834513,-1820.3335940612249,-0.0,-1066.4181843843337,-0.0,-0.0,-0.0,-2345.2210561079014,-1289.5399326843162,-1028.265767497635,-2590.346784656674,-0.0,-0.0,-0.0,-78.29511454947853,-493.5074238494098,3.7520306664791576,-430.8872370741218,-293.81776422783526,-0.0,-0.0,-319.08862368731684,-1374.040918467481,-3815.669398659805,-0.0,-400.995831452981,-1306.9983871292932,-399.1299771125007,-474.4200522132017,-0.0,-0.0,-0.0,-1827.8213067819265,-1888.0495615706318,-41.709071385632484,-1681.0727596318332,-504.5092919466596,-342.6823735382189,-8.480012672534894,-1136.8861543575174,-0.0,-1983.3340019473642,-0.0,-495.9896864685278,-0.0,79.20068698664232,-0.0,-0.0,-529.7334701877728,-796.0033601282987,-7.5568036570288495,-0.0,1246.9618179207514,-0.0,-0.0,-1773.9404546447936,-1341.4661637178015,-1106.140722389748,-0.0,-356.8981755132352,-613.5454696003193,-1433.4858473782149,-0.0,-0.0,108.00012176018119,-687.2841430848972,-0.0,-0.0,3.6903198844573137,657.7859962083305,11.548276636067607,-1440.0461974639502,-0.0,-0.0,-1734.7410850910992,-1648.8788507708186,-80.48029781405053,-0.0,-163.68432674623844,-723.849174131155,-1096.6835683861445,-1595.1630187540313,-0.0,-883.0185367790324,-6.26994247812367,-0.0,-1612.2163015156002,-0.0,-0.0,-0.0,-0.0,-582.6603712248351,3.5861003524098845,-15.929116867233603,-0.0,-0.0,-565.2447493175581,-0.0,-0.0,741.9723253021587,-1015.1184259566388,-51.32385365067302,-1935.508484797053,-0.0,-0.0,-635.4148232493793,-0.0,-269.4670650227627,-1125.8853505886739,-988.1491858994398,-1102.8680529407754,-0.0,-0.0,1422.4397462159552,-0.0,990.5474872833142,896.8477611939575,-40.24728324596011,-829.5871259637236,-0.0,-0.0,-101.22620363907515,212.63618534635341,-790.3059833269933,-365.3956023794978,-1031.0440566553384,-2621.58187091552,-1887.1029881593888,-0.0,-0.0,-262.771118470216,-5056.2357348666765,-597.5776790396502,-539.5081549074572,-0.0,-0.0,-586.8949654241958,-0.0,-1016.2562100386274,-1260.308266017792,-750.9115207098945,-0.0,-0.0,-55.33892433439541,-0.0,-164.2262091729596,-1383.485617799241,32.89933706169589,-634.3418361434294,-433.62913242477055,-242.03751391203494,-633.5065733087071,-2238.3393191573364,-16.29979352644727,-1161.7623166452786,44.754654836530186,-968.357447540744,-302.1253400923828,-0.0,-0.0,-224.21788701437768,-0.0,-0.0,-1598.6664215880814,-632.004479257455,-0.0,-828.6864202097449,-495.28282286846195,-0.0,-0.0,-1386.254228539363,-789.2959839662287,-1484.5239429467945,-1320.8740393421526,-0.0,-103.64763926991749,-3002.2016461276176,-1031.1121808863304,-269.53301940077773,1552.221807769223,-1776.564343731358,-1207.8741837735713,4.078003958747242,-854.9523943203152,8.57194455418277,-1758.759751163307,-0.0,-3610.5120982602903,-790.1471908695473,-0.0,-1525.109231004878,-1423.2620257091708,-0.0,-185.25734999527705,-877.0335387646198,-1153.1208302368852,-1364.0913018057295,-737.3098598537212,-507.9744698743915,-511.86419090347033,-0.0,-143.67819063013377,-0.0,-2380.7667926921613,14.453319489033815,-3399.4233947974435,-791.1908012924341,-39.899061905862034,-35.32678859644722,-1344.1766060641974,-801.0244362664104,-0.0,-410.33076390610995,-0.0,-0.0,-754.9161825987364,-0.0,-0.0,-0.0,-0.0,-0.0,-0.0,-0.0,-731.3090554152823,-468.8750042288919,-2643.9636005442785,-2327.813754059223,-0.0,-0.0,-1116.446126309249,-1925.1353786944717,-486.2825612169607,-178.11824614583966,24.643696689531808,-0.0,-1327.4763104099318,-0.0,-2322.9766502366087,-0.0,-0.0,-0.0,-0.0,-1848.7521826747661,-219.47832412295992,-437.72686809675724,-1051.8969415899924,-1299.746562366554,-1055.227635674509,-716.6756420508408,-1154.9271799805824,-0.0,-0.0,-0.0,-0.0,-566.3008370528962,-413.36713614291597,-1328.5575745944952,-0.0,-679.6848332241028,-6110.2507887207,-588.131720252684,-769.4761739262608,-2780.935646834801,-785.9140218429765,-0.0,-510.30462404693003,-543.6068585271429,-1098.160476517508,-576.2598028731489,-1430.9244451032712,-1642.9231806168498,-0.0,-0.0,-0.0,-0.0,-1547.5950838918548,7946.924865764191,6498.200353954901,-0.0,-0.0,-0.0,-0.0,-1973.1236468151596,-1114.1850483699634,-83.16860113773146,-1362.6458178701378,-783.3319325736752,-0.0,-0.0,-0.0,-0.0,-703.3827347174042,-0.0,-1804.8648628781057,-229.11858734642996,-0.0,-0.0,-0.0,-0.0,-126.25952509244038,-507.07738666487745,-384.89704564668233,-836.1682436397587,-1117.4843714231035,-1081.3811595065058,-1058.1726711565263,-287.46435355639886,-1443.7585562844602,-1393.448708762943,-1114.1146580940201,-1475.140338467469,-37.32071141724266,-1159.1418124043196,-980.3268144614616,-895.7413467699921,-1500.6938973581084,-331.6844316557399,-2145.9609617955407,-1448.868681233698,-1817.4631775021774,-572.7261322016002,-529.3626930057821,-1021.3002461565683,-0.0,-1026.0082434101207,-0.0,-3225.6561625564864,-755.3205824145873,-264.5967989419583,-1806.58321537896,-1454.0636896372116,-1094.9178220676672,-0.0,-0.0,-0.0,-0.0,-786.6732231399657,-3459.0494131291175,-1625.2800156684632,-0.0,-0.0,-1092.9134971736173,-0.0,-0.0,-1161.6345838675056,-499.7434779142864,-1047.7026341480666,-543.118541078881,507.8856609864004,-1047.351079418579,-553.8957482737048,-1478.0208121119033,-0.0,1333.8100577681553,-0.0,-0.0,-1107.3883926858798,-5310.068490921226,-0.0,1597.5787135208143,338.11462716013295,-843.4718797692254,-222.56981759557357,-0.0,-1698.495088644697,-958.4707852473265,-2093.53305786436,-1999.8330029501035,-353.02176885562466,-0.0,-441.60283834981414,-156.34496712406354,-0.0,-950.2510531128684,-0.0,-1705.3301136958776,-2131.181311052698,60.81244136880496,-2291.4571683876698,-1913.21714011559,-0.0,-527.104914989072,-1305.3138438065714,-1850.0179911586238,-0.0,-369.69577283513985,-2294.2691990344124,-854.4072089388497,-785.665669679081,-880.8630516954177,-415.3929004408794,-836.676850998562,-1490.0890678112019,-0.0,-927.7133672181653,118.28264715555397,-1363.2465237447889,-0.0,-553.7016631898347,100.16201786897383,-877.0059243389411,-588.7226599544587,-0.0,-567.0207552614671,-428.954356202809,-1603.7022100308664,-1193.2536447054122,-1537.0200462069404,-827.16454948286,-751.8683057521533,-883.5869553419376,-2069.4975164884645,-21.853235591092915,-0.0,-515.8362017942536,-591.6239667245786,-1312.1345930185985,-1967.044630729574,-301.8339059574544,-698.7772101200926,61.57636035784294,-822.8404882901802,-1195.1184480098354,-761.469920885027,-0.0,-971.52180409627,-53.674249087628915,-2371.4924125696907,-0.0,-402.00518387836536,-756.6809823373227,-535.6930156667426,-2213.4061304460847,-162.76488537246874,-1471.0327102920915,-671.9528283469225,-2465.2799574015726,-0.0,322.8657186742543,-0.0,-0.0,-307.20079111909985,-0.0,-0.0,-3484.309679590014,-25.783275485189073,-35.678187903956214,99.2744642882567,-1275.0701709966763,-0.0,-0.0,-0.0,-0.0,-0.0,-26.90418115617541,-0.0,-338.48841619330403,-0.0,-280.92847078638744,-1857.6626267896027,536.1180462741953,-2832.5052256332897,-0.0,-0.0,-0.0,-0.0,-0.0,-0.0,-0.0,-0.0,-0.0,-2475.584956071505,-0.0,-2586.915433858033,-3011.3072308019573,-36.87537104827021,-0.0,-0.0,-0.0,-0.0,-868.6237831052791,-1052.248043483921,-0.0,153.04829323758014,-534.7982343252368,-2069.3979458656418,-626.2704750543236,-0.0,-510.9603009029744,-1110.6170476214575,-0.0,-0.0,-596.9110651496045,-881.9910653076782,693.2690320299039,-468.1351643582562,26.17529382887554,28.367420845022707,-0.0,-0.0,-0.0,1494.7184495036538,1337.4382398483406,1567.8385730253021,-0.0,-0.0,-0.0,-760.2559717447839,-0.0,-0.0,-916.3075970781575,-73.9733529307188,-449.3486271884539,-54.19829994753612,-991.8107708620593,-767.7789913442565,-1385.7935111943607,-137.9442129213627,-267.9553126642374,-1187.5373846840866,-0.0,-2070.852527178648,-15.471319923723886,-915.2616278854579,-886.5087358561458,-15.795974106266673,-0.0,-1252.6458570460297,57.427170333887105,-0.0,-0.0,-0.0,-0.0,-0.0,-1325.4682768182179,-2965.962649453875,-0.0,-620.6671387211372,-58.8027892596072,-0.0,-0.0,-0.0,-398.71446683809296,-28.818830887719187,-0.0,-1253.9080375376288,-760.0346422233356,-0.0,-0.0,-514.9374027436731,-0.0,-0.0,-1570.9986290115116,-1325.9310579953808,-0.0,-786.9461800980142,-2015.93565079717,-88.63904003372664,-0.0,-0.0,-281.2880547716726,-748.8637683009912,-223.9617719099164,-189.501416324174,-157.15660134097385,-0.0,-0.0,-0.0,-1296.6891384776434,-951.803909508027,-1872.6283705765236,-262.0873909896291,-1279.839461561995,-119.28603385276712,-157.67394168973303,-462.3789688467495,-1901.2098634535112,-0.0,-0.0,-1665.0221477847465,-1816.432736765171,-0.0,-0.0,-0.0,-520.7368920740155,-2222.262321378095,-3275.891964954123,-0.0,50.938611947472836,-170.02260381628832,-661.5869561524124,-649.5095392120407,-1963.0524618540082,-0.0,-1423.0171428107715,45.403074253564895,7.762936138565565,-294.74537983577886,-0.0,81.53723005331547,-271.3750056929103,-408.5351099807427,7.470372476218158,-0.0,-0.0,-634.9989810506689,-12.521339772108359,-0.0,-1285.2798351078507,-934.7500437278688,-1182.4061707299775,-767.0444653798462,-1105.7998042638246,-1673.2214224091128,-0.0,-0.0,-0.0,-0.0,-0.0,-335.99645624824444,-630.4754608732981,-1213.3136014538738,-1473.0276299790544,644.799635872297,-1402.71555312677,1600.7797369529467,-0.0,-1997.1681205538944,-1605.0594017998299,-800.1108147329785,-29.470177679614256,-117.1909840279529,-2125.9936830811484,-218.10356184302765,-0.0,144.54729630191613,-863.5008852510985,-0.0,-0.0,-579.4552662974168,-397.3259234677801,-376.2081210239666,-1190.6433722173638,-1611.0040170683171,-0.0,-1440.8935136461405,-1088.4783299666997,-3969.8428086124845,653.5283471046317,535.1890708038216,649.5020444839995,672.4162295538447,-0.0,-0.0,-0.0,-0.0,-0.0,-0.0,-0.0,-0.0,-571.8514447035626,-0.0,-50.840969297777285,-37.18159292197255,-0.0,-1253.3433527665022,-1356.3405906627886,-1923.2263044353663,-0.0,-0.0,-0.0,71.0829712990042,-2892.2185724127503,-637.0174537752906,-2750.216288706665,-1490.2878593352627,-0.0,-0.0,-143.91038942069082,-1333.0008296185829,-0.0,-1868.3805159218546,-687.8800257401355,-0.0,-0.0,-0.0,-2333.5442695127967,-0.0,-0.0,-0.0,-0.0,-0.0,415.7550694052934,-0.0,-0.0,-0.0,-940.8186497151096,-0.0,-0.0,-0.0,-0.0,-0.0,-0.0,-0.0,-488.97203656940366,-989.8168764851616,-1446.9206380983596,-1593.6053033015676,-562.600457135755,-1183.5151343941686,-35.43573761680237,-0.0,-613.5162618669677,-49.06023979044566,-0.0,-0.0,-0.0,-0.0,-774.6568344781351,-0.0,-480.22036088960925,-1228.458904346819,772.6797562301688,696.0493247601271,709.014808852938,646.4578717820498,673.798297115393,-0.0,-0.0,-0.0,-0.0,-0.0,-0.0,-344.615989941013,-0.0,2006.6451446923297,927.4425206113426,1115.1873891520147,-0.0,-0.0,-1197.833506003087,76.22619384597377,-61.272462140314985,-2287.3320628120955,-0.0,-1813.9644742832909,-0.0,-0.0,-0.0,-0.0,-632.0420345878629,-0.0,-516.6748052152376,-540.2601404312591,-370.83254219828314,-0.0,-16.0076039327696,-0.0,-803.8743069420018,-0.0,-2181.935762600633,-590.1654950300602,1665.4907343883415,-2045.51073102525,-925.1284064214042,-66.79806179420879,-805.476151804888,-0.0,-511.90074042285903,-76.69536929648828,-2330.794692912504,610.3482741209971,86.78028022899035,571.9443539447683,1210.792348442124,-0.0,-300.52681636500216,-24.193608385926474,-1019.9004307244841,-1179.9075232777695,-1385.954310009808,-1785.9169074037407,-0.0,708.3279220705368,-0.0,-369.9437255204649,-2214.901329029119,-1282.9876572572227,-0.0,-1233.5006538684663,-379.1964242541055,-573.3920222108413,-700.0961143151239,-325.74242335505835,-1322.2208814485896,-0.0,-2085.299966488018,-382.48990568195734,-1456.3685391557344,-304.0430204580668,-0.0,-0.0,-0.0,-0.0,-1245.325484356673,1135.2281626279898,-1058.3697079059061,-588.0443716529858,-0.0,28.414959495818607,-0.0,-0.0,-747.1691532960779,-689.4282809041727,-729.080031774473,-620.0661719788504,-0.0,-0.0,324.05104647080486,226.4079597983614,568.3491648312139,-0.0,-560.3530737075886,-1828.9873952624098,-1214.4424573363435,-4.1579361571920215,-1578.0616204572627,-0.0,-0.0,-0.0,-552.221555491171,-831.8860400292665,-0.0,-1293.0216268472557,-0.0,-2540.7723251598854,-3524.23814959627,-0.0,-18.625504408599234,-0.0,-724.2786415894598,-0.0,-0.0,-0.0,-2071.9131366005017,-1071.91172840802,-583.3448668866724,-839.4165382479646,-0.0,-0.0,-2040.3171632981105,-0.0,-524.0853765505153,1120.6441000746845,-866.9552354803187,-729.7551829619807,-533.4438684144135,122.04241805209877,-0.0,-0.0,-1288.8587822715801,-0.0,-695.8463292800848,-65.71178978736745,-348.33077547862905,-328.11410823692484,-0.0,-0.0,-218.50325190111448,-613.349541560831,-1009.4256802440552,-600.6210288809857,-1020.5428551189412,12.469521886946445,-0.0,-125.00852643893538,-1998.234433503586,-1209.3807518367066,-0.0,-0.0,-0.0,-546.3478027574077,-579.9008256541185,-1498.7124410770282,-0.0,-0.0,-0.0,-0.0,-0.0,-1429.280386764303,-681.4960556787225,-0.0,-557.5362410968978,-0.0,-16943.36414982355,-782.0429058408853,-113.81593497059379,-581.5151857718777,-0.0,75.28188383161427,-1226.3187199003755,-2471.4758661663914,-0.0,-0.0,-0.0,-745.8063679260331,-492.37772764439177,-1057.0518749201578,-965.2877255100434,-544.8439838533371,-0.0,-0.0,-1659.0438226637195,-552.7391994304427,-2197.63416389782,470.76928846270187,-2275.39018338835,-0.0,-0.0,1580.1357590216817,-1493.7469256871464,-0.0,-227.4852487420751,-338.04873663695776,-606.6136021045477,27.19586930514337,-855.0376660213891,-0.0,-0.0,-1313.276532987731,-1224.5792756047163,-2351.8282973570426,-0.0,-0.0,-2328.1399034036663,-680.9197218387152,-691.9956541662764,-2355.737340583957,-1386.4900368385931,-0.0,-0.0,-1009.7005549989963,-0.0,-85.21546849364368,-1487.188675046358,-1708.984330404444,-0.0,219.53157212515177,-738.1779328438456,519.5821167500698,-251.7476870211463,-235.666004292477,-0.0,-432.48882206774516,211.5159947432064,307.239213297672,-437.6687069318688,-2394.9733794992076,-1914.043006501085,-82.55804023265682,-4264.066811116533,-557.2717260051097,-1083.1935802523683,-47.14175156811584,-3610.780589166908,-320.93429351676144,-614.9848277933811,-292.27973660584126,-1540.3553668343095,-957.4811877142819,-3282.3166612362515,-5143.3784588155,-80.70755166448704,-650.2362371195643,-1634.1094474926763,-1128.4683786457076,-0.0,-3247.304705816066,-0.0,-261.10871065396435,-1462.6774990002846,-1317.4474868342493,-0.0,-0.0,-899.7270566794514,-226.33958755789365,-0.0,-1317.649610885829,-0.0,-640.2617985188995,481.91611983095805,-2150.80674482628,-453.2301691490402,25.11520200265552,-12.687824407768327,-0.0,-1793.444506334644,-543.1189755293833,-0.0,-124.5568798531566,-0.0,75.9345139904756,-171.73148495132324,-0.0,-359.22580522811205,-1328.5904442824794,-425.22379497289677,-750.5157518878697,-2094.682326862401,-0.0,-3844.4446024958916,-1663.5808318358804,-2337.639487922896,-2122.873440492596,-69.53705361633133,-214.72255948454725,-607.1466773382426,-1402.5758973108618,-0.0,-0.0,-1187.6628487567175,-183.83216673871328,-0.0,-73.98191329379736,85.00320418737135,-2132.1247464885437,-0.0,-0.0,-1243.2060842152116,-0.0,-71.59149725370219,-0.0,-42.53125375197703,-139.17377666257477,-0.0,-359.15043061131996,5473.8380385979035,-0.0,-0.0,-2508.899009187808,-744.020003729304,-260.4074125085903,-0.0,-0.0,-0.0,-617.4908724738414,-2033.6524166292218,-0.0,-0.0,-0.0,-2164.7406045041052,-0.0,-0.0,-0.0,-1505.3403604171237,-696.6869083729989,-285.8935801225068,-442.6742376175661,22.1738906023644,-650.3495265445706,-361.52992516878675,-197.80189892322738,-2282.3277149242904,-0.0,-0.0,-1193.986021256496,-728.6078112755955,-2338.5375112437873,-0.0,-0.0,-2556.386645388148,-639.8959031806692,-1473.1155201734703,-395.71488087816357,-592.5283827560563,-2219.8298487399647,-783.1886460206714,-81.82664092472551,-782.4655429009383,-1907.5743167612761,-1470.4360029995798,-1298.8946860914186,-0.0,-582.7101409125805,-0.0,-1487.4934662487783,-402.1190823887359,-209.09435549868488,-594.2114482158221,-822.8211687445785,-11.650021323310444,-0.0,-1125.7971154944048,-526.5905939307434,-41.84883754495837,1454.2732278124943,-71.15640741515207,-0.0,-606.9867577512928,-442.1952500261247,-0.0,-642.4747682594026,-1478.750284953803,-0.0,-0.0,-0.0,-0.0,-389.6296047359682,-862.7283560290662,-302.54934103522896,-463.25035345877575,-325.66165101401407,-1542.4445538180944,-681.9859043387476,-1341.4959096230928,-2402.904488142515,-1859.6643103326946,-0.0,932.9713703506112,942.4835360478515,530.258595766468,724.1834058822885,416.40814308929845,-0.0,-0.0,-0.0,-0.0,-0.0,-0.0,-0.0,-0.0,-59.91463297923386,-823.5240130017766,-485.1877207117429,-261.0395162161642,-1129.4629288372307,-94.17053441213817,-341.262625426988,-1088.1501283438638,-280.50530305742126,-1649.9919015175647,-717.1078717636841,-78.18168789061363,-356.2638206337936,-22.61109378314986,-0.0,-533.6106276358078,-161.10750718111083,-194.24826786303367,-697.0884612841438,-329.85485478269436,-1424.2077794380698,-279.77430737595284,-0.0,-0.0,-1791.337055816799,-479.9292205712398,-310.95918611335287,-506.9141380620357,-854.907764828464,-408.8886558057312,-381.5843919486926,-0.0,-604.30475377999,-645.6338880964669,-794.5181246948249,290.9082135891261,-1253.1814919898222,-2101.1847269540544,-200.24429560321207,-626.9435740866215,-626.2035913849415,-12.507199770105093,-0.0,555.0512606049726,-749.5887903716988,-33.21298543301426,-1809.9933980255364,-0.0,-0.0,-1156.1425554612804,-463.78246698563646,-0.0,-559.4745724987667,-640.0932717271475,-745.1085207471582,-0.0,-661.0838122747097,-450.610914305662,-2067.328206364057,-3969.6863773545756,-363.4227173952311,-0.0,-76.45120608920088,-399.22652452602694,-1411.928607362328,-211.62825546827335,-536.9544110247806,-671.8890202641016,-702.7446614745805,-355.52360752688537,-0.0,-0.0,-1541.1942094806013,-102.0206316682287,-405.19158242992216,-736.3853516678331,-1118.1131441147922,-2278.096164394833,-0.0,-542.5660758122966,-0.0,-0.0,-0.0,-0.0,-0.0,-26.83786534537967,-171.60949010385366,-334.11814986469824,-0.0,-0.0,-0.0,-0.0,-0.0,-0.0,-1107.8479265892593,-2122.6967857874392,-383.9721638243285,-463.7960983560924,-43.03482736998027,-0.0,-0.0,-404.7556113493305,-0.0,-0.0,-105.55559465596772,-2521.469230519403,-0.0,-0.0,-1386.235082849252,-531.6116562770112,-822.7316735301573,-922.526124742818,-672.0993047871656,-0.0,-0.0,-1095.542293918869,-1702.7185315382153,-920.0683441395606,-0.0,-1065.1112144066487,-0.0,-338.7554093062961,-676.9971371377728,-0.0,-627.3316473875049,-1673.0989584852268,-0.0,-1595.0912885675593,-166.960310410004,-556.690248332202,-1290.4333235980846,-214.31682719629762,-1143.7769307810931,-0.0,-952.3838528505469,-25.659862106266157,-2213.8193530540248,-1757.2044486209027,-0.0,-0.0,-0.0,-0.0,-694.7315936611934,-763.0815261283942,-0.0,25.40267328325201,-342.46795766348373,-712.7241983401517,-1925.3281597601556,-2136.314940424402,-355.23864058160274,-0.0,-1318.7286513831493,-795.5792773307232,-1612.505330191144,133.825961097753,-0.0,-3156.039983542483,-651.7490001191554,-0.0,-417.4410016651346,-1368.8587692824306,-0.0,-0.0,-516.7214565294373,-1354.8896945634758,-0.0,-1017.7151886821774,-1216.4772057126472,-35.95567881099844,-78.31796627188191,-477.60363776305496,-0.0,-1395.6087920209925,-2460.00510895707,-1093.7417722587722,-168.74079173439844,-1790.067043218366,130.01606446575843,-808.7098837724204,-589.6020087601185,118.93657027014301,-811.6628231680913,-1377.3274713066417,-787.1070045632696,-1224.625173575589,-385.8424521752008,-566.6529690647699,-718.3445738019605,-1461.5505548767276,-0.0,-0.0,-1710.6143731168468,-306.526544062463,-0.0,-1413.2192775735991,-1165.406969101113,-0.0,-2332.962785819707,-507.13731616594845,-0.0,-782.8379336779516,-0.0,-0.0,-1189.0648270277447,-958.9473308506647,-0.0,-0.0,-0.0,-698.4320448239586,-4.2430702165415655,19.087031420268527,-239.19183433056637,-0.0,-1996.1870218639046,-1399.9383698302577,-527.1437392372724,-1948.2148885497093,-0.0,-55.50809865370526,-886.2430593958287,-0.0,-403.6070827385285,73.47146974160565,-1523.1542511443406,-973.4353713912565,-643.7449127248899,-1203.1921019904516,-0.0,-0.0,-0.0,-751.5186617741018,-0.0,-367.5689837509658,-919.9067711742957,-199.6186081639401,-1144.99193509325,-2054.1427882735297,-525.0744182643638,-1972.0351167234437,-0.0,-1063.0026826109406,-691.8997940298165,-480.2580480925794,-1198.7707571569085,-297.75556059104815,-488.4252538603714,-1416.2268563072776,-0.0,-0.0,229.90330625333664,-2591.4464301377247,-926.419857073583,-252.50149151685008,-0.0,-348.52476209643913,-507.455939387147,-608.6485578978172,-0.0,-0.0,-729.0372886009626,-0.0,-20.022961135582023,113.73922639339217,-113.57270361901439,-1892.1504260746035,483.9733802115773,493.09278780941133,473.56525797629206,608.9271842621285,45.32828840040109,-0.0,-596.4289876888977,-708.9797731162785,-336.3646894518279,-9.295729259686533,-0.0,-0.0,-0.0,-183.05606948258807,-12.705413495666741,-865.6448832782332,450.51004812020125,2259.106077431526,-0.0,-0.0,-0.0,65.03122400183439,74.80234399861018,-0.0,-2914.109464757393,-0.0,-0.0,-0.0,-0.0,-0.0,-2316.3557932449803,-266.845828363169,-0.0,-381.7976330627989,-2021.1764092738815,-153.01618532377637,-303.9342093090532,24.936155756030356,-1635.2076157167567,-4087.9565147980406,-1859.0639310009965,-0.0,-0.0,-1586.111497866372,-988.8809953306999,-694.8835032902092,-393.6605306477019,-330.1290802175732,-949.963422206557,-961.3890689260917,-4706.9831808258705,-638.3305129060243,170.36299937800158,-778.3638478606089,-1032.7436072874182,-588.3341946871019,-599.023163187107,-7.1885279239789,-1532.5282052082323,-782.1298719171987,-556.4888091170859,-0.0,-0.0,-0.0,-0.0,-218.5164357852117,-1152.1007847166497,-0.0,-1179.757317458122,-1297.6634814225574,-0.0,-0.0,-1380.6298209219087,-0.0,-0.0,-204.10871380366328,53.644563166640125,-0.0,-0.0,-2949.001101245945,-1161.3694704331365,-91.7803364714013,-890.7193383193248,-1344.4512334969957,-0.0,-321.8837600402947,-478.04470334652564,-0.0,-1313.557536548144,-320.8169700871649,-1105.4024024187381,162.50356126128014,-844.4371245622985,-192.22040190780862,-225.57181082164757,-50.91881673058154,-42.76353329013806,-580.1756670137152,-778.928067396585,-483.3103401546939,-674.5227716342279,-0.0,-59.139470859617774,-695.9601898053404,-159.1570648274821,3.7225193442984246,-0.0,-956.6587331703953,25.763571377900917,-1245.540887793212,-0.0,-0.0,-0.0,-1772.6245341123883,-0.0,-0.0,-75.99666063979049,-0.0,-0.0,-0.0,-0.0,-0.0,-0.0,-587.1206886137934,-1539.145458395141,-0.0,-0.0,-0.0,-0.0,-812.6240156966985,-454.0128668611991,-0.0,-0.0,-1772.6107964986345,-0.0,-1307.810253067323,-2566.4740310173183,-0.0,-0.0,-0.0,-479.67967538932163,-0.0,-0.0,-0.0,-941.7023632830901,-722.1299329969228,-637.8394231928843,-0.0,-0.0,-215.02581104226016,-0.0,-3808.478703390892,-5161.612965635104,-0.0,14.744157493543288,-0.0,-576.6456109074388,-644.4590333379608,-1917.7042659790654,-0.0,-0.0,-92.4026679501358,-660.7476473295193,-1306.6318870266616,-641.6141840092707,-324.52176132504536,-0.0,-0.0,-1159.7305206206674,-935.824509936053,-43.516739912857574,-0.0,-0.0,-700.6001696047069,-365.1814230543984,-81.01315757948097,-0.0,-0.0,-0.0,-2080.209468022687,-325.90894612679983,-1288.0952558811052,-4161.5152725939815,-0.0,-943.2124159956757,-1104.0889334826954,-2292.195428272664,-325.4192873224953,-0.0,-0.0,234.99363248578612,-1134.2196223862925,-1766.0851341884381,-480.4098385750281,-143.7159046125318,-23.75171466837057,-1720.6858450784346,-399.1012429487279,-1690.1727215848987,-640.3691245443061,-2607.2847650887024,3.7004370299170537,-949.0887110128982,-845.5788296796203,-1778.542016077305,-0.0,-0.0,-714.2573915279072,-1608.7873237037284,-1731.7264661735828,-834.3044204393589,-0.0,528.3815801888602,-65.74024026306708,-429.3916574616622,-0.0,-18.088443638294486,-0.0,-2359.9308080016353,-49.87682916376604,-0.0,-0.0,-715.5349744449425,-1057.8771393639136,-773.4158872473344,-333.5938020771603,-562.268027194003,12.075736934072971,190.32637100117478,-793.171099314552,-25.127997853456996,-1449.0713954067394,-0.0,-1481.8634950124301,-122.30642386538777,-726.4135835513689,-382.8121218550113,-23.242012009918977,-41.02477437796732,-19.321660661768433,-1196.0850273791891,-933.4087116226237,-1350.9890374920342,-244.88920854701368,-1326.0290932323194,3.714766082893016,-0.0,-732.9205922357131,-2561.7447674975065,-0.0,-0.0,-28.64190840521768,-2005.29838765941,-181.7495198728042,-551.7607734934222,-355.8202520682605,167.41716289780862,-0.0,-0.0,-1212.882993139188,-0.0,-0.0,-2078.389421440267,-1514.0922894057885,-814.6142988302305,-727.6936996948898,-615.5791225078407,-869.6065983990416,-749.3530698131165,-1246.1802492733116,-2489.6044496653967,-0.0,-0.0,-0.0,-0.0,-291.1822417564222,-0.0,-1978.188821857447,-606.2128926881478,-813.7593913155474,-942.5971693324663,-438.5702905592068,-0.0,-1351.6015482106836,-628.2883161218566,-0.0,-2474.720579069468,-1388.420378214929,-0.0,-0.0,-2320.5307073574163,-1642.3612159174822,-425.03790572037536,-773.7608589104441,-0.0,-511.46165130147324,-302.990615223986,-0.0,-613.5549583841084,-525.9632698938063,-492.20521815204575,-0.0,-0.0,-0.0,-0.0,-373.73321191038724,-1182.969652519197,-6767.774633084693,-0.0,-0.0,-702.1082772879538,-678.1524661231639,-1850.3330844033055,-632.4195362014623,7.328069691967623,-439.2320984184104,-0.0,-618.3478681996236,-549.995368052578,-0.0,-485.1609960463222,-1094.9070896763678,-0.0,-0.0,-0.0,-0.0,-0.0,37.00665251537467,-2042.2184992984965,-0.0,-1292.8821086381204,-859.6720196839746,-3.8692252686516606,-1629.0951210068279,-933.5412062540556,-933.6311890493602,-1364.8198718045555,-75.25000604293051,-115.44668109057552,-1213.8353255693023,-677.2339037111662,-655.5338027709241,-0.0,-1413.5866251185728,-1311.2661836489713,224.02045996882524,-0.0,-593.8870833287032,-689.6140464937216,-948.9451798335006,-63.3163469409189,-0.0,-279.92099126278583,-0.0,-0.0,-2374.8506742732593,-2042.0941388484125,-1846.9273208384084,-1648.7724187012893,-0.0,-1200.8632726891763,-1980.3565496051272,-0.0,-5123.252007322482,-0.0,-0.0,-0.0,-0.0,-1012.0685719308889,-2367.1171587688127,-2229.2087454951743,-87.87142001909947,-1900.657210607214,-0.0,-944.8087923401617,-30.27103182321165,-0.0,-65.87184589118536,-535.2863801618263,563.1897522403461,-0.0,-444.5806553754286,-36.874740510182086,-0.0,-1389.1292607878538,-0.0,-2034.7919887987234,-138.71394373501707,-0.0,-0.0,-1025.4865243102338,-1525.7067543119545,-1004.31745618766,-1193.2095042757603,-1242.719696428096,1510.5726292217573,-55.75120002483047,-773.6071922666966,-34.72219290647924,-2385.3483033089065,-785.4412559213938,-835.3793275717197,-448.39152361945156,-1573.3095375892076,-1662.9986602225697,-419.73207036923367,-2387.4732673142767,-320.79429572474766,-0.0,-0.0,-48.83880016981354,-0.0,-0.0,-0.0,-0.0,-0.0,-0.0,-1626.6675006052174,-596.2331546121372,-1140.0244910874248,-873.6612107405929,-0.0,-560.2372141534695,-1195.5458969363453,-1070.4764436837113,-2134.366079003105,-1276.5876718121383,-84.82857469863214,-190.91055870182095,-939.0338248080843,-1422.2833947790327,-0.0,-0.0,-0.0,-69.69082638475108,-793.4359030848547,-151.01982963893718,-476.18111088432056,-977.0589133542314,-0.0,-0.0,-0.0,-3958.1472017764554,-0.0,-121.90247914906693,-0.0,-212.79560885164494,-1103.076561757511,-1187.8393448642344,-830.2092392629206,-0.0,-41.762777823655234,-553.8348819099854,-718.5436661348645,-546.4719648191713,-0.0,-1028.5293340813696,-0.0,-0.0,-2653.458482029294,-0.0,-1344.3540020625226,-623.0524011395984,-404.57080897441244,-269.66563500232786,-1373.2428158185924,-2696.9227889236213,42.58207627047167,-2218.5909752488296,-1650.0959580903468,-426.52017445045567,7.261307228489383,-0.0,1436.090340374077,1072.3414054140392,1118.9393013759175,-0.0,-0.0,-0.0,-854.2288491408232,-0.0,-281.49210426528833,-176.60765762715135,-0.0,-3541.644374734644,-0.0,-1391.5820168503137,-80.42876308839037,-1053.466069801093,-577.8579763444866,-1444.1214307474138,-1199.6581249547469,-0.0,390.74918706827276,-2557.539211743268,-1637.9573130712429,-453.4092133331786,-1194.7179886105337,-1661.1057791946562,-0.0,-0.0,-271.37915470430437,-739.658650701288,-2207.099458339171,-798.6792777805725,-36.20615373650413,-0.0,-0.0,-683.3461438194126,-0.0,-0.0,-0.0,-204.12701977002598,-1380.8159103117252,1603.9609458286795,-1306.142046499699,515.0798662283438,-712.4599001844659,-989.3699661281282,-10.626732964614808,-4798.424903228966,-373.1118582793703,-0.0,-73.25263076058664,-2325.0868284333783,-1703.107206586233,-0.0,-26.65404518709371,-0.0,-633.7094116221741,-24.87667804047584,-1841.8962235196755,-1519.1834294581236,-0.0,-310.38333600361307,-0.0,-0.0,-0.0,-737.704297673988,-1009.752494361094,-416.09235238660153,-1117.0902073962252,-1730.37970638764,-945.5402472562968,-424.1607767565634,-476.22203457772093,-108.33003964994872,-1619.3891924900472,-607.9907234694715,-991.6155809596597,-1203.1577174372305,-1426.9184766693352,-1364.445891878611,-374.3150189228482,-1466.610163950918,-0.0,-0.0,-0.0,-2104.504497899894,-0.0,-491.8095378453046,-1185.970394115473,-10.840151987910657,-768.1497259453078,-599.7425366473957,-932.306926908167,-712.785725659382,-197.48236206466055,-1838.381395981061,-5162.904850574119,-269.2343213515328,-30.61488559358675,-0.0,-111.58122024288451,-6699.607595865678,-1801.6732687974895,-671.2751184037724,-2356.91944756166,-208.09224209262567,-0.0,-23.58814303985489,-662.222049856032,-122.12192225659236,-1100.5196354223635,-1049.4719963776472,-198.09704380768363,-0.0,-684.5594929612244,-1853.4841797326378,-1908.6397289800007,-1862.4601521026125,-0.0,-1495.2261418917824,-0.0,-51.424981844188345,-854.3476439872773,517.9422706391784,-0.0,-0.0,-309.4828607811572,-980.906117886467,-724.5606670104139,-1239.2674297291337,143.3743701090024,-1400.9523988416977,-126.78678044772147,-323.65889317637016,-2048.081648312444,-1872.3726056277499,-372.67025027188475,-0.0,-0.0,-0.0,-0.0,-0.0,-1994.5463660814858,-0.0,-614.1674987197378,-785.2153616948023,-2531.8044634915973,-0.0,3.3360644245978435,468.17739926432915,2002.138872037562,-610.9664976418185,-1274.893211112981,-0.0,-1297.5475152604893,-3538.5741489805782,-834.8313482376083,-5379.347110760749,-1162.6624105439118,-0.0,-747.1374866894279,-2288.357023710985,-196.21690134277483,-0.0,1187.5983261471233,1324.9520827697675,1145.0319948772228,-0.0,-0.0,-0.0,-0.0,-84.7202757231315,-2271.7840498244605,-80.29836322622897,-0.0,-1955.7087287131947,-1123.242759994972,-455.49738820271665,4.076116625217949,-0.0,-204.8299261960501,-782.4055348041724,-0.0,-0.0,-47.143816386924065,212.839664257414,-2179.3668869778744,-0.0,-826.1402931583775,8.606055021036203,-72.04044851084176,-0.0,274.31685843789506,-92.97634753412599,-454.87499775257254,-1816.947922879949,-0.0,-56.91240697279714,-1189.957761562546,-992.4766764656965,-42.397287270467736,38.205405658511424,-0.0,-1201.9365005776124,-766.2997145996582,-8.306861870930447,-0.0,-0.0,75.73444654977136,-232.6698592189889,-159.99216179751804,-80.941119934742,-11.952332379976822,-174.93856199924258,-734.4008756055098,-949.9883683058554,-492.2492920270521,-0.0,-2131.1540503968217,-963.3631988275671,-0.0,-0.0,-1030.9575999474023,-2064.147843111929,-594.1139836959844,-7.281367616432136,-2628.259643524665,-121.50182476937219,-80.61615743481048,-1061.3371716695212,-0.0,-352.2334274567153,-1419.7861803309886,-3.6207957196875733,-0.0,-3253.9691323418438,-152.30089731309386,-1495.0128122290575,-902.6399686605226,-1205.053976450527,-2338.0884983558803,-78.8734683936694,-825.6086754745722,-1864.8380424902755,-1178.736295848495,-1186.5453275598497,-228.83037544989864,-1803.0489405765843,-0.0,-2598.3013006807923,-0.0,-6307.99017825427,-225.978905348192,-81.00003013739946,-1426.261018712756,-0.0,-0.0,-0.0,340.329976462797,45.29285313638013,-864.0310783527156,-1250.9956333635307,-426.16693771979885,-1021.8584474658838,-0.0,-0.0,-1457.947890314059,-300.85193176166143,-509.0340633358737,-166.55245394894715,-0.0,-1570.9022796942445,-338.5518626073432,-1893.513026499526,-0.0,-35.55811546513308,-0.0,-1813.5140464655674,-761.2086605939088,-1620.9894874585682,-0.0,-0.0,-1437.2139464886347,-499.04178989811106,-767.0085105803587,-1501.4421310790628,-445.7912415834821,-1383.4923861220934,-0.0,263.78345751819523,-1210.4486207147108,-4123.87982460661,319.84110763507186,-1214.8722356260528,-7442.4418229164785,-600.395293227538,-649.894828495172,-219.4876318601182,-176.48886488811584,-912.969776103742,186.10471859485796,-194.7905566619972,392.10900107412925,-1084.3985576668092,-556.6505250845927,-0.0,-1157.617066271003,-1807.1920097055122,-874.5358584169618,-380.94216690245577,-0.0,-0.0,-32.45067194521001,-1006.2786324110153,70.97546319931926,-2093.9908497764236,-0.0,-0.0,-435.00524763620024,-592.0661014010191,-945.2948608529624,169.60030237574054,-2550.549360300335,-1400.2648861581454,-1234.394166329742,-224.2037101878635,-0.0,-375.21159746518344,-0.0,-572.2512092952736,-22.807942504843677,-1316.181678012676,-489.73887517355547,-1016.3395449001642,-337.3893797379169,-310.6925311939414,-0.0,-1098.206045944939,-667.7481620763391,-1207.5655330364393,-0.0,-3186.2812444052356,-1315.9461177390779,-1214.1817261074393,-787.1234033749125,-1078.2427399489309,3.6678184837696035,-2137.447918097297,-748.2888484229438,-1179.7289102377345,-1862.7274024535989,-298.1015332235109,252.68697222456657,-1041.477775670542,-0.0,-0.0,-19.163488794589224,-58.3856018295221,-18.232895264546453,-257.6171363323934,-0.0,-0.0,-0.0,-0.0,-0.0,-0.0,-0.0,-0.0,-0.0,-0.0,-1389.2920026966228,-2316.4641968133533,-2070.912151630054,-0.0,-0.0,1685.1539093707838,-448.85199624140466,-0.0,-484.6157954409858,-447.54134868285644,-978.4096945060675,-945.3258242157091,-1116.928609542418,-0.0,-626.9090574900733,-404.00049729805136,157.07706752560748,-0.0,825.3509851324542,-0.0,248.01084441848818,-0.0,-314.6779176892543,-0.0,-368.7103855099273,-1149.050749372199,-1919.3912160625814,226.80328467560005,-0.0,-0.0,-0.0,-0.0,-0.0,-346.55704973678024,-81.48867555846414,-0.0,-0.0,-0.0,-536.4440017614735,-0.0,-42.337222881630176,-619.3298003197015,-3155.8449509148586,-0.0,-1289.9177253387365,-0.0,-587.9311320807658,-0.0,-0.0,42.52736794593865,-0.0,-159.29972135369883,-0.0,-0.0,-0.0,-926.4669691898159,-1783.1276357222603,-0.0,193.56946722663434,-2278.7867143612725,-0.0,-70.78945603852118,-261.90471259397,-0.0,-0.0,-1440.316942401065,-0.0,-891.0602589050915,-1273.8315175835778,42.0925063773336,-2674.1401616955254,-1664.2012755961828,280.7580717324034,-670.967708999656,-0.0,-1005.7720299044748,-0.0,-0.0,-0.0,-3369.937809397924,-828.0719177414849,-1494.923084937615,-0.0,-374.1622490591875,-3.836329961785984,-1262.845366523374,-1938.0000359147673,73.40431974200206,-2938.543144903427,-0.0,-1860.6131161746146,-2486.6000715985706,-0.0,-0.0,-0.0,-0.0,-2281.918087391332,-155.805392288188,-1417.7381461018178,-0.0,649.0722341928597,1251.9320229353245,-0.0,-0.0,-880.905207541806,-852.7799385242708,-322.3162191717445,-18.251079654158495,63.32050279736082,-0.0,-1207.7370639940477,-0.0,-276.9728826881379,-986.6446069693682,1311.7427298483603,-0.0,-0.0,-0.0,970.2086931044447,983.3500303703439,-730.3220648969912,-0.0,-1308.140092245105,-0.0,-1079.376399620681,-684.827583882939,-0.0,-0.0,-0.0,-0.0,-0.0,-55.66125949595089,-0.0,-0.0,-0.0,-1128.6567195054838,-274.0442662536002,-0.0,-0.0,-0.0,-141.352481541506,-69.6749107155777,-624.7854207598245,-686.7796884523582,-2361.090750741425,-1071.078427659336,-952.4457720705615,-0.0,-2629.0190105704437,-41.14285027126582,-0.0,-931.0924212079913,-2328.3601857889166,-700.4880272251752,-491.0802435251666,-1242.2644172158414,-259.92788419434436,-646.6524111005906,-753.7402589632533,-1044.1121971485688,-252.65779708166886,-1625.9627676523319,15.75656434847408,-370.43875746180623,-0.0,-0.0,-774.0472256888175,-3533.473408038223,-0.0,-914.8269358626361,-499.912791431142,-0.0,-349.879972617478,-539.9471146452157,-749.0463514884777,-239.7686088880633,-0.0,-0.0,-0.0,-0.0,-0.0,-41.65592193263136,-0.0,-661.364154616626,-0.0,-0.0,-635.3172606343995,-1013.8600278857632,-2492.5347451285593,-425.1731756722155,-606.007233391223,-97.9479917823524,-1974.0325771718608,-0.0,-786.4752372094555,-514.3609969015256,-437.19280748362036,-1280.856539667133,-967.2931101908197,-1516.759882226242,14.737732384661152,-397.85346306833526,-0.0,-1060.279248197041,-1044.03823859886,-134.0215573867686,3.5978942459427428,-2448.420072915512,-1097.5693241525667,-642.8201805463344,-0.0,-683.2507166366071,-714.207108150374,-520.0176163055398,-2098.724673753949,-3.568939601124473,-0.0,29.294450363716297,-0.0,-0.0,-213.9542899923034,-3708.352889752505,-178.6925903430493,-1528.1774146240716,-3309.5755396536565,-0.0,-4487.207864415574,-252.8822594587448,-1957.0775034929886,335.09420027701515,-0.0,1554.1518534690713,-835.6456944992327,-0.0,-1966.4978491031977,-0.0,-68.99758354447727,-41.93908723960744,-0.0,-0.0,-0.0,39.94211433518035,-0.0,-0.0,-0.0,-586.3588671458572,-1308.6540827270446,-761.5529021612829,-0.0,-3216.615622500937,-0.0,-0.0,-0.0,-241.77619438996385,-352.21517666444015,-0.0,-2159.1343060850954,-0.0,-0.0,-3272.1645892087536,-0.0,-25.014794522202433,7.533595370016253,-446.09515868491604,-20.448798505628766,-0.0,-0.0,-233.92268960961,-0.0,-0.0,-1287.9405786386562,-1206.0447860592385,-1315.975523838743,-0.0,-297.5163885859016,154.58736076374345,-358.0162474448705,-14625.972051666364,-0.0,-618.4616889168326,-1283.0412234927142,-638.1505944629357,-0.0,-33.092558130344294,-15.157985724670315,-246.45727486303446,-1020.726229592681,-0.0,-0.0,-0.0,-495.0710631964136,-2295.8179742382385,-1390.9469882268954,-0.0,-0.0,-0.0,-279.2733080005681,79.259810711742,-8.085144253413752,-1189.9299503526902,-0.0,-0.0,-972.2911318627603,-0.0,-0.0,-0.0,-2490.2504738228895,-1018.7184629625813,-0.0,-1160.459450876734,-579.7489306198584,-224.04867469584812,-634.6922587964043,-1096.5695985959035,85.10275244195837,-1200.8701667560981,-1121.4872901745653,23.627680488824772,-1819.1260265399026,-0.0,-0.0,-0.0,-0.0,-432.6276650860692,-0.0,-0.0,-594.2183717403923,-896.3387488217401,-664.4325872788841,-0.0,1531.986227033588,1221.9011394289537,1329.232825196772,-0.0,-0.0,-0.0,-879.4977016044744,-39.03298934015898,-795.4780748557223,-74.49771169010404,-598.604964346616,-1701.8783374120014,-1185.454853878482,-2045.5361065907628,-0.0,-0.0,-0.0,-0.0,-447.275573520542,-750.2563384334304,-1570.1939619315465,-421.7904229537947,-1444.5547146836302,-1659.748853698849,-2063.7622075530994,-0.0,452.5028812342918,-423.03117229781617,-373.8885145045436,-123.0320254460427,-4443.670364323529,-66.74623473539691,-0.0,-848.8542473336478,-1462.994512717043,-0.0,-58.501676178821846,132.68437055631662,-81.2596168497617,-477.27577391644144,-2006.8812932524377,-150.76158212587657,-1760.0120396890745,-0.0,-1818.8314959396857,-1857.798573516336,-1261.1775416716303,-0.0,-1553.0388968568402,-341.891442543655,-652.3045549435411,-1076.1589467287654,114.84244858239798,-1718.7618013306196,-1320.0930373533542,-0.0,-111.52307354180239,-0.0,-0.0,-0.0,-1026.376689579933,-606.8300581700087,-0.0,-0.0,-0.0,-3281.5051618136554,-1755.7900380805718,-0.0,-0.0,-3.85122222843343,-1488.35896314312,-841.6015557482617,-0.0,-737.7191769096275,-1258.4276662833702,-506.1731590987107,-23.617191111498773,-982.5679088119623,-7.064050152499502,-1425.8848033072534,-1617.7381788436337,-0.0,-0.0,-38.49851567797218,-0.0,-0.0,-1240.0990355433953,-81.31430406004563,-479.2637889008738,-0.0,-0.0,-0.0,-841.5945005942874,-301.31915642609385,-107.29485088928013,-446.2696177128367,-234.4666919170874,-1980.9631648383227,-327.0055901491028,-519.4997956184507,-1068.1601128797613,-0.0,-371.98577113470736,-0.0,-1932.7200065156806,-1498.0635670540569,-1545.321849548164,-395.77776651709434,-240.29698559080032,69.34480837976393,-962.2175843686963,24.312914320318576,-0.0,-452.0348313475804,-0.0,-0.0,-453.98162790586713,-121.41156125436936,-2728.9252640885798,-2847.337748640802,-527.7976103902873,-0.0,-0.0,-904.1091310118038,279.74867878958077,-0.0,-0.0,-0.0,-1046.9400422026226,-47.271999442028644,-497.7116498497209,-3764.894835220386,-1393.9508980425421,-1113.8660977117863,-412.5039891633713,-178.88135505440397,-1193.1936905572827,-686.9674047477099,-524.5309993529557,-0.0,-660.2965558937575,-630.5008126540467,-1869.076210134351,-0.0,4.215249306832846,-12.598644107369998,-0.0,-0.0,-1696.2128761491067,-0.0,-3808.695082971143,-1201.7103127449172,2287.575954432215,2838.7963341306877,-0.0,-0.0,-736.9266488718861,-1019.9536396701146,-569.1761652603413,-332.1857552714413,-3057.3283333635773,-627.806980413641,-0.0,-0.0,-0.0,-1150.4922005397978,-703.5467423901509,-181.8720178726259,-2287.3306950098404,-1152.3635234479707,-26.648928973075286,-407.5697413397075,-1097.2358862550243,-279.26212303079984,-505.8866034783536,-0.0,-63.220301888527814,50.053386159229355,-956.2680943139959,-152.35866822904123,-0.0,68.1608455524616,119.28754832502501,-179.43361622866766,-1237.8625023772402,-2017.1516249352565,-58.02141339834428,-870.8613663347154,-1430.1318890176542,-0.0,-0.0,-682.6258147320644,-0.0,-0.0,-0.0,-0.0,-669.8956102204017,-22.206323415958252,-1373.4890163519226,-1278.8609497138245,-2389.7144100901273,-1238.6545466478763,-0.0,-614.8953250243346,-0.0,-1433.6506588805232,-1700.9105914298605,-1274.1418783825275,-956.6736758703137,-0.0,-2060.4675566387336,-0.0,-0.0,-0.0,-3249.1285315274235,-1183.3569211580407,-279.7438444060726,-912.3487422000624,-832.9855812037273,-858.0719320018497,-0.0,-0.0,-0.0,-41.554423234120556,-4867.644940329769,-683.5318064630634,-1984.0181155888897,-3620.9687651976474,-2144.631386396042,-425.80208015555206,-0.0,-1691.5852847621277,-738.4684722204936,-0.0,-337.55986567193315,-368.8696680725687,-38.016936872147426,-1020.1319595089216,-250.86079409693755,1366.3350942907746,-425.3159119939856,-0.0,-0.0,-977.056541422484,-833.6273909823725,-2458.154827396605,-269.9916361059939,-0.0,-0.0,-523.9595405117608,-0.0,-0.0,-0.0,-0.0,-1272.3746431968855,-653.120343403444,-1346.7835566744523,-454.9324891293601,-3.6453454569406145,-695.654039522314,-0.0,-0.0,-0.0,-0.0,-2424.9091932279994,-0.0,-0.0,-0.0,-0.0,-0.0,-0.0,-736.3970884940547,-0.0,-2524.3952781991575,-513.1780977664838,-223.05830377619557,-1220.320638975221,-0.0,-0.0,-1393.034318388393,-1356.8472561173878,-3.6228674067990196,-467.6932500322346,-55.21525189171806,-1843.657655810154,-890.4828603461142,-0.0,-3780.86762226679,-1257.0966753552798,-0.0,-0.0,-14.302886318333401,-402.4749942987217,-1162.7920524983806,-0.0,-0.0,-23.30299639986042,-1441.9629797119483,-570.0603466397357,-322.02285556229,-71.33641367745963,-1800.0517482300972,-0.0,-0.0,-0.0,-0.0,-0.0,-543.8034922020439,-473.9458544913493,-564.534376357343,-4226.8907552577575,-1603.4390032719505,-1224.5510943979646,-96.71112697469262,-1066.753869165163,-1072.4647625105847,7.235058898295234,-0.0,-0.0,-0.0,-574.2028950384878,-434.8027709349948,-1730.272846640082,-576.5401046319367,-0.0,-1580.725313924035,-0.0,-676.3203799058128,-0.0,-0.0,-1943.9792972182236,-525.2615005901996,-550.0731733852132,-1420.048834740648,-117.66317232444077,-11.739857407596332,-684.9518479252143,-1408.312047671529,-0.0,-444.69308328681075,-1199.333246996488,-3821.166768189199,-0.0,-281.9083192524344,-2041.4577802312003,-1316.1708776407,-1250.3322918496517,-488.23617730694826,-1151.4930627783342,-0.0,-334.49868599350816,-0.0,-245.57278399386328,708.3403593134781,-0.0,-0.0,967.9494233650232,-0.0,-2151.6382342834204,-710.381416215622,-1062.188788505052,-1142.2468460951177,-1469.1439093859765,-356.2614427595898,-141.3481213276101,-0.0,-0.0,-853.5008861485554,-1052.0944711428278,-761.4973242049487,-0.0,292.1625693609992,325.8302647537293,-224.99595804768185,-2674.1478051195713,-2047.1919212625826,-0.0,-0.0,-1382.022498761863,-3774.530280733862,-2556.254242575168,-502.02037592576835,-1030.8691466827634,-1082.9198396005768,-0.0,-209.03126139794873,-0.0,-602.9408080196033,-252.5783773457461,-1602.401944914451,-2574.6488814472373,-310.9772832633696,-514.2362989757135,-4445.421721011204,-1384.5776571397873,-550.7565262774178,-244.21473079675445,-1481.6902572935703,-715.0804477267345,-3.8802986697147306,-1526.087300908438,-1533.7475101779485,-0.0,-0.0,-688.3022277397163,-1255.9309347721762,-337.82250564122506,-3.7358054903856353,-0.0,-0.0,-0.0,-0.0,-0.0,-36.50538013247399,-739.3832905611252,611.1709600559886,-435.65955404365843,-848.628399661324,-505.88498181928065,-934.2544743701544,-1542.3258886827034,-1167.2124777217068,-1618.880775352685,-261.04625323676,-582.2369672924207,-1513.3764494754319,-693.0729316484054,-0.0,2783.5573952908776,-261.3675053963092,-71.61376172337829,-0.0,-981.5188465114645,-615.558380882419,-1426.53752866088,-1755.4037124784531,-2339.423394162689,-0.0,-0.0,-0.0,-0.0,-1062.0798420701972,-1559.689955220499,-0.0,-880.8114184002761,-7.745268739253122,-0.0,-0.0,-0.0,-2684.128991592257,-846.2423348610124,-171.88025986953244,-50.86498419808976,-0.0,-0.0,-1219.0228367168652,-1392.3224658496813,-769.9939339406117,501.7900776205467,30.459500340158108,-0.0,-21.338453902961593,-0.0,-1475.311507450708,-510.41317280110616,-1333.6284711338337,-1604.7342815658942,-1667.549561900241,-41.402515183205125,-0.0,-0.0,-1942.405597255562,-348.22695235424845,-0.0,-0.0,-209.5797595377783,-0.0,-41.58178838816033,-0.0,-1372.4332084475266,-782.1692247308328,-0.0,-71.87881796466897,641.0344763690807,-0.0,-193.98945055341088,-2419.2781361823013,-0.0,-0.0,-721.6360238173899,14.340439121866455,-0.0,-0.0,-763.3507559548332,-1390.5335386711595,-0.0,-824.9411569880768,-0.0,-1093.0684132073336,1654.1118993902282,24.64600923758563,-1648.2337383549518,-1796.3277891742266,1068.5447733701517,-0.0,-2225.5283259862736,-748.0024668261484,-932.4104445240283,-0.0,-610.6404485077451,-130.043137703521,831.5020778099895,-409.23171046797097,-1464.8999999423124,-0.0,-0.0,-0.0,-871.3839151801059,-600.5465256263394,-750.8368869225899,-920.4510121481289,-1107.3503843661595,-27.180614429932707,-1085.379228556988,-1027.985355297326,-1291.8575802900955,-0.0,-0.0,-483.03409584299726,726.6245968530749,-6394.111952084498,-0.0,-1208.738083588201,-1863.8807641866524,-881.276964294681,-785.3068687840894,-62.95707673669482,-2659.481914919127,-367.08065591066844,-0.0,-1036.5520101926459,-828.1186737121642,-633.062328650701,-0.0,-1447.03215770821,-1901.0482690703739,-28.1813472144765,-1118.8155130877524,-2595.724541441193,441.5540118042917,-0.0,-415.12789677419516,-156.39773408522987,-1181.6885634225866,-983.8190747866389,105.18508190216609,-117.86677343103787,-828.8571012656586,-471.345321087738,-533.526957151914,-657.3256689891008,-532.2687221782796,-0.0,-1334.6563086078327,-0.0,-1126.9886248234282,-656.432472143948,-151.71501110627958,-0.0,-1626.1023571214125,-4722.920987932828,-0.0,-427.0047232430025,-0.0,-2462.853953700419,-233.00171963061524,-0.0,-384.8671149979795,-419.79189623028594,-0.0,-2100.6174068552573,-1498.533872350491,-0.0,-4127.6793289237685,-116.69122829948753,-1254.5323416185574,-1381.3785907871008,-1701.7381970498382,-111.40898049022292,-0.0,-931.8768333349466,-2076.9870118083054,-563.1348840673327,-976.8859819710947,-1062.4236843953568,-1721.0773848939882,-2347.7375071709344,-940.9682984946107,-1799.5858797003302,60.40455042537207,-0.0,-284.18050948351305,-1227.6759123596662,-1044.2688750196548,-0.0,-0.0,-0.0,-409.0752849996517,-481.19925452465094,7.312037294230446,-568.240717005181,-0.0,-1154.2475345236578,-719.6372697490444,-582.1052688263208,-0.0,-0.0,-282.33033391938545,-1538.2648778392322,-975.3717269032409,-302.03721678242596,-889.6418952533597,-32.82513728797676,-0.0,-0.0,-3034.6362045041083,-1095.3510051834926,-0.0,-0.0,-0.0,-85.91455105918354,-1032.0332364379265,-49.02168428512433,-1740.5131879674047,-1688.7484990470089,111.57237605216243,-0.0,-566.4208484646591,-0.0,656.2681963169165,-124.26337736346366,-0.0,-1568.7803142602586,-306.9648702210456,-1735.8835124260847,-0.0,-1481.217952298962,-584.434373770687,-192.971649272749,-12.066953389154857,-35.102483565646786,-0.0,-0.0,-685.6799918931068,-1263.8705592885437,-0.0,-523.0620852663359,-0.0,-341.5394322633645,-512.9016261580468,-0.0,121.59195375676981,713.303475193421,677.7334660015074,826.2979502360635,728.4493615218341,770.2107287474953,-0.0,-0.0,-0.0,-0.0,-0.0,80.93008320201272,-0.0,-0.0,-539.1782524583356,-148.3013248593254,-474.08956398102714,-85.31151643838146,-0.0,-901.7453581184053,-1545.518613816902,-1671.1371932264183,-232.04808212365876,-201.5978073969358,-0.0,-0.0,-621.9541037375851,-0.0,-0.0,-0.0,-0.0,-2860.389800979488,-0.0,-41.726210489352404,872.9780069250378,-0.0,-1018.9645400435592,-536.8829897116599,1513.9474629796646,-846.5725523468911,-0.0,-3057.900964518601,-1988.4435965668567,-194.08917997589302,-819.4121237237059,-1281.6403822416141,-537.2149359032384,1141.5212642594256,-74.4214550002037,-560.7813192238146,-0.0,-0.0,-495.3448860993867,-0.0,-754.8780452490679,-0.0,-441.11136653416924,-35.798447374253435,-0.0,-0.0,-1064.353507900668,-0.0,-0.0,-501.02947366057015,-1220.4102935845635,-1778.2237435492818,-0.0,-0.0,-0.0,-1641.2378201962974,-0.0,-1088.079415572764,21.5352766919072,-0.0,-0.0,-1128.0635717725197,-861.4236145875684,-1222.1707091103845,-361.411801417497,-0.0,-1314.8322952780968,-265.7655468539727,-0.0,-0.0,3.757899040332163,-36.190411426687696,-4395.345476927524,-0.0,-113.08844399795407,-29.89905623525406,408.8283125064973,-81.17438582389023,-943.4199091069236,-857.3631721868801,-426.1968712360688,-0.0,-0.0,-1702.2603897223244,-0.0,-0.0,-0.0,-0.0,-0.0,-0.0,-0.0,-159.8515521424005,-0.0,-0.0,-1896.0311423144813,-6913.6615619487875,-111.86581249974034,33.505273101387296,-426.73035076976896,-674.6751883889137,-107.52588762832694,-4184.368583354591,-256.2774522883897,-292.255963655018,-0.0,-0.0,-0.0,-1925.8743077378338,-0.0,-36.99603840192926,-0.0,-0.0,-0.0,-462.378644109532,-10.983196194729848,-262.7094129608708,-1412.179018035527,-611.31111087641,-70.34192215731741,-2454.1388784954074,-0.0,-81.8204599098302,-2082.0504241381245,-0.0,-1059.2948255635179,-72.12761017027097,-1483.9802629603532,-0.0,-0.0,-1039.009557109311,-575.1365467808265,-33.009354883053824,-823.2917945691136,-791.5186899118039,-675.5276758457172,-160.90971038671535,-665.2681150443993,-695.538109867632,-2154.568701543464,-975.5827509710649,-0.0,-1488.778563467454,-348.41322298959005,-654.1592438812414,-0.0,-0.0,-963.0378951049177,-2240.3883534498896,-800.5449217377529,-0.0,-0.0,-0.0,-3813.8281938184437,-777.7955674712133,-187.24624590241882,-320.38576695207144,-40.6528200050575,-3525.9828360784636,-0.0,-0.0,-2172.1668545567636,-816.5720758238948,-0.0,-0.0,-0.0,-80.07339446933567,-0.0,-1804.650972561936,-1724.268377121472,-0.0,-319.5246067049938,231.8706000190403,-0.0,-0.0,-0.0,-963.8266769150606,22.736721970983005,-2317.1186753230622,-534.8211022987168,-1079.912091681257,-651.9409251900973,-3416.1144670334456,-1573.118355720217,205.5424452795067,-0.0,-2983.1509300970106,-0.0,-0.0,-0.0,-1222.044926868618,-721.4062610949316,-1484.1513987219107,-0.0,-0.0,-836.9521885562286,-1442.3983282422942,-652.1204182039012,-472.1677698262725,-0.0,-0.0,-1237.3459574270207,-0.0,-0.0,-0.0,-0.0,-0.0,-0.0,-529.5673006321965,-72.1602560922055,-1271.8962142979515,-0.0,-657.0736907152875,-1157.420484091872,-32.69234480825878,-0.0,-0.0,-0.0,-0.0,-0.0,-0.0,-0.0,-0.0,-0.0,-0.0,-1106.665874672562,-1898.5962288338826,-0.0,312.6470224552139,-0.0,-644.3053079103382,-95.05129911703028,-0.0,-725.6163943150841,-421.0073249910792,-83.35857788304534,-1899.6795340008468,-478.4645408771359,-2746.46016369676,-168.82331355801412,-2131.653467925949,-1742.2525501675646,-857.2065013722455,-4.186799195741117,-0.0,-1072.6101688395288,-2094.794461757946,-2364.116280270431,-73.73976693701078,-227.59550178239317,-1664.3246347713289,-0.0,-2534.504212786933,-378.1876135876369,-0.0,-1629.9138531270328,-0.0,-773.6383216014682,-0.0,-2385.0790707940864,-0.0,-0.0,-85.6659978506527,-1006.1644035149313,-524.4841785954143,-0.0,-1340.2353515424888,74.5279882918951,353.27720866288325,334.13786661469936,-260.11306953758077,-1656.5052782472985,-583.1846585687949,-0.0,-0.0,-5129.210620462737,-1074.9849016760775,-0.0,459.98857687869605,-0.0,-1858.4209665343012,-493.8774640868186,-672.5520470931176,-0.0,-0.0,557.1458923812762,-0.0,-843.4284597771147,-1191.00228316894,-1796.7993792587054,-0.0,-583.0105732355987,-2990.221798913507,-962.2461717715626,-0.0,-1359.1143786586272,-127.78951529864604,-1129.556631995659,-0.0,-911.7039051033056,-0.0,-0.0,-0.0,-853.2501420608563,-0.0,506.2288701020749,-0.0,-370.1141818780735,-722.9070609326008,-423.2140221397459,-1004.1122473507972,-604.6188012427539,-1753.715764442315,-1168.1459005032716,-0.0,543.3157085287662,-2265.513818410459,-1545.0161371651109,-677.027453683178,-0.0,-0.0,-0.0,-142.42410241639644,-1053.5031230714903,-289.7607437595784,-810.8509066820731,-2011.7525350184883,-2782.2543385667004,136.69225875635414,776.6152591718278,670.2054528264388,-0.0,-0.0,113.58828894550004,-30.504489902653486,9071.747454556826,10646.029640596098,5520.710181047331,10276.207197960404,10013.792599144024,9199.433481498958,-0.0,-0.0,-0.0,-0.0,-0.0,-1389.6284300113102,-1329.3759021563503,-897.0907423597965,-0.0,-2300.8877919407246,-578.6949208156343,-1006.2876091645729,-31.526731726869016,-689.9269971096963,-1321.1037026005747,-1038.0689596216785,-1155.7435180496161,-0.0,-2854.2300578688464,-1771.9898993559016,-642.6868386654688,-117.17461104997793,-3172.57630089807,-0.0,-215.44503473569813,-0.0,-10.888756802439534,-0.0,-109.18974351929832,-276.33183179338874,-1048.8769659804882,-806.3495957622224,-0.0,-0.0,-0.0,-2284.646941548621,-0.0,-0.0,-240.0297369034838,-969.8686123813756,-1002.029071091127,-82.98624739812445,-1235.3327752868668,-1698.8861358435588,-309.01745228185075,-0.0,-0.0,-109.77725571778005,-1179.737104190056,-318.2191001897922,-0.0,-5450.109836890336,282.28231516645513,-0.0,-0.0,-0.0,-34.028275693441564,-423.8009561949535,-0.0,-0.0,-1172.510080670517,-2213.3381265995276,-1240.651857599705,-381.9633063412517,-433.66081191027257,-463.46585965505824,470.7362732723784,-1331.107618269406,-0.0,-540.7896756604946,-2564.086045809431,-475.81646765036317,-8.39421485776782,-0.0,-5.182125452640831,-0.0,-0.0,-0.0,-1184.9771454317886,-390.4078615959715,-1336.6236504264384,-0.0,-0.0,-0.0,-252.0826605028704,-503.6938988632483,-1404.6036578949227,-2757.0597329703337,-369.610754826307,-190.2455789442025,-0.0,819.1024533234394,-0.0,-1134.9101163084367,-156.32373226076493,-0.0,-0.0,963.6944634391069,-0.0,-1539.3875002774257,-0.0,-0.0,-0.0,-194.61868956265403,-1961.252804831542,-1625.2802660407847,-25.424139116671224,-2253.479575946907,-1509.7931046915323,-25.799133095230204,-25.392493067799716,-71.48933075646529,-0.0,-0.0,-1995.087862541823,-0.0,-5599.386468328407,-0.0,-1483.582458567142,-256.68821400669634,143.0130203899639,-0.0,-54.99664635199187,-1304.5799128679728,-1472.4347517368121,-520.0005204693143,-35.17402233885703,-253.95209096774508,-0.0,-0.0,-0.0,-0.0,-1188.1659848900126,-854.3466918719296,-0.0,-561.6012168006534,-1226.3920707121815,-179.76100230592658,-74.65998046461799,-0.0,-0.0,-0.0,926.6417530607623,-3.9198533804288145,-0.0,-506.4688368941324,-835.6170890553801,-1384.2785004397565,-0.0,-0.0,-2338.66449321126,-0.0,-0.0,-0.0,-0.0,-646.3855003602431,978.7585364663648,1039.3591800723116,1184.0819081339334,-0.0,-0.0,-0.0,-578.1638794656363,-0.0,-0.0,-356.93128229536717,-648.8573747438279,-0.0,-181.37695005589893,-1338.1647804309223,-1274.6752052621018,-0.0,-0.0,-0.0,-10.738714555247029,-1427.5736986172265,-3.592711639304676,427.0477891799761,-0.0,-1672.2505058109953,-859.3101243742193,-591.6432801646557,-1634.728604518765,86.10808367978078,-258.370109860764,-19.607557610182415,-432.63621433482916,-412.10010861914,-1057.072432209315,-364.92800467497864,822.7145031099901,-1261.1888853721346,-216.35406739976574,-162.02447857800507,-3871.2726881164435,-2360.7530970723483,643.6794132909268,-960.1854749364888,-182.936528947868,7.75699572799148,-723.2943617473708,-1017.2759280053391,1788.6243210184716,-631.3312928337131,-665.6204888444748,-682.9463942917447,-0.0,-6678.930199400809,-0.0,-504.9517719495684,-899.5601738521258,-639.2058648857502,-897.2359838391013,-1207.913701756333,-0.0,-941.7079060372254,-156.84327463657849,-80.7820371771447,-6949.664268910437,588.5410800669697,-165.44635022978133,-0.0,-580.9087095766808,-1254.5985982523512,-0.0,-0.0,-485.3133005000223,-1765.4670195167623,-71.14496144704451,-222.16725103271224,-261.4395648253657,-1187.9632239418966,-0.0,-0.0,52.63008737068208,-0.0,-0.0,-1721.6255360126063,-0.0,-1761.8462509894289,-942.5263786821248,-1260.0447015588134,-0.0,-0.0,-511.11042863281506,-872.7899908077368,-126.27186611272694,-0.0,-455.1292395672637,-144.9462067065963,-505.2698733629795,-0.0,-207.64564784682275,-488.78859820319167,-2208.352697978849,-956.886013853658,-1374.7627359970147,-0.0,-0.0,-1400.0755056106486,-17.973025192276932,-0.0,-0.0,-1129.247590401461,-0.0,-0.0,-0.0,-0.0,-0.0,-0.0,-0.0,-0.0,-0.0,-0.0,-106.34603260191571,-0.0,-0.0,-0.0,-0.0,-0.0,-0.0,-0.0,-0.0,-0.0,-0.0,-0.0,-310.91457999286433,-0.0,-0.0,-0.0,-0.0,-0.0,-0.0,-0.0,-0.0,-0.0,-0.0,-0.0,-0.0,-0.0,-0.0,-0.0,-0.0,-0.0,-0.0,-0.0,-0.0,-0.0,-0.0,-0.0,-0.0,-0.0,-0.0,-0.0,-0.0,-486.5473559122644,-0.0,-0.0,-0.0,-0.0,-0.0,-0.0,-0.0,-0.0,-0.0,-0.0,-0.0,-0.0,-0.0,-0.0,-0.0,-0.0,-0.0,-0.0,-0.0,-0.0,-0.0,-0.0,-0.0,-0.0,-0.0,-0.0,-0.0,-0.0,-0.0,-0.0,-0.0,-0.0,-0.0,-0.0,-0.0,-0.0,-0.0,-0.0,-0.0,-0.0,-0.0,-0.0,-0.0,-1398.6361183505855,-522.9301693036002,-1825.9063327052304,-0.0,-0.0,-0.0,-0.0,-0.0,-0.0,-0.0,-0.0,-0.0,-0.0,-0.0,-0.0,-0.0,-0.0,-0.0,-0.0,-0.0,-0.0,-0.0,-0.0,-0.0,-0.0,474.925326553666,-0.0,-0.0,-0.0,-0.0,-0.0,-0.0,-0.0,-0.0,-0.0,-0.0,812.9114161057015,-0.0,-0.0,-0.0,-0.0,-0.0,-0.0,-235.97970573252925,-0.0,-0.0,-0.0,-0.0,-0.0,-0.0,-0.0,-0.0,-0.0,-0.0,-0.0,-0.0,-0.0,-0.0,-0.0,-0.0,-0.0,-0.0,-0.0,-0.0,-0.0,-0.0,-0.0,-0.0,-0.0,-0.0,-0.0,-993.4448848724536,-0.0,-0.0,-0.0,-0.0,-0.0,-0.0,-0.0,-0.0,-0.0,-0.0,-0.0,-0.0,-0.0,-0.0,-0.0,-0.0,-0.0,-0.0,-0.0,-0.0,-0.0,-0.0,-0.0,-0.0,-0.0,-0.0,-0.0,-0.0,-0.0,-0.0,-0.0,-0.0,-0.0,-0.0,-0.0,-0.0,-0.0,-0.0,-0.0,-0.0,-0.0,-0.0,-0.0,-0.0,-0.0,-0.0,-0.0,-0.0,-741.4258536035453,-0.0,-0.0,-0.0,-0.0,-0.0,-0.0,-0.0,-0.0,-0.0,-0.0,-0.0,-0.0,-0.0,-0.0,-421.4193335065343,-0.0,-0.0,-226.8168722176894,-0.0,-0.0,-0.0,-0.0,-0.0,-0.0,315.70214751407167,-0.0,784.5449809930104,-0.0,-0.0,-0.0,-0.0,-0.0,-0.0,-0.0,-0.0,-0.0,-0.0,-0.0,-0.0,-0.0,-0.0,-0.0,-0.0,-0.0,-0.0,-0.0,-0.0,-0.0,-0.0,-0.0,-0.0,-0.0,-0.0,-0.0,-0.0,-0.0,-0.0,-0.0,-0.0,-128.55867553205053,-0.0,-0.0,-0.0,-0.0,-0.0,-0.0,-0.0,-0.0,-0.0,-0.0,-0.0,-0.0,-0.0,-0.0,-0.0,-0.0,-0.0,-0.0,-0.0,-0.0,-0.0,-0.0,-0.0,-0.0,-0.0,-825.4158669991139,-0.0,-0.0,-0.0,-0.0,-0.0,-0.0,-0.0,-0.0,-0.0,-0.0,-0.0,-0.0,-0.0,-0.0,-0.0,-0.0,-0.0,-0.0,-0.0,-0.0,-0.0,-0.0,-0.0,-0.0,-0.0,-0.0,-0.0,-0.0,-0.0,-0.0,-0.0,-0.0,-0.0,-0.0,-0.0,1194.426154696757,-0.0,-308.094262545688,-0.0,-0.0,-0.0,-0.0,-0.0,-0.0,-0.0,-0.0,-0.0,-0.0,-0.0,-0.0,-0.0,-0.0,-0.0,-0.0,-0.0,-0.0,-0.0,-0.0,-0.0,-0.0,-0.0,-0.0,-0.0,-0.0,-0.0,-0.0,-0.0,-0.0,201.1924029207628,-0.0,1962.7469121382685,-0.0,-0.0,-0.0,-0.0,-0.0,-0.0,-0.0,-0.0,-0.0,-0.0,-0.0,-0.0,-0.0,-0.0,-0.0,-0.0,-0.0,-0.0,-0.0,-0.0,-0.0,-0.0,-0.0,-0.0,-0.0,-0.0,-0.0,-0.0,-0.0,-0.0,-0.0,-0.0,-0.0,-0.0,-0.0,-0.0,-0.0,-0.0,-2320.6143337068575,-1379.6520575019313,-0.0,-0.0,-0.0,-0.0,-0.0,-0.0,-0.0,-0.0,-0.0,-0.0,-0.0,-0.0,-0.0,-0.0,-0.0,-0.0,-0.0,-0.0,-0.0,-0.0,-0.0,-0.0,-0.0,-0.0,-0.0,-0.0,-0.0,-0.0,-0.0,-0.0,-0.0,-0.0,41.08509115369974,-0.0,-0.0,-0.0,-0.0,-0.0,-0.0,-0.0,-0.0,-0.0,-0.0,-0.0,-0.0,-0.0,-0.0,-0.0,-0.0,-0.0,-0.0,679.9814431596927,-0.0,-0.0,-0.0,-0.0,-0.0,-0.0,-0.0,-0.0,-431.0744401263748,-0.0,-0.0,-0.0,-0.0,-0.0,-0.0,-0.0,-727.979181829469,-0.0,-0.0,-0.0,-0.0,-0.0,-0.0,-0.0,2129.5525355597924,-0.0,-0.0,-0.0,-0.0,-0.0,-0.0,-0.0,-0.0,-0.0,-0.0,-0.0,-790.2166344172119,-0.0,-0.0,-0.0,-0.0,-0.0,-0.0,-0.0,-0.0,-0.0,-0.0,-0.0,-0.0,-0.0,-0.0,-0.0,-0.0,-0.0,-0.0,-0.0,-0.0,-0.0,-0.0,-0.0,-0.0,-0.0,-0.0,-0.0,-0.0,-0.0,-0.0,-0.0,90.10648203774542,-0.0,-0.0,-0.0,-0.0,-0.0,-0.0,-0.0,-0.0,571.0190274265061,-0.0,-0.0,-0.0,-0.0,-0.0,-0.0,-0.0,-353.76418829736167,-0.0,-0.0,-0.0,-0.0,-0.0,-0.0,-0.0,-0.0,-0.0,-75.54187610919897,-0.0,-0.0,-0.0,-0.0,-0.0,-0.0,-0.0,-0.0,-0.0,-0.0,-0.0,-0.0,-0.0,-0.0,-0.0,-0.0,-0.0,-0.0,-0.0,-0.0,-0.0,-0.0,-0.0,-0.0,-0.0,-0.0,-0.0,-1749.6312891155285,-0.0,-0.0,-0.0,-0.0,-0.0,-71.10266720392856,-0.0,-0.0,-0.0,-0.0,-0.0,-0.0,-0.0,-0.0,-0.0,-0.0,-0.0,-0.0,-0.0,-0.0,-0.0,-0.0,-0.0,-0.0,-0.0,-0.0,-0.0,-0.0,-0.0,-0.0,-0.0,-0.0,-0.0,-0.0,-0.0,-0.0,-0.0,-0.0,-0.0,-0.0,-0.0,-0.0,-0.0,-0.0,-0.0,-0.0,-0.0,-0.0,-0.0,-0.0,-0.0,-0.0,-0.0,-0.0,-0.0,-0.0,-0.0,-0.0,-0.0,-0.0,-0.0,-0.0,-0.0,-0.0,-0.0,-0.0,-0.0,-0.0,-0.0,-0.0,-0.0,-0.0,-0.0,-0.0,-0.0,-0.0,-0.0,-0.0,-0.0,-0.0,-0.0,-1303.4267525510138,-0.0,-0.0,-0.0,-0.0,-0.0,-0.0,-0.0,-0.0,-0.0,-1837.1024130416542,-0.0,-0.0,-0.0,-0.0,-0.0,-0.0,-0.0,-0.0,-0.0,-167.8213821078019,-0.0,-0.0,-0.0,-0.0,-0.0,-0.0,-0.0,-0.0,-0.0,-0.0,-0.0,-0.0,-0.0,-0.0,-0.0,-0.0,-0.0,-0.0,-0.0,-0.0,-0.0,-0.0,-0.0,-0.0,-0.0,370.95897671017207,-0.0,-0.0,-0.0,-0.0,-148.31430971752,-0.0,-0.0,-0.0,-0.0,-0.0,-0.0,-0.0,-0.0,-0.0,-0.0,-0.0,-0.0,-0.0,-0.0,-0.0,-0.0,-0.0,-0.0,-0.0,-0.0,-0.0,-0.0,-0.0,-0.0,-0.0,-0.0,-0.0,-0.0,-0.0,-0.0,-0.0,-0.0,-0.0,-0.0,-0.0,-0.0,-0.0,-0.0,-0.0,-0.0,-0.0,-0.0,-0.0,-0.0,-0.0,-0.0,-0.0,-0.0,-0.0,-0.0,-0.0,-0.0,-0.0,-0.0,-0.0,-0.0,-0.0,-0.0,-0.0,-0.0,-0.0,-0.0,-0.0,-0.0,-0.0,-0.0,-0.0,-0.0,-0.0,-0.0,-0.0,-0.0,-0.0,-0.0,-0.0,-0.0,-0.0,-0.0,-0.0,-0.0,-0.0,-0.0,-0.0,-0.0,-0.0,-0.0,-0.0,-0.0,-0.0,-0.0,-0.0,-0.0,-0.0,-0.0,-0.0,-0.0,-0.0,-0.0,-0.0,-0.0,-0.0,-0.0,-0.0,-0.0,-0.0,-0.0,-0.0,-0.0,-0.0,-0.0,-0.0,-0.0,-0.0,-0.0,-0.0,-0.0,-0.0,-0.0,-0.0,-0.0,-0.0,-0.0,-0.0,-0.0,-0.0,-0.0,-0.0,-0.0,-0.0,-0.0,-0.0,-0.0,-0.0,-0.0,-0.0,-0.0,-0.0,-0.0,-0.0,-0.0,-5231.088338851044,-50.8677635186303,30013.39409237678,-3369.184880486738,-3744.0702491427037,81336.13162586234,-0.0,-6213.158031925523,803.5718000428126,1717.1373148011357,-24726.783675058534,-0.0,-4790.223474107224,-0.0,-0.0,32711.91617885313,-12091.99338373059,3743.999438510993,6100.316724832786,-4400.059662624454,-23640.65727506156,-9011.950396540993,55.13212466940216,-96.60801489768022,-6695.320701591194,-0.0,-12549.096351574728,-19178.06112011897,15024.216648443813,-548.9529132070542,7.850128186447061,44315.51730876665,-3029.8308501496986,-104785.79507606063,-2977.0021003396773,-21295.381016694602,-16316.915519235583,-6188.134774895977,-5557.742510821798,-14211.653247437976,11377.679021167569,-2290.601013606566,-4060.114164169287,-3544.266092941978,-12180.713425893973,6953.380332672172,38038.61980135928,-828.740530933826,60.10744518356063,19862.12210956491,5431.800821501547,-526.2362179234203,14821.934034756961,7720.085696889224,-5402.555133424447,-7593.883972205729,-3848.14200359832,396.7384899070554,-0.0,-0.0,-266.53242485140225,-8067.55493799921,-3263.128300782444,-2990.6969832316927,-1494.6363818470072,-4566.5655118077175,9333.295996721336,4181.132491267566,-8151.977011751342,19886.262804970356,-20239.92881219817,-32183.87176397647,74061.0572952439,-20676.783914556727,-8459.97622865696,-2173.085620597571,-3479.438928012664,-5462.897406415337,-5354.3661407554555,-34660.42222577988,-0.0,-12694.347770600833,-0.0,2846.752735228917,-0.0,-0.0,-13167.324449061342,-1334.564710350028,-0.0,-0.0,3761.6716622606364,-0.0,-0.0,-0.0,-6995.303875062644,-4333.758483572007,-7197.174163431835,-8370.420779530094,8459.552205655236,-0.0,-28089.697410141234,39920.3896374441,-0.0,-0.0,-17932.321352555366,-10651.764737221976,170.65770964292156,48.93612023531974,-0.0,55538.39296558936,-0.0,-0.0,-0.0,-0.0,50753.531109716685,-998.6750872309275,-0.0,-9630.633802587248,-0.0,-6212.066207825431,-1277.644946839973,-3304.031956852855,-16093.661471022186,11680.740278472982,-1381.4963757449352,-8515.834228009142,-0.0,-0.0,-4590.0783237174055,-6386.508302315244,-10557.089269528613,52691.93759075431,-0.0,-186.25147913870674,12198.48347801675,3630.2571203980274,-1820.9196094386907,750.5607177332482,4974.404120156468,-3344.90313536976,-88.487825575629,-17733.556358389047,445.6075663105396,13572.801863324603,-711.1897766395813,11976.458783060443,50056.54598855938,2664.7641404473543,-68.26375654653994,8771.966612051498,-1826.4934097341097,-7675.1293943511955,-8862.841037925547,-16279.187260782415,-0.0,6344.683919676036,16355.839418427582,25047.648060841282,-10298.920033261733,6954.101479160639,8877.810024797765,-8895.657712283866,16662.41511018751,-14643.892324813298,-0.0,4502.398766150539,-11865.644236086637,-18133.791471649904,-7591.003002144426,22363.96387892262,3206.6615835741445,-0.0,-5480.623645942672,-0.0,-2685.08078337021,94.04019940691911,-3834.0272874359166,-0.0,199.96711117741552,-277.85010582443164,-21041.987306727733,-13265.78212235949,22795.27809439581,-7772.915423628331,3626.6238929462133,6262.457967977211,-7245.344329809891,-5104.526532354769,-11521.059567408238,-0.0,-2054.020263826296,-1651.1351086102934,-0.0,1069.8180689418582,-398.58293074357374,-0.0,-0.0,-13343.898682171415,-2958.4683752477213,2953.6278050767232,-4355.50366863505,-0.0,-0.0,-0.0,58340.941610983595,22165.01201709467,-0.0,120.50457381361115,12202.982817923697,-0.0,-4205.971013471794,-2515.594279819206,-0.0,-4053.3003591344245,-7707.651916251593,101168.31801810692,-11357.029546265723,-7870.313953078927,-29988.865831698407,-0.0,1436.26842385205,3127.146151224739,-9699.760639032214,29536.678017782062,-6976.002958898926,-36014.589319533196,-13089.742187862856,-9000.395417315618,-0.0,1346.5802520311797,-4522.866131371598,22202.190895549007,-157.0708336981901,-399.9029606917256,-10611.556004028771,-9003.258259114264,27667.96307783458,-0.0,-2064.770534595415,793.0584733317851,-0.0,-0.0,-0.0,-0.0,-0.0,-0.0,-0.0,-0.0,-0.0,-0.0,-0.0,-0.0,-0.0,-0.0,-1862.8150574452284,-0.0,-0.0,3291.793417986456,-13516.988416988948,-618.0695533083456,-8947.742678372368,22840.787339494378,8614.544578353054,-3898.111847845057,3327.5316185607567,37295.26416511775,-0.0,-0.0,-4377.557015368703,2744.5146351610206,-6640.754586393537,-9105.037941907016,-0.0,-37.178245471169355,8718.999823055825,-4915.651110528975,-2565.9502608861962,3385.5348237447784,-24658.639734567358,28947.536777055146,-5995.045668731827,-1076.61718610868,14193.129787200192,-0.0,-0.0,-0.0,-0.0,-0.0,-0.0,846.3827017918329,45564.760233225286,-8764.153353812228,-10711.682587860212,-8287.251138175114,-0.0,-9004.369177498033,-12873.032326305398,-0.0,-0.0,-0.0,418.2701219481168,413.9572966610005,708.8046965432169,2519.678253824809,-0.0,3475.3459868843183,819.3768392428343,803.3326922833907,712.8623080884345,723.1035729502802,2751.356081864728,1763.6716754399706,2846.5771135435857,2196.0217354740907,2599.5246701864307,3094.3627022033315,33365.51598237908,36430.072995665236,35969.55032000191,33023.76874136341,8603.136500410163,8318.003581663625,8468.26492986926,9133.20913295472,5309.616331627727,1981.230613347679,1965.2127016232148,2205.3205026982523,2252.878032594624,2139.9993238262928,5153.041727800271,4080.1193661430034,1198.736346496707,1449.5464167357002,619.2209170579264,353.4918784080236,524.700551738301,38741.55997893986,33643.157322391584,37296.07074101998,32808.09338792911,49849.51212339513,53627.19652120098,1258.2352126028054,1107.7214509038472,1153.1628798576198,1215.0528185597675,1065.5785863118938,1072.5867457485294,537.3689620973229,52614.09748191619,50356.79790208602,45627.09120210688,2443.0039878877806,2791.2557170534715,2804.6411997214354,-0.0,7495.472392919975,8325.853114881063,38298.34816497864,33484.00470531066,35329.614045130955,58651.64257419458,59302.00253331585,59112.57615095019,59729.73179623935,2367.5660174536474,2410.4535929394565,4744.735994559543,-0.0,19800.915433974325,19737.694735202713,-0.0,1419.790616776535,1482.9789262799632,1532.4121331033991,1597.5942532572437,1444.203168356378,1385.945027798189,32614.86294159609,38588.25852931148,38972.15045394409,36474.67830756105,1103.3257428560323,1045.2180302015954,-0.0,-0.0,16477.89536399528,31034.97644653778,35329.790992363356,32223.98053513393,35009.310170252415,-0.0,53600.17304016022,47927.30243602858,922.0204468673891,1959.183708297305,1864.3486257620093,1999.9763809330439,2095.060878574109,2354.42389871206,46199.97115697223,51143.978579899216,-0.0,-0.0,16805.43223242226,1003.8939521828835,35214.78959095353,37457.832908966295,36817.29787116047,35189.859348609825,33042.28941733488,33866.03487871672,-0.0,15981.79323038491,10173.712630875187,-0.0,-0.0,1415.0623988745258,1366.8376154001623,718.4636027104133,767.1762663737746,450.30497909509745,416.4475867950654,-0.0,1112.2668808167186,1100.6387513108457,975.4573061017655,1133.3243528639741,-0.0,1666.997451278577,1660.3703059770369,1737.3630169609467,2106.598489212128,2084.1385812193475,2135.4812799283,860.0648200017018,781.4251971776687,849.5040884644244,1333.5577049371407,1027.2858741727998,961.864033257464,877.2485080537801,994.9607736913783,7858.033852552845,7204.682503779096,235.88291346849203,243.1854826079864,3551.34010745555,15980.213654703537,1353.4541288245882,1391.0322552712282,-0.0,-0.0,7160.169656710477,7285.421798454738,8043.964765119818,7383.215485333922,1870.1122074463817,1879.643625204878,34540.99987053644,34696.775194163914,7841.3701632299135,7640.897154278944,-0.0,53232.88623299091,1912.3106024389897,2019.9077178369691,1099.9083559352027,46655.299141576696,46446.95976726863,52027.7736603784,51219.681041615484,183.13707737991575,56463.729331194416,49342.72973138619,-0.0,-0.0,23116.90065890062,-0.0,1144.3353794397844,1052.9870877067337,1136.8461699301586,2379.4221342791293,8514.464026018959,16223.13339135667,1601.8568612192864,1766.0763435136912,23.2606971281799,681.399906605043,649.5720130289943,16343.262107797676,1523.5724919936188,-0.0,-0.0,-0.0,1038.4134360011305,-0.0,1143.3740756241457,-0.0,5613.128980475045,5885.492956221531,5196.899625522882,5453.331790282624,865.7631625038397,-0.0,805.6707256140559,-0.0,-0.0,915.5871210018787,1057.0369743716437,877.2944406786078,789.484182916603,822.3683475633434,808.7680995366976,1812.9650410580477,1754.5646840075588,1576.3692333961292,-0.0,2849.8211965336627,2636.0258594055526,2732.6799625288236,2969.8729414359996,4485.701462026778,51189.25503507138,47182.28059275312,11282.887257327411,21216.948341233463,16181.325973085528,16023.4221967379,1609.2591326168738,1635.8619439777858,809.5533602796191,848.8979572171257,2116.1222049064263,-0.0,36212.43755583255,32532.6151249621,1178.949894270473,1075.264956096462,1018.8536315174005,5098.667034711793,2810.016500457712,3099.488847820805,33611.09653218436,32556.43398394216,34902.877673577685,37126.565026502256,-0.0,-0.0,-0.0,2517.559399300251,2369.9635393377102,2254.8504199884555,9817.539563208036,7454.28459112893,6145.833439899334,2136.406707194652,2299.8977483403346
