,Bus1,Bus2,Bus3,Bus4,Bus5,Bus6,Bus7,Bus8,Bus9,Bus10,Bus11,Bus12,Bus13,Bus14,Bus15,Bus16,Bus17,Bus18,Bus19,Bus20,Bus21,Bus22,Bus23,Bus24,Bus25,Bus26,Bus27,Bus28,Bus29,Bus30,Bus31,Bus32,Bus33,Bus34,Bus35,Bus36,Bus37,Bus38,Bus39,Bus40,Bus41,Bus42,Bus43,Bus44,Bus45,Bus46,Bus47,Bus48,Bus49,Bus50,Bus51,Bus52,Bus53,Bus54,Bus55,Bus56,Bus57,Bus58,Bus59,Bus60,Bus61,Bus62,Bus63,Bus64,Bus65,Bus66,Bus67,Bus68,Bus69,Bus70,Bus71,Bus72,Bus73,Bus74,Bus75,Bus76,Bus77,Bus78,Bus79,Bus80,Bus81,Bus82,Bus83,Bus84,Bus85,Bus86,Bus87,Bus88,Bus89,Bus90,Bus91,Bus92,Bus93,Bus94,Bus95,Bus96,Bus97,Bus98,Bus99,Bus100,Bus101,Bus102,Bus103,Bus104,Bus105,Bus106,Bus107,Bus108,Bus109,Bus110,Bus111,Bus112,Bus113,Bus114,Bus115,Bus116,Bus117,Bus118,Bus119,Bus120,Bus121,Bus122,Bus123,Bus124,Bus125,Bus126,Bus127,Bus128,Bus129,Bus130,Bus131,Bus132,Bus133,Bus134,Bus135,Bus136,Bus137,Bus138,Bus139,Bus140,Bus141,Bus142,Bus143,Bus144,Bus145,Bus146,Bus147,Bus148,Bus149,Bus150,Bus151,Bus152,Bus153,Bus154,Bus155,Bus156,Bus157,Bus158,Bus159,Bus160,Bus161,Bus162,Bus163,Bus164,Bus165,Bus166,Bus167,Bus168,Bus169,Bus170,Bus171,Bus172,Bus173,Bus174,Bus175,Bus176,Bus177,Bus178,Bus179,Bus180,Bus181,Bus182,Bus183,Bus184,Bus185,Bus186,Bus187,Bus188,Bus189,Bus190,Bus191,Bus192,Bus193,Bus194,Bus195,Bus196,Bus197,Bus198,Bus199,Bus200,Bus201,Bus202,Bus203,Bus204,Bus205,Bus206,Bus207,Bus208,Bus209,Bus210,Bus211,Bus212,Bus213,Bus214,Bus215,Bus216,Bus217,Bus218,Bus219,Bus220,Bus221,Bus222,Bus223,Bus224,Bus225,Bus226,Bus227,Bus228,Bus229,Bus230,Bus231,Bus232,Bus233,Bus234,Bus235,Bus236,Bus237,Bus238,Bus239,Bus240,Bus241,Bus242,Bus243,Bus244,Bus245,Bus246,Bus247,Bus248,Bus249,Bus250,Bus251,Bus252,Bus253,Bus254,Bus255,Bus256,Bus257,Bus258,Bus259,Bus260,Bus261,Bus262,Bus263,Bus264,Bus265,Bus266,Bus267,Bus268,Bus269,Bus270,Bus271,Bus272,Bus273,Bus274,Bus275,Bus276,Bus277,Bus278,Bus279,Bus280,Bus281,Bus282,Bus283,Bus284,Bus285,Bus286,Bus287,Bus288,Bus289,Bus290,Bus291,Bus292,Bus293,Bus294,Bus295,Bus296,Bus297,Bus298,Bus299,Bus300,Bus301,Bus302,Bus303,Bus304,Bus305,Bus306,Bus307,Bus308,Bus309,Bus310,Bus311,Bus312,Bus313,Bus314,Bus315,Bus316,Bus317,Bus318,Bus319,Bus320,Bus321,Bus322,Bus323,Bus324,Bus325,Bus326,Bus327,Bus328,Bus329,Bus330,Bus331,Bus332,Bus333,Bus334,Bus335,Bus336,Bus337,Bus338,Bus339,Bus340,Bus341,Bus342,Bus343,Bus344,Bus345,Bus346,Bus347,Bus348,Bus349,Bus350,Bus351,Bus352,Bus353,Bus354,Bus355,Bus356,Bus357,Bus358,Bus359,Bus360,Bus361,Bus362,Bus363,Bus364,Bus365,Bus366,Bus367,Bus368,Bus369,Bus370,Bus371,Bus372,Bus373,Bus374,Bus375,Bus376,Bus377,Bus378,Bus379,Bus380,Bus381,Bus382,Bus383,Bus384,Bus385,Bus386,Bus387,Bus388,Bus389,Bus390,Bus391,Bus392,Bus393,Bus394,Bus395,Bus396,Bus397,Bus398,Bus399,Bus400,Bus401,Bus402,Bus403,Bus404,Bus405,Bus406,Bus407,Bus408,Bus409,Bus410,Bus411,Bus412,Bus413,Bus414,Bus415,Bus416,Bus417,Bus418,Bus419,Bus420,Bus421,Bus422,Bus423,Bus424,Bus425,Bus426,Bus427,Bus428,Bus429,Bus430,Bus431,Bus432,Bus433,Bus434,Bus435,Bus436,Bus437,Bus438,Bus439,Bus440,Bus441,Bus442,Bus443,Bus444,Bus445,Bus446,Bus447,Bus448,Bus449,Bus450,Bus451,Bus452,Bus453,Bus454,Bus455,Bus456,Bus457,Bus458,Bus459,Bus460,Bus461,Bus462,Bus463,Bus464,Bus465,Bus466,Bus467,Bus468,Bus469,Bus470,Bus471,Bus472,Bus473,Bus474,Bus475,Bus476,Bus477,Bus478,Bus479,Bus480,Bus481,Bus482,Bus483,Bus484,Bus485,Bus486,Bus487,Bus488,Bus489,Bus490,Bus491,Bus492,Bus493,Bus494,Bus495,Bus496,Bus497,Bus498,Bus499,Bus500,Bus501,Bus502,Bus503,Bus504,Bus505,Bus506,Bus507,Bus508,Bus509,Bus510,Bus511,Bus512,Bus513,Bus514,Bus515,Bus516,Bus517,Bus518,Bus519,Bus520,Bus521,Bus522,Bus523,Bus524,Bus525,Bus526,Bus527,Bus528,Bus529,Bus530,Bus531,Bus532,Bus533,Bus534,Bus535,Bus536,Bus537,Bus538,Bus539,Bus540,Bus541,Bus542,Bus543,Bus544,Bus545,Bus546,Bus547,Bus548,Bus549,Bus550,Bus551,Bus552,Bus553,Bus554,Bus555,Bus556,Bus557,Bus558,Bus559,Bus560,Bus561,Bus562,Bus563,Bus564,Bus565,Bus566,Bus567,Bus568,Bus569,Bus570,Bus571,Bus572,Bus573,Bus574,Bus575,Bus576,Bus577,Bus578,Bus579,Bus580,Bus581,Bus582,Bus583,Bus584,Bus585,Bus586,Bus587,Bus588,Bus589,Bus590,Bus591,Bus592,Bus593,Bus594,Bus595,Bus596,Bus597,Bus598,Bus599,Bus600,Bus601,Bus602,Bus603,Bus604,Bus605,Bus606,Bus607,Bus608,Bus609,Bus610,Bus611,Bus612,Bus613,Bus614,Bus615,Bus616,Bus617,Bus618,Bus619,Bus620,Bus621,Bus622,Bus623,Bus624,Bus625,Bus626,Bus627,Bus628,Bus629,Bus630,Bus631,Bus632,Bus633,Bus634,Bus635,Bus636,Bus637,Bus638,Bus639,Bus640,Bus641,Bus642,Bus643,Bus644,Bus645,Bus646,Bus647,Bus648,Bus649,Bus650,Bus651,Bus652,Bus653,Bus654,Bus655,Bus656,Bus657,Bus658,Bus659,Bus660,Bus661,Bus662,Bus663,Bus664,Bus665,Bus666,Bus667,Bus668,Bus669,Bus670,Bus671,Bus672,Bus673,Bus674,Bus675,Bus676,Bus677,Bus678,Bus679,Bus680,Bus681,Bus682,Bus683,Bus684,Bus685,Bus686,Bus687,Bus688,Bus689,Bus690,Bus691,Bus692,Bus693,Bus694,Bus695,Bus696,Bus697,Bus698,Bus699,Bus700,Bus701,Bus702,Bus703,Bus704,Bus705,Bus706,Bus707,Bus708,Bus709,Bus710,Bus711,Bus712,Bus713,Bus714,Bus715,Bus716,Bus717,Bus718,Bus719,Bus720,Bus721,Bus722,Bus723,Bus724,Bus725,Bus726,Bus727,Bus728,Bus729,Bus730,Bus731,Bus732,Bus733,Bus734,Bus735,Bus736,Bus737,Bus738,Bus739,Bus740,Bus741,Bus742,Bus743,Bus744,Bus745,Bus746,Bus747,Bus748,Bus749,Bus750,Bus751,Bus752,Bus753,Bus754,Bus755,Bus756,Bus757,Bus758,Bus759,Bus760,Bus761,Bus762,Bus763,Bus764,Bus765,Bus766,Bus767,Bus768,Bus769,Bus770,Bus771,Bus772,Bus773,Bus774,Bus775,Bus776,Bus777,Bus778,Bus779,Bus780,Bus781,Bus782,Bus783,Bus784,Bus785,Bus786,Bus787,Bus788,Bus789,Bus790,Bus791,Bus792,Bus793,Bus794,Bus795,Bus796,Bus797,Bus798,Bus799,Bus800,Bus801,Bus802,Bus803,Bus804,Bus805,Bus806,Bus807,Bus808,Bus809,Bus810,Bus811,Bus812,Bus813,Bus814,Bus815,Bus816,Bus817,Bus818,Bus819,Bus820,Bus821,Bus822,Bus823,Bus824,Bus825,Bus826,Bus827,Bus828,Bus829,Bus830,Bus831,Bus832,Bus833,Bus834,Bus835,Bus836,Bus837,Bus838,Bus839,Bus840,Bus841,Bus842,Bus843,Bus844,Bus845,Bus846,Bus847,Bus848,Bus849,Bus850,Bus851,Bus852,Bus853,Bus854,Bus855,Bus856,Bus857,Bus858,Bus859,Bus860,Bus861,Bus862,Bus863,Bus864,Bus865,Bus866,Bus867,Bus868,Bus869,Bus870,Bus871,Bus872,Bus873,Bus874,Bus875,Bus876,Bus877,Bus878,Bus879,Bus880,Bus881,Bus882,Bus883,Bus884,Bus885,Bus886,Bus887,Bus888,Bus889,Bus890,Bus891,Bus892,Bus893,Bus894,Bus895,Bus896,Bus897,Bus898,Bus899,Bus900,Bus901,Bus902,Bus903,Bus904,Bus905,Bus906,Bus907,Bus908,Bus909,Bus910,Bus911,Bus912,Bus913,Bus914,Bus915,Bus916,Bus917,Bus918,Bus919,Bus920,Bus921,Bus922,Bus923,Bus924,Bus925,Bus926,Bus927,Bus928,Bus929,Bus930,Bus931,Bus932,Bus933,Bus934,Bus935,Bus936,Bus937,Bus938,Bus939,Bus940,Bus941,Bus942,Bus943,Bus944,Bus945,Bus946,Bus947,Bus948,Bus949,Bus950,Bus951,Bus952,Bus953,Bus954,Bus955,Bus956,Bus957,Bus958,Bus959,Bus960,Bus961,Bus962,Bus963,Bus964,Bus965,Bus966,Bus967,Bus968,Bus969,Bus970,Bus971,Bus972,Bus973,Bus974,Bus975,Bus976,Bus977,Bus978,Bus979,Bus980,Bus981,Bus982,Bus983,Bus984,Bus985,Bus986,Bus987,Bus988,Bus989,Bus990,Bus991,Bus992,Bus993,Bus994,Bus995,Bus996,Bus997,Bus998,Bus999,Bus1000,Bus1001,Bus1002,Bus1003,Bus1004,Bus1005,Bus1006,Bus1007,Bus1008,Bus1009,Bus1010,Bus1011,Bus1012,Bus1013,Bus1014,Bus1015,Bus1016,Bus1017,Bus1018,Bus1019,Bus1020,Bus1021,Bus1022,Bus1023,Bus1024,Bus1025,Bus1026,Bus1027,Bus1028,Bus1029,Bus1030,Bus1031,Bus1032,Bus1033,Bus1034,Bus1035,Bus1036,Bus1037,Bus1038,Bus1039,Bus1040,Bus1041,Bus1042,Bus1043,Bus1044,Bus1045,Bus1046,Bus1047,Bus1048,Bus1049,Bus1050,Bus1051,Bus1052,Bus1053,Bus1054,Bus1055,Bus1056,Bus1057,Bus1058,Bus1059,Bus1060,Bus1061,Bus1062,Bus1063,Bus1064,Bus1065,Bus1066,Bus1067,Bus1068,Bus1069,Bus1070,Bus1071,Bus1072,Bus1073,Bus1074,Bus1075,Bus1076,Bus1077,Bus1078,Bus1079,Bus1080,Bus1081,Bus1082,Bus1083,Bus1084,Bus1085,Bus1086,Bus1087,Bus1088,Bus1089,Bus1090,Bus1091,Bus1092,Bus1093,Bus1094,Bus1095,Bus1096,Bus1097,Bus1098,Bus1099,Bus1100,Bus1101,Bus1102,Bus1103,Bus1104,Bus1105,Bus1106,Bus1107,Bus1108,Bus1109,Bus1110,Bus1111,Bus1112,Bus1113,Bus1114,Bus1115,Bus1116,Bus1117,Bus1118,Bus1119,Bus1120,Bus1121,Bus1122,Bus1123,Bus1124,Bus1125,Bus1126,Bus1127,Bus1128,Bus1129,Bus1130,Bus1131,Bus1132,Bus1133,Bus1134,Bus1135,Bus1136,Bus1137,Bus1138,Bus1139,Bus1140,Bus1141,Bus1142,Bus1143,Bus1144,Bus1145,Bus1146,Bus1147,Bus1148,Bus1149,Bus1150,Bus1151,Bus1152,Bus1153,Bus1154,Bus1155,Bus1156,Bus1157,Bus1158,Bus1159,Bus1160,Bus1161,Bus1162,Bus1163,Bus1164,Bus1165,Bus1166,Bus1167,Bus1168,Bus1169,Bus1170,Bus1171,Bus1172,Bus1173,Bus1174,Bus1175,Bus1176,Bus1177,Bus1178,Bus1179,Bus1180,Bus1181,Bus1182,Bus1183,Bus1184,Bus1185,Bus1186,Bus1187,Bus1188,Bus1189,Bus1190,Bus1191,Bus1192,Bus1193,Bus1194,Bus1195,Bus1196,Bus1197,Bus1198,Bus1199,Bus1200,Bus1201,Bus1202,Bus1203,Bus1204,Bus1205,Bus1206,Bus1207,Bus1208,Bus1209,Bus1210,Bus1211,Bus1212,Bus1213,Bus1214,Bus1215,Bus1216,Bus1217,Bus1218,Bus1219,Bus1220,Bus1221,Bus1222,Bus1223,Bus1224,Bus1225,Bus1226,Bus1227,Bus1228,Bus1229,Bus1230,Bus1231,Bus1232,Bus1233,Bus1234,Bus1235,Bus1236,Bus1237,Bus1238,Bus1239,Bus1240,Bus1241,Bus1242,Bus1243,Bus1244,Bus1245,Bus1246,Bus1247,Bus1248,Bus1249,Bus1250,Bus1251,Bus1252,Bus1253,Bus1254,Bus1255,Bus1256,Bus1257,Bus1258,Bus1259,Bus1260,Bus1261,Bus1262,Bus1263,Bus1264,Bus1265,Bus1266,Bus1267,Bus1268,Bus1269,Bus1270,Bus1271,Bus1272,Bus1273,Bus1274,Bus1275,Bus1276,Bus1277,Bus1278,Bus1279,Bus1280,Bus1281,Bus1282,Bus1283,Bus1284,Bus1285,Bus1286,Bus1287,Bus1288,Bus1289,Bus1290,Bus1291,Bus1292,Bus1293,Bus1294,Bus1295,Bus1296,Bus1297,Bus1298,Bus1299,Bus1300,Bus1301,Bus1302,Bus1303,Bus1304,Bus1305,Bus1306,Bus1307,Bus1308,Bus1309,Bus1310,Bus1311,Bus1312,Bus1313,Bus1314,Bus1315,Bus1316,Bus1317,Bus1318,Bus1319,Bus1320,Bus1321,Bus1322,Bus1323,Bus1324,Bus1325,Bus1326,Bus1327,Bus1328,Bus1329,Bus1330,Bus1331,Bus1332,Bus1333,Bus1334,Bus1335,Bus1336,Bus1337,Bus1338,Bus1339,Bus1340,Bus1341,Bus1342,Bus1343,Bus1344,Bus1345,Bus1346,Bus1347,Bus1348,Bus1349,Bus1350,Bus1351,Bus1352,Bus1353,Bus1354,Bus1355,Bus1356,Bus1357,Bus1358,Bus1359,Bus1360,Bus1361,Bus1362,Bus1363,Bus1364,Bus1365,Bus1366,Bus1367,Bus1368,Bus1369,Bus1370,Bus1371,Bus1372,Bus1373,Bus1374,Bus1375,Bus1376,Bus1377,Bus1378,Bus1379,Bus1380,Bus1381,Bus1382,Bus1383,Bus1384,Bus1385,Bus1386,Bus1387,Bus1388,Bus1389,Bus1390,Bus1391,Bus1392,Bus1393,Bus1394,Bus1395,Bus1396,Bus1397,Bus1398,Bus1399,Bus1400,Bus1401,Bus1402,Bus1403,Bus1404,Bus1405,Bus1406,Bus1407,Bus1408,Bus1409,Bus1410,Bus1411,Bus1412,Bus1413,Bus1414,Bus1415,Bus1416,Bus1417,Bus1418,Bus1419,Bus1420,Bus1421,Bus1422,Bus1423,Bus1424,Bus1425,Bus1426,Bus1427,Bus1428,Bus1429,Bus1430,Bus1431,Bus1432,Bus1433,Bus1434,Bus1435,Bus1436,Bus1437,Bus1438,Bus1439,Bus1440,Bus1441,Bus1442,Bus1443,Bus1444,Bus1445,Bus1446,Bus1447,Bus1448,Bus1449,Bus1450,Bus1451,Bus1452,Bus1453,Bus1454,Bus1455,Bus1456,Bus1457,Bus1458,Bus1459,Bus1460,Bus1461,Bus1462,Bus1463,Bus1464,Bus1465,Bus1466,Bus1467,Bus1468,Bus1469,Bus1470,Bus1471,Bus1472,Bus1473,Bus1474,Bus1475,Bus1476,Bus1477,Bus1478,Bus1479,Bus1480,Bus1481,Bus1482,Bus1483,Bus1484,Bus1485,Bus1486,Bus1487,Bus1488,Bus1489,Bus1490,Bus1491,Bus1492,Bus1493,Bus1494,Bus1495,Bus1496,Bus1497,Bus1498,Bus1499,Bus1500,Bus1501,Bus1502,Bus1503,Bus1504,Bus1505,Bus1506,Bus1507,Bus1508,Bus1509,Bus1510,Bus1511,Bus1512,Bus1513,Bus1514,Bus1515,Bus1516,Bus1517,Bus1518,Bus1519,Bus1520,Bus1521,Bus1522,Bus1523,Bus1524,Bus1525,Bus1526,Bus1527,Bus1528,Bus1529,Bus1530,Bus1531,Bus1532,Bus1533,Bus1534,Bus1535,Bus1536,Bus1537,Bus1538,Bus1539,Bus1540,Bus1541,Bus1542,Bus1543,Bus1544,Bus1545,Bus1546,Bus1547,Bus1548,Bus1549,Bus1550,Bus1551,Bus1552,Bus1553,Bus1554,Bus1555,Bus1556,Bus1557,Bus1558,Bus1559,Bus1560,Bus1561,Bus1562,Bus1563,Bus1564,Bus1565,Bus1566,Bus1567,Bus1568,Bus1569,Bus1570,Bus1571,Bus1572,Bus1573,Bus1574,Bus1575,Bus1576,Bus1577,Bus1578,Bus1579,Bus1580,Bus1581,Bus1582,Bus1583,Bus1584,Bus1585,Bus1586,Bus1587,Bus1588,Bus1589,Bus1590,Bus1591,Bus1592,Bus1593,Bus1594,Bus1595,Bus1596,Bus1597,Bus1598,Bus1599,Bus1600,Bus1601,Bus1602,Bus1603,Bus1604,Bus1605,Bus1606,Bus1607,Bus1608,Bus1609,Bus1610,Bus1611,Bus1612,Bus1613,Bus1614,Bus1615,Bus1616,Bus1617,Bus1618,Bus1619,Bus1620,Bus1621,Bus1622,Bus1623,Bus1624,Bus1625,Bus1626,Bus1627,Bus1628,Bus1629,Bus1630,Bus1631,Bus1632,Bus1633,Bus1634,Bus1635,Bus1636,Bus1637,Bus1638,Bus1639,Bus1640,Bus1641,Bus1642,Bus1643,Bus1644,Bus1645,Bus1646,Bus1647,Bus1648,Bus1649,Bus1650,Bus1651,Bus1652,Bus1653,Bus1654,Bus1655,Bus1656,Bus1657,Bus1658,Bus1659,Bus1660,Bus1661,Bus1662,Bus1663,Bus1664,Bus1665,Bus1666,Bus1667,Bus1668,Bus1669,Bus1670,Bus1671,Bus1672,Bus1673,Bus1674,Bus1675,Bus1676,Bus1677,Bus1678,Bus1679,Bus1680,Bus1681,Bus1682,Bus1683,Bus1684,Bus1685,Bus1686,Bus1687,Bus1688,Bus1689,Bus1690,Bus1691,Bus1692,Bus1693,Bus1694,Bus1695,Bus1696,Bus1697,Bus1698,Bus1699,Bus1700,Bus1701,Bus1702,Bus1703,Bus1704,Bus1705,Bus1706,Bus1707,Bus1708,Bus1709,Bus1710,Bus1711,Bus1712,Bus1713,Bus1714,Bus1715,Bus1716,Bus1717,Bus1718,Bus1719,Bus1720,Bus1721,Bus1722,Bus1723,Bus1724,Bus1725,Bus1726,Bus1727,Bus1728,Bus1729,Bus1730,Bus1731,Bus1732,Bus1733,Bus1734,Bus1735,Bus1736,Bus1737,Bus1738,Bus1739,Bus1740,Bus1741,Bus1742,Bus1743,Bus1744,Bus1745,Bus1746,Bus1747,Bus1748,Bus1749,Bus1750,Bus1751,Bus1752,Bus1753,Bus1754,Bus1755,Bus1756,Bus1757,Bus1758,Bus1759,Bus1760,Bus1761,Bus1762,Bus1763,Bus1764,Bus1765,Bus1766,Bus1767,Bus1768,Bus1769,Bus1770,Bus1771,Bus1772,Bus1773,Bus1774,Bus1775,Bus1776,Bus1777,Bus1778,Bus1779,Bus1780,Bus1781,Bus1782,Bus1783,Bus1784,Bus1785,Bus1786,Bus1787,Bus1788,Bus1789,Bus1790,Bus1791,Bus1792,Bus1793,Bus1794,Bus1795,Bus1796,Bus1797,Bus1798,Bus1799,Bus1800,Bus1801,Bus1802,Bus1803,Bus1804,Bus1805,Bus1806,Bus1807,Bus1808,Bus1809,Bus1810,Bus1811,Bus1812,Bus1813,Bus1814,Bus1815,Bus1816,Bus1817,Bus1818,Bus1819,Bus1820,Bus1821,Bus1822,Bus1823,Bus1824,Bus1825,Bus1826,Bus1827,Bus1828,Bus1829,Bus1830,Bus1831,Bus1832,Bus1833,Bus1834,Bus1835,Bus1836,Bus1837,Bus1838,Bus1839,Bus1840,Bus1841,Bus1842,Bus1843,Bus1844,Bus1845,Bus1846,Bus1847,Bus1848,Bus1849,Bus1850,Bus1851,Bus1852,Bus1853,Bus1854,Bus1855,Bus1856,Bus1857,Bus1858,Bus1859,Bus1860,Bus1861,Bus1862,Bus1863,Bus1864,Bus1865,Bus1866,Bus1867,Bus1868,Bus1869,Bus1870,Bus1871,Bus1872,Bus1873,Bus1874,Bus1875,Bus1876,Bus1877,Bus1878,Bus1879,Bus1880,Bus1881,Bus1882,Bus1883,Bus1884,Bus1885,Bus1886,Bus1887,Bus1888,Bus1889,Bus1890,Bus1891,Bus1892,Bus1893,Bus1894,Bus1895,Bus1896,Bus1897,Bus1898,Bus1899,Bus1900,Bus1901,Bus1902,Bus1903,Bus1904,Bus1905,Bus1906,Bus1907,Bus1908,Bus1909,Bus1910,Bus1911,Bus1912,Bus1913,Bus1914,Bus1915,Bus1916,Bus1917,Bus1918,Bus1919,Bus1920,Bus1921,Bus1922,Bus1923,Bus1924,Bus1925,Bus1926,Bus1927,Bus1928,Bus1929,Bus1930,Bus1931,Bus1932,Bus1933,Bus1934,Bus1935,Bus1936,Bus1937,Bus1938,Bus1939,Bus1940,Bus1941,Bus1942,Bus1943,Bus1944,Bus1945,Bus1946,Bus1947,Bus1948,Bus1949,Bus1950,Bus1951,Bus1952,Bus1953,Bus1954,Bus1955,Bus1956,Bus1957,Bus1958,Bus1959,Bus1960,Bus1961,Bus1962,Bus1963,Bus1964,Bus1965,Bus1966,Bus1967,Bus1968,Bus1969,Bus1970,Bus1971,Bus1972,Bus1973,Bus1974,Bus1975,Bus1976,Bus1977,Bus1978,Bus1979,Bus1980,Bus1981,Bus1982,Bus1983,Bus1984,Bus1985,Bus1986,Bus1987,Bus1988,Bus1989,Bus1990,Bus1991,Bus1992,Bus1993,Bus1994,Bus1995,Bus1996,Bus1997,Bus1998,Bus1999,Bus2000,Bus2001,Bus2002,Bus2003,Bus2004,Bus2005,Bus2006,Bus2007,Bus2008,Bus2009,Bus2010,Bus2011,Bus2012,Bus2013,Bus2014,Bus2015,Bus2016,Bus2017,Bus2018,Bus2019,Bus2020,Bus2021,Bus2022,Bus2023,Bus2024,Bus2025,Bus2026,Bus2027,Bus2028,Bus2029,Bus2030,Bus2031,Bus2032,Bus2033,Bus2034,Bus2035,Bus2036,Bus2037,Bus2038,Bus2039,Bus2040,Bus2041,Bus2042,Bus2043,Bus2044,Bus2045,Bus2046,Bus2047,Bus2048,Bus2049,Bus2050,Bus2051,Bus2052,Bus2053,Bus2054,Bus2055,Bus2056,Bus2057,Bus2058,Bus2059,Bus2060,Bus2061,Bus2062,Bus2063,Bus2064,Bus2065,Bus2066,Bus2067,Bus2068,Bus2069,Bus2070,Bus2071,Bus2072,Bus2073,Bus2074,Bus2075,Bus2076,Bus2077,Bus2078,Bus2079,Bus2080,Bus2081,Bus2082,Bus2083,Bus2084,Bus2085,Bus2086,Bus2087,Bus2088,Bus2089,Bus2090,Bus2091,Bus2092,Bus2093,Bus2094,Bus2095,Bus2096,Bus2097,Bus2098,Bus2099,Bus2100,Bus2101,Bus2102,Bus2103,Bus2104,Bus2105,Bus2106,Bus2107,Bus2108,Bus2109,Bus2110,Bus2111,Bus2112,Bus2113,Bus2114,Bus2115,Bus2116,Bus2117,Bus2118,Bus2119,Bus2120,Bus2121,Bus2122,Bus2123,Bus2124,Bus2125,Bus2126,Bus2127,Bus2128,Bus2129,Bus2130,Bus2131,Bus2132,Bus2133,Bus2134,Bus2135,Bus2136,Bus2137,Bus2138,Bus2139,Bus2140,Bus2141,Bus2142,Bus2143,Bus2144,Bus2145,Bus2146,Bus2147,Bus2148,Bus2149,Bus2150,Bus2151,Bus2152,Bus2153,Bus2154,Bus2155,Bus2156,Bus2157,Bus2158,Bus2159,Bus2160,Bus2161,Bus2162,Bus2163,Bus2164,Bus2165,Bus2166,Bus2167,Bus2168,Bus2169,Bus2170,Bus2171,Bus2172,Bus2173,Bus2174,Bus2175,Bus2176,Bus2177,Bus2178,Bus2179,Bus2180,Bus2181,Bus2182,Bus2183,Bus2184,Bus2185,Bus2186,Bus2187,Bus2188,Bus2189,Bus2190,Bus2191,Bus2192,Bus2193,Bus2194,Bus2195,Bus2196,Bus2197,Bus2198,Bus2199,Bus2200,Bus2201,Bus2202,Bus2203,Bus2204,Bus2205,Bus2206,Bus2207,Bus2208,Bus2209,Bus2210,Bus2211,Bus2212,Bus2213,Bus2214,Bus2215,Bus2216,Bus2217,Bus2218,Bus2219,Bus2220,Bus2221,Bus2222,Bus2223,Bus2224,Bus2225,Bus2226,Bus2227,Bus2228,Bus2229,Bus2230,Bus2231,Bus2232,Bus2233,Bus2234,Bus2235,Bus2236,Bus2237,Bus2238,Bus2239,Bus2240,Bus2241,Bus2242,Bus2243,Bus2244,Bus2245,Bus2246,Bus2247,Bus2248,Bus2249,Bus2250,Bus2251,Bus2252,Bus2253,Bus2254,Bus2255,Bus2256,Bus2257,Bus2258,Bus2259,Bus2260,Bus2261,Bus2262,Bus2263,Bus2264,Bus2265,Bus2266,Bus2267,Bus2268,Bus2269,Bus2270,Bus2271,Bus2272,Bus2273,Bus2274,Bus2275,Bus2276,Bus2277,Bus2278,Bus2279,Bus2280,Bus2281,Bus2282,Bus2283,Bus2284,Bus2285,Bus2286,Bus2287,Bus2288,Bus2289,Bus2290,Bus2291,Bus2292,Bus2293,Bus2294,Bus2295,Bus2296,Bus2297,Bus2298,Bus2299,Bus2300,Bus2301,Bus2302,Bus2303,Bus2304,Bus2305,Bus2306,Bus2307,Bus2308,Bus2309,Bus2310,Bus2311,Bus2312,Bus2313,Bus2314,Bus2315,Bus2316,Bus2317,Bus2318,Bus2319,Bus2320,Bus2321,Bus2322,Bus2323,Bus2324,Bus2325,Bus2326,Bus2327,Bus2328,Bus2329,Bus2330,Bus2331,Bus2332,Bus2333,Bus2334,Bus2335,Bus2336,Bus2337,Bus2338,Bus2339,Bus2340,Bus2341,Bus2342,Bus2343,Bus2344,Bus2345,Bus2346,Bus2347,Bus2348,Bus2349,Bus2350,Bus2351,Bus2352,Bus2353,Bus2354,Bus2355,Bus2356,Bus2357,Bus2358,Bus2359,Bus2360,Bus2361,Bus2362,Bus2363,Bus2364,Bus2365,Bus2366,Bus2367,Bus2368,Bus2369,Bus2370,Bus2371,Bus2372,Bus2373,Bus2374,Bus2375,Bus2376,Bus2377,Bus2378,Bus2379,Bus2380,Bus2381,Bus2382,Bus2383,Bus2384,Bus2385,Bus2386,Bus2387,Bus2388,Bus2389,Bus2390,Bus2391,Bus2392,Bus2393,Bus2394,Bus2395,Bus2396,Bus2397,Bus2398,Bus2399,Bus2400,Bus2401,Bus2402,Bus2403,Bus2404,Bus2405,Bus2406,Bus2407,Bus2408,Bus2409,Bus2410,Bus2411,Bus2412,Bus2413,Bus2414,Bus2415,Bus2416,Bus2417,Bus2418,Bus2419,Bus2420,Bus2421,Bus2422,Bus2423,Bus2424,Bus2425,Bus2426,Bus2427,Bus2428,Bus2429,Bus2430,Bus2431,Bus2432,Bus2433,Bus2434,Bus2435,Bus2436,Bus2437,Bus2438,Bus2439,Bus2440,Bus2441,Bus2442,Bus2443,Bus2444,Bus2445,Bus2446,Bus2447,Bus2448,Bus2449,Bus2450,Bus2451,Bus2452,Bus2453,Bus2454,Bus2455,Bus2456,Bus2457,Bus2458,Bus2459,Bus2460,Bus2461,Bus2462,Bus2463,Bus2464,Bus2465,Bus2466,Bus2467,Bus2468,Bus2469,Bus2470,Bus2471,Bus2472,Bus2473,Bus2474,Bus2475,Bus2476,Bus2477,Bus2478,Bus2479,Bus2480,Bus2481,Bus2482,Bus2483,Bus2484,Bus2485,Bus2486,Bus2487,Bus2488,Bus2489,Bus2490,Bus2491,Bus2492,Bus2493,Bus2494,Bus2495,Bus2496,Bus2497,Bus2498,Bus2499,Bus2500,Bus2501,Bus2502,Bus2503,Bus2504,Bus2505,Bus2506,Bus2507,Bus2508,Bus2509,Bus2510,Bus2511,Bus2512,Bus2513,Bus2514,Bus2515,Bus2516,Bus2517,Bus2518,Bus2519,Bus2520,Bus2521,Bus2522,Bus2523,Bus2524,Bus2525,Bus2526,Bus2527,Bus2528,Bus2529,Bus2530,Bus2531,Bus2532,Bus2533,Bus2534,Bus2535,Bus2536,Bus2537,Bus2538,Bus2539,Bus2540,Bus2541,Bus2542,Bus2543,Bus2544,Bus2545,Bus2546,Bus2547,Bus2548,Bus2549,Bus2550,Bus2551,Bus2552,Bus2553,Bus2554,Bus2555,Bus2556,Bus2557,Bus2558,Bus2559,Bus2560,Bus2561,Bus2562,Bus2563,Bus2564,Bus2565,Bus2566,Bus2567,Bus2568,Bus2569,Bus2570,Bus2571,Bus2572,Bus2573,Bus2574,Bus2575,Bus2576,Bus2577,Bus2578,Bus2579,Bus2580,Bus2581,Bus2582,Bus2583,Bus2584,Bus2585,Bus2586,Bus2587,Bus2588,Bus2589,Bus2590,Bus2591,Bus2592,Bus2593,Bus2594,Bus2595,Bus2596,Bus2597,Bus2598,Bus2599,Bus2600,Bus2601,Bus2602,Bus2603,Bus2604,Bus2605,Bus2606,Bus2607,Bus2608,Bus2609,Bus2610,Bus2611,Bus2612,Bus2613,Bus2614,Bus2615,Bus2616,Bus2617,Bus2618,Bus2619,Bus2620,Bus2621,Bus2622,Bus2623,Bus2624,Bus2625,Bus2626,Bus2627,Bus2628,Bus2629,Bus2630,Bus2631,Bus2632,Bus2633,Bus2634,Bus2635,Bus2636,Bus2637,Bus2638,Bus2639,Bus2640,Bus2641,Bus2642,Bus2643,Bus2644,Bus2645,Bus2646,Bus2647,Bus2648,Bus2649,Bus2650,Bus2651,Bus2652,Bus2653,Bus2654,Bus2655,Bus2656,Bus2657,Bus2658,Bus2659,Bus2660,Bus2661,Bus2662,Bus2663,Bus2664,Bus2665,Bus2666,Bus2667,Bus2668,Bus2669,Bus2670,Bus2671,Bus2672,Bus2673,Bus2674,Bus2675,Bus2676,Bus2677,Bus2678,Bus2679,Bus2680,Bus2681,Bus2682,Bus2683,Bus2684,Bus2685,Bus2686,Bus2687,Bus2688,Bus2689,Bus2690,Bus2691,Bus2692,Bus2693,Bus2694,Bus2695,Bus2696,Bus2697,Bus2698,Bus2699,Bus2700,Bus2701,Bus2702,Bus2703,Bus2704,Bus2705,Bus2706,Bus2707,Bus2708,Bus2709,Bus2710,Bus2711,Bus2712,Bus2713,Bus2714,Bus2715,Bus2716,Bus2717,Bus2718,Bus2719,Bus2720,Bus2721,Bus2722,Bus2723,Bus2724,Bus2725,Bus2726,Bus2727,Bus2728,Bus2729,Bus2730,Bus2731,Bus2732,Bus2733,Bus2734,Bus2735,Bus2736,Bus2737,Bus2738,Bus2739,Bus2740,Bus2741,Bus2742,Bus2743,Bus2744,Bus2745,Bus2746,Bus2747,Bus2748,Bus2749,Bus2750,Bus2751,Bus2752,Bus2753,Bus2754,Bus2755,Bus2756,Bus2757,Bus2758,Bus2759,Bus2760,Bus2761,Bus2762,Bus2763,Bus2764,Bus2765,Bus2766,Bus2767,Bus2768,Bus2769,Bus2770,Bus2771,Bus2772,Bus2773,Bus2774,Bus2775,Bus2776,Bus2777,Bus2778,Bus2779,Bus2780,Bus2781,Bus2782,Bus2783,Bus2784,Bus2785,Bus2786,Bus2787,Bus2788,Bus2789,Bus2790,Bus2791,Bus2792,Bus2793,Bus2794,Bus2795,Bus2796,Bus2797,Bus2798,Bus2799,Bus2800,Bus2801,Bus2802,Bus2803,Bus2804,Bus2805,Bus2806,Bus2807,Bus2808,Bus2809,Bus2810,Bus2811,Bus2812,Bus2813,Bus2814,Bus2815,Bus2816,Bus2817,Bus2818,Bus2819,Bus2820,Bus2821,Bus2822,Bus2823,Bus2824,Bus2825,Bus2826,Bus2827,Bus2828,Bus2829,Bus2830,Bus2831,Bus2832,Bus2833,Bus2834,Bus2835,Bus2836,Bus2837,Bus2838,Bus2839,Bus2840,Bus2841,Bus2842,Bus2843,Bus2844,Bus2845,Bus2846,Bus2847,Bus2848,Bus2849,Bus2850,Bus2851,Bus2852,Bus2853,Bus2854,Bus2855,Bus2856,Bus2857,Bus2858,Bus2859,Bus2860,Bus2861,Bus2862,Bus2863,Bus2864,Bus2865,Bus2866,Bus2867,Bus2868,Bus2869,Bus2870,Bus2871,Bus2872,Bus2873,Bus2874,Bus2875,Bus2876,Bus2877,Bus2878,Bus2879,Bus2880,Bus2881,Bus2882,Bus2883,Bus2884,Bus2885,Bus2886,Bus2887,Bus2888,Bus2889,Bus2890,Bus2891,Bus2892,Bus2893,Bus2894,Bus2895,Bus2896,Bus2897,Bus2898,Bus2899,Bus2900,Bus2901,Bus2902,Bus2903,Bus2904,Bus2905,Bus2906,Bus2907,Bus2908,Bus2909,Bus2910,Bus2911,Bus2912,Bus2913,Bus2914,Bus2915,Bus2916,Bus2917,Bus2918,Bus2919,Bus2920,Bus2921,Bus2922,Bus2923,Bus2924,Bus2925,Bus2926,Bus2927,Bus2928,Bus2929,Bus2930,Bus2931,Bus2932,Bus2933,Bus2934,Bus2935,Bus2936,Bus2937,Bus2938,Bus2939,Bus2940,Bus2941,Bus2942,Bus2943,Bus2944,Bus2945,Bus2946,Bus2947,Bus2948,Bus2949,Bus2950,Bus2951,Bus2952,Bus2953,Bus2954,Bus2955,Bus2956,Bus2957,Bus2958,Bus2959,Bus2960,Bus2961,Bus2962,Bus2963,Bus2964,Bus2965,Bus2966,Bus2967,Bus2968,Bus2969,Bus2970,Bus2971,Bus2972,Bus2973,Bus2974,Bus2975,Bus2976,Bus2977,Bus2978,Bus2979,Bus2980,Bus2981,Bus2982,Bus2983,Bus2984,Bus2985,Bus2986,Bus2987,Bus2988,Bus2989,Bus2990,Bus2991,Bus2992,Bus2993,Bus2994,Bus2995,Bus2996,Bus2997,Bus2998,Bus2999,Bus3000,Bus3001,Bus3002,Bus3003,Bus3004,Bus3005,Bus3006,Bus3007,Bus3008,Bus3009,Bus3010,Bus3011,Bus3012,Bus3013,Bus3014,Bus3015,Bus3016,Bus3017,Bus3018,Bus3019,Bus3020,Bus3021,Bus3022,Bus3023,Bus3024,Bus3025,Bus3026,Bus3027,Bus3028,Bus3029,Bus3030,Bus3031,Bus3032,Bus3033,Bus3034,Bus3035,Bus3036,Bus3037,Bus3038,Bus3039,Bus3040,Bus3041,Bus3042,Bus3043,Bus3044,Bus3045,Bus3046,Bus3047,Bus3048,Bus3049,Bus3050,Bus3051,Bus3052,Bus3053,Bus3054,Bus3055,Bus3056,Bus3057,Bus3058,Bus3059,Bus3060,Bus3061,Bus3062,Bus3063,Bus3064,Bus3065,Bus3066,Bus3067,Bus3068,Bus3069,Bus3070,Bus3071,Bus3072,Bus3073,Bus3074,Bus3075,Bus3076,Bus3077,Bus3078,Bus3079,Bus3080,Bus3081,Bus3082,Bus3083,Bus3084,Bus3085,Bus3086,Bus3087,Bus3088,Bus3089,Bus3090,Bus3091,Bus3092,Bus3093,Bus3094,Bus3095,Bus3096,Bus3097,Bus3098,Bus3099,Bus3100,Bus3101,Bus3102,Bus3103,Bus3104,Bus3105,Bus3106,Bus3107,Bus3108,Bus3109,Bus3110,Bus3111,Bus3112,Bus3113,Bus3114,Bus3115,Bus3116,Bus3117,Bus3118,Bus3119,Bus3120,Bus3121,Bus3122,Bus3123,Bus3124,Bus3125,Bus3126,Bus3127,Bus3128,Bus3129,Bus3130,Bus3131,Bus3132,Bus3133,Bus3134,Bus3135,Bus3136,Bus3137,Bus3138,Bus3139,Bus3140,Bus3141,Bus3142,Bus3143,Bus3144,Bus3145,Bus3146,Bus3147,Bus3148,Bus3149,Bus3150,Bus3151,Bus3152,Bus3153,Bus3154,Bus3155,Bus3156,Bus3157,Bus3158,Bus3159,Bus3160,Bus3161,Bus3162,Bus3163,Bus3164,Bus3165,Bus3166,Bus3167,Bus3168,Bus3169,Bus3170,Bus3171,Bus3172,Bus3173,Bus3174,Bus3175,Bus3176,Bus3177,Bus3178,Bus3179,Bus3180,Bus3181,Bus3182,Bus3183,Bus3184,Bus3185,Bus3186,Bus3187,Bus3188,Bus3189,Bus3190,Bus3191,Bus3192,Bus3193,Bus3194,Bus3195,Bus3196,Bus3197,Bus3198,Bus3199,Bus3200,Bus3201,Bus3202,Bus3203,Bus3204,Bus3205,Bus3206,Bus3207,Bus3208,Bus3209,Bus3210,Bus3211,Bus3212,Bus3213,Bus3214,Bus3215,Bus3216,Bus3217,Bus3218,Bus3219,Bus3220,Bus3221,Bus3222,Bus3223,Bus3224,Bus3225,Bus3226,Bus3227,Bus3228,Bus3229,Bus3230,Bus3231,Bus3232,Bus3233,Bus3234,Bus3235,Bus3236,Bus3237,Bus3238,Bus3239,Bus3240,Bus3241,Bus3242,Bus3243,Bus3244,Bus3245,Bus3246,Bus3247,Bus3248,Bus3249,Bus3250,Bus3251,Bus3252,Bus3253,Bus3254,Bus3255,Bus3256,Bus3257,Bus3258,Bus3259,Bus3260,Bus3261,Bus3262,Bus3263,Bus3264,Bus3265,Bus3266,Bus3267,Bus3268,Bus3269,Bus3270,Bus3271,Bus3272,Bus3273,Bus3274,Bus3275,Bus3276,Bus3277,Bus3278,Bus3279,Bus3280,Bus3281,Bus3282,Bus3283,Bus3284,Bus3285,Bus3286,Bus3287,Bus3288,Bus3289,Bus3290,Bus3291,Bus3292,Bus3293,Bus3294,Bus3295,Bus3296,Bus3297,Bus3298,Bus3299,Bus3300,Bus3301,Bus3302,Bus3303,Bus3304,Bus3305,Bus3306,Bus3307,Bus3308,Bus3309,Bus3310,Bus3311,Bus3312,Bus3313,Bus3314,Bus3315,Bus3316,Bus3317,Bus3318,Bus3319,Bus3320,Bus3321,Bus3322,Bus3323,Bus3324,Bus3325,Bus3326,Bus3327,Bus3328,Bus3329,Bus3330,Bus3331,Bus3332,Bus3333,Bus3334,Bus3335,Bus3336,Bus3337,Bus3338,Bus3339,Bus3340,Bus3341,Bus3342,Bus3343,Bus3344,Bus3345,Bus3346,Bus3347,Bus3348,Bus3349,Bus3350,Bus3351,Bus3352,Bus3353,Bus3354,Bus3355,Bus3356,Bus3357,Bus3358,Bus3359,Bus3360,Bus3361,Bus3362,Bus3363,Bus3364,Bus3365,Bus3366,Bus3367,Bus3368,Bus3369,Bus3370,Bus3371,Bus3372,Bus3373,Bus3374,Bus3375,Bus3376,Bus3377,Bus3378,Bus3379,Bus3380,Bus3381,Bus3382,Bus3383,Bus3384,Bus3385,Bus3386,Bus3387,Bus3388,Bus3389,Bus3390,Bus3391,Bus3392,Bus3393,Bus3394,Bus3395,Bus3396,Bus3397,Bus3398,Bus3399,Bus3400,Bus3401,Bus3402,Bus3403,Bus3404,Bus3405,Bus3406,Bus3407,Bus3408,Bus3409,Bus3410,Bus3411,Bus3412,Bus3413,Bus3414,Bus3415,Bus3416,Bus3417,Bus3418,Bus3419,Bus3420,Bus3421,Bus3422,Bus3423,Bus3424,Bus3425,Bus3426,Bus3427,Bus3428,Bus3429,Bus3430,Bus3431,Bus3432,Bus3433,Bus3434,Bus3435,Bus3436,Bus3437,Bus3438,Bus3439,Bus3440,Bus3441,Bus3442,Bus3443,Bus3444,Bus3445,Bus3446,Bus3447,Bus3448,Bus3449,Bus3450,Bus3451,Bus3452,Bus3453,Bus3454,Bus3455,Bus3456,Bus3457,Bus3458,Bus3459,Bus3460,Bus3461,Bus3462,Bus3463,Bus3464,Bus3465,Bus3466,Bus3467,Bus3468,Bus3469,Bus3470,Bus3471,Bus3472,Bus3473,Bus3474,Bus3475,Bus3476,Bus3477,Bus3478,Bus3479,Bus3480,Bus3481,Bus3482,Bus3483,Bus3484,Bus3485,Bus3486,Bus3487,Bus3488,Bus3489,Bus3490,Bus3491,Bus3492,Bus3493,Bus3494,Bus3495,Bus3496,Bus3497,Bus3498,Bus3499,Bus3500,Bus3501,Bus3502,Bus3503,Bus3504,Bus3505,Bus3506,Bus3507,Bus3508,Bus3509,Bus3510,Bus3511,Bus3512,Bus3513,Bus3514,Bus3515,Bus3516,Bus3517,Bus3518,Bus3519,Bus3520,Bus3521,Bus3522,Bus3523,Bus3524,Bus3525,Bus3526,Bus3527,Bus3528,Bus3529,Bus3530,Bus3531,Bus3532,Bus3533,Bus3534,Bus3535,Bus3536,Bus3537,Bus3538,Bus3539,Bus3540,Bus3541,Bus3542,Bus3543,Bus3544,Bus3545,Bus3546,Bus3547,Bus3548,Bus3549,Bus3550,Bus3551,Bus3552,Bus3553,Bus3554,Bus3555,Bus3556,Bus3557,Bus3558,Bus3559,Bus3560,Bus3561,Bus3562,Bus3563,Bus3564,Bus3565,Bus3566,Bus3567,Bus3568,Bus3569,Bus3570,Bus3571,Bus3572,Bus3573,Bus3574,Bus3575,Bus3576,Bus3577,Bus3578,Bus3579,Bus3580,Bus3581,Bus3582,Bus3583,Bus3584,Bus3585,Bus3586,Bus3587,Bus3588,Bus3589,Bus3590,Bus3591,Bus3592,Bus3593,Bus3594,Bus3595,Bus3596,Bus3597,Bus3598,Bus3599,Bus3600,Bus3601,Bus3602,Bus3603,Bus3604,Bus3605,Bus3606,Bus3607,Bus3608,Bus3609,Bus3610,Bus3611,Bus3612,Bus3613,Bus3614,Bus3615,Bus3616,Bus3617,Bus3618,Bus3619,Bus3620,Bus3621,Bus3622,Bus3623,Bus3624,Bus3625,Bus3626,Bus3627,Bus3628,Bus3629,Bus3630,Bus3631,Bus3632,Bus3633,Bus3634,Bus3635,Bus3636,Bus3637,Bus3638,Bus3639,Bus3640,Bus3641,Bus3642,Bus3643,Bus3644,Bus3645,Bus3646,Bus3647,Bus3648,Bus3649,Bus3650,Bus3651,Bus3652,Bus3653,Bus3654,Bus3655,Bus3656,Bus3657,Bus3658,Bus3659,Bus3660,Bus3661,Bus3662,Bus3663,Bus3664,Bus3665,Bus3666,Bus3667,Bus3668,Bus3669,Bus3670,Bus3671,Bus3672,Bus3673,Bus3674,Bus3675,Bus3676,Bus3677,Bus3678,Bus3679,Bus3680,Bus3681,Bus3682,Bus3683,Bus3684,Bus3685,Bus3686,Bus3687,Bus3688,Bus3689,Bus3690,Bus3691,Bus3692,Bus3693,Bus3694,Bus3695,Bus3696,Bus3697,Bus3698,Bus3699,Bus3700,Bus3701,Bus3702,Bus3703,Bus3704,Bus3705,Bus3706,Bus3707,Bus3708,Bus3709,Bus3710,Bus3711,Bus3712,Bus3713,Bus3714,Bus3715,Bus3716,Bus3717,Bus3718,Bus3719,Bus3720,Bus3721,Bus3722,Bus3723,Bus3724,Bus3725,Bus3726,Bus3727,Bus3728,Bus3729,Bus3730,Bus3731,Bus3732,Bus3733,Bus3734,Bus3735,Bus3736,Bus3737,Bus3738,Bus3739,Bus3740,Bus3741,Bus3742,Bus3743,Bus3744,Bus3745,Bus3746,Bus3747,Bus3748,Bus3749,Bus3750,Bus3751,Bus3752,Bus3753,Bus3754,Bus3755,Bus3756,Bus3757,Bus3758,Bus3759,Bus3760,Bus3761,Bus3762,Bus3763,Bus3764,Bus3765,Bus3766,Bus3767,Bus3768,Bus3769,Bus3770,Bus3771,Bus3772,Bus3773,Bus3774,Bus3775,Bus3776,Bus3777,Bus3778,Bus3779,Bus3780,Bus3781,Bus3782,Bus3783,Bus3784,Bus3785,Bus3786,Bus3787,Bus3788,Bus3789,Bus3790,Bus3791,Bus3792,Bus3793,Bus3794,Bus3795,Bus3796,Bus3797,Bus3798,Bus3799,Bus3800,Bus3801,Bus3802,Bus3803,Bus3804,Bus3805,Bus3806,Bus3807,Bus3808,Bus3809,Bus3810,Bus3811,Bus3812,Bus3813,Bus3814,Bus3815,Bus3816,Bus3817,Bus3818,Bus3819,Bus3820,Bus3821,Bus3822,Bus3823,Bus3824,Bus3825,Bus3826,Bus3827,Bus3828,Bus3829,Bus3830,Bus3831,Bus3832,Bus3833,Bus3834,Bus3835,Bus3836,Bus3837,Bus3838,Bus3839,Bus3840,Bus3841,Bus3842,Bus3843,Bus3844,Bus3845,Bus3846,Bus3847,Bus3848,Bus3849,Bus3850,Bus3851,Bus3852,Bus3853,Bus3854,Bus3855,Bus3856,Bus3857,Bus3858,Bus3859,Bus3860,Bus3861,Bus3862,Bus3863,Bus3864,Bus3865,Bus3866,Bus3867,Bus3868,Bus3869,Bus3870,Bus3871,Bus3872,Bus3873,Bus3874,Bus3875,Bus3876,Bus3877,Bus3878,Bus3879,Bus3880,Bus3881,Bus3882,Bus3883,Bus3884,Bus3885,Bus3886,Bus3887,Bus3888,Bus3889,Bus3890,Bus3891,Bus3892,Bus3893,Bus3894,Bus3895,Bus3896,Bus3897,Bus3898,Bus3899,Bus3900,Bus3901,Bus3902,Bus3903,Bus3904,Bus3905,Bus3906,Bus3907,Bus3908,Bus3909,Bus3910,Bus3911,Bus3912,Bus3913,Bus3914,Bus3915,Bus3916,Bus3917,Bus3918,Bus3919,Bus3920,Bus3921,Bus3922,Bus3923,Bus3924,Bus3925,Bus3926,Bus3927,Bus3928,Bus3929,Bus3930,Bus3931,Bus3932,Bus3933,Bus3934,Bus3935,Bus3936,Bus3937,Bus3938,Bus3939,Bus3940,Bus3941,Bus3942,Bus3943,Bus3944,Bus3945,Bus3946,Bus3947,Bus3948,Bus3949,Bus3950,Bus3951,Bus3952,Bus3953,Bus3954,Bus3955,Bus3956,Bus3957,Bus3958,Bus3959,Bus3960,Bus3961,Bus3962,Bus3963,Bus3964,Bus3965,Bus3966,Bus3967,Bus3968,Bus3969,Bus3970,Bus3971,Bus3972,Bus3973,Bus3974,Bus3975,Bus3976,Bus3977,Bus3978,Bus3979,Bus3980,Bus3981,Bus3982,Bus3983,Bus3984,Bus3985,Bus3986,Bus3987,Bus3988,Bus3989,Bus3990,Bus3991,Bus3992,Bus3993,Bus3994,Bus3995,Bus3996,Bus3997,Bus3998,Bus3999,Bus4000,Bus4001,Bus4002,Bus4003,Bus4004,Bus4005,Bus4006,Bus4007,Bus4008,Bus4009,Bus4010,Bus4011,Bus4012,Bus4013,Bus4014,Bus4015,Bus4016,Bus4017,Bus4018,Bus4019,Bus4020,Bus4021,Bus4022,Bus4023,Bus4024,Bus4025,Bus4026,Bus4027,Bus4028,Bus4029,Bus4030,Bus4031,Bus4032,Bus4033,Bus4034,Bus4035,Bus4036,Bus4037,Bus4038,Bus4039,Bus4040,Bus4041,Bus4042,Bus4043,Bus4044,Bus4045,Bus4046,Bus4047,Bus4048,Bus4049,Bus4050,Bus4051,Bus4052,Bus4053,Bus4054,Bus4055,Bus4056,Bus4057,Bus4058,Bus4059,Bus4060,Bus4061,Bus4062,Bus4063,Bus4064,Bus4065,Bus4066,Bus4067,Bus4068,Bus4069,Bus4070,Bus4071,Bus4072,Bus4073,Bus4074,Bus4075,Bus4076,Bus4077,Bus4078,Bus4079,Bus4080,Bus4081,Bus4082,Bus4083,Bus4084,Bus4085,Bus4086,Bus4087,Bus4088,Bus4089,Bus4090,Bus4091,Bus4092,Bus4093,Bus4094,Bus4095,Bus4096,Bus4097,Bus4098,Bus4099,Bus4100,Bus4101,Bus4102,Bus4103,Bus4104,Bus4105,Bus4106,Bus4107,Bus4108,Bus4109,Bus4110,Bus4111,Bus4112,Bus4113,Bus4114,Bus4115,Bus4116,Bus4117,Bus4118,Bus4119,Bus4120,Bus4121,Bus4122,Bus4123,Bus4124,Bus4125,Bus4126,Bus4127,Bus4128,Bus4129,Bus4130,Bus4131,Bus4132,Bus4133,Bus4134,Bus4135,Bus4136,Bus4137,Bus4138,Bus4139,Bus4140,Bus4141,Bus4142,Bus4143,Bus4144,Bus4145,Bus4146,Bus4147,Bus4148,Bus4149,Bus4150,Bus4151,Bus4152,Bus4153,Bus4154,Bus4155,Bus4156,Bus4157,Bus4158,Bus4159,Bus4160,Bus4161,Bus4162,Bus4163,Bus4164,Bus4165,Bus4166,Bus4167,Bus4168,Bus4169,Bus4170,Bus4171,Bus4172,Bus4173,Bus4174,Bus4175,Bus4176,Bus4177,Bus4178,Bus4179,Bus4180,Bus4181,Bus4182,Bus4183,Bus4184,Bus4185,Bus4186,Bus4187,Bus4188,Bus4189,Bus4190,Bus4191,Bus4192,Bus4193,Bus4194,Bus4195,Bus4196,Bus4197,Bus4198,Bus4199,Bus4200,Bus4201,Bus4202,Bus4203,Bus4204,Bus4205,Bus4206,Bus4207,Bus4208,Bus4209,Bus4210,Bus4211,Bus4212,Bus4213,Bus4214,Bus4215,Bus4216,Bus4217,Bus4218,Bus4219,Bus4220,Bus4221,Bus4222,Bus4223,Bus4224,Bus4225,Bus4226,Bus4227,Bus4228,Bus4229,Bus4230,Bus4231,Bus4232,Bus4233,Bus4234,Bus4235,Bus4236,Bus4237,Bus4238,Bus4239,Bus4240,Bus4241,Bus4242,Bus4243,Bus4244,Bus4245,Bus4246,Bus4247,Bus4248,Bus4249,Bus4250,Bus4251,Bus4252,Bus4253,Bus4254,Bus4255,Bus4256,Bus4257,Bus4258,Bus4259,Bus4260,Bus4261,Bus4262,Bus4263,Bus4264,Bus4265,Bus4266,Bus4267,Bus4268,Bus4269,Bus4270,Bus4271,Bus4272,Bus4273,Bus4274,Bus4275,Bus4276,Bus4277,Bus4278,Bus4279,Bus4280,Bus4281,Bus4282,Bus4283,Bus4284,Bus4285,Bus4286,Bus4287,Bus4288,Bus4289,Bus4290,Bus4291,Bus4292,Bus4293,Bus4294,Bus4295,Bus4296,Bus4297,Bus4298,Bus4299,Bus4300,Bus4301,Bus4302,Bus4303,Bus4304,Bus4305,Bus4306,Bus4307,Bus4308,Bus4309,Bus4310,Bus4311,Bus4312,Bus4313,Bus4314,Bus4315,Bus4316,Bus4317,Bus4318,Bus4319,Bus4320,Bus4321,Bus4322,Bus4323,Bus4324,Bus4325,Bus4326,Bus4327,Bus4328,Bus4329,Bus4330,Bus4331,Bus4332,Bus4333,Bus4334,Bus4335,Bus4336,Bus4337,Bus4338,Bus4339,Bus4340,Bus4341,Bus4342,Bus4343,Bus4344,Bus4345,Bus4346,Bus4347,Bus4348,Bus4349,Bus4350,Bus4351,Bus4352,Bus4353,Bus4354,Bus4355,Bus4356,Bus4357,Bus4358,Bus4359,Bus4360,Bus4361,Bus4362,Bus4363,Bus4364,Bus4365,Bus4366,Bus4367,Bus4368,Bus4369,Bus4370,Bus4371,Bus4372,Bus4373,Bus4374,Bus4375,Bus4376,Bus4377,Bus4378,Bus4379,Bus4380,Bus4381,Bus4382,Bus4383,Bus4384,Bus4385,Bus4386,Bus4387,Bus4388,Bus4389,Bus4390,Bus4391,Bus4392,Bus4393,Bus4394,Bus4395,Bus4396,Bus4397,Bus4398,Bus4399,Bus4400,Bus4401,Bus4402,Bus4403,Bus4404,Bus4405,Bus4406,Bus4407,Bus4408,Bus4409,Bus4410,Bus4411,Bus4412,Bus4413,Bus4414,Bus4415,Bus4416,Bus4417,Bus4418,Bus4419,Bus4420,Bus4421,Bus4422,Bus4423,Bus4424,Bus4425,Bus4426,Bus4427,Bus4428,Bus4429,Bus4430,Bus4431,Bus4432,Bus4433,Bus4434,Bus4435,Bus4436,Bus4437,Bus4438,Bus4439,Bus4440,Bus4441,Bus4442,Bus4443,Bus4444,Bus4445,Bus4446,Bus4447,Bus4448,Bus4449,Bus4450,Bus4451,Bus4452,Bus4453,Bus4454,Bus4455,Bus4456,Bus4457,Bus4458,Bus4459,Bus4460,Bus4461,Bus4462,Bus4463,Bus4464,Bus4465,Bus4466,Bus4467,Bus4468,Bus4469,Bus4470,Bus4471,Bus4472,Bus4473,Bus4474,Bus4475,Bus4476,Bus4477,Bus4478,Bus4479,Bus4480,Bus4481,Bus4482,Bus4483,Bus4484,Bus4485,Bus4486,Bus4487,Bus4488,Bus4489,Bus4490,Bus4491,Bus4492,Bus4493,Bus4494,Bus4495,Bus4496,Bus4497,Bus4498,Bus4499,Bus4500,Bus4501,Bus4502,Bus4503,Bus4504,Bus4505,Bus4506,Bus4507,Bus4508,Bus4509,Bus4510,Bus4511,Bus4512,Bus4513,Bus4514,Bus4515,Bus4516,Bus4517,Bus4518,Bus4519,Bus4520,Bus4521,Bus4522,Bus4523,Bus4524,Bus4525,Bus4526,Bus4527,Bus4528,Bus4529,Bus4530,Bus4531,Bus4532,Bus4533,Bus4534,Bus4535,Bus4536,Bus4537,Bus4538,Bus4539,Bus4540,Bus4541,Bus4542,Bus4543,Bus4544,Bus4545,Bus4546,Bus4547,Bus4548,Bus4549,Bus4550,Bus4551,Bus4552,Bus4553,Bus4554,Bus4555,Bus4556,Bus4557,Bus4558,Bus4559,Bus4560,Bus4561,Bus4562,Bus4563,Bus4564,Bus4565,Bus4566,Bus4567,Bus4568,Bus4569,Bus4570,Bus4571,Bus4572,Bus4573,Bus4574,Bus4575,Bus4576,Bus4577,Bus4578,Bus4579,Bus4580,Bus4581,Bus4582,Bus4583,Bus4584,Bus4585,Bus4586,Bus4587,Bus4588,Bus4589,Bus4590,Bus4591,Bus4592,Bus4593,Bus4594,Bus4595,Bus4596,Bus4597,Bus4598,Bus4599,Bus4600,Bus4601,Bus4602,Bus4603,Bus4604,Bus4605,Bus4606,Bus4607,Bus4608,Bus4609,Bus4610,Bus4611,Bus4612,Bus4613,Bus4614,Bus4615,Bus4616,Bus4617,Bus4618,Bus4619,Bus4620,Bus4621,Bus4622,Bus4623,Bus4624,Bus4625,Bus4626,Bus4627,Bus4628,Bus4629,Bus4630,Bus4631,Bus4632,Bus4633,Bus4634,Bus4635,Bus4636,Bus4637,Bus4638,Bus4639,Bus4640,Bus4641,Bus4642,Bus4643,Bus4644,Bus4645,Bus4646,Bus4647,Bus4648,Bus4649,Bus4650,Bus4651,Bus4652,Bus4653,Bus4654,Bus4655,Bus4656,Bus4657,Bus4658,Bus4659,Bus4660,Bus4661,Bus4662,Bus4663,Bus4664,Bus4665,Bus4666,Bus4667,Bus4668,Bus4669,Bus4670,Bus4671,Bus4672,Bus4673,Bus4674,Bus4675,Bus4676,Bus4677,Bus4678,Bus4679,Bus4680,Bus4681,Bus4682,Bus4683,Bus4684,Bus4685,Bus4686,Bus4687,Bus4688,Bus4689,Bus4690,Bus4691,Bus4692,Bus4693,Bus4694,Bus4695,Bus4696,Bus4697,Bus4698,Bus4699,Bus4700,Bus4701,Bus4702,Bus4703,Bus4704,Bus4705,Bus4706,Bus4707,Bus4708,Bus4709,Bus4710,Bus4711,Bus4712,Bus4713,Bus4714,Bus4715,Bus4716,Bus4717,Bus4718,Bus4719,Bus4720,Bus4721,Bus4722,Bus4723,Bus4724,Bus4725,Bus4726,Bus4727,Bus4728,Bus4729,Bus4730,Bus4731,Bus4732,Bus4733,Bus4734,Bus4735,Bus4736,Bus4737,Bus4738,Bus4739,Bus4740,Bus4741,Bus4742,Bus4743,Bus4744,Bus4745,Bus4746,Bus4747,Bus4748,Bus4749,Bus4750,Bus4751,Bus4752,Bus4753,Bus4754,Bus4755,Bus4756,Bus4757,Bus4758,Bus4759,Bus4760,Bus4761,Bus4762,Bus4763,Bus4764,Bus4765,Bus4766,Bus4767,Bus4768,Bus4769,Bus4770,Bus4771,Bus4772,Bus4773,Bus4774,Bus4775,Bus4776,Bus4777,Bus4778,Bus4779,Bus4780,Bus4781,Bus4782,Bus4783,Bus4784,Bus4785,Bus4786,Bus4787,Bus4788,Bus4789,Bus4790,Bus4791,Bus4792,Bus4793,Bus4794,Bus4795,Bus4796,Bus4797,Bus4798,Bus4799,Bus4800,Bus4801,Bus4802,Bus4803,Bus4804,Bus4805,Bus4806,Bus4807,Bus4808,Bus4809,Bus4810,Bus4811,Bus4812,Bus4813,Bus4814,Bus4815,Bus4816,Bus4817,Bus4818,Bus4819,Bus4820,Bus4821,Bus4822,Bus4823,Bus4824,Bus4825,Bus4826,Bus4827,Bus4828,Bus4829,Bus4830,Bus4831,Bus4832,Bus4833,Bus4834,Bus4835,Bus4836,Bus4837,Bus4838,Bus4839,Bus4840,Bus4841,Bus4842,Bus4843,Bus4844,Bus4845,Bus4846,Bus4847,Bus4848,Bus4849,Bus4850,Bus4851,Bus4852,Bus4853,Bus4854,Bus4855,Bus4856,Bus4857,Bus4858,Bus4859,Bus4860,Bus4861,Bus4862,Bus4863,Bus4864,Bus4865,Bus4866,Bus4867,Bus4868,Bus4869,Bus4870,Bus4871,Bus4872,Bus4873,Bus4874,Bus4875,Bus4876,Bus4877,Bus4878,Bus4879,Bus4880,Bus4881,Bus4882,Bus4883,Bus4884,Bus4885,Bus4886,Bus4887,Bus4888,Bus4889,Bus4890,Bus4891,Bus4892,Bus4893,Bus4894,Bus4895,Bus4896,Bus4897,Bus4898,Bus4899,Bus4900,Bus4901,Bus4902,Bus4903,Bus4904,Bus4905,Bus4906,Bus4907,Bus4908,Bus4909,Bus4910,Bus4911,Bus4912,Bus4913,Bus4914,Bus4915,Bus4916,Bus4917,Bus4918,Bus4919,Bus4920,Bus4921,Bus4922,Bus4923,Bus4924,Bus4925,Bus4926,Bus4927,Bus4928,Bus4929,Bus4930,Bus4931,Bus4932,Bus4933,Bus4934,Bus4935,Bus4936,Bus4937,Bus4938,Bus4939,Bus4940,Bus4941,Bus4942,Bus4943,Bus4944,Bus4945,Bus4946,Bus4947,Bus4948,Bus4949,Bus4950,Bus4951,Bus4952,Bus4953,Bus4954,Bus4955,Bus4956,Bus4957,Bus4958,Bus4959,Bus4960,Bus4961,Bus4962,Bus4963,Bus4964,Bus4965,Bus4966,Bus4967,Bus4968,Bus4969,Bus4970,Bus4971,Bus4972,Bus4973,Bus4974,Bus4975,Bus4976,Bus4977,Bus4978,Bus4979,Bus4980,Bus4981,Bus4982,Bus4983,Bus4984,Bus4985,Bus4986,Bus4987,Bus4988,Bus4989,Bus4990,Bus4991,Bus4992,Bus4993,Bus4994,Bus4995,Bus4996,Bus4997,Bus4998,Bus4999,Bus5000,Bus5001,Bus5002,Bus5003,Bus5004,Bus5005,Bus5006,Bus5007,Bus5008,Bus5009,Bus5010,Bus5011,Bus5012,Bus5013,Bus5014,Bus5015,Bus5016,Bus5017,Bus5018,Bus5019,Bus5020,Bus5021,Bus5022,Bus5023,Bus5024,Bus5025,Bus5026,Bus5027,Bus5028,Bus5029,Bus5030,Bus5031,Bus5032,Bus5033,Bus5034,Bus5035,Bus5036,Bus5037,Bus5038,Bus5039,Bus5040,Bus5041,Bus5042,Bus5043,Bus5044,Bus5045,Bus5046,Bus5047,Bus5048,Bus5049,Bus5050,Bus5051,Bus5052,Bus5053,Bus5054,Bus5055,Bus5056,Bus5057,Bus5058,Bus5059,Bus5060,Bus5061,Bus5062,Bus5063,Bus5064,Bus5065,Bus5066,Bus5067,Bus5068,Bus5069,Bus5070,Bus5071,Bus5072,Bus5073,Bus5074,Bus5075,Bus5076,Bus5077,Bus5078,Bus5079,Bus5080,Bus5081,Bus5082,Bus5083,Bus5084,Bus5085,Bus5086,Bus5087,Bus5088,Bus5089,Bus5090,Bus5091,Bus5092,Bus5093,Bus5094,Bus5095,Bus5096,Bus5097,Bus5098,Bus5099,Bus5100,Bus5101,Bus5102,Bus5103,Bus5104,Bus5105,Bus5106,Bus5107,Bus5108,Bus5109,Bus5110,Bus5111,Bus5112,Bus5113,Bus5114,Bus5115,Bus5116,Bus5117,Bus5118,Bus5119,Bus5120,Bus5121,Bus5122,Bus5123,Bus5124,Bus5125,Bus5126,Bus5127,Bus5128,Bus5129,Bus5130,Bus5131,Bus5132,Bus5133,Bus5134,Bus5135,Bus5136,Bus5137,Bus5138,Bus5139,Bus5140,Bus5141,Bus5142,Bus5143,Bus5144,Bus5145,Bus5146,Bus5147,Bus5148,Bus5149,Bus5150,Bus5151,Bus5152,Bus5153,Bus5154,Bus5155,Bus5156,Bus5157,Bus5158,Bus5159,Bus5160,Bus5161,Bus5162,Bus5163,Bus5164,Bus5165,Bus5166,Bus5167,Bus5168,Bus5169,Bus5170,Bus5171,Bus5172,Bus5173,Bus5174,Bus5175,Bus5176,Bus5177,Bus5178,Bus5179,Bus5180,Bus5181,Bus5182,Bus5183,Bus5184,Bus5185,Bus5186,Bus5187,Bus5188,Bus5189,Bus5190,Bus5191,Bus5192,Bus5193,Bus5194,Bus5195,Bus5196,Bus5197,Bus5198,Bus5199,Bus5200,Bus5201,Bus5202,Bus5203,Bus5204,Bus5205,Bus5206,Bus5207,Bus5208,Bus5209,Bus5210,Bus5211,Bus5212,Bus5213,Bus5214,Bus5215,Bus5216,Bus5217,Bus5218,Bus5219,Bus5220,Bus5221,Bus5222,Bus5223,Bus5224,Bus5225,Bus5226,Bus5227,Bus5228,Bus5229,Bus5230,Bus5231,Bus5232,Bus5233,Bus5234,Bus5235,Bus5236,Bus5237,Bus5238,Bus5239,Bus5240,Bus5241,Bus5242,Bus5243,Bus5244,Bus5245,Bus5246,Bus5247,Bus5248,Bus5249,Bus5250,Bus5251,Bus5252,Bus5253,Bus5254,Bus5255,Bus5256,Bus5257,Bus5258,Bus5259,Bus5260,Bus5261,Bus5262,Bus5263,Bus5264,Bus5265,Bus5266,Bus5267,Bus5268,Bus5269,Bus5270,Bus5271,Bus5272,Bus5273,Bus5274,Bus5275,Bus5276,Bus5277,Bus5278,Bus5279,Bus5280,Bus5281,Bus5282,Bus5283,Bus5284,Bus5285,Bus5286,Bus5287,Bus5288,Bus5289,Bus5290,Bus5291,Bus5292,Bus5293,Bus5294,Bus5295,Bus5296,Bus5297,Bus5298,Bus5299,Bus5300,Bus5301,Bus5302,Bus5303,Bus5304,Bus5305,Bus5306,Bus5307,Bus5308,Bus5309,Bus5310,Bus5311,Bus5312,Bus5313,Bus5314,Bus5315,Bus5316,Bus5317,Bus5318,Bus5319,Bus5320,Bus5321,Bus5322,Bus5323,Bus5324,Bus5325,Bus5326,Bus5327,Bus5328,Bus5329,Bus5330,Bus5331,Bus5332,Bus5333,Bus5334,Bus5335,Bus5336,Bus5337,Bus5338,Bus5339,Bus5340,Bus5341,Bus5342,Bus5343,Bus5344,Bus5345,Bus5346,Bus5347,Bus5348,Bus5349,Bus5350,Bus5351,Bus5352,Bus5353,Bus5354,Bus5355,Bus5356,Bus5357,Bus5358,Bus5359,Bus5360,Bus5361,Bus5362,Bus5363,Bus5364,Bus5365,Bus5366,Bus5367,Bus5368,Bus5369,Bus5370,Bus5371,Bus5372,Bus5373,Bus5374,Bus5375,Bus5376,Bus5377,Bus5378,Bus5379,Bus5380,Bus5381,Bus5382,Bus5383,Bus5384,Bus5385,Bus5386,Bus5387,Bus5388,Bus5389,Bus5390,Bus5391,Bus5392,Bus5393,Bus5394,Bus5395,Bus5396,Bus5397,Bus5398,Bus5399,Bus5400,Bus5401,Bus5402,Bus5403,Bus5404,Bus5405,Bus5406,Bus5407,Bus5408,Bus5409,Bus5410,Bus5411,Bus5412,Bus5413,Bus5414,Bus5415,Bus5416,Bus5417,Bus5418,Bus5419,Bus5420,Bus5421,Bus5422,Bus5423,Bus5424,Bus5425,Bus5426,Bus5427,Bus5428,Bus5429,Bus5430,Bus5431,Bus5432,Bus5433,Bus5434,Bus5435,Bus5436,Bus5437,Bus5438,Bus5439,Bus5440,Bus5441,Bus5442,Bus5443,Bus5444,Bus5445,Bus5446,Bus5447,Bus5448,Bus5449,Bus5450,Bus5451,Bus5452,Bus5453,Bus5454,Bus5455,Bus5456,Bus5457,Bus5458,Bus5459,Bus5460,Bus5461,Bus5462,Bus5463,Bus5464,Bus5465,Bus5466,Bus5467,Bus5468,Bus5469,Bus5470,Bus5471,Bus5472,Bus5473,Bus5474,Bus5475,Bus5476,Bus5477,Bus5478,Bus5479,Bus5480,Bus5481,Bus5482,Bus5483,Bus5484,Bus5485,Bus5486,Bus5487,Bus5488,Bus5489,Bus5490,Bus5491,Bus5492,Bus5493,Bus5494,Bus5495,Bus5496,Bus5497,Bus5498,Bus5499,Bus5500,Bus5501,Bus5502,Bus5503,Bus5504,Bus5505,Bus5506,Bus5507,Bus5508,Bus5509,Bus5510,Bus5511,Bus5512,Bus5513,Bus5514,Bus5515,Bus5516,Bus5517,Bus5518,Bus5519,Bus5520,Bus5521,Bus5522,Bus5523,Bus5524,Bus5525,Bus5526,Bus5527,Bus5528,Bus5529,Bus5530,Bus5531,Bus5532,Bus5533,Bus5534,Bus5535,Bus5536,Bus5537,Bus5538,Bus5539,Bus5540,Bus5541,Bus5542,Bus5543,Bus5544,Bus5545,Bus5546,Bus5547,Bus5548,Bus5549,Bus5550,Bus5551,Bus5552,Bus5553,Bus5554,Bus5555,Bus5556,Bus5557,Bus5558,Bus5559,Bus5560,Bus5561,Bus5562,Bus5563,Bus5564,Bus5565,Bus5566,Bus5567,Bus5568,Bus5569,Bus5570,Bus5571,Bus5572,Bus5573,Bus5574,Bus5575,Bus5576,Bus5577,Bus5578,Bus5579,Bus5580,Bus5581,Bus5582,Bus5583,Bus5584,Bus5585,Bus5586,Bus5587,Bus5588,Bus5589,Bus5590,Bus5591,Bus5592,Bus5593,Bus5594,Bus5595,Bus5596,Bus5597,Bus5598,Bus5599,Bus5600,Bus5601,Bus5602,Bus5603,Bus5604,Bus5605,Bus5606,Bus5607,Bus5608,Bus5609,Bus5610,Bus5611,Bus5612,Bus5613,Bus5614,Bus5615,Bus5616,Bus5617,Bus5618,Bus5619,Bus5620,Bus5621,Bus5622,Bus5623,Bus5624,Bus5625,Bus5626,Bus5627,Bus5628,Bus5629,Bus5630,Bus5631,Bus5632,Bus5633,Bus5634,Bus5635,Bus5636,Bus5637,Bus5638,Bus5639,Bus5640,Bus5641,Bus5642,Bus5643,Bus5644,Bus5645,Bus5646,Bus5647,Bus5648,Bus5649,Bus5650,Bus5651,Bus5652,Bus5653,Bus5654,Bus5655,Bus5656,Bus5657,Bus5658,Bus5659,Bus5660,Bus5661,Bus5662,Bus5663,Bus5664,Bus5665,Bus5666,Bus5667,Bus5668,Bus5669,Bus5670,Bus5671,Bus5672,Bus5673,Bus5674,Bus5675,Bus5676,Bus5677,Bus5678,Bus5679,Bus5680,Bus5681,Bus5682,Bus5683,Bus5684,Bus5685,Bus5686,Bus5687,Bus5688,Bus5689,Bus5690,Bus5691,Bus5692,Bus5693,Bus5694,Bus5695,Bus5696,Bus5697,Bus5698,Bus5699,Bus5700,Bus5701,Bus5702,Bus5703,Bus5704,Bus5705,Bus5706,Bus5707,Bus5708,Bus5709,Bus5710,Bus5711,Bus5712,Bus5713,Bus5714,Bus5715,Bus5716,Bus5717,Bus5718,Bus5719,Bus5720,Bus5721,Bus5722,Bus5723,Bus5724,Bus5725,Bus5726,Bus5727,Bus5728,Bus5729,Bus5730,Bus5731,Bus5732,Bus5733,Bus5734,Bus5735,Bus5736,Bus5737,Bus5738,Bus5739,Bus5740,Bus5741,Bus5742,Bus5743,Bus5744,Bus5745,Bus5746,Bus5747,Bus5748,Bus5749,Bus5750,Bus5751,Bus5752,Bus5753,Bus5754,Bus5755,Bus5756,Bus5757,Bus5758,Bus5759,Bus5760,Bus5761,Bus5762,Bus5763,Bus5764,Bus5765,Bus5766,Bus5767,Bus5768,Bus5769,Bus5770,Bus5771,Bus5772,Bus5773,Bus5774,Bus5775,Bus5776,Bus5777,Bus5778,Bus5779,Bus5780,Bus5781,Bus5782,Bus5783,Bus5784,Bus5785,Bus5786,Bus5787,Bus5788,Bus5789,Bus5790,Bus5791,Bus5792,Bus5793,Bus5794,Bus5795,Bus5796,Bus5797,Bus5798,Bus5799,Bus5800,Bus5801,Bus5802,Bus5803,Bus5804,Bus5805,Bus5806,Bus5807,Bus5808,Bus5809,Bus5810,Bus5811,Bus5812,Bus5813,Bus5814,Bus5815,Bus5816,Bus5817,Bus5818,Bus5819,Bus5820,Bus5821,Bus5822,Bus5823,Bus5824,Bus5825,Bus5826,Bus5827,Bus5828,Bus5829,Bus5830,Bus5831,Bus5832,Bus5833,Bus5834,Bus5835,Bus5836,Bus5837,Bus5838,Bus5839,Bus5840,Bus5841,Bus5842,Bus5843,Bus5844,Bus5845,Bus5846,Bus5847,Bus5848,Bus5849,Bus5850,Bus5851,Bus5852,Bus5853,Bus5854,Bus5855,Bus5856,Bus5857,Bus5858,Bus5859,Bus5860,Bus5861,Bus5862,Bus5863,Bus5864,Bus5865,Bus5866,Bus5867,Bus5868,Bus5869,Bus5870,Bus5871,Bus5872,Bus5873,Bus5874,Bus5875,Bus5876,Bus5877,Bus5878,Bus5879,Bus5880,Bus5881,Bus5882,Bus5883,Bus5884,Bus5885,Bus5886,Bus5887,Bus5888,Bus5889,Bus5890,Bus5891,Bus5892,Bus5893,Bus5894,Bus5895,Bus5896,Bus5897,Bus5898,Bus5899,Bus5900,Bus5901,Bus5902,Bus5903,Bus5904,Bus5905,Bus5906,Bus5907,Bus5908,Bus5909,Bus5910,Bus5911,Bus5912,Bus5913,Bus5914,Bus5915,Bus5916,Bus5917,Bus5918,Bus5919,Bus5920,Bus5921,Bus5922,Bus5923,Bus5924,Bus5925,Bus5926,Bus5927,Bus5928,Bus5929,Bus5930,Bus5931,Bus5932,Bus5933,Bus5934,Bus5935,Bus5936,Bus5937,Bus5938,Bus5939,Bus5940,Bus5941,Bus5942,Bus5943,Bus5944,Bus5945,Bus5946,Bus5947,Bus5948,Bus5949,Bus5950,Bus5951,Bus5952,Bus5953,Bus5954,Bus5955,Bus5956,Bus5957,Bus5958,Bus5959,Bus5960,Bus5961,Bus5962,Bus5963,Bus5964,Bus5965,Bus5966,Bus5967,Bus5968,Bus5969,Bus5970,Bus5971,Bus5972,Bus5973,Bus5974,Bus5975,Bus5976,Bus5977,Bus5978,Bus5979,Bus5980,Bus5981,Bus5982,Bus5983,Bus5984,Bus5985,Bus5986,Bus5987,Bus5988,Bus5989,Bus5990,Bus5991,Bus5992,Bus5993,Bus5994,Bus5995,Bus5996,Bus5997,Bus5998,Bus5999,Bus6000,Bus6001,Bus6002,Bus6003,Bus6004,Bus6005,Bus6006,Bus6007,Bus6008,Bus6009,Bus6010,Bus6011,Bus6012,Bus6013,Bus6014,Bus6015,Bus6016,Bus6017,Bus6018,Bus6019,Bus6020,Bus6021,Bus6022,Bus6023,Bus6024,Bus6025,Bus6026,Bus6027,Bus6028,Bus6029,Bus6030,Bus6031,Bus6032,Bus6033,Bus6034,Bus6035,Bus6036,Bus6037,Bus6038,Bus6039,Bus6040,Bus6041,Bus6042,Bus6043,Bus6044,Bus6045,Bus6046,Bus6047,Bus6048,Bus6049,Bus6050,Bus6051,Bus6052,Bus6053,Bus6054,Bus6055,Bus6056,Bus6057,Bus6058,Bus6059,Bus6060,Bus6061,Bus6062,Bus6063,Bus6064,Bus6065,Bus6066,Bus6067,Bus6068,Bus6069,Bus6070,Bus6071,Bus6072,Bus6073,Bus6074,Bus6075,Bus6076,Bus6077,Bus6078,Bus6079,Bus6080,Bus6081,Bus6082,Bus6083,Bus6084,Bus6085,Bus6086,Bus6087,Bus6088,Bus6089,Bus6090,Bus6091,Bus6092,Bus6093,Bus6094,Bus6095,Bus6096,Bus6097,Bus6098,Bus6099,Bus6100,Bus6101,Bus6102,Bus6103,Bus6104,Bus6105,Bus6106,Bus6107,Bus6108,Bus6109,Bus6110,Bus6111,Bus6112,Bus6113,Bus6114,Bus6115,Bus6116,Bus6117,Bus6118,Bus6119,Bus6120,Bus6121,Bus6122,Bus6123,Bus6124,Bus6125,Bus6126,Bus6127,Bus6128,Bus6129,Bus6130,Bus6131,Bus6132,Bus6133,Bus6134,Bus6135,Bus6136,Bus6137,Bus6138,Bus6139,Bus6140,Bus6141,Bus6142,Bus6143,Bus6144,Bus6145,Bus6146,Bus6147,Bus6148,Bus6149,Bus6150,Bus6151,Bus6152,Bus6153,Bus6154,Bus6155,Bus6156,Bus6157,Bus6158,Bus6159,Bus6160,Bus6161,Bus6162,Bus6163,Bus6164,Bus6165,Bus6166,Bus6167,Bus6168,Bus6169,Bus6170,Bus6171,Bus6172,Bus6173,Bus6174,Bus6175,Bus6176,Bus6177,Bus6178,Bus6179,Bus6180,Bus6181,Bus6182,Bus6183,Bus6184,Bus6185,Bus6186,Bus6187,Bus6188,Bus6189,Bus6190,Bus6191,Bus6192,Bus6193,Bus6194,Bus6195,Bus6196,Bus6197,Bus6198,Bus6199,Bus6200,Bus6201,Bus6202,Bus6203,Bus6204,Bus6205,Bus6206,Bus6207,Bus6208,Bus6209,Bus6210,Bus6211,Bus6212,Bus6213,Bus6214,Bus6215,Bus6216,Bus6217,Bus6218,Bus6219,Bus6220,Bus6221,Bus6222,Bus6223,Bus6224,Bus6225,Bus6226,Bus6227,Bus6228,Bus6229,Bus6230,Bus6231,Bus6232,Bus6233,Bus6234,Bus6235,Bus6236,Bus6237,Bus6238,Bus6239,Bus6240,Bus6241,Bus6242,Bus6243,Bus6244,Bus6245,Bus6246,Bus6247,Bus6248,Bus6249,Bus6250,Bus6251,Bus6252,Bus6253,Bus6254,Bus6255,Bus6256,Bus6257,Bus6258,Bus6259,Bus6260,Bus6261,Bus6262,Bus6263,Bus6264,Bus6265,Bus6266,Bus6267,Bus6268,Bus6269,Bus6270,Bus6271,Bus6272,Bus6273,Bus6274,Bus6275,Bus6276,Bus6278,Bus6279,Bus6280,Bus6281,Bus6282,Bus6283,Bus6284,Bus6285,Bus6286,Bus6287,Bus6288,Bus6289,Bus6290,Bus6291,Bus6292,Bus6293,Bus6294,Bus6295,Bus6296,Bus6297,Bus6298,Bus6299,Bus6300,Bus6301,Bus6302,Bus6303,Bus6304,Bus6305,Bus6306,Bus6307,Bus6308,Bus6309,Bus6310,Bus6311,Bus6312,Bus6313,Bus6314,Bus6315,Bus6316,Bus6317,Bus6319,Bus6320,Bus6321,Bus6322,Bus6323,Bus6324,Bus6325,Bus6326,Bus6327,Bus6328,Bus6329,Bus6330,Bus6332,Bus6333,Bus6334,Bus6335,Bus6336,Bus6337,Bus6338,Bus6339,Bus6340,Bus6341,Bus6342,Bus6343,Bus6344,Bus6345,Bus6346,Bus6347,Bus6348,Bus6349,Bus6350,Bus6351,Bus6352,Bus6353,Bus6354,Bus6355,Bus6356,Bus6357,Bus6358,Bus6359,Bus6360,Bus6361,Bus6362,Bus6363,Bus6364,Bus6365,Bus6366,Bus6367,Bus6368,Bus6369,Bus6370,Bus6371,Bus6372,Bus6373,Bus6374,Bus6375,Bus6376,Bus6377,Bus6379,Bus6380,Bus6381,Bus6382,Bus6383,Bus6384,Bus6385,Bus6386,Bus6387,Bus6388,Bus6389,Bus6390,Bus6391,Bus6392,Bus6393,Bus6394,Bus6395,Bus6396,Bus6397,Bus6398,Bus6399,Bus6400,Bus6401,Bus6402,Bus6403,Bus6404,Bus6405,Bus6406,Bus6407,Bus6408,Bus6409,Bus6410,Bus6411,Bus6412,Bus6413,Bus6414,Bus6415,Bus6416,Bus6417,Bus6418,Bus6419,Bus6420,Bus6421,Bus6422,Bus6423,Bus6424,Bus6425,Bus6426,Bus6427,Bus6428,Bus6429,Bus6430,Bus6431,Bus6432,Bus6433,Bus6434,Bus6435,Bus6436,Bus6437,Bus6438,Bus6439,Bus6440,Bus6441,Bus6442,Bus6443,Bus6444,Bus6445,Bus6446,Bus6447,Bus6448,Bus6449,Bus6450,Bus6451,Bus6452,Bus6453,Bus6454,Bus6455,Bus6456,Bus6457,Bus6458,Bus6459,Bus6460,Bus6461,Bus6462,Bus6463,Bus6464,Bus6465,Bus6466,Bus6467,Bus6468,Bus6469,Bus6470,Bus6471,Bus6472,Bus6473,Bus6474,Bus6475,Bus6476,Bus6477,Bus6478,Bus6479,Bus6480,Bus6481,Bus6482,Bus6483,Bus6484,Bus6485,Bus6486,Bus6487,Bus6488,Bus6489,Bus6490,Bus6491,Bus6492,Bus6493,Bus6494,Bus6495,Bus6496,Bus6497,Bus6498,Bus6499,Bus6500,Bus6501,Bus6502,Bus6503,Bus6504,Bus6505,Bus6506,Bus6507,Bus6508,Bus6509,Bus6510,Bus6511,Bus6512,Bus6513,Bus6514,Bus6515,Bus6516,Bus6517,Bus6518,Bus6519
0,-0.0,-0.0,-554.8983740836985,-1924.401875014793,-488.42413047287596,-462.73402712760446,-91.29712901392915,-566.177595028972,-536.2456306510921,-0.0,-1197.142570476116,-0.0,-0.0,-2444.8269024532215,-0.0,-510.6704744197867,-409.4305613757575,-0.0,-41.08298811538212,-220.9351445014972,-279.30710359721394,-637.7977247191274,-814.9327542393422,-670.4694908660981,-1962.777291635192,-575.565468221521,-0.0,-37.376879631907904,-2639.710674225303,-1634.7935163044028,-0.0,-0.0,-0.0,-0.0,-0.0,-0.0,103.05033660754339,-189.10046478536256,-1659.8369216716674,-1415.5829097473923,-0.0,-0.0,-125.17781850663503,-488.3489459531152,-153.73179731123432,-0.0,632.4012801392691,-1657.4566179785218,-365.3298764967612,-0.0,-0.0,-249.1570458599233,-0.0,-10.523714979629652,-1939.0931247390836,-2628.694633300755,188.2974303637305,-5383.143616551232,-199.79718553432275,-0.0,-1688.6409742965411,-0.0,-621.7141390621554,-2792.485610363026,-459.9942969726518,-459.31923663390165,-39.0290782148912,-1977.562665457333,-816.6101430378038,-419.37420624880735,-2607.0989449427807,-0.0,-0.0,-2431.096424886702,-936.373527698494,-210.49567249330528,-1620.8312020305186,-0.0,-0.0,-1234.1311073905958,-1326.2502453224745,-464.7135706624667,-3212.542369525145,3.6697261125907583,-24.609785807250418,-1950.9715702093315,-0.0,-563.7946489802737,-909.8635265801306,-6.963284046527476,-0.0,-1229.9915074132928,-78.34719936593997,-736.7388186769947,-1979.040533091364,-37.68877585459741,-2374.9226051498267,-392.47126994667826,-1303.7394676272195,-2589.1394728539194,-658.9014402310705,624.1927972100018,-510.6722669430204,-0.0,-1285.8611879977277,-2162.564221877284,-4320.523727624499,-430.31138692400174,-2834.938464540794,-0.0,-1514.8816746943078,-0.0,-0.0,-506.39657780534924,-0.0,-0.0,-614.9218490801294,-76.00878052797592,-1403.487065543895,-850.3682157715419,-759.2823921098292,220.51392571219006,-429.3194889014694,-285.71093043589957,-198.88342928665034,-7.619196119299163,-508.27231308015473,-572.632477602893,-710.9301556655558,-0.0,-4574.004027156136,117.30604464186968,-101.73638592258378,-4133.200587328807,-0.0,-976.3671256016561,-60.13412416171836,-0.0,-299.44237415317554,-0.0,-0.0,-792.1402239297574,-0.0,-659.2544257973237,-852.7828712505219,-0.0,-1034.5577198973772,-267.830046234834,-593.8650872208398,-2003.17275843884,-0.0,-1580.966483722486,-1112.7787731682258,-0.0,-0.0,-0.0,-0.0,636.7108612262007,-0.0,-1528.1409293449517,-1630.5259878861125,10.599607365934013,-0.0,-0.0,-643.8783342148846,-510.16536816487434,-716.8254873844724,-0.0,-410.44843533632303,-2861.4081172499723,-992.1656072446441,-0.0,-1140.0426192853238,-2342.6634739395063,-0.0,-0.0,-0.0,-0.0,-0.0,-0.0,-474.2805506766091,-580.07137702026,-222.01436827625676,-188.73434473380883,-1276.7472650929694,-49.800119800423936,-0.0,-0.0,-676.8531301911937,-0.0,-530.9499511380802,-27.39560975707771,-4.05992773228173,5.569854880884622,-0.0,-0.0,-1130.610092671242,-405.6960401661451,-448.3902495383248,-0.0,-3245.0656790022445,-1908.877791601372,-986.464443912757,-0.0,-0.0,-2115.78534816632,-1397.9590428085407,-626.8881148646125,-80.7668332041716,-1619.7380517996012,-1350.6847949301375,-0.0,-0.0,-1604.0598143372883,-0.0,-754.3356354776439,-1227.041859617271,-130.9609565815128,-397.6359149270097,-571.8056416605189,-540.5675119839553,-0.0,-1461.467329146857,-0.0,-3204.3999449117096,-2709.319555548967,-177.10409539472684,-381.502993415439,-450.3849503806836,-0.0,-271.30739353699704,-251.52622114464964,-0.0,-1030.984888380531,-658.8967814362435,-1072.0453407321384,-1506.044891113868,-887.6471703937422,-2055.476934667139,-2004.9140345466324,-2333.704169676321,-2131.44703550435,-981.722284568316,-2052.4448512479967,-490.2655475877967,-563.4477450052024,-0.0,-1159.0535898747685,-1040.049065761008,-956.2196191905471,-396.4515964728895,-381.4345689636296,-1950.9631504419779,-743.9931321170018,-397.91852955516487,602.4858349729607,-0.0,961.4990458700829,-1313.7970984760557,-0.0,-0.0,-0.0,-0.0,-0.0,-0.0,-1233.719389675657,-2631.0704440838376,-478.90661713063304,-940.4776064810918,-0.0,-0.0,-1766.6354433214738,-1155.7728879901479,-2009.5253027965464,-0.0,-0.0,-132.84500058359683,-56.14722822426935,-379.6059949012174,-1789.2712052067964,-481.8027120924804,-0.0,-497.44012560876496,-653.6011124157169,65.700418688521,-1147.5483431465439,-1411.2559685403828,-1279.176310881395,-1749.9522242530318,-296.28563115779065,-563.5638266470216,-40.08390922933786,-1665.4260408482592,-0.0,-809.6118051070519,-158.00895505334918,-81.07084603268041,-561.2831822572924,-0.0,-2067.5617489654337,-123.40434545189775,-654.5879000482806,-1520.3476754939645,-1503.8453353093137,-0.0,-550.2389663169448,-740.0162418634848,-24.502788370366,-241.75015343739136,-483.4207824165127,-53.56164011912456,655.6465120486655,-1135.596245357182,-0.0,-894.5331416403882,-1478.5184859656779,-0.0,-475.4825857838629,-0.0,-1484.0332359269098,-0.0,-0.0,-0.0,-1116.074409588774,-698.0169521879634,-443.01490128379106,-0.0,-1532.7349751737395,-2956.6717631240635,-3545.341580224809,-0.0,-320.8113361646299,-0.0,-272.01841888806035,-110.53204222583037,238.4786409886503,-552.7252159188346,-0.0,-666.142127400861,-880.7674296956451,-303.2299824314184,-559.4536386425087,-0.0,-423.81908144734723,-880.4685161233555,-521.4324719010779,29.32406786947135,-2187.2504374405394,-0.0,-0.0,-1335.873616711709,-241.17016748934526,-1318.6633224322338,-91.97520697162533,-122.89873769919934,-208.8314588744349,-587.4654813603096,-963.2726430086065,-1288.0789114339748,-1999.4413037744853,-0.0,-0.0,-385.8834598178245,4744.874371985991,4.141123353652703,-0.0,-0.0,-0.0,-0.0,-2218.406721295909,-463.90592644964767,-0.0,-946.8846974247541,-885.2771495402692,-712.3612905164279,-2117.178668085467,-241.95857028260934,-1116.562433794765,-0.0,-0.0,-1904.344335600117,-644.7707900685384,-1633.8450484686095,-691.4303506784328,-786.4831283967236,-1752.588811297481,-211.0319217125152,-1597.1937080086743,-1047.0418952228422,-30.062089722568924,-977.002638291144,-1075.312237365231,-219.08797455192172,-213.4599577374596,-1826.4652611754548,-0.0,-449.8796373733282,-267.4087471772666,-29.356107316564508,-762.4354722487509,-203.70883013817559,-904.7938422866458,-841.325148682857,-1200.6348434841589,-223.18009926739362,-2408.223000432134,-54.86126517600781,-574.9394663883196,-0.0,-753.085998126274,-715.7424414239821,-919.0095876586223,-1101.102456053271,13.827935673514586,-387.57941389388276,-2459.585393928119,-756.4890505933768,-364.05397316059737,-1083.1508051801961,166.52418469330198,-0.0,-0.0,-0.0,-0.0,-0.0,-0.0,-10.496799522822634,-164.78024688623867,-2192.4108857410624,-4681.76701001006,-467.5140262232716,-932.2965471593928,-131.81959225756592,-506.7183952158363,-1286.0300385281384,-1063.9560243523556,-37.54076095956402,-517.2737910167092,-472.4288533444542,-0.0,-90.34270726682722,-1063.144667319404,-453.86837077313373,-0.0,-983.2301575149588,-0.0,609.8369607574201,-0.0,-0.0,-0.0,-38.81572723701221,-0.0,-0.0,-1022.2024805526775,-400.67901378759194,-1148.1174994932712,-0.0,-0.0,-0.0,-853.6099916123281,-555.6556229693292,-1263.883647046641,29.955393049483508,265.94197078055885,-0.0,-0.0,-2949.8873899596924,-1175.760721394391,22.19783913629749,-54.69858471065638,11.063838631181394,-17998.140012258245,-17889.14594698887,-2230.975384672645,-0.0,-0.0,-0.0,-0.0,-417.4077987427837,-0.0,-0.0,-583.7248209028528,-2167.2358349363635,-1886.5363955211565,-1287.548717769571,-330.5472499683121,-1759.8421021264626,-30.499556064764505,-1239.3865796137309,933.4514331904584,-7.054254170690677,-866.4522347165188,3.7267887885291064,-0.0,-0.0,-0.0,-0.0,-152.69627488106013,-0.0,-0.0,-0.0,-884.0764060275106,-1417.3942401451827,-0.0,-0.0,-246.3801918820569,-2128.087722184605,-0.0,-1356.7062943607032,-1596.1593710493842,-1951.7470789854458,-0.0,-0.0,-99.79194498144129,-82.67579673914481,-989.705498837096,-1447.4780852769723,-536.4231723426001,-1270.0394853761159,-1205.0063152987464,-0.0,-0.0,-0.0,-0.0,-412.2935358584781,-246.20060701593704,-0.0,-0.0,-93.66635123031924,223.41337640782544,-0.0,-1202.240126209472,-1000.0111428384193,-1039.5929533836315,-0.0,-0.0,-615.9962950685753,-1164.1326463913003,-722.0581856905022,-398.35982023946855,-0.0,-2137.3427598302264,-2238.77412496611,-0.0,-0.0,-0.0,-0.0,-0.0,-1415.0614442704584,-0.0,-2194.49857207449,-1270.2690439072628,-68.25696620260915,-0.0,-0.0,-0.0,-2627.1379357715214,-1297.3751291074957,-533.9241108171731,-461.14104974401675,-1184.2272899428433,-618.3157578055487,-0.0,-0.0,-674.8187430520007,-1337.610606026707,-67.92710997462213,-457.8465019352363,-0.0,-847.5162535234175,-646.0604351335071,-1758.8584481601695,-0.0,-309.0278191700855,-127.93507358883065,-319.2796583914957,-1421.9858858939951,-285.733357633083,-0.0,-0.0,-0.0,-0.0,109.37404770872101,-143.00319130733314,-863.2740467821874,-1467.5407362246444,-1104.4067700611674,-438.1120813839598,-570.0119659913344,-5770.350368582266,-805.6470869993516,-526.5629304431252,-0.0,-0.0,-0.0,-272.4755869711918,-389.31045090855383,-1223.5333883807746,-361.2173655230883,-0.0,33.236659676943454,-0.0,-0.0,-0.0,-0.0,-0.0,-0.0,-0.0,-97.8821224333853,1590.0471440897986,-0.0,-1462.0846919042797,-683.153808997485,-411.5779433984784,-1605.768786224489,-0.0,-0.0,-656.9879836138581,-670.635289697233,-110.3524820739389,-128.09125067202726,-136.38636692031181,-605.3858232016344,-154.97571834308044,-1819.9941145125294,-346.182927978979,-400.13852724444627,-0.0,-0.0,-1453.2954587439538,-2755.9571743159377,27.13805106483453,-505.1824736661035,-354.20274913271027,-894.3134898722969,-1223.676306362025,-737.8338556153136,-283.2537271293494,-161.4580719102603,-1250.9550423316582,-0.0,-0.0,-0.0,-0.0,-0.0,7701.070477704056,-70.56885075341424,-524.7906688869938,-663.2812223298592,-1054.5985798013617,-1159.7532736209134,-1268.4159917840122,-1581.443130582947,-1825.3600519611296,-431.2036004450674,-0.0,-0.0,-1459.1866742924333,-0.0,-0.0,-301.3981342718795,-1894.161084147452,-1192.5776667874748,-479.81908030283495,-61.01665733611127,-1607.6361735029927,-0.0,-1391.893740800187,-0.0,-0.0,-0.0,-0.0,-0.0,-0.0,-469.92711487313403,-1274.0997370711723,-1033.2227323779982,-82.13580282760347,-238.47618966103576,-588.7708695601199,51.499934638969485,-0.0,-0.0,-557.5315901210181,-529.297202940965,-3881.166748310514,-0.0,-1229.8741891640484,251.17975152646014,129.8861121227453,-0.0,123.68920274430336,-192.28999756407006,-143.86505798047003,-441.1303163345558,-0.0,-1709.6961436901852,-0.0,-0.0,-1057.880298661061,-0.0,2355.9515264631277,2292.027320527878,2162.111078330692,-0.0,-0.0,-1761.059977763175,-0.0,-0.0,-337.19563765559377,-901.2343540600401,-719.6062193242317,-879.5403844618252,-1044.7011430202758,-0.0,-0.0,-0.0,-0.0,-712.1724329711083,8.324199573248135,-52.72961655612428,-1010.7414082841846,-972.192171271186,-363.7301671391099,-1438.6773547725015,-0.0,-2036.9707287965573,-1055.9232099626731,-1378.3111733665191,-408.72478151934445,-378.0648208828688,-0.0,-1253.0255533759614,-699.2012818098729,-854.9392303531909,-2069.3975150828555,-553.2604045071645,1026.7561674903416,462.4911219901987,-319.85166677955743,-1213.4421839597694,-0.0,-1695.4381452258306,-3400.2833101398483,-431.2485886128602,-469.68432148867583,-0.0,-0.0,-0.0,205.9986170299157,-346.5616472703729,-509.2568584349243,-144.27586477782813,-462.72386813811465,-495.4470063754184,-0.0,-422.4395297868032,-914.1084982134417,-714.8386946225066,-0.0,-1760.8672321700826,-4265.517875864458,-0.0,-0.0,697.2981247368039,607.5900547196812,-0.0,-0.0,-631.3960730893017,-904.8686337976279,-318.2308178506927,-658.3358611358407,-0.0,-0.0,-0.0,-0.0,-0.0,-2622.8073737465247,-419.5937496928052,-1586.888844830595,-1107.4859203056164,-0.0,-418.3164675241875,-392.22798440718964,-0.0,-216.35855185016976,-674.072849706856,-1164.9559310067614,-3922.141930710246,-76.18867144849892,-0.0,-0.0,332.2171003455602,763.6896418803123,-0.0,-0.0,-369.0862470512839,-0.0,-0.0,-0.0,-2480.067500019313,-0.0,-523.9563486774161,-0.0,-0.0,1671.6757524705265,2094.7438214534127,1997.3994442030055,-0.0,-0.0,-449.4280350641415,833.8301908827459,-2526.737153474165,24.534418884184213,74.64091695119937,-2428.122956485642,-104.58207009969176,-194.68322149750088,-632.7335059683271,932.155274814421,3210.157416834655,-2902.7678649804234,-0.0,-0.0,-935.1944275316525,-1601.079101984911,-1157.5582379610512,-230.3078767143095,-41.607365272720784,-0.0,-0.0,-0.0,-0.0,-1928.071287350003,297.68160882182696,-0.0,-3.5298088473380393,-0.0,-1603.0468952469705,-1990.0667752450809,184.09678276547154,-0.0,-0.0,-370.05831531991447,-0.0,-1634.5509192810457,-92.59320666592957,-1120.209041247103,-437.8312996843845,-1149.2649196793493,-642.9347956475102,-1110.234251037535,-669.2241249516222,-0.0,-0.0,-0.0,-112.93443237808421,-0.0,-0.0,-258.39916457328644,-369.13584735110123,-642.8451268866423,-0.0,-1333.762771359046,-1031.362992748506,-866.9485684349116,-7.164133429438595,-7.322776428692057,270.25953641983017,38.86475038030977,-0.0,-0.0,-12.063373010818799,-1728.044393017405,-602.144703748213,-937.7326658204141,99.88550940711214,-2129.8997516689697,-1775.9826728111334,-933.4633836456303,-1044.6712514200199,-44.08782142255288,-568.0357476121574,-689.6301282336022,-1230.5315385053275,-1987.2763175560049,-0.0,-1988.6821627847935,-148.01616806730766,-0.0,-2439.7000433325215,-2608.6606715638477,-2277.8680690377405,1497.8866741519869,-0.0,-1717.9996602563538,-223.80369712181525,-1210.7633280585057,-579.5709927599365,-116.40064184372945,-2148.11462844139,105.69908019980133,1623.3452689742835,-0.0,-196.91056941717713,-398.517455949225,-1058.9392164726025,-1149.2286092692798,-1695.9866686647272,-3974.2675668380966,-0.0,-553.8471766015688,-1273.5523831061657,-670.4132524521931,-234.9056916674874,-27.00488812753541,-302.86468618056006,-0.0,-0.0,-0.0,-0.0,-320.4836686606929,-1231.9094673363725,-852.9551697776274,-62.13806827574943,-558.8181226113479,155.82602395998222,-0.0,-0.0,-844.8741420207785,-493.79046196248504,-0.0,-2079.4160173555415,-91.85445846055492,-1259.9020445646138,-0.0,-197.21480975132178,-191.91128091165385,-0.0,-0.0,-446.797987838101,-0.0,-0.0,-4006.3955542859044,-186.7008199029386,-2424.538401779379,-0.0,-0.0,-106.4350910870783,-1439.9247454714277,-590.3433514350183,-364.3421894255107,-1434.2873603697974,-0.0,-667.9511171200546,-0.0,-517.8381764700739,-0.0,-0.0,-192.7424137279846,-80.8940753827878,10.801518091971298,-382.8376018354881,-1379.585240067199,-2037.144677713794,-0.0,-0.0,-0.0,-24.29919667043161,-363.47663059920035,-0.0,-1575.9119092361288,-2805.3660595962247,-0.0,-0.0,-55.11850688527263,-1567.112425694878,113.99515116493001,-0.0,-0.0,-0.0,-0.0,-455.7679328992088,-2055.5690123137547,-198.61998991288095,-1330.4455176265321,-0.0,-0.0,-627.3969704820571,-461.56659217026055,-329.99424158836723,35.959097740268035,-0.0,-0.0,-0.0,-816.3080689065391,-633.6855008044836,-490.0864274965713,-310.24078944088205,-0.0,-0.0,-0.0,-0.0,-2252.6854741175976,-80.10913895610062,-22.868156639474414,-0.0,-0.0,-650.9788841810816,-352.90235879233956,-0.0,-1831.7874335064514,-4339.33337219008,102.09639507947013,-1137.5405925966156,-0.0,-0.0,60.55001349540635,-485.8666700304828,-1767.9799920890869,-499.25118817541653,-2801.7514807051675,-1216.939820117578,-737.7058312633538,-1383.0383970962707,-0.0,-0.0,-0.0,-35.386676712315584,-1212.0542415938387,-0.0,-0.0,-2910.588403831705,-77.73434309239818,-1350.803128803768,-749.4284848707298,-0.0,-0.0,-0.0,-0.0,-0.0,-0.0,-681.6082334811133,-0.0,-1521.9040201858934,-0.0,66.14304377688174,-1275.1242175555597,-0.0,-0.0,-0.0,-2145.42349574186,-0.0,-0.0,-493.06760718653317,-0.0,-0.0,-1008.2232832292192,-555.8259962953409,-0.0,-0.0,-173.82731591748205,-1896.792386401654,-0.0,-1064.8217256305663,-819.0049558102859,813.1381249336647,-182.62670627149282,-0.0,-545.0352084218362,-2.139449617251655,-0.0,-21.15489109979997,-0.0,-348.0469198191974,-0.0,-0.0,-0.0,-0.0,599.8950131805188,639.7355728479217,-857.1079098551029,-1535.6796145752728,-0.0,74.73082945011974,-3.8543502324270746,-80.87006770919866,-891.2886108469262,120.3839677500856,-518.5748341144707,-392.67504518316366,-179.51151455943082,-3241.834629244023,-0.0,-223.46059229355404,-1718.6986266952006,-2402.3174914880165,-0.0,-1089.4360830227242,-1649.036712757302,-2002.4752073356378,-719.548216056193,-0.0,-878.8179675587838,-703.3406030263872,-766.0630365272141,-1198.9458303235824,-953.591966186407,-0.0,-120.93751587822116,-1289.0674246573187,-0.0,1145.9838751624586,-373.18456395264815,634.5844545383462,-0.0,-0.0,-94.52857956290536,-41.64845289702546,-2308.726341927309,-888.4528715413517,-0.0,-942.512016691227,-3033.066210944807,-883.1930895714155,-836.9230091714442,-1133.4031114736115,-383.85128891902025,10.873710896147172,-38.82939634148284,-0.0,-0.0,-934.9443943122307,-73.25270164330672,-0.0,-0.0,-1875.4408255140472,-657.7212717842003,-595.5331194946859,-1859.413500203032,-92.90963395919766,-17.25681744126899,-2506.28583881741,-865.1597858361837,-598.4191638094215,-1008.8052109848569,-0.0,-2126.1931733210204,-423.84402652955106,-1257.4690592897189,-1567.954401271528,-370.62517457151165,-512.7363241429905,-1662.506712256312,-457.6963134711151,-0.0,-0.0,-0.0,-1302.1410726924944,-0.0,-3286.224013999828,-1147.7197843118488,-1438.5264338903698,-0.0,-0.0,-0.0,-0.0,-0.0,-128.48871288037438,-0.0,-234.4154537115396,-912.0193854064714,-358.5526655063106,-0.0,-0.0,10.44924882711162,-0.0,-0.0,39.44826747189376,-280.5557452220729,-0.0,-526.0933938305491,-0.0,-0.0,-81.3944719293554,-11.222317611909068,-2488.892368569059,-2160.469876149229,42.79946158251327,-6135.001795153159,-873.3573987728281,-561.5201110220396,-0.0,-752.8235141515859,-1333.5373678833012,-0.0,-0.0,-0.0,27.79158370849365,-0.0,-1371.5515296375952,-0.0,-1370.9061036466535,-0.0,-0.0,-2269.712379685836,-356.8689653105204,-610.9152339691557,-0.0,-0.0,-0.0,-0.0,-263.978218991458,-601.7842125267557,1205.6007729778823,964.4734205224403,-675.5255223043611,-8.283646333213142,-0.0,-285.4453995283469,-310.5759837210612,-1674.9188451686116,-531.5938788392739,-113.03181734117875,-983.6742975428568,-1366.3623760902817,-888.8731582955363,-588.1253459450171,-0.0,-0.0,-0.0,-69.10690731840647,-0.0,-1634.75529804277,-638.6109576650073,-0.0,-1736.1661794301028,-1080.280605456071,-0.0,-0.0,-0.0,-0.0,-0.0,-975.4816626007972,-0.0,-270.67363348859317,-1600.7151524466653,-0.0,-1023.8109241583455,-0.0,-0.0,-0.0,-2523.750870551481,-1242.8362024126895,-929.5488744764534,-2195.175852677554,-0.0,-0.0,-0.0,-78.2783141992046,-482.36521212083045,3.618833165678558,-394.6519873642521,-282.52198801909265,-0.0,-0.0,-324.4556536088733,-1464.9195238388852,-3324.9818128324723,-0.0,-418.7158196496878,-1173.4792952764356,-403.3360527771904,-458.801997024088,-0.0,-0.0,-0.0,-1695.729819277049,-1649.178738929274,-38.6299752300963,-1616.642864673214,-549.1998405540187,-391.92519201312587,-7.3652540010301815,-1185.3743908044373,-0.0,-1921.7856207900102,-0.0,-449.36702517253246,-0.0,87.20761867296622,-0.0,-0.0,-533.8841346169162,-855.7661287344142,-7.7371033894036865,-0.0,1136.8723423632039,-0.0,-0.0,-1751.3980443256216,-1572.263004295159,-1041.0090422242629,-0.0,-395.93761633987253,-652.1811383114407,-1471.4944987647725,-0.0,-0.0,106.06328340618909,-709.2160468219,-0.0,-0.0,4.009567652527398,607.4027090314969,10.535598616946142,-1410.9210009126286,-0.0,-0.0,-1590.2096168232556,-1631.8202653705484,-78.08312143590756,-0.0,-157.19372514343667,-724.5734012254375,-966.2921017977095,-1651.0685865167563,-0.0,-904.7133073571989,-6.129808322759538,-0.0,-1514.202271261312,-0.0,-0.0,-0.0,-0.0,-634.3443023187124,3.8141797641937916,-15.036167164693609,-0.0,-0.0,-542.0338731501923,-0.0,-0.0,690.1279574857543,-1035.4071312892943,-43.14346666664873,-2060.292068358155,-0.0,-0.0,-520.418351422041,-0.0,-288.68345642031846,-1141.6701771603355,-991.270586717959,-1011.8140838915524,-0.0,-0.0,1355.4833281723206,-0.0,821.5785184868528,908.3314387753917,-37.42928775646742,-757.328269453791,-0.0,-0.0,-107.27211423557937,201.66245374295877,-772.416394243577,-357.32489515489004,-1108.2606113994657,-2530.2915205262802,-1932.4366215711896,-0.0,-0.0,-249.466817195942,-5369.62487239832,-539.0337853895217,-490.44568979740825,-0.0,-0.0,-550.8239085762153,-0.0,-937.946085221005,-1347.063405384153,-628.7499998354976,-0.0,-0.0,-50.10385010373677,-0.0,-149.39469799462512,-1183.791637145272,29.286742218094243,-669.0172292140643,-442.3296414210447,-235.76715762648135,-664.1961919231763,-2378.063487338413,-14.248811502397974,-1156.4837297502866,40.93154708024141,-1027.3590664313137,-256.1375824378867,-0.0,-0.0,-192.84117931277925,-0.0,-0.0,-1651.0193541828191,-608.4719381987903,-0.0,-732.5865413215326,-541.6694738365761,-0.0,-0.0,-1520.2279627201688,-746.5795449656385,-1392.6996271952796,-1438.3074468817483,-0.0,-93.51072684944951,-2699.5681344820923,-913.9057060592169,-300.1609341639304,1561.635075344228,-1646.7929230904463,-1224.9252232600315,3.5424541612732785,-798.6122291580301,7.42191308307312,-1721.78198664992,-0.0,-3020.6445724697774,-764.1085510633403,-0.0,-1651.8306255710804,-1440.3804751370592,-0.0,-190.90069510444573,-800.3922572163542,-954.2677920198962,-1469.8548173601082,-729.3616393185404,-444.7368427867148,-551.1947415519605,-0.0,-145.74196021248315,-0.0,-2420.518555163129,15.175358997404903,-3161.626447919099,-757.113561457489,-40.93458851275685,-40.71868635500994,-1299.3952057303638,-904.6166751316649,-0.0,-457.09569309383863,-0.0,-0.0,-627.642551305957,-0.0,-0.0,-0.0,-0.0,-0.0,-0.0,-0.0,-708.8859232065837,-449.5824010771386,-2471.030948131008,-2470.923779958605,-0.0,-0.0,-1141.4078580566625,-1853.9541528284344,-458.98523463246715,-194.53837180962375,22.397920730408803,-0.0,-1285.5401916933092,-0.0,-2344.1465488620743,-0.0,-0.0,-0.0,-0.0,-1748.5503930810296,-220.18595659567853,-491.4989942171754,-1084.8712066974792,-1178.236857005134,-992.2317108685086,-698.3199389133964,-1139.4726959638506,-0.0,-0.0,-0.0,-0.0,-607.5908994289271,-416.0515548607377,-1398.3972379373192,-0.0,-690.8388937862802,-5136.855624216824,-606.2468875902919,-743.0019291138453,-3204.5274808149497,-708.8225294501253,-0.0,-482.1077101527294,-483.1028668816335,-1082.8060572441448,-634.5783074398048,-1483.9606191687806,-1557.5414656272642,-0.0,-0.0,-0.0,-0.0,-1415.6884271780277,8264.20825000334,6141.866778522385,-0.0,-0.0,-0.0,-0.0,-2002.639028185876,-934.0698034148277,-69.61293837810292,-1434.974155956985,-721.9949799036032,-0.0,-0.0,-0.0,-0.0,-723.4944172254633,-0.0,-1634.6194925739626,-248.6822040500338,-0.0,-0.0,-0.0,-0.0,-104.70213825220216,-454.6052683495033,-405.07644902562924,-820.5882338241809,-914.2237110328886,-1092.1069307978441,-896.7067674451274,-304.5737991096741,-1327.0150303554094,-1577.7887603196812,-1099.2677018602822,-1567.6468541828244,-35.87174370785635,-1193.9335913170378,-907.0305209486352,-847.4153212414884,-1444.9897542991262,-293.1301516948177,-2463.4481463175853,-1597.53301362501,-1729.2035145158184,-580.419836426375,-496.3217460611185,-1142.8032446096397,-0.0,-922.4045999240669,-0.0,-3078.901322758064,-856.2355398044152,-305.2424506485959,-1552.532893566879,-1429.3038775664222,-1078.6685516748216,-0.0,-0.0,-0.0,-0.0,-784.0770346389774,-2984.27727106812,-1621.4557247064847,-0.0,-0.0,-958.6477164028028,-0.0,-0.0,-1066.252141679249,-439.1095655046394,-895.9258759357335,-501.31493748968603,505.90169806837434,-1072.8095984587846,-601.7301389696119,-1612.9045936298699,-0.0,1257.0522763209922,-0.0,-0.0,-974.6804205498536,-4795.42570306957,-0.0,1387.7233982727355,319.3370310378669,-708.6854540436452,-220.83642162068068,-0.0,-1640.6864298190942,-967.0672561275155,-2204.094812586182,-1921.177589300534,-343.14449656519787,-0.0,-484.2981867860179,-178.45586708737844,-0.0,-1115.8136928103077,-0.0,-1679.3502597429722,-2375.124929230264,63.58279692919689,-2198.3979138217396,-1842.0689922299837,-0.0,-499.533970216934,-1269.1105007076687,-2129.159749526193,-0.0,-386.9152965503735,-2332.291903690601,-878.1469095779291,-773.2257695615305,-907.2360450699053,-395.11583848618716,-824.0402554230459,-1420.3256110393543,-0.0,-917.3031598545723,102.9404575592976,-1150.4299075452593,-0.0,-477.2874604849321,94.2655269011713,-991.142339492564,-604.6404215995972,-0.0,-499.16187898587674,-388.409326914446,-1704.5292575101007,-1087.7541674089978,-1572.2564200018444,-829.9434601458204,-658.5073065522046,-946.620275932115,-1835.320378487813,-21.53840329292438,-0.0,-451.7007451942102,-636.4825217826486,-1236.8099369772472,-1949.9044404804029,-320.10233204393774,-655.3014708870976,62.808204384713925,-874.1855284889554,-1108.101287367726,-853.3476119972075,-0.0,-844.1649483479773,-54.28193889966307,-2270.6831557257574,-0.0,-422.1012798898239,-840.8309279738526,-482.131191228326,-2334.4948357209705,-170.59093611893408,-1496.1592660809697,-707.7419366564935,-2305.4424925562503,-0.0,299.1892910488204,-0.0,-0.0,-300.22667676326375,-0.0,-0.0,-3561.869105416891,-29.025366229329535,-39.187392122481285,86.96246496039352,-1304.6921596914106,-0.0,-0.0,-0.0,-0.0,-0.0,-29.10785609615595,-0.0,-320.7333838280746,-0.0,-311.4344657749951,-1556.4071896086127,511.81778754977626,-2584.5842563725487,-0.0,-0.0,-0.0,-0.0,-0.0,-0.0,-0.0,-0.0,-0.0,-2595.203200466209,-0.0,-2664.797838590208,-2754.441808353881,-35.4686879002671,-0.0,-0.0,-0.0,-0.0,-829.4403669664352,-1016.3471662436455,-0.0,141.348438934256,-590.4371239369993,-1923.466780947874,-616.9310954830659,-0.0,-538.0179366046697,-931.7739356041101,-0.0,-0.0,-606.7829573560568,-762.6610937530552,610.8931180802995,-485.1557460490858,25.609654836198978,27.150899425809403,-0.0,-0.0,-0.0,1627.2893544047074,1274.64025569505,1393.739863174928,-0.0,-0.0,-0.0,-724.2722125242291,-0.0,-0.0,-830.6734314428006,-70.88500121387688,-394.99301009797864,-54.54169970782589,-1041.5589081693513,-727.2581983751584,-1237.4409650555906,-122.80777229881161,-253.28860679068396,-1088.8432098209228,-0.0,-2183.2982702772442,-14.483855718373581,-869.8080655526953,-797.0591109000616,-15.912625088708795,-0.0,-1129.6402057946882,58.504039389845545,-0.0,-0.0,-0.0,-0.0,-0.0,-1363.259787852843,-3327.8517116574462,-0.0,-633.4044267813807,-58.649587230226786,-0.0,-0.0,-0.0,-438.47723690245306,-24.405362545085413,-0.0,-1198.1476500844326,-651.5934510623335,-0.0,-0.0,-513.3236393318374,-0.0,-0.0,-1583.9335176261147,-1402.0509492992944,-0.0,-810.7810742946496,-1947.4654895420115,-76.04143544524013,-0.0,-0.0,-249.53298193823653,-769.8413269283446,-230.81895317978726,-175.98652598614177,-137.42583281230162,-0.0,-0.0,-0.0,-1163.9435324182373,-1009.525447211389,-2065.8617338155655,-272.5002894761635,-1265.200110091964,-103.44092473546003,-161.29784207374456,-476.0976381171115,-1764.5113763672239,-0.0,-0.0,-1483.221866341244,-1660.0519535772012,-0.0,-0.0,-0.0,-576.600281700829,-1876.6911976061292,-3234.3719306057164,-0.0,51.20819312381009,-180.363967866496,-621.8454121122628,-573.0698151014897,-1903.509753716074,-0.0,-1463.1171224110049,49.15276664860688,8.133261947859262,-253.52873974664666,-0.0,72.84042831656778,-264.8548733653696,-441.0265807834598,7.916895990220981,-0.0,-0.0,-718.3030010622163,-11.149700903145273,-0.0,-1308.8003201892816,-898.9736979652023,-1155.3482541093526,-779.2508860561431,-1201.3628713153755,-1462.631797588298,-0.0,-0.0,-0.0,-0.0,-0.0,-355.7706643330283,-593.2276309931552,-1162.1425272234562,-1248.7463328561917,709.5211754582199,-1427.2511061146577,1589.2723501604823,-0.0,-2045.9972539958524,-1603.2384335778797,-761.5236607346992,-29.985033930959247,-103.80101408468889,-2100.4747326785246,-209.5291963505883,-0.0,138.23747106845042,-910.069980451804,-0.0,-0.0,-534.7888515678844,-362.4561911231779,-403.62985768717675,-1153.8114580398517,-1507.2835597903168,-0.0,-1436.022095804988,-1195.121525297576,-4369.4971326541745,606.1937771415254,511.7220054197202,668.9190324643233,610.7753355427689,-0.0,-0.0,-0.0,-0.0,-0.0,-0.0,-0.0,-0.0,-554.9167416784821,-0.0,-45.64580468455355,-41.31584900920214,-0.0,-1047.6886629148644,-1251.9165317455047,-1842.638319052058,-0.0,-0.0,-0.0,59.663948104595526,-3091.574014211444,-600.3983329312481,-2603.8542690663253,-1677.2473068679435,-0.0,-0.0,-155.258161435972,-1215.9110696072046,-0.0,-2148.5634893676856,-659.8520903376512,-0.0,-0.0,-0.0,-2020.2883130445705,-0.0,-0.0,-0.0,-0.0,-0.0,339.48485981493144,-0.0,-0.0,-0.0,-912.2362850586002,-0.0,-0.0,-0.0,-0.0,-0.0,-0.0,-0.0,-483.6507301440736,-956.0594547491503,-1297.769225860622,-1505.5810022889912,-542.4254006309785,-1059.669589460301,-32.80683115697782,-0.0,-605.7245214361277,-43.81257936874697,-0.0,-0.0,-0.0,-0.0,-777.51488962744,-0.0,-519.0797688185958,-1254.5417586983917,757.6708427047026,617.5415567719228,763.3978869247303,667.5830406826122,694.174540789761,-0.0,-0.0,-0.0,-0.0,-0.0,-0.0,-396.9583866444718,-0.0,1994.5459678914613,934.5947586745938,1097.379110142547,-0.0,-0.0,-1244.3040094510354,74.70189547284483,-57.00131993009905,-2140.6179308555807,-0.0,-1598.4832058885345,-0.0,-0.0,-0.0,-0.0,-538.3694839815721,-0.0,-561.4593375115685,-558.3388319530409,-320.5780397268162,-0.0,-13.745692224982673,-0.0,-772.3812599091071,-0.0,-2194.374692991115,-531.1460128140876,1577.5854890576472,-1985.770501787295,-813.3338406394683,-69.59326230219565,-797.4811758982049,-0.0,-525.876589074362,-73.48557867995153,-2230.672418727694,517.584856644101,87.71978761031295,557.8526773482643,1142.9113214645824,-0.0,-258.9645894624013,-24.399095853385308,-1148.756344823545,-964.8790621763243,-1365.5196315649769,-1682.9159777400127,-0.0,694.3388123651931,-0.0,-382.718878453541,-2547.8533734204243,-1135.6534010729836,-0.0,-1359.0457163350595,-395.67285107890814,-574.1142313186482,-630.8810407702064,-293.1377974855431,-1288.3280979070237,-0.0,-1836.2122940044023,-420.35858170519367,-1338.7224487461538,-319.08138555744256,-0.0,-0.0,-0.0,-0.0,-1133.978021863297,1015.9199068647846,-980.9609893034173,-669.613966120466,-0.0,27.811632088663384,-0.0,-0.0,-763.1710458624906,-635.1634239477604,-662.314493631444,-667.6884967634103,-0.0,-0.0,275.56335457657514,251.90692300577678,559.3119672500108,-0.0,-553.4291694834676,-1745.8751750480276,-1185.7410614841729,-3.9280848539651965,-1474.6892241215326,-0.0,-0.0,-0.0,-527.6156091789857,-911.6568468711135,-0.0,-1292.6426184001552,-0.0,-2623.005751376162,-3580.6077044822823,-0.0,-20.719074302202337,-0.0,-728.1897467167904,-0.0,-0.0,-0.0,-1938.7859966701787,-948.9517509999926,-564.8644858869014,-738.3731894005167,-0.0,-0.0,-2133.475769396095,-0.0,-540.2903060034383,982.3328514994639,-969.8583822939833,-748.8298771590964,-570.7955445054722,122.49850463401629,-0.0,-0.0,-1232.9235034861897,-0.0,-673.5673423835663,-69.07434315009155,-361.156786144264,-295.1316890231548,-0.0,-0.0,-207.15578470726032,-630.20554763246,-977.98548547421,-529.4950716571341,-988.4245208689514,10.641870770703598,-0.0,-122.97207367440643,-1758.7810176307878,-1139.9991193667247,-0.0,-0.0,-0.0,-542.8339192305245,-553.3071890270635,-1262.4257756816717,-0.0,-0.0,-0.0,-0.0,-0.0,-1396.444126820058,-662.0463768507882,-0.0,-516.8884097726817,-0.0,-16585.95908082724,-732.8806009043712,-114.12260337190925,-651.8536253186908,-0.0,68.62728573209722,-1100.595169277058,-2285.69490807888,-0.0,-0.0,-0.0,-705.2148784223036,-440.36876687489325,-930.3885002190162,-878.6704674321303,-495.74467797678625,-0.0,-0.0,-1522.12377699929,-522.6713155406189,-2164.028566718782,482.8734347600873,-1978.5690018518028,-0.0,-0.0,1621.7214920850608,-1438.3534178768357,-0.0,-201.10717664639088,-347.48980187341186,-605.0478110532474,26.549209533142246,-705.2296084822553,-0.0,-0.0,-1115.4428161259611,-1326.630087709806,-2711.466239415548,-0.0,-0.0,-2091.2235269075204,-747.8956138622383,-801.8990355336588,-2168.0150456072606,-1455.2800163841828,-0.0,-0.0,-1045.1622960281002,-0.0,-70.66444795803726,-1440.444186042032,-1552.403630409855,-0.0,190.23652574926226,-694.8971760239068,577.8689803431231,-225.4936532587478,-229.3090493759656,-0.0,-425.170217439683,241.35327986521483,308.66628127723726,-360.4388426539112,-2260.933287500657,-1778.2791322771468,-77.18577179359765,-4520.372929449649,-604.9948053307005,-1043.8833751376128,-45.20915550477376,-3266.342980177801,-315.7856890940328,-620.962770624151,-250.1601781839477,-1732.6460760117332,-993.8100008278155,-2993.496608487797,-5162.409549508024,-77.36314450874762,-634.7356948881409,-1394.303096855322,-1135.9358698794626,-0.0,-3066.2581925913005,-0.0,-273.8949213382295,-1613.1731147757794,-1135.7704711874574,-0.0,-0.0,-836.9701021976973,-233.13400528047308,-0.0,-1332.9526573598168,-0.0,-698.8223758996326,458.6540123616517,-2114.0083448854875,-444.12591113344575,21.928162414081253,-12.25609083996495,-0.0,-1893.49482393175,-540.1059305942032,-0.0,-127.44993794122408,-0.0,76.9172033540748,-150.96380128698988,-0.0,-378.1876633507425,-1285.21452924594,-407.7654216411332,-833.318586344542,-1810.322761367958,-0.0,-3412.1771735943844,-1615.2291553083664,-2603.9490505315275,-2162.3351487560544,-78.52030398838411,-220.52300787861842,-531.1811716573532,-1244.0655890254677,-0.0,-0.0,-1092.6652200169165,-171.5720317730839,-0.0,-78.24407256832022,78.28356991084084,-2067.0058811758718,-0.0,-0.0,-1082.880180504853,-0.0,-82.2635090321065,-0.0,-48.40484252537071,-145.57176750675316,-0.0,-366.4605091843195,5025.564176018008,-0.0,-0.0,-2451.771094060883,-644.9066651199229,-214.53548043979282,-0.0,-0.0,-0.0,-533.6886002456866,-1928.8749371965575,-0.0,-0.0,-0.0,-1897.82053389947,-0.0,-0.0,-0.0,-1393.5119689552905,-728.9152390482551,-276.552410534188,-393.82633694788547,24.383122616234928,-626.960668042167,-358.31923559686675,-179.62415980829493,-2206.077878976426,-0.0,-0.0,-1124.901822078437,-754.4814236714545,-2364.6412101787237,-0.0,-0.0,-2163.29030258422,-635.2016922365958,-1215.6209431822463,-350.58587550008684,-606.1496838910289,-1839.1864253484887,-733.8110895809452,-72.52290938623035,-811.8728505846293,-1997.4578250074885,-1434.500571519391,-1184.9375551385483,-0.0,-517.6833943572428,-0.0,-1663.704453874317,-352.8803894308533,-184.48692670572763,-659.1495855777625,-672.0841463848129,-11.011982529096699,-0.0,-1006.3504637519363,-534.04267258213,-41.661817736925656,1346.833435631198,-70.89033794679973,-0.0,-663.9117767992786,-468.47118561204223,-0.0,-694.5370352303594,-1474.947426322213,-0.0,-0.0,-0.0,-0.0,-408.95573367265155,-823.712215206561,-324.49206044981105,-454.9197815268715,-329.1477353113845,-1506.5612449164464,-684.9224595670935,-1174.528402552522,-2426.908994612341,-1642.865053958913,-0.0,921.3765406491174,880.4003464477362,547.9516623013391,740.2157996356367,383.5255464983496,-0.0,-0.0,-0.0,-0.0,-0.0,-0.0,-0.0,-0.0,-51.960138657187585,-794.4796818631633,-463.11814250912965,-251.97316208891266,-1007.4237663232661,-95.64285611170897,-327.91975610771675,-1073.571964934163,-249.38307430679302,-1796.9041956469525,-763.587302845385,-71.102891626115,-359.79601184721406,-24.582731060112106,-0.0,-495.21863761317684,-148.44936853585938,-219.20049989617928,-712.9489750477999,-272.84581646526726,-1497.0044982739473,-290.0271269533235,-0.0,-0.0,-1863.170732444426,-480.1139300677519,-319.580077618551,-462.6618082467685,-917.8033879982079,-380.2814485083426,-358.8988633239536,-0.0,-635.392990935498,-724.3333454386699,-645.9639016704093,293.4872803680241,-1288.028229213747,-1852.4553332567502,-177.38467905487568,-681.4492438355376,-692.4491871674967,-11.75161926957096,-0.0,511.5567695532478,-764.2530015879053,-32.001203455732366,-1799.8369656232805,-0.0,-0.0,-1056.0425976448328,-424.8382716851592,-0.0,-497.69572081460166,-615.745814531106,-752.2034694415045,-0.0,-651.9385151341239,-473.04823271345043,-2004.2174725466307,-3964.765463346768,-368.4170642652054,-0.0,-83.32713548631924,-386.7005058996994,-1503.629563826345,-209.12570687482858,-527.5602833611279,-695.4378504241422,-650.9550835316543,-310.1300667008894,-0.0,-0.0,-1495.3845853453445,-109.94468761948903,-402.48867527488494,-675.9476483908625,-1131.545969271238,-2356.835996109086,-0.0,-503.1143559572113,-0.0,-0.0,-0.0,-0.0,-0.0,-27.107432389256516,-151.9873990011564,-330.5800975020962,-0.0,-0.0,-0.0,-0.0,-0.0,-0.0,-912.1423511678234,-1881.0874252472402,-356.5489523950985,-503.36451142163054,-35.471176473904485,-0.0,-0.0,-360.89492662296436,-0.0,-0.0,-117.18156085846883,-2688.9428239578037,-0.0,-0.0,-1440.091655702025,-533.8693447308635,-946.7521751847923,-991.1185161493577,-587.5749395484692,-0.0,-0.0,-1083.71809122648,-1766.120206803704,-821.3514524455312,-0.0,-1002.9144722239158,-0.0,-349.40523088728645,-703.2064449572263,-0.0,-648.536967977049,-1743.258960435567,-0.0,-1616.7642620543388,-164.34951795727605,-498.94860886290354,-1223.2460315628925,-175.9015077949508,-1136.4658803844413,-0.0,-1008.0106496735316,-24.920061565062216,-1806.066871668862,-1755.1220694402368,-0.0,-0.0,-0.0,-0.0,-656.3624604833323,-694.1042336956824,-0.0,24.518741574316614,-342.5643275015802,-715.2987875999465,-2006.5286804094062,-2141.672282062874,-353.824028176256,-0.0,-1189.0228141589416,-694.586863937784,-1771.208437945123,131.68918681329535,-0.0,-3382.6784798276212,-594.8609136633852,-0.0,-431.7997940882128,-1424.262764366004,-0.0,-0.0,-492.38872960289336,-1195.3530093101683,-0.0,-919.61525650978,-1190.4260535970777,-37.75270488426801,-76.43085309493186,-487.97727473895196,-0.0,-1344.540687343358,-2375.691401697029,-1118.1517202969717,-149.40740866663333,-1918.924228098441,113.26735666294813,-863.0153211456619,-499.56573241870836,125.85380150877477,-797.0738276492841,-1349.0796969562725,-763.2567314477823,-1391.2627317888193,-413.91329895559545,-545.7674916270265,-648.686356549154,-1526.4566948594886,-0.0,-0.0,-1694.633546649555,-304.26775778623295,-0.0,-1368.6691350619483,-1075.4714501307758,-0.0,-2663.1290304682298,-509.69391122729263,-0.0,-652.668254911282,-0.0,-0.0,-1042.7184202660007,-1098.984045085866,-0.0,-0.0,-0.0,-794.1639556917452,-4.15690775285517,18.16594039518936,-229.07684723494847,-0.0,-1926.9671978651459,-1521.2781918978644,-517.2679452083551,-1914.2307785341911,-0.0,-51.928418215555276,-815.2689298543692,-0.0,-392.54625673490574,78.54998126026818,-1357.2875339042982,-893.672827871322,-652.2461578377956,-1149.1535455995593,-0.0,-0.0,-0.0,-707.7368984161003,-0.0,-376.24642878397265,-865.3937844780991,-194.5289721137886,-1067.5051450792912,-1783.1552390206737,-469.3616025307313,-1740.2025148588084,-0.0,-1036.5265365174662,-635.3502419066673,-494.4859390435891,-1063.1885887065198,-296.358123351342,-480.9734040934484,-1212.5287248045433,-0.0,-0.0,242.58968075433143,-2581.586415087787,-921.2956736581309,-257.82455365274575,-0.0,-291.23383121678563,-458.90942717651984,-652.8056188357223,-0.0,-0.0,-779.4889319548708,-0.0,-20.66582257668569,113.84909826391436,-120.88158187485752,-1941.4176331005576,472.604148601117,492.4290194068259,413.78925831279906,550.0954767900654,43.958067093725354,-0.0,-581.7015854835765,-698.4838758716803,-334.32551240876353,-9.152547104091239,-0.0,-0.0,-0.0,-175.36462713731396,-11.318671579970514,-983.1640271400927,471.96502801549576,2231.5425094442444,-0.0,-0.0,-0.0,64.40518055941672,76.49501801203618,-0.0,-2834.105570951087,-0.0,-0.0,-0.0,-0.0,-0.0,-2063.432794800159,-258.37513616989054,-0.0,-395.888126785013,-1851.4883137687489,-154.89442652288605,-301.6115256394664,28.523610132979716,-1745.9917269162981,-3475.5338067351945,-1540.6655803617991,-0.0,-0.0,-1511.5193023451586,-936.7955818650477,-666.5899432982397,-442.6476064956717,-312.6757452671944,-899.4660946885946,-928.0016927731652,-4541.050078563555,-554.6382648685965,142.64143517166218,-715.5960927203437,-849.505184173,-597.2431657661303,-589.0386338570579,-7.075529307881868,-1755.3533543572246,-753.2863635263694,-503.26373844326685,-0.0,-0.0,-0.0,-0.0,-231.3926723387403,-1119.4448803722485,-0.0,-1214.588004065726,-1288.193197600368,-0.0,-0.0,-1341.5714512836469,-0.0,-0.0,-219.68659582870671,52.73303408534056,-0.0,-0.0,-2720.6088548165394,-1062.2147888985419,-103.53842449196665,-916.7292028634148,-1121.349404794677,-0.0,-292.9541512212417,-451.4102718584633,-0.0,-1412.0833126586567,-334.4631686358012,-943.4500617417017,170.62181556279208,-784.0119407567198,-208.75737747693822,-216.83544135062021,-50.48018807041545,-35.057809384653915,-582.7697799611792,-746.2922316567573,-409.2661010737292,-758.5384014903883,-0.0,-51.37103391490683,-675.115132411138,-161.60017498385244,3.8963699310077238,-0.0,-1079.8538683804697,21.974782756927954,-1021.4642296487173,-0.0,-0.0,-0.0,-1816.7068106252727,-0.0,-0.0,-79.99934645667034,-0.0,-0.0,-0.0,-0.0,-0.0,-0.0,-606.9322569382421,-1277.3562738224828,-0.0,-0.0,-0.0,-0.0,-888.9688295392675,-474.8201243365215,-0.0,-0.0,-1726.515971867544,-0.0,-1255.7248664459526,-2521.629654592114,-0.0,-0.0,-0.0,-492.0951012252255,-0.0,-0.0,-0.0,-945.1092423311003,-645.1959242753745,-622.3919869196146,-0.0,-0.0,-222.2025101739693,-0.0,-3657.4164838844104,-5260.467081961466,-0.0,13.9566978795304,-0.0,-527.0275351429702,-705.57170712202,-1755.7693608048155,-0.0,-0.0,-99.56758258374634,-665.0648633393793,-1290.779409771851,-627.3469714382749,-373.9347783885915,-0.0,-0.0,-997.9397550070319,-1025.740110669859,-43.20394476616695,-0.0,-0.0,-645.4010739674695,-343.3733992374658,-78.11590863889616,-0.0,-0.0,-0.0,-1962.884380604492,-361.5658637132023,-1220.4836575221243,-3943.81229735615,-0.0,-810.0184197022737,-1051.5680931338936,-2174.727097639693,-273.87754221023334,-0.0,-0.0,222.03529005900035,-1112.4463923486885,-1547.7585811981075,-461.8025166038798,-120.83806890476882,-24.405468005431523,-1733.9249792324629,-431.8584461481601,-1530.3335872098512,-637.8436450310817,-2179.093723027709,3.5029174817173643,-882.9535978510384,-717.880687717103,-1862.6436263857763,-0.0,-0.0,-730.0430826469276,-1629.581470823962,-1703.1390001386605,-941.5150144970287,-0.0,491.7321199791985,-59.072778097288285,-437.8895467938666,-0.0,-20.951731412539264,-0.0,-2615.1856883062014,-55.02242320219356,-0.0,-0.0,-721.4852853861181,-1015.3179610585911,-793.7170074362086,-279.2324709193001,-608.9192684369988,10.776847661533765,205.40946436721114,-752.0587324023062,-24.564991791800146,-1424.8647369899184,-0.0,-1507.4535916397301,-104.25598286931064,-608.0374904199032,-336.41007894417515,-21.202805983408197,-40.67091311594067,-20.55926443552126,-1224.9084407250857,-886.6863525389712,-1312.569329946645,-222.75180020483356,-1267.4886499195445,4.14705166620513,-0.0,-692.325786854264,-2741.6258268517254,-0.0,-0.0,-24.101774850735232,-1864.236814421094,-195.82438765383102,-602.5921091374245,-351.15478858204995,154.71397893390738,-0.0,-0.0,-1132.1849360129254,-0.0,-0.0,-1834.8946236283316,-1564.0929139242212,-848.6119023881843,-755.5143895118525,-526.5606614659658,-894.2444456855263,-718.1512121310237,-1117.7986262319948,-2344.6931019876915,-0.0,-0.0,-0.0,-0.0,-273.60617376811246,-0.0,-1832.306573650727,-572.8739588075887,-754.3373028623016,-917.0109073241274,-478.7507474567398,-0.0,-1533.777971213852,-550.410962359457,-0.0,-2394.8160445745257,-1327.296228641245,-0.0,-0.0,-2649.1273881227758,-1876.5913023005342,-371.1990604701181,-748.5346424950892,-0.0,-432.2364396483881,-332.36387642638454,-0.0,-581.8196784453642,-488.7487143026411,-503.6449941804505,-0.0,-0.0,-0.0,-0.0,-396.67507603331535,-1187.007216865601,-5550.4417051469145,-0.0,-0.0,-680.2069560574307,-721.0325133956168,-1855.4952745375613,-586.1452290206955,7.008642770343009,-496.70178110581713,-0.0,-674.0329595438677,-526.6754982775971,-0.0,-439.2181441993184,-1069.1176304834198,-0.0,-0.0,-0.0,-0.0,-0.0,38.044948919919854,-2004.7116239959698,-0.0,-1166.8360187026335,-836.555784660819,-4.0660871403224075,-1874.6092848806334,-787.3898656790348,-968.118211971848,-1210.9795268903142,-73.80235073302222,-112.91981574273964,-1144.1567148413355,-792.5429902104914,-608.7607113689144,-0.0,-1466.760839920842,-1140.99958142919,203.46081949851097,-0.0,-554.0596676688021,-738.2525504071656,-876.2668862877516,-72.13393465339763,-0.0,-246.86625605931792,-0.0,-0.0,-2219.034679093046,-2120.713519428587,-1805.6848173940068,-1501.936761515799,-0.0,-990.7286033890882,-1808.489055836375,-0.0,-4922.071143303348,-0.0,-0.0,-0.0,-0.0,-881.1424376280308,-2170.2016476177037,-2207.1956676413506,-88.77425568519824,-1939.0172086290725,-0.0,-919.4125090701909,-31.49361559304045,-0.0,-62.45712474951184,-522.5454652371476,531.6948009685633,-0.0,-400.4455518990969,-41.97201801774308,-0.0,-1297.5591938252321,-0.0,-1809.7002090943542,-143.10099537218585,-0.0,-0.0,-1010.9416636552158,-1677.7926293247835,-987.1704893969841,-1063.2969962722184,-1288.1472265661719,1417.6590092490744,-45.83933624374578,-794.9716227465032,-31.89684181150618,-1952.300303713881,-836.3613577239113,-782.1525214564981,-412.76688598511885,-1522.3142852520798,-1576.6383192649193,-385.30526328395194,-2314.775130474001,-330.79397263552767,-0.0,-0.0,-49.68302104794216,-0.0,-0.0,-0.0,-0.0,-0.0,-0.0,-1388.4288609544742,-580.5928425135298,-1223.9693161662863,-820.5480407250992,-0.0,-631.1819416330927,-1253.5463551625805,-1107.2287081275713,-1862.8627177347955,-1164.732256083254,-78.7115710476042,-165.19152563479628,-987.4119828729946,-1389.3128121221039,-0.0,-0.0,-0.0,-66.24946196393476,-817.5015993782056,-159.8494967416609,-493.9060887383945,-983.2745009163805,-0.0,-0.0,-0.0,-3708.5096196874324,-0.0,-123.62077022468809,-0.0,-208.41014883639542,-1204.3042717570088,-1111.5235169779278,-762.0390942770467,-0.0,-39.289418786540054,-572.0928257668877,-619.4645992575655,-507.97983645243653,-0.0,-1006.559313047997,-0.0,-0.0,-2937.1570765808365,-0.0,-1235.3399849727116,-567.7378422377943,-389.01445122412906,-254.9222323227407,-1279.3354378255167,-2789.816159493943,47.897744462462505,-1855.5749555820996,-1681.0521503380735,-482.6511965470558,7.880901773107806,-0.0,1367.7971673034344,1060.2710595117276,1171.64357282129,-0.0,-0.0,-0.0,-861.9847948288867,-0.0,-278.794302171416,-205.80182588364184,-0.0,-3713.6509911770668,-0.0,-1250.5794870585291,-82.67589355677782,-1012.9806518313361,-476.1926774423604,-1389.9219241156156,-1118.3050216337053,-0.0,430.3029759167711,-2470.185824179663,-1513.5448058488323,-480.4909609431892,-1271.6603224559906,-1816.7479375693827,-0.0,-0.0,-243.12416736495368,-670.4828232061385,-1884.1161572738702,-783.1147856883154,-35.957526211524275,-0.0,-0.0,-650.0410765673402,-0.0,-0.0,-0.0,-193.47697782511258,-1363.8499362503057,1424.7113597829637,-1305.2970240718735,519.0844715967486,-732.2416414368911,-912.9582991491476,-12.322653164972497,-4846.940140328978,-325.79086863411374,-0.0,-62.27529478920182,-2081.220305346317,-1529.9159146457537,-0.0,-29.05949516137262,-0.0,-555.3863526193362,-25.563212803854203,-1879.7906620314257,-1354.1468010219612,-0.0,-320.5428386688123,-0.0,-0.0,-0.0,-689.6636066015114,-992.5196951732602,-382.1095275566285,-1149.2824403412374,-1733.3069273265169,-914.8119040544652,-407.61928637461637,-407.3974459012215,-119.39574419957633,-1665.1478169193306,-597.6536098666397,-870.8105944173636,-1295.8238505028123,-1521.0000942344107,-1219.3205157727673,-306.1582169846921,-1420.7768658645593,-0.0,-0.0,-0.0,-2337.2802133244127,-0.0,-446.1644496899828,-1162.9109960769933,-10.349412614037211,-822.4197877176333,-554.5502183649955,-897.4192792759223,-688.0746098695893,-198.61897086469295,-1907.2679680101542,-4384.584771314431,-269.8787021122951,-32.7541964288765,-0.0,-106.2877514287284,-6805.605482463862,-1923.008427282616,-597.6398357623774,-2116.215586151597,-200.1725738719592,-0.0,-22.160628997035133,-660.7006779371604,-121.93160601554419,-1165.5521210249951,-994.8651385984663,-180.15529554130273,-0.0,-664.6530158325551,-2000.6875390647751,-1851.9219869546307,-1566.6815380639835,-0.0,-1465.371489481469,-0.0,-45.31843911271172,-994.943731600924,536.3077091093477,-0.0,-0.0,-269.0050667141385,-984.7379161502224,-701.1543041990664,-1192.001117982817,147.04393461977412,-1304.7450974223275,-115.53268548861556,-334.5477680543643,-1993.8806136982407,-1848.1328797121914,-357.310760791847,-0.0,-0.0,-0.0,-0.0,-0.0,-1654.9983635518554,-0.0,-604.1106921990755,-764.3494035205448,-2335.097353662128,-0.0,3.2705519970434054,468.59719819319025,2004.0931349428647,-574.2374534976578,-1246.6120187110755,-0.0,-1478.4786390804634,-3632.7953747761317,-718.0883485918827,-5044.57506641241,-1218.315583364143,-0.0,-761.8834677738514,-2324.949880633362,-185.4896171974027,-0.0,1062.1652483289358,1289.6473752578006,1174.1621209940117,-0.0,-0.0,-0.0,-0.0,-86.65835165114164,-2469.553188850714,-81.79767170398132,-0.0,-1886.5759637806748,-1095.8732800106384,-470.53852880637953,3.8751753412135574,-0.0,-212.03275027006413,-836.7598915155195,-0.0,-0.0,-44.70393793462382,174.01221631822008,-1984.581773271545,-0.0,-823.6103062574473,8.1073287974023,-81.88765751745456,-0.0,289.3557812946944,-95.32587037004306,-530.1304080496209,-1881.1943855777515,-0.0,-61.33977077579727,-1064.5794866930244,-940.6924441526861,-38.23860707733123,40.005856527900846,-0.0,-1233.1654293125973,-757.0286289020894,-6.924455268245957,-0.0,-0.0,67.20708639521646,-235.6266595151491,-172.33342910294726,-75.12412937889775,-10.90889229787406,-150.7244785330274,-648.3401159898373,-920.5937194105284,-514.8669422386104,-0.0,-1982.0488261513196,-826.573186285549,-0.0,-0.0,-1067.939598919546,-2116.868722811549,-556.3085069947886,-7.39633450118396,-2641.0823120277955,-112.21771794930672,-74.9413616481209,-1063.3856627743519,-0.0,-359.66041802128916,-1336.129068451378,-4.0560978240358825,-0.0,-3191.4939152837737,-135.77641502439502,-1430.3613201186593,-996.3252778502164,-1229.4056512450845,-2437.058648502744,-78.93624522606369,-752.8055462891606,-1718.6848294003637,-1256.9916962938808,-1040.217454727451,-207.72157655617804,-1699.3637407818273,-0.0,-2904.0915413814196,-0.0,-5998.683225920118,-220.46637306157487,-82.27169767933599,-1408.0132197648916,-0.0,-0.0,-0.0,320.6890481373391,42.81540254342974,-794.1586287152483,-1322.2171894898422,-448.4282670547845,-1164.565096900146,-0.0,-0.0,-1291.223702728104,-330.79870899449065,-464.5688568961704,-152.40199062180656,-0.0,-1550.4097774844822,-301.52167814267017,-1857.3788374140017,-0.0,-32.79058419707218,-0.0,-1662.738390741125,-713.9198932128628,-1371.2086542440875,-0.0,-0.0,-1641.4503185060953,-520.0369687966873,-720.7824256467336,-1443.9381048331975,-423.38825848430673,-1162.1685854575271,-0.0,258.4592449285562,-1071.7286730407716,-3755.161595653387,266.91724190766774,-1388.4798091533885,-7217.182294801965,-638.6654157245424,-633.8395408779464,-213.31146068966834,-209.72305335335244,-984.939352095004,189.43893332187983,-207.26723664856843,345.11922812079,-1015.511332751352,-516.7879146326912,-0.0,-1223.6879644352032,-1605.1100496127194,-826.4354509700777,-358.6410768883059,-0.0,-0.0,-31.312994706500007,-975.0036504594044,75.6382621276426,-2114.268578775442,-0.0,-0.0,-478.3489522791316,-621.5636380629616,-1070.4022802459547,192.2577725747762,-2397.656172141289,-1420.8400902909789,-1202.9673684197912,-225.87116875703302,-0.0,-339.3842715662828,-0.0,-657.2625378320646,-22.539131004490372,-1464.9503378679567,-444.3386741167234,-927.1460390289805,-376.66887908255916,-333.75244192035325,-0.0,-1142.5240284322026,-656.5856834878688,-1166.78592365936,-0.0,-2934.2675811734225,-1264.0152111867028,-1335.2771906596695,-900.2480363253206,-1040.415126280967,3.5879617536149957,-2003.4397598156886,-662.9827200390079,-1130.9913524178712,-1804.8081203492998,-296.4054082029273,263.91779970440814,-946.0387179697854,-0.0,-0.0,-20.261161625071292,-52.02651121773835,-17.186035919849886,-226.556351889387,-0.0,-0.0,-0.0,-0.0,-0.0,-0.0,-0.0,-0.0,-0.0,-0.0,-1179.0716905659808,-2353.059855324477,-2056.587015269814,-0.0,-0.0,1429.7901542662414,-487.4956696146029,-0.0,-395.2726114034634,-430.1215408503431,-898.8455857250019,-891.7648887992533,-1140.0932898471408,-0.0,-714.5324147523332,-371.0047969389958,150.30093206850276,-0.0,869.3133338131162,-0.0,217.5445210910952,-0.0,-308.81122445851577,-0.0,-408.0670146104827,-1010.2448020808594,-1682.9145976824955,254.86816660342683,-0.0,-0.0,-0.0,-0.0,-0.0,-382.9286397780556,-76.52575827092691,-0.0,-0.0,-0.0,-475.75599910771757,-0.0,-36.22229802974693,-597.6494597816941,-3411.1725719276037,-0.0,-1263.7466842922356,-0.0,-566.4659615563289,-0.0,-0.0,39.97866932074313,-0.0,-141.10121114133048,-0.0,-0.0,-0.0,-1003.0919349893665,-1612.7057586326612,-0.0,196.6616294415816,-2063.4682977681123,-0.0,-71.84705253268238,-261.47220829688496,-0.0,-0.0,-1491.9879209382598,-0.0,-808.9505554510694,-1162.7377188608075,44.290778080551185,-2878.7305420679413,-1497.0790460693568,259.6596194721922,-741.850731450788,-0.0,-959.3155774865614,-0.0,-0.0,-0.0,-3573.70165565927,-866.1353719412488,-1418.0245543940564,-0.0,-371.2559191997271,-4.1046407741717665,-1220.995280719449,-1881.2457557323949,71.84215430380917,-2858.836029724016,-0.0,-1495.250100607107,-2182.568066617067,-0.0,-0.0,-0.0,-0.0,-2241.6156535436644,-163.42236323402489,-1469.8940303731256,-0.0,629.4866338911106,1048.6987041321179,-0.0,-0.0,-735.586544219928,-919.3552428530338,-316.79935346800755,-18.244104599777085,58.608204133386806,-0.0,-1237.679450043048,-0.0,-248.46537567004788,-1130.437570159658,1270.0048127858822,-0.0,-0.0,-0.0,839.5841148217289,930.0888227118223,-757.2201190523767,-0.0,-1305.4473959006275,-0.0,-984.459274731793,-574.1023210380732,-0.0,-0.0,-0.0,-0.0,-0.0,-51.64650848006016,-0.0,-0.0,-0.0,-1050.624469749258,-269.827397269609,-0.0,-0.0,-0.0,-159.09955869764522,-74.07324300116544,-582.4992144826089,-659.5667219236415,-2695.088879099792,-1244.9990685122639,-1024.7236120415257,-0.0,-2801.2987492519887,-34.861730577728125,-0.0,-939.3657368321991,-2170.850602326542,-726.4965064625139,-424.810646544045,-1020.0072936696192,-254.17017234510587,-608.7516748120329,-677.3518935949122,-1006.9853582411307,-252.95504926956735,-1576.9320459500682,14.180246456001173,-362.842162188572,-0.0,-0.0,-727.4299088163046,-3505.3119599610436,-0.0,-1016.4897142759454,-470.64039253290525,-0.0,-350.8237204582976,-627.7429025457536,-636.5253159218296,-230.58179494687977,-0.0,-0.0,-0.0,-0.0,-0.0,-39.62435440480753,-0.0,-581.4928062126342,-0.0,-0.0,-694.4095181099983,-1019.3910856628803,-2486.5197831004266,-410.6881656245689,-655.4650302222803,-97.2668427938083,-1780.3496950662,-0.0,-902.9161872329141,-516.9722521074599,-450.39285316618634,-1243.717808302172,-862.7241402946219,-1631.0859614561202,15.783228017796167,-435.5132202157607,-0.0,-1032.5885947229158,-1028.2049642660475,-146.11125478498914,3.5134281480286282,-2232.5160258686833,-1229.0469898556764,-683.6159998264861,-0.0,-563.9701447816968,-660.9106624233347,-494.67540838803444,-2305.267536038365,-3.434295283658163,-0.0,27.047273794255197,-0.0,-0.0,-243.47088541103057,-3616.6138162418197,-181.37673906633952,-1354.169462433475,-3548.786311774701,-0.0,-4253.7239339885355,-228.26244896302924,-1839.0498188675765,338.6590720802893,-0.0,1459.2797391498987,-834.1436154055294,-0.0,-1828.2220002756364,-0.0,-63.13426966742653,-38.3816367027313,-0.0,-0.0,-0.0,41.59113092807328,-0.0,-0.0,-0.0,-587.1443886008865,-1317.4385252732363,-631.684168667519,-0.0,-3235.4027834387803,-0.0,-0.0,-0.0,-208.66024099959515,-374.6541206942802,-0.0,-1814.5177625675815,-0.0,-0.0,-3187.183718906415,-0.0,-20.61946984475387,7.004551253094619,-452.25227515626995,-18.50059520246799,-0.0,-0.0,-202.6145228003315,-0.0,-0.0,-1231.072579161517,-1015.725018376163,-1477.272643294471,-0.0,-246.8976188197506,154.8191953646963,-338.7468962378702,-13756.665772603434,-0.0,-547.9062679026172,-1204.7716864522456,-533.8915021879003,-0.0,-31.117131233604777,-14.954744112631515,-249.3606067630804,-973.9727008640579,-0.0,-0.0,-0.0,-444.6340231938323,-2570.3681272754434,-1225.8823817690159,-0.0,-0.0,-0.0,-327.2258057605009,84.12147234969238,-7.4262074201753245,-1276.5924306974107,-0.0,-0.0,-935.8761227088482,-0.0,-0.0,-0.0,-2529.8363468369707,-930.1352853528127,-0.0,-1021.8120479914542,-569.4931452448656,-232.7489827103721,-657.8792776902908,-1022.6131585557151,90.91079997213026,-1246.892856701235,-1097.111918857275,22.857791292179588,-1783.378555858057,-0.0,-0.0,-0.0,-0.0,-443.9305252890075,-0.0,-0.0,-526.0597260789073,-974.1724461647548,-674.6005255541359,-0.0,1458.5012874930567,1378.4391139152478,1364.5832969975386,-0.0,-0.0,-0.0,-779.1829309114539,-39.28150890439308,-696.1903837417896,-73.02644795759173,-638.2261069046023,-1528.0784951953578,-1146.524290561208,-1869.0374996396993,-0.0,-0.0,-0.0,-0.0,-502.14322886952317,-779.2198872678,-1617.1430834087823,-394.4843291452796,-1267.709267162081,-1818.1786971165377,-1982.524558228197,-0.0,433.5494394253837,-379.9029794527703,-348.4894060301741,-108.70728011616944,-4280.993239122007,-58.88337266644179,-0.0,-823.3924111760549,-1427.0275763588759,-0.0,-65.00617756715351,125.80635201227912,-87.01712118734473,-460.8989979034859,-2142.688650660713,-150.08753249338554,-1521.9069685003897,-0.0,-1722.5812815530564,-1672.5517347283132,-1375.1249725139069,-0.0,-1695.4090344837855,-297.32479715512545,-620.287922094867,-890.8167135929376,107.60666976959672,-1786.6728513864211,-1154.3338480059404,-0.0,-89.80340793553738,-0.0,-0.0,-0.0,-954.5714219360419,-583.6051539224941,-0.0,-0.0,-0.0,-3424.662565072109,-1787.4234206523456,-0.0,-0.0,-4.154101323706721,-1612.2696175535757,-875.953442325847,-0.0,-708.0532148640176,-1286.7951692802944,-535.8889291034069,-21.602127770743916,-827.7130173575407,-8.14472759569327,-1471.2134804912153,-1571.4723652690118,-0.0,-0.0,-40.466829513026276,-0.0,-0.0,-1212.7948424519755,-90.69932663875758,-421.7306436679162,-0.0,-0.0,-0.0,-694.7867608394247,-307.87796651435013,-107.39739247132532,-434.27402302860565,-213.7820028772931,-1876.10398411875,-295.266881468296,-541.8528733955591,-1230.8191812230202,-0.0,-379.95989226102466,-0.0,-1629.201267993987,-1398.0745244651152,-1645.0391436846778,-410.30564242101565,-272.8151946511883,77.10394136645537,-897.9123558759529,22.97852464764061,-0.0,-445.8822567653755,-0.0,-0.0,-470.2381755820243,-114.72884894175631,-2661.8396077076695,-2700.0650251834704,-480.23086681866585,-0.0,-0.0,-976.6504963037941,308.17169417444,-0.0,-0.0,-0.0,-1055.6087045787488,-42.6396317459959,-454.08013079167887,-3557.2766131464396,-1380.541711243083,-1074.365657159826,-425.3498134101061,-167.4534637327164,-1190.308690215841,-667.6341257443927,-464.68929540314014,-0.0,-628.0947601978613,-741.7377010495007,-1592.9805301949739,-0.0,4.045887942553689,-12.080928231852386,-0.0,-0.0,-1712.8903166480916,-0.0,-3363.9850149972312,-1107.6730012244664,2342.4434057474027,2705.5691789054626,-0.0,-0.0,-749.9505303877161,-1016.9926077593192,-560.3342151571645,-334.9631036300557,-2944.837287475002,-544.9956557927766,-0.0,-0.0,-0.0,-1171.289118282744,-625.2929421630383,-153.37740874680458,-2441.9688615875984,-971.5447197868276,-25.40080379789911,-399.37416600322445,-1002.0315941116484,-313.319896739625,-502.0587967106868,-0.0,-60.05212980121081,46.19490488216207,-931.7923377684797,-156.69793015547245,-0.0,63.686513960387686,130.13682150958448,-203.64077122094096,-1304.178225577981,-2187.6890984523516,-58.177349257766984,-867.7740086602236,-1315.4916687654318,-0.0,-0.0,-643.8375105437527,-0.0,-0.0,-0.0,-0.0,-600.0175669476122,-21.65868933186954,-1169.2319531506507,-1112.020605700877,-2408.5226422028068,-1094.5540922352068,-0.0,-559.4240030920006,-0.0,-1505.6533705130778,-1558.8410958266354,-1269.9832881742007,-946.6320885217623,-0.0,-2028.682012614209,-0.0,-0.0,-0.0,-3367.8607920539835,-1155.7443906548376,-247.29445466385386,-821.6628267781954,-836.2114749300096,-991.6355809846547,-0.0,-0.0,-0.0,-37.388739695404055,-5694.9356817447115,-661.1979763434595,-1743.6440006323646,-3906.3340180764003,-2136.2558204461293,-403.25369566699305,-0.0,-1837.0827336076588,-701.4392419374697,-0.0,-312.97565834628864,-353.881616001247,-36.066692809853315,-931.0068561227174,-286.2851859549934,1380.3112394090242,-446.61980828599064,-0.0,-0.0,-933.8136835806008,-778.2471366509852,-2132.4373307083297,-289.65081655893033,-0.0,-0.0,-616.6575475644869,-0.0,-0.0,-0.0,-0.0,-1283.7135669479117,-587.5007235549826,-1171.6626476360382,-494.12653287552155,-3.680973186913838,-728.6858497529655,-0.0,-0.0,-0.0,-0.0,-2693.848557570117,-0.0,-0.0,-0.0,-0.0,-0.0,-0.0,-754.7588529901335,-0.0,-2609.68802980697,-463.04994627387543,-189.94022933586155,-1209.1053679626161,-0.0,-0.0,-1273.3456335831238,-1362.65297566985,-4.09352406861479,-410.3588090455181,-51.70115748481971,-1658.1168709746155,-914.5686480259593,-0.0,-3652.9068255309644,-1222.2534614358344,-0.0,-0.0,-15.938504577236143,-392.4048427493746,-1156.137614994106,-0.0,-0.0,-20.79880909118634,-1547.1782306496898,-561.5120398690467,-333.24649982024374,-80.99015643377585,-1807.124191898737,-0.0,-0.0,-0.0,-0.0,-0.0,-489.0332732615833,-474.44595275765295,-567.3665549667323,-3997.8911620449608,-1587.3258533817643,-1166.3074704857543,-102.4332683861699,-928.088143088385,-1145.414572572116,7.036341457618847,-0.0,-0.0,-0.0,-607.3855037723739,-390.72944768290415,-1604.0909243896242,-560.1698422190702,-0.0,-1646.2892809119928,-0.0,-600.7611729023408,-0.0,-0.0,-1858.4641140542292,-582.1226097693677,-532.5002057400554,-1346.1227200930534,-129.21902001042668,-12.16351193893665,-728.480956337406,-1373.0141590377386,-0.0,-422.05854111512264,-1099.3131475130722,-3977.080593415807,-0.0,-267.8537177424697,-2149.3307432005317,-1448.7786735992602,-1189.0530356842567,-510.9493141563247,-1187.071990469158,-0.0,-334.2967628626495,-0.0,-242.04720656370156,591.9789092364073,-0.0,-0.0,863.3102698688964,-0.0,-2102.6174346001117,-720.4659577203633,-892.550665345663,-1130.6770001690952,-1390.2874030673602,-360.75889305297216,-139.48260763888229,-0.0,-0.0,-854.3777210826937,-947.1927473712765,-744.819884294858,-0.0,293.941361455847,322.857281393651,-224.43387733755074,-2651.0554017982613,-1710.5707228646083,-0.0,-0.0,-1360.3650722657455,-3924.787403033986,-2579.796143867824,-492.84837567048123,-928.0628980297477,-1067.3185275443461,-0.0,-201.74235823074943,-0.0,-691.2044654177059,-212.91184605444911,-1788.0899623392397,-2513.380085306234,-292.9866548151894,-537.1400723573404,-4254.838658739255,-1173.170376577002,-537.6887032624945,-266.5749005435371,-1222.8411065471485,-662.4764587211815,-4.192673148615599,-1440.7094705706875,-1683.8907145836492,-0.0,-0.0,-558.3890419128132,-1213.5223410114622,-325.9824326393511,-4.1842123007705165,-0.0,-0.0,-0.0,-0.0,-0.0,-33.590417161834786,-668.0644405056291,644.2437630200471,-425.518234429995,-707.0771028232763,-528.3188976807477,-1056.2080473272956,-1478.7954662829836,-1122.7265513135876,-1733.9674268236477,-273.59989451429624,-538.310408269384,-1481.7666518965582,-610.4029731005545,-0.0,2295.4099393141523,-234.35845792715872,-67.76222529184341,-0.0,-832.0235816392094,-602.4880569981459,-1278.342970415049,-1851.8692408463633,-2092.32296261636,-0.0,-0.0,-0.0,-0.0,-964.1210120373136,-1595.6528806181873,-0.0,-805.5297317071397,-8.11068367405455,-0.0,-0.0,-0.0,-2421.317267016991,-738.5944272932735,-172.50794601620441,-42.67766640944166,-0.0,-0.0,-1068.0465680835393,-1297.6735793804821,-793.956504597297,496.0462552438411,26.815544698156447,-0.0,-19.01286313563967,-0.0,-1576.8535824062167,-516.715050739925,-1334.0244892819057,-1689.2671307382404,-1567.5667726852641,-39.08398114316663,-0.0,-0.0,-1556.126836844617,-355.6555045125073,-0.0,-0.0,-220.23766785563305,-0.0,-38.5431981936451,-0.0,-1230.014307484742,-704.2116701575651,-0.0,-76.93883004066896,657.5188988247767,-0.0,-180.8941271673319,-2222.880261028865,-0.0,-0.0,-661.0544918848107,14.766130986694794,-0.0,-0.0,-783.0219907934189,-1434.0988304323678,-0.0,-784.9054498324574,-0.0,-1245.1616380262271,1586.6863815424742,23.20037616606739,-1875.987133093739,-1515.94362789815,874.0016299550807,-0.0,-1971.4714883436022,-812.1476554740952,-964.8416586301224,-0.0,-652.033017532148,-116.38122702155069,736.6095934008879,-359.9096741805071,-1436.5357335435986,-0.0,-0.0,-0.0,-850.3213532318267,-582.9549347243174,-756.7211460063966,-1047.0986419660526,-976.3324290783845,-27.490828855622755,-1056.837715191114,-888.2196216682785,-1124.6382531332072,-0.0,-0.0,-511.2649771925043,693.8195991490255,-6354.261625681024,-0.0,-1211.0533960372786,-1914.1500483659015,-762.971825415046,-726.830946629626,-58.54499996882473,-2238.2954101603855,-325.07664729098275,-0.0,-978.4291646518857,-882.8798128838323,-614.5488103730673,-0.0,-1439.3481709042733,-1996.3518261410527,-24.25631361616312,-1070.4789414021777,-2239.7123553820907,435.4739194396848,-0.0,-434.8440534593728,-157.5107643986774,-1307.1841929711668,-876.0626992978716,94.123869450934,-122.03355532920803,-760.2440652328786,-476.4547760548921,-534.2928833621344,-630.760409067612,-485.8312664655283,-0.0,-1274.2499121087114,-0.0,-1153.6300280828568,-721.6392995553997,-162.88675045676345,-0.0,-1725.8223470252303,-4687.856154452218,-0.0,-412.45427999462254,-0.0,-2152.5740413302906,-243.21820551164367,-0.0,-400.4402829448842,-400.21020610846233,-0.0,-2284.687514377873,-1561.4630033019835,-0.0,-4148.7957673132205,-120.99566173991533,-1264.9806727211308,-1320.6800896913871,-1520.5445076452443,-95.35915727166254,-0.0,-878.8538774730404,-1981.5399186611571,-506.00335056511,-858.2701574730086,-1061.4974845801507,-1611.9672958308597,-2241.723857229164,-763.5043378506089,-1962.7222220071699,58.22902388855405,-0.0,-297.367418823042,-1320.7030456060343,-1161.7311548777523,-0.0,-0.0,-0.0,-412.0156597060393,-465.84616866852843,7.463647947104631,-548.2646122568842,-0.0,-1184.983270827115,-723.2088002057558,-566.3405716182259,-0.0,-0.0,-303.2854033410325,-1735.7778342413505,-847.902528113539,-261.73850522019535,-901.715461962471,-34.552675652512235,-0.0,-0.0,-2619.2643055026697,-1125.9435101097095,-0.0,-0.0,-0.0,-71.32277481466052,-885.6362897336966,-46.50624436041359,-1602.2047860711302,-1460.9303215031046,107.8012647940938,-0.0,-597.3027767765828,-0.0,666.9054945650217,-122.41449054490809,-0.0,-1548.5815863590947,-307.9122451304398,-1908.3009403220394,-0.0,-1561.389976517572,-614.6124102596016,-186.86110600853908,-11.620237434756095,-32.26591744556896,-0.0,-0.0,-726.0673079289857,-1202.4871805030855,-0.0,-570.7609753407484,-0.0,-350.2154852418592,-526.0097204901174,-0.0,124.89284161932875,651.826989101573,748.316019741241,807.1304462817147,794.3885872887948,733.6257029038222,-0.0,-0.0,-0.0,-0.0,-0.0,68.42727380804978,-0.0,-0.0,-596.9609268706894,-154.16349824928312,-433.2709126632658,-75.09647903420063,-0.0,-1050.392662450006,-1406.8420146282087,-1932.6573121501283,-227.38148961557062,-185.28976176506714,-0.0,-0.0,-575.1994337575074,-0.0,-0.0,-0.0,-0.0,-2543.880907958491,-0.0,-38.91252866903012,816.6389983926363,-0.0,-970.3177834164444,-571.9606859256559,1380.5085622629344,-918.0054058349457,-0.0,-2772.431253167044,-2130.5265158787192,-185.68448093383125,-748.5724020204382,-1146.107851197375,-505.02626412993067,1114.2353958362937,-78.72747876536386,-553.2630849702581,-0.0,-0.0,-446.2540066355339,-0.0,-815.9408044264086,-0.0,-424.39253433823444,-35.18391597143642,-0.0,-0.0,-1081.2632188196055,-0.0,-0.0,-525.9670442234728,-1108.5465219036043,-1915.495134663264,-0.0,-0.0,-0.0,-1706.0899484257998,-0.0,-972.2268502990643,18.82516414210073,-0.0,-0.0,-1077.9910255128375,-944.0988892206403,-1159.7982904171477,-383.7504638304806,-0.0,-1283.1705864686376,-265.9469442887408,-0.0,-0.0,3.859333748736404,-37.20074238949019,-4217.990865338178,-0.0,-114.36011260669054,-25.524098334736433,400.33788349976345,-72.5114386254009,-942.8034292428312,-863.2680650323044,-437.68645714480607,-0.0,-0.0,-1755.0462362704066,-0.0,-0.0,-0.0,-0.0,-0.0,-0.0,-0.0,-136.6063808908292,-0.0,-0.0,-1710.0780188217177,-6354.796376170919,-122.91832781101775,35.08677919231429,-355.8011962366304,-660.8196298503917,-108.68717160365793,-3944.689444975055,-221.20610665342699,-290.2574882325074,-0.0,-0.0,-0.0,-1600.653430307448,-0.0,-35.233230923115585,-0.0,-0.0,-0.0,-437.46681461651167,-11.084782724465368,-227.14902201971125,-1201.5160257908592,-601.8981329190468,-66.57551521924468,-2282.0070497526945,-0.0,-75.62443454387692,-2132.491287519555,-0.0,-1214.837115683594,-76.60240056631613,-1357.261955942103,-0.0,-0.0,-970.8790402033624,-621.7247641920078,-32.62704212813227,-871.0964960810076,-854.1078290870133,-670.5278585604461,-145.1392939049407,-716.8683925745222,-683.9906482232061,-2096.1062138499624,-888.544974083246,-0.0,-1435.5714009729516,-370.5428179763975,-603.620211461661,-0.0,-0.0,-1030.43877759093,-2202.8874872383194,-851.484245357672,-0.0,-0.0,-0.0,-3520.2743082265624,-809.2879280468692,-159.8550344621101,-321.7169920444507,-35.59009503506707,-3552.840045233163,-0.0,-0.0,-2207.496305102234,-807.6185085417665,-0.0,-0.0,-0.0,-73.8951635585837,-0.0,-1738.790274505817,-1668.963514704116,-0.0,-327.4980532680483,200.73135987218868,-0.0,-0.0,-0.0,-1024.0972432880837,21.79471335781618,-2327.701269483767,-608.9912029542064,-1122.4184953172694,-715.2514579862033,-3020.861886965181,-1586.7174590162442,211.09342087355404,-0.0,-2777.508933649127,-0.0,-0.0,-0.0,-1178.149630058313,-671.1762130029311,-1677.3143343489667,-0.0,-0.0,-779.2179771740924,-1406.24542248635,-603.7194395598186,-483.9152382584488,-0.0,-0.0,-1137.7939754231127,-0.0,-0.0,-0.0,-0.0,-0.0,-0.0,-515.0613993308626,-71.80466243048396,-1447.6297381211782,-0.0,-648.1690727288834,-1148.294279100008,-32.36065236302169,-0.0,-0.0,-0.0,-0.0,-0.0,-0.0,-0.0,-0.0,-0.0,-0.0,-1163.5194079940277,-1633.9583028363234,-0.0,300.1031816828241,-0.0,-610.627136290137,-90.97586784986105,-0.0,-812.4162685812207,-367.49374682203046,-91.51080004876434,-1792.8127844510059,-463.81985793616803,-2466.4568132532354,-160.23736686176295,-1990.0952059433976,-1559.2127832700933,-818.1845759767857,-3.9872596931700803,-0.0,-1082.9933990041834,-1923.0954832980765,-2126.662898761181,-79.86929593920935,-208.6678611989492,-1702.2389894080118,-0.0,-2061.0820673106778,-333.8956387159328,-0.0,-1642.6717416894246,-0.0,-842.8806468206654,-0.0,-2586.070990770047,-0.0,-0.0,-72.9472224977844,-989.1871571752123,-457.33462809055493,-0.0,-1256.6506808814686,71.02169219819064,297.3143535443306,332.92436165035036,-261.2027194285499,-1562.130360213247,-535.3620259933731,-0.0,-0.0,-5230.348226373322,-1043.7816022841912,-0.0,418.2841364289296,-0.0,-1859.4846430377966,-466.43215764587916,-604.1365451855523,-0.0,-0.0,563.9385505021188,-0.0,-886.2334834062509,-1144.993675690797,-1735.2753785036007,-0.0,-626.1784120460497,-2698.108134292736,-895.2933235461777,-0.0,-1265.2163918270858,-133.52887488791947,-1074.0719180199972,-0.0,-800.5522444971429,-0.0,-0.0,-0.0,-813.2795053443596,-0.0,515.5330490115471,-0.0,-338.9794474859321,-696.9911921128761,-431.18273453705564,-1028.7103460132723,-528.1288237611278,-1929.51372334016,-1148.7901838742396,-0.0,640.1890234439066,-2217.9767266729646,-1564.0425763450842,-630.205907816085,-0.0,-0.0,-0.0,-136.11624551241155,-1125.1484633414843,-274.2770684228736,-874.88567828654,-1882.7321081134673,-2385.163441986385,151.23136478276203,793.206151820312,677.6130565732043,-0.0,-0.0,112.50948240029396,-30.00340682993761,9920.841479565219,9236.83611224837,4846.269582071938,9215.413371762692,9858.841147845726,10149.166727873435,-0.0,-0.0,-0.0,-0.0,-0.0,-1289.0375390727324,-1142.0199679414013,-756.905809145322,-0.0,-2518.6157281210103,-596.767708185799,-1073.035372328985,-28.967199999015534,-804.0101587826342,-1164.6716595450378,-981.7524951260219,-1186.3549176409838,-0.0,-2434.4810771223943,-1667.3099349670463,-726.5362325737219,-113.43481053920506,-3197.147170420643,-0.0,-223.3325544913095,-0.0,-10.763717601797895,-0.0,-125.20222461102529,-275.96141869073807,-950.6565960304239,-793.165950127233,-0.0,-0.0,-0.0,-2197.263839901997,-0.0,-0.0,-248.64729335165802,-939.6745114165257,-856.4400196607962,-85.98799223672806,-1103.1529038709712,-1790.4560243100748,-316.94163415996815,-0.0,-0.0,-115.6951623912125,-1098.9327595475518,-324.658828171928,-0.0,-5015.8525853388555,231.66386659060322,-0.0,-0.0,-0.0,-29.51970663891466,-397.338303343589,-0.0,-0.0,-1142.767206763679,-1921.9586426344547,-1271.638211937768,-373.7662035112497,-377.72505613572565,-392.44832358818803,552.1343406691714,-1200.8228715645982,-0.0,-507.50100613627086,-2543.8655493139518,-531.2039122339371,-7.460164256676996,-0.0,-4.946135116154329,-0.0,-0.0,-0.0,-1088.0800165406438,-397.94742899650277,-1423.3391711540046,-0.0,-0.0,-0.0,-228.82594630819068,-560.5108750995036,-1395.549409417783,-3094.1510064796153,-318.74640454831723,-195.94291745795766,-0.0,812.0527674001413,-0.0,-1121.690807316562,-158.3753320224177,-0.0,-0.0,992.9106683113832,-0.0,-1626.2730037183082,-0.0,-0.0,-0.0,-194.65420726217184,-1970.7598698766365,-1655.4769249640428,-28.53276720181056,-2351.670540070867,-1367.588210492953,-24.209164024374616,-26.103535550930438,-66.24229994991963,-0.0,-0.0,-1901.8625206733075,-0.0,-5447.340176909298,-0.0,-1245.17809621548,-244.23928816507973,144.9178260698117,-0.0,-54.13190793146994,-1197.7196358332924,-1486.5303854975123,-529.944302925615,-31.315629124819814,-237.6978708104501,-0.0,-0.0,-0.0,-0.0,-1056.708404818779,-815.8102379228441,-0.0,-553.278224447426,-1188.0405835971683,-172.37334491428308,-76.58288769310255,-0.0,-0.0,-0.0,1034.9294263243023,-3.535202324942395,-0.0,-539.0520274751731,-826.0138645049971,-1324.7627169377472,-0.0,-0.0,-1935.3614261342032,-0.0,-0.0,-0.0,-0.0,-632.14457075477,938.698711588922,1048.052353509535,1146.1987960551662,-0.0,-0.0,-0.0,-560.7764765381347,-0.0,-0.0,-353.2688764420191,-587.338790828453,-0.0,-206.1220433387364,-1267.2311209168863,-1174.5954123821139,-0.0,-0.0,-0.0,-11.09029592808867,-1437.2341986547087,-4.112488279208499,404.2386110511643,-0.0,-1554.3747273161594,-726.5784413897444,-501.69591938923975,-1790.0529983291938,84.69196725192317,-277.51090607629226,-17.652454263126355,-405.91013935883177,-351.53110879922974,-934.2155124743919,-334.6331619601163,828.6003677056442,-1371.4610699353454,-215.81015047355763,-162.35099957735017,-3676.9541289268236,-2704.5012508912873,605.5224148123874,-933.4352916940602,-193.26171562423173,7.985328599108455,-773.8416678759926,-1101.3083386662408,1691.5835969846537,-578.2978308265033,-644.0974602348169,-660.682370673815,-0.0,-6539.971213034776,-0.0,-441.7724343554651,-829.1731510504939,-589.0356603018361,-885.5564078829746,-1089.109974391287,-0.0,-986.271974677155,-155.40014518919054,-80.1273546101293,-5989.706371498641,563.4459732627181,-188.84645184175756,-0.0,-522.9857057746466,-1207.4019105847112,-0.0,-0.0,-447.1147908696986,-1450.583258714269,-80.15916394047295,-215.81234110855593,-257.74767504111367,-1015.9088900388923,-0.0,-0.0,49.75304717116289,-0.0,-0.0,-1674.5577956886125,-0.0,-1596.8089615384981,-838.0989292776935,-1143.2805382994145,-0.0,-0.0,-468.94152499532925,-827.7390052346288,-131.52576436338646,-0.0,-429.86538209503146,-141.5782894626257,-490.4005037021864,-0.0,-184.44022902164204,-463.31627739339524,-2060.2695357677135,-911.5383292688433,-1564.5386733743167,-0.0,-0.0,-1310.0207831178295,-19.962352649119364,-0.0,-0.0,-1068.9424858172874,-0.0,-0.0,-0.0,-0.0,-0.0,-0.0,-0.0,-0.0,-0.0,-0.0,-93.888582150768,-0.0,-0.0,-0.0,-0.0,-0.0,-0.0,-0.0,-0.0,-0.0,-0.0,-0.0,-318.9203449542734,-0.0,-0.0,-0.0,-0.0,-0.0,-0.0,-0.0,-0.0,-0.0,-0.0,-0.0,-0.0,-0.0,-0.0,-0.0,-0.0,-0.0,-0.0,-0.0,-0.0,-0.0,-0.0,-0.0,-0.0,-0.0,-0.0,-0.0,-0.0,-469.26647110655756,-0.0,-0.0,-0.0,-0.0,-0.0,-0.0,-0.0,-0.0,-0.0,-0.0,-0.0,-0.0,-0.0,-0.0,-0.0,-0.0,-0.0,-0.0,-0.0,-0.0,-0.0,-0.0,-0.0,-0.0,-0.0,-0.0,-0.0,-0.0,-0.0,-0.0,-0.0,-0.0,-0.0,-0.0,-0.0,-0.0,-0.0,-0.0,-0.0,-0.0,-0.0,-0.0,-0.0,-1249.5705539244793,-490.9118714188308,-1598.613832729828,-0.0,-0.0,-0.0,-0.0,-0.0,-0.0,-0.0,-0.0,-0.0,-0.0,-0.0,-0.0,-0.0,-0.0,-0.0,-0.0,-0.0,-0.0,-0.0,-0.0,-0.0,-0.0,520.0531713019926,-0.0,-0.0,-0.0,-0.0,-0.0,-0.0,-0.0,-0.0,-0.0,-0.0,774.5959768535006,-0.0,-0.0,-0.0,-0.0,-0.0,-0.0,-231.69929471363957,-0.0,-0.0,-0.0,-0.0,-0.0,-0.0,-0.0,-0.0,-0.0,-0.0,-0.0,-0.0,-0.0,-0.0,-0.0,-0.0,-0.0,-0.0,-0.0,-0.0,-0.0,-0.0,-0.0,-0.0,-0.0,-0.0,-0.0,-1022.5371693507944,-0.0,-0.0,-0.0,-0.0,-0.0,-0.0,-0.0,-0.0,-0.0,-0.0,-0.0,-0.0,-0.0,-0.0,-0.0,-0.0,-0.0,-0.0,-0.0,-0.0,-0.0,-0.0,-0.0,-0.0,-0.0,-0.0,-0.0,-0.0,-0.0,-0.0,-0.0,-0.0,-0.0,-0.0,-0.0,-0.0,-0.0,-0.0,-0.0,-0.0,-0.0,-0.0,-0.0,-0.0,-0.0,-0.0,-0.0,-0.0,-703.2872366085224,-0.0,-0.0,-0.0,-0.0,-0.0,-0.0,-0.0,-0.0,-0.0,-0.0,-0.0,-0.0,-0.0,-0.0,-468.8519616917848,-0.0,-0.0,-231.78716554011356,-0.0,-0.0,-0.0,-0.0,-0.0,-0.0,325.05526557939123,-0.0,739.971131719849,-0.0,-0.0,-0.0,-0.0,-0.0,-0.0,-0.0,-0.0,-0.0,-0.0,-0.0,-0.0,-0.0,-0.0,-0.0,-0.0,-0.0,-0.0,-0.0,-0.0,-0.0,-0.0,-0.0,-0.0,-0.0,-0.0,-0.0,-0.0,-0.0,-0.0,-0.0,-0.0,-122.79168424887351,-0.0,-0.0,-0.0,-0.0,-0.0,-0.0,-0.0,-0.0,-0.0,-0.0,-0.0,-0.0,-0.0,-0.0,-0.0,-0.0,-0.0,-0.0,-0.0,-0.0,-0.0,-0.0,-0.0,-0.0,-0.0,-810.3458795752889,-0.0,-0.0,-0.0,-0.0,-0.0,-0.0,-0.0,-0.0,-0.0,-0.0,-0.0,-0.0,-0.0,-0.0,-0.0,-0.0,-0.0,-0.0,-0.0,-0.0,-0.0,-0.0,-0.0,-0.0,-0.0,-0.0,-0.0,-0.0,-0.0,-0.0,-0.0,-0.0,-0.0,-0.0,-0.0,1272.425969942597,-0.0,-348.6845867920587,-0.0,-0.0,-0.0,-0.0,-0.0,-0.0,-0.0,-0.0,-0.0,-0.0,-0.0,-0.0,-0.0,-0.0,-0.0,-0.0,-0.0,-0.0,-0.0,-0.0,-0.0,-0.0,-0.0,-0.0,-0.0,-0.0,-0.0,-0.0,-0.0,-0.0,211.6855693908844,-0.0,2009.6017499667994,-0.0,-0.0,-0.0,-0.0,-0.0,-0.0,-0.0,-0.0,-0.0,-0.0,-0.0,-0.0,-0.0,-0.0,-0.0,-0.0,-0.0,-0.0,-0.0,-0.0,-0.0,-0.0,-0.0,-0.0,-0.0,-0.0,-0.0,-0.0,-0.0,-0.0,-0.0,-0.0,-0.0,-0.0,-0.0,-0.0,-0.0,-0.0,-2139.817280536545,-1369.286713290272,-0.0,-0.0,-0.0,-0.0,-0.0,-0.0,-0.0,-0.0,-0.0,-0.0,-0.0,-0.0,-0.0,-0.0,-0.0,-0.0,-0.0,-0.0,-0.0,-0.0,-0.0,-0.0,-0.0,-0.0,-0.0,-0.0,-0.0,-0.0,-0.0,-0.0,-0.0,-0.0,39.44118787506212,-0.0,-0.0,-0.0,-0.0,-0.0,-0.0,-0.0,-0.0,-0.0,-0.0,-0.0,-0.0,-0.0,-0.0,-0.0,-0.0,-0.0,-0.0,658.9504690719709,-0.0,-0.0,-0.0,-0.0,-0.0,-0.0,-0.0,-0.0,-423.23865595683486,-0.0,-0.0,-0.0,-0.0,-0.0,-0.0,-0.0,-696.2952857244079,-0.0,-0.0,-0.0,-0.0,-0.0,-0.0,-0.0,2084.5684036599114,-0.0,-0.0,-0.0,-0.0,-0.0,-0.0,-0.0,-0.0,-0.0,-0.0,-0.0,-683.2875798877345,-0.0,-0.0,-0.0,-0.0,-0.0,-0.0,-0.0,-0.0,-0.0,-0.0,-0.0,-0.0,-0.0,-0.0,-0.0,-0.0,-0.0,-0.0,-0.0,-0.0,-0.0,-0.0,-0.0,-0.0,-0.0,-0.0,-0.0,-0.0,-0.0,-0.0,-0.0,75.95347775948242,-0.0,-0.0,-0.0,-0.0,-0.0,-0.0,-0.0,-0.0,570.9888384234562,-0.0,-0.0,-0.0,-0.0,-0.0,-0.0,-0.0,-345.26046888330904,-0.0,-0.0,-0.0,-0.0,-0.0,-0.0,-0.0,-0.0,-0.0,-69.93226814673856,-0.0,-0.0,-0.0,-0.0,-0.0,-0.0,-0.0,-0.0,-0.0,-0.0,-0.0,-0.0,-0.0,-0.0,-0.0,-0.0,-0.0,-0.0,-0.0,-0.0,-0.0,-0.0,-0.0,-0.0,-0.0,-0.0,-0.0,-1890.47823555285,-0.0,-0.0,-0.0,-0.0,-0.0,-70.66214404192355,-0.0,-0.0,-0.0,-0.0,-0.0,-0.0,-0.0,-0.0,-0.0,-0.0,-0.0,-0.0,-0.0,-0.0,-0.0,-0.0,-0.0,-0.0,-0.0,-0.0,-0.0,-0.0,-0.0,-0.0,-0.0,-0.0,-0.0,-0.0,-0.0,-0.0,-0.0,-0.0,-0.0,-0.0,-0.0,-0.0,-0.0,-0.0,-0.0,-0.0,-0.0,-0.0,-0.0,-0.0,-0.0,-0.0,-0.0,-0.0,-0.0,-0.0,-0.0,-0.0,-0.0,-0.0,-0.0,-0.0,-0.0,-0.0,-0.0,-0.0,-0.0,-0.0,-0.0,-0.0,-0.0,-0.0,-0.0,-0.0,-0.0,-0.0,-0.0,-0.0,-0.0,-0.0,-0.0,-1425.1631379623832,-0.0,-0.0,-0.0,-0.0,-0.0,-0.0,-0.0,-0.0,-0.0,-1778.1833674080121,-0.0,-0.0,-0.0,-0.0,-0.0,-0.0,-0.0,-0.0,-0.0,-155.00784944304888,-0.0,-0.0,-0.0,-0.0,-0.0,-0.0,-0.0,-0.0,-0.0,-0.0,-0.0,-0.0,-0.0,-0.0,-0.0,-0.0,-0.0,-0.0,-0.0,-0.0,-0.0,-0.0,-0.0,-0.0,-0.0,396.92097545413674,-0.0,-0.0,-0.0,-0.0,-151.33433258309628,-0.0,-0.0,-0.0,-0.0,-0.0,-0.0,-0.0,-0.0,-0.0,-0.0,-0.0,-0.0,-0.0,-0.0,-0.0,-0.0,-0.0,-0.0,-0.0,-0.0,-0.0,-0.0,-0.0,-0.0,-0.0,-0.0,-0.0,-0.0,-0.0,-0.0,-0.0,-0.0,-0.0,-0.0,-0.0,-0.0,-0.0,-0.0,-0.0,-0.0,-0.0,-0.0,-0.0,-0.0,-0.0,-0.0,-0.0,-0.0,-0.0,-0.0,-0.0,-0.0,-0.0,-0.0,-0.0,-0.0,-0.0,-0.0,-0.0,-0.0,-0.0,-0.0,-0.0,-0.0,-0.0,-0.0,-0.0,-0.0,-0.0,-0.0,-0.0,-0.0,-0.0,-0.0,-0.0,-0.0,-0.0,-0.0,-0.0,-0.0,-0.0,-0.0,-0.0,-0.0,-0.0,-0.0,-0.0,-0.0,-0.0,-0.0,-0.0,-0.0,-0.0,-0.0,-0.0,-0.0,-0.0,-0.0,-0.0,-0.0,-0.0,-0.0,-0.0,-0.0,-0.0,-0.0,-0.0,-0.0,-0.0,-0.0,-0.0,-0.0,-0.0,-0.0,-0.0,-0.0,-0.0,-0.0,-0.0,-0.0,-0.0,-0.0,-0.0,-0.0,-0.0,-0.0,-0.0,-0.0,-0.0,-0.0,-0.0,-0.0,-0.0,-0.0,-0.0,-0.0,-0.0,-0.0,-0.0,-0.0,-4989.281203509877,-48.504275338771016,33617.290065990375,-3369.2043467985422,-4194.838376397334,68237.93638616543,-0.0,-6214.055844305006,826.2513390442525,1975.9788470141423,-22704.28769856815,-0.0,-4389.191439707981,-0.0,-0.0,31594.904027078304,-10411.204304664474,3572.722136271692,5899.849108742151,-4229.534214419973,-25507.756059533272,-8238.150615774348,48.20280921441807,-84.54294343412221,-5783.494377926959,-0.0,-12433.79256836303,-17283.813123983797,14601.922515028851,-540.0098915252921,7.4768912084261325,44062.748711010936,-2984.07987738115,-112107.21649249623,-2653.769599932896,-21545.498504704334,-17940.14589049781,-5964.303604561035,-5779.868840285926,-13918.662640037544,11913.036384984569,-2326.3826758307496,-3909.8656829947427,-3490.4448251908148,-10593.947518458963,7805.9944573248695,35752.33227129736,-952.136829612918,65.91178565860348,20241.6692935423,5046.639932579115,-527.6284953673111,13920.010164806888,7812.285317976139,-5443.041114122739,-6909.7504165301,-3658.3389903991983,331.89364810293824,-0.0,-0.0,-253.36657658353914,-7706.875910856197,-3298.396386104492,-2886.8516962504236,-1651.6322856490228,-4372.629201414145,10387.959863402255,3463.3964901685085,-7932.433296148187,18898.727478203633,-19065.10318874986,-32848.583742567396,65473.293109896505,-21726.048383724647,-8777.659166996644,-2074.950972856363,-3510.5197585399055,-5725.969288487163,-4470.7806257304765,-31313.122997408747,-0.0,-12876.781695959608,-0.0,2887.5102403351634,-0.0,-0.0,-13366.432058398017,-1152.2772296035707,-0.0,-0.0,3794.5733994102684,-0.0,-0.0,-0.0,-6649.705397530928,-4356.508615959303,-7030.004804071858,-6968.928176909064,7400.693453224646,-0.0,-28098.237332136174,44118.475764273135,-0.0,-0.0,-19192.499113079753,-9943.54804194855,178.15759916265114,48.0885799782508,-0.0,51344.592655341745,-0.0,-0.0,-0.0,-0.0,50198.09316905694,-979.9169567918611,-0.0,-10601.814444825612,-0.0,-5817.352308681554,-1265.237853947855,-3083.723473933023,-15077.20196437538,11865.337807537995,-1408.4704159122273,-8860.978810374183,-0.0,-0.0,-4763.653651591186,-6584.316676528319,-9846.829597042764,55046.92929161871,-0.0,-170.1009984001603,12255.739399794465,3081.2911305538287,-1875.5672669054106,659.947831477053,5037.710317660287,-3529.3774511251536,-77.50369207084061,-17006.784905774715,420.43414425598183,12839.433418135059,-764.4323945488553,12094.062595928257,47857.16593288073,2938.6314355074633,-63.75189631964772,8911.826194162146,-1970.6306919355395,-7347.028631919667,-9677.841769852315,-13961.277601889811,-0.0,6192.988970189301,18953.320855664893,20577.059433230523,-9250.840927126987,7033.54533215842,8405.511942262765,-7758.940939523238,15241.839426997793,-13590.278354245296,-0.0,4353.574728505158,-11588.714848581865,-15096.165103141468,-8201.925185083363,24212.1224429184,3027.691908759292,-0.0,-5802.707093855556,-0.0,-2624.240035002837,92.11835135909229,-3842.2671071704513,-0.0,195.38518310020663,-233.12335210088298,-20782.314884759042,-12089.839697447478,20913.46507307329,-6569.049863518613,3361.8400663582574,5377.630144954356,-6211.265907177226,-5032.149476942986,-10970.035074308329,-0.0,-2017.6028723948102,-1698.8457968226955,-0.0,1211.6220460644895,-347.05417583892984,-0.0,-0.0,-13899.617514741387,-3395.8979568138966,2825.380826465143,-4608.387321591225,-0.0,-0.0,-0.0,52423.1927692669,19211.442776812244,-0.0,96.26816991707221,11505.43155112647,-0.0,-4107.1419497582865,-2296.9355264794867,-0.0,-4139.3198571624425,-8664.035403529466,113956.7436502648,-11469.65188824371,-8314.855157598882,-31880.16761108498,-0.0,1390.8462240509084,2806.118879054837,-9266.189604503423,28254.380850459504,-7714.158098471726,-37668.4277838753,-13507.776210391645,-8705.96767734952,-0.0,1167.3554429266642,-4579.223286937193,22766.359202480966,-147.720727413022,-406.3245841713803,-10222.448390804488,-8753.444101459907,28105.292805032055,-0.0,-2027.9613885764002,664.4314215353322,-0.0,-0.0,-0.0,-0.0,-0.0,-0.0,-0.0,-0.0,-0.0,-0.0,-0.0,-0.0,-0.0,-0.0,-2009.5475607401959,-0.0,-0.0,3235.559670526005,-13842.834821749293,-657.5079048109553,-9772.201469678072,23569.51415512796,7648.685581511873,-3691.867998717098,3245.9354843726064,41667.90050025198,-0.0,-0.0,-3963.2500118023327,3038.7066364643642,-6402.3909975298775,-7948.692087233071,-0.0,-34.90884189571107,9461.070226242045,-4279.77238658101,-2541.6270439215673,3426.994409084622,-23739.87338411345,28755.370373553862,-5434.731382999575,-949.9105337514059,12847.329807657396,-0.0,-0.0,-0.0,-0.0,-0.0,-0.0,750.0407123301893,43639.08935127421,-9489.402122129815,-10378.684576969865,-8406.425078158793,-0.0,-8554.267302157004,-12296.265464982285,-0.0,-0.0,-0.0,431.5218107833021,394.5403205164011,639.6517405353896,2353.096114101318,-0.0,3720.599540853409,789.9994415322619,813.5953884366617,783.031950054438,681.1951439886174,2661.9331994230174,1506.3997730600074,2560.109862154255,2303.3935601453604,2510.149470065504,2709.6347522074348,34413.6127785423,32467.253773192595,38204.051931909,35537.888730759274,8806.163376167598,7910.3288666914705,8127.934042325636,9145.678446229213,4435.57282380695,1884.8850102213962,1958.8655353420381,2036.300036224657,1950.8449593616579,2053.857076175923,4299.589930375541,4039.105870329175,1380.819559190333,1156.7459300111695,593.278751511452,378.91002458110415,477.5632842633607,31645.876066237124,30652.218285372277,34231.278660985714,30367.613944765657,53414.54501824305,50516.21367440595,1216.7542115297806,1099.1674997261432,1209.3951061512016,1161.6809621875002,1132.0738487228964,1180.1978909085785,609.2967101840526,53334.36967909703,47559.684535704575,47088.303910394745,2571.7088357915904,2455.4577277878448,2650.92139864388,-0.0,7693.933431379957,8232.827445472924,35697.733763555196,31021.240278899342,36442.50811419249,55471.03390852159,54321.3602090449,61899.80865062082,53224.145071903964,2551.399683638504,2198.600309435455,4721.170804191268,-0.0,18146.495005334873,20557.30374476352,-0.0,1437.6577930101068,1398.9697245790758,1407.8133379590859,1367.208868263463,1364.7459593385968,1383.3329127226834,35919.12241945043,36135.94066450829,33641.813599474,30754.077491967724,1093.6956394180643,1188.8520491756685,-0.0,-0.0,13881.935328526803,34863.15359575123,30483.916060989155,33989.6954603854,36754.02752628006,-0.0,50801.85562178741,47266.51852054245,966.625798733903,2145.9931285845105,2052.750061403713,2194.988368447604,2292.6836504930316,2319.684743146366,54166.25023141156,52076.106510209705,-0.0,-0.0,14986.986538431473,998.8408435562482,33876.27039977381,35527.98479089409,31501.15178810523,32799.987162384285,35899.79652269009,29630.18293456752,-0.0,14903.217160444248,9300.995687952338,-0.0,-0.0,1271.4214231960696,1357.834309753469,701.1722534014998,781.5279223929219,403.94137706987766,409.4693588631147,-0.0,964.5698977391155,963.1749767820903,1026.4739481034333,1180.8662549749681,-0.0,1506.0130188421433,1468.2591631883813,1743.244112739935,2267.235105855625,2244.6643062096055,2060.6160424605027,725.0353540814357,817.4200253493897,806.0071551999417,1336.7127747373108,860.7344647695729,928.7101003489283,948.0112775229306,873.6772330490019,7722.86950374937,7716.553953904423,247.8550216549117,243.77143687965756,3280.976464323916,13307.002672246761,1335.9218487853132,1426.7868170382053,-0.0,-0.0,8159.853767017601,8166.16900034412,8048.823012108325,7036.162326261084,1878.162188891114,1860.43844107476,32927.30611891254,30155.28652854247,8820.930097372868,6565.797886155881,-0.0,47766.232485843466,1815.7864818783316,2146.407361366594,969.6333398226792,51042.00235145919,51324.6770093668,54529.70749728965,45256.98992913835,193.23016147478998,53400.523950928065,48374.097837789996,-0.0,-0.0,22096.581436758825,-0.0,1113.0635500414405,954.1602897791564,972.2424913696693,2078.9943115329065,8795.08404914804,16457.712173123295,1715.9980849677108,1657.4140171994097,22.48757043215918,641.4727786785509,649.9593148601482,15408.512172139617,1343.8841174734541,-0.0,-0.0,-0.0,975.0914083575831,-0.0,1019.9839296455126,-0.0,5709.542671057771,5795.924927348376,5210.9051797735965,5390.606019567577,814.8880024498052,-0.0,788.4032773817866,-0.0,-0.0,895.7946435239021,944.4468795429024,980.585111815603,829.0385588893907,732.919532933663,685.7610575134331,1604.9078289308584,1532.7142482970416,1475.7936135890425,-0.0,2829.3831541679106,2477.7372146460066,2898.9339026955004,2771.541414671868,4431.47135980461,45913.182532553335,48154.259318489545,9598.469356116393,19544.30007632375,13990.824479631168,16808.879001532354,1549.9942847369898,1867.27870030602,855.550222430955,786.4670474142456,2048.8230169452168,-0.0,35957.73390575669,31088.962237974305,1315.7691684975603,1065.4191579630874,1137.6366164348974,5087.4740001250575,2888.947942918768,2724.8382870160144,31830.574710936653,30112.57461371051,33493.153722364856,38793.927275524475,-0.0,-0.0,-0.0,2112.4151916723804,2253.5308807545894,2337.641051279592,8453.43049071459,8081.941358212564,5853.623563526294,2174.0925594148353,2301.0678562520625
1,-0.0,-0.0,-535.3068991289979,-1856.4581345066536,-471.17962307053955,-446.3965452992818,-88.07375424829563,-546.187891164297,-517.3127172868806,-0.0,-1154.8757522944663,-0.0,-0.0,-2358.5088174397556,-0.0,-492.64052825852565,-394.97503408730984,-0.0,-39.6324948893822,-213.13471553599194,-269.44576973796313,-615.279370487808,-786.1603962903584,-646.7976135428232,-1893.4786525569564,-555.2443121646614,-0.0,-36.05723582793645,-2546.5119409488916,-1577.0748100932476,-0.0,-0.0,-0.0,-0.0,-0.0,-0.0,99.41199816033857,-182.42400438685746,-1601.2340224768088,-1365.603745241073,-0.0,-0.0,-120.75823789386703,-471.1070930469977,-148.30407793516372,-0.0,610.07345504584,-1598.9377587851607,-352.43138650314916,-0.0,-0.0,-240.36020259684392,-0.0,-10.152160280457434,-1870.6306888004488,-2535.884836990017,181.64932223564819,-5193.084088055818,-192.74306222232158,-0.0,-1629.0211071270946,-0.0,-599.7636386583061,-2693.8929410528485,-443.7535452073826,-443.10231883235843,-37.65110119411738,-1907.7420077636875,-787.7785624956946,-404.5676044598973,-2515.051615071584,-0.0,-0.0,-2345.263113878575,-903.3135308180874,-203.06382390925552,-1563.6054551488228,-0.0,-0.0,-1190.5583563959915,-1279.4250973702808,-448.3061982390435,-3099.118999926349,3.540161221822871,-23.740902377776592,-1882.0897488880748,-0.0,-543.8890784092106,-877.7395029287268,-6.717435416631451,-0.0,-1186.564910873388,-75.58104025314137,-710.7272086446161,-1909.1676971825882,-36.358120111646365,-2291.0725906044117,-378.6145145213324,-1257.709094642885,-2497.726227644098,-635.6379893600538,602.154784260986,-492.64225749418165,-0.0,-1240.4620330597115,-2086.2118215647,-4167.981503040187,-415.11863244248934,-2734.8469369383165,-0.0,-1461.3966263048312,-0.0,-0.0,-488.51752763223925,-0.0,-0.0,-593.2111601179477,-73.32518261239333,-1353.9349619911422,-820.3447585410677,-732.4748492095122,212.72836847409758,-414.1617547879624,-275.623500377806,-191.86156743634572,-7.350189582394648,-490.327037409955,-552.4148749441528,-685.8297571245389,-0.0,-4412.512320699608,113.16438818192566,-98.14443836988934,-3987.2720721784053,-0.0,-941.8950979634337,-58.01100352835449,-0.0,-288.87013597841894,-0.0,-0.0,-764.1725886247206,-0.0,-635.9785122697133,-822.674161179978,-0.0,-998.0311907071791,-258.3739261811562,-572.8978371329827,-1932.4479000506742,-0.0,-1525.1482173215138,-1073.4905386322214,-0.0,-0.0,-0.0,-0.0,614.2308802536534,-0.0,-1474.1877441442348,-1572.9579528249014,10.225373178309535,-0.0,-0.0,-621.1452954319262,-492.15325549710474,-691.5169457867894,-0.0,-395.95697056249634,-2760.382040976366,-957.1357917809628,-0.0,-1099.7917959523095,-2259.95241382374,-0.0,-0.0,-0.0,-0.0,-0.0,-0.0,-457.5354024403649,-559.5911334556664,-214.1758357830765,-182.07081072354964,-1231.6698901432665,-48.04185586349639,-0.0,-0.0,-652.955869417906,-0.0,-512.204009258005,-26.428368857677302,-3.916586219313277,5.373203246104902,-0.0,-0.0,-1090.6922980828597,-391.37236545136324,-432.5591951434222,-0.0,-3130.4940277850046,-1841.4821508996,-951.6359161151529,-0.0,-0.0,-2041.0845424078395,-1348.6021139472755,-604.7549398989258,-77.91524548326157,-1562.5509001388882,-1302.996950511301,-0.0,-0.0,-1547.4262051105102,-0.0,-727.7027448437469,-1183.7194045807835,-126.33719406797667,-383.59681437774964,-551.6172316186851,-521.4820084629789,-0.0,-1409.868150065869,-0.0,-3091.2640551746954,-2613.6631818851074,-170.8511838502837,-368.0334885660438,-434.4834702404187,-0.0,-261.72850079959744,-242.64573078433259,-0.0,-994.5845030798249,-635.6334950505928,-1034.1952578625692,-1452.8718379153709,-856.3075267408004,-1982.905403074542,-1934.1276979331763,-2251.3094305181958,-2056.193271637571,-947.0611854393959,-1979.980371665535,-472.95602633973095,-543.5544223715215,-0.0,-1118.1315572328738,-1003.3286568083532,-922.4589278720692,-382.45430996817515,-367.96747993665616,-1882.0816263925624,-717.72539824878,-383.8694508951949,581.2142171457758,-0.0,927.5519568968307,-1267.4116265545438,-0.0,-0.0,-0.0,-0.0,-0.0,-0.0,-1190.1611749595452,-2538.1767664001713,-461.9981390500323,-907.2727092721988,-0.0,-0.0,-1704.2618706847327,-1114.966685186307,-1938.5761588103408,-0.0,-0.0,-128.15471922155746,-54.16487061266511,-366.20346627776956,-1726.0984448579104,-464.7919832673084,-0.0,-479.87729569703544,-630.5247971437506,63.380772123733344,-1107.0325195758073,-1361.429572836869,-1234.0131750213156,-1688.1676763527262,-285.8248462765036,-543.6664055861609,-38.66868990192528,-1606.625809865309,-0.0,-781.0273108219915,-152.4302245503847,-78.20852470721536,-541.4662825847232,-0.0,-1994.5635458457334,-119.04737982334574,-631.4767448378824,-1466.6696421855004,-1450.7499405514768,-0.0,-530.8119983689854,-713.8889177521452,-23.637682637318843,-233.21482102776838,-466.3529253211766,-51.670570366650864,632.4979810385516,-1095.5024075687666,-0.0,-862.9503789957207,-1426.3172915835705,-0.0,-458.69499799147957,-0.0,-1431.6373354674502,-0.0,-0.0,-0.0,-1076.6698179297207,-673.3724726301908,-427.37363119105976,-0.0,-1478.6195906623036,-2852.282268575322,-3420.168261976167,-0.0,-309.4846364459074,-0.0,-262.4144223911111,-106.6295515390715,230.05881397099995,-533.2104673986453,-0.0,-642.6230337888179,-849.6706850560663,-292.52401736866375,-539.7013336048882,-0.0,-408.8555470286151,-849.3823250518508,-503.02255813860444,28.288740018343002,-2110.026455237429,-0.0,-0.0,-1288.708701969131,-232.65531230709564,-1272.1060415647707,-88.72789170094441,-118.55962327023003,-201.45836771508874,-566.7241784436684,-929.262934670184,-1242.6014566212664,-1928.848189691251,-0.0,-0.0,-372.2592963826045,4577.349845399537,3.994915113988307,-0.0,-0.0,-0.0,-0.0,-2140.082722254865,-447.5270690518702,-0.0,-913.4535887731577,-854.0211828385702,-687.2103637275421,-2042.428669188973,-233.41587942035085,-1077.140611748211,-0.0,-0.0,-1837.1087549991757,-622.0062418645372,-1576.159829261054,-667.0184204387649,-758.715224881557,-1690.7111749480832,-203.58114008840207,-1540.802516414486,-1010.0745944974548,-29.000704962056297,-942.5081729751034,-1037.3468120716143,-211.35276254414129,-205.92345085410352,-1761.9793118716057,-0.0,-433.99599802624317,-257.9675016849865,-28.31964826726618,-735.5166053773124,-196.516600659591,-872.8488110372798,-811.6209697755068,-1158.2447256455494,-215.30040898643918,-2323.197268150598,-52.92431031566283,-554.6404122149933,-0.0,-726.4972277133313,-690.4721383016681,-886.5626493350512,-1062.2264704713182,13.339720771335022,-373.8953723920523,-2372.7462394186814,-729.7801305813497,-351.200530745826,-1044.9086281204904,160.64481191777702,-0.0,-0.0,-0.0,-0.0,-0.0,-0.0,-10.126195112068181,-158.9624463110757,-2115.004706583777,-4516.470578439474,-451.00777974012203,-899.3804938655115,-127.16551439237575,-488.8279828221252,-1240.6249220824084,-1026.391546282975,-36.21533109263713,-499.0107053874506,-455.74908191160483,-0.0,-87.15302971608541,-1025.6088353620555,-437.84390353007166,-0.0,-948.5158207907442,-0.0,588.3058009971148,-0.0,-0.0,-0.0,-37.44528287543311,-0.0,-0.0,-986.1121706298014,-386.5324723123961,-1107.581581049612,-0.0,-0.0,-0.0,-823.4720788830459,-536.0374122675618,-1219.260440396129,28.897775366504593,256.5525119115279,-0.0,-0.0,-2845.737427338131,-1134.2488197530206,21.41411290857989,-52.76737351511816,10.673214099610961,-17362.690124945788,-17257.54424990307,-2152.2076311258033,-0.0,-0.0,-0.0,-0.0,-402.67062376282513,-0.0,-0.0,-563.1155873147393,-2090.7184966918635,-1819.9295495288325,-1242.0899821969658,-318.87680998947275,-1697.708378045956,-29.422725933915732,-1195.6282767104467,900.4946050055161,-6.805193711399562,-835.8609083607263,3.595209218968295,-0.0,-0.0,-0.0,-0.0,-147.3051160946458,-0.0,-0.0,-0.0,-852.8628332803734,-1367.3511240474004,-0.0,-0.0,-237.68138939130824,-2052.952563644211,-0.0,-1308.8058523550048,-1539.8046981901193,-1882.8378772257631,-0.0,-0.0,-96.26864867693658,-79.75681035024154,-954.7625409936626,-1396.3728163130659,-517.483990616892,-1225.1989381131787,-1162.461856441005,-0.0,-0.0,-0.0,-0.0,-397.73692719099984,-237.50814502386552,-0.0,-0.0,-90.35932771045901,215.52544994621573,-0.0,-1159.7933315850273,-964.704329601325,-1002.888648126059,-0.0,-0.0,-594.2476712652478,-1123.0312904477264,-696.5648962496175,-384.29516118533445,-0.0,-2061.880839045235,-2159.7310258203743,-0.0,-0.0,-0.0,-0.0,-0.0,-1365.1006908431912,-0.0,-2117.0186841870573,-1225.4203917544512,-65.84705709799071,-0.0,-0.0,-0.0,-2534.3831008772886,-1251.5694581308367,-515.0731620068461,-444.8598102439681,-1142.4164640778379,-596.4852420770651,-0.0,-0.0,-650.9933092051326,-1290.384364410145,-65.52884691247037,-441.68158112325267,-0.0,-817.593488869396,-623.2503541794189,-1696.7594533795577,-0.0,-298.11715324936813,-123.41814417057054,-308.0070367312656,-1371.7806552237248,-275.6451357509502,-0.0,-0.0,-0.0,-0.0,105.51244166253638,-137.95426059895576,-832.794930863882,-1415.72712688361,-1065.4141209816235,-422.64391230893034,-549.8868842157038,-5566.619955941203,-777.202572716283,-507.97187855747984,-0.0,-0.0,-0.0,-262.8554495059696,-375.56529268715366,-1180.334804902701,-348.46407356844094,-0.0,32.06319221686305,-0.0,-0.0,-0.0,-0.0,-0.0,-0.0,-0.0,-94.42625512555038,1533.9082720816248,-0.0,-1410.4637159545946,-659.0340938130903,-397.04659973881536,-1549.0748393187953,-0.0,-0.0,-633.7920900454824,-646.9575586108198,-106.45633101328627,-123.56880720010103,-131.57105259164007,-584.0118171725652,-149.50408056883236,-1755.7366382295002,-333.9604481880721,-386.01106841405164,-0.0,-0.0,-1401.9847991501529,-2658.65419330433,26.17990364075162,-487.346289163443,-341.69711816924143,-862.7384823451687,-1180.472676961705,-711.7835837490686,-273.25305212278823,-155.7575654395259,-1206.7882984269438,-0.0,-0.0,-0.0,-0.0,-0.0,7429.1732503289295,-68.07731728226194,-506.2621892118861,-639.8631370333278,-1017.3644795977723,-1118.806537650934,-1223.6327642674185,-1525.608035487812,-1760.9131236377941,-415.97934509840815,-0.0,-0.0,-1407.6680169692077,-0.0,-0.0,-290.7568452092982,-1827.2850376974654,-1150.4720190119094,-462.8783864144031,-58.862377615984244,-1550.876295838071,-0.0,-1342.7509560379842,-0.0,-0.0,-0.0,-0.0,-0.0,-0.0,-453.3356708690414,-1229.115836857301,-996.7433368176183,-79.23588169044312,-230.05644919098728,-567.9834780596638,49.68165632573027,-0.0,-0.0,-537.8471457354183,-510.6096136825995,-3744.136645690186,-0.0,-1186.4517347115043,242.3114937679389,125.30029851891524,-0.0,119.3221798245959,-185.50092618223957,-138.78569784549907,-425.555584189235,-0.0,-1649.3328938706748,-0.0,-0.0,-1020.5303327136688,-0.0,2272.7713127863276,2211.104041702703,2085.7746768944044,-0.0,-0.0,-1698.8832548541461,-0.0,-0.0,-325.2904669099188,-869.414995596359,-694.1995000372673,-848.4869623964138,-1007.8164858748547,-0.0,-0.0,-0.0,-0.0,-687.0281740660045,8.030301888421578,-50.8679225768688,-975.0557477904458,-937.8675463232987,-350.88815715567443,-1387.8828080945382,-0.0,-1965.0525850777642,-1018.6423418104978,-1329.6479404324089,-394.29417279081014,-364.71670559633367,-0.0,-1208.7857071390679,-674.51498781326,-824.7543869628782,-1996.3344976339158,-533.7267603939908,990.5050831847004,446.1622162726345,-308.55884955103596,-1170.5998847815072,-0.0,-1635.5782942859435,-3280.2314800736763,-416.0227448950618,-453.10144964974523,-0.0,-0.0,-0.0,198.7255433740253,-334.32579625716886,-491.2768219930939,-139.18200052560337,-446.3867449873399,-477.95454636809944,-0.0,-407.52470239816626,-881.834599811414,-689.6002995641796,-0.0,-1698.6973144178824,-4114.917710975128,-0.0,-0.0,672.6790244028025,586.138225167248,-0.0,-0.0,-609.103738257988,-872.9209619277759,-306.995226994924,-635.0923788378034,-0.0,-0.0,-0.0,-0.0,-0.0,-2530.2054354932175,-404.7793966108919,-1530.8614810619943,-1068.3845574548427,-0.0,-403.5472107027523,-378.37981852323793,-0.0,-208.71970598617278,-650.273750683575,-1123.82550783092,-3783.6651410977743,-73.49872222855394,-0.0,-0.0,320.4877039282595,736.7264947693321,-0.0,-0.0,-356.0551330618618,-0.0,-0.0,-0.0,-2392.505195673353,-0.0,-505.45732586189484,-0.0,-0.0,1612.6548665452658,2020.7859166707826,1926.8784208710222,-0.0,-0.0,-433.5603401777778,804.3906321020447,-2437.5271107503168,23.66819639093696,72.00561340131955,-2342.3946280012146,-100.88965162675566,-187.80965394674533,-610.393951170301,899.2442093412607,3096.8182513768083,-2800.281524089657,-0.0,-0.0,-902.1760604567503,-1544.5507310398184,-1116.689000841606,-222.17653013040672,-40.13835816665809,-0.0,-0.0,-0.0,-0.0,-1859.997993029452,287.17153696706936,-0.0,-3.4051839342777015,-0.0,-1546.4490485668423,-1919.804642201752,177.59698446502333,-0.0,-0.0,-356.99288108010313,-0.0,-1576.840778302245,-89.32407203859084,-1080.6584705469056,-422.3730440059189,-1108.6884899368865,-620.2350698333311,-1071.0358544681267,-645.5962170401575,-0.0,-0.0,-0.0,-108.94712189603037,-0.0,-0.0,-249.27601518685574,-356.1029821526704,-620.1485669553795,-0.0,-1286.6723830086714,-994.949257936247,-836.339718312485,-6.911193526908247,-7.0642354098280284,260.71763976572413,37.492575187052346,-0.0,-0.0,-11.637458498813004,-1667.0333322041238,-580.8851300432641,-904.6246826388772,96.35890967771417,-2054.7006168548683,-1713.2790829658452,-900.5061335329007,-1007.7876496399865,-42.53123829031077,-547.9804390322846,-665.281757403347,-1187.0858754009696,-1917.1127055833456,-0.0,-1918.4689154502798,-142.79024709687783,-0.0,-2353.5629693595465,-2516.5582027169185,-2197.4447026900607,1445.0016583865556,-0.0,-1657.3432429949478,-215.90198983321164,-1168.01560969134,-559.108415972111,-112.29095191508581,-2072.2723915409306,101.96722409932383,1566.0307593896073,-0.0,-189.95836218567678,-384.44723134254303,-1021.5518639283977,-1108.653461517399,-1636.1074513260235,-3833.9504076329354,-0.0,-534.2928156664896,-1228.5878080011748,-646.7433607059696,-226.6120126985776,-26.051442210021694,-292.17161842059807,-0.0,-0.0,-0.0,-0.0,-309.16853770842687,-1188.415154498219,-822.8403764629505,-59.94419555019302,-539.0882553695282,150.32436493864566,-0.0,-0.0,-815.0446608646893,-476.35648860766514,-0.0,-2005.9992824593612,-88.6114063874989,-1215.4194140429022,-0.0,-190.25186088285693,-185.13558065894762,-0.0,-0.0,-431.0231505032551,-0.0,-0.0,-3864.9440708678308,-180.10908237407935,-2338.9366310882906,-0.0,-0.0,-102.67724907722003,-1389.0861578937645,-569.5004412293224,-351.4785711262904,-1383.6478086772381,-0.0,-644.3681545575296,-0.0,-499.5551644110567,-0.0,-0.0,-185.937369151136,-78.03799519610033,10.420155159486507,-369.32097674091483,-1330.8770243992715,-1965.220392481501,-0.0,-0.0,-0.0,-23.441279031414883,-350.6435720832835,-0.0,-1520.2721017640004,-2706.3186277379064,-0.0,-0.0,-53.17246974114426,-1511.783296482886,109.97039050007325,-0.0,-0.0,-0.0,-0.0,-439.67639891824297,-1982.9942297891093,-191.60742916370464,-1283.4722496290983,-0.0,-0.0,-605.2458296463114,-445.2703282906583,-318.34332635555603,34.689510738980786,-0.0,-0.0,-0.0,-787.4871535205261,-611.3123344771024,-472.78323033764514,-299.2872978825507,-0.0,-0.0,-0.0,-0.0,-2173.15121503841,-77.2807720644284,-22.060763900574702,-0.0,-0.0,-627.9951504000398,-340.44263995616217,-0.0,-1767.1135773519118,-4186.127046398007,98.49173689234242,-1097.3781068682824,-0.0,-0.0,58.41220929862723,-468.7124574002072,-1705.5589482490836,-481.62441612838245,-2702.8316666866617,-1173.9740319287387,-711.6600794786268,-1334.2082628165588,-0.0,-0.0,-0.0,-34.13729984815695,-1169.2609456914388,-0.0,-0.0,-2807.825947713011,-74.98982174048462,-1303.1111064395097,-722.9688481562969,-0.0,-0.0,-0.0,-0.0,-0.0,-0.0,-657.5430870347682,-0.0,-1468.1710379183462,-0.0,63.807769704900075,-1230.1041466036058,-0.0,-0.0,-0.0,-2069.6762731022905,-0.0,-0.0,-475.65915524590434,-0.0,-0.0,-972.6265287158388,-536.2017703213986,-0.0,-0.0,-167.69009572493107,-1829.8234380895985,-0.0,-1027.2266827484157,-790.088823003033,784.4291289203744,-176.1788111089135,-0.0,-525.7919665347806,-2.0639133108740344,-0.0,-20.407987633312906,-0.0,-335.7586291498324,-0.0,-0.0,-0.0,-0.0,578.7148679952255,617.1488001370134,-826.8464981558334,-1481.4602653888978,-0.0,72.09235141180568,-3.7182669249747273,-78.0148351475139,-859.8204009685825,116.13364084469889,-500.2658133113943,-378.8110951837688,-173.1736056632678,-3127.377054826017,-0.0,-215.57099880806047,-1658.0175314312623,-2317.500261584532,-0.0,-1050.9719953048036,-1590.8151302725541,-1931.7749769795698,-694.1435446569611,-0.0,-847.7900514478388,-678.5081644171202,-739.016093348424,-1156.6153454927073,-919.9240478880434,-0.0,-116.66764517023005,-1243.555068981746,-0.0,1105.5232873551683,-360.0087530661373,612.1795493730355,-0.0,-0.0,-91.19111384755125,-40.17799513404952,-2227.213480441966,-857.0847814654403,-0.0,-909.235291741362,-2925.9795019491326,-852.010703565914,-807.3742540498048,-1093.3867053908182,-370.2988741627063,10.489799094209923,-37.45846937276269,-0.0,-0.0,-901.9348550151432,-70.66641100589257,-0.0,-0.0,-1809.2257243745737,-634.499488435831,-574.5069771590895,-1793.764266539635,-89.62932741699925,-16.64754099987241,-2417.7978587947728,-834.6140912231605,-577.2911255816202,-973.1879106858293,-0.0,-2051.12490451818,-408.8796113892741,-1213.0723287675467,-1512.5955449163455,-357.5397265609826,-494.63344022411013,-1603.8095523142317,-441.5366952760983,-0.0,-0.0,-0.0,-1256.167133310769,-0.0,-3170.1992093279327,-1107.197907767355,-1387.737215688431,-0.0,-0.0,-0.0,-0.0,-0.0,-123.95223644085634,-0.0,-226.13908328971587,-879.819246098265,-345.8934545691589,-0.0,-0.0,10.080323261182834,-0.0,-0.0,38.05549037922676,-270.6503262974059,-0.0,-507.5189196016698,-0.0,-0.0,-78.52072453211663,-10.826097754911885,-2401.018489709195,-2084.1914196861753,41.28836582366716,-5918.396846156395,-842.5222757959143,-541.694846243034,-0.0,-726.2440111080505,-1286.4549377226708,-0.0,-0.0,-0.0,26.810362386525433,-0.0,-1323.1269555228346,-0.0,-1322.5043172128937,-0.0,-0.0,-2189.5769615303634,-344.269199799338,-589.3460042421526,-0.0,-0.0,-0.0,-0.0,-254.6580931675219,-580.5373664762142,1163.0353259477542,930.4213170290001,-651.6751346124867,-7.991180438104456,-0.0,-275.3673444159515,-299.61065765275146,-1615.7834572510262,-512.8252021774446,-109.0410685447334,-948.9442798243571,-1318.1210124091904,-857.4902293990355,-567.3607455723217,-0.0,-0.0,-0.0,-66.66698983592858,-0.0,-1577.037941181605,-616.0638910898866,-0.0,-1674.8683674160193,-1042.139764872802,-0.0,-0.0,-0.0,-0.0,-0.0,-941.0408974910213,-0.0,-261.1171165495298,-1544.1996312567646,-0.0,-987.6638258502657,-0.0,-0.0,-0.0,-2434.6462627862124,-1198.9561056786329,-896.7298316678532,-2117.672052436811,-0.0,-0.0,-0.0,-75.51458717502237,-465.3346234335068,3.491065122660401,-380.7182386142452,-272.54714810075944,-0.0,-0.0,-313.00028608849476,-1413.1984601227884,-3207.5886090435624,-0.0,-403.93246313445235,-1132.0479426233815,-389.0957007679408,-442.6033411013582,-0.0,-0.0,-0.0,-1635.859670370658,-1590.9521420088727,-37.2660891068564,-1559.5649929886172,-529.8095604164945,-378.08771664455827,-7.105213251164105,-1143.5230649148327,-0.0,-1853.9342508518955,-0.0,-433.50148432701525,-0.0,84.12862987630271,-0.0,-0.0,-515.0345972230984,-825.5520905227029,-7.463933968920635,-0.0,1096.7334501581586,-0.0,-0.0,-1689.5624496948444,-1516.752026592772,-1004.254739939576,-0.0,-381.9584766335153,-629.1549572413381,-1419.5412962236142,-0.0,-0.0,102.31856859440585,-684.1761673273401,-0.0,-0.0,3.8680041736770896,585.9574939845828,10.163624349085797,-1361.1064317168077,-0.0,-0.0,-1534.0650084845445,-1574.206534005104,-75.32628596937278,-0.0,-151.64377748992413,-698.9913085289301,-932.1757871796397,-1592.775265844029,-0.0,-872.7711195078623,-5.913386736679445,-0.0,-1460.7412101746704,-0.0,-0.0,-0.0,-0.0,-611.9478760684896,3.6795147321573896,-14.505293934242669,-0.0,-0.0,-522.8965976662681,-0.0,-0.0,665.7620100869223,-998.8506124238904,-41.62022531988075,-1987.550531633957,-0.0,-0.0,-502.04424262295197,-0.0,-278.49107711188316,-1101.3618905856995,-956.2723712247433,-976.0905510624858,-0.0,-0.0,1307.6260647242993,-0.0,792.5715223952993,876.2615076592283,-36.10779360924812,-730.5897196283545,-0.0,-0.0,-103.48471993503824,194.54247448850032,-745.145136749965,-344.70903239321234,-1069.1318969796991,-2440.9559858270836,-1864.2092029279556,-0.0,-0.0,-240.65903701602392,-5180.042642359453,-520.0024322635826,-473.1298083728621,-0.0,-0.0,-531.3762884112778,-0.0,-904.8305669645123,-1299.5034192649707,-606.5510883773661,-0.0,-0.0,-48.33486253720738,-0.0,-144.12010606784233,-1141.9961926208348,28.252732202083596,-645.3966260503695,-426.7125654007157,-227.44306337875977,-640.7458023260577,-2294.102579487832,-13.745736981510346,-1115.6524296688342,39.48640069500665,-991.0866959225515,-247.0942814197934,-0.0,-0.0,-186.03264767672982,-0.0,-0.0,-1592.7277717275429,-586.9889724980085,-0.0,-706.7215333366892,-522.5450639878019,-0.0,-0.0,-1466.5541560411546,-720.2204941195464,-1343.5283894696818,-1387.525960327072,-0.0,-90.20919786931502,-2604.2560485842946,-881.6389675221232,-289.5633262077658,1506.4993317632354,-1588.6505607856718,-1181.677499075386,3.4173827874503444,-770.4160905193049,7.15987190386963,-1660.992028984954,-0.0,-2913.9964270569967,-737.1306137688764,-0.0,-1593.5104000275794,-1389.5257973764951,-0.0,-184.16067501851632,-772.1332721597043,-920.576012730928,-1417.9595060989996,-703.6104910777036,-429.03477710437005,-531.7340286022969,-0.0,-140.59633337934133,-0.0,-2335.0587108642994,14.639571401672276,-3050.0007372242194,-730.3825922027092,-39.48933474542884,-39.28105531990411,-1253.5182130803826,-872.6778990202515,-0.0,-440.9572806540165,-0.0,-0.0,-605.4827398905422,-0.0,-0.0,-0.0,-0.0,-0.0,-0.0,-0.0,-683.8576991949798,-433.7092560795136,-2383.7876920797717,-2383.684307631855,-0.0,-0.0,-1101.1088330304285,-1788.4976691754064,-442.7801092458085,-187.66991838275968,21.607130337930585,-0.0,-1240.1523699855786,-0.0,-2261.3831266804623,-0.0,-0.0,-0.0,-0.0,-1686.8153388206044,-212.41197877290273,-474.1459243845831,-1046.5682884195396,-1136.637531880351,-957.1995615225312,-673.6647619790948,-1099.2419945828915,-0.0,-0.0,-0.0,-0.0,-586.1390400528346,-401.3622639966615,-1349.024837974873,-0.0,-666.447845771954,-4955.491642976222,-584.8424804604218,-716.7691910749833,-3091.3870882417928,-683.7965436451011,-0.0,-465.0862129379969,-466.0462342456403,-1044.5760519998025,-612.1736193065359,-1431.5672825470697,-1502.5502527495319,-0.0,-0.0,-0.0,-0.0,-1365.7055372290035,7972.428644021021,5925.019451540707,-0.0,-0.0,-0.0,-0.0,-1931.9330139020938,-901.0911427911376,-67.15515475058773,-1384.3103559710914,-696.5039220327659,-0.0,-0.0,-0.0,-0.0,-697.9504195910417,-0.0,-1576.9069305176936,-239.90212575124406,-0.0,-0.0,-0.0,-0.0,-101.00548060266611,-438.5547838912431,-390.77464985577325,-791.6162011386723,-881.9457448786884,-1053.548545007091,-865.047261855259,-293.8203886911113,-1280.1628805817684,-1522.082687955251,-1060.4564948801396,-1512.2988562142712,-34.605240864710694,-1151.780070700783,-875.0065205834189,-817.4961201449863,-1393.972339393383,-282.7807754961944,-2376.472611850611,-1541.129842364283,-1668.151529272288,-559.9272900076977,-478.7984021272201,-1102.4549534799503,-0.0,-889.8377958721467,-0.0,-2970.19634006206,-826.0049283683966,-294.46543253808437,-1497.718515437026,-1378.8402748099015,-1040.5846269391313,-0.0,-0.0,-0.0,-0.0,-756.394081680156,-2878.913124866469,-1564.2079281650022,-0.0,-0.0,-924.801297664777,-0.0,-0.0,-1028.6065959275616,-423.6061788364781,-864.2939408293322,-483.6153018429522,488.0401203270201,-1034.9325323850653,-580.4852020627801,-1555.958706912143,-0.0,1212.670260913289,-0.0,-0.0,-940.2679444283084,-4626.11638996525,-0.0,1338.7278533746141,308.0623837548976,-683.6643078804697,-213.03947820665172,-0.0,-1582.7596659294065,-932.9235735852496,-2126.2761158025173,-1853.3476867774527,-331.02929290939045,-0.0,-467.19935168365726,-172.15522932404917,-0.0,-1076.4183061272897,-0.0,-1620.058414442013,-2291.2677713459248,61.33791600727102,-2120.780354137544,-1777.0321310467125,-0.0,-481.8972141484236,-1224.3027525674454,-2053.9867415384147,-0.0,-373.254702654285,-2249.94702658827,-847.1426861217819,-745.925935923148,-875.2047883837797,-381.16571281373376,-794.9463442137286,-1370.1789987301242,-0.0,-884.9164693874492,99.30599854789995,-1109.8123462521137,-0.0,-460.4361490286243,90.93734863352802,-956.1486519497294,-583.2927330324266,-0.0,-481.53826012658266,-374.6959841550947,-1644.3484319432437,-1049.349462109843,-1516.7456747672813,-800.6411279122575,-635.2577711303204,-913.198503056748,-1770.5217866945488,-20.777959383939486,-0.0,-435.75280904985743,-614.0106026583576,-1193.1426061006212,-1881.060295689362,-308.8006647223569,-632.1651220450905,60.59067155235562,-843.3211672166158,-1068.9781981091119,-823.2189629527697,-0.0,-814.3605062814361,-52.36543797604542,-2190.513462943865,-0.0,-407.1983948940549,-811.1441982303398,-465.1088649808806,-2252.072180975533,-164.56798091025848,-1443.3352389101003,-682.7541027142993,-2224.0455720354385,-0.0,288.6259883323964,-0.0,-0.0,-289.62674767128686,-0.0,-0.0,-3436.1122594251756,-28.000584463709963,-37.803825604422215,83.89213166362735,-1258.6281505610953,-0.0,-0.0,-0.0,-0.0,-0.0,-28.080161908667026,-0.0,-309.4094363272727,-0.0,-300.4388297788783,-1501.4560239561904,493.747333869479,-2493.3318395482047,-0.0,-0.0,-0.0,-0.0,-0.0,-0.0,-0.0,-0.0,-0.0,-2503.575866743614,-0.0,-2570.7133673565518,-2657.1923294891153,-34.21641551467643,-0.0,-0.0,-0.0,-0.0,-800.1557971518739,-980.463586505962,-0.0,136.35793160786613,-569.5909029599806,-1855.5560552634356,-595.1494672238534,-0.0,-519.0224494624057,-898.8763338532042,-0.0,-0.0,-585.3596235219821,-735.7342609940645,589.3246691861531,-468.02663359935985,24.705469611020717,26.19229837209987,-0.0,-0.0,-0.0,1569.8355932840054,1229.6372717037218,1344.5318984411172,-0.0,-0.0,-0.0,-698.7007537224525,-0.0,-0.0,-801.3453265361676,-68.38230560184014,-381.04722105616554,-52.616027560061596,-1004.7851920867605,-701.5813151033424,-1193.7513548367103,-118.4718695324578,-244.34589290285734,-1050.4000543331672,-0.0,-2106.213824947213,-13.972482627719666,-839.0982568245446,-768.9178073065875,-15.350807266835062,-0.0,-1089.7566544395506,56.438471213785085,-0.0,-0.0,-0.0,-0.0,-0.0,-1315.1279654546015,-3210.357182015771,-0.0,-611.0411841714607,-56.57888028100945,-0.0,-0.0,-0.0,-422.99617549338683,-23.543696569127246,-0.0,-1155.8453461401757,-628.5880191249728,-0.0,-0.0,-495.200019416331,-0.0,-0.0,-1528.010495880511,-1352.5495498695889,-0.0,-782.1552973007654,-1878.70745537673,-73.35668460143931,-0.0,-0.0,-240.72286571814948,-742.6609858424375,-222.6695623156325,-169.77307181641984,-132.57381866445522,-0.0,-0.0,-0.0,-1122.8488534119908,-973.8827179497754,-1992.9235521444525,-262.87927985393014,-1220.5304238444921,-99.78879601983297,-155.60299274488642,-459.2883350288372,-1702.2127969301025,-0.0,-0.0,-1430.8546124370082,-1601.4414623756106,-0.0,-0.0,-0.0,-556.2425900848301,-1810.4319503046372,-3120.1778373588495,-0.0,49.400215158985,-173.99596189599393,-599.890276926995,-552.8367716214194,-1836.303639213508,-0.0,-1411.459695036411,47.41735843383137,7.846105586994759,-244.5775476238634,-0.0,70.26869357430945,-255.50379601406823,-425.45551116905665,7.63737873669234,-0.0,-0.0,-692.942293746332,-10.756044882153896,-0.0,-1262.5912666197269,-867.2341551746817,-1114.5570436075782,-751.7383271253173,-1158.947049420514,-1410.9915052956453,-0.0,-0.0,-0.0,-0.0,-0.0,-343.20967589724967,-572.2828872024918,-1121.1114352627208,-1204.6575705754858,684.470522963926,-1376.8599793688143,1533.1608333520535,-0.0,-1973.7604159888267,-1546.6338243650282,-734.6369866633756,-28.92636973457501,-100.13617190332404,-2026.3144899382103,-202.13147057898257,-0.0,133.35680087958772,-877.9386676533328,-0.0,-0.0,-515.9073718575745,-349.65916067180586,-389.379132478429,-1113.07450630529,-1454.0667736355067,-0.0,-1385.3212968148716,-1152.9260629854818,-4215.225832471705,584.7912451514566,493.65493346351826,645.3018962763001,589.2110451283404,-0.0,-0.0,-0.0,-0.0,-0.0,-0.0,-0.0,-0.0,-535.3246182297689,-0.0,-44.03421474118547,-39.85713429872457,-0.0,-1010.6985271378143,-1207.7158410918894,-1777.58135697699,-0.0,-0.0,-0.0,57.55742770449533,-2982.4216041506947,-579.2004173275301,-2511.9214970838134,-1618.0297093040588,-0.0,-0.0,-149.7765516073101,-1172.9816029157782,-0.0,-2072.70540479492,-636.5550754148665,-0.0,-0.0,-0.0,-1948.959165699985,-0.0,-0.0,-0.0,-0.0,-0.0,327.4988648306299,-0.0,-0.0,-0.0,-880.0284878002161,-0.0,-0.0,-0.0,-0.0,-0.0,-0.0,-0.0,-466.57475441773084,-922.3044182636812,-1251.9496407385461,-1452.4243273440964,-523.2743017134453,-1022.2564500607649,-31.648539403075375,-0.0,-584.3385571849981,-42.26571404800957,-0.0,-0.0,-0.0,-0.0,-750.0636225153378,-0.0,-500.75292057887214,-1210.2483806798462,730.9201978442492,595.7383753101601,736.4450406366975,644.0130735813146,669.6657230219474,-0.0,-0.0,-0.0,-0.0,-0.0,-0.0,-382.94320719319717,-0.0,1924.1256905920893,901.5975637601139,1058.6345825744656,-0.0,-0.0,-1200.3720897054634,72.06443898967959,-54.98880739816114,-2065.040375507375,-0.0,-1542.0464867408386,-0.0,-0.0,-0.0,-0.0,-519.3615849600313,-0.0,-541.6362184276377,-538.6258867484206,-309.2595768700705,-0.0,-13.260381044524696,-0.0,-745.1112428830581,-0.0,-2116.8991788306075,-512.393148698168,1521.8865934737323,-1915.6600547783423,-784.617934605303,-67.13617336647691,-769.3249707007137,-0.0,-507.3097694452244,-70.89106598811438,-2151.9153618236974,499.3107884012092,84.622715962127,538.1568965222194,1102.5592145280793,-0.0,-249.8214769474569,-23.53765113187521,-1108.1978710384528,-930.8126369283541,-1317.3080221758996,-1623.4982397024785,-0.0,669.8241947561723,-0.0,-369.2064450565336,-2457.897792570071,-1095.5575453208708,-0.0,-1311.0626777149907,-381.7030592860092,-553.8443132411446,-608.6068898861732,-282.7881513414226,-1242.8418452120834,-0.0,-1771.3822118674625,-405.5172251431566,-1291.4569519437614,-307.8157642011311,-0.0,-0.0,-0.0,-0.0,-1093.9413177529248,980.0514121261047,-946.3267687847292,-645.9722943130296,-0.0,26.829702930168118,-0.0,-0.0,-736.2262085202344,-612.738077445416,-638.9305400641941,-644.1148063854512,-0.0,-0.0,265.83419909196033,243.01299142572324,539.5646641220508,-0.0,-533.8895668831892,-1684.2345731585945,-1143.8767897656126,-3.7893982410093074,-1422.6232272657082,-0.0,-0.0,-0.0,-508.98739097595296,-879.4695075006387,-0.0,-1247.0040354333482,-0.0,-2530.3968091189795,-3454.1892656450623,-0.0,-19.98755796653733,-0.0,-702.479973808139,-0.0,-0.0,-0.0,-1870.334404324084,-915.4476620870713,-544.9211432048704,-712.3038755892264,-0.0,-0.0,-2058.150378198824,-0.0,-521.2145896331876,947.6501954381424,-935.6161550795041,-722.39137513984,-550.6427973778568,118.17352100167352,-0.0,-0.0,-1189.3933886620148,-0.0,-649.7860910140652,-66.63557539181137,-348.40563303059804,-284.7116457073251,-0.0,-0.0,-199.84185560354757,-607.955245992736,-943.456319342902,-510.80049636280563,-953.5267897714457,10.26614441356716,-0.0,-118.6303700147083,-1696.6847566449535,-1099.749831860099,-0.0,-0.0,-0.0,-523.6683969838101,-533.7718931199892,-1217.8540412496197,-0.0,-0.0,-0.0,-0.0,-0.0,-1347.1406842186796,-638.6718895271579,-0.0,-498.6389305754169,-0.0,-16000.368246346432,-707.0052107284429,-110.09334282592548,-628.8390075598078,-0.0,66.2043019707019,-1061.7370941749969,-2204.9952040661237,-0.0,-0.0,-0.0,-680.3162658590438,-424.82092231451156,-897.5398132314546,-847.6477590225809,-478.24170825093995,-0.0,-0.0,-1468.38303590543,-504.2176626445123,-2087.6244656324575,465.82490255089834,-1908.7128140229306,-0.0,-0.0,1564.4643122489351,-1387.570308250907,-0.0,-194.00680223822215,-335.2211810441319,-583.6857390229945,25.611851995386694,-680.3304758533149,-0.0,-0.0,-1076.0605237708635,-1279.7915288828187,-2615.7340740298673,-0.0,-0.0,-2017.3899111220294,-721.4900973351663,-773.5868515291575,-2091.470196223683,-1403.8992891651721,-0.0,-0.0,-1008.261357220982,-0.0,-68.1695392918446,-1389.5872588775094,-1497.5938160992916,-0.0,183.5199551054208,-670.3628445931373,557.4664955202301,-217.53227966929057,-221.21296780940148,-0.0,-410.158979246367,232.83195964054792,297.76837996514683,-347.7130375545251,-2181.1078276595426,-1715.494462669844,-74.4606185302626,-4360.774745044335,-583.634604742741,-1007.0275904483751,-43.61298208066251,-3151.020103632549,-304.6364269806689,-599.038798349816,-241.32791790989793,-1671.4725462467604,-958.7221277139319,-2887.8069604887132,-4980.143350652955,-74.63172884986628,-612.3254499675461,-1345.0752463567328,-1095.8300411650812,-0.0,-2957.999593556846,-0.0,-264.224672257975,-1556.2177475377434,-1095.670482108734,-0.0,-0.0,-807.4196843899023,-224.90287821493857,-0.0,-1285.890871234404,-0.0,-674.1494597141601,442.4605812475413,-2039.3702787508676,-428.44541526053473,21.15395750593481,-11.823372151375873,-0.0,-1826.6423007446508,-521.0367238595561,-0.0,-122.95013692580964,-0.0,74.20153228081685,-145.63380994062064,-0.0,-364.83521093646453,-1239.8382055132968,-393.3686844752207,-803.8970904884502,-1746.4067459393111,-0.0,-3291.7054137917644,-1558.201196640113,-2512.0129321548134,-2085.990836195259,-75.74803317111214,-212.7371299817451,-512.4270662085528,-1200.142087051535,-0.0,-0.0,-1054.0871230326118,-165.514437589356,-0.0,-75.48155449353342,75.51965732629711,-1994.0273037577158,-0.0,-0.0,-1044.6475582335495,-0.0,-79.35907904607592,-0.0,-46.6958408336862,-140.43214956873072,-0.0,-353.52210059837455,4848.1294973702625,-0.0,-0.0,-2365.2078345031837,-622.137319654314,-206.9610007003786,-0.0,-0.0,-0.0,-514.8459664704695,-1860.7732688771328,-0.0,-0.0,-0.0,-1830.8152853802164,-0.0,-0.0,-0.0,-1344.3120503504738,-703.1798516027703,-266.7883350247049,-379.9217389581062,23.5222418525416,-604.824931483534,-345.66826623409725,-173.2822738116844,-2128.1891672182496,-0.0,-0.0,-1085.1855660880697,-727.8433857783815,-2281.1541948805284,-0.0,-0.0,-2086.9122669613716,-612.7749946179799,-1172.7017198161811,-338.2079433955395,-584.7487086757734,-1774.2513372817045,-707.902847181161,-69.96238510062838,-783.2085268786979,-1926.9347404583125,-1383.8534921044732,-1143.1016523523574,-0.0,-499.40584710048245,-0.0,-1604.9650059638313,-340.42144625417575,-177.97335381953317,-635.8773735829583,-648.3552613559241,-10.623188850836872,-0.0,-970.8198317892744,-515.1875377803545,-40.19088810930132,1299.2815689206604,-68.38745391382993,-0.0,-640.4714288819284,-451.93114525767487,-0.0,-670.0154190816423,-1422.8723132710923,-0.0,-0.0,-0.0,-0.0,-394.51697085043344,-794.6298859228458,-313.0354075342219,-438.85819273433117,-317.5267071845716,-1453.369961113818,-660.7402996631672,-1133.0600096775388,-2341.2235267754613,-1584.8613706507076,-0.0,888.8460336895618,849.3165622034181,528.6054508692183,714.0814298538146,369.9846325406942,-0.0,-0.0,-0.0,-0.0,-0.0,-0.0,-0.0,-0.0,-50.125612187676765,-766.4294486741705,-446.7670989418863,-243.0768918439812,-971.8552398894233,-92.26604928072346,-316.3420835302029,-1035.6679824296045,-240.57825078847645,-1733.461941733079,-736.6277689593363,-68.5925030837083,-347.0929028021646,-23.71480283689896,-0.0,-477.73424048925216,-143.20815280781918,-211.46131502135373,-687.7772992221259,-263.2126075220963,-1444.1506289804245,-279.7873074489456,-0.0,-0.0,-1797.3888443621404,-463.16282608973506,-308.2968492309675,-446.3268762085718,-885.3990362662382,-366.8550720362704,-346.2274293813103,-0.0,-612.959539244707,-698.7597282525511,-623.1572289672962,283.12529523453355,-1242.5525638087834,-1787.0517675567594,-171.1218611059317,-657.3897107443668,-668.0012854590146,-11.336711666035162,-0.0,493.49553148391743,-737.2699642625773,-30.87135553167142,-1736.2911661013773,-0.0,-0.0,-1018.7575143410295,-409.838753308011,-0.0,-480.12386675123,-594.0060342987921,-725.6458579568125,-0.0,-628.9209002197786,-456.34659321256936,-1933.4557290435796,-3824.783789396676,-355.40957672416715,-0.0,-80.38515265816099,-373.0474954924977,-1450.5417871870718,-201.74222687204832,-508.9340185146475,-670.8844297160102,-627.9721900663334,-299.1804843661002,-0.0,-0.0,-1442.587909377756,-106.06293432104685,-388.27824113148057,-652.0823569381597,-1091.5951322307133,-2273.6245549756445,-0.0,-485.3511892866251,-0.0,-0.0,-0.0,-0.0,-0.0,-26.150366000987997,-146.6212680841606,-318.9084977944389,-0.0,-0.0,-0.0,-0.0,-0.0,-0.0,-879.9378703788228,-1814.672962887012,-343.96048539425686,-485.59251265719644,-34.218816225688215,-0.0,-0.0,-348.1530188314922,-0.0,-0.0,-113.04429947524277,-2594.00587973413,-0.0,-0.0,-1389.2471751216874,-515.020329514972,-913.3257454190359,-956.1256697234799,-566.8297720550838,-0.0,-0.0,-1045.4558853274643,-1703.7648253237676,-792.3524732429603,-0.0,-967.5051528206517,-0.0,-337.0689831171008,-678.3787429890717,-0.0,-625.6394495146803,-1681.7107277175892,-0.0,-1559.6821042628385,-158.54692487850912,-481.3325198081069,-1180.0575936252703,-169.69105531317967,-1096.3413388966603,-0.0,-972.4214024897369,-24.040223409422076,-1742.3011164686532,-1693.15499281533,-0.0,-0.0,-0.0,-0.0,-633.1886518972123,-669.597898219649,-0.0,23.653072590753247,-330.4696075383013,-690.0441483058003,-1935.685336431253,-2066.057501348302,-341.33176849387166,-0.0,-1147.0426755026895,-670.0634885158034,-1708.6734092403494,127.03971309746785,-0.0,-3263.2482132913715,-573.8585045090764,-0.0,-416.55448927849267,-1373.9771452685143,-0.0,-0.0,-475.00424639924125,-1153.149374126343,-0.0,-887.1469341874761,-1148.3963715801099,-36.419792036156515,-73.73235330810441,-470.7485442127579,-0.0,-1297.0697693664204,-2291.8142436979597,-1078.6737862339512,-144.1323679715284,-1851.1738836919747,109.26829181632348,-832.5453399032987,-481.9278549405676,121.41035435633975,-768.9320044600835,-1301.448522800359,-736.308868854279,-1342.1422256956844,-399.299502252196,-526.4983954416989,-625.7835637111417,-1472.5629739485962,-0.0,-0.0,-1634.8021032047911,-293.52515259111885,-0.0,-1320.346327980172,-1037.5004036044177,-0.0,-2569.103478874733,-491.6984440160899,-0.0,-629.6248754980026,-0.0,-0.0,-1005.9037659625355,-1060.1828530108867,-0.0,-0.0,-0.0,-766.1248696635097,-4.010142222565872,17.524566077110613,-220.98896389465898,-0.0,-1858.9328849914693,-1467.5673053865917,-499.0050659736605,-1846.6461430284598,-0.0,-50.095011681273704,-786.4847027479868,-0.0,-378.6868537945335,75.77666264477585,-1309.366570411256,-862.1204398257651,-629.217681160999,-1108.5810480771152,-0.0,-0.0,-0.0,-682.7492423561366,-0.0,-362.96251441228463,-834.8398282107863,-187.6608505565319,-1029.8153602635218,-1720.1984115415805,-452.79012474281484,-1678.7621942915312,-0.0,-999.9304954611241,-612.9182995310351,-477.0274108829662,-1025.6512060422385,-285.8947790302355,-463.99195516465306,-1169.7186765987071,-0.0,-0.0,234.02470764080337,-2490.439841306407,-888.7680218225088,-248.7216917207107,-0.0,-280.95140730507933,-442.70697827972657,-629.7573895940579,-0.0,-0.0,-751.9679684756072,-0.0,-19.93618636879809,109.82949420409729,-116.61368599627156,-1872.8731270938295,455.9181881203429,475.0431137144415,399.17984104040937,530.6735749435823,42.40606512229073,-0.0,-561.1637850945774,-673.8229109103049,-322.5216755099988,-8.829403433581087,-0.0,-0.0,-0.0,-169.1731299894364,-10.919049809325308,-948.4520252426562,455.3016325944354,2152.7547327521247,-0.0,-0.0,-0.0,62.13126421578645,73.79425279170752,-0.0,-2734.0434498393556,-0.0,-0.0,-0.0,-0.0,-0.0,-1990.5803702696492,-249.2528351403578,-0.0,-381.9107343776565,-1786.1188900647787,-149.42565887176997,-290.96270249167435,27.516543578746802,-1684.3470099976726,-3352.8251510443106,-1486.27019457414,-0.0,-0.0,-1458.1529672854435,-903.7206837630487,-643.0550389101203,-427.0193042669287,-301.63628413620785,-867.7091671326383,-895.2372754113243,-4380.721858050874,-535.0559734390442,137.60527677728444,-690.3309566468009,-819.5121974984646,-576.1566478189569,-568.2417885579205,-6.825717699665281,-1693.3781118899399,-726.6905189284929,-485.4952976119137,-0.0,-0.0,-0.0,-0.0,-223.22302550509886,-1079.9212894567113,-0.0,-1171.7052500817608,-1242.7117077522887,-0.0,-0.0,-1294.205366401588,-0.0,-0.0,-211.9302486468129,50.87121944536381,-0.0,-0.0,-2624.553896413228,-1024.7117876191048,-99.8828534090037,-884.3627767627821,-1081.7585719403178,-0.0,-282.6109889692276,-435.47259128764995,-0.0,-1362.227706396365,-322.6544715884933,-910.1402177794713,164.59777011150774,-756.3312860298334,-201.38690186651317,-209.179758225711,-48.697913357639045,-33.820043648431884,-562.1942654495009,-719.9433248149693,-394.81638028974913,-731.7571262352259,-0.0,-49.55730662474691,-651.279234117125,-155.8946513623436,3.758803058436437,-0.0,-1041.7280943555463,21.198931851384657,-985.3999847221914,-0.0,-0.0,-0.0,-1752.565397273374,-0.0,-0.0,-77.17485594507646,-0.0,-0.0,-0.0,-0.0,-0.0,-0.0,-585.5036518704393,-1232.2573969548994,-0.0,-0.0,-0.0,-0.0,-857.5825228336705,-458.0559256861148,-0.0,-0.0,-1665.5588741330469,-0.0,-1211.3897171285753,-2432.599939368043,-0.0,-0.0,-0.0,-474.72098498834737,-0.0,-0.0,-0.0,-911.7408186424179,-622.4163661045854,-600.4175541347337,-0.0,-0.0,-214.35733506396204,-0.0,-3528.2862020354987,-5074.738822698752,-0.0,13.46393684484786,-0.0,-508.42007972874023,-680.660496214883,-1693.779430639243,-0.0,-0.0,-96.05220771224722,-641.5838040645515,-1245.2066100310933,-605.1975958897598,-360.73248011624764,-0.0,-0.0,-962.7060750583295,-989.5248996928862,-41.67856815422727,-0.0,-0.0,-622.6142726955246,-331.25011384781254,-75.35791557360781,-0.0,-0.0,-0.0,-1893.5819605981478,-348.8002675351471,-1177.3927491220945,-3804.5704046811516,-0.0,-781.4195693116081,-1014.440988564855,-2097.945269729182,-264.207906724768,-0.0,-0.0,214.1960188925751,-1073.1698929894399,-1493.1127669451143,-445.49792307717763,-116.57170931337257,-23.543798306046103,-1672.7062959734656,-416.61107054418795,-1476.302987110027,-615.3236695179502,-2102.1577252080374,3.3792420065012534,-851.7796674407607,-692.5348907734784,-1796.8803485312887,-0.0,-0.0,-704.267875081853,-1572.0467832786778,-1643.007259582222,-908.2734901251969,-0.0,474.3708193105806,-56.98712979365306,-422.4292346185002,-0.0,-20.212000787261807,-0.0,-2522.852844478812,-53.07977842891816,-0.0,-0.0,-696.0122230038969,-979.4707188712555,-765.6937015507225,-269.37377207270833,-587.420509107027,10.396355753623224,198.15719158257025,-725.5062310642842,-23.697689878641384,-1374.5578643942465,-0.0,-1454.2308022690613,-100.5750773690294,-586.5698635147941,-324.5326434641614,-20.45421081392467,-39.23496878286974,-19.83339041410121,-1181.6613090716648,-855.3806319245838,-1266.2272061362785,-214.88723163039182,-1222.7381635241375,4.000634119048915,-0.0,-667.8822419690472,-2644.828834410324,-0.0,-0.0,-23.250827469367,-1798.4172868009741,-188.91052961167188,-581.3167391499728,-338.75677019338775,149.2515822411239,-0.0,-0.0,-1092.2115393443655,-0.0,-0.0,-1770.111063714878,-1508.8703928624655,-818.6504542953643,-728.8398812931553,-507.96968968978075,-862.6718758614426,-692.7958639388687,-1078.3331586562695,-2261.9103829719706,-0.0,-0.0,-0.0,-0.0,-263.9461193307915,-0.0,-1767.6143885163065,-552.647830312056,-727.7043533590218,-884.6345352475387,-461.84777257628326,-0.0,-1479.6257622463497,-530.9779218470127,-0.0,-2310.2636639050515,-1280.4341507628708,-0.0,-0.0,-2555.5961843921436,-1810.33558194464,-358.0933506031222,-722.1065641548265,-0.0,-416.97571844720636,-320.6292978711542,-0.0,-561.2777086166781,-471.4927470073431,-485.8630925739803,-0.0,-0.0,-0.0,-0.0,-382.6698992654187,-1145.0982417335824,-5354.475480099894,-0.0,-0.0,-656.1912837000951,-695.5754367713764,-1789.984379394472,-565.4505394874295,6.7611926863013005,-479.16501949508296,-0.0,-650.2352688994281,-508.08047202472926,-0.0,-423.71092400617886,-1031.370914581013,-0.0,-0.0,-0.0,-0.0,-0.0,36.70171798119476,-1933.9324337743922,-0.0,-1125.6392163612968,-807.0199949219211,-3.9225281607078073,-1808.4235424638634,-759.5899485167093,-933.9374239413264,-1168.2241753164271,-71.19665395409105,-108.93302132174968,-1103.7606375234275,-764.5611346700563,-587.2675501213544,-0.0,-1414.9747659261282,-1100.7149711889692,196.27734638769107,-0.0,-534.4978044348944,-712.1874959268217,-845.3290397231651,-69.58714367301374,-0.0,-238.15029238266578,-0.0,-0.0,-2140.688509110385,-2045.8387175865594,-1741.9325511624213,-1448.9087516655798,-0.0,-955.7495233868189,-1744.6377819850584,-0.0,-4748.2904331174195,-0.0,-0.0,-0.0,-0.0,-850.032452800954,-2093.579597145559,-2129.267490767297,-85.63995454447006,-1870.5574530164888,-0.0,-886.9513450341072,-30.38168877915695,-0.0,-60.251987282145414,-504.0962556646903,512.9225611076677,-0.0,-386.3072531273491,-40.49013632877489,-0.0,-1251.747024182374,-0.0,-1745.806173757641,-138.04861155243432,-0.0,-0.0,-975.2489328612758,-1618.5557783772986,-952.3170336610993,-1025.7557861249106,-1242.6673597907259,1367.6065451021536,-44.220913393899785,-766.904020886155,-30.770678523469744,-1883.3715695696797,-806.8324325040729,-754.537516168053,-398.193565019346,-1468.566817993867,-1520.9728648553505,-371.70151389829726,-2233.048707920806,-319.1148217626196,-0.0,-0.0,-47.92889144873053,-0.0,-0.0,-0.0,-0.0,-0.0,-0.0,-1339.4084086947416,-560.0941878693075,-1180.7553416388048,-791.5774271140209,-0.0,-608.8971670168693,-1209.288121279164,-1068.1364265179393,-1797.0917045491597,-1123.6097300681658,-75.932547275241,-159.35920427947232,-952.5500008670613,-1340.2611507113438,-0.0,-0.0,-0.0,-63.91043064676416,-788.6385447042878,-154.2057833011465,-476.46803301608156,-948.558598585419,-0.0,-0.0,-0.0,-3577.5754221357674,-0.0,-119.25616341224774,-0.0,-201.05193262612806,-1161.7845995432863,-1072.279601043964,-735.134222092686,-0.0,-37.902250072246545,-551.8942762824278,-597.5935220504665,-490.04488708484354,-0.0,-971.0213073644085,-0.0,-0.0,-2833.4565757479118,-0.0,-1191.724552838678,-547.6930516301364,-375.2797436918548,-245.92184096604515,-1234.1666837627429,-2691.317738936847,46.20664658787864,-1790.0612471865998,-1621.7002173732703,-465.6105107735169,7.602655346519775,-0.0,1319.5051462814126,1022.8366843580446,1130.2770329559164,-0.0,-0.0,-0.0,-831.5511977813026,-0.0,-268.95107349459045,-198.53570021857934,-0.0,-3582.535270205121,-0.0,-1206.4260026659547,-79.75690374959055,-977.215931664835,-459.3800188557691,-1340.848757141093,-1078.8216750493305,-0.0,415.1105183978111,-2382.9724064294555,-1460.106957512063,-463.5265453547978,-1226.762549238646,-1752.605072172329,-0.0,-0.0,-234.54032344276104,-646.8104751656689,-1817.5947612291773,-755.4658062949208,-34.68799469529062,-0.0,-0.0,-627.0904534156227,-0.0,-0.0,-0.0,-186.64599841986364,-1315.6972778249856,1374.409902387352,-1259.2116593458054,500.7574573187652,-706.3888106321717,-880.7250101581643,-11.887584398992285,-4675.812036875812,-314.28835945149956,-0.0,-60.076577086750575,-2007.7398675008521,-1475.9000610688263,-0.0,-28.03350842535021,-0.0,-535.7776488895915,-24.660667280567356,-1813.4219837377066,-1306.3367255626158,-0.0,-309.22561863539863,-0.0,-0.0,-0.0,-665.3140537699438,-957.4773781325167,-368.6186081582073,-1108.7053920069304,-1672.1100652675834,-882.5131709105082,-393.2277087217745,-393.0137006412671,-115.18030792974322,-1606.3574090272202,-576.5526006077397,-840.0653899842318,-1250.072949619833,-1467.2990263559957,-1176.2706737436545,-295.3488664434583,-1370.6143213630232,-0.0,-0.0,-0.0,-2254.7592168679416,-0.0,-430.4119803189685,-1121.8527722322935,-9.984011907360804,-793.3830894214334,-534.9710355422634,-865.7346174442267,-663.7811588237367,-191.60644609445978,-1839.929164415935,-4229.7807806272795,-260.35025135413406,-31.597763018781684,-0.0,-102.53511145470446,-6565.323918147812,-1855.1138844251107,-576.5393128177851,-2041.4995902301844,-193.10519694171265,-0.0,-21.378216526116017,-637.3737024243304,-117.62663754382248,-1124.4006485140753,-959.7400123474805,-173.79465704351944,-0.0,-641.1864974187065,-1930.0504248751831,-1786.5372518030938,-1511.3676219515842,-0.0,-1413.6344684766495,-0.0,-43.718407275658805,-959.8158305123983,517.372603977027,-0.0,-0.0,-259.5074608941173,-949.970345866639,-676.3990559740561,-1149.9158260813977,141.85233973160925,-1258.67921925026,-111.45363999143393,-322.73608410446786,-1923.483827673346,-1782.8819243717119,-344.69539706392476,-0.0,-0.0,-0.0,-0.0,-0.0,-1596.5662965213148,-0.0,-582.7817064805125,-737.3629625881113,-2252.653426165309,-0.0,3.1550805151816523,452.0527087857298,1933.3357813554521,-553.9631848861706,-1202.598611421612,-0.0,-1426.278851549214,-3504.534376141914,-692.7352198862321,-4866.469181287183,-1175.3012219005432,-0.0,-734.9840902041482,-2242.864224079443,-178.9406428997563,-0.0,1024.6639961496478,1244.1145436028505,1132.7066602095067,-0.0,-0.0,-0.0,-0.0,-83.5987555065458,-2382.3621071890257,-78.90968876622694,-0.0,-1819.9677207747684,-1057.1819179133768,-453.9254979652739,3.7383567737275274,-0.0,-204.54663297272694,-807.2168954943209,-0.0,-0.0,-43.12560193414643,167.86846795449515,-1914.5132960106255,-0.0,-794.5315750138732,7.821088043235173,-78.99649750279154,-0.0,279.13966460198674,-91.96025517073083,-511.41340130189025,-1814.7761468311899,-0.0,-59.174083076918116,-1026.9929964005,-907.4799617947659,-36.888538762398355,38.593392961933546,-0.0,-1189.6267729536291,-730.3006583117673,-6.679977543497167,-0.0,-0.0,64.83424478784193,-227.30752575273064,-166.24895270543885,-72.47176532818173,-10.523738366597467,-145.40293681628285,-625.4495476663722,-888.0908510662689,-496.68883382276283,-0.0,-1912.069778184817,-797.3898463558165,-0.0,-0.0,-1030.2344750940986,-2042.129666973018,-536.6672452955222,-7.135196410131134,-2547.835151131284,-108.25571208776874,-72.29545047163786,-1025.8413221302956,-0.0,-346.96209630878326,-1288.9551346224348,-3.9128915314158426,-0.0,-3078.8136912470563,-130.98263591343255,-1379.86038285145,-961.1485993098078,-1185.9997391890106,-2351.014832724548,-76.14928901283236,-726.2266776265193,-1658.0042212695093,-1212.6118197500477,-1003.4911005632534,-200.38767136791478,-1639.3652911171832,-0.0,-2801.5584662159295,-0.0,-5786.891197558416,-212.6824947373287,-79.36697858148854,-1358.3013139110271,-0.0,-0.0,-0.0,309.36666597104755,41.30374396632513,-766.1197307634814,-1275.5344343000468,-432.59587039748516,-1123.4484726773542,-0.0,-0.0,-1245.6352165937083,-319.11939089770465,-448.1665937977344,-147.02122195899682,-0.0,-1495.6703589823683,-290.8760271883201,-1791.801440409233,-0.0,-31.63286606515701,-0.0,-1604.0330510611957,-688.7139377428389,-1322.7961858319172,-0.0,-0.0,-1583.496584441726,-501.6763252526824,-695.3341787255481,-1392.9578199050054,-408.4399348819772,-1121.1365734738397,-0.0,249.3339743198792,-1033.8897705736583,-3622.5802838526783,257.4933497067815,-1339.457558095156,-6962.369426759944,-616.116426430309,-611.460935947062,-205.78019670542412,-202.3184831850214,-950.1646698293865,182.75052281112747,-199.94937257582575,332.9343037636424,-979.6572633018499,-498.54198355902906,-0.0,-1180.4839234300575,-1548.4393603383935,-797.2569739812177,-345.97874446178434,-0.0,-0.0,-30.207444969465573,-940.5797622469731,72.96774589025448,-2039.6213247138514,-0.0,-0.0,-461.4601633478987,-599.6184513105737,-1032.6102079597058,185.46983894194648,-2313.0035167355913,-1370.6753135613005,-1160.494897476556,-217.89646644690353,-0.0,-327.4018279929174,-0.0,-634.0569507371966,-21.743354982792056,-1413.228186218813,-428.6506663446018,-894.4118317374551,-363.37004950327474,-321.96883808884064,-0.0,-1102.1855954260952,-633.4039936966362,-1125.5908899946521,-0.0,-2830.6690980784297,-1219.3873594774282,-1288.1333335856784,-868.4635012096606,-1003.6817930419138,3.461283669631695,-1932.7054745648184,-639.5751737896755,-1091.0600969128127,-1741.0868071516327,-285.9403944229995,254.59980706918608,-912.637477823988,-0.0,-0.0,-19.54581254662751,-50.18964137073998,-16.579258520564267,-218.55745821593072,-0.0,-0.0,-0.0,-0.0,-0.0,-0.0,-0.0,-0.0,-0.0,-0.0,-1137.442890457016,-2269.9817362028894,-1983.9762907054205,-0.0,-0.0,1379.3093828204067,-470.28394284111823,-0.0,-381.3169506405756,-414.9354891540091,-867.1105661190184,-860.2798632515722,-1099.8406775179985,-0.0,-689.304833339686,-357.9059458217861,144.99434426104943,-0.0,838.6209922914629,-0.0,209.8638028991805,-0.0,-297.90820572161664,-0.0,-393.6596292765786,-974.5766749742222,-1623.496908369851,245.8696841137154,-0.0,-0.0,-0.0,-0.0,-0.0,-369.4088004596622,-73.82390772211238,-0.0,-0.0,-0.0,-458.958758069737,-0.0,-34.943418368541714,-576.5485970474355,-3290.7362810131867,-0.0,-1219.128313306231,-0.0,-546.4660765019762,-0.0,-0.0,38.567165637725566,-0.0,-136.11943254318967,-0.0,-0.0,-0.0,-967.6763500112023,-1555.7668920668214,-0.0,189.71821138937045,-1990.614619754911,-0.0,-69.31039033289227,-252.2405607386133,-0.0,-0.0,-1439.311169030227,-0.0,-780.3894075239712,-1121.6856128142483,42.72702927533584,-2777.092872991353,-1444.2225447600722,250.4919679359323,-715.6586380799174,-0.0,-925.445578964729,-0.0,-0.0,-0.0,-3447.527044681116,-835.5552328756263,-1367.9591841567826,-0.0,-358.14820185455295,-3.9597206037747643,-1177.8863087360232,-1814.825703289587,69.30566504294404,-2757.9007646524237,-0.0,-1442.4581728141466,-2105.509402164019,-0.0,-0.0,-0.0,-0.0,-2162.472230197029,-157.65250466915828,-1417.997334640917,-0.0,607.2617145217554,1011.6729074158125,-0.0,-0.0,-709.6156168732824,-886.8961006820547,-305.61430249469606,-17.599970583476008,56.53895827316009,-0.0,-1193.981419773079,-0.0,-239.69295280507154,-1090.5258667234987,1225.1654896879722,-0.0,-0.0,-0.0,809.9414055868064,897.2507162641413,-730.4853876304165,-0.0,-1259.356722083644,-0.0,-949.7015422791088,-553.8328234699359,-0.0,-0.0,-0.0,-0.0,-0.0,-49.82305516925228,-0.0,-0.0,-0.0,-1013.5306811435925,-260.3007579017628,-0.0,-0.0,-0.0,-153.48232288455438,-71.45798198608831,-561.9332526693067,-636.2797823378861,-2599.9349396730177,-1201.0426087196738,-988.5442899918745,-0.0,-2702.3949195602363,-33.630887682181886,-0.0,-906.2000957599188,-2094.2056395870004,-700.8465158051417,-409.81210351172666,-983.9944879364273,-245.19633353371302,-587.2588326129438,-653.4370232715003,-971.4323104270896,-244.02411210361655,-1521.2562211028403,13.67959272142684,-350.03150448072546,-0.0,-0.0,-701.7469630635654,-3381.5519442908035,-0.0,-980.6011016775885,-454.0237652483061,-0.0,-338.4373908998028,-605.5795480873368,-614.0518858896947,-222.4407772908606,-0.0,-0.0,-0.0,-0.0,-0.0,-38.22536031296166,-0.0,-560.9623770722254,-0.0,-0.0,-669.8924041342674,-983.4000360282728,-2398.7296717391855,-396.188236832541,-632.3229066857191,-93.83269880723704,-1717.4919212997963,-0.0,-871.0374492611586,-498.7198127375244,-434.49109400685865,-1199.8065852204625,-832.26443960563,-1573.4981557329568,15.22597874323199,-420.1368076241983,-0.0,-996.1315882928119,-991.9027281332043,-140.95258948263196,3.3893815788151085,-2153.693877796977,-1185.6537408491913,-659.4799663386442,-0.0,-544.0583780821913,-637.5762731100795,-477.2101907431929,-2223.8767926058244,-3.313042612575932,-0.0,26.092331390597778,-0.0,-0.0,-234.8748001159428,-3488.9241305066107,-174.97297577067076,-1306.358586880821,-3423.4913723877794,-0.0,-4103.540170962448,-220.20331911003154,-1774.1195538865582,326.70223270443205,-0.0,1407.7577960397448,-804.6929907270439,-0.0,-1763.6740268035962,-0.0,-60.90522463730695,-37.02651852379687,-0.0,-0.0,-0.0,40.122696998598265,-0.0,-0.0,-0.0,-566.4144223200118,-1270.9244876084672,-609.3816622127714,-0.0,-3121.172294469013,-0.0,-0.0,-0.0,-201.2931949304193,-361.42642502049506,-0.0,-1750.453636665421,-0.0,-0.0,-3074.6556724725174,-0.0,-19.891470185879815,6.757245625878597,-436.28486646353156,-17.84740542126756,-0.0,-0.0,-195.46092939603264,-0.0,-0.0,-1187.60781384861,-979.8634044522811,-1425.1154351567473,-0.0,-238.18054783631183,149.3530838564351,-326.78695610543474,-13270.967155466209,-0.0,-528.5616591841953,-1162.2355114990614,-515.0417046715284,-0.0,-30.01849673457244,-14.426745638639979,-240.55657649329456,-939.5852117908566,-0.0,-0.0,-0.0,-428.93558770319993,-2479.6176310732653,-1182.6008637442146,-0.0,-0.0,-0.0,-315.6726340852824,81.15144433075471,-7.164014623303241,-1231.5205223958803,-0.0,-0.0,-902.8336874178284,-0.0,-0.0,-0.0,-2440.5168826911413,-897.2955384756227,-0.0,-985.7355228444975,-549.3863811723229,-224.53144941333903,-634.6519157190666,-986.5083490628517,87.70106510183645,-1202.8695340277886,-1058.3768248568845,22.050764516583083,-1720.4138438609498,-0.0,-0.0,-0.0,-0.0,-428.25692779074774,-0.0,-0.0,-507.486440537802,-939.7779048001094,-650.7827961858601,-0.0,1407.0068287239112,1329.7713638584114,1316.4047462297945,-0.0,-0.0,-0.0,-751.6727712334956,-37.8946194597194,-671.6103937764137,-70.44814552779202,-615.6926280319977,-1474.1275143209375,-1106.0446226209706,-1803.0484770118112,-0.0,-0.0,-0.0,-0.0,-484.4143492195967,-751.7084227932094,-1560.0475507915041,-380.5564998067386,-1222.9509915616886,-1753.985316722246,-1912.528713865265,-0.0,418.2423609028474,-366.4899653680643,-336.1854927568783,-104.86921524653204,-4129.846694560587,-56.80441159046485,-0.0,-794.321373027702,-1376.6443416484333,-0.0,-62.7110421708555,121.36458013168779,-83.94485817488386,-444.6263043873381,-2067.0379856097306,-144.78847906092145,-1468.1738821384133,-0.0,-1661.7631036466773,-1613.4999210057013,-1326.5742329247403,-0.0,-1635.5502113399784,-286.8273230428703,-598.3877763060241,-859.3651647171567,103.80746351091734,-1723.5918296083669,-1113.5784525519243,-0.0,-86.63277111339656,-0.0,-0.0,-0.0,-920.8689225617834,-563.0001453470281,-0.0,-0.0,-0.0,-3303.7499907963174,-1724.3158989606823,-0.0,-0.0,-4.007434878383143,-1555.3461495677761,-845.0266623453706,-0.0,-683.0543908027468,-1241.363038807009,-516.9686095937896,-20.8394339785921,-798.4894340734528,-7.857166423852793,-1419.2701996992014,-1515.9893022000108,-0.0,-0.0,-39.03809064131891,-0.0,-0.0,-1169.9753985847565,-87.49705813475327,-406.8408445101996,-0.0,-0.0,-0.0,-670.2563277735134,-297.0078977742312,-103.60557504479821,-418.9413620531769,-206.23412573302798,-1809.8654692231694,-284.8420649912411,-522.7219883649599,-1187.3633624841123,-0.0,-366.54486878881715,-0.0,-1571.6800040494359,-1348.7135183600012,-1586.9587010518808,-395.81921915380457,-263.1830668546409,74.38167724253533,-866.2102852748116,22.167235209509517,-0.0,-430.1397506162286,-0.0,-0.0,-453.63574913795304,-110.67818403516746,-2567.8595810154866,-2604.7353958539634,-463.27563422262847,-0.0,-0.0,-942.1684638605965,297.2912549622402,-0.0,-0.0,-0.0,-1018.3389404856952,-41.13417900645817,-438.04818706050025,-3431.68191161486,-1331.7997260022707,-1036.4336522243377,-410.3322343260598,-161.5412814412928,-1148.2831518796831,-644.0623550124573,-448.2827800522141,-0.0,-605.9189829054611,-715.5495983774309,-1536.7380908254665,-0.0,3.903042124295606,-11.654393907842687,-0.0,-0.0,-1652.4142920171407,-0.0,-3245.214747778237,-1068.5650332162309,2259.7401154516165,2610.0452176138747,-0.0,-0.0,-723.4724621150937,-981.086239792512,-540.550820115431,-323.13675566795627,-2840.8656258919164,-525.7538103674477,-0.0,-0.0,-0.0,-1129.935092938117,-603.2160870344442,-147.96220156217032,-2355.7516837648063,-937.2429540328623,-24.503992355159607,-385.2736940317091,-966.6534459736688,-302.25769292632305,-484.33289805800683,-0.0,-57.93190409516217,44.56392817669213,-898.8940863030329,-151.16548724795132,-0.0,61.43797116141577,125.54215625488901,-196.45094465906098,-1258.132361621236,-2110.449628699398,-56.12331534066184,-837.136015198663,-1269.046367633863,-0.0,-0.0,-621.1059130984661,-0.0,-0.0,-0.0,-0.0,-578.833094827567,-20.893998553494757,-1127.950558941823,-1072.7591393437715,-2323.4863306431184,-1055.9093059353706,-0.0,-539.672744379568,-0.0,-1452.4941405052814,-1503.803997659469,-1225.1447250332672,-913.2098985861459,-0.0,-1957.0565137887468,-0.0,-0.0,-0.0,-3248.9536850230816,-1114.939193989881,-238.5633728275022,-792.6528540627132,-806.687841535017,-956.6244788506259,-0.0,-0.0,-0.0,-36.06867715505168,-5493.8678916979825,-637.8534430043192,-1682.08217352355,-3768.4153492639102,-2060.8322755993554,-389.0162513924515,-0.0,-1772.2219193646554,-676.6739335810438,-0.0,-301.9256083582211,-341.3873230989368,-34.793307011868364,-898.1363372020194,-276.1774809904568,1331.5773913035428,-430.8512618332155,-0.0,-0.0,-900.844065631303,-750.7700165180554,-2057.1486030633296,-279.4242832273208,-0.0,-0.0,-594.8855773029296,-0.0,-0.0,-0.0,-0.0,-1238.3902368203019,-566.7581763626209,-1130.2954343072472,-476.68069405995556,-3.551011202218115,-702.9585612222432,-0.0,-0.0,-0.0,-0.0,-2598.738409455985,-0.0,-0.0,-0.0,-0.0,-0.0,-0.0,-728.1110200610639,-0.0,-2517.5492886186,-446.70131047154433,-183.23411985758375,-1166.4161862306462,-0.0,-0.0,-1228.3883580635918,-1314.5425776372954,-3.9489963892912345,-395.87050865514175,-49.87577471330685,-1599.5747006117847,-882.2785033814692,-0.0,-3523.93576357314,-1179.1000675958223,-0.0,-0.0,-15.37577304327565,-378.5504326305444,-1115.3185349855423,-0.0,-0.0,-20.064477605586934,-1492.5529064968039,-541.6870600535572,-321.48075899292394,-78.13068396916512,-1743.3211065066046,-0.0,-0.0,-0.0,-0.0,-0.0,-471.76725920821644,-457.6949647660958,-547.3348731833416,-3856.7399382696885,-1531.2830604057897,-1125.1293292896596,-98.81671640864856,-895.320673475421,-1104.974084801087,6.787913432095622,-0.0,-0.0,-0.0,-585.9408961815616,-376.9341897656608,-1547.4562167782774,-540.3922505972967,-0.0,-1588.1647004094116,-0.0,-579.5504467182748,-0.0,-0.0,-1792.848399816776,-561.5699445201788,-513.6995299201699,-1298.5959462036806,-124.65675904077499,-11.734061879894066,-702.7609018596326,-1324.5379447153305,-0.0,-407.15716507247595,-1060.500336009633,-3836.6641163133186,-0.0,-258.3967619326055,-2073.4455696418327,-1397.6274855180295,-1147.071830014144,-492.9095231622621,-1145.1607284130985,-0.0,-322.49394100742956,-0.0,-233.50138627169125,571.0782533403301,-0.0,-0.0,832.8298750430843,-0.0,-2028.3815407261973,-695.0288841486469,-861.037896841347,-1090.7568433165045,-1341.2013323395308,-348.0217881198322,-134.55797613552647,-0.0,-0.0,-824.21270257442,-913.7507625789415,-718.522960767155,-0.0,283.56334434483597,311.4583466737371,-216.509920641686,-2557.456126807377,-1650.1765947855968,-0.0,-0.0,-1312.3354519112913,-3786.217211265021,-2488.7127781537333,-475.44766400979665,-895.2963197294224,-1029.6353315256117,-0.0,-194.61955783489927,-0.0,-666.8005103778852,-205.39469103228348,-1724.958907446949,-2424.641632838732,-282.6423449776415,-518.1755794587405,-4104.615538773132,-1131.7499307372414,-518.7048401708292,-257.16309519057575,-1179.666965062129,-639.0867867464766,-4.044644870248436,-1389.8431771592236,-1624.438562077896,-0.0,-0.0,-538.674323974274,-1170.6772117746812,-314.473160017545,-4.036482744649432,-0.0,-0.0,-0.0,-0.0,-0.0,-32.40445979147715,-644.4774769000772,621.4978222542782,-410.49470900271336,-682.1127417835105,-509.66584887861484,-1018.9171225875435,-1426.5844927175108,-1083.0870963460736,-1672.7472448921753,-263.9400617749466,-519.3045949997392,-1429.4507764044392,-588.8518294708373,-0.0,2214.3672323300066,-226.08409982242648,-65.36978371752427,-0.0,-802.6478077629173,-581.216360719207,-1233.2092568233302,-1786.486367971069,-2018.4505296921643,-0.0,-0.0,-0.0,-0.0,-930.0813508257985,-1539.316090122723,-0.0,-777.0893608192864,-7.824324471203884,-0.0,-0.0,-0.0,-2335.829223062131,-712.5173023640608,-166.41730805129023,-41.170870802108475,-0.0,-0.0,-1030.3376675598797,-1251.8573711931886,-765.9247429244949,478.53263790439496,25.868783819251178,-0.0,-18.34158700772863,-0.0,-1521.180527825809,-498.47169222945087,-1286.9248606086712,-1629.6251562265882,-1512.221602107684,-37.704065696557585,-0.0,-0.0,-1501.185569444579,-343.09858195769874,-0.0,-0.0,-212.4618642934037,-0.0,-37.18237585688517,-0.0,-1186.5869059559425,-679.3484772864704,-0.0,-74.22239540653473,634.3042605410737,-0.0,-174.50740316998125,-2144.3983173159127,-0.0,-0.0,-637.7150244682056,14.244791766911778,-0.0,-0.0,-755.376287655541,-1383.4659350569286,-0.0,-757.193248499027,-0.0,-1201.1994384861268,1530.6661660277227,22.381253945088268,-1809.7527437895042,-1462.4210857430257,843.143761481583,-0.0,-1901.8658883063524,-783.4736293913668,-930.7765539674574,-0.0,-629.0120660764637,-112.27222256076969,710.6025458503594,-347.2025521254003,-1385.8167998438455,-0.0,-0.0,-0.0,-820.2995505498536,-562.3728830608394,-730.0040315362783,-1010.1293377163258,-941.8616264501792,-26.520226110753914,-1019.5245591334128,-856.8597668103095,-1084.9313028186725,-0.0,-0.0,-493.2140412667636,669.3233130997926,-6129.915397057245,-0.0,-1168.2954364082768,-1846.5682631533841,-736.0340218335448,-701.169148087308,-56.477985621366635,-2159.2692127205564,-313.599354706956,-0.0,-943.8843337972637,-851.7084875565835,-592.8512920720875,-0.0,-1388.5299401103373,-1925.8677904521792,-23.399910024263704,-1032.6841624849633,-2160.6361306793974,420.09889441782184,-0.0,-419.49126675024326,-151.94962322411885,-1261.0321990676628,-845.1320618448724,90.8006926006999,-117.72498739221741,-733.4025690975463,-459.63286370465164,-515.4289145135158,-608.4905172571147,-468.6783038083802,-0.0,-1229.2607097519178,-0.0,-1112.8994819905254,-696.1607994842591,-157.1358024614736,-0.0,-1664.889738700616,-4522.344736991591,-0.0,-397.89199602718946,-0.0,-2076.5743585262103,-234.63104143916456,-0.0,-386.3021702010458,-386.08021655400233,-0.0,-2204.0233778300517,-1506.3333349687543,-0.0,-4002.3166421910682,-116.72373810972024,-1220.3187340215982,-1274.0516039923862,-1466.8595248982124,-91.99236683102711,-0.0,-847.8246935115868,-1911.5788383961535,-488.1381838380299,-827.9677109714025,-1024.01980874812,-1555.0545017427241,-2162.5766135977824,-736.5477331614964,-1893.4255272403407,56.17316552524012,-0.0,-286.86843989228583,-1274.0737494158734,-1120.7145870017578,-0.0,-0.0,-0.0,-397.46886185065796,-449.39880826441214,7.200133259270372,-528.9073516822493,-0.0,-1143.1457539836308,-697.6748866857407,-546.3451136336695,-0.0,-0.0,-292.57748156437606,-1674.4937333055375,-817.9661254866714,-252.49745567095167,-869.8791173012062,-33.33274437990414,-0.0,-0.0,-2526.787460304243,-1086.190475844385,-0.0,-0.0,-0.0,-68.80462298408693,-854.367643077553,-44.864275372616916,-1545.6366712511012,-1409.3501022394353,103.99518808178398,-0.0,-576.2141541780483,-0.0,643.3594491914016,-118.09247314926645,-0.0,-1493.906714740371,-297.04096613511024,-1840.9256661737109,-0.0,-1506.2628864986516,-592.9126464743271,-180.26370935114363,-11.209968453437437,-31.12672341824973,-0.0,-0.0,-700.4324707352258,-1160.0316632760314,-0.0,-550.6094487265757,-0.0,-337.8506302912673,-507.4382004673234,-0.0,120.48332252018395,628.8133117721542,721.8956601877087,778.6335598930742,766.3415703230884,707.72400584389,-0.0,-0.0,-0.0,-0.0,-0.0,66.01135175161455,-0.0,-0.0,-575.8843737684489,-148.72053705865565,-417.9736679235249,-72.44509121816276,-0.0,-1013.3070581301658,-1357.1714598345993,-1864.4221017126633,-219.3534632831416,-178.74784364721876,-0.0,-0.0,-554.8912010671041,-0.0,-0.0,-0.0,-0.0,-2454.0655806414707,-0.0,-37.53866659545269,787.8063990712551,-0.0,-936.0593363930683,-551.7668018259059,1331.7677473939318,-885.5939215764204,-0.0,-2674.5466314113155,-2055.305252264298,-179.12862669529815,-722.1429905265212,-1105.642886240148,-487.1955948267347,1074.8957331688464,-75.94789334843902,-533.7293462195292,-0.0,-0.0,-430.49837532940194,-0.0,-787.1328558343172,-0.0,-409.4087533509877,-33.94169786311896,-0.0,-0.0,-1043.0876856763996,-0.0,-0.0,-507.3970309468655,-1069.4077130075468,-1847.8658592692336,-0.0,-0.0,-0.0,-1645.8540204502588,-0.0,-937.9010009588595,18.160514993656,-0.0,-0.0,-1039.9310218002636,-910.7661374830457,-1118.8499650652611,-370.2016088470714,-0.0,-1237.866427037785,-256.55730982294193,-0.0,-0.0,3.723074491165043,-35.887317360946064,-4069.0687090354377,-0.0,-110.32246645995164,-24.622933803317427,386.2033861137242,-69.95131933129647,-909.5164155590775,-832.7891603081716,-422.23331533785114,-0.0,-0.0,-1693.0818370432305,-0.0,-0.0,-0.0,-0.0,-0.0,-0.0,-0.0,-131.78329865654734,-0.0,-0.0,-1649.7012863584932,-6130.431267421842,-118.57852172533619,33.84799063590081,-343.23912982864516,-637.4884545713744,-104.84981669360528,-3805.4165833579764,-213.39611098442947,-280.0095354960957,-0.0,-0.0,-0.0,-1544.140088305307,-0.0,-33.98927168041057,-0.0,-0.0,-0.0,-422.0214276008718,-10.693418731944632,-219.12920328581697,-1159.0947965597884,-580.6472647473086,-64.22497212895733,-2201.4375508142516,-0.0,-72.95440650896636,-2057.2006548527256,-0.0,-1171.9455664602656,-73.89784405244436,-1309.3418955153322,-0.0,-0.0,-936.6007772122387,-599.7738886528633,-31.475098081161875,-840.341197483711,-823.9523394988461,-646.8539204828504,-140.01494506146636,-691.5583361481868,-659.8413872417833,-2022.1002078694157,-857.1736321963235,-0.0,-1384.886514403787,-357.46027768239077,-582.3085428619285,-0.0,-0.0,-994.0576735070314,-2125.11141679025,-821.4213851180946,-0.0,-0.0,-0.0,-3395.9860256069164,-780.7148687012668,-154.21112550451267,-310.3583168590198,-34.33353619820561,-3427.4019830309044,-0.0,-0.0,-2129.5575137957717,-779.1043904220725,-0.0,-0.0,-0.0,-71.28618989106826,-0.0,-1677.399815089334,-1610.038388184097,-0.0,-315.93526950803243,193.64425420882662,-0.0,-0.0,-0.0,-987.9400360766058,21.025220058075263,-2245.5184712399982,-587.4899038739702,-1082.7899167040903,-689.9984897312698,-2914.2060689555915,-1530.6961462671568,203.64046793424248,-0.0,-2679.4450371745693,-0.0,-0.0,-0.0,-1136.5533846047342,-647.4793838511947,-1618.0943702846973,-0.0,-0.0,-751.7065801380721,-1356.5959312253644,-582.4042675711943,-466.8299236975733,-0.0,-0.0,-1097.622543654331,-0.0,-0.0,-0.0,-0.0,-0.0,-0.0,-496.8764253312783,-69.26949687343843,-1396.519114838287,-0.0,-625.2845433305976,-1107.752119201337,-31.218113584934947,-0.0,-0.0,-0.0,-0.0,-0.0,-0.0,-0.0,-0.0,-0.0,-0.0,-1122.4397033027597,-1576.2690850225142,-0.0,289.50761276000327,-0.0,-589.0680782607394,-87.76383566575905,-0.0,-783.7327587313621,-354.51885831427114,-88.27988132387084,-1729.5149836184862,-447.44403930946106,-2379.3750535283225,-154.5799591159513,-1919.8320691138977,-1504.1625621500048,-789.297407844349,-3.8464838284982434,-0.0,-1044.7567793930107,-1855.1978668043414,-2051.578045634749,-77.0493970457832,-201.30054608781586,-1642.1390250082752,-0.0,-1988.3126385518017,-322.10697911823814,-0.0,-1584.6748835453627,-0.0,-813.1215488430272,-0.0,-2494.7660826768993,-0.0,-0.0,-70.37171723532934,-954.2625001201053,-441.1877797114282,-0.0,-1212.2828443709525,68.51417051687565,286.81724815858263,321.16999436849795,-251.9805865574014,-1506.9771298967369,-516.4603095461649,-0.0,-0.0,-5045.683356070604,-1006.929410830043,-0.0,403.51602110271693,-0.0,-1793.8328975756076,-449.9641080689167,-582.806646690595,-0.0,-0.0,544.0278992835122,-0.0,-854.9437519795883,-1104.5680482817622,-1674.0090174810073,-0.0,-604.070294146025,-2602.847595774566,-863.6837216000023,-0.0,-1220.546130729838,-128.81444837258525,-1036.1502839618984,-0.0,-772.2876108623911,-0.0,-0.0,-0.0,-784.5655176949346,-0.0,497.33142275032696,-0.0,-327.0112968015021,-672.3829284709526,-415.9592158909046,-992.3902666602908,-509.48248578859847,-1861.389501768972,-1108.2305153534173,-0.0,617.5862410158873,-2139.6679092026,-1508.8218325230303,-607.9555934595667,-0.0,-0.0,-0.0,-131.3104682035704,-1085.4234993311381,-264.59332709721434,-843.9965972315077,-1816.259577889488,-2300.951860156276,145.89192672728169,765.2008824176698,653.6889655200386,-0.0,-0.0,108.53717538055992,-28.944093952268673,9570.572085286654,8910.716498629727,4675.1651536301115,8890.050118413405,9510.760763308039,9790.835986521828,-0.0,-0.0,-0.0,-0.0,-0.0,-1243.5262385501558,-1101.6993315065986,-730.182174880895,-0.0,-2429.6924238502447,-575.6979769435651,-1035.1503349882191,-27.94447187474297,-775.6234385744058,-1123.5512729767677,-947.0903293704685,-1144.4689728592398,-0.0,-2348.528266161478,-1608.4431904274356,-700.8848393295896,-109.42983349572424,-3084.2673501846944,-0.0,-215.44748156221522,-0.0,-10.383689269288697,-0.0,-120.78178230608943,-266.218208987392,-917.0923151431244,-765.1621001024442,-0.0,-0.0,-0.0,-2119.6863203077223,-0.0,-0.0,-239.86844762464145,-906.4979686191402,-826.2021887731229,-82.95206408305006,-1064.2045243175405,-1727.2414322405136,-305.7515597648136,-0.0,-0.0,-111.6103804162962,-1060.133378181319,-313.1962872851288,-0.0,-4838.760788188781,223.48464485885182,-0.0,-0.0,-0.0,-28.477471483258622,-383.3097103938375,-0.0,-0.0,-1102.4201880013086,-1854.1011639144617,-1226.7412193636621,-360.569857014297,-364.3889367259943,-378.59237831660846,532.6404538386099,-1158.4261151276423,-0.0,-489.58296255284455,-2454.050764255683,-512.4490038967928,-7.1967725654795105,-0.0,-4.771504793240305,-0.0,-0.0,-0.0,-1049.663806675248,-383.89733000072425,-1373.0861608262037,-0.0,-0.0,-0.0,-220.74692138135538,-540.7212428276799,-1346.2775560846324,-2984.907612047965,-307.49261017214684,-189.02487455277245,-0.0,783.3820914755881,-0.0,-1082.0879207614366,-152.78366606036968,-0.0,-0.0,957.8545474088855,-0.0,-1568.855126301628,-0.0,-0.0,-0.0,-187.78166410018966,-1901.1793945397355,-1597.0279616433722,-27.525377344261155,-2268.64147269689,-1319.303566987807,-23.354425115757387,-25.181913165895203,-63.903521497822624,-0.0,-0.0,-1834.7145640720962,-0.0,-5255.014097702666,-0.0,-1201.2153155956405,-235.61607331976407,139.80129646270183,-0.0,-52.220704064201826,-1155.4324435398767,-1434.0463196269516,-511.2338668835238,-30.20998637590619,-229.30560999249684,-0.0,-0.0,-0.0,-0.0,-1019.3998142473708,-787.0068991665424,-0.0,-533.7439511759603,-1146.0951239854933,-166.28745923238205,-73.87902010892441,-0.0,-0.0,-0.0,998.3897735109442,-3.4103869874974495,-0.0,-520.0200302864995,-796.8502722248651,-1277.990088287204,-0.0,-0.0,-1867.0307431131664,-0.0,-0.0,-0.0,-0.0,-609.8258091506425,905.5566207899136,1011.0493771196635,1105.730620160609,-0.0,-0.0,-0.0,-540.977466830413,-0.0,-0.0,-340.79621717982945,-566.6019609009172,-0.0,-198.84461194176953,-1222.4897269485637,-1133.1246536299545,-0.0,-0.0,-0.0,-10.698737284086237,-1386.4906046525107,-3.967291041504104,389.9663929405787,-0.0,-1499.4953206307093,-700.9255579034333,-483.9828326356151,-1726.8526356641134,81.70179710046025,-267.71298952080076,-17.0292093019997,-391.57890556806905,-339.1198038909918,-901.2317073854728,-322.818463057133,799.3454552576358,-1323.0396896288096,-208.19066669879504,-156.61896702752958,-3547.134042779685,-2609.014994314509,584.1435862225646,-900.4790334075664,-186.4383363566192,7.703395235160825,-746.5200890731513,-1062.42508410632,1631.8598363431988,-557.8802048284026,-621.3566848966046,-637.3560415249104,-0.0,-6309.068243754661,-0.0,-426.175031321722,-799.8980156732443,-568.2389199882876,-854.2905815689888,-1050.657400401616,-0.0,-951.450242279186,-149.9135224225294,-77.2983445889286,-5778.231283727837,543.5527131829213,-182.17895973087997,-0.0,-504.52095288494905,-1164.7728718340766,-0.0,-0.0,-431.3287683540178,-1399.3683571933611,-77.32903084570083,-208.1927799903144,-248.64752741761637,-980.0407842648923,-0.0,-0.0,47.99644520024623,-0.0,-0.0,-1615.4351551355448,-0.0,-1540.4313539647114,-808.5086566271042,-1102.9153956383348,-0.0,-0.0,-452.384878641236,-798.5145044116421,-126.882060509184,-0.0,-414.6883744472539,-136.5796669369846,-473.0862176368883,-0.0,-177.92830486348672,-446.9582383927463,-1987.5287945886132,-879.3551743305906,-1509.3004141422755,-0.0,-0.0,-1263.7686393717406,-19.257553445827533,-0.0,-0.0,-1031.201953645993,-0.0,-0.0,-0.0,-0.0,-0.0,-0.0,-0.0,-0.0,-0.0,-0.0,-90.57371245273266,-0.0,-0.0,-0.0,-0.0,-0.0,-0.0,-0.0,-0.0,-0.0,-0.0,-0.0,-307.6604093651061,-0.0,-0.0,-0.0,-0.0,-0.0,-0.0,-0.0,-0.0,-0.0,-0.0,-0.0,-0.0,-0.0,-0.0,-0.0,-0.0,-0.0,-0.0,-0.0,-0.0,-0.0,-0.0,-0.0,-0.0,-0.0,-0.0,-0.0,-0.0,-452.6983520686413,-0.0,-0.0,-0.0,-0.0,-0.0,-0.0,-0.0,-0.0,-0.0,-0.0,-0.0,-0.0,-0.0,-0.0,-0.0,-0.0,-0.0,-0.0,-0.0,-0.0,-0.0,-0.0,-0.0,-0.0,-0.0,-0.0,-0.0,-0.0,-0.0,-0.0,-0.0,-0.0,-0.0,-0.0,-0.0,-0.0,-0.0,-0.0,-0.0,-0.0,-0.0,-0.0,-0.0,-1205.4526913487093,-473.57953079024475,-1542.172501616033,-0.0,-0.0,-0.0,-0.0,-0.0,-0.0,-0.0,-0.0,-0.0,-0.0,-0.0,-0.0,-0.0,-0.0,-0.0,-0.0,-0.0,-0.0,-0.0,-0.0,-0.0,-0.0,501.69195570553313,-0.0,-0.0,-0.0,-0.0,-0.0,-0.0,-0.0,-0.0,-0.0,-0.0,747.2477661012229,-0.0,-0.0,-0.0,-0.0,-0.0,-0.0,-223.51882214170269,-0.0,-0.0,-0.0,-0.0,-0.0,-0.0,-0.0,-0.0,-0.0,-0.0,-0.0,-0.0,-0.0,-0.0,-0.0,-0.0,-0.0,-0.0,-0.0,-0.0,-0.0,-0.0,-0.0,-0.0,-0.0,-0.0,-0.0,-986.4350427647021,-0.0,-0.0,-0.0,-0.0,-0.0,-0.0,-0.0,-0.0,-0.0,-0.0,-0.0,-0.0,-0.0,-0.0,-0.0,-0.0,-0.0,-0.0,-0.0,-0.0,-0.0,-0.0,-0.0,-0.0,-0.0,-0.0,-0.0,-0.0,-0.0,-0.0,-0.0,-0.0,-0.0,-0.0,-0.0,-0.0,-0.0,-0.0,-0.0,-0.0,-0.0,-0.0,-0.0,-0.0,-0.0,-0.0,-0.0,-0.0,-678.4566821764091,-0.0,-0.0,-0.0,-0.0,-0.0,-0.0,-0.0,-0.0,-0.0,-0.0,-0.0,-0.0,-0.0,-0.0,-452.2984774972873,-0.0,-0.0,-223.60359056388697,-0.0,-0.0,-0.0,-0.0,-0.0,-0.0,313.5787279070505,-0.0,713.8454002861789,-0.0,-0.0,-0.0,-0.0,-0.0,-0.0,-0.0,-0.0,-0.0,-0.0,-0.0,-0.0,-0.0,-0.0,-0.0,-0.0,-0.0,-0.0,-0.0,-0.0,-0.0,-0.0,-0.0,-0.0,-0.0,-0.0,-0.0,-0.0,-0.0,-0.0,-0.0,-0.0,-118.45634949396494,-0.0,-0.0,-0.0,-0.0,-0.0,-0.0,-0.0,-0.0,-0.0,-0.0,-0.0,-0.0,-0.0,-0.0,-0.0,-0.0,-0.0,-0.0,-0.0,-0.0,-0.0,-0.0,-0.0,-0.0,-0.0,-781.7354677488714,-0.0,-0.0,-0.0,-0.0,-0.0,-0.0,-0.0,-0.0,-0.0,-0.0,-0.0,-0.0,-0.0,-0.0,-0.0,-0.0,-0.0,-0.0,-0.0,-0.0,-0.0,-0.0,-0.0,-0.0,-0.0,-0.0,-0.0,-0.0,-0.0,-0.0,-0.0,-0.0,-0.0,-0.0,-0.0,1227.5011644536537,-0.0,-336.3737823848424,-0.0,-0.0,-0.0,-0.0,-0.0,-0.0,-0.0,-0.0,-0.0,-0.0,-0.0,-0.0,-0.0,-0.0,-0.0,-0.0,-0.0,-0.0,-0.0,-0.0,-0.0,-0.0,-0.0,-0.0,-0.0,-0.0,-0.0,-0.0,-0.0,-0.0,204.2117098074222,-0.0,1938.6499069047065,-0.0,-0.0,-0.0,-0.0,-0.0,-0.0,-0.0,-0.0,-0.0,-0.0,-0.0,-0.0,-0.0,-0.0,-0.0,-0.0,-0.0,-0.0,-0.0,-0.0,-0.0,-0.0,-0.0,-0.0,-0.0,-0.0,-0.0,-0.0,-0.0,-0.0,-0.0,-0.0,-0.0,-0.0,-0.0,-0.0,-0.0,-0.0,-2064.2679932846345,-1320.9421017322927,-0.0,-0.0,-0.0,-0.0,-0.0,-0.0,-0.0,-0.0,-0.0,-0.0,-0.0,-0.0,-0.0,-0.0,-0.0,-0.0,-0.0,-0.0,-0.0,-0.0,-0.0,-0.0,-0.0,-0.0,-0.0,-0.0,-0.0,-0.0,-0.0,-0.0,-0.0,-0.0,38.04866073761304,-0.0,-0.0,-0.0,-0.0,-0.0,-0.0,-0.0,-0.0,-0.0,-0.0,-0.0,-0.0,-0.0,-0.0,-0.0,-0.0,-0.0,-0.0,635.685287168114,-0.0,-0.0,-0.0,-0.0,-0.0,-0.0,-0.0,-0.0,-408.29561428414695,-0.0,-0.0,-0.0,-0.0,-0.0,-0.0,-0.0,-671.7115920455934,-0.0,-0.0,-0.0,-0.0,-0.0,-0.0,-0.0,2010.9697564497767,-0.0,-0.0,-0.0,-0.0,-0.0,-0.0,-0.0,-0.0,-0.0,-0.0,-0.0,-659.1631417321285,-0.0,-0.0,-0.0,-0.0,-0.0,-0.0,-0.0,-0.0,-0.0,-0.0,-0.0,-0.0,-0.0,-0.0,-0.0,-0.0,-0.0,-0.0,-0.0,-0.0,-0.0,-0.0,-0.0,-0.0,-0.0,-0.0,-0.0,-0.0,-0.0,-0.0,-0.0,73.27183238666167,-0.0,-0.0,-0.0,-0.0,-0.0,-0.0,-0.0,-0.0,550.8292667796231,-0.0,-0.0,-0.0,-0.0,-0.0,-0.0,-0.0,-333.0705578205037,-0.0,-0.0,-0.0,-0.0,-0.0,-0.0,-0.0,-0.0,-0.0,-67.46321012834981,-0.0,-0.0,-0.0,-0.0,-0.0,-0.0,-0.0,-0.0,-0.0,-0.0,-0.0,-0.0,-0.0,-0.0,-0.0,-0.0,-0.0,-0.0,-0.0,-0.0,-0.0,-0.0,-0.0,-0.0,-0.0,-0.0,-0.0,-1823.7322173014904,-0.0,-0.0,-0.0,-0.0,-0.0,-68.16731671876045,-0.0,-0.0,-0.0,-0.0,-0.0,-0.0,-0.0,-0.0,-0.0,-0.0,-0.0,-0.0,-0.0,-0.0,-0.0,-0.0,-0.0,-0.0,-0.0,-0.0,-0.0,-0.0,-0.0,-0.0,-0.0,-0.0,-0.0,-0.0,-0.0,-0.0,-0.0,-0.0,-0.0,-0.0,-0.0,-0.0,-0.0,-0.0,-0.0,-0.0,-0.0,-0.0,-0.0,-0.0,-0.0,-0.0,-0.0,-0.0,-0.0,-0.0,-0.0,-0.0,-0.0,-0.0,-0.0,-0.0,-0.0,-0.0,-0.0,-0.0,-0.0,-0.0,-0.0,-0.0,-0.0,-0.0,-0.0,-0.0,-0.0,-0.0,-0.0,-0.0,-0.0,-0.0,-0.0,-1374.8457298967016,-0.0,-0.0,-0.0,-0.0,-0.0,-0.0,-0.0,-0.0,-0.0,-1715.4020789153833,-0.0,-0.0,-0.0,-0.0,-0.0,-0.0,-0.0,-0.0,-0.0,-149.53507723469596,-0.0,-0.0,-0.0,-0.0,-0.0,-0.0,-0.0,-0.0,-0.0,-0.0,-0.0,-0.0,-0.0,-0.0,-0.0,-0.0,-0.0,-0.0,-0.0,-0.0,-0.0,-0.0,-0.0,-0.0,-0.0,382.9071168580542,-0.0,-0.0,-0.0,-0.0,-145.99125910322903,-0.0,-0.0,-0.0,-0.0,-0.0,-0.0,-0.0,-0.0,-0.0,-0.0,-0.0,-0.0,-0.0,-0.0,-0.0,-0.0,-0.0,-0.0,-0.0,-0.0,-0.0,-0.0,-0.0,-0.0,-0.0,-0.0,-0.0,-0.0,-0.0,-0.0,-0.0,-0.0,-0.0,-0.0,-0.0,-0.0,-0.0,-0.0,-0.0,-0.0,-0.0,-0.0,-0.0,-0.0,-0.0,-0.0,-0.0,-0.0,-0.0,-0.0,-0.0,-0.0,-0.0,-0.0,-0.0,-0.0,-0.0,-0.0,-0.0,-0.0,-0.0,-0.0,-0.0,-0.0,-0.0,-0.0,-0.0,-0.0,-0.0,-0.0,-0.0,-0.0,-0.0,-0.0,-0.0,-0.0,-0.0,-0.0,-0.0,-0.0,-0.0,-0.0,-0.0,-0.0,-0.0,-0.0,-0.0,-0.0,-0.0,-0.0,-0.0,-0.0,-0.0,-0.0,-0.0,-0.0,-0.0,-0.0,-0.0,-0.0,-0.0,-0.0,-0.0,-0.0,-0.0,-0.0,-0.0,-0.0,-0.0,-0.0,-0.0,-0.0,-0.0,-0.0,-0.0,-0.0,-0.0,-0.0,-0.0,-0.0,-0.0,-0.0,-0.0,-0.0,-0.0,-0.0,-0.0,-0.0,-0.0,-0.0,-0.0,-0.0,-0.0,-0.0,-0.0,-0.0,-0.0,-0.0,-0.0,-0.0,-4813.127546721943,-46.79176303043237,32430.38390959675,-3250.2498036597735,-4046.733651589095,65828.69915623553,-0.0,-5994.659779860151,797.0793623883402,1906.214108279376,-21902.680585292084,-0.0,-4234.224804052539,-0.0,-0.0,30479.401081219414,-10043.621954617185,3446.582108616261,5691.546559214406,-4080.204503788383,-24607.16851534346,-7947.291011565722,46.50094059562835,-81.55803478013426,-5579.2998973738095,-0.0,-11994.799867947791,-16673.583561679872,14086.380908485025,-520.9440755863313,7.212908948447827,42507.050806448635,-2878.7227004438814,-108149.1120417835,-2560.074496323187,-20784.8040891936,-17306.743567995512,-5753.7253975444055,-5575.802364486816,-13427.244493488619,11492.429721005305,-2244.2464324080706,-3771.82232373797,-3367.2097148223424,-10219.913159785576,7530.392739875712,34490.04541846257,-918.5202869773183,63.584676482833295,19527.00841953882,4868.461144422128,-508.9998221991034,13428.544441982734,7536.461492759778,-5250.866819431696,-6665.79186744943,-3529.176138147986,320.1756716263084,-0.0,-0.0,-244.42110986147242,-7434.773714420945,-3181.9418185528234,-2784.9272982948182,-1593.3190627780778,-4218.24731909712,10021.19819135673,3341.116359671857,-7652.367475973556,18231.481071730846,-18391.982651592123,-31688.81785434941,63161.6655361404,-20958.979398386167,-8467.75144738027,-2001.6918826958006,-3386.5758741466843,-5523.805812892152,-4312.933368020278,-30207.568730881627,-0.0,-12422.14863542826,-0.0,2785.5625915456303,-0.0,-0.0,-12894.511196603758,-1111.5944459822854,-0.0,-0.0,3660.6005979201236,-0.0,-0.0,-0.0,-6414.928107064018,-4202.695893800145,-6781.800503099038,-6722.880272976248,7139.401463181082,-0.0,-27106.18916859128,42560.81033697284,-0.0,-0.0,-18514.880681933835,-9592.476960245735,171.86749217189214,46.390744384829304,-0.0,49531.79891139268,-0.0,-0.0,-0.0,-0.0,48425.77821729792,-945.3195973233353,-0.0,-10227.502333147204,-0.0,-5611.962425810832,-1220.566835099961,-2974.848238343184,-14544.879942059508,11446.415209559036,-1358.7423680992433,-8548.129372449188,-0.0,-0.0,-4595.466095875011,-6351.848027696839,-9499.173297360456,53103.419296061846,-0.0,-164.09534113827104,11823.03311929959,2972.50177230049,-1809.3477015730905,636.6474362774061,4859.846802236485,-3404.767769120618,-74.76731418072687,-16406.3362180458,405.5901198508038,12386.118991580266,-737.4430235003347,11667.064544546382,46167.50074089809,2834.878880339305,-61.501045103650725,8597.181517158213,-1901.054777409259,-7087.631354586842,-9336.15182534183,-13468.354873606975,-0.0,5974.336701646341,18284.146952487885,19850.557134150593,-8924.226853634691,6785.216027814579,8108.743408798943,-7485.000513327752,14703.704645307922,-13110.454281153949,-0.0,4199.865591408171,-11179.558816924593,-14563.17356028715,-7912.344571138994,23357.279083134054,2920.794947132837,-0.0,-5597.834281087885,-0.0,-2531.5875146097496,88.86598217257212,-3706.610411611193,-0.0,188.4868317984061,-224.89260116097952,-20048.56575053641,-11662.990741492236,20175.085495242125,-6337.120231196619,3243.14552959641,5187.765277401825,-5991.968345423885,-4854.48229489612,-10582.722410497781,-0.0,-1946.368538345216,-1638.8656339049176,-0.0,1168.8440094388945,-334.8009354053093,-0.0,-0.0,-13408.871783381757,-3276.0009578733243,2725.626744845084,-4445.681664106462,-0.0,-0.0,-0.0,50572.31751687407,18533.155512721594,-0.0,92.86928549435322,11099.21595453343,-0.0,-3962.1334718059748,-2215.8389564744043,-0.0,-3993.175292502282,-8358.139332207973,109933.33901724519,-11064.69954344955,-8021.287390634239,-30754.593029368833,-0.0,1341.7404233548277,2707.0448678366624,-8939.033624163943,27256.81981830399,-7441.798794063287,-36338.490458451764,-13030.864992627521,-8398.591127564388,-0.0,1126.1403015756075,-4417.547307103668,21962.56056662869,-142.50523739436525,-391.9787178180721,-9861.530336296082,-8444.391329113423,27112.995537999046,-0.0,-1956.3613324057515,640.9727268227718,-0.0,-0.0,-0.0,-0.0,-0.0,-0.0,-0.0,-0.0,-0.0,-0.0,-0.0,-0.0,-0.0,-0.0,-1938.5976309056873,-0.0,-0.0,3121.3236424348715,-13354.093883987143,-634.2936546865199,-9427.180021991133,22737.358993334314,7378.637877274112,-3561.5213572219527,3131.333123441796,40196.75611203196,-0.0,-0.0,-3823.321843020691,2931.420784237314,-6176.345493097768,-7668.052227354577,-0.0,-33.676335668193694,9127.033708856023,-4128.668945951945,-2451.8912924744595,3305.9995057451624,-22901.703447860455,27740.121194968873,-5242.850475164186,-916.3725936521438,12393.736587859037,-0.0,-0.0,-0.0,-0.0,-0.0,-0.0,723.5594600560454,42098.34934192887,-9154.365306933187,-10012.250382081103,-8109.62430513567,-0.0,-8252.246749505783,-11862.1283542161,-0.0,-0.0,-0.0,416.286320568849,380.6105143230048,617.0679276433024,2270.0167148121327,-0.0,3589.238491469427,762.1073895893015,784.8702480861648,755.3858952907093,657.1445822533191,2567.94986834244,1453.214190250532,2469.721548567105,2222.0689800924374,2421.525079055979,2613.967250078025,33198.591318144434,31320.95128096459,36855.20363544746,34283.173111595126,8495.249274975502,7631.043474783194,7840.965790730683,8822.77728343716,4278.968627532521,1818.3364687317555,1889.7050063737354,1964.4055722593798,1881.9676082161436,1981.3427359872708,4147.786803225398,3896.499502760323,1332.067764133248,1115.9053725772287,572.332202838308,365.5320681779629,460.7022344569344,30528.57348016444,29569.998198071557,33022.69476549043,29295.442217797943,51528.668667155034,48732.66702653066,1173.7949765156652,1060.3598305246157,1166.6956948011066,1120.6661664357,1092.1043741488354,1138.5293286975127,587.7846247373005,51451.32403219239,45880.52234682028,45425.78448376423,2480.91100397168,2368.764306392046,2557.326854824622,-0.0,7422.288187558648,7942.155783349751,34437.37458855648,29925.991346171104,35155.85362329649,53512.55029731132,52403.46746012823,59714.34801941616,51344.99106125574,2461.318895270767,2120.975603886751,4554.483165720686,-0.0,17505.80723435396,19831.498948314504,-0.0,1386.8992434077625,1349.5771121629123,1358.1084892161723,1318.937617974328,1316.5616655459498,1334.4923801506209,34650.946803622544,34860.10997269503,32454.041604911647,29668.261120756073,1055.0811620137886,1146.877939619607,-0.0,-0.0,13391.813891857058,33632.26045853325,29407.63812267971,32789.64100279278,35456.37440023777,-0.0,49008.2239793987,45597.70697406741,932.4977024717102,2070.2257942486535,1980.2748059433593,2117.491187603794,2211.737199006564,2237.7849797469903,52253.83386048401,50237.485630994066,-0.0,-0.0,14457.84969981852,963.5753493969291,32680.220574989635,34273.61884438872,30388.958898154902,31641.937045428225,34632.303235086685,28584.047256436632,-0.0,14377.037918658854,8972.610829418203,-0.0,-0.0,1226.5320846562913,1309.8940415627465,676.4163714544129,753.9349694612367,389.67965322702116,395.0124617742903,-0.0,930.51438798056,929.1687166884639,990.2328279539483,1139.1740952215794,-0.0,1452.8410909394522,1416.4201887633526,1681.6964042409327,2187.1871513700194,2165.413245852051,1987.8630673706352,699.4369514834558,788.55985076238,777.549928197818,1289.5182323291829,830.3450123999806,895.9206716518115,914.5403933614233,842.8308178688595,7450.202630808947,7444.110060418241,239.10414820503465,235.16474018823993,3165.1369318439224,12837.180049309802,1288.7552311408956,1376.4120826774144,-0.0,-0.0,7871.758544222027,7877.850809269437,7764.647887758883,6787.740625224779,1811.8510061537577,1794.7530204186514,31764.76082542582,29090.611322471945,8509.494636122483,6333.983069511913,-0.0,46079.777828317914,1751.6775620395479,2070.6254019542284,935.39905805217,49239.891987813484,49512.586415575584,52604.45875154516,43659.127642758474,186.4078962712248,51515.142633529045,46666.18163095254,-0.0,-0.0,21316.430255891486,-0.0,1073.7652610535945,920.4723060094317,937.9160897992593,2005.592465559542,8484.561119327056,15876.64927780693,1655.4123361637537,1598.8966620870406,21.693614829673923,618.8246714492667,627.0115784215905,14864.492772536656,1296.4363806279866,-0.0,-0.0,-0.0,940.6644217279559,-0.0,983.9719488123645,-0.0,5507.959160514,5591.291568598719,5026.9267738367735,5200.283020338376,786.1172245262907,-0.0,760.5675802804299,-0.0,-0.0,864.1673417641274,911.1018415128955,945.9641621853019,799.768175479486,707.0427682071639,661.5492897183505,1548.2442793448233,1478.599595577416,1423.6886246950298,-0.0,2729.487764685707,2390.2571843337446,2796.5829252867525,2673.6882099276254,4275.011971540139,44292.152434632306,46454.104822707865,9259.581767367663,18854.26081267528,13496.858556878326,16215.417662744143,1495.2695357962523,1801.3517745857919,825.343807097836,758.6997116609974,1976.4864113651797,-0.0,34688.19505658327,29991.3222853277,1269.314069843948,1027.8030218841886,1097.4707404486167,4907.853507236198,2786.949533998237,2628.6340025038535,30706.7510769734,29049.407412436503,32310.630375834604,37424.25259253779,-0.0,-0.0,-0.0,2037.8333740739456,2173.966773393755,2255.107314926787,8154.970124861804,7796.596943631711,5646.953072504504,2097.333134777285,2219.825388477181
2,-0.0,-0.0,-522.2961970636915,-1811.3366841310253,-459.7275425817789,-435.54682065848016,-85.93311048270604,-532.91272520776,-504.73936609307924,-0.0,-1126.8063506857845,-0.0,-0.0,-2301.184961550665,-0.0,-480.66683774772537,-385.37511579724895,-0.0,-38.6692220753207,-207.95444924739257,-262.8968561362108,-600.3249273648603,-767.0526681659499,-631.077115525612,-1847.4574137955635,-541.7490287472708,-0.0,-35.18086013874004,-2484.6186453023374,-1538.7438068459342,-0.0,-0.0,-0.0,-0.0,-0.0,-0.0,96.99577693867025,-177.99016582714634,-1562.3158265088964,-1332.4125730415221,-0.0,-0.0,-117.82319360857026,-459.65677540965675,-144.6995285145903,-0.0,595.2455423578684,-1560.0753737974617,-343.8654969625581,-0.0,-0.0,-234.51821739278134,-0.0,-9.905410737451003,-1825.1647726954957,-2474.2498344528008,177.23431242385922,-5066.865520763458,-188.0584176533654,-0.0,-1589.427542543092,-0.0,-585.186307365016,-2628.4175315094635,-432.968059018972,-432.33266078357445,-36.735986405078734,-1861.374096345267,-768.6315046364666,-394.7345375305021,-2453.9229666349447,-0.0,-0.0,-2288.2611964942193,-881.3583809028573,-198.12833191872824,-1525.6018262814753,-0.0,-0.0,-1161.6216845697306,-1248.328508135497,-437.4100592413789,-3023.7945196355477,3.454117154400551,-23.163876734913845,-1836.345318874575,-0.0,-530.6697853881972,-856.4059330043762,-6.5541672969958995,-0.0,-1157.7253002469606,-73.74403348539825,-693.4528937115788,-1862.7651342020504,-35.474431391779405,-2235.387780760105,-369.4122407339912,-1227.140315608185,-2437.0186749459067,-620.1887274237507,587.5193358706028,-480.6685249540894,-0.0,-1210.312446043881,-2035.5061786901863,-4066.6781840693325,-405.0291214400071,-2668.3761353315813,-0.0,-1425.8771959835826,-0.0,-0.0,-476.6440471744963,-0.0,-0.0,-578.793087646497,-71.54300475067267,-1321.027401048193,-800.4061751572553,-714.6719551147386,207.55797850236618,-404.09550081821465,-268.9244362494576,-187.19834770994456,-7.1715422925210115,-478.4095765876017,-538.9883613572059,-669.1605779079293,-0.0,-4305.265649196722,110.41391337684956,-95.75902534966644,-3890.360918840311,-0.0,-919.0022181662285,-56.6010387312541,-0.0,-281.849110691999,-0.0,-0.0,-745.5992769538873,-0.0,-620.5209738809094,-802.6789613696367,-0.0,-973.7739160572498,-252.09411514106645,-558.9734825526031,-1885.4795087872776,-0.0,-1488.0792964963002,-1047.3992149620153,-0.0,-0.0,-0.0,-0.0,599.3019208188052,-0.0,-1438.3574240818648,-1534.7270103155518,9.976844186536722,-0.0,-0.0,-606.0482802593568,-480.1914082125615,-674.7095387285544,-0.0,-386.33318618188724,-2693.2906054278933,-933.8724849878585,-0.0,-1073.0612168876905,-2205.02398382242,-0.0,-0.0,-0.0,-0.0,-0.0,-0.0,-446.4149464642369,-545.9901999955798,-208.97026493484782,-177.6455565806135,-1201.733997275947,-46.87419246457255,-0.0,-0.0,-637.0856942107259,-0.0,-499.754825860678,-25.78602400122441,-3.821393094592704,5.242606859835347,-0.0,-0.0,-1064.18288346786,-381.8600104793515,-422.04578905286553,-0.0,-3054.4069734634486,-1796.7246937046373,-928.5062844975423,-0.0,-0.0,-1991.4757237757988,-1315.824168552288,-590.0562943960381,-76.0215055614011,-1524.5729023647846,-1271.3274443967907,-0.0,-0.0,-1509.8158149670255,-0.0,-710.0158373507312,-1154.948954345635,-123.26655254540378,-374.2734451605955,-538.2101048539124,-508.807322118437,-0.0,-1375.6011258939063,-0.0,-3016.1304903121645,-2550.137766812187,-166.69862416125704,-359.08838795632,-423.92329439961327,-0.0,-255.3671563980147,-236.74819552784652,-0.0,-970.411000609751,-620.1843423490511,-1009.0590109744824,-1417.5596036569518,-835.4948637154746,-1934.7106358016617,-1887.1184789692313,-2196.591069322129,-2006.2172334256718,-924.0427432309787,-1931.8566976519724,-461.4607701442479,-530.3432632079416,-0.0,-1090.9552279446755,-978.9426265730661,-900.0384466536248,-373.15870946557607,-359.02398367504014,-1836.337393797346,-700.2809914299769,-374.5394552129114,567.0877318945896,-0.0,905.0076889620951,-1236.607026251358,-0.0,-0.0,-0.0,-0.0,-0.0,-0.0,-1161.2341566784635,-2476.486058228003,-450.7692156946891,-885.2213310225802,-0.0,-0.0,-1662.8395698012214,-1087.867278514536,-1891.4588194406695,-0.0,-0.0,-125.03990251964741,-52.848386563806564,-357.30284459182644,-1684.145403270036,-453.4951551739784,-0.0,-468.2138171721407,-615.1998119926658,61.840294419984836,-1080.1259538053268,-1328.339854426927,-1204.0203283178844,-1647.1365469033503,-278.87783714246024,-530.4525246563487,-37.7288424903035,-1567.5765658211894,-0.0,-762.0443429908154,-148.72538861309394,-76.3076565966261,-528.3058759234574,-0.0,-1946.0854259344367,-116.15391816040596,-616.1286224773759,-1431.0220505446039,-1415.489279277564,-0.0,-517.910545436647,-696.5377570783148,-23.063165763337157,-227.54650522884413,-455.01815833328516,-50.41471060157255,617.1250374026855,-1068.8760826327446,-0.0,-841.9762606039626,-1391.6504689411136,-0.0,-447.546357898434,-0.0,-1396.8412084837637,-0.0,-0.0,-0.0,-1050.5012214730261,-657.0060692929178,-416.9862608899439,-0.0,-1442.6815540083119,-2782.9571863412393,-3337.040638659163,-0.0,-301.9625731115116,-0.0,-256.03640657826526,-104.03790676727907,224.467205323802,-520.2507193723924,-0.0,-627.0039994619041,-829.0193313095021,-285.4141840317072,-526.5838242523895,-0.0,-398.91826111133554,-828.7379799317558,-490.79653107502924,27.60117860491747,-2058.7419946715786,-0.0,-0.0,-1257.3864735473232,-227.00059543857833,-1241.187342909465,-86.57134904161737,-115.67801659216589,-196.56189654094769,-552.9498754206109,-906.677081203699,-1212.3998706444731,-1881.9672898446174,-0.0,-0.0,-363.2114869780268,4466.096776955863,3.8978181955498132,-0.0,-0.0,-0.0,-0.0,-2088.067740307737,-436.6498668879008,-0.0,-891.2519834634744,-833.2640896917181,-670.5076286923726,-1992.7871813850686,-227.74267687169876,-1050.960572588057,-0.0,-0.0,-1792.457593746161,-606.8883012797471,-1537.8510647388953,-650.8064531457584,-740.2745551285466,-1649.6182254428077,-198.63307466254003,-1503.3531158647047,-985.5246033911855,-28.29583915038993,-919.6003923119958,-1012.13396625883,-206.21580684897734,-200.91845526805398,-1719.1541812609303,-0.0,-423.44767025941934,-251.6975688438146,-27.63133562493112,-717.6397810131571,-191.74023976039663,-851.6341099995368,-791.8944191839003,-1130.093440712352,-210.06750524389628,-2266.731663944818,-51.6379782421377,-541.1598066624596,-0.0,-708.8396204670414,-673.6901254218506,-865.0146317184365,-1036.408921406153,13.015497166385005,-364.80779795259514,-2315.076341182953,-712.0427319645494,-342.6645573105008,-1019.5119914097284,156.7403193928344,-0.0,-0.0,-0.0,-0.0,-0.0,-0.0,-9.880076655772081,-155.09884389554384,-2063.5992489876644,-4406.69718829933,-440.04597846148766,-877.5209369121601,-124.0747404392795,-476.9469567116234,-1210.4713760282252,-1001.4449695944148,-35.33511287798419,-486.8821869137331,-444.67204268245064,-0.0,-85.03476427700777,-1000.6812825616834,-427.2020519320265,-0.0,-925.462023485651,-0.0,574.006953901142,-0.0,-0.0,-0.0,-36.5351705267298,-0.0,-0.0,-962.1445892742973,-377.13775155687125,-1080.6616702703845,-0.0,-0.0,-0.0,-803.457485581748,-523.0089549877865,-1189.6261607785493,28.195411271710555,250.316970576234,-0.0,-0.0,-2776.5714183002656,-1106.6807583554487,20.89364017882487,-51.484855810431334,10.413800277455454,-16940.687739705707,-16838.097448489392,-2099.897951731014,-0.0,-0.0,-0.0,-0.0,-392.88366318982736,-0.0,-0.0,-549.4289915566739,-2039.9033185068947,-1775.6959310432599,-1211.9008276709149,-311.12646868608414,-1656.4453606320749,-28.707602849012073,-1166.568379828029,878.607969439627,-6.639792615281091,-815.5452029879526,3.5078272029947493,-0.0,-0.0,-0.0,-0.0,-143.72484656828394,-0.0,-0.0,-0.0,-832.1338939664229,-1334.1174815843774,-0.0,-0.0,-231.90451308190507,-2003.0552912510427,-0.0,-1276.9951601445598,-1502.3795497388141,-1837.0752638581462,-0.0,-0.0,-93.92882696306877,-77.81831096076127,-931.5569163618942,-1362.433797939301,-504.9064766030857,-1195.4203225555284,-1134.208073609052,-0.0,-0.0,-0.0,-0.0,-388.0698807388197,-231.73547944078206,-0.0,-0.0,-88.1631327920392,210.28707655460812,-0.0,-1131.6044075880932,-941.2570685367346,-978.5133123575923,-0.0,-0.0,-579.8044062589228,-1095.7358725224085,-679.6347981152558,-374.95481856046496,-0.0,-2011.7665637862553,-2107.238489363496,-0.0,-0.0,-0.0,-0.0,-0.0,-1331.9217454445727,-0.0,-2065.5642766099054,-1195.6363937379672,-64.24663602519463,-0.0,-0.0,-0.0,-2472.7845982267263,-1221.1499037401259,-502.55424348812284,-434.04743614355846,-1114.6498870492169,-581.9875926284136,-0.0,-0.0,-635.1708342727951,-1259.0214088002185,-63.936159978585415,-430.94645428465145,-0.0,-797.7217754438406,-608.1021752870504,-1655.519499700026,-0.0,-290.8713780355685,-120.41845052591724,-300.5208866453077,-1338.439352443755,-268.945545772114,-0.0,-0.0,-0.0,-0.0,102.9479483879532,-134.60126480119354,-812.553744462964,-1381.3176995371184,-1039.519095666581,-412.3714984250176,-536.521813763985,-5431.3225520120095,-758.3125656297791,-495.62555763350326,-0.0,-0.0,-0.0,-256.4667144731707,-366.4371306231624,-1151.6466177919276,-339.9946100718207,-0.0,31.283892264116265,-0.0,-0.0,-0.0,-0.0,-0.0,-0.0,-0.0,-92.13121302058194,1496.6264370146089,-0.0,-1376.1822164781831,-643.0161865912089,-387.3963317829006,-1511.424378911816,-0.0,-0.0,-618.3876929260975,-631.2331731084485,-103.86889638833904,-120.56545167140949,-128.37320147394678,-569.8173358979658,-145.87036493207594,-1713.063236593326,-325.8434971455186,-376.6290204463949,-0.0,-0.0,-1367.9093808218802,-2594.035265993579,25.54359776290384,-475.5012758052082,-333.3921263817127,-841.7695141283726,-1151.781138853054,-694.4835934851593,-266.6116020398733,-151.97185805998623,-1177.4571558015105,-0.0,-0.0,-0.0,-0.0,-0.0,7248.606252390275,-66.42268945286907,-493.95742250425894,-624.3111823470372,-992.6373069097133,-1091.6138028780806,-1193.892214763695,-1488.5279387237574,-1718.1139068673442,-405.8689143656773,-0.0,-0.0,-1373.4544673111573,-0.0,-0.0,-283.6899632157691,-1782.8726431392088,-1122.5096506990953,-451.6280685352451,-57.43172006372172,-1513.182050801949,-0.0,-1310.1152237779643,-0.0,-0.0,-0.0,-0.0,-0.0,-0.0,-442.31728990132,-1199.242020578975,-972.5173636197869,-77.31004353809794,-224.4648980200674,-554.1785675997484,48.474137368629634,-0.0,-0.0,-524.7747026542155,-498.1991822719171,-3653.134929724759,-0.0,-1157.6148748460432,236.4220821845207,122.25485887415044,-0.0,116.42203911277852,-180.99230264810888,-135.41249386002553,-415.21240175104396,-0.0,-1609.2456487341426,-0.0,-0.0,-995.7262135641679,-0.0,2217.5313178201645,2157.3628775802204,2035.079658876536,-0.0,-0.0,-1657.5916819104566,-0.0,-0.0,-317.3842408617664,-848.2837538783477,-677.3268931578014,-827.8643791791997,-983.3213783850072,-0.0,-0.0,-0.0,-0.0,-670.3298671736619,7.835124382705286,-49.631571268104466,-951.3568941941112,-915.0725566794385,-342.3597760000698,-1354.150140447138,-0.0,-1917.291732810202,-993.8841105193136,-1297.3306786282685,-384.71080292090033,-355.85221981728813,-0.0,-1179.4060172415961,-658.1208154995807,-804.7086270010913,-1947.813334514834,-520.7544638010154,966.4307315324866,435.3181870285407,-301.05928758451853,-1142.1483061387594,-0.0,-1595.8253564365316,-3200.5050379861195,-405.9112593247698,-442.0887614584603,-0.0,-0.0,-0.0,193.8954938420418,-326.19996538346635,-479.33627653600576,-135.79916435323494,-435.53725854436277,-466.3378005094673,-0.0,-397.6197628283934,-860.4014980380327,-672.8394768354342,-0.0,-1657.410260780075,-4014.9041141994053,-0.0,-0.0,656.329475412632,571.8920612766892,-0.0,-0.0,-594.2993946595145,-851.70450725349,-299.53366907291496,-619.6563780344322,-0.0,-0.0,-0.0,-0.0,-0.0,-2468.7084715295828,-394.94118204640955,-1493.6536986370725,-1042.4173353046394,-0.0,-393.7389445730201,-369.18324905189206,-0.0,-203.6467470645467,-634.4687647123508,-1096.5107863513895,-3691.702680038879,-71.71232646445604,-0.0,-0.0,312.6982096434121,718.8202638900783,-0.0,-0.0,-347.4011679016359,-0.0,-0.0,-0.0,-2334.355053500232,-0.0,-493.1721214600535,-0.0,-0.0,1573.4590855139984,1971.6704587113386,1880.0453965053498,-0.0,-0.0,-423.02260113020645,784.8398157844669,-2378.282705222046,23.092937876304152,70.25550783660789,-2285.462429529859,-98.43751585020563,-183.24491649152984,-595.5582487833825,877.3879648005533,3021.5496910712604,-2732.2203265444846,-0.0,-0.0,-880.2485569028945,-1507.0102296582593,-1089.547733069427,-216.7765013915025,-39.16279028149414,-0.0,-0.0,-0.0,-0.0,-1814.7905059435393,280.1917963450187,-0.0,-3.322420506945563,-0.0,-1508.8624083370642,-1873.143546923658,173.28046723662413,-0.0,-0.0,-348.31612383537856,-0.0,-1538.5154632272895,-87.153039140556,-1054.3929293825515,-412.10721361045955,-1081.7416755967874,-605.1601778093608,-1045.004192207806,-629.904919117292,-0.0,-0.0,-0.0,-106.2991482828222,-0.0,-0.0,-243.21733002718358,-347.4478540142247,-605.0757773948272,-0.0,-1255.399647577422,-970.7668900531335,-816.0123754031163,-6.743216091832058,-6.892538272380317,254.38086446975643,36.581313392718016,-0.0,-0.0,-11.354608594259584,-1626.5158756693145,-566.7666432958358,-882.6376650123764,94.01689415877651,-2004.7608578067454,-1671.6376175943738,-878.6192177646915,-983.2932430184842,-41.49751115030162,-534.6617049725041,-649.1119999256416,-1158.2336026656362,-1870.517038166125,-0.0,-1871.8402851802634,-139.3197120340348,-0.0,-2296.3593229352255,-2455.3929364765095,-2144.0355305344137,1409.8807098395978,-0.0,-1617.0613053071622,-210.65446459190179,-1139.626842182369,-545.5192150216753,-109.56170608923524,-2021.9055482807958,99.48889778718166,1527.968183195136,-0.0,-185.34140010423755,-375.10319263321867,-996.7229163331829,-1081.7074985474774,-1596.3416522476502,-3740.7657567942556,-0.0,-521.3067610283348,-1198.726825531156,-631.024181310838,-221.10417899339285,-25.41825860353793,-285.07035018476176,-0.0,-0.0,-0.0,-0.0,-301.6541571939298,-1159.5305734658618,-802.8411367690788,-58.48724427585482,-525.9856469612839,146.6707121862611,-0.0,-0.0,-795.2348970270039,-464.77858374554916,-0.0,-1957.2432155195108,-86.4576949184866,-1185.8784910579159,-0.0,-185.6277652783643,-180.63583689408983,-0.0,-0.0,-420.5470781724627,-0.0,-0.0,-3771.006115113937,-175.73150828744278,-2282.0884796704104,-0.0,-0.0,-100.1816655179522,-1355.324242676898,-555.6586607872032,-342.93583988425985,-1350.0180732277133,-0.0,-628.7067048490344,-0.0,-487.41341279172786,-0.0,-0.0,-181.41813781530124,-76.14127182690346,10.166891966960993,-360.3445835678352,-1298.529889553457,-1917.4554616337114,-0.0,-0.0,-0.0,-22.87153577198053,-342.12113559887905,-0.0,-1483.32169554575,-2640.5412103039466,-0.0,-0.0,-51.88010612131385,-1475.0392117534536,107.2975462136837,-0.0,-0.0,-0.0,-0.0,-428.9900082874106,-1934.7973035716675,-186.95038630024715,-1252.2772938454466,-0.0,-0.0,-590.5352530058641,-434.44797649706624,-310.60595143954055,33.84637778151191,-0.0,-0.0,-0.0,-768.347178393393,-596.4543106674525,-461.2921739709049,-292.0130821550562,-0.0,-0.0,-0.0,-0.0,-2120.3324991807804,-75.40245309946988,-21.524574236457788,-0.0,-0.0,-612.7316486338442,-332.168138420682,-0.0,-1724.163657767664,-4084.3826976948144,96.09788273749056,-1070.706192822929,-0.0,-0.0,56.992493144403674,-457.3203416859239,-1664.105121730889,-469.9184736198524,-2637.139000283232,-1145.4404442117036,-694.363091001672,-1301.7801617985797,-0.0,-0.0,-0.0,-33.3075884464151,-1140.841910133065,-0.0,-0.0,-2739.581381994968,-73.16718461366372,-1271.4388257506882,-705.3969986225725,-0.0,-0.0,-0.0,-0.0,-0.0,-0.0,-641.5614189217077,-0.0,-1432.4869546637717,-0.0,62.256913770793986,-1200.2063093315687,-0.0,-0.0,-0.0,-2019.3725288300193,-0.0,-0.0,-464.09819915957445,-0.0,-0.0,-948.9867175971605,-523.1693182982829,-0.0,-0.0,-163.61436668364698,-1785.3493473879182,-0.0,-1002.2598079621596,-770.8856139692112,765.3634794689344,-171.89676276377233,-0.0,-513.01252611276,-2.013749636129519,-0.0,-19.911968905959448,-0.0,-327.597973090977,-0.0,-0.0,-0.0,-0.0,564.6491297420846,602.1489202893803,-806.7498891662021,-1445.453185775452,-0.0,70.34013766874995,-3.6278939758518147,-76.11867468623485,-838.9223570896847,113.31099797712479,-488.1067892804258,-369.60404347849885,-168.96459921757153,-3051.365758927491,-0.0,-210.3315183455897,-1617.719205077526,-2261.173123845775,-0.0,-1025.4279876857345,-1552.1501668008802,-1884.8229411967495,-677.2722977801092,-0.0,-827.1844067396047,-662.0169374397116,-721.0542134853625,-1128.5036628507457,-897.5651772490575,-0.0,-113.83202325980712,-1213.3303053356042,-0.0,1078.6534036651956,-351.2586946703511,597.3004477953689,-0.0,-0.0,-88.97470226159108,-39.20146386736678,-2173.0807743680966,-836.2532271654687,-0.0,-887.1362126759565,-2854.863199112393,-831.3024753727315,-787.7509204224352,-1066.8118028645222,-361.29871306878334,10.234843197019446,-36.54803652456961,-0.0,-0.0,-880.0132139901327,-68.94885492522529,-0.0,-0.0,-1765.2522637167217,-619.077897908864,-560.5435122263211,-1750.1665985751201,-87.45087524828293,-16.242920404804913,-2359.032975237137,-814.3286898990236,-563.259991568386,-949.5344551071817,-0.0,-2001.2720536118345,-398.9417405846571,-1183.5884519878107,-1475.8317183857373,-348.8496781675001,-482.6113117352662,-1564.8287577670192,-430.8050899063851,-0.0,-0.0,-0.0,-1225.6358318417813,-0.0,-3093.147115533983,-1080.2873222159062,-1354.0080866829237,-0.0,-0.0,-0.0,-0.0,-0.0,-120.93956161584578,-0.0,-220.64274419378543,-858.4351277524477,-337.4864702932951,-0.0,-0.0,9.835319726039486,-0.0,-0.0,37.13054685976366,-264.0721357957271,-0.0,-495.18360790255366,-0.0,-0.0,-76.61226836519326,-10.562968076127197,-2342.661430844967,-2033.5348829355248,40.28484685656776,-5774.549460301887,-822.0446650429041,-528.5288843130688,-0.0,-708.5925583234621,-1255.1874873266718,-0.0,-0.0,-0.0,26.158733128913493,-0.0,-1290.968187083844,-0.0,-1290.3606820769828,-0.0,-0.0,-2136.3590158213065,-335.90169324162554,-575.0218748744015,-0.0,-0.0,-0.0,-0.0,-248.4685959200313,-566.4273321663827,1134.7676048667183,907.8073089323901,-635.8360878271616,-7.796953784199091,-0.0,-268.67450619073895,-292.32858262503714,-1576.5116354259205,-500.3609206074374,-106.39081154631519,-925.8800687681191,-1286.0839140523778,-836.6488206356232,-553.5709707044795,-0.0,-0.0,-0.0,-65.0466401939617,-0.0,-1538.7078340378644,-601.0903800942207,-0.0,-1634.160479356828,-1016.8104257343931,-0.0,-0.0,-0.0,-0.0,-0.0,-918.1687791446187,-0.0,-254.77063191967423,-1506.6676633999555,-0.0,-963.6585313178635,-0.0,-0.0,-0.0,-2375.471876633028,-1169.8153254911435,-874.9346993953449,-2066.2017646614954,-0.0,-0.0,-0.0,-73.67919555776982,-454.02460640212547,3.4062143421540747,-371.4648335460536,-265.92285510461517,-0.0,-0.0,-305.3927744437182,-1378.8504923425776,-3129.6277611481955,-0.0,-394.114833395514,-1104.5333738235377,-379.6386804197623,-431.84581076960126,-0.0,-0.0,-0.0,-1596.099893639826,-1552.283848449573,-36.36033208542181,-1521.6595680664423,-516.93247186571,-368.898246746415,-6.932520142086342,-1115.729591812541,-0.0,-1808.8741437885485,-0.0,-422.9651757783602,-0.0,82.08387285885348,-0.0,-0.0,-502.5166160263345,-805.4869422747379,-7.282522107308621,-0.0,1070.0772045758933,-0.0,-0.0,-1648.4974201025177,-1479.8871762479368,-979.8462011363484,-0.0,-372.6749274229915,-613.8632662227902,-1385.0391650076413,-0.0,-0.0,99.83170280975689,-667.5471788204422,-0.0,-0.0,3.773991841736367,571.7157227883371,9.916596170437604,-1328.024567292766,-0.0,-0.0,-1496.77936391938,-1535.9452445718375,-73.4954710368019,-0.0,-147.95805624816677,-682.0022361364277,-909.519136463535,-1554.0626610287268,-0.0,-851.5583067725938,-5.769661122171102,-0.0,-1425.2377098255783,-0.0,-0.0,-0.0,-0.0,-597.0744053398683,3.5900836599950465,-14.152740925762485,-0.0,-0.0,-510.18752955175694,-0.0,-0.0,649.580580006842,-974.573421625226,-40.608640465642964,-1939.242863922394,-0.0,-0.0,-489.8419936420444,-0.0,-271.72231616737713,-1074.5931501719128,-933.0300499777478,-952.3665464414013,-0.0,-0.0,1275.8440474018269,-0.0,773.3079710379188,854.9638605973266,-35.230189106765714,-712.8326438471032,-0.0,-0.0,-100.96951069417621,189.81409497623218,-727.0342897098084,-336.3308356485308,-1043.1465106475744,-2381.628241055258,-1818.899361851439,-0.0,-0.0,-234.80978860350814,-5054.141049058522,-507.36370720619124,-461.63032838302655,-0.0,-0.0,-518.4611203379042,-0.0,-882.8385452933688,-1267.9188238704155,-591.8087872579414,-0.0,-0.0,-47.16007757392298,-0.0,-140.61724861407134,-1114.2398303432708,27.566045963198384,-629.7101792118208,-416.3412623874634,-221.91503088140814,-625.1723943478969,-2238.3441253794826,-13.411645101085323,-1088.5363558904567,38.52667871886557,-966.9982080989902,-241.08862357599418,-0.0,-0.0,-181.51110058424825,-0.0,-0.0,-1554.0163212627644,-572.7221310856927,-0.0,-689.5445768499685,-509.84453994392356,-0.0,-0.0,-1430.9093713056411,-702.7154436792025,-1310.8737615915184,-1353.8019659099116,-0.0,-88.0166518757221,-2540.959275079163,-860.210620616341,-282.5254528449185,1469.8836744663708,-1550.0382074498643,-1152.9566776124793,3.3343228654449155,-751.6910297431887,6.985850309306625,-1620.6214070909807,-0.0,-2843.1713743750774,-719.2145607260925,-0.0,-1554.7799276827238,-1355.7531966662502,-0.0,-179.68462645887647,-753.3664750660633,-898.2012960037604,-1383.4958204925913,-686.5091488675972,-418.6070324411821,-518.8101656082158,-0.0,-137.17912166761207,-0.0,-2278.3048127892203,14.28375476231856,-2975.870082537054,-712.6305506798041,-38.529541456820176,-38.32632428914463,-1223.0512939535024,-851.4673520207556,-0.0,-430.23975803016816,-0.0,-0.0,-590.7664051165664,-0.0,-0.0,-0.0,-0.0,-0.0,-0.0,-0.0,-667.2364510964237,-423.16789761206667,-2325.849429936955,-2325.7485582611553,-0.0,-0.0,-1074.346243212613,-1745.0280065276836,-432.0182825418848,-183.10857721814665,21.08196629507876,-0.0,-1210.0103093700332,-0.0,-2206.419923021732,-0.0,-0.0,-0.0,-0.0,-1645.817078106436,-207.24927869298008,-462.62174756622954,-1021.1313134547486,-1109.0114125316131,-933.9347047977714,-657.2912545121317,-1072.524778510276,-0.0,-0.0,-0.0,-0.0,-571.8928563563783,-391.60710327369276,-1316.2366182187893,-0.0,-650.2497463685786,-4835.047790190491,-570.627809809275,-699.3480249927953,-3016.2505330449644,-667.1767819399399,-0.0,-453.7822335552097,-454.71892142323105,-1019.1874985938274,-597.2946618598876,-1396.7728582084965,-1466.030578318876,-0.0,-0.0,-0.0,-0.0,-1332.511890962278,7778.6577548487585,5781.011102422523,-0.0,-0.0,-0.0,-0.0,-1884.9771370118308,-879.1900082987223,-65.52294019846612,-1350.6645172255724,-679.5753058844768,-0.0,-0.0,-0.0,-0.0,-680.9866461361692,-0.0,-1538.5800076047526,-234.07127416300227,-0.0,-0.0,-0.0,-0.0,-98.55052958816837,-427.89565425587335,-381.27682243710836,-772.3758689855779,-860.5099417103527,-1027.941914020777,-844.022178459695,-286.6790468847705,-1249.0483594324714,-1485.0882752100226,-1034.6819652961676,-1475.5422407401898,-33.76415609722217,-1123.7859100257974,-853.7393761415391,-797.626773278625,-1360.0916649155542,-275.90775288848334,-2318.712143660385,-1503.6724861157838,-1627.6068948159389,-546.3181862199862,-467.1611462473536,-1075.6596460339083,-0.0,-868.2101754036282,-0.0,-2898.0053413678725,-805.928773839168,-287.3084128592452,-1461.3162769944606,-1345.3273870806631,-1015.2930856254064,-0.0,-0.0,-0.0,-0.0,-738.0098276069987,-2808.940776293185,-1526.189656114597,-0.0,-0.0,-902.3238848514862,-0.0,-0.0,-1003.6061821765003,-413.31037694258885,-843.2871669968317,-471.86097060466636,476.1782433143702,-1009.7783659462159,-566.3764356156322,-1518.1409332303679,-0.0,1183.1961564437368,-0.0,-0.0,-917.4146128041128,-4513.678044471847,-0.0,1306.1899031349947,300.57488845251186,-667.0477601823366,-207.86152667341892,-0.0,-1544.2904915401018,-910.2487478257303,-2074.5967051760217,-1808.301836228317,-322.9835839675835,-0.0,-455.8440121956908,-167.97097464441737,-0.0,-1050.2558226968472,-0.0,-1580.6826892402753,-2235.5782176089447,59.8470901804866,-2069.2345186952302,-1733.8411397571463,-0.0,-470.18464124942307,-1194.5459189131288,-2004.0643333203843,-0.0,-364.1826997740472,-2195.261778792486,-826.5527757098897,-727.7961114600746,-853.9328250178698,-371.90143182837966,-775.6250725109013,-1336.8766244143364,-0.0,-863.4084623832122,96.89235366025369,-1082.8382164417574,-0.0,-449.2451900388265,88.7271048432745,-932.9093377154018,-569.1157291890398,-0.0,-469.83441165060174,-365.58895074521166,-1604.3823347859347,-1023.8448903658299,-1479.8809788043704,-781.181443769485,-619.8177504463063,-891.0030976377493,-1727.4890301500352,-20.27294844627113,-0.0,-425.16178176832443,-599.0869970983963,-1164.143123757582,-1835.340886666401,-301.295225407436,-616.80026858927,59.11800759680558,-822.8241393063183,-1042.9965474475273,-803.2105216662547,-0.0,-794.5673709076539,-51.09268936560499,-2137.2727554491958,-0.0,-397.3013862695484,-791.4292356315977,-453.8043350373186,-2197.3352810328765,-160.5681352654587,-1408.2547928998354,-666.1596776681527,-2169.9898623771105,-0.0,281.6108970854732,-0.0,-0.0,-282.5873328417262,-0.0,-0.0,-3352.597115228324,-27.320026707580638,-36.88499882922421,81.85312276522741,-1228.037033755758,-0.0,-0.0,-0.0,-0.0,-0.0,-27.39767001264685,-0.0,-301.8892007412964,-0.0,-293.1366259226184,-1464.9629448951152,481.746742307951,-2432.731093009934,-0.0,-0.0,-0.0,-0.0,-0.0,-0.0,-0.0,-0.0,-0.0,-2442.7261378253193,-0.0,-2508.2318529721897,-2592.608932963771,-33.384781196627216,-0.0,-0.0,-0.0,-0.0,-780.7079090347771,-956.6332947038816,-0.0,133.04373478866196,-555.7469238340263,-1810.4565300382058,-580.6842839523981,-0.0,-506.407543011268,-877.029030572884,-0.0,-0.0,-571.1323836431455,-717.8521464825432,575.0010583696435,-456.6511869195251,24.105000039237723,25.5556912387349,-0.0,-0.0,-0.0,1531.6805401192416,1199.7507818853305,1311.8528801501486,-0.0,-0.0,-0.0,-681.7187433013667,-0.0,-0.0,-781.8685267565419,-66.72026499266451,-371.78582002800505,-51.33718833800452,-980.3637605768292,-684.5292922726114,-1164.7370767784455,-115.5923957201182,-238.4070349904839,-1024.869947811941,-0.0,-2055.0220308440444,-13.632879665610034,-818.7038672868315,-750.2291624939529,-14.977703949587134,-0.0,-1063.26998076195,55.06672701400227,-0.0,-0.0,-0.0,-0.0,-0.0,-1283.163613483567,-3132.3290436032335,-0.0,-596.1897507043739,-55.20372342104255,-0.0,-0.0,-0.0,-412.71519980810564,-22.97146403845128,-0.0,-1127.7523784301204,-613.3101076092363,-0.0,-0.0,-483.1641201483725,-0.0,-0.0,-1490.8720070119568,-1319.6756615439372,-0.0,-763.1449136151833,-1833.0452324359303,-71.57374107988015,-0.0,-0.0,-234.87206594093448,-724.6105164051023,-217.25755036694522,-165.64671577709106,-129.35159519020195,-0.0,-0.0,-0.0,-1095.5578696419614,-950.2123749924694,-1944.4852924880322,-256.48996562150217,-1190.865277118154,-97.3634166784081,-151.82104227429127,-448.12527380385785,-1660.8402990440395,-0.0,-0.0,-1396.0775096358332,-1562.5182245546523,-0.0,-0.0,-0.0,-542.7230433959986,-1766.4291721725942,-3044.3415193537917,-0.0,48.19953666513151,-169.7669679777787,-585.3098676745254,-539.4000037822311,-1791.67204640176,-0.0,-1377.1539881621163,46.264873524127715,7.6554049957424795,-238.63305931411992,-0.0,68.56080406625112,-249.2937438516492,-415.11476101831124,7.451751278005197,-0.0,-0.0,-676.1002434251928,-10.494617847324957,-0.0,-1231.9038257760242,-846.1559190596705,-1087.467593326325,-733.4672317570089,-1130.7786944189047,-1376.6971778323712,-0.0,-0.0,-0.0,-0.0,-0.0,-334.8679212023351,-558.3734790581542,-1093.8626796611304,-1175.3782155606787,667.8343801059538,-1343.3952229713918,1495.8971648781423,-0.0,-1925.7879187867356,-1509.042693136044,-716.7815415436064,-28.22331065003899,-97.70234954700038,-1977.0646593044262,-197.2186395543788,-0.0,130.1155469233061,-856.6002570050947,-0.0,-0.0,-503.3681777626435,-341.16065043159006,-379.9152232865852,-1086.0210892811683,-1418.7254963128808,-0.0,-1351.6508870239475,-1124.904048822694,-4112.77423408299,570.5778197809914,481.6565877055744,629.617751856923,574.8901959589647,-0.0,-0.0,-0.0,-0.0,-0.0,-0.0,-0.0,-0.0,-522.3134854994713,-0.0,-42.96395756794619,-38.888401595332596,-0.0,-986.1333712696004,-1178.3621544243636,-1734.3770166815414,-0.0,-0.0,-0.0,56.15848712531154,-2909.933468862554,-565.1228777362953,-2450.8689265617954,-1578.7032920379581,-0.0,-0.0,-146.13621352741157,-1144.4721363117524,-0.0,-2022.328037092737,-621.083523585706,-0.0,-0.0,-0.0,-1901.5894660311974,-0.0,-0.0,-0.0,-0.0,-0.0,319.5389633909689,-0.0,-0.0,-0.0,-858.639283808299,-0.0,-0.0,-0.0,-0.0,-0.0,-0.0,-0.0,-455.2345958455176,-899.8876924208619,-1221.520845961344,-1417.1229698868608,-510.55605345417104,-997.4103774102547,-30.879317639549598,-0.0,-570.1361344529628,-41.238440508380535,-0.0,-0.0,-0.0,-0.0,-731.8332310549434,-0.0,-488.58205734399775,-1180.833140316485,713.1550897480528,581.2588785529881,718.5456505358284,628.3602541609739,653.3894127039537,-0.0,-0.0,-0.0,-0.0,-0.0,-0.0,-373.63572398154713,-0.0,1877.3595716849186,879.6841206418287,1032.904334800119,-0.0,-0.0,-1171.1968938466416,70.31290366158319,-53.65229746124814,-2014.8493073140237,-0.0,-1504.566851334528,-0.0,-0.0,-0.0,-0.0,-506.7384357776183,-0.0,-528.4716814541604,-525.5345162681451,-301.74298363720504,-0.0,-12.93808580169583,-0.0,-727.0012196376348,-0.0,-2065.4476758462984,-499.9393682427631,1484.896946829744,-1869.0996942231475,-765.5476962077486,-65.50442015930314,-750.6264297301526,-0.0,-494.97954116718284,-69.16804963961583,-2099.612786071358,487.17497637178894,82.56595011970701,525.0769249088642,1075.7613730040414,-0.0,-243.7495342705236,-22.965565536318273,-1081.2629812528953,-908.1891177519674,-1285.290683649802,-1584.0389091115828,-0.0,653.5440327625826,-0.0,-360.2328355905665,-2398.158275036976,-1068.929880254792,-0.0,-1279.1971330779843,-372.4257180265058,-540.3830569751232,-593.8146222503818,-275.914949462858,-1212.634416560107,-0.0,-1728.328542580011,-395.6610775626339,-1260.067926957816,-300.3342630182733,-0.0,-0.0,-0.0,-0.0,-1067.3529353028375,956.2311382745943,-923.3261766662347,-630.2718557843568,-0.0,26.177603598190377,-0.0,-0.0,-718.3321371617059,-597.8454007721236,-623.4012522655004,-628.4595143364053,-0.0,-0.0,259.3730651727403,237.10652985277605,526.4504765386633,-0.0,-520.9133132578482,-1643.2990382811067,-1116.074719335967,-3.697296436230051,-1388.0461893249392,-0.0,-0.0,-0.0,-496.6163878938688,-858.0938895957868,-0.0,-1216.6954442202386,-0.0,-2468.895193795103,-3370.2347575197014,-0.0,-19.50175783554931,-0.0,-685.4061089636295,-0.0,-0.0,-0.0,-1824.8756894509008,-893.197590572626,-531.6767657181229,-694.991239566164,-0.0,-0.0,-2008.126772263774,-0.0,-508.546402937215,924.6174372670137,-912.8758857853221,-704.8335611610096,-537.259354360875,115.30129858820806,-0.0,-0.0,-1160.485031524257,-0.0,-633.9929576729483,-65.0159892818924,-339.93758993866095,-277.79169305427996,-0.0,-0.0,-194.98467396126657,-593.1788166444092,-920.5254938620911,-498.3854255243751,-930.3512002298382,10.016624471751234,-0.0,-115.74704382804826,-1655.4466184790288,-1073.0202727380627,-0.0,-0.0,-0.0,-510.94057018901464,-520.7984995703849,-1188.2539443416406,-0.0,-0.0,-0.0,-0.0,-0.0,-1314.3982590585686,-623.1488882625661,-0.0,-486.5194481356504,-0.0,-15611.477267121007,-689.8213594267427,-107.41751016766456,-613.5549957383349,-0.0,64.59519801597254,-1035.9314394627713,-2151.4025160170568,-0.0,-0.0,-0.0,-663.7810927468049,-414.49559592634773,-875.7249942543295,-827.0455727497867,-466.6179828863305,-0.0,-0.0,-1432.6938000128962,-491.9625884143705,-2036.8844882647402,454.50296922339675,-1862.3213070352717,-0.0,-0.0,1526.439808750858,-1353.8452359518342,-0.0,-189.29144230792534,-327.07358772963903,-569.4991831191703,24.98935268481383,-663.7949573653632,-0.0,-0.0,-1049.9067362859641,-1248.6860334836556,-2552.158325660759,-0.0,-0.0,-1968.3569935080934,-703.954189027669,-754.7847250046143,-2040.636747886271,-1369.777338914309,-0.0,-0.0,-983.7554370766528,-0.0,-66.5126699948142,-1355.8131643376887,-1461.1946084899428,-0.0,179.05947932451807,-654.0695906469542,543.9172016545884,-212.24513002677864,-215.8363585748981,-0.0,-400.19001324374744,227.1729493361905,290.531081730248,-339.2618280834616,-2128.0957253231827,-1673.7991522137359,-72.65084375457411,-4254.785561878563,-569.4492916640825,-982.5516571619075,-42.55296302065352,-3074.434160434618,-297.2321999921245,-584.4790843921402,-235.46241226243615,-1630.8471940517104,-935.4202648248142,-2817.6184461128087,-4859.10033498607,-72.81779521616141,-597.4428022574283,-1312.3830219257736,-1069.1957530529537,-0.0,-2886.1050383331303,-0.0,-257.8026580925582,-1518.3936778407142,-1069.0400720997047,-0.0,-0.0,-787.7952465723556,-219.4365852401131,-0.0,-1254.637130545931,-0.0,-657.7641716072819,431.70652071213465,-1989.8031255143942,-418.0319951116978,20.639807886231242,-11.536003591921304,-0.0,-1782.2455279895375,-508.3728602137666,-0.0,-119.961818256588,-0.0,72.39805462927573,-142.0941617222698,-0.0,-355.9678448700995,-1209.703780705089,-383.80780871618197,-784.3582697623766,-1703.9601085183685,-0.0,-3211.7000962901866,-1520.3289189611307,-2450.9581392918003,-2035.2905643981721,-73.90696761932146,-207.5665270604593,-499.972461383757,-1170.9724814363835,-0.0,-0.0,-1028.4674018390906,-161.49158819495108,-0.0,-73.6469657397933,73.68414247837487,-1945.562217278369,-0.0,-0.0,-1019.2572668594955,-0.0,-77.4302465663795,-0.0,-45.560892500749326,-137.01892836533838,-0.0,-344.92970111338616,4730.295095148019,-0.0,-0.0,-2307.721158154867,-607.0161932072214,-201.9307873337442,-0.0,-0.0,-0.0,-502.33256996806836,-1815.5469386134303,-0.0,-0.0,-0.0,-1786.3170877043617,-0.0,-0.0,-0.0,-1311.6383754952271,-686.0889761397113,-260.30401071064614,-370.6876929150608,22.950530781472906,-590.1245848263068,-337.26675518927306,-169.07062617286073,-2076.463259634502,-0.0,-0.0,-1058.8099932925088,-710.1530599896149,-2225.710452902037,-0.0,-0.0,-2036.1895996726685,-597.8814206681269,-1144.199055806383,-329.987756443346,-570.5363171597437,-1731.1279335372278,-690.6971787116486,-68.2619404588657,-764.1725443146647,-1880.100347237929,-1350.218757493167,-1115.3184217358357,-0.0,-487.26772465732193,-0.0,-1565.956127969143,-332.1474598343099,-173.64768888624545,-620.4222933827614,-632.596904511091,-10.364990898696494,-0.0,-947.2239326685024,-502.66583934395214,-39.21404347722014,1267.7023656268561,-66.72528817427855,-0.0,-624.9046895851203,-440.94690146304487,-0.0,-653.7306093565729,-1388.2892212633758,-0.0,-0.0,-0.0,-0.0,-384.92818584543164,-775.3163057789083,-305.42704225825327,-428.19168870855503,-309.80918030106193,-1418.045619907894,-644.6809228917367,-1105.520842459604,-2284.3197920679045,-1546.3411140616356,-0.0,867.2425181266559,828.6738154576938,515.7576283536729,696.7255901489407,360.992109129243,-0.0,-0.0,-0.0,-0.0,-0.0,-0.0,-0.0,-0.0,-48.90730282705372,-747.8012837336441,-435.9083679478114,-237.16887716326505,-948.2341750434776,-90.02351125274807,-308.6533490748341,-1010.4959407841607,-234.7309658954657,-1691.3299294198923,-718.7239376234138,-66.92535359808083,-338.65676578489615,-23.13841154668691,-0.0,-466.1228491929422,-139.72746049367734,-206.32172094446562,-671.0607847478676,-256.8151917184244,-1409.0503648111012,-272.98704146172304,-0.0,-0.0,-1753.703080574019,-451.90559486819853,-300.80365521545343,-435.47884488385455,-863.8793004128181,-357.9386129897371,-337.8123278052859,-0.0,-598.0614799142994,-681.7762844480326,-608.0113134950176,276.24389903089383,-1212.3521661779976,-1743.6172477312318,-166.96272257188213,-641.411770461494,-651.7654295070544,-11.061171451389951,-0.0,481.50106001130143,-719.3505242883731,-30.121023320694377,-1694.0903891311468,-0.0,-0.0,-993.9964837668856,-399.8775704374309,-0.0,-468.4543952855955,-579.5686423095785,-708.0089433604164,-0.0,-613.6348979868203,-445.25503139547516,-1886.4628423687084,-3731.8219343766427,-346.77130189259157,-0.0,-78.431381329207,-363.980528808603,-1415.2861851070766,-196.83885646510137,-496.56431265700354,-654.5784985772738,-612.70924635396,-291.908864754668,-0.0,-0.0,-1407.5256273065431,-103.48506125259091,-378.8410892434278,-636.2334125625695,-1065.063774117262,-2218.363821849871,-0.0,-473.5546670838939,-0.0,-0.0,-0.0,-0.0,-0.0,-25.514778039220325,-143.057619570412,-311.1573863149323,-0.0,-0.0,-0.0,-0.0,-0.0,-0.0,-858.5508688548238,-1770.5671064063538,-335.6004821793078,-473.7901250593414,-33.38712355805343,-0.0,-0.0,-339.69111555969823,-0.0,-0.0,-110.29674344141098,-2530.9582378827204,-0.0,-0.0,-1355.4813463606777,-502.5026950966633,-891.1272473582864,-932.8869140750757,-553.0529025659105,-0.0,-0.0,-1020.0459474608894,-1662.3546051907847,-773.0942459030049,-0.0,-943.9898173925446,-0.0,-328.87647873890563,-661.8906616158838,-0.0,-610.4332033572284,-1640.8365352235926,-0.0,-1521.7738329362928,-154.69342176408782,-469.63367187665636,-1151.3761441697477,-165.56669269536263,-1069.6946236283295,-0.0,-948.7865769899959,-23.455922730928442,-1699.9542668926276,-1652.0026460068916,-0.0,-0.0,-0.0,-0.0,-617.7989214185427,-653.323236392076,-0.0,23.078181662001747,-322.43750182041214,-673.2725377771054,-1888.638258866089,-2015.841711782406,-333.0356565765326,-0.0,-1119.1636578187401,-653.7775104570411,-1667.143885352819,123.95199676079713,-0.0,-3183.9345516565977,-559.9108007862991,-0.0,-406.43007959353116,-1340.58245651947,-0.0,-0.0,-463.4592079554781,-1125.1219323579587,-0.0,-865.5847154534302,-1120.4844521413374,-35.53460437234376,-71.9402791109914,-459.30694115030053,-0.0,-1265.544324141259,-2236.111407881166,-1052.4564830735,-140.62921249063336,-1806.18086770249,106.61251212747521,-812.3102198423283,-470.2145373132285,118.45946029772806,-750.2430145838329,-1269.8166514177185,-718.4127884258494,-1309.5212887038267,-389.5944772150042,-513.7017851755139,-610.5738148398699,-1436.7721441318677,-0.0,-0.0,-1595.068030778035,-286.3909865356271,-0.0,-1288.2551430462156,-1012.2838247299516,-0.0,-2506.6610930340707,-479.74765098226715,-0.0,-614.3217630566363,-0.0,-0.0,-981.4551473727078,-1034.4149743272474,-0.0,-0.0,-0.0,-747.5041075544609,-3.912675207322459,17.098629276325767,-215.61779910370925,-0.0,-1813.7512854914858,-1431.8978959277606,-486.87668456661027,-1801.7631743499621,-0.0,-48.87744606983922,-767.3690923140006,-0.0,-369.48282179198384,73.9349012499973,-1277.5422498773494,-841.1664932107768,-613.9244656296297,-1081.6368451250423,-0.0,-0.0,-0.0,-666.1549354416114,-0.0,-354.14066447241544,-814.5489403205396,-183.09972978658521,-1004.7855673419923,-1678.3887710116394,-441.7850033428718,-1637.9596662763565,-0.0,-975.6270579683004,-598.0212425370979,-465.43319916986974,-1000.7226234171115,-278.9460701717445,-452.7145718558092,-1141.2885158325878,-0.0,-0.0,228.33670744504803,-2429.9093851521357,-867.1664023479243,-242.67647946317666,-0.0,-274.12284772323454,-431.9469290332072,-614.451056380783,-0.0,-0.0,-733.6912916451594,-0.0,-19.451634831007528,107.1600744200484,-113.77937557041422,-1827.3527082417934,444.837038743341,463.4971305956537,389.47772438414415,517.7754864101518,41.375380332003445,-0.0,-547.52462813698,-657.4455596135139,-314.68274528793035,-8.614803663476062,-0.0,-0.0,-0.0,-165.06135561229075,-10.653660919070902,-925.3997784964491,444.2354686776757,2100.43175598293,-0.0,-0.0,-0.0,60.621155960190016,72.00067411979609,-0.0,-2667.5921770884506,-0.0,-0.0,-0.0,-0.0,-0.0,-1942.1990619458336,-243.19471337465524,-0.0,-372.6283455487156,-1742.7070439449915,-145.79384928430525,-283.8908171107925,26.84775049770747,-1643.408742328553,-3271.3343105782487,-1450.1462090219025,-0.0,-0.0,-1422.7123745079878,-881.7556379438604,-627.4255046439508,-416.64054592663575,-294.30497599994453,-846.619385791753,-873.4784199079011,-4274.247857773997,-522.0513701544519,134.2607630755624,-673.5523752050082,-799.5938496163694,-562.1530874316068,-554.4305998285887,-6.659817765409375,-1652.2203421440995,-709.0282137147074,-473.69527283806207,-0.0,-0.0,-0.0,-0.0,-217.79756156340724,-1053.673665572236,-0.0,-1143.2268053952196,-1212.5074421077752,-0.0,-0.0,-1262.7495408537202,-0.0,-0.0,-206.7792570786928,49.634788005792636,-0.0,-0.0,-2560.7637811426553,-999.8060376778793,-97.45518799080766,-862.868227328001,-1055.4662926720935,-0.0,-275.74209304458503,-424.8883747343617,-0.0,-1329.1185892490482,-314.8123137408973,-888.0191443719564,160.59720043639402,-737.9485582129203,-196.4921676788843,-204.09561767606397,-47.51430439812577,-32.99804319885545,-548.5300625362024,-702.4450110097208,-385.22031810035685,-713.9716764883564,-0.0,-48.35281000289739,-635.4498097435436,-152.10561209206608,3.6674448734493725,-0.0,-1016.4087609212628,20.683689124511762,-961.4497131354836,-0.0,-0.0,-0.0,-1709.9690730507818,-0.0,-0.0,-75.29911128482996,-0.0,-0.0,-0.0,-0.0,-0.0,-0.0,-571.2729113643293,-1202.3072246600218,-0.0,-0.0,-0.0,-0.0,-836.7388708666258,-446.92281832649155,-0.0,-0.0,-1625.0772544886302,-0.0,-1181.9467364380955,-2373.47528936503,-0.0,-0.0,-0.0,-463.18283124909624,-0.0,-0.0,-0.0,-889.5808424279577,-607.2884573981333,-585.8243293428661,-0.0,-0.0,-209.14735285269563,-0.0,-3442.5307584749758,-4951.396652088196,-0.0,13.13669415247934,-0.0,-496.06286521846005,-664.1169565401938,-1652.6119067903096,-0.0,-0.0,-93.71764662347296,-625.9900283478701,-1214.941705470316,-590.488191576882,-351.9648314427331,-0.0,-0.0,-939.3073818238041,-965.4743715247373,-40.66556527000227,-0.0,-0.0,-607.4815538442833,-323.1990378250951,-73.52633187949507,-0.0,-0.0,-0.0,-1847.5582109217137,-340.3226328015336,-1148.7760690501493,-3712.099838539877,-0.0,-762.4270675880998,-989.7848716970774,-2046.954443909118,-257.78630004776187,-0.0,-0.0,208.98995749131066,-1047.0863626522425,-1456.8224718036972,-434.670039563438,-113.73841913611614,-22.97156330264142,-1632.0509573348568,-406.4852856443887,-1440.4212557991407,-600.3681497014572,-2051.0645151233807,3.2971091010134033,-831.0770546098977,-675.702742433257,-1753.2069437988182,-0.0,-0.0,-687.1505550701633,-1533.8379868606937,-1603.0737597892212,-886.1977877700377,-0.0,462.8411763925319,-55.60205037751145,-412.16203850307653,-0.0,-19.720745545054605,-0.0,-2461.5345861721603,-51.789667683185534,-0.0,-0.0,-679.0955576628567,-955.6645588429416,-747.0834190373313,-262.82660838333993,-573.1431791427061,10.143671008675206,193.34095591295042,-707.872710117217,-23.121714521049867,-1341.1490611932106,-0.0,-1418.8855382096965,-98.1305873597044,-572.3132085994623,-316.64483641095734,-19.95706862630491,-38.28135789123709,-19.35133734502505,-1152.9408811088515,-834.590497195305,-1235.4513933215544,-209.66437021588243,-1193.019357404923,3.9033981994671993,-0.0,-651.6492793842065,-2580.545934200678,-0.0,-0.0,-22.685713159299276,-1754.7065265889605,-184.31903523381888,-567.1877620884738,-330.5232439362761,145.6240036082416,-0.0,-0.0,-1065.6651993778507,-0.0,-0.0,-1727.0882898444688,-1472.1971066249112,-798.7530511910975,-711.125335554537,-495.62342196651116,-841.7045265236798,-675.9573726127686,-1052.1241344922887,-2206.934364282214,-0.0,-0.0,-0.0,-0.0,-257.53087542959304,-0.0,-1724.6522966532004,-539.2156547153513,-710.0174067708384,-863.1333806883241,-450.6225038971524,-0.0,-1443.6632704644157,-518.0724361235002,-0.0,-2254.1124125905635,-1249.3130363574226,-0.0,-0.0,-2493.4820950567337,-1766.335146057807,-349.3898463070907,-704.5556725431037,-0.0,-406.84107073388344,-312.8363621275693,-0.0,-547.6357827334293,-460.0330560015914,-474.0541284969358,-0.0,-0.0,-0.0,-0.0,-373.3690588376113,-1117.266483758964,-5224.334274557949,-0.0,-0.0,-640.2424713385053,-678.6693875751062,-1746.4785820663458,-551.7071924207129,6.596861040677588,-467.51885293360004,-0.0,-634.4312182328474,-495.7315117227605,-0.0,-413.41257626765736,-1006.3033137145381,-0.0,-0.0,-0.0,-0.0,-0.0,35.809678071536965,-1886.9279607305878,-0.0,-1098.2804124659401,-787.4052716075781,-3.8271906163481457,-1764.4695789390755,-741.1280184948233,-911.2379564203368,-1139.8303385934905,-69.46621025132798,-106.2853904247875,-1076.9335952611357,-745.9783793383198,-572.993937844577,-0.0,-1380.5836248081148,-1073.961954233156,191.5068005939149,-0.0,-521.506767518729,-694.8776885262121,-824.7832102169789,-67.89581932173338,-0.0,-232.3620193265963,-0.0,-0.0,-2088.6588034369142,-1996.1143481239253,-1699.5946596129013,-1413.692840721019,-0.0,-932.5199100228261,-1702.2341394573455,-0.0,-4632.882632012379,-0.0,-0.0,-0.0,-0.0,-829.3723062434749,-2042.6948795512485,-2077.515374392948,-83.55846458931074,-1825.093316916552,-0.0,-865.3938801192367,-29.643257980694145,-0.0,-58.7875550907312,-491.84413224658863,500.45591321651546,-0.0,-376.9180063526767,-39.506018430771896,-0.0,-1221.3231540262634,-0.0,-1703.3741333197322,-134.69332254278322,-0.0,-0.0,-951.5453838772968,-1579.2165749356623,-929.1708473951624,-1000.8246616676124,-1212.4641720290417,1334.3666945980053,-43.146118486231124,-748.2643214078361,-30.02279327994384,-1837.5959847419663,-787.2222679180804,-736.1983861550973,-388.51541992684184,-1432.8731152543683,-1484.0054265013014,-362.66726146773277,-2178.7741759031014,-311.35869555290253,-0.0,-0.0,-46.76397366423254,-0.0,-0.0,-0.0,-0.0,-0.0,-0.0,-1306.8539174717657,-546.4810276079053,-1152.0569333293324,-772.3380373685126,-0.0,-594.0978441586064,-1179.8962201423064,-1042.1752352216226,-1753.4131627818729,-1096.3002530945216,-74.08699708475135,-155.48595861120592,-929.3981523036409,-1307.6859334855185,-0.0,-0.0,-0.0,-62.35707952544768,-769.4705848684262,-150.4577921832608,-464.8874170529741,-925.5037615606014,-0.0,-0.0,-0.0,-3490.6219978303684,-0.0,-116.35762723770398,-0.0,-196.16533990836405,-1133.5472775261148,-1046.2177093653988,-717.2666916027532,-0.0,-36.98103107787692,-538.480415911971,-583.0689357165212,-478.13428396192137,-0.0,-947.4205113542338,-0.0,-0.0,-2764.589054365275,-0.0,-1162.759536459993,-534.3813025576087,-366.1585219324045,-239.9446794361508,-1204.1701060098849,-2625.9049200074514,45.08358818312058,-1746.5535815770384,-1582.2845879430922,-454.2937882653515,7.417871844234031,-0.0,1287.4344063753144,997.9765090393599,1102.8055063401084,-0.0,-0.0,-0.0,-811.3402404706738,-0.0,-262.4141835477654,-193.71026484856282,-0.0,-3495.4612961634407,-0.0,-1177.1036656849349,-77.81840209002726,-953.4645745255015,-448.2147292437498,-1308.2592580664787,-1052.600777432468,-0.0,405.02120460821374,-2325.0539599077556,-1424.618872754365,-452.2604738904009,-1196.9459299143105,-1710.0077836462867,-0.0,-0.0,-228.83979113955414,-631.0896645450836,-1773.4178900693012,-737.1041140727156,-33.84489858545588,-0.0,-0.0,-611.8489404243574,-0.0,-0.0,-0.0,-182.10954375979153,-1283.7190886445946,1341.0046954216568,-1228.6063602854615,488.5864838178524,-689.2199410129767,-859.3188771020116,-11.59865515271668,-4562.165832382369,-306.6495410202953,-0.0,-58.6164082623791,-1958.9414954208457,-1440.0281229264663,-0.0,-27.35215044815815,-0.0,-522.7555051916584,-24.06128663510739,-1769.3465324639083,-1274.5860457919682,-0.0,-301.70985076173315,-0.0,-0.0,-0.0,-649.1435113249528,-934.2057690398215,-359.65928614259724,-1081.7581668598755,-1631.4692180918887,-861.0635763805142,-383.67025939630037,-383.46145280932797,-112.38083593955874,-1567.314688499506,-562.5394165376475,-819.6474941524309,-1219.6897680582538,-1431.6361374530234,-1147.681265856072,-288.1703747915213,-1337.3013664754399,-0.0,-0.0,-0.0,-2199.957008177179,-0.0,-419.95076255700735,-1094.5859983416492,-9.741349231885293,-774.0998128245684,-521.9684966840232,-844.6928277839098,-647.6478735847988,-186.94942712462495,-1795.2094527543911,-4126.975422377938,-254.02240548009837,-30.82977538171509,-0.0,-100.04298256837627,-6405.752887772082,-1810.0251062181778,-562.5264517091128,-1991.8806838081896,-188.41175064247955,-0.0,-20.85861626248878,-621.8822537618953,-114.76770720215009,-1097.0719481673075,-936.4134096432672,-169.570555865271,-0.0,-625.6023782904346,-1883.1403045499494,-1743.1152373482046,-1474.6336402443467,-0.0,-1379.2759034581081,-0.0,-42.65582584291652,-936.4873850380721,504.7977972296274,-0.0,-0.0,-253.20009914908613,-926.8811961451286,-659.959091144811,-1121.96697610829,138.4046006262146,-1228.0868612139568,-108.74474513806679,-314.89194265432184,-1876.7333093258094,-1739.5487531135725,-336.31753172765065,-0.0,-0.0,-0.0,-0.0,-0.0,-1557.7615502246624,-0.0,-568.6171232022731,-719.4412622778118,-2197.902398984608,-0.0,3.078395883166122,441.06551037413504,1886.3458100243513,-540.4990394297427,-1173.3692996701354,-0.0,-1391.6129631966667,-3419.3562237216906,-675.8982025215216,-4748.1890307216945,-1146.735376662943,-0.0,-717.1202086888044,-2188.3511246968023,-174.59146788271235,-0.0,999.7594077861478,1213.876181855096,1105.1760811952006,-0.0,-0.0,-0.0,-0.0,-81.56687715284659,-2324.458494067756,-76.99177877426916,-0.0,-1775.733174532223,-1031.4869773378296,-442.89278117518296,3.647495538283095,-0.0,-199.5751011198778,-787.5973864865969,-0.0,-0.0,-42.07742871040293,163.78840355355223,-1867.9808075726996,-0.0,-775.220384329045,7.630995506556431,-77.07647761348339,-0.0,272.3551396562867,-89.72514950737639,-498.98343373119314,-1770.667782451684,-0.0,-57.735849483900395,-1002.0318013905637,-885.4235462463048,-35.99195814996276,37.655375651986624,-0.0,-1160.7127433810685,-712.5506082024714,-6.517619842218157,-0.0,-0.0,63.258440246678184,-221.78278751456708,-162.20825082799408,-70.71032988177522,-10.26795757108779,-141.86889999849592,-610.2479170974248,-866.5056903127864,-484.6167487318603,-0.0,-1865.5966797575088,-778.0091850235666,-0.0,-0.0,-1005.1944955334642,-1992.495446455889,-523.6234798441337,-6.9617745565725295,-2485.9096946934515,-105.62454327762768,-70.53830038017804,-1000.9081187095397,-0.0,-338.529138559924,-1257.6269166237385,-3.8177882065531383,-0.0,-3003.9827340586107,-127.79908633771991,-1346.3227012669024,-937.7877607208529,-1157.173865132041,-2293.8731190842686,-74.29847088692563,-708.5756461343975,-1617.7062184209424,-1183.1391357003788,-979.101122111904,-195.5172236042662,-1599.5203098295613,-0.0,-2733.4662324304495,-0.0,-5646.2400731692405,-207.51321973258672,-77.43795410258217,-1325.2876282309703,-0.0,-0.0,-0.0,301.84746992400295,40.29985123151834,-747.4990935560495,-1244.5324081245578,-422.08157291022775,-1096.1429150850427,-0.0,-0.0,-1215.3598946960753,-311.36315363457993,-437.27384790371894,-143.44785251560236,-0.0,-1459.3179012421588,-283.8062484616775,-1748.2514791827227,-0.0,-30.864025244096865,-0.0,-1565.0468243485964,-671.9746581505601,-1290.645456792209,-0.0,-0.0,-1545.0094991545313,-489.4830185501146,-678.4339933366755,-1359.1018034519923,-398.51275047062524,-1093.8872068848402,-0.0,243.27388045612915,-1008.7609485928673,-3534.533010676208,251.23494118956683,-1306.9018722897704,-6793.148154948271,-601.1416385565321,-596.5993003598406,-200.7786829296242,-197.40110679531287,-927.0707970393194,178.30874817970883,-195.08957771989935,324.8422932914495,-955.8465692874948,-486.42485742878966,-0.0,-1151.792111974567,-1510.8043453286177,-777.8795421288819,-337.56968720426465,-0.0,-0.0,-29.47324918889308,-917.7188518511534,71.19425557339176,-1990.0480697734126,-0.0,-0.0,-450.24431556021625,-585.0446488141813,-1007.5124859105075,180.9619709871333,-2256.7856729506175,-1337.3608762506037,-1132.2889218316627,-212.6004651985794,-0.0,-319.4442850459022,-0.0,-618.6461161451128,-21.2148799826723,-1378.8794959420688,-418.23225754213894,-872.6730387471994,-354.53829437133976,-314.1433446503985,-0.0,-1075.3968347617094,-618.0090293082243,-1098.233260677765,-0.0,-2761.8693266940277,-1189.749995075483,-1256.8250895653925,-847.3553856833767,-979.287179785689,3.377156731117801,-1885.7308229201926,-624.0302180865383,-1064.5417429006106,-1698.7694715175433,-278.9905768766029,248.41172647270673,-890.4557081944148,-0.0,-0.0,-19.070749094087894,-48.96977577270307,-16.176297539815216,-213.2453914788404,-0.0,-0.0,-0.0,-0.0,-0.0,-0.0,-0.0,-0.0,-0.0,-0.0,-1109.797196765945,-2214.809542249331,-1935.7554953728734,-0.0,-0.0,1345.7850933614855,-458.8536319739144,-0.0,-372.0489938006618,-404.85042947237764,-846.0353338516774,-839.3706520836222,-1073.1089103807267,-0.0,-672.5511919549947,-349.2069964227297,141.47023833713087,-0.0,818.2382027287481,-0.0,204.76303655700147,-0.0,-290.6675090039755,-0.0,-384.0916820672483,-950.8894653034369,-1584.037610137164,239.89379026273093,-0.0,-0.0,-0.0,-0.0,-0.0,-360.43027271996147,-72.02960828335694,-0.0,-0.0,-0.0,-447.8037072545421,-0.0,-34.09411415393847,-562.5355102843843,-3210.754518406687,-0.0,-1189.497245054326,-0.0,-533.1841492155304,-0.0,-0.0,37.629785786219394,-0.0,-132.8110324739964,-0.0,-0.0,-0.0,-944.1568536136696,-1517.9537804691856,-0.0,185.10708620348882,-1942.232478993013,-0.0,-67.6257925066385,-246.1098219233733,-0.0,-0.0,-1404.3285285486825,-0.0,-761.4219440133456,-1094.422901754457,41.68854341060751,-2709.5952785516647,-1409.120532668605,244.40372889049956,-698.2644641291032,-0.0,-902.9525068127417,-0.0,-0.0,-0.0,-3363.734462681116,-815.2469569842806,-1334.7107627156934,-0.0,-349.4433643918998,-3.8634790923700075,-1149.2576326350734,-1770.7161344340755,67.62118206546168,-2690.8696368396536,-0.0,-1407.399044006564,-2054.3347291459227,-0.0,-0.0,-0.0,-0.0,-2109.9130684201655,-153.82074055134618,-1383.5327296070002,-0.0,592.5021415437772,987.0840691113812,-0.0,-0.0,-692.3683193192077,-865.3399784881663,-298.1863081177794,-17.172201066601946,55.164771722656454,-0.0,-1164.9615499573613,-0.0,-233.8671851918116,-1064.0204972437932,1195.3876870985382,-0.0,-0.0,-0.0,790.2556770157909,875.442923825467,-712.7308476516055,-0.0,-1228.7478972550616,-0.0,-926.6189258628801,-540.3718464642607,-0.0,-0.0,-0.0,-0.0,-0.0,-48.61209949532913,-0.0,-0.0,-0.0,-988.8966894131242,-253.9741149723632,-0.0,-0.0,-0.0,-149.75191556383555,-69.72118667236869,-548.2753937047297,-620.8149215418714,-2536.7431912679326,-1171.8511158111837,-964.5175956668594,-0.0,-2636.7128683510978,-32.81348469235192,-0.0,-884.1747875177336,-2043.3057059517628,-683.8123523645331,-399.8515683678247,-960.0783771273278,-239.2368055539627,-572.9854322163137,-637.5551535588937,-947.8215249353575,-238.09307511437348,-1484.2818957392635,13.347108485630862,-341.52394437701713,-0.0,-0.0,-684.6909141381557,-3299.3628954720566,-0.0,-956.7674675518235,-442.98866005943984,-0.0,-330.211627196922,-590.8608603778616,-599.1272769355608,-217.03432599121254,-0.0,-0.0,-0.0,-0.0,-0.0,-37.29628808321802,-0.0,-547.3281153621517,-0.0,-0.0,-653.6105843030934,-959.4983734481831,-2340.4282428859624,-386.55883149591176,-616.9542182541995,-91.55208316385375,-1675.7480623583904,-0.0,-849.866773601082,-486.5983644465513,-423.93073286944315,-1170.64513401986,-812.0361468620151,-1535.2540835234238,14.855909399079671,-409.9253292375726,-0.0,-971.9204837204514,-967.7944065432824,-137.52671892113554,3.307002229736377,-2101.348074988375,-1156.8362763257471,-643.4512221284883,-0.0,-530.8349702111573,-622.0799009414393,-465.6115365424154,-2169.8251851529362,-3.232518691752146,-0.0,25.458153967394974,-0.0,-0.0,-229.16613831477943,-3404.1253870860805,-170.7202354063369,-1274.6073757680622,-3340.282980450819,-0.0,-4003.803106739514,-214.85124951519936,-1730.9993531542118,318.7616935096188,-0.0,1373.5420642899999,-785.1348255447436,-0.0,-1720.8077059315929,-0.0,-59.42491542913886,-36.12658429576335,-0.0,-0.0,-0.0,39.14750976011,-0.0,-0.0,-0.0,-552.6476479588197,-1240.0345067719018,-594.5705636373336,-0.0,-3045.3118060577863,-0.0,-0.0,-0.0,-196.40073830175515,-352.641909928084,-0.0,-1707.9086390521966,-0.0,-0.0,-2999.925776457663,-0.0,-19.408005480585516,6.593009914058983,-425.68090745908927,-17.4136219692839,-0.0,-0.0,-190.71022672076813,-0.0,-0.0,-1158.7428553331201,-956.0477001511242,-1390.4778237871508,-0.0,-232.3915394176048,145.72303821392126,-318.8443576976164,-12948.41461586849,-0.0,-515.7149010311075,-1133.9872300096251,-502.523550727329,-0.0,-29.28889336480945,-14.076101756445084,-234.70981839677668,-916.7484740699913,-0.0,-0.0,-0.0,-418.5102538509856,-2419.3502101110694,-1153.8575997859407,-0.0,-0.0,-0.0,-308.000170683565,79.17904818552529,-6.9898923394190655,-1201.5882599306024,-0.0,-0.0,-880.8902001572903,-0.0,-0.0,-0.0,-2381.1998103767173,-875.4866566274146,-0.0,-961.7770959611776,-536.0334755105421,-219.07418406263713,-619.2266204276511,-962.5311385402931,85.56947959321205,-1173.6336374680134,-1032.6528419165497,21.514817888762103,-1678.5989672211674,-0.0,-0.0,-0.0,-0.0,-417.848088853766,-0.0,-0.0,-495.1519182464518,-916.9364836512189,-634.9654377991511,-0.0,1372.8093493300075,1297.4511022322508,1284.409361940111,-0.0,-0.0,-0.0,-733.4032692094511,-36.97358592835488,-655.28681798913,-68.7358944172481,-600.7281406320335,-1438.2986581520606,-1079.1620678112522,-1759.2251551344445,-0.0,-0.0,-0.0,-0.0,-472.6405970334948,-733.438054253485,-1522.130397240737,-371.3070258207735,-1193.2270126300332,-1711.3544811773897,-1866.044460948046,-0.0,408.07692728401787,-357.58238028540075,-328.0144617239233,-102.32035567155705,-4029.470246945684,-55.423773163422126,-0.0,-775.0152913288033,-1343.1848263531494,-0.0,-61.18684233853978,118.41479862141087,-81.9045677519416,-433.8196056763845,-2016.7983652495257,-141.26937671679764,-1432.4897297547093,-0.0,-1621.3737406852715,-1574.283600818612,-1294.331677971349,-0.0,-1595.7979560501294,-279.85594858389686,-583.8438855216784,-838.4781854130781,101.28440994651663,-1681.6997116219952,-1086.5127870503732,-0.0,-84.52715062563098,-0.0,-0.0,-0.0,-898.487086624033,-549.316355420627,-0.0,-0.0,-0.0,-3223.4519283232776,-1682.4061823768836,-0.0,-0.0,-3.910033665483408,-1517.543264169934,-824.488182159696,-0.0,-666.4526672165309,-1211.1915527322342,-504.40362198110495,-20.33292889310516,-779.0820471222876,-7.6661969975580595,-1384.7746575186318,-1479.1429899682623,-0.0,-0.0,-38.08926489788266,-0.0,-0.0,-1141.5389981582114,-85.37043104133384,-396.95252619311344,-0.0,-0.0,-0.0,-653.9656627321386,-289.7890831554189,-101.08742840516788,-408.75893912274864,-201.22157915464967,-1765.8764594856466,-277.918942480962,-510.01716415165913,-1158.5043453900353,-0.0,-357.6359492715499,-0.0,-1533.4801222471297,-1315.9328652666352,-1548.387468581447,-386.19878283865194,-256.7863690406376,72.57382114485556,-845.1569344475531,21.628457746727374,-0.0,-419.6851494317138,-0.0,-0.0,-442.610074729853,-107.98813673715253,-2505.4474282700317,-2541.4269717526568,-452.0156611851168,-0.0,-0.0,-919.2689398705953,290.06555331104096,-0.0,-0.0,-0.0,-993.5880834021843,-40.13440756950338,-427.40137032534295,-3348.2744475833483,-1299.4301647769882,-1011.2430008774387,-400.3590573367579,-157.61500011090033,-1120.373984260087,-628.4083378006833,-437.38721023655,-0.0,-591.192045189688,-698.1580746504129,-1499.3874766550339,-0.0,3.8081781905219567,-11.37113238602523,-0.0,-0.0,-1612.2521531079085,-0.0,-3166.3393918095735,-1042.593424579761,2204.8168453891526,2546.607737621358,-0.0,-0.0,-705.8883721802376,-957.2408143233436,-527.4126638855705,-315.28287584465073,-2771.8180266059917,-512.9752973359128,-0.0,-0.0,-0.0,-1102.4718772178028,-588.5548435455688,-144.36596149019564,-2298.4948403593157,-914.4631451838254,-23.908419713629538,-375.90956804192126,-943.1588113884821,-294.9112813706155,-472.5611255527162,-0.0,-56.52386181981607,43.48079625123019,-877.0463515471685,-147.49139091117684,-0.0,59.94471348142192,122.49083822718153,-191.6761795372853,-1227.5532950289528,-2059.154882848892,-54.75923104434003,-816.7893181924977,-1238.2020347414436,-0.0,-0.0,-606.0098551185056,-0.0,-0.0,-0.0,-0.0,-564.7644830562737,-20.386167269095502,-1100.5355775719463,-1046.6855924260194,-2267.0137007368025,-1030.2452963553278,-0.0,-526.555929891816,-0.0,-1417.1910862303105,-1467.2538507997901,-1195.367427131399,-891.0142161973602,-0.0,-1909.4900070478413,-0.0,-0.0,-0.0,-3169.9874537105497,-1087.8404554951253,-232.7650597988385,-773.3873259288425,-787.0811912508628,-933.3735995831327,-0.0,-0.0,-0.0,-35.19202338294886,-5360.3387359158705,-622.3503341862518,-1641.1989529921366,-3676.8235363293543,-2010.7434858078957,-379.5611620714192,-0.0,-1729.1478408800017,-660.2272878167039,-0.0,-294.5872681600527,-333.08986091987674,-33.94765127282461,-876.3070196341449,-269.46495229306794,1299.2132339513068,-420.37936727834557,-0.0,-0.0,-878.9489363805892,-732.5224560618474,-2007.1493453999824,-272.6328405898397,-0.0,-0.0,-580.4268079094661,-0.0,-0.0,-0.0,-0.0,-1208.2910050747935,-552.983047015832,-1102.8234604442616,-465.09490934320934,-3.464703424646409,-685.8730642499446,-0.0,-0.0,-0.0,-0.0,-2535.5757428695565,-0.0,-0.0,-0.0,-0.0,-0.0,-0.0,-710.4141893871181,-0.0,-2456.359933909672,-435.8441784745837,-178.78059133862632,-1138.0662929117095,-0.0,-0.0,-1198.532223249598,-1282.5924535913932,-3.8530155312794316,-386.24882574215513,-48.66353768418013,-1560.6968346722192,-860.8346124755266,-0.0,-3438.286057971121,-1150.4418909318688,-0.0,-0.0,-15.002062929665437,-369.349716361685,-1088.2105765597832,-0.0,-0.0,-19.576807933017676,-1456.2762188345785,-528.5212873679146,-313.6671283788011,-76.23170778758511,-1700.9494659433624,-0.0,-0.0,-0.0,-0.0,-0.0,-460.30089614861174,-446.5706306074068,-534.0318296833836,-3763.0013849989546,-1494.0650314414568,-1097.7829182642374,-96.41496358544241,-873.5597909714743,-1078.117549548835,6.622932335356935,-0.0,-0.0,-0.0,-571.6995283970231,-367.7727564845872,-1509.845097197402,-527.2579484196826,-0.0,-1549.5641559716607,-0.0,-565.4643996183108,-0.0,-0.0,-1749.2729921091009,-547.9209158062372,-501.21399770350274,-1267.0334070569559,-121.62696070463328,-11.448864017913248,-685.6802090232072,-1292.3448820050896,-0.0,-397.26115854401127,-1034.7247408614494,-3743.4135084410377,-0.0,-252.11639586668096,-2023.0502121391855,-1363.6579722501342,-1119.1921037260968,-480.9292946962153,-1117.3274516918104,-0.0,-314.6556848759631,-0.0,-227.82610546817426,557.1981239747714,-0.0,-0.0,812.5878393194596,-0.0,-1979.0814701608895,-678.13611898318,-840.1102615708717,-1064.245859921416,-1308.6032638800086,-339.5630744271264,-131.2875274623289,-0.0,-0.0,-804.1801083203851,-891.5419344222242,-701.0591690902044,-0.0,276.6713013020216,303.88831206196875,-211.2476195649848,-2495.2968313357064,-1610.0688433913383,-0.0,-0.0,-1280.4389723360441,-3694.1927218170836,-2428.224298488396,-463.89184824477945,-873.5360291463605,-1004.6099142253867,-0.0,-189.889304802122,-0.0,-650.5938394165414,-200.402547020755,-1683.0335624603522,-2365.710410485103,-275.77268694123825,-505.58125629043303,-4004.852337599192,-1104.2426051540808,-506.09765325379914,-250.91271355125687,-1150.9950098833692,-623.5537013523564,-3.946339263777836,-1356.062862493113,-1584.9563768324242,-0.0,-0.0,-525.5817762210818,-1142.2237536895584,-306.82984998514854,-3.9383755196765513,-0.0,-0.0,-0.0,-0.0,-0.0,-31.61686528705341,-628.8133700981833,606.3922388725878,-400.51758304579215,-665.5339050961172,-497.2783557911716,-994.1522127147283,-1391.9111757176097,-1056.762527123698,-1632.0909109849047,-257.5249651034112,-506.68283096553785,-1394.7077940160555,-574.539711083569,-0.0,2160.546755945524,-220.58909710664093,-63.78096283476321,-0.0,-783.1393510119086,-567.0898233681969,-1203.2359494536454,-1743.0655902541696,-1969.3918336093848,-0.0,-0.0,-0.0,-0.0,-907.4756056508684,-1501.9028173524557,-0.0,-758.2021053622954,-7.634153272732952,-0.0,-0.0,-0.0,-2279.0565975903755,-695.1994789761716,-162.37251427581552,-40.17020756640754,-0.0,-0.0,-1005.2951798932789,-1221.4308190389872,-747.3088449212158,466.9018414576656,25.2400397481179,-0.0,-17.895792409619137,-0.0,-1484.208042196929,-486.35627453889043,-1255.6459886773373,-1590.0169101526233,-1475.4668643044595,-36.78766359857073,-0.0,-0.0,-1464.6990638147047,-334.7595274150727,-0.0,-0.0,-207.2979517395793,-0.0,-36.278653496606765,-0.0,-1157.7467607362444,-662.8368263982126,-0.0,-72.41841067407739,618.8874150528454,-0.0,-170.2659786067462,-2092.2784442835678,-0.0,-0.0,-622.2152799302112,13.898570296642708,-0.0,-0.0,-737.0167711952178,-1349.8406200688087,-0.0,-738.7895705749951,-0.0,-1172.0041338102753,1493.4631307594768,21.837274729798285,-1765.7664738579413,-1426.8767558052207,822.6510454401724,-0.0,-1855.6407967164898,-764.4312034771457,-908.1539117920108,-0.0,-613.723848045798,-109.54343195425083,693.331260862345,-338.7637500674261,-1352.1343467889678,-0.0,-0.0,-0.0,-800.3620659520005,-548.7043388238469,-712.2611909783757,-985.5780160691797,-918.9695601823481,-25.87564865211662,-994.7448854383216,-836.033681520065,-1058.5619099241176,-0.0,-0.0,-481.2264114495712,653.0553250983776,-5980.927026000539,-0.0,-1139.899867675466,-1801.6871873551263,-718.1446215968074,-684.1271430281686,-55.10528101889674,-2106.7879006896314,-305.97728262344015,-0.0,-920.9431053708633,-831.0076047618317,-578.4419662391261,-0.0,-1354.7815438372306,-1879.0593295869942,-22.83117224379414,-1007.5846429616505,-2108.1215955341445,409.8883375164849,-0.0,-409.2954783164197,-148.25646836300774,-1230.3826515585174,-824.5910199109966,88.59377025265356,-114.86366664500808,-715.5771266532504,-448.4614286665171,-502.90134938500506,-593.7010780728297,-457.2870182014772,-0.0,-1199.3833723195169,-0.0,-1085.850318954569,-679.2405229730226,-153.316596856342,-0.0,-1624.424382477737,-4412.42857468294,-0.0,-388.2211806072815,-0.0,-2026.102955412968,-228.9283042235512,-0.0,-376.91304696754173,-376.69648793203544,-0.0,-2150.454310140889,-1469.7217122450295,-0.0,-3905.0398286710224,-113.88675285328989,-1190.6587324432498,-1243.085618195562,-1431.2073181339044,-89.75648068969711,-0.0,-827.2182068236004,-1865.1176723226645,-476.2739233793095,-807.8438507621086,-999.1308774411032,-1517.2587048822534,-2110.0149147691263,-718.6458471057896,-1847.4055796965051,54.80786961386066,-0.0,-279.8960660830733,-1243.107225371723,-1093.4754768474743,-0.0,-0.0,-0.0,-387.808330760568,-438.4761132415277,7.025133107358832,-516.0521914291593,-0.0,-1115.3614514713686,-680.7178100930716,-533.066126365077,-0.0,-0.0,-285.4663487733629,-1633.7949507759088,-798.0853550808794,-246.36047299180444,-848.7365950463037,-32.522587800843425,-0.0,-0.0,-2465.3735706610078,-1059.7904785897651,-0.0,-0.0,-0.0,-67.13231789738197,-833.6021291706579,-43.77384347047116,-1508.0697759549994,-1375.0956692855875,101.46757184788311,-0.0,-562.209196091348,-0.0,627.7225161947434,-115.22222061413139,-0.0,-1457.59712259711,-289.82134778559333,-1796.1817344105787,-0.0,-1469.6529760339263,-578.501829414839,-175.88237703622136,-10.93750874864665,-30.37018445840634,-0.0,-0.0,-683.4083707125463,-1131.8369465971246,-0.0,-537.2268162527922,-0.0,-329.63912787938375,-495.1048506570035,-0.0,117.55496008790641,613.5299244900586,704.3498946236513,759.7087724817757,747.7155412770289,690.5226841357588,-0.0,-0.0,-0.0,-0.0,-0.0,64.40693747642803,-0.0,-0.0,-561.8874310364231,-145.10586554627477,-407.81476492163057,-70.68430408938279,-0.0,-988.6785015853965,-1324.1852354011464,-1819.1070861041867,-214.02204954195173,-174.40335464045648,-0.0,-0.0,-541.4045000597174,-0.0,-0.0,-0.0,-0.0,-2394.419205505261,-0.0,-36.62628454359236,768.6586646405282,-0.0,-913.3082955208605,-538.3560397382798,1299.3989634127802,-864.069449010823,-0.0,-2609.5414363770633,-2005.3507974758757,-174.7748827082654,-704.5912135672152,-1078.7700956841095,-475.35424411346304,1048.7702560672356,-74.10197016969425,-520.7569867777361,-0.0,-0.0,-420.03505772575653,-0.0,-768.0014919573757,-0.0,-399.4580216838911,-33.11674059242765,-0.0,-0.0,-1017.7353072026538,-0.0,-0.0,-495.06468176696103,-1043.4156229318892,-1802.9532452328324,-0.0,-0.0,-0.0,-1605.851329773364,-0.0,-915.1051981958398,17.719121373810182,-0.0,-0.0,-1014.655366442322,-888.6298510177628,-1091.6561747835956,-361.2038117989791,-0.0,-1207.7799265554647,-250.32165187380272,-0.0,-0.0,3.6325846935362294,-35.01507156163712,-3970.1694780659464,-0.0,-107.64106492271068,-24.024470274806983,376.81666383998925,-68.25114364446064,-887.4105037436332,-812.548114161342,-411.9708810653881,-0.0,-0.0,-1651.9312682951097,-0.0,-0.0,-0.0,-0.0,-0.0,-0.0,-0.0,-128.58028887133167,-0.0,-0.0,-1609.605087395829,-5981.430358070506,-115.69645571792418,33.02531093124999,-334.896659252193,-621.9942168434537,-102.3014286029191,-3712.925450736658,-208.2094914463084,-273.20386822800646,-0.0,-0.0,-0.0,-1506.6095676474836,-0.0,-33.163158122057176,-0.0,-0.0,-0.0,-411.7641432867254,-10.433513833638116,-213.80324021230035,-1130.9228505452234,-566.5345593460621,-62.663976037029315,-2147.9313319786156,-0.0,-71.18124040745741,-2007.2001320640363,-0.0,-1143.4612808536704,-72.10174758180436,-1277.5181747079,-0.0,-0.0,-913.8365765522611,-585.1963082321556,-30.710091830959204,-819.9165981156602,-803.9260734023795,-631.1320539183217,-136.61186406652857,-674.7499230919694,-643.8038586507452,-1972.9528058957244,-836.3399183680708,-0.0,-1351.226672054499,-348.7721603039773,-568.1554598854403,-0.0,-0.0,-969.8969756965313,-2073.4603143209424,-801.4566341888011,-0.0,-0.0,-0.0,-3313.4461546114035,-761.7394948154555,-150.46300454369674,-302.8150186113923,-33.499055247091206,-3344.0985432063612,-0.0,-0.0,-2077.798348374938,-760.1681594150609,-0.0,-0.0,-0.0,-69.55357000600297,-0.0,-1636.6303998734315,-1570.906200991192,-0.0,-308.25642271906037,188.93770605435876,-0.0,-0.0,-0.0,-963.9280282196264,20.514199418367046,-2190.9408600435368,-573.2108872610389,-1056.4725704705982,-673.2279889400189,-2843.3759209007426,-1493.4923823253896,198.69096053756397,-0.0,-2614.320785767077,-0.0,-0.0,-0.0,-1108.929310466201,-631.7423153201837,-1578.7663814252626,-0.0,-0.0,-733.4362563843146,-1323.6236950877412,-568.2488579935086,-455.4835632036556,-0.0,-0.0,-1070.9446885418959,-0.0,-0.0,-0.0,-0.0,-0.0,-0.0,-484.7997808049729,-67.58589296790237,-1362.5765406603145,-0.0,-610.0869232129552,-1080.8280634707062,-30.459353375501134,-0.0,-0.0,-0.0,-0.0,-0.0,-0.0,-0.0,-0.0,-0.0,-0.0,-1095.1586639780191,-1537.9576650252186,-0.0,282.4710935195688,-0.0,-574.7507039192102,-85.63072451061862,-0.0,-764.6840346456723,-345.9022325065996,-86.13422761357052,-1687.4789026227866,-436.5688551939099,-2321.544041125063,-150.82287360743774,-1873.1703072212263,-1467.6037003349143,-770.113434256318,-3.752994551276076,-0.0,-1019.3638333848259,-1810.1070473950315,-2001.7141810761022,-75.1767016799934,-196.40791078833897,-1602.2266277666943,-0.0,-1939.9864477349583,-314.27812814455893,-0.0,-1546.1591595490345,-0.0,-793.3585264868971,-0.0,-2434.13047667751,-0.0,-0.0,-68.66132372412555,-931.0690290451786,-430.46465477876006,-0.0,-1182.8181561095896,66.84892491421837,279.8461185709494,313.3639169279797,-245.85616644760293,-1470.3498596556483,-503.90767623059503,-0.0,-0.0,-4923.047382260951,-982.455863811649,-0.0,393.7085130401687,-0.0,-1750.2335615250606,-439.0276733625984,-568.6414572373869,-0.0,-0.0,530.805232203545,-0.0,-834.1642356727732,-1077.7213817986017,-1633.3220160309602,-0.0,-589.3882890449812,-2539.58505489358,-842.6917792232523,-0.0,-1190.8806022456597,-125.68359686999959,-1010.9665199165516,-0.0,-753.5170625470097,-0.0,-0.0,-0.0,-765.4965532970335,-0.0,485.24371945405363,-0.0,-319.0632457646173,-656.0405761299535,-405.8492744011147,-968.2700953846436,-497.09944936431026,-1816.148193886689,-1081.294832143645,-0.0,602.5757291122214,-2087.66300933931,-1472.149726550684,-593.1791556660145,-0.0,-0.0,-0.0,-128.11895062247373,-1059.0421435379326,-258.16235272918095,-823.4831529090475,-1772.115158529997,-2245.026933412726,142.34600494769938,746.6025779358016,637.8009723191326,-0.0,-0.0,105.89916556939535,-28.240604078374005,9337.958117114733,8694.140404167429,4561.534671715987,8673.976322942957,9279.600516901448,9552.86847629884,-0.0,-0.0,-0.0,-0.0,-0.0,-1213.3021756313096,-1074.922389548439,-712.4350045264113,-0.0,-2370.638441380592,-561.705564610005,-1009.9908748294807,-27.265277942204094,-756.7718125434693,-1096.243216810143,-924.0711788151108,-1116.6525093444095,-0.0,-2291.4469888368335,-1569.3497747182926,-683.8497444308595,-106.77012751587311,-3009.3038411241937,-0.0,-210.21100320206787,-0.0,-10.131312384848657,-0.0,-117.84616577086794,-259.74774165896747,-894.8022701275942,-746.5647382296655,-0.0,-0.0,-0.0,-2068.167075496376,-0.0,-0.0,-234.03841458753746,-884.4654205393387,-806.1212398047429,-80.93590364640549,-1038.338898402807,-1685.2606101993636,-298.32022933254115,-0.0,-0.0,-108.89767596702661,-1034.3667019896861,-305.5840118064133,-0.0,-4721.154093631234,218.05282222559143,-0.0,-0.0,-0.0,-27.78532292764538,-373.9933192754198,-0.0,-0.0,-1075.6257255346336,-1809.0370000079627,-1196.925118464643,-351.80616091589746,-355.5324174109066,-369.39064255253015,519.6945600642168,-1130.2704215000806,-0.0,-477.683586564249,-2394.404749233609,-499.99386587370236,-7.0218540956567255,-0.0,-4.655532764168678,-0.0,-0.0,-0.0,-1024.151594746711,-374.5666567132455,-1339.7131275670151,-0.0,-0.0,-0.0,-215.38163946438473,-527.5789444521871,-1313.5561093632723,-2912.359054022632,-300.01896328894253,-184.430601006626,-0.0,764.341890402018,-0.0,-1055.7876366283504,-149.070239682359,-0.0,-0.0,934.5737711690995,-0.0,-1530.7239035112034,-0.0,-0.0,-0.0,-183.2176069417441,-1854.9709882679244,-1558.2119945173847,-26.85636955743079,-2213.5018540178035,-1287.2377264920021,-22.786792851756985,-24.56986357309344,-62.35033830424731,-0.0,-0.0,-1790.12159393317,-0.0,-5127.290313672529,-0.0,-1172.019625024629,-229.88939477938138,136.40340822404966,-0.0,-50.951473229842385,-1127.3495114798816,-1399.1916419777863,-498.8082629196317,-29.475728826127884,-223.7323080635098,-0.0,-0.0,-0.0,-0.0,-994.6231724925536,-767.8785966823838,-0.0,-520.7712367588491,-1118.239136661328,-162.24582144891693,-72.08338115661873,-0.0,-0.0,-0.0,974.1237834604977,-3.3274970992970094,-0.0,-507.3808775069296,-777.482725310291,-1246.9283771301568,-0.0,-0.0,-1821.65232414465,-0.0,-0.0,-0.0,-0.0,-595.0039155275576,883.5469522884732,986.4756937981497,1078.8556972205083,-0.0,-0.0,-0.0,-527.8289408980421,-0.0,-0.0,-332.5131219050911,-552.8306283907347,-0.0,-194.01166843314797,-1192.7769591118229,-1105.5839152325589,-0.0,-0.0,-0.0,-10.438703117695477,-1352.7917746863136,-3.8708655296503323,380.4882103087322,-0.0,-1463.0498967125957,-683.8894733346024,-472.2195685148073,-1684.8812633730556,79.71602456137322,-261.20619136195944,-16.615312210449847,-382.06153061232953,-330.8774540538238,-879.3271564527672,-314.97231937609604,779.9172626030374,-1290.8830421984394,-203.13056614413586,-152.81232317315965,-3460.9205000597904,-2545.6025540299256,569.9459022844954,-878.59277631134,-181.90692894932778,7.516163237106889,-728.3758236424228,-1036.60270771157,1592.197276085621,-544.3208557055635,-606.2545318762901,-621.8650221128753,-0.0,-6155.725540040699,-0.0,-415.8167931424241,-780.4563929676747,-554.4278009799045,-833.5269406518316,-1025.1210390515625,-0.0,-928.3251234877038,-146.26985524959778,-75.41959852153374,-5637.790639642472,530.3415955613871,-177.75107701260634,-0.0,-492.25850714705336,-1136.4629194799365,-0.0,-0.0,-420.8452679426074,-1365.3565318186377,-75.44953894494381,-203.13262807183685,-242.6041177328738,-956.2207687248965,-0.0,-0.0,46.829885513251185,-0.0,-0.0,-1576.171798837524,-0.0,-1502.9909745653388,-788.8577512012404,-1076.108897087245,-0.0,-0.0,-441.3896067991809,-779.1065081227281,-123.79817593866335,-0.0,-404.6093209199067,-133.26008081248807,-461.5877971254183,-0.0,-173.6037348507883,-436.09486173008,-1939.221655198694,-857.9823353079352,-1472.6166761829845,-0.0,-0.0,-1233.052582333998,-18.78949616728684,-0.0,-0.0,-1006.1384593964694,-0.0,-0.0,-0.0,-0.0,-0.0,-0.0,-0.0,-0.0,-0.0,-0.0,-88.3723068859659,-0.0,-0.0,-0.0,-0.0,-0.0,-0.0,-0.0,-0.0,-0.0,-0.0,-0.0,-300.18268410123835,-0.0,-0.0,-0.0,-0.0,-0.0,-0.0,-0.0,-0.0,-0.0,-0.0,-0.0,-0.0,-0.0,-0.0,-0.0,-0.0,-0.0,-0.0,-0.0,-0.0,-0.0,-0.0,-0.0,-0.0,-0.0,-0.0,-0.0,-0.0,-441.69546121518175,-0.0,-0.0,-0.0,-0.0,-0.0,-0.0,-0.0,-0.0,-0.0,-0.0,-0.0,-0.0,-0.0,-0.0,-0.0,-0.0,-0.0,-0.0,-0.0,-0.0,-0.0,-0.0,-0.0,-0.0,-0.0,-0.0,-0.0,-0.0,-0.0,-0.0,-0.0,-0.0,-0.0,-0.0,-0.0,-0.0,-0.0,-0.0,-0.0,-0.0,-0.0,-0.0,-0.0,-1176.1540108226802,-462.06912024002565,-1504.689803402201,-0.0,-0.0,-0.0,-0.0,-0.0,-0.0,-0.0,-0.0,-0.0,-0.0,-0.0,-0.0,-0.0,-0.0,-0.0,-0.0,-0.0,-0.0,-0.0,-0.0,-0.0,-0.0,489.4982691028267,-0.0,-0.0,-0.0,-0.0,-0.0,-0.0,-0.0,-0.0,-0.0,-0.0,729.0858143880507,-0.0,-0.0,-0.0,-0.0,-0.0,-0.0,-218.0861688252486,-0.0,-0.0,-0.0,-0.0,-0.0,-0.0,-0.0,-0.0,-0.0,-0.0,-0.0,-0.0,-0.0,-0.0,-0.0,-0.0,-0.0,-0.0,-0.0,-0.0,-0.0,-0.0,-0.0,-0.0,-0.0,-0.0,-0.0,-962.4596139610159,-0.0,-0.0,-0.0,-0.0,-0.0,-0.0,-0.0,-0.0,-0.0,-0.0,-0.0,-0.0,-0.0,-0.0,-0.0,-0.0,-0.0,-0.0,-0.0,-0.0,-0.0,-0.0,-0.0,-0.0,-0.0,-0.0,-0.0,-0.0,-0.0,-0.0,-0.0,-0.0,-0.0,-0.0,-0.0,-0.0,-0.0,-0.0,-0.0,-0.0,-0.0,-0.0,-0.0,-0.0,-0.0,-0.0,-0.0,-0.0,-661.9667064813893,-0.0,-0.0,-0.0,-0.0,-0.0,-0.0,-0.0,-0.0,-0.0,-0.0,-0.0,-0.0,-0.0,-0.0,-441.30530564599235,-0.0,-0.0,-218.16887694018226,-0.0,-0.0,-0.0,-0.0,-0.0,-0.0,305.95715716052206,-0.0,696.4952973098773,-0.0,-0.0,-0.0,-0.0,-0.0,-0.0,-0.0,-0.0,-0.0,-0.0,-0.0,-0.0,-0.0,-0.0,-0.0,-0.0,-0.0,-0.0,-0.0,-0.0,-0.0,-0.0,-0.0,-0.0,-0.0,-0.0,-0.0,-0.0,-0.0,-0.0,-0.0,-0.0,-115.577252898129,-0.0,-0.0,-0.0,-0.0,-0.0,-0.0,-0.0,-0.0,-0.0,-0.0,-0.0,-0.0,-0.0,-0.0,-0.0,-0.0,-0.0,-0.0,-0.0,-0.0,-0.0,-0.0,-0.0,-0.0,-0.0,-762.7352880737865,-0.0,-0.0,-0.0,-0.0,-0.0,-0.0,-0.0,-0.0,-0.0,-0.0,-0.0,-0.0,-0.0,-0.0,-0.0,-0.0,-0.0,-0.0,-0.0,-0.0,-0.0,-0.0,-0.0,-0.0,-0.0,-0.0,-0.0,-0.0,-0.0,-0.0,-0.0,-0.0,-0.0,-0.0,-0.0,1197.666592992854,-0.0,-328.19817494860285,-0.0,-0.0,-0.0,-0.0,-0.0,-0.0,-0.0,-0.0,-0.0,-0.0,-0.0,-0.0,-0.0,-0.0,-0.0,-0.0,-0.0,-0.0,-0.0,-0.0,-0.0,-0.0,-0.0,-0.0,-0.0,-0.0,-0.0,-0.0,-0.0,-0.0,199.2483183045772,-0.0,1891.5307750782495,-0.0,-0.0,-0.0,-0.0,-0.0,-0.0,-0.0,-0.0,-0.0,-0.0,-0.0,-0.0,-0.0,-0.0,-0.0,-0.0,-0.0,-0.0,-0.0,-0.0,-0.0,-0.0,-0.0,-0.0,-0.0,-0.0,-0.0,-0.0,-0.0,-0.0,-0.0,-0.0,-0.0,-0.0,-0.0,-0.0,-0.0,-0.0,-2014.0956979391526,-1288.8364364417414,-0.0,-0.0,-0.0,-0.0,-0.0,-0.0,-0.0,-0.0,-0.0,-0.0,-0.0,-0.0,-0.0,-0.0,-0.0,-0.0,-0.0,-0.0,-0.0,-0.0,-0.0,-0.0,-0.0,-0.0,-0.0,-0.0,-0.0,-0.0,-0.0,-0.0,-0.0,-0.0,37.12388321345543,-0.0,-0.0,-0.0,-0.0,-0.0,-0.0,-0.0,-0.0,-0.0,-0.0,-0.0,-0.0,-0.0,-0.0,-0.0,-0.0,-0.0,-0.0,620.2348756525881,-0.0,-0.0,-0.0,-0.0,-0.0,-0.0,-0.0,-0.0,-398.37193760322646,-0.0,-0.0,-0.0,-0.0,-0.0,-0.0,-0.0,-655.3855566215444,-0.0,-0.0,-0.0,-0.0,-0.0,-0.0,-0.0,1962.0928815092861,-0.0,-0.0,-0.0,-0.0,-0.0,-0.0,-0.0,-0.0,-0.0,-0.0,-0.0,-643.1420979842103,-0.0,-0.0,-0.0,-0.0,-0.0,-0.0,-0.0,-0.0,-0.0,-0.0,-0.0,-0.0,-0.0,-0.0,-0.0,-0.0,-0.0,-0.0,-0.0,-0.0,-0.0,-0.0,-0.0,-0.0,-0.0,-0.0,-0.0,-0.0,-0.0,-0.0,-0.0,71.49095120894273,-0.0,-0.0,-0.0,-0.0,-0.0,-0.0,-0.0,-0.0,537.4412916001853,-0.0,-0.0,-0.0,-0.0,-0.0,-0.0,-0.0,-324.9752356761805,-0.0,-0.0,-0.0,-0.0,-0.0,-0.0,-0.0,-0.0,-0.0,-65.82350825120737,-0.0,-0.0,-0.0,-0.0,-0.0,-0.0,-0.0,-0.0,-0.0,-0.0,-0.0,-0.0,-0.0,-0.0,-0.0,-0.0,-0.0,-0.0,-0.0,-0.0,-0.0,-0.0,-0.0,-0.0,-0.0,-0.0,-0.0,-1779.4061744934893,-0.0,-0.0,-0.0,-0.0,-0.0,-66.51050144165069,-0.0,-0.0,-0.0,-0.0,-0.0,-0.0,-0.0,-0.0,-0.0,-0.0,-0.0,-0.0,-0.0,-0.0,-0.0,-0.0,-0.0,-0.0,-0.0,-0.0,-0.0,-0.0,-0.0,-0.0,-0.0,-0.0,-0.0,-0.0,-0.0,-0.0,-0.0,-0.0,-0.0,-0.0,-0.0,-0.0,-0.0,-0.0,-0.0,-0.0,-0.0,-0.0,-0.0,-0.0,-0.0,-0.0,-0.0,-0.0,-0.0,-0.0,-0.0,-0.0,-0.0,-0.0,-0.0,-0.0,-0.0,-0.0,-0.0,-0.0,-0.0,-0.0,-0.0,-0.0,-0.0,-0.0,-0.0,-0.0,-0.0,-0.0,-0.0,-0.0,-0.0,-0.0,-0.0,-1341.4299300881248,-0.0,-0.0,-0.0,-0.0,-0.0,-0.0,-0.0,-0.0,-0.0,-1673.7090138581423,-0.0,-0.0,-0.0,-0.0,-0.0,-0.0,-0.0,-0.0,-0.0,-145.90060822004503,-0.0,-0.0,-0.0,-0.0,-0.0,-0.0,-0.0,-0.0,-0.0,-0.0,-0.0,-0.0,-0.0,-0.0,-0.0,-0.0,-0.0,-0.0,-0.0,-0.0,-0.0,-0.0,-0.0,-0.0,-0.0,373.6005108265764,-0.0,-0.0,-0.0,-0.0,-142.44292303765306,-0.0,-0.0,-0.0,-0.0,-0.0,-0.0,-0.0,-0.0,-0.0,-0.0,-0.0,-0.0,-0.0,-0.0,-0.0,-0.0,-0.0,-0.0,-0.0,-0.0,-0.0,-0.0,-0.0,-0.0,-0.0,-0.0,-0.0,-0.0,-0.0,-0.0,-0.0,-0.0,-0.0,-0.0,-0.0,-0.0,-0.0,-0.0,-0.0,-0.0,-0.0,-0.0,-0.0,-0.0,-0.0,-0.0,-0.0,-0.0,-0.0,-0.0,-0.0,-0.0,-0.0,-0.0,-0.0,-0.0,-0.0,-0.0,-0.0,-0.0,-0.0,-0.0,-0.0,-0.0,-0.0,-0.0,-0.0,-0.0,-0.0,-0.0,-0.0,-0.0,-0.0,-0.0,-0.0,-0.0,-0.0,-0.0,-0.0,-0.0,-0.0,-0.0,-0.0,-0.0,-0.0,-0.0,-0.0,-0.0,-0.0,-0.0,-0.0,-0.0,-0.0,-0.0,-0.0,-0.0,-0.0,-0.0,-0.0,-0.0,-0.0,-0.0,-0.0,-0.0,-0.0,-0.0,-0.0,-0.0,-0.0,-0.0,-0.0,-0.0,-0.0,-0.0,-0.0,-0.0,-0.0,-0.0,-0.0,-0.0,-0.0,-0.0,-0.0,-0.0,-0.0,-0.0,-0.0,-0.0,-0.0,-0.0,-0.0,-0.0,-0.0,-0.0,-0.0,-0.0,-0.0,-0.0,-0.0,-0.0,-4696.143871348785,-45.65448329633975,31642.159316194695,-3171.252070019417,-3948.377277023134,64228.72427554176,-0.0,-5848.958813731111,777.7062474082921,1859.8833326516738,-21370.333156199573,-0.0,-4131.311433250303,-0.0,-0.0,29738.595372864136,-9799.51044938399,3362.8124934071443,5553.2127983507835,-3981.0346159152973,-24009.08816415641,-7754.1310957379765,45.37072933769267,-79.57575640247316,-5443.69430586016,-0.0,-11703.264736103287,-16268.3299988452,13744.009634218011,-508.28246376857135,7.03759828179075,41473.91154630196,-2808.7549801603363,-105520.534159278,-2497.8515610484005,-20279.626790096074,-16886.100970916665,-5613.8803721303075,-5440.281780953505,-13100.893613372824,11213.104759287522,-2189.6997382767254,-3680.1477038567855,-3285.369255709557,-9971.51687445537,7347.365589408035,33651.760490902976,-896.1955349252777,62.03924285777987,19052.402003692634,4750.132578940044,-496.62851697456415,13102.161966453943,7353.286840483677,-5123.243835525849,-6503.778950825638,-3443.3990645773965,312.3937613261286,-0.0,-0.0,-238.4804237913816,-7254.070596492342,-3104.6043191525896,-2717.2392871546504,-1554.5932409093346,-4115.722283092821,9777.631698533125,3259.910102864888,-7466.37571407747,17788.36261235825,-17944.96318096788,-30918.61711795773,61626.51324578813,-20449.568746311637,-8261.941674660746,-1953.0405076534225,-3304.2647180757085,-5389.549012139004,-4208.106975589815,-29473.369942272224,-0.0,-12120.22673759828,-0.0,2717.85913952244,-0.0,-0.0,-12581.108466824367,-1084.577002012,-0.0,-0.0,3571.6292361889086,-0.0,-0.0,-0.0,-6259.01246594829,-4100.548837159758,-6616.967981874791,-6559.4798154167775,6965.877405274858,-0.0,-26447.369803527596,41526.364444619554,-0.0,-0.0,-18064.874159097508,-9359.330591310187,167.6902309802313,45.26321145977102,-0.0,48327.92225775086,-0.0,-0.0,-0.0,-0.0,47248.78353687996,-922.3434846349288,-0.0,-9978.921591996066,-0.0,-5475.562967401604,-1190.9008033934415,-2902.5441746713695,-14191.364790639453,11168.20863637703,-1325.7179625412123,-8340.366004068184,-0.0,-0.0,-4483.772709666218,-6197.465555909282,-9268.294685783121,51812.7339560554,-0.0,-160.1069830630646,11535.672800062628,2900.254739783397,-1765.371276243961,621.1736396057694,4741.727609433603,-3322.0144567353964,-72.95008512836193,-16007.578135787644,395.73220055516794,12085.07279881291,-719.5193772994112,11383.495061297086,45045.39378091496,2765.9767896632125,-60.006254403492484,8388.22593017978,-1854.8493999726068,-6915.36557573494,-9109.235471314572,-13141.004800489216,-0.0,5829.1296905104455,17839.74844220496,19368.08682576673,-8707.322388280758,6620.300491829,7911.659371982753,-7303.076626682486,14346.32923933494,-12791.80302732094,-0.0,4097.787325626329,-10907.83822220548,-14209.213780156271,-7720.034032977359,22789.57745309465,2849.8046555583583,-0.0,-5461.77820902773,-0.0,-2470.056959037927,86.70608320682098,-3616.520775523737,-0.0,183.90563544963342,-219.42655797125374,-19561.28281762193,-11379.52027254277,19684.72748388867,-6183.095720370623,3164.320466238052,5061.675984476887,-5846.332794950118,-4736.493487124416,-10325.508000321372,-0.0,-1899.061804202802,-1599.0327968492008,-0.0,1140.4351075690104,-326.6635562143591,-0.0,-0.0,-13082.967454314941,-3196.3773391643176,2659.3800411763823,-4337.6288075058865,-0.0,-0.0,-0.0,49343.150926578426,18082.70481780555,-0.0,90.61208573370949,10829.448103272971,-0.0,-3865.833315337745,-2161.982709647964,-0.0,-3896.1206606456317,-8154.9936958475655,107261.39527184425,-10795.770617937489,-7826.328983429793,-30007.098745816846,-0.0,1309.1292522198169,2641.249799045008,-8721.769278374657,26594.339356197648,-7260.92493068313,-35455.278839794926,-12714.148166544823,-8194.462305188174,-0.0,1098.7693187405746,-4310.178259617746,21428.757746996445,-139.04162952848372,-382.4516253748963,-9621.844590937118,-8239.14932703066,26454.010743263792,-0.0,-1908.8117221365155,625.3938034159422,-0.0,-0.0,-0.0,-0.0,-0.0,-0.0,-0.0,-0.0,-0.0,-0.0,-0.0,-0.0,-0.0,-0.0,-1891.4797696540156,-0.0,-0.0,3045.4594754921422,-13029.52093871147,-618.8770669749314,-9198.051216101077,22184.724599689223,7199.2991479859165,-3474.9581290000915,3055.2256747938964,39219.76885740029,-0.0,-0.0,-3730.3955207927143,2860.172230344554,-6026.228632669021,-7481.6792455872,-0.0,-32.85782805930047,8905.199997168107,-4028.3211236663237,-2392.297763687869,3225.646768526031,-22345.07464140768,27065.894031615506,-5115.422329522309,-894.1000415587193,12092.505248448142,-0.0,-0.0,-0.0,-0.0,-0.0,-0.0,705.9732556252025,41075.143622704556,-8931.867297288101,-9768.901366896609,-7912.518858022309,-0.0,-8051.674845796131,-11573.817820336846,-0.0,-0.0,-0.0,406.1684287583817,371.3597275073723,602.0700134118844,2214.8436706990415,-0.0,3502.0015947848856,743.5842728429109,765.7938771774622,737.0261453155949,641.1725998495058,2505.535521152054,1417.8936350751935,2409.694653145138,2168.061311751934,2362.669604937248,2550.434444589116,32391.695346261666,30559.691588287988,35959.43323749962,33449.91624168731,8288.771164069292,7445.569995440125,7650.390122878375,8608.338562751644,4174.9677524266635,1774.1415702769739,1843.77548656136,1916.6604457204157,1836.2261468471636,1933.185949536108,4046.974318994421,3801.7945882327554,1299.6916882072023,1088.783150989387,558.4215960711882,356.64776490797516,449.50480822705936,29786.57263041728,28851.295642112073,32220.073981625257,28583.412779755305,50276.25784087745,47548.21337468789,1145.2657407631507,1034.5876503800628,1138.3390079909204,1093.4282331494146,1065.5606388459876,1110.857228987236,573.4984448964125,50200.79307707559,44765.39043309678,44321.705031467376,2420.6121474171764,2311.191189543477,2495.170701324885,-0.0,7241.888531943716,7749.12067989499,33600.36983219691,29198.636331603764,34301.38614288763,52211.92097643783,51129.79453825467,58262.98321846033,50097.04454248159,2401.4962274027034,2069.425022874523,4443.785874826317,-0.0,17080.32636962111,19349.49185155415,-0.0,1353.1904814247996,1316.7754693126549,1325.099490164776,1286.8806719157017,1284.5624673123882,1302.0573736248086,33808.75114749282,34012.83057921713,31665.24200822494,28947.170272000076,1029.4372805767764,1119.002925862186,-0.0,-0.0,13066.324157006853,32814.82410319998,28692.881748941418,31992.684620183398,34594.60272423648,-0.0,47817.07288087325,44489.44892384234,909.83322756361,2019.9086937952354,1932.1439756673374,2066.0252957711805,2157.980645915521,2183.395332041946,50983.797802224755,49016.45717214459,-0.0,-0.0,14106.44982947239,940.1555283393719,31885.923669753553,33440.594192156925,29650.351398527935,30872.875753042303,33790.56071325441,27889.30836314149,-0.0,14027.60218890151,8754.530385397304,-0.0,-0.0,1196.721066802855,1278.0569007756144,659.9759857702221,735.6104844223988,380.20843984027397,385.41163379955117,-0.0,907.89811778267,906.5851532019723,966.1650934996425,1111.4863243791729,-0.0,1417.529603990182,1381.9939164599873,1640.8225598808524,2134.0272902999604,2112.7826023167436,1939.5478034383598,682.4370476824319,769.3938035927555,758.6514785922875,1258.176328169318,810.1633715780007,874.1452061161021,892.312373128405,822.3457079616403,7269.124511111001,7263.180021416237,233.29269156224456,229.44903135685223,3088.2078773461667,12525.170760335523,1257.4318718216678,1342.9582124658739,-0.0,-0.0,7680.4344545913,7686.378646364176,7575.927136216137,6622.7637285790015,1767.8137376893521,1751.1313206657237,30992.71428549184,28383.5603253147,8302.67028990715,6180.0348077984845,-0.0,44959.802984849135,1709.1028167649,2020.2985889848521,912.6640653287673,48043.11016896581,48309.17672408093,51325.90071084611,42597.98700901105,181.87722871406896,50263.06055921397,45531.95416869919,-0.0,-0.0,20798.33171539714,-0.0,1047.6672602200995,898.1001098872811,915.1199203000602,1956.84628635603,8278.34278539924,15490.76530380059,1615.1773294113577,1560.0352759598009,21.166348770283225,603.784059336873,611.7719824970571,14503.209390741926,1264.9263299964325,-0.0,-0.0,-0.0,917.8014536727154,-0.0,960.0563858195335,-0.0,5374.0875146564085,5455.394517995291,4904.746681136826,5073.889482083997,767.0105456970824,-0.0,742.0818887945537,-0.0,-0.0,843.1636449379607,888.9573957185966,922.9723832661884,780.3297085562907,689.8580040661808,645.470250341041,1510.6140058033343,1442.662044906498,1389.0856921346385,-0.0,2663.1472184401655,2332.1616803613024,2728.611622654502,2608.70387893639,4171.107263459919,43215.62605304486,45325.031914172236,9034.526458309274,18396.005612724668,13168.81569812412,15821.29988018287,1458.9268201144096,1757.5696912760475,805.2837212049249,740.25941895878,1928.4476584997847,-0.0,33845.0940769419,29262.37939399958,1238.4632304153654,1002.8221391021524,1070.7965749323466,4788.567505380594,2719.2123721628586,2564.744719737352,29960.419598141194,28343.35788153771,31525.316407256516,36514.65138752709,-0.0,-0.0,-0.0,1988.303575500539,2121.128235286878,2200.296645668562,7956.762541849722,7607.099666234533,5509.703161990241,2046.3571869748516,2165.872250915396
3,-0.0,-0.0,-520.5753402997608,-1805.3687084839376,-458.21283645206796,-434.1117849516296,-85.64997885116989,-531.1568892033737,-503.07635541628997,-0.0,-1123.0937593609406,-0.0,-0.0,-2293.6030382504323,-0.0,-479.083141018579,-384.10538536766023,-0.0,-38.541815073817794,-207.26928281771396,-262.0306659635817,-598.3469822493878,-764.5253900051566,-628.9978483800355,-1841.3704278966097,-539.9640789702787,-0.0,-35.06494656044671,-2476.4323463677592,-1533.6739677338483,-0.0,-0.0,-0.0,-0.0,-0.0,-0.0,96.67619613422248,-177.40372544619248,-1557.1683225206261,-1328.0225522036235,-0.0,-0.0,-117.43499082093922,-458.1423024429814,-144.22277382293868,-0.0,593.2843327539601,-1554.935251632426,-342.73253204790404,-0.0,-0.0,-233.74552890120475,-0.0,-9.87277448016465,-1819.151236387863,-2466.097698581987,176.65036242182998,-5050.171258288731,-187.43880448778566,-0.0,-1584.190711119199,-0.0,-583.2582408371528,-2619.7574453113243,-431.5415197925378,-430.9082150614724,-36.614949010894655,-1855.2412578871104,-766.0990245396173,-393.4339697632366,-2445.8378035435053,-0.0,-0.0,-2280.721854297655,-878.4544893184453,-197.47554049113324,-1520.5752872475307,-0.0,-0.0,-1157.794383999176,-1244.215526710571,-435.9688845529769,-3013.8317489297583,3.4427365605881204,-23.08755660433998,-1830.2949450049903,-0.0,-528.9213394015464,-853.5842545185548,-6.532572686144094,-0.0,-1153.9108374480659,-73.50106231398954,-691.1681114188498,-1856.6277125650038,-35.35755055758928,-2228.022645413236,-368.1951046401047,-1223.0971448474588,-2428.9892079611136,-618.1453352403483,585.58358250162,-479.08482266595087,-0.0,-1206.3247195948788,-2028.7996114294745,-4053.2793297427493,-403.6946351712244,-2659.5843938886765,-0.0,-1421.1792287553365,-0.0,-0.0,-475.0736046991751,-0.0,-0.0,-576.8860854408667,-71.30728550873818,-1316.67489197152,-797.7690041647137,-712.317260451318,206.8741183608955,-402.7640906341727,-268.0383864606446,-186.58156829499887,-7.147913560144095,-476.83331706201375,-537.2125074020443,-666.9558337165635,-0.0,-4291.080699058103,110.05012261839717,-95.44351938311566,-3877.5429930369924,-0.0,-915.9742980088743,-56.41455014318134,-0.0,-280.92047680328045,-0.0,-0.0,-743.1426832315105,-0.0,-618.4764870148991,-800.0343020217354,-0.0,-970.5655346073997,-251.26351774130265,-557.1317818017335,-1879.2672480352553,-0.0,-1483.1763863525211,-1043.9482535463737,-0.0,-0.0,-0.0,-0.0,597.3273462960045,-0.0,-1433.6183371114894,-1529.6704057081731,9.943972570971445,-0.0,-0.0,-604.0514778927762,-478.60927792432733,-672.4865118715009,-0.0,-385.06029911070124,-2684.416776015315,-930.7955704105077,-0.0,-1069.5257045412975,-2197.758890837783,-0.0,-0.0,-0.0,-0.0,-0.0,-0.0,-444.9441025552412,-544.1912764460989,-208.281751604873,-177.0602516150736,-1197.7745350219923,-46.71975180119049,-0.0,-0.0,-634.9866300546983,-0.0,-498.1082382017514,-25.701064443665203,-3.808802403349999,5.2253335663936245,-0.0,-0.0,-1060.6766233737403,-380.60186158682205,-420.655236422264,-0.0,-3044.3433411229653,-1790.804861510826,-925.4470504288039,-0.0,-0.0,-1984.91422765783,-1311.4888030387604,-588.1121822791592,-75.77103059569198,-1519.5497534200108,-1267.1386862856646,-0.0,-0.0,-1504.841287539711,-0.0,-707.6764836218089,-1151.143639025987,-122.86041502821197,-373.04029241453844,-536.4368150912057,-507.13090837710126,-0.0,-1371.0688078045282,-0.0,-3006.192970980546,-2541.7355960714362,-166.14938704917665,-357.90526679875154,-422.52655578145635,-0.0,-254.52577501165996,-235.96815972457455,-0.0,-967.2136992631583,-618.140964613553,-1005.734372514538,-1412.8890411563207,-832.7420828307254,-1928.3361687797203,-1880.900818153147,-2189.3537610275566,-1999.607167115666,-920.9982155974448,-1925.4916337595128,-459.94035339211416,-528.5958930436033,-0.0,-1087.3607585732564,-975.7172153027772,-897.0730081583247,-371.92922954055723,-357.8410747161124,-1830.2870460392335,-697.9737119829329,-373.3054260193512,565.219296388723,-0.0,902.025877852393,-1232.5326646584297,-0.0,-0.0,-0.0,-0.0,-0.0,-0.0,-1157.4081329312835,-2468.3265544674155,-449.2840253790006,-882.3047118252167,-0.0,-0.0,-1657.3608610970202,-1084.282983290839,-1885.226858110241,-0.0,-0.0,-124.62792218507506,-52.67426217999441,-356.12560642630996,-1678.59649629933,-452.0009834576644,-0.0,-466.67115054202503,-613.1728572424911,61.636543579878456,-1076.5671646279354,-1323.9632523453106,-1200.053333081189,-1641.7095763762982,-277.95899297883244,-528.7047944983831,-37.604533842912,-1562.411728796838,-0.0,-759.533566214298,-148.23536955417313,-76.05623882308642,-526.5652185242301,-0.0,-1939.6734813573296,-115.77121528635267,-614.0986074908562,-1426.3071320963018,-1410.8255380628848,-0.0,-516.2041384778444,-694.2428108057974,-22.987177454357276,-226.7967870711527,-453.51896864000156,-50.24860467120572,615.0917394373245,-1065.3543594286639,-0.0,-839.2021248716422,-1387.0652716221052,-0.0,-446.07178622532615,-0.0,-1392.2389087632791,-0.0,-0.0,-0.0,-1047.0400395945203,-654.8413716660876,-415.6123783467571,-0.0,-1437.9282199339486,-2773.7879242926765,-3326.0457874869116,-0.0,-300.9676695695862,-0.0,-255.19282015249814,-103.6951236174645,223.7276328154558,-518.5366020297716,-0.0,-624.9381523821214,-826.2878859500804,-284.4738039717451,-524.8488406533595,-0.0,-397.60390884963374,-826.0074615662968,-489.1794591243576,27.510238492464502,-2051.9588702555175,-0.0,-0.0,-1253.243648020269,-226.25267593950312,-1237.0978901308335,-86.28611454747707,-115.29688171427507,-195.91426619040107,-551.1280211957827,-903.6897697956091,-1208.4052665678657,-1875.7666011196516,-0.0,-0.0,-362.01478107126866,4451.381921878991,3.8849756995789573,-0.0,-0.0,-0.0,-0.0,-2081.1879936914397,-435.2111968743571,-0.0,-888.3154945272497,-830.5186587409512,-668.298446250323,-1986.221364288486,-226.99231236946108,-1047.4978772436716,-0.0,-0.0,-1786.5518207545172,-604.8887312195418,-1532.784167025391,-648.6621819578733,-737.8355052512537,-1644.183078303855,-197.97862021313938,-1498.3998816796652,-982.2775058834872,-28.202610276684183,-916.5705012959017,-1008.7991964641571,-205.5363688824738,-200.25647096740175,-1713.4899276866279,-0.0,-422.05249872335753,-250.86827798118753,-27.540296151402647,-715.2753079839352,-191.1084957607957,-848.8281536727898,-789.2852926475924,-1126.3700191131586,-209.3753767365219,-2259.2632570564574,-51.46784190066468,-539.3767982490382,-0.0,-706.504142126819,-671.4704573184963,-862.1645893703201,-1032.9941707098496,12.97261382459425,-363.6058325349438,-2307.44864869134,-709.696700041672,-341.5355492408993,-1016.1529125648332,156.22389281281295,-0.0,-0.0,-0.0,-0.0,-0.0,-0.0,-9.847523868987832,-154.58782563407462,-2056.800120934221,-4392.178042447395,-438.59611897039207,-874.6296889033374,-123.66594011195902,-475.3755162127119,-1206.483125938155,-998.14541780882,-35.218691069167306,-485.2780119086341,-443.20694127699727,-0.0,-84.7545925083868,-997.3842469651843,-425.7945104933462,-0.0,-922.4128196204312,-0.0,572.1157210054838,-0.0,-0.0,-0.0,-36.41479477887687,-0.0,-0.0,-958.9745240246549,-375.89516152012794,-1077.101116019252,-0.0,-0.0,-0.0,-800.8102611593472,-521.2857498355245,-1185.7065913142612,28.102513286866884,249.49222849623334,-0.0,-0.0,-2767.4231960222164,-1103.0344766493317,20.82480000302616,-51.31522397535487,10.379488982932479,-16884.87171568255,-16782.61943802549,-2092.9792270416215,-0.0,-0.0,-0.0,-0.0,-391.5891936665204,-0.0,-0.0,-547.6187379080059,-2033.182263589872,-1769.845384225575,-1207.9078678365618,-310.10137202429274,-1650.9877195101394,-28.61301730001384,-1162.7247809308885,875.7131398859108,-6.617915886908684,-812.858152064084,3.4962696458022786,-0.0,-0.0,-0.0,-0.0,-143.251303249852,-0.0,-0.0,-0.0,-829.3921867742614,-1329.7218434293045,-0.0,-0.0,-231.14043619954097,-1996.455642879381,-0.0,-1272.7877280950909,-1497.4295232505992,-1831.0224849724623,-0.0,-0.0,-93.61935111753095,-77.56191589695008,-928.4876310990105,-1357.944863442415,-503.2429153321066,-1191.4816625396695,-1130.4710951547806,-0.0,-0.0,-0.0,-0.0,-386.791271622189,-230.97195948892272,-0.0,-0.0,-87.8726537032627,209.5942246056745,-0.0,-1127.8760076689678,-938.1558233006115,-975.2893155878793,-0.0,-0.0,-577.8940719699182,-1092.125651926677,-677.395543558331,-373.71942083152175,-0.0,-2005.1382135930048,-2100.2955791374156,-0.0,-0.0,-0.0,-0.0,-0.0,-1327.5333417809804,-0.0,-2058.758674201308,-1191.69702181274,-64.03495679263406,-0.0,-0.0,-0.0,-2464.637290002916,-1217.1264701339871,-500.89843233343595,-432.6173405951826,-1110.9773487302957,-580.0700651967977,-0.0,-0.0,-633.0780791798904,-1254.8731965033498,-63.72550369968189,-429.5265758231254,-0.0,-795.0934489870813,-606.0986057657964,-1650.0649090962763,-0.0,-289.9130176623926,-120.02169690937825,-299.5307331588504,-1334.029474627848,-268.05942643183755,-0.0,-0.0,-0.0,-0.0,102.60875642310229,-134.15778177706093,-809.87654976946,-1376.7665465328478,-1036.094097596387,-411.01282055926555,-534.7540865674198,-5413.427479822581,-755.8140842793999,-493.99257505000855,-0.0,-0.0,-0.0,-255.62171027286172,-365.2297968950339,-1147.8521829807482,-338.8743989201192,-0.0,31.18081838016413,-0.0,-0.0,-0.0,-0.0,-0.0,-0.0,-0.0,-91.82765993712674,1491.6953658299187,-0.0,-1371.6479838168284,-640.897582702777,-386.11994186924926,-1506.444551602633,-0.0,-0.0,-616.3502347747918,-629.1533917857661,-103.52667009238519,-120.16821371683216,-127.9502386162698,-567.939906917633,-145.38975257923548,-1707.4190514081656,-324.7699109520941,-375.3881065722915,-0.0,-0.0,-1363.4024054242698,-2585.4884621714264,25.459436949111705,-473.93459852261014,-332.29366903327593,-838.9960595824614,-1147.9862608231049,-692.1954152521822,-265.7331725561971,-151.4711425630328,-1173.57768066424,-0.0,-0.0,-0.0,-0.0,-0.0,7224.723610378668,-66.203840579249,-492.3299360772296,-622.2542075366147,-989.366774531096,-1088.0171636399555,-1189.9585895435027,-1483.623550397644,-1712.4530807796607,-404.5316611547944,-0.0,-0.0,-1368.9292220129705,-0.0,-0.0,-282.75526410288325,-1776.9984505557256,-1118.811216102323,-450.140048479022,-57.242494554343224,-1508.1964323313946,-0.0,-1305.7986680438012,-0.0,-0.0,-0.0,-0.0,-0.0,-0.0,-440.85994691393205,-1195.2907688671967,-969.3131222474894,-77.05532310917226,-223.7253331138046,-552.3526650910935,48.31442522131653,-0.0,-0.0,-523.0456797325876,-496.55772013335053,-3641.098613954683,-0.0,-1153.800775875756,235.6431208565289,121.85205467607332,-0.0,116.03845283624779,-180.395970854038,-134.96633800576163,-413.84436370282884,-0.0,-1603.9435207940603,-0.0,-0.0,-992.4455038839747,-0.0,2210.2250157851267,2150.254817975329,2028.3744969094305,-0.0,-0.0,-1652.1302638995899,-0.0,-0.0,-316.33852614907556,-845.4888362745038,-675.0952426651584,-825.1367391455617,-980.0815400430383,-0.0,-0.0,-0.0,-0.0,-668.1212704186488,7.809309286087662,-49.468045618097086,-948.2223721441902,-912.0575839350417,-341.23177212116036,-1349.6884988696827,-0.0,-1910.9746574315495,-990.6094701834932,-1293.0562452972902,-383.4432612633399,-354.6797611570968,-0.0,-1175.5201210133623,-655.9524450170785,-802.0572803293112,-1941.3956968402379,-519.0386867258287,963.2465443402805,433.88390462169644,-300.06736017953915,-1138.3851662785028,-0.0,-1590.56744555356,-3189.960043070254,-404.5738665961004,-440.63217142450924,-0.0,-0.0,-0.0,193.25664873087766,-325.12520470173075,-477.75696372784887,-135.35173450054373,-434.1022543426789,-464.80131496200426,-0.0,-396.3096888470347,-857.5666550008465,-670.6226114413125,-0.0,-1651.9494405139003,-4001.6758446077533,-0.0,-0.0,654.1670070211702,570.0077965100319,-0.0,-0.0,-592.3413024144451,-848.8983189825103,-298.5467682619442,-617.6147398309603,-0.0,-0.0,-0.0,-0.0,-0.0,-2460.5745932909736,-393.63993342867076,-1488.7324220037751,-1038.9827881408223,-0.0,-392.4416570763838,-367.96686743771886,-0.0,-202.97577361287563,-632.3783227918541,-1092.8980125766157,-3679.539291595537,-71.47604934287762,-0.0,-0.0,311.6679344237971,716.4519014166008,-0.0,-0.0,-346.25655369050077,-0.0,-0.0,-0.0,-2326.663841682464,-0.0,-491.5472224357685,-0.0,-0.0,1568.274866817218,1965.1742168007318,1873.8510400170937,-0.0,-0.0,-421.62883010804893,782.2539326913336,-2370.4467609765597,23.016851474437008,70.02403062780625,-2277.9323086852564,-98.11318481749336,-182.64116280583738,-593.596008877185,874.4971549070356,3011.5943166062257,-2723.2182318405294,-0.0,-0.0,-877.3483219565125,-1502.0449460479254,-1085.957901099333,-216.06226814458628,-39.03375707595064,-0.0,-0.0,-0.0,-0.0,-1808.8111506757289,279.2686229605504,-0.0,-3.3114738260504275,-0.0,-1503.8910221852502,-1866.9719305866859,172.70954432778885,-0.0,-0.0,-347.1684950357472,-0.0,-1533.4463764596833,-86.86588809916358,-1050.91892514019,-410.7494065079129,-1078.1775629539197,-603.1663015546621,-1041.5611218913714,-627.8295141137897,-0.0,-0.0,-0.0,-105.94891481501034,-0.0,-0.0,-242.41597977834883,-346.30308598211,-603.0821792218474,-0.0,-1251.2633682265189,-967.5684161252367,-813.3237852438195,-6.72099860472893,-6.8698287999136225,253.54273270908436,36.46078561376953,-0.0,-0.0,-11.317197533043617,-1621.1568459424623,-564.8992657097666,-879.7295584543052,93.70712815024255,-1998.1555899498946,-1666.1299211622525,-875.724351150096,-980.0534973766653,-41.3607855276554,-532.900106445482,-646.9733116068286,-1154.4174651165515,-1864.35407562634,-0.0,-1865.6729628182406,-138.86068271283645,-0.0,-2288.793299105252,-2447.302930141794,-2136.9713817514616,1405.2354476885373,-0.0,-1611.7334264128249,-209.96040217620137,-1135.872010018643,-543.7218432692064,-109.20072317561,-2015.2437922535667,99.16110267081744,1522.9338475099355,-0.0,-184.73073894338887,-373.86730604272884,-993.4389227257634,-1078.1434985108413,-1591.0820402779318,-3728.440715771461,-0.0,-519.5891642492624,-1194.7772712793396,-628.9450885724312,-220.37568695363993,-25.334510756069104,-284.13110298543415,-0.0,-0.0,-0.0,-0.0,-300.660269817967,-1155.7101626691701,-800.1959430871452,-58.29454103489384,-524.252634231357,146.1874628565604,-0.0,-0.0,-792.6147643146537,-463.24723549131113,-0.0,-1950.7945083586708,-86.1728348909184,-1181.971269381768,-0.0,-185.01616060414216,-180.04067958014605,-0.0,-0.0,-419.16146348085107,-0.0,-0.0,-3758.5814384333476,-175.1525097108261,-2274.5694752851455,-0.0,-0.0,-99.8515878767639,-1350.8587326780853,-553.8278816809642,-341.8059379952995,-1345.5700459477841,-0.0,-626.6352477110149,-0.0,-485.80748750843327,-0.0,-0.0,-180.8204029833911,-75.8904022563911,10.133394183695755,-359.15732350838107,-1294.2515050732197,-1911.1378468028192,-0.0,-0.0,-0.0,-22.79617884375481,-340.99391799019486,-0.0,-1478.4344607023497,-2631.8411791190842,-0.0,-0.0,-51.709172019104756,-1470.1792659623886,106.94402323344177,-0.0,-0.0,-0.0,-0.0,-427.5765759063779,-1928.4225509975452,-186.33442386630088,-1248.1513019972465,-0.0,-0.0,-588.5895628205099,-433.0165612519734,-309.5825697732431,33.73486104356261,-0.0,-0.0,-0.0,-765.8156350920657,-594.4891184247019,-459.77231270791106,-291.0509601055221,-0.0,-0.0,-0.0,-0.0,-2113.3464469301407,-75.15401778218695,-21.453655264859343,-0.0,-0.0,-610.7128259658757,-331.07371385665675,-0.0,-1718.4828990156889,-4070.92551069762,95.7812603066976,-1067.1784397884244,-0.0,-0.0,56.804714795887655,-455.8135667798502,-1658.6222432976901,-468.3701905031632,-2628.4501786690294,-1141.6664574448403,-692.0753097991826,-1297.4910683508847,-0.0,-0.0,-0.0,-33.19784690667105,-1137.0830745744968,-0.0,-0.0,-2730.5550341524054,-72.92611403867572,-1267.2497006612894,-703.0728630015199,-0.0,-0.0,-0.0,-0.0,-0.0,-0.0,-639.4476081885736,-0.0,-1427.7672096626895,-0.0,62.051790257036416,-1196.251880489971,-0.0,-0.0,-0.0,-2012.7191185722588,-0.0,-0.0,-462.56909263028757,-0.0,-0.0,-945.8600047835531,-521.4455847824426,-0.0,-0.0,-163.07529155507686,-1779.4669945817823,-0.0,-998.9575714545152,-768.3457070534158,762.8417668317103,-171.33039887186035,-0.0,-511.3222571035169,-2.0071147521275323,-0.0,-19.84636313175003,-0.0,-326.5186062661505,-0.0,-0.0,-0.0,-0.0,562.7887289204303,600.1649654985948,-804.0918169623895,-1440.6907197539285,-0.0,70.10838162234641,-3.615940823747193,-75.86787956857623,-836.1582833309121,112.93766193065747,-486.49857946657704,-368.38627543467265,-168.40789619146673,-3041.3121467530245,-0.0,-209.638519970247,-1612.3891585410036,-2253.723031184821,-0.0,-1022.0494168700684,-1547.0361565358396,-1878.6128436976583,-675.0408271678205,-0.0,-824.4590070729818,-659.8357300500455,-718.6784906150586,-1124.7854792372043,-894.6078876593167,-0.0,-113.45697054397303,-1209.3326356712314,-0.0,1075.0994662326245,-350.10137071507205,595.3324677076982,-0.0,-0.0,-88.6815492211011,-39.07230324044398,-2165.9209275796984,-833.4979476317159,-0.0,-884.213284343922,-2845.457021786369,-828.5635075309974,-785.1554458481943,-1063.2968810306636,-360.10830935211976,10.20112152865889,-36.42761838594391,-0.0,-0.0,-877.1137544494411,-68.72168286456241,-0.0,-0.0,-1759.4361265992416,-617.038165676453,-558.6966385559497,-1744.4001655700638,-87.16274289918923,-16.18940337825611,-2351.260454827081,-811.6456471314259,-561.4041676665631,-946.4059376130036,-0.0,-1994.6782806353422,-397.627310963,-1179.688775511581,-1470.9691614510218,-347.7002914179037,-481.02120837089535,-1559.672974195675,-429.385677210928,-0.0,-0.0,-0.0,-1221.5976180404973,-0.0,-3082.9558425254413,-1076.728001363342,-1349.54691314292,-0.0,-0.0,-0.0,-0.0,-0.0,-120.54109104722309,-0.0,-219.91577248521716,-855.6067634942099,-336.37452293774413,-0.0,-0.0,9.80291440398061,-0.0,-0.0,37.00820947137889,-263.2020733223558,-0.0,-493.5520814510165,-0.0,-0.0,-76.35984695956653,-10.52816530489666,-2334.9428512506042,-2026.834810682152,40.15211670921694,-5755.523527213959,-819.3361997505181,-526.787492147826,-0.0,-706.2578940013453,-1251.0519069994348,-0.0,-0.0,-0.0,26.072545572707224,-0.0,-1286.7147168321897,-0.0,-1286.1092134273047,-0.0,-0.0,-2129.3201595492746,-334.79496739510336,-573.1272980263433,-0.0,-0.0,-0.0,-0.0,-247.64994384805155,-564.5610725395395,1131.0287828739436,904.8162736602503,-633.7411408628911,-7.771264451722566,-0.0,-267.7892798692123,-291.3654210674216,-1571.317359215429,-498.71233599304685,-106.04027606721573,-922.8294875311014,-1281.8465364591239,-833.8922377040997,-551.747070100554,-0.0,-0.0,-0.0,-64.83232511493557,-0.0,-1533.6381134486594,-599.1099129720512,-0.0,-1628.7762622592136,-1013.4602479835356,-0.0,-0.0,-0.0,-0.0,-0.0,-915.1436049945793,-0.0,-253.93121595675004,-1501.7035084738163,-0.0,-960.4834779457334,-0.0,-0.0,-0.0,-2367.6451934800343,-1165.9610285869373,-872.0519724983911,-2059.394061863059,-0.0,-0.0,-0.0,-73.43643801377587,-452.5286902547162,3.394991578092136,-370.24093458802207,-265.04669489808254,-0.0,-0.0,-304.386569105614,-1374.3074682701517,-3119.316292039987,-0.0,-392.8163074238011,-1100.8941673004626,-378.3878503453277,-430.4229691165012,-0.0,-0.0,-0.0,-1590.8410782141716,-1547.169397731451,-36.240532393676524,-1516.646017949041,-515.229287454821,-367.68280415524805,-6.90967893771866,-1112.053496092177,-0.0,-1802.9142816970038,-0.0,-421.5715939607301,-0.0,81.81342366046202,-0.0,-0.0,-500.86092884626675,-802.8330312168669,-7.258527719646425,-0.0,1066.5515239261492,-0.0,-0.0,-1643.0659657828155,-1475.0112574275095,-976.6178127767993,-0.0,-371.44704145865046,-611.8407151114727,-1380.4757505527555,-0.0,-0.0,99.5027782225194,-665.3477504417287,-0.0,-0.0,3.7615573277108334,569.8320390201288,9.883923059488291,-1323.6490040163344,-0.0,-0.0,-1491.8477888725138,-1530.8846261373014,-73.25331882669012,-0.0,-147.47056538894913,-679.755181366224,-906.5224610776012,-1548.9423494950831,-0.0,-848.7526002016301,-5.750651295135227,-0.0,-1420.5418495705144,-0.0,-0.0,-0.0,-0.0,-595.1071700148259,3.578255084975524,-14.106110603567574,-0.0,-0.0,-508.50656831551197,-0.0,-0.0,647.4403478146354,-971.3624059716958,-40.47484348605131,-1932.8534641564254,-0.0,-0.0,-488.2280666926329,-0.0,-270.8270479492352,-1071.0525904256558,-929.9559110476131,-949.2286977984307,-0.0,-0.0,1271.6404080281623,-0.0,770.7600829620656,852.1469334385678,-35.11411299983679,-710.4840093297332,-0.0,-0.0,-100.6368372678605,189.18869722096306,-724.6388637387016,-335.222695867506,-1039.7095610034635,-2373.7812739687097,-1812.9064687625207,-0.0,-0.0,-234.036139445756,-5037.488711057541,-505.69204987415014,-460.10935297194845,-0.0,-0.0,-516.7528993499199,-0.0,-879.9297768767733,-1263.741296451225,-589.8589010435061,-0.0,-0.0,-47.004694978880494,-0.0,-140.15394418113988,-1110.568643075458,27.475221605454095,-627.6354158355895,-414.9695049794815,-221.18386725422286,-623.112582024,-2230.9692494952264,-13.367456534679151,-1084.9498561967014,38.39974136791821,-963.8121511901495,-240.29428696983103,-0.0,-0.0,-180.91305945945174,-0.0,-0.0,-1548.8961624089607,-570.8351314125715,-0.0,-687.2726716441198,-508.16470878672175,-0.0,-0.0,-1426.1948241118716,-700.4001432210098,-1306.5547066338602,-1349.3414714947578,-0.0,-87.72665541093758,-2532.587345549569,-857.3764064803493,-281.59459055022046,1465.0407150927106,-1544.931155649302,-1149.1579264281079,3.323336968767154,-749.214364969078,6.9628333931886015,-1615.281798405637,-0.0,-2833.803719166953,-716.8448991269827,-0.0,-1549.6572529054265,-1351.2862733537315,-0.0,-179.0926031844309,-750.8842900499279,-895.241910535727,-1378.9374910351892,-684.2472447622816,-417.22780979461646,-517.1007945890467,-0.0,-136.72714514410123,-0.0,-2270.798274795213,14.2366927769255,-2966.0652128311226,-710.2825820171652,-38.40259467374982,-38.200047064151676,-1219.0215956641669,-848.6619451266818,-0.0,-428.8222079850396,-0.0,-0.0,-588.8199533333383,-0.0,-0.0,-0.0,-0.0,-0.0,-0.0,-0.0,-665.0380465005917,-421.773647868381,-2318.1862423704115,-2318.0857030456928,-0.0,-0.0,-1070.8064969731615,-1739.27850410901,-430.59487263035663,-182.5052727418532,21.01250562410355,-0.0,-1206.0235783981984,-0.0,-2199.1502307093056,-0.0,-0.0,-0.0,-0.0,-1640.3944549531857,-206.5664356528362,-461.0975056362358,-1017.7668992822944,-1105.357451807295,-930.8575852191564,-655.1256172596327,-1068.9910336161743,-0.0,-0.0,-0.0,-0.0,-570.0085889700996,-390.31683974839723,-1311.8998937698482,-0.0,-648.1073094131242,-4819.117318667905,-568.7477104868642,-697.0438194750905,-3006.312618197641,-664.9785739415025,-0.0,-452.28711597565393,-453.2207176529995,-1015.8294888849134,-595.3267008356645,-1392.1707836878777,-1461.200314091389,-0.0,-0.0,-0.0,-0.0,-1328.1215428925966,7753.0287039634795,5761.963879574855,-0.0,-0.0,-0.0,-0.0,-1878.7665314697692,-876.2932610486622,-65.30705581051335,-1346.2143600478335,-677.3362473420135,-0.0,-0.0,-0.0,-0.0,-678.7429375226695,-0.0,-1533.5107081769181,-233.30005825591775,-0.0,-0.0,-0.0,-0.0,-98.22582619881923,-426.48582754255926,-380.020595027241,-769.8310519910965,-857.6747413739404,-1024.5550603434665,-841.2413018558152,-285.7344993661741,-1244.9330062480335,-1480.1952198559977,-1031.2729045591625,-1470.6806375737904,-33.652910262531115,-1120.0832704213929,-850.9264834030381,-794.9987598341363,-1355.6104472572717,-274.9986945314662,-2311.072471959809,-1498.718199672543,-1622.2442704091166,-544.5181820244734,-465.62194794783517,-1072.1155724067764,-0.0,-865.349604407216,-0.0,-2888.4570197035814,-803.2734070386734,-286.3617917113552,-1456.501545404138,-1340.8948146308264,-1011.9479071929518,-0.0,-0.0,-0.0,-0.0,-735.578239533364,-2799.685903748564,-1521.16118030426,-0.0,-0.0,-899.3509163151798,-0.0,-0.0,-1000.2995096473292,-411.94860566842874,-840.5087121020406,-470.30628736656325,474.6093355653746,-1006.4513573620476,-564.5103436822819,-1513.1389762790502,-0.0,1179.297772499301,-0.0,-0.0,-914.391923474479,-4498.806419067138,-0.0,1301.8862805116164,299.5845570413909,-664.8499772836137,-207.17666640419264,-0.0,-1539.2023772616888,-907.2496685229103,-2067.7613428038635,-1802.343859770521,-321.9194205901094,-0.0,-454.342101486606,-167.41754540352701,-0.0,-1046.7954493559994,-0.0,-1575.4746702795792,-2228.212454812477,59.64990653159609,-2062.4168236063624,-1728.1284957254522,-0.0,-468.63548116604665,-1190.6101398744452,-1997.4613603660819,-0.0,-362.9827939241942,-2188.0288502322715,-823.8294571354438,-725.3981754455878,-851.119294905769,-370.6760943702949,-773.0695500701705,-1332.47189546054,-0.0,-860.563712027226,96.57311361388385,-1079.270490926078,-0.0,-447.76502106901995,88.43476758450845,-929.8355965069321,-567.2406118561161,-0.0,-468.28640550052495,-364.3844115924376,-1599.0962304484556,-1020.4715355248276,-1475.0050804032237,-778.6076142472227,-617.7755805544781,-888.0674287282816,-1721.7973149913526,-20.206153319952552,-0.0,-423.76096259323936,-597.1131307043166,-1160.307515572104,-1829.2938221909283,-300.30252063666177,-614.7680406692442,58.923226122586534,-820.1131058092125,-1039.560091900805,-800.5641109383184,-0.0,-791.9494375542959,-50.92434963696728,-2130.230888596141,-0.0,-395.99236127238265,-788.8216417778308,-452.3091446380004,-2190.0955207163224,-160.03909683248386,-1403.614887805133,-663.9648208156274,-2162.840199497453,-0.0,280.6830480607808,-0.0,-0.0,-281.6562666653771,-0.0,-0.0,-3341.551008718436,-27.230012931844158,-36.76347047025914,81.58343384014758,-1223.990908496228,-0.0,-0.0,-0.0,-0.0,-0.0,-27.307400418454392,-0.0,-300.8945389459896,-0.0,-292.17080203128876,-1460.1361982965311,480.15948751907285,-2424.7157527111417,-0.0,-0.0,-0.0,-0.0,-0.0,-0.0,-0.0,-0.0,-0.0,-2434.677865943695,-0.0,-2499.9677534555562,-2584.066828610724,-33.27478532291122,-0.0,-0.0,-0.0,-0.0,-778.1356397104557,-953.4813880175082,-0.0,132.60538350026124,-553.9158539195026,-1804.491454314825,-578.7710506503646,-0.0,-504.73903604032756,-874.139403292598,-0.0,-0.0,-569.250621855452,-715.4869737535026,573.106550107616,-455.146616738495,24.02557910415285,25.471490579468494,-0.0,-0.0,-0.0,1526.6339729941822,1195.7978539114233,1307.5305992015608,-0.0,-0.0,-0.0,-679.4726225807798,-0.0,-0.0,-779.2924334394975,-66.50043566986002,-370.56086348662956,-51.168043036374335,-977.1336669671387,-682.2739113808138,-1160.8995116419514,-115.21154294509856,-237.62153365802448,-1021.4932156209802,-0.0,-2048.2511629309984,-13.587962177571043,-816.0064092245341,-747.757314266771,-14.928355546717842,-0.0,-1059.76672849137,54.885293662233074,-0.0,-0.0,-0.0,-0.0,-0.0,-1278.93585767009,-3122.008674334139,-0.0,-594.2254301313856,-55.02183869475633,-0.0,-0.0,-0.0,-411.3553895181598,-22.89577786748125,-0.0,-1124.036670141661,-611.2893790398922,-0.0,-0.0,-481.57219539586555,-0.0,-0.0,-1485.9598954709484,-1315.3276061662996,-0.0,-760.6305106885738,-1827.005731661155,-71.33792056816749,-0.0,-0.0,-234.09821159237688,-722.2230762602549,-216.54173216423604,-165.10094448319603,-128.92540872979941,-0.0,-0.0,-0.0,-1091.9482355285027,-947.0816238940137,-1938.0786200160637,-255.64488481352092,-1186.94162502461,-97.04262457788663,-151.32082368381808,-446.64879472388554,-1655.3681775189614,-0.0,-0.0,-1391.477726143373,-1557.3700537071402,-0.0,-0.0,-0.0,-540.934884444393,-1760.6091573878282,-3034.3110505800432,-0.0,48.04072926972097,-169.20762131437397,-583.3813940412773,-537.6227935513481,-1785.7688616243684,-0.0,-1372.616553716248,46.11244043925369,7.630182036927894,-237.84681327877286,-0.0,68.33491055203214,-248.47237308976253,-413.7470446758951,7.427199315609193,-0.0,-0.0,-673.8726344869422,-10.460040275807172,-0.0,-1227.8449602452836,-843.3680122266513,-1083.8846149817539,-731.0506105869018,-1127.053015052026,-1372.161248481026,-0.0,-0.0,-0.0,-0.0,-0.0,-333.764601418534,-556.5337551933459,-1090.2586308442162,-1171.505590096822,665.6340054590547,-1338.9690165983047,1490.9684964926603,-0.0,-1919.4428502517335,-1504.0707129835125,-714.41989623399,-28.130320742577123,-97.38044073354338,-1970.550644630723,-196.56884537291938,-0.0,129.68684340167545,-853.7779382623215,-0.0,-0.0,-501.70968486470525,-340.03659742070704,-378.66348206122603,-1082.442876864981,-1414.0510924397215,-0.0,-1347.1974799639602,-1121.1977251847422,-4099.2235029097,568.6978851652714,480.0696299572609,627.5432930095006,572.9960529654005,-0.0,-0.0,-0.0,-0.0,-0.0,-0.0,-0.0,-0.0,-520.5925717737596,-0.0,-42.82240031096885,-38.76027244313886,-0.0,-982.8842679990282,-1174.4796975058541,-1728.6626070474265,-0.0,-0.0,-0.0,55.97345665224852,-2900.3458465121857,-563.2609160140546,-2442.7938258938366,-1573.501794777177,-0.0,-0.0,-145.654725259035,-1140.7013399169587,-0.0,-2015.6648890532094,-619.0371832360403,-0.0,-0.0,-0.0,-1895.3241263384405,-0.0,-0.0,-0.0,-0.0,-0.0,318.486149318069,-0.0,-0.0,-0.0,-855.8102468985435,-0.0,-0.0,-0.0,-0.0,-0.0,-0.0,-0.0,-453.73469303588547,-896.9227506292378,-1217.4961901781458,-1412.4538460032074,-508.8738780087212,-994.1241187623256,-30.777576744394082,-0.0,-568.257655098048,-41.102568469331125,-0.0,-0.0,-0.0,-0.0,-729.4219935755011,-0.0,-486.97228162125197,-1176.9425420161124,710.8053928388584,579.3437520818859,716.1781928559351,626.2899385055332,651.2366312043879,-0.0,-0.0,-0.0,-0.0,-0.0,-0.0,-372.40467239343576,-0.0,1871.1740644278746,876.7857453949106,1029.5011309839185,-0.0,-0.0,-1167.3380449635722,70.081237345539,-53.47552435911631,-2008.2108001254112,-0.0,-1499.609618144892,-0.0,-0.0,-0.0,-0.0,-505.06883858419815,-0.0,-526.7304777603772,-523.8029899195266,-300.7488035966841,-0.0,-12.895457514166008,-0.0,-724.6059026255014,-0.0,-2058.642457612838,-498.29217255527305,1480.0045218627279,-1862.941401535306,-763.0253766148874,-65.28859679100711,-748.1532725904908,-0.0,-493.348687072871,-68.9401553781998,-2092.69500094319,485.5698366866441,82.29391257753717,523.346906228098,1072.2169642078127,-0.0,-242.9464305199841,-22.88989879967947,-1077.700445807802,-905.1968244995983,-1281.0559195848705,-1578.819832108153,-0.0,651.3907418222526,-0.0,-359.0459437173324,-2390.2568449446744,-1065.407979798795,-0.0,-1274.9824459881038,-371.1986531550197,-538.6026077895133,-591.8581272290406,-275.0058673946329,-1208.6390397037478,-0.0,-1722.6340614034027,-394.3574570396901,-1255.9162666024315,-299.3447244176465,-0.0,-0.0,-0.0,-0.0,-1063.8362305507385,953.0805566095696,-920.2840099697067,-628.1952418012584,-0.0,26.091353867733414,-0.0,-0.0,-715.9653829637374,-595.8756251783371,-621.3472754844419,-626.3888716394405,-0.0,-0.0,258.5184851545567,236.32531341282652,524.7159322924689,-0.0,-519.1970128069147,-1637.8847115425915,-1112.3974864925751,-3.685114617529641,-1383.4728673536579,-0.0,-0.0,-0.0,-494.980140731836,-855.2666496459266,-0.0,-1212.686687126848,-0.0,-2460.76070034567,-3359.130538666266,-0.0,-19.437503621047053,-0.0,-683.1478391441661,-0.0,-0.0,-0.0,-1818.8631056121153,-890.2546912677781,-529.9250019418317,-692.7013887454924,-0.0,-0.0,-2001.5104144225566,-0.0,-506.8708488700266,921.5710161367921,-909.8681506122259,-702.5112819485853,-535.4891971222532,114.9214049173734,-0.0,-0.0,-1156.6614759878278,-0.0,-631.9040834371611,-64.80177519121284,-338.81756665637596,-276.876427508324,-0.0,-0.0,-194.3422402293431,-591.224416469601,-917.4925548298163,-496.74334975323274,-927.28588754951,9.983621788463719,-0.0,-115.36568151984791,-1649.9922680036634,-1069.4848952940815,-0.0,-0.0,-0.0,-509.257127841321,-519.0825774065455,-1184.3388960435993,-0.0,-0.0,-0.0,-0.0,-0.0,-1310.0675916186833,-621.0957429681313,-0.0,-484.9164682789812,-0.0,-15560.040713684262,-687.5485422801752,-107.06359193127717,-611.5334603138083,-0.0,64.38237034453218,-1032.5182619696361,-2144.3140945572814,-0.0,-0.0,-0.0,-661.594072834264,-413.12991960345016,-872.839663501056,-824.3206305121319,-465.0805741965182,-0.0,-0.0,-1427.9733734996373,-490.3416745485732,-2030.1733797621669,453.00547697051087,-1856.1853477159411,-0.0,-0.0,1521.4105087398882,-1349.3845989709394,-0.0,-188.66776658391836,-325.99594864493594,-567.622802385722,24.90701799266851,-661.6078917718032,-0.0,-0.0,-1046.4475131118506,-1244.5718740874613,-2543.7494976010753,-0.0,-0.0,-1961.8716687725287,-701.6348071625588,-752.2978671514691,-2033.9132764727938,-1365.26420898535,-0.0,-0.0,-980.5141686020511,-0.0,-66.2935246541222,-1351.3460434442309,-1456.3802777719034,-0.0,178.46951577917002,-651.9145681032826,542.1251082012038,-211.54582670105793,-215.12522290199087,-0.0,-398.8714708246763,226.42446196705964,289.5738425622465,-338.14403129519644,-2121.084094865594,-1668.2843339769927,-72.41147441475661,-4240.766933072923,-567.5730753125471,-979.31435489043,-42.41275990477586,-3064.3045427004913,-296.25288204056744,-582.5533480161015,-234.686612846183,-1625.473893536411,-932.3382506365216,-2808.3349824605207,-4843.0906153574615,-72.57787580618538,-595.4743531415696,-1308.058994270881,-1065.6729766016774,-0.0,-2876.595925679139,-0.0,-256.95325223735193,-1513.3908881487512,-1065.5178085846185,-0.0,-0.0,-785.1996259527187,-218.7135875731049,-0.0,-1250.5033635292143,-0.0,-655.5969761918353,430.2841379906502,-1983.2471402579781,-416.65466709289996,20.57180403476357,-11.497994872115394,-0.0,-1776.3734016193507,-506.6978779335664,-0.0,-119.56656914790055,-0.0,72.15951817677114,-141.62599116945032,-0.0,-354.7950052495349,-1205.7180596811143,-382.54324223572166,-781.773973262701,-1698.3459162368683,-0.0,-3201.118215997951,-1515.3197530543098,-2442.8827446865494,-2028.5847075414704,-73.6634596140089,-206.8826387532771,-498.32515666128666,-1167.1143719452843,-0.0,-0.0,-1025.0788167892915,-160.95950717765564,-0.0,-73.40431438631076,73.44136863531187,-1939.1519965643874,-0.0,-0.0,-1015.8990272787338,-0.0,-77.17513009360853,-0.0,-45.410778886153985,-136.5674796452642,-0.0,-343.79322986856647,4714.7097618531625,-0.0,-0.0,-2300.1176994534585,-605.0162017698557,-201.2654676106011,-0.0,-0.0,-0.0,-500.677489181281,-1809.5650910581328,-0.0,-0.0,-0.0,-1780.4315463962253,-0.0,-0.0,-0.0,-1307.3168012946269,-683.8284564156814,-259.4463634215638,-369.4663544729182,22.87491358120775,-588.1802477067388,-336.1555317490503,-168.51357381010712,-2069.6217473556753,-0.0,-0.0,-1055.321435748115,-707.813254140789,-2218.3772023270562,-0.0,-0.0,-2029.4807806827137,-595.9115263963143,-1140.429159154757,-328.9005157820463,-568.6565192864831,-1725.4242289527322,-688.4214759236598,-68.0370316377445,-761.6547555597647,-1873.9058096984986,-1345.7700690005436,-1111.6436807349041,-0.0,-485.66227938596876,-0.0,-1560.7966299487011,-331.0531034019031,-173.07555605885597,-618.3781316483597,-630.5126299785757,-10.330840420871118,-0.0,-944.1030278626594,-501.0096605042536,-39.0848414031131,1263.5255513923198,-66.50544230114092,-0.0,-622.8457592924432,-439.4940736190305,-0.0,-651.5767036853766,-1383.7150985526723,-0.0,-0.0,-0.0,-0.0,-383.6599279565868,-772.7618006600003,-304.4207240148651,-426.7808866236163,-308.7884238290712,-1413.3734560853356,-642.5568340452693,-1101.8783824338402,-2276.7934359748288,-1541.2462434107726,-0.0,864.3851353586467,825.9435085007608,514.0583148065115,694.4300250057291,359.8027156084533,-0.0,-0.0,-0.0,-0.0,-0.0,-0.0,-0.0,-0.0,-48.74616349012442,-745.3374348593394,-434.4721410182374,-236.38745530196348,-945.1099417002378,-89.72690260592465,-307.6364008250644,-1007.166567940937,-233.9575764420557,-1685.7573509377141,-716.3558925248443,-66.70484855120287,-337.54096255039406,-23.06217531858381,-0.0,-464.5870718651236,-139.26708772655937,-205.64193401316274,-668.849779772273,-255.9690393584544,-1404.407838473295,-272.087606238174,-0.0,-0.0,-1747.9249956002088,-450.4166604207355,-299.81257006568075,-434.04403314296854,-861.0329987439706,-356.7592801002805,-336.69930681736554,-0.0,-596.0909923849188,-679.5299741413986,-606.0080433443703,275.3337331426212,-1208.357719277633,-1737.8723934678212,-166.41261531075827,-639.2984527887468,-649.6179986925684,-11.024727204205819,-0.0,479.91461469422177,-716.9804147177538,-30.021780846769932,-1688.5087155113965,-0.0,-0.0,-990.7214731847102,-398.5600574520788,-0.0,-466.9109360008978,-577.6590848134919,-705.6762019275766,-0.0,-611.6130993010916,-443.7880091641078,-1880.2473417381375,-3719.526361378676,-345.62876295825936,-0.0,-78.17296632671687,-362.7812890698098,-1410.6231130452247,-196.19031358951338,-494.92823707198795,-652.4217992883779,-610.6904974968196,-290.94708607967766,-0.0,-0.0,-1402.8881246600117,-103.14409961315438,-377.59288706515326,-634.1371564963713,-1061.5546116726355,-2211.054776888121,-0.0,-471.9944034700218,-0.0,-0.0,-0.0,-0.0,-0.0,-25.430712180391897,-142.58627462542947,-310.13218778601833,-0.0,-0.0,-0.0,-0.0,-0.0,-0.0,-855.7221232538536,-1764.7334579934763,-334.49474876025664,-472.22908566067144,-33.27711996674629,-0.0,-0.0,-338.5719043589573,-0.0,-0.0,-109.93333873339714,-2522.6192596796004,-0.0,-0.0,-1351.0153187380754,-500.84705378314817,-888.1911694014475,-929.8132467478124,-551.2307088881802,-0.0,-0.0,-1016.6851093424489,-1656.877494343575,-770.5470620067839,-0.0,-940.8795683203241,-0.0,-327.7928995052883,-659.7098702786545,-0.0,-608.4219535858712,-1635.430321917774,-0.0,-1516.7599063400367,-154.1837392837732,-468.08632712216263,-1147.582600512601,-165.0211850607901,-1066.1702035028147,-0.0,-945.6605235978424,-23.37864036986076,-1694.3532730217144,-1646.559642700732,-0.0,-0.0,-0.0,-0.0,-615.7634031462499,-651.1706729296211,-0.0,23.002143878775396,-321.3751376694342,-671.0542455377284,-1882.415590693011,-2009.199934828569,-331.93837372157066,-0.0,-1115.4762475689047,-651.6234502565251,-1661.6509948288522,123.54360084823314,-0.0,-3173.444153028513,-558.0660117678307,-0.0,-405.0909774605549,-1336.1655176237289,-0.0,-0.0,-461.9322067686039,-1121.4148908393147,-0.0,-862.7327947986042,-1116.79269015037,-35.41752528076405,-71.7032509331046,-457.79362081436403,-0.0,-1261.3746202021991,-2228.7438883342343,-1048.988859016841,-140.16586863923015,-1800.2298793925197,106.26124619131556,-809.6338275115313,-468.6652787285727,118.06916114439139,-747.771120716911,-1265.632871053571,-716.0457684988287,-1305.2066898615487,-388.3108448717579,-512.0092452017742,-608.5621017830773,-1432.0382803274658,-0.0,-0.0,-1589.8126151247611,-285.44738811565145,-0.0,-1284.010611707403,-1008.9485611829499,-0.0,-2498.4021688430075,-478.16698278132293,-0.0,-612.2977012941171,-0.0,-0.0,-978.2214578717196,-1031.0067932696604,-0.0,-0.0,-0.0,-745.0412378135308,-3.8997837606042216,17.042292867962985,-214.90738353856162,-0.0,-1807.7753542377775,-1427.1800917520488,-485.27252769059453,-1795.8267414159059,-0.0,-48.71640510468227,-764.8407716017997,-0.0,-368.2654531482688,73.69130120921221,-1273.3330152816002,-838.3950254927051,-611.9017128790626,-1078.0730778766604,-0.0,-0.0,-0.0,-663.9600942137312,-0.0,-352.9738450292213,-811.8651718738545,-182.4964544607289,-1001.4750089852951,-1672.8588309405873,-440.3294141283997,-1632.5629316522031,-0.0,-972.4125708033215,-596.0508875814621,-463.8996940946802,-997.4254516111376,-278.0270011945519,-451.2229719983187,-1137.5282088016188,-0.0,-0.0,227.5843857362753,-2421.903341790752,-864.3092703654912,-241.87691120386543,-0.0,-273.2196702555362,-430.52375421657104,-612.4265686237943,-0.0,-0.0,-731.2739322445689,-0.0,-19.387545761325164,106.80700438062293,-113.40449631770873,-1821.3319631440047,443.37139371036557,461.9700044616093,388.19447671706405,516.0695244426022,41.23905710486754,-0.0,-545.7206489676022,-655.279413957969,-313.64593143830746,-8.586419686649174,-0.0,-0.0,-0.0,-164.51751295774747,-10.618559333885567,-922.3507797154541,442.77180569228614,2093.511272520139,-0.0,-0.0,-0.0,60.42142192640254,71.7634469529831,-0.0,-2658.803018624041,-0.0,-0.0,-0.0,-0.0,-0.0,-1935.7999221254804,-242.39343764296171,-0.0,-371.4006130619106,-1736.9651886127447,-145.31348903452576,-282.95545622631846,26.759292773335662,-1637.9940541381388,-3260.555948018679,-1445.3682804700322,-0.0,-0.0,-1418.0248347047805,-878.8504374805595,-625.3582687927247,-415.2678024419686,-293.335302639397,-843.8299519327564,-870.6004911473693,-4260.1651047726955,-520.331320043997,133.81840193342126,-671.3331609598166,-796.9593550666381,-560.3009105474752,-552.6038669264366,-6.637875058354297,-1646.7766215746851,-706.6921139991663,-472.1345459576288,-0.0,-0.0,-0.0,-0.0,-217.0799641367151,-1050.2020311537406,-0.0,-1139.4601121054131,-1208.5124836056877,-0.0,-0.0,-1258.5890451412395,-0.0,-0.0,-206.09796266149255,49.47125175730715,-0.0,-0.0,-2552.3265999064483,-996.51188583027,-97.13409352300003,-860.0252569335656,-1051.9887519221193,-0.0,-274.83358050211615,-423.48845637828765,-0.0,-1324.7394213990165,-313.77507299031294,-885.0933069645934,160.06806623975808,-735.5171720091284,-195.84476707035876,-203.423165289581,-47.3577546997618,-32.88932154598019,-546.7227706707025,-700.13060157063,-383.9510976968131,-711.6192890965905,-0.0,-48.19349760388639,-633.3561354847928,-151.60445590354317,3.6553614094067486,-0.0,-1013.0599065719817,20.615540693538954,-958.2819373574291,-0.0,-0.0,-0.0,-1704.3350824875442,-0.0,-0.0,-75.05101645721882,-0.0,-0.0,-0.0,-0.0,-0.0,-0.0,-569.3906865671769,-1198.345873741691,-0.0,-0.0,-0.0,-0.0,-833.9819912384195,-445.4503010858992,-0.0,-0.0,-1619.7229647177712,-0.0,-1178.0524690713407,-2365.655184549624,-0.0,-0.0,-0.0,-461.6567406656828,-0.0,-0.0,-0.0,-886.649859552031,-605.2875689071855,-583.8941606659882,-0.0,-0.0,-208.45825605505829,-0.0,-3431.188339414554,-4935.082835392704,-0.0,13.09341149196013,-0.0,-494.4284417979083,-661.9288300266785,-1647.1668960972572,-0.0,-0.0,-93.40886657299903,-623.9275220909,-1210.9387265794223,-588.5426564490963,-350.80518091443315,-0.0,-0.0,-936.2125603977458,-962.2933353387942,-40.531580735082485,-0.0,-0.0,-605.4800291409194,-322.1341645722091,-73.28407798935923,-0.0,-0.0,-0.0,-1841.4708929173044,-339.2013408835229,-1144.9910920968794,-3699.869245724057,-0.0,-759.9150298140572,-986.5237374960784,-2040.2101570081943,-256.9369480888929,-0.0,-0.0,208.30137927847974,-1043.6364320195482,-1452.0225463618815,-433.237892666972,-113.3636748262982,-22.895876804616638,-1626.6736906712308,-405.1460016190177,-1435.6753689347775,-598.3900621774229,-2044.306686397169,3.2862458159085257,-828.3388294824445,-673.4764431776624,-1747.4304934919467,-0.0,-0.0,-684.8865376655199,-1528.7843113997155,-1597.79196693275,-883.2779513518558,-0.0,461.3162114904352,-55.41885324718871,-410.80405076397193,-0.0,-19.655769811837036,-0.0,-2453.4243443858372,-51.61903155672057,-0.0,-0.0,-676.8580797904744,-952.5158439386798,-744.6219353771045,-261.96064966236867,-571.2547922042728,10.110249733612317,192.70393788831592,-705.5404175444289,-23.04553330615511,-1336.7302554535393,-0.0,-1414.2106070319498,-97.80726759219355,-570.4275562404329,-315.601557881332,-19.891314257946725,-38.15522882112335,-19.28757873458809,-1149.1421819706566,-831.8406960091485,-1231.3808392975018,-208.97356995413503,-1189.0886080672249,3.8905373185501424,-0.0,-649.5022312600898,-2572.0435749063377,-0.0,-0.0,-22.610968477729234,-1748.9251354703388,-183.71174255145496,-565.3189970040335,-329.43423895565076,145.1442029644522,-0.0,-0.0,-1062.1540553627408,-0.0,-0.0,-1721.3978950413032,-1467.3465249759972,-796.1213268963774,-708.7823262610149,-493.9904464195927,-838.931286098338,-673.7302344039724,-1048.6576054547147,-2199.6629769933975,-0.0,-0.0,-0.0,-0.0,-256.682365041435,-0.0,-1718.9699279382655,-537.4390518760987,-707.6780478710049,-860.2895366690066,-449.13779696616126,-0.0,-1438.9067018395938,-516.3654957687336,-0.0,-2246.685583496892,-1245.1968111178576,-0.0,-0.0,-2485.2665929084474,-1760.5154410694297,-348.23867981641655,-702.2343089155725,-0.0,-405.50061447103263,-311.8056317244049,-0.0,-545.8314373328973,-458.5173432690411,-472.49221926213863,-0.0,-0.0,-0.0,-0.0,-372.138885855393,-1113.5853243009808,-5207.121185464154,-0.0,-0.0,-638.133006261883,-676.4333138440564,-1740.7243003045692,-549.8894325765403,6.575125762867062,-465.9784760653423,-0.0,-632.3409000201501,-494.09818004269533,-0.0,-412.05046826808973,-1002.9877547008846,-0.0,-0.0,-0.0,-0.0,-0.0,35.691692669632786,-1880.7109276322649,-0.0,-1094.661808143125,-784.8109358739115,-3.814580823483444,-1758.6560206042884,-738.6861566341868,-908.2356178820282,-1136.0748359516385,-69.23733361303792,-105.93520228624126,-1073.3853242376665,-743.5205365528518,-571.1060426250166,-0.0,-1376.0348904265907,-1070.423474145542,190.87582572755844,-0.0,-519.7885117600895,-692.588211832475,-822.0657219908387,-67.67211679320785,-0.0,-231.59643505681464,-0.0,-0.0,-2081.7771093911897,-1989.537568708606,-1693.9948505727857,-1409.0350183957714,-0.0,-929.4474518971792,-1696.6256338830235,-0.0,-4617.618252415866,-0.0,-0.0,-0.0,-0.0,-826.6396979054482,-2035.964627024264,-2070.6703956159763,-83.28315691948553,-1819.0800160407705,-0.0,-862.5425882269355,-29.545589643670432,-0.0,-58.59386238842632,-490.22360866909656,498.80701562133976,-0.0,-375.6761403304353,-39.3758543602411,-0.0,-1217.2991495966564,-0.0,-1697.7618717039918,-134.24953620764018,-0.0,-0.0,-948.4102407932805,-1574.0133865150542,-926.1094237306279,-997.527153666938,-1208.4693560928167,1329.9702353381597,-43.00396104711554,-745.7989469212099,-29.923874453465036,-1831.5414901898464,-784.6285351433069,-733.7727664022976,-387.23534285174316,-1428.1520979348813,-1479.115938907362,-361.4723486702405,-2171.595570547062,-310.3328337521407,-0.0,-0.0,-46.60989614875226,-0.0,-0.0,-0.0,-0.0,-0.0,-0.0,-1302.5481070599844,-544.6804868840674,-1148.261146614249,-769.7933450212993,-0.0,-592.1404159802958,-1176.0087087980098,-1038.7414857269591,-1747.6360330265697,-1092.6881729828094,-73.84289591999203,-154.97366488768927,-926.3359797169595,-1303.3773817549359,-0.0,-0.0,-0.0,-62.1516259864719,-766.9353401776534,-149.96206521679954,-463.3557102157438,-922.4544201771515,-0.0,-0.0,-0.0,-3479.121128191528,-0.0,-115.97425318483393,-0.0,-195.5190161290069,-1129.812476256773,-1042.7706407636606,-714.9034478251305,-0.0,-36.859186312731644,-536.7062355308466,-581.1478454855247,-476.55893146797496,-0.0,-944.2989588627235,-0.0,-0.0,-2755.4803114710335,-0.0,-1158.9284869053702,-532.6206278979151,-364.9521061616586,-239.1541118867445,-1200.202617287011,-2617.2531123388567,44.93504718645365,-1740.7990527075553,-1577.0712910611066,-452.79698521998534,7.39343150748855,-0.0,1283.192579192227,994.6883851060836,1099.1719927791166,-0.0,-0.0,-0.0,-808.6670440190964,-0.0,-261.5495836803946,-193.07203002820322,-0.0,-3483.9444820484277,-0.0,-1173.2253552236882,-77.5620067259642,-950.3231081095773,-446.737955426807,-1303.9488173512766,-1049.1326779560661,-0.0,403.6867444237365,-2317.393393248636,-1419.9250514380597,-450.77037019076033,-1193.0022433411893,-1704.3736655397308,-0.0,-0.0,-228.0858118751963,-629.0103560531116,-1767.5748489203165,-734.6755101358034,-33.73338672114831,-0.0,-0.0,-609.8330260953762,-0.0,-0.0,-0.0,-181.50953088985835,-1279.4895026566048,1336.5863653370177,-1224.5583592140547,486.97669351080077,-686.9491054143338,-856.4876010744475,-11.560440009117581,-4547.134449854668,-305.63919489909495,-0.0,-58.423279453089044,-1952.4871927828192,-1435.2835313527194,-0.0,-27.262030831413128,-0.0,-521.0331351034815,-23.98200972654922,-1763.5169055869649,-1270.3865512705765,-0.0,-300.71577988710925,-0.0,-0.0,-0.0,-647.0047191826676,-931.127756361205,-358.47428399487245,-1078.193999881744,-1626.0938681374341,-858.2265519336215,-382.40614611208923,-382.19802749916215,-112.01056458252033,-1562.1507143061742,-560.6859667798881,-816.9469270369115,-1215.6711452938912,-1426.9191957167557,-1143.8998960504173,-287.2209136592895,-1332.8952380853602,-0.0,-0.0,-0.0,-2192.7086098178534,-0.0,-418.5671126006667,-1090.9795663409193,-9.709253522956635,-771.549315795592,-520.2487196243256,-841.9097415307308,-645.5140092561489,-186.3334678509618,-1789.2946129626937,-4113.377901258502,-253.1854547668481,-30.728197717940493,-0.0,-99.71336185851,-6384.647271367131,-1804.061451946079,-560.6730446677526,-1985.317853431586,-187.79097331857807,-0.0,-20.789891483171345,-619.8332817633033,-114.38957160336541,-1093.457325481682,-933.3281232504514,-169.01185633870972,-0.0,-623.5411492593511,-1876.9357509867918,-1737.3720371040422,-1469.7750307266044,-0.0,-1374.7314777450044,-0.0,-42.51528381554679,-933.401854911798,503.1345940344604,-0.0,-0.0,-252.36585776326288,-923.8273164027264,-657.7846639284176,-1118.270329510828,137.948586405767,-1224.04057178337,-108.38645393995965,-313.85443954311717,-1870.5498654722953,-1733.8173036892574,-335.2094357802635,-0.0,-0.0,-0.0,-0.0,-0.0,-1552.6290516245083,-0.0,-566.7436486718236,-717.0708537444895,-2190.66077013298,-0.0,3.0682532123839397,439.6122917385582,1880.130694990885,-538.7182081061952,-1169.5032931640997,-0.0,-1387.0278894512444,-3408.0901599077847,-673.6712592658045,-4732.544740650514,-1142.9571233644065,-0.0,-714.7574475417555,-2181.1409652969046,-174.0162255008615,-0.0,996.4654095742819,1209.876713641727,1101.5347570857177,-0.0,-0.0,-0.0,-0.0,-81.29813134720929,-2316.799889344075,-76.73810696119526,-0.0,-1769.882505005029,-1028.0884434181162,-441.4335420643754,3.635477803128696,-0.0,-198.91754289026576,-785.0024177745725,-0.0,-0.0,-41.93879238064945,163.24875500988463,-1861.826201382427,-0.0,-772.6661952512584,7.605852971905004,-76.82252673544372,-0.0,271.457786417064,-89.42952390012039,-497.3393876480451,-1764.8338023322872,-0.0,-57.54562193167195,-998.7303161168995,-882.5062607920597,-35.87337217331259,37.53130906246641,-0.0,-1156.8884375816826,-710.2029029335804,-6.496145647588243,-0.0,-0.0,63.05001691258884,-221.05205960162516,-161.67380855716766,-70.47735412943219,-10.234126797788468,-141.40147163595697,-608.2372778055526,-863.6507352383628,-483.02003787189665,-0.0,-1859.4499287698968,-775.4458074305938,-0.0,-0.0,-1001.8825898438777,-1985.9305905648998,-521.8982499609592,-6.938836965025836,-2477.719142021071,-105.27653249225673,-70.30589142907361,-997.610335735362,-0.0,-337.41375583044294,-1253.483298887021,-3.8052093926627886,-0.0,-2994.0852390439086,-127.37801506937673,-1341.8868494649296,-934.6979461285957,-1153.3612191965522,-2286.315286776151,-74.0536729602046,-706.2410375344076,-1612.376214672738,-1179.2409396273702,-975.875188631954,-194.87303523261832,-1594.2502248477267,-0.0,-2724.4600327271028,-0.0,-5627.636892684079,-206.82950706190397,-77.18281223509096,-1320.9210825964885,-0.0,-0.0,-0.0,300.8529456230138,40.16707164788928,-745.0362403351958,-1240.4319340554523,-420.69090237929817,-1092.5313533691744,-0.0,-0.0,-1211.3555379591205,-310.33727714537105,-435.83312200319443,-142.97522183465813,-0.0,-1454.5097538821055,-282.87116621322014,-1742.4913560956375,-0.0,-30.762334734186922,-0.0,-1559.8903222934607,-669.7606421531827,-1286.3930498693871,-0.0,-0.0,-1539.9190158963638,-487.870274348574,-676.1986951804234,-1354.6238471802649,-397.19973428169754,-1090.2830772558523,-0.0,242.47234388545496,-1005.4372921861493,-3522.8874634312665,250.40717458833103,-1302.5959038768906,-6770.766152137326,-599.1610025484468,-594.6336304063691,-200.1171591496025,-196.75071142244616,-924.0162926016139,177.72125813651473,-194.4467983520252,323.7720058553854,-952.6972546968742,-484.82218922872187,-0.0,-1147.9971977904768,-1505.8265609004504,-775.3165916821404,-336.4574656663916,-0.0,-0.0,-29.37614099529171,-914.695160117472,70.95968538707746,-1983.4912774768777,-0.0,-0.0,-448.76085468072097,-583.1170490216242,-1004.1929429272905,180.36573912954339,-2249.350036023004,-1332.9545517882577,-1128.558266581228,-211.8999911177636,-0.0,-318.3917829183533,-0.0,-616.6078065433335,-21.144981388887008,-1374.3363763088469,-416.85426970050503,-869.7977635491973,-353.37016482076797,-313.1083080130946,-0.0,-1071.853627042769,-615.9728187743659,-1094.614811710233,-0.0,-2752.7695447338033,-1185.8300176030787,-1252.6841136811806,-844.5635268586253,-976.0606332846061,3.3660297058086557,-1879.517734140649,-621.9741689946081,-1061.0343004396927,-1693.1723812996656,-278.07136125912353,247.59326177366526,-887.5218428187109,-0.0,-0.0,-19.007914963270387,-48.80843060048014,-16.123000021676575,-212.54279250077687,-0.0,-0.0,-0.0,-0.0,-0.0,-0.0,-0.0,-0.0,-0.0,-0.0,-1106.1406470468723,-2207.512207895711,-1929.3775857571115,-0.0,-0.0,1341.3510128651542,-457.34180519693297,-0.0,-370.82317015673163,-403.5165319562661,-843.2478243217057,-836.6051012865773,-1069.573240894246,-0.0,-670.3352763992775,-348.05643238419293,141.00412348141109,-0.0,815.542278933805,-0.0,204.0883851648545,-0.0,-289.7098203366323,-0.0,-382.82618028345047,-947.7564833339773,-1578.818537413583,239.10339038251075,-0.0,-0.0,-0.0,-0.0,-0.0,-359.2427303326676,-71.79228578452478,-0.0,-0.0,-0.0,-446.3282876691143,-0.0,-33.9817811764405,-560.6820733969124,-3200.1757535958695,-0.0,-1185.5781003403947,-0.0,-531.4274189257897,-0.0,-0.0,37.505803509956365,-0.0,-132.37344789106746,-0.0,-0.0,-0.0,-941.0460541920255,-1512.9524401470849,-0.0,184.4971970579511,-1935.8332290704766,-0.0,-67.40297966000959,-245.29894151852332,-0.0,-0.0,-1399.701559674086,-0.0,-758.9132179113234,-1090.8170071228803,41.551188376605964,-2700.6677286502404,-1404.4777751423796,243.59846970547088,-695.9638287178857,-0.0,-899.9774670985097,-0.0,-0.0,-0.0,-3352.6516609400464,-812.5608887186347,-1330.3131698233403,-0.0,-348.29202157032614,-3.8507497365642656,-1145.4710690304798,-1764.8819950050065,67.39838440927245,-2682.0037840123805,-0.0,-1402.7619584255392,-2047.566125748266,-0.0,-0.0,-0.0,-0.0,-2102.9613460153137,-153.31393337316118,-1378.9742785417834,-0.0,590.5499708719415,983.831833490199,-0.0,-0.0,-690.087110472331,-862.4888641904694,-297.20384657944,-17.115622254573115,54.98301533407213,-0.0,-1161.1232452286772,-0.0,-233.09664171521476,-1060.514772178329,1191.4491346096866,-0.0,-0.0,-0.0,787.651949792287,872.5585224352792,-710.3825485314154,-0.0,-1224.6994298489335,-0.0,-923.5659102462207,-538.5914342149401,-0.0,-0.0,-0.0,-0.0,-0.0,-48.451932791654656,-0.0,-0.0,-0.0,-985.6384815870433,-253.13732336623897,-0.0,-0.0,-0.0,-149.25851431324563,-69.49146994008356,-546.4689409197816,-618.7694661797789,-2528.3851528529676,-1167.9901114035306,-961.3397118573185,-0.0,-2628.025450752513,-32.705371121166785,-0.0,-881.2616164624,-2036.5734408795045,-681.5593336398298,-398.5341410538553,-956.9151196146914,-238.44857030099092,-571.09756502102,-635.4545426324717,-944.698651187944,-237.30860821406088,-1479.3914972369912,13.30313255387884,-340.398694388544,-0.0,-0.0,-682.4350007361041,-3288.492184585677,-0.0,-953.6151187939699,-441.5291050477557,-0.0,-329.12364892829777,-588.914097384297,-597.1532778278395,-216.31924326614805,-0.0,-0.0,-0.0,-0.0,-0.0,-37.173404612156325,-0.0,-545.5247836612787,-0.0,-0.0,-651.4570740893527,-956.3370269263982,-2332.7170211789935,-385.28520097059555,-614.9214831022168,-91.2504381921879,-1670.2268228702126,-0.0,-847.0666402782406,-484.99512457713803,-422.53396974308345,-1166.7881030700541,-809.3606575443832,-1530.1957423200295,14.806962283788632,-408.57471098783077,-0.0,-968.7182089426224,-964.6057263270427,-137.07359713735244,3.2961063488408824,-2094.4245724460516,-1153.0247426747892,-641.3311848889213,-0.0,-529.085979975053,-620.0302777367161,-464.0774438828714,-2162.6760648503005,-3.2218682185407634,-0.0,25.374274673043846,-0.0,-0.0,-228.4110838047142,-3392.9095056943174,-170.157747926071,-1270.4078109688592,-3329.2774464402964,-0.0,-3990.611412646365,-214.14335957067024,-1725.2960722151936,317.71144037846085,-0.0,1369.0165303780834,-782.5479704561329,-0.0,-1715.1380043392312,-0.0,-59.22912275778275,-36.007554754111354,-0.0,-0.0,-0.0,39.018526900689494,-0.0,-0.0,-0.0,-550.8267895102863,-1235.9488523473003,-592.6115779471801,-0.0,-3035.2781403922227,-0.0,-0.0,-0.0,-195.75363893391054,-351.4800285677432,-0.0,-1702.281437188174,-0.0,-0.0,-2990.0416482699984,-0.0,-19.344060160490457,6.571287324905444,-424.27837787339564,-17.35624772585873,-0.0,-0.0,-190.08187639877036,-0.0,-0.0,-1154.925039902974,-952.8977228763619,-1385.8964900887402,-0.0,-231.62585788529552,145.24291127181303,-317.793832205243,-12905.752297055591,-0.0,-514.0157282615402,-1130.2509791888383,-500.8678406988715,-0.0,-29.19239258510201,-14.029723944288811,-233.93649861995323,-913.7279795282053,-0.0,-0.0,-0.0,-417.1313500696395,-2411.3789570236586,-1150.0558802513788,-0.0,-0.0,-0.0,-306.98537452002336,78.9181697770711,-6.966862105656959,-1197.6292778507288,-0.0,-0.0,-877.9878511305444,-0.0,-0.0,-0.0,-2373.3542548796754,-872.6021111467884,-0.0,-958.6082415251639,-534.2673572864167,-218.3523804317353,-617.1863981856368,-959.3597996916417,85.28754604942627,-1169.7667600242032,-1029.2504667168168,21.443931062289387,-1673.0683345975542,-0.0,-0.0,-0.0,-0.0,-416.47136676763563,-0.0,-0.0,-493.52049620570557,-913.9153696571731,-632.8733594446813,-0.0,1368.286229560683,1293.1762721306766,1280.1775016459396,-0.0,-0.0,-0.0,-730.9868587825645,-36.851765693420596,-653.1277849358726,-68.5094240169317,-598.7488670131523,-1433.5597648031367,-1075.6064544366752,-1753.4288760795525,-0.0,-0.0,-0.0,-0.0,-471.0833450893185,-731.0215292171514,-1517.1152958396506,-370.0836468062012,-1189.295579111786,-1705.7159259840462,-1859.8962346150363,-0.0,406.73239913223597,-356.40422110822124,-326.9337226561337,-101.98323149348512,-4016.1939849922232,-55.24116341924434,-0.0,-772.4617779895702,-1338.7593131929282,-0.0,-60.985244486413364,118.02464661895948,-81.63470932638704,-432.39026078176164,-2010.1534363225385,-140.80392365811926,-1427.7699756102827,-0.0,-1616.0316532180377,-1569.0966655162983,-1290.067125720483,-0.0,-1590.540135445702,-278.93388174758,-581.920241993106,-835.7155751071094,100.95069899300583,-1676.1588626939067,-1082.9329545928438,-0.0,-84.24865133785583,-0.0,-0.0,-0.0,-895.5267595356611,-547.5064728844767,-0.0,-0.0,-0.0,-3212.8313282016497,-1676.863005775372,-0.0,-0.0,-3.8971509220932177,-1512.5432764132056,-821.771665989318,-0.0,-664.2568450247041,-1207.2009298105038,-502.74171751096486,-20.265936143755397,-776.5151346730211,-7.64093848135396,-1380.2121145606172,-1474.2695230860268,-0.0,-0.0,-37.963768734017854,-0.0,-0.0,-1137.7778658403522,-85.08915332090801,-395.64465061695745,-0.0,-0.0,-0.0,-651.8109826092164,-288.8342887175791,-100.75436646464954,-407.412163884558,-200.55859612417038,-1760.058265773619,-277.00325767475135,-508.3367642337863,-1154.6873158002822,-0.0,-356.4576135957616,-0.0,-1528.4276258752282,-1311.5971416201608,-1543.2858556203078,-384.9263385983799,-255.94031164536446,72.33470557843265,-842.3723190599561,21.55719650068329,-0.0,-418.3023746150847,-0.0,-0.0,-441.15176707767256,-107.63233840552934,-2497.1925028506043,-2533.0535012603127,-450.526364092153,-0.0,-0.0,-916.2401409209932,289.10984796184476,-0.0,-0.0,-0.0,-990.3144184138193,-40.00217308814853,-425.9931721742316,-3337.242583359536,-1295.1488140781255,-1007.9111666274082,-399.0399579527453,-157.0956916407973,-1116.6825862376907,-626.3378637197034,-435.94611083084146,-0.0,-589.2441910114148,-695.857789770283,-1494.4473084220263,-0.0,3.7956310396250994,-11.333666882370308,-0.0,-0.0,-1606.9401193645358,-0.0,-3155.906965554264,-1039.1582972386002,2197.552434882343,2538.2171975887077,-0.0,-0.0,-703.5626175860524,-954.0869059868486,-525.674949433249,-314.244084690323,-2762.685465759702,-511.2851509877054,-0.0,-0.0,-0.0,-1098.8394628950114,-586.6156783953082,-143.89030583214486,-2290.9217804459395,-911.4501803228866,-23.829646469615138,-374.67102461306246,-940.0513003072924,-293.9396103606422,-471.00413545045257,-0.0,-56.3376275135298,43.33753611885573,-874.1566671978937,-147.00543761667086,-0.0,59.747208184166595,122.08725652647641,-191.04464660272535,-1223.508763587384,-2052.370398052616,-54.57881082749743,-814.0981681691586,-1234.1224179290361,-0.0,-0.0,-604.0131793547298,-0.0,-0.0,-0.0,-0.0,-562.903702169568,-20.318999110428308,-1096.9095429516328,-1043.2369822474247,-2259.5443645961823,-1026.8508535148324,-0.0,-524.8210381988719,-0.0,-1412.5217379175479,-1462.419556145249,-1191.4289413949027,-888.0785106545633,-0.0,-1903.198636724336,-0.0,-0.0,-0.0,-3159.543007854039,-1084.2562486476688,-231.99814759497133,-770.8391763952158,-784.4879232942105,-930.29832872888,-0.0,-0.0,-0.0,-35.076073024099955,-5342.677540558678,-620.2998199605311,-1635.7915455955476,-3664.7091715534984,-2004.1185064426713,-378.31058740373436,-0.0,-1723.4506602867998,-658.0519769483531,-0.0,-293.61666470586124,-331.99239947293694,-33.835800859896416,-873.4197712289388,-268.57712161690614,1294.9325979941573,-418.9943051590638,-0.0,-0.0,-876.0529834120944,-730.1089477301155,-2000.5362079759138,-271.73457238410464,-0.0,-0.0,-578.5144229371591,-0.0,-0.0,-0.0,-0.0,-1204.3099388511273,-551.1610834975332,-1099.1898877282506,-463.56251886226664,-3.4532879512869705,-683.613255910447,-0.0,-0.0,-0.0,-0.0,-2527.2215509529656,-0.0,-0.0,-0.0,-0.0,-0.0,-0.0,-708.0735231715262,-0.0,-2448.2667415206006,-434.4081630359028,-178.1915466708799,-1134.3166024315396,-0.0,-0.0,-1194.5833101716105,-1278.3665796303387,-3.8403206507196876,-384.97621662097936,-48.503201502428446,-1555.5546649235405,-857.9983424168274,-0.0,-3426.9576243113474,-1146.6514254438005,-0.0,-0.0,-14.952634269049936,-368.1327862725322,-1084.625150240806,-0.0,-0.0,-19.512306444136268,-1451.4780931820815,-526.7799202330176,-312.6336607745414,-75.98054024949128,-1695.3451930996603,-0.0,-0.0,-0.0,-0.0,-0.0,-458.7843009387789,-445.09927375171094,-532.2723064637404,-3750.6030822304083,-1489.1423995525734,-1094.1659530807974,-96.09729643955296,-870.6815941103017,-1074.5653776435374,6.601111158081611,-0.0,-0.0,-0.0,-569.815897985948,-366.5610221485075,-1504.8704732912609,-525.5207437224722,-0.0,-1544.4586660716009,-0.0,-563.6013126528767,-0.0,-0.0,-1743.5095033505083,-546.1156309518478,-499.5626023784481,-1262.8587969010368,-121.22622529973931,-11.411142404783934,-683.4210361013584,-1288.086875831519,-0.0,-395.95226608879005,-1031.3155391879004,-3731.0797436301777,-0.0,-251.28572505658488,-2016.3846846838774,-1359.165004354853,-1115.5045997529442,-479.3447332263001,-1113.6460913572362,-0.0,-313.61896018473965,-0.0,-227.07546608615505,555.3622726592112,-0.0,-0.0,809.9105322905322,-0.0,-1972.5608105171034,-675.9018022606411,-837.3422739152091,-1060.7393923330494,-1304.291689737578,-338.4442850951456,-130.85496250986816,-0.0,-0.0,-801.5305030071515,-888.6044901582154,-698.7493257104767,-0.0,275.7597272126299,302.8870636128487,-210.55160282766911,-2487.075350010819,-1604.76400319698,-0.0,-0.0,-1276.220193645461,-3682.0211292067183,-2420.2238071352394,-462.36342159861147,-870.6579105754333,-1001.2999346089819,-0.0,-189.263659246202,-0.0,-648.4502687464394,-199.74226252990786,-1677.4883187726423,-2357.91588932207,-274.86407359827666,-503.91547176147185,-3991.6571865097408,-1100.6043566529759,-504.4301673048156,-250.08600862271567,-1147.2027219840056,-621.4992222834319,-3.9333369010322974,-1351.5949188964416,-1579.7342769646848,-0.0,-0.0,-523.8500941607997,-1138.460365245397,-305.8189097836093,-3.9253993958027107,-0.0,-0.0,-0.0,-0.0,-0.0,-31.512694326611065,-626.7415615204702,604.3943032342938,-399.1979613527139,-663.3411100333759,-495.63992758332614,-990.8766890382308,-1387.3251194242835,-1053.2807155522314,-1626.7135126823555,-256.6764741885421,-505.01341697834727,-1390.1125234501726,-572.6467228643875,-0.0,2153.428206127127,-219.8623021540079,-63.57081789799885,-0.0,-780.5590705946556,-565.221380971362,-1199.2715385813042,-1737.3225535868014,-1962.9030992920577,-0.0,-0.0,-0.0,-0.0,-904.4856632716862,-1496.9543615977755,-0.0,-755.7039879554017,-7.609000333902222,-0.0,-0.0,-0.0,-2271.5475826226366,-692.908942050184,-161.8375307912739,-40.037855131548206,-0.0,-0.0,-1001.9829424697785,-1217.4064598756745,-744.8466185298354,465.363497513212,25.156879094514423,-0.0,-17.836829515408677,-0.0,-1479.317887026637,-484.75383230510505,-1251.5088976840168,-1584.7781368856859,-1470.6055094876558,-36.66645593883913,-0.0,-0.0,-1459.8731866491064,-333.6565647661369,-0.0,-0.0,-206.61494833192376,-0.0,-36.159122918733686,-0.0,-1153.9322272295246,-660.6529176458565,-0.0,-72.17980715266137,616.8483104216176,-0.0,-169.70498780765567,-2085.3848242780737,-0.0,-0.0,-620.165210680026,13.852777413526947,-0.0,-0.0,-734.5884550348246,-1345.393177459935,-0.0,-736.3554134113151,-0.0,-1168.1426252403094,1488.5424820074907,21.765325475455917,-1759.9486425255607,-1422.1754952363574,819.9405822511637,-0.0,-1849.5268482818512,-761.9125624943877,-905.1617345359188,-0.0,-611.7017562882232,-109.18250925007946,691.0468793244222,-337.6475943420821,-1347.6793468301398,-0.0,-0.0,-0.0,-797.7250402900675,-546.8964727544181,-709.9144392787248,-982.3307425778754,-915.9417476262223,-25.79039380007209,-991.4674090291201,-833.2791253433095,-1055.0741697625515,-0.0,-0.0,-479.6408710420769,650.9036443476188,-5961.221121984519,-0.0,-1136.1441359498265,-1795.75100478233,-715.7784852234181,-681.8730871340472,-54.92372063974257,-2099.846475059019,-304.96915145309686,-0.0,-917.9087903959843,-828.2696084571068,-576.5361209051182,-0.0,-1350.3178219176234,-1872.8682219830603,-22.755948304954302,-1004.2648622360371,-2101.1757756578786,408.53784114672953,-0.0,-407.9469352937694,-147.76799429826582,-1226.3287979787656,-821.8741649117302,88.30187230348506,-114.48521487992308,-713.2194496388701,-446.98384202655797,-501.2443945889633,-591.744957155813,-455.78035308931726,-0.0,-1195.4316548833083,-0.0,-1082.2726691909018,-677.0025674702538,-152.8114507262221,-0.0,-1619.0722437836469,-4397.890545111229,-0.0,-386.94207298921907,-0.0,-2019.4273698068619,-228.17403332708852,-0.0,-375.6711972854375,-375.4553517666735,-0.0,-2143.369012821218,-1464.8792865030243,-0.0,-3892.173538928982,-113.51151981488853,-1186.7357608712239,-1238.9899109967673,-1426.4917892676328,-89.4607518527463,-0.0,-824.4926957927678,-1858.972499564396,-474.70470038450543,-805.1821741835707,-995.8389501053067,-1512.2596546888803,-2103.0628568018496,-716.278059299148,-1841.31876458007,54.627289143101194,-0.0,-278.97386706798477,-1239.0114469818006,-1089.872703782872,-0.0,-0.0,-0.0,-386.53058339642894,-437.0314261280933,7.001986762634753,-514.3519073582534,-0.0,-1111.6865686964554,-678.474987238124,-531.3097849359515,-0.0,-0.0,-284.52579684148407,-1628.411938018541,-795.4558307052358,-245.5487667440919,-845.9401854254946,-32.415432674093026,-0.0,-0.0,-2457.250680223476,-1056.2986905513235,-0.0,-0.0,-0.0,-66.91113094641138,-830.8555844504876,-43.62961780878169,-1503.101001361155,-1370.5650165700492,101.1332574142041,-0.0,-560.3568343409142,-0.0,625.6543017525587,-114.84258748868713,-0.0,-1452.7946448428995,-288.8664470425433,-1790.2636911541153,-0.0,-1464.8107767633649,-576.5957868441836,-175.30288137862217,-10.901471944211783,-30.27012105062951,-0.0,-0.0,-681.156683022919,-1128.1077805105854,-0.0,-535.4567662204332,-0.0,-328.5530358763086,-493.47358369412325,-0.0,117.16764107364179,611.508471670053,702.0292089913391,757.205690921748,745.251974906191,688.247556270913,-0.0,-0.0,-0.0,-0.0,-0.0,64.1947300841026,-0.0,-0.0,-560.0361294345684,-144.6277720590636,-406.471100540018,-70.45141408658402,-0.0,-985.4210126425877,-1319.8223219205427,-1813.1135086072882,-213.31689163795946,-173.82873205240685,-0.0,-0.0,-539.6206854327144,-0.0,-0.0,-0.0,-0.0,-2386.5300948652753,-0.0,-36.505608594104636,766.1260950571443,-0.0,-910.299135648097,-536.5822691506423,1295.1177155158887,-861.2225208421027,-0.0,-2600.943542965637,-1998.7435858911638,-174.19903601291406,-702.2697328394406,-1075.2157737757352,-473.7880512695468,1045.3147773578194,-73.85781967175073,-519.0412013898687,-0.0,-0.0,-418.65113003445987,-0.0,-765.4710876205766,-0.0,-398.1418910239597,-33.00762785645866,-0.0,-0.0,-1014.3820821607392,-0.0,-0.0,-493.4335471521747,-1039.9777866190693,-1797.0128912640453,-0.0,-0.0,-0.0,-1600.5603854045492,-0.0,-912.0901179044713,17.66074057372308,-0.0,-0.0,-1011.3122891612369,-885.7020014596927,-1088.0593959389012,-360.0137207621569,-0.0,-1203.8005442286599,-249.49689436990536,-0.0,-0.0,3.620616086497606,-34.899704222041095,-3957.088599746919,-0.0,-107.28641012014783,-23.945314668458174,375.5751317201378,-68.02627039658545,-884.4866716798815,-809.8709380185045,-410.61352315007207,-0.0,-0.0,-1646.4885001635862,-0.0,-0.0,-0.0,-0.0,-0.0,-0.0,-0.0,-128.15664370397963,-0.0,-0.0,-1604.3017751805105,-5961.722795680557,-115.31526008696937,32.91649943689782,-333.79324478252636,-619.944875949918,-101.96436678558094,-3700.6921377012745,-207.52348470591036,-272.30371860559814,-0.0,-0.0,-0.0,-1501.645604134702,-0.0,-33.053892450033366,-0.0,-0.0,-0.0,-410.40746652916386,-10.39913758706937,-213.0988032392991,-1127.1966962140496,-564.6679464280817,-62.457511338215966,-2140.854347344467,-0.0,-70.94671310339356,-2000.5868273085287,-0.0,-1139.6938150162541,-71.86418739906722,-1273.3090194348006,-0.0,-0.0,-910.825676103956,-583.2682087535263,-30.60890849946006,-817.2151443588482,-801.2773050810854,-629.052605762228,-136.16175653820707,-672.5267631768821,-641.682659547569,-1966.4523389192673,-833.5843532049314,-0.0,-1346.774662694138,-347.62302895953326,-566.2835064390921,-0.0,-0.0,-966.7013679545516,-2066.628696119047,-798.8160021533879,-0.0,-0.0,-0.0,-3302.5290423307874,-759.2297224499362,-149.96726040359766,-301.8173064397801,-33.38868286427216,-3333.0804377143436,-0.0,-0.0,-2070.9524372578617,-757.66356427114,-0.0,-0.0,-0.0,-69.32440553558703,-0.0,-1631.2380449041432,-1565.730393515139,-0.0,-307.2407822586408,188.3151958173456,-0.0,-0.0,-0.0,-960.7520869115532,20.446609420537875,-2183.7221680071516,-571.3222772385126,-1052.9917142456775,-671.0098434797455,-2834.007591754584,-1488.57163719561,198.0363153663083,-0.0,-2605.707145398711,-0.0,-0.0,-0.0,-1105.2756202510222,-629.6608564803688,-1573.5646762981416,-0.0,-0.0,-731.019737271584,-1319.2626317650595,-566.3765968199226,-453.98284009863426,-0.0,-0.0,-1067.4161497138634,-0.0,-0.0,-0.0,-0.0,-0.0,-0.0,-483.202466892598,-67.3632115819111,-1358.0871358560084,-0.0,-608.0768143622705,-1077.2669609887694,-30.358996174786547,-0.0,-0.0,-0.0,-0.0,-0.0,-0.0,-0.0,-0.0,-0.0,-0.0,-1091.5503451637544,-1532.8904160860598,-0.0,281.540410327482,-0.0,-572.857020522751,-85.3485891776355,-0.0,-762.1645606370778,-344.76255697418304,-85.85043334313917,-1681.9190124687048,-435.13045209695935,-2313.895038914454,-150.32594377401765,-1866.9986027146688,-1462.768252999304,-767.5760715112236,-3.740629218932347,-0.0,-1016.0052426896448,-1804.1431231438878,-1995.1189513820582,-74.92901016643593,-195.76078778865073,-1596.947626033113,-0.0,-1933.5945980158008,-313.2426474238232,-0.0,-1541.0648884002464,-0.0,-790.7445760231517,-0.0,-2426.1105257021263,-0.0,-0.0,-68.43509901865123,-928.0013512689926,-429.0463637458679,-0.0,-1178.9210175972198,66.62867168387348,278.9240841224699,312.3314483420528,-245.04612178450955,-1465.5053642992627,-502.247405798007,-0.0,-0.0,-4906.826970482074,-979.2188771592315,-0.0,392.4113258090704,-0.0,-1744.4669078910852,-437.5811689738892,-566.7679025313797,-0.0,-0.0,529.056339947958,-0.0,-831.4158389292077,-1074.1705151832075,-1627.9405614946927,-0.0,-587.4463778660628,-2531.2176531321657,-839.9152860066872,-0.0,-1186.956899659025,-125.269495697131,-1007.6355966134786,-0.0,-751.0343813766104,-0.0,-0.0,-0.0,-762.9744022093698,-0.0,483.6449428566518,-0.0,-318.01199908182986,-653.879059601223,-404.51208589980854,-965.0798478731319,-495.4616106157343,-1810.1643653209808,-1077.7321917565262,-0.0,600.5903680756049,-2080.7845962269294,-1467.299301009208,-591.224754374201,-0.0,-0.0,-0.0,-127.69682546819178,-1055.5528211070196,-257.3117617553545,-820.7699480999117,-1766.2764096090498,-2237.6300390732895,141.87700462410928,744.1426785464666,635.699551471293,-0.0,-0.0,105.55024996099301,-28.147557192681614,9307.191497565369,8665.495029368252,4546.505368730713,8645.397384575366,9249.026173442966,9521.393772050948,-0.0,-0.0,-0.0,-0.0,-0.0,-1209.304598648431,-1071.380745027276,-710.0876801474617,-0.0,-2362.8276833861464,-559.8548622199994,-1006.6631660729748,-27.175444552202272,-754.2784076523579,-1092.6313246210623,-921.0265574922727,-1112.9733728037481,-0.0,-2283.897150120609,-1564.1790953413802,-681.5966025071158,-106.41834226996403,-2999.3888141742855,-0.0,-209.5184018989249,-0.0,-10.09793182886725,-0.0,-117.4578872947653,-258.8919271601017,-891.8540837391304,-744.1049635142506,-0.0,-0.0,-0.0,-2061.35289740966,-0.0,-0.0,-233.26730694588358,-881.5512919089664,-803.4652388691339,-80.6692367665435,-1034.9177888358329,-1679.7080288550007,-297.33732655180034,-0.0,-0.0,-108.5388808938139,-1030.9586799793583,-304.57717638118424,-0.0,-4705.59887802511,217.3343837683891,-0.0,-0.0,-0.0,-27.693776098151226,-372.76108948558374,-0.0,-0.0,-1072.0817636684546,-1803.0766013392263,-1192.9815004608972,-350.64703317380753,-354.3610124327777,-368.17357762013563,517.9822751502307,-1126.546416786196,-0.0,-476.1097190239929,-2386.515686224016,-498.3464906279131,-6.998718554590606,-0.0,-4.640193757122559,-0.0,-0.0,-0.0,-1020.7772293789016,-373.3325378964292,-1335.2990529284068,-0.0,-0.0,-0.0,-214.67200199587074,-525.8406821401657,-1309.2282166305504,-2902.7634398763194,-299.0304635349987,-183.8229407383676,-0.0,761.8235436871681,-0.0,-1052.309037117229,-148.57908441126887,-0.0,-0.0,931.4945460004114,-0.0,-1525.680488303747,-0.0,-0.0,-0.0,-182.6139432353081,-1848.8592467120754,-1553.0780117974682,-26.76788343505933,-2206.208828223486,-1282.9965473280067,-22.711715133734753,-24.488911009861475,-62.14490697618588,-0.0,-0.0,-1784.2235175724827,-0.0,-5110.396964139211,-0.0,-1168.1580654143506,-229.13195729048886,135.95398751414368,-0.0,-50.78359877884554,-1123.635130553789,-1394.5815980703842,-497.16479398768183,-29.378612462640284,-222.9951568879787,-0.0,-0.0,-0.0,-0.0,-991.3460971020597,-765.3485972598198,-0.0,-519.0554044202734,-1114.5547725154006,-161.7112553907501,-71.84588148741238,-0.0,-0.0,-0.0,970.9142492707068,-3.316533692091525,-0.0,-505.70916360233764,-774.9210822919975,-1242.8200088441442,-0.0,-0.0,-1815.6503606205847,-0.0,-0.0,-0.0,-0.0,-593.0435020335341,880.6358498189477,983.2254626464212,1075.3010932729696,-0.0,-0.0,-0.0,-526.0898549000026,-0.0,-0.0,-331.41756069261635,-551.0091670599369,-0.0,-193.37244055099677,-1188.8470084258179,-1101.941247395196,-0.0,-0.0,-0.0,-10.404309773520774,-1348.3346086400236,-3.8581118370781606,379.23458121093927,-0.0,-1458.2294532077794,-681.6362005124276,-470.66370377156846,-1679.329931897169,79.45337692803544,-260.34557157626534,-16.560568230763767,-380.8027177530972,-329.78728202492186,-876.4299573282154,-313.9345514403988,777.3475982933946,-1286.6298524813799,-202.46129340067077,-152.3088385193887,-3449.517490645904,-2537.2153258670382,568.0680497048006,-875.6979968158048,-181.30758365283094,7.491399050773354,-725.9759775975056,-1033.1873185299085,1586.951318968821,-542.5274322964798,-604.2570499537562,-619.8161068889639,-0.0,-6135.443711469031,-0.0,-414.44676375094485,-777.8849523362056,-552.6010772993736,-830.7806436621098,-1021.743479567467,-0.0,-925.2664863066144,-145.78792665968936,-75.17110671367,-5619.215298274114,528.5942308915954,-177.165424379306,-0.0,-490.6366182909047,-1132.7185117799797,-0.0,-0.0,-419.45867077805076,-1360.8579675247254,-75.20094848964509,-202.4633485347511,-241.804787890334,-953.07022122537,-0.0,-0.0,46.67559083200971,-0.0,-0.0,-1570.9786423175358,-0.0,-1498.0389335601617,-786.2586298510073,-1072.5633432718248,-0.0,-0.0,-439.93532033364795,-776.5395150795796,-123.39028683354634,-0.0,-403.2762178060628,-132.82101670917402,-460.06696184594136,-0.0,-173.03174684275544,-434.65802034248685,-1932.8323253110352,-855.155462906129,-1467.7647121401035,-0.0,-0.0,-1228.989931890589,-18.727588706056785,-0.0,-0.0,-1002.823443543325,-0.0,-0.0,-0.0,-0.0,-0.0,-0.0,-0.0,-0.0,-0.0,-0.0,-88.0811386122855,-0.0,-0.0,-0.0,-0.0,-0.0,-0.0,-0.0,-0.0,-0.0,-0.0,-0.0,-299.19364492144996,-0.0,-0.0,-0.0,-0.0,-0.0,-0.0,-0.0,-0.0,-0.0,-0.0,-0.0,-0.0,-0.0,-0.0,-0.0,-0.0,-0.0,-0.0,-0.0,-0.0,-0.0,-0.0,-0.0,-0.0,-0.0,-0.0,-0.0,-0.0,-440.2401670232983,-0.0,-0.0,-0.0,-0.0,-0.0,-0.0,-0.0,-0.0,-0.0,-0.0,-0.0,-0.0,-0.0,-0.0,-0.0,-0.0,-0.0,-0.0,-0.0,-0.0,-0.0,-0.0,-0.0,-0.0,-0.0,-0.0,-0.0,-0.0,-0.0,-0.0,-0.0,-0.0,-0.0,-0.0,-0.0,-0.0,-0.0,-0.0,-0.0,-0.0,-0.0,-0.0,-0.0,-1172.278829275644,-460.5466991015245,-1499.7321651112095,-0.0,-0.0,-0.0,-0.0,-0.0,-0.0,-0.0,-0.0,-0.0,-0.0,-0.0,-0.0,-0.0,-0.0,-0.0,-0.0,-0.0,-0.0,-0.0,-0.0,-0.0,-0.0,487.88547465390366,-0.0,-0.0,-0.0,-0.0,-0.0,-0.0,-0.0,-0.0,-0.0,-0.0,726.6836290720765,-0.0,-0.0,-0.0,-0.0,-0.0,-0.0,-217.36762049797275,-0.0,-0.0,-0.0,-0.0,-0.0,-0.0,-0.0,-0.0,-0.0,-0.0,-0.0,-0.0,-0.0,-0.0,-0.0,-0.0,-0.0,-0.0,-0.0,-0.0,-0.0,-0.0,-0.0,-0.0,-0.0,-0.0,-0.0,-959.2885107708984,-0.0,-0.0,-0.0,-0.0,-0.0,-0.0,-0.0,-0.0,-0.0,-0.0,-0.0,-0.0,-0.0,-0.0,-0.0,-0.0,-0.0,-0.0,-0.0,-0.0,-0.0,-0.0,-0.0,-0.0,-0.0,-0.0,-0.0,-0.0,-0.0,-0.0,-0.0,-0.0,-0.0,-0.0,-0.0,-0.0,-0.0,-0.0,-0.0,-0.0,-0.0,-0.0,-0.0,-0.0,-0.0,-0.0,-0.0,-0.0,-659.7856645922284,-0.0,-0.0,-0.0,-0.0,-0.0,-0.0,-0.0,-0.0,-0.0,-0.0,-0.0,-0.0,-0.0,-0.0,-439.85129693513284,-0.0,-0.0,-217.45005610696091,-0.0,-0.0,-0.0,-0.0,-0.0,-0.0,304.9490922993711,-0.0,694.2004909334191,-0.0,-0.0,-0.0,-0.0,-0.0,-0.0,-0.0,-0.0,-0.0,-0.0,-0.0,-0.0,-0.0,-0.0,-0.0,-0.0,-0.0,-0.0,-0.0,-0.0,-0.0,-0.0,-0.0,-0.0,-0.0,-0.0,-0.0,-0.0,-0.0,-0.0,-0.0,-0.0,-115.19645001554164,-0.0,-0.0,-0.0,-0.0,-0.0,-0.0,-0.0,-0.0,-0.0,-0.0,-0.0,-0.0,-0.0,-0.0,-0.0,-0.0,-0.0,-0.0,-0.0,-0.0,-0.0,-0.0,-0.0,-0.0,-0.0,-760.2222347776885,-0.0,-0.0,-0.0,-0.0,-0.0,-0.0,-0.0,-0.0,-0.0,-0.0,-0.0,-0.0,-0.0,-0.0,-0.0,-0.0,-0.0,-0.0,-0.0,-0.0,-0.0,-0.0,-0.0,-0.0,-0.0,-0.0,-0.0,-0.0,-0.0,-0.0,-0.0,-0.0,-0.0,-0.0,-0.0,1193.7205319855705,-0.0,-327.1168305841499,-0.0,-0.0,-0.0,-0.0,-0.0,-0.0,-0.0,-0.0,-0.0,-0.0,-0.0,-0.0,-0.0,-0.0,-0.0,-0.0,-0.0,-0.0,-0.0,-0.0,-0.0,-0.0,-0.0,-0.0,-0.0,-0.0,-0.0,-0.0,-0.0,-0.0,198.5918367560155,-0.0,1885.2985766690401,-0.0,-0.0,-0.0,-0.0,-0.0,-0.0,-0.0,-0.0,-0.0,-0.0,-0.0,-0.0,-0.0,-0.0,-0.0,-0.0,-0.0,-0.0,-0.0,-0.0,-0.0,-0.0,-0.0,-0.0,-0.0,-0.0,-0.0,-0.0,-0.0,-0.0,-0.0,-0.0,-0.0,-0.0,-0.0,-0.0,-0.0,-0.0,-2007.4596737358602,-1284.5899898627315,-0.0,-0.0,-0.0,-0.0,-0.0,-0.0,-0.0,-0.0,-0.0,-0.0,-0.0,-0.0,-0.0,-0.0,-0.0,-0.0,-0.0,-0.0,-0.0,-0.0,-0.0,-0.0,-0.0,-0.0,-0.0,-0.0,-0.0,-0.0,-0.0,-0.0,-0.0,-0.0,37.00156778039196,-0.0,-0.0,-0.0,-0.0,-0.0,-0.0,-0.0,-0.0,-0.0,-0.0,-0.0,-0.0,-0.0,-0.0,-0.0,-0.0,-0.0,-0.0,618.1913314204207,-0.0,-0.0,-0.0,-0.0,-0.0,-0.0,-0.0,-0.0,-397.0593853632547,-0.0,-0.0,-0.0,-0.0,-0.0,-0.0,-0.0,-653.2261982451381,-0.0,-0.0,-0.0,-0.0,-0.0,-0.0,-0.0,1955.6281957130122,-0.0,-0.0,-0.0,-0.0,-0.0,-0.0,-0.0,-0.0,-0.0,-0.0,-0.0,-641.0230792440648,-0.0,-0.0,-0.0,-0.0,-0.0,-0.0,-0.0,-0.0,-0.0,-0.0,-0.0,-0.0,-0.0,-0.0,-0.0,-0.0,-0.0,-0.0,-0.0,-0.0,-0.0,-0.0,-0.0,-0.0,-0.0,-0.0,-0.0,-0.0,-0.0,-0.0,-0.0,71.25540347254451,-0.0,-0.0,-0.0,-0.0,-0.0,-0.0,-0.0,-0.0,535.6705349164007,-0.0,-0.0,-0.0,-0.0,-0.0,-0.0,-0.0,-323.9045102227552,-0.0,-0.0,-0.0,-0.0,-0.0,-0.0,-0.0,-0.0,-0.0,-65.60663355436571,-0.0,-0.0,-0.0,-0.0,-0.0,-0.0,-0.0,-0.0,-0.0,-0.0,-0.0,-0.0,-0.0,-0.0,-0.0,-0.0,-0.0,-0.0,-0.0,-0.0,-0.0,-0.0,-0.0,-0.0,-0.0,-0.0,-0.0,-1773.5434031993998,-0.0,-0.0,-0.0,-0.0,-0.0,-66.29136324588794,-0.0,-0.0,-0.0,-0.0,-0.0,-0.0,-0.0,-0.0,-0.0,-0.0,-0.0,-0.0,-0.0,-0.0,-0.0,-0.0,-0.0,-0.0,-0.0,-0.0,-0.0,-0.0,-0.0,-0.0,-0.0,-0.0,-0.0,-0.0,-0.0,-0.0,-0.0,-0.0,-0.0,-0.0,-0.0,-0.0,-0.0,-0.0,-0.0,-0.0,-0.0,-0.0,-0.0,-0.0,-0.0,-0.0,-0.0,-0.0,-0.0,-0.0,-0.0,-0.0,-0.0,-0.0,-0.0,-0.0,-0.0,-0.0,-0.0,-0.0,-0.0,-0.0,-0.0,-0.0,-0.0,-0.0,-0.0,-0.0,-0.0,-0.0,-0.0,-0.0,-0.0,-0.0,-0.0,-1337.0101989441707,-0.0,-0.0,-0.0,-0.0,-0.0,-0.0,-0.0,-0.0,-0.0,-1668.194492608434,-0.0,-0.0,-0.0,-0.0,-0.0,-0.0,-0.0,-0.0,-0.0,-145.4198962218942,-0.0,-0.0,-0.0,-0.0,-0.0,-0.0,-0.0,-0.0,-0.0,-0.0,-0.0,-0.0,-0.0,-0.0,-0.0,-0.0,-0.0,-0.0,-0.0,-0.0,-0.0,-0.0,-0.0,-0.0,-0.0,372.3695752584481,-0.0,-0.0,-0.0,-0.0,-141.97360338922087,-0.0,-0.0,-0.0,-0.0,-0.0,-0.0,-0.0,-0.0,-0.0,-0.0,-0.0,-0.0,-0.0,-0.0,-0.0,-0.0,-0.0,-0.0,-0.0,-0.0,-0.0,-0.0,-0.0,-0.0,-0.0,-0.0,-0.0,-0.0,-0.0,-0.0,-0.0,-0.0,-0.0,-0.0,-0.0,-0.0,-0.0,-0.0,-0.0,-0.0,-0.0,-0.0,-0.0,-0.0,-0.0,-0.0,-0.0,-0.0,-0.0,-0.0,-0.0,-0.0,-0.0,-0.0,-0.0,-0.0,-0.0,-0.0,-0.0,-0.0,-0.0,-0.0,-0.0,-0.0,-0.0,-0.0,-0.0,-0.0,-0.0,-0.0,-0.0,-0.0,-0.0,-0.0,-0.0,-0.0,-0.0,-0.0,-0.0,-0.0,-0.0,-0.0,-0.0,-0.0,-0.0,-0.0,-0.0,-0.0,-0.0,-0.0,-0.0,-0.0,-0.0,-0.0,-0.0,-0.0,-0.0,-0.0,-0.0,-0.0,-0.0,-0.0,-0.0,-0.0,-0.0,-0.0,-0.0,-0.0,-0.0,-0.0,-0.0,-0.0,-0.0,-0.0,-0.0,-0.0,-0.0,-0.0,-0.0,-0.0,-0.0,-0.0,-0.0,-0.0,-0.0,-0.0,-0.0,-0.0,-0.0,-0.0,-0.0,-0.0,-0.0,-0.0,-0.0,-0.0,-0.0,-0.0,-0.0,-0.0,-4680.671059195767,-45.50406131964156,31537.90501721498,-3160.803457516583,-3935.3681994500744,64017.10405845118,-0.0,-5829.687717381669,775.1438679314214,1853.7554059481881,-21299.92237671076,-0.0,-4117.699625881646,-0.0,-0.0,29640.612919067044,-9767.223111404435,3351.7327293620606,5534.916123285345,-3967.9179392388164,-23929.983238645993,-7728.582855066259,45.22124227095894,-79.3135709233907,-5425.758471328575,-0.0,-11664.704925799444,-16214.729252996853,13698.725996168301,-506.6077793257573,7.014410866923225,41337.263679416545,-2799.500719775125,-105172.86606220507,-2489.6216624232707,-20212.809660030944,-16830.46479888328,-5595.383810094073,-5422.357189977974,-13057.728908144538,11176.159923621162,-2182.4851354770594,-3668.0223866439674,-3274.5446509403055,-9938.662811269529,7323.157556030257,33540.884976234265,-893.2427580206191,61.8348365241685,18989.628322701843,4734.481885283855,-494.99222984974654,13058.993082267452,7329.059297821663,-5106.3638182919585,-6482.350359038911,-3432.053784629919,311.3644892000628,-0.0,-0.0,-237.69468065816787,-7230.169950609442,-3094.3752970536775,-2708.2865518431427,-1549.471181225922,-4102.161838714444,9745.41644646306,3249.1693806810795,-7441.7755672223875,17729.75367686758,-17885.8382793468,-30816.74673923787,61423.46676995184,-20382.19169303345,-8234.720304308117,-1946.6056475362693,-3293.3778567087575,-5371.791575029148,-4194.242142966107,-29376.26135081372,-0.0,-12080.293124680882,-0.0,2708.9043619269833,-0.0,-0.0,-12539.656344973593,-1081.0035475614245,-0.0,-0.0,3559.861464637245,-0.0,-0.0,-0.0,-6238.39032855172,-4087.0383861131577,-6595.1664558971215,-6537.867700927553,6942.926295699543,-0.0,-26360.231249828677,41389.54375640141,-0.0,-0.0,-18005.354175875327,-9328.493553927057,167.13772673101457,45.11407864196443,-0.0,48168.69185865641,-0.0,-0.0,-0.0,-0.0,47093.1086742368,-919.3045557031759,-0.0,-9946.043131814158,-0.0,-5457.522132293566,-1186.9770342482486,-2892.9808985003547,-14144.607210885524,11131.411724048461,-1321.3499990451555,-8312.886241947672,-0.0,-0.0,-4468.999616086875,-6177.046202712625,-9237.757592674272,51642.02183104419,-0.0,-159.57946403017567,11497.665170146729,2890.699006821647,-1759.5547470050874,619.1270023426597,4726.104608394567,-3311.069113690803,-72.70972985078531,-15954.836512808222,394.4283456968346,12045.255010773575,-717.1487113934255,11345.988825212018,44896.97862681734,2756.8634744713218,-59.80854634176635,8360.588479609625,-1848.7380590247685,-6892.580892076588,-9079.222445060168,-13097.707937286114,-0.0,5809.923926976003,17780.97020114906,19304.273029292828,-8678.63358160011,6598.487985927816,7885.592108577939,-7279.014516176638,14299.061084123627,-12749.656710946843,-0.0,4084.2859731828357,-10871.899175951512,-14162.397391713877,-7694.598134998182,22714.490560393235,2840.415145075668,-0.0,-5443.782791816318,-0.0,-2461.9186378149293,86.4204047917775,-3604.6050957362063,-0.0,183.2997048331218,-218.70359334199986,-19496.83248074965,-11342.02713255557,19619.870422651726,-6162.72371277752,3153.8946919203695,5044.998820439158,-5827.070350783493,-4720.887731424002,-10291.487610390777,-0.0,-1892.8047926272682,-1593.7643181207038,-0.0,1136.6776123398333,-325.5872680977666,-0.0,-0.0,-13039.861812032623,-3185.8459441530213,2650.6179399827515,-4323.337227527358,-0.0,-0.0,-0.0,49180.5755612914,18023.126086291086,-0.0,90.31353785703463,10793.767336070523,-0.0,-3853.096202859562,-2154.8594286623565,-0.0,-3883.2837576973525,-8128.124696723684,106907.99140139698,-10760.200811007695,-7800.542865813777,-29908.231629546463,-0.0,1304.815945055784,2632.5474332084004,-8693.032872211808,26506.716568552118,-7237.0017012022245,-35338.46110925903,-12672.257706700353,-8167.463265248891,-0.0,1095.1491035738084,-4295.977123454954,21358.154470696783,-138.58351643099766,-381.1915272349851,-9590.142624813509,-8212.003052697884,26366.85030905698,-0.0,-1902.5225866199721,623.3332615954598,-0.0,-0.0,-0.0,-0.0,-0.0,-0.0,-0.0,-0.0,-0.0,-0.0,-0.0,-0.0,-0.0,-0.0,-1885.2477392970145,-0.0,-0.0,3035.425323286668,-12986.591391523089,-616.8379964384567,-9167.745560537825,22111.630570672853,7175.578962573843,-3463.5088685339338,3045.1593450037094,39090.54791936266,-0.0,-0.0,-3718.104647529262,2850.7485608706693,-6006.373469331011,-7457.028676795564,-0.0,-32.74956838599287,8875.85922513983,-4015.048647833802,-2384.4156427551056,3215.0189368648475,-22271.45229253097,26976.71756991047,-5098.568082515324,-891.154168866563,12052.66297204129,-0.0,-0.0,-0.0,-0.0,-0.0,-0.0,703.647221357814,40939.80961275018,-8902.438662081717,-9736.714879443885,-7886.448762790703,-0.0,-8025.146260680531,-11535.684510554775,-0.0,-0.0,-0.0,404.8301887101994,370.1361748517619,600.0863186027618,2207.5462238993155,-0.0,3490.4632317534074,741.1343181377684,763.270746469779,734.5977982694352,639.0600701939176,2497.2803054849996,1413.2219720108808,2401.755213099078,2160.9180030433517,2354.8851025927024,2542.0312963571223,32284.971482781195,30459.003794141692,35840.95442363547,33339.705761616744,8261.461396158762,7421.038399077745,7625.183687021332,8579.975887079872,4161.212106614294,1768.296144753017,1837.700631842799,1910.3454503007304,1830.1761656244917,1926.8165060366193,4033.6403847834354,3789.268469970712,1295.409475843318,1085.1958381573825,556.5817136708826,355.47268509304826,448.02378386960544,29688.432101587976,28756.236655404886,32113.915574657447,28489.236411068734,50110.60808340842,47391.55195333607,1141.492329607622,1031.1789003909862,1134.588418971586,1089.8256157429194,1062.0498393359678,1107.1971866836332,571.6088874316023,50035.39196022458,44617.89783148514,44175.67428048521,2412.636736510197,2303.576297814181,2486.949635572011,-0.0,7218.028023416392,7723.588947495862,33489.66363900352,29102.43292994916,34188.37024752398,52039.89361365931,50961.33255583129,58071.01887079337,49931.98525535959,2393.58379945528,2062.6067001142164,4429.144529507041,-0.0,17024.05026550902,19285.739321632307,-0.0,1348.7320017231707,1312.4369694620264,1320.733564405885,1282.6406691718798,1280.3301025680278,1297.7673668221078,33697.35838143537,33900.76541410253,31560.91165660128,28851.795398433555,1026.0454999793258,1115.3160451905403,-0.0,-0.0,13023.273350909267,32706.70611893616,28598.344702889928,31887.275413617357,34480.620741545084,-0.0,47659.5256236636,44342.865491807876,906.8355173131737,2013.2535169860196,1925.777965253883,2059.2181744008403,2150.870550893132,2176.2015009426536,50815.81684852056,48854.95819447097,-0.0,-0.0,14059.972026760885,937.0579124478813,31780.866218196843,33330.41442629044,29552.659690175602,30771.156082555914,33679.22788087439,27797.418923379384,-0.0,13981.38417267966,8725.686038236741,-0.0,-0.0,1192.7781211066701,1273.8459705127625,657.8015028895703,733.1868016828857,378.95573252767815,384.14178305078025,-0.0,904.9067833143556,903.5981446774272,962.9817815292132,1107.8242093377894,-0.0,1412.8591403321802,1377.4405354623439,1635.4163926208664,2126.9961165759873,2105.8214253976853,1933.1573989604449,680.1885602990975,766.8588118802321,756.1518805945591,1254.0309002364327,807.4940526633565,871.2650804344307,889.3723904299483,819.6362507957813,7245.174265727012,7239.249361882877,232.52404092203795,228.69304477336266,3078.032878094723,12483.902941531776,1253.2888967167917,1338.5334459510293,-0.0,-0.0,7655.1290289431445,7661.0536358469835,7550.966040330896,6600.943106827758,1761.9891610507034,1745.3617091030899,30890.599772097718,28290.042428678942,8275.31472728311,6159.672885272309,-0.0,44811.66983452863,1703.4716803350013,2013.6421275525088,909.6570280597865,47884.818166153374,48150.008087600465,51156.79259958731,42457.635548505685,181.27798127363738,50097.45428402864,45381.935899857315,-0.0,-0.0,20729.805561057652,-0.0,1044.2154156513775,895.1410578063449,912.1047915024366,1950.398886993791,8251.067376815989,15439.726471043674,1609.855657823682,1554.895285908756,21.0966100766955,601.7947171048125,609.7563217283556,14455.42434823334,1260.758662218865,-0.0,-0.0,-0.0,914.7774897833028,-0.0,956.8932007636582,-0.0,5356.3810199479585,5437.420133711084,4888.586566341712,5057.172077125339,764.4834063210168,-0.0,739.6368841307216,-0.0,-0.0,840.3855970225267,886.0284669692227,919.93138224494,777.7586853234691,687.5850661831882,643.3435608256664,1505.6368485041053,1437.9087751105462,1384.5089452189459,-0.0,2654.372705185119,2324.477695249421,2719.6214178753307,2600.1087451016087,4157.364337151515,43073.23960102976,45175.69541089426,9004.75958263203,18335.3946205981,13125.42720382821,15769.172005107288,1454.119961284902,1751.7788666284328,802.630479717988,737.8204189520018,1922.0938266785452,-0.0,33733.58156853075,29165.965972282233,1234.382753017825,999.5180498309779,1067.268524107689,4772.790176678031,2710.2531359487953,2556.294422140839,29861.706279902395,28249.972443548388,31421.44708123141,36394.343245947544,-0.0,-0.0,-0.0,1981.7525309478817,2114.139561252147,2193.047128274716,7930.546672930686,7582.035863380655,5491.549842079307,2039.6148679106477,2158.7361547045653
4,-0.0,-0.0,-524.5830090291181,-1819.2674070158062,-461.74040511289166,-437.45381076598017,-86.30935841708305,-535.246020382767,-506.94930755597437,-0.0,-1131.7399386765712,-0.0,-0.0,-2311.2604270323563,-0.0,-482.7713804997593,-387.0624350443301,-0.0,-38.83853067881566,-208.86495314436934,-264.0479188467287,-602.9533788733335,-770.411117317094,-633.84021184338,-1855.5462870120168,-544.1210126295246,-0.0,-35.33489536314252,-2495.4972534169333,-1545.4810141413423,-0.0,-0.0,-0.0,-0.0,-0.0,-0.0,97.42046144632359,-178.76947466230556,-1569.1562410972497,-1338.2463834962912,-0.0,-0.0,-118.33906849041628,-461.66932809509785,-145.33307824185053,-0.0,597.8517543813974,-1566.9059788292889,-345.37107126574506,-0.0,-0.0,-235.5450275986748,-0.0,-9.948780403790172,-1833.1560402263337,-2485.083043958616,178.01031184452054,-5089.050190621731,-188.8818091352614,-0.0,-1596.386662565218,-0.0,-587.7484762209438,-2639.9257459957735,-434.86375832442064,-434.2255780731944,-36.89683056543291,-1869.5239021060363,-771.9968665358798,-396.4628358958104,-2464.667177360361,-0.0,-0.0,-2298.2800768030993,-885.2173040629506,-198.9958133261537,-1532.2814929733463,-0.0,-0.0,-1166.707707371557,-1253.7941664826883,-439.325207318073,-3037.0338453809177,3.469240596774966,-23.265297022445843,-1844.385539101079,-0.0,-532.9932601171699,-860.1556048301849,-6.5828639413184895,-0.0,-1162.7942631920596,-74.06691299151241,-696.48909497767,-1870.9210304571275,-35.62975198310191,-2245.175161087876,-371.0296684254713,-1232.5132039668722,-2447.688872234659,-622.90415022535,590.0917196151939,-482.77307509335634,-0.0,-1215.6116555711149,-2044.418401125076,-4084.483652275212,-406.8024934202406,-2680.059303826471,-0.0,-1432.1202302069519,-0.0,-0.0,-478.73097661502425,-0.0,-0.0,-581.3272645479897,-71.85624731346786,-1326.8113628774327,-803.9106586837318,-717.8010615250462,208.46674649919902,-405.8647850512635,-270.1018900047563,-188.0179734775796,-7.202942040053733,-480.50423618931,-541.3482579846498,-672.0904181498353,-0.0,-4324.115744327172,110.89734760378684,-96.17829488714024,-3907.394402807929,-0.0,-923.0259604040068,-56.84885966763826,-0.0,-283.083153601748,-0.0,-0.0,-748.8637949755333,-0.0,-623.2378513842239,-806.193396021039,-0.0,-978.037469679465,-253.19787933111652,-561.4208816633832,-1893.734857238026,-0.0,-1494.594675240895,-1051.9851282250627,-0.0,-0.0,-0.0,-0.0,601.9258932144237,-0.0,-1444.6551015040682,-1541.4466305436597,10.020526615762197,-0.0,-0.0,-608.7017907898085,-482.29386935275176,-677.6636744374227,-0.0,-388.02470022654035,-2705.082858975764,-937.9613349256123,-0.0,-1077.7594881831922,-2214.678419865811,-0.0,-0.0,-0.0,-0.0,-0.0,-0.0,-448.3695213718447,-548.38075334323,-209.8852164603576,-178.42335658505021,-1206.9956470824752,-47.079425557978794,-0.0,-0.0,-639.8750983777747,-0.0,-501.9429431052279,-25.898925049630066,-3.838124611119997,5.2655609923074955,-0.0,-0.0,-1068.8422820332678,-383.53193925461625,-423.89366649442064,-0.0,-3067.7803322079067,-1804.5914397220129,-932.5716391627685,-0.0,-0.0,-2000.1951640849377,-1321.5853486450392,-592.6397859127026,-76.35435670893943,-1531.2480640352953,-1276.8938008592088,-0.0,-0.0,-1516.4263644802475,-0.0,-713.1245575015273,-1160.0057613894214,-123.80626052888609,-375.9121570592202,-540.5665939775416,-511.0350746444146,-0.0,-1381.6240323060795,-0.0,-3029.3362600139358,-2561.3032426311142,-167.4284943201731,-360.6606138826063,-425.7793922756962,-0.0,-256.485251211094,-237.78476942857554,-0.0,-974.6598301054507,-622.8997459511208,-1013.4770562007176,-1423.7662202886115,-839.1529789040178,-1943.1815369042595,-1895.3810034565736,-2206.208582849348,-2015.0012176867776,-928.0885548100521,-1940.3151031247992,-463.48122140671836,-532.665308298267,-0.0,-1095.7318460457343,-983.2288107813737,-903.9791582665423,-374.7925406261445,-360.59592761481787,-1844.3775793248392,-703.3470887122584,-376.1793318050069,569.5706582839332,-0.0,908.9701578132119,-1242.0213634800425,-0.0,-0.0,-0.0,-0.0,-0.0,-0.0,-1166.3184827353707,-2487.3290587744486,-452.74285525379713,-889.0971676517075,-0.0,-0.0,-1670.1201156795644,-1092.6303763951814,-1899.7403475940923,-0.0,-0.0,-125.58737490570968,-53.0797769576617,-358.86725272821946,-1691.5192342137955,-455.4807299358571,-0.0,-470.2638358502525,-617.8933914196313,62.11105481613584,-1084.855157213692,-1334.1558329661814,-1209.2919885537688,-1654.3483389579853,-280.0988706833035,-532.7750481349698,-37.894033753294835,-1574.440013932808,-0.0,-765.3808637840629,-149.37656509141257,-76.64176062254064,-530.6190005551492,-0.0,-1954.6061302068183,-116.66248431764339,-618.826268590911,-1437.2876109035963,-1421.6868312394258,-0.0,-520.1781553464713,-699.5874650528568,-23.164145099822324,-228.54279061972719,-457.0104013839005,-50.63544543381016,619.8270462008172,-1073.5560298141804,-0.0,-845.6627538202238,-1397.743645498702,-0.0,-449.5058865568447,-0.0,-1402.9571120789265,-0.0,-0.0,-0.0,-1055.1007165037488,-659.8826924601237,-418.81198578739196,-0.0,-1448.9981641206466,-2795.142034381056,-3351.6514753922324,-0.0,-303.28468043142806,-0.0,-257.1574316238997,-104.49342440533749,225.45000836519148,-522.5285754562987,-0.0,-629.7492621239736,-832.6490941472687,-286.6638361923309,-528.8894090850388,-0.0,-400.66487741424027,-832.3665109058772,-492.9454254881268,27.722027092515987,-2067.755952371461,-0.0,-0.0,-1262.8917911219849,-227.99449062817823,-1246.6217345115074,-86.95039142784282,-116.18449907081876,-197.42251949681804,-555.3709008818374,-910.6468592907905,-1217.7082197127959,-1890.2072604612013,-0.0,-0.0,-364.80176540446627,4485.651052107995,3.9148843303192264,-0.0,-0.0,-0.0,-0.0,-2097.210097307466,-438.5616865525181,-0.0,-895.1542245892047,-836.9124377007215,-673.4433668364062,-2001.5123637558384,-228.73982117685821,-1055.5620788331673,-0.0,-0.0,-1800.3056567723572,-609.5454897426275,-1544.5843632688482,-653.6559320288089,-743.5157594870811,-1656.8408832326525,-199.5027660262173,-1509.935369216248,-989.8396060045061,-28.41972912681457,-923.6267535843405,-1016.5654748121522,-207.11869830637931,-201.79815289971413,-1726.6812939878132,-0.0,-425.30168567160354,-252.79959680292424,-27.75231615146577,-720.7818816972386,-192.5797516638011,-855.3628889641573,-795.3616349961637,-1135.0414208370398,-210.98726090598944,-2276.656279748384,-51.86406900668555,-543.5292107056844,-0.0,-711.9431906916869,-676.6397977504365,-868.8019957107529,-1040.9467149720851,13.072483977361989,-366.4050656373476,-2325.2126284231367,-715.1603266330648,-344.1648734418276,-1023.9758037712942,157.42658829516878,-0.0,-0.0,-0.0,-0.0,-0.0,-0.0,-9.923335399838711,-155.77792579205806,-2072.6344735996004,-4425.99138939608,-441.97266759792205,-881.3630582787807,-124.61798697762093,-479.03521240564095,-1215.7712814115498,-1005.8296776433335,-35.4898234797143,-489.0139428350799,-446.6189864925219,-0.0,-85.40707890904822,-1005.0626468974866,-429.072505459173,-0.0,-929.5140492150224,-0.0,576.520175283566,-0.0,-0.0,-0.0,-36.69513543857318,-0.0,-0.0,-966.3572252681885,-378.78900448140513,-1085.3932192497673,-0.0,-0.0,-0.0,-806.9753289090963,-525.2988876792657,-1194.8347978587103,28.318861536577046,251.41295374953918,-0.0,-0.0,-2788.728307011934,-1111.5262288266917,20.985120504798658,-51.71027614656907,10.459395867111153,-17014.860532162384,-16911.82106152104,-2109.092105908644,-0.0,-0.0,-0.0,-0.0,-394.60385772131,-0.0,-0.0,-551.8346012454055,-2048.834793297063,-1783.4706051168946,-1217.206991738754,-312.4886990361273,-1663.6979102237906,-28.833295683964554,-1171.6760611484692,882.4548502492698,-6.668864159906419,-819.1159709526133,3.523185808448044,-0.0,-0.0,-0.0,-0.0,-144.3541287662192,-0.0,-0.0,-0.0,-835.7772935474607,-1339.9587567790347,-0.0,-0.0,-232.91987949340407,-2011.8254313232771,-0.0,-1282.5863320283067,-1508.9575404465197,-1845.1186800622042,-0.0,-0.0,-94.34008319393013,-78.15902920767712,-935.6356278569973,-1368.3990527673948,-507.1171497395331,-1200.654328685963,-1139.1740691659686,-0.0,-0.0,-0.0,-0.0,-389.7689986946546,-232.75010575852727,-0.0,-0.0,-88.54914461466358,211.20779358364868,-0.0,-1136.5590033020771,-945.3782509978998,-982.7976168645151,-0.0,-0.0,-582.3430110990386,-1100.5334221088665,-682.6104984883158,-376.59651377172435,-0.0,-2020.5748451323104,-2116.464783214715,-0.0,-0.0,-0.0,-0.0,-0.0,-1337.7534068689104,-0.0,-2074.608104862274,-1200.8713459104529,-64.5279323027222,-0.0,-0.0,-0.0,-2483.6113923694725,-1226.4965637907867,-504.75461765080206,-435.94786137375553,-1119.5302494054736,-584.535756291168,-0.0,-0.0,-637.9518544526682,-1264.5338847450157,-64.21609687355888,-432.833302233491,-0.0,-801.2145056444856,-610.7646785533317,-1662.7679955194385,-0.0,-292.1449238730289,-120.9456884324326,-301.83668171198576,-1344.2995504374867,-270.12309195295444,-0.0,-0.0,-0.0,-0.0,103.39869377249406,-135.19060047822776,-816.1114146811975,-1387.365635289122,-1044.070506761711,-414.17701813222743,-538.870910905273,-5455.102953764615,-761.6327472783621,-497.79559536676544,-0.0,-0.0,-0.0,-257.58962357089746,-368.0415321478081,-1156.688965946702,-341.4832361557629,-0.0,31.420865076778682,-0.0,-0.0,-0.0,-0.0,-0.0,-0.0,-0.0,-92.53459861195557,1503.1792384004507,-0.0,-1382.2076671265745,-645.8315567159132,-389.09250068450086,-1518.0419713315277,-0.0,-0.0,-621.0952301117139,-633.9969527058378,-104.32367403449439,-121.09333320500913,-128.93526831422085,-572.3122135347642,-146.5090410277534,-1720.5636808412407,-327.2701642595393,-378.2780459520865,-0.0,-0.0,-1373.8986098403357,-2605.3929418073462,25.655437376771697,-477.58320175680456,-334.85184427373434,-845.4551021297063,-1156.824075992343,-697.5243075479896,-267.7789293248391,-152.63724881981466,-1182.6125123363693,-0.0,-0.0,-0.0,-0.0,-0.0,7280.343415333108,-66.71351332229524,-496.1201565056637,-627.044654828681,-996.9834516519719,-1096.3933044713922,-1199.119530255365,-1495.0452817951455,-1725.6364648761496,-407.6459632796539,-0.0,-0.0,-1379.4679748332746,-0.0,-0.0,-284.9320660800068,-1790.6787395957476,-1127.424426098489,-453.60546847967356,-57.683178039818635,-1519.8073389796086,-0.0,-1315.8514079329825,-0.0,-0.0,-0.0,-0.0,-0.0,-0.0,-444.25392370556364,-1204.4927595610318,-976.7754155761555,-77.64853639637356,-225.44769095920108,-556.604972743984,48.68637563107825,-0.0,-0.0,-527.0723664624713,-500.3804883154805,-3669.1297478290803,-0.0,-1162.6833543066184,237.4572282366462,122.7901372768589,-0.0,116.93177920581236,-181.78475598334796,-136.00538140729904,-417.030360016595,-0.0,-1616.291539984213,-0.0,-0.0,-1000.0858827179333,-0.0,2227.2405157423564,2166.8086351215416,2043.990013844998,-0.0,-0.0,-1664.8492505339598,-0.0,-0.0,-318.77387012523974,-851.9978637059739,-680.2924886426745,-831.4890851960168,-987.6267344388948,-0.0,-0.0,-0.0,-0.0,-673.2648270099646,7.869429545732906,-49.84887721763445,-955.522297544289,-919.0790933603727,-343.85875768256955,-1360.0791262631712,-0.0,-1925.6863673115695,-998.2357142433319,-1303.0108871683287,-386.39521355282596,-357.4102765651196,-0.0,-1184.569906635176,-661.0023194508668,-808.231948302785,-1956.341604230041,-523.0345254701688,970.6621338920082,437.2241760908032,-302.3774399758658,-1147.1490670622616,-0.0,-1602.812488528143,-3214.518069781912,-407.68849364112856,-444.02439467801554,-0.0,-0.0,-0.0,194.7444422698746,-327.6281932513972,-481.4349935835509,-136.39374489141193,-437.44420678528,-468.37960527107793,-0.0,-399.3606938105411,-864.1686639715507,-675.7854247000537,-0.0,-1664.6670350726718,-4032.482895779682,-0.0,-0.0,659.2031361937629,574.3960228525392,-0.0,-0.0,-596.9014640875396,-855.4335944441393,-300.84514172451566,-622.369470007356,-0.0,-0.0,-0.0,-0.0,-0.0,-2479.517418834929,-396.67038518022696,-1500.193484240433,-1046.9814359983538,-0.0,-395.46288385262056,-370.79967413044574,-0.0,-204.53839019831938,-637.2467109639042,-1101.311728806159,-3707.866362464621,-72.02631038229701,-0.0,-0.0,314.06732167486126,721.9675331784558,-0.0,-0.0,-348.9222227207729,-0.0,-0.0,-0.0,-2344.5757502962447,-0.0,-495.3314171139565,-0.0,-0.0,1580.348289540548,1980.3031840158835,1888.2769523398438,-0.0,-0.0,-424.87475542761274,788.2761438522746,-2388.695734032221,23.194047566455595,70.56311324683509,-2295.469055769461,-98.86851284072301,-184.0472326293694,-598.1658299549151,881.229503964551,3034.779188100951,-2744.1830292600125,-0.0,-0.0,-884.1026208302059,-1513.6084952488904,-1094.3181886210741,-217.7256315976812,-39.33425991485296,-0.0,-0.0,-0.0,-0.0,-1822.736350977575,281.4185829004223,-0.0,-3.336967331165567,-0.0,-1515.4687834724107,-1881.3448838281738,174.0391552149766,-0.0,-0.0,-349.84118468057676,-0.0,-1545.25167074724,-87.53462838790337,-1059.009463794881,-413.9115761779475,-1086.4779532514258,-607.8097998885455,-1049.5796191477236,-632.6628831120842,-0.0,-0.0,-0.0,-106.76456649872044,-0.0,-0.0,-244.28222826621376,-348.9691132429696,-607.7250299368051,-0.0,-1260.8962660701704,-975.01727776856,-819.5851888267999,-6.772740463885601,-6.922716433894899,255.49464092058145,36.74148033562855,-0.0,-0.0,-11.4043234015702,-1633.6373825601322,-569.2481638368241,-886.5021893662467,94.42853598141134,-2013.5384654998995,-1678.9566846817145,-882.4661478237919,-987.5984758850058,-41.67920308213539,-537.0026578480187,-651.9540598461947,-1163.3047911526012,-1878.706875213495,-0.0,-1880.0359159077755,-139.92970687276878,-0.0,-2306.4136599304593,-2466.14358329057,-2153.4229358670395,1416.0537053452347,-0.0,-1624.1414164827638,-211.57679018589909,-1144.6165631749311,-547.9077062174663,-110.04140902761768,-2030.7582219681885,99.92449812883815,1534.6582107001527,-0.0,-186.1528954469762,-376.74553748276156,-1001.0869494318342,-1086.4436265619581,-1603.3310448792488,-3757.1442560837154,-0.0,-523.5892408654071,-1203.9753087927875,-633.7870458624235,-222.07225742277927,-25.529549434759108,-286.31849690965817,-0.0,-0.0,-0.0,-0.0,-302.9749141513228,-1164.6074405856818,-806.3562814862371,-58.74332373955144,-528.2886127455955,147.31289250748654,-0.0,-0.0,-798.7167387253925,-466.81356166144957,-0.0,-1965.81277285051,-86.83623968361091,-1191.0707194106003,-0.0,-186.44051443706095,-181.42672948629433,-0.0,-0.0,-422.3883936861438,-0.0,-0.0,-3787.517018226425,-176.500927858394,-2292.080333470633,-0.0,-0.0,-100.6202990609701,-1361.2583691603202,-558.091546343952,-344.43734379416736,-1355.9289672774032,-0.0,-631.4594226047361,-0.0,-489.5474946225891,-0.0,-0.0,-182.21245561932471,-76.47464735683353,10.211406497857359,-361.92230959764794,-1304.2153486963518,-1925.8508130023179,-0.0,-0.0,-0.0,-22.971676079271855,-343.61907242267995,-0.0,-1489.8162436987345,-2652.1025068802433,-0.0,-0.0,-52.107257014069354,-1481.4974960332834,107.76733579653308,-0.0,-0.0,-0.0,-0.0,-430.86829016944483,-1943.2685841388193,-187.7689263982529,-1257.7602414826256,-0.0,-0.0,-593.1208415860071,-436.35015544570547,-311.9659027665422,33.994570133155,-0.0,-0.0,-0.0,-771.711295404066,-599.0658151396902,-463.3118870550224,-293.2916268086215,-0.0,-0.0,-0.0,-0.0,-2129.6161236013086,-75.73259379921035,-21.618817032387323,-0.0,-0.0,-615.4144215002157,-333.62249722655565,-0.0,-1731.7127038934127,-4102.265683014218,96.51863592185553,-1075.39415292482,-0.0,-0.0,57.24202801751749,-459.3226645733579,-1671.3912086782882,-471.9759559340839,-2648.6854006863837,-1150.4556193713795,-697.4032774586675,-1307.4798518730854,-0.0,-0.0,-0.0,-33.45342177284363,-1145.8369511565677,-0.0,-0.0,-2751.5763142189185,-73.48753845539522,-1277.005669883157,-708.4854957356952,-0.0,-0.0,-0.0,-0.0,-0.0,-0.0,-644.3704195186762,-0.0,-1438.758928931743,-0.0,62.52949828537015,-1205.4612703375844,-0.0,-0.0,-0.0,-2028.21411199211,-0.0,-0.0,-466.13019809224454,-0.0,-0.0,-953.1417434101619,-525.4599531215011,-0.0,-0.0,-164.3307327869258,-1793.1662878003244,-0.0,-1006.6480836842487,-774.2608452190476,768.7145327076711,-172.64939235616885,-0.0,-515.2586906257775,-2.0225666001226785,-0.0,-19.999151100670694,-0.0,-329.0323219698807,-0.0,-0.0,-0.0,-0.0,567.1213790010706,604.7853579345859,-810.2821478922348,-1451.7819311488215,-0.0,70.64811362066185,-3.643778279432653,-76.45195127726406,-842.5954791515378,113.80711674545066,-490.24390697802284,-371.22231095555196,-169.70439067957435,-3064.725802074727,-0.0,-211.2524299577422,-1624.802196789259,-2271.0734022406436,-0.0,-1029.9177025354813,-1558.9460722536369,-1893.075414944158,-680.237654225595,-0.0,-830.8061355777256,-664.915500098914,-724.2112638571433,-1133.4446823215808,-901.4950599451652,-0.0,-114.33042327555049,-1218.642728201892,-0.0,1083.376159687386,-352.7966392130228,599.9156569786871,-0.0,-0.0,-89.3642674449027,-39.373102828435464,-2182.595350856689,-839.9146627584518,-0.0,-891.020433387338,-2867.3628791025776,-834.9422346860457,-791.199994416704,-1071.4827118417734,-362.8806166414762,10.279655244319025,-36.7080577686589,-0.0,-0.0,-883.8662474964074,-69.25073931062174,-0.0,-0.0,-1772.981211431368,-621.7884570751535,-562.9977855258549,-1757.8294954937885,-87.83376853571082,-16.31403810572635,-2369.361721387189,-817.8941315053775,-565.7261586506013,-953.6918791239206,-0.0,-2010.0343859895206,-400.6884596896516,-1188.7706536759774,-1482.2934725618816,-350.3770751170731,-484.7243681360806,-1571.680174926905,-432.69131890805727,-0.0,-0.0,-0.0,-1231.0021329966978,-0.0,-3106.6900933967254,-1085.0172321567225,-1359.936450533395,-0.0,-0.0,-0.0,-0.0,-0.0,-121.46908114547551,-0.0,-221.6088022856183,-862.1936841668407,-338.96411478462994,-0.0,-0.0,9.87838250719652,-0.0,-0.0,37.29311855628204,-265.2283443288706,-0.0,-497.35171061132485,-0.0,-0.0,-76.94770609761588,-10.609216779301196,-2352.918496129221,-2042.4384742857073,40.46122928158807,-5799.832640372899,-825.643890131472,-530.8429853605504,-0.0,-711.6950468158085,-1260.68317690092,-0.0,-0.0,-0.0,26.27326604003922,-0.0,-1296.6205382091355,-0.0,-1296.0103733136393,-0.0,-0.0,-2145.7128104445355,-337.3723989745611,-577.5395399679585,-0.0,-0.0,-0.0,-0.0,-249.5564862040829,-568.907367073826,1139.7360502648978,911.7820355875704,-638.6200207408372,-7.831091821787388,-0.0,-269.85086565691205,-293.60850865999856,-1583.4142046802906,-502.55169156596577,-106.85663109894328,-929.9339248591884,-1291.714879967374,-840.3119882877062,-555.9947155577576,-0.0,-0.0,-0.0,-65.33143919487843,-0.0,-1545.444883830598,-603.7221830467026,-0.0,-1641.3154572384015,-1021.2624096109987,-0.0,-0.0,-0.0,-0.0,-0.0,-922.1888722684694,-0.0,-255.88611492106045,-1513.264429104846,-0.0,-967.8777959274705,-0.0,-0.0,-0.0,-2385.8725985635315,-1174.9372231781497,-878.7654972276719,-2075.2483840797054,-0.0,-0.0,-0.0,-74.00179117870628,-456.0124993034247,3.4211280477453405,-373.09124827176674,-267.087166792796,-0.0,-0.0,-306.7299004934175,-1384.8876257204392,-3143.330465191917,-0.0,-395.84041845975116,-1109.3694422262427,-381.30088336476445,-433.73659644416523,-0.0,-0.0,-0.0,-1603.0882277600276,-1559.0803392115765,-36.51953148788211,-1528.3219740481882,-519.195799396383,-370.51342397616946,-6.962873359476418,-1120.6146815280736,-0.0,-1816.7940847324455,-0.0,-424.81707864567284,-0.0,82.44326736273361,-0.0,-0.0,-504.7168254416341,-809.0136713375654,-7.314407766800501,-0.0,1074.7624107273293,-0.0,-0.0,-1655.7151705790843,-1486.3666867654383,-984.1363415387362,-0.0,-374.30664040125293,-616.5509937425886,-1391.1033947549197,-0.0,-0.0,100.26880408255522,-670.469954985759,-0.0,-0.0,3.7905158174988265,574.2189122870259,9.960014810868744,-1333.83916538469,-0.0,-0.0,-1503.3328348775403,-1542.6701986941794,-73.8172622417092,-0.0,-148.60587305271517,-684.9883020561347,-913.5013581525735,-1560.8669401106781,-0.0,-855.2867538417738,-5.7949228992332635,-0.0,-1431.4779441346345,-0.0,-0.0,-0.0,-0.0,-599.6886248230991,3.60580241559142,-14.214707023686552,-0.0,-0.0,-512.4213251523175,-0.0,-0.0,652.4246915497167,-978.840475787766,-40.786440582585456,-1947.733608848391,-0.0,-0.0,-491.98670872617976,-0.0,-272.91202010812634,-1079.2981288556443,-937.1152114137051,-956.5363704342202,-0.0,-0.0,1281.4301792749277,-0.0,776.6938082909396,858.7072184801008,-35.38444031220532,-715.9536970511292,-0.0,-0.0,-101.41159372387622,190.6451734830997,-730.2175231362259,-337.80342033060765,-1047.713803949063,-2392.055917897368,-1826.863197023843,-0.0,-0.0,-235.83787541937352,-5076.270006326292,-509.58513903545816,-463.65152203613945,-0.0,-0.0,-520.7311408746469,-0.0,-886.7039491777293,-1273.47025609205,-594.3999518567927,-0.0,-0.0,-47.36656238138051,-0.0,-141.23292456286026,-1119.1183973148645,27.686740626691126,-632.467290561029,-418.1641632354518,-222.88665952963615,-627.9096375441649,-2248.1444497116086,-13.470366398819523,-1093.3023832470537,38.695363213176954,-971.2320950873675,-242.1442015262479,-0.0,-0.0,-182.30582541473214,-0.0,-0.0,-1560.8203974515454,-575.2297270237724,-0.0,-692.5636660141258,-512.0768338051577,-0.0,-0.0,-1437.1744383119471,-705.792199921982,-1316.6132669144067,-1359.7294272850197,-0.0,-88.40202234902395,-2552.084563960415,-863.9769508157023,-283.76245703858405,1476.319385837528,-1556.824865939037,-1158.0047617088321,3.3489218027302377,-754.982219782068,7.016437026510031,-1627.717105750089,-0.0,-2855.6198630970557,-722.3635563964112,-0.0,-1561.5873472316669,-1361.68920127385,-0.0,-180.4713542889841,-756.6650008436162,-902.1339638704051,-1389.5532928889188,-689.514947770272,-420.43985369467765,-521.0817143982852,-0.0,-137.7797441852559,-0.0,-2288.280100252667,14.346294488790486,-2988.8995768174245,-715.7507190428611,-38.69823848529024,-38.49413155534334,-1228.4062790157473,-855.19540085534,-0.0,-432.1235117932569,-0.0,-0.0,-593.3530057688164,-0.0,-0.0,-0.0,-0.0,-0.0,-0.0,-0.0,-670.1578667772467,-425.0206880728896,-2336.032885868785,-2335.931572538314,-0.0,-0.0,-1079.050140843501,-1752.668404730402,-433.9098233636522,-183.9102964106447,21.17427118462102,-0.0,-1215.3081960276677,-0.0,-2216.080471019378,-0.0,-0.0,-0.0,-0.0,-1653.0230930234052,-208.15669508430287,-464.6472820306745,-1025.6022158258706,-1113.8670874957995,-938.023827157585,-660.1691263290029,-1077.2207010739528,-0.0,-0.0,-0.0,-0.0,-574.3968214133904,-393.32170853895593,-1321.9996041734973,-0.0,-653.0967877770191,-4856.217473604189,-573.1262360099887,-702.4100373921618,-3029.4568283396065,-670.0979363664368,-0.0,-455.76906525573906,-456.70985430051894,-1023.6498902020769,-599.9098457101734,-1402.8884625400838,-1472.449419365448,-0.0,-0.0,-0.0,-0.0,-1338.3461362687858,7812.715685442073,5806.322574027346,-0.0,-0.0,-0.0,-0.0,-1893.230285887331,-883.039437496492,-65.80982462247336,-1356.578241653652,-682.550745777859,-0.0,-0.0,-0.0,-0.0,-683.9682654154878,-0.0,-1545.3164977246065,-235.09612748096228,-0.0,-0.0,-0.0,-0.0,-98.98202139593636,-429.769144638548,-382.946197792684,-775.7576251402902,-864.2775824516309,-1032.4426357988825,-847.7176294846845,-287.93423709741006,-1254.5171695632073,-1491.590558122588,-1039.2121975895532,-1482.002727472789,-33.91198845097038,-1128.7062733753155,-857.4773727643218,-801.1190875235549,-1366.0466649919317,-277.1157822676106,-2328.8643498305864,-1510.2561377921008,-1634.733178604718,-548.7101756164276,-469.206555930646,-1080.3692942433074,-0.0,-872.0115307050455,-0.0,-2910.6939141121657,-809.4574374091084,-288.56635867617433,-1467.7144770317013,-1351.2177435172753,-1019.7384260082697,-0.0,-0.0,-0.0,-0.0,-741.2411161246295,-2821.2393904004957,-1532.871896549688,-0.0,-0.0,-906.2746029845478,-0.0,-0.0,-1008.0003528384351,-415.12000741805645,-846.979399861288,-473.92695791160634,478.2631332879312,-1014.1995607828943,-568.8562476785631,-1524.7879332867205,-0.0,1188.3766405123818,-0.0,-0.0,-921.43140390007,-4533.440648561654,-0.0,1311.908900739039,301.89091995969926,-669.968349702367,-208.77162371992424,-0.0,-1551.0519843367224,-914.2341640316015,-2083.6800808458097,-1816.2192713914253,-324.39772929088053,-0.0,-457.83987114951367,-168.70641563904974,-0.0,-1054.8542432781276,-0.0,-1587.6035209591719,-2245.3664317418766,60.109123568227346,-2078.2944166673556,-1741.4325575902385,-0.0,-472.2432889470587,-1199.7760965709015,-2012.8388913636684,-0.0,-365.7772305405485,-2204.8734721787473,-830.1717390264454,-730.9826804326894,-857.6716686336185,-373.52975814790045,-779.0210549179617,-1342.7299801886982,-0.0,-867.1887939535524,97.31658534134633,-1087.5792951704586,-0.0,-451.212156832318,89.11558595064992,-936.9939706270322,-571.607534924059,-0.0,-471.89152590946884,-367.18963861483815,-1611.4069325925702,-1028.3276738116838,-1486.3604621871002,-784.6017540892316,-622.5315489691999,-894.9042490464044,-1735.0526360244403,-20.361711147095,-0.0,-427.02330221449256,-601.7100284759904,-1169.2401863819025,-1843.3767091055863,-302.61441082456366,-619.5008554256628,59.376848782907636,-826.4267772305193,-1047.5631841529269,-806.7272836913838,-0.0,-798.0462899220836,-51.3163926474668,-2146.630550773035,-0.0,-399.040923277686,-794.8944146928385,-455.7912635065666,-2206.9560530028234,-161.2711638056924,-1414.4206695209514,-669.0763788242028,-2179.4909056740685,-0.0,282.8438970051932,-0.0,-0.0,-283.8246079696201,-0.0,-0.0,-3367.2760641493787,-27.439644204935405,-37.04649542280774,82.21150695718474,-1233.4138482885228,-0.0,-0.0,-0.0,-0.0,-0.0,-27.517627462005976,-0.0,-303.2109868089903,-0.0,-294.4200898793412,-1471.3771114353403,483.85601329404784,-2443.382517629597,-0.0,-0.0,-0.0,-0.0,-0.0,-0.0,-0.0,-0.0,-0.0,-2453.421324563503,-0.0,-2519.213848716535,-2603.9603637475007,-33.5309525023591,-0.0,-0.0,-0.0,-0.0,-784.1261460388391,-960.8218001480205,-0.0,133.62625100522683,-558.1801958400596,-1818.383399272659,-583.2267412326597,-0.0,-508.6247883889885,-880.868998185928,-0.0,-0.0,-573.6330190605589,-720.9951769836504,577.5186323206029,-458.6505799921622,24.210540923560142,25.667583802452654,-0.0,-0.0,-0.0,1538.3868217388429,1205.003748418439,1317.596672427543,-0.0,-0.0,-0.0,-684.7035679813117,-0.0,-0.0,-785.2918453876736,-67.01239176130545,-373.413640154967,-51.56196212962452,-984.6561670518555,-687.5264226079548,-1169.8367399556373,-116.09850331793567,-239.4508719230964,-1029.3572193502723,-0.0,-2064.0197011234172,-13.692569612651207,-822.2884650885733,-753.5139519204284,-15.043282050287639,-0.0,-1067.9253822911112,55.307830148469755,-0.0,-0.0,-0.0,-0.0,-0.0,-1288.7817932088092,-3146.0435748918685,-0.0,-598.8000968321846,-55.44542637803334,-0.0,-0.0,-0.0,-414.5222243710655,-23.072041869807943,-0.0,-1132.6901084912065,-615.9954131896384,-0.0,-0.0,-485.27959695527215,-0.0,-0.0,-1497.3996133083872,-1325.4537049420458,-0.0,-766.4862531264049,-1841.0710036252838,-71.88711821804809,-0.0,-0.0,-235.90042543073696,-727.783137627514,-218.20878678902054,-166.3719802798814,-129.91794581134556,-0.0,-0.0,-0.0,-1100.3546398639146,-954.3727672010389,-1952.998990765861,-257.6129765216248,-1196.0793395222745,-97.78971085306749,-152.48577270508562,-450.0873371769132,-1668.112091352444,-0.0,-0.0,-1402.190069466149,-1569.359525318849,-0.0,-0.0,-0.0,-545.0992918858941,-1774.1632728413576,-3057.670807700983,-0.0,48.41057262096176,-170.5102725162539,-587.8725775246168,-541.7617027372207,-1799.5166700020586,-0.0,-1383.183693597594,46.467438786805715,7.688923278745248,-239.67788586743166,-0.0,68.86098941697628,-250.38524694807407,-416.93229177549216,7.48437788735393,-0.0,-0.0,-679.0604681696668,-10.540567287127054,-0.0,-1237.2975705991287,-849.8607124148599,-1092.228941232768,-736.6786310573675,-1135.72967484569,-1382.724883177988,-0.0,-0.0,-0.0,-0.0,-0.0,-336.3341006869804,-560.8182511247817,-1098.6520276947667,-1180.5244697022117,670.7584137480432,-1349.277119656566,1502.446773232411,-0.0,-1934.2197528309314,-1515.6498576270048,-719.9198845279399,-28.346883069025203,-98.13012769903453,-1985.7210024766284,-198.08213798165744,-0.0,130.6852424165244,-860.3507796554978,-0.0,-0.0,-505.57211564002813,-342.65438188497944,-381.5786370417376,-1090.776103841175,-1424.937217667284,-0.0,-1357.5689301552266,-1129.8293078103463,-4130.781528377825,573.076027106294,483.7654639604351,632.3744585239176,577.4072845120048,-0.0,-0.0,-0.0,-0.0,-0.0,-0.0,-0.0,-0.0,-524.600373160264,-0.0,-43.152070161529714,-39.05866985036582,-0.0,-990.4510393008895,-1183.5214733883784,-1741.9707807882035,-0.0,-0.0,-0.0,56.404370401966446,-2922.6742674986563,-567.5972012446974,-2461.599765534897,-1585.6154572009193,-0.0,-0.0,-146.7760536096396,-1149.4830718501094,-0.0,-2031.1825605972945,-623.8028641461963,-0.0,-0.0,-0.0,-1909.9153500194338,-0.0,-0.0,-0.0,-0.0,-0.0,320.9380268515313,-0.0,-0.0,-0.0,-862.398734095774,-0.0,-0.0,-0.0,-0.0,-0.0,-0.0,-0.0,-457.22778654211527,-903.8277439742475,-1226.8691301385345,-1423.3276747693337,-512.7914625929391,-1001.7774204757135,-31.01451907019245,-0.0,-572.6324079114313,-41.418998130129026,-0.0,-0.0,-0.0,-0.0,-735.0374760769863,-0.0,-490.7212559464543,-1186.003278199221,716.2775547432208,583.8038516275734,721.6917174621979,631.1114550234198,656.2502007691447,-0.0,-0.0,-0.0,-0.0,-0.0,-0.0,-375.27164369360975,-0.0,1885.5793679539192,883.5357132519013,1037.4267839491674,-0.0,-0.0,-1176.3248405668671,70.62076037262409,-53.88720768364068,-2023.6710860870662,-0.0,-1511.1544188829023,-0.0,-0.0,-0.0,-0.0,-508.9571299300793,-0.0,-530.7855320457072,-527.8355068302116,-303.0641295106469,-0.0,-12.994733676191894,-0.0,-730.1843082706627,-0.0,-2074.49099357605,-502.12829348425015,1491.3983920336836,-1877.2833255981304,-768.8995560176319,-65.79122349551498,-753.9129585441142,-0.0,-497.14675039395127,-69.47089374307731,-2108.8056916849623,489.30801423705907,82.9274553417095,527.3759119614247,1080.4714666129164,-0.0,-244.81676270272496,-23.066117541782784,-1085.997163001112,-912.1655161117895,-1290.918176499541,-1590.9744356412084,-0.0,656.4054978133656,-0.0,-361.81007234511173,-2408.6583266727584,-1073.6100629827365,-0.0,-1284.7979460391123,-374.05633987097576,-542.7490601119482,-596.4145691598974,-277.1230103513327,-1217.9437925599088,-0.0,-1735.8958241600421,-397.3934326736046,-1265.5849849582712,-301.64924097553006,-0.0,-0.0,-0.0,-0.0,-1072.026213564303,960.417882924495,-927.3688508435741,-633.0314263678348,-0.0,26.29221913142819,-0.0,-0.0,-721.4772692450849,-600.4629959674305,-626.1307407261809,-631.211149797759,-0.0,-0.0,260.50869938237264,238.1446726778558,528.7554775241604,-0.0,-523.1940704305122,-1650.4940282592877,-1120.9613201514358,-3.713484610253974,-1394.1235849716206,-0.0,-0.0,-0.0,-498.7907638599342,-861.8509519393746,-0.0,-1222.0226009480973,-0.0,-2479.7049586417465,-3384.990930766073,-0.0,-19.58714396973123,-0.0,-688.4070783368824,-0.0,-0.0,-0.0,-1832.8656912650315,-897.1083503083754,-534.0046493910635,-698.0341762971639,-0.0,-0.0,-2016.9191172142512,-0.0,-510.7730130594972,928.665765075777,-916.8728046032256,-707.9195913300186,-539.6116807362096,115.80613165175149,-0.0,-0.0,-1165.5660776255072,-0.0,-636.7688206598003,-65.30065408142521,-341.42596636671146,-279.0079710420272,-0.0,-0.0,-195.83839123509742,-595.7759797544722,-924.5559055818751,-500.5675470119348,-934.42463263983,10.060481074238409,-0.0,-116.25382853426825,-1662.694795196657,-1077.7183647644601,-0.0,-0.0,-0.0,-513.1776628887106,-523.0787540449328,-1193.4565733348486,-0.0,-0.0,-0.0,-0.0,-0.0,-1320.1531959756846,-625.877271777385,-0.0,-488.64961584827057,-0.0,-15679.83026914006,-692.8416604505918,-107.88782499846123,-616.2413735323717,-0.0,64.87802043084457,-1040.4671424306339,-2160.822176822048,-0.0,-0.0,-0.0,-666.6873795508274,-416.3104157425936,-879.5592522989842,-830.666693719746,-468.66101439325445,-0.0,-0.0,-1438.9666799287008,-494.1165882712583,-2045.8027454646633,456.4929565795851,-1870.4752600457277,-0.0,-0.0,1533.1231444496038,-1359.77288677969,-0.0,-190.12023244206034,-328.50564064941926,-571.9926677617528,25.098765602329156,-666.7013048739741,-0.0,-0.0,-1054.503628433789,-1254.153257213189,-2563.332648257009,-0.0,-0.0,-1976.9752111981538,-707.0363689700674,-758.0894604213482,-2049.5714339100073,-1375.7747465657715,-0.0,-0.0,-988.0626936050515,-0.0,-66.80388783337348,-1361.7494315066267,-1467.592275816064,-0.0,179.84347002202728,-656.9333567906137,546.298678624817,-213.17442016076288,-216.78137247723558,-0.0,-401.94219776256074,228.16759915689352,291.8031376206876,-340.74724576836036,-2137.413340108819,-1681.1276833240947,-72.96893685908132,-4273.414635932575,-571.9425578628451,-986.8536430826927,-42.73927612334709,-3087.8952058424234,-298.5335959342611,-587.0381567561432,-236.4933565136046,-1637.9876651064615,-939.5158915330499,-2829.9550543684336,-4880.375329615028,-73.13661929784624,-600.0586347228784,-1318.1291353660686,-1073.8770998734183,-0.0,-2898.7415070117136,-0.0,-258.9314164610075,-1525.0417845093732,-1073.720737289576,-0.0,-0.0,-791.2445146434158,-220.39736230799255,-0.0,-1260.1304104482758,-0.0,-660.6441140355762,433.59669652169896,-1998.515242550381,-419.86229863243364,20.730176837611115,-11.586512615719526,-0.0,-1790.0488786967562,-510.5987104998127,-0.0,-120.48705685285917,-0.0,72.71504092657334,-142.71630415997194,-0.0,-357.526407868514,-1215.000325263312,-385.4882656950585,-787.7924894380278,-1711.420695799448,-0.0,-3225.762144321263,-1526.9854988535562,-2461.689368872261,-2044.2018427914516,-74.23056051322042,-208.47533248614005,-502.16153151963766,-1176.0994455934813,-0.0,-0.0,-1032.9704244032969,-162.19865996433433,-0.0,-73.96942024629355,74.00675975881661,-1954.0806307436917,-0.0,-0.0,-1023.7199639398232,-0.0,-77.76926571936087,-0.0,-45.7603754659939,-137.61884949560383,-0.0,-346.4399349082551,4751.006131307955,-0.0,-0.0,-2317.825241598334,-609.673941629741,-202.81491734131254,-0.0,-0.0,-0.0,-504.5319735595259,-1823.496095598214,-0.0,-0.0,-0.0,-1794.1382652529899,-0.0,-0.0,-0.0,-1317.3812285894255,-689.0929353659208,-261.4437209549255,-372.3107050226737,23.051016959046137,-592.7083753445224,-338.7434376840786,-169.8108818613147,-2085.554807791652,-0.0,-0.0,-1063.4458672953965,-713.2623809534637,-2235.45546219731,-0.0,-0.0,-2045.1048143852904,-600.4991735722772,-1149.2087956941289,-331.4325687052796,-573.0343427707405,-1738.7074719186157,-693.7213144063828,-68.56081727072488,-767.5183831850484,-1888.3321436676897,-1356.130530215116,-1120.2017111919436,-0.0,-489.40116860996227,-0.0,-1572.8124811857763,-333.60172810144525,-174.40798470104596,-623.1387388252161,-635.3666550447167,-10.41037278227507,-0.0,-951.3712403367232,-504.8667021158532,-39.38573751661888,1273.2528501117388,-67.01743693632451,-0.0,-627.6407606678287,-442.8775351840109,-0.0,-656.5928913108487,-1394.3676809965812,-0.0,-0.0,-0.0,-0.0,-386.61354826271526,-778.710936287446,-306.76431834551505,-430.0664752429773,-311.1656430601141,-1424.254364504077,-647.50358186693,-1110.361234376639,-2294.3214154048724,-1553.1115852658056,-0.0,871.03963665543,832.3020654952741,518.0158119713403,699.7761205283094,362.5726702729434,-0.0,-0.0,-0.0,-0.0,-0.0,-0.0,-0.0,-0.0,-49.12143765309767,-751.0754429808634,-437.81694104724585,-238.2072929686507,-952.3859059381437,-90.41766852186063,-310.0047511639197,-1014.9202774371777,-235.7587075954506,-1698.7352169594644,-721.870785158655,-67.21837832286135,-340.1395342762684,-23.239720337911894,-0.0,-468.16371281570224,-140.33924061069138,-207.2250761341755,-673.9989448200974,-257.9396265824474,-1415.2197247494923,-274.18228285220357,-0.0,-0.0,-1761.3814615597666,-453.88420992876695,-302.12068835078543,-437.3855373674859,-867.6616934916394,-359.5058047626716,-339.2913990250971,-0.0,-600.6800211865078,-684.7613610650652,-610.6734189337168,277.45340018604566,-1217.6603063779705,-1751.2514690938465,-167.69374905437252,-644.2201158404247,-654.6191071543882,-11.109601478966027,-0.0,483.6092553065951,-722.5001152590268,-30.252904649579985,-1701.5077630162318,-0.0,-0.0,-998.3485795038433,-401.62838696246587,-0.0,-470.50546730644953,-582.1062148851988,-711.1088765638516,-0.0,-616.3216256233773,-447.2045277524961,-1894.7224962289401,-3748.1612742001976,-348.2895989180969,-0.0,-78.77478383203375,-365.5741743935053,-1421.4828478451957,-197.70069205715794,-498.7384606178194,-657.4444929139604,-615.3919211346054,-293.1869531047037,-0.0,-0.0,-1413.6883113625727,-103.93815832211921,-380.499800030042,-639.0190851154847,-1069.727029557923,-2228.076664792239,-0.0,-475.6280700400311,-0.0,-0.0,-0.0,-0.0,-0.0,-25.62649146934545,-143.68398039405622,-312.51975203414713,-0.0,-0.0,-0.0,-0.0,-0.0,-0.0,-862.3099320279092,-1778.3193245294874,-337.06986909532435,-475.8645589403037,-33.53330511953706,-0.0,-0.0,-341.17841282890714,-0.0,-0.0,-110.77966465367984,-2542.0397384085218,-0.0,-0.0,-1361.41616070395,-504.7028435608231,-895.0289423417712,-936.971448807456,-555.4743791192759,-0.0,-0.0,-1024.512097685709,-1669.6330277090876,-776.4791473858658,-0.0,-948.1229648705281,-0.0,-330.3164254031847,-664.7886713913651,-0.0,-613.1059127535038,-1648.0207434241377,-0.0,-1528.436739213222,-155.37072856787404,-471.6899072202268,-1156.4173080878397,-166.29160682657866,-1074.3781546944526,-0.0,-952.9407265110814,-23.558621707223438,-1707.3973150711577,-1659.235743699434,-0.0,-0.0,-0.0,-0.0,-620.5038807379292,-656.1837347121326,-0.0,23.179226743818646,-323.8492561877817,-676.220381747706,-1896.9074375294956,-2024.667835680735,-334.4938137077821,-0.0,-1124.063783185072,-656.6399977622237,-1674.4432771664028,124.49470588049716,-0.0,-3197.8750315429097,-562.362303833819,-0.0,-408.2095855029155,-1346.45203784027,-0.0,-0.0,-465.48840914093205,-1130.0481453228338,-0.0,-869.3745754897803,-1125.3903604489924,-35.6901884239264,-72.2552610924648,-461.3179621279201,-0.0,-1271.0853598973956,-2245.9019565244794,-1057.0645389852873,-141.24494082183713,-1814.0890164564107,107.07930236980887,-815.8668238168873,-472.27331590723446,118.97812099782462,-753.5278646600412,-1275.3763930522261,-721.558273631225,-1315.2548723845512,-391.3002704357248,-515.9509675276058,-613.2471398868483,-1443.0628805937909,-0.0,-0.0,-1602.0518470090537,-287.64491551018585,-0.0,-1293.895615429899,-1016.7159894208196,-0.0,-2517.636211392286,-481.8481691840449,-0.0,-617.0114980504536,-0.0,-0.0,-985.7523323554041,-1038.944037632335,-0.0,-0.0,-0.0,-750.7769656510185,-3.9298063917561876,17.173493597071968,-216.5618560693187,-0.0,-1821.6925804220023,-1438.1672910719062,-489.0084163965826,-1809.651980757385,-0.0,-49.091450171612095,-770.7289268907556,-0.0,-371.10055851425693,74.25861644798583,-1283.1358171286179,-844.8494409565284,-616.612461103774,-1086.372663791891,-0.0,-0.0,-0.0,-669.071615834385,-0.0,-355.6912273781241,-818.115346267247,-183.9014102416533,-1009.1849018020238,-1685.737397223672,-443.7193065935373,-1645.1312784473528,-0.0,-979.8987253526292,-600.6396076347215,-467.47104324178184,-1005.1041687589482,-280.1674024628155,-454.69672892619013,-1146.2855122661874,-0.0,-0.0,229.33645264263328,-2440.548455258539,-870.9631876127869,-243.7390096521459,-0.0,-275.3230621067482,-433.8381574420979,-617.1413574700887,-0.0,-0.0,-736.9036719651695,-0.0,-19.536801507557602,107.62926209895063,-114.27754507449251,-1835.3535553889776,446.78470496909983,465.5264978208908,391.1830064164393,520.0425049800436,41.556537528531464,-0.0,-549.9218997962962,-660.3241070369742,-316.06054637337456,-8.652522559780865,-0.0,-0.0,-0.0,-165.784057185011,-10.700306710103453,-929.4515316935164,446.18050100023567,2109.628247359179,-0.0,-0.0,-0.0,60.88657850315916,72.31592053365397,-0.0,-2679.271913115134,-0.0,-0.0,-0.0,-0.0,-0.0,-1950.7027502343328,-244.2595125893542,-0.0,-374.2598545737641,-1750.3372800882591,-146.4321903652921,-285.1337993899925,26.965300189679397,-1650.604212632897,-3285.6574599452138,-1456.495502241062,-0.0,-0.0,-1428.9415519358079,-885.6163004468013,-630.1726128164782,-418.4647571521116,-295.593555438939,-850.3262083810713,-877.3028415931766,-4292.962145182765,-524.3371101742878,134.84860790616733,-676.501444410604,-803.0947764717898,-564.6144080653148,-556.8581084660526,-6.688976987779975,-1659.4543929933643,-712.1326096725246,-475.769291419821,-0.0,-0.0,-0.0,-0.0,-218.75116236047222,-1058.2870507732614,-0.0,-1148.2322883998288,-1217.816262164994,-0.0,-0.0,-1268.278339982635,-0.0,-0.0,-207.68461553611218,49.85210803942715,-0.0,-0.0,-2571.9757817053055,-1004.1835698577446,-97.88188397527624,-866.6461935432126,-1060.0875266783075,-0.0,-276.9493971017296,-426.74869810025194,-0.0,-1334.9379773863795,-316.19068212644873,-891.9072308950717,161.30035623503213,-741.1795784697744,-197.35248533520047,-204.9892261365825,-47.72234014572918,-33.142521218123136,-550.931736370812,-705.5205831951246,-386.90695958407787,-717.0977168117367,-0.0,-48.56451704786204,-638.2320513844346,-152.7715884780635,3.6835023459454317,-0.0,-1020.8589861561132,20.774250204690045,-965.6593066965988,-0.0,-0.0,-0.0,-1717.4559698705286,-0.0,-0.0,-75.6287995146892,-0.0,-0.0,-0.0,-0.0,-0.0,-0.0,-573.7741620657063,-1207.5713842746784,-0.0,-0.0,-0.0,-0.0,-840.4024327929671,-448.8796168908253,-0.0,-0.0,-1632.1924625471988,-0.0,-1187.121750069401,-2383.8672694749343,-0.0,-0.0,-0.0,-465.2108223519138,-0.0,-0.0,-0.0,-893.4757666608265,-609.947397897128,-588.3892917023679,-0.0,-0.0,-210.06307973665477,-0.0,-3457.6034711887346,-4973.075755197169,-0.0,13.194211610088507,-0.0,-498.2348176511274,-667.0247138840092,-1659.8476720589465,-0.0,-0.0,-94.12797822625896,-628.7308514576526,-1220.2611836610151,-593.0735741041387,-353.5058677215296,-0.0,-0.0,-943.420027812889,-969.7015865753694,-40.84361462545055,-0.0,-0.0,-610.1413397931703,-324.6141264875589,-73.84825820494265,-0.0,-0.0,-0.0,-1855.6475254664313,-341.8126950941011,-1153.8058488476447,-3728.352827505439,-0.0,-765.7652640956134,-994.1185273899968,-2055.9167912157436,-258.9149867944517,-0.0,-0.0,209.9049952383438,-1051.6709061285492,-1463.2009962477816,-436.57319078888133,-114.23640931730343,-23.07214156861457,-1639.196698924402,-408.2650332669204,-1446.7279694637907,-602.9967904538059,-2060.0448578894498,3.311545102243937,-834.715826945132,-678.6612267667731,-1760.8831525085272,-0.0,-0.0,-690.1591622938386,-1540.5537146050244,-1610.0926281554032,-890.0778996992464,-0.0,464.86767160007315,-55.8454973618479,-413.9666411148557,-0.0,-19.80709049095523,-0.0,-2472.3121234711416,-52.01642260196381,-0.0,-0.0,-682.0688970355385,-959.8488227919853,-750.3544351991014,-263.9773635224018,-575.6526185897759,10.18808386935924,194.18747636221735,-710.9720468395512,-23.22295020632802,-1347.021123325387,-0.0,-1425.0979602885673,-98.56024050022144,-574.8190141189257,-318.0312282797207,-20.044448284793805,-38.448968277394634,-19.43606488092594,-1157.9888960420863,-838.2446527222787,-1240.8606707484896,-210.58236079905885,-1198.2428511941503,3.920488765622093,-0.0,-654.5024484820004,-2591.8445485747425,-0.0,-0.0,-22.785039864315657,-1762.389301044097,-185.12605427320352,-569.6711264481598,-331.9704007666999,146.26160104007596,-0.0,-0.0,-1070.3310880876988,-0.0,-0.0,-1734.6501411249653,-1478.6429470844498,-802.250296710314,-714.2389135116551,-497.79345034900865,-845.3898299844925,-678.9169718143319,-1056.7307352552227,-2216.5971646999174,-0.0,-0.0,-0.0,-0.0,-258.65844382988024,-0.0,-1732.203482226367,-541.5765465198116,-713.1261337931543,-866.9125078460822,-452.5955010960519,-0.0,-1449.9841789058426,-520.3407548525,-0.0,-2263.981776498454,-1254.7830053446892,-0.0,-0.0,-2504.399510735059,-1774.0688350443766,-350.9196083188103,-707.640486009751,-0.0,-408.6223761192408,-314.20607904328836,-0.0,-550.0335410699655,-462.0472561869853,-476.1297182856443,-0.0,-0.0,-0.0,-0.0,-375.00381098796214,-1122.1583025736404,-5247.208402682208,-0.0,-0.0,-643.0456970798804,-681.6408610125937,-1754.1253314420524,-554.1227769417807,6.625744614494303,-469.5658287932016,-0.0,-637.2090000915925,-497.9020133634385,-0.0,-415.2226542107511,-1010.7092934470887,-0.0,-0.0,-0.0,-0.0,-0.0,35.966466500693535,-1895.1896510564138,-0.0,-1103.0891030188116,-790.8528322194978,-3.84394751663698,-1772.1950997612328,-744.3729596415042,-915.22770375874,-1144.8209505709583,-69.77035981567224,-106.75074840353572,-1081.6488213061623,-749.2445572148025,-575.5027238563199,-0.0,-1386.6283465009635,-1078.6641693003162,192.34529041160994,-0.0,-523.790123060503,-697.9201280874482,-828.3944257008571,-68.19309311560795,-0.0,-233.37938887493704,-0.0,-0.0,-2097.8037483364665,-2004.8540980997286,-1707.036133293599,-1419.882527189681,-0.0,-936.6028378714827,-1709.687169787555,-0.0,-4653.167159253559,-0.0,-0.0,-0.0,-0.0,-833.0036145401343,-2051.6385768604287,-2086.6115291098095,-83.92431541822693,-1833.0842715867352,-0.0,-869.1829046057051,-29.773047470691548,-0.0,-59.04494942972018,-493.99761345719224,502.6471000889186,-0.0,-378.5682971488912,-39.67899084788264,-0.0,-1226.6705726327582,-0.0,-1710.8321549778886,-135.28306128372287,-0.0,-0.0,-955.7116125072015,-1586.1309874469266,-933.2391117702326,-1005.2066537718292,-1217.7728026333518,1340.2090609422914,-43.33502864979488,-751.5405080106051,-30.154244520244053,-1845.6416808606677,-790.6690272700461,-739.4217434911301,-390.2164886231799,-1439.1467802806949,-1490.5029682891986,-364.2551570673092,-2188.3136802751965,-312.7219426807448,-0.0,-0.0,-46.968724177691136,-0.0,-0.0,-0.0,-0.0,-0.0,-0.0,-1312.5758223838452,-548.8737299860542,-1157.1010780020322,-775.7196278819756,-0.0,-596.699031121663,-1185.062255831159,-1046.7382759088316,-1761.090274396946,-1101.1002737543906,-74.41137821631696,-156.16673544359892,-933.4674119062994,-1313.4114812810544,-0.0,-0.0,-0.0,-62.63010260390304,-772.8396205811376,-151.11655378518455,-466.92287148260573,-929.5559700351848,-0.0,-0.0,-0.0,-3505.9052723330287,-0.0,-116.86708531098071,-0.0,-197.02422658804193,-1138.510379865739,-1050.7984495462933,-720.407158759092,-0.0,-37.142948137273756,-540.8380885605146,-585.6218339117621,-480.22773822751213,-0.0,-951.56867971892,-0.0,-0.0,-2776.6934797173117,-0.0,-1167.8505412113952,-536.7210277243994,-367.7617036019349,-240.99524876263612,-1209.4424220296332,-2637.402133322243,45.28098132800874,-1754.2006593292092,-1589.2124333855074,-456.2828597475195,7.45035011649939,-0.0,1293.0712852608062,1002.3460308450253,1107.6340094799264,-0.0,-0.0,-0.0,-814.8925975055733,-0.0,-263.56313293358966,-194.558402273212,-0.0,-3510.7657589600126,-0.0,-1182.2574745052348,-78.15912073594181,-957.6392061040834,-450.17718428684117,-1313.987316095708,-1057.2094651199957,-0.0,406.794541925538,-2335.233932968389,-1430.8563975586858,-454.2406427466868,-1202.1866157356606,-1717.4948499557856,-0.0,-0.0,-229.84173902944056,-633.8528158072452,-1781.1825900106596,-740.3314370310352,-33.99308446061444,-0.0,-0.0,-614.5278484575043,-0.0,-0.0,-0.0,-182.90688880275667,-1289.3397004519616,1346.876125465421,-1233.9856675469262,490.72570180109983,-692.2376087976168,-863.0813029081376,-11.649438488944677,-4582.140734501905,-307.9921696734239,-0.0,-58.87305325527457,-1967.5184884690125,-1446.3331153054505,-0.0,-27.47190859550183,-0.0,-525.044328183259,-24.16663612547332,-1777.0934064487692,-1280.1666696541931,-0.0,-303.0308515668087,-0.0,-0.0,-0.0,-651.985709214431,-938.2960782222763,-361.23401167889557,-1086.4945167195538,-1638.612412605141,-864.833641145546,-385.35011413179024,-385.1403933099369,-112.8728821037009,-1574.1769900123247,-565.0024286675359,-823.2362235125092,-1225.030035077973,-1437.9043865187266,-1152.706252187603,-289.43209460656016,-1343.1565819325506,-0.0,-0.0,-0.0,-2209.589259068545,-0.0,-421.78946717347674,-1099.3785133403576,-9.784000574376607,-777.4891170629561,-524.2538738521959,-848.3912151674404,-650.4835230017833,-187.76796302299397,-1803.0695644689422,-4145.044894891759,-255.13461246074291,-30.96475989745669,-0.0,-100.48100890454435,-6433.7997172027335,-1817.950086514593,-564.9894070740368,-2000.6018971868104,-189.23668915097048,-0.0,-20.949943240397996,-624.6050914677493,-115.27020399908244,-1101.8753476025458,-940.5133847183241,-170.31300043660195,-0.0,-628.3415041204078,-1891.3854110723253,-1750.7472607178852,-1481.090148777416,-0.0,-1385.3148994480941,-0.0,-42.842589318279984,-940.5876840056234,507.0079945263252,-0.0,-0.0,-254.3087057589687,-930.9394355537053,-662.8486437680288,-1126.8793754713379,139.0105887581625,-1233.4638939103386,-109.22087110979903,-316.27065968562835,-1884.9503635793324,-1747.1651610549422,-337.79005816008754,-0.0,-0.0,-0.0,-0.0,-0.0,-1564.5820244543472,-0.0,-571.1067458501035,-722.5912505339927,-2207.5256540132577,-0.0,3.0918742745071293,442.99666341015376,1894.6049514723409,-542.8655503819922,-1178.5067580116572,-0.0,-1397.7059755398004,-3434.327469483048,-678.8575426538567,-4768.978413356694,-1151.7562215308046,-0.0,-720.2600344870742,-2197.932560603565,-175.35589592193642,-0.0,1004.1367358025615,1219.1909947769946,1110.0149636159208,-0.0,-0.0,-0.0,-0.0,-81.92400805233287,-2334.635859951819,-77.32887814801592,-0.0,-1783.508011672058,-1036.0032207552983,-444.8319346997279,3.6634656649807034,-0.0,-200.44891703469386,-791.0457882507335,-0.0,-0.0,-42.2616597425075,164.5055316566288,-1876.1595400351603,-0.0,-778.6145948568887,7.664406915505254,-77.41394783105413,-0.0,273.54761433964245,-90.11800043496632,-501.1681735267751,-1778.4204413729437,-0.0,-57.98863905460017,-1006.4190788129159,-889.3002682508106,-36.149544670828114,37.820245249138026,-0.0,-1165.7947864916816,-715.6704265468709,-6.546156467843768,-0.0,-0.0,63.535409826168895,-222.75383715089467,-162.91846041973488,-71.01992667639479,-10.312914605747554,-142.49005615445185,-612.9198152397827,-870.29958272835,-486.73858570076135,-0.0,-1873.7649735990385,-781.4156059845577,-0.0,-0.0,-1009.5956204370916,-2001.2193514998648,-525.9161031598265,-6.992255860947471,-2496.7939555147145,-106.08700781550473,-70.84714396402397,-1005.2904762205184,-0.0,-340.0113482506256,-1263.1332869498985,-3.8345039395056144,-0.0,-3017.1353162500955,-128.35863948294806,-1352.2174155686557,-941.8937532291338,-1162.240413683878,-2303.9165705307523,-74.62377793145768,-711.6780605787295,-1624.7891532721394,-1188.3193701104606,-983.3880002741341,-196.3732725835597,-1606.5236198364596,-0.0,-2745.4343901971606,-0.0,-5670.961465803505,-208.4217917584535,-77.77700700209687,-1331.0902429597559,-0.0,-0.0,-0.0,303.1690732782617,40.47629935141516,-750.7719296994095,-1249.9814456979893,-423.9296070271591,-1100.9422468590942,-0.0,-0.0,-1220.681203878711,-312.7264202816042,-439.1883995952229,-144.07592192792364,-0.0,-1465.7073516281337,-285.04886046707543,-1755.9059909782247,-0.0,-30.999159718799586,-0.0,-1571.8991962871517,-674.9168195091174,-1296.2963948811878,-0.0,-0.0,-1551.7741400407324,-491.62616190437694,-681.4044361284028,-1365.0524695373285,-400.25759129327474,-1098.6766623080173,-0.0,244.33902629450677,-1013.1776887883085,-3550.0085443416847,252.33494358835034,-1312.623987166334,-6822.891148619269,-603.7736659381131,-599.2114396522538,-201.65776858467459,-198.26540413376915,-931.1298665929287,179.08945188992152,-195.943754302398,326.26457675311696,-960.0316301476873,-488.55461098721634,-0.0,-1156.8350971583673,-1517.4192230048086,-781.2853954638316,-339.0476960509764,-0.0,-0.0,-29.602294315555074,-921.7369750217016,71.50597117926858,-1998.7612592687922,-0.0,-0.0,-452.2156569063277,-587.606197434942,-1011.9237598601356,181.75429151879152,-2266.6667414120016,-1343.2163522642084,-1137.2465146100933,-213.53131112547803,-0.0,-320.84293396855753,-0.0,-621.3547848061501,-21.307766819034907,-1384.9167563087517,-420.06343788817946,-876.4939341665643,-356.09059825241025,-315.51878403411297,-0.0,-1080.1053322831171,-620.7149085600914,-1103.041744782123,-0.0,-2773.9618440409586,-1194.9591743494286,-1262.3279491868575,-851.0654307609461,-983.5748725793812,3.39194321140477,-1893.9872717200712,-626.7624603994841,-1069.2027126894916,-1706.2073322100155,-280.21210403500356,249.49936776062674,-894.3544629233012,-0.0,-0.0,-19.15424810760396,-49.184184129131566,-16.24712354042238,-214.17906113898235,-0.0,-0.0,-0.0,-0.0,-0.0,-0.0,-0.0,-0.0,-0.0,-0.0,-1114.656312193224,-2224.5068231999317,-1944.2309712692052,-0.0,-0.0,1351.677453810774,-460.86266819105816,-0.0,-373.67796620278045,-406.62301907102,-849.7395992388324,-843.0457369519478,-1077.8073904965322,-0.0,-675.4958775984499,-350.7359578479127,142.08964900027544,-0.0,821.8207616734403,-0.0,205.65956723194824,-0.0,-291.94016222505576,-0.0,-385.77338195193107,-955.0528220716441,-1590.973130979384,240.94413677700481,-0.0,-0.0,-0.0,-0.0,-0.0,-362.00837392956583,-72.34498138201897,-0.0,-0.0,-0.0,-449.7643626865923,-0.0,-34.24339118991187,-564.9985053112058,-3224.8124263371265,-0.0,-1194.705317692275,-0.0,-535.5186327883702,-0.0,-0.0,37.79454334117795,-0.0,-133.39252983107014,-0.0,-0.0,-0.0,-948.2907324399403,-1524.5999610993658,-0.0,185.91755563059778,-1950.7363135940907,-0.0,-67.92188402012273,-247.1873845951818,-0.0,-0.0,-1410.4772144869098,-0.0,-764.7557397064737,-1099.2147026540981,41.871071754540594,-2721.4589201774143,-1415.2901998286397,245.47382163627063,-701.3217322857158,-0.0,-906.9059772925193,-0.0,-0.0,-0.0,-3378.462175157336,-818.8164191141799,-1340.5546355214335,-0.0,-350.97336072620755,-3.880394877448048,-1154.2895209016222,-1778.4690050587567,67.91725339267592,-2702.651290463637,-0.0,-1413.5611738326247,-2063.32939015631,-0.0,-0.0,-0.0,-0.0,-2119.1510725986354,-154.49422642392418,-1389.5903636055086,-0.0,595.0963419121516,991.4058996604377,-0.0,-0.0,-695.3997719049297,-869.1287669727346,-299.49188150920685,-17.247387512707792,55.406304134254725,-0.0,-1170.0621959637492,-0.0,-234.8911449304119,-1068.6791848203745,1200.6215503384944,-0.0,-0.0,-0.0,793.7157177897918,879.2759468581966,-715.8514551530604,-0.0,-1234.1278242193641,-0.0,-930.6760169521259,-542.7378005171933,-0.0,-0.0,-0.0,-0.0,-0.0,-48.824941808590076,-0.0,-0.0,-0.0,-993.2264563052331,-255.0861105187459,-0.0,-0.0,-0.0,-150.40758656868337,-70.02645262073759,-550.6759525020592,-623.5330860601633,-2547.850020526156,-1176.981926964704,-968.7406215878514,-0.0,-2648.2574029861153,-32.957154644083666,-0.0,-888.0460419802232,-2052.2520776919064,-686.8063436635031,-401.60227104588125,-964.281966456343,-240.28427553859393,-575.494180987172,-640.3466131980305,-951.9714490904568,-239.13553741089748,-1490.7806480149359,13.40554721744699,-343.0192664698675,-0.0,-0.0,-687.6887521156723,-3313.8087646743747,-0.0,-960.956560455867,-444.92823337831027,-0.0,-331.6574196504038,-593.4478745912728,-601.7504846736455,-217.98458505182845,-0.0,-0.0,-0.0,-0.0,-0.0,-37.459585458029856,-0.0,-549.7245266135857,-0.0,-0.0,-656.472340741905,-963.6994232998655,-2350.675530421547,-388.2513335018155,-619.6554791409452,-91.9529331038224,-1683.0851265407175,-0.0,-853.5878144928511,-488.7288776848809,-425.7868633139842,-1175.7706649251113,-815.5915508405292,-1541.9760114790724,14.920954236783068,-411.72013868305976,-0.0,-976.1759223089582,-972.0317795921355,-138.1288633521362,3.3214815468579055,-2110.5485783587333,-1161.9013467850266,-646.2684970047064,-0.0,-533.15916818229,-624.8036040220321,-467.6501614433661,-2179.325507430195,-3.2466718915348025,-0.0,25.569619475736047,-0.0,-0.0,-230.1695150770746,-3419.0299464352875,-171.4677137132105,-1280.1880930210582,-3354.9080133929497,-0.0,-4021.333283874975,-215.79195023433232,-1738.5783285616396,320.15735378617364,-0.0,1379.555955345102,-788.5724452778046,-0.0,-1728.3420584201729,-0.0,-59.685100374791936,-36.284760261244244,-0.0,-0.0,-0.0,39.31891248951788,-0.0,-0.0,-0.0,-555.0673501529427,-1245.4638508176179,-597.173820346573,-0.0,-3058.6453426902553,-0.0,-0.0,-0.0,-197.26065564538519,-354.1859107147412,-0.0,-1715.386514506005,-0.0,-0.0,-3013.0605957413622,-0.0,-19.492981131198295,6.621876626174461,-427.54470083553696,-17.489865448184663,-0.0,-0.0,-191.5452288342166,-0.0,-0.0,-1163.8162735225028,-960.2336416389531,-1396.565866056984,-0.0,-233.40903821616354,146.36106925703317,-320.2403799095161,-13005.107713852627,-0.0,-517.9728975722597,-1138.952258629029,-504.7237905053946,-0.0,-29.417131311356442,-14.137732298854099,-235.73746750494624,-920.7623485564911,-0.0,-0.0,-0.0,-420.3426513708999,-2429.9430481216527,-1158.9096284631994,-0.0,-0.0,-0.0,-309.3487129085177,79.52572425902477,-7.02049675417202,-1206.8492716434455,-0.0,-0.0,-884.7470734435055,-0.0,-0.0,-0.0,-2391.6256113859044,-879.3198711390316,-0.0,-965.9881229291743,-538.3804345206939,-220.03337439993422,-621.9378307578538,-966.7454669943087,85.94413541285844,-1178.772253181238,-1037.1741899338292,21.609017967680153,-1685.9485137523786,-0.0,-0.0,-0.0,-0.0,-419.6775871627589,-0.0,-0.0,-497.3198822058215,-920.9511813153761,-637.7455586749201,-0.0,1378.820032279542,1303.1318380327816,1290.0329960272504,-0.0,-0.0,-0.0,-736.6143884573798,-37.135470390047374,-658.1559136183696,-69.03684638031304,-603.3583575619842,-1444.5960782746085,-1083.8870509590893,-1766.9277138688526,-0.0,-0.0,-0.0,-0.0,-474.70999784230594,-736.6493258036043,-1528.794864692192,-372.93274960407416,-1198.45141561304,-1718.8474438423386,-1874.214715346421,-0.0,409.86364372073325,-359.148012335681,-329.4506341489195,-102.76835321580855,-4047.112804610951,-55.66643958211664,-0.0,-778.4086038812652,-1349.0658018416793,-0.0,-61.454741672237944,118.93326377565361,-82.26317718967296,-435.71903337789706,-2025.6286777416212,-141.88790793115555,-1438.761716173087,-0.0,-1628.4727333478115,-1581.1764148876525,-1299.9987557426518,-0.0,-1602.784968172398,-281.08126466970293,-586.4001767427484,-842.1493627219147,101.72787172525256,-1689.0628343948817,-1091.269954450757,-0.0,-84.89724273149125,-0.0,-0.0,-0.0,-902.4210057910199,-551.7214719453932,-0.0,-0.0,-0.0,-3237.5654303573892,-1689.7723983481978,-0.0,-0.0,-3.927153284239426,-1524.1876474031767,-828.0981058982096,-0.0,-669.3706511925762,-1216.4946113238593,-506.61209342821803,-20.42195421120306,-782.493165482759,-7.699762532061071,-1390.8377291512345,-1485.6192421543833,-0.0,-0.0,-38.256034227647014,-0.0,-0.0,-1146.537091298972,-85.74421535049883,-398.6905357587739,-0.0,-0.0,-0.0,-656.8289738397468,-291.05789029308414,-101.5300277235829,-410.54864166742755,-202.1026039783031,-1773.6081401674505,-279.1357776152348,-512.2502138275172,-1163.5767192919145,-0.0,-359.2018158672838,-0.0,-1540.194283123685,-1321.6945212750609,-1555.1668995062273,-387.8897084142041,-257.91067770798367,72.8915770149994,-848.857353867077,21.72315538428821,-0.0,-421.5226910926103,-0.0,-0.0,-444.5479904577502,-108.4609499887193,-2516.417232740993,-2552.5543083883344,-453.9947581580023,-0.0,-0.0,-923.2938499177286,291.335570940499,-0.0,-0.0,-0.0,-997.9383910065729,-40.31013131394424,-429.27269654443955,-3362.9344702166973,-1305.1195656681955,-1015.6706084444884,-402.1119819950873,-158.30509869903992,-1125.2794088972228,-631.1597491916439,-439.30225827158586,-0.0,-593.7805094565261,-701.2148769933086,-1505.9523669255398,-0.0,3.8248518471587873,-11.420919540798717,-0.0,-0.0,-1619.3112079808704,-0.0,-3180.2028333749136,-1047.158296259486,2214.470374501476,2557.7577576260614,-0.0,-0.0,-708.979020714216,-961.4319797200972,-529.7218776942707,-316.66330453057464,-2783.954103155779,-515.2212988471454,-0.0,-0.0,-0.0,-1107.2989196020699,-591.1317611377252,-144.99805073379366,-2308.558527464363,-918.4670136287895,-24.013099894306603,-377.5554435105719,-947.2883204052168,-296.20251544578025,-474.6301784050724,-0.0,-56.771344846245064,43.6711717617022,-880.8863949980445,-148.13716447688395,-0.0,60.207174301209726,123.02714983750501,-192.51541096059904,-1232.9279915690634,-2068.1706483306984,-54.99898784416694,-820.3655333680555,-1243.6233555256674,-0.0,-0.0,-608.6631974090344,-0.0,-0.0,-0.0,-0.0,-567.2372373760675,-20.475425685109723,-1105.354142097819,-1051.2683811774136,-2276.939551405018,-1034.756103219852,-0.0,-528.8613925923154,-0.0,-1423.3960893521162,-1473.6780477998655,-1200.6012016654913,-894.9154162873101,-0.0,-1917.8504826180802,-0.0,-0.0,-0.0,-3183.866867882339,-1092.6034359343607,-233.78419401209473,-776.7735106278434,-790.5273329153698,-937.4602652102993,-0.0,-0.0,-0.0,-35.34610748429239,-5383.808343446896,-625.0752213267393,-1648.384747995906,-3692.9220721887204,-2019.5472877283382,-381.2230256115252,-0.0,-1736.7187096604878,-663.118014707247,-0.0,-295.8770835817963,-334.5482553784161,-34.096287038440494,-880.143826007909,-270.64477263376966,1304.9016850366172,-422.21994848976374,-0.0,-0.0,-882.7973100735516,-735.7297187738554,-2015.937410802839,-273.8265311538035,-0.0,-0.0,-582.968137861405,-0.0,-0.0,-0.0,-0.0,-1213.581363962445,-555.4042177149548,-1107.6520421939954,-467.1312722532295,-3.4798732177497844,-688.8760781315474,-0.0,-0.0,-0.0,-0.0,-2546.677460593403,-0.0,-0.0,-0.0,-0.0,-0.0,-0.0,-713.5246536750693,-0.0,-2467.1148146073274,-437.75247052802115,-179.5633609581596,-1143.0491812243383,-0.0,-0.0,-1203.7798544682155,-1288.208132560775,-3.869885502895997,-387.93997042462627,-48.876605213451455,-1567.5301606967944,-864.6036747492508,-0.0,-3453.3401857670565,-1155.4789643329418,-0.0,-0.0,-15.06774768327175,-370.966870297615,-1092.9751775302116,-0.0,-0.0,-19.662522665151986,-1462.6523515748117,-530.8353551530727,-315.04048270603965,-76.56547928064519,-1708.3968714829264,-0.0,-0.0,-0.0,-0.0,-0.0,-462.31626904032913,-448.52588715957467,-536.3700247246347,-3779.4772403498278,-1500.6066180167256,-1102.589430597739,-96.83710507070097,-877.3845689303029,-1082.8379593973182,6.651930059245892,-0.0,-0.0,-0.0,-574.2026469904897,-369.38300588868987,-1516.4557749193973,-529.5664848250615,-0.0,-1556.3487388826486,-0.0,-567.940218439776,-0.0,-0.0,-1756.9319764778209,-550.3199225641218,-503.40850375893916,-1272.5809625860647,-122.15948992966212,-11.498991511419607,-688.6823785110684,-1298.0032608258466,-0.0,-399.0005194198227,-1039.2551604425753,-3759.8036005971153,-0.0,-253.2202576102461,-2031.907897601549,-1369.6285869802866,-1124.092353639461,-483.0349865848763,-1122.2195374473513,-0.0,-316.0333674806023,-0.0,-228.8236150555505,559.6377498885389,-0.0,-0.0,816.1456588179793,-0.0,-1987.7466437002752,-681.1052575673724,-843.788584731635,-1068.905534221758,-1314.3328280979006,-341.0498110834194,-131.86235433336492,-0.0,-0.0,-807.7011155657067,-895.4454450638453,-704.1286735310954,-0.0,277.8826737873366,305.21885100152736,-212.17254221769596,-2506.2221926216394,-1617.1183389016014,-0.0,-0.0,-1286.0452225431072,-3710.367306595485,-2438.855990642658,-465.922943694438,-877.3607030668554,-1009.0084796090757,-0.0,-190.72071260629386,-0.0,-653.4423873955901,-201.2799858093303,-1690.4025253409675,-2376.0683929935835,-276.9801249501315,-507.7948838697267,-4022.3871086675554,-1109.0774004606458,-508.31354181596305,-252.0113051145355,-1156.0345050501828,-626.2838572932865,-3.9636178422909008,-1362.0002229358156,-1591.8959203856728,-0.0,-0.0,-527.882973705248,-1147.2248449512153,-308.1732680996989,-3.9556192298804023,-0.0,-0.0,-0.0,-0.0,-0.0,-31.75529598261312,-631.5665548750302,609.0472553850411,-402.2712017901407,-668.4478663811643,-499.4556301051798,-998.504990292418,-1398.0054937489047,-1061.389436538752,-1639.236827506769,-258.652507626036,-508.90128165892276,-1400.8143567089498,-577.0552650801425,-0.0,2170.0064537207263,-221.55492031106417,-64.06022021744559,-0.0,-786.5682337963492,-569.5727589148096,-1208.5041753796836,-1750.697396249936,-1978.0145822241182,-0.0,-0.0,-0.0,-0.0,-911.4488799825635,-1508.4787207439383,-0.0,-761.5218033736954,-7.667578507586534,-0.0,-0.0,-0.0,-2289.035176654428,-698.2433274587352,-163.0834430755844,-40.346088056889705,-0.0,-0.0,-1009.6967456314367,-1226.7787090439733,-750.5808480834878,468.94611580568454,25.35055026921366,-0.0,-17.974147014617568,-0.0,-1490.7064711136238,-488.48572781526616,-1261.143685745381,-1596.978610650941,-1481.9270210102732,-36.948734021388766,-0.0,-0.0,-1471.1120749829101,-336.2252323103737,-0.0,-0.0,-208.20558124006502,-0.0,-36.43749527905131,-0.0,-1162.8158176435509,-665.7389788439981,-0.0,-72.73548609790336,621.5971402125372,-0.0,-171.0114680040881,-2101.4392373513533,-0.0,-0.0,-624.9395757516533,13.9594235386065,-0.0,-0.0,-740.2437117331052,-1355.7507371608845,-0.0,-742.02427310475,-0.0,-1177.13561493496,1500.0020819839826,21.932886647758163,-1773.4976729807163,-1433.124166482742,826.2529254934057,-0.0,-1863.7654999046842,-767.7781748560008,-912.1301560067121,-0.0,-616.4109651396407,-110.02305488150016,696.3669295734288,-340.24698697679327,-1358.0545066914997,-0.0,-0.0,-0.0,-803.8663563515522,-551.1067757065165,-715.3797421437785,-989.8932525435774,-922.9931594310166,-25.9889421114286,-999.100257963253,-839.694155858473,-1063.1966977233942,-0.0,-0.0,-483.3334042287049,655.9146504006035,-6007.113805770895,-0.0,-1144.8907840777747,-1809.5756610625026,-721.2889326655209,-687.1225126007315,-55.34655295750296,-2116.0122216917725,-307.31696787289394,-0.0,-924.9753455531185,-834.6460730191415,-580.9746057971723,-0.0,-1360.713294178136,-1887.2865680444133,-22.931135824163572,-1011.9962328423707,-2117.351755961014,411.6829849981077,-0.0,-411.08753003433577,-148.9055917296155,-1235.7697361006901,-828.20139391241,88.98166757033462,-115.36658358898221,-718.7101962498049,-450.4249638537777,-505.1032433096943,-596.3005278426278,-459.28919518598605,-0.0,-1204.6347301934084,-0.0,-1090.6045858169502,-682.2144970591253,-153.9878753955323,-0.0,-1631.536732013623,-4431.747869975348,-0.0,-389.92096101164947,-0.0,-2034.974006949764,-229.9306396574801,-0.0,-378.56331604967653,-378.34580883611267,-0.0,-2159.869819338889,-1476.156714483806,-0.0,-3922.137582504722,-114.38539249606855,-1195.871890516003,-1248.5283211708484,-1437.473689665068,-90.1494687971536,-0.0,-830.8400836513811,-1873.2838688869408,-478.3592322766892,-811.3808992692678,-1003.5054535119317,-1523.9018422063978,-2119.2533648697586,-721.7923527309594,-1855.494225963502,55.04783937189671,-0.0,-281.12155781859246,-1248.550022951468,-1098.2631295595052,-0.0,-0.0,-0.0,-389.5063035508375,-440.3959289092497,7.0558918196353915,-518.3116647563237,-0.0,-1120.2449293280708,-683.698252305654,-535.4000931888612,-0.0,-0.0,-286.7162293311223,-1640.9483282339345,-801.5796771718522,-247.43913310959414,-852.4526875852863,-32.66498409502999,-0.0,-0.0,-2476.16791649835,-1064.4306455312617,-0.0,-0.0,-0.0,-67.42624879080533,-837.2519572454355,-43.96550205344334,-1514.6726806434508,-1381.1163626159375,101.91183557928498,-0.0,-564.6707623901694,-0.0,630.4709247971266,-115.72670744414232,-0.0,-1463.979038757836,-291.0902961901159,-1804.0461031450689,-0.0,-1476.0876773193531,-581.0347310767015,-176.65245716809923,-10.985397333742577,-30.50315670978811,-0.0,-0.0,-686.4005932257568,-1136.7925604555855,-0.0,-539.5790001638788,-0.0,-331.08241371249017,-497.27260853651404,-0.0,118.06966054108909,616.2161925126077,707.4338071160793,763.0350672564991,750.9893251110691,693.5460558266839,-0.0,-0.0,-0.0,-0.0,-0.0,64.68893561485142,-0.0,-0.0,-564.3475885251062,-145.74119437204516,-409.60033351152924,-70.99378693315647,-0.0,-993.0073131679741,-1329.9830234336473,-1827.0718307725997,-214.9591197073276,-175.16695904815563,-0.0,-0.0,-543.7749754639666,-0.0,-0.0,-0.0,-0.0,-2404.9028860684743,-0.0,-36.78664838735436,772.0241454567986,-0.0,-917.3071075935163,-540.7131678204954,1305.0882276925142,-867.852674632733,-0.0,-2620.9670041191466,-2014.1309881499164,-175.540113807554,-707.6761826460222,-1083.4933626284676,-477.435526304232,1053.3621722711853,-74.4264168591368,-523.0370594934438,-0.0,-0.0,-421.8741314186266,-0.0,-771.3640954209799,-0.0,-401.2070012644584,-33.26173831415806,-0.0,-0.0,-1022.1913405630966,-0.0,-0.0,-497.23226377174973,-1047.9840945096034,-1810.8472622244983,-0.0,-0.0,-0.0,-1612.8823594003595,-0.0,-919.1118777937828,17.79670244562782,-0.0,-0.0,-1019.0979146473622,-892.5206114475097,-1096.435861897271,-362.7852998577154,-0.0,-1213.0680477464225,-251.41765554361416,-0.0,-0.0,3.648489534868228,-35.16838090041382,-3987.552394346506,-0.0,-108.1123585614934,-24.12965856910499,378.46651092002907,-68.54997318374822,-891.2959254059294,-816.1057597279676,-413.77464671699363,-0.0,-0.0,-1659.164053468805,-0.0,-0.0,-0.0,-0.0,-0.0,-0.0,-0.0,-129.14326241921896,-0.0,-0.0,-1616.6525524054575,-6007.619341620647,-116.2030189301027,33.169908339050586,-336.36296456298186,-624.7175447663839,-102.74934327724492,-3729.182054547324,-209.12111201531044,-274.40005896877204,-0.0,-0.0,-0.0,-1513.2060789870106,-0.0,-33.30835907743692,-0.0,-0.0,-0.0,-413.5670037614818,-10.479195736761946,-214.7393523469726,-1135.8744621425137,-569.0150637349966,-62.938342825469114,-2157.335794615904,-0.0,-71.49289902797352,-2015.988419830279,-0.0,-1148.4677904812704,-72.41743653383044,-1283.111636548894,-0.0,-0.0,-917.8377016407699,-587.7585208756943,-30.844552326465788,-823.5065057155315,-807.4459683859358,-633.8953907773275,-137.210002914031,-677.7042356189842,-646.6226775041606,-1981.5911458053565,-840.0017335282046,-0.0,-1357.142857810837,-350.29921785077687,-570.6430611951816,-0.0,-0.0,-974.1435545951011,-2082.538714438124,-804.9657170255847,-0.0,-0.0,-0.0,-3327.953685693883,-765.0746808671158,-151.12178896732257,-304.14085826284776,-33.64572688820253,-3358.7402821375704,-0.0,-0.0,-2086.8957420598244,-763.4964655609981,-0.0,-0.0,-0.0,-69.85810206467401,-0.0,-1643.7961920091057,-1577.7842275155772,-0.0,-309.6060869131644,189.76494739625326,-0.0,-0.0,-0.0,-968.148472789461,20.604018407964915,-2200.533634799426,-575.7206231600761,-1061.0982103448296,-676.175637858819,-2855.8253052054283,-1500.0314616244082,199.56090534768097,-0.0,-2625.7672793237334,-0.0,-0.0,-0.0,-1113.7846259562298,-634.5083241363734,-1585.6788228176251,-0.0,-0.0,-736.6475200626769,-1329.419024482567,-570.736868235791,-457.47784397430854,-0.0,-0.0,-1075.6336928690116,-0.0,-0.0,-0.0,-0.0,-0.0,-0.0,-486.9224191581023,-67.88180978598749,-1368.5424204704861,-0.0,-612.7581164626805,-1085.560340982986,-30.59271604241284,-0.0,-0.0,-0.0,-0.0,-0.0,-0.0,-0.0,-0.0,-0.0,-0.0,-1099.9536863253104,-1544.6914302918847,-0.0,283.70785970737415,-0.0,-577.2671817228951,-86.0056484838735,-0.0,-768.0321130158184,-347.41672441485184,-86.51135611545673,-1694.8673288981786,-438.48032015843137,-2331.7086464225094,-151.4832336750862,-1881.3717612925318,-1474.0294291096943,-773.4852846088459,-3.769426592892095,-0.0,-1023.826997054048,-1818.032386461173,-2010.4784492564636,-75.50585395391307,-197.267859535851,-1609.2417870657678,-0.0,-1948.480448354505,-315.65415766182,-0.0,-1552.9288340869473,-0.0,-796.8321527193741,-0.0,-2444.788028332624,-0.0,-0.0,-68.96194918825317,-935.1456043835187,-432.34939322559444,-0.0,-1187.9969851485946,67.14161500506944,281.0713916172094,314.7359436798353,-246.93261851898907,-1476.787612163377,-506.11397623804834,-0.0,-0.0,-4944.602361453618,-986.7574303126091,-0.0,395.4323190789111,-0.0,-1757.896751633065,-440.94990397090703,-571.1311864289046,-0.0,-0.0,533.1292999703377,-0.0,-837.8165248642161,-1082.4400570735677,-1640.4733228002854,-0.0,-591.9688557794276,-2550.7043269147034,-846.3814052529425,-0.0,-1196.0947317490338,-126.23388759544618,-1015.3929169444989,-0.0,-756.8162476539912,-0.0,-0.0,-0.0,-768.8481891837467,-0.0,487.36830153991616,-0.0,-320.4602263519629,-658.9129719998326,-407.6262373238354,-972.5095511806818,-499.275940357743,-1824.0999833963904,-1086.02915334721,-0.0,605.2140354892474,-2096.8035942724864,-1478.5953595621859,-595.7763202604434,-0.0,-0.0,-0.0,-128.67990425554345,-1063.6790339831414,-259.29268597794436,-827.0886762461627,-1779.8741546157871,-2254.8565176273846,142.96925005110072,749.8714887918263,640.593508246562,-0.0,-0.0,106.36283250841244,-28.364252214585548,9378.843259443784,8732.20666698367,4581.5068103733865,8711.954299720595,9320.230147397957,9594.694578151699,-0.0,-0.0,-0.0,-0.0,-0.0,-1218.6144753350227,-1079.6288097677395,-715.5543167138234,-0.0,-2381.0180006879873,-564.1649258181056,-1014.4130001111055,-27.38465572858172,-760.0852481873651,-1101.0429877434042,-928.1171148960174,-1121.5416399449164,-0.0,-2301.4798177597177,-1576.2209866148014,-686.8438994465578,-107.23760785849497,-3022.479721151993,-0.0,-211.13138715295506,-0.0,-10.175671134763741,-0.0,-118.36214123360257,-260.8850163451659,-898.7200557624935,-749.833483409024,-0.0,-0.0,-0.0,-2077.2222997950316,-0.0,-0.0,-235.06312403374272,-888.3379475040502,-809.650746064091,-81.29027190321409,-1042.8851421441643,-1692.6393239444228,-299.6263890821272,-0.0,-0.0,-109.37447152825905,-1038.8955539400679,-306.9219751662284,-0.0,-4741.8251069999615,219.0075406511972,-0.0,-0.0,-0.0,-27.906977669325293,-375.63080467607335,-0.0,-0.0,-1080.3352252271488,-1816.9576539985053,-1202.1657131655286,-353.3465024746073,-357.0890739418236,-371.0079756789338,521.969981070541,-1135.2191765141613,-0.0,-479.77506750472736,-2404.888366501751,-502.18302972660416,-7.052598451169368,-0.0,-4.675916462327671,-0.0,-0.0,-0.0,-1028.6357210613278,-376.2066524038847,-1345.5789026340808,-0.0,-0.0,-0.0,-216.32466243301704,-529.8888863006307,-1319.3073590278086,-2925.110472795733,-301.33256074372235,-185.2381085235175,-0.0,767.6884707341642,-0.0,-1060.4102776009724,-149.72292605019226,-0.0,-0.0,938.66569160524,-0.0,-1537.4259966108534,-0.0,-0.0,-0.0,-184.01980350795827,-1863.0927587792519,-1565.034440963992,-26.973956986933675,-2223.193409410547,-1292.873744237947,-22.88656212222085,-24.677439807275743,-62.62333186706501,-0.0,-0.0,-1797.959429061186,-0.0,-5149.739546321436,-0.0,-1177.1511739757586,-230.8959382343437,137.0006343723643,-0.0,-51.17455821359904,-1132.2854776357976,-1405.3178366672903,-500.9922357505869,-29.604784809587475,-224.71189344438852,-0.0,-0.0,-0.0,-0.0,-998.9780121117846,-771.2406620635991,-0.0,-523.0513718664093,-1123.135214121401,-162.95619553916634,-72.39898969343,-0.0,-0.0,-0.0,978.388868935651,-3.342066150774646,-0.0,-509.60238451432224,-780.8868412298548,-1252.3879051697677,-0.0,-0.0,-1829.6282128360112,-0.0,-0.0,-0.0,-0.0,-597.6090696166619,887.4154578488595,990.7948606480379,1083.579338961043,-0.0,-0.0,-0.0,-530.1399773262797,-0.0,-0.0,-333.96899118024345,-555.2511317429811,-0.0,-194.86112551765208,-1197.9993915888672,-1110.424583306251,-0.0,-0.0,-0.0,-10.484407741484212,-1358.7148130589367,-3.8878136553681277,382.15413281961673,-0.0,-1469.4556871982013,-686.8838022985948,-474.28712590017454,-1692.2583161930188,80.06505172226016,-262.3498516972408,-16.688060384734417,-383.7343417196005,-332.32616175124537,-883.1771861374666,-316.3513883273479,783.3320378554521,-1296.5350205269467,-204.01994924095678,-153.48139380982448,-3476.073730076439,-2556.7481729574674,572.4413428339718,-882.4395905996722,-182.70338686737117,7.549071866580636,-731.5649308160863,-1041.1413497478616,1599.1685230576304,-546.7041000271893,-608.9089454549894,-624.5877843719974,-0.0,-6182.6776543773285,-0.0,-417.63739766401414,-783.8735287384615,-556.8552973629414,-837.1764395225952,-1029.6094099631123,-0.0,-932.3896849609304,-146.91028046625928,-75.74981429047162,-5662.4750374339665,532.6636333501197,-178.52933902574202,-0.0,-494.41380264902244,-1141.438787612121,-0.0,-0.0,-422.68788904483796,-1371.3345834904471,-75.77988580447528,-204.02202019656372,-243.6663310945875,-960.4074679729534,-0.0,-0.0,47.03492461392494,-0.0,-0.0,-1583.0728801576895,-0.0,-1509.5716423241454,-792.3116713228271,-1080.820512289109,-0.0,-0.0,-443.32217885296564,-782.5177335827893,-124.34021157213361,-0.0,-406.38085485334244,-133.84354427446416,-463.6088045604631,-0.0,-174.3638382180566,-438.00425137042583,-1947.712307264809,-861.7389092243017,-1479.064353678081,-0.0,-0.0,-1238.4513568514733,-18.871763748213624,-0.0,-0.0,-1010.5437173339366,-0.0,-0.0,-0.0,-0.0,-0.0,-0.0,-0.0,-0.0,-0.0,-0.0,-88.75923455255685,-0.0,-0.0,-0.0,-0.0,-0.0,-0.0,-0.0,-0.0,-0.0,-0.0,-0.0,-301.49699838818094,-0.0,-0.0,-0.0,-0.0,-0.0,-0.0,-0.0,-0.0,-0.0,-0.0,-0.0,-0.0,-0.0,-0.0,-0.0,-0.0,-0.0,-0.0,-0.0,-0.0,-0.0,-0.0,-0.0,-0.0,-0.0,-0.0,-0.0,-0.0,-443.629372416259,-0.0,-0.0,-0.0,-0.0,-0.0,-0.0,-0.0,-0.0,-0.0,-0.0,-0.0,-0.0,-0.0,-0.0,-0.0,-0.0,-0.0,-0.0,-0.0,-0.0,-0.0,-0.0,-0.0,-0.0,-0.0,-0.0,-0.0,-0.0,-0.0,-0.0,-0.0,-0.0,-0.0,-0.0,-0.0,-0.0,-0.0,-0.0,-0.0,-0.0,-0.0,-0.0,-0.0,-1181.3036616917748,-464.0922350912529,-1511.277909281624,-0.0,-0.0,-0.0,-0.0,-0.0,-0.0,-0.0,-0.0,-0.0,-0.0,-0.0,-0.0,-0.0,-0.0,-0.0,-0.0,-0.0,-0.0,-0.0,-0.0,-0.0,-0.0,491.64147922982573,-0.0,-0.0,-0.0,-0.0,-0.0,-0.0,-0.0,-0.0,-0.0,-0.0,732.2780301720039,-0.0,-0.0,-0.0,-0.0,-0.0,-0.0,-219.04103325498676,-0.0,-0.0,-0.0,-0.0,-0.0,-0.0,-0.0,-0.0,-0.0,-0.0,-0.0,-0.0,-0.0,-0.0,-0.0,-0.0,-0.0,-0.0,-0.0,-0.0,-0.0,-0.0,-0.0,-0.0,-0.0,-0.0,-0.0,-966.6736292531424,-0.0,-0.0,-0.0,-0.0,-0.0,-0.0,-0.0,-0.0,-0.0,-0.0,-0.0,-0.0,-0.0,-0.0,-0.0,-0.0,-0.0,-0.0,-0.0,-0.0,-0.0,-0.0,-0.0,-0.0,-0.0,-0.0,-0.0,-0.0,-0.0,-0.0,-0.0,-0.0,-0.0,-0.0,-0.0,-0.0,-0.0,-0.0,-0.0,-0.0,-0.0,-0.0,-0.0,-0.0,-0.0,-0.0,-0.0,-0.0,-664.8650492102971,-0.0,-0.0,-0.0,-0.0,-0.0,-0.0,-0.0,-0.0,-0.0,-0.0,-0.0,-0.0,-0.0,-0.0,-443.2375085971742,-0.0,-0.0,-219.1241034975942,-0.0,-0.0,-0.0,-0.0,-0.0,-0.0,307.2967542930229,-0.0,699.544819379358,-0.0,-0.0,-0.0,-0.0,-0.0,-0.0,-0.0,-0.0,-0.0,-0.0,-0.0,-0.0,-0.0,-0.0,-0.0,-0.0,-0.0,-0.0,-0.0,-0.0,-0.0,-0.0,-0.0,-0.0,-0.0,-0.0,-0.0,-0.0,-0.0,-0.0,-0.0,-0.0,-116.083294194896,-0.0,-0.0,-0.0,-0.0,-0.0,-0.0,-0.0,-0.0,-0.0,-0.0,-0.0,-0.0,-0.0,-0.0,-0.0,-0.0,-0.0,-0.0,-0.0,-0.0,-0.0,-0.0,-0.0,-0.0,-0.0,-766.0748340881481,-0.0,-0.0,-0.0,-0.0,-0.0,-0.0,-0.0,-0.0,-0.0,-0.0,-0.0,-0.0,-0.0,-0.0,-0.0,-0.0,-0.0,-0.0,-0.0,-0.0,-0.0,-0.0,-0.0,-0.0,-0.0,-0.0,-0.0,-0.0,-0.0,-0.0,-0.0,-0.0,-0.0,-0.0,-0.0,1202.910434152038,-0.0,-329.63515174016874,-0.0,-0.0,-0.0,-0.0,-0.0,-0.0,-0.0,-0.0,-0.0,-0.0,-0.0,-0.0,-0.0,-0.0,-0.0,-0.0,-0.0,-0.0,-0.0,-0.0,-0.0,-0.0,-0.0,-0.0,-0.0,-0.0,-0.0,-0.0,-0.0,-0.0,200.1207034395861,-0.0,1899.8126182808992,-0.0,-0.0,-0.0,-0.0,-0.0,-0.0,-0.0,-0.0,-0.0,-0.0,-0.0,-0.0,-0.0,-0.0,-0.0,-0.0,-0.0,-0.0,-0.0,-0.0,-0.0,-0.0,-0.0,-0.0,-0.0,-0.0,-0.0,-0.0,-0.0,-0.0,-0.0,-0.0,-0.0,-0.0,-0.0,-0.0,-0.0,-0.0,-2022.9141771229095,-1294.4794539496277,-0.0,-0.0,-0.0,-0.0,-0.0,-0.0,-0.0,-0.0,-0.0,-0.0,-0.0,-0.0,-0.0,-0.0,-0.0,-0.0,-0.0,-0.0,-0.0,-0.0,-0.0,-0.0,-0.0,-0.0,-0.0,-0.0,-0.0,-0.0,-0.0,-0.0,-0.0,-0.0,37.286425733988615,-0.0,-0.0,-0.0,-0.0,-0.0,-0.0,-0.0,-0.0,-0.0,-0.0,-0.0,-0.0,-0.0,-0.0,-0.0,-0.0,-0.0,-0.0,622.9505005087352,-0.0,-0.0,-0.0,-0.0,-0.0,-0.0,-0.0,-0.0,-400.1161618934335,-0.0,-0.0,-0.0,-0.0,-0.0,-0.0,-0.0,-658.2550845661777,-0.0,-0.0,-0.0,-0.0,-0.0,-0.0,-0.0,1970.6836725277524,-0.0,-0.0,-0.0,-0.0,-0.0,-0.0,-0.0,-0.0,-0.0,-0.0,-0.0,-645.9580193970183,-0.0,-0.0,-0.0,-0.0,-0.0,-0.0,-0.0,-0.0,-0.0,-0.0,-0.0,-0.0,-0.0,-0.0,-0.0,-0.0,-0.0,-0.0,-0.0,-0.0,-0.0,-0.0,-0.0,-0.0,-0.0,-0.0,-0.0,-0.0,-0.0,-0.0,-0.0,71.80396586147792,-0.0,-0.0,-0.0,-0.0,-0.0,-0.0,-0.0,-0.0,539.7944145661482,-0.0,-0.0,-0.0,-0.0,-0.0,-0.0,-0.0,-326.39810121031536,-0.0,-0.0,-0.0,-0.0,-0.0,-0.0,-0.0,-0.0,-0.0,-66.11170867679243,-0.0,-0.0,-0.0,-0.0,-0.0,-0.0,-0.0,-0.0,-0.0,-0.0,-0.0,-0.0,-0.0,-0.0,-0.0,-0.0,-0.0,-0.0,-0.0,-0.0,-0.0,-0.0,-0.0,-0.0,-0.0,-0.0,-0.0,-1787.1970934281135,-0.0,-0.0,-0.0,-0.0,-0.0,-66.80170978545708,-0.0,-0.0,-0.0,-0.0,-0.0,-0.0,-0.0,-0.0,-0.0,-0.0,-0.0,-0.0,-0.0,-0.0,-0.0,-0.0,-0.0,-0.0,-0.0,-0.0,-0.0,-0.0,-0.0,-0.0,-0.0,-0.0,-0.0,-0.0,-0.0,-0.0,-0.0,-0.0,-0.0,-0.0,-0.0,-0.0,-0.0,-0.0,-0.0,-0.0,-0.0,-0.0,-0.0,-0.0,-0.0,-0.0,-0.0,-0.0,-0.0,-0.0,-0.0,-0.0,-0.0,-0.0,-0.0,-0.0,-0.0,-0.0,-0.0,-0.0,-0.0,-0.0,-0.0,-0.0,-0.0,-0.0,-0.0,-0.0,-0.0,-0.0,-0.0,-0.0,-0.0,-0.0,-0.0,-1347.303221971452,-0.0,-0.0,-0.0,-0.0,-0.0,-0.0,-0.0,-0.0,-0.0,-1681.0371503083998,-0.0,-0.0,-0.0,-0.0,-0.0,-0.0,-0.0,-0.0,-0.0,-146.53941673237264,-0.0,-0.0,-0.0,-0.0,-0.0,-0.0,-0.0,-0.0,-0.0,-0.0,-0.0,-0.0,-0.0,-0.0,-0.0,-0.0,-0.0,-0.0,-0.0,-0.0,-0.0,-0.0,-0.0,-0.0,-0.0,375.23627636201553,-0.0,-0.0,-0.0,-0.0,-143.06659248541877,-0.0,-0.0,-0.0,-0.0,-0.0,-0.0,-0.0,-0.0,-0.0,-0.0,-0.0,-0.0,-0.0,-0.0,-0.0,-0.0,-0.0,-0.0,-0.0,-0.0,-0.0,-0.0,-0.0,-0.0,-0.0,-0.0,-0.0,-0.0,-0.0,-0.0,-0.0,-0.0,-0.0,-0.0,-0.0,-0.0,-0.0,-0.0,-0.0,-0.0,-0.0,-0.0,-0.0,-0.0,-0.0,-0.0,-0.0,-0.0,-0.0,-0.0,-0.0,-0.0,-0.0,-0.0,-0.0,-0.0,-0.0,-0.0,-0.0,-0.0,-0.0,-0.0,-0.0,-0.0,-0.0,-0.0,-0.0,-0.0,-0.0,-0.0,-0.0,-0.0,-0.0,-0.0,-0.0,-0.0,-0.0,-0.0,-0.0,-0.0,-0.0,-0.0,-0.0,-0.0,-0.0,-0.0,-0.0,-0.0,-0.0,-0.0,-0.0,-0.0,-0.0,-0.0,-0.0,-0.0,-0.0,-0.0,-0.0,-0.0,-0.0,-0.0,-0.0,-0.0,-0.0,-0.0,-0.0,-0.0,-0.0,-0.0,-0.0,-0.0,-0.0,-0.0,-0.0,-0.0,-0.0,-0.0,-0.0,-0.0,-0.0,-0.0,-0.0,-0.0,-0.0,-0.0,-0.0,-0.0,-0.0,-0.0,-0.0,-0.0,-0.0,-0.0,-0.0,-0.0,-0.0,-0.0,-0.0,-0.0,-4716.705380424938,-45.8543760377849,31780.700758661653,-3185.1370211637577,-3965.6647787355273,64509.94212859744,-0.0,-5874.567786332718,781.1113419928569,1868.026611280384,-21463.900625848968,-0.0,-4149.399890473568,-0.0,-0.0,29868.802286328133,-9842.416443869417,3377.5361691502244,5577.526882093346,-3998.465103913552,-24114.209109706928,-7788.081639262723,45.569379696077185,-79.92416941585924,-5467.528875869958,-0.0,-11754.506092987633,-16339.558952661097,13804.186150649044,-510.50791826450126,7.06841157135545,41655.50015006804,-2821.0527807813105,-105982.54330556368,-2508.788107915443,-20368.418731256468,-16960.034761679046,-5638.460081650757,-5464.101409627654,-13158.254322566709,11262.200008836111,-2199.28707892813,-3696.2607941894935,-3299.753855419528,-10015.175978676605,7379.535158397206,33799.10073381668,-900.1194208048815,62.310874326074625,19135.820686648985,4770.9304711704535,-498.8029460463711,13159.528228981393,7385.482334968547,-5145.675351150019,-6532.254975749527,-3458.475579066462,313.7615403667217,-0.0,-0.0,-239.52458204815645,-7285.831684417869,-3118.197461022791,-2729.1363971656483,-1561.3998430723777,-4133.74248507067,9820.441899502315,3274.1832326930526,-7499.066354785392,17866.246848728308,-18023.533074358034,-31053.990616706695,61896.33762641789,-20539.10475817576,-8298.115606589581,-1961.5916639263833,-3318.7320493270427,-5413.146513400744,-4226.531672988867,-29602.41559763857,-0.0,-12173.293713163188,-0.0,2729.7589634835285,-0.0,-0.0,-12636.193358389748,-1089.325693807137,-0.0,-0.0,3587.2671912789556,-0.0,-0.0,-0.0,-6286.416809842335,-4118.502604003842,-6645.939591549274,-6588.19971997132,6996.37667348633,-0.0,-26563.166476106842,41708.1827071811,-0.0,-0.0,-18143.969068486465,-9400.309310483173,168.42444277202037,45.46139106387642,-0.0,48539.52033467455,-0.0,-0.0,-0.0,-0.0,47455.65673287762,-926.3818562117359,-0.0,-10022.613116895007,-0.0,-5499.537070567004,-1196.1150213451456,-2915.2526201590713,-14253.499998575902,11217.1073135752,-1331.5224614377466,-8376.883307623842,-0.0,-0.0,-4503.404376793726,-6224.600423955898,-9308.874815038715,52039.58986777426,-0.0,-160.80799250306313,11586.180375527922,2912.953161251921,-1773.1007450408451,623.8933747285676,4762.488701501681,-3336.559503112704,-73.2694884257405,-16077.665418490866,397.46486706972775,12137.98585702537,-722.6697075729513,11433.336344578294,45242.619696142116,2778.0872910496946,-60.2689846729101,8424.952782746732,-1862.970638124001,-6945.643683890419,-9149.119178660714,-13198.541131759543,-0.0,5854.651843647352,17917.85766533771,19452.88769728291,-8745.446366851329,6649.286692503152,7946.299634385475,-7335.052281700108,14409.142940734457,-12847.810420035483,-0.0,4115.729001519622,-10955.59689841969,-14271.427137776802,-7753.835286556007,22889.358915605277,2862.282187315429,-0.0,-5485.691957263174,-0.0,-2480.8718105359253,87.08571551061212,-3632.3552828955626,-0.0,184.71084446708358,-220.38729113592552,-19646.929574879436,-11429.344152682745,19770.914728979464,-6210.1676717962955,3178.17506817718,5083.837932565899,-5871.930269839883,-4757.231662208622,-10370.717012711259,-0.0,-1907.3766211234506,-1606.0339723383238,-0.0,1145.4283674557246,-328.0938138597709,-0.0,-0.0,-13140.249675947058,-3210.3722983202774,2671.0238213397624,-4356.6206008874,-0.0,-0.0,-0.0,49559.19406184367,18161.877796619316,-0.0,91.0088200063943,10876.863557646864,-0.0,-3882.759408101888,-2171.448694576178,-0.0,-3913.179362959759,-8190.699368732962,107731.02657208152,-10843.038619435289,-7860.595636844637,-30138.481269460426,-0.0,1314.8611194152834,2652.8141980930836,-8759.956510940407,26710.779517535742,-7292.71602949813,-35610.51557393966,-12769.815556659702,-8230.340786699415,-0.0,1103.5801499115953,-4329.049864030393,21522.58102178871,-139.6504068159419,-384.126144465828,-9663.972696528795,-8275.223465368092,26569.8364924102,-0.0,-1917.1692279167003,628.1320160255601,-0.0,-0.0,-0.0,-0.0,-0.0,-0.0,-0.0,-0.0,-0.0,-0.0,-0.0,-0.0,-0.0,-0.0,-1899.7613895354634,-0.0,-0.0,3058.793658677719,-13086.569151112657,-621.5867468267911,-9238.323792654075,22281.857785704127,7230.820425618908,-3490.1728211104855,3068.6026181250486,39391.48796469724,-0.0,-0.0,-3746.7286152335346,2872.6951552984483,-6052.6137601523515,-7514.436890993158,-0.0,-33.00169216320621,8944.190359385044,-4045.9586500315745,-2402.7721557696436,3239.769880407708,-22442.90990106608,27184.398839183385,-5137.819599609909,-898.0147525690995,12145.450848759996,-0.0,-0.0,-0.0,-0.0,-0.0,-0.0,709.0642758112791,41254.98626840271,-8970.974419116428,-9811.673343143962,-7947.162883582739,-0.0,-8086.928149348036,-11624.492409250208,-0.0,-0.0,-0.0,407.9467890606106,372.9856820387584,604.7061055726836,2224.541101077012,-0.0,3517.3346935034288,746.8399684079943,769.1468148615294,740.253126896957,643.9798980482724,2516.5057113272533,1424.1017142238088,2420.2452154444936,2177.5539111186654,2373.0142736392136,2561.6012193765105,32533.51854335696,30693.49357416636,36116.87735189253,33596.37273349034,8325.062565736085,7478.169540776117,7683.886448854968,8646.02915237955,4193.247353666716,1781.909438766308,1851.8482388960178,1925.0523162061181,1844.2658452930768,1941.6501749806878,4064.6935161635365,3818.4402950239246,1305.3822341477376,1093.5502589090602,560.8665788124516,358.2093048556512,451.4729117280027,29916.989606614374,28977.617618920183,32361.145754926198,28708.5618632159,50496.386474119965,47756.39758872427,1150.280151004493,1039.117469726772,1143.3230903541855,1098.2156790105157,1070.2260697499455,1115.7209856398981,576.0094398324579,50420.591296798346,44961.390386868065,44515.762361319445,2431.2105106706153,2321.310466107905,2506.095510365522,-0.0,7273.596282144155,7783.049285908098,33747.48506720533,29326.479098433465,34451.570694686525,52440.52468119019,51353.660280715034,58518.080781709825,50316.38851154804,2412.010893867108,2078.485754946608,4463.242464339082,-0.0,17155.11055326065,19434.21130718071,-0.0,1359.115265487599,1322.5408145629808,1330.901281153348,1292.5151263405235,1290.186771753245,1307.7582774384239,33956.77875538059,34161.75172469715,31803.88451552183,29073.91202450642,1033.9445496400283,1123.9023474827059,-0.0,-0.0,13123.533507935255,32958.4999193833,28818.51012930286,32132.760796128892,34746.071090067446,-0.0,48026.434264376345,44684.24070043625,913.8168244632853,2028.7526244920482,1940.6036389528892,2075.0711425412796,2167.4291082822438,2192.9550695982225,51207.02431528857,49231.06991754509,-0.0,-0.0,14168.21324732051,944.2718878374027,32025.532405537208,33587.00986847148,29780.171946214192,31008.048978648956,33938.508676482874,28011.418392720218,-0.0,14089.020381705071,8792.86105858537,-0.0,-0.0,1201.9607680877357,1283.6527213648144,662.8656123645538,738.8312677004078,381.8731374093373,387.0991129363751,-0.0,911.8732420336333,910.554528793209,970.3953327945366,1116.352835451411,-0.0,1423.7360892718582,1388.0448129476026,1648.0067068920166,2143.3708757394884,2122.0331704091127,1948.0398835058677,685.4250173729336,772.7625031277561,761.9731441310888,1263.6851040287816,813.7105758320057,877.9725472457234,896.2192570445433,825.9462511309305,7300.951510816606,7294.980993878606,234.31413594861078,230.45364673278692,3101.7292293401943,12580.010735286085,1262.9373881672902,1348.83819575237,-0.0,-0.0,7714.062326111668,7720.032543823365,7609.097434835384,6651.760714243175,1775.5539005140504,1758.79844150567,31128.412209902475,28507.834378501848,8339.022547248278,6207.09335738142,-0.0,45156.654150925,1716.5859207842188,2029.1442267915195,916.6600567159193,48253.46122993152,48520.692725908266,51550.625080929065,42784.49724389874,182.67355659315413,50483.13140972364,45731.310430888356,-0.0,-0.0,20889.3947445654,-0.0,1052.2543470875248,902.0323347225134,919.1266643569909,1965.4141057797544,8314.588527646614,15558.589782802163,1622.2491918218996,1566.8657054280006,21.25902311848717,606.4276562445049,614.450553579045,14566.709973281668,1270.464659938487,-0.0,-0.0,-0.0,921.8199385055444,-0.0,964.2598788622153,-0.0,5397.617319584832,5479.2803159965215,4926.221532879701,5096.104905524017,770.3688104199914,-0.0,745.3310063492329,-0.0,-0.0,846.8553369757293,892.8495902639762,927.0135084010782,783.7462896544042,692.8784655342383,648.2963652928732,1517.228050100484,1448.978569600544,1395.1676391211088,-0.0,2674.8074927424864,2342.372773733114,2740.5585250879644,2620.1257795325364,4189.369962006802,43404.84054724776,45523.48219180662,9074.0830611009,18476.550341918064,13226.473796111948,15890.571565632637,1465.3145581980407,1765.265001758255,808.809560488396,743.50055704539,1936.8911378989244,-0.0,33993.280808036754,29390.501252269383,1243.885694813875,1007.2128769244573,1075.4849307615862,4809.533680378844,2731.1181210925984,2575.974150367583,30091.59774267185,28467.45591309195,31663.346266901815,36674.52645875262,-0.0,-0.0,-0.0,1997.0091269346053,2130.4153437435893,2209.93038362241,7991.600283133412,7640.406450080054,5533.826743949334,2055.316919262813,2175.355265738831
5,-0.0,-0.0,-534.5521331488122,-1853.8405866180606,-470.51527454331347,-445.76714013635103,-87.94957301027685,-545.4177833257638,-516.5833225401273,-0.0,-1153.2474136151193,-0.0,-0.0,-2355.183393795361,-0.0,-491.9459205264094,-394.41813164641695,-0.0,-39.57661431152854,-212.83420225520885,-269.06585963250023,-614.4118458250215,-785.051934727366,-645.8856491434074,-1890.8089068961347,-554.4614350558566,-0.0,-36.006396253504036,-2542.9214387822058,-1574.851183951304,-0.0,-0.0,-0.0,-0.0,-0.0,-0.0,99.27183035313158,-182.16679224798077,-1598.9763326012485,-1363.6782866844972,-0.0,-0.0,-120.58797255647319,-470.44284678483564,-148.09497382510952,-0.0,609.2132705609546,-1596.6833065695646,-351.93446927433143,-0.0,-0.0,-240.02130223108028,-0.0,-10.137846052081995,-1867.9931580537034,-2532.309318707434,181.39320237436803,-5185.762001962242,-192.47130053473845,-0.0,-1626.7242383315229,-0.0,-598.9179906919748,-2690.0946362869713,-443.1278665918926,-442.477558425683,-37.59801431938425,-1905.052151218267,-786.6678193689785,-403.9971767948918,-2511.505470980119,-0.0,-0.0,-2341.956366261797,-902.0398870006583,-202.77751027058866,-1561.4008203759493,-0.0,-0.0,-1188.8797063612255,-1277.621148011022,-447.674100525213,-3094.749339095343,3.5351697052574176,-23.70742844818068,-1879.4360612251137,-0.0,-543.1222118247416,-876.5019176905139,-6.707964042855367,-0.0,-1184.8918914718702,-75.47447335100928,-709.7251055162051,-1906.475830459691,-36.30685629978737,-2287.842249930048,-378.0806799011731,-1255.9357641680658,-2494.2045118068645,-634.7417596815961,601.3057648541642,-491.9476473238972,-0.0,-1238.713020402134,-2083.2703281654185,-4162.104779520172,-414.53332815812735,-2730.9908883195258,-0.0,-1459.3361027829271,-0.0,-0.0,-487.82873320201406,-0.0,-0.0,-592.3747509413577,-73.22179639895805,-1352.02595605388,-819.1880980967921,-731.4420825883003,212.42842812995877,-413.57779967115647,-275.2348798654171,-191.5910486288324,-7.339826045041155,-489.63569162755545,-551.6359872533071,-684.8627586238307,-0.0,-4406.2908163770735,113.00482993504484,-98.00605778233006,-3981.650143302239,-0.0,-940.5670553433908,-57.92920982830903,-0.0,-288.4628381242668,-0.0,-0.0,-763.0951291826273,-0.0,-635.0818024646067,-821.5142163508591,-0.0,-996.6239979526385,-258.0096270287152,-572.0900691062799,-1929.7232089700763,-0.0,-1522.9978060508056,-1071.9769505579243,-0.0,-0.0,-0.0,-0.0,613.364833929294,-0.0,-1472.1091855463594,-1570.7401313229066,10.21095572203866,-0.0,-0.0,-620.2694999984896,-491.4593348043373,-690.5419285279964,-0.0,-395.3986836218943,-2756.4899886597714,-955.7862602594568,-0.0,-1098.241123928051,-2256.765951625013,-0.0,-0.0,-0.0,-0.0,-0.0,-0.0,-456.890291837355,-558.8021274648356,-213.87385455531742,-181.8140965766882,-1229.9332741321305,-47.97411834976409,-0.0,-0.0,-652.0352220703733,-0.0,-511.48181762974167,-26.391105684424677,-3.9110639552781765,5.3656271976336765,-0.0,-0.0,-1089.1544560659106,-390.82054266053416,-431.9493002112965,-0.0,-3126.080129146316,-1838.8857186793548,-950.2941392462668,-0.0,-0.0,-2038.206677060319,-1346.7006271589119,-603.9022543540027,-77.80538742478286,-1560.347752255586,-1301.159765576581,-0.0,-0.0,-1545.2443825740074,-0.0,-726.6767067403908,-1182.050397254114,-126.1590625769203,-383.0559548706688,-550.8394685799733,-520.7467351461077,-0.0,-1407.8802800833444,-0.0,-3086.90546957004,-2609.9779985695923,-170.61028902629684,-367.514572861444,-433.870862140609,-0.0,-261.3594718018955,-242.30360789532955,-0.0,-993.1821700470061,-634.737271708971,-1032.7370749047668,-1450.8233340783897,-855.1001599184927,-1980.1095684932914,-1931.4006383901183,-2248.1351546555256,-2053.2941034545274,-945.7258587976379,-1977.188661287059,-472.2891731394718,-542.7880276415956,-0.0,-1116.5550267189865,-1001.9139947923463,-921.158289643776,-381.9150613565675,-367.4486573021586,-1879.4279501820656,-716.7134278919722,-383.3282069791542,580.3947232834408,-0.0,926.2441376569528,-1265.624615813282,-0.0,-0.0,-0.0,-0.0,-0.0,-0.0,-1188.4830849381783,-2534.598016568825,-461.34673612802374,-905.993483137016,-0.0,-0.0,-1701.8589147665234,-1113.3946170429892,-1935.8428270766203,-0.0,-0.0,-127.97402507689755,-54.08849983970084,-365.68713084734225,-1723.664700053295,-464.1366411123615,-0.0,-479.20068372352097,-629.6357769063468,63.291407217966714,-1105.4716383577725,-1359.5099997327904,-1232.2732550518135,-1685.787412745003,-285.4218421855564,-542.8998529634059,-38.61416825895037,-1604.360517738218,-0.0,-779.926086748916,-152.21530270269346,-78.0982531342064,-540.7028320665673,-0.0,-1991.7512736479116,-118.87952674230552,-630.5863823840125,-1464.601683876176,-1448.7044285233933,-0.0,-530.0635700582442,-712.8823567128096,-23.604354244327645,-232.88599542646708,-465.6953822867693,-51.59771647899691,631.6061786735893,-1093.957783447931,-0.0,-861.7336459595615,-1424.306228826133,-0.0,-458.04825239502156,-0.0,-1429.6187716145791,-0.0,-0.0,-0.0,-1075.1517471710808,-672.4230385108816,-426.7710477418716,-0.0,-1476.5347832994923,-2848.260639812999,-3415.3459317300026,-0.0,-309.0482727910404,-0.0,-262.0444262654248,-106.47920720740852,229.73443824091,-532.4586573216106,-0.0,-641.7169554162496,-848.4726759728941,-292.11156765606654,-538.9403716095758,-0.0,-408.27907349874005,-848.1847225472629,-502.31331206916894,28.248853779957322,-2107.051383949732,-0.0,-0.0,-1286.8916630178342,-232.32727559558575,-1270.3124118452138,-88.60278814958271,-118.39245791066978,-201.17431771942742,-565.9251150825687,-927.9527030051753,-1240.8494274434008,-1926.1285740896394,-0.0,-0.0,-371.73442242119177,4570.895925324275,3.989282408662309,-0.0,-0.0,-0.0,-0.0,-2137.0652725710124,-446.8960698858178,-0.0,-912.1656477912533,-852.8170396896342,-686.2414186147173,-2039.548908664743,-233.0867703330063,-1075.6218771850163,-0.0,-0.0,-1834.5184891303245,-621.129232523566,-1573.9374932134576,-666.077945334253,-757.6454601516026,-1688.3273250869163,-203.29409705010733,-1538.6300330718163,-1008.6504209203594,-28.95981487537448,-941.1792659384747,-1035.8841855209766,-211.0547617613266,-205.6331052309106,-1759.4949761670682,-0.0,-433.3840772470044,-257.60377557836966,-28.279718449216514,-734.4795499750682,-196.23951840087005,-871.6181215216238,-810.4766096004586,-1156.611636819179,-214.99684214564672,-2319.9216326859455,-52.849688693905215,-553.8583865862239,-0.0,-725.4728893514134,-689.4985941887414,-885.3126237364459,-1060.7287643807206,13.320912182393313,-373.36819161465246,-2369.4007414547277,-728.7511634290966,-350.70534898511755,-1043.4353396458025,160.41830775889895,-0.0,-0.0,-0.0,-0.0,-0.0,-0.0,-10.111917493767827,-158.73831423506866,-2112.0226161174314,-4510.102496225959,-450.37187288089655,-898.1123955071367,-126.98621499557677,-488.13875065979516,-1238.8756797564047,-1024.9443663143534,-36.16426860882765,-498.30711590487965,-455.1064899646537,-0.0,-87.03014667085131,-1024.1627589913444,-437.22655732445793,-0.0,-947.1784431586505,-0.0,587.4763082234164,-0.0,-0.0,-0.0,-37.3924861980901,-0.0,-0.0,-984.7217833206722,-385.9874736194723,-1106.0199256720769,-0.0,-0.0,-0.0,-822.3110090149294,-535.2816162867056,-1217.5413213208951,28.857030407332253,256.1907808962224,-0.0,-0.0,-2841.7250265971907,-1132.6495644032236,21.38391967933972,-52.692973169339396,10.658165201652182,-17338.209275077916,-17233.211652429418,-2149.1730856997824,-0.0,-0.0,-0.0,-0.0,-402.1028707812536,-0.0,-0.0,-562.321611954233,-2087.770649021648,-1817.3635058022267,-1240.3386741820364,-318.4272036637524,-1695.3146623473351,-29.381240810866924,-1193.9424782466547,899.22493578529,-6.795598601173458,-834.6823706306425,3.5901400864490953,-0.0,-0.0,-0.0,-0.0,-147.09742048953322,-0.0,-0.0,-0.0,-851.6603233680743,-1365.423201741376,-0.0,-0.0,-237.34626606835522,-2050.0579647580494,-0.0,-1306.9604770504222,-1537.6336217399282,-1880.1831347252516,-0.0,-0.0,-96.13291289415848,-79.6443557429155,-953.4163556815172,-1394.4039743289181,-516.7543543801019,-1223.4714459419552,-1160.82282159215,-0.0,-0.0,-0.0,-0.0,-397.1761305672392,-237.17326597005047,-0.0,-0.0,-90.23192388536492,215.2215658047106,-0.0,-1158.1580592727319,-963.3441266782811,-1001.4746065085282,-0.0,-0.0,-593.4098006403684,-1121.447851463299,-695.582761538602,-383.7533170311034,-0.0,-2058.973651570088,-2156.68587264321,-0.0,-0.0,-0.0,-0.0,-0.0,-1363.1759415775778,-0.0,-2114.0337540753,-1223.6925873405216,-65.75421480757046,-0.0,-0.0,-0.0,-2530.8096999956415,-1249.804784351415,-514.3469249629711,-444.23257182938715,-1140.8056926050756,-595.6442165473455,-0.0,-0.0,-650.0754290060993,-1288.5649628272308,-65.43645328845619,-441.0588239122979,-0.0,-816.4407076292813,-622.371590679007,-1694.3670756350284,-0.0,-297.6968173901657,-123.24412844854426,-307.57275644576805,-1369.8464874173242,-275.2564847333621,-0.0,-0.0,-0.0,-0.0,105.36367242084945,-137.75974940754168,-831.6207160661467,-1413.730995927076,-1063.911920403535,-422.04799761539215,-549.1115609126947,-5558.771195960335,-776.106741404276,-507.255654101098,-0.0,-0.0,-0.0,-262.4848315458493,-375.0357573743828,-1178.6705697556872,-347.97275012674,-0.0,32.01798411896479,-0.0,-0.0,-0.0,-0.0,-0.0,-0.0,-0.0,-94.29311706003871,1531.7455094077714,-0.0,-1408.4750062427997,-658.1048763593234,-396.4867764551648,-1546.890692259638,-0.0,-0.0,-632.8984630273077,-646.0453686938622,-106.30623091714527,-123.39457904791675,-131.38554152381158,-583.188378781718,-149.2932844926079,-1753.2611044994899,-333.48957440439773,-385.46680488431184,-0.0,-0.0,-1400.0080444457813,-2654.9055740703,26.142990795681385,-486.6591461428155,-341.2153359229427,-861.5220480766574,-1178.8082474194014,-710.77999116481,-272.8677738682772,-155.53795214528,-1205.0867646816835,-0.0,-0.0,-0.0,-0.0,-0.0,7418.698348474729,-67.98133039475769,-505.54837536399225,-638.9609500288386,-1015.9300275107564,-1117.2290554357744,-1221.907480352318,-1523.4569758878752,-1758.4302912253095,-415.3928272361295,-0.0,-0.0,-1405.683249105516,-0.0,-0.0,-290.34688715415797,-1824.7086229626652,-1148.8498894587158,-462.2257423711501,-58.77938350511126,-1548.689608781582,-0.0,-1340.8577191992138,-0.0,-0.0,-0.0,-0.0,-0.0,-0.0,-452.6964817561544,-1227.382821981392,-995.3379598967705,-79.12416157622965,-229.73207679516318,-567.1826391255038,49.61160674464894,-0.0,-0.0,-537.0887980869917,-509.88967010221523,-3738.8575301586447,-0.0,-1184.7788748848338,241.96984214267204,125.12362901814278,-0.0,119.1539392841513,-185.2393756798958,-138.5900143535797,-424.95556412944006,-0.0,-1647.007386091268,-0.0,-0.0,-1019.0914168728063,-0.0,2269.5667763411147,2207.9864541803986,2082.833799855431,-0.0,-0.0,-1696.487882615983,-0.0,-0.0,-324.831817528598,-868.1891476530445,-693.2207004609076,-847.2906223251578,-1006.3954961602701,-0.0,-0.0,-0.0,-0.0,-686.0594858349023,8.018979413994549,-50.796200397486835,-973.6809496916094,-936.5451824250625,-350.3934158319552,-1385.9259367563607,-0.0,-1962.2819224113468,-1017.2060879777412,-1327.7731784357015,-393.73823034304394,-364.20246645195243,-0.0,-1207.0813571100143,-673.5639427832872,-823.5915090804873,-1993.5197284494786,-532.9742223599856,989.1085020063051,445.5331415063001,-308.12379122672655,-1168.949375567298,-0.0,-1633.2721800616255,-3275.6064563119394,-415.4361658404277,-452.4625907814496,-0.0,-0.0,-0.0,198.44534657518588,-333.85440734414726,-490.58413704414704,-138.98575825930374,-445.75735364254234,-477.28064541098377,-0.0,-406.9501053175834,-880.5912406147155,-688.6279847165965,-0.0,-1696.302204349917,-4109.115805741774,-0.0,-0.0,671.7305680237987,585.311788607655,-0.0,-0.0,-608.244921043435,-871.6901706816217,-306.5623733294993,-634.1969184531123,-0.0,-0.0,-0.0,-0.0,-0.0,-2526.6379249890597,-404.2086703255796,-1528.7030142681567,-1066.8781686542602,-0.0,-402.9782217610204,-377.84631481709323,-0.0,-208.42541773072713,-649.356885039545,-1122.2409490248301,-3778.330291624395,-73.39509132968924,-0.0,-0.0,320.0358262924838,735.6877334608977,-0.0,-0.0,-355.55310646376864,-0.0,-0.0,-0.0,-2389.1318381992573,-0.0,-504.74464684614355,-0.0,-0.0,1610.3810736368807,2017.9366717504893,1924.1615825818212,-0.0,-0.0,-432.9490336624754,803.2564664769081,-2434.0902737845167,23.63482497450781,71.9040877391879,-2339.09192485978,-100.7474003743908,-187.54484821048436,-609.5333147959071,897.9763031398013,3092.4518345292763,-2796.333214750166,-0.0,-0.0,-900.9040204369438,-1542.3729628317935,-1115.1145042870985,-221.86326817392725,-40.08176433740987,-0.0,-0.0,-0.0,-0.0,-1857.3754540510895,286.76663408438094,-0.0,-3.400382731464793,-0.0,-1544.2686037904948,-1917.0977777191645,177.3465782732185,-0.0,-0.0,-356.48953228664254,-0.0,-1574.617482137805,-89.19812789160513,-1079.1347759128644,-421.77751122821365,-1107.125273852451,-619.3605577895112,-1069.5257274217038,-644.6859465722235,-0.0,-0.0,-0.0,-108.79350986267147,-0.0,-0.0,-248.9245438042799,-355.6008880888562,-619.2741768779111,-0.0,-1284.8582152034005,-993.5464106104924,-835.1605054753494,-6.90144896025858,-7.0542750589115055,260.3500360504542,37.43971182902954,-0.0,-0.0,-11.621050046418654,-1664.682867360442,-580.0661001834478,-903.3491901384014,96.22304662974888,-2051.8035532683693,-1710.8634130604316,-899.2364480578116,-1006.366700583591,-42.47127057495174,-547.2078037573392,-664.3437309393819,-1185.4121214557667,-1914.4096366471704,-0.0,-1915.7639343006229,-142.58891731580016,-0.0,-2350.2445192062096,-2513.0099343840084,-2194.346374408419,1442.9642512564842,-0.0,-1655.0064408738872,-215.59757478224626,-1166.3687442241562,-558.3200905978297,-112.13262518601496,-2069.350552301874,101.82345350348552,1563.8227050136322,-0.0,-189.69052683802332,-383.90517277414796,-1020.1115077604819,-1107.090294821939,-1633.800591006834,-3828.544657506964,-0.0,-533.5394795122595,-1226.8555376294332,-645.8314728013564,-226.2924968504453,-26.01471049154975,-291.7596655794925,-0.0,-0.0,-0.0,-0.0,-308.7326197428902,-1186.7395263110768,-821.6801972754828,-59.85967610987852,-538.3281577953468,150.11241228712314,-0.0,-0.0,-813.8954733923188,-475.6848408619949,-0.0,-2003.1708862306923,-88.4864670767848,-1213.7057106946559,-0.0,-189.98361171122284,-184.87454528236154,-0.0,-0.0,-430.4154213460154,-0.0,-0.0,-3859.4946206463646,-179.85513420281615,-2335.6388036143167,-0.0,-0.0,-102.5324773683767,-1387.127589870018,-568.6974634245529,-350.9829973373442,-1381.696908555743,-0.0,-643.4596156192752,-0.0,-498.85080725829636,-0.0,-0.0,-185.67520327786065,-77.92796406436685,10.405463066716113,-368.80024571826874,-1329.000529432624,-1962.4494932118944,-0.0,-0.0,-0.0,-23.408227561363336,-350.1491756168643,-0.0,-1518.1285656636742,-2702.5028031425527,-0.0,-0.0,-53.09749822236063,-1509.6517293324257,109.81533568999659,-0.0,-0.0,-0.0,-0.0,-439.0564689514633,-1980.1982699649702,-191.3372686832048,-1281.6625939117735,-0.0,-0.0,-604.3924519622025,-444.6425110584749,-317.8944722250689,34.640599614133215,-0.0,-0.0,-0.0,-786.376821271348,-610.4504032109785,-472.11662077434283,-298.8653121560246,-0.0,-0.0,-0.0,-0.0,-2170.087139814312,-77.17180859362014,-22.029658913666907,-0.0,-0.0,-627.1096968854024,-339.9626264848963,-0.0,-1764.6220024936774,-4180.224738229558,98.35286662473204,-1095.8308380701176,-0.0,-0.0,58.32984991099779,-468.0515874993887,-1703.1541634920889,-480.94534076972013,-2699.020758597297,-1172.3187652726153,-710.6566610315256,-1332.327070907964,-0.0,-0.0,-0.0,-34.08916732338899,-1167.6123243394566,-0.0,-0.0,-2803.867000972245,-74.88408843795855,-1301.2737605485024,-721.9494846991657,-0.0,-0.0,-0.0,-0.0,-0.0,-0.0,-656.6159718539111,-0.0,-1466.100962688011,-0.0,63.71780274590303,-1228.3697382418748,-0.0,-0.0,-0.0,-2066.7580943090106,-0.0,-0.0,-474.98849071845746,-0.0,-0.0,-971.2551557398971,-535.4457426008287,-0.0,-0.0,-167.4536579363033,-1827.2434442896617,-0.0,-1025.7783252635056,-788.9748224812803,783.3231083902093,-175.93040449717188,-0.0,-525.0506163118691,-2.0610032576771964,-0.0,-20.37921300923327,-0.0,-335.2852199872598,-0.0,-0.0,-0.0,-0.0,577.8988981369982,616.2786396369083,-825.6806704621141,-1479.3714527635955,-0.0,71.99070345179292,-3.7130242849400363,-77.90483667072435,-858.6080811035172,115.96989604445946,-499.56045416591786,-378.27698339102574,-172.92943629718383,-3122.9675510216825,-0.0,-215.26705044408519,-1655.6797785846022,-2314.2326587209013,-0.0,-1049.490157672084,-1588.5721307090369,-1929.0512346994492,-693.1648239759369,-0.0,-846.5946939992167,-677.5514891330664,-737.9741037776253,-1154.9845540413758,-918.6269837612216,-0.0,-116.50314744059845,-1241.8016952402868,-0.0,1103.964534107347,-359.5011519875308,611.31639536104,-0.0,-0.0,-91.06253723002708,-40.12134541791736,-2224.0731791150383,-855.8763187382879,-0.0,-907.953298426299,-2921.8539623934407,-850.8093951298526,-806.2358816110673,-1091.8450643438618,-369.77676433528995,10.475008805670445,-37.405654102871,-0.0,-0.0,-900.663155087463,-70.56677357724026,-0.0,-0.0,-1806.674772706556,-633.6048640080576,-573.6969402952933,-1791.235115043438,-89.50295286948017,-16.62406848789677,-2414.3888394569817,-833.4373114662328,-576.477163155653,-971.8157461788732,-0.0,-2048.232882574206,-408.3031039294034,-1211.361934736108,-1510.4628325210062,-357.03560673250263,-493.9360225484726,-1601.5482310221785,-440.9141423496552,-0.0,-0.0,-0.0,-1254.3959769531864,-0.0,-3165.7293276254827,-1105.6367933571444,-1385.7805496309913,-0.0,-0.0,-0.0,-0.0,-0.0,-123.77746766543854,-0.0,-225.82023425725401,-878.5787284872498,-345.4057556198227,-0.0,-0.0,10.066110320757083,-0.0,-0.0,38.00183332839432,-270.2687178048799,-0.0,-506.80333380324436,-0.0,-0.0,-78.41001276712203,-10.810833295782242,-2397.633128756856,-2081.252774990332,41.230150519601644,-5910.052091765999,-841.3343457461541,-540.9310734572707,-0.0,-725.2200297736239,-1284.6410765084502,-0.0,-0.0,-0.0,26.772560614348166,-0.0,-1321.2613879108346,-0.0,-1320.639627501431,-0.0,-0.0,-2186.4897265176064,-343.78379099841084,-588.5150448144224,-0.0,-0.0,-0.0,-0.0,-254.29903322337677,-579.7188269521473,1161.395482524836,929.1094520811065,-650.7562930609605,-7.979913123698422,-0.0,-274.97908507545475,-299.18821599906596,-1613.505253127627,-512.1021346865994,-108.88732404953903,-947.6062980784305,-1316.2625030203649,-856.2811950029816,-566.5607846714861,-0.0,-0.0,-0.0,-66.5729914660002,-0.0,-1574.8143670236734,-615.1952602775956,-0.0,-1672.5068554178151,-1040.670380408667,-0.0,-0.0,-0.0,-0.0,-0.0,-939.7140592669199,-0.0,-260.7489495844927,-1542.0223580884492,-0.0,-986.2712507558206,-0.0,-0.0,-0.0,-2431.2134877259114,-1197.2656150801101,-895.4654706602486,-2114.6862010962627,-0.0,-0.0,-0.0,-75.4081139696514,-464.6785161729026,3.486142830058748,-380.18143780893195,-272.16286514883456,-0.0,-0.0,-312.5589654776221,-1411.2058945072754,-3203.066009457277,-0.0,-403.3629309988447,-1130.4517904414809,-388.5470880030877,-441.97928423767246,-0.0,-0.0,-0.0,-1633.5531594148636,-1588.7089492630937,-37.213545087120835,-1557.3660551409798,-529.0625455119041,-377.55462479292385,-7.09519512277333,-1141.9107331695113,-0.0,-1851.3202615602936,-0.0,-432.8902607966211,-0.0,84.01001114022147,-0.0,-0.0,-514.3084145543619,-824.3880879032495,-7.453410055540742,-0.0,1095.1870903057863,-0.0,-0.0,-1687.1802195003454,-1514.6134536883083,-1002.8387721753276,-0.0,-381.4199271313969,-628.2678684353401,-1417.5397874076407,-0.0,-0.0,102.17430261382162,-683.2115003365118,-0.0,-0.0,3.8625504088064004,585.131312250303,10.149293956732258,-1359.1873142315985,-0.0,-0.0,-1531.9020248172665,-1571.986952042708,-75.22007826281057,-0.0,-151.4299645079834,-698.0057526525134,-930.861448483724,-1590.5295025506807,-0.0,-871.5405395348322,-5.905049046386664,-0.0,-1458.6816107690045,-0.0,-0.0,-0.0,-0.0,-611.0850487086053,3.6743267315021715,-14.484841923607327,-0.0,-0.0,-522.1593298228769,-0.0,-0.0,664.8233064816984,-997.4422643103658,-41.561542104308124,-1984.748147566765,-0.0,-0.0,-501.33637594778605,-0.0,-278.09841340601406,-1099.8090047771295,-954.9240570992087,-974.7142939234104,-0.0,-0.0,1305.7823528833653,-0.0,791.4540213450771,875.0260063481049,-36.056882749925805,-729.5596109808739,-0.0,-0.0,-103.33880971754789,194.2681756859182,-744.094505419723,-344.2230034420884,-1067.6244544537678,-2437.514314254701,-1861.5807262753883,-0.0,-0.0,-240.31971530307857,-5172.738944296295,-519.2692451028624,-472.46271014537314,-0.0,-0.0,-530.6270644692313,-0.0,-903.5547841735787,-1297.6711601000097,-605.6958703192827,-0.0,-0.0,-48.26671189323214,-0.0,-143.9169012272215,-1140.3860137176782,28.212896733592302,-644.4866369994868,-426.1109140336098,-227.12237577516865,-639.8423707911209,-2290.867966623939,-13.726355922414895,-1114.0793946472502,39.43072610539636,-989.6892946883922,-246.74588621357148,-0.0,-0.0,-185.77034746371424,-0.0,-0.0,-1590.4820753994127,-586.1613364112955,-0.0,-705.7250780851409,-521.8082917958992,-0.0,-0.0,-1464.4863605636806,-719.2050057556221,-1341.6340564740951,-1385.5695921330823,-0.0,-90.08200572259997,-2600.584129032422,-880.395884160832,-289.1550509770774,1504.3752148377162,-1586.4106131974104,-1180.0113707715961,3.412564384636116,-769.3298279348741,7.149776708488587,-1658.6500821898032,-0.0,-2909.8877832620005,-736.0912826652958,-0.0,-1591.2636002180316,-1387.5666094748326,-0.0,-183.9010142283824,-771.0445884028842,-919.278029354075,-1415.960227557614,-702.6184222984086,-428.42985149141464,-530.9843002577734,-0.0,-140.3980969479667,-0.0,-2331.766351136517,14.618930064008856,-3045.700331606912,-729.3527755984187,-39.43365601889924,-39.22567026084829,-1251.7507916174507,-871.4474504851925,-0.0,-440.33554468406294,-0.0,-0.0,-604.6290281704009,-0.0,-0.0,-0.0,-0.0,-0.0,-0.0,-0.0,-682.8934812342544,-433.09773959744876,-2380.426626013008,-2380.3233873339286,-0.0,-0.0,-1099.5563040250943,-1785.9759434167224,-442.15580314456946,-187.40530966927219,21.57666496015376,-0.0,-1238.4037939432474,-0.0,-2258.194647221368,-0.0,-0.0,-0.0,-0.0,-1684.436981966492,-212.11248452834405,-473.4773934653078,-1045.0926598757542,-1135.0349085211876,-955.8499400876847,-672.7149157409482,-1097.6920977613627,-0.0,-0.0,-0.0,-0.0,-585.3126023442784,-400.79635576142704,-1347.1227551588556,-0.0,-665.5081751598714,-4948.504554796902,-584.0178708603268,-715.7585689403745,-3087.0283291643623,-682.8324119117879,-0.0,-464.4304559284196,-465.38912363605436,-1043.1032324470398,-611.3104736557485,-1429.5488174666245,-1500.4317039018713,-0.0,-0.0,-0.0,-0.0,-1363.7799351489095,7961.187769057977,5916.665359483914,-0.0,-0.0,-0.0,-0.0,-1929.2090487948567,-899.820632471297,-67.0604680834024,-1382.3585216786405,-695.5218732934885,-0.0,-0.0,-0.0,-0.0,-696.9663313354622,-0.0,-1574.6835410806991,-239.56387125950135,-0.0,-0.0,-0.0,-0.0,-100.86306603506905,-437.9364353665607,-390.22366982523386,-790.5000470615338,-880.7022289709223,-1052.063074519901,-863.8275722798708,-293.4061111355076,-1278.3578909712635,-1519.936598985041,-1058.9612843997502,-1510.1665621407196,-34.556448557749384,-1150.1560968356316,-873.772788764809,-816.3434761917268,-1392.006882006591,-282.3820634498107,-2373.1218598181113,-1538.9568975022646,-1665.7994878057239,-559.1378100466455,-478.12331135988484,-1100.9005264868972,-0.0,-888.5831524193901,-0.0,-2966.0084561479944,-824.8402872617482,-294.05024549083726,-1495.6067791878106,-1376.896153160751,-1039.1174351708287,-0.0,-0.0,-0.0,-0.0,-755.3275896894964,-2874.853947429947,-1562.0024439240249,-0.0,-0.0,-923.4973567683594,-0.0,-0.0,-1027.156292808241,-423.0089073772415,-863.0753134130222,-482.9334193977191,487.3519990261591,-1033.4733098932525,-579.6667360889041,-1553.7648538150474,-0.0,1210.9604337849457,-0.0,-0.0,-938.942196043843,-4619.5937105878575,-0.0,1336.8402889847323,307.6280254318284,-682.7003625954474,-212.73909920752337,-0.0,-1580.5280243185903,-931.6081805338973,-2123.2781330018097,-1850.7345245228446,-330.562551962955,-0.0,-466.5406152145601,-171.9124958367426,-0.0,-1074.9005899924225,-0.0,-1617.7741827627206,-2288.037155472822,61.25143146471591,-2117.790120188844,-1774.5265713380797,-0.0,-481.21775415308775,-1222.5765239898033,-2051.0906844937776,-0.0,-372.72842520117143,-2246.774671672517,-845.9482414380162,-744.8742036904999,-873.9707770137743,-380.6282810837988,-793.8254947390409,-1368.2470892092701,-0.0,-883.6687648510677,99.16598019683019,-1108.2475455654348,-0.0,-459.7869484636775,90.80912981701634,-954.8005122645017,-582.4703085277197,-0.0,-480.8593062451874,-374.1676745401569,-1642.029952099211,-1047.8699121981656,-1514.607110818693,-799.5122489707217,-634.3620775476712,-911.9109217377231,-1768.0254063677703,-20.748663111266385,-0.0,-435.13841122203894,-613.144866918516,-1191.4603123546224,-1878.4080595232033,-308.3652654462214,-631.2737890008949,60.50524060110369,-842.1321107549466,-1067.4709722937794,-822.0582499701959,-0.0,-813.2122834456235,-52.29160434680181,-2187.4249074934146,-0.0,-406.62425789684403,-810.0005102882541,-464.4530760326315,-2248.896829658581,-164.33594520584109,-1441.300181379355,-681.7914407900847,-2220.909737360253,-0.0,288.2190347187867,-0.0,-0.0,-289.21838301831906,-0.0,-0.0,-3431.267448641432,-27.961104515641093,-37.75052339304868,83.77384638262691,-1256.8535242461849,-0.0,-0.0,-0.0,-0.0,-0.0,-28.040569758890424,-0.0,-308.97317870222025,-0.0,-300.0152204284051,-1499.3390179368944,493.0511655760788,-2489.816319660704,-0.0,-0.0,-0.0,-0.0,-0.0,-0.0,-0.0,-0.0,-0.0,-2500.0459030982615,-0.0,-2567.0887419357955,-2653.445771437329,-34.16817143929389,-0.0,-0.0,-0.0,-0.0,-799.0276025115262,-979.081163523726,-0.0,136.16567119038686,-568.787797607001,-1852.9397792783532,-594.3103250948859,-0.0,-518.2906440467755,-897.6089463446735,-0.0,-0.0,-584.5342847663496,-734.6968987042102,588.4937398401843,-467.3667306886439,24.670635671803332,26.155368050846217,-0.0,-0.0,-0.0,1567.622174211277,1227.903521620993,1342.6361505292766,-0.0,-0.0,-0.0,-697.7156075192227,-0.0,-0.0,-800.2154546966035,-68.28588869034712,-380.50995639590167,-52.54184060734446,-1003.3684764015802,-700.5921073986865,-1192.068202774039,-118.30482790292234,-244.00137283845837,-1048.9190231193238,-0.0,-2103.2441293489437,-13.952781864357013,-837.9151545344104,-767.8336572546114,-15.329163108853455,-0.0,-1088.220131650866,56.35889473510499,-0.0,-0.0,-0.0,-0.0,-0.0,-1313.2736761683418,-3205.8306788282116,-0.0,-610.1796352187845,-56.4991058299374,-0.0,-0.0,-0.0,-422.3997641197795,-23.510500693551755,-0.0,-1154.2156403638407,-627.7017296839816,-0.0,-0.0,-494.50180288175835,-0.0,-0.0,-1525.8560488865835,-1350.642497320074,-0.0,-781.0524828020449,-1876.0585366418015,-73.25325397118505,-0.0,-0.0,-240.3834540087311,-741.6138570872562,-222.35560519919684,-169.533697096671,-132.38689372783654,-0.0,-0.0,-0.0,-1121.265671658076,-972.5095737863148,-1990.1135922864407,-262.5086282937648,-1218.8095141323283,-99.64809693943256,-155.38359739330403,-458.64075284571965,-1699.81273014178,-0.0,-0.0,-1428.8371521991216,-1599.1834800162828,-0.0,-0.0,-0.0,-555.4583054353899,-1807.879297895796,-3115.77848422591,-0.0,49.330562401143624,-173.75063303335,-599.0444504046668,-552.0572890694583,-1833.7145085327259,-0.0,-1409.4695810252708,47.3505014419369,7.835042823589985,-244.23270093355535,-0.0,70.1696169147927,-255.14354365536806,-424.85563220908926,7.626610271616274,-0.0,-0.0,-691.9652667915095,-10.74087919538317,-0.0,-1260.8110524351637,-866.0113821481322,-1112.9855530460704,-750.6783996029203,-1157.3129703395937,-1409.002051417392,-0.0,-0.0,-0.0,-0.0,-0.0,-342.72576099187626,-571.4759862359516,-1119.5307032140397,-1202.9590410898343,683.5054409408592,-1374.9186498742804,1530.9991245434244,-0.0,-1970.9774755532576,-1544.453119060586,-733.6011714959983,-28.8855844582383,-99.99498303379589,-2023.4574499025766,-201.84647152934184,-0.0,133.16877196254205,-876.7008015990892,-0.0,-0.0,-515.179958603909,-349.1661521946786,-388.8301200837315,-1111.5051060749959,-1452.016584976545,-0.0,-1383.368037127459,-1151.3004733070625,-4209.282495925276,583.9667077915442,492.9588954517996,644.3920407914352,588.3802759887384,-0.0,-0.0,-0.0,-0.0,-0.0,-0.0,-0.0,-0.0,-534.5698272662056,-0.0,-43.97212787605276,-39.800936986331784,-0.0,-1009.2734738352162,-1206.0129995404905,-1775.075022876979,-0.0,-0.0,-0.0,57.47627353217095,-2978.2164829967437,-578.3837628599351,-2508.3797663607825,-1615.7483380355409,-0.0,-0.0,-149.5653713554459,-1171.3277355535138,-0.0,-2069.7829550207225,-635.6575526737635,-0.0,-0.0,-0.0,-1946.2111942513923,-0.0,-0.0,-0.0,-0.0,-0.0,327.0371016773327,-0.0,-0.0,-0.0,-878.7876751649475,-0.0,-0.0,-0.0,-0.0,-0.0,-0.0,-0.0,-465.9168986112375,-921.0039978891018,-1250.184430913542,-1450.3764544830199,-522.5365013191644,-1020.8151004484462,-31.60391595267175,-0.0,-583.5146581009558,-42.20612071352501,-0.0,-0.0,-0.0,-0.0,-749.0060562740462,-0.0,-500.04687462738815,-1208.541968326861,729.8896232328235,594.8984028392155,735.4066761697845,643.1050352961275,668.7215153036166,-0.0,-0.0,-0.0,-0.0,-0.0,-0.0,-382.40326925179784,-0.0,1921.41273356646,900.3263394025508,1057.1419409334271,-0.0,-0.0,-1198.679602613763,71.96283038530876,-54.91127490010696,-2062.128733184665,-0.0,-1539.8722494389276,-0.0,-0.0,-0.0,-0.0,-518.6293013739597,-0.0,-540.8725283052598,-537.8664410995294,-308.8235305421642,-0.0,-13.241684322115571,-0.0,-744.0606593421081,-0.0,-2113.914417217664,-511.6706903892114,1519.7407809906065,-1912.9590340343548,-783.5116478650292,-67.04151346244932,-768.2402465610903,-0.0,-506.59447854197606,-70.79111180296567,-2148.8812284882483,498.60677581097724,84.50340058012269,537.3981121348743,1101.00464053021,-0.0,-249.46923648086388,-23.504463780177105,-1106.635346711315,-929.5002202316452,-1315.450659077868,-1621.209157977187,-0.0,668.8797635976542,-0.0,-368.6858755199792,-2454.4322335802212,-1094.01284345753,-0.0,-1309.2141203572573,-381.16486991435977,-553.0634100870216,-607.7487732122801,-282.3894288953279,-1241.0894770938257,-0.0,-1768.8846183681094,-404.9454585426975,-1289.6360380459819,-307.38175360391693,-0.0,-0.0,-0.0,-0.0,-1092.3988947198893,978.669570296849,-944.9924776474772,-645.0614935879069,-0.0,26.7918738884294,-0.0,-0.0,-735.1881525997593,-611.8741359263125,-638.0296679922542,-643.206624660193,-0.0,-0.0,265.4593811881168,242.67035071070592,538.8038948264332,-0.0,-533.1367992971276,-1681.8598551033242,-1142.263959279318,-3.7840553080444184,-1420.6173730233866,-0.0,-0.0,-0.0,-508.2697346788323,-878.2294830101041,-0.0,-1245.2457987570965,-0.0,-2526.829028783997,-3449.318966848105,-0.0,-19.959376135134306,-0.0,-701.4894990228248,-0.0,-0.0,-0.0,-1867.6972913291806,-914.1569095241808,-544.1528214413287,-711.299549409751,-0.0,-0.0,-2055.248450556759,-0.0,-520.4796933684999,946.3140383107138,-934.2969655724847,-721.3728259015952,-549.8664082609386,118.00690003423234,-0.0,-0.0,-1187.7163811953064,-0.0,-648.8699129549123,-66.54162131526638,-347.91439198822707,-284.31021119435286,-0.0,-0.0,-199.56008483938942,-607.0980481163454,-942.1260754495582,-510.0802836438142,-952.182346829862,10.251669471130139,-0.0,-118.46310490445171,-1694.2924842204832,-1098.1992190038975,-0.0,-0.0,-0.0,-522.9300409275277,-533.0192914502521,-1216.1369051531817,-0.0,-0.0,-0.0,-0.0,-0.0,-1345.241258000511,-637.7713821443831,-0.0,-497.93586528369957,-0.0,-15977.808227705847,-706.0083555006474,-109.93811465691603,-627.9523642329759,-0.0,66.11095597618787,-1060.2400780896667,-2201.8862298137665,-0.0,-0.0,-0.0,-679.3570412085251,-424.2219381049754,-896.2743101751864,-846.4526022018267,-477.56740240455355,-0.0,-0.0,-1466.3126617645655,-503.50673151511353,-2084.6809804492364,465.16810401207744,-1906.021588671057,-0.0,-0.0,1562.2584665144204,-1385.6138775277323,-0.0,-193.7332587167539,-334.7485296665737,-582.8627603921366,25.57574008536439,-679.3712311671487,-0.0,-0.0,-1074.5433120979253,-1277.9870628665913,-2612.045970821218,-0.0,-0.0,-2014.5454544633126,-720.4728188704287,-772.496118270903,-2088.5212886806453,-1401.9198350897761,-0.0,-0.0,-1006.8397402517176,-0.0,-68.07342237419209,-1387.6279843170535,-1495.482255672241,-0.0,183.26119771031878,-669.4176539552012,556.680485202417,-217.2255659606615,-220.90106444564867,-0.0,-409.58066791784404,232.50367386182444,297.34853586536343,-347.22277305010687,-2178.032533860579,-1713.0756691483584,-74.35563138770631,-4354.6261890848145,-582.8116982096183,-1005.6077130516605,-43.551489140402474,-3146.5772638690933,-304.206899149467,-598.1941723856422,-240.9876530958188,-1669.1158222501635,-957.3703595083904,-2883.7352430222163,-4973.121504337063,-74.5265004471127,-611.4620902402769,-1343.1787323413305,-1094.2849550911253,-0.0,-2953.828906673766,-0.0,-263.8521237366118,-1554.02352920147,-1094.1256210080555,-0.0,-0.0,-806.2812478958066,-224.5857721929563,-0.0,-1284.0778053362842,-0.0,-673.1989300673713,441.8367256707831,-2036.4948304614709,-427.8413206293404,21.124131087673156,-11.806701566547895,-0.0,-1824.0667922488453,-520.3020783800443,-0.0,-122.77678107935643,-0.0,74.09691044176652,-145.42847082489686,-0.0,-364.3208047032613,-1238.0900724330425,-392.81404693702467,-802.7636207415478,-1743.9443670655355,-0.0,-3287.064212142458,-1556.0041817026595,-2508.471072511193,-2083.0496543784343,-75.64123081419025,-212.43717728415464,-511.7045600769677,-1198.4499242563809,-0.0,-0.0,-1052.6008931672557,-165.28106741063186,-0.0,-75.37512786320988,75.41317697217146,-1991.2157876444614,-0.0,-0.0,-1043.1746378592343,-0.0,-79.24718522744536,-0.0,-46.63000115903456,-140.2341446313924,-0.0,-353.0236454968066,4841.2937864573205,-0.0,-0.0,-2361.8729654543145,-621.2601254977601,-206.66919216436312,-0.0,-0.0,-0.0,-514.1200497651927,-1858.1496367840805,-0.0,-0.0,-0.0,-1828.2338931066306,-0.0,-0.0,-0.0,-1342.4166124175629,-702.188390011662,-266.41217181904733,-379.3860611923888,23.489076227445263,-603.9721472526664,-345.1808847932682,-173.03795122691096,-2125.1884870748977,-0.0,-0.0,-1083.6554883909496,-726.8171493757078,-2277.937838833829,-0.0,-0.0,-2083.9697859559947,-611.9110010468181,-1171.0482470803308,-337.7310807765095,-583.924231290961,-1771.749698405281,-706.9047263140505,-69.86374032647637,-782.1042273592238,-1924.2178227602556,-1381.9023019757808,-1141.4899147855647,-0.0,-498.70170048045844,-0.0,-1602.7020555182817,-339.9414626653666,-177.72241695871358,-634.9808063802358,-647.4411007218242,-10.608210486913777,-0.0,-969.4510061994748,-514.4611394702172,-40.13422021447743,1297.449622557744,-68.29102974337808,-0.0,-639.5683842049638,-451.293936481958,-0.0,-669.070718302808,-1420.8661078252958,-0.0,-0.0,-0.0,-0.0,-393.9607142643736,-793.5094826444476,-312.5940374032096,-438.2394164126724,-317.07900446156685,-1451.3207549387112,-659.808676512532,-1131.4624305127554,-2337.9224748501165,-1582.626765701988,-0.0,887.5927885904543,848.1190524223891,527.8601337214179,713.0745973784385,369.4629657841335,-0.0,-0.0,-0.0,-0.0,-0.0,-0.0,-0.0,-0.0,-50.054936642719674,-765.3488071300154,-446.1371713099125,-242.7341610313733,-970.4849544065963,-92.1359570378689,-315.89605108948876,-1034.2077229762383,-240.23904298158448,-1731.0178146282435,-735.5891468512052,-68.49578980034208,-346.6035126683457,-23.68136570683913,-0.0,-477.06065015653314,-143.00623379276365,-211.16316118294233,-686.8075547479907,-262.8414859803473,-1442.1144217751903,-279.3928160988551,-0.0,-0.0,-1794.854582324612,-462.5097809954388,-307.86216031891246,-445.6975692768792,-884.1506513256552,-366.3378178621097,-345.7392595379376,-0.0,-612.0952854713952,-697.7744988970788,-622.2785967705199,282.72609742609745,-1240.8006035682538,-1784.5320804741216,-170.88058463548282,-656.4628118192807,-667.059424545574,-11.320727257265878,-0.0,492.79971822400296,-736.2304366791603,-30.82782788621153,-1733.8430498786975,-0.0,-0.0,-1017.321098118608,-409.26089348804254,-0.0,-479.44690712024334,-593.1685043744756,-724.6227199996154,-0.0,-628.0341414268582,-455.7031587933776,-1930.7296169556328,-3819.390963915632,-354.90846034031324,-0.0,-80.27181210783907,-372.5215101949996,-1448.4965686487199,-201.4577766438565,-508.2164374710275,-669.9385036593692,-627.0867689250481,-298.7586492432905,-0.0,-0.0,-1440.5539055582706,-105.91338890193411,-387.7307809591399,-651.1629412158946,-1090.0560172458615,-2270.4188154856392,-0.0,-484.6668592944053,-0.0,-0.0,-0.0,-0.0,-0.0,-26.113494803065716,-146.414536683348,-318.4588467899049,-0.0,-0.0,-0.0,-0.0,-0.0,-0.0,-878.6971855112832,-1812.1143307831137,-343.4755118709824,-484.90784240657416,-34.17056876537826,-0.0,-0.0,-347.6621339672387,-0.0,-0.0,-112.88491054968128,-2590.34841259965,-0.0,-0.0,-1387.288380068687,-514.2941669632575,-912.0379846922611,-954.7775624424722,-566.0305598102956,-0.0,-0.0,-1043.981825237236,-1701.362570223967,-791.2352810451897,-0.0,-966.141000824495,-0.0,-336.59372639643,-677.4222501851824,-0.0,-624.7573174645909,-1679.3395682054297,-0.0,-1557.4830012919685,-158.32337867472202,-480.6538560141239,-1178.3937493374847,-169.45179623413443,-1094.7955319088994,-0.0,-971.0503187353564,-24.006327446536083,-1739.8445264039826,-1690.7676972474273,-0.0,-0.0,-0.0,-0.0,-632.2958757079474,-668.6537861321675,-0.0,23.619722498409196,-330.00365573072884,-689.0712076453776,-1932.956080666645,-2063.144424909978,-340.85050137918483,-0.0,-1145.4253812165534,-669.1187199605707,-1706.264233190796,126.86059107655889,-0.0,-3258.64713540446,-573.0493819714286,-0.0,-415.96716048091406,-1372.0398804798697,-0.0,-0.0,-474.3345052727787,-1151.5234695862018,-0.0,-885.8960847655087,-1146.7771686248566,-36.36844126881343,-73.6283929967269,-470.08480349323463,-0.0,-1295.2409415716772,-2288.582857315938,-1077.1528899426985,-143.929145842007,-1848.5637864317075,109.11422694342508,-831.3714770210091,-481.2483517426735,121.23916955513593,-767.8478343905651,-1299.6135211002675,-735.270696385319,-1340.2498471476515,-398.73650244648576,-525.7560491761301,-624.901228464544,-1470.4867062258643,-0.0,-0.0,-1632.4970833856137,-293.1112913091794,-0.0,-1318.4846809660128,-1036.037560494524,-0.0,-2565.4811233463693,-491.0051645932815,-0.0,-628.7371241219645,-0.0,-0.0,-1004.485473123186,-1058.688028356972,-0.0,-0.0,-0.0,-765.0446575662305,-4.004488047493174,17.499856987214635,-220.6773763694178,-0.0,-1856.3118477821179,-1465.4980814002379,-498.3014844424865,-1844.0424297408736,-0.0,-50.024379282073276,-785.3757839230354,-0.0,-378.1529171782622,75.6698199211918,-1307.5204045117566,-860.90487697787,-628.3305039162365,-1107.0179834823407,-0.0,-0.0,-0.0,-681.7865872848749,-0.0,-362.45074862259133,-833.6627301717685,-187.3962546283957,-1028.363352824305,-1717.772985599353,-452.1517048328979,-1676.3951921192547,-0.0,-998.5206247463021,-612.0541039044293,-476.35481715787824,-1024.2050699301942,-285.4916763362934,-463.33774102430124,-1168.069409860466,-0.0,-0.0,233.6947401247158,-2486.9283990459476,-887.5148867176933,-248.37100191687958,-0.0,-280.5552746106116,-442.0827752908617,-628.8694513772903,-0.0,-0.0,-750.907717166091,-0.0,-19.90807696974067,109.67463805338987,-116.44926434738709,-1870.2324345792472,455.27535773892805,474.37331778628055,398.617009953264,529.9253418055403,42.34627389718244,-0.0,-560.3725617141378,-672.8728416871131,-322.06693003792753,-8.816954250976037,-0.0,-0.0,-0.0,-168.93460116889386,-10.903654290707035,-947.1147375602893,454.6596715370225,2149.719415929927,-0.0,-0.0,-0.0,62.043661077077985,73.69020520399471,-0.0,-2730.1885341122365,-0.0,-0.0,-0.0,-0.0,-0.0,-1987.7737142247724,-248.90139644092233,-0.0,-381.3722521906252,-1783.6005183102186,-149.21497336768488,-290.55245418420645,27.47774611318205,-1681.9721334099768,-3348.097772477667,-1484.1746000991695,-0.0,-0.0,-1456.0970172212758,-902.4464658727053,-642.1483514238466,-426.41722040761806,-301.21098641255435,-866.4857243540893,-893.9750188613453,-4374.545177286079,-534.301561256231,137.41125764214067,-689.3576115955907,-818.3567109392117,-575.3442849711419,-567.4405854140394,-6.816093651257834,-1690.9905017311225,-725.6659080320089,-484.81076443146384,-0.0,-0.0,-0.0,-0.0,-222.9082880228817,-1078.3986342249439,-0.0,-1170.0531823370607,-1240.9595231237777,-0.0,-0.0,-1292.3805773254096,-0.0,-0.0,-211.63143362666065,50.79949261750041,-0.0,-0.0,-2620.8533575309543,-1023.2669760576465,-99.74202171062723,-883.1158529156786,-1080.2333261977294,-0.0,-282.212516316535,-434.85858855810926,-0.0,-1360.3070079489376,-322.19953887810607,-908.8569485470061,164.36569240524855,-755.2648825790762,-201.10295263546246,-208.88482131100076,-48.62925082336539,-33.77235844497988,-561.4015891240002,-718.928227251093,-394.2597015457472,-730.725371580953,-0.0,-49.48743237285357,-650.3609507729111,-155.6748447812354,3.7535032637217762,-0.0,-1040.2592903339607,21.169042020702985,-984.0106015729106,-0.0,-0.0,-0.0,-1750.0943348938965,-0.0,-0.0,-77.0660418126828,-0.0,-0.0,-0.0,-0.0,-0.0,-0.0,-584.6781100393415,-1230.5199525775397,-0.0,-0.0,-0.0,-0.0,-856.3733583067612,-457.4100811616134,-0.0,-0.0,-1663.2104882291155,-0.0,-1209.6816955269055,-2429.1700495597406,-0.0,-0.0,-0.0,-474.05164325161206,-0.0,-0.0,-0.0,-910.4552926128123,-621.538778501267,-599.5709841680389,-0.0,-0.0,-214.0550979278953,-0.0,-3523.311428876424,-5067.583599726786,-0.0,13.444953115128715,-0.0,-507.7032233227293,-679.7007862103321,-1691.3912546335446,-0.0,-0.0,-95.9167771044578,-640.6791909733811,-1243.4509076684246,-604.3442862137385,-360.22385860514305,-0.0,-0.0,-961.348689611674,-988.1297005425483,-41.61980267708352,-0.0,-0.0,-621.7364060501046,-330.7830615507625,-75.25166327029321,-0.0,-0.0,-0.0,-1890.91206927622,-348.30847007047123,-1175.7326621816862,-3799.206079440161,-0.0,-780.3177921663345,-1013.0106585087314,-2094.9872325350802,-263.8353818422821,-0.0,-0.0,213.89400920726308,-1071.6567570154673,-1491.007524657177,-444.86978494346573,-116.4073468502977,-23.510602287024735,-1670.3478324283528,-416.0236619687949,-1474.2214460857472,-614.4560823949171,-2099.1937485835015,3.3744773809948923,-850.5786847584076,-691.5584382441017,-1794.3468034569732,-0.0,-0.0,-703.2748794116791,-1569.8302464972362,-1640.6906707492587,-906.9928529203218,-0.0,473.7019712964957,-56.90677972354066,-421.83362261378915,-0.0,-20.18350249850347,-0.0,-2519.2957008979515,-53.00493760198482,-0.0,-0.0,-695.030867544867,-978.0896958013216,-764.614097386993,-268.99396348170086,-586.5922645671963,10.38169721727051,197.87779614197535,-724.4832899766371,-23.664276877317302,-1372.619780809803,-0.0,-1452.180382334858,-100.43326965652619,-585.7428183586352,-324.0750625901899,-20.425371016606512,-39.17964870438928,-19.80542595412384,-1179.9952035952736,-854.1745719949681,-1264.4418653907508,-214.58424735674473,-1221.0141409680966,3.994993350104706,-0.0,-666.9405489032031,-2641.099708499795,-0.0,-0.0,-23.21804453005948,-1795.8815746917828,-188.6441716751653,-580.4971007348194,-338.27913374574337,149.04114217964187,-0.0,-0.0,-1090.6715552447686,-0.0,-0.0,-1767.615262494651,-1506.7429328149772,-817.4961827670671,-727.8122398629819,-507.25346831963384,-861.4555355059894,-691.8190434454935,-1076.8127426392443,-2258.7211600980013,-0.0,-0.0,-0.0,-0.0,-263.57396356034087,-0.0,-1765.1221075299986,-551.8686141614298,-726.6783129877095,-883.387228229474,-461.1965816662983,-0.0,-1477.539536213084,-530.2292595893585,-0.0,-2307.0062644177456,-1278.6287786698974,-0.0,-0.0,-2551.992873726412,-1807.7830654121713,-357.5884501820634,-721.08841649116,-0.0,-416.38779572967843,-320.17722059234893,-0.0,-560.4863246076363,-470.82795698516253,-485.17804081414073,-0.0,-0.0,-0.0,-0.0,-382.13034667964683,-1143.4836890382276,-5346.925837192821,-0.0,-0.0,-655.2660745196475,-694.594697167269,-1787.4605574208924,-564.6532719174111,6.751659616143971,-478.489411808729,-0.0,-649.3184575135098,-507.36409445495605,-0.0,-423.11350485953005,-1029.9167138588755,-0.0,-0.0,-0.0,-0.0,-0.0,36.64996970708949,-1931.2056495476888,-0.0,-1124.0521002829228,-805.8821219774707,-3.9169975187212396,-1805.8737218472427,-758.5189504537959,-932.6206013926911,-1166.5770157782374,-71.09626889947093,-108.77942916975935,-1102.2043695567224,-763.483127390195,-586.439521248908,-0.0,-1412.979695775006,-1099.1629975165094,196.00060147000818,-0.0,-533.7441792529143,-711.1833338390292,-844.1371522240798,-69.48902797753487,-0.0,-237.81450792116502,-0.0,-0.0,-2137.670205286019,-2042.9541490007755,-1739.4764807633017,-1446.865835656222,-0.0,-954.4019464603779,-1742.1778972951147,-0.0,-4741.595492161514,-0.0,-0.0,-0.0,-0.0,-848.8339336365798,-2090.627715413216,-2126.2652902214772,-85.51920488788991,-1867.9200255299077,-0.0,-885.700771386727,-30.338851548498415,-0.0,-60.16703386511841,-503.38549571533474,512.1993563437769,-0.0,-385.76257198643,-40.4330465033238,-0.0,-1249.982100040375,-0.0,-1743.344641671852,-137.85396732912773,-0.0,-0.0,-973.8738623775333,-1616.273665367846,-950.9742964377829,-1024.3095025582215,-1240.915237691453,1365.6782626604333,-44.15856328950779,-765.8227102100284,-30.727292829441645,-1880.7160745796602,-805.6948240167635,-753.4736418766811,-397.6321245505338,-1466.4961847260076,-1518.8283407009897,-371.17742639273666,-2229.900179105694,-318.66487984774557,-0.0,-0.0,-47.86131321128885,-0.0,-0.0,-0.0,-0.0,-0.0,-0.0,-1337.5198847431502,-559.304472587492,-1179.0905135481498,-790.461327707044,-0.0,-608.0386410613035,-1207.5830628618914,-1066.6303875742146,-1794.5578614694714,-1122.0254755019705,-75.82548475920501,-159.1345127871428,-951.2069351672731,-1338.3714244201879,-0.0,-0.0,-0.0,-63.820318939050935,-787.5265890295631,-153.98835797116672,-475.7962279962852,-947.221160637973,-0.0,-0.0,-0.0,-3572.5311527184112,-0.0,-119.08801595287916,-0.0,-200.76845569122648,-1160.1465196054683,-1070.767720353781,-734.0977058389097,-0.0,-37.84880908545268,-551.1161226194079,-596.7509338806581,-489.35393912557504,-0.0,-969.6521977003514,-0.0,-0.0,-2829.4614906234956,-0.0,-1190.0442585034134,-546.9208215624369,-374.75061099423357,-245.5750988641821,-1232.426547350718,-2687.523065125386,46.14149666180869,-1787.537316831838,-1619.4136708032102,-464.9540145203947,7.591935840337498,-0.0,1317.6446853071313,1021.3945166335199,1128.6833777012425,-0.0,-0.0,-0.0,-830.3787366083023,-0.0,-268.5718608953536,-198.25577109264967,-0.0,-3577.4840075571606,-0.0,-1204.7249797463826,-79.64444901057435,-975.838087774319,-458.73230740132396,-1338.958202343255,-1077.3005702394748,-0.0,414.52522555399827,-2379.612489889952,-1458.0482523828082,-462.8729874277171,-1225.0328524246547,-1750.1339538524853,-0.0,-0.0,-234.2096289245242,-645.8984926317672,-1815.032009481028,-754.4006231435123,-34.63908570801722,-0.0,-0.0,-626.2062754954289,-0.0,-0.0,-0.0,-186.3828334014895,-1313.8421858260951,1372.472027424709,-1257.4362103017643,500.0514049706199,-705.3928245092272,-879.4832154481624,-11.870823276904108,-4669.219288191051,-313.84522269748373,-0.0,-59.991870992611204,-2004.9090171017306,-1473.8190881576588,-0.0,-27.993982055525485,-0.0,-535.0222191669714,-24.625896511234227,-1810.8651154752708,-1304.4948316495615,-0.0,-308.78962018754083,-0.0,-0.0,-0.0,-664.3759817691122,-956.1273649849419,-368.0988674532885,-1107.1421520911051,-1669.7524423891125,-881.2688549497897,-392.6732699549803,-392.459563619171,-115.01790729908794,-1604.0924953369138,-575.7396794788801,-838.8809240666001,-1248.3103858705924,-1465.2301806346816,-1174.6121688944245,-294.9324337820437,-1368.6817980508763,-0.0,-0.0,-0.0,-2251.580076914448,-0.0,-429.8051128925676,-1120.270994921679,-9.96993476293075,-792.2644440870951,-534.2167431192273,-864.5139587189626,-662.8452481568212,-191.3362870000568,-1837.3349218580454,-4223.816922059316,-259.9831656450304,-31.553211161491323,-0.0,-102.39054015546198,-6556.067016825637,-1852.4982318870766,-575.7264104242937,-2038.6211396782194,-192.83292465550488,-0.0,-21.34807390965206,-636.4750254447556,-117.4607876649471,-1122.815278777616,-958.3868089564512,-173.5496120144195,-0.0,-640.2824445174765,-1927.3291141595755,-1784.0182901715714,-1509.2366408892085,-0.0,-1411.6412881029985,-0.0,-43.65676568917215,-958.4625202201286,516.6431247919141,-0.0,-0.0,-259.1415634931948,-948.6309173996943,-675.4453544669216,-1148.294480742835,141.65233237057325,-1256.9045209300957,-111.29649384597933,-322.2810363229864,-1920.7717756543504,-1780.3681166375075,-344.20938733818855,-0.0,-0.0,-0.0,-0.0,-0.0,-1594.3151879933173,-0.0,-581.9600025072559,-736.3233038799648,-2249.4772553108246,-0.0,3.150631950364946,451.4153286092416,1930.6098383899928,-553.182114126747,-1200.902985003951,-0.0,-1424.2678429910222,-3499.5930923142505,-691.7584848990739,-4859.607611993693,-1173.6440839480817,-0.0,-733.9477856316378,-2239.701855693635,-178.68834219159615,-0.0,1023.2192519726661,1242.3603810196792,1131.1095792564183,-0.0,-0.0,-0.0,-0.0,-83.48088387674828,-2379.0030511523573,-78.79842857383134,-0.0,-1817.4016232279,-1055.6913244840625,-453.2854772146345,3.733085807634625,-0.0,-204.25822861967168,-806.0787449262234,-0.0,-0.0,-43.06479618464483,167.63177866660425,-1911.8138921606228,-0.0,-793.4113103507809,7.810060553784402,-78.88511491279328,-0.0,278.74608640804826,-91.8305940880043,-510.69232440611006,-1812.2173692411586,-0.0,-59.09064947109722,-1025.5449684060295,-906.2004434400104,-36.83652707683645,38.538977485288285,-0.0,-1187.9494364223715,-729.2709572316995,-6.670558984150298,-0.0,-0.0,64.74283053109218,-226.98702925295177,-166.01454688338106,-72.36958240641722,-10.508900224745744,-145.1979232244413,-624.5676833719475,-886.8386707510339,-495.98851810645607,-0.0,-1909.3738196185013,-796.2655516195558,-0.0,-0.0,-1028.781876716083,-2039.2503280325582,-535.9105612698016,-7.125136006424267,-2544.242783279639,-108.10307492060808,-72.1935161483049,-1024.394917960515,-0.0,-346.4728906080276,-1287.1377482088064,-3.9073744767750855,-0.0,-3074.4726602660176,-130.79795449471118,-1377.914822881876,-959.7934098552306,-1184.3275166618857,-2347.6999753641453,-76.04192089772731,-725.2027207317593,-1655.666487189761,-1210.902075021916,-1002.0762095066343,-200.10513102060523,-1637.053837345813,-0.0,-2797.6083564279907,-0.0,-5778.731862018263,-212.38261907372356,-79.25507362476019,-1356.3861515541632,-0.0,-0.0,-0.0,308.93046865085927,41.245506979559586,-765.0395259118906,-1273.7359706539937,-431.98592375439864,-1121.8644454790349,-0.0,-0.0,-1243.8789099091955,-318.66944254049304,-447.5346929217984,-146.81392663573362,-0.0,-1493.5615105696752,-290.4659010903182,-1789.2750564364712,-0.0,-31.588264713669492,-0.0,-1601.7714146429016,-687.7428726376932,-1320.931084594833,-0.0,-0.0,-1581.2639037988627,-500.9689773294979,-694.3537792877373,-1390.9937929589519,-407.8640473522261,-1119.5558059810674,-0.0,248.98242121673908,-1032.4320183433758,-3617.4725589883215,257.13029213961966,-1337.5689648444477,-6952.552703692573,-615.2477215448316,-610.5987951575146,-205.49005306609897,-202.03322045345703,-948.824967371734,182.492850291488,-199.66745021610043,332.46487681150256,-978.275977210105,-497.83905495957174,-0.0,-1178.8194780305853,-1546.256109284717,-796.1328665908482,-345.49092525636786,-0.0,-0.0,-30.164853417127322,-939.2535742091388,72.86486365141467,-2036.7455224575012,-0.0,-0.0,-460.809518954799,-598.7730080538603,-1031.1542598726767,185.20833227163897,-2309.7422541415126,-1368.7427042520621,-1158.8586359783023,-217.58923924631193,-0.0,-326.94020165852544,-0.0,-633.162950273733,-21.712697532527894,-1411.2355786904347,-428.0462823158004,-893.1507390372316,-362.85770910185335,-321.5148721002372,-0.0,-1100.631548219471,-632.5109138821714,-1124.003842054943,-0.0,-2826.6779432103185,-1217.6680614502602,-1286.317105885801,-867.238994843663,-1002.2666331148658,3.4564033679470714,-1929.980420312214,-638.6733928043507,-1089.5217363110203,-1738.6319292251083,-285.5372274127807,254.24082930661604,-911.3506875329891,-0.0,-0.0,-19.518253562446134,-50.11887554663798,-16.55588228474817,-218.24929903762455,-0.0,-0.0,-0.0,-0.0,-0.0,-0.0,-0.0,-0.0,-0.0,-0.0,-1135.839131567456,-2266.7811329733845,-1981.1789462061145,-0.0,-0.0,1377.3645997436379,-469.62085719499345,-0.0,-380.7793056700365,-414.350443095954,-865.8879673491707,-859.0668955590627,-1098.2899365722615,-0.0,-688.3329350902354,-357.40130963560586,144.78990677192755,-0.0,837.4385629293887,-0.0,209.56790150288168,-0.0,-297.4881644718912,-0.0,-393.10458151531515,-973.2025523530683,-1621.2078285216971,245.52301555138237,-0.0,-0.0,-0.0,-0.0,-0.0,-368.8879456083203,-73.71981832187548,-0.0,-0.0,-0.0,-458.3116405798206,-0.0,-34.8941492418802,-575.7356815634707,-3286.096445810778,-0.0,-1217.4093805260597,-0.0,-545.6955764308202,-0.0,-0.0,38.51278714078689,-0.0,-135.9275084019299,-0.0,-0.0,-0.0,-966.311956632363,-1553.5733094226564,-0.0,189.4507146468264,-1987.8079154193315,-0.0,-69.21266485096449,-251.8849094395581,-0.0,-0.0,-1437.2817853121155,-0.0,-779.2890828745884,-1120.1040711931832,42.66678550081343,-2773.1772589244315,-1442.1862361558387,250.13878209802252,-714.649581790287,-0.0,-924.1407296518353,-0.0,-0.0,-0.0,-3442.6661394072835,-834.3771261384131,-1366.030404505028,-0.0,-357.64322409494577,-3.9541375216070738,-1176.2255258920009,-1812.2668558264998,69.20794622352726,-2754.0122108578166,-0.0,-1440.4243519191568,-2102.540699779835,-0.0,-0.0,-0.0,-0.0,-2159.4232120074553,-157.43021956988355,-1415.9980027624706,-0.0,606.405494503041,1010.2464802675069,-0.0,-0.0,-708.6150810544917,-885.6456049274824,-305.18339588961317,-17.575155175585152,56.459240110870105,-0.0,-1192.2979433260452,-0.0,-239.35499324063878,-1088.9882593695593,1223.4380446779817,-0.0,-0.0,-0.0,808.7994135447175,895.9856208255522,-729.455426087789,-0.0,-1257.5810685056808,-0.0,-948.3624928168128,-553.0519365160308,-0.0,-0.0,-0.0,-0.0,-0.0,-49.75280622022538,-0.0,-0.0,-0.0,-1012.1016345924529,-259.9337419768785,-0.0,-0.0,-0.0,-153.26591761112783,-71.35722846711897,-561.1409443636602,-635.3826477514089,-2596.2691127495204,-1199.3491762171413,-987.1504734705359,-0.0,-2698.584627270656,-33.58346918272437,-0.0,-904.9223819762306,-2091.2528751544014,-699.8583441445074,-409.23428126713725,-982.607086493642,-244.8506143746314,-586.4308160319116,-652.5156975120873,-970.0626212615728,-243.68004574007728,-1519.1112974250354,13.660304923668718,-349.5379710104767,-0.0,-0.0,-700.7575218004681,-3376.7840618444275,-0.0,-979.2184848032628,-453.38360594387206,-0.0,-337.96020476697026,-604.7256998706667,-613.1860919417885,-222.12714275415215,-0.0,-0.0,-0.0,-0.0,-0.0,-38.171463750837205,-0.0,-560.171437670796,-0.0,-0.0,-668.9478768026602,-982.01347274408,-2395.3475379485762,-395.6296238137336,-631.4313511701168,-93.70039763756421,-1715.0703114241346,-0.0,-869.8093137089368,-498.016633404489,-433.8784751577768,-1198.1148954723938,-831.0909727839719,-1571.279572561762,15.204510589563284,-419.5444278698285,-0.0,-994.7270739182449,-990.5041763191583,-140.7538507412975,3.384602656829011,-2150.6572368096486,-1183.9820061689009,-658.5501202185657,-0.0,-543.2912727904801,-636.6773105121753,-476.53733930422044,-2220.7411959043548,-3.3083713261438943,-0.0,26.05554201966048,-0.0,-0.0,-234.5436339960612,-3484.004856636912,-174.72626934903036,-1304.5166621439919,-3418.6643566599014,-0.0,-4097.754307704556,-219.89283931935702,-1771.6181008205986,326.2415927775094,-0.0,1405.7729015903724,-803.5583987857057,-0.0,-1761.1873016040254,-0.0,-60.81935017604632,-36.974312291088225,-0.0,-0.0,-0.0,40.06612525110704,-0.0,-0.0,-0.0,-565.6157957053554,-1269.1325238430227,-608.5224531341373,-0.0,-3116.7715391826605,-0.0,-0.0,-0.0,-201.0093778232168,-360.9168250687862,-0.0,-1747.9855518023326,-0.0,-0.0,-3070.320504167863,-0.0,-19.86342383524132,6.747718120952975,-435.6697184514057,-17.822241137996656,-0.0,-0.0,-195.18533560076563,-0.0,-0.0,-1185.9333239865255,-978.4818277079635,-1423.1060669792703,-0.0,-237.84472071556797,149.14250068085101,-326.3261967211673,-13252.255506971851,-0.0,-527.8164037813007,-1160.5967957894932,-514.3155119815119,-0.0,-29.976171593333962,-14.406404378643979,-240.21739924648068,-938.26042603805,-0.0,-0.0,-0.0,-428.33080194419693,-2476.121447790652,-1180.93343352513,-0.0,-0.0,-0.0,-315.22754554734126,81.0370233331486,-7.1539135868174055,-1229.784116988595,-0.0,-0.0,-901.5607201645813,-0.0,-0.0,-0.0,-2437.0758302404424,-896.0303798391179,-0.0,-984.3456665969617,-548.6117635629463,-224.21486709434654,-633.7570763735924,-985.1174031545266,87.57740934385424,-1201.173525617729,-1056.8845466461637,22.019673628493877,-1717.9881141658918,-0.0,-0.0,-0.0,-0.0,-427.6530989209888,-0.0,-0.0,-506.77090053384046,-938.4528473561883,-649.8652128035978,-0.0,1405.0229931149597,1327.8964278385351,1314.548656722587,-0.0,-0.0,-0.0,-750.6129361428551,-37.841189231850464,-670.66344413316,-70.34881584663519,-614.8245206890031,-1472.0490406452288,-1104.4851343067348,-1800.506235069314,-0.0,-0.0,-0.0,-0.0,-483.7313401425615,-750.6485374349851,-1557.847932552462,-380.0199270480838,-1221.2266689247735,-1751.5122523007692,-1909.8321082139978,-0.0,417.6526522590851,-365.9732259828831,-335.7114817299746,-104.72135293396774,-4124.023739927445,-56.72431914730243,-0.0,-793.2014047428338,-1374.7033161963386,-0.0,-62.62262156336929,121.19345987070862,-83.82649855115214,-443.9993952087095,-2064.1235267192733,-144.58433183529104,-1466.1038028978166,-0.0,-1659.4200696603775,-1611.2249365969653,-1324.7038047594551,-0.0,-1633.2441367117356,-286.4229054910459,-597.5440682625642,-858.1534867209635,103.66109823508235,-1721.1616190528316,-1112.008341773189,-0.0,-86.51062161651545,-0.0,-0.0,-0.0,-919.5705261912328,-562.2063327560847,-0.0,-0.0,-0.0,-3299.0918066702607,-1721.8846674900133,-0.0,-0.0,-4.00178452058104,-1553.1531601573718,-843.8352011889278,-0.0,-682.0913054817222,-1239.6127557595164,-516.2397000281178,-20.810051028663832,-797.3635889529119,-7.846088065014097,-1417.2690731208459,-1513.8518047130783,-0.0,-0.0,-38.98304815485851,-0.0,-0.0,-1168.325769876547,-87.3736900202121,-406.2672116478436,-0.0,-0.0,-0.0,-669.3112873209606,-296.5891259305446,-103.45949442538416,-418.3506678396615,-205.94334206797552,-1807.3136155349302,-284.44044659115883,-521.9849667152207,-1185.6892172908038,-0.0,-366.02805199153033,-0.0,-1569.4639844152325,-1346.8118744949008,-1584.7211389329125,-395.2611264383791,-262.81198696430886,74.27680140472499,-864.9889558727881,22.13598010138718,-0.0,-429.53326702519155,-0.0,-0.0,-452.99613692409514,-110.5221312583503,-2564.2389793441885,-2601.0628004374375,-462.62243007239414,-0.0,-0.0,-940.840035803191,296.8720835937836,-0.0,-0.0,-0.0,-1016.9031144393142,-41.07618110098104,-437.4305528214998,-3426.843347482921,-1329.9219300552309,-1034.9723132005156,-409.7536787132949,-161.31351328843346,-1146.6641085606652,-643.1542472419941,-447.6507153572943,-0.0,-605.0646560963171,-714.5406958303697,-1534.571338195718,-0.0,3.8975389570107404,-11.637961577051446,-0.0,-0.0,-1650.0844395627519,-0.0,-3240.6390965135047,-1067.058389950471,2256.553952586952,2606.3651355147904,-0.0,-0.0,-722.4523885780366,-979.7029388886222,-539.7886603707157,-322.68114295210574,-2836.860094238596,-525.0125139435385,-0.0,-0.0,-0.0,-1128.34191980817,-602.3655712239156,-147.75357948710612,-2352.430147592634,-935.9214707902147,-24.469442492569577,-384.73047017677897,-965.2904948575199,-301.8315190357168,-483.65000382456117,-0.0,-57.8502219228428,44.50109443218795,-897.6266737641034,-150.952348640288,-0.0,61.35134554422363,125.36514574227559,-196.17395497324665,-1256.3584343532198,-2107.4739607503593,-56.0441832219029,-835.9556796078307,-1267.257051958824,-0.0,-0.0,-620.2301731928875,-0.0,-0.0,-0.0,-0.0,-578.016958273205,-20.86453866922298,-1126.3601839427229,-1071.2465825195884,-2320.2102876093954,-1054.4205068491303,-0.0,-538.9118226941688,-0.0,-1450.446169209832,-1501.6836810707098,-1223.4173093007903,-911.9223011997811,-0.0,-1954.297125332682,-0.0,-0.0,-0.0,-3244.37276197381,-1113.36716460829,-238.22700593549783,-791.5352383373845,-805.5504369164503,-955.2756682643547,-0.0,-0.0,-0.0,-36.01782144870599,-5486.121709851579,-636.9540896055357,-1679.710490284425,-3763.1020015199124,-2057.9265665658613,-388.4677506487322,-0.0,-1769.7231419040022,-675.7198445050833,-0.0,-301.49990269646634,-340.9059776539949,-34.74424953752339,-896.8699930656155,-275.7880793827359,1329.6999088414718,-430.2437750336229,-0.0,-0.0,-899.5739036825277,-749.7114542833201,-2054.2480878928645,-279.0303037300252,-0.0,-0.0,-594.0468072504946,-0.0,-0.0,-0.0,-0.0,-1236.6441453306036,-565.9590650655191,-1128.7017531072433,-476.0085891947407,-3.546004387519756,-701.9674116436481,-0.0,-0.0,-0.0,-0.0,-2595.074269602659,-0.0,-0.0,-0.0,-0.0,-0.0,-0.0,-727.0844063024247,-0.0,-2513.9996228855757,-446.0714755992555,-182.97576548123857,-1164.7715759005025,-0.0,-0.0,-1226.6563689100221,-1312.6891137295438,-3.9434284279304483,-395.31234362312404,-49.80545143137222,-1597.3193503281404,-881.034518294625,-0.0,-3518.9671243961893,-1177.4375733897812,-0.0,-0.0,-15.35409368433034,-378.01668836384624,-1113.7459707450157,-0.0,-0.0,-20.036187319899355,-1490.4484535945828,-540.9232982460775,-321.02748118057576,-78.02052214916148,-1740.863078287892,-0.0,-0.0,-0.0,-0.0,-0.0,-471.102082132421,-457.0496291851986,-546.5631481360462,-3851.3020556185115,-1529.123999198267,-1123.5429321361041,-98.67738793008749,-894.0582993367809,-1103.4161059116843,6.778342686522706,-0.0,-0.0,-0.0,-585.1147378496647,-376.4027243508364,-1545.2743519262622,-539.6303144306409,-0.0,-1585.9254378690798,-0.0,-578.7332987201899,-0.0,-0.0,-1790.3205396640046,-560.778148467656,-512.9752296545616,-1296.7649665473448,-124.48099691053297,-11.717517219754718,-701.7700309745549,-1322.6703876527133,-0.0,-406.5830862080236,-1059.0050637146228,-3831.2545399430087,-0.0,-258.0324305824694,-2070.522076258358,-1395.6568744895565,-1145.454494621059,-492.21453615574734,-1143.5460876134805,-0.0,-322.0392346401393,-0.0,-233.17215662236148,570.2730508698475,-0.0,-0.0,831.6556109751496,-0.0,-2025.5215862136222,-694.048915166638,-859.8238603451916,-1089.2189102927953,-1339.3102804216935,-347.5310882867764,-134.36825359894988,-0.0,-0.0,-823.0505884500697,-912.4624025912683,-717.5098658721487,-0.0,283.16352890085915,311.01920014919824,-216.20464842730036,-2553.8501936810303,-1647.849897414296,-0.0,-0.0,-1310.4850999817613,-3780.8787634525497,-2485.203770998287,-474.777297678376,-894.0339799288023,-1028.183577921283,-0.0,-194.34515034721036,-0.0,-665.8603425197416,-205.10509094389656,-1722.5267693544317,-2421.222963993653,-282.2438281139581,-517.4449681033203,-4098.82815928027,-1130.1541987427765,-517.9734825743634,-256.8005032719495,-1178.0036715483964,-638.1856943716031,-4.038942047521953,-1387.883541761997,-1622.1481545274742,-0.0,-0.0,-537.9148100304096,-1169.0265935318307,-314.02976270051266,-4.030791430264685,-0.0,-0.0,-0.0,-0.0,-0.0,-32.35877051697556,-643.56878382074,620.6215297690511,-409.91592430573763,-681.1509841581427,-508.94723597707764,-1017.480481322488,-1424.5730532148339,-1081.5599774256373,-1670.3887236103685,-263.56791454546027,-518.5723917677285,-1427.4352955314384,-588.0215668140739,-0.0,2211.24504381101,-225.7653283149333,-65.27761436763853,-0.0,-801.5160994655729,-580.3968638345006,-1231.4704703533357,-1783.9674780841578,-2015.6045775944463,-0.0,-0.0,-0.0,-0.0,-928.7699652196153,-1537.1457025946204,-0.0,-775.9936891325121,-7.813292418490932,-0.0,-0.0,-0.0,-2332.535776936256,-711.51267525951,-166.18266485346194,-41.112821162347416,-0.0,-0.0,-1028.884923683716,-1250.0922914653565,-764.8448129996566,477.8579218562992,25.832309643395583,-0.0,-18.31572594388176,-0.0,-1519.0357108731564,-497.7688627385691,-1285.1103368178833,-1627.3274357406842,-1510.0894169600056,-37.650904143533054,-0.0,-0.0,-1499.0689447576829,-342.61482369130437,-0.0,-0.0,-212.16229971182182,-0.0,-37.12994987021302,-0.0,-1184.9138555420463,-678.3906171875608,-0.0,-74.11774415112987,633.4099113785239,-0.0,-174.26135319114195,-2141.3747827780417,-0.0,-0.0,-636.8158662352275,14.224707056182314,-0.0,-0.0,-754.3112307226135,-1381.515291371548,-0.0,-756.1256297081557,-0.0,-1199.5057848585302,1528.507974621973,22.349697077244546,-1807.2010490405999,-1460.359117765365,841.9549551564498,-0.0,-1899.1843169055267,-782.3689560856438,-929.4641881465946,-0.0,-628.1251787425377,-112.11392223950244,709.6006184925881,-346.71300738946616,-1383.8628415126645,-0.0,-0.0,-0.0,-819.1429538474313,-561.579954890095,-728.9747486906838,-1008.7050869530044,-940.5336310239227,-26.48283342164829,-1018.0870614018319,-855.6516213467811,-1083.4015836248077,-0.0,-0.0,-492.51862489924866,668.3795881687394,-6121.272408127637,-0.0,-1166.648176394177,-1843.9646596739854,-734.9962368902851,-700.1805215252498,-56.39835342860809,-2156.2247106854147,-313.15718942807376,-0.0,-942.5534864169302,-850.5076052356401,-592.0153902981833,-0.0,-1386.5721563362636,-1923.1523771202503,-23.36691688321797,-1031.2281101243673,-2157.5897013326994,419.5065681198869,-0.0,-418.8997971883094,-151.73537900926158,-1259.254183119571,-843.9404520784328,90.67266646491909,-117.55899884313277,-732.3684944203169,-458.9847957468801,-514.7021758697364,-607.6325646649877,-468.01748206305757,-0.0,-1227.52749060976,-0.0,-1111.3303285390393,-695.1792345370401,-156.91424589614618,-0.0,-1662.5422962567095,-4515.968372398297,-0.0,-397.33098076122127,-0.0,-2073.6464536482954,-234.30021901139102,-0.0,-385.75749622689375,-385.53585552754856,-0.0,-2200.9157738222825,-1504.2094520935218,-0.0,-3996.673500941868,-116.5591612907989,-1218.598122785462,-1272.2552310906751,-1464.7912988602036,-91.8626604718642,-0.0,-846.6292872187387,-1908.88357203958,-487.4499242706864,-826.8003024026916,-1022.5759728552205,-1552.8619235466285,-2159.527448230879,-735.5092239013362,-1890.7558564845533,56.09396311928054,-0.0,-286.4639643669902,-1272.2773452898082,-1119.134414496709,-0.0,-0.0,-0.0,-396.9084431906406,-448.76517000462917,7.18998129663783,-528.1616088637477,-0.0,-1141.533954234918,-696.6911869229373,-545.5747841163734,-0.0,-0.0,-292.1649564689355,-1672.1327495297085,-816.8128188405848,-252.14144215807906,-868.6526149608085,-33.28574625317514,-0.0,-0.0,-2523.224769038167,-1084.6589812559484,-0.0,-0.0,-0.0,-68.70761061829755,-853.1630114305193,-44.80101814796313,-1543.457371901353,-1407.3629626881382,103.8485581201772,-0.0,-575.401710248066,-0.0,642.452332496155,-117.92596645676153,-0.0,-1491.8003530108817,-296.62214766606934,-1838.3300185795192,-0.0,-1504.139102953558,-592.0766581926353,-180.0095431606804,-11.194162748632634,-31.082835712059193,-0.0,-0.0,-699.4448828651863,-1158.396054923508,-0.0,-549.8331066302125,-0.0,-337.37427147253544,-506.72272848035203,-0.0,120.31344480486601,627.9267046755789,720.8778098920375,777.5357109339177,765.2610526846589,706.7261371374699,-0.0,-0.0,-0.0,-0.0,-0.0,65.91827781087281,-0.0,-0.0,-575.0723948185266,-148.51084575426663,-417.3843381284571,-72.34294590605884,-0.0,-1011.878326880479,-1355.2578905366347,-1861.7933248794702,-219.04418176259446,-178.49581477997276,-0.0,-0.0,-554.1088218338994,-0.0,-0.0,-0.0,-0.0,-2450.605424950546,-0.0,-37.48573824998605,786.6956166958383,-0.0,-934.7395220142622,-550.9888278978815,1329.8899965357293,-884.3452618536471,-0.0,-2670.7756043367654,-2052.4073361607884,-178.8760609358675,-721.1247915028104,-1104.0839643616405,-486.5086642804073,1073.3801638142154,-75.84080919491991,-532.9768045395907,-0.0,-0.0,-429.8913860887393,-0.0,-786.0230231337921,-0.0,-408.8314998175057,-33.893841131030314,-0.0,-0.0,-1041.6169646735877,-0.0,-0.0,-506.68161700763,-1067.8998815896452,-1845.2604262199077,-0.0,-0.0,-0.0,-1643.533417773535,-0.0,-936.5785898906339,18.134909235683956,-0.0,-0.0,-1038.464751594758,-909.4819857233808,-1117.2724216188062,-369.67963616070705,-0.0,-1236.1210741034922,-256.19557204273144,-0.0,-0.0,3.7178250726124324,-35.836717366236044,-4063.331449460389,-0.0,-110.16691523378658,-24.58821623700669,385.65885142204473,-69.85269015953301,-908.2340258682267,-831.6149536467393,-421.6379795731963,-0.0,-0.0,-1690.6946446226777,-0.0,-0.0,-0.0,-0.0,-0.0,-0.0,-0.0,-131.59748832840765,-0.0,-0.0,-1647.375259157204,-6121.7875511311595,-118.41132971954549,33.800266028070816,-342.75517339414995,-636.5896157948624,-104.7019817323937,-3800.051065031525,-213.09522914424204,-279.6147308114112,-0.0,-0.0,-0.0,-1541.9628990906904,-0.0,-33.94134787072794,-0.0,-0.0,-0.0,-421.426390591297,-10.678341346086382,-218.82023796484987,-1157.4605091600242,-579.8285702701178,-64.13441692759494,-2198.3335927416747,-0.0,-72.85154307823683,-2054.3000662908657,-0.0,-1170.29315987699,-73.79365040429485,-1307.4957644066642,-0.0,-0.0,-935.280199418817,-598.9282262343603,-31.430719177595865,-839.1563426861339,-822.7905924782866,-645.9418766924108,-139.81752836943065,-690.5832605302792,-658.9110315295388,-2019.2491098396513,-855.9650441924205,-0.0,-1382.9338677459716,-356.95626987434395,-581.4875060345706,-0.0,-0.0,-992.6560832874279,-2122.1150761787108,-820.2632066640286,-0.0,-0.0,-0.0,-3391.197791557469,-779.6140851618064,-153.99369264219328,-309.9207213421042,-34.285126986323526,-3422.569453464367,-0.0,-0.0,-2126.5549043265555,-778.0058776066005,-0.0,-0.0,-0.0,-71.18567859357823,-0.0,-1675.0347338291094,-1607.7682844283422,-0.0,-315.489810662362,193.37122186873714,-0.0,-0.0,-0.0,-986.547071534383,20.995575155587417,-2242.3523604487345,-586.6615614896893,-1081.2632167976517,-689.0256134480088,-2910.0971295720774,-1528.5379125902075,203.35334124554123,-0.0,-2675.667103501144,-0.0,-0.0,-0.0,-1134.950879890597,-646.5664581769739,-1615.8129078462198,-0.0,-0.0,-750.646697377934,-1354.6831734047328,-581.5830957749912,-466.17170811037863,-0.0,-0.0,-1096.0749302079453,-0.0,-0.0,-0.0,-0.0,-0.0,-0.0,-496.17584511681355,-69.1718290500091,-1394.5500665777959,-0.0,-624.4029116871241,-1106.1902233703436,-31.17409702146861,-0.0,-0.0,-0.0,-0.0,-0.0,-0.0,-0.0,-0.0,-0.0,-0.0,-1120.8570984376984,-1574.0465949277125,-0.0,289.09941608353313,-0.0,-588.2375106999477,-87.64009140324555,-0.0,-782.6277200613769,-354.01899781550827,-88.15540945312436,-1727.076421601108,-446.8131572127478,-2376.0202091438628,-154.3620062097791,-1917.1251659602224,-1502.0417399965322,-788.1845231932099,-3.841060406640972,-0.0,-1043.2837050202777,-1852.58209585378,-2048.685384775977,-76.94075980651243,-201.0167186157114,-1639.8236603588973,-0.0,-1985.509179937699,-321.6528183551052,-0.0,-1582.4405415376273,-0.0,-811.9750728984409,-0.0,-2491.2485405514585,-0.0,-0.0,-70.27249531567374,-952.9170198499473,-440.5657187450151,-0.0,-1210.573563487813,68.41756767997795,286.4128448120299,320.7171547245476,-251.6253018138082,-1504.8523392907978,-515.7321166676576,-0.0,-0.0,-5038.569100397555,-1005.5096718635185,-0.0,402.9470761373453,-0.0,-1791.3036493117972,-449.3296727540953,-581.9849075524226,-0.0,-0.0,543.2608369659536,-0.0,-853.7383080370269,-1103.0106418911487,-1671.648717139326,-0.0,-603.2185739301939,-2599.1776620970904,-862.4659545737144,-0.0,-1218.8251988714574,-128.63282403046264,-1034.6893444784607,-0.0,-771.1987094928288,-0.0,-0.0,-0.0,-783.4593048608644,-0.0,496.6302010037364,-0.0,-326.550221103872,-671.4348895779491,-415.3727264101788,-990.9910274321746,-508.76413142328147,-1858.7650008068215,-1106.6679449988164,-0.0,616.7154637378287,-2136.651044392174,-1506.6944409441014,-607.0983950932587,-0.0,-0.0,-0.0,-131.12532455157645,-1083.8930861555896,-264.22025878406157,-842.8065884346489,-1813.6987087080752,-2297.7075900209265,145.6862236749641,764.1219731134995,652.7672845299373,-0.0,-0.0,108.38414135896225,-28.90328368533953,9557.077878070866,8898.152667146915,4668.573317030489,8877.51542588013,9497.350888184985,9777.031214096463,-0.0,-0.0,-0.0,-0.0,-0.0,-1241.772905458703,-1100.1459699168875,-729.1526408587579,-0.0,-2426.266633547858,-574.8862608073343,-1033.6908054015503,-27.905071043669007,-774.5298337921341,-1121.9671008332425,-945.7549616366794,-1142.8553074133106,-0.0,-2345.216914782134,-1606.1753358506105,-699.8966136339848,-109.27554085411185,-3079.9186297151764,-0.0,-215.1437073536922,-0.0,-10.36904859228261,-0.0,-120.61148377181097,-265.8428496416101,-915.7992436708794,-764.0832454801251,-0.0,-0.0,-0.0,-2116.6976289124946,-0.0,-0.0,-239.53024061800363,-905.2198348440398,-825.0372695354754,-82.8351042679273,-1062.7040292329052,-1724.8060758594484,-305.320459631274,-0.0,-0.0,-111.4530132717463,-1058.638623285366,-312.754690318701,-0.0,-4831.938286862675,223.16953850153087,-0.0,-0.0,-0.0,-28.43731913941205,-382.7692556943917,-0.0,-0.0,-1100.8658100264927,-1851.4869392806636,-1225.0115526241273,-360.06146479667837,-363.8751597254657,-378.0585749078053,531.8894474628615,-1156.7927705477769,-0.0,-488.89266589271443,-2450.590629455399,-511.72646683375365,-7.186625341320071,-0.0,-4.7647771207629095,-0.0,-0.0,-0.0,-1048.1838135475682,-383.35604677601697,-1371.1501522977474,-0.0,-0.0,-0.0,-220.4356751284854,-539.9588427922721,-1344.379346850129,-2980.6989857006556,-307.0590552120034,-188.7583553934763,-0.0,782.2775472354626,-0.0,-1080.5622106473145,-152.56824587120713,-0.0,-0.0,956.504002464431,-0.0,-1566.6430896566699,-0.0,-0.0,-0.0,-187.51689782873666,-1898.4987910736431,-1594.7762021819963,-27.4865674233634,-2265.442759196997,-1317.4433902340231,-23.321496107009608,-25.146407456171435,-63.813419531793244,-0.0,-0.0,-1832.1276739375476,-0.0,-5247.604692233027,-0.0,-1199.521639581816,-235.28386202785651,139.60418100850615,-0.0,-52.14707450524578,-1153.8033199432903,-1432.0243591817828,-510.51304312565657,-30.167391240264365,-228.9822962564519,-0.0,-0.0,-0.0,-0.0,-1017.9624924021764,-785.8972440609782,-0.0,-532.9913889034902,-1144.4791657173516,-166.05299911732595,-73.77485300194635,-0.0,-0.0,-0.0,996.9820751658691,-3.4055784485422844,-0.0,-519.2868183131177,-795.726738271248,-1276.1881622458563,-0.0,-0.0,-1864.3982881772124,-0.0,-0.0,-0.0,-0.0,-608.9659738387214,904.2798142858014,1009.6238291295678,1104.1715745800186,-0.0,-0.0,-0.0,-540.2147055271776,-0.0,-0.0,-340.3157051757402,-565.8030698627291,-0.0,-198.56424725997476,-1220.766054680322,-1131.5269833192208,-0.0,-0.0,-0.0,-10.683652399235864,-1384.5356962776302,-3.9616972852560632,389.41655252700264,-0.0,-1497.3810791417598,-699.9372747959133,-483.30043198346294,-1724.417827474057,81.58660012266716,-267.3355225812324,-17.00519864965892,-391.0267915621372,-338.64165557719167,-899.9609988739518,-322.3632991239056,798.2184031740065,-1321.17424505899,-207.8971243721931,-156.39813918399437,-3542.1326947548337,-2605.336364798045,583.3199620414794,-899.2093861428061,-186.17546413525736,7.692533688887306,-745.4675191031504,-1060.927097976711,1629.5589650282448,-557.0936111934083,-620.4805914106363,-636.4573894466513,-0.0,-6300.172654916178,-0.0,-425.5741378608502,-798.7701844967165,-567.437720889,-853.0860585762713,-1049.1760063378676,-0.0,-950.1087272045996,-149.70214904610103,-77.18935634141056,-5770.0841583952515,542.7863208628978,-181.92209309730174,-0.0,-503.80959412579995,-1163.1305785258196,-0.0,-0.0,-430.7206082851701,-1397.3952915902908,-77.2199993315208,-207.89923468403754,-248.29694218313233,-978.6589574205884,-0.0,-0.0,47.928771714128395,-0.0,-0.0,-1613.1574421072316,-0.0,-1538.2593939494836,-807.3686847162236,-1101.3603194362436,-0.0,-0.0,-451.7470301156438,-797.3886239427087,-126.7031607734922,-0.0,-414.1036768132042,-136.38709387962845,-472.4191808709733,-0.0,-177.67743152028572,-446.32804126012684,-1984.7264411699753,-878.1153110462488,-1507.1723477782361,-0.0,-0.0,-1261.9867651284324,-19.23040089795982,-0.0,-0.0,-1029.7479911534876,-0.0,-0.0,-0.0,-0.0,-0.0,-0.0,-0.0,-0.0,-0.0,-0.0,-90.4460063518592,-0.0,-0.0,-0.0,-0.0,-0.0,-0.0,-0.0,-0.0,-0.0,-0.0,-0.0,-307.2266178133503,-0.0,-0.0,-0.0,-0.0,-0.0,-0.0,-0.0,-0.0,-0.0,-0.0,-0.0,-0.0,-0.0,-0.0,-0.0,-0.0,-0.0,-0.0,-0.0,-0.0,-0.0,-0.0,-0.0,-0.0,-0.0,-0.0,-0.0,-0.0,-452.0600615553238,-0.0,-0.0,-0.0,-0.0,-0.0,-0.0,-0.0,-0.0,-0.0,-0.0,-0.0,-0.0,-0.0,-0.0,-0.0,-0.0,-0.0,-0.0,-0.0,-0.0,-0.0,-0.0,-0.0,-0.0,-0.0,-0.0,-0.0,-0.0,-0.0,-0.0,-0.0,-0.0,-0.0,-0.0,-0.0,-0.0,-0.0,-0.0,-0.0,-0.0,-0.0,-0.0,-0.0,-1203.7530407676436,-472.9117984682173,-1539.9980866370904,-0.0,-0.0,-0.0,-0.0,-0.0,-0.0,-0.0,-0.0,-0.0,-0.0,-0.0,-0.0,-0.0,-0.0,-0.0,-0.0,-0.0,-0.0,-0.0,-0.0,-0.0,-0.0,500.9845857438992,-0.0,-0.0,-0.0,-0.0,-0.0,-0.0,-0.0,-0.0,-0.0,-0.0,746.1941701293784,-0.0,-0.0,-0.0,-0.0,-0.0,-0.0,-223.2036675954822,-0.0,-0.0,-0.0,-0.0,-0.0,-0.0,-0.0,-0.0,-0.0,-0.0,-0.0,-0.0,-0.0,-0.0,-0.0,-0.0,-0.0,-0.0,-0.0,-0.0,-0.0,-0.0,-0.0,-0.0,-0.0,-0.0,-0.0,-985.0442002159639,-0.0,-0.0,-0.0,-0.0,-0.0,-0.0,-0.0,-0.0,-0.0,-0.0,-0.0,-0.0,-0.0,-0.0,-0.0,-0.0,-0.0,-0.0,-0.0,-0.0,-0.0,-0.0,-0.0,-0.0,-0.0,-0.0,-0.0,-0.0,-0.0,-0.0,-0.0,-0.0,-0.0,-0.0,-0.0,-0.0,-0.0,-0.0,-0.0,-0.0,-0.0,-0.0,-0.0,-0.0,-0.0,-0.0,-0.0,-0.0,-677.500079480704,-0.0,-0.0,-0.0,-0.0,-0.0,-0.0,-0.0,-0.0,-0.0,-0.0,-0.0,-0.0,-0.0,-0.0,-451.66075079460495,-0.0,-0.0,-223.28831649684327,-0.0,-0.0,-0.0,-0.0,-0.0,-0.0,313.1365917113108,-0.0,712.8389006051088,-0.0,-0.0,-0.0,-0.0,-0.0,-0.0,-0.0,-0.0,-0.0,-0.0,-0.0,-0.0,-0.0,-0.0,-0.0,-0.0,-0.0,-0.0,-0.0,-0.0,-0.0,-0.0,-0.0,-0.0,-0.0,-0.0,-0.0,-0.0,-0.0,-0.0,-0.0,-0.0,-118.2893297471982,-0.0,-0.0,-0.0,-0.0,-0.0,-0.0,-0.0,-0.0,-0.0,-0.0,-0.0,-0.0,-0.0,-0.0,-0.0,-0.0,-0.0,-0.0,-0.0,-0.0,-0.0,-0.0,-0.0,-0.0,-0.0,-780.6332451966844,-0.0,-0.0,-0.0,-0.0,-0.0,-0.0,-0.0,-0.0,-0.0,-0.0,-0.0,-0.0,-0.0,-0.0,-0.0,-0.0,-0.0,-0.0,-0.0,-0.0,-0.0,-0.0,-0.0,-0.0,-0.0,-0.0,-0.0,-0.0,-0.0,-0.0,-0.0,-0.0,-0.0,-0.0,-0.0,1225.7704262153175,-0.0,-335.89950587545405,-0.0,-0.0,-0.0,-0.0,-0.0,-0.0,-0.0,-0.0,-0.0,-0.0,-0.0,-0.0,-0.0,-0.0,-0.0,-0.0,-0.0,-0.0,-0.0,-0.0,-0.0,-0.0,-0.0,-0.0,-0.0,-0.0,-0.0,-0.0,-0.0,-0.0,203.92377768555164,-0.0,1935.91647118848,-0.0,-0.0,-0.0,-0.0,-0.0,-0.0,-0.0,-0.0,-0.0,-0.0,-0.0,-0.0,-0.0,-0.0,-0.0,-0.0,-0.0,-0.0,-0.0,-0.0,-0.0,-0.0,-0.0,-0.0,-0.0,-0.0,-0.0,-0.0,-0.0,-0.0,-0.0,-0.0,-0.0,-0.0,-0.0,-0.0,-0.0,-0.0,-2061.357439996694,-1319.0796146957823,-0.0,-0.0,-0.0,-0.0,-0.0,-0.0,-0.0,-0.0,-0.0,-0.0,-0.0,-0.0,-0.0,-0.0,-0.0,-0.0,-0.0,-0.0,-0.0,-0.0,-0.0,-0.0,-0.0,-0.0,-0.0,-0.0,-0.0,-0.0,-0.0,-0.0,-0.0,-0.0,37.99501331636161,-0.0,-0.0,-0.0,-0.0,-0.0,-0.0,-0.0,-0.0,-0.0,-0.0,-0.0,-0.0,-0.0,-0.0,-0.0,-0.0,-0.0,-0.0,634.7889908012268,-0.0,-0.0,-0.0,-0.0,-0.0,-0.0,-0.0,-0.0,-407.7199302419236,-0.0,-0.0,-0.0,-0.0,-0.0,-0.0,-0.0,-670.7644997159463,-0.0,-0.0,-0.0,-0.0,-0.0,-0.0,-0.0,2008.1343520082871,-0.0,-0.0,-0.0,-0.0,-0.0,-0.0,-0.0,-0.0,-0.0,-0.0,-0.0,-658.233742324833,-0.0,-0.0,-0.0,-0.0,-0.0,-0.0,-0.0,-0.0,-0.0,-0.0,-0.0,-0.0,-0.0,-0.0,-0.0,-0.0,-0.0,-0.0,-0.0,-0.0,-0.0,-0.0,-0.0,-0.0,-0.0,-0.0,-0.0,-0.0,-0.0,-0.0,-0.0,73.16852139537556,-0.0,-0.0,-0.0,-0.0,-0.0,-0.0,-0.0,-0.0,550.0526147466823,-0.0,-0.0,-0.0,-0.0,-0.0,-0.0,-0.0,-332.60093875440657,-0.0,-0.0,-0.0,-0.0,-0.0,-0.0,-0.0,-0.0,-0.0,-67.36808911271964,-0.0,-0.0,-0.0,-0.0,-0.0,-0.0,-0.0,-0.0,-0.0,-0.0,-0.0,-0.0,-0.0,-0.0,-0.0,-0.0,-0.0,-0.0,-0.0,-0.0,-0.0,-0.0,-0.0,-0.0,-0.0,-0.0,-0.0,-1821.1608119322952,-0.0,-0.0,-0.0,-0.0,-0.0,-68.07120293486643,-0.0,-0.0,-0.0,-0.0,-0.0,-0.0,-0.0,-0.0,-0.0,-0.0,-0.0,-0.0,-0.0,-0.0,-0.0,-0.0,-0.0,-0.0,-0.0,-0.0,-0.0,-0.0,-0.0,-0.0,-0.0,-0.0,-0.0,-0.0,-0.0,-0.0,-0.0,-0.0,-0.0,-0.0,-0.0,-0.0,-0.0,-0.0,-0.0,-0.0,-0.0,-0.0,-0.0,-0.0,-0.0,-0.0,-0.0,-0.0,-0.0,-0.0,-0.0,-0.0,-0.0,-0.0,-0.0,-0.0,-0.0,-0.0,-0.0,-0.0,-0.0,-0.0,-0.0,-0.0,-0.0,-0.0,-0.0,-0.0,-0.0,-0.0,-0.0,-0.0,-0.0,-0.0,-0.0,-1372.9072404309059,-0.0,-0.0,-0.0,-0.0,-0.0,-0.0,-0.0,-0.0,-0.0,-1712.983415652101,-0.0,-0.0,-0.0,-0.0,-0.0,-0.0,-0.0,-0.0,-0.0,-149.32423745414238,-0.0,-0.0,-0.0,-0.0,-0.0,-0.0,-0.0,-0.0,-0.0,-0.0,-0.0,-0.0,-0.0,-0.0,-0.0,-0.0,-0.0,-0.0,-0.0,-0.0,-0.0,-0.0,-0.0,-0.0,-0.0,382.3672298028983,-0.0,-0.0,-0.0,-0.0,-145.7854159953691,-0.0,-0.0,-0.0,-0.0,-0.0,-0.0,-0.0,-0.0,-0.0,-0.0,-0.0,-0.0,-0.0,-0.0,-0.0,-0.0,-0.0,-0.0,-0.0,-0.0,-0.0,-0.0,-0.0,-0.0,-0.0,-0.0,-0.0,-0.0,-0.0,-0.0,-0.0,-0.0,-0.0,-0.0,-0.0,-0.0,-0.0,-0.0,-0.0,-0.0,-0.0,-0.0,-0.0,-0.0,-0.0,-0.0,-0.0,-0.0,-0.0,-0.0,-0.0,-0.0,-0.0,-0.0,-0.0,-0.0,-0.0,-0.0,-0.0,-0.0,-0.0,-0.0,-0.0,-0.0,-0.0,-0.0,-0.0,-0.0,-0.0,-0.0,-0.0,-0.0,-0.0,-0.0,-0.0,-0.0,-0.0,-0.0,-0.0,-0.0,-0.0,-0.0,-0.0,-0.0,-0.0,-0.0,-0.0,-0.0,-0.0,-0.0,-0.0,-0.0,-0.0,-0.0,-0.0,-0.0,-0.0,-0.0,-0.0,-0.0,-0.0,-0.0,-0.0,-0.0,-0.0,-0.0,-0.0,-0.0,-0.0,-0.0,-0.0,-0.0,-0.0,-0.0,-0.0,-0.0,-0.0,-0.0,-0.0,-0.0,-0.0,-0.0,-0.0,-0.0,-0.0,-0.0,-0.0,-0.0,-0.0,-0.0,-0.0,-0.0,-0.0,-0.0,-0.0,-0.0,-0.0,-0.0,-0.0,-0.0,-4806.341187464345,-46.725788108484345,32384.658082899674,-3245.6670531237746,-4041.0278837462724,65735.8827499388,-0.0,-5986.2074971191905,795.95550542476,1903.5264060244265,-21871.79849091305,-0.0,-4228.254679550582,-0.0,-0.0,30436.426079271994,-10029.460761885457,3441.722535672717,5683.52165663137,-4074.4515430911265,-24572.473177595533,-7936.085579877986,46.435375724214744,-81.44304050271509,-5571.433259072225,-0.0,-11977.887575402727,-16650.07433050685,14066.519552109909,-520.2095607379864,7.202738972493243,42447.117194685125,-2874.6637914998378,-107996.6251773526,-2556.464871377741,-20755.498165700235,-17282.3416010226,-5745.612824744649,-5567.940657597179,-13408.312498836936,11476.2257546503,-2241.082115151763,-3766.504172266554,-3362.462054470807,-10205.503401969998,7519.7751217079995,34441.415533476465,-917.2252021094625,63.495024078299686,19499.475948588333,4861.596766522938,-508.282148374347,13409.610614444346,7525.835317840364,-5243.463261494668,-6656.393309461975,-3524.200110206835,319.72423394631625,-0.0,-0.0,-244.07648374351504,-7424.29091608759,-3177.455380138745,-2781.0006379333263,-1591.0725327480654,-4212.299722349079,10007.06861542965,3336.405490134728,-7641.57787724404,18205.775253808963,-18366.050531464076,-31644.137612589635,63072.609563807324,-20929.42789315608,-8455.812182761134,-1998.8695597660371,-3381.80090811639,-5516.017419513501,-4306.852266905599,-30164.977004043652,-0.0,-12404.633794491061,-0.0,2781.6350354405304,-0.0,-0.0,-12876.330339233613,-1110.0271325907415,-0.0,-0.0,3655.4392656024334,-0.0,-0.0,-0.0,-6405.883259130195,-4196.770224075232,-6772.238376564758,-6713.401222123066,7129.335130480973,-0.0,-27067.97028990652,42500.800925953205,-0.0,-0.0,-18488.77527942799,-9578.951867841568,171.625164384968,46.32533488662533,-0.0,49461.960624577136,-0.0,-0.0,-0.0,-0.0,48357.49938505814,-943.9867262663337,-0.0,-10213.081874834621,-0.0,-5604.04973436603,-1218.8458740490664,-2970.6537953980815,-14524.372116391629,11430.276122225563,-1356.826583869773,-8536.076777470405,-0.0,-0.0,-4588.986632453362,-6342.892120701404,-9485.779760201864,53028.54513624546,-0.0,-163.86397184114517,11806.363012496233,2968.310637799096,-1806.7965779210392,635.7497833103765,4852.994570290269,-3399.967153087561,-74.6618946068987,-16383.203797266215,405.0182504710874,12368.65495131367,-736.4032519088069,11650.614348553801,46102.40600924767,2830.881789809913,-61.41433055417336,8585.059760190035,-1898.3743496494217,-7077.638016120174,-9322.988143358503,-13449.364914605503,-0.0,5965.913073809835,18258.366877321834,19822.568469635033,-8911.643972974005,6775.649085497309,8097.3103342823,-7474.446896779332,14682.972881777445,-13091.968950790573,-0.0,4193.943912321082,-11163.795988755877,-14542.639941189906,-7901.1884128389265,23324.346050381562,2916.6767176372323,-0.0,-5589.94150988513,-0.0,-2528.018055417277,88.7406839179657,-3701.384206895659,-0.0,188.22107126256043,-224.5755096293218,-20020.297900066635,-11646.54628943451,20146.6392558906,-6328.185089933476,3238.5727958645766,5180.450690664868,-5983.519857521275,-4847.63762673742,-10567.801102989532,-0.0,-1943.624219600143,-1636.5548846345844,-0.0,1167.195975953984,-334.32887656095403,-0.0,-0.0,-13389.965693676517,-3271.381899015534,2721.783696408682,-4439.413392047459,-0.0,-0.0,-0.0,50501.01213137841,18507.024343276084,-0.0,92.73834270731025,11083.566407287084,-0.0,-3956.5469875698486,-2212.7146928704083,-0.0,-3987.545040270147,-8346.354617241912,109778.33644860012,-11049.098663262952,-8009.977626367064,-30711.230015384168,-0.0,1339.8486113355248,2703.2280192654903,-8926.429866420054,27218.38855511576,-7431.306090587423,-36287.25432378964,-13012.491880670943,-8386.749376832448,-0.0,1124.552478982758,-4411.318703607828,21931.594043349374,-142.30430946805131,-391.4260400893763,-9847.625887049277,-8432.4850015302,27074.767062546365,-0.0,-1953.6029241336873,640.0689753313941,-0.0,-0.0,-0.0,-0.0,-0.0,-0.0,-0.0,-0.0,-0.0,-0.0,-0.0,-0.0,-0.0,-0.0,-1935.8642688969842,-0.0,-0.0,3116.9226737526224,-13335.265029406271,-633.3993204778932,-9413.887993098433,22705.30002851365,7368.23422871487,-3556.4997235338587,3126.918041704483,40140.0799435078,-0.0,-0.0,-3817.931078838298,2927.287572643831,-6167.6370391853525,-7657.240513616326,-0.0,-33.628853088497785,9114.16487687448,-4122.847651907494,-2448.4342024618254,3301.3381498734057,-22869.412762500586,27701.00849196009,-5235.458220021776,-915.0805369646839,12376.261807020011,-0.0,-0.0,-0.0,-0.0,-0.0,-0.0,722.5392638546134,42038.99198644372,-9141.457938253452,-9998.13342228516,-8098.1899885827515,-0.0,-8240.61133976838,-11845.403124354641,-0.0,-0.0,-0.0,415.6993698807611,380.0738654055719,616.1978811708833,2266.8160622638834,-0.0,3584.1777774892007,761.0328420132364,783.7636055917767,754.3208248113168,656.2180289517362,2564.3291393688355,1451.1652037074691,2466.239318451217,2218.935932350052,2418.1108044542293,2610.2816380358704,33151.78234303541,31276.78971956423,36803.23895137163,34234.83491008951,8483.271239279753,7620.283942228215,7829.910274277837,8810.337443496508,4272.93541563931,1815.7726711992327,1887.04058143597,1961.635821860794,1879.3140927677084,1978.549104717724,4141.938553600312,3891.0055603671303,1330.1895902608292,1114.3319809140576,571.5252323382642,365.01667939785096,460.0526587198584,30485.529146672914,29528.30542573784,32976.13379901755,29254.13656080667,51456.01485645784,48663.95549067117,1172.139962322072,1058.8647563379436,1165.0506903726234,1119.0860622021344,1090.5645411488115,1136.924037964024,586.9558668058229,51378.77927501068,45815.83224572711,45361.73554883107,2477.4129970737445,2365.4244228290813,2553.7211039677263,-0.0,7411.822993427548,7930.957592173138,34388.818967792686,29883.79663463615,35106.28496957202,53437.09927558323,52329.58021050186,59630.15265692906,51272.59623023633,2457.848512633142,2117.985094642013,4548.061486948365,-0.0,17481.124593839377,19803.53715524472,-0.0,1384.9437588650217,1347.6742506575683,1356.1935987360953,1317.0779571972043,1314.7053547874161,1332.610787645474,34602.090052717314,34810.95830826528,32408.28242160433,29626.42980077562,1053.5935305845685,1145.2608776059124,-0.0,-0.0,13372.931853245196,33584.840023504024,29366.17427297271,32743.408634834,35406.38202161989,-0.0,48939.12391685673,45533.415633801684,931.1829098853041,2067.306840647749,1977.4826804217632,2114.5055912770017,2208.61871875227,2234.629772936782,52180.1575895517,50166.652347981966,-0.0,-0.0,14437.464584069377,962.2167383006523,32634.142486410732,34225.29411410095,30346.111416856034,31597.32290414232,34583.47277102982,28543.744644084207,-0.0,14356.766744992874,8959.9597288654,-0.0,-0.0,1224.8027127901507,1308.0471319454261,675.4626455329928,752.8719447418702,389.13021710747023,394.4555065615297,-0.0,929.2023918055365,927.8586178678617,988.8366306469107,1137.5678953874638,-0.0,1450.7926304547452,1414.4230806112514,1679.3252649244273,2184.1032859148213,2162.3600809224163,1985.0602426378325,698.4507672644155,787.4480060436513,776.4536071254494,1287.7000519654052,829.1742519106315,894.6574515345142,913.2509200190511,841.6424527844296,7439.698078186194,7433.614098129127,238.7670188366666,234.83316526192746,3160.674187794347,12819.080027063683,1286.9381265849222,1374.4713847032026,-0.0,-0.0,7860.659610950139,7866.7432860944355,7753.699977161549,6778.170123304144,1809.2963529205658,1792.2224748104193,31719.973506452774,29049.59447063475,8497.496514913197,6325.052351548595,-0.0,46014.80678322974,1749.2077514799735,2067.705884918961,934.0801746451672,49170.4652806276,49442.775217778064,52530.288110486086,43597.56963869959,186.145066969431,51442.50789411609,46600.38377484885,-0.0,-0.0,21286.37475613551,-0.0,1072.2512856292783,919.1744688558115,936.5936574562409,2002.7646429299741,8472.598153596382,15854.26369904132,1653.078256560915,1596.6422678165031,21.66302751146949,617.9521480230427,626.1275117126705,14843.534302777196,1294.6084458915484,-0.0,-0.0,-0.0,939.3381143229021,-0.0,982.584579149039,-0.0,5500.1931104194255,5583.408022415878,5019.838964357857,5192.950783975508,785.0088238341349,-0.0,759.4952037873159,-0.0,-0.0,862.9488928485385,909.8172164210514,944.6303823120107,798.6405273735692,706.0458600244984,660.6165259170473,1546.0613033492446,1476.5148164070488,1421.6812682756647,-0.0,2725.6392723321255,2386.8869964853075,2792.6398308558596,2669.9183932005103,4268.98433840809,44229.70188542166,46388.60598826877,9246.526046770512,18827.67689480292,13477.828408575206,16192.554431154464,1493.1612525317114,1798.8119249406325,824.1800981514955,757.6299688041987,1973.6996273614152,-0.0,34639.285786806715,29949.035459212482,1267.524376717168,1026.3538517791287,1095.9233410400018,4900.933587337868,2783.020022347671,2624.927710799642,30663.45551864483,29008.44865682335,32265.07339787353,37371.48556723571,-0.0,-0.0,-0.0,2034.9600927720599,2170.901548257891,2251.927684165921,8143.471872121759,7785.603985865153,5638.99104534258,2094.3759606743147,2216.6955041287806
6,-0.0,-0.0,-561.7941114444171,-1948.316470058416,-494.4937905794494,-468.48443561313786,-92.43168094788875,-573.2134995786836,-542.9095698560124,-0.0,-1212.0194941343816,-0.0,-0.0,-2475.2088336303955,-0.0,-517.0165904546144,-414.51856622594465,-0.0,-41.593527538938744,-223.68071162043228,-282.7780606577205,-645.723654590862,-825.0599459961411,-678.8014336745844,-1987.1687790369144,-582.7180361296691,-0.0,-37.8413631433805,-2672.5144313957962,-1655.1091403068267,-0.0,-0.0,-0.0,-0.0,-0.0,-0.0,104.33094597561495,-191.45042146365154,-1680.463760761567,-1433.1743975113616,-0.0,-0.0,-126.7334067010226,-494.4176717395932,-155.64222658578396,-0.0,640.2601482457468,-1678.0538769689417,-369.86984092268943,-0.0,-0.0,-252.25332732346098,-0.0,-10.654493475202681,-1963.190288347206,-2661.3614938276132,190.63740771116935,-5450.040090371441,-202.28007065563983,-0.0,-1709.6257621408474,-0.0,-629.4401977724503,-2827.187905867941,-465.71065875617603,-465.0272094240245,-39.514093643608675,-2002.1378911063084,-826.7581797513484,-424.58578104739456,-2639.4974352562886,-0.0,-0.0,-2461.3077270414133,-948.0098672880644,-213.11150800639103,-1640.9733159693394,-0.0,-0.0,-1249.4676886147008,-1342.7315936079767,-470.48857898996766,-3252.4647219324793,3.715329899950892,-24.915612292524536,-1975.216347586104,-0.0,-570.8009405938802,-921.1704256564782,-7.04981696894273,-0.0,-1245.276645714594,-79.32082216789449,-745.8942922453427,-2003.6341242420856,-38.157135309010044,-2404.4358337012527,-397.3485212157039,-1319.9410738590018,-2621.3147803136903,-667.089626556063,631.9496582732912,-517.0184052535838,-0.0,-1301.8406203566994,-2189.438466957525,-4374.2149948509505,-435.6588783677357,-2870.16832283251,-0.0,-1533.7071509421114,-0.0,-0.0,-512.6895820093689,-0.0,-0.0,-622.563499815953,-76.9533437346981,-1420.9282379191748,-860.9357649836775,-768.7180152854304,223.25425833364213,-434.65465400118893,-289.26146802870807,-201.35495913393896,-7.71388007908775,-514.5886270980384,-579.7485971559331,-719.7649042686307,-0.0,-4630.845301038442,118.763810085877,-103.00066678934485,-4184.5639847372995,-0.0,-988.5004667326454,-60.88141257704449,-0.0,-303.16355277482864,-0.0,-0.0,-801.9841722853469,-0.0,-667.4469986836591,-863.3804274527249,-0.0,-1047.4141971445786,-271.1583775877494,-601.245064997739,-2028.0662414178637,-0.0,-1600.6131977101625,-1126.6073055963877,-0.0,-0.0,-0.0,-0.0,644.6232846154078,-0.0,-1547.1311787150785,-1650.788579195477,10.731328978279546,-0.0,-0.0,-651.8798279881086,-516.5052072303762,-725.7334974370065,-0.0,-415.54908933422115,-2896.96691464412,-1004.4952765416476,-0.0,-1154.2099602792468,-2371.7758173798907,-0.0,-0.0,-0.0,-0.0,-0.0,-0.0,-480.174448127946,-587.2799399810135,-224.77334693873163,-191.0797516281447,-1292.613438481268,-50.41898725925027,-0.0,-0.0,-685.2644026611952,-0.0,-537.5480807880011,-27.736055753217993,-4.110380565904721,5.639071620723373,-0.0,-0.0,-1144.6602153974309,-410.73763601851886,-453.9624075051401,-0.0,-3285.392199471209,-1932.5994684333286,-998.7232646961887,-0.0,-0.0,-2142.078270896007,-1415.3315182932054,-634.6784707145474,-81.77052486240112,-1639.8665811304286,-1367.4697920358408,-0.0,-0.0,-1623.9935097798425,-0.0,-763.7097851724852,-1242.2903425642621,-132.58841199185855,-402.5773473812921,-578.9114861005556,-547.2851593270997,-0.0,-1479.629023853044,-0.0,-3244.2211111843635,-2742.988344202701,-179.30497286056257,-386.2439416102593,-455.9818965497438,-0.0,-274.6789379805028,-254.65194441462972,-0.0,-1043.7969659521796,-667.0849098662645,-1085.3676776747868,-1524.760552409006,-898.6779862005606,-2081.0204030831082,-2029.8291564117524,-2362.7051755961443,-2157.9345864534603,-993.9221744071114,-2077.9506398798994,-496.3580910355171,-570.4497256335669,-0.0,-1173.4571807232232,-1052.973784114331,-968.1025867050812,-401.3783113691604,-386.1746668459048,-1975.20782318607,-753.2387552380445,-402.8634740692064,609.9729430193435,-0.0,973.4476209652075,-1330.1236911630951,-0.0,-0.0,-0.0,-0.0,-0.0,-0.0,-1249.0508544723916,-2663.7668288766586,-484.8580028370632,-952.1649475706022,-0.0,-0.0,-1788.5894705780827,-1170.1357094660261,-2034.4977290190702,-0.0,-0.0,-134.49586906058903,-56.84497137409607,-384.32336904331254,-1811.5065276990938,-487.79008765067687,-0.0,-503.62182773493396,-661.723431421129,66.51687959906775,-1161.8089579773828,-1428.7936852869327,-1295.0726700885325,-1771.6989286873,-299.967580847394,-570.5672498251427,-40.58203307209165,-1686.1223360759304,-0.0,-819.6728732825975,-159.9725366848303,-82.0783156666936,-568.2582638048387,-0.0,-2093.255395701157,-124.93789464784354,-662.7224818907504,-1539.2410778840822,-1522.533662663956,-0.0,-557.0768010891595,-749.2124440599376,-24.807285195548317,-244.75438924502092,-489.42826577914104,-54.22725209443574,663.7942492915879,-1149.7083311399747,-0.0,-905.6495296013308,-1496.8920758667518,-0.0,-481.39142095854714,-0.0,-1502.47535777747,-0.0,-0.0,-0.0,-1129.9438969814014,-706.6912280561631,-448.52025964996443,-0.0,-1551.7823148777688,-2993.414404466316,-3589.39963757925,-0.0,-324.7980674650875,-0.0,-275.398799263165,-111.9056269554519,241.4422216210758,-559.593947383252,-0.0,-674.4202939445132,-891.7127507755376,-306.99822976534733,-566.405984401221,-0.0,-429.085892832311,-891.4101225960616,-527.9123275746823,29.688478867628753,-2214.431458800735,-0.0,-0.0,-1352.4745548982169,-244.16719579564227,-1335.050387818253,-93.11818539902002,-124.42600369369241,-211.42661315909425,-594.7659310591183,-975.2432586441654,-1304.0859035031015,-2024.2884158637378,-0.0,-0.0,-390.67884418913957,4803.8390563443645,4.1925852074962675,-0.0,-0.0,-0.0,-0.0,-2245.974922652725,-469.6708981602966,-0.0,-958.6516596096889,-896.278513032739,-721.2138238716669,-2143.488905640121,-244.96539609210825,-1130.4379858776265,-0.0,-0.0,-1928.0096750496243,-652.7833744152084,-1654.1488858351445,-700.0227746684675,-796.2567758704898,-1774.3682806714867,-213.654421209401,-1617.0420781589874,-1060.0535136602693,-30.43567213859872,-989.1438769558092,-1088.6751721222158,-221.81058683907537,-216.11263050482583,-1849.162795224532,-0.0,-455.47030400374416,-270.7318430352031,-29.720916469812387,-771.9102788379838,-206.2403253745992,-916.0377402568048,-851.7803194514948,-1215.5551657151725,-225.95356450096614,-2438.1500539118706,-55.54302762765526,-582.0842549544644,-0.0,-762.4446185433706,-724.6369924345692,-930.4301450876125,-1114.7858865674148,13.99977581055396,-392.39587393315895,-2490.1507292848773,-765.8899608371045,-368.5780819006654,-1096.6111500350667,168.5935853177839,-0.0,-0.0,-0.0,-0.0,-0.0,-0.0,-10.627243539273444,-166.8279755476142,-2219.6560361342595,-4739.947457444993,-473.32383588907095,-943.8822219996408,-133.45771795708018,-513.0153986536698,-1302.0115691972971,-1077.177835137805,-38.00728102880398,-523.7019666485528,-478.29973970210176,-0.0,-91.46539857547819,-1076.3563953486835,-459.5086055032443,-0.0,-995.4487857323456,-0.0,617.4154214461654,-0.0,-0.0,-0.0,-39.298091347258016,-0.0,-0.0,-1034.9054189006335,-405.6582629151344,-1162.385187245689,-0.0,-0.0,-0.0,-864.2178264620226,-562.5607706827825,-1279.589963899583,30.327649543021508,269.2468389678605,-0.0,-0.0,-2986.5457217099843,-1190.3719322258755,22.473692293935866,-55.378325527685355,11.201329258231766,-18221.803393342965,-18111.45485582592,-2258.699777155024,-0.0,-0.0,-0.0,-0.0,-422.5949369411951,-0.0,-0.0,-590.9787853112463,-2194.168134280612,-1909.9804352093831,-1303.5491211074439,-334.65496973745576,-1781.7117083451476,-30.878574887064037,-1254.7884707357375,945.0514598311868,-7.141917581341615,-877.2196604745759,3.7731016953329948,-0.0,-0.0,-0.0,-0.0,-154.59383568988144,-0.0,-0.0,-0.0,-895.0628478473135,-1435.0082373618375,-0.0,-0.0,-249.44196530481673,-2154.5335268546714,-0.0,-1373.5661208054892,-1615.994887465848,-1976.0014936311145,-0.0,-0.0,-101.03206222713267,-83.70321113974154,-1002.0045962992382,-1465.4659352647257,-543.0893178630051,-1285.8223010013332,-1219.9809619302646,-0.0,-0.0,-0.0,-0.0,-417.41711897132615,-249.260148732625,-0.0,-0.0,-94.83034555394232,226.18974058283987,-0.0,-1217.1803973330764,-1012.4383088220876,-1052.5120036158926,-0.0,-0.0,-623.6512979742566,-1178.5993548148176,-731.0312226288438,-403.31024868498446,-0.0,-2163.9035771077333,-2266.59543260867,-0.0,-0.0,-0.0,-0.0,-0.0,-1432.6464517685997,-0.0,-2221.769666203187,-1286.0547122626624,-69.10519739944743,-0.0,-0.0,-0.0,-2659.785451175357,-1313.4976455294022,-540.5592004312492,-466.8716622557794,-1198.9437150546057,-625.999584738474,-0.0,-0.0,-683.2047341370547,-1354.2331298272193,-68.77124203904046,-463.53617301074195,-0.0,-858.0483613222343,-654.0890459348792,-1780.7158304839536,-0.0,-312.86811638067184,-129.52492626798036,-323.24735549012803,-1439.6569436186926,-289.28417392928793,-0.0,-0.0,-0.0,-0.0,110.73324200862048,-144.78029589991434,-874.0019771113484,-1485.7779053276745,-1118.1312633763932,-443.556512272355,-577.0955203744838,-5842.058671362529,-815.6588855138983,-533.1065424661772,-0.0,-0.0,-0.0,-275.86164858664273,-394.1484225924345,-1238.7382714591874,-365.70622366200615,-0.0,33.64969256113284,-0.0,-0.0,-0.0,-0.0,-0.0,-0.0,-0.0,-99.09850626173028,1609.8067036936804,-0.0,-1480.2540585944375,-691.6433801763523,-416.6926338241392,-1625.7237191077018,-0.0,-0.0,-665.1523913608268,-678.969292892355,-111.72383540461294,-129.6830441680865,-138.08124405419798,-612.9089694815174,-156.90160585851473,-1842.6112314439965,-350.48495274891917,-405.11105973084756,-0.0,-0.0,-1471.355601391825,-2790.2055299411504,27.475296372020534,-511.46039016458315,-358.6044364407636,-905.4271482146745,-1238.8829654861224,-747.0029372378201,-286.7737289890665,-163.46451581181196,-1266.5006950581242,-0.0,-0.0,-0.0,-0.0,-0.0,7796.771892397012,-71.44581180316835,-531.3122569669306,-671.5238363274868,-1067.7041053659402,-1174.1655594585309,-1284.1786322096962,-1601.0957678742716,-1848.0438515448946,-436.56217945077367,-0.0,-0.0,-1477.3200272380004,-0.0,-0.0,-305.1436171783333,-1917.6998760510025,-1207.397862262015,-485.7818052142091,-61.77491301547522,-1627.6143124592895,-0.0,-1409.1908426099294,-0.0,-0.0,-0.0,-0.0,-0.0,-0.0,-475.7669120579724,-1289.933009555907,-1046.0626196985693,-83.15650670900553,-241.43973983074554,-596.0875413540006,52.13992574355856,-0.0,-0.0,-564.4600505298757,-535.8747938435712,-3929.3981142677453,-0.0,-1245.1578695482385,254.30116920896313,131.50021041143157,-0.0,125.22629186965865,-194.67959065394825,-145.65287301390936,-446.6122549117176,-0.0,-1730.9425847038017,-0.0,-0.0,-1071.0266062361934,-0.0,2385.229000897795,2320.5104070967495,2188.979692183613,-0.0,-0.0,-1782.944718555903,-0.0,-0.0,-341.38597712143314,-912.4340181720809,-728.5487856090829,-890.4704570168393,-1057.6836728656845,-0.0,-0.0,-0.0,-0.0,-721.0226193884359,8.427644630354514,-53.384888951727994,-1023.301919571751,-984.2736301298521,-368.2502519328405,-1456.5558378401563,-0.0,-2062.284220083043,-1069.0451967427086,-1395.4394842370891,-413.804015623839,-382.76304281303817,-0.0,-1268.5969364001373,-707.8902753748665,-865.5635836892872,-2095.113974934624,-560.1357867748928,1039.5156946311502,468.23851188690696,-323.826472242165,-1228.5216633632201,-0.0,-1716.5074017002742,-3442.5387243812,-436.6077266877653,-475.521101473446,-0.0,-0.0,-0.0,208.55856751103804,-350.8683783953663,-515.5854074250178,-146.06878491864006,-468.47415037760624,-501.60393995404127,-0.0,-427.6891974453281,-925.4681496690613,-723.7220147467286,-0.0,-1782.7495777080223,-4318.525583857805,-0.0,-0.0,705.9634677164921,615.1405930452803,-0.0,-0.0,-639.2424494601148,-916.1134612039514,-322.18548097906955,-666.5170189938569,-0.0,-0.0,-0.0,-0.0,-0.0,-2655.4010731369362,-424.8080527638109,-1606.6091561626936,-1121.2486783056413,-0.0,-423.51489777454407,-397.10221236012296,-0.0,-219.04724552631873,-682.4495715547894,-1179.4328704108448,-3970.88249638644,-77.13547016463949,-0.0,-0.0,336.3455713912817,773.1800340700604,-0.0,-0.0,-373.6728919974359,-0.0,-0.0,-0.0,-2510.8873670719554,-0.0,-530.4675686371552,-0.0,-0.0,1692.4497130364655,2120.775260551758,2022.2211820471891,-0.0,-0.0,-455.013089620237,844.1922216046056,-2558.1369855942344,24.839308782631942,75.56848167962123,-2458.2973072667296,-105.88171436201026,-197.10255524704053,-640.5965026543223,943.7391940593513,3250.050131369291,-2938.840641097478,-0.0,-0.0,-946.816114411011,-1620.9757560330588,-1171.9432460301352,-233.1699190343093,-42.12442114563795,-0.0,-0.0,-0.0,-0.0,-1952.031482281666,301.3809063642664,-0.0,-3.5736738789935703,-0.0,-1622.9680031161226,-2014.797389810393,186.38455854964147,-0.0,-0.0,-374.65704018518363,-0.0,-1654.8635285235864,-93.74386499252738,-1134.1299098210975,-443.2722412908744,-1163.5468664539865,-650.9245640409995,-1124.0311626191756,-677.5405915636276,-0.0,-0.0,-0.0,-114.3378716762207,-0.0,-0.0,-261.6102981003379,-373.72310868154364,-650.8337809639735,-0.0,-1350.3374780122842,-1044.1797690335375,-877.722162145742,-7.2531623126609155,-7.413776772830577,273.6180591141129,39.34772370250603,-0.0,-0.0,-12.213284879103425,-1749.518848230195,-609.627572547481,-949.3858954568173,101.12678938049541,-2156.3680744792896,-1798.0528583457651,-945.0635587949938,-1057.6534098016898,-44.63570199228461,-575.0947434751405,-698.2001808097887,-1245.8233877878663,-2011.9722550268457,-0.0,-2013.3955707329692,-149.8555690599986,-0.0,-2470.0182628903563,-2641.078569497041,-2306.175198198804,1516.5009530604964,-0.0,-1739.3492892987786,-226.58491182308063,-1225.8095172459725,-586.7733374317208,-117.84715582225547,-2174.8093080264757,107.0126055773643,1643.5186252921799,-0.0,-199.35758248059184,-403.4698433380428,-1072.0986832485112,-1163.5101048134522,-1717.0627416550367,-4023.655899228496,-0.0,-560.7298507022572,-1289.3788536081188,-678.7444963843624,-237.82487116040224,-27.34047861523611,-306.62839396792975,-0.0,-0.0,-0.0,-0.0,-324.4663280280645,-1247.2184401784034,-863.554867138367,-62.91025975971175,-565.7625707948571,157.76247824671077,-0.0,-0.0,-855.3734162272641,-499.9268096181147,-0.0,-2105.256977410675,-92.9959363428806,-1275.5588819339723,-0.0,-199.66560361773895,-194.29616767927345,-0.0,-0.0,-452.35035872496246,-0.0,-0.0,-4056.1831420602,-189.02095612825633,-2454.668207200516,-0.0,-0.0,-107.75776289218608,-1457.8187298976154,-597.6795645044195,-368.869879837032,-1452.1112888562352,-0.0,-676.251764028715,-0.0,-524.2733657354735,-0.0,-0.0,-195.1376290059783,-81.89934828307159,10.935748854464125,-387.5951352458612,-1396.7293837997095,-2062.4603306682593,-0.0,-0.0,-0.0,-24.601163455957764,-367.9935646873744,-0.0,-1595.4958098876052,-2840.228420798119,-0.0,-0.0,-55.803466086718174,-1586.5869749223023,115.41177204461239,-0.0,-0.0,-0.0,-0.0,-461.4317735401196,-2081.113624981171,-201.0882459918242,-1346.9790006763744,-0.0,-0.0,-635.1936498947493,-467.30249290946136,-334.0950891071593,36.405962437168185,-0.0,-0.0,-0.0,-826.452351736544,-641.5603279564983,-496.17674501399017,-314.09616026639407,-0.0,-0.0,-0.0,-0.0,-2280.6796584787826,-81.10465742981533,-23.15233985116608,-0.0,-0.0,-659.068616684081,-357.2878861138577,-0.0,-1854.5511063375056,-4393.258387387026,103.36514978992815,-1151.6768408360442,-0.0,-0.0,61.302470178923876,-491.9045485057796,-1789.9507280902214,-505.455396425926,-2836.5689234357405,-1232.0627647417862,-746.8733219237164,-1400.2254533061825,-0.0,-0.0,-0.0,-35.82642791735332,-1227.1164729993238,-0.0,-0.0,-2946.758366000218,-78.70034991258092,-1367.5895964477743,-758.7416532699767,-0.0,-0.0,-0.0,-0.0,-0.0,-0.0,-690.0785977505176,-0.0,-1540.8167633143148,-0.0,66.96500520157875,-1290.9702212874586,-0.0,-0.0,-0.0,-2172.084732546852,-0.0,-0.0,-499.19497190597536,-0.0,-0.0,-1020.7525017074507,-562.7332612428038,-0.0,-0.0,-175.98747275460556,-1920.3638775707084,-0.0,-1078.0542945096165,-829.1827529280384,823.2430147827093,-184.89621337462836,-0.0,-551.8083759515262,-2.1660366165043,-0.0,-21.417783513495923,-0.0,-352.37210846701686,-0.0,-0.0,-0.0,-0.0,607.3499250132102,647.6855844116657,-867.7592134310325,-1554.763547394156,-0.0,75.65951152363931,-3.9022483488036652,-81.87504226546228,-902.364678934437,121.87998262923642,-525.0191778446836,-397.5548287726592,-181.74230908945756,-3282.1209973687514,-0.0,-226.2375432216794,-1740.0569418127905,-2432.171157045636,-0.0,-1102.9745351982601,-1669.5293373538952,-2027.3600218279116,-728.4900615328364,-0.0,-889.7390626190693,-712.0810360500166,-775.5829229575345,-1213.8451631415826,-965.4422797847685,-0.0,-122.44040971518915,-1305.0867010074671,-0.0,1160.2250483066186,-377.8221387956835,642.4704530131431,-0.0,-0.0,-95.70328882173852,-42.166019366980244,-2337.4169476945226,-899.4936998184972,-0.0,-954.224639452388,-3070.758208191839,-894.1685543933172,-847.323474431265,-1147.487943121297,-388.62141944666826,11.00883880060361,-39.31193031806596,-0.0,-0.0,-946.5629740218926,-74.16301498190579,-0.0,-0.0,-1898.7469802485418,-665.8947921234355,-602.9338259545418,-1882.520482924954,-94.06422453647424,-17.47126838636927,-2537.4315218875972,-875.9111502964479,-605.8557352213757,-1021.3416610953174,-0.0,-2152.6154343802377,-429.11114790773763,-1273.0956618841317,-1587.439413752607,-375.23094381229544,-519.1081125491628,-1683.1667289072568,-463.38411815044526,-0.0,-0.0,-0.0,-1318.3228156264493,-0.0,-3327.0620102301273,-1161.9825296467654,-1456.4030414600702,-0.0,-0.0,-0.0,-0.0,-0.0,-130.08544565023146,-0.0,-237.32854100388883,-923.3530753997646,-363.0084093448106,-0.0,-0.0,10.579101929758648,-0.0,-0.0,39.938492177040445,-284.0422191864033,-0.0,-532.6311709091991,-0.0,-0.0,-82.40596327128995,-11.361777661612907,-2519.8219025059525,-2187.3180947374894,43.33133166906836,-6211.241631243456,-884.210635194583,-568.4981368898636,-0.0,-762.1788726731078,-1350.109273441345,-0.0,-0.0,-0.0,28.13695048382194,-0.0,-1388.5958382295792,-0.0,-1387.9423915120915,-0.0,-0.0,-2297.9181578709495,-361.30378576036657,-618.507094388768,-0.0,-0.0,-0.0,-0.0,-267.25868358125115,-609.262601491697,1220.5828069513336,976.4589582531987,-683.9202965546285,-8.386587434089932,-0.0,-288.9926373612622,-314.43552001511466,-1695.7331077367314,-538.2000105964529,-114.43646684493079,-995.8984451005892,-1383.3421989283727,-899.9192094877387,-595.4339957991738,-0.0,-0.0,-0.0,-69.96570075687377,-0.0,-1655.0704471058052,-646.5469936049335,-0.0,-1757.7415643060845,-1093.705282260007,-0.0,-0.0,-0.0,-0.0,-0.0,-987.6040000587145,-0.0,-274.0373021785418,-1620.6072836838887,-0.0,-1036.5338506792398,-0.0,-0.0,-0.0,-2555.1135920515135,-1258.2809620921225,-941.1004039126784,-2222.455363390938,-0.0,-0.0,-0.0,-79.251080963297,-488.3595778823543,3.663804504987282,-399.5563384686203,-286.0328965367556,-0.0,-0.0,-328.48767294247045,-1483.1241190634842,-3366.301453295143,-0.0,-423.91921265989464,-1188.062154762787,-408.3483210013552,-464.50354206334976,-0.0,-0.0,-0.0,-1716.8027003929515,-1669.6731284890136,-39.11003099504188,-1636.7329300284691,-556.0247620817898,-396.79565715664796,-7.45678221512876,-1200.105070970165,-0.0,-1945.6677035704051,-0.0,-454.95132155702646,-0.0,88.29135014941089,-0.0,-0.0,-540.5187274456518,-866.400757959443,-7.833252586081646,-0.0,1151.0002862385975,-0.0,-0.0,-1773.1627160057085,-1591.8015599045477,-1053.945690231505,-0.0,-400.85794399089013,-660.2858112595936,-1489.7808013836618,-0.0,-0.0,107.38133474701753,-718.0294941472174,-0.0,-0.0,4.05939466005381,614.9509192070748,10.666524790807038,-1428.4545550072532,-0.0,-0.0,-1609.971195480266,-1652.0989407018192,-79.05346253416045,-0.0,-159.14717589039927,-733.5776948164286,-978.3002403307099,-1671.5864612644577,-0.0,-915.956204517574,-6.20598361942552,-0.0,-1533.0193045439626,-0.0,-0.0,-0.0,-0.0,-642.227316415269,3.861578681056505,-15.223022027713894,-0.0,-0.0,-548.769743003891,-0.0,-0.0,698.7041965997531,-1048.2741641952316,-43.6796117138484,-2085.895374572973,-0.0,-0.0,-526.8856045925527,-0.0,-292.2709336753135,-1155.8577438607476,-1003.5891335702543,-1024.3879253484024,-0.0,-0.0,1372.3279567826385,-0.0,831.7882973387892,919.6192985544402,-37.89442254514573,-766.7396086933851,-0.0,-0.0,-108.60518775038116,204.16851860362053,-782.0152340250278,-361.76538145745536,-1122.0329965070268,-2561.7355228634915,-1956.4510646313151,-0.0,-0.0,-252.5669481963946,-5436.353348413022,-545.7323730700822,-496.54047187732345,-0.0,-0.0,-557.6690124419786,-0.0,-949.6019670261708,-1363.803399382339,-636.5634933811888,-0.0,-0.0,-50.72649202739839,-0.0,-151.25123001664798,-1198.5026483877336,29.650689369355106,-677.331124727047,-447.82648404405137,-238.6970425805687,-672.4501762731122,-2407.615747719206,-14.425881874941727,-1170.8553848762742,41.440204541887994,-1040.1260858138482,-259.3206112215224,-0.0,-0.0,-195.23762195341237,-0.0,-0.0,-1671.5366171189523,-616.0334357146461,-0.0,-741.69041442495,-548.4008152899794,-0.0,-0.0,-1539.1198774363531,-755.8573095103069,-1410.0067437774248,-1456.181333093868,-0.0,-94.67278722461009,-2733.1157419579536,-925.2628374111567,-303.8910423506057,1581.0415573881553,-1667.25766405112,-1240.14740270878,3.5864763365929715,-808.5366053006446,7.514145401143012,-1743.1786187664945,-0.0,-3058.182205673745,-773.6041490490308,-0.0,-1672.3579701990745,-1458.2801229283393,-0.0,-193.27302329443663,-810.3387538166203,-966.1265041244833,-1488.120743613072,-738.4254364760451,-450.26359976731794,-558.0444537693155,-0.0,-147.55309956159573,-0.0,-2450.5984058397744,15.36394360115964,-3200.916066767871,-766.5222325149061,-41.44328377036898,-41.224698590568,-1315.5428257000378,-915.8583714407148,-0.0,-462.7760338472165,-0.0,-0.0,-635.4422825583041,-0.0,-0.0,-0.0,-0.0,-0.0,-0.0,-0.0,-717.6952680766514,-455.1693739439245,-2501.738517704727,-2501.6300177504972,-0.0,-0.0,-1155.5921649103566,-1876.9932920903384,-464.6890567705293,-196.95590550810715,22.676260307521705,-0.0,-1301.5156350223751,-0.0,-2373.277322515323,-0.0,-0.0,-0.0,-0.0,-1770.2796769207573,-222.92221353589687,-497.6068657400928,-1098.3529310293357,-1192.8788388419746,-1004.5622016370644,-706.9979800059687,-1153.6329545049784,-0.0,-0.0,-0.0,-0.0,-615.1414482517512,-421.22183897911486,-1415.7751588849046,-0.0,-699.4239677252443,-5200.691470380588,-613.7807343410217,-752.2352345278986,-3244.3502319797817,-717.6310865242375,-0.0,-488.0988759302114,-489.1063994991637,-1096.2621179069295,-642.464229524439,-1502.4018386088896,-1576.8970762706185,-0.0,-0.0,-0.0,-0.0,-1433.2812262100103,8366.907793285316,6218.191925949876,-0.0,-0.0,-0.0,-0.0,-2027.5258784843625,-945.6775145593465,-70.47802027847065,-1452.8066192710794,-730.967231381892,-0.0,-0.0,-0.0,-0.0,-732.4853022526024,-0.0,-1654.9329539787007,-251.77258464133646,-0.0,-0.0,-0.0,-0.0,-106.00327460475513,-460.25466052606845,-410.110345201854,-830.7857063813701,-925.584794241385,-1105.67857367216,-907.8501671137448,-308.35874609043384,-1343.5058826455563,-1597.3959846512075,-1112.9283318335931,-1587.128044767771,-36.317522853792504,-1208.7706369030102,-918.3022141860606,-857.9461747520609,-1462.9466817293608,-296.7728881543233,-2494.0614842045566,-1617.385600335552,-1750.6923741633582,-587.6327297017549,-502.4895500538808,-1157.0048919704166,-0.0,-933.8673472638811,-0.0,-3117.162914200583,-866.8760024137249,-309.03570698042523,-1571.8262625474463,-1447.0658761749605,-1092.0731954420683,-0.0,-0.0,-0.0,-0.0,-793.8207815194213,-3021.362966817057,-1641.6055996057812,-0.0,-0.0,-970.5608579481936,-0.0,-0.0,-1079.502486377889,-444.5663921556444,-907.0595714440802,-507.54479200970036,512.1885523882878,-1086.141432853228,-609.2078559609708,-1632.9482033880247,-0.0,1272.6736995419865,-0.0,-0.0,-986.7928009507606,-4855.018590210053,-0.0,1404.9686751211575,323.3054411079541,-717.4923076779099,-223.58076190765985,-0.0,-1661.075285219887,-979.085027524698,-2231.485159459723,-1945.0521160568815,-347.40876266436777,-0.0,-490.3165736768847,-180.67354305722773,-0.0,-1129.6799402683562,-0.0,-1700.2195916219216,-2404.6406720686036,64.37294209588197,-2225.7174651776063,-1864.9604342741543,-0.0,-505.7416926076531,-1284.8817718148537,-2155.618876309526,-0.0,-391.72350358515115,-2361.2753593421667,-889.0596653822248,-782.8346674723244,-918.51029236124,-400.02595388120886,-834.280626347614,-1437.9760364827566,-0.0,-928.7025114582955,104.21970145741369,-1164.7263316561566,-0.0,-483.21872488718105,95.43696719734017,-1003.459292613061,-612.1543047532647,-0.0,-505.3649773886308,-393.2361003056608,-1725.7114894870092,-1101.27171837293,-1591.7948937880392,-840.2571903578832,-666.6905949671266,-958.3839521438861,-1858.127955323347,-21.806061623195212,-0.0,-457.3140427816173,-644.3921075913088,-1252.1798080903234,-1974.1359566066758,-324.08025253068183,-663.4449202940127,63.58872366853866,-885.0490561014756,-1121.8716925511612,-863.9521862482064,-0.0,-854.6554093851802,-54.95650204773636,-2298.9009977714263,-0.0,-427.3467441075734,-851.2799570481429,-488.12264880578044,-2363.505667269483,-172.71087437526398,-1514.7520784418575,-716.5370651742306,-2334.0922898369868,-0.0,302.907324599773,-0.0,-0.0,-303.95760193502963,-0.0,-0.0,-3606.1325507815877,-29.386065253987226,-39.67437492248381,88.04314990490754,-1320.9056050536844,-0.0,-0.0,-0.0,-0.0,-0.0,-29.469580224658092,-0.0,-324.7191464127012,-0.0,-315.3046704491507,-1575.7487045726778,518.1781612764345,-2616.7029560317856,-0.0,-0.0,-0.0,-0.0,-0.0,-0.0,-0.0,-0.0,-0.0,-2627.4538620358394,-0.0,-2697.9133546424446,-2788.671332484593,-35.90945826059374,-0.0,-0.0,-0.0,-0.0,-839.7478452257171,-1028.977340439596,-0.0,143.10497987357252,-597.7745023198624,-1947.3697555518015,-624.5977151792157,-0.0,-544.7039003044334,-943.3531159361828,-0.0,-0.0,-614.3234658605139,-772.1387041469292,618.4847036651524,-491.1847898525073,25.92790672140354,27.488304399930716,-0.0,-0.0,-0.0,1647.5117239807546,1290.480245219594,1411.0599067982102,-0.0,-0.0,-0.0,-733.2727632349441,-0.0,-0.0,-840.9962330282535,-71.76589107410088,-399.9015991012409,-55.219490910608584,-1054.5023893758205,-736.2958560141913,-1252.8186779719567,-124.33390786377149,-256.4362312755729,-1102.3742943448692,-0.0,-2210.430177947372,-14.663846991855635,-880.6171943128769,-806.964186399356,-16.11037171846332,-0.0,-1143.6782757099793,59.23107069686584,-0.0,-0.0,-0.0,-0.0,-0.0,-1380.2010547415512,-3369.2070164317693,-0.0,-641.2757610187778,-59.37842726426372,-0.0,-0.0,-0.0,-443.9262055885225,-24.708648656856653,-0.0,-1213.0370638946417,-659.6908208048737,-0.0,-0.0,-519.7027263200193,-0.0,-0.0,-1603.6171030257385,-1419.4742750184932,-0.0,-820.8566730105576,-1971.6666967578744,-76.98640445551753,-0.0,-0.0,-252.6339351697619,-779.4081662774256,-233.68734666108395,-178.1735153861912,-139.13362741742463,-0.0,-0.0,-0.0,-1178.4078907172086,-1022.0708477172511,-2091.5342544162513,-275.8866580703234,-1280.9227866673878,-104.7263879529428,-163.30229479470972,-482.01411656406196,-1786.4390077853566,-0.0,-0.0,-1501.6539052796415,-1680.681464874507,-0.0,-0.0,-0.0,-583.7657092645535,-1900.0128907490114,-3274.5655595691583,-0.0,51.84455874856409,-182.60535585722175,-629.573102156363,-580.1913694596565,-1927.1647217935483,-0.0,-1481.2993191434732,49.76358943200606,8.23433421784199,-256.6793483703857,-0.0,73.74561832319327,-268.1462321631853,-446.5072302360743,8.015279474495628,-0.0,-0.0,-727.229372217872,-11.288258543011523,-0.0,-1325.0648177750836,-910.1452688417588,-1169.705798648312,-788.9346582553745,-1216.2922407682765,-1480.8079631758428,-0.0,-0.0,-0.0,-0.0,-0.0,-360.19183616641146,-600.5996870839756,-1176.584504381324,-1264.2645378892414,718.3384146254954,-1444.9875948758904,1609.022281378889,-0.0,-2071.422918159321,-1623.1619216991396,-770.9871362171618,-30.357658772546802,-105.09095214242106,-2126.5773899683295,-212.13302143805947,-0.0,139.9553519245118,-921.3794451360948,-0.0,-0.0,-541.4346873390597,-366.9604441819098,-408.64577703304093,-1168.1499047717762,-1526.0146140551744,-0.0,-1453.8675818964039,-1209.9733333718061,-4423.796993732252,613.7269638872473,518.0811888592131,677.2317076835956,618.3654574407877,-0.0,-0.0,-0.0,-0.0,-0.0,-0.0,-0.0,-0.0,-561.8127072938064,-0.0,-46.21304635514433,-41.829282201492575,-0.0,-1060.7083187521937,-1267.4741329273684,-1865.5368361363096,-0.0,-0.0,-0.0,60.40539362912463,-3129.9930895392968,-607.8594995323286,-2636.212437703451,-1698.0905052936598,-0.0,-0.0,-157.18755887949203,-1231.0212299205182,-0.0,-2175.2637469598512,-668.0520904176718,-0.0,-0.0,-0.0,-2045.394491491551,-0.0,-0.0,-0.0,-0.0,-0.0,343.70364750752435,-0.0,-0.0,-0.0,-923.5726704698375,-0.0,-0.0,-0.0,-0.0,-0.0,-0.0,-0.0,-489.66107107343856,-967.9404318957647,-1313.896639733722,-1524.2908988249403,-549.1661360074523,-1072.8381326014214,-33.214522550324446,-0.0,-613.2518767282888,-44.357039497903784,-0.0,-0.0,-0.0,-0.0,-787.1770885512924,-0.0,-525.5303873862682,-1270.1319836478224,767.0864391115105,625.2157626873039,772.8846534676189,675.8791134952581,702.8010669058054,-0.0,-0.0,-0.0,-0.0,-0.0,-0.0,-401.89139943614737,-0.0,2019.3322455070186,946.2089934525679,1111.016270534624,-0.0,-0.0,-1259.7670096089153,75.63021798303278,-57.7096769010513,-2167.219448773524,-0.0,-1618.3476006644764,-0.0,-0.0,-0.0,-0.0,-545.0598163702601,-0.0,-568.4366081453059,-565.2773239783533,-324.56187184602277,-0.0,-13.916510320424514,-0.0,-781.9796630752169,-0.0,-2221.6442476710354,-537.7465789278501,1597.190187331608,-2010.4477264441512,-823.4411626529735,-70.45809968742677,-807.3914964108428,-0.0,-532.4116719143423,-74.39878598789173,-2258.3930462439407,524.016897897054,88.80988382423247,564.7851279169284,1157.1143118994091,-0.0,-262.1827495401053,-24.702304088806386,-1163.0319715244577,-976.8696408270752,-1382.488981593667,-1703.829620894609,-0.0,702.9673798886248,-0.0,-387.47493648518036,-2579.515617386701,-1149.766197131429,-0.0,-1375.9346148410816,-400.5898884847437,-581.2487646658789,-638.7210168202208,-296.7806289595004,-1304.3381866233062,-0.0,-1859.0309546985984,-425.5823893646588,-1355.3587894467287,-323.0466187141114,-0.0,-0.0,-0.0,-0.0,-1148.0699979382116,1028.5447714966795,-993.1514185050114,-677.9352772994016,-0.0,28.157248005763602,-0.0,-0.0,-772.654993445258,-643.0566172913364,-670.5450940649405,-675.9858800816736,-0.0,-0.0,278.98778796500676,255.0373772682587,566.2625524544308,-0.0,-560.3066489981994,-1767.5712138796605,-1200.476298276525,-3.9768992725121772,-1493.0152276803215,-0.0,-0.0,-0.0,-534.1723028696489,-922.9860315880538,-0.0,-1308.7063237813043,-0.0,-2655.601916010835,-3625.1040149330875,-0.0,-20.976550808564657,-0.0,-737.2389807326929,-0.0,-0.0,-0.0,-1962.8793435893392,-960.744400516574,-571.8840723931793,-747.5489733388097,-0.0,-0.0,-2159.988531477091,-0.0,-547.0045085002365,994.5403288703101,-981.910839092824,-758.1356066438425,-577.8888364403741,124.02079692119739,-0.0,-0.0,-1248.2450777833517,-0.0,-681.9377822780859,-69.93273191274331,-365.6448914615746,-298.7992986421046,-0.0,-0.0,-209.7301153429442,-638.037129310668,-990.1389380078587,-536.0751214797197,-1000.707699582642,10.774117591542923,-0.0,-124.50025101708097,-1780.637437723253,-1154.1659197859628,-0.0,-0.0,-0.0,-549.5797312788739,-560.1831526873077,-1278.113975527053,-0.0,-0.0,-0.0,-0.0,-0.0,-1413.7977764020566,-670.2736453896753,-0.0,-523.3117962612035,-0.0,-16792.07325062612,-741.9881282943144,-115.54080810367414,-659.9542282538724,-0.0,69.48011889991643,-1114.2722957244775,-2314.0993015840345,-0.0,-0.0,-0.0,-713.9786031178418,-445.84124165596864,-941.9504637074433,-889.5897295042839,-501.9053107285887,-0.0,-0.0,-1541.0392510516774,-529.1665663582141,-2190.921009252654,488.87411621833104,-2003.1567332708378,-0.0,-0.0,1641.8746696828828,-1456.227875371776,-0.0,-203.6063410632972,-351.80806720119193,-612.5667568468632,26.879137290414107,-713.9935162286538,-0.0,-0.0,-1129.3044546892502,-1343.1161563071057,-2745.1617049687497,-0.0,-0.0,-2117.211219208696,-757.1897332312915,-811.8642569095275,-2194.9570282239533,-1473.364821184447,-0.0,-0.0,-1058.1505566346239,-0.0,-71.54259699688323,-1458.344625570481,-1571.6953930336138,-0.0,192.60060028840414,-703.5326823478866,585.050174059779,-228.29586909141975,-232.15867924115278,-0.0,-430.45381942879504,244.35258371404447,312.50208564648284,-364.91802606771563,-2289.0299676656614,-1800.3778559767413,-78.14496150315829,-4576.547728205295,-612.513092420744,-1056.855742559046,-45.77097092399462,-3306.933914253841,-319.70996654008195,-628.6794920581958,-253.26892560047352,-1754.1777164656921,-1006.1601050491165,-3030.6968731964844,-5226.562955004402,-78.32453843391917,-642.6235728309255,-1411.6301397990462,-1150.052176185537,-0.0,-3104.362667507409,-0.0,-277.2986210609074,-1633.2200614536016,-1149.884722079436,-0.0,-0.0,-847.3711526838509,-236.03116797791512,-0.0,-1349.5172967040994,-0.0,-707.5066607904555,464.3537183914421,-2140.2791847465155,-449.6450760495862,22.200664291673487,-12.408397618014293,-0.0,-1917.0253362012706,-546.8178418527184,-0.0,-129.03376182633426,-0.0,77.87305555624881,-152.83983259879503,-0.0,-382.8874118476398,-1301.1859255588129,-412.83273375402797,-843.6742593427306,-1832.819692127826,-0.0,-3454.5803932041013,-1635.3016524584514,-2636.308397020529,-2189.2065471383157,-79.49607796624409,-223.26345336440255,-537.7821746910283,-1259.5256263261597,-0.0,-0.0,-1106.243800766717,-173.70416213209913,-0.0,-79.21641381072357,79.25640198780633,-2092.6926201272813,-0.0,-0.0,-1096.3371622994378,-0.0,-83.28579992202528,-0.0,-49.00637083511406,-147.3807918664294,-0.0,-371.0145240137613,5088.017000293231,-0.0,-0.0,-2482.2393208982094,-652.9209379895946,-217.20151875736997,-0.0,-0.0,-0.0,-540.3207631634117,-1952.845119106973,-0.0,-0.0,-0.0,-1921.4048018857654,-0.0,-0.0,-0.0,-1410.8291805308359,-737.97348877732,-279.9891349482151,-398.7204276718148,24.686132351798495,-634.7519255124354,-362.77207859546013,-181.85635418392832,-2233.4928694705554,-0.0,-0.0,-1138.881007968927,-763.8573850801912,-2394.0266715519892,-0.0,-0.0,-2190.1735706893814,-643.0953611412499,-1230.727498086495,-354.9426158200027,-613.6823226887138,-1862.04204565472,-742.9301801792711,-73.42415357637319,-821.9620168345291,-2022.2802883515355,-1452.3271495866506,-1199.662806735438,-0.0,-524.116660141068,-0.0,-1684.3793548933,-357.2656437385118,-186.77955081937648,-667.3408556118052,-680.4361545618514,-11.148828738939836,-0.0,-1018.8564086509999,-540.679235566521,-42.17955029211356,1363.5705717889373,-71.77129412675058,-0.0,-672.1622267146452,-474.29288992389854,-0.0,-703.1680660747899,-1493.2766385668533,-0.0,-0.0,-0.0,-0.0,-414.03783782590904,-833.948509566334,-328.5245322122221,-460.57308216734447,-333.23806327338406,-1525.2833229544947,-693.434009815247,-1189.124299323856,-2457.068259455831,-1663.280983181828,-0.0,932.8265122680384,891.341105774008,554.7610726836252,749.4144817420142,388.29162901597437,-0.0,-0.0,-0.0,-0.0,-0.0,-0.0,-0.0,-0.0,-52.60584872977187,-804.3527027268526,-468.87332440707684,-255.104439506303,-1019.9430491829116,-96.83141251586932,-331.994823938369,-1086.9132732777696,-252.4821646320583,-1819.2343735214433,-773.0764232651306,-71.98648921648633,-364.2672067848985,-24.88822133529922,-0.0,-501.37273324690864,-150.2941529226909,-221.92451053888175,-721.8088115748782,-276.2364789328266,-1515.6078143585507,-293.6313020389983,-0.0,-0.0,-1886.3244063947782,-486.0803190852664,-323.5515080351829,-468.41131926628293,-929.208955950834,-385.0072165309961,-363.3589093722578,-0.0,-643.2890371143462,-733.3346558497944,-653.9913128477798,297.13445487537666,-1304.0345914535285,-1875.4758466466023,-179.5890433415753,-689.9176323362424,-701.0542722666106,-11.897656965536342,-0.0,517.9138996020822,-773.7503946642385,-32.39888329147174,-1822.2035891109515,-0.0,-0.0,-1069.166068058879,-430.11774857524756,-0.0,-503.88059922942534,-623.3977047082573,-761.551122650356,-0.0,-660.0401729973775,-478.92681611555645,-2029.1239382166132,-4014.035712835665,-372.99539325846473,-0.0,-84.36264409144627,-391.506043725152,-1522.3152097828322,-211.72451778748396,-534.1162895163304,-704.0800757237683,-659.0445202633284,-313.98406157186537,-0.0,-0.0,-1513.9677707274182,-111.31097327725867,-407.4904131155161,-684.3476684136201,-1145.607722161682,-2386.1244618723763,-0.0,-509.3665719000259,-0.0,-0.0,-0.0,-0.0,-0.0,-27.44429719731875,-153.87615058991605,-334.68822546844586,-0.0,-0.0,-0.0,-0.0,-0.0,-0.0,-923.4775692600158,-1904.4637504319646,-360.9797960356407,-509.6198360532836,-35.91197775980418,-0.0,-0.0,-365.3797778047997,-0.0,-0.0,-118.63777933907512,-2722.3583904074635,-0.0,-0.0,-1457.9877143262402,-540.5037537652784,-958.5174905122052,-1003.4351732165132,-594.8767494871936,-0.0,-0.0,-1097.1854857606545,-1788.067831201932,-831.5584095415252,-0.0,-1015.3777179617321,-0.0,-353.7472993041179,-711.9452107948393,-0.0,-656.5963547202006,-1764.9224874962351,-0.0,-1636.855836018189,-166.39189393840144,-505.14905695197206,-1238.447343650224,-178.08744067159932,-1150.5887731456426,-0.0,-1020.5372257487168,-25.22974385571475,-1828.5109143703542,-1776.9330196828757,-0.0,-0.0,-0.0,-0.0,-664.5190948371489,-702.7298861035346,-0.0,24.823436650403316,-346.8213838238353,-724.1878253122568,-2031.463867523084,-2168.2869024322767,-358.2210091085644,-0.0,-1203.7988333820686,-703.2185140049326,-1793.2192939317292,133.32569196076605,-0.0,-3424.715118358351,-602.2532666028824,-0.0,-437.16578200872453,-1441.962116922113,-0.0,-0.0,-498.5076578919269,-1210.2076940425914,-0.0,-931.0433406022463,-1205.2195109153072,-38.22185878649113,-77.38066140905538,-494.0413817570264,-0.0,-1361.2493314550482,-2405.2141841042976,-1132.0470224869193,-151.2640986445269,-1942.7707522731373,114.67493322033181,-873.74003628422,-505.77384951918276,127.4177901625271,-806.9790860340258,-1365.8447474652962,-772.7417438476755,-1408.5519920322176,-419.05701090901323,-552.5497592602535,-656.747599748201,-1545.4260142013288,-0.0,-0.0,-1715.6928043553557,-308.0489015830467,-0.0,-1385.6776240572424,-1088.8363634291782,-0.0,-2696.2238081960236,-516.0278914844607,-0.0,-660.7789812708224,-0.0,-0.0,-1055.6763107611948,-1112.6411500486374,-0.0,-0.0,-0.0,-804.0330530176162,-4.208565759861873,18.391689036249172,-231.92359151774104,-0.0,-1950.9136722464054,-1540.183157840933,-523.6960481941774,-1938.0189770820293,-0.0,-52.57373409733872,-825.4002992747846,-0.0,-397.42443986681167,79.52612403840233,-1374.1545834288834,-904.7785246893881,-660.3516387853914,-1163.434108325443,-0.0,-0.0,-0.0,-716.5319643234856,-0.0,-380.92205350550273,-876.148056845924,-196.94638900199328,-1080.7710608856553,-1805.314558232918,-475.1943720781327,-1761.8280593862073,-0.0,-1049.4074803029705,-643.245756842158,-500.6309294120391,-1076.4008625480853,-300.04097390342895,-486.95047381832546,-1227.5968526259414,-0.0,-0.0,245.6043493910251,-2613.667860490904,-932.7446403407301,-261.0285464740793,-0.0,-294.85300204954046,-464.6123072532414,-660.9180522205307,-0.0,-0.0,-789.1756623570346,-0.0,-20.92263732238999,115.26390414017771,-122.38378061842688,-1965.543683438038,478.4772133577417,498.54844837836134,418.93142880973625,556.931528413982,44.50433520284304,-0.0,-588.9304070897529,-707.1639542133432,-338.4801847491996,-9.26628605875233,-0.0,-0.0,-0.0,-177.54388818325975,-11.459329023086276,-995.3818335534917,477.8301504030199,2259.273949601763,-0.0,-0.0,-0.0,65.2055455100994,77.44562370534982,-0.0,-2869.3250788512496,-0.0,-0.0,-0.0,-0.0,-0.0,-2089.0751309088773,-261.58597109531195,-0.0,-400.80783942797086,-1874.4968099808195,-156.81930382263434,-305.35966036631584,28.878073820824103,-1767.6892141412043,-3518.7243609679763,-1559.8114739146815,-0.0,-0.0,-1530.302994299276,-948.4371663333571,-674.8736748623687,-448.1484004794084,-316.56137535574874,-910.6437845927792,-939.5339953397984,-4597.4818328200945,-561.530769844943,144.41404421079298,-724.4888250515644,-860.0620084677172,-604.6651230180472,-596.3586331652233,-7.163457105247987,-1777.16717878389,-762.6474738898054,-509.5178107663454,-0.0,-0.0,-0.0,-0.0,-234.26819544380908,-1133.3562526980281,-0.0,-1229.6817226071564,-1304.2016099068285,-0.0,-0.0,-1358.243196617135,-0.0,-0.0,-222.4166471989358,53.388348950673866,-0.0,-0.0,-2754.417935902855,-1075.414961303103,-104.82509934160588,-928.1214218878185,-1135.2844446978502,-0.0,-296.5947005180202,-457.0199597257358,-0.0,-1429.6313108333259,-338.61955163395777,-955.1743416145117,172.74213755882036,-793.7548787136982,-211.3516111500328,-219.53006134571115,-51.107506756342545,-35.49347374636322,-590.0118760495161,-755.5664257510317,-414.3520621712185,-767.9647790740935,-0.0,-52.00942316665175,-683.504806734912,-163.60838480420907,3.944790227334593,-0.0,-1093.273242111027,22.24786398680333,-1034.1579937323797,-0.0,-0.0,-0.0,-1839.283076140895,-0.0,-0.0,-80.99350053597409,-0.0,-0.0,-0.0,-0.0,-0.0,-0.0,-614.4746207927143,-1293.2300153790175,-0.0,-0.0,-0.0,-0.0,-900.016069640648,-480.7207270845745,-0.0,-0.0,-1747.971433348656,-0.0,-1271.329793907911,-2552.9660156830623,-0.0,-0.0,-0.0,-498.21038058633167,-0.0,-0.0,-0.0,-956.8541408867411,-653.2137917765289,-630.1264692638828,-0.0,-0.0,-224.96382688098308,-0.0,-3702.8672991499557,-5325.839051111335,-0.0,14.13013814804635,-0.0,-533.5769208214091,-714.3398661376265,-1777.58835495505,-0.0,-0.0,-100.80491167174907,-673.3296426929024,-1306.8199610081167,-635.1430295114745,-378.5816761670617,-0.0,-0.0,-1010.3411797971329,-1038.4870112446063,-43.74084137637317,-0.0,-0.0,-653.4214908694914,-347.6405099164414,-79.0866571846226,-0.0,-0.0,-0.0,-1987.2771988037823,-366.0590526487164,-1235.6506415112544,-3992.822161274832,-0.0,-820.0845408885807,-1064.635958757283,-2201.7524911116498,-277.2810259620095,-0.0,-0.0,224.79452871704495,-1126.2707942712618,-1566.9926196675206,-467.5413491825078,-122.3397269114618,-24.708755427761385,-1755.4725126519302,-437.22516293943437,-1549.3510847995879,-645.7701455557964,-2206.1733806734946,3.5464483336325103,-893.9260865027422,-726.8018107732007,-1885.7907499746364,-0.0,-0.0,-739.1153481194216,-1649.8323245938104,-1724.3039553489666,-953.2152474844935,-0.0,497.8428885623742,-59.806877135872725,-443.3312122387885,-0.0,-21.21209915521244,-0.0,-2647.6846728019636,-55.70618836906609,-0.0,-0.0,-730.4512028766159,-1027.935345293392,-803.5805505238121,-282.702500517465,-616.4863249380313,10.910771843908828,207.96209343198566,-761.4045869599897,-24.87026162061192,-1442.5715702763857,-0.0,-1526.1867588950583,-105.5515748366461,-615.5935890412585,-340.590656250296,-21.46629383668095,-41.17633167214251,-20.814754980273754,-1240.1304116168105,-897.705228235875,-1328.880665120392,-225.51994295417256,-1283.2397662423662,4.198587191351881,-0.0,-700.9293384542905,-2775.6960864277266,-0.0,-0.0,-24.401288269876687,-1887.4037366014998,-198.25790270659036,-610.0805378557728,-355.51859880048687,156.63661380650308,-0.0,-0.0,-1146.2546293606474,-0.0,-0.0,-1857.6969095965135,-1583.5299395958007,-859.1576258455863,-764.903187615506,-533.1042452923764,-905.3572460138954,-727.0756970014556,-1131.6895405122827,-2373.8306676716684,-0.0,-0.0,-0.0,-0.0,-277.0062852167927,-0.0,-1855.0766978506363,-579.9930792542029,-763.7114732777778,-928.4066270976145,-484.70019616644436,-0.0,-1552.8382722583658,-557.2509345312238,-0.0,-2424.576489444977,-1343.7905753902262,-0.0,-0.0,-2682.048167055939,-1899.9117540417055,-375.81196140675223,-757.8367030905433,-0.0,-437.6078537752888,-336.4941714625004,-0.0,-589.0499675960255,-494.82240802139677,-509.9038043790639,-0.0,-0.0,-0.0,-0.0,-401.60456811623186,-1201.758188205712,-5619.417196916691,-0.0,-0.0,-688.65990661374,-729.9928042761321,-1878.553565361343,-593.429271907358,7.095739366866997,-502.8743078045352,-0.0,-682.4091856756482,-533.220509184225,-0.0,-444.6763201607493,-1082.4035846902625,-0.0,-0.0,-0.0,-0.0,-0.0,38.51773454681403,-2029.624230499608,-0.0,-1181.3363220082372,-846.9516864115434,-4.116616517078573,-1897.9051060368,-797.1747812019538,-980.1490436262212,-1226.0284027866119,-74.71949457598075,-114.32307339954657,-1158.3751818139174,-802.3919437537321,-616.3257974768998,-0.0,-1484.9883172310488,-1155.1788146180022,205.9892326998924,-0.0,-560.944982401829,-747.4268351613692,-887.1562789908984,-73.03034504383434,-0.0,-249.93406981498083,-0.0,-0.0,-2246.6106840986836,-2147.0676846781303,-1828.1241122965146,-1520.6013709714018,-0.0,-1003.0404149996449,-1830.9631990871544,-0.0,-4983.237856813797,-0.0,-0.0,-0.0,-0.0,-892.092418941816,-2197.1708031977364,-2234.6245489259713,-89.87745580289415,-1963.113428825607,-0.0,-930.8380736146477,-31.884987620445745,-0.0,-63.233281157051266,-529.0391521095593,538.3021868878194,-0.0,-405.4218997893282,-42.49360544035472,-0.0,-1313.6839976244498,-0.0,-1832.1894033799908,-144.87931537857168,-0.0,-0.0,-1023.5046635217875,-1698.6426044876737,-999.4380842270725,-1076.5106172975852,-1304.1550675893257,1435.2762967586675,-46.40898293634694,-804.8507569730837,-32.29322474222163,-1976.56159329847,-846.7548433257418,-791.8723523586775,-417.89635143301314,-1541.2321267557656,-1596.2312470338081,-390.09346239103365,-2343.5409047028947,-334.9047584340445,-0.0,-0.0,-50.30043331734987,-0.0,-0.0,-0.0,-0.0,-0.0,-0.0,-1405.6829046070504,-587.8078857403144,-1239.1796165312826,-830.7450138015405,-0.0,-639.0256569864084,-1269.1242102048868,-1120.9882697447833,-1886.012563977877,-1179.2064158729092,-79.6897219064711,-167.24436526849496,-999.6825787491532,-1406.577840660159,-0.0,-0.0,-0.0,-67.07274585036998,-827.6607142442174,-161.83595083533837,-500.04387329114945,-995.4936801904367,-0.0,-0.0,-0.0,-3754.595370757241,-0.0,-125.15700893723945,-0.0,-211.00006748962124,-1219.2701940741197,-1125.3364503028793,-771.5089750663203,-0.0,-39.77766947470372,-579.2022390517151,-627.1627028748211,-514.292515855221,-0.0,-1019.0678533230084,-0.0,-0.0,-2973.657208376542,-0.0,-1250.6915889517873,-574.7931360224944,-393.84874451178797,-258.0901579170597,-1295.2337745075665,-2824.4852816594675,48.49297105062716,-1878.634236604414,-1701.9426316582694,-488.64911624491214,7.978837956256138,-0.0,1384.7948203314043,1073.4470771377244,1186.2036197341881,-0.0,-0.0,-0.0,-872.6967035885551,-0.0,-282.2588866344963,-208.35933083577544,-0.0,-3759.8006342118233,-0.0,-1266.1204727492839,-83.70330916052994,-1025.5689902600675,-482.11033694562036,-1407.1945221051715,-1132.202228903582,-0.0,435.6503628366869,-2500.8828913747884,-1532.3536687907142,-486.46203533376536,-1287.4632802681908,-1839.3247141706709,-0.0,-0.0,-246.14547808146196,-678.8149316959812,-1907.5301205948138,-792.8465746745768,-36.404371378993496,-0.0,-0.0,-658.1191549093232,-0.0,-0.0,-0.0,-195.8813215513501,-1380.798536929385,1442.4162870466607,-1321.517986100444,525.5351486059745,-741.3412284599532,-924.3036570493517,-12.475787114865927,-4907.173198798512,-329.839480721563,-0.0,-63.0491915908221,-2107.0836873379503,-1548.9282218070457,-0.0,-29.42061830720774,-0.0,-562.288154102742,-25.880887552645138,-1903.1508723039913,-1370.9748205726119,-0.0,-324.5262333435026,-0.0,-0.0,-0.0,-698.2340752142968,-1004.853764730694,-386.8580131679079,-1163.564604845622,-1754.8467801979455,-926.1802967538229,-412.68478246053377,-412.4601851694729,-120.87947839747764,-1685.8406546505828,-605.0806677186854,-881.6321816313273,-1311.9270891428207,-1539.9016042501648,-1234.4730453673787,-309.96285356997413,-1438.4328990640893,-0.0,-0.0,-0.0,-2366.3256588370327,-0.0,-451.70894758084813,-1177.3625230184455,-10.478025049317738,-832.640021045445,-561.4416291850196,-908.571533348663,-696.6253319762717,-201.0872142798963,-1930.9696395200542,-4439.072126893221,-273.2324921681609,-33.161233729008956,-0.0,-107.60859223984835,-6890.178929025555,-1946.9057059129354,-605.0667224432505,-2142.5138554605633,-202.66012395447552,-0.0,-22.436019743249194,-668.9112234386258,-123.44685343799742,-1180.036469298837,-1007.2283550458714,-182.39409035530247,-0.0,-672.9126771457805,-2025.5501381542656,-1874.9358724353135,-1586.150732638964,-0.0,-1483.5817012955429,-0.0,-45.88161260233496,-1007.3079247257328,542.9724197649765,-0.0,-0.0,-272.3480000788765,-996.9752813256501,-709.8675680270206,-1206.8141486695004,148.87125364066515,-1320.95920064324,-116.96841334963797,-338.70520237182285,-2018.658622938934,-1871.099677852929,-361.7510714462939,-0.0,-0.0,-0.0,-0.0,-0.0,-1675.5650737468852,-0.0,-611.6179923909092,-773.847994586347,-2364.1156727176717,-0.0,3.3111952366878294,474.42046846685923,2028.9980554660247,-581.373518130297,-1262.1037005635262,-0.0,-1496.8517338031986,-3677.9402228414297,-727.0120522553842,-5107.2641395455785,-1233.4556246360653,-0.0,-771.3514145882883,-2353.842096762407,-187.79470177337697,-0.0,1075.3648050914755,1305.6738586700164,1188.753465974341,-0.0,-0.0,-0.0,-0.0,-87.73525737119505,-2500.2423942692017,-82.8141736206077,-0.0,-1910.0204951847509,-1109.4917274102388,-476.38592404898714,3.9233322517899634,-0.0,-214.66768709096868,-847.1583297077426,-0.0,-0.0,-45.25947500120124,176.17467091771042,-2009.2442255664323,-0.0,-833.845334191906,8.208078795410843,-82.90527769026059,-0.0,292.95161354939984,-96.51048758367104,-536.7183532150349,-1904.5720399614459,-0.0,-62.102041794765476,-1077.8090452621334,-952.3824550358519,-38.71379929947535,40.50301040758654,-0.0,-1248.49001002866,-766.4362445003039,-7.010505664365277,-0.0,-0.0,68.04227070680473,-238.55479849534163,-174.47502136752777,-76.05769900145242,-11.044457402577645,-152.597535774385,-656.3970564479281,-932.033962888381,-521.2652078944731,-0.0,-2006.6798014426593,-836.8450340116297,-0.0,-0.0,-1081.2109136957351,-2143.175108667757,-563.2217681159879,-7.488248953513015,-2673.903114578996,-113.61225061751902,-75.87266001105704,-1076.6003856607801,-0.0,-364.12992793076853,-1352.7331811436827,-4.1065030632837365,-0.0,-3231.1546979711798,-137.46371226929006,-1448.1364595948858,-1008.7066394882734,-1244.6835090956656,-2467.3440433743604,-79.9171881171274,-762.1606815235617,-1740.0429730585909,-1272.6123666852113,-1053.1442656550926,-210.3029383027341,-1720.4817807402435,-0.0,-2940.180766861525,-0.0,-6073.2290274002535,-223.20611474492952,-83.29409032979916,-1425.510638783196,-0.0,-0.0,-0.0,324.67425976111724,43.3474707287447,-804.0276598426359,-1338.648418879558,-454.00089746632284,-1179.0371793980341,-0.0,-0.0,-1307.2697752051602,-334.9095536518706,-470.3420668617164,-154.29589435204196,-0.0,-1569.676762443084,-305.26869633220514,-1880.4605353254683,-0.0,-33.19807368900108,-0.0,-1683.4012864669742,-722.7917953666896,-1388.2487019141236,-0.0,-0.0,-1661.8486667726172,-526.4994825148215,-729.7396086799134,-1461.8819633865867,-428.6497160204563,-1176.6108864417865,-0.0,261.67112507583545,-1085.0470747453078,-3801.8270921119815,270.234229816097,-1405.7344859406344,-7306.870417733599,-646.6021284162728,-641.716282290192,-215.96228808013632,-212.32928750713023,-997.1792205204591,191.79309615798383,-209.84295230059314,349.4080342633287,-1028.1311200214989,-523.2100522653435,-0.0,-1238.8947684344969,-1625.0567963579347,-836.7055870556037,-363.0979194174823,-0.0,-0.0,-31.702122153179147,-987.1200476472899,76.5782208920104,-2140.5426525701805,-0.0,-0.0,-484.29340786911007,-629.2878264931991,-1083.7041988307387,194.64696520382589,-2427.4519113551482,-1438.4969091821954,-1217.9166770023508,-228.67807598518812,-0.0,-343.6018092459425,-0.0,-665.4303574718563,-22.819225405564165,-1483.155316019343,-449.86048304431034,-938.6677083629945,-381.34975360557195,-337.89999269806395,-0.0,-1156.722205965861,-664.7450918401039,-1181.2856044324826,-0.0,-2970.731805130206,-1279.7231629908326,-1351.87071704322,-911.435443439737,-1053.3443936784422,3.632549453036693,-2028.336560828168,-671.221624540455,-1145.0462130694204,-1827.236520513514,-300.08884636516575,267.1975134620589,-957.7951671447591,-0.0,-0.0,-20.512947637997126,-52.673046103958605,-17.3996072610362,-229.37177390717815,-0.0,-0.0,-0.0,-0.0,-0.0,-0.0,-0.0,-0.0,-0.0,-0.0,-1193.7240469024496,-2382.3013948823505,-2082.144278687972,-0.0,-0.0,1447.5581958487064,-493.5537917125475,-0.0,-400.18467501984105,-435.4666730716968,-910.0155645472249,-902.8468756059808,-1154.2612605255297,-0.0,-723.4119287281824,-375.61528375738425,152.1687258862934,-0.0,880.1163145283593,-0.0,220.2479528396287,-0.0,-312.6488300406627,-0.0,-413.1380746275048,-1022.7991420294749,-1703.828223687079,258.03542032156446,-0.0,-0.0,-0.0,-0.0,-0.0,-387.6873045194455,-77.47674597428349,-0.0,-0.0,-0.0,-481.66823199729936,-0.0,-36.672433523885424,-605.07646606052,-3453.56330732477,-0.0,-1279.4512991052604,-0.0,-573.5054496448095,-0.0,-0.0,40.475485344257514,-0.0,-142.8546797740628,-0.0,-0.0,-0.0,-1015.5573860618513,-1632.7468974628352,-0.0,199.10554892107092,-2089.11107507319,-0.0,-72.73989783111247,-264.721530622833,-0.0,-0.0,-1510.5288958782999,-0.0,-819.0034062589482,-1177.187092481527,44.841180798255465,-2914.5046057118643,-1515.6832885614645,262.8864167069491,-751.0697308998114,-0.0,-971.237018560014,-0.0,-0.0,-0.0,-3618.1121444513574,-876.8988600368803,-1435.6463845432227,-0.0,-375.8695267213583,-4.155649257996439,-1236.168622664128,-1904.6240484944142,72.73493873181428,-2894.362863715717,-0.0,-1513.8316147436387,-2209.690900026221,-0.0,-0.0,-0.0,-0.0,-2269.472272940032,-165.4532174378972,-1488.160443927281,-0.0,637.3092816084766,1061.7309117794414,-0.0,-0.0,-744.7276984418976,-930.7800957486344,-320.7362277491193,-18.47082458955771,59.3365298985408,-0.0,-1253.0601266189144,-0.0,-251.55306172910724,-1144.485548943849,1285.787197533867,-0.0,-0.0,-0.0,850.0176497146764,941.6470620996229,-766.6301143039572,-0.0,-1321.670226604051,-0.0,-996.693177222648,-581.2367063759197,-0.0,-0.0,-0.0,-0.0,-0.0,-52.288321061804915,-0.0,-0.0,-0.0,-1063.6806089388863,-273.18054975878323,-0.0,-0.0,-0.0,-161.07669329061792,-74.99375322979279,-589.7379482463,-667.7631757225304,-2728.5808227457874,-1260.4707061882195,-1037.4578805598533,-0.0,-2836.110565876338,-35.294958262709386,-0.0,-951.0392606869937,-2197.827822484595,-735.5246985351932,-430.0897801357447,-1032.6829523697872,-257.3287520693926,-616.3166486224773,-685.7693642114533,-1019.4991929914783,-256.0985286259647,-1596.528623868554,14.356464768827037,-367.3512117203521,-0.0,-0.0,-736.4697003057137,-3548.872568123199,-0.0,-1029.1216599202148,-476.4890536388448,-0.0,-355.18341648405254,-635.5438808657185,-644.4354335344347,-233.4472412562916,-0.0,-0.0,-0.0,-0.0,-0.0,-40.116767347113914,-0.0,-588.7190333130667,-0.0,-0.0,-703.0389642956659,-1032.0590867291958,-2517.419832852429,-415.79179875735434,-663.6105121855534,-98.47558052514509,-1802.474149706538,-0.0,-914.1367515320635,-523.3966805069825,-455.9898975433794,-1259.1735237222476,-873.4452369207332,-1651.355511572445,15.97936662659058,-440.92535498492066,-0.0,-1045.420601597401,-1040.9824956442458,-147.92698336791403,3.557089616283186,-2260.259563941591,-1244.3203906113042,-692.1113146635007,-0.0,-570.9786172864557,-669.1238174077866,-500.8227532972404,-2333.9151591296404,-3.476973365630141,-0.0,27.383391009802306,-0.0,-0.0,-246.49650480223616,-3661.5575756340363,-183.6307127926284,-1370.9977635981102,-3592.887176902881,-0.0,-4306.585078341724,-231.09907269609153,-1861.9037415613113,342.86759768598534,-0.0,1477.41424861501,-844.5095410625565,-0.0,-1850.9413653698416,-0.0,-63.91884097349002,-38.8586063579652,-0.0,-0.0,-0.0,42.10798505634289,-0.0,-0.0,-0.0,-594.4408480711402,-1333.810370071265,-639.5341252100084,-0.0,-3275.609222838739,-0.0,-0.0,-0.0,-211.25326755501342,-379.3099577593732,-0.0,-1837.0668247227673,-0.0,-0.0,-3226.79093866486,-0.0,-20.875708563783228,7.091597004221198,-457.8724266216889,-18.73050260802465,-0.0,-0.0,-205.1324190493619,-0.0,-0.0,-1246.3711519711749,-1028.3474611234483,-1495.6307510743952,-0.0,-249.96582232130027,156.7431377647721,-342.9565132367886,-13927.620236623456,-0.0,-554.7151141674615,-1219.7434173446336,-540.5261865736433,-0.0,-31.503824679517788,-15.140587129143768,-252.45941788356185,-986.0762864129592,-0.0,-0.0,-0.0,-450.159502432526,-2602.3101627072865,-1241.116455852888,-0.0,-0.0,-0.0,-331.29224985109687,85.1668522008738,-7.5184931040905285,-1292.456679954416,-0.0,-0.0,-947.5062810329281,-0.0,-0.0,-0.0,-2561.2746927182225,-941.6941021331312,-0.0,-1034.5101344232307,-576.5702522283253,-235.641360721743,-666.0547615732679,-1035.3212004105133,92.04055098445902,-1262.3880285351156,-1110.7457588558989,23.14184569341526,-1805.5406502347832,-0.0,-0.0,-0.0,-0.0,-449.4472621398838,-0.0,-0.0,-532.5970847674814,-986.2785139540031,-682.9838048443404,-0.0,1476.6261231180122,1395.5690147065366,1381.5410111707993,-0.0,-0.0,-0.0,-788.8658586302328,-39.769661296233686,-704.8419607936574,-73.93394963541388,-646.1573602935412,-1547.0679686945898,-1160.772179462396,-1892.2640800673896,-0.0,-0.0,-0.0,-0.0,-508.38337658930215,-788.9032742442358,-1637.239364996026,-399.3865967563482,-1283.4631251014453,-1840.7732538060804,-2007.161445455144,-0.0,438.93717023663544,-384.624044230058,-352.8200934663107,-110.05818847685262,-4334.193259880303,-59.6151179585263,-0.0,-833.6247313223427,-1444.761287309684,-0.0,-65.81401112418554,127.3697510098331,-88.09848534629474,-466.62660243036714,-2169.3159014706425,-151.9526743887853,-1540.8197482675967,-0.0,-1743.9878465293816,-1693.336581149869,-1392.2136883788248,-0.0,-1716.4779291982368,-301.0196605891665,-627.9962571676724,-901.8869174002907,108.94390081522381,-1808.8758840643086,-1168.678786492345,-0.0,-90.91939735656159,-0.0,-0.0,-0.0,-966.4339072579502,-590.8576312260305,-0.0,-0.0,-0.0,-3467.220940985209,-1809.6357806751498,-0.0,-0.0,-4.205724455141188,-1632.3053364465613,-886.8389398522559,-0.0,-716.8522116446034,-1302.78620825036,-542.5484355683808,-21.87057800685376,-837.9990297957112,-8.245942349597065,-1489.4962908882878,-1591.0010955854714,-0.0,-0.0,-40.9697119166801,-0.0,-0.0,-1227.8662773246995,-91.8264496661546,-426.9715019791393,-0.0,-0.0,-0.0,-703.4208950308694,-311.70397447434976,-108.73202282220929,-439.67075826022887,-216.43867770847191,-1899.4183799434697,-298.9361711274808,-548.5864939603274,-1246.1146050495252,-0.0,-384.6816642953463,-0.0,-1649.4473969728074,-1415.448435043503,-1665.482090380427,-415.4045219274268,-276.2054765806216,78.06211416704664,-909.0707374251674,23.26407940560613,-0.0,-451.4232478370032,-0.0,-0.0,-476.0818383268498,-116.1545875038963,-2694.918361743344,-2733.6188075337477,-486.198709012401,-0.0,-0.0,-988.7873588902947,312.00135229615245,-0.0,-0.0,-0.0,-1068.726782991726,-43.169515622775464,-459.7229970693657,-3601.4829874833454,-1397.6977410692102,-1087.7168287385564,-430.63564724328353,-169.53441253338679,-1205.1006890561032,-675.9308333925069,-470.46400206132563,-0.0,-635.9001110625491,-750.9552958666178,-1612.776543068686,-0.0,4.096166303323476,-12.231058259351762,-0.0,-0.0,-1734.1764517369318,-0.0,-3405.7893493262322,-1121.4380840842168,2371.5530143943092,2739.19136152547,-0.0,-0.0,-759.2701862609648,-1029.630802874742,-567.2975038644502,-339.12569933413977,-2981.432861462782,-551.7683318008573,-0.0,-0.0,-0.0,-1185.8447603793404,-633.0634747579256,-155.28343402491436,-2472.3152758123065,-983.6181327480853,-25.716460285504954,-404.3371997514525,-1014.4838682988744,-317.2135317162487,-508.2978951897051,-0.0,-60.798399270363134,46.76897023601499,-943.3717467847553,-158.64521964447965,-0.0,64.47794802147277,131.75403537071836,-206.17142068732772,-1320.3852842668882,-2214.875571065009,-58.90032077752827,-878.5578601394428,-1331.8393199240772,-0.0,-0.0,-651.8384970000925,-0.0,-0.0,-0.0,-0.0,-607.4740017593388,-21.927842460055572,-1183.762030799555,-1125.8397163610641,-2438.453419339071,-1108.1561460520293,-0.0,-566.3759805689114,-0.0,-1524.3641663709386,-1578.2128570102316,-1285.7654054352438,-958.3959115289099,-0.0,-2053.892499796663,-0.0,-0.0,-0.0,-3409.713290771096,-1170.1068579935459,-250.36758965535566,-831.8736533315878,-846.6030979342368,-1003.9586636307436,-0.0,-0.0,-0.0,-37.85337059221201,-5765.706804136887,-669.4147017859012,-1765.3123125981515,-3954.878138387397,-2162.803130298007,-408.2649404370837,-0.0,-1859.9122112787513,-710.1560466945382,-0.0,-316.8650154629279,-358.27931257904083,-36.514894593643284,-942.5765039369714,-289.8428598369362,1397.464405155329,-452.1699649306561,-0.0,-0.0,-945.4182119168935,-787.9184352287443,-2158.937188083184,-293.2503152249812,-0.0,-0.0,-624.3207678731269,-0.0,-0.0,-0.0,-0.0,-1299.6663107610138,-594.8016112095142,-1186.222931592184,-500.26705689363325,-3.7267167419760057,-737.741248854947,-0.0,-0.0,-0.0,-0.0,-2727.32508770634,-0.0,-0.0,-0.0,-0.0,-0.0,-0.0,-764.1382620206457,-0.0,-2642.1186947493143,-468.80428069533093,-192.30062179132258,-1224.1309536343585,-0.0,-0.0,-1289.169534803066,-1379.586701686866,-4.14439440483367,-415.45834925503465,-52.343649191250066,-1678.7223349471822,-925.9340177759584,-0.0,-3698.301599148085,-1237.4424388268899,-0.0,-0.0,-16.13657281210658,-397.28126852579186,-1170.5049689424966,-0.0,-0.0,-21.05727646396497,-1566.4050570868715,-568.4899654364305,-337.3877632415573,-81.99662333592359,-1829.5813739478144,-0.0,-0.0,-0.0,-0.0,-0.0,-495.11050320235034,-480.3419056652014,-574.4172347543004,-4047.5730655029115,-1607.051595431151,-1180.8012055081256,-103.70620943047811,-939.6215199754638,-1159.6486709773237,7.123782266491639,-0.0,-0.0,-0.0,-614.9335001377233,-395.5850532787381,-1624.0250064376546,-567.131088259332,-0.0,-1666.7477630974588,-0.0,-608.2268485257243,-0.0,-0.0,-1881.559298728361,-589.3566634559265,-539.1176004465647,-1362.8510241692475,-130.82482832708058,-12.31466823643595,-737.5338092232755,-1390.076643765517,-0.0,-427.3034742169431,-1112.9743422407605,-4026.5038833648773,-0.0,-271.1823432618617,-2176.0405354771865,-1466.7826860338755,-1203.82943047111,-517.2988953402297,-1201.823766752622,-0.0,-338.4510779316851,-0.0,-245.05513385870412,599.3354474276026,-0.0,-0.0,874.0386503433525,-0.0,-2128.7467193056445,-729.4192079979157,-903.6424170191505,-1144.7279543566005,-1407.5645428739044,-365.24205374189074,-141.21596184135976,-0.0,-0.0,-864.9950965276377,-958.9635377013715,-754.07578148796,-0.0,297.59417884137036,326.86943771175623,-227.22292330569417,-2684.0001402104117,-1731.8280322976861,-0.0,-0.0,-1377.2703664442154,-3973.560844067527,-2611.8553415212373,-498.9730159938421,-939.5959611957883,-1080.5821242494692,-0.0,-204.24941606667926,-0.0,-699.7940823253913,-215.55770742285128,-1810.3106054939244,-2544.61392877271,-296.6276080350241,-543.8151268139515,-4307.713655807588,-1187.7493971221768,-544.3705755704575,-269.88763416641603,-1238.0373866201692,-670.709071899304,-4.244775613179371,-1458.6132067972724,-1704.8164708198176,-0.0,-0.0,-565.3281578986771,-1228.6028165287994,-330.0334252979637,-4.236209622145348,-0.0,-0.0,-0.0,-0.0,-0.0,-34.00784620002125,-676.3664956871197,652.2497979870864,-430.80616123582007,-715.8639694326777,-534.8843311569707,-1069.3335737890975,-1497.172498226081,-1136.6787050544383,-1755.5154877404984,-276.99992793051655,-545.0000065225714,-1500.1806068450167,-617.9884676402597,-0.0,2323.935061779741,-237.2708369313274,-68.60430832977265,-0.0,-842.3631615782974,-609.9751926576969,-1294.2289736772848,-1874.8824708497075,-2118.3243176353367,-0.0,-0.0,-0.0,-0.0,-976.1021703781321,-1615.4821028641286,-0.0,-815.5400718442414,-8.21147536320755,-0.0,-0.0,-0.0,-2451.407043307818,-747.7729605609463,-174.65170700726713,-43.20802294403025,-0.0,-0.0,-1081.3192121684724,-1313.7998046521418,-803.82302392271,502.210635704638,27.148782209851166,-0.0,-19.24913650889501,-0.0,-1596.4491852560845,-523.1362828909773,-1350.6024483109716,-1710.2596998458741,-1587.0469680952374,-39.56967885208423,-0.0,-0.0,-1575.464867857171,-360.0752452516326,-0.0,-0.0,-222.97456741310148,-0.0,-39.022175577971346,-0.0,-1245.2997291231582,-712.9629279563978,-0.0,-77.89495099827226,665.6899042696776,-0.0,-183.14210346227452,-2250.5040551870156,-0.0,-0.0,-669.2694342419375,14.94963010270204,-0.0,-0.0,-792.7526266149684,-1451.9204160520865,-0.0,-794.6594914513015,-0.0,-1260.6352959580054,1606.4041768577215,23.48868787895582,-1899.3000768075563,-1534.7823010676334,884.8628722554612,-0.0,-1995.971018767009,-822.2402367319168,-976.8317724659757,-0.0,-660.1358497793017,-117.82749973154736,745.7634610831747,-364.38228160313446,-1454.387602625323,-0.0,-0.0,-0.0,-860.888320081892,-590.1993317359896,-766.124940506207,-1060.1109655968187,-988.4653390347245,-27.83245814212026,-1069.9710665527828,-899.2575513428344,-1138.6141636451637,-0.0,-0.0,-517.6184811296442,702.4417143955357,-6433.226209717416,-0.0,-1226.1031899074976,-1937.9372436777176,-772.4532972798323,-735.863294799463,-59.27254029408689,-2266.1107688008847,-329.11638373015177,-0.0,-990.5881307988815,-893.8513846077187,-622.1858253466155,-0.0,-1457.2349902224526,-2021.160545206759,-24.55774749279411,-1083.7818126572593,-2267.545322439842,440.88556581701914,-0.0,-440.2478724748415,-159.46815500118703,-1323.4286068995673,-886.9495545636777,95.29354936607159,-123.55006967858692,-769.6916391468367,-482.37569266482063,-540.9325557227721,-638.5988860241396,-491.86870497974934,-0.0,-1290.0850508227693,-0.0,-1167.9662201797144,-730.6071309842162,-164.9109485859173,-0.0,-1747.2691888113443,-4746.112271852654,-0.0,-417.5798606792727,-0.0,-2179.324138162031,-246.240684842788,-0.0,-405.4165653576765,-405.1836293500788,-0.0,-2313.07938897379,-1580.867347001908,-0.0,-4200.352966452423,-122.49927815710626,-1280.70062234231,-1337.0922174996197,-1539.440356073921,-96.5441881425327,-0.0,-889.7754187868182,-2006.1645697451158,-512.291468123397,-868.9359043320609,-1074.6887430242132,-1631.9992577634798,-2269.581821275708,-772.9924272620818,-1987.11302505711,58.95263757037377,-0.0,-301.0628119177228,-1337.1154586880498,-1176.1680199001626,-0.0,-0.0,-0.0,-417.13578964429627,-471.63525182261,7.556398905478023,-555.0779116768775,-0.0,-1199.709090534124,-732.1961358623333,-573.378501482496,-0.0,-0.0,-307.0543393921299,-1757.3483931409876,-858.4394361573142,-264.99113682533556,-912.9211048156511,-34.98206270343533,-0.0,-0.0,-2651.8139750865403,-1139.9356410860223,-0.0,-0.0,-0.0,-72.20910489946519,-896.6421162712305,-47.084178738528095,-1622.1154290263867,-1479.0853428005287,109.14091407744387,-0.0,-604.7254748161665,-0.0,675.1931474934242,-123.93573878669251,-0.0,-1567.8258523362854,-311.7386790717446,-1932.0154486072777,-0.0,-1580.7934127116378,-622.2502155906894,-189.18323411370076,-11.764642445045748,-32.66688688934266,-0.0,-0.0,-735.090166339681,-1217.4305217771935,-0.0,-577.8538376836892,-0.0,-354.5676227118461,-532.5464577578639,-0.0,126.44488839809767,659.9272610277518,757.6153635057185,817.1606785428726,804.2604761177024,742.7424896968112,-0.0,-0.0,-0.0,-0.0,-0.0,69.27762142218626,-0.0,-0.0,-604.3793767320877,-156.07929228326657,-438.65518221478203,-76.02970504516107,-0.0,-1063.445920963949,-1424.3248790480586,-1956.67449773815,-230.20716564258566,-187.5923627320855,-0.0,-0.0,-582.3474529453011,-0.0,-0.0,-0.0,-0.0,-2575.4937859871843,-0.0,-39.39609573333475,826.7873936924692,-0.0,-982.3759492056727,-579.0684571050409,1397.6641801457731,-929.4134842687868,-0.0,-2806.8843326233628,-2157.002627505117,-187.99198708681905,-757.8749318545526,-1160.350564995132,-511.3022394082068,1128.0820297544253,-79.70582730987701,-560.1385005481751,-0.0,-0.0,-451.79961745302546,-0.0,-826.0805232506149,-0.0,-429.6664720380497,-35.62114746316904,-0.0,-0.0,-1094.7001065868428,-0.0,-0.0,-532.5032511520797,-1122.322460028866,-1939.2990453995026,-0.0,-0.0,-0.0,-1727.2915751516546,-0.0,-984.3087401149637,19.059104974799517,-0.0,-0.0,-1091.3872496438294,-955.8312320903813,-1174.2111356797304,-388.5193414019795,-0.0,-1299.1165826483855,-269.25187428196546,-0.0,-0.0,3.9072937954072735,-37.66303703860549,-4270.4079538641845,-0.0,-115.78126887225024,-25.841287006943553,405.3128933918341,-73.41254026808333,-954.5196733957881,-873.9959210260952,-443.12559878907183,-0.0,-0.0,-1776.8562441321578,-0.0,-0.0,-0.0,-0.0,-0.0,-0.0,-0.0,-138.30399214437986,-0.0,-0.0,-1731.3292054080996,-6433.76760556636,-124.44583725236933,35.522803562620396,-360.2227474908196,-669.0316535705555,-110.03783007530292,-3993.710209231329,-223.95504102647863,-293.8645260241362,-0.0,-0.0,-0.0,-1620.5447945219494,-0.0,-35.671075253109436,-0.0,-0.0,-0.0,-442.90322675703567,-11.22253362433918,-229.97180916551707,-1216.4472984986407,-609.3779375758372,-67.40285097845378,-2310.365614140972,-0.0,-76.56422147248084,-2158.991815417187,-0.0,-1229.933929941953,-77.55434070558603,-1374.1286876086483,-0.0,-0.0,-982.9441807461226,-629.4509549410838,-33.032499278271196,-881.9216362028109,-864.7218505767019,-678.8605267058757,-146.9429439032693,-725.7769358110335,-692.4906188261538,-2122.1545834361013,-899.5869469212136,-0.0,-1453.4112862672905,-375.147563769508,-611.1214164358771,-0.0,-0.0,-1043.2440686287716,-2230.2628306465476,-862.0656635001777,-0.0,-0.0,-0.0,-3564.0208539022474,-819.3449713932777,-161.84155737319196,-325.71497795544263,-36.03237412519795,-3596.9912862185547,-0.0,-0.0,-2234.928922416852,-817.6548059660571,-0.0,-0.0,-0.0,-74.81346078907887,-0.0,-1760.3982690834969,-1689.7037702167145,-0.0,-331.56788058591036,203.22585400370278,-0.0,-0.0,-0.0,-1036.82372790468,22.06555686031485,-2356.6276771977505,-616.5591533874633,-1136.3668208377787,-724.1399075321015,-3058.4022207423614,-1606.435640532113,213.71668462220597,-0.0,-2812.0251135804906,-0.0,-0.0,-0.0,-1192.7905279234858,-679.5169382668546,-1698.158365727034,-0.0,-0.0,-788.9013404137412,-1423.72087303924,-611.2218776443405,-489.9288662374281,-0.0,-0.0,-1151.933372457897,-0.0,-0.0,-0.0,-0.0,-0.0,-0.0,-521.4620815103603,-72.69698094594783,-1465.6194727029988,-0.0,-656.2238876276647,-1162.5641636974622,-32.762799080220866,-0.0,-0.0,-0.0,-0.0,-0.0,-0.0,-0.0,-0.0,-0.0,-0.0,-1177.9784956871113,-1654.2635476180017,-0.0,303.8325721778278,-0.0,-618.215416511966,-92.10642746249646,-0.0,-822.5121879015144,-372.06060172402175,-92.64800727855221,-1815.0921182460045,-469.5837600710321,-2497.1075399269885,-162.22864102809376,-2014.8261738177798,-1578.5891634237748,-828.3521782117776,-4.036809479071837,-0.0,-1096.451787768174,-1946.9938437758954,-2153.090997111366,-80.86183387715477,-211.2609824507945,-1723.3927601602074,-0.0,-2086.6951908642127,-338.0449690041617,-0.0,-1663.0852686154485,-0.0,-853.3551478074555,-0.0,-2618.208166118544,-0.0,-0.0,-73.85373963863792,-1001.479813191262,-463.0179380957104,-0.0,-1272.2671134648874,71.90428072103725,301.00908719533294,337.0616218517642,-264.44869280891714,-1581.5429971758679,-542.0149846189028,-0.0,-0.0,-5295.345907676188,-1056.7527049715748,-0.0,423.48216489987595,-0.0,-1882.5925098536834,-472.22852290110364,-611.6441666531603,-0.0,-0.0,570.9466303838961,-0.0,-897.2467312859833,-1159.2225435988812,-1756.8396933719614,-0.0,-633.9599483995336,-2731.637598306078,-906.419158308577,-0.0,-1280.9392707360796,-135.18824188970575,-1087.4194392943557,-0.0,-810.5007292637488,-0.0,-0.0,-0.0,-823.3861521316575,-0.0,521.9395923946024,-0.0,-343.191954405608,-705.6527208324027,-436.5410542415489,-1041.4941577843472,-534.6918951835224,-1953.4918434635558,-1163.0662310939663,-0.0,648.144670050682,-2245.5395844747723,-1583.4789764701827,-638.0374939703048,-0.0,-0.0,-0.0,-137.80776584013034,-1139.1307142497358,-277.68551709788574,-885.7579066798569,-1906.1288718174178,-2414.8039336989173,153.11072111349017,803.0633464911224,686.0337726692616,-0.0,-0.0,113.90764083336553,-30.376259992046233,10044.128049567109,9351.622528732729,4906.4943074955645,9329.93356726167,9981.357238019627,10275.290702017577,-0.0,-0.0,-0.0,-0.0,-0.0,-1305.056444033899,-1156.211881501473,-766.3118984590403,-0.0,-2549.9146350647848,-604.1837569132847,-1086.3700124215247,-29.32717619032888,-814.0016151451978,-1179.1450662998457,-993.952760392249,-1201.0977828406847,-0.0,-2464.734440443555,-1688.0296413987603,-735.5649183238781,-114.84446805051586,-3236.878206265163,-0.0,-226.10791429014387,-0.0,-10.897478616559395,-0.0,-126.75811610074355,-279.39079883286763,-962.470431703101,-803.0226452104974,-0.0,-0.0,-0.0,-2224.569298090063,-0.0,-0.0,-251.73724010675153,-951.3518724215744,-867.0830233469068,-87.05656738189609,-1116.8618153565558,-1812.7060705819645,-320.8802765671532,-0.0,-0.0,-117.13290935717343,-1112.5892271835276,-328.6933723614098,-0.0,-5078.18472340953,234.54275983410082,-0.0,-0.0,-0.0,-29.886548845442213,-402.2760373705366,-0.0,-0.0,-1156.9684062811527,-1945.8428755620707,-1287.44089498195,-378.4110064050815,-382.4190558000349,-397.32528970218544,558.9957293106055,-1215.7455304257403,-0.0,-513.8077351015431,-2575.478236480347,-537.8051978653831,-7.552871923133603,-0.0,-5.007600873317428,-0.0,-0.0,-0.0,-1101.6016168406998,-402.8927326446969,-1441.0270461918587,-0.0,-0.0,-0.0,-231.66957263826382,-567.4763591647528,-1412.8919403220084,-3132.6021061612814,-322.70747488676994,-198.3779054838538,-0.0,822.1441694812572,-0.0,-1135.6300898382672,-160.34346663057292,-0.0,-0.0,1005.2495965027607,-0.0,-1646.4827430764142,-0.0,-0.0,-0.0,-197.07318045101084,-1995.2505569977766,-1676.0495822549078,-28.88734468480123,-2380.894814569862,-1384.5832668088904,-24.510011971731306,-26.427924905364275,-67.06549483380964,-0.0,-0.0,-1925.4970185404418,-0.0,-5515.034423151207,-0.0,-1260.651958673629,-247.27445651844963,146.7187238812603,-0.0,-54.80460664057395,-1212.6037306986275,-1505.0035394944864,-536.529935357533,-31.70478930948789,-240.65174879039108,-0.0,-0.0,-0.0,-0.0,-1069.840149236893,-825.9483341935186,-0.0,-560.1538281640422,-1202.8043966140815,-174.5154332137492,-77.5345853453602,-0.0,-0.0,-0.0,1047.7905227774975,-3.579134381492497,-0.0,-545.7508418506338,-836.2787615239231,-1341.2255796670886,-0.0,-0.0,-1959.4122158210987,-0.0,-0.0,-0.0,-0.0,-640.0002487266639,950.3639463026677,1061.0765289398898,1160.4426400271727,-0.0,-0.0,-0.0,-567.7452612397689,-0.0,-0.0,-357.6589584884532,-594.637666140537,-0.0,-208.68352764199406,-1282.979036919707,-1189.1921418864433,-0.0,-0.0,-0.0,-11.228115340695583,-1455.0947475815844,-4.163594284194158,409.26209539183037,-0.0,-1573.6909848154003,-735.6076516700185,-507.93050838180113,-1812.2980361861314,85.74443665894968,-280.95954174079054,-17.871821797896345,-410.95439582776316,-355.89959555935866,-945.8250343494026,-338.7916574699909,838.8974072710027,-1388.504254382121,-218.4920291507122,-164.36853991558635,-3722.6477390448176,-2738.110162340482,613.047258519975,-945.0351177439687,-195.6633842811768,8.084562497296416,-783.4582195720847,-1114.9943276892798,1712.6049528820606,-585.4843538799145,-652.1016770931192,-668.8926886704152,-0.0,-6621.243615222326,-0.0,-447.2623525509383,-839.477308610237,-596.3556226575489,-896.561241726552,-1102.6443740058885,-0.0,-998.5284036401008,-157.331307068718,-81.12309945027778,-6064.140617361915,570.44793187359,-191.19325189420812,-0.0,-529.4848635283294,-1222.4063273447541,-0.0,-0.0,-452.6710986765494,-1468.6096967777553,-81.15530407604471,-218.4942470087919,-260.9507124898255,-1028.5336177643887,-0.0,-0.0,50.371329657130374,-0.0,-0.0,-1695.3675714849114,-0.0,-1616.6525504338413,-848.5140077290258,-1157.488117002005,-0.0,-0.0,-474.7690742276413,-838.0253406248629,-133.16023865557617,-0.0,-435.20733102448565,-143.33768676078176,-496.49472425325314,-0.0,-186.73227282188606,-469.0739215190001,-2085.87256196941,-922.8660411642796,-1583.9812385108457,-0.0,-0.0,-1326.300447430021,-20.210425354680417,-0.0,-0.0,-1082.2262634965455,-0.0,-0.0,-0.0,-0.0,-0.0,-0.0,-0.0,-0.0,-0.0,-0.0,-95.05533814415337,-0.0,-0.0,-0.0,-0.0,-0.0,-0.0,-0.0,-0.0,-0.0,-0.0,-0.0,-322.8835768549362,-0.0,-0.0,-0.0,-0.0,-0.0,-0.0,-0.0,-0.0,-0.0,-0.0,-0.0,-0.0,-0.0,-0.0,-0.0,-0.0,-0.0,-0.0,-0.0,-0.0,-0.0,-0.0,-0.0,-0.0,-0.0,-0.0,-0.0,-0.0,-475.0980584531335,-0.0,-0.0,-0.0,-0.0,-0.0,-0.0,-0.0,-0.0,-0.0,-0.0,-0.0,-0.0,-0.0,-0.0,-0.0,-0.0,-0.0,-0.0,-0.0,-0.0,-0.0,-0.0,-0.0,-0.0,-0.0,-0.0,-0.0,-0.0,-0.0,-0.0,-0.0,-0.0,-0.0,-0.0,-0.0,-0.0,-0.0,-0.0,-0.0,-0.0,-0.0,-0.0,-0.0,-1265.0990015754203,-497.0124467505807,-1618.47985080912,-0.0,-0.0,-0.0,-0.0,-0.0,-0.0,-0.0,-0.0,-0.0,-0.0,-0.0,-0.0,-0.0,-0.0,-0.0,-0.0,-0.0,-0.0,-0.0,-0.0,-0.0,-0.0,526.5158863691058,-0.0,-0.0,-0.0,-0.0,-0.0,-0.0,-0.0,-0.0,-0.0,-0.0,784.2219023680082,-0.0,-0.0,-0.0,-0.0,-0.0,-0.0,-234.5786282233968,-0.0,-0.0,-0.0,-0.0,-0.0,-0.0,-0.0,-0.0,-0.0,-0.0,-0.0,-0.0,-0.0,-0.0,-0.0,-0.0,-0.0,-0.0,-0.0,-0.0,-0.0,-0.0,-0.0,-0.0,-0.0,-0.0,-0.0,-1035.2442668856527,-0.0,-0.0,-0.0,-0.0,-0.0,-0.0,-0.0,-0.0,-0.0,-0.0,-0.0,-0.0,-0.0,-0.0,-0.0,-0.0,-0.0,-0.0,-0.0,-0.0,-0.0,-0.0,-0.0,-0.0,-0.0,-0.0,-0.0,-0.0,-0.0,-0.0,-0.0,-0.0,-0.0,-0.0,-0.0,-0.0,-0.0,-0.0,-0.0,-0.0,-0.0,-0.0,-0.0,-0.0,-0.0,-0.0,-0.0,-0.0,-712.0270064462088,-0.0,-0.0,-0.0,-0.0,-0.0,-0.0,-0.0,-0.0,-0.0,-0.0,-0.0,-0.0,-0.0,-0.0,-474.6783979184597,-0.0,-0.0,-234.66759102304883,-0.0,-0.0,-0.0,-0.0,-0.0,-0.0,329.09473630744213,-0.0,749.1667733313059,-0.0,-0.0,-0.0,-0.0,-0.0,-0.0,-0.0,-0.0,-0.0,-0.0,-0.0,-0.0,-0.0,-0.0,-0.0,-0.0,-0.0,-0.0,-0.0,-0.0,-0.0,-0.0,-0.0,-0.0,-0.0,-0.0,-0.0,-0.0,-0.0,-0.0,-0.0,-0.0,-124.31761988719418,-0.0,-0.0,-0.0,-0.0,-0.0,-0.0,-0.0,-0.0,-0.0,-0.0,-0.0,-0.0,-0.0,-0.0,-0.0,-0.0,-0.0,-0.0,-0.0,-0.0,-0.0,-0.0,-0.0,-0.0,-0.0,-820.4160701144467,-0.0,-0.0,-0.0,-0.0,-0.0,-0.0,-0.0,-0.0,-0.0,-0.0,-0.0,-0.0,-0.0,-0.0,-0.0,-0.0,-0.0,-0.0,-0.0,-0.0,-0.0,-0.0,-0.0,-0.0,-0.0,-0.0,-0.0,-0.0,-0.0,-0.0,-0.0,-0.0,-0.0,-0.0,-0.0,1288.2384424771774,-0.0,-353.017699744893,-0.0,-0.0,-0.0,-0.0,-0.0,-0.0,-0.0,-0.0,-0.0,-0.0,-0.0,-0.0,-0.0,-0.0,-0.0,-0.0,-0.0,-0.0,-0.0,-0.0,-0.0,-0.0,-0.0,-0.0,-0.0,-0.0,-0.0,-0.0,-0.0,-0.0,214.316191785452,-0.0,2034.575126200411,-0.0,-0.0,-0.0,-0.0,-0.0,-0.0,-0.0,-0.0,-0.0,-0.0,-0.0,-0.0,-0.0,-0.0,-0.0,-0.0,-0.0,-0.0,-0.0,-0.0,-0.0,-0.0,-0.0,-0.0,-0.0,-0.0,-0.0,-0.0,-0.0,-0.0,-0.0,-0.0,-0.0,-0.0,-0.0,-0.0,-0.0,-0.0,-2166.4088487509466,-1386.3028769471998,-0.0,-0.0,-0.0,-0.0,-0.0,-0.0,-0.0,-0.0,-0.0,-0.0,-0.0,-0.0,-0.0,-0.0,-0.0,-0.0,-0.0,-0.0,-0.0,-0.0,-0.0,-0.0,-0.0,-0.0,-0.0,-0.0,-0.0,-0.0,-0.0,-0.0,-0.0,-0.0,39.93132460186421,-0.0,-0.0,-0.0,-0.0,-0.0,-0.0,-0.0,-0.0,-0.0,-0.0,-0.0,-0.0,-0.0,-0.0,-0.0,-0.0,-0.0,-0.0,667.1392646797182,-0.0,-0.0,-0.0,-0.0,-0.0,-0.0,-0.0,-0.0,-428.4982543782598,-0.0,-0.0,-0.0,-0.0,-0.0,-0.0,-0.0,-704.9481663960997,-0.0,-0.0,-0.0,-0.0,-0.0,-0.0,-0.0,2110.4733925613978,-0.0,-0.0,-0.0,-0.0,-0.0,-0.0,-0.0,-0.0,-0.0,-0.0,-0.0,-691.778813441135,-0.0,-0.0,-0.0,-0.0,-0.0,-0.0,-0.0,-0.0,-0.0,-0.0,-0.0,-0.0,-0.0,-0.0,-0.0,-0.0,-0.0,-0.0,-0.0,-0.0,-0.0,-0.0,-0.0,-0.0,-0.0,-0.0,-0.0,-0.0,-0.0,-0.0,-0.0,76.89735371717909,-0.0,-0.0,-0.0,-0.0,-0.0,-0.0,-0.0,-0.0,578.0845324271946,-0.0,-0.0,-0.0,-0.0,-0.0,-0.0,-0.0,-349.5510302286893,-0.0,-0.0,-0.0,-0.0,-0.0,-0.0,-0.0,-0.0,-0.0,-70.80131836692631,-0.0,-0.0,-0.0,-0.0,-0.0,-0.0,-0.0,-0.0,-0.0,-0.0,-0.0,-0.0,-0.0,-0.0,-0.0,-0.0,-0.0,-0.0,-0.0,-0.0,-0.0,-0.0,-0.0,-0.0,-0.0,-0.0,-0.0,-1913.9712605955956,-0.0,-0.0,-0.0,-0.0,-0.0,-71.5402644499406,-0.0,-0.0,-0.0,-0.0,-0.0,-0.0,-0.0,-0.0,-0.0,-0.0,-0.0,-0.0,-0.0,-0.0,-0.0,-0.0,-0.0,-0.0,-0.0,-0.0,-0.0,-0.0,-0.0,-0.0,-0.0,-0.0,-0.0,-0.0,-0.0,-0.0,-0.0,-0.0,-0.0,-0.0,-0.0,-0.0,-0.0,-0.0,-0.0,-0.0,-0.0,-0.0,-0.0,-0.0,-0.0,-0.0,-0.0,-0.0,-0.0,-0.0,-0.0,-0.0,-0.0,-0.0,-0.0,-0.0,-0.0,-0.0,-0.0,-0.0,-0.0,-0.0,-0.0,-0.0,-0.0,-0.0,-0.0,-0.0,-0.0,-0.0,-0.0,-0.0,-0.0,-0.0,-0.0,-1442.8736794859446,-0.0,-0.0,-0.0,-0.0,-0.0,-0.0,-0.0,-0.0,-0.0,-1800.280901034943,-0.0,-0.0,-0.0,-0.0,-0.0,-0.0,-0.0,-0.0,-0.0,-156.93413625254647,-0.0,-0.0,-0.0,-0.0,-0.0,-0.0,-0.0,-0.0,-0.0,-0.0,-0.0,-0.0,-0.0,-0.0,-0.0,-0.0,-0.0,-0.0,-0.0,-0.0,-0.0,-0.0,-0.0,-0.0,-0.0,401.8535233359208,-0.0,-0.0,-0.0,-0.0,-153.21496849751196,-0.0,-0.0,-0.0,-0.0,-0.0,-0.0,-0.0,-0.0,-0.0,-0.0,-0.0,-0.0,-0.0,-0.0,-0.0,-0.0,-0.0,-0.0,-0.0,-0.0,-0.0,-0.0,-0.0,-0.0,-0.0,-0.0,-0.0,-0.0,-0.0,-0.0,-0.0,-0.0,-0.0,-0.0,-0.0,-0.0,-0.0,-0.0,-0.0,-0.0,-0.0,-0.0,-0.0,-0.0,-0.0,-0.0,-0.0,-0.0,-0.0,-0.0,-0.0,-0.0,-0.0,-0.0,-0.0,-0.0,-0.0,-0.0,-0.0,-0.0,-0.0,-0.0,-0.0,-0.0,-0.0,-0.0,-0.0,-0.0,-0.0,-0.0,-0.0,-0.0,-0.0,-0.0,-0.0,-0.0,-0.0,-0.0,-0.0,-0.0,-0.0,-0.0,-0.0,-0.0,-0.0,-0.0,-0.0,-0.0,-0.0,-0.0,-0.0,-0.0,-0.0,-0.0,-0.0,-0.0,-0.0,-0.0,-0.0,-0.0,-0.0,-0.0,-0.0,-0.0,-0.0,-0.0,-0.0,-0.0,-0.0,-0.0,-0.0,-0.0,-0.0,-0.0,-0.0,-0.0,-0.0,-0.0,-0.0,-0.0,-0.0,-0.0,-0.0,-0.0,-0.0,-0.0,-0.0,-0.0,-0.0,-0.0,-0.0,-0.0,-0.0,-0.0,-0.0,-0.0,-0.0,-0.0,-0.0,-0.0,-5051.283138287549,-49.10703930282202,34035.053054496086,-3411.073541907429,-4246.967748306318,69085.93109895123,-0.0,-6291.278087238993,836.5191871658111,2000.5343905077511,-22986.434506422924,-0.0,-4443.7360424816325,-0.0,-0.0,31987.534768639965,-10540.584626984397,3617.1204525494018,5973.16669592906,-4282.094752462592,-25824.741645836846,-8340.526340118882,48.80182685064801,-85.59356091806507,-5855.366021672957,-0.0,-12588.307650679983,-17498.59954517586,14783.381007841113,-546.7206093036558,7.5698067411723065,44610.317701466556,-3021.163120113308,-113500.37595606473,-2686.748067759937,-21813.245007367153,-18163.08857703592,-6038.422169540713,-5851.695429375915,-14091.630243585916,12061.080015883994,-2355.2926973451304,-3958.45369140284,-3533.820679060166,-10725.598795724214,7902.999765199169,36196.62748802623,-963.9690601890479,66.73087323230243,20493.213074727966,5109.354665860945,-534.1853491949911,14092.99451408264,7909.368802548822,-5510.681935793127,-6995.618075052596,-3703.8012696785822,336.0180995987421,-0.0,-0.0,-256.5151700011889,-7802.64946982665,-3339.385648737814,-2922.726681700796,-1672.157165501349,-4426.967984796871,10517.051326411127,3506.4362136344025,-8031.009862951042,19133.582484503997,-19302.025750582397,-33256.79399644381,66286.93152462918,-21996.03858470122,-8886.739378949804,-2100.736445680666,-3554.1450841582737,-5797.1260663641015,-4526.339139563454,-31702.252038362538,-0.0,-13036.801816352414,-0.0,2923.393409530994,-0.0,-0.0,-13532.537077315768,-1166.5966104365089,-0.0,-0.0,3841.72866743842,-0.0,-0.0,-0.0,-6732.3414694481435,-4410.647068383083,-7117.366867176692,-7055.531239087847,7492.662074370631,-0.0,-28447.414900481912,44666.73727635277,-0.0,-0.0,-19431.004827568762,-10067.116787025865,180.3715685487941,48.686178084620295,-0.0,51982.65332082661,-0.0,-0.0,-0.0,-0.0,50821.90625388405,-992.0944117727115,-0.0,-10733.56348460125,-0.0,-5889.644705864514,-1280.9609995672142,-3122.044990380857,-15264.56676798023,12012.788686903243,-1425.973516519633,-8971.094437827827,-0.0,-0.0,-4822.851706573856,-6666.140161010705,-9969.196419344384,55730.99899633873,-0.0,-172.2148481869802,12408.041810487142,3119.5824202035724,-1898.8749929305543,668.1490213348468,5100.314082371855,-3573.237121808079,-78.46683258443295,-17218.128689677687,425.6588909333445,12998.98941045184,-773.9320169464496,12244.355844531348,48451.8882505419,2975.1498892021114,-64.54414288911008,9022.573703453001,-1995.1197737588518,-7438.330358854905,-9798.108575776363,-14134.774782741515,-0.0,6269.949414499075,19188.854295368903,20832.771116909113,-9365.801381831134,7120.95139350319,8509.967470415899,-7855.361512037313,15431.250184880044,-13759.165117239847,-0.0,4407.67672142883,-11732.728126825905,-15283.765562193465,-8303.850735004089,24513.007154623723,3065.3171194052106,-0.0,-5874.817494550965,-0.0,-2656.8515381140946,93.26310864572814,-3890.0150662170554,-0.0,197.81324014589498,-236.02038241096915,-21040.577283580624,-12240.08046797497,21173.357278893167,-6650.683626895718,3403.6177453515115,5444.458102711347,-6288.453479485772,-5094.6841369339745,-11106.36000197678,-0.0,-2042.6756787969562,-1719.9574002772824,-0.0,1226.678906564241,-351.36702762999477,-0.0,-0.0,-14072.348443993746,-3438.0988741488204,2860.4919117255495,-4665.655877619406,-0.0,-0.0,-0.0,53074.65722804122,19450.183904731624,-0.0,97.46449711309502,11648.409865541798,-0.0,-4158.181515760783,-2325.47960745875,-0.0,-4190.7592989055065,-8771.703609848078,115372.88723870579,-11612.18556780405,-8418.18409139491,-32276.343331053067,-0.0,1408.1303083411888,2840.9905955648546,-9381.34079764359,28605.49881860316,-7810.022153388019,-38136.53437225326,-13675.637716974783,-8814.156977188508,-0.0,1181.8622011313898,-4636.129420704387,23049.277374622536,-149.55645695657415,-411.3739909573991,-10349.483038189948,-8862.223392127453,28454.558051933574,-0.0,-2053.162920544111,672.6883290901297,-0.0,-0.0,-0.0,-0.0,-0.0,-0.0,-0.0,-0.0,-0.0,-0.0,-0.0,-0.0,-0.0,-0.0,-2034.5202635627977,-0.0,-0.0,3275.7680595661127,-14014.860110913674,-665.6787736329441,-9893.640886187814,23862.413155961916,7743.736007658672,-3737.7469439052757,3286.2728139368382,42185.70864610708,-0.0,-0.0,-4012.501428733195,3076.4687274345033,-6481.953686594336,-8047.470702480039,-0.0,-35.342655034337,9578.64320622998,-4332.957235771191,-2573.211913119867,3469.581762887418,-24034.889443772812,29112.71415228389,-5502.268939412684,-961.7150980876165,13006.983928624011,-0.0,-0.0,-0.0,-0.0,-0.0,-0.0,759.3614888969182,44181.393515210955,-9607.327183367393,-10507.660775739065,-8510.891953876828,-0.0,-8660.571417259998,-12449.071494201977,-0.0,-0.0,-0.0,436.884344197636,399.44328393377896,647.6007103126796,2382.3381042480087,-0.0,3766.835533706157,799.8167863261019,823.705960711838,792.7627096399982,689.6603747835338,2695.013116525513,1525.1198444828533,2591.924417843219,2332.017895286658,2541.343166587505,2743.3074578187147,34841.27169130478,32870.7252290487,38678.814736310305,35979.51905171025,8915.597810712314,8008.630741141345,8228.94010227972,9259.332043890086,4490.693809316812,1908.308528099071,1983.2084112406883,2061.6051927961,1975.0881633419433,2079.3804145658573,4353.021052727664,4089.2999501008444,1397.9790418405444,1171.1208435070128,600.6514428783597,383.61874988088425,483.49797633529244,32039.14023873172,31033.134245287238,34656.67170265306,30744.993118710063,54078.3290386888,51143.98005150495,1231.874849590962,1112.8268844847764,1224.4242924073847,1176.1172034639678,1146.1421615858092,1194.864242567688,616.8684571640597,53997.15735839748,48150.71004385894,47673.47155855008,2603.6675322450483,2485.9717685239198,2683.8644717951443,-0.0,7789.546153801894,8335.137018633674,36141.350483126276,31406.742085280144,36895.380165108654,56160.37397298352,54996.413246814416,62669.03927566684,53885.5629869784,2583.105997699424,2225.9223759671813,4779.84092366054,-0.0,18372.001997999996,20812.769923958025,-0.0,1455.5236059556908,1416.354759833908,1425.3082730406907,1384.1992104830783,1381.705694921245,1400.523628886387,36365.49034193901,36585.00299329316,34059.88134260498,31136.259259045328,1107.287025218111,1203.6259462976504,-0.0,-0.0,14054.446520764614,35296.398964616616,30862.74052453149,34412.086340972615,37210.77083750054,-0.0,51433.1716792249,47853.90084656102,978.63808412791,2172.66144423251,2078.2596428906177,2222.265549289305,2321.174893292436,2348.511529267009,54839.37571322174,52723.25771849392,-0.0,-0.0,15173.230232456173,1011.2534661985405,34297.25174401234,35969.49203531188,31892.617468013927,33207.593505221805,36345.924281727945,29998.3980330605,-0.0,15088.419850104097,9416.579417249084,-0.0,-0.0,1287.2214122005944,1374.7081540765741,709.8857402846866,791.2399913853548,408.96116767568094,414.55784585074457,-0.0,976.5566343948998,975.1443787167655,1039.2299680961562,1195.5409124127182,-0.0,1524.7282840596838,1486.5052602030546,1764.907455287881,2295.410098890698,2272.558811296525,2086.2233747104033,734.0453883732771,827.5781264927011,816.0234282919231,1353.3241411636893,871.430835643196,940.2512063159949,959.792239749739,884.5344440601059,7818.841815538711,7812.447782182092,250.9351228278333,246.80079123223234,3321.7492491100256,13472.369160547829,1352.5233863531266,1444.5175360663118,-0.0,-0.0,8261.256494268584,8267.650207173392,8148.84595711345,7123.600909063564,1901.5021620831637,1883.5581607650922,33336.49465792555,30530.027103844066,8930.548038368252,6647.3912371208335,-0.0,48359.824771056614,1838.3513104432964,2173.0808246967727,981.6830000125378,51676.30271891305,51962.49018257124,55207.349672542085,45819.399788066774,195.63143800745183,54064.13373118456,48975.24408245495,-0.0,-0.0,22371.1762621793,-0.0,1126.8956213996405,966.0176659504403,984.3245755575836,2104.8300310381806,8904.380800591076,16662.232615071898,1737.3228403789576,1678.0107467887754,22.767024088582115,649.4443785469449,658.0363771471467,15599.994176811131,1360.5846023733077,-0.0,-0.0,-0.0,987.2088961152836,-0.0,1032.6592980003102,-0.0,5780.495314907997,5867.951045874014,5275.661241801465,5457.595228875371,825.0146380748844,-0.0,798.2007865998161,-0.0,-0.0,906.9267082034567,956.1835468979517,992.7708699773153,839.3410438686449,742.0275441330052,694.2830290413367,1624.852062674097,1551.761330427604,1494.1333414261273,-0.0,2864.543976464789,2508.528123178206,2934.959034057763,2805.983436080727,4486.541376308479,46483.74691501712,48752.67362382711,9717.749798871306,19787.177631061502,14164.688840345436,17017.76340331866,1569.2561063557876,1890.4834240860037,866.1821685824108,796.2404950492001,2074.2837969425977,-0.0,36404.58165424785,31475.30562700365,1332.1202681530112,1078.65915115017,1151.774057965206,5150.69617948768,2924.848978484158,2758.6999273726296,32226.13413857023,30486.784406871426,33909.374065113174,39276.020477049125,-0.0,-0.0,-0.0,2138.6662333746,2281.5355710073104,2366.6909809354083,8558.481503987638,8182.375865815856,5926.366704591081,2201.110067462815,2329.663289807095
7,-0.0,-0.0,-603.1288437193592,-2091.6663878239615,-530.876814233205,-502.95378715414694,-99.2324620665813,-615.3884281847335,-582.8548474271934,-0.0,-1301.1954044572012,-0.0,-0.0,-2657.325542186901,-0.0,-555.0567583965657,-445.01730875261404,-0.0,-44.65382541349659,-240.13831083970402,-303.5838241792747,-693.2336121400543,-885.7648043842889,-728.7451318323423,-2133.377305956907,-625.5922733716218,-0.0,-40.62559064343191,-2869.1481558729774,-1776.8859475156025,-0.0,-0.0,-0.0,-0.0,-0.0,-0.0,112.00723099185646,-205.5366351741842,-1804.1060671400207,-1538.622067427522,-0.0,-0.0,-136.05798189603408,-530.7950948507257,-167.09380579521783,-0.0,687.3681212111613,-1801.5188730136758,-397.0834954264843,-0.0,-0.0,-270.81319389730317,-0.0,-11.438411687143914,-2107.6345666344246,-2857.1746264205635,204.66380287766586,-5851.033876945676,-217.16308988773886,-0.0,-1835.413700691406,-0.0,-675.752078812138,-3035.2019323580844,-499.9759260580709,-499.24219105258726,-42.421394465338906,-2149.447789911797,-887.5879878963232,-455.8252319953912,-2833.7018913090637,-0.0,-0.0,-2642.401643604419,-1017.7609260124178,-228.79146432616264,-1761.710061521055,-0.0,-0.0,-1341.3988985419326,-1441.524816620218,-505.1053879860021,-3491.7690431705887,3.9886901285455125,-26.748810865805865,-2120.545458819835,-0.0,-612.7983620354674,-988.9467375622896,-7.568516419617593,-0.0,-1336.8994942106544,-85.15695480322668,-800.7744347162186,-2151.0541103461564,-40.96459615675999,-2581.3453267587493,-426.5839553537854,-1417.0574547452038,-2814.1814238853635,-716.1716132757015,678.4461761324893,-555.058706721729,-0.0,-1397.6252368396595,-2350.529249186386,-4696.053551079909,-467.7130468499086,-3081.344689390135,-0.0,-1646.5516489190693,-0.0,-0.0,-550.4113846783631,-0.0,-0.0,-668.3694188614206,-82.61528606577225,-1525.474880719124,-924.2802334047276,-825.2774428576645,239.68048069780247,-466.6349353697563,-310.54425667824046,-216.16991208286595,-8.281438836601797,-552.4501544788427,-622.4043540641019,-772.7225430419355,-0.0,-4971.56576575274,127.5020118467146,-110.5790747846364,-4492.448721285654,-0.0,-1061.2306739628289,-65.36084167416027,-0.0,-325.46920538704484,-0.0,-0.0,-860.9912006162866,-0.0,-716.555279522292,-926.9047650938367,-0.0,-1124.4790586979168,-291.1092078178491,-645.4824524801646,-2177.2838523132914,-0.0,-1718.3803950789343,-1209.4989030823253,-0.0,-0.0,-0.0,-0.0,692.0522810127969,-0.0,-1660.963366991282,-1772.247495502271,11.520900462272218,-0.0,-0.0,-699.8427340001444,-554.5077494866301,-779.130283213897,-0.0,-446.1236539386162,-3110.1150224416633,-1078.4023227022783,-0.0,-1239.1324589764133,-2546.2823072672973,-0.0,-0.0,-0.0,-0.0,-0.0,-0.0,-515.5039075407659,-630.4898252308717,-241.31133822234867,-205.13869282353176,-1387.7191530592356,-54.128629808860765,-0.0,-0.0,-735.6836221662239,-0.0,-577.0988798292249,-29.77677212166566,-4.412807160948528,6.053973647949206,-0.0,-0.0,-1228.8800791969672,-440.9581916886682,-487.36328194447583,-0.0,-3527.1192026862677,-2074.7929873668045,-1072.2056275796906,-0.0,-0.0,-2299.68446511511,-1519.4663751690148,-681.375764497505,-87.78689755893704,-1760.5218972272355,-1468.0831601655716,-0.0,-0.0,-1743.480944011582,-0.0,-819.900725701739,-1333.6934699228166,-142.3437768146624,-432.1974992037778,-621.505651474293,-587.552376583386,-0.0,-1588.4946533092732,-0.0,-3482.9188980421536,-2944.8072784549568,-192.4975693968657,-414.66234186410037,-489.531357521566,-0.0,-294.8887980194378,-273.3882923599812,-0.0,-1120.5956850168932,-716.1665495493178,-1165.2250159107034,-1636.9467927652381,-964.7993876255015,-2234.1341852816654,-2179.176476070251,-2536.54428121936,-2316.7074297083627,-1067.0512908295268,-2230.8385602590333,-532.8782830195591,-612.4213059777488,-0.0,-1259.7958186925566,-1130.4476995083423,-1039.3319933879823,-430.91024255789455,-414.5879701188775,-2120.536307225984,-808.6592761239343,-432.5046780348184,654.8524954764496,-0.0,1045.070295494179,-1427.9892713583479,-0.0,-0.0,-0.0,-0.0,-0.0,-0.0,-1340.9513952855752,-2859.756937123605,-520.5320608778371,-1022.2217217297758,-0.0,-0.0,-1920.1872666568695,-1256.2299658685572,-2184.1885449779006,-0.0,-0.0,-144.39157751757443,-61.02741406094414,-412.6004606731361,-1944.7904760556091,-523.6798776443303,-0.0,-540.6764585919897,-710.4105933558169,71.41094551037278,-1247.290562811498,-1533.9190386047496,-1390.3593258298508,-1902.053981182963,-322.0380856691873,-612.5474771645416,-43.56790892596079,-1810.180979491231,-0.0,-879.9813707908005,-171.74272409069283,-88.11733447188917,-610.0686044953185,-0.0,-2247.269383391282,-134.13036270875963,-711.4831502628496,-1652.4927417318027,-1634.5560567114737,-0.0,-598.064451120589,-804.33672386531,-26.632513461807168,-262.76251169854515,-525.4385868587908,-58.21709268134809,712.6337743438697,-1234.299616619554,-0.0,-972.2838713973857,-1607.0278568227902,-0.0,-516.8104207298614,-0.0,-1613.0219359602747,-0.0,-0.0,-0.0,-1213.0809885172068,-758.6869541018635,-481.5207209841931,-0.0,-1665.956716545218,-3213.6587617424107,-3853.494383367257,-0.0,-348.6955076279438,-0.0,-295.66162403203896,-120.13922897447341,259.2066470347121,-600.7667997264246,-0.0,-724.0416440496439,-957.3216759468826,-329.5860237235389,-608.0800412259797,-0.0,-460.6564453565748,-956.996781505581,-566.7541635434453,31.872847305540237,-2377.361132903939,-0.0,-0.0,-1451.9846289565855,-262.13211472757524,-1433.278456126308,-99.96947697539628,-133.58080871202267,-226.98260114953362,-638.5266078369092,-1046.9980495503123,-1400.0357196131977,-2173.228068331549,-0.0,-0.0,-419.4235481671193,5157.287761556631,4.50106011593946,-0.0,-0.0,-0.0,-0.0,-2411.225448126183,-504.2275452260219,-0.0,-1029.1857020420932,-962.2233700992177,-774.2780687888586,-2301.1988891448327,-262.98904364878837,-1213.611430646457,-0.0,-0.0,-2069.8654939665857,-700.812760030539,-1775.8550410725056,-751.527860584887,-854.8424035626228,-1904.9197342104612,-229.3743230740578,-1736.0180517699723,-1138.0483293617046,-32.67501629302986,-1061.9214239298162,-1168.7758635629814,-238.13058919575386,-232.01339831491043,-1985.2173524303205,-0.0,-488.98212388874833,-290.6512904309577,-31.907671546484565,-828.7045813521368,-221.41472549733786,-983.4364081600802,-914.451164062289,-1304.9912176721368,-242.57839182641303,-2617.5401145614364,-59.62967811038463,-624.911860922318,-0.0,-818.5424727927359,-777.9531014300719,-998.8877528913872,-1196.807707776388,15.029827520335386,-421.26691060728365,-2673.3668072437613,-822.2413106258603,-395.69669355468415,-1177.295741370269,180.99807758714206,-0.0,-0.0,-0.0,-0.0,-0.0,-0.0,-11.4091568017444,-179.10256078223262,-2382.9701153085234,-5088.695255187202,-508.1492525982653,-1013.3295838545412,-143.27704309667172,-550.761173705942,-1397.8087634634962,-1156.4325950594532,-40.803716153025704,-562.2340198372597,-513.4912650047248,-0.0,-98.19508421212146,-1155.5507167696928,-493.317548672254,-0.0,-1068.6902245681347,-0.0,662.8425639313048,-0.0,-0.0,-0.0,-42.189499519157025,-0.0,-0.0,-1111.0499308289627,-435.50509710427156,-1247.909188897516,-0.0,-0.0,-0.0,-927.8037768241498,-603.9519109081078,-1373.7374594002101,32.55904579451656,289.05702525834477,-0.0,-0.0,-3206.284706720634,-1277.9550950320065,24.12722342798581,-59.45285783924011,12.025481623983813,-19562.496272614953,-19444.028697959067,-2424.886550345173,-0.0,-0.0,-0.0,-0.0,-453.6879089452966,-0.0,-0.0,-634.4608179160464,-2355.606907932962,-2050.5097293608906,-1399.459442754778,-359.27764430236203,-1912.8034641241914,-33.15050618713931,-1347.11116412637,1014.584849879954,-7.667393454336174,-941.7622376810294,4.050712558896042,-0.0,-0.0,-0.0,-0.0,-165.9682781758808,-0.0,-0.0,-0.0,-960.9182607669919,-1540.590834429619,-0.0,-0.0,-267.79498226240037,-2313.0561327270466,-0.0,-1474.6280342517698,-1734.8938126598775,-2121.3883730060666,-0.0,-0.0,-108.46562758189698,-89.86178374228916,-1075.728387422293,-1573.289497061187,-583.0478206275349,-1380.4283488084018,-1309.7426475988107,-0.0,-0.0,-0.0,-0.0,-448.12912628535173,-267.59978829948557,-0.0,-0.0,-101.80761154011361,242.8319448706207,-0.0,-1306.7360278196877,-1086.9297739114234,-1129.951942909258,-0.0,-0.0,-669.5372531837329,-1265.3163349295335,-784.8177954255871,-432.9843246739129,-0.0,-2323.1155966117635,-2433.363138915886,-0.0,-0.0,-0.0,-0.0,-0.0,-1538.0552773902257,-0.0,-2385.2392584582185,-1380.6778600304976,-74.18970215861809,-0.0,-0.0,-0.0,-2855.4826243807706,-1410.1399427975828,-580.3315465157152,-501.22235189986117,-1287.157557928624,-672.0583182002074,-0.0,-0.0,-733.4724108521428,-1453.8725933227408,-73.83117559831243,-497.64144969633776,-0.0,-921.1803852642768,-702.2144980300914,-1911.7343132543767,-0.0,-335.88779487945584,-139.05489114506554,-347.03070000296816,-1545.5815752942378,-310.568633194981,-0.0,-0.0,-0.0,-0.0,118.88058428067554,-155.43269443489248,-938.3078090802583,-1595.095946734059,-1200.399225034227,-476.1917594386985,-619.556073708546,-6271.895734792066,-875.6720486524556,-572.3305495498465,-0.0,-0.0,-0.0,-296.15852809635476,-423.1484053130809,-1329.8800505672725,-392.6135346117129,-0.0,36.125512447483054,-0.0,-0.0,-0.0,-0.0,-0.0,-0.0,-0.0,-106.38980772205285,1728.2503252199072,-0.0,-1589.1656757945248,-742.5319412469216,-447.3513362013808,-1745.3384557406055,-0.0,-0.0,-714.0918434819042,-728.9253415103352,-119.94406187388999,-139.22464277527962,-148.24075113855787,-658.0045439034214,-168.44584553556564,-1978.183748825348,-376.27233889831217,-434.9176327341486,-0.0,-0.0,-1579.6125030321775,-2995.498530032682,29.496827029919782,-549.0917534452254,-384.98922416090335,-972.045128011034,-1330.0353906453915,-801.9646497056369,-307.87347900384157,-175.49163012271515,-1359.685130583193,-0.0,-0.0,-0.0,-0.0,-0.0,8370.429522863133,-76.7025303106959,-570.404247161805,-720.9320757970545,-1146.261823300519,-1260.5563173144503,-1378.6637449480857,-1718.898470970375,-1984.0160810144425,-468.68280948473284,-0.0,-0.0,-1586.0157692657888,-0.0,-0.0,-327.5949556038015,-2058.7971381003586,-1296.2337300101156,-521.5238332161421,-66.32008256920619,-1747.3681519564573,-0.0,-1512.8738912873532,-0.0,-0.0,-0.0,-0.0,-0.0,-0.0,-510.7720812731323,-1384.841508090212,-1123.028037183802,-89.27485482215809,-259.20398264343106,-639.945457327785,55.976188579963505,-0.0,-0.0,-605.9909327396675,-575.3024786220103,-4218.508690092976,-0.0,-1336.7719789334094,273.01170841242936,141.17550938791945,-0.0,134.43997913118528,-209.00339468668676,-156.36947254469982,-479.47233231626785,-0.0,-1858.2989361936247,-0.0,-0.0,-1149.828781492694,-0.0,2560.7253262562936,2491.244977759922,2350.0367194619184,-0.0,-0.0,-1914.12719466454,-0.0,-0.0,-366.50389430723845,-979.5675375368955,-782.152709874076,-955.9879788094793,-1135.5041244490508,-0.0,-0.0,-0.0,-0.0,-774.0727961871423,9.047719542867233,-57.312751575054044,-1098.5926889484208,-1056.6928423606448,-395.34474307068496,-1563.723827632416,-0.0,-2214.019463253893,-1147.7015872192128,-1498.1107588407394,-444.2501841607971,-410.925331411509,-0.0,-1361.935605607779,-759.9742228862141,-929.2485498893573,-2249.2647100086433,-601.3485056558827,1115.9994135912948,502.68976926997317,-347.65242602308706,-1318.9117422455429,-0.0,-1842.8016658299139,-3695.827987511001,-468.73170791891323,-510.50818485521114,-0.0,-0.0,-0.0,223.90353531347665,-376.68397558528176,-553.5202742145366,-156.8159857086495,-502.94274516903664,-538.5101020936703,-0.0,-459.15698629031067,-993.5606722076168,-776.9708030690631,-0.0,-1913.9176960750265,-4636.266719257569,-0.0,-0.0,757.9056478488627,660.4003620727658,-0.0,-0.0,-686.2755439140183,-983.5177003743764,-345.8906966939568,-715.5568753675194,-0.0,-0.0,-0.0,-0.0,-0.0,-2850.7756600269745,-456.0638576423725,-1724.8175139714174,-1203.7460078206052,-0.0,-454.6755570932245,-426.31952400386893,-0.0,-235.16393145261773,-732.6616862009164,-1266.211177519395,-4263.045339570008,-82.81081268462353,-0.0,-0.0,361.0926341712314,830.0677604765316,-0.0,-0.0,-401.1663609293287,-0.0,-0.0,-0.0,-2695.6291701207797,-0.0,-569.4974097897813,-0.0,-0.0,1816.973901439402,2276.814058083549,2171.0087350988333,-0.0,-0.0,-488.4912693624388,906.3047620491798,-2746.3552407665775,26.66689322595214,81.1285309841965,-2639.1697282802324,-113.67209917881266,-211.60463205040244,-687.7292233327241,1013.1760324475595,3489.176795966917,-3155.0696627690627,-0.0,-0.0,-1016.4793412151463,-1740.2411551087619,-1258.1704942857891,-250.3256990282879,-45.223780207652844,-0.0,-0.0,-0.0,-0.0,-2095.6547369023297,323.5553984487725,-0.0,-3.8366115816447453,-0.0,-1742.379984361568,-2163.0387276947336,200.09804480891307,-0.0,-0.0,-402.2229190997208,-0.0,-1776.6222645260304,-100.64119175859445,-1217.574992694839,-475.8865728501055,-1249.1563401641463,-698.8171852659553,-1206.7332170356938,-727.3915216235438,-0.0,-0.0,-0.0,-122.75042926332682,-0.0,-0.0,-280.85861596636653,-401.22027237126855,-698.7197227059879,-0.0,-1449.690313859836,-1121.0066533327374,-942.3017115660765,-7.786823161418675,-7.959255039349316,293.74986361094614,42.24278363948153,-0.0,-0.0,-13.111893195551195,-1878.2419724644992,-654.4817139230196,-1019.2381972429964,108.56732440874625,-2315.0256595786886,-1930.3469354852155,-1014.5978390407561,-1135.4716347407702,-47.91983180811969,-617.4080870471358,-749.5711670130574,-1337.4864635429203,-2160.005729945841,-0.0,-2161.533767955842,-160.8813874173293,-0.0,-2651.753068455138,-2835.399359557597,-2475.8550372266122,1628.0794826543438,-0.0,-1867.324175010782,-243.2561913487206,-1316.0000464509967,-629.9459487402573,-126.51791355368154,-2334.8237308640505,114.88619718588362,1764.4426452871,-0.0,-214.0255758449727,-433.1556617110979,-1150.9797379652616,-1249.116873738107,-1843.3978656439806,-4319.701614149729,-0.0,-601.9862786091902,-1384.2465793979725,-728.6840053069543,-255.32314531009567,-29.352089881370528,-329.1889767764127,-0.0,-0.0,-0.0,-0.0,-348.33936003046654,-1338.9841587271387,-927.0920394061812,-67.53896392649088,-607.3892876268688,169.3700577291532,-0.0,-0.0,-918.3086276055961,-536.7095747124321,-0.0,-2260.153997081259,-99.83823328598561,-1369.409785337188,-0.0,-214.35626003781877,-208.5917608680686,-0.0,-0.0,-485.63262457907916,-0.0,-0.0,-4354.62209116937,-202.9284187675974,-2635.27361245757,-0.0,-0.0,-115.686180419104,-1565.0796386151965,-641.6546156516732,-396.0099609036565,-1558.9522651775617,-0.0,-726.0078669268313,-0.0,-562.8474603550156,-0.0,-0.0,-209.49513380607468,-87.92519933029806,11.74036079666317,-416.11295132845777,-1499.4955644409922,-2214.208531404421,-0.0,-0.0,-0.0,-26.41122604719714,-395.069169727352,-0.0,-1712.8864887929697,-3049.201920131401,-0.0,-0.0,-59.90927866773259,-1703.3221747105474,123.90334324776248,-0.0,-0.0,-0.0,-0.0,-495.3822162982218,-2234.234266102099,-215.88357517450135,-1446.0847321867618,-0.0,-0.0,-681.9288486558002,-501.6848814791157,-358.67656972665435,39.0845784637458,-0.0,-0.0,-0.0,-887.259658187648,-688.7639633348119,-532.6835942286863,-337.20619369094914,-0.0,-0.0,-0.0,-0.0,-2448.483630018726,-87.07203806414225,-24.855803361714297,-0.0,-0.0,-707.560447172319,-383.57580693172747,-0.0,-1991.0021155400877,-4716.49808598478,110.9703750959408,-1236.4129619762512,-0.0,-0.0,65.81287913661752,-528.0970653070603,-1921.6486804605663,-542.6449344836909,-3045.2731704919815,-1322.7133847626858,-801.8254977762535,-1503.2488618074958,-0.0,-0.0,-0.0,-38.46240393804151,-1317.4031631733926,-0.0,-0.0,-3163.5699445772852,-84.49083049490125,-1468.2117793429002,-814.5670570342246,-0.0,-0.0,-0.0,-0.0,-0.0,-0.0,-740.8520279193514,-0.0,-1654.1843602664972,-0.0,71.89204253680583,-1385.9550340236447,-0.0,-0.0,-0.0,-2331.898691200629,-0.0,-0.0,-535.9238910889815,-0.0,-0.0,-1095.855694349635,-604.1370926853797,-0.0,-0.0,-188.93597990672262,-2061.657146995994,-0.0,-1157.373541069244,-890.1909521972666,883.8141900941939,-198.50019270228813,-0.0,-592.4083947526908,-2.325405577155617,-0.0,-22.9936247859807,-0.0,-378.29834455231986,-0.0,-0.0,-0.0,-0.0,652.0364855096902,695.3398934986067,-931.6057259444249,-1669.157297120625,-0.0,81.22625846735829,-4.189361345330851,-87.89910496583697,-968.7573335712406,130.84746083704695,-563.648146559973,-426.80544225751447,-195.1142358081764,-3523.607317635435,-0.0,-242.8832646507727,-1868.0838939787038,-2611.121312583648,-0.0,-1184.127320871432,-1792.367129311621,-2176.5256716986805,-782.0896650975583,-0.0,-955.2027711178292,-764.4733242274674,-832.6474450384829,-1303.155399435604,-1036.4759509266944,-0.0,-131.44912207459646,-1401.1101520953277,-0.0,1245.5901149270808,-405.6208939562041,689.7410520259747,-0.0,-0.0,-102.74478274396418,-45.26843907222237,-2509.3954390664894,-965.6751184335859,-0.0,-1024.4329581200714,-3296.693236400565,-959.958168509229,-909.6664008742655,-1231.9158606651347,-417.21474572386137,11.818828430631918,-42.20435671023758,-0.0,-0.0,-1016.207575692729,-79.61965524660691,-0.0,-0.0,-2038.4497583439534,-714.8888673459982,-647.295466220334,-2021.0293753797596,-100.9851221725647,-18.75673967654972,-2724.1263456435063,-940.3574521650327,-650.4323587609613,-1096.4882019055738,-0.0,-2310.996914104627,-460.6835586070162,-1366.7653306691475,-1704.237332836255,-402.83904843246927,-557.3021669489179,-1807.0079096818172,-497.47820720197114,-0.0,-0.0,-0.0,-1415.3201310588993,-0.0,-3571.854923956848,-1247.4769052421584,-1563.5597890599772,-0.0,-0.0,-0.0,-0.0,-0.0,-139.65665146973362,-0.0,-254.790297016917,-991.2899785986331,-389.7172250980439,-0.0,-0.0,11.357473110708916,-0.0,-0.0,42.877018672731865,-304.94099481554593,-0.0,-571.8202019124172,-0.0,-0.0,-88.46908917504818,-12.197735227281788,-2705.2210756173,-2348.2528678230487,46.5194907422431,-6668.241811010958,-949.2675824567308,-610.3261265544916,-0.0,-818.2571743245074,-1449.4453188408456,-0.0,-0.0,-0.0,30.20716320337472,-0.0,-1490.763582679135,-0.0,-1490.0620577697027,-0.0,-0.0,-2466.9904744196456,-387.88718161677787,-664.0145581302094,-0.0,-0.0,-0.0,-0.0,-286.9225887538803,-654.0898896472185,1310.38877414991,1048.3031958389074,-734.2406217050668,-9.003641509999019,-0.0,-310.255646444865,-337.57052227446616,-1820.4988761742816,-577.7987762210663,-122.85627869978237,-1069.1729682091086,-1485.1234000348056,-966.1319355300507,-639.243826308928,-0.0,-0.0,-0.0,-75.11351816951716,-0.0,-1776.8444074120014,-694.1175293927099,-0.0,-1887.069685568029,-1174.1760705950323,-0.0,-0.0,-0.0,-0.0,-0.0,-1060.2682485876487,-0.0,-294.1999530290005,-1739.8455719273609,-0.0,-1112.7981765932009,-0.0,-0.0,-0.0,-2743.1093971125006,-1350.8606200757401,-1010.343089884511,-2385.9754067082,-0.0,-0.0,-0.0,-85.08208229881339,-524.2912688603365,3.9333736856467336,-428.9542156320063,-307.07813884051507,-0.0,-0.0,-352.6565806260803,-1592.2469046946467,-3613.981460070134,-0.0,-455.10961997201304,-1275.4753726885667,-438.3930797121861,-498.67999418490336,-0.0,-0.0,-0.0,-1843.1186915078945,-1792.5215000664837,-41.98760238198349,-1757.1576836706258,-596.9350069752397,-425.99041360267114,-8.005424662986444,-1288.4043621158326,-0.0,-2088.8227348972887,-0.0,-488.42495663365787,-0.0,94.78750104575246,-0.0,-0.0,-580.2880956775738,-930.1473203450541,-8.409594331023055,-0.0,1235.6866289945438,-0.0,-0.0,-1903.62546855675,-1708.920429563614,-1131.4911148818994,-0.0,-430.3515884731117,-708.8671984214961,-1599.393361072506,-0.0,-0.0,115.28205608366873,-770.8594478642096,-0.0,-0.0,4.358069900775437,660.1967327352731,11.451328222438706,-1533.5549563737566,-0.0,-0.0,-1728.4269197035865,-1773.6542685603627,-84.86992383678124,-0.0,-170.85663630255885,-787.5516276156624,-1050.279952639571,-1794.5756087888712,-0.0,-983.348873322811,-6.662596934136295,-0.0,-1645.81319332774,-0.0,-0.0,-0.0,-0.0,-689.4800263367508,4.145699353894648,-16.343075668563344,-0.0,-0.0,-589.1461904346663,-0.0,-0.0,750.1122664201622,-1125.4022989425741,-46.893395944201586,-2239.3678391380354,-0.0,-0.0,-565.6518980828127,-0.0,-313.7751476731345,-1240.9014803776079,-1077.4295090834673,-1099.75859901227,-0.0,-0.0,1473.298770700899,-0.0,892.9882029261415,987.2814842667208,-40.68255395967748,-823.153472428001,-0.0,-0.0,-116.59595566318436,219.1904828491236,-839.553021756982,-388.3827398175131,-1204.5880332535407,-2750.2185450947554,-2100.3994957703303,-0.0,-0.0,-271.14988983377776,-5836.3401151501985,-585.8853420583526,-533.0740827689592,-0.0,-0.0,-598.7002351937699,-0.0,-1019.4701665590322,-1464.147007905018,-683.3994801580217,-0.0,-0.0,-54.45875964018726,-0.0,-162.37973594370305,-1286.6840392081988,31.83227739579177,-727.166642992083,-480.7758999359282,-256.25948787662344,-721.9265724087395,-2584.759207085555,-15.487284892494808,-1257.0025923329395,44.489221477565245,-1116.6547150989784,-278.40046239806236,-0.0,-0.0,-209.60248386464139,-0.0,-0.0,-1794.5220972955458,-661.3588968025325,-0.0,-796.2612511187043,-588.7501183844709,-0.0,-0.0,-1652.3626238035297,-811.470493931799,-1513.749823444199,-1563.3217682124348,-0.0,-101.6384606518208,-2934.2082866622764,-993.3402538333604,-326.2502209543461,1697.368745870377,-1789.928314691638,-1331.392860480909,3.850355996709617,-868.0257374110997,8.06700842000355,-1871.4352523735297,-0.0,-3283.191938144077,-830.5230802665749,-0.0,-1795.4038824965794,-1565.5749792381253,-0.0,-207.49333730467808,-869.9604813475509,-1037.2105179619305,-1597.6111623927993,-792.7560481716155,-483.3923296176221,-599.1033001049684,-0.0,-158.40951073157981,-0.0,-2630.9043701695714,16.494365730021837,-3436.427628671277,-822.9201025145267,-44.492527264285776,-44.257859395645085,-1412.33559975871,-983.2438420501053,-0.0,-496.82538230541377,-0.0,-0.0,-682.195774790884,-0.0,-0.0,-0.0,-0.0,-0.0,-0.0,-0.0,-770.500630675893,-488.6590525084649,-2685.807182264709,-2685.6906992852596,-0.0,-0.0,-1240.616361110598,-2015.0955142922394,-498.87915837789654,-211.447192366232,24.344695646579265,-0.0,-1397.2763402867695,-0.0,-2547.8942875955413,-0.0,-0.0,-0.0,-0.0,-1900.5303061221819,-239.32400527229075,-534.2189379468604,-1179.1656761661052,-1280.6464505622255,-1078.4741718986159,-759.016275725259,-1238.5129992519971,-0.0,-0.0,-0.0,-0.0,-660.4012802021648,-452.2137835151571,-1519.9426571941335,-0.0,-750.8849956421614,-5583.339108000096,-658.9404499960577,-807.5819200726175,-3483.057519067996,-770.4317268823022,-0.0,-524.0113854230625,-525.0930388487274,-1176.9210287494423,-689.7343706359965,-1612.943007523266,-1692.9193291653676,-0.0,-0.0,-0.0,-0.0,-1538.736756186588,8982.513914031906,6675.703482688175,-0.0,-0.0,-0.0,-0.0,-2176.7037314743,-1015.2569673988245,-75.66353226610698,-1559.6987554318466,-784.7490959394303,-0.0,-0.0,-0.0,-0.0,-786.3788608484671,-0.0,-1776.6967980492818,-270.2970799472106,-0.0,-0.0,-0.0,-0.0,-113.80260337448759,-494.1184956635104,-440.2847471344736,-891.9118450353176,-993.6858990560272,-1187.0303124922284,-974.6464236763605,-331.0466418063824,-1442.356074980579,-1714.9264713856844,-1194.813481037566,-1703.9030544734733,-38.9896318230214,-1297.7075083304007,-985.8674937032754,-921.070680184325,-1570.584886171062,-318.6083393070255,-2677.565301041981,-1736.3868490373745,-1879.5018420941817,-630.8685719140644,-539.460872108203,-1242.1330314011325,-0.0,-1002.5778516873189,-0.0,-3346.5122289959686,-930.657531528041,-331.77341097413677,-1687.4754237287125,-1553.5356296974917,-1172.42390086719,-0.0,-0.0,-0.0,-0.0,-852.2271777595446,-3243.663675910844,-1762.3888662482339,-0.0,-0.0,-1041.9711351344042,-0.0,-0.0,-1158.9282855373717,-477.2759425475918,-973.7976589022544,-544.8880600644738,549.8734911514003,-1166.0557011325461,-654.0311161428812,-1753.0944908461654,-0.0,1366.3123218989829,-0.0,-0.0,-1059.3973644504895,-5212.23289617747,-0.0,1508.341072335326,347.0930593456571,-770.2827372018959,-240.0310071968454,-0.0,-1783.29105929868,-1051.12248157185,-2395.6695817645837,-2088.161854731982,-372.96981412818565,-0.0,-526.3922531652165,-193.96683392536212,-0.0,-1212.797610845765,-0.0,-1825.3154589452954,-2581.5652363753384,69.10926501753455,-2389.4775218756754,-2002.177323315379,-0.0,-542.952295279272,-1379.4186189640159,-2314.22133817937,-0.0,-420.54506973660864,-2535.0092643752437,-954.4733863458341,-840.4327460857087,-986.0908815007668,-429.4583836092375,-895.6639082826748,-1543.7769932300184,-0.0,-997.0330063712757,111.88780151357246,-1250.422586052276,-0.0,-518.7721709211677,102.45886615974108,-1077.2901149090108,-657.194353736464,-0.0,-542.5478627481509,-422.16895772772534,-1852.6829563440351,-1182.2992170839311,-1708.913272978915,-902.0802057615869,-715.7432224187309,-1028.8982976513823,-1994.842135841195,-23.410470962496095,-0.0,-490.96151814469755,-691.8040948385402,-1344.3105657346616,-2119.3855766692154,-347.92487852633315,-712.2587430110501,68.26734669964598,-950.1676912720833,-1204.4148611493717,-927.5185917861786,-0.0,-917.5377924764501,-58.99999814823837,-2468.0456280438298,-0.0,-458.78933650292356,-913.9139868444673,-524.0369074188644,-2537.403670108479,-185.41830154091704,-1626.2019323115007,-769.2572114888649,-2505.826165183888,-0.0,325.1941248908248,-0.0,-0.0,-326.3216777467444,-0.0,-0.0,-3871.4584424169943,-31.548183217033404,-42.59346864772802,94.52103914551417,-1418.0929525767574,-0.0,-0.0,-0.0,-0.0,-0.0,-31.637842910269544,-0.0,-348.6107798565037,-0.0,-338.5036215818807,-1691.686464526473,556.3037933020424,-2809.230278634961,-0.0,-0.0,-0.0,-0.0,-0.0,-0.0,-0.0,-0.0,-0.0,-2820.7721965281353,-0.0,-2896.4158379248274,-2993.8514520032745,-38.551543346753824,-0.0,-0.0,-0.0,-0.0,-901.533384898998,-1104.685686286615,-0.0,153.63411485342598,-641.7565386403392,-2090.6500175664687,-670.5533042652145,-0.0,-584.7811980716034,-1012.7615481244445,-0.0,-0.0,-659.523113692834,-828.9498133502192,663.9905199799882,-527.3243494749399,27.835586173620303,29.51079214039836,-0.0,-0.0,-0.0,1768.7295414040873,1385.4290073294494,1514.8804743037126,-0.0,-0.0,-0.0,-787.2242602965543,-0.0,-0.0,-902.8736244574392,-77.04615983020035,-429.3248792646295,-59.28233675867232,-1132.0887738896581,-790.4697810580943,-1344.9964412985867,-133.48193681165907,-275.30386044690437,-1183.4829165167334,-0.0,-2373.0654526087496,-15.742758602322093,-945.4097494894451,-866.3376257444638,-17.295713266669217,-0.0,-1227.8258920201522,63.58907374413586,-0.0,-0.0,-0.0,-0.0,-0.0,-1481.7511420798717,-3617.100803792768,-0.0,-688.4584590146137,-63.74727226259421,-0.0,-0.0,-0.0,-476.5886534213314,-26.526619611519866,-0.0,-1302.2878432357627,-708.2284307703783,-0.0,-0.0,-557.9405302011675,-0.0,-0.0,-1721.6053166342133,-1523.9139406073734,-0.0,-881.2522701230918,-2116.7346378161524,-82.65077927211628,-0.0,-0.0,-271.22180546081665,-836.754135609766,-250.8811970655362,-191.2828634675339,-149.37056497619395,-0.0,-0.0,-0.0,-1265.1107836119738,-1097.2710393814095,-2245.4216068982646,-296.1853776853181,-1375.168346336284,-112.43176812687669,-175.31747348333656,-517.4789319742703,-1917.8785807678278,-0.0,-0.0,-1612.140044026748,-1804.3397891161603,-0.0,-0.0,-0.0,-626.7170304197405,-2039.8088098556138,-3515.495978675071,-0.0,55.65908957423371,-196.04078236413625,-675.8947618089184,-622.8797039158279,-2068.958372175964,-0.0,-1590.2878427476537,53.425010234234634,8.840186065384128,-275.5648651981038,-0.0,79.17154808597053,-287.8754398768484,-479.35958031354585,8.605014084449607,-0.0,-0.0,-780.736218926916,-12.118806843929187,-0.0,-1422.5581847825392,-977.1103904984344,-1255.7684238033978,-846.9815516227061,-1305.782523980724,-1589.7603346257733,-0.0,-0.0,-0.0,-0.0,-0.0,-386.69341888553095,-644.7895900471831,-1263.1532392553977,-1357.284445242837,771.1910975683797,-1551.3044361493626,1727.4081880132862,-0.0,-2223.8305529245813,-1742.588170756491,-827.7135173125852,-32.59126299212649,-112.82315560065454,-2283.0430867167065,-227.74098433619727,-0.0,150.25274893241433,-989.1711359219162,-0.0,-0.0,-581.2714485112018,-393.96003603728616,-438.71242145819815,-1254.098053011699,-1638.2931236277343,-0.0,-1560.8377797619455,-1298.998694755807,-4749.283610002541,658.8827233112269,556.1996860131264,727.0599112103832,663.8625000596047,-0.0,-0.0,-0.0,-0.0,-0.0,-0.0,-0.0,-0.0,-603.1488077825484,-0.0,-49.613231333566574,-44.906926031909904,-0.0,-1138.751312589739,-1360.7301904094709,-2002.7961346940629,-0.0,-0.0,-0.0,64.84979901315899,-3360.2864011688653,-652.5835526366749,-2830.1751957896504,-1823.029722321888,-0.0,-0.0,-168.75283792189856,-1321.5952176625897,-0.0,-2335.3116057328757,-717.2048916674619,-0.0,-0.0,-0.0,-2195.8870509188305,-0.0,-0.0,-0.0,-0.0,-0.0,368.99209030575435,-0.0,-0.0,-0.0,-991.5257306615356,-0.0,-0.0,-0.0,-0.0,-0.0,-0.0,-0.0,-525.6885211053432,-1039.1579078277134,-1410.5682935193147,-1636.4425838080135,-589.5717485689119,-1151.7735932658504,-35.65832423725887,-0.0,-658.3726809967714,-47.62066635835778,-0.0,-0.0,-0.0,-0.0,-845.0946664422015,-0.0,-564.1969690083279,-1363.5835959528015,823.5258213451386,671.2168254223845,829.7506468621691,725.6077981458017,754.5105692863218,-0.0,-0.0,-0.0,-0.0,-0.0,-0.0,-431.46108174660094,-0.0,2167.9072412961095,1015.8275505427199,1192.7607373421886,-0.0,-0.0,-1352.4560054709534,81.19480961640997,-61.955741421459464,-2326.6754378471373,-0.0,-1737.4196297914307,-0.0,-0.0,-0.0,-0.0,-585.1633011247865,-0.0,-610.2600707525445,-606.8683381448532,-348.44193360907093,-0.0,-14.940435663495913,-0.0,-839.5148336282844,-0.0,-2385.104612094476,-577.3119827278291,1714.705532260688,-2158.369032190263,-884.0269169516731,-75.64214599167343,-866.7963756456957,-0.0,-571.5845529935898,-79.8727734109416,-2424.5572513084508,562.5721225618882,95.34418650997102,606.339928118185,1242.2505020436843,-0.0,-281.4731862651985,-26.51980823362518,-1248.603561170637,-1048.7440949171855,-1484.207406125223,-1829.1911008159998,-0.0,754.6891189631161,-0.0,-415.98390878766014,-2769.3068331927434,-1234.3617401765753,-0.0,-1477.1707933158868,-430.0638104345362,-624.0148983493253,-685.7157461896024,-318.61664965200924,-1400.3065647920264,-0.0,-1995.8115745696903,-456.89516706553155,-1455.0810748125002,-346.81519375762934,-0.0,-0.0,-0.0,-0.0,-1232.5407409220752,1104.2212905212352,-1066.2238255596824,-727.8152468755545,-0.0,30.22895414188699,-0.0,-0.0,-829.5040893050261,-690.370344103151,-719.8813212998399,-725.7224202226458,-0.0,-0.0,299.51467724453744,273.8020839370111,607.9260560871937,-0.0,-601.5319392894487,-1897.6225643909036,-1288.8029029539812,-4.269504807823074,-1602.8657644898083,-0.0,-0.0,-0.0,-573.4747246608583,-990.8959290611926,-0.0,-1404.9960933215034,-0.0,-2850.9912801764854,-3891.8257567128644,-0.0,-22.519927811029955,-0.0,-791.4822974041459,-0.0,-0.0,-0.0,-2107.300743711663,-1031.432419082485,-613.9611866653435,-802.5508611227914,-0.0,-0.0,-2318.9124964079415,-0.0,-587.2510765069939,1067.7149268111687,-1054.156205900627,-813.9164197395036,-620.4077590355677,133.14578832433324,-0.0,-0.0,-1340.0863325288528,-0.0,-732.1122413626777,-75.07812359980898,-392.54768981488166,-320.7838455814753,-0.0,-0.0,-225.16128130053013,-684.9815407672455,-1062.9896978926915,-575.5175456244833,-1074.3360698433619,11.566837303396353,-0.0,-133.66051887877657,-1911.65015264437,-1239.085178146568,-0.0,-0.0,-0.0,-590.0157746502441,-601.3993565768956,-1372.1528732638792,-0.0,-0.0,-0.0,-0.0,-0.0,-1517.8197862238333,-719.5899004353155,-0.0,-561.8151421563056,-0.0,-18027.57187550717,-796.5808696731376,-124.04187330266092,-708.5112187649572,-0.0,74.5922089960109,-1196.256328819337,-2484.3621668224687,-0.0,-0.0,-0.0,-766.5105072597972,-478.6445907576449,-1011.2556939340456,-955.0424506249392,-538.8336466148405,-0.0,-0.0,-1654.4232178284467,-568.1006845764169,-2352.1208714586933,524.8436650234594,-2150.5415947134265,-0.0,-0.0,1762.6777335061417,-1563.3717348989608,-0.0,-218.58694236524695,-377.69280321691446,-657.6371525291786,28.856804768672475,-766.5265176221294,-0.0,-0.0,-1212.3944984269158,-1441.937674019999,-2947.140547065484,-0.0,-0.0,-2272.987787764192,-812.9009524606637,-871.598225314197,-2356.453845774018,-1581.769553783718,-0.0,-0.0,-1136.0053597983992,-0.0,-76.80643660089237,-1565.644227746038,-1687.3349253202243,-0.0,206.77143990159576,-755.2960142859056,628.0960013825204,-245.09303452291024,-249.2400559523906,-0.0,-462.12501893116985,262.33114280314186,335.4948329580331,-391.76734435449464,-2457.4483240623017,-1932.8429978401866,-83.89457866105953,-4913.273178392889,-657.5795396731254,-1134.6152780935072,-49.138629627720036,-3550.2458771456645,-343.2330430611011,-674.9354031857782,-271.9035161381737,-1883.243622988553,-1080.1896431320333,-3253.6843365894238,-5611.114120746929,-84.08736819801288,-689.9054378334588,-1515.4926629390839,-1234.6687605114605,-0.0,-3332.770187507624,-0.0,-297.7012276889715,-1753.3863512224261,-1234.488985751755,-0.0,-0.0,-909.7175871162835,-253.39746808352646,-0.0,-1448.8097866453838,-0.0,-759.5623833599242,498.51914704151284,-2297.75300886274,-482.7282972130648,23.834107035426744,-13.321361607941046,-0.0,-2058.072968104049,-587.0506756181538,-0.0,-138.52758864094278,-0.0,83.60266688053503,-164.0852220265609,-0.0,-411.0588510595539,-1396.92237202069,-443.2074389644145,-905.7486900403584,-1967.671784271624,-0.0,-3708.755637775855,-1755.6210979922416,-2830.278215438262,-2350.280265564903,-85.34510527483262,-239.69035226490777,-577.3501974955698,-1352.1968620992877,-0.0,-0.0,-1187.6371269052568,-186.48467173607676,-0.0,-85.04486446541017,85.08779482462016,-2246.665200872757,-0.0,-0.0,-1177.0015946307128,-0.0,-89.41366095145139,-0.0,-52.612078294431896,-158.2245252736824,-0.0,-398.3124000644632,5462.374467260527,-0.0,-0.0,-2664.8733066974946,-700.9604450237906,-233.18240293656444,-0.0,-0.0,-0.0,-580.0755659158463,-2096.5282381150664,-0.0,-0.0,-0.0,-2062.774658671091,-0.0,-0.0,-0.0,-1514.6327720511927,-792.2708478332693,-300.58969963413057,-428.05680161135456,26.50244664003812,-681.454623827664,-389.4635060064988,-195.23667191877067,-2397.825011650176,-0.0,-0.0,-1222.6756590669554,-820.0591854645851,-2570.1702969688654,-0.0,-0.0,-2351.3184391312016,-690.4119385822023,-1321.279874126926,-381.05798032634465,-658.8347975784624,-1999.0442104583615,-797.5922342505213,-78.8264311523885,-882.4389410562388,-2171.072190226381,-1559.1840081419107,-1287.92955771494,-0.0,-562.6792249427308,-0.0,-1808.309756201614,-383.5519280446928,-200.52209914851954,-716.441326835904,-730.500129434589,-11.969118310716262,-0.0,-1093.8200937809834,-580.4604133921516,-45.28296555276722,1463.897049718676,-77.05196041947458,-0.0,-721.6174365870748,-509.18960604380857,-0.0,-754.9045708963893,-1603.1464090222405,-0.0,-0.0,-0.0,-0.0,-444.50121013543367,-895.3073555773462,-352.6961518645337,-494.46034559110086,-357.75648710273094,-1637.5080268333923,-744.454318789932,-1276.6156659168691,-2637.8502516784624,-1785.6590443563364,-0.0,1001.4604359032139,956.9226866810993,595.5783399863747,804.5536267325638,416.86069053338827,-0.0,-0.0,-0.0,-0.0,-0.0,-0.0,-0.0,-0.0,-56.47639245574747,-863.5339987649298,-503.371288946789,-273.87408036642347,-1094.9866853030367,-103.95590960583915,-356.4217748170037,-1166.8843307199809,-271.0588682084477,-1953.0869081831936,-829.9565263718994,-77.2829887677652,-391.06864019665556,-26.71940458328504,-0.0,-538.2618840524121,-161.35224065802893,-238.25289497991344,-774.9168334860221,-296.56093707266734,-1627.1206301110153,-315.23560690812377,-0.0,-0.0,-2025.1131774652838,-521.8443106334331,-347.35723096702833,-502.87529117699574,-997.5767131759046,-413.33462312896273,-390.093513620781,-0.0,-690.6198645168645,-787.2907067410241,-702.109574104022,318.99650876974135,-1399.980632212854,-2013.46642082678,-192.8025407329082,-740.6792192654104,-752.6352519601148,-12.773042547818655,-0.0,556.0200882313686,-830.6800860930911,-34.78267325932472,-1956.2745876707004,-0.0,-0.0,-1147.8313517996446,-461.764221227565,-0.0,-540.9542695356802,-669.2650014634293,-817.583236777541,-0.0,-708.6034870047233,-514.1644793807143,-2178.4193705293783,-4309.373610033497,-400.43901433965647,-0.0,-90.56973533090503,-420.31160998463747,-1634.3215308755575,-227.3024244983355,-573.4145900522329,-755.8836828412174,-707.534577826076,-337.08584718920366,-0.0,-0.0,-1625.3599181371019,-119.50082287865297,-437.47205013807127,-734.699438004314,-1229.8973000034828,-2561.6866719364866,-0.0,-546.84387977917,-0.0,-0.0,-0.0,-0.0,-0.0,-29.463547050629735,-165.19778846144817,-359.3133468670037,-0.0,-0.0,-0.0,-0.0,-0.0,-0.0,-991.4236322565372,-2044.5871473273874,-387.5393539267573,-547.1157781718341,-38.55424822139489,-0.0,-0.0,-392.2630700760707,-0.0,-0.0,-127.36670822383348,-2922.659448983205,-0.0,-0.0,-1565.261056292895,-580.2720202891959,-1029.0416612787963,-1077.2642208964983,-638.6455798749321,-0.0,-0.0,-1177.9123345937007,-1919.6272469853077,-892.7414008352607,-0.0,-1090.0854539007591,-0.0,-379.77471684348143,-764.327505452521,-0.0,-704.9062853196558,-1894.778954519563,-0.0,-1757.2896326283594,-178.63439390156609,-542.3160556845943,-1329.5677173664585,-191.19045569388922,-1235.2448382906662,-0.0,-1095.6245791823046,-27.086055067236792,-1963.045982587754,-1907.6731772296553,-0.0,-0.0,-0.0,-0.0,-713.4119513429937,-754.4341512639644,-0.0,26.64985328095557,-372.33921812566655,-777.4708862526638,-2180.931463177285,-2327.821430796889,-384.57758566415026,-0.0,-1292.3698979003525,-754.9587305985918,-1925.1577352841218,143.1353031159996,-0.0,-3676.6929864982076,-646.5648338294151,-0.0,-469.3308228857757,-1548.056354720975,-0.0,-0.0,-535.186007052605,-1299.2502988176948,-0.0,-999.5460650633752,-1293.8951036304682,-41.03408174825951,-83.07404419368021,-530.3911188433852,-0.0,-1461.4050211088106,-2582.1809453048213,-1215.3388542165794,-162.39355139761182,-2085.712636641292,123.11229054884174,-938.0265956161608,-542.9868181773825,136.79271976065246,-866.3536216391293,-1466.3385508276328,-829.5972224811068,-1512.1880364476608,-449.8896754047772,-593.204326302411,-705.0686583972619,-1659.1327427811334,-0.0,-0.0,-1841.9271334260864,-330.7140000864599,-0.0,-1487.6306571043872,-1168.9489147299576,-0.0,-2894.6019809016198,-553.9953146140344,-0.0,-709.3966540575916,-0.0,-0.0,-1133.3490680674627,-1194.5051694793474,-0.0,-0.0,-0.0,-863.1908304126819,-4.518216458225575,19.744881472607705,-248.98767134403403,-0.0,-2094.4546825401876,-1653.5041364465067,-562.2276659249076,-2080.6112434115576,-0.0,-56.441914947472995,-886.1301995979849,-0.0,-426.6654598183688,85.37736202582012,-1475.2597937778837,-971.3487811664411,-708.937869293103,-1249.035285709671,-0.0,-0.0,-0.0,-769.2517353363933,-0.0,-408.9488889217528,-940.6117894219465,-211.43697567080605,-1160.2901970641299,-1938.142924384271,-510.1574159197771,-1891.45684983752,-0.0,-1126.6190002566402,-690.5733998423708,-537.4655010357922,-1155.5984557011134,-322.1168787147562,-522.7784881324772,-1317.9188873556973,-0.0,-0.0,263.6750087675319,-2805.9718719929915,-1001.3725401423923,-280.2340612077289,-0.0,-316.5471950855715,-498.79676191507343,-709.5459573332648,-0.0,-0.0,-847.2402879145341,-0.0,-22.462047570003925,123.74459576997992,-131.3883264184026,-2110.161115829287,513.6817965153552,535.2297987521205,449.75485343924606,597.9084898194308,47.77879953632298,-0.0,-632.2617276033109,-759.1944617007646,-363.3843044826892,-9.948065104881493,-0.0,-0.0,-0.0,-190.606910624415,-12.302464057025858,-1068.6183462956608,512.9871250623356,2425.5029682763015,-0.0,-0.0,-0.0,70.00312831062361,83.14378617539782,-0.0,-3080.439402636446,-0.0,-0.0,-0.0,-0.0,-0.0,-2242.7815501811297,-280.83249907031234,-0.0,-430.29779740182244,-2012.415350265228,-168.3574880203744,-327.8268944502703,31.002815653611854,-1897.7492466751314,-3777.61908137716,-1674.5766313989377,-0.0,-0.0,-1642.8970270246639,-1018.2196641406036,-724.5283830580817,-481.1215017916186,-339.85279018612994,-977.6455851940779,-1008.6614307640118,-4935.747536976252,-602.8461264192694,155.03949530149097,-777.7940324391941,-923.3421891169218,-649.1541457165679,-640.236495071531,-7.690517776722741,-1907.924564891014,-818.7602534850663,-547.0062462417415,-0.0,-0.0,-0.0,-0.0,-251.5047825527534,-1216.7444127429196,-0.0,-1320.1571543568275,-1400.1599392660369,-0.0,-0.0,-1458.17770599119,-0.0,-0.0,-238.7812412346778,57.316466147921545,-0.0,-0.0,-2957.077817226847,-1154.540015490021,-112.53774233431938,-996.4091623800348,-1218.8144739764407,-0.0,-318.4170412836762,-490.64579754557053,-0.0,-1534.8182935399195,-363.5339254672182,-1025.4525358537126,185.45186495385644,-852.156426069194,-226.9020807701271,-235.68227107374844,-54.86780802326358,-38.10495223096597,-633.4227670480701,-811.1582080216863,-444.8385539455489,-824.4687863126126,-0.0,-55.83608410626258,-733.794561681585,-175.64608446330703,4.235033297893755,-0.0,-1173.7122425302905,23.88477950950159,-1110.247512882045,-0.0,-0.0,-0.0,-1974.6107201680747,-0.0,-0.0,-86.95270265729448,-0.0,-0.0,-0.0,-0.0,-0.0,-0.0,-659.6853900457245,-1388.3810954039989,-0.0,-0.0,-0.0,-0.0,-966.2359222946616,-516.0903796819787,-0.0,-0.0,-1876.5807045208799,-0.0,-1364.869536660341,-2740.803810020153,-0.0,-0.0,-0.0,-534.8668571826879,-0.0,-0.0,-0.0,-1027.2559285417124,-701.2748459089092,-676.4888436209413,-0.0,-0.0,-241.51583297404068,-0.0,-3975.3105756849836,-5717.694584717972,-0.0,15.16978143632462,-0.0,-572.8355366042181,-766.8983506760286,-1908.3767296466408,-0.0,-0.0,-108.22176412902725,-722.8707467139744,-1402.9709389543589,-681.874503812002,-406.43631527734107,-0.0,-0.0,-1084.678345891469,-1114.8950434869441,-46.95913065876622,-0.0,-0.0,-701.4978267327167,-373.2186124856816,-84.9055608268156,-0.0,-0.0,-0.0,-2133.4937028491054,-392.9923234499193,-1326.5652442309406,-4286.599243831669,-0.0,-880.4233273762032,-1142.9679338154847,-2363.749293680114,-297.6823380077925,-0.0,-0.0,241.334078477545,-1209.1376324988728,-1682.2861392884993,-501.9413119130467,-131.34103140266262,-26.526734238232752,-1884.6336854878732,-469.39457284567817,-1663.3466055526,-693.283523738188,-2368.495455940147,3.8073828813811796,-959.6978607283135,-780.2771990929762,-2024.5402565800932,-0.0,-0.0,-793.4967209612756,-1771.220883224827,-1851.171861051508,-1023.3492988255825,-0.0,534.4723264552018,-64.20724589063893,-475.94988266219485,-0.0,-22.772806933576152,-0.0,-2842.491515503384,-59.8048436155098,-0.0,-0.0,-784.1950999658641,-1103.5670249925772,-862.7050344594873,-303.50270460344575,-661.8451079394399,11.71354607007757,223.26317487843673,-817.4259195332093,-26.700123459235822,-1548.710649398287,-0.0,-1638.4779342480601,-113.317669208575,-660.8866878381986,-365.65005666881694,-23.045704319274158,-44.205933818302825,-22.34622764428237,-1331.3746192472536,-963.7550577286445,-1426.6547880581918,-242.11286601045708,-1377.655800696361,4.507503703561891,-0.0,-752.5011259800964,-2979.9215353454947,-0.0,-0.0,-26.196644784393715,-2026.271920795465,-212.84498570163743,-654.9680067428797,-381.6763420035938,168.1613563487465,-0.0,-0.0,-1230.5918042408134,-0.0,-0.0,-1994.3793753645023,-1700.0402140347019,-922.3712653673593,-821.1819342813384,-572.3280833584961,-971.9700826649356,-780.5712368566212,-1214.9550700408095,-2548.488345841304,-0.0,-0.0,-0.0,-0.0,-297.387382854989,-0.0,-1991.5663781322464,-622.6668242506628,-819.9025380115737,-996.7153519340064,-520.3626433762246,-0.0,-1667.0903673631997,-598.2513966570864,-0.0,-2602.967857438592,-1442.6617143641365,-0.0,-0.0,-2879.383348531448,-2039.7002318835553,-403.4628151519608,-813.595523968593,-0.0,-469.80542065741014,-361.2521676859212,-0.0,-632.3900849293024,-531.2296101307593,-547.4206398364402,-0.0,-0.0,-0.0,-0.0,-431.1531464393434,-1290.1791096016054,-6032.873124353442,-0.0,-0.0,-739.3289547373993,-783.702974092274,-2016.7705866980496,-637.0916022499418,7.617817617684037,-539.873938910679,-0.0,-732.618328878202,-572.4529015173705,-0.0,-477.3939586486165,-1162.042835930503,-0.0,-0.0,-0.0,-0.0,-0.0,41.35172695238835,-2178.9564724676466,-0.0,-1268.254678043207,-909.2672580675406,-4.419501930338877,-2037.5459421423566,-855.8279523300718,-1052.2647840416294,-1316.235036779915,-80.21707855043066,-122.73454218420355,-1243.6041421017167,-861.4289744007013,-661.6727694616148,-0.0,-1594.248263666488,-1240.1725980329861,221.1451583525827,-0.0,-602.217238903303,-802.4197364701242,-952.4299558257093,-78.40364764498167,-0.0,-268.32329400180475,-0.0,-0.0,-2411.907986547236,-2305.040981504206,-1962.630721048356,-1632.4815941449967,-0.0,-1076.8404178305025,-1965.6786973414057,-0.0,-5349.8860620506985,-0.0,-0.0,-0.0,-0.0,-957.729278692194,-2358.8305021201654,-2399.0399558930962,-96.4903064851732,-2107.5520520735804,-0.0,-999.3256952902462,-34.230967046062,-0.0,-67.88575204317847,-567.963895658735,577.9084702659344,-0.0,-435.2513432541309,-45.62012771691986,-0.0,-1410.3400059903452,-0.0,-1966.9951212095748,-155.5389994004514,-0.0,-0.0,-1098.810350048218,-1823.62244293202,-1072.97304088707,-1155.7162857990268,-1400.109972537003,1540.8786166451398,-49.823584203516056,-864.068697999969,-34.66924074492111,-2121.9896827347698,-909.0559319957376,-850.1353903896716,-448.64361889857423,-1654.630284613268,-1713.6760366835256,-418.7950961420202,-2515.9699741750014,-359.5458115271134,-0.0,-0.0,-54.00135310652417,-0.0,-0.0,-0.0,-0.0,-0.0,-0.0,-1509.1078521843874,-631.0566152859241,-1330.3538681769473,-891.8681584460127,-0.0,-686.0428006521543,-1362.5016742683501,-1203.4664393612613,-2024.7783908370568,-1265.9680612943623,-85.55299681976551,-179.54958691827693,-1073.23552441154,-1510.0686343213279,-0.0,-0.0,-0.0,-72.00771034393175,-888.55692753811,-173.74324136040335,-536.8352514974333,-1068.738422194358,-0.0,-0.0,-0.0,-4030.8446074250455,-0.0,-134.36559861692174,-0.0,-226.5246718277732,-1308.9795840734073,-1208.1345429580483,-828.2737511336403,-0.0,-42.70436323094593,-621.8177969519128,-673.3070142658896,-552.1322564662888,-0.0,-1094.0470957696857,-0.0,-0.0,-3192.4479042591865,-0.0,-1342.7128489378113,-617.084288433968,-422.8266780279664,-277.0794768917116,-1390.5322837160063,-3032.3004590591327,52.06090445320521,-2016.8571934327297,-1827.165273892862,-524.6021103844189,8.565891334119149,-0.0,1486.6828999464724,1152.427341688249,1273.4800935285045,-0.0,-0.0,-0.0,-936.9064983607212,-0.0,-303.02645125218714,-223.68963954075548,-0.0,-4036.4328549069296,-0.0,-1359.2769329235603,-89.86188897508453,-1101.026562310601,-517.5822318955213,-1510.7306889055549,-1215.5054801471697,-0.0,467.7039047775897,-2684.888602114937,-1645.0985825583912,-522.2541121512776,-1382.1900652586555,-1974.655421770035,-0.0,-0.0,-264.25595170502095,-728.7596229882155,-2047.8791296623033,-851.1812923792869,-39.08287034139698,-0.0,-0.0,-706.5411275128567,-0.0,-0.0,-0.0,-210.29354449752813,-1482.3925847966075,1548.5439410030135,-1418.7503903553381,564.2020805409653,-795.8863733422712,-992.3105005291715,-13.393709374653044,-5268.224847911741,-354.10784942033433,-0.0,-67.68811784773429,-2262.115109566784,-1662.8926298655142,-0.0,-31.585278556075462,-0.0,-603.6592362086957,-27.785107508379422,-2043.1776724839558,-1471.8460757346775,-0.0,-348.40367295738554,-0.0,-0.0,-0.0,-749.6075552424517,-1078.7871871259915,-415.32159453510707,-1249.1753836810121,-1883.9619139549195,-994.3252164401756,-443.04860196211393,-442.8074796333096,-129.77334320543716,-1809.8785729887306,-649.6002646589064,-946.4994158196828,-1408.4538306825955,-1653.2018671841809,-1325.3010049194993,-332.76877357962087,-1544.267470069851,-0.0,-0.0,-0.0,-2540.4311462225696,-0.0,-484.9440207759817,-1263.988501625437,-11.248959367354884,-893.9025933120481,-602.7504271193785,-975.4208653700371,-747.8804466287697,-215.88246755302677,-2073.043241671898,-4765.682630948751,-293.33592807557613,-35.601114621621306,-0.0,-115.52603434204742,-7397.132803329196,-2090.151824871999,-649.5852933416978,-2300.1520983804135,-217.57110610223629,-0.0,-24.086779070395103,-718.1272365176009,-132.52961620303307,-1266.8591869804573,-1081.3364910113914,-195.81397272819547,-0.0,-722.4231023845244,-2174.5826234802753,-2012.8867173107433,-1702.8538353339477,-0.0,-1592.738154134443,-0.0,-49.257411911416476,-1081.4219151339169,582.922321599936,-0.0,-0.0,-292.386358330679,-1070.3290340596855,-762.0969974164104,-1295.6070689310031,159.82464971107007,-1418.150491531507,-125.57451646097398,-363.6258780694971,-2167.1840560716373,-2008.7682697235887,-388.36737692867246,-0.0,-0.0,-0.0,-0.0,-0.0,-1798.846952858257,-0.0,-656.6185814946579,-830.7848670563822,-2538.058557500735,-0.0,3.5548207319189173,509.32657134396356,2178.284225791724,-624.1488307121105,-1354.9646215010512,-0.0,-1606.9845465394524,-3948.5494573232913,-780.5029093655975,-5483.037739811262,-1324.2087261348831,-0.0,-828.1045979385544,-2527.0290898353824,-201.6119411540057,-0.0,1154.486168969903,1401.7405106464057,1276.217548021453,-0.0,-0.0,-0.0,-0.0,-94.19049301826766,-2684.20097960194,-88.90733413163073,-0.0,-2050.552736801038,-1191.1240239749966,-511.4366378763143,4.211996523895686,-0.0,-230.4621413104557,-909.489105412965,-0.0,-0.0,-48.58949972728664,189.13695141809987,-2157.0769821705017,-0.0,-895.1965889405811,8.811998866106538,-89.00514130167494,-0.0,314.5059094540745,-103.61137220444168,-576.2081039711467,-2044.7034043998137,-0.0,-66.67128027381256,-1157.110247289469,-1022.4552325896157,-41.56221742417828,43.483072066158094,-0.0,-1340.3492859826056,-822.8277878199361,-7.526312734687647,-0.0,-0.0,73.04856925239419,-256.10677799785964,-187.312247942134,-81.65374310663208,-11.857067717562616,-163.82509789822572,-704.6923234178447,-1000.6095736723616,-559.6179733892246,-0.0,-2154.323877207189,-898.4169955751818,-0.0,-0.0,-1160.762412616671,-2300.862004152183,-604.6615420869852,-8.039206607564894,-2870.6390132271467,-121.97141969167441,-81.45508963190406,-1155.8126589862734,-0.0,-390.9212608723233,-1452.2622839643643,-4.40864436603012,-0.0,-3468.8911064859817,-147.57778364957178,-1554.6849826846642,-1082.923542153921,-1336.2627167937069,-2648.882089760848,-85.7971991526551,-818.237644737479,-1868.06889745525,-1366.2464763975167,-1130.6307244501502,-225.77625045445328,-1847.0684649758075,-0.0,-3156.5083900288237,-0.0,-6520.074750376176,-239.6287948819471,-89.42256133675761,-1530.3944376854117,-0.0,-0.0,-0.0,348.5625906111614,46.53681725422146,-863.1850404278393,-1437.1412170016251,-487.4046038546027,-1265.7863730257827,-0.0,-0.0,-1403.4538488158628,-359.55095955932654,-504.9480960373986,-165.64841541668366,-0.0,-1685.1677713590827,-327.7292376190654,-2018.8178644570016,-0.0,-35.64066512957446,-0.0,-1807.2597251189961,-775.9721415885328,-1490.3909053578732,-0.0,-0.0,-1784.121343404814,-565.237366571121,-783.4311493008222,-1569.4418297917186,-460.1881762686081,-1263.1815624102644,-0.0,280.9239183656823,-1164.8808242037937,-4081.551464095931,290.11706467218767,-1509.1632286816632,-7844.482910161077,-694.1767208194875,-688.9313922114013,-231.85199425082754,-227.95169093651322,-1070.5479783459436,205.90452260474686,-225.28242038406492,375.1161847347803,-1103.777204100879,-561.705912213648,-0.0,-1330.0480620110404,-1744.6224632822955,-898.2672886280371,-389.81332099070625,-0.0,-0.0,-34.03464701425331,-1059.7486887482492,82.2125630721452,-2298.0358616741296,-0.0,-0.0,-519.9259251009494,-675.5884966178808,-1163.43914444761,208.9683687766473,-2606.054842254841,-1544.3361898156318,-1307.5264802230456,-245.50336278588793,-0.0,-368.88275916165185,-0.0,-714.3902613110042,-24.49817958761396,-1592.2803970070995,-482.959553057529,-1007.7314055964188,-409.4080576128418,-362.76142404694207,-0.0,-1241.8295464062028,-713.6545763693149,-1268.200228855866,-0.0,-3189.307260664972,-1373.8804587878033,-1451.3363629462106,-978.4954913701292,-1130.845577153053,3.899819002606571,-2177.574060825717,-720.6076283848125,-1229.2944771496032,-1961.6778235457468,-322.168273455116,286.85691796362636,-1028.2661920303217,-0.0,-0.0,-22.022214434344466,-56.54853396411967,-18.679805990736178,-246.24810043453408,-0.0,-0.0,-0.0,-0.0,-0.0,-0.0,-0.0,-0.0,-0.0,-0.0,-1281.5538459048107,-2557.5823178213686,-2235.3407514955816,-0.0,-0.0,1554.0641724314185,-529.8676537273492,-0.0,-429.6287828620366,-467.5066997992806,-976.97114304177,-969.2750084899145,-1239.1875337050242,-0.0,-776.6379020684839,-403.251666688792,163.3647377650176,-0.0,944.8720168234657,-0.0,236.45298236783668,-0.0,-335.6523742618329,-0.0,-443.5352456897055,-1098.052918894688,-1829.1896008071087,277.0207119064501,-0.0,-0.0,-0.0,-0.0,-0.0,-416.21190207619776,-83.17719830573795,-0.0,-0.0,-0.0,-517.1075985007393,-0.0,-39.37065550717225,-649.5957538582779,-3707.663718480391,-0.0,-1373.5885921633335,-0.0,-615.70185885661,-0.0,-0.0,43.4535218105026,-0.0,-153.36539859861864,-0.0,-0.0,-0.0,-1090.278341314975,-1752.8783735757636,-0.0,213.7549985885798,-2242.8201389840715,-0.0,-78.0918304009026,-284.19876146737573,-0.0,-0.0,-1621.6680235992405,-0.0,-879.262646860349,-1263.8001635586447,48.140428984432916,-3128.9430719347424,-1627.201657426551,282.22862665885197,-806.3306629995386,-0.0,-1042.6970451424804,-0.0,-0.0,-0.0,-3884.319450268606,-941.4178339339795,-1541.2759341196852,-0.0,-403.5246159094437,-4.461406555925753,-1327.12133652069,-2044.7592395282243,78.08650642942501,-3107.3193750800424,-0.0,-1625.2137442997662,-2372.2717813532345,-0.0,-0.0,-0.0,-0.0,-2436.451646515509,-177.6266530569352,-1597.6537837092503,-0.0,684.2001407239131,1139.8491442286888,-0.0,-0.0,-799.522007256712,-999.2634516273499,-344.3348127730856,-19.829839527154334,63.702292243707255,-0.0,-1345.2556548437103,-0.0,-270.0614053512589,-1228.6925614319368,1380.39066255767,-0.0,-0.0,-0.0,912.5588036075076,1010.9299691584034,-823.0359218464905,-0.0,-1418.9138321519629,-0.0,-1070.0261737804728,-624.0019528550024,-0.0,-0.0,-0.0,-0.0,-0.0,-56.135502276714746,-0.0,-0.0,-0.0,-1141.9422928919162,-293.2801639358855,-0.0,-0.0,-0.0,-172.92812045453437,-80.51151614132742,-633.1286846505321,-716.894719697937,-2929.3397048721217,-1353.2114774411273,-1113.790193173837,-0.0,-3044.7810886791235,-37.89183071246395,-0.0,-1021.013210969926,-2359.5358624554055,-789.6418846648091,-461.73419497375716,-1108.6639434331391,-276.26204961871315,-661.6629474683315,-736.2257369191658,-1094.510171815153,-274.9413108857218,-1713.99529340558,15.412760332531635,-394.37955480550147,-0.0,-0.0,-790.6564161694228,-3809.9854820768587,-0.0,-1104.8406242606854,-511.54735535984963,-0.0,-381.3164982123756,-682.304848325879,-691.8506085442702,-250.62342559336673,-0.0,-0.0,-0.0,-0.0,-0.0,-43.06841067026248,-0.0,-632.0348017261466,-0.0,-0.0,-754.7659702859896,-1107.9941760668014,-2702.6422705655023,-446.3842210231621,-712.4365185413373,-105.72104941438086,-1935.0935291070552,-0.0,-981.3955517179776,-561.9062718708465,-489.5399471987124,-1351.8188530884386,-937.710106006165,-1772.8561406660813,17.155069304810297,-473.3670113324324,-0.0,-1122.3387817659961,-1117.5741363962745,-158.8109035251254,3.8188071102402037,-2426.56110047282,-1335.8728813946798,-743.0343046224378,-0.0,-612.9891115217399,-718.3554723644879,-537.6714386127842,-2505.636001854418,-3.7327962022667003,-0.0,29.39815961116779,-0.0,-0.0,-264.6328056732315,-3930.9614355445424,-197.14158126938182,-1471.8707068231106,-3857.2385229316237,-0.0,-4623.447675521381,-248.1024874779238,-1998.8957304614376,368.09452703144353,-0.0,1586.116923103132,-906.6454286988738,-0.0,-1987.1267831868238,-0.0,-68.62175281457509,-41.717678850295464,-0.0,-0.0,-0.0,45.20613481171532,-0.0,-0.0,-0.0,-638.177606445371,-1431.9472024611357,-686.588680086489,-0.0,-3516.6164308268317,-0.0,-0.0,-0.0,-226.79650141722368,-407.21818113482334,-0.0,-1972.2314051699698,-0.0,-0.0,-3464.206277914313,-0.0,-22.41166596695916,7.613370475320079,-491.56098580189325,-20.108623693500647,-0.0,-0.0,-220.22530352356225,-0.0,-0.0,-1338.0745301882976,-1104.009462780722,-1605.6737284186802,-0.0,-268.3573827400658,168.2757179457629,-368.18998465951796,-14952.363006225902,-0.0,-595.5290000126223,-1309.487625361402,-580.2961036206067,-0.0,-33.821759546112446,-16.254575515137223,-271.034447838352,-1058.6281314238543,-0.0,-0.0,-0.0,-483.2805731860605,-2793.778516826034,-1332.4332129701968,-0.0,-0.0,-0.0,-355.6675079276728,91.43311409773062,-8.071676010848938,-1387.5508608199302,-0.0,-0.0,-1017.2202877437247,-0.0,-0.0,-0.0,-2749.723808772311,-1010.9804702235452,-0.0,-1110.6255627821292,-618.9921582755046,-252.9789802515981,-715.0606067561172,-1111.4963040040907,98.81255420748884,-1355.2698692728743,-1192.4703224149432,24.844537082660946,-1938.385651399171,-0.0,-0.0,-0.0,-0.0,-482.51592888773,-0.0,-0.0,-571.783607838499,-1058.8452381191958,-733.235226399433,-0.0,1585.2708102478584,1498.2498196829106,1483.1896875458056,-0.0,-0.0,-0.0,-846.9076899756814,-42.69576584033158,-756.7016245958359,-79.37373611938318,-693.6992283037746,-1660.8955062113412,-1246.1775019691029,-2031.4898703519746,-0.0,-0.0,-0.0,-0.0,-545.788344594968,-846.9478584921378,-1757.7013802494605,-428.7719849525312,-1377.8955934739402,-1976.2105395927194,-2154.8409588041955,-0.0,471.23254330596865,-412.9232584277275,-378.7792906304713,-118.15586280750625,-4653.087164916786,-64.0013777824664,-0.0,-894.9597549280302,-1551.061477709695,-0.0,-70.65636257348055,136.7411460648316,-94.58044596395652,-500.95926147913224,-2328.9261397775554,-163.13278999763912,-1654.187564841598,-0.0,-1872.3040201213455,-1817.9260220274825,-1494.64762085756,-0.0,-1842.7700248502147,-323.16757354602595,-674.2018983997444,-968.2444201109652,116.9595899822162,-1941.9662793946536,-1254.6658478925867,-0.0,-97.60891024353384,-0.0,-0.0,-0.0,-1037.540538680672,-634.330749761469,-0.0,-0.0,-0.0,-3722.3262302970143,-1942.7820863867644,-0.0,-0.0,-4.515166100815392,-1752.404324133536,-952.0892680472913,-0.0,-769.5955452705939,-1398.640397592185,-582.4671422147507,-23.47973422297579,-899.6558980996682,-8.852648280527644,-1599.0879173474736,-1708.061070041383,-0.0,-0.0,-43.98411174565557,-0.0,-0.0,-1318.208135327011,-98.58270010628489,-458.38648544694627,-0.0,-0.0,-0.0,-755.1760020716769,-334.6379997185916,-116.73212279035143,-472.0201060223145,-232.36343486553818,-2039.1705571444859,-320.9307886379444,-588.9494586044358,-1337.7991074932884,-0.0,-412.98511796424526,-0.0,-1770.8076340535706,-1519.5918942212477,-1788.022100879268,-445.96844979687967,-296.5276536820852,83.80563572446347,-975.9567990356071,24.975764299172095,-0.0,-484.63730030197553,-0.0,-0.0,-511.1101786517547,-124.70081232037859,-2893.2004845286556,-2934.7483659419677,-521.9714112534042,-0.0,-0.0,-1061.5386745840356,334.9572575003267,-0.0,-0.0,-0.0,-1147.3597457624542,-46.34576886992774,-493.54771437663555,-3866.4667814530535,-1500.5351698557936,-1167.7470088186935,-462.320224963548,-182.00812738853165,-1293.767539298464,-725.663323401744,-505.0790027778768,-0.0,-682.6872886226631,-806.2078082599729,-1731.4386743887405,-0.0,4.397547065514443,-13.130974275362808,-0.0,-0.0,-1861.7707391988558,-0.0,-3656.3747293995466,-1203.949349375632,2546.0431112623314,2940.730927839866,-0.0,-0.0,-815.1344775272992,-1105.3872280701526,-609.0371553929978,-364.07731364260707,-3200.7956611322684,-592.3654043015653,-0.0,-0.0,-0.0,-1273.0948306299833,-679.6419431133248,-166.70861460512862,-2654.219087089727,-1055.9891159066426,-27.608582291247444,-434.0868350004856,-1089.125838086645,-340.5529297988811,-545.6965737902403,-0.0,-65.27172055549401,50.210058036864396,-1012.7815497619272,-170.31774797313008,-0.0,69.22199689064448,141.44800984864543,-221.34075105810058,-1417.5343485114768,-2377.8379213055555,-63.233988469394454,-943.1988971263584,-1429.8311297363261,-0.0,-0.0,-699.7983620309407,-0.0,-0.0,-0.0,-0.0,-652.1696913637577,-23.541211982785395,-1270.858861513101,-1208.674837470883,-2617.8658004944223,-1189.6901754816422,-0.0,-608.0478298226926,-0.0,-1636.5212421089816,-1694.331920183865,-1380.3672670770536,-1028.9111369637105,-0.0,-2205.0103112353227,-0.0,-0.0,-0.0,-3660.587379938689,-1256.1989916114724,-268.78871062815995,-893.0798390971023,-908.8930217397315,-1077.8262277986732,-0.0,-0.0,-0.0,-40.63848155592501,-6189.926179651629,-718.6677589389719,-1895.1974615102595,-4245.86344012002,-2321.934182997052,-438.3035643144749,-0.0,-1996.7576707486644,-762.406701277012,-0.0,-340.1787710090313,-384.6401788882816,-39.2015254452828,-1011.9277958875286,-311.16842514476815,1500.2846659486315,-485.4389580767828,-0.0,-0.0,-1014.9785862272705,-845.8905586654523,-2317.78379905672,-314.8265884938516,-0.0,-0.0,-670.2559802009536,-0.0,-0.0,-0.0,-0.0,-1395.2909495881213,-638.5649132007669,-1273.5008262815645,-537.0748561236852,-4.000914772279432,-792.021520556616,-0.0,-0.0,-0.0,-0.0,-2927.99157749426,-0.0,-0.0,-0.0,-0.0,-0.0,-0.0,-820.3607282911701,-0.0,-2836.5160133778268,-503.29716525417086,-206.44939009651625,-1314.1979803389488,-0.0,-0.0,-1384.0218596896516,-1481.091587200318,-4.449323612306356,-446.0262375401103,-56.19490124522941,-1802.2365136568906,-994.0608171662674,-0.0,-3970.408948368496,-1328.4888753640262,-0.0,-0.0,-17.323842139847702,-426.51175445976145,-1256.6263940911729,-0.0,-0.0,-22.606592961497444,-1681.6553460269456,-610.3173538757463,-362.2115066420986,-88.02963152165464,-1964.195202620591,-0.0,-0.0,-0.0,-0.0,-0.0,-531.5389022892742,-515.6836859840772,-616.6807297411657,-4345.37851703332,-1725.2925062843747,-1267.6801896507643,-111.33652864303896,-1008.7553951385584,-1244.9713298862941,7.647923810113969,-0.0,-0.0,-0.0,-660.1780320352433,-424.69073797024294,-1743.5147580769492,-608.8584955433356,-0.0,-1789.3808971122648,-0.0,-652.9779298099396,-0.0,-0.0,-2019.9974708060322,-632.7193463359056,-578.7838789375821,-1463.1245604472083,-140.4504351884835,-13.220735965232668,-791.7988182843014,-1492.3533404079355,-0.0,-458.7428829738244,-1194.8628767202704,-4322.759142422303,-0.0,-291.13493679759785,-2336.145547475466,-1574.7031294804053,-1292.402746210007,-555.3598342312334,-1290.2495131753792,-0.0,-363.3530560932271,-0.0,-263.08538398825146,643.4323323141464,-0.0,-0.0,938.3471805929948,-0.0,-2285.3720272808882,-783.0871747220154,-970.1290828970353,-1228.9528021381418,-1511.1279344335014,-392.1152127861446,-151.6061098631205,-0.0,-0.0,-928.6382355455607,-1029.52052696992,-809.5578876686092,-0.0,319.4900575243322,350.9192816340044,-243.9411453558016,-2881.478940648997,-1859.2495317456153,-0.0,-0.0,-1478.6048245801574,-4265.920750164503,-2804.0259945832345,-535.6856044819941,-1008.7279558384331,-1160.087359169254,-0.0,-219.27733244822136,-0.0,-751.2823419052903,-231.41764604558887,-1943.5065623190844,-2731.8372074547883,-318.4523700140347,-583.8270319158481,-4624.659289541834,-1275.1396034978563,-584.4233485368883,-289.744967796888,-1329.1275972148323,-720.0573640165943,-4.55709049858616,-1565.9325701858386,-1830.2505595076996,-0.0,-0.0,-606.9229122369663,-1318.9988663608067,-354.3160637211383,-4.5478942536230775,-0.0,-0.0,-0.0,-0.0,-0.0,-36.510017706075494,-726.1310401161938,700.2399250228851,-462.5032847448122,-768.5345918528714,-574.2391413553013,-1148.011181981779,-1607.3289116218523,-1220.3113188517825,-1884.6798225244652,-297.3805578231084,-585.0990906897807,-1610.5583457440014,-663.4577727442866,-0.0,2494.9216058644424,-254.72834729218175,-73.65195952431405,-0.0,-904.3411265530294,-654.8549106348702,-1389.4535533580502,-2012.829386634036,-2274.1827838549834,-0.0,-0.0,-0.0,-0.0,-1047.920156831986,-1734.3432992642904,-0.0,-875.5444931125552,-8.81564534079559,-0.0,-0.0,-0.0,-2631.772504190833,-802.7913284960571,-187.50193345756924,-46.387109417416596,-0.0,-0.0,-1160.8786792903652,-1410.4643336706886,-862.965348154008,539.1614362730301,29.14628916368818,-0.0,-20.66541675802986,-0.0,-1713.9100099939005,-561.6267151616373,-1449.9747796928016,-1836.0942811874168,-1703.8160124793305,-42.481069427807924,-0.0,-0.0,-1691.3817441555375,-386.56824964258897,-0.0,-0.0,-239.38021115408873,-0.0,-41.893282888359764,-0.0,-1336.92427601102,-765.4201024776232,-0.0,-83.62617330817694,714.6689046019752,-0.0,-196.6170218721871,-2416.0878174761124,-0.0,-0.0,-718.5118031465632,16.04956857716528,-0.0,-0.0,-851.0804319690282,-1558.7473486586475,-0.0,-853.1275968652741,-0.0,-1353.3881771172485,1724.5974530475382,25.216898633016697,-2039.0435497015128,-1647.7059046131412,949.9678087074955,-0.0,-2142.82718192108,-882.7376313443582,-1048.7034403421762,-0.0,-708.7062033302904,-126.4968112405399,800.6339774811685,-391.19218179428003,-1561.3960616922004,-0.0,-0.0,-0.0,-924.2292976825985,-633.6240150304327,-822.4935792296715,-1138.110008399193,-1061.1929616988552,-29.880267441687643,-1148.695579104512,-965.421595026752,-1222.389181325082,-0.0,-0.0,-555.7029339606755,754.1247769478272,-6906.559193502383,-0.0,-1316.315326460469,-2080.5234963657417,-829.2875530819548,-790.005393589514,-63.63359452089717,-2432.8428153382133,-353.3315496275054,-0.0,-1063.471940627419,-959.6176625442255,-667.963956501895,-0.0,-1564.452949534371,-2169.8700605236763,-26.364615698088045,-1163.5224688123417,-2434.38291812657,473.324294624763,-0.0,-472.6396821657141,-171.201231868806,-1420.8015875642207,-952.2080213799431,102.30489617504443,-132.64042671274052,-826.3227023607194,-517.8671115068155,-580.7323719083022,-685.5846294613876,-528.0585845469935,-0.0,-1385.0047359909897,-0.0,-1253.9008535869232,-784.3625006867412,-177.04448606903503,-0.0,-1875.8267914285761,-5095.313653831284,-0.0,-448.3038419260806,-0.0,-2339.67074549766,-264.358163427613,-0.0,-435.2456163347338,-434.99554175748017,-0.0,-2483.2672128156887,-1697.181717728428,-0.0,-4509.39939786157,-131.51232183867683,-1374.9298359820987,-1435.4705160815613,-1652.706682073589,-103.6475523257439,-0.0,-955.2418022378959,-2153.770736667521,-549.983979045546,-932.868993408599,-1153.7603647569288,-1752.0757253133393,-2436.569255012433,-829.8663502537028,-2133.317449805539,63.29015453830337,-0.0,-323.21389978969233,-1435.4954672706517,-1262.7061113869618,-0.0,-0.0,-0.0,-447.8270977872608,-506.33642876337484,8.112370780864087,-595.9184908205551,-0.0,-1287.979246904299,-786.0684186650182,-615.5655703181781,-0.0,-0.0,-329.6462616890738,-1886.6475863232024,-921.6002339388792,-284.4882042968082,-980.0904622136464,-37.55591345554454,-0.0,-0.0,-2846.924636573061,-1223.8078881870267,-0.0,-0.0,-0.0,-77.52198368909613,-962.6137259187905,-50.54845841482929,-1741.4646810245404,-1587.910970216347,117.17109875138904,-0.0,-649.2189379767119,-0.0,724.8713613033913,-133.05447192697739,-0.0,-1683.180678134357,-334.6752577518676,-2074.1659975226257,-0.0,-1697.1023436266112,-668.0330843419061,-203.10263656683807,-12.630241311018375,-35.07039557040578,-0.0,-0.0,-789.175381197971,-1307.0045554950284,-0.0,-620.3701851998492,-0.0,-380.65539661263557,-571.7292558808164,-0.0,135.7482354837985,708.4822673901081,813.3578990359973,877.2843380563837,863.4349864630851,797.3907341967523,-0.0,-0.0,-0.0,-0.0,-0.0,74.37481250304042,-0.0,-0.0,-648.8473752760506,-167.56302916972834,-470.92980764872607,-81.62368945860482,-0.0,-1141.6903374440478,-1529.1214341358661,-2100.6393682585403,-247.14495720317055,-201.39471475464092,-0.0,-0.0,-625.1944240475784,-0.0,-0.0,-0.0,-0.0,-2764.9890903182445,-0.0,-42.29471470537873,887.61935129115,-0.0,-1054.6555370948315,-621.6741718245496,1500.499139643774,-997.7962899308079,-0.0,-3013.4044973104137,-2315.706900668528,-201.82374199092303,-813.636565463625,-1245.724866669166,-548.9219665412983,1211.0821319879387,-85.57028719916957,-601.351419098563,-0.0,-0.0,-485.0413618019065,-0.0,-886.8604719373618,-0.0,-461.27974143232825,-38.24201970750548,-0.0,-0.0,-1175.2440904153289,-0.0,-0.0,-571.6828702928282,-1204.8987944304015,-2081.9854944200174,-0.0,-0.0,-0.0,-1854.3792988661112,-0.0,-1056.730535608566,20.461403406706985,-0.0,-0.0,-1171.6874857148805,-1026.1577579005275,-1260.6052468653893,-417.1051571542981,-0.0,-1394.7007745147712,-289.06243105223257,-0.0,-0.0,4.194778017229134,-40.43414396361286,-4584.6087720677115,-0.0,-124.30002628496665,-27.742593301033523,435.1343165691954,-78.81396337983992,-1024.7496995695026,-938.3013074106574,-475.72914093554715,-0.0,-0.0,-1907.5907528179587,-0.0,-0.0,-0.0,-0.0,-0.0,-0.0,-0.0,-148.47988820912394,-0.0,-0.0,-1858.714003018981,-6907.140423254913,-133.60210155056967,38.1364400265931,-386.72660455082774,-718.2565274530878,-118.13400651008962,-4287.552631071332,-240.43282438852273,-315.48599065123955,-0.0,-0.0,-0.0,-1739.7784850440744,-0.0,-38.29562099951403,-0.0,-0.0,-0.0,-475.49040759209385,-12.048246128900544,-246.89228406725732,-1305.9489902852279,-654.2137117337259,-72.36210338606443,-2480.3537684707057,-0.0,-82.1975336271197,-2317.8424456678567,-0.0,-1320.427918174238,-83.2605021702959,-1475.2319926390014,-0.0,-0.0,-1055.2655770097663,-675.7636274534416,-35.462908366271485,-946.8101673876537,-928.3448851684713,-728.8085727102523,-157.75446207727995,-779.1769176227779,-743.4415165820838,-2278.294866442701,-965.7752263131378,-0.0,-1560.3479115885787,-402.7495335946111,-656.0854693180149,-0.0,-0.0,-1120.0021075539591,-2394.3573185195314,-925.4932656738357,-0.0,-0.0,-0.0,-3826.2483226800778,-879.6293430935888,-173.74926040656993,-349.67988099992556,-38.68350290592915,-3861.644597426951,-0.0,-0.0,-2399.3667240593586,-877.8148215472645,-0.0,-0.0,-0.0,-80.31795844984586,-0.0,-1889.9218608540689,-1814.0259223060186,-0.0,-355.9634185522149,218.17846047547894,-0.0,-0.0,-0.0,-1113.109381912443,23.6890588991198,-2530.019622973468,-661.9232948367409,-1219.9764873483257,-777.419442859524,-3283.428141107462,-1724.6312317026868,229.44116759842373,-0.0,-3018.923517911244,-0.0,-0.0,-0.0,-1280.5516420530741,-729.5132806053908,-1823.1025756748893,-0.0,-0.0,-846.9457823775499,-1528.4729875995333,-656.193322090525,-525.976019646749,-0.0,-0.0,-1236.688368245761,-0.0,-0.0,-0.0,-0.0,-0.0,-0.0,-559.8293322374043,-78.04575585010527,-1573.4543312161325,-0.0,-704.5064134764514,-1248.1013337744594,-35.17336462544665,-0.0,-0.0,-0.0,-0.0,-0.0,-0.0,-0.0,-0.0,-0.0,-0.0,-1264.6497952841758,-1775.978139245136,-0.0,326.1874487625748,-0.0,-663.7014196743403,-98.88327763305996,-0.0,-883.0295916748889,-399.4354443025166,-99.4647048883219,-1948.6398810895087,-504.1339958385303,-2680.8354742751103,-174.16482424472292,-2163.069629522893,-1694.7359138311124,-889.2992668662243,-4.333822985734218,-0.0,-1177.124653817364,-2090.2464475928355,-2311.5074669820933,-86.8113484528406,-226.80478394649387,-1850.193623491869,-0.0,-2240.226502952939,-362.91706717328003,-0.0,-1785.4489298362391,-0.0,-916.1418624623575,-0.0,-2810.8462365111427,-0.0,-0.0,-79.28762456779387,-1075.1649927147491,-497.0850849735493,-0.0,-1365.8758207225596,77.19473167536417,323.15622220099203,361.86136897545555,-283.90584925651814,-1697.9070797425145,-581.8944419179952,-0.0,-0.0,-5684.957868603019,-1134.5046593815537,-0.0,454.64041585473865,-0.0,-2021.1067017834298,-506.97335053292494,-656.6466815622896,-0.0,-0.0,612.9547711412306,-0.0,-963.262826269461,-1244.5138496318705,-1886.1014583071858,-0.0,-680.6043759688381,-2932.621386669119,-973.1101265375495,-0.0,-1375.1860432417648,-145.13489257791605,-1167.4277385594273,-0.0,-870.1343743488255,-0.0,-0.0,-0.0,-883.9678589597187,-0.0,560.3419766058827,-0.0,-368.4427487184876,-757.5720373586986,-468.6601299607694,-1118.1234447436707,-574.0325466548737,-2097.2225460571485,-1248.6403414325214,-0.0,695.8327569604826,-2410.758079375698,-1699.9855012308471,-684.9819322571893,-0.0,-0.0,-0.0,-147.94715140927454,-1222.9437378120788,-298.11659010496834,-950.9286964535183,-2046.3747821840054,-2592.4762731958353,164.3760415159729,862.1497764675495,736.5095995730792,-0.0,-0.0,122.28854362676061,-32.61123282053857,10783.137831632383,10039.68031660744,5267.496006298387,10016.395561593044,10715.748576001668,11031.308576827787,-0.0,-0.0,-0.0,-0.0,-0.0,-1401.077668925585,-1241.2816741557504,-822.694292856994,-0.0,-2737.5279201050425,-648.637362474706,-1166.3010987398122,-31.484961313940378,-873.8928424613568,-1265.9021978466849,-1067.0841272182934,-1289.4701140530924,-0.0,-2646.0804819010277,-1812.2286172833403,-789.6850636767462,-123.29429912461012,-3475.0357293452225,-0.0,-242.74409810203727,-0.0,-11.69927477624014,-0.0,-136.08450932197022,-299.94734016105383,-1033.2854452579943,-862.106080537277,-0.0,-0.0,-0.0,-2388.2448769016546,-0.0,-0.0,-270.25913489253355,-1021.3488235193812,-930.87978429558,-93.4618675304758,-1199.0363757256112,-1946.078276865905,-344.4894601702194,-0.0,-0.0,-125.75111547616523,-1194.4494263219194,-352.8774146472481,-0.0,-5451.818767819769,251.7995483750889,-0.0,-0.0,-0.0,-32.08549053953037,-431.87401991717434,-0.0,-0.0,-1242.093861229837,-2089.0107953960246,-1382.166032945871,-406.25308826569386,-410.5560351067227,-426.5590145514509,600.124566981194,-1305.1955887138245,-0.0,-551.6118073382775,-2764.9723967362215,-577.3749146299157,-8.108584296207386,-0.0,-5.376041619173878,-0.0,-0.0,-0.0,-1182.6533882604483,-432.5360893480468,-1547.052484945829,-0.0,-0.0,-0.0,-248.7149626951874,-609.2291702045935,-1516.8473020762974,-3363.0873795814305,-346.45109698218766,-212.97381783928287,-0.0,882.634495820811,-0.0,-1219.1855504075215,-172.1409456895299,-0.0,-0.0,1079.2121427354052,-0.0,-1767.6248518916814,-0.0,-0.0,-0.0,-211.57309596555757,-2142.0537112403285,-1799.367109709785,-31.012768633461413,-2556.072246533351,-1486.4557810984472,-26.313367973990463,-28.37239384566143,-71.99992582439917,-0.0,-0.0,-2067.167965487423,-0.0,-5920.810252274684,-0.0,-1353.4060658138412,-265.46799619856995,157.51374477558855,-0.0,-58.83692683897775,-1301.8226269863696,-1615.7361319346257,-576.0058230247711,-34.03751041005569,-258.3580141376234,-0.0,-0.0,-0.0,-0.0,-1148.555029376868,-886.7185568984985,-0.0,-601.3678744636989,-1291.3022941540512,-187.35563314249046,-83.23929328375267,-0.0,-0.0,-0.0,1124.8830729786303,-3.84247384771556,-0.0,-585.9051697034491,-897.8090588528433,-1439.9079957452932,-0.0,-0.0,-2103.5785175094165,-0.0,-0.0,-0.0,-0.0,-687.0890992470033,1020.2882094516324,1139.1466143207947,1245.8237162414184,-0.0,-0.0,-0.0,-609.517857099444,-0.0,-0.0,-383.97418143880543,-638.3889056601547,-0.0,-224.0376895485589,-1377.3758878747494,-1276.6885000842178,-0.0,-0.0,-0.0,-12.054238527296018,-1562.1552357581502,-4.469936147757234,439.3740862416612,-0.0,-1689.4773453623109,-789.7309411843969,-545.3021560202158,-1945.6402208088134,92.05319508336773,-301.63150536833206,-19.186764326186996,-441.1908998827399,-382.08537109442625,-1015.4153411492604,-363.7186942139342,900.6203748659038,-1490.6652604310095,-234.56786431020387,-176.46216897546677,-3996.5463871664797,-2939.5701780189124,658.1530077377068,-1014.5673054024187,-210.05957220930844,8.679394695744703,-841.1021768420408,-1197.0314852248396,1838.6120892653755,-628.5621265475052,-700.0809059415362,-718.1073380297175,-0.0,-7108.410224104561,-0.0,-480.17026173464455,-901.2429432002432,-640.2332630618397,-962.5269009243225,-1183.7728676400086,-0.0,-1071.9964293680146,-168.90716257106885,-87.09183698024118,-6510.317648751211,612.4193802395492,-205.26054401926018,-0.0,-568.4424008747192,-1312.3464624274798,-0.0,-0.0,-485.97696338967626,-1576.664564915508,-87.126411103226,-234.57024535007574,-280.1505004868727,-1104.2093161385874,-0.0,-0.0,54.07746573669363,-0.0,-0.0,-1820.106445117411,-0.0,-1735.599864035929,-910.9445292075114,-1242.6518103427788,-0.0,-0.0,-509.70082622690245,-899.6841447822878,-142.95767636873418,-0.0,-467.2282763237122,-153.88394345246058,-533.0249692039603,-0.0,-200.4713426108861,-503.5866452520672,-2239.343348067501,-990.7671101859604,-1700.524717854265,-0.0,-0.0,-1423.884727496082,-21.697433680649798,-0.0,-0.0,-1161.8524680993798,-0.0,-0.0,-0.0,-0.0,-0.0,-0.0,-0.0,-0.0,-0.0,-0.0,-102.04915825271712,-0.0,-0.0,-0.0,-0.0,-0.0,-0.0,-0.0,-0.0,-0.0,-0.0,-0.0,-346.6401558816549,-0.0,-0.0,-0.0,-0.0,-0.0,-0.0,-0.0,-0.0,-0.0,-0.0,-0.0,-0.0,-0.0,-0.0,-0.0,-0.0,-0.0,-0.0,-0.0,-0.0,-0.0,-0.0,-0.0,-0.0,-0.0,-0.0,-0.0,-0.0,-510.05401589457784,-0.0,-0.0,-0.0,-0.0,-0.0,-0.0,-0.0,-0.0,-0.0,-0.0,-0.0,-0.0,-0.0,-0.0,-0.0,-0.0,-0.0,-0.0,-0.0,-0.0,-0.0,-0.0,-0.0,-0.0,-0.0,-0.0,-0.0,-0.0,-0.0,-0.0,-0.0,-0.0,-0.0,-0.0,-0.0,-0.0,-0.0,-0.0,-0.0,-0.0,-0.0,-0.0,-0.0,-1358.180305679816,-533.5807838072459,-1737.5616104124372,-0.0,-0.0,-0.0,-0.0,-0.0,-0.0,-0.0,-0.0,-0.0,-0.0,-0.0,-0.0,-0.0,-0.0,-0.0,-0.0,-0.0,-0.0,-0.0,-0.0,-0.0,-0.0,565.2549773603151,-0.0,-0.0,-0.0,-0.0,-0.0,-0.0,-0.0,-0.0,-0.0,-0.0,841.9220485927244,-0.0,-0.0,-0.0,-0.0,-0.0,-0.0,-251.83805582776859,-0.0,-0.0,-0.0,-0.0,-0.0,-0.0,-0.0,-0.0,-0.0,-0.0,-0.0,-0.0,-0.0,-0.0,-0.0,-0.0,-0.0,-0.0,-0.0,-0.0,-0.0,-0.0,-0.0,-0.0,-0.0,-0.0,-0.0,-1111.4137099950983,-0.0,-0.0,-0.0,-0.0,-0.0,-0.0,-0.0,-0.0,-0.0,-0.0,-0.0,-0.0,-0.0,-0.0,-0.0,-0.0,-0.0,-0.0,-0.0,-0.0,-0.0,-0.0,-0.0,-0.0,-0.0,-0.0,-0.0,-0.0,-0.0,-0.0,-0.0,-0.0,-0.0,-0.0,-0.0,-0.0,-0.0,-0.0,-0.0,-0.0,-0.0,-0.0,-0.0,-0.0,-0.0,-0.0,-0.0,-0.0,-764.4153193253024,-0.0,-0.0,-0.0,-0.0,-0.0,-0.0,-0.0,-0.0,-0.0,-0.0,-0.0,-0.0,-0.0,-0.0,-509.6034782903625,-0.0,-0.0,-251.93356418108723,-0.0,-0.0,-0.0,-0.0,-0.0,-0.0,353.3083094675208,-0.0,804.2876928534315,-0.0,-0.0,-0.0,-0.0,-0.0,-0.0,-0.0,-0.0,-0.0,-0.0,-0.0,-0.0,-0.0,-0.0,-0.0,-0.0,-0.0,-0.0,-0.0,-0.0,-0.0,-0.0,-0.0,-0.0,-0.0,-0.0,-0.0,-0.0,-0.0,-0.0,-0.0,-0.0,-133.46445042602514,-0.0,-0.0,-0.0,-0.0,-0.0,-0.0,-0.0,-0.0,-0.0,-0.0,-0.0,-0.0,-0.0,-0.0,-0.0,-0.0,-0.0,-0.0,-0.0,-0.0,-0.0,-0.0,-0.0,-0.0,-0.0,-880.7792492959643,-0.0,-0.0,-0.0,-0.0,-0.0,-0.0,-0.0,-0.0,-0.0,-0.0,-0.0,-0.0,-0.0,-0.0,-0.0,-0.0,-0.0,-0.0,-0.0,-0.0,-0.0,-0.0,-0.0,-0.0,-0.0,-0.0,-0.0,-0.0,-0.0,-0.0,-0.0,-0.0,-0.0,-0.0,-0.0,1383.0222610351454,-0.0,-378.99143604795626,-0.0,-0.0,-0.0,-0.0,-0.0,-0.0,-0.0,-0.0,-0.0,-0.0,-0.0,-0.0,-0.0,-0.0,-0.0,-0.0,-0.0,-0.0,-0.0,-0.0,-0.0,-0.0,-0.0,-0.0,-0.0,-0.0,-0.0,-0.0,-0.0,-0.0,230.08478428077095,-0.0,2184.2716367575017,-0.0,-0.0,-0.0,-0.0,-0.0,-0.0,-0.0,-0.0,-0.0,-0.0,-0.0,-0.0,-0.0,-0.0,-0.0,-0.0,-0.0,-0.0,-0.0,-0.0,-0.0,-0.0,-0.0,-0.0,-0.0,-0.0,-0.0,-0.0,-0.0,-0.0,-0.0,-0.0,-0.0,-0.0,-0.0,-0.0,-0.0,-0.0,-2325.80519687384,-1488.3019137887668,-0.0,-0.0,-0.0,-0.0,-0.0,-0.0,-0.0,-0.0,-0.0,-0.0,-0.0,-0.0,-0.0,-0.0,-0.0,-0.0,-0.0,-0.0,-0.0,-0.0,-0.0,-0.0,-0.0,-0.0,-0.0,-0.0,-0.0,-0.0,-0.0,-0.0,-0.0,-0.0,42.86932373389173,-0.0,-0.0,-0.0,-0.0,-0.0,-0.0,-0.0,-0.0,-0.0,-0.0,-0.0,-0.0,-0.0,-0.0,-0.0,-0.0,-0.0,-0.0,716.2249035888511,-0.0,-0.0,-0.0,-0.0,-0.0,-0.0,-0.0,-0.0,-460.02557063913486,-0.0,-0.0,-0.0,-0.0,-0.0,-0.0,-0.0,-756.8156444135817,-0.0,-0.0,-0.0,-0.0,-0.0,-0.0,-0.0,2265.7542167598285,-0.0,-0.0,-0.0,-0.0,-0.0,-0.0,-0.0,-0.0,-0.0,-0.0,-0.0,-742.6773391902706,-0.0,-0.0,-0.0,-0.0,-0.0,-0.0,-0.0,-0.0,-0.0,-0.0,-0.0,-0.0,-0.0,-0.0,-0.0,-0.0,-0.0,-0.0,-0.0,-0.0,-0.0,-0.0,-0.0,-0.0,-0.0,-0.0,-0.0,-0.0,-0.0,-0.0,-0.0,82.55517650990802,-0.0,-0.0,-0.0,-0.0,-0.0,-0.0,-0.0,-0.0,620.6178536090905,-0.0,-0.0,-0.0,-0.0,-0.0,-0.0,-0.0,-375.2697018142361,-0.0,-0.0,-0.0,-0.0,-0.0,-0.0,-0.0,-0.0,-0.0,-76.01061743181938,-0.0,-0.0,-0.0,-0.0,-0.0,-0.0,-0.0,-0.0,-0.0,-0.0,-0.0,-0.0,-0.0,-0.0,-0.0,-0.0,-0.0,-0.0,-0.0,-0.0,-0.0,-0.0,-0.0,-0.0,-0.0,-0.0,-0.0,-2054.7941849143385,-0.0,-0.0,-0.0,-0.0,-0.0,-76.80393243377532,-0.0,-0.0,-0.0,-0.0,-0.0,-0.0,-0.0,-0.0,-0.0,-0.0,-0.0,-0.0,-0.0,-0.0,-0.0,-0.0,-0.0,-0.0,-0.0,-0.0,-0.0,-0.0,-0.0,-0.0,-0.0,-0.0,-0.0,-0.0,-0.0,-0.0,-0.0,-0.0,-0.0,-0.0,-0.0,-0.0,-0.0,-0.0,-0.0,-0.0,-0.0,-0.0,-0.0,-0.0,-0.0,-0.0,-0.0,-0.0,-0.0,-0.0,-0.0,-0.0,-0.0,-0.0,-0.0,-0.0,-0.0,-0.0,-0.0,-0.0,-0.0,-0.0,-0.0,-0.0,-0.0,-0.0,-0.0,-0.0,-0.0,-0.0,-0.0,-0.0,-0.0,-0.0,-0.0,-1549.0349866857853,-0.0,-0.0,-0.0,-0.0,-0.0,-0.0,-0.0,-0.0,-0.0,-1932.738909312471,-0.0,-0.0,-0.0,-0.0,-0.0,-0.0,-0.0,-0.0,-0.0,-168.48076939563893,-0.0,-0.0,-0.0,-0.0,-0.0,-0.0,-0.0,-0.0,-0.0,-0.0,-0.0,-0.0,-0.0,-0.0,-0.0,-0.0,-0.0,-0.0,-0.0,-0.0,-0.0,-0.0,-0.0,-0.0,-0.0,431.42041886304827,-0.0,-0.0,-0.0,-0.0,-164.4879590368315,-0.0,-0.0,-0.0,-0.0,-0.0,-0.0,-0.0,-0.0,-0.0,-0.0,-0.0,-0.0,-0.0,-0.0,-0.0,-0.0,-0.0,-0.0,-0.0,-0.0,-0.0,-0.0,-0.0,-0.0,-0.0,-0.0,-0.0,-0.0,-0.0,-0.0,-0.0,-0.0,-0.0,-0.0,-0.0,-0.0,-0.0,-0.0,-0.0,-0.0,-0.0,-0.0,-0.0,-0.0,-0.0,-0.0,-0.0,-0.0,-0.0,-0.0,-0.0,-0.0,-0.0,-0.0,-0.0,-0.0,-0.0,-0.0,-0.0,-0.0,-0.0,-0.0,-0.0,-0.0,-0.0,-0.0,-0.0,-0.0,-0.0,-0.0,-0.0,-0.0,-0.0,-0.0,-0.0,-0.0,-0.0,-0.0,-0.0,-0.0,-0.0,-0.0,-0.0,-0.0,-0.0,-0.0,-0.0,-0.0,-0.0,-0.0,-0.0,-0.0,-0.0,-0.0,-0.0,-0.0,-0.0,-0.0,-0.0,-0.0,-0.0,-0.0,-0.0,-0.0,-0.0,-0.0,-0.0,-0.0,-0.0,-0.0,-0.0,-0.0,-0.0,-0.0,-0.0,-0.0,-0.0,-0.0,-0.0,-0.0,-0.0,-0.0,-0.0,-0.0,-0.0,-0.0,-0.0,-0.0,-0.0,-0.0,-0.0,-0.0,-0.0,-0.0,-0.0,-0.0,-0.0,-0.0,-0.0,-0.0,-5422.937863591133,-52.720153575555074,36539.22634024658,-3662.047713321171,-4559.4439229056015,74169.01831501006,-0.0,-6754.167053331267,898.0671741239693,2147.726309671599,-24677.691315497697,-0.0,-4770.689700191272,-0.0,-0.0,34341.05923403115,-11316.121847297318,3883.2547933454243,6412.65020275157,-4597.155442069851,-27724.830593468734,-8954.191411143796,52.39248472033128,-91.89121846365721,-6286.182190705712,-0.0,-13514.508755204986,-18786.081760905407,15871.087488969002,-586.9462890578582,8.126765115504371,47892.579835096396,-3243.4491252259977,-121851.3137065281,-2884.429050541229,-23418.182873499358,-19499.461437348677,-6482.706932688742,-6282.241529807385,-15128.440262719998,12948.489661601765,-2528.586420242259,-4249.702069098022,-3793.8261307033845,-11514.748674084172,8484.473249539451,38859.841423513346,-1034.894337283527,71.64068400343797,22001.027874921067,5485.282079318685,-573.4887308865523,15129.904911192541,8491.310897094043,-5916.137524999503,-7510.329771632303,-3976.3132643097365,360.74106821572985,-0.0,-0.0,-275.38860719190507,-8376.739550695027,-3585.0852901927033,-3137.7700978560847,-1795.1883033321035,-4752.687910858116,11290.85705353299,3764.426817624704,-8621.90185669054,20541.36069603433,-20722.197394448584,-35703.70585999387,71164.07870734586,-23614.425725980243,-9540.592784571372,-2255.3008613509696,-3815.6459303352967,-6223.657154953051,-4859.370427553305,-34034.78645590797,-0.0,-13996.00146231332,-0.0,3138.485881053365,-0.0,-0.0,-14528.211089728264,-1252.430473025898,-0.0,-0.0,4124.388849712774,-0.0,-0.0,-0.0,-7227.682247420435,-4735.166161796384,-7641.036389452202,-7574.651124619152,8043.944429528183,-0.0,-30540.470443200888,47953.15055356969,-0.0,-0.0,-20860.66627474135,-10807.817995342926,193.64264124979985,52.268326945959934,-0.0,55807.344634220855,-0.0,-0.0,-0.0,-0.0,54561.19409245789,-1065.0890481825816,-0.0,-11523.29937530217,-0.0,-6322.982973660734,-1375.209370799905,-3351.753510279583,-16387.677117117215,12896.64523529593,-1530.891372253207,-9631.154376596915,-0.0,-0.0,-5177.699292249737,-7156.6100916302585,-10702.69300927915,59831.47971694636,-0.0,-184.88577958082573,13320.979621412414,3349.109753299317,-2038.5871897255054,717.3089544029117,5475.5763231435185,-3836.1426894813967,-84.24013182568201,-18484.97489750545,456.97729733661157,13955.406959479487,-830.8750714708873,13145.25024766341,52016.79893268192,3194.050411017495,-69.29306213174428,9686.421296131197,-2141.913305454537,-7985.615187393485,-10519.017155147616,-15174.759217446699,-0.0,6731.269095759904,20600.69920225597,22365.569341597842,-10054.902397259943,7644.8846519642875,9136.099392934117,-8433.32994995511,16566.62448316116,-14771.513582384094,-0.0,4731.9772677025,-12595.978855335923,-16408.288487579717,-8914.817350691792,26316.58353135896,3290.8518124311754,-0.0,-6307.06483099432,-0.0,-2852.332844850931,100.12506313843096,-4176.22798307046,-0.0,212.36760651482476,-253.3858889544675,-22588.665117201646,-13140.66030471744,22731.214573328933,-7140.016322918955,3654.043346838554,5845.041187284989,-6751.134621389641,-5469.5321471491825,-11923.524881207195,-0.0,-2192.96819804484,-1846.505502538409,-0.0,1316.9334022188618,-377.2193135857634,-0.0,-0.0,-15107.73977964987,-3691.0614695244426,3070.95632375332,-5008.9375757713615,-0.0,-0.0,-0.0,56979.69414888915,20881.25647744586,-0.0,104.63557422553329,12505.456768335122,-0.0,-4464.125127847914,-2496.5797935002247,-0.0,-4499.099863749825,-9417.093109171954,123861.5974416977,-12466.567220787281,-9037.562932451723,-34651.117261974185,-0.0,1511.7353268307309,3050.020172897689,-10071.58514579738,30710.185591161327,-8384.654689036446,-40942.47947929303,-14681.840545030202,-9462.670038218423,-0.0,1268.819249406669,-4977.238671394278,24745.157929442423,-160.56026775194684,-441.6413672696567,-11110.959710609575,-9514.273002139358,30548.13916130916,-0.0,-2204.22705224056,722.1822476289497,-0.0,-0.0,-0.0,-0.0,-0.0,-0.0,-0.0,-0.0,-0.0,-0.0,-0.0,-0.0,-0.0,-0.0,-2184.2127375299856,-0.0,-0.0,3516.7869541729647,-15046.021667708841,-714.6569550141704,-10621.578379522423,25618.121233249818,8313.491453940293,-4012.7565356587015,3528.064609506307,45289.577015663795,-0.0,-0.0,-4307.726438983092,3302.823914522146,-6958.871857852989,-8639.57382389263,-0.0,-37.94303683608626,10283.404335656453,-4651.76019872659,-2762.5393256874954,3724.860752740558,-25803.287688214852,31254.719952571868,-5907.105531470582,-1032.4745369895572,13963.989684721797,-0.0,-0.0,-0.0,-0.0,-0.0,-0.0,815.2324978734176,47432.09699408819,-10314.198773710781,-11280.775580884289,-9137.09189646783,-0.0,-9297.784221004162,-13365.028117459256,-0.0,-0.0,-0.0,469.02867792177045,428.8328429627543,695.2487746774221,2557.6217281263403,-0.0,4043.9853562793464,858.6643464167436,884.311197872047,851.0912568657359,740.4030336537382,2893.3022110171364,1637.3325202206217,2782.628627278555,2503.5991443570924,2728.325794688692,2945.1498712702264,37404.76356161977,35289.231581015585,41524.65882628641,38626.75895167984,9571.57451297669,8597.876161893144,8834.39507075516,9940.599439333153,4821.102445782584,2048.7148095108832,2129.1255489502346,2213.2904756513444,2120.4078432532265,2232.373532476709,4673.300237105493,4390.175511424837,1500.8371676971665,1257.287582427622,644.8451538414394,411.84399823958506,519.0719686576966,34396.46164368975,33316.43745112406,37206.58138875959,33007.095966476474,58057.21241812342,54906.964888545364,1322.5116435102855,1194.7045695681438,1314.5129018936416,1262.6515560653952,1230.4710615031947,1282.7779329487653,662.2553560409017,57970.068425903584,51693.46114780708,51181.10922036759,2795.2357565925836,2668.8803740107314,2881.333290253661,-0.0,8362.672141154937,8948.405563322343,38800.49734109877,33717.533973763035,39610.00573743073,60292.44651583284,59042.84586568687,67279.99533166282,57850.26335349631,2773.1613804057033,2389.697509243048,5131.523935054774,-0.0,19723.74593491943,22344.096534866956,-0.0,1562.6156479447948,1520.5649030366405,1530.1771826202564,1486.0434673290583,1483.3664881173356,1503.5689760437447,39041.1285814825,39276.79216160192,36565.8814019384,33427.15002186736,1188.7571079522124,1292.1842904238856,-0.0,-0.0,15088.5206991405,37893.37741588741,33133.50679079331,36944.00034104847,39948.60168866012,-0.0,55217.43416632331,51374.813827864,1050.6426537334632,2332.5178351984823,2231.1702985680754,2385.771626787215,2491.958354391517,2521.3063189049403,58874.254091357354,56602.43996348678,-0.0,-0.0,16289.62037722309,1085.657754951146,36820.7166392924,38615.99418451139,34239.158269586434,35650.88537865266,39020.12292294881,32205.569176570054,-0.0,16198.569960706816,10109.416492662665,-0.0,-0.0,1381.930401433474,1475.8540941058104,762.1165067215643,849.45650263545,439.05101737748663,445.0594784268856,-0.0,1048.4080586297468,1046.8918944036761,1115.6926643549461,1283.5043896575469,-0.0,1636.9121502301543,1595.8768176902063,1894.7628162969324,2464.2978817385833,2439.765280945142,2239.71997231209,788.0537323341184,888.4682632853835,876.0634131394045,1452.8967246362943,935.547492535219,1009.4314114704026,1030.4102018490937,949.6152159805973,8394.123269298467,8387.258786623195,269.39800079179076,264.95948037299155,3566.15126952892,14463.616240245154,1452.037053249288,1550.7997921516312,-0.0,-0.0,8869.08918330702,8875.953321952824,8748.407894708367,7647.729109077297,2041.4076562647408,2022.1434017163238,35789.27060128238,32776.313547537015,9587.624723072848,7136.481691285146,-0.0,51917.96176297934,1973.6103985976597,2332.968072125742,1053.9116032637396,55478.45388841044,55785.69796684933,59269.302213227296,49190.62170844046,210.02527544695303,58041.97267241077,52578.66135047042,-0.0,-0.0,24017.16464588668,-0.0,1209.808432095712,1037.0936718777052,1056.747536164468,2259.695637574231,9559.532196749813,17888.178046354595,1865.1486274766053,1801.4725694744197,24.442137490855302,697.2280931994259,706.4522592691885,16747.784033723758,1460.691383720505,-0.0,-0.0,-0.0,1059.844074357809,-0.0,1108.638548662669,-0.0,6205.802774332871,6299.693174427219,5663.824877839731,5859.144894589309,885.7161628738098,-0.0,856.9294474092412,-0.0,-0.0,973.6550200759342,1026.5359947281952,1065.8152776792172,901.0966526030976,796.6231855834143,745.3658057095981,1744.402666051445,1665.934188136845,1604.0661449083939,-0.0,3075.3065244248255,2693.0963417897196,3150.9024614439772,3012.4373161331782,4816.644492116074,49903.84903913576,52339.71498093095,10432.745876737743,21243.044955398116,15206.874240737385,18269.867474658822,1684.716164953166,2029.5782002912936,929.9126479703655,854.824924858736,2226.901924584464,-0.0,39083.096087926606,33791.142167225014,1430.1327490965332,1158.022900823648,1236.5173319821067,5529.665348568682,3140.048545384998,2961.674861787071,34597.21386286521,32729.88921290425,36404.300355793945,42165.8047559728,-0.0,-0.0,-0.0,2296.0213824962443,2449.402517424521,2540.823347369377,9188.182909610814,8784.404810043956,6362.406841194826,2363.0596028759446,2501.0712957175747
8,-0.0,-0.0,-654.0142666062499,-2268.1383469933403,-575.6664001971483,-545.3875331412823,-107.60461314001743,-667.3081808776587,-632.0297719924118,-0.0,-1410.976057635666,-0.0,-0.0,-2881.5216411969413,-0.0,-601.8863838926035,-482.56300762553946,-0.0,-48.42122737635222,-260.39855809146337,-329.1969107292689,-751.7210910270156,-960.4959619450292,-790.2286848015092,-2313.3683767229168,-678.3729150484087,-0.0,-44.053134163275,-3111.2155329468437,-1926.8001719846563,-0.0,-0.0,-0.0,-0.0,-0.0,-0.0,121.45717750786541,-222.87757104302736,-1956.3168279338481,-1668.4341886342174,-0.0,-0.0,-147.53706802831348,-575.5777862259276,-181.1913556939025,-0.0,745.3607340517314,-1953.5113546312039,-430.5850627890681,-0.0,-0.0,-293.661452670392,-0.0,-12.403459905142094,-2285.4537462857375,-3098.23180788535,221.9310986926794,-6344.680195231262,-235.4849389908524,-0.0,-1990.2658575806774,-0.0,-732.7646568957874,-3291.2791130193605,-542.1584326578844,-541.3627931084053,-46.00044829322183,-2330.7947125501837,-962.4729657642438,-494.2827853592182,-3072.7786998155693,-0.0,-0.0,-2865.3386270898104,-1103.6284743102626,-248.09438862895877,-1910.3439105204932,-0.0,-0.0,-1454.5714833438567,-1563.144932553189,-547.7206625459339,-3786.3663688255447,4.325212226716374,-29.005583306391266,-2299.453918507317,-0.0,-664.4995932421748,-1072.3832594224243,-8.207065152030431,-0.0,-1449.6924684293333,-92.34156834317922,-868.3350333708336,-2332.5365567543736,-44.420741258315374,-2799.1310452450257,-462.5744492440764,-1536.613281979497,-3051.611308604111,-776.5943501098195,735.6860527160729,-601.8884965961595,-0.0,-1515.5415858164445,-2548.8412286222583,-5092.255247176168,-507.1735641614433,-3341.314891798246,-0.0,-1785.4696891236597,-0.0,-0.0,-596.8490842889456,-0.0,-0.0,-724.759128751094,-89.58546136439283,-1654.177785939225,-1002.2609021002512,-894.9053376534976,259.902101243803,-506.004493412541,-336.74458848250134,-234.40796769288244,-8.980136174161872,-599.0598632124289,-674.9160339364888,-837.9164295329928,-0.0,-5391.012172660167,138.25923869685067,-119.90852908192676,-4871.472466146812,-0.0,-1150.765724702776,-70.87527545305666,-0.0,-352.9287413141416,-0.0,-0.0,-933.632232132991,-0.0,-777.0103859228942,-1005.1068631013076,-0.0,-1219.3503171780053,-315.669822519559,-699.9412101777219,-2360.9792777990483,-0.0,-1863.3585601836041,-1311.543207223104,-0.0,-0.0,-0.0,-0.0,750.4400920848196,-0.0,-1801.0973105244361,-1921.7703780637094,12.492908181958198,-0.0,-0.0,-758.8878183875951,-601.2910556085548,-844.8647848186151,-0.0,-483.7626941319491,-3372.512551248054,-1169.3861295693303,-0.0,-1343.6769188285555,-2761.109791218626,-0.0,-0.0,-0.0,-0.0,-0.0,-0.0,-558.9964955809794,-683.6836688297082,-261.67055270979137,-222.44605466419102,-1504.7997349067098,-58.695412258073986,-0.0,-0.0,-797.7525691494773,-0.0,-625.7881787302159,-32.28901085373096,-4.785111621001262,6.564741807074639,-0.0,-0.0,-1332.5595552465493,-478.16142660800034,-528.4816714221761,-0.0,-3824.698988614524,-2249.841353340893,-1162.6666250087633,-0.0,-0.0,-2493.7067171303793,-1647.662348331365,-738.8628077427244,-95.19339693752293,-1909.0555019037902,-1591.9439789874093,-0.0,-0.0,-1890.5768192215328,-0.0,-889.074991842482,-1446.2159548366462,-154.35318965233063,-468.66160259836545,-673.9415086401252,-637.1236273401397,-0.0,-1722.5144784742236,-0.0,-3776.7695451355376,-3193.2579457460397,-208.7384113421001,-449.647020247085,-530.8326655310855,-0.0,-319.76829325181666,-296.4538098094098,-0.0,-1215.1393068501118,-776.5888591615228,-1263.5339731267995,-1775.0544801368558,-1046.1986198983004,-2422.6260207956957,-2363.0315804724473,-2750.550176916881,-2512.1658935067967,-1157.077421632729,-2419.052346937065,-577.8367310544332,-664.0907253134956,-0.0,-1366.0836270984437,-1225.822526694954,-1127.0194726955235,-467.26574129947676,-449.5663738264824,-2299.4439948019544,-876.8851115577313,-468.99469782336104,710.1017950379875,-0.0,1133.2419100447403,-1548.4674058526475,-0.0,-0.0,-0.0,-0.0,-0.0,-0.0,-1454.0862246515255,-3101.031985754782,-564.448869566029,-1108.465623237807,-0.0,-0.0,-2082.191690924336,-1362.216926568699,-2368.466512999637,-0.0,-0.0,-156.57376140713458,-66.176240558835,-447.4111800464708,-2108.8706503517246,-567.8622647226149,-0.0,-586.2928314896548,-770.347278265979,77.43582095595643,-1352.5233143411588,-1663.3343696181253,-1507.662656612857,-2062.5285169211757,-349.2081411981289,-664.2275414466592,-47.24369311881002,-1962.904275023218,-0.0,-954.2245854066667,-186.23249892753998,-95.55171250729624,-661.539528582319,-0.0,-2436.869423424912,-145.44681739250066,-771.5103258075634,-1791.9120264438216,-1772.4620398927289,-0.0,-648.522595886499,-872.197869561713,-28.879473997946697,-284.93154185824943,-569.769354607383,-63.12881496288788,772.7580269784231,-1338.4363340305324,-0.0,-1054.3145626458054,-1742.6113112322291,-0.0,-560.4132380798266,-0.0,-1749.11110528437,-0.0,-0.0,-0.0,-1315.427509894102,-822.6966709314636,-522.1461789957524,-0.0,-1806.5119443633469,-3484.792180096243,-4178.610141520488,-0.0,-378.1146251998819,-0.0,-320.6063218805399,-130.27526464136594,281.0756721805094,-651.4529391455959,-0.0,-785.1283681034666,-1038.090020599308,-357.39289180724273,-659.3831920685875,-0.0,-499.5216037247067,-1037.7377151143937,-614.5706882962119,34.5619299628213,-2577.9368935600887,-0.0,-0.0,-1574.4872295851505,-284.24795887770875,-1554.2028342490582,-108.4038093152393,-144.850898033181,-246.1329133386068,-692.3985073533441,-1135.332306928173,-1518.1554387928347,-2356.5813110727763,-0.0,-0.0,-454.8099251236405,5592.403361530003,4.880810396205396,-0.0,-0.0,-0.0,-0.0,-2614.658309746419,-546.7687570039545,-0.0,-1116.0171481301231,-1043.4052661551304,-839.6031935489322,-2495.348911715241,-285.1771860996814,-1316.002704935346,-0.0,-0.0,-2244.498131878497,-759.9396846172804,-1925.6822889181394,-814.9335713138145,-926.9646667571362,-2065.6360508819057,-248.726422630498,-1882.4842896617479,-1234.0644146614418,-35.431777206093614,-1151.5147526058054,-1267.3844025123583,-258.2214468287685,-251.58815420931148,-2152.7083049071603,-0.0,-530.2370935644926,-315.17327106612964,-34.59969229277533,-898.6216206539891,-240.09528116573725,-1066.4080286234446,-991.6025632654264,-1415.0921201019069,-263.0445064549028,-2838.3795538286377,-64.66057891848455,-677.6350968298719,-0.0,-887.6021443913977,-843.5882852961204,-1083.1629890232962,-1297.7812675035848,16.297880171528373,-456.80881034849403,-2898.916292954768,-891.613049752528,-429.08125772559214,-1276.6230945327002,196.2687180409114,-0.0,-0.0,-0.0,-0.0,-0.0,-0.0,-12.371736812110722,-194.21327823578162,-2584.0191006240384,-5518.02376881936,-551.0213352011524,-1098.82326391178,-155.36519474764768,-597.2283846933636,-1515.7405964118443,-1253.9997438578714,-44.24628795741695,-609.6691842448961,-556.814048255078,-0.0,-106.47971267514461,-1253.0434623121957,-534.9382941284147,-0.0,-1158.854630695492,-0.0,718.7659781806981,-0.0,-0.0,-0.0,-45.74898858484249,-0.0,-0.0,-1204.7881862074257,-472.24825947549266,-1353.1941333380676,-0.0,-0.0,-0.0,-1006.081723620074,-654.9067752126988,-1489.6384186812572,35.30602238384799,313.4444992149736,-0.0,-0.0,-3476.795982870389,-1385.774984792442,26.162814960382864,-64.46884048455298,13.040060389743658,-21212.96599549629,-21084.50342110275,-2629.4719865284615,-0.0,-0.0,-0.0,-0.0,-491.96513833957295,-0.0,-0.0,-687.9896904961198,-2554.347284742439,-2223.5093393095126,-1517.5305419887002,-389.5895669611934,-2074.184923799098,-35.94738374292734,-1460.7656874940471,1100.184435571128,-8.314284350745728,-1021.2178469133448,4.3924674321691475,-0.0,-0.0,-0.0,-0.0,-179.97086834999376,-0.0,-0.0,-0.0,-1041.9900459552591,-1670.5690586879437,-0.0,-0.0,-290.38859731051485,-2508.206539975185,-0.0,-1599.0410380488174,-1881.2651995374147,-2300.367948584076,-0.0,-0.0,-117.61677229280225,-97.44333934970825,-1166.4865968421145,-1706.0264772522942,-632.2390261632414,-1496.8938122423685,-1420.2444237782843,-0.0,-0.0,-0.0,-0.0,-485.93736632630305,-290.1769350134268,-0.0,-0.0,-110.39702559362804,263.3194515350131,-0.0,-1416.9841382683412,-1178.6330339524418,-1225.2849435699852,-0.0,-0.0,-726.0254921753908,-1372.0699041860212,-851.0321471768867,-469.51481180591077,-0.0,-2519.114711526795,-2638.6637370393646,-0.0,-0.0,-0.0,-0.0,-0.0,-1667.8195790455327,-0.0,-2586.479689283205,-1497.1643744955727,-80.44901873335377,-0.0,-0.0,-0.0,-3096.397053197898,-1529.1121459448414,-629.2935825160963,-543.5100182954912,-1395.753850974977,-728.7592571163085,-0.0,-0.0,-795.3547999813308,-1576.5344797592518,-80.06024361865161,-539.6269986839872,-0.0,-998.8995226383347,-761.4596859557968,-2073.0255696589425,-0.0,-364.22633756891685,-150.7868237397197,-376.30935929488146,-1675.9808637448318,-336.7710216234205,-0.0,-0.0,-0.0,-0.0,128.9104292585052,-168.54640715006252,-1017.4719713655187,-1729.6727169216501,-1301.675797751722,-516.3676178918646,-671.8274468008773,-6801.04977889194,-949.5516897439431,-620.6175488340024,-0.0,-0.0,-0.0,-321.1451492813206,-458.84904502297445,-1442.0808008159927,-425.73797551331563,-0.0,39.17338853074192,-0.0,-0.0,-0.0,-0.0,-0.0,-0.0,-0.0,-115.36581743070256,1874.0612072047552,-0.0,-1723.242114506123,-805.1786745790033,-485.0939548120984,-1892.5910474976638,-0.0,-0.0,-774.3391120614913,-790.4240986034112,-130.06363147295934,-150.97089715802122,-160.74768624754395,-713.5197788763339,-182.65746577703678,-2145.0812826693614,-408.01808822677447,-471.6112312796366,-0.0,-0.0,-1712.882949390756,-3248.2259713498443,31.985447053433933,-595.4181169888096,-417.47040903926916,-1054.0556767006913,-1442.249246792874,-869.6256656984268,-333.8484797651356,-190.2976966952158,-1474.400507874843,-0.0,-0.0,-0.0,-0.0,-0.0,9076.634922341582,-83.17385187324156,-618.5287260945563,-781.7564484525378,-1242.9708734896121,-1366.9082882859034,-1494.9803303859244,-1863.9203456589887,-2151.4056833326295,-508.2251447731175,-0.0,-0.0,-1719.8264532759863,-0.0,-0.0,-355.2338391112005,-2232.4959490617257,-1405.5957713030832,-565.5243168195162,-71.91544661549587,-1894.7919873065737,-0.0,-1640.5136626800702,-0.0,-0.0,-0.0,-0.0,-0.0,-0.0,-553.8654495062298,-1501.6793056923434,-1217.7768743203708,-96.80689177926486,-281.07278299699954,-693.9370638638857,60.69884785442718,-0.0,-0.0,-657.1178274308913,-623.8402168141155,-4574.420367809534,-0.0,-1449.554194806049,296.0454538223955,153.08635658298272,-0.0,145.7825558662126,-226.6368178502064,-169.56222036284183,-519.9249696698707,-0.0,-2015.081899242348,-0.0,-0.0,-1246.8387726464232,-0.0,2776.771354365594,2701.429013108665,2548.3071446203344,-0.0,-0.0,-2075.620336261204,-0.0,-0.0,-397.42548899753314,-1062.2127449629704,-848.1422108215538,-1036.643800667569,-1231.3055575326994,-0.0,-0.0,-0.0,-0.0,-839.3806022876058,9.811067275105705,-62.14817543361676,-1191.279938347487,-1145.8450404440307,-428.6996135046741,-1695.6537611383117,-0.0,-2400.814238268671,-1244.532108958909,-1624.504978399045,-481.7311614412004,-445.594721677878,-0.0,-1476.8408533964464,-824.0925453929309,-1007.6483908529442,-2439.0330939040855,-652.0837230664725,1210.1552522540849,545.1012403123339,-376.9835397644649,-1430.1871064625434,-0.0,-1998.2771385069502,-4007.6415776254394,-508.2781687229778,-553.5792883915293,-0.0,-0.0,-0.0,242.79406956489038,-408.4644543204211,-600.2202679607822,-170.04640542958433,-545.3755595540978,-583.9437014966024,-0.0,-497.89563668343357,-1077.386467467697,-842.523111330634,-0.0,-2075.3931624693973,-5027.424255632356,-0.0,-0.0,821.849446592299,716.1177300094334,-0.0,-0.0,-744.175977018234,-1066.4961793866976,-375.07317496074484,-775.9277473327157,-0.0,-0.0,-0.0,-0.0,-0.0,-3091.292966613669,-494.5415436314002,-1870.3387728452346,-1305.3049455073253,-0.0,-493.0361134485542,-462.2877080656628,-0.0,-255.00449491483926,-794.4756752408828,-1373.0402438178107,-4622.714533224003,-89.79748438329113,-0.0,-0.0,391.5576858471452,900.0998099407028,-0.0,-0.0,-435.0123958793376,-0.0,-0.0,-0.0,-2923.056910803763,-0.0,-617.5453796919239,-0.0,-0.0,1970.2703095153668,2468.906755003725,2354.1747347472296,-0.0,-0.0,-529.7048260956465,982.7688568466992,-2978.06269312822,28.91675435100478,87.97327013125008,-2861.8340380579766,-123.26250908440477,-229.45751920517412,-745.7523020254125,1098.656757514566,3783.555416122111,-3421.259973014459,-0.0,-0.0,-1102.2387633886087,-1887.063692324516,-1364.321175574265,-271.44544680217814,-49.03926872950671,-0.0,-0.0,-0.0,-0.0,-2272.4631893957912,350.85346825400825,-0.0,-4.16030295342662,-0.0,-1889.382972623803,-2345.532305187578,216.98013183720207,-0.0,-0.0,-436.1580948856637,-0.0,-1926.5142423050575,-109.13219605362308,-1320.300669049009,-516.0366829929699,-1354.5465056039375,-757.7757450549329,-1308.5441828018934,-788.7608717509531,-0.0,-0.0,-0.0,-133.1067694842534,-0.0,-0.0,-304.55439771134536,-435.07085577978705,-757.6700596688958,-0.0,-1571.99934524503,-1215.5849481827795,-1021.8028357112714,-8.443790231789125,-8.630770027828893,318.53326800034836,45.806768237131855,-0.0,-0.0,-14.218131501099425,-2036.7075110439068,-709.6997309877221,-1105.2303815486682,117.72704918690309,-2510.34223398626,-2093.208521618019,-1100.198520615417,-1231.2703266977715,-51.962783710714255,-669.4982364908893,-812.811793314504,-1450.3289598214462,-2342.2434162229447,-0.0,-2343.9003733870136,-174.45480132152278,-0.0,-2875.4790230087824,-3074.619381890739,-2684.740637522221,1765.4390432706907,-0.0,-2024.8685891137018,-263.7794912962086,-1427.0297535859886,-683.0939059824532,-137.1921129407395,-2531.810650240514,124.57903941776766,1913.307039852311,-0.0,-232.08271578926843,-469.7006043905035,-1248.0868342523977,-1354.5037094320242,-1998.9236391480788,-4684.150845305175,-0.0,-652.7753043341606,-1501.034183416415,-790.1624010876924,-276.8645230061036,-31.828498565486694,-356.9623463763003,-0.0,-0.0,-0.0,-0.0,-377.7284297589024,-1451.9530141635762,-1005.3099375742294,-73.23716386590729,-658.6341602269958,183.65965289886336,-0.0,-0.0,-995.785477441241,-581.9912652849911,-0.0,-2450.841100058696,-108.26149271710202,-1484.9456227589396,-0.0,-232.44129950171168,-226.19045486691135,-0.0,-0.0,-526.6050000950404,-0.0,-0.0,-4722.0175306832125,-220.04930182979442,-2857.6092105457356,-0.0,-0.0,-125.44651649670402,-1697.1239606401157,-695.790422295259,-429.42095515114784,-1690.479626370966,-0.0,-787.2604793868171,-0.0,-610.3343801719432,-0.0,-0.0,-227.1700445444312,-95.34336710145877,12.73088418184695,-451.2200162907052,-1626.006618767389,-2401.0192579242457,-0.0,-0.0,-0.0,-28.639516768770118,-428.4007902931615,-0.0,-1857.401138104002,-3306.460266816612,-0.0,-0.0,-64.96376911633506,-1847.0298916856864,134.3569537555625,-0.0,-0.0,-0.0,-0.0,-537.1771558529772,-2422.734545342413,-234.09747280430847,-1568.0895639799483,-0.0,-0.0,-739.4625551000689,-544.0115710676889,-388.93778027929153,42.382108210820846,-0.0,-0.0,-0.0,-962.1169351816241,-746.8743420847477,-577.6256165502851,-365.6559684691338,-0.0,-0.0,-0.0,-0.0,-2655.0599299960254,-94.41822540811707,-26.95286450946924,-0.0,-0.0,-767.2566678842471,-415.9377431053245,-0.0,-2158.9811231318604,-5114.424668587784,120.33284303869652,-1340.7279803809581,-0.0,-0.0,71.365450898264,-572.6521264242828,-2083.7764028594156,-588.4273858722704,-3302.200052202668,-1434.3094900438289,-869.4747736494224,-1630.076578362376,-0.0,-0.0,-0.0,-41.707441395650385,-1428.55124996892,-0.0,-0.0,-3430.477415739413,-91.61924374286417,-1592.0834496458067,-883.2913264810418,-0.0,-0.0,-0.0,-0.0,-0.0,-0.0,-803.3570285172472,-0.0,-1793.7463652702045,-0.0,77.95750769368351,-1502.8867787792044,-0.0,-0.0,-0.0,-2528.6388276852044,-0.0,-0.0,-581.1392942606793,-0.0,-0.0,-1188.3120260450487,-655.1075806052985,-0.0,-0.0,-204.87633383974753,-2235.597254263499,-0.0,-1255.0200766125022,-965.2955397565364,958.3807761308324,-215.2474704257279,-0.0,-642.3893432724758,-2.5215978956117993,-0.0,-24.933575649086077,-0.0,-410.21502610454985,-0.0,-0.0,-0.0,-0.0,707.0482009140377,754.0050773963046,-1010.2044396723143,-1809.982554962619,-0.0,88.0792427918066,-4.542813888519694,-95.31507117959515,-1050.4904940839333,141.8869401252687,-611.202619531692,-462.81462279308454,-211.57584347914258,-3820.890809069069,-0.0,-263.37510111756586,-2025.692404868505,-2831.4192034628586,-0.0,-1284.0310480798437,-1943.5874867747814,-2360.157130187002,-848.073847015533,-0.0,-1035.7923457289837,-828.9712317544411,-902.8971401039493,-1413.1014155781697,-1123.9224685724962,-0.0,-142.5393629651295,-1519.3205201500534,-0.0,1350.6794012409807,-439.84275373899396,747.9338668453598,-0.0,-0.0,-111.41326506543156,-49.08769542118803,-2721.110812053607,-1047.1482353049553,-0.0,-1110.863419597825,-3574.832196606972,-1040.9489516014178,-986.4141140312594,-1335.8514627902784,-452.41476806052117,12.815972057541844,-45.76509926339743,-0.0,-0.0,-1101.9440692603416,-86.33709194279851,-0.0,-0.0,-2210.4318796886214,-775.2033800920642,-701.9071862108225,-2191.541755120763,-109.50514355861922,-20.339228460429975,-2953.9583666766275,-1019.6945409422392,-705.3087354747067,-1188.9978976786604,-0.0,-2505.9735869815618,-499.55100449501873,-1482.0780578956405,-1848.0222608562976,-436.8262064805381,-604.3212354883952,-1959.4634962478292,-539.4499835713061,-0.0,-0.0,-0.0,-1534.729381900122,-0.0,-3873.2090213257,-1352.7253783104004,-1695.4758827831877,-0.0,-0.0,-0.0,-0.0,-0.0,-151.4393540265876,-0.0,-276.2867187951052,-1074.9241975384248,-422.5973070439291,-0.0,-0.0,12.315692615849725,-0.0,-0.0,46.49451309371878,-330.6685845972716,-0.0,-620.0641436382747,-0.0,-0.0,-95.93314442952558,-13.226846870284835,-2933.4580764982725,-2546.3727910680564,50.444297163876115,-7230.835207096697,-1029.356410688271,-661.8187775395176,-0.0,-887.2927755551941,-1571.733680222812,-0.0,-0.0,-0.0,32.75571363306081,-0.0,-1616.5379277779434,-0.0,-1615.777215860538,-0.0,-0.0,-2675.1281797474753,-420.6128644862214,-720.0368524465291,-0.0,-0.0,-0.0,-0.0,-311.12998227614435,-709.2748488600555,1420.945063429086,1136.7475672023884,-796.187824073622,-9.763270419359298,-0.0,-336.43162847058727,-366.0510351183811,-1974.0926831094084,-626.5471247335072,-133.22154933979348,-1159.3781029711063,-1610.4218881388697,-1047.6435936374721,-693.1762368847012,-0.0,-0.0,-0.0,-81.45077624692479,-0.0,-1926.7551271809227,-752.6795835610009,-0.0,-2046.280010139808,-1273.2402200186293,-0.0,-0.0,-0.0,-0.0,-0.0,-1149.7221003885581,-0.0,-319.0213310464477,-1886.6347341558596,-0.0,-1206.6839298503508,-0.0,-0.0,-0.0,-2974.5430006461806,-1464.831481575089,-1095.5848022068342,-2587.277945680389,-0.0,-0.0,-0.0,-92.26037891479629,-568.5252384502182,4.265228786676247,-465.14468619040935,-332.986037487607,-0.0,-0.0,-382.40989026443174,-1726.5833038396195,-3918.8897343403346,-0.0,-493.5067978110882,-1383.0860505676571,-475.3798985057853,-540.7531642108065,-0.0,-0.0,-0.0,-1998.6209113482578,-1943.7548816474994,-45.530057572881326,-1905.4074527599882,-647.2978615828996,-461.93083092421404,-8.680834939923484,-1397.1058468786553,-0.0,-2265.0547776985077,-0.0,-529.6329186232515,-0.0,102.78463486770748,-0.0,-0.0,-629.2464657709157,-1008.6229897409779,-9.119104029153863,-0.0,1339.9403673571574,-0.0,-0.0,-2064.2325892316794,-1853.1004661245156,-1226.953974058828,-0.0,-466.6599540860967,-768.6736685280848,-1734.3327001344087,-0.0,-0.0,125.00829656474464,-835.8961467377547,-0.0,-0.0,4.725756228797871,715.8969206530138,12.417466196576976,-1662.9395701059368,-0.0,-0.0,-1874.2527008017419,-1923.295839263999,-92.0303208394859,-0.0,-185.27165273200492,-853.9966302611157,-1138.8911011465989,-1945.9822936235496,-0.0,-1066.3131085528905,-7.224714077179415,-0.0,-1784.6689307168717,-0.0,-0.0,-0.0,-0.0,-747.6508186600826,4.495468175236242,-17.721925851782668,-0.0,-0.0,-638.8519097923995,-0.0,-0.0,813.3985447782815,-1220.3514503484694,-50.849748402008125,-2428.3012331888494,-0.0,-0.0,-613.3754257178292,-0.0,-340.2480667633271,-1345.5951909297178,-1168.3312405649713,-1192.5442151654136,-0.0,-0.0,1597.5996257612073,-0.0,968.3287919430463,1070.5775102460148,-44.11490342184347,-892.6021698025233,-0.0,-0.0,-126.43304863694202,237.68338122184556,-910.3853339452371,-421.15023247415553,-1306.2180118474942,-2982.251940870524,-2277.6082591824434,-0.0,-0.0,-294.02655533171526,-6328.746734339068,-635.3159466535826,-578.0490502476522,-0.0,-0.0,-649.2120204740831,-0.0,-1105.4819219014175,-1587.6757372000304,-741.0572624223753,-0.0,-0.0,-59.053394838028844,-0.0,-176.07956412768175,-1395.2403819179285,34.517937207298615,-788.5170203172806,-521.3385180843128,-277.8798639292196,-782.8348498238312,-2802.832951498503,-16.793932799208168,-1363.0547388135049,48.24273595854045,-1210.8658409440745,-301.88885199931167,-0.0,-0.0,-227.28645162818248,-0.0,-0.0,-1945.9242674150096,-717.1571354280817,-0.0,-863.4410766461224,-638.4224215095404,-0.0,-0.0,-1791.7709305862484,-879.9335092127712,-1641.4634964230952,-1695.2177803368138,-0.0,-110.2136036012882,-3181.764726815723,-1077.1474525990052,-353.77565044272285,1840.5741775588583,-1940.9429116202577,-1443.7212451032865,4.17520697208232,-941.2602662929941,8.747614461579294,-2029.3265142724097,-0.0,-3560.191806299991,-900.5935446404397,-0.0,-1946.8804480181486,-1697.6610926934052,-0.0,-224.9993583230887,-943.3582427864839,-1124.7190103493085,-1732.40013899993,-859.640142967326,-524.1756935190797,-649.6490915991625,-0.0,-171.7743746853134,-0.0,-2852.8713393257344,17.885980115842425,-3726.3558503540366,-892.3491106852248,-48.24632065143003,-47.9918540716879,-1531.4930484536571,-1066.1992158888193,-0.0,-538.7420804418332,-0.0,-0.0,-739.7520015463678,-0.0,-0.0,-0.0,-0.0,-0.0,-0.0,-0.0,-835.507056475025,-529.8867649505692,-2912.406250913764,-2912.279940373039,-0.0,-0.0,-1345.2860164137737,-2185.1072596597837,-540.9691317026138,-229.28679648042018,26.39863510898251,-0.0,-1515.1632531839798,-0.0,-2762.8577728367145,-0.0,-0.0,-0.0,-0.0,-2060.876290804318,-259.5155503162408,-579.2904957983706,-1278.6507939983046,-1388.6934075002966,-1169.4640406159306,-823.0537771157316,-1343.0051958599477,-0.0,-0.0,-0.0,-0.0,-716.1187256005609,-490.36664230988066,-1648.1788138305687,-0.0,-814.2364684502692,-6054.400266142449,-714.5346465006597,-875.7168599724969,-3776.91986148916,-835.432339332078,-0.0,-568.221741506124,-569.3946530312068,-1276.2167677545167,-747.9266217526869,-1749.0255177281088,-1835.7493676804131,-0.0,-0.0,-0.0,-0.0,-1668.5585535778437,9740.360307655183,7238.926413114199,-0.0,-0.0,-0.0,-0.0,-2360.3502127012557,-1100.9132590236204,-82.0471945242965,-1691.289097317794,-850.9576515786028,-0.0,-0.0,-0.0,-0.0,-852.7249182461215,-0.0,-1926.5950641527513,-293.1017946635332,-0.0,-0.0,-0.0,-0.0,-123.40402379840359,-535.8068162767613,-477.4311641594405,-967.1616227321825,-1077.522259589522,-1287.1789624195578,-1056.876441276123,-358.97674088723676,-1564.0463234128258,-1859.61323214188,-1295.6187896986862,-1847.6597797371242,-42.279151009806945,-1407.1938909375838,-1069.0442226061182,-998.7805618422217,-1703.0936808420743,-345.4890303065622,-2903.469009792783,-1882.8842020136078,-2038.0736747093604,-684.0943700203698,-584.9746870981718,-1346.9306467743952,-0.0,-1087.1644180427459,-0.0,-3628.854371544614,-1009.1762469697281,-359.76482689769796,-1829.8461649755457,-1684.6059943637065,-1271.340221350919,-0.0,-0.0,-0.0,-0.0,-924.1287967711107,-3517.3285811302853,-1911.079985374876,-0.0,-0.0,-1129.8812763909198,-0.0,-0.0,-1256.7059934338768,-517.5432725272109,-1055.9560670028002,-590.8597618842923,596.2658091824536,-1264.434742492751,-709.2111166894997,-1901.0014521137882,-0.0,1481.5868291943925,-0.0,-0.0,-1148.7777405619731,-5651.984166356095,-0.0,1635.5984139841412,376.376979837655,-835.2707795300927,-260.28220133947053,-0.0,-1933.745677126655,-1139.804713465885,-2597.790009322969,-2264.3381396847094,-404.4369324953329,-0.0,-570.8034808583143,-210.33163636037213,-0.0,-1315.1202239105337,-0.0,-1979.315636515362,-2799.3695084326364,74.93994980808947,-2591.0755310664613,-2171.0991728544673,-0.0,-588.7606784139864,-1495.7988924246163,-2509.4700527341624,-0.0,-456.02606843098,-2748.885652120915,-1035.0014234381701,-911.3392798021783,-1069.286457425538,-465.69139035372183,-971.230244086532,-1674.0240307603851,-0.0,-1081.1517592541961,121.32767187492402,-1355.9195834868679,-0.0,-562.5404993209236,111.10322596335828,-1168.1800858329009,-712.6412337140986,-0.0,-588.3221242841562,-457.7869623504474,-2008.9921043654283,-1282.048708866071,-1853.0927057453825,-978.1878786511803,-776.1298163123399,-1115.7054956967042,-2163.145122395259,-25.385590752094796,-0.0,-532.3834874836527,-750.1709666725158,-1457.7288052054857,-2298.1961781720865,-377.2789788334982,-772.3513545988104,74.026999620165,-1030.3324608521268,-1306.0302293730128,-1005.7724777841333,-0.0,-994.9496076649693,-63.97777344013909,-2676.2723557073286,-0.0,-497.49696862341654,-991.0200649024155,-568.2494167691139,-2751.4820716519766,-201.06187220269226,-1763.4030857414198,-834.1587311608625,-2717.2404018337093,-0.0,352.6304525307971,-0.0,-0.0,-353.8531359786263,-0.0,-0.0,-4198.08981162254,-34.20987426535414,-46.18704021527796,102.49569182331886,-1537.7361438056691,-0.0,-0.0,-0.0,-0.0,-0.0,-34.30709846400855,-0.0,-378.0227490247054,-0.0,-367.0628591516111,-1834.4124873918513,603.238629980037,-3046.2424398068,-0.0,-0.0,-0.0,-0.0,-0.0,-0.0,-0.0,-0.0,-0.0,-3058.758138640873,-0.0,-3140.783764121493,-3246.439930869997,-41.804101413856756,-0.0,-0.0,-0.0,-0.0,-977.5949230180096,-1197.886996237471,-0.0,166.59608307228862,-695.9009444322398,-2267.036226516967,-727.1272665471681,-0.0,-634.1186470595716,-1098.2073035323453,-0.0,-0.0,-715.1664689947976,-898.8875426490063,720.0107862197997,-571.8142172718655,30.18404884208494,32.00059038737134,-0.0,-0.0,-0.0,1917.9556174309903,1502.3163716991885,1642.6895392502174,-0.0,-0.0,-0.0,-853.641643263981,-0.0,-0.0,-979.0482373488004,-83.546473097584,-465.54662237099836,-64.28393269808284,-1227.602057004471,-857.1609856113378,-1458.472547456573,-144.7436844020015,-298.5309926046772,-1283.3322759255607,-0.0,-2573.2787906902145,-17.070960589720567,-1025.173095920518,-939.4297302058854,-18.754936603224458,-0.0,-1331.4164272723363,68.95402510096676,-0.0,-0.0,-0.0,-0.0,-0.0,-1606.7651158982942,-3922.2722542086776,-0.0,-746.543062647526,-69.12557068215584,-0.0,-0.0,-0.0,-516.7979974528408,-28.76464598142095,-0.0,-1412.160664463897,-767.9810086408518,-0.0,-0.0,-605.0134568580013,-0.0,-0.0,-1866.8555653887138,-1652.4851507535036,-0.0,-955.6027093405398,-2295.3215820590694,-89.62394909973881,-0.0,-0.0,-294.10453841371367,-907.3503083616528,-272.04781169521124,-207.42122179663733,-161.97282143402657,-0.0,-0.0,-0.0,-1371.8470106938532,-1189.8467824285149,-2434.8657517376478,-321.17426414527944,-1491.190028225118,-121.91753244843689,-190.10884662119943,-561.1381509998154,-2079.688223341465,-0.0,-0.0,-1748.1548089438159,-1956.5702688170134,-0.0,-0.0,-0.0,-679.5925668087178,-2211.905593119731,-3812.095123940427,-0.0,60.35499549877622,-212.58056191133645,-732.9193779250803,-675.4314886156927,-2243.5144770611328,-0.0,-1724.458957647523,57.93242895050889,9.586024390014448,-298.81401808540824,-0.0,85.85117839534267,-312.1632245673436,-519.8027048849304,9.33101116649036,-0.0,-0.0,-846.6062118428806,-13.141259372206584,-0.0,-1542.5781035240636,-1059.5482907007718,-1361.7164446262477,-918.4406020072547,-1415.9501881921012,-1723.8869441531378,-0.0,-0.0,-0.0,-0.0,-0.0,-419.3183850971016,-699.1898915818958,-1369.7243101298739,-1471.7972789320138,836.2557774208196,-1682.186557078901,1873.1480196606585,-0.0,-2411.4530805034647,-1889.608723512375,-897.5469414577661,-35.34095771663199,-122.34194092149743,-2475.6613210232526,-246.95528061352215,-0.0,162.92943443495898,-1072.626590064172,-0.0,-0.0,-630.3127831739012,-427.19808001917863,-475.7261828196425,-1359.9051461952913,-1776.5143996893926,-0.0,-1692.5242200774724,-1408.5940135678604,-5149.976276953167,714.4720494688041,603.1257392554136,788.4012836738439,719.8719653771016,-0.0,-0.0,-0.0,-0.0,-0.0,-0.0,-0.0,-0.0,-654.0359150189913,-0.0,-53.79905378839246,-48.695681859922225,-0.0,-1234.8267079344414,-1475.5337384323932,-2171.770192777013,-0.0,-0.0,-0.0,70.32111659526079,-3643.7906578880293,-707.6414235887034,-3068.954460255994,-1976.837054406448,-0.0,-0.0,-182.990358827157,-1433.0969842193638,-0.0,-2532.339686660929,-777.7148052441155,-0.0,-0.0,-0.0,-2381.152011070272,-0.0,-0.0,-0.0,-0.0,-0.0,400.1236117918381,-0.0,-0.0,-0.0,-1075.179839784896,-0.0,-0.0,-0.0,-0.0,-0.0,-0.0,-0.0,-570.0403755752257,-1126.8306996974957,-1529.5766362209094,-1774.5077315361057,-639.313371872957,-1248.9476663906923,-38.66678408318704,-0.0,-713.9189753558672,-51.638377948566685,-0.0,-0.0,-0.0,-0.0,-916.3945220686999,-0.0,-611.7977456225689,-1478.6278831631334,893.0059334535231,727.8467683708716,899.7559417439024,786.8266571726388,818.1679283905531,-0.0,-0.0,-0.0,-0.0,-0.0,-0.0,-467.86305428122404,-0.0,2350.8115707800353,1101.5319817398006,1293.3928579157127,-0.0,-0.0,-1466.5614681609902,88.04514063038164,-67.18289004041817,-2522.97489327574,-0.0,-1884.0041175249664,-0.0,-0.0,-0.0,-0.0,-634.5329877940562,-0.0,-661.747148670636,-658.0692587188565,-377.8396573754933,-0.0,-16.20094640637977,-0.0,-910.3439239194303,-0.0,-2586.333682930249,-626.0192609233387,1859.3736525871898,-2340.4686317910327,-958.6114505565881,-82.0240039096629,-939.9271844121205,-0.0,-619.8086132380486,-86.61156545262307,-2629.1149048364837,610.0358123837891,103.38828736982636,657.4962672268103,1347.0580283064446,-0.0,-305.2208187380532,-28.757259933871147,-1353.9470891578496,-1137.2256645282419,-1609.4286126700708,-1983.5182627072484,-0.0,818.3615421384902,-0.0,-451.0800865500542,-3002.950690186157,-1338.5036988946197,-0.0,-1601.798327344119,-466.34789648048854,-676.6624583539345,-743.5689496774027,-345.49804178766834,-1518.4491349289756,-0.0,-2164.196351772927,-495.4429898619558,-1577.8449197149305,-376.07567098688213,-0.0,-0.0,-0.0,-0.0,-1336.5290636167276,1197.3834198307502,-1156.1801438831487,-789.2203463106963,-0.0,32.77934305290729,-0.0,-0.0,-899.4885823536323,-748.6162517132391,-780.6170427699292,-786.9509498081259,-0.0,-0.0,324.78445363001333,296.9025125991987,659.216215346018,-0.0,-652.2826328260983,-2057.723225591693,-1397.5380122388244,-4.629718980841104,-1738.098067017417,-0.0,-0.0,-0.0,-621.858256941217,-1074.4969024058519,-0.0,-1523.5343146445093,-0.0,-3091.52677843583,-4220.175497393772,-0.0,-24.419913298342717,-0.0,-858.2589270253252,-0.0,-0.0,-0.0,-2285.0917590316376,-1118.4534186098804,-665.7605243109166,-870.2613352308309,-0.0,-0.0,-2514.5569996449967,-0.0,-636.7969068548867,1157.797047968539,-1143.0943903112754,-882.5857955193495,-672.7509880314647,144.37917537760552,-0.0,-0.0,-1453.1481773498624,-0.0,-793.8798742496627,-81.41239547009641,-425.6665754518563,-347.848082033897,-0.0,-0.0,-244.15793041794964,-742.7728000224137,-1152.673155855194,-624.0734288207344,-1164.9768107163968,12.542720671894408,-0.0,-144.93733327300328,-2072.934308496085,-1343.6256489588125,-0.0,-0.0,-0.0,-639.7948600242212,-652.1388642326741,-1487.920142477725,-0.0,-0.0,-0.0,-0.0,-0.0,-1645.8768381993275,-780.3010349965148,-0.0,-609.2149662412975,-0.0,-19548.541446207797,-863.7876611224714,-134.50717146310672,-768.2876551970653,-0.0,80.88548470045639,-1297.1833692137368,-2693.9655057763202,-0.0,-0.0,-0.0,-831.180290035613,-519.0273923212832,-1096.5744018162272,-1035.618499144342,-584.2945431698721,-0.0,-0.0,-1794.005375023806,-616.0308140637313,-2550.5671345940536,569.124239766874,-2331.9808006515864,-0.0,-0.0,1911.3932240962445,-1695.2719626664825,-0.0,-237.02892058538256,-409.5583958065646,-713.1213910315391,31.29142670577485,-831.1976511774118,-0.0,-0.0,-1314.6831012696273,-1563.5926223500585,-3195.7880700718783,-0.0,-0.0,-2464.757665795324,-881.484654205103,-945.1341616973249,-2555.26567794606,-1715.2219885197776,-0.0,-0.0,-1231.8490816450262,-0.0,-83.28652464106932,-1697.7361836339028,-1829.6938128462393,-0.0,224.21655510358036,-819.0196406585233,681.08788027662,-265.7713072306449,-270.2682090237616,-0.0,-501.11407949393555,284.463778767988,363.8002218135194,-424.8203929664901,-2664.7809669872304,-2095.915174446,-90.97268669310041,-5327.801493602555,-713.0589174320901,-1230.341720031973,-53.28441037544415,-3849.776839214953,-372.19129754817277,-731.8790791019364,-294.8437643906042,-2042.1311461981093,-1171.324244571173,-3528.1946756851344,-6084.518631033736,-91.1817417050318,-748.1121217314289,-1643.3533776747206,-1338.8366222512857,-0.0,-3613.952926721898,-0.0,-322.8180050121742,-1901.3179364801376,-1338.641680061325,-0.0,-0.0,-986.4696188091893,-274.7763781724252,-0.0,-1571.0445287636371,-0.0,-823.645959346598,540.5787465426488,-2491.6123056998363,-523.4556373145195,25.84496860880133,-14.445272569766454,-0.0,-2231.7106815124007,-636.5795983283475,-0.0,-150.21503321087215,-0.0,90.65614658555701,-177.9289404944444,-0.0,-445.7395062551751,-1514.779420942573,-480.60044079672946,-982.1658695566421,-2133.6824333856857,-0.0,-4021.659921790131,-1903.741226768658,-3069.0661715771066,-2548.5712384828425,-92.54559289610914,-259.9128056658976,-626.0606998357001,-1466.2804611026631,-0.0,-0.0,-1287.8369732035478,-202.21821106524328,-0.0,-92.22002104720075,92.26657340112352,-2436.214266585931,-0.0,-0.0,-1276.3041309046982,-0.0,-96.95740885334538,-0.0,-57.05091069458832,-171.5737821753722,-0.0,-431.91764897509825,5923.229950508549,-0.0,-0.0,-2889.7062036205707,-760.0998296568617,-252.85578667002352,-0.0,-0.0,-0.0,-629.0160050696979,-2273.4103870982003,-0.0,-0.0,-0.0,-2236.8090493653635,-0.0,-0.0,-0.0,-1642.42093858768,-859.1140067250536,-325.95017466464225,-464.1715581785913,28.73843355868581,-738.948320361655,-422.322181907221,-211.7086094111823,-2600.127290835081,-0.0,-0.0,-1325.8316739268244,-889.2468207090062,-2787.013188524291,-0.0,-0.0,-2549.697001793026,-748.6613554800293,-1432.7550354411653,-413.207489797248,-714.4200802862788,-2167.7017221626043,-864.8843535941331,-85.47694426517218,-956.8894986031111,-2354.243543525217,-1690.7309212749456,-1396.5909836694673,-0.0,-610.1519508934756,-0.0,-1960.875178354804,-415.9118495786693,-217.43996324935713,-776.8868191537172,-792.1317499287728,-12.978941755849688,-0.0,-1186.1046837385525,-629.4333217717463,-49.103447487465154,1587.40469027262,-83.55276307721203,-0.0,-782.4996324987221,-552.1494623049772,-0.0,-818.5951715521651,-1738.4023892695643,-0.0,-0.0,-0.0,-0.0,-482.00336624521645,-970.8436093591263,-382.45280009168556,-536.1775077666655,-387.9400711351034,-1775.6630650044185,-807.263241337872,-1384.3225492813074,-2860.4032384353136,-1936.3134468941678,-0.0,1085.9527269221076,1037.6573689780791,645.8267338545689,872.4330723233269,452.0308415609901,-0.0,-0.0,-0.0,-0.0,-0.0,-0.0,-0.0,-0.0,-61.24125346871857,-936.3895638103439,-545.8402591741442,-296.98058330079215,-1187.3696995086814,-112.72657358082542,-386.49275040791497,-1265.3332827923202,-293.92785429601537,-2117.8670447869663,-899.9791911175108,-83.8032830736373,-424.06273978488156,-28.97369604300344,-0.0,-583.6745415287078,-174.96538001478564,-258.3540714388527,-840.2958502329885,-321.5815091308942,-1764.399293224844,-341.8317435936203,-0.0,-0.0,-2195.9701038123267,-565.871832620188,-376.66343937446624,-545.3024145311169,-1081.7413380992161,-448.20728310988306,-423.0053426814102,-0.0,-748.8868239335491,-853.7136957335337,-761.3459096950985,345.9099492679428,-1518.0957037194582,-2183.340721084916,-209.06911282778557,-803.1696401569535,-816.1343922754675,-13.850692337521686,-0.0,602.9309889748664,-900.7637969033703,-37.717255241878426,-2121.3236658454807,-0.0,-0.0,-1244.6728216570104,-500.722841621674,-0.0,-586.5940810857982,-725.7302708291712,-886.561978520518,-0.0,-768.3877080229086,-557.5440611055103,-2362.210598637117,-4672.951477031011,-434.2236837304052,-0.0,-98.211020159278,-455.7729118955937,-1772.2077273288808,-246.4797198876359,-621.7930488312627,-819.6568902664836,-767.2286159651806,-365.5254684443094,-0.0,-0.0,-1762.4900316096598,-129.58299681351644,-474.3811625180937,-796.6853502798115,-1333.66259803198,-2777.8138078919574,-0.0,-592.980592299951,-0.0,-0.0,-0.0,-0.0,-0.0,-31.949359273062118,-179.13537313075534,-389.6282817182029,-0.0,-0.0,-0.0,-0.0,-0.0,-0.0,-1075.069127431869,-2217.087074505909,-420.23569089559805,-593.2754305086047,-41.80703449627034,-0.0,-0.0,-425.35794260884353,-0.0,-0.0,-138.11251963240989,-3169.241524379815,-0.0,-0.0,-1697.3206843595415,-629.2290341168839,-1115.860954780808,-1168.1520071664947,-692.5275169522125,-0.0,-0.0,-1277.291709156286,-2081.584422910883,-968.061167387953,-0.0,-1182.0549557447114,-0.0,-411.8159585608512,-828.8131103842776,-0.0,-764.3785768501339,-2054.6397029847317,-0.0,-1905.5505341292846,-193.70561254826407,-588.0707598729779,-1441.7421163518118,-207.3210176645712,-1339.4613031800768,-0.0,-1188.0614119047416,-29.371280489278256,-2128.666357090801,-2068.621799342774,-0.0,-0.0,-0.0,-0.0,-773.6018580514545,-818.0850630503062,-0.0,28.898276761604112,-403.75313369113536,-843.0653860700544,-2364.934634219027,-2524.2175725910683,-417.02404098314923,-0.0,-1401.4059512507492,-818.653900658366,-2087.581513393935,155.21149629586017,-0.0,-3986.89217426957,-701.1149110406302,-0.0,-508.927830465648,-1678.664438023602,-0.0,-0.0,-580.3391556304072,-1408.8668452318145,-0.0,-1083.876842384554,-1403.0598371780975,-44.49608928492278,-90.08292449138098,-575.1397271363672,-0.0,-1584.7024115130896,-2800.0371641552106,-1317.87586963489,-176.09454517866294,-2261.6822833282745,133.49916067184742,-1017.1670321814674,-588.7981139770903,148.33379504722527,-939.4470756593939,-1590.0521785727083,-899.5895730896672,-1639.7699429017,-487.8464513471168,-643.2524268311212,-764.5546491941661,-1799.112238242287,-0.0,-0.0,-1997.3288226128113,-358.6160344929676,-0.0,-1613.140680169182,-1267.5720538462879,-0.0,-3138.816873658344,-600.7353870795596,-0.0,-769.2477938466589,-0.0,-0.0,-1228.968681036779,-1295.2844661793679,-0.0,-0.0,-0.0,-936.017442661513,-4.8994142032273,21.41073886617763,-269.9945309593548,-0.0,-2271.161887556695,-1793.0087515954617,-609.6622942588338,-2256.150490268536,-0.0,-61.20386712494915,-960.8921852150575,-0.0,-462.662830164977,92.5805711193526,-1599.7260985420196,-1053.300579716668,-768.7503018357862,-1354.415237897066,-0.0,-0.0,-0.0,-834.1527929904702,-0.0,-443.45152856269544,-1019.9703363983566,-229.27571781184758,-1258.1828081769133,-2101.6622508922546,-553.1989254053365,-2051.037315402309,-0.0,-1221.6708036274315,-748.83643907743,-582.8109684133176,-1253.0952289331203,-349.2935819400997,-566.8848258110785,-1429.1104853236432,-0.0,-0.0,285.92102546124454,-3042.709124409196,-1085.8574154772145,-303.8771498451898,-0.0,-343.25398925289437,-540.8797835264066,-769.4096937016536,-0.0,-0.0,-918.7211676407945,-0.0,-24.35714975489785,134.1848128998586,-142.47343803563476,-2288.1934581001033,557.0206547330934,580.3866419951206,487.70025457701126,648.3534762745652,51.80985267654561,-0.0,-685.6050649669951,-823.2469964772384,-394.0427022638841,-10.787374159720462,-0.0,-0.0,-0.0,-206.68823943713585,-13.340411574561305,-1158.7766881196285,556.2673744918811,2630.140411070495,-0.0,-0.0,-0.0,75.90922752074336,90.15855053961212,-0.0,-3340.333226838184,-0.0,-0.0,-0.0,-0.0,-0.0,-2432.0029558763054,-304.52607735691896,-0.0,-466.6016247118585,-2182.2009726719143,-182.56165361998492,-355.4853464236934,33.61849454485789,-2057.8605959431097,-4096.333310456393,-1815.8591134632334,-0.0,-0.0,-1781.5067301591155,-1104.1259157501706,-785.6561728320036,-521.7132780490216,-368.52585586354894,-1060.1286392780414,-1093.761263061214,-5352.171993039627,-653.7076967089541,168.12003416933095,-843.4157958015587,-1001.2437158832064,-703.9226807776038,-694.2526561929757,-8.339359650831117,-2068.8943963486863,-887.8382990393782,-593.1566574708443,-0.0,-0.0,-0.0,-0.0,-272.72400851341285,-1319.400013834507,-0.0,-1431.5375928421392,-1518.2901387429295,-0.0,-0.0,-1581.2028108029963,-0.0,-0.0,-258.9269937786184,62.152203401562566,-0.0,-0.0,-3206.563738528677,-1251.9474891000605,-122.03244760177692,-1080.4752821222255,-1321.6447242203053,-0.0,-345.2815926458586,-532.0411298294952,-0.0,-1664.3094938607173,-394.20494663253714,-1111.9690181621438,201.09826732974835,-924.052075826063,-246.04559952923952,-255.56656637054382,-59.496954254975925,-41.31983181855156,-686.8640602362024,-879.5948760291643,-482.36917144068036,-894.0284555034299,-0.0,-60.546922895821815,-795.7041303783897,-190.4651822057137,4.5923391414916805,-0.0,-1272.7372592089243,25.899916272661702,-1203.9180690002486,-0.0,-0.0,-0.0,-2141.206800887925,-0.0,-0.0,-94.28882178333201,-0.0,-0.0,-0.0,-0.0,-0.0,-0.0,-715.3424364535394,-1505.5175247150635,-0.0,-0.0,-0.0,-0.0,-1047.7563536692662,-559.6324478344895,-0.0,-0.0,-2034.9060834599059,-0.0,-1480.0223174991772,-2972.0428933026164,-0.0,-0.0,-0.0,-579.9930793810537,-0.0,-0.0,-0.0,-1113.924561423799,-760.4407562539603,-733.5635818702908,-0.0,-0.0,-261.8923004946061,-0.0,-4310.7038533518435,-6200.091190204874,-0.0,16.449641870007117,-0.0,-621.1651411792363,-831.6008554422687,-2069.38470982667,-0.0,-0.0,-117.35233430589197,-783.8586832422078,-1521.3382998758825,-739.4036252320471,-440.72697140305024,-0.0,-0.0,-1176.1916550321323,-1208.9577074651395,-50.92102909366174,-0.0,-0.0,-760.6825497637026,-404.70672174020984,-92.0689644894192,-0.0,-0.0,-0.0,-2313.494593913288,-426.1487224155703,-1438.4863273339606,-4648.255658610093,-0.0,-954.7038294605434,-1239.3990815942818,-2563.176636046564,-322.7975216260596,-0.0,-0.0,261.69521153929276,-1311.1514565745592,-1824.219065405165,-544.2896363002332,-142.4221527831461,-28.764770279083617,-2043.6384869852345,-508.9969589507237,-1803.6816207196111,-751.7752136205353,-2568.323227628137,4.128608254746905,-1040.666681893709,-846.1084649299647,-2195.34884612178,-0.0,-0.0,-860.4433056354179,-1920.6571514576315,-2007.353519360241,-1109.6883329706202,-0.0,579.5652624608758,-69.62435185990343,-516.1053341953685,-0.0,-24.694127598644094,-0.0,-3082.3098964762085,-64.8505229753177,-0.0,-0.0,-850.3569154769759,-1196.6739545243786,-935.4906605529183,-329.1089471698311,-717.6843677490554,12.70180712157243,242.0996825120285,-886.3913885657388,-28.952788188345668,-1679.373934937873,-0.0,-1776.714802610878,-122.87817618528692,-716.645086630035,-396.499613867023,-24.99004908445035,-47.93554758139607,-24.23155820913119,-1443.7014648736138,-1045.0661808536413,-1547.0203334303312,-262.5397046562835,-1493.8873468096351,4.88779762335774,-0.0,-815.9889502105287,-3231.334760023512,-0.0,-0.0,-28.406831483227506,-2197.226609245892,-230.80252034712296,-710.2270518831635,-413.8780220774645,182.34897450056667,-0.0,-0.0,-1334.4156969496703,-0.0,-0.0,-2162.6433192450195,-1843.4710350221465,-1000.1908761946172,-890.4642948053265,-620.6148745723681,-1053.9742998481302,-846.4273103878588,-1317.4597059430603,-2763.501951227401,-0.0,-0.0,-0.0,-0.0,-322.47768137973196,-0.0,-2159.5929920371977,-675.2006484900078,-889.0769570552218,-1080.8073046057602,-564.2651584664501,-0.0,-1807.7412402526593,-648.7253138450594,-0.0,-2822.577848845964,-1564.3777493085774,-0.0,-0.0,-3122.314259346369,-2211.7878545245617,-437.5025998214134,-882.2378260689501,-0.0,-509.4424696124584,-391.7306790569634,-0.0,-685.7442516819002,-576.0489611583813,-593.606013069976,-0.0,-0.0,-0.0,-0.0,-467.5291387568126,-1399.0303281688573,-6541.861051812812,-0.0,-0.0,-801.7054550591793,-849.8232693984546,-2186.9236563756867,-690.8424316718219,8.260525846593461,-585.4226039648479,-0.0,-794.4286599009395,-620.7502235238989,-0.0,-517.6712455375604,-1260.0833155639386,-0.0,-0.0,-0.0,-0.0,-0.0,44.840533921226694,-2362.7930153693083,-0.0,-1375.2561525913798,-985.9812959149818,-4.792371221895037,-2209.451809349772,-928.0333653628485,-1141.0433909388578,-1427.2845698316837,-86.98491929838355,-133.08954202695384,-1348.525873724587,-934.1069404868277,-717.4974892332016,-0.0,-1728.7535156174426,-1344.8048134556104,239.80297089022304,-0.0,-653.0257505347402,-870.1191477124571,-1032.7855905744345,-85.01849090415443,-0.0,-290.9614822228916,-0.0,-0.0,-2615.3984333029757,-2499.5151578545456,-2128.216060319278,-1770.2125568375825,-0.0,-1167.6924482276725,-2131.521191553989,-0.0,-5801.251002558838,-0.0,-0.0,-0.0,-0.0,-1038.5320124113687,-2557.8428505906563,-2601.4447388004296,-104.63110442762473,-2285.3642700476885,-0.0,-1083.637880217422,-37.11900208551467,-0.0,-73.61321017535677,-615.8824843915407,626.6660735635169,-0.0,-471.97309664763844,-49.46905571166454,-0.0,-1529.329088284197,-0.0,-2132.9486808867396,-168.66168096727523,-0.0,-0.0,-1191.515963313023,-1977.4797823064225,-1163.4987842673302,-1253.223000247448,-1518.2359563671666,1670.8811208229024,-54.02715393548566,-936.9693751254563,-37.59425253111519,-2301.0199902586146,-985.7521404578945,-921.8605272349247,-486.4952662055992,-1794.2299118418073,-1858.2572994200616,-454.12845118225556,-2728.240034610357,-389.88035920674747,-0.0,-0.0,-58.55739733804231,-0.0,-0.0,-0.0,-0.0,-0.0,-0.0,-1636.429886340097,-684.2982784376468,-1442.5945939793003,-967.114250345731,-0.0,-743.9235974225628,-1477.4546807465183,-1305.001790115558,-2195.6070715458227,-1372.776616101659,-92.77102405846985,-194.69801955360006,-1163.7834132840649,-1637.4717287775843,-0.0,-0.0,-0.0,-78.08293428674926,-963.523653947719,-188.40179798960185,-582.1275453041412,-1158.9068947108758,-0.0,-0.0,-0.0,-4370.9232400026085,-0.0,-145.70189993673344,-0.0,-245.63634894337454,-1419.4169812887772,-1310.06373729664,-898.1544416883071,-0.0,-46.307290871947956,-674.2799895430796,-730.113304514498,-598.7151444384868,-0.0,-1186.3508376751536,-0.0,-0.0,-3461.791782178886,-0.0,-1455.9962905197467,-669.1471192881154,-458.50017390428644,-300.45641616718376,-1507.8502067959494,-3288.1328451009012,56.45323482599704,-2187.017570040495,-1981.3215186397013,-568.8623053862809,9.288587665887727,-0.0,1612.1129616161577,1249.6565709630277,1380.9224315497115,-0.0,-0.0,-0.0,-1015.9524333562373,-0.0,-328.5925127636744,-242.56212760359446,-0.0,-4376.982962757601,-0.0,-1473.95787095609,-97.44345346089726,-1193.919155354856,-561.2501662399105,-1638.1896402949417,-1318.0565536411805,-0.0,507.1636507809357,-2911.4101710060813,-1783.8940288976478,-566.3162087131874,-1498.8041630806333,-2141.2552739227112,-0.0,-0.0,-286.55098201722507,-790.2443985628048,-2220.656798346629,-922.9946710083545,-42.380255975768804,-0.0,-0.0,-766.1513491675871,-0.0,-0.0,-0.0,-228.0358164077057,-1607.4606765439582,1679.1931615094302,-1538.4490490017565,611.8032884104888,-863.0345707783066,-1076.03081996066,-14.523724250662623,-5712.700107287584,-383.98360126500233,-0.0,-73.39890176557712,-2452.967669791365,-1803.1893435235556,-0.0,-34.25009930385253,-0.0,-654.5894078195066,-30.12931133853066,-2215.5586835731488,-1596.024368263859,-0.0,-377.7981687080013,-0.0,-0.0,-0.0,-812.8512515851675,-1169.8034646486235,-450.3618934563943,-1354.5671558047136,-2042.9100387091707,-1078.2155155902533,-480.42820286340674,-480.1667372666648,-140.72220018221768,-1962.576354763709,-704.4064383626225,-1026.354696391524,-1527.2837781097053,-1792.680980154954,-1437.115425320739,-360.84416732588664,-1674.5558886776955,-0.0,-0.0,-0.0,-2754.7649731265847,-0.0,-525.8582994257641,-1370.6300428137831,-12.19802366830158,-969.3203286003593,-653.6039233476158,-1057.71622189944,-810.9784284146474,-234.09627173383421,-2247.943983219536,-5167.758868133944,-318.08440910658726,-38.6047477451746,-0.0,-125.27285904319851,-8021.222058498432,-2266.4960017654976,-704.3902039292234,-2494.213804181899,-235.92737915611195,-0.0,-26.118958349737404,-778.7149674764532,-143.71101738414887,-1373.7429252379482,-1172.5678509457282,-212.33461655612135,-0.0,-783.3732715745775,-2358.050148786968,-2182.71210851923,-1846.5220389489132,-0.0,-1727.1159995404385,-0.0,-53.41321421058902,-1172.660482222487,632.1029388987216,-0.0,-0.0,-317.05472504029285,-1160.6317050285886,-826.3944164475058,-1404.916239408142,173.3089076320545,-1537.79853726883,-136.16912230759266,-394.30465719085015,-2350.0273710868373,-2178.2461913170964,-421.13357343258815,-0.0,-0.0,-0.0,-0.0,-0.0,-1950.614007042751,-0.0,-712.0168841006148,-900.8774181396531,-2752.192211288003,-0.0,3.854737670255478,552.297983240867,2362.0640518629034,-676.8076904663328,-1469.2817338060609,-0.0,-1742.564346900331,-4281.684924177518,-846.3532181695936,-5945.636564258964,-1435.930991984994,-0.0,-897.9710171945521,-2740.232197633658,-218.6217542171696,-0.0,1251.8890995988268,1520.0040614692512,1383.8908425471577,-0.0,-0.0,-0.0,-0.0,-102.13725782494214,-2910.664534417445,-96.40836370789026,-0.0,-2223.55597524762,-1291.618056555049,-554.586074135568,4.567358776171378,-0.0,-249.90601908569545,-986.2218603158178,-0.0,-0.0,-52.68895089304106,205.09426113171986,-2339.0675727057437,-0.0,-970.723497443633,9.555459062795917,-96.5144227784378,-0.0,341.04048224005686,-112.35296787743405,-624.8222489366101,-2217.213140080044,-0.0,-72.29627454571968,-1254.734568979971,-1108.7188351929856,-45.06878327950039,47.15169865158661,-0.0,-1453.4333159433793,-892.2490074852066,-8.161300781224806,-0.0,-0.0,79.21160949893229,-277.7142700591812,-203.11560911062205,-88.54279391484023,-12.857437557754537,-177.6468699339144,-764.1465631804978,-1085.0300782315521,-606.8324243768576,-0.0,-2336.082190822219,-974.2156068083814,-0.0,-0.0,-1258.6948641190083,-2494.983604047248,-655.6762773180074,-8.717467035930964,-3112.8321725575256,-132.2620355953191,-88.32738023012601,-1253.3275043513952,-0.0,-423.9029262032234,-1574.7883100892138,-4.78059761492454,-0.0,-3761.5582417759792,-160.02878480449712,-1685.8523171997058,-1174.288800125753,-1449.0019666904875,-2872.365822496585,-93.0358295163939,-887.2715982749651,-2025.6761431022333,-1481.515428368849,-1226.0209932818757,-244.82478395078394,-2002.9039235516666,-0.0,-3422.8200843628674,-0.0,-7070.167428552596,-259.846054743453,-96.96706015593053,-1659.512401378097,-0.0,-0.0,-0.0,377.9704940972897,50.46308549764986,-936.0111641810028,-1558.3914926878865,-528.5264796236538,-1372.5795989618498,-0.0,-0.0,-1521.8619523958992,-389.8859415736785,-547.5501000210602,-179.62401906555078,-0.0,-1827.343818109164,-355.37945037593397,-2189.143661066232,-0.0,-38.647635092915046,-0.0,-1959.7365571206124,-841.4401937043618,-1616.1338080156672,-0.0,-0.0,-1934.6460115351363,-612.9259205657752,-849.5285110006794,-1701.8541858528845,-499.01382720675355,-1369.755022883129,-0.0,304.62520961371234,-1263.1607422838204,-4425.908187286855,314.59397317404154,-1636.4899349012464,-8506.314680220261,-752.7437689137269,-747.0558967808488,-251.41313263357742,-247.18376433488578,-1160.8691214418407,223.27649679595496,-244.28928989395612,406.7643904054546,-1196.9018662497144,-609.0965206693728,-0.0,-1442.2629872299267,-1891.8146474176585,-974.0532692245264,-422.7015104582043,-0.0,-0.0,-36.90611871414134,-1149.1587057658974,89.14876100415434,-2491.919022541395,-0.0,-0.0,-563.7915946740831,-732.5872734230501,-1261.5974293395961,226.59883683652217,-2825.9252797169092,-1674.6304062448892,-1417.8412804101117,-266.21625450977723,-0.0,-400.0050564801961,-0.0,-774.6627071269129,-26.565068348209834,-1726.6196218675066,-523.7064040007601,-1092.7527725301397,-443.9494368917006,-393.36726998169325,-0.0,-1346.6015570310478,-773.8649531269134,-1375.197109576447,-0.0,-3458.3861653884915,-1489.7934827949632,-1573.7842699708722,-1061.0502512523362,-1226.253972908668,4.2288431260529125,-2361.293970935338,-781.4046277121116,-1333.0089155712933,-2127.18276773543,-349.3493128071837,311.0587709020364,-1115.0200599088448,-0.0,-0.0,-23.88020830425601,-61.319481489449515,-20.25580395067784,-267.02382498524935,-0.0,-0.0,-0.0,-0.0,-0.0,-0.0,-0.0,-0.0,-0.0,-0.0,-1389.677358948951,-2773.363173215065,-2423.934383885479,-0.0,-0.0,1685.1791297593998,-574.5720977524912,-0.0,-465.87616603392706,-506.94980780094403,-1059.397295064938,-1051.0518447568495,-1343.7366401610968,-0.0,-842.162123780439,-437.27363695763665,177.14766964192012,-0.0,1024.589995246702,-0.0,256.4023018639085,-0.0,-363.97105473145683,-0.0,-480.9559042723406,-1190.6946283933967,-1983.5166361439942,300.39269323445035,-0.0,-0.0,-0.0,-0.0,-0.0,-451.3273154215414,-90.1947816204959,-0.0,-0.0,-0.0,-560.7354884644604,-0.0,-42.69232130989209,-704.4015469899156,-4020.4758782733056,-0.0,-1489.4769916532491,-0.0,-667.648055405521,-0.0,-0.0,47.119655268183855,-0.0,-166.3046954755204,-0.0,-0.0,-0.0,-1182.2641168917191,-1900.7671012291062,-0.0,231.78931017993153,-2432.044800380872,-0.0,-84.68036592750109,-308.1763481999497,-0.0,-0.0,-1758.4866553431941,-0.0,-953.4452234027409,-1370.4258148384345,52.201992466827136,-3392.9291058683,-1764.487156740073,306.03999493923305,-874.3600354970846,-0.0,-1130.668430755195,-0.0,-0.0,-0.0,-4212.035890815202,-1020.8443861405947,-1671.311959605412,-0.0,-437.5696146516637,-4.837811301997328,-1439.089336616029,-2217.273685966613,84.67459277747254,-3369.4810377034105,-0.0,-1762.3315252208217,-2572.4181581247058,-0.0,-0.0,-0.0,-0.0,-2642.012819169509,-192.61284954033684,-1732.4463562374422,-0.0,741.9254739799139,1236.0171626137058,-0.0,-0.0,-866.9769397645728,-1083.570385114238,-373.38602255205245,-21.50286475323347,69.07679574066428,-0.0,-1458.753630608828,-0.0,-292.8462364198277,-1332.3562167810635,1496.8529464375079,-0.0,-0.0,-0.0,989.5505461087668,1096.221195942432,-892.474701587139,-0.0,-1538.626280231643,-0.0,-1160.3032927076458,-676.648420660225,-0.0,-0.0,-0.0,-0.0,-0.0,-60.87160270047062,-0.0,-0.0,-0.0,-1238.2869082943075,-318.02394019799095,-0.0,-0.0,-0.0,-187.51790608657194,-87.30419831658494,-686.545166378695,-777.3784643523093,-3176.485387281462,-1467.3806786027724,-1207.7596419526687,-0.0,-3301.6664539022418,-41.08872943458737,-0.0,-1107.1551515425472,-2558.607721525199,-856.2632403648308,-500.6902820805949,-1202.2008952611193,-299.57002331096214,-717.4868385674264,-798.3404216228813,-1186.8529830184132,-298.13785507223383,-1858.6034915365685,16.713120671026903,-427.6529931979778,-0.0,-0.0,-857.3633669544447,-4131.430434456894,-0.0,-1198.055006185157,-554.7061327508188,-0.0,-413.4878185982957,-739.8702775146601,-750.2214046965914,-271.76829228227234,-0.0,-0.0,-0.0,-0.0,-0.0,-46.702052657118486,-0.0,-685.3589935633919,-0.0,-0.0,-818.4448773364171,-1201.474620241356,-2930.6617000486385,-484.0452450204957,-772.5441288862153,-114.64063660295152,-2098.3555809549953,-0.0,-1064.1949870103138,-609.313784485595,-530.8419799113506,-1465.8705598210788,-1016.8238406357052,-1922.4303740572323,18.60242664034402,-513.3045483996573,-0.0,-1217.0294670602557,-1211.8628329661194,-172.2096326177195,4.140996335231833,-2631.287816902076,-1448.5792412392893,-805.7234218880226,-0.0,-664.7064360862356,-778.9624593707135,-583.034280753269,-2717.034194599958,-4.047728766478973,-0.0,31.87845515579052,-0.0,-0.0,-286.95963080629133,-4262.61301726332,-213.7742342024102,-1596.0510774544491,-4182.6701706780395,-0.0,-5013.523681028735,-269.03466494890887,-2167.5407150456253,399.1503219339678,-0.0,1719.9361413690583,-983.1382652266448,-0.0,-2154.778832571115,-0.0,-74.41130665132397,-45.23736084239821,-0.0,-0.0,-0.0,49.02013460782902,-0.0,-0.0,-0.0,-692.0200610370913,-1552.7592639430432,-744.5155322000479,-0.0,-3813.310107604253,-0.0,-0.0,-0.0,-245.93111254395117,-441.5748025600089,-0.0,-2138.6267452833636,-0.0,-0.0,-3756.478158549348,-0.0,-24.302517502587428,8.255703502940118,-533.0335316728135,-21.80516968192837,-0.0,-0.0,-238.80550875978318,-0.0,-0.0,-1450.9666411059627,-1197.1537203796277,-1741.1429362667022,-0.0,-290.998446996481,182.47298467978368,-399.25383323386194,-16213.880047987774,-0.0,-645.7732311128512,-1419.967885550501,-629.2551493366981,-0.0,-36.675270127150874,-17.62595902223993,-293.901373601874,-1147.9436080561195,-0.0,-0.0,-0.0,-524.0545083007181,-3029.4870271408754,-1444.8493711701776,-0.0,-0.0,-0.0,-385.67484671853225,99.14724139437381,-8.752675852748615,-1504.6172440067787,-0.0,-0.0,-1103.0422228907182,-0.0,-0.0,-0.0,-2981.715464101992,-1096.275957735746,-0.0,-1204.3280146208551,-671.2159543441509,-274.3225829090542,-775.3896089974234,-1205.272219474619,107.1492780431035,-1469.6127350501583,-1293.0779409495756,26.94064770486905,-2101.9254565609745,-0.0,-0.0,-0.0,-0.0,-523.2253516699336,-0.0,-0.0,-620.0244621561752,-1148.1790318426085,-795.0976044956484,-0.0,1719.0186427545082,1624.6557716758934,1608.3250301150986,-0.0,-0.0,-0.0,-918.3605087213635,-46.29796812743669,-820.5438410106639,-86.07042484618971,-752.2259907959566,-1801.023724393236,-1351.3163455846357,-2202.884792381927,-0.0,-0.0,-0.0,-0.0,-591.836002588214,-918.4040662184133,-1905.9970205164727,-464.9470808769989,-1494.1473706821441,-2142.941595598221,-2336.6428981154672,-0.0,510.9899972793469,-447.76121194915567,-410.73654915862835,-128.12456370472785,-5045.663826739524,-69.40111484979168,-0.0,-970.4666819644217,-1681.9231004603198,-0.0,-76.61757455437197,148.27787012637344,-102.56011074010517,-543.2247311792208,-2525.4154848470107,-176.8961526558687,-1793.7498402123438,-0.0,-2030.268579151839,-1971.3027596371253,-1620.7496586662696,-0.0,-1998.2428280070492,-350.43292292280296,-731.0836891953093,-1049.9343065892583,126.8273624472514,-2105.808178829759,-1360.5208454052918,-0.0,-105.84408375080835,-0.0,-0.0,-0.0,-1125.0768746109504,-687.8486486116027,-0.0,-0.0,-0.0,-4036.375452654823,-2106.692814703493,-0.0,-0.0,-4.896106489982805,-1900.253056673748,-1032.416159283154,-0.0,-834.52560985093,-1516.642394743035,-631.6093564496705,-25.460697689819803,-975.5590343933596,-9.59953803072696,-1734.001486404711,-1852.1686032339642,-0.0,-0.0,-47.69501058557802,-0.0,-0.0,-1429.4241368788555,-106.90003136390588,-497.0601293963257,-0.0,-0.0,-0.0,-818.8895031247442,-362.8710983459009,-126.58070405872697,-511.8440059338841,-251.96772302006914,-2211.2134916174987,-348.00742254017564,-638.6385798795523,-1450.6679812528337,-0.0,-447.82829051757363,-0.0,-1920.2090368358895,-1647.7984573099786,-1938.8758723110384,-483.59439556027723,-321.54541765142267,90.87623972318109,-1058.2973717928458,27.082946440303516,-0.0,-525.5257012289622,-0.0,-0.0,-554.232071848079,-135.221704556489,-3137.2971343322274,-3182.3503720848803,-566.0096566019479,-0.0,-0.0,-1151.0997110516143,363.2172916114928,-0.0,-0.0,-0.0,-1244.161426654513,-50.255918537818125,-535.1878787004617,-4192.677008838401,-1627.1339347298097,-1266.2687442445822,-501.32575487877637,-197.3639848101442,-1402.921510361349,-786.886867043086,-547.692051242195,-0.0,-740.2849839456765,-874.2268156167343,-1877.51855444499,-0.0,4.768564045425007,-14.238822433972224,-0.0,-0.0,-2018.8466150570741,-0.0,-3964.8596846059168,-1305.5254428013384,2760.8504144678836,3188.83767719858,-0.0,-0.0,-883.9066197164756,-1198.6477264526345,-660.4210570729215,-394.7941799658625,-3470.843831580947,-642.3427257567381,-0.0,-0.0,-0.0,-1380.504664376659,-736.982705451466,-180.77366627925625,-2878.153097355472,-1145.0819412397755,-29.93789285204587,-470.7103399093467,-1181.0143780316287,-369.2850656080733,-591.7364891655435,-0.0,-70.77863526801062,54.44623420881682,-1098.228992689489,-184.6872988924827,-0.0,75.0621927651009,153.38184765562406,-240.01506557145888,-1537.1304108318905,-2578.453908158307,-68.56898160991008,-1022.7757159877295,-1550.464660118979,-0.0,-0.0,-758.8397027963762,-0.0,-0.0,-0.0,-0.0,-707.1926452228496,-25.527362271381723,-1378.0800486127803,-1310.649615957962,-2838.732717582658,-1290.063235590058,-0.0,-659.348263018988,-0.0,-1774.5930261651986,-1837.2811376970483,-1496.8275771018232,-1115.7194182499422,-0.0,-2391.0449924242275,-0.0,-0.0,-0.0,-3969.4277525759967,-1362.183339042183,-291.4661656196845,-968.4281593730235,-985.5754856142172,-1168.76143007137,-0.0,-0.0,-0.0,-44.0671126701361,-6712.164528174007,-779.3010932747442,-2055.0935190232785,-4604.08301280394,-2517.8336231377552,-475.28283077673586,-0.0,-2165.2222692117525,-826.7302497364716,-0.0,-368.879339387074,-417.0919151397263,-42.50892190106001,-1097.3032083900948,-337.4214174654388,1626.8622960396185,-526.3949941290108,-0.0,-0.0,-1100.6113910900158,-917.2575629829381,-2513.3330751418553,-341.3882166739176,-0.0,-0.0,-726.8048575265136,-0.0,-0.0,-0.0,-0.0,-1513.0103569077946,-692.440044505333,-1380.9449135059774,-582.3873651511697,-4.338468252339123,-858.843643936599,-0.0,-0.0,-0.0,-0.0,-3175.0235196432195,-0.0,-0.0,-0.0,-0.0,-0.0,-0.0,-889.5738044250613,-0.0,-3075.830246761315,-545.7598817341152,-223.86733425421613,-1425.0756488222717,-0.0,-0.0,-1500.7905043140806,-1606.0499149833825,-4.824708931596748,-483.65705880197316,-60.93601310503811,-1954.2895419519502,-1077.928809194071,-0.0,-4305.3886802707475,-1440.5722534471402,-0.0,-0.0,-18.785438683424832,-462.4961568273812,-1362.6468010739163,-0.0,-0.0,-24.51389030742386,-1823.5350526993707,-661.809264717978,-392.77095655386114,-95.45661014024127,-2129.9125357552302,-0.0,-0.0,-0.0,-0.0,-0.0,-576.3843480103362,-559.1914417653284,-668.7095127215349,-4711.994084743987,-1870.8538398204546,-1374.6331951444433,-120.72988862201488,-1093.8631551231608,-1350.0084098784366,8.293172070642282,-0.0,-0.0,-0.0,-715.8766421922132,-460.52150286036823,-1890.6134861483301,-660.2273238569337,-0.0,-1940.3493089258595,-0.0,-708.0690739994322,-0.0,-0.0,-2190.4227897122573,-686.101292568941,-627.6153396553818,-1586.5670267955682,-152.30010854374973,-14.336157234622036,-858.6021524794817,-1618.2618118964203,-0.0,-497.4465958530186,-1295.6723528494686,-4687.46633441109,-0.0,-315.6977222295399,-2533.2439872972723,-1707.5593765316664,-1401.4415709419175,-602.2150299552159,-1399.1066716270545,-0.0,-394.00881747669564,-0.0,-285.281654584508,697.7181232688541,-0.0,-0.0,1017.5146646163817,-0.0,-2478.1867521494773,-849.1555156047003,-1051.977976632015,-1332.6384137550306,-1638.6204010607846,-425.1976107360764,-164.39697717606057,-0.0,-0.0,-1006.986584852263,-1116.380221927529,-877.859538127567,-0.0,346.4451382746194,380.5260169627148,-264.52223423955314,-3124.5866546332745,-2016.1126956621322,-0.0,-0.0,-1603.3533465002392,-4625.832539551729,-3040.599075121552,-580.880903632982,-1093.8334007946546,-1257.9628570363923,-0.0,-237.77755824131737,-0.0,-814.6673384502286,-250.94213887186456,-2107.4784140003662,-2962.319786769404,-345.3199020285322,-633.0839787874847,-5014.837517803827,-1382.7219528407811,-633.7306060904831,-314.19048282941657,-1441.2648636699316,-780.8079380479256,-4.9415680104298625,-1698.0488532587458,-1984.667106949183,-0.0,-0.0,-658.1284371766617,-1430.2815811588566,-384.2093824138485,-4.931595886782165,-0.0,-0.0,-0.0,-0.0,-0.0,-39.59033414248519,-787.3940445842792,759.3185200496785,-501.52425924452734,-833.37514477432,-622.6871667653844,-1244.867823945339,-1742.9377657463303,-1323.267856513785,-2043.6885165609451,-322.4702805262221,-634.4633599840184,-1746.4396642394047,-719.4330915924043,-0.0,2705.415834926924,-276.21954242937323,-79.8659072501946,-0.0,-980.6395512393316,-710.1044139610908,-1506.6804649550952,-2182.649940906337,-2466.0534826013923,-0.0,-0.0,-0.0,-0.0,-1136.3322115486137,-1880.6682398356509,-0.0,-949.4133724610801,-9.559413187182926,-0.0,-0.0,-0.0,-2853.8127170116863,-870.5220906140411,-203.3212982176098,-50.30074694907482,-0.0,-0.0,-1258.8209401044608,-1529.4639053759768,-935.7729366731575,584.6499881384461,31.605334631538465,-0.0,-22.40893886249663,-0.0,-1858.5110128422996,-609.0106418353101,-1572.3078111973039,-1991.0038580238665,-1847.5653940904153,-46.065157977098416,-0.0,-0.0,-1834.082058044967,-419.1826554408651,-0.0,-0.0,-259.57649823631766,-0.0,-45.427780430789106,-0.0,-1449.7193410472826,-829.9978888101638,-0.0,-90.68163622876484,774.9648592947075,-0.0,-213.20541821388596,-2619.9309127026168,-0.0,-0.0,-779.1319796363279,17.40365583846234,-0.0,-0.0,-922.8853010985387,-1690.2574212348181,-0.0,-925.105183404256,-0.0,-1467.5722862671898,1870.100145584678,27.344425054939872,-2211.075768673994,-1786.7213283034064,1030.1157143803778,-0.0,-2323.615529984757,-957.2133891146677,-1137.1815799643284,-0.0,-768.4990904298913,-137.16923024494946,868.1827258887301,-424.19670447287,-1693.129603737991,-0.0,-0.0,-0.0,-1002.2056689783417,-687.0822873247614,-891.8866020251932,-1234.131297502294,-1150.72483068996,-32.40123797821061,-1245.609963020518,-1046.8733223626966,-1325.5210263227486,-0.0,-0.0,-602.5870766915982,817.7495871091664,-7489.25920679878,-0.0,-1427.3716334783496,-2256.055340085596,-899.2537771696316,-856.6574182014098,-69.00230205449915,-2638.099514242539,-383.1418057764254,-0.0,-1153.1960849635648,-1040.5797174629813,-724.3194579071888,-0.0,-1696.4443983809829,-2352.939991250994,-28.58897394760299,-1261.6877837039376,-2639.7695540791583,513.258227722858,-0.0,-512.5158551436372,-185.64532150756054,-1540.673303822599,-1032.5449317246814,110.93626567341465,-143.83117687410407,-896.0387847343701,-561.5590808806076,-629.7282251764494,-743.4267707520598,-572.6103990780687,-0.0,-1501.8563049801876,-0.0,-1359.6913092373793,-850.5384396418934,-191.98156566194373,-0.0,-2034.0885634170786,-5525.200555637619,-0.0,-486.1268225640968,-0.0,-2537.066603017173,-286.6618172483465,-0.0,-471.96688655334697,-471.6957134152314,-0.0,-2692.7781715123915,-1840.3713700255007,-0.0,-4889.853255632708,-142.60789483487034,-1490.931394972879,-1556.5798362759404,-1792.1440167344338,-112.39220048211811,-0.0,-1035.8346698685618,-2335.482382326657,-596.3856188380703,-1011.5742878444136,-1251.1020599554884,-1899.8967342749163,-2642.140350186577,-899.8814069235993,-2313.303470563402,68.62988635812125,-0.0,-350.4831576688139,-1556.606892573784,-1369.239458496596,-0.0,-0.0,-0.0,-485.60985596308615,-549.0555650954635,8.796804002883235,-646.1955829001231,-0.0,-1396.6448650897896,-852.3882843426924,-667.500268329115,-0.0,-0.0,-357.4582119942333,-2045.8222987719719,-999.3547935574179,-308.49021105328023,-1062.7797883111984,-40.724471149293436,-0.0,-0.0,-3087.117035871635,-1327.059428170888,-0.0,-0.0,-0.0,-84.06244177550431,-1043.8285559342744,-54.813185113782936,-1888.390445990527,-1721.8815505784253,127.05671601571667,-0.0,-703.9929395008288,-0.0,786.0280878347496,-144.2801547002366,-0.0,-1825.1890756663504,-362.91149980499546,-2249.1614649432804,-0.0,-1840.2852992041035,-724.3944179991456,-220.23821822367387,-13.695843092407722,-38.02925241831506,-0.0,-0.0,-855.7573784318282,-1417.2753213753676,-0.0,-672.7102441259677,-0.0,-412.7709404678453,-619.9655245740771,-0.0,147.20118859767157,768.2562612214888,881.9801529405011,951.300006514145,936.2821979321401,864.6658531671362,-0.0,-0.0,-0.0,-0.0,-0.0,80.64974666638051,-0.0,-0.0,-703.5900283986625,-181.70016701067277,-510.6617200946145,-88.51020466831676,-0.0,-1238.0136955982628,-1658.1319956961054,-2277.8683694906954,-267.9963487302148,-218.38620062733966,-0.0,-0.0,-677.9414995447504,-0.0,-0.0,-0.0,-0.0,-2998.2686633375556,-0.0,-45.86308067904292,962.5069752596934,-0.0,-1143.6358496166495,-674.1242468965178,1627.094864682116,-1081.979440341908,-0.0,-3267.642648530799,-2511.080950756968,-218.85142449486492,-882.2823301969705,-1350.8255218629533,-595.2340053207845,1313.260011687618,-92.78977321119739,-652.086882313618,-0.0,-0.0,-525.9638530240438,-0.0,-961.684069956492,-0.0,-500.19748671406694,-41.46846355135304,-0.0,-0.0,-1274.3983476836645,-0.0,-0.0,-619.9152254769189,-1306.5549916575144,-2257.640685563936,-0.0,-0.0,-0.0,-2010.8315657376402,-0.0,-1145.8859138364278,22.187713093355008,-0.0,-0.0,-1270.5416755331044,-1112.7337391409947,-1366.9613459778143,-452.2959336046703,-0.0,-1512.3703893091863,-313.4503610906935,-0.0,-0.0,4.548687560017737,-43.84553530409273,-4971.407975201439,-0.0,-134.7871045738393,-30.08321024681996,471.84619652949874,-85.46342459818149,-1111.2068842304832,-1017.4649211560651,-515.865968693343,-0.0,-0.0,-2068.5324208596726,-0.0,-0.0,-0.0,-0.0,-0.0,-0.0,-0.0,-161.00699909164564,-0.0,-0.0,-2015.5319848719857,-7489.889474368122,-144.8739873288287,41.353976210381894,-419.3543706062958,-778.8551665686238,-128.10086341170668,-4649.289482249657,-260.71791947608637,-342.1032519816359,-0.0,-0.0,-0.0,-1886.5619872142595,-0.0,-41.52658713480817,-0.0,-0.0,-0.0,-515.6070936384374,-13.064745514891971,-267.72235779544815,-1416.1306991048002,-709.4091177015146,-78.46722714217208,-2689.618922561816,-0.0,-89.13246353874838,-2513.3966697133483,-0.0,-1431.8312007524744,-90.2851137550832,-1599.695951846755,-0.0,-0.0,-1144.2973580351595,-732.7771798852798,-38.45488115584752,-1026.691665781961,-1006.6684847750926,-790.2974781276305,-171.06406018171344,-844.9153537294548,-806.1649899441925,-2470.5124977949713,-1047.2567891937445,-0.0,-1691.9930221792547,-436.7291393585759,-711.4387937425482,-0.0,-0.0,-1214.4956498054564,-2596.367031641261,-1003.5762767803247,-0.0,-0.0,-0.0,-4149.065355885055,-953.8428574581288,-188.40832485712826,-379.18204924309833,-41.94719427902885,-4187.447981604645,-0.0,-0.0,-2601.799076094747,-951.8752464066622,-0.0,-0.0,-0.0,-87.09431034163805,-0.0,-2049.372820817587,-1967.0736121082246,-0.0,-385.99572304886567,236.58597545626043,-0.0,-0.0,-0.0,-1207.0213912746344,25.687682895346825,-2743.475039287533,-717.7691512025893,-1322.9047755859692,-843.0096024454002,-3560.447937489002,-1870.1367741137294,248.79890676557974,-0.0,-3273.627303796791,-0.0,-0.0,-0.0,-1388.590600084889,-791.0616415763034,-1976.9160543294813,-0.0,-0.0,-918.4018149439572,-1657.428840325061,-711.5557459537534,-570.3521301027465,-0.0,-0.0,-1341.0266224227837,-0.0,-0.0,-0.0,-0.0,-0.0,-0.0,-607.0616153756341,-84.63040410945389,-1706.2052183124856,-0.0,-763.944968189243,-1353.40248930062,-38.14090887732373,-0.0,-0.0,-0.0,-0.0,-0.0,-0.0,-0.0,-0.0,-0.0,-0.0,-1371.3471292070724,-1925.8157727697774,-0.0,353.70758221917146,-0.0,-719.6972947886686,-107.22596833869859,-0.0,-957.5299818683366,-433.1354434171406,-107.85645007389473,-2113.044826129144,-546.6673149411369,-2907.015084517963,-188.8589494320726,-2345.565814174407,-1837.7192159147783,-964.3286237585735,-4.699463623953515,-0.0,-1276.4375724811455,-2266.598607717802,-2506.5272147332385,-94.13554165534558,-245.94009386255777,-2006.2927488021817,-0.0,-2429.2323416758886,-393.53604457469146,-0.0,-1936.0856052062836,-0.0,-993.4359043262757,-0.0,-3047.994734554868,-0.0,-0.0,-85.97704814261222,-1165.8756690440143,-539.0236939839562,-0.0,-1481.1135008173069,83.70757981195358,350.42061387528406,392.3912780960235,-307.858723256691,-1841.1579301620402,-630.9883379584011,-0.0,-0.0,-6164.592507619929,-1230.2217685215708,-0.0,492.9980073762692,-0.0,-2191.625605481614,-549.7462233658076,-712.047354944971,-0.0,-0.0,664.6691984395742,-0.0,-1044.5324202813676,-1349.5123324379372,-2045.2300944401982,-0.0,-738.0263378771258,-3180.043941537403,-1055.210528168183,-0.0,-1491.2092182021518,-157.3797892718422,-1265.9225374487414,-0.0,-943.5468069794933,-0.0,-0.0,-0.0,-958.547409896458,-0.0,607.6175110754859,-0.0,-399.52792276277927,-821.4876896935388,-508.2005517986869,-1212.4584859508905,-622.4631418611008,-2274.1632731593936,-1353.9869725364217,-0.0,754.5395232927535,-2614.151509526588,-1843.4117061496186,-742.7732245420019,-0.0,-0.0,-0.0,-160.42931578056562,-1326.122370227806,-323.26841117116123,-1031.1576713370882,-2219.025530462519,-2811.2010993412478,178.24429615528408,934.8885559575965,798.6482335064437,-0.0,-0.0,132.60591498359324,-35.36261238100294,11692.901200312459,10886.718862151576,5711.909773981204,10861.469593885884,11619.826375492821,11962.00988181936,-0.0,-0.0,-0.0,-0.0,-0.0,-1519.2852964053134,-1346.0074613053916,-892.1042496756716,-0.0,-2968.4906195842814,-703.362297011448,-1264.7008440692455,-34.14131838875262,-947.6223735715695,-1372.705195815799,-1157.113028397255,-1398.261515321459,-0.0,-2869.327845572021,-1965.1246701225855,-856.3100623500812,-133.6965251428668,-3768.221280784487,-0.0,-263.2241932157881,-0.0,-12.686331771869288,-0.0,-147.56583354864838,-325.25361991675265,-1120.4627828904947,-934.8411734420885,-0.0,-0.0,-0.0,-2589.7388889756953,-0.0,-0.0,-293.0606482196774,-1107.5190794124899,-1009.4172509977677,-101.34715887843818,-1300.1979661070397,-2110.2671017256744,-373.55371740709415,-0.0,-0.0,-136.36062081841072,-1295.2240200232882,-382.64935584778055,-0.0,-5911.783676465858,273.04364345563596,-0.0,-0.0,-0.0,-34.792513709851555,-468.3108316634428,-0.0,-0.0,-1346.8881718519647,-2265.25870468764,-1498.7781031838394,-440.52828569784344,-445.19426818531116,-462.5474042093094,650.7565218174637,-1415.3137337394182,-0.0,-598.1507854987566,-2998.2505613334524,-626.0875023318171,-8.792698056017064,-0.0,-5.8296132798528655,-0.0,-0.0,-0.0,-1282.4327611372812,-469.0287592800433,-1677.575872683713,-0.0,-0.0,-0.0,-269.6988141339536,-660.6292719966332,-1644.8223064634308,-3646.8279522594557,-375.68085570314327,-230.94222193310233,-0.0,957.1015521423587,-0.0,-1322.0471080267762,-186.66431811447208,-0.0,-0.0,1170.2642733698863,-0.0,-1916.7577262858274,-0.0,-0.0,-0.0,-229.42332245000935,-2322.7768022978275,-1951.178049046901,-33.62928724841474,-2771.7256986087014,-1611.8666809609206,-28.533402500407345,-30.766146481079545,-78.07449299450136,-0.0,-0.0,-2241.573015415703,-0.0,-6420.343538830988,-0.0,-1467.591684216574,-287.86528558402887,170.80303378384747,-0.0,-63.80094395529318,-1411.6561983496854,-1752.0542954635098,-624.6029017338193,-36.90922369200005,-280.155440910546,-0.0,-0.0,-0.0,-0.0,-1245.4575552423064,-961.5301816770155,-0.0,-652.1047260026955,-1400.2482747634874,-203.16265468021825,-90.26211549439225,-0.0,-0.0,-0.0,1219.7884177700278,-4.1666598134655315,-0.0,-635.3374471387631,-973.5563790268824,-1561.3917019959722,-0.0,-0.0,-2281.0554920463073,-0.0,-0.0,-0.0,-0.0,-745.0581712624432,1106.3689823164973,1235.2553609070471,1350.9327112822195,-0.0,-0.0,-0.0,-660.94231513788,-0.0,-0.0,-416.36972810122444,-692.2491873712574,-0.0,-242.93954226874644,-1493.5838180020737,-1384.401528400012,-0.0,-0.0,-0.0,-13.071243486399453,-1693.9528286179466,-4.847060527605103,476.4436716491058,-0.0,-1832.016986886378,-856.3598105006337,-591.3087947329437,-2109.7920872840764,99.81963803943732,-327.0798765853765,-20.805533892152944,-478.41376817724205,-414.321560574499,-1101.0849946209469,-394.40530414757495,976.6048831725997,-1616.4313101726532,-254.35813813874833,-191.35011901360613,-4333.731310613233,-3187.578995988471,713.6807684670472,-1100.1654108822447,-227.78210409386156,9.411667201187521,-912.0651898124612,-1298.0239248484559,1993.7340912413774,-681.5933319907915,-759.1460846754665,-778.6933901715455,-0.0,-7708.1402222198,-0.0,-520.6817827479648,-977.2799770216756,-694.2491515016151,-1043.7344055953022,-1283.6466899570155,-0.0,-1162.4397769373945,-183.157703704288,-94.43969474046102,-7059.587129285026,664.0886371025447,-222.57818633263847,-0.0,-616.4013606501677,-1423.0679200565403,-0.0,-0.0,-526.9783904527092,-1709.6862964608697,-94.47718585023458,-254.36072006475266,-303.7865391835758,-1197.37043518051,-0.0,-0.0,58.63993152044482,-0.0,-0.0,-1973.6671430071146,-0.0,-1882.0308198152427,-987.8000768702137,-1347.493194615681,-0.0,-0.0,-552.7038136622403,-975.5896642224748,-155.01888334416307,-0.0,-506.64789399417435,-166.86698947923028,-577.995793016585,-0.0,-217.38492442957346,-546.0737848917786,-2428.274675829339,-1074.3572152012232,-1843.9964159809902,-0.0,-0.0,-1544.016565419816,-23.52802609866698,-0.0,-0.0,-1259.8768865749191,-0.0,-0.0,-0.0,-0.0,-0.0,-0.0,-0.0,-0.0,-0.0,-0.0,-110.6589513790379,-0.0,-0.0,-0.0,-0.0,-0.0,-0.0,-0.0,-0.0,-0.0,-0.0,-0.0,-375.88586532715317,-0.0,-0.0,-0.0,-0.0,-0.0,-0.0,-0.0,-0.0,-0.0,-0.0,-0.0,-0.0,-0.0,-0.0,-0.0,-0.0,-0.0,-0.0,-0.0,-0.0,-0.0,-0.0,-0.0,-0.0,-0.0,-0.0,-0.0,-0.0,-553.0868016156156,-0.0,-0.0,-0.0,-0.0,-0.0,-0.0,-0.0,-0.0,-0.0,-0.0,-0.0,-0.0,-0.0,-0.0,-0.0,-0.0,-0.0,-0.0,-0.0,-0.0,-0.0,-0.0,-0.0,-0.0,-0.0,-0.0,-0.0,-0.0,-0.0,-0.0,-0.0,-0.0,-0.0,-0.0,-0.0,-0.0,-0.0,-0.0,-0.0,-0.0,-0.0,-0.0,-0.0,-1472.7687222857412,-578.5985011840393,-1884.1580769196908,-0.0,-0.0,-0.0,-0.0,-0.0,-0.0,-0.0,-0.0,-0.0,-0.0,-0.0,-0.0,-0.0,-0.0,-0.0,-0.0,-0.0,-0.0,-0.0,-0.0,-0.0,-0.0,612.9450171609705,-0.0,-0.0,-0.0,-0.0,-0.0,-0.0,-0.0,-0.0,-0.0,-0.0,912.95423338469,-0.0,-0.0,-0.0,-0.0,-0.0,-0.0,-273.0853997464939,-0.0,-0.0,-0.0,-0.0,-0.0,-0.0,-0.0,-0.0,-0.0,-0.0,-0.0,-0.0,-0.0,-0.0,-0.0,-0.0,-0.0,-0.0,-0.0,-0.0,-0.0,-0.0,-0.0,-0.0,-0.0,-0.0,-0.0,-1205.182657085455,-0.0,-0.0,-0.0,-0.0,-0.0,-0.0,-0.0,-0.0,-0.0,-0.0,-0.0,-0.0,-0.0,-0.0,-0.0,-0.0,-0.0,-0.0,-0.0,-0.0,-0.0,-0.0,-0.0,-0.0,-0.0,-0.0,-0.0,-0.0,-0.0,-0.0,-0.0,-0.0,-0.0,-0.0,-0.0,-0.0,-0.0,-0.0,-0.0,-0.0,-0.0,-0.0,-0.0,-0.0,-0.0,-0.0,-0.0,-0.0,-828.9083330323123,-0.0,-0.0,-0.0,-0.0,-0.0,-0.0,-0.0,-0.0,-0.0,-0.0,-0.0,-0.0,-0.0,-0.0,-552.5982525703032,-0.0,-0.0,-273.1889660512743,-0.0,-0.0,-0.0,-0.0,-0.0,-0.0,383.1166048656309,-0.0,872.1447018486967,-0.0,-0.0,-0.0,-0.0,-0.0,-0.0,-0.0,-0.0,-0.0,-0.0,-0.0,-0.0,-0.0,-0.0,-0.0,-0.0,-0.0,-0.0,-0.0,-0.0,-0.0,-0.0,-0.0,-0.0,-0.0,-0.0,-0.0,-0.0,-0.0,-0.0,-0.0,-0.0,-144.72472270617965,-0.0,-0.0,-0.0,-0.0,-0.0,-0.0,-0.0,-0.0,-0.0,-0.0,-0.0,-0.0,-0.0,-0.0,-0.0,-0.0,-0.0,-0.0,-0.0,-0.0,-0.0,-0.0,-0.0,-0.0,-0.0,-955.0897801835864,-0.0,-0.0,-0.0,-0.0,-0.0,-0.0,-0.0,-0.0,-0.0,-0.0,-0.0,-0.0,-0.0,-0.0,-0.0,-0.0,-0.0,-0.0,-0.0,-0.0,-0.0,-0.0,-0.0,-0.0,-0.0,-0.0,-0.0,-0.0,-0.0,-0.0,-0.0,-0.0,-0.0,-0.0,-0.0,1499.706570445331,-0.0,-410.9665930888352,-0.0,-0.0,-0.0,-0.0,-0.0,-0.0,-0.0,-0.0,-0.0,-0.0,-0.0,-0.0,-0.0,-0.0,-0.0,-0.0,-0.0,-0.0,-0.0,-0.0,-0.0,-0.0,-0.0,-0.0,-0.0,-0.0,-0.0,-0.0,-0.0,-0.0,249.49682479232348,-0.0,2368.5566151558555,-0.0,-0.0,-0.0,-0.0,-0.0,-0.0,-0.0,-0.0,-0.0,-0.0,-0.0,-0.0,-0.0,-0.0,-0.0,-0.0,-0.0,-0.0,-0.0,-0.0,-0.0,-0.0,-0.0,-0.0,-0.0,-0.0,-0.0,-0.0,-0.0,-0.0,-0.0,-0.0,-0.0,-0.0,-0.0,-0.0,-0.0,-0.0,-2522.031230876157,-1613.8685701593736,-0.0,-0.0,-0.0,-0.0,-0.0,-0.0,-0.0,-0.0,-0.0,-0.0,-0.0,-0.0,-0.0,-0.0,-0.0,-0.0,-0.0,-0.0,-0.0,-0.0,-0.0,-0.0,-0.0,-0.0,-0.0,-0.0,-0.0,-0.0,-0.0,-0.0,-0.0,-0.0,46.4861689400035,-0.0,-0.0,-0.0,-0.0,-0.0,-0.0,-0.0,-0.0,-0.0,-0.0,-0.0,-0.0,-0.0,-0.0,-0.0,-0.0,-0.0,-0.0,776.6521364774171,-0.0,-0.0,-0.0,-0.0,-0.0,-0.0,-0.0,-0.0,-498.8375026906681,-0.0,-0.0,-0.0,-0.0,-0.0,-0.0,-0.0,-820.6674805750093,-0.0,-0.0,-0.0,-0.0,-0.0,-0.0,-0.0,2456.9138050935394,-0.0,-0.0,-0.0,-0.0,-0.0,-0.0,-0.0,-0.0,-0.0,-0.0,-0.0,-805.3363396123965,-0.0,-0.0,-0.0,-0.0,-0.0,-0.0,-0.0,-0.0,-0.0,-0.0,-0.0,-0.0,-0.0,-0.0,-0.0,-0.0,-0.0,-0.0,-0.0,-0.0,-0.0,-0.0,-0.0,-0.0,-0.0,-0.0,-0.0,-0.0,-0.0,-0.0,-0.0,89.52028042087811,-0.0,-0.0,-0.0,-0.0,-0.0,-0.0,-0.0,-0.0,672.9788080899006,-0.0,-0.0,-0.0,-0.0,-0.0,-0.0,-0.0,-406.9308595789611,-0.0,-0.0,-0.0,-0.0,-0.0,-0.0,-0.0,-0.0,-0.0,-82.42356294452235,-0.0,-0.0,-0.0,-0.0,-0.0,-0.0,-0.0,-0.0,-0.0,-0.0,-0.0,-0.0,-0.0,-0.0,-0.0,-0.0,-0.0,-0.0,-0.0,-0.0,-0.0,-0.0,-0.0,-0.0,-0.0,-0.0,-0.0,-2228.1552704165633,-0.0,-0.0,-0.0,-0.0,-0.0,-83.28380919968797,-0.0,-0.0,-0.0,-0.0,-0.0,-0.0,-0.0,-0.0,-0.0,-0.0,-0.0,-0.0,-0.0,-0.0,-0.0,-0.0,-0.0,-0.0,-0.0,-0.0,-0.0,-0.0,-0.0,-0.0,-0.0,-0.0,-0.0,-0.0,-0.0,-0.0,-0.0,-0.0,-0.0,-0.0,-0.0,-0.0,-0.0,-0.0,-0.0,-0.0,-0.0,-0.0,-0.0,-0.0,-0.0,-0.0,-0.0,-0.0,-0.0,-0.0,-0.0,-0.0,-0.0,-0.0,-0.0,-0.0,-0.0,-0.0,-0.0,-0.0,-0.0,-0.0,-0.0,-0.0,-0.0,-0.0,-0.0,-0.0,-0.0,-0.0,-0.0,-0.0,-0.0,-0.0,-0.0,-1679.7256362624325,-0.0,-0.0,-0.0,-0.0,-0.0,-0.0,-0.0,-0.0,-0.0,-2095.802304065442,-0.0,-0.0,-0.0,-0.0,-0.0,-0.0,-0.0,-0.0,-0.0,-182.69533613089357,-0.0,-0.0,-0.0,-0.0,-0.0,-0.0,-0.0,-0.0,-0.0,-0.0,-0.0,-0.0,-0.0,-0.0,-0.0,-0.0,-0.0,-0.0,-0.0,-0.0,-0.0,-0.0,-0.0,-0.0,-0.0,467.8189607077832,-0.0,-0.0,-0.0,-0.0,-178.36565605389768,-0.0,-0.0,-0.0,-0.0,-0.0,-0.0,-0.0,-0.0,-0.0,-0.0,-0.0,-0.0,-0.0,-0.0,-0.0,-0.0,-0.0,-0.0,-0.0,-0.0,-0.0,-0.0,-0.0,-0.0,-0.0,-0.0,-0.0,-0.0,-0.0,-0.0,-0.0,-0.0,-0.0,-0.0,-0.0,-0.0,-0.0,-0.0,-0.0,-0.0,-0.0,-0.0,-0.0,-0.0,-0.0,-0.0,-0.0,-0.0,-0.0,-0.0,-0.0,-0.0,-0.0,-0.0,-0.0,-0.0,-0.0,-0.0,-0.0,-0.0,-0.0,-0.0,-0.0,-0.0,-0.0,-0.0,-0.0,-0.0,-0.0,-0.0,-0.0,-0.0,-0.0,-0.0,-0.0,-0.0,-0.0,-0.0,-0.0,-0.0,-0.0,-0.0,-0.0,-0.0,-0.0,-0.0,-0.0,-0.0,-0.0,-0.0,-0.0,-0.0,-0.0,-0.0,-0.0,-0.0,-0.0,-0.0,-0.0,-0.0,-0.0,-0.0,-0.0,-0.0,-0.0,-0.0,-0.0,-0.0,-0.0,-0.0,-0.0,-0.0,-0.0,-0.0,-0.0,-0.0,-0.0,-0.0,-0.0,-0.0,-0.0,-0.0,-0.0,-0.0,-0.0,-0.0,-0.0,-0.0,-0.0,-0.0,-0.0,-0.0,-0.0,-0.0,-0.0,-0.0,-0.0,-0.0,-0.0,-0.0,-5880.466117050964,-57.16810418725259,39622.00708211476,-3971.011292935723,-4944.11999098314,80426.58981298498,-0.0,-7324.009882664409,973.8362712447778,2328.9279926138147,-26759.725314597155,-0.0,-5173.188379178882,-0.0,-0.0,37238.38264959066,-12270.852584577797,4210.881409771802,6953.679571170491,-4985.013196150908,-30063.948916041467,-9709.648261385613,56.812790213678795,-99.64399560208669,-6816.5415698816505,-0.0,-14654.715363259667,-20371.04610931283,17210.116465879968,-636.4664047704764,8.812412774228005,51933.23251392438,-3517.0959290025335,-132131.79637925696,-3127.785662569419,-25393.95330989891,-21144.61296946111,-7029.646922637455,-6812.268439066897,-16404.81277980985,14040.941762074885,-2741.9209185670425,-4608.24550335959,-4113.907733549104,-12486.237373088718,9200.300412791848,42138.41031429763,-1122.2074156486271,77.6849422732635,23857.234254403316,5948.070256615493,-621.8734448592224,16406.400999319794,9207.714946348475,-6415.276577876041,-8143.969350354458,-4311.791137888773,391.1764585970387,-0.0,-0.0,-298.62288935419605,-9083.477321387352,-3887.555621327973,-3402.5008598050877,-1946.6466806388921,-5153.667795524285,12243.456223523603,4082.028027608813,-9349.323744460693,22274.416305253755,-22470.510028710174,-38715.99451147198,77168.12622901314,-25606.75299039591,-10345.523776497914,-2445.57850975409,-4137.568449501201,-6748.741354673681,-5269.351017513545,-36906.26992035947,-0.0,-15176.831164874755,-0.0,3403.2770329689038,-0.0,-0.0,-15753.942826469456,-1358.096874027946,-0.0,-0.0,4472.359723520403,-0.0,-0.0,-0.0,-7837.475115862975,-5134.667752694962,-8285.703564667445,-8213.717436420773,8722.60458355267,-0.0,-33117.14169653259,51998.9135279111,-0.0,-0.0,-22620.661400403817,-11719.663606615784,209.98009184852378,56.67815736268099,-0.0,60515.758701096674,-0.0,-0.0,-0.0,-0.0,59164.47159032584,-1154.949626387966,-0.0,-12495.509489062431,-0.0,-6856.447200868292,-1491.2345138848034,-3634.537854883997,-17770.290283312177,13984.723269457392,-1660.0512618559076,-10443.725966308684,-0.0,-0.0,-5614.536994195022,-7760.406668002662,-11605.669322677204,64879.40634000452,-0.0,-200.48442185720208,14444.858355387587,3631.6710465717447,-2210.5809060287647,777.8276476563378,5937.545634765847,-4159.794501264991,-91.3473938587209,-20044.53513825361,495.5320493880686,15132.811741370833,-900.9752330172062,14254.302856856153,56405.40816348751,3463.529490950703,-75.13925371488482,10503.655704743844,-2322.624550605709,-8659.354157190746,-11406.496906560744,-16455.039621919972,-0.0,7299.180045584383,22338.761146380464,24252.531747565685,-10903.225215674272,8289.876501529543,9906.90365140602,-9144.842200309076,17964.3352731731,-16017.772525471244,-0.0,5131.209814554854,-13658.689945018681,-17792.64061604317,-9666.952247858842,28536.889351377893,3568.4979370983115,-0.0,-6839.186059223154,-0.0,-3092.9815296814368,108.57252213899302,-4528.572476628604,-0.0,230.2848651197075,-274.7638221229537,-24494.449907481052,-14249.325664667727,24649.026129419446,-7742.412898367915,3962.331605453868,6338.181907884791,-7320.721607243679,-5930.991517231362,-12929.501650848988,-0.0,-2377.9868972780973,-2002.2934644939444,-0.0,1428.0418557170003,-409.0449582930256,-0.0,-0.0,-16382.365816122925,-4002.472912923515,3330.0500693578183,-5431.537007735788,-0.0,-0.0,-0.0,61787.01826035387,22642.988779472642,-0.0,113.46358087605985,13560.53059323506,-0.0,-4840.759237318949,-2707.213922320364,-0.0,-4878.684759350986,-10211.604547673827,134311.68589443853,-13518.359970518193,-9800.05376086032,-37574.59998666914,-0.0,1639.2790385929686,3307.3475548122287,-10921.315472280814,33301.17555460648,-9092.060252632236,-44396.758617219784,-15920.533856868207,-10261.026760083154,-0.0,1375.86835631877,-5397.163696105468,26832.88402438023,-174.10658908688183,-478.9022410810873,-12048.381108112248,-10316.983418357591,33125.4574172971,-0.0,-2390.1956505922844,783.1120961259711,-0.0,-0.0,-0.0,-0.0,-0.0,-0.0,-0.0,-0.0,-0.0,-0.0,-0.0,-0.0,-0.0,-0.0,-2368.492746654973,-0.0,-0.0,3813.495017847432,-16315.440604142488,-774.9519015312281,-11517.711126607133,27779.498434981062,9014.893041189112,-4351.309094345712,3825.724158533839,49110.6167533733,-0.0,-0.0,-4671.165335682069,3581.480114373197,-7545.985442271943,-9368.486679195983,-0.0,-41.14425577151411,11151.005651338592,-5044.224905638785,-2995.612214329982,4039.123810413489,-27980.28721254512,33891.65177660844,-6405.482563404138,-1119.5834590412219,15142.118583206178,-0.0,-0.0,-0.0,-0.0,-0.0,-0.0,884.0129099485656,51433.8991613864,-11184.398187658782,-12232.52418634894,-9907.979891545197,-0.0,-10082.229678925261,-14492.623182318312,-0.0,-0.0,-0.0,508.6001938103953,465.01307342127467,753.9062709644259,2773.405908531028,-0.0,4385.172661687706,931.1090633960605,958.9197159953656,922.8970392817728,802.8701530205878,3137.4074433904843,1775.4727510610035,3017.396431721552,2714.825489318878,2958.5121193549116,3193.62944280037,40560.56887857263,38266.55142080251,45028.05589743136,41885.662889825435,10379.119404682835,9323.27102400759,9579.744814523034,10779.27862287262,5227.854401503709,2221.5629837313577,2308.757902908799,2400.0237466561234,2299.3046924425944,2420.716823341498,5067.582257139625,4760.570560132659,1627.4614118498298,1363.3637732589716,699.2501432420987,446.5908955768322,562.8655907152881,37298.45930932666,36127.314474233135,40345.666259029036,35791.87413454542,62955.445749681494,59539.4147487768,1434.090728068495,1295.5006894692892,1425.417140017355,1369.1803003929913,1334.2847672589182,1391.0047210850034,718.1292281035187,62860.949499412105,56054.79066866347,55499.21208283055,3031.0672128791534,2894.051343498059,3124.428715848753,-0.0,9068.2230575112,9703.374266933106,42074.05942651975,36562.251139630134,42951.865297772354,65379.264481499486,64024.23617989138,72956.34633017801,62731.03658381855,3007.130441983529,2591.314078564617,5564.465864807622,-0.0,21387.820142716682,24229.247299984836,-0.0,1694.4520853550775,1648.8535579794745,1659.2768167039703,1611.419580660037,1608.5167471873774,1630.423700340757,42334.9925021651,42590.53880064278,39650.911006716036,36247.367762204325,1289.051446015892,1401.204684243107,-0.0,-0.0,16361.525239561095,41090.40663194857,35928.95012322942,40060.931491107054,43319.02827633846,-0.0,59876.078032458514,55709.25936896063,1139.2844029964265,2529.310208289691,2419.412073700513,2587.0569730358875,2702.2025766670736,2734.0266018111342,63841.42047344297,61377.93548814132,-0.0,-0.0,17663.960586937224,1177.2536959286049,39927.24645742291,41873.989909204174,37127.884394994195,38658.71761495825,42312.21461564292,34922.72327047262,-0.0,17565.228330965412,10962.338614901959,-0.0,-0.0,1498.5225916586085,1600.3705394391188,826.4155717346971,921.1243623485843,476.09334576357287,482.60873511623896,-0.0,1136.8612771699338,1135.2171955699669,1209.8226228682881,1391.7924682746172,-0.0,1775.0169148431178,1730.5194692383682,2054.6222031951793,2672.2084155115044,2645.6060218721573,2428.6830755132137,854.5410970904179,963.4275091739696,949.9760732907971,1575.4762779340253,1014.478769465785,1094.5962063278728,1117.3449578536581,1029.7333737311212,9102.32768825624,9094.88405552461,292.12686103106637,287.3138667484242,3867.024154847332,15683.898169260367,1574.5440768669564,1681.6393367336786,-0.0,-0.0,9617.366037272444,9624.809296949157,9486.502979937597,8292.960942859168,2213.63933272209,2192.7497708293054,38808.77827086917,35541.62081630329,10396.523756164655,7738.58005313131,-0.0,56298.23219316275,2140.1220831115193,2529.798431290211,1142.8291507760755,60159.11974715722,60492.28572441369,64269.79844009046,53340.78897994268,227.7449137453773,62938.92024071386,57014.67439396238,-0.0,-0.0,26043.470620599255,-0.0,1311.8788509131573,1124.592306068994,1145.9043487135125,2450.344069183863,10366.061089370318,19397.387088574258,2022.5094926455952,1953.4611445051532,26.504298031564616,756.0525827600376,766.0549831923689,18160.779087515108,1583.9285651981675,-0.0,-0.0,-0.0,1149.2621389711417,-0.0,1202.173357957345,-0.0,6729.3806164688785,6831.192462807378,6141.6765459656735,6353.475531933977,960.4432165952853,-0.0,929.2277925633965,-0.0,-0.0,1055.801393870588,1113.143887460092,1155.7371271957552,977.1213440221103,863.8335471869724,808.2516295661823,1891.5763060976676,1806.4875152539896,1739.3997224220373,-0.0,3334.7672924377484,2920.3103900882847,3416.7411887666035,3266.5938671719036,5223.020334408214,54114.19064107309,56755.56834015657,11312.947000158538,23035.301016797235,16489.864160031884,19811.27930103144,1826.854110088339,2200.8118364857714,1008.3685182750168,926.9457133911634,2414.7835809504763,-0.0,42380.500768324404,36642.06958831578,1550.791726825727,1255.7242222489817,1340.8411559877065,5996.19810125499,3404.9715378453448,3211.548631487983,37516.14880761686,35491.27970348187,39475.69751710749,45723.29471639678,-0.0,-0.0,-0.0,2489.7345836178747,2656.056343082637,2755.190263921516,9963.3814062279,9525.536921737017,6899.197223654614,2562.4287566669404,2712.084368426913
9,-0.0,-0.0,-661.0835085803695,-2292.654660511817,-581.8887798716487,-551.2826284599983,-108.76771169406823,-674.5211168070425,-638.8613835048743,-0.0,-1426.2273016534375,-0.0,-0.0,-2912.668016399101,-0.0,-608.3921754416834,-487.77903247827817,-0.0,-48.944612553840074,-263.2132068091628,-332.7552010264421,-759.8464463301875,-970.8779653918166,-798.7702687897915,-2338.373581754899,-685.7054497193278,-0.0,-44.529304609425274,-3144.8446700452887,-1947.6269602475725,-0.0,-0.0,-0.0,-0.0,-0.0,-0.0,122.7700084675815,-225.2866553103829,-1977.4626618106383,-1686.4682982852996,-0.0,-0.0,-149.1317965951021,-581.7992080717737,-183.14985354696253,-0.0,753.4173402391792,-1974.6268641394886,-435.2392578956865,-0.0,-0.0,-296.83564010543205,-0.0,-12.537528936756248,-2310.1572220019316,-3131.7206038645386,224.3299525378438,-6413.259860597335,-238.03029633240618,-0.0,-2011.7786466106102,-0.0,-740.685112051237,-3326.854557841128,-548.018624620754,-547.2143850012357,-46.49766726306204,-2355.988278893188,-972.8763386506525,-499.6254893211332,-3105.9923730808882,-0.0,-0.0,-2896.310080048778,-1115.5575974697804,-250.77604154570665,-1930.992823008798,-0.0,-0.0,-1470.2939504358515,-1580.0409703509245,-553.640976666686,-3827.2932131324615,4.371963457356557,-29.319104734688814,-2324.3087221228666,-0.0,-671.6821711402212,-1083.9746529698318,-8.295775341424505,-0.0,-1465.3621982359398,-93.3396886047983,-877.7208690917527,-2357.748950696085,-44.90088517054879,-2829.3868602730195,-467.5744177152844,-1553.222539094524,-3084.5961834806553,-784.9885605375956,743.6380852468342,-608.3943109814579,-0.0,-1531.9230789107346,-2576.391660346389,-5147.297447896143,-512.6556045862473,-3377.4311734879725,-0.0,-1804.7688358156236,-0.0,-0.0,-603.3004276530048,-0.0,-0.0,-732.593052131206,-90.55379085823446,-1672.0577980950732,-1013.0943428979758,-904.5783718651695,262.71138375809517,-511.4738973484626,-340.3844616488941,-236.94168404876774,-9.07720249032209,-605.5351028918429,-682.2112031701328,-846.9734704828736,-0.0,-5449.283637794587,139.7536831813378,-121.20462069662426,-4924.128225190348,-0.0,-1163.2043545290956,-71.64136649684987,-0.0,-356.74354903220194,-0.0,-0.0,-943.723865451686,-0.0,-785.4090932828974,-1015.971065899179,-0.0,-1232.530278049624,-319.0818984837392,-707.5068766089458,-2386.4991091893503,-0.0,-1883.4996078932188,-1325.7196812922164,-0.0,-0.0,-0.0,-0.0,758.5516010669656,-0.0,-1820.5653762183283,-1942.5427992705497,12.62794406023804,-0.0,-0.0,-767.0906388661635,-607.7904122526046,-853.9969305595445,-0.0,-488.9916863993757,-3408.9660485230324,-1182.0260274021427,-0.0,-1358.2007262731984,-2790.9546344091596,-0.0,-0.0,-0.0,-0.0,-0.0,-0.0,-565.0386902114614,-691.0736074525928,-264.4989504207557,-224.8504746698423,-1521.0651193055046,-59.32985112769706,-0.0,-0.0,-806.3754788239974,-0.0,-632.55232484425,-32.638022859255635,-4.836833905436373,6.635700118997473,-0.0,-0.0,-1346.9631950782084,-483.32987475963256,-534.1940312359104,-0.0,-3866.0401703122693,-2274.1598946055637,-1175.2338916986325,-0.0,-0.0,-2520.6611997708865,-1665.4719351045126,-746.8491778271484,-96.22234262212054,-1929.6904879798774,-1609.1513057558332,-0.0,-0.0,-1911.0120691666,-0.0,-898.6850058305359,-1461.8481069984398,-156.02159369616234,-473.7273671266203,-681.2261442272089,-644.0102983488134,-0.0,-1741.1331421242473,-0.0,-3817.5926573492698,-3227.773879506013,-210.99466539406106,-454.5072561033499,-536.5704372464927,-0.0,-323.22466959721106,-299.65817984030707,-0.0,-1228.2737508997232,-784.983010237624,-1277.1915152549009,-1794.241048806752,-1057.506983606372,-2448.812191997545,-2388.573595207889,-2780.280881207907,-2539.319901434611,-1169.5842746082112,-2445.199890288525,-584.0825698410317,-671.2688837569965,-0.0,-1380.8496287132923,-1239.0724456967216,-1139.2014292197625,-472.31641795918193,-454.4257379753692,-2324.2986911521457,-886.3633650968648,-474.06406277880245,717.7772872584078,-0.0,1145.4911249110926,-1565.2047942246354,-0.0,-0.0,-0.0,-0.0,-0.0,-0.0,-1469.8034465810044,-3134.5510488641244,-570.5499989216412,-1120.4470311531468,-0.0,-0.0,-2104.698106535155,-1376.9411330070784,-2394.067273935444,-0.0,-0.0,-158.26616761706134,-66.89153972176535,-452.2472486999687,-2131.6654389070495,-574.0002894756935,-0.0,-592.6300722886959,-778.6739640773228,78.27282495380932,-1367.1427424987899,-1681.3133553116888,-1523.958986340106,-2084.822393231088,-352.98273293948665,-671.407178736113,-47.75435032532779,-1984.1213126333885,-0.0,-964.5388015275131,-188.2454865114276,-96.58453122585527,-668.6901111334623,-0.0,-2463.2095516042496,-147.0189524345214,-779.8495830029253,-1811.2808083772788,-1791.6205868690245,-0.0,-655.5324783769768,-881.6254586894521,-29.19163231038867,-288.0113676637431,-575.9279931001768,-63.811174494321094,781.1107705791106,-1352.9034959799396,-0.0,-1065.7106516009544,-1761.447201601812,-0.0,-566.4707462838048,-0.0,-1768.0172519454172,-0.0,-0.0,-0.0,-1329.6459694012758,-831.5892014695147,-527.7900584547386,-0.0,-1826.0385368490279,-3522.4593081826883,-4223.776749825843,-0.0,-382.2016672048858,-0.0,-324.07175647964556,-131.68341032872408,284.1138198802424,-658.4944957242757,-0.0,-793.6148227547849,-1049.310738435657,-361.2559525400399,-666.51046677253,-0.0,-504.92093408848336,-1048.9546248798047,-621.2135845258484,34.935509957134876,-2605.8018204051145,-0.0,-0.0,-1591.505866302138,-287.3203958329196,-1571.0022168820733,-109.57554638290655,-146.41659178123737,-248.7933646636437,-699.8826446893679,-1147.604116900084,-1534.565185031006,-2382.0536048288564,-0.0,-0.0,-459.72596683266016,5652.851664568837,4.933567088960154,-0.0,-0.0,-0.0,-0.0,-2642.920158478181,-552.6787819751326,-0.0,-1128.0801804984194,-1054.6834364950475,-848.6784667356169,-2522.321144841451,-288.25966707444417,-1330.2273817272742,-0.0,-0.0,-2268.7589182479496,-768.1538747207663,-1946.4969939799705,-823.7421904871317,-936.9842303436758,-2087.9635165347927,-251.41490720447555,-1902.8320674329466,-1247.403420252499,-35.814759381609015,-1163.9614786767518,-1281.0835639420873,-261.0125631449494,-254.30757124765344,-2175.976934788972,-0.0,-535.9684277409045,-318.57997980430866,-34.97368046021536,-908.3348241786504,-242.69047170831107,-1077.9348358850082,-1002.3207980498992,-1430.3878546499927,-265.88775523560884,-2869.0596060919147,-65.35949529065081,-684.9596564216743,-0.0,-897.196238367375,-852.7066333502635,-1094.8709006970737,-1311.8089887291003,16.47404400232001,-461.74645801330774,-2930.2506869947574,-901.2504976153865,-433.7191981992179,-1290.4221170094293,198.39018714430145,-0.0,-0.0,-0.0,-0.0,-0.0,-0.0,-12.50546294872662,-196.31253008476665,-2611.9497700616457,-5577.668102639699,-556.9773263015493,-1110.7004475391225,-157.04453755728792,-603.6838279165186,-1532.1242406121974,-1267.5542304760545,-44.72454620344979,-616.2591001040039,-562.8326528065197,-0.0,-107.63065217703243,-1266.587612480569,-540.720443594419,-0.0,-1171.3806935285334,-0.0,726.5351215801085,-0.0,-0.0,-0.0,-46.243489526015686,-0.0,-0.0,-1217.810744966054,-477.35279218761923,-1367.8208123800482,-0.0,-0.0,-0.0,-1016.9564636879256,-661.9856643147559,-1505.7399243720233,35.687645275150096,316.83252165354435,-0.0,-0.0,-3514.3766800394233,-1400.7538303457877,26.445608897950613,-65.16568435546904,13.18101043771521,-21442.257002233946,-21312.405875526827,-2657.8939563325694,-0.0,-0.0,-0.0,-0.0,-497.2827908485931,-0.0,-0.0,-695.4261729188264,-2581.957231442044,-2247.5432577634006,-1533.9335337156278,-393.8006416426869,-2096.6047942424357,-36.33593911089194,-1476.5551077554308,1112.0763321066129,-8.404153472748296,-1032.2561933787533,4.439945624506713,-0.0,-0.0,-0.0,-0.0,-181.91617395205716,-0.0,-0.0,-0.0,-1053.2529191762137,-1688.6262441552024,-0.0,-0.0,-293.52740844313064,-2535.317751239983,-0.0,-1616.3250769478038,-1901.5998001601672,-2325.232631953194,-0.0,-0.0,-118.88809230217649,-98.49660466791585,-1179.0951536178475,-1724.466922052579,-639.0728995046017,-1513.0737415017322,-1435.5958495907234,-0.0,-0.0,-0.0,-0.0,-491.18986463135184,-293.3134582877017,-0.0,-0.0,-111.5903073414317,266.16567219783263,-0.0,-1432.300323645898,-1191.3728815997056,-1238.5290518343033,-0.0,-0.0,-733.8731036811764,-1386.9006114860772,-860.2309559542035,-474.58979867479434,-0.0,-2546.343829247355,-2667.18506049957,-0.0,-0.0,-0.0,-0.0,-0.0,-1685.847045379911,-0.0,-2614.4369552302746,-1513.347228263062,-81.31859239412064,-0.0,-0.0,-0.0,-3129.866017308715,-1545.6403232602108,-636.0956185491194,-549.3848195511681,-1410.8405581198408,-736.6364178947239,-0.0,-0.0,-803.9517921624365,-1593.5752452089002,-80.92561500815366,-545.459828370196,-0.0,-1009.6966302763769,-769.6903057578561,-2095.432908640248,-0.0,-368.16326103540786,-152.41667892476988,-380.37688817584245,-1694.0965454275668,-340.41118050570486,-0.0,-0.0,-0.0,-0.0,130.3038224365238,-170.3682257201605,-1028.4698286520138,-1748.3687539903851,-1315.745614965208,-521.9490368682721,-679.0892314878307,-6874.562344320372,-959.8153965229504,-627.3258055955234,-0.0,-0.0,-0.0,-324.6164080672566,-463.80874558989495,-1457.6682560868087,-430.3397784404793,-0.0,39.59681379317085,-0.0,-0.0,-0.0,-0.0,-0.0,-0.0,-0.0,-116.61280686289295,1894.3179398549273,-0.0,-1741.8686431759809,-813.8818530471679,-490.3373366798122,-1913.0480692416074,-0.0,-0.0,-782.7089456151119,-798.967794820006,-131.46948961682858,-152.602741993147,-162.48520842234367,-721.2322160932944,-184.63181081794508,-2168.267472047206,-412.42835684439973,-476.7088783522737,-0.0,-0.0,-1731.3975058169035,-3283.336054647028,32.331177837021336,-601.8539930234568,-421.9828478180857,-1065.4489673569603,-1457.838522796709,-879.0254518676606,-337.4570488845805,-192.35462501275356,-1490.3373069465479,-0.0,-0.0,-0.0,-0.0,-0.0,9174.7442937315,-84.07287826277675,-625.2144047654451,-790.2064560152421,-1256.4061490181978,-1381.6832036657545,-1511.1395768147338,-1884.0674657093239,-2174.6602331743243,-513.7185517355931,-0.0,-0.0,-1738.4160620543823,-0.0,-0.0,-359.073562637575,-2256.627003804696,-1420.7888597913548,-571.6370706873959,-72.6927808721932,-1915.2727990148564,-0.0,-1658.245979290706,-0.0,-0.0,-0.0,-0.0,-0.0,-0.0,-559.8521826458317,-1517.9109613633325,-1230.9398278438919,-97.8532777339646,-284.1108994675402,-701.4378314613872,61.354941864822145,-0.0,-0.0,-664.2206158023466,-630.5833074025373,-4623.865289919858,-0.0,-1465.2224300126877,299.24540993232625,154.74106742474638,-0.0,147.35831990630246,-229.0865358264538,-171.39501886070028,-525.5448400712544,-0.0,-2036.8629249336257,-0.0,-0.0,-1260.3158563074414,-0.0,2806.785483434482,2730.628766607421,2575.851803429046,-0.0,-0.0,-2098.055722081722,-0.0,-0.0,-401.7212621814809,-1073.694205392117,-857.3097822690006,-1047.8488863087696,-1244.6147426296009,-0.0,-0.0,-0.0,-0.0,-848.4534694847457,9.917115127780217,-62.81993522972955,-1204.1564864185139,-1158.2304825809078,-433.33342878488526,-1713.9820872221057,-0.0,-2426.7646458542763,-1257.9842598858988,-1642.0642570980506,-486.9381948662859,-450.41115622796383,-0.0,-1492.804030169485,-833.000163941806,-1018.5400650311474,-2465.396609203476,-659.1320977902567,1223.2358236441069,550.9932410910884,-381.0583558639425,-1445.6460027589703,-0.0,-2019.876521494052,-4050.960186261898,-513.7721488214706,-559.5629284148695,-0.0,-0.0,-0.0,245.41843131855956,-412.87954771035817,-606.7080504582552,-171.88443748513689,-551.2705254502774,-590.2555505432042,-0.0,-503.2773919650696,-1089.0319407043787,-851.6299459165074,-0.0,-2097.8260927677857,-5081.765697989637,-0.0,-0.0,830.73281948018,723.8582484872081,-0.0,-0.0,-752.219777163707,-1078.023939470099,-379.1273419218994,-784.3147524492738,-0.0,-0.0,-0.0,-0.0,-0.0,-3124.706760638812,-499.887044512178,-1890.555269692361,-1319.4139901887033,-0.0,-498.3653421304198,-467.2845771506989,-0.0,-257.76083918909416,-803.0631649602947,-1387.8814395215675,-4672.681467098726,-90.76810563451667,-0.0,-0.0,395.79003393099254,909.8289912173565,-0.0,-0.0,-439.7144460412861,-0.0,-0.0,-0.0,-2954.652240847282,-0.0,-624.2204293688909,-0.0,-0.0,1991.5669666122571,2495.5931747866243,2379.6210158133067,-0.0,-0.0,-535.43040699155,993.3916080746337,-3010.252580821444,29.229315626883643,88.92417344569843,-2892.7676099046344,-124.59485387800756,-231.93772614998554,-753.8131406721456,1110.5321413738116,3824.4518768336648,-3458.240381302968,-0.0,-0.0,-1114.152865159021,-1907.460968871465,-1379.0681268458286,-274.3795013697873,-49.569334317650025,-0.0,-0.0,-0.0,-0.0,-2297.026250147477,354.64584433995674,-0.0,-4.205271679286424,-0.0,-1909.8053182777708,-2370.8851702092034,219.32547066825396,-0.0,-0.0,-440.8725289112659,-0.0,-1947.3379399532946,-110.31180625551275,-1334.57180254665,-521.6145248931614,-1369.1878024413923,-765.9665451298451,-1322.688240407937,-797.2865901440077,-0.0,-0.0,-0.0,-134.5455209151057,-0.0,-0.0,-307.8463270187529,-439.7735378349574,-765.8597173901848,-0.0,-1588.9910904134658,-1228.7242091707592,-1032.8475053221769,-8.535059183209663,-8.724060044369823,321.9762949544641,46.301893718722695,-0.0,-0.0,-14.371815322895374,-2058.7222880315544,-717.3708772967373,-1117.1768197278525,118.99956117952351,-2537.4765299733917,-2115.8340181815606,-1112.0905693961836,-1244.579130984483,-52.52444958018532,-676.7348447373114,-821.5974781836961,-1466.005569465229,-2367.5607316348687,-0.0,-2369.235598853399,-176.34048374017758,-0.0,-2906.5600835346263,-3107.8529510935796,-2713.7600063241907,1784.5216786575309,-0.0,-2046.7553991622308,-266.6306845300494,-1442.4545220466455,-690.477469857129,-138.6750228600467,-2559.17699839692,125.92561459129946,1933.9879808135663,-0.0,-234.59129849104752,-474.7775994919357,-1261.5774082146856,-1369.144543685541,-2020.5300101623568,-4734.7818444431105,-0.0,-659.831154361735,-1517.2588659589812,-798.703268615133,-279.8571523830369,-32.17253289244398,-360.8207533423716,-0.0,-0.0,-0.0,-0.0,-381.8112973763416,-1467.6471782151293,-1016.1763354046271,-74.02878456793404,-665.7533386437395,185.64483058307823,-0.0,-0.0,-1006.5489253563375,-588.2820104433083,-0.0,-2477.332248128503,-109.43169148427562,-1500.996404005907,-0.0,-234.95375813580702,-228.63534810446674,-0.0,-0.0,-532.2970749633312,-0.0,-0.0,-4773.057830925672,-222.42781532758548,-2888.497116220403,-0.0,-0.0,-126.80246823232494,-1715.4681781142956,-703.3112228490509,-434.0625674151639,-1708.7520252180852,-0.0,-795.7699800347555,-0.0,-616.931486135623,-0.0,-0.0,-229.6255261694566,-96.3739338139634,12.868492343352317,-456.097254665454,-1643.5821287011916,-2426.9718815678616,-0.0,-0.0,-0.0,-28.949081382873842,-433.03137559247233,-0.0,-1877.4777920222682,-3342.199804770776,-0.0,-0.0,-65.66596267216876,-1866.994442773406,135.80921843157986,-0.0,-0.0,-0.0,-0.0,-542.9835051814091,-2448.9218895863814,-236.62783302010462,-1585.03904831213,-0.0,-0.0,-747.4554078552984,-549.8917936086351,-393.14180979678,42.840216532937916,-0.0,-0.0,-0.0,-972.5164597325037,-754.9473088655124,-583.8691733996382,-369.60834481988644,-0.0,-0.0,-0.0,-0.0,-2683.758479950183,-95.43879226155973,-27.24419809474684,-0.0,-0.0,-775.5499472796275,-420.43361529392155,-0.0,-2182.317555922805,-5169.7064986436735,121.63352106409876,-1355.2199127419565,-0.0,-0.0,72.13684024976834,-578.8419248054313,-2106.2999476258215,-594.7876990753983,-3337.8935414855637,-1449.8129451955197,-878.8729288260911,-1647.696080500433,-0.0,-0.0,-0.0,-42.15825724234013,-1443.9924642880892,-0.0,-0.0,-3467.557455391231,-92.60955639592758,-1609.2922839529538,-892.8388248145833,-0.0,-0.0,-0.0,-0.0,-0.0,-0.0,-812.0405168082101,-0.0,-1813.1349745769903,-0.0,78.80015060489347,-1519.1314860300506,-0.0,-0.0,-0.0,-2555.970891603044,-0.0,-0.0,-587.4208304618937,-0.0,-0.0,-1201.1564939439827,-662.1886402133867,-0.0,-0.0,-207.0908426855548,-2259.7618310227717,-0.0,-1268.585592010186,-975.7294218528511,968.7399165284413,-217.57408091490356,-0.0,-649.332931418884,-2.548853854075841,-0.0,-25.203082735618064,-0.0,-414.64904142962956,-0.0,-0.0,-0.0,-0.0,714.6906868273251,762.1551203143108,-1021.1237421891093,-1829.546661287641,-0.0,89.03129156502914,-4.5919171761100115,-96.34533204140394,-1061.8452486716687,143.42059644429335,-617.8091102969563,-467.8171873008324,-213.8627673427362,-3862.1908281438223,-0.0,-266.2219232968735,-2047.5881195437526,-2862.0240212802332,-0.0,-1297.9101431464712,-1964.5957291686036,-2385.6680749815455,-857.240679518416,-0.0,-1046.9882279914534,-837.9315840373741,-912.6565577298925,-1428.3756325956822,-1136.070949570805,-0.0,-144.0800713243923,-1535.7428597557616,-0.0,1365.278898536932,-444.5970152520934,756.0182860321237,-0.0,-0.0,-112.61753134843062,-49.61828445357252,-2750.523306170316,-1058.4668634085222,-0.0,-1122.8707453004963,-3613.4725674750634,-1052.2005716306899,-997.076266853947,-1350.2906848594685,-457.30492051037675,12.954499934125405,-46.25977434493864,-0.0,-0.0,-1113.8549856811258,-87.27030980278889,-0.0,-0.0,-2234.324443846147,-783.5825555211616,-709.4941028822979,-2215.2301358708155,-110.68878495109766,-20.55907523579129,-2985.887710640135,-1030.716421989292,-712.9324195013625,-1201.8497791659345,-0.0,-2533.060662251421,-504.9506526518011,-1498.0978436262556,-1867.9975384650627,-441.5478621261737,-610.8533453549502,-1980.643342470924,-545.2808999006838,-0.0,-0.0,-0.0,-1551.3182759341032,-0.0,-3915.074548098037,-1367.3469905780207,-1713.8022861793609,-0.0,-0.0,-0.0,-0.0,-0.0,-153.07626241327094,-0.0,-279.2731026847613,-1086.5430560927907,-427.1651624771248,-0.0,-0.0,12.448812970596872,-0.0,-0.0,46.997072411321945,-334.2427822212587,-0.0,-626.7664186415404,-0.0,-0.0,-96.97008604676218,-13.369815893829033,-2965.165832769875,-2573.896541443997,50.989549708161256,-7308.993324379365,-1040.4827269115033,-668.9723784933934,-0.0,-896.8835255625853,-1588.722553817305,-0.0,-0.0,-0.0,33.109770230187735,-0.0,-1634.011090605268,-0.0,-1633.2421561506926,-0.0,-0.0,-2704.043647467397,-425.15927007445123,-727.8197327293111,-0.0,-0.0,-0.0,-0.0,-314.49298709487226,-716.9414026170052,1436.3040624574032,1149.0346747264257,-804.7938204143911,-9.868801635690957,-0.0,-340.068118851366,-370.0076817456124,-1995.4306562528004,-633.3194742969407,-134.6615414264143,-1171.9098240173887,-1627.8289426772171,-1058.967576070593,-700.66878070133,-0.0,-0.0,-0.0,-82.33117790736142,-0.0,-1947.5814285544336,-760.8152992125613,-0.0,-2068.3982562960364,-1287.0026769955991,-0.0,-0.0,-0.0,-0.0,-0.0,-1162.1494496768466,-0.0,-322.4696334753469,-1907.027374092805,-0.0,-1219.7269797071353,-0.0,-0.0,-0.0,-3006.6948439738608,-1480.6648490156754,-1107.4269812928617,-2615.243839983012,-0.0,-0.0,-0.0,-93.25762159966469,-574.6704292881092,4.311331656151032,-470.17243635971204,-336.5852844661448,-0.0,-0.0,-386.543359801119,-1745.2459474340071,-3961.2490240630223,-0.0,-498.84111412149963,-1398.0358314237048,-480.5182811126483,-546.5981666232364,-0.0,-0.0,-0.0,-2020.2240101769298,-1964.764933412953,-46.02219208815494,-1926.003007063027,-654.2945059169821,-466.92384252326434,-8.774666108234461,-1412.2071677508934,-0.0,-2289.537760908149,-0.0,-535.3577222710917,-0.0,103.89563426359499,-0.0,-0.0,-636.047992518913,-1019.525198361194,-9.217672449234016,-0.0,1354.423786406854,-0.0,-0.0,-2086.5448848637984,-1873.1306340677402,-1240.2161228782074,-0.0,-471.70408279017636,-776.9822642872516,-1753.079106974276,-0.0,-0.0,126.35951157993746,-844.9313504454453,-0.0,-0.0,4.776836940638349,723.6350524018585,12.551686622233078,-1680.914288410507,-0.0,-0.0,-1894.511503306721,-1944.084749185073,-93.02507682599692,-0.0,-187.27425452676997,-863.2274821440965,-1151.2013781348287,-1967.016421491068,-0.0,-1077.838889823155,-7.302806031152276,-0.0,-1803.9594220090542,-0.0,-0.0,-0.0,-0.0,-755.7321783782472,4.544059702883806,-17.91348219617826,-0.0,-0.0,-645.7572618107675,-0.0,-0.0,822.1905718456303,-1233.5422324712315,-51.39938346982128,-2454.5487477767842,-0.0,-0.0,-620.0054023510278,-0.0,-343.92580903591954,-1360.139732982683,-1180.9597360996868,-1205.4344288079799,-0.0,-0.0,1614.868084430884,-0.0,978.7954604704373,1082.1493854456974,-44.59174153207645,-902.2503090666737,-0.0,-0.0,-127.79966380113122,240.25250153141172,-920.2256914786352,-425.7024464744183,-1320.336925865409,-3014.4871101539093,-2302.226933007349,-0.0,-0.0,-297.20468916240765,-6397.154174883324,-642.1830784368332,-584.2971839929835,-0.0,-0.0,-656.2293549567902,-0.0,-1117.431078980954,-1604.8369285314466,-749.0673523733586,-0.0,-0.0,-59.691703142325494,-0.0,-177.9828086118965,-1410.321538974368,34.891041683798925,-797.04010291953,-526.973667534326,-280.8834681289331,-791.2965138298704,-2833.1287804411886,-16.975458464192144,-1377.788001166701,48.7641918218111,-1223.9540930891658,-305.1519694159187,-0.0,-0.0,-229.74319149769056,-0.0,-0.0,-1966.957768077083,-724.9088888418338,-0.0,-872.7740135755864,-645.3231311878991,-0.0,-0.0,-1811.1381874142,-889.4447128903912,-1659.2060797892245,-1713.541393902947,-0.0,-111.40490274028127,-3216.1564303412374,-1088.7903423233258,-357.59961240384143,1860.4689488151455,-1961.9225687940923,-1459.3264319408345,4.220336795520026,-951.4343510535265,8.842167449920208,-2051.261510046019,-0.0,-3598.6739291497133,-910.3280626967965,-0.0,-1967.924284038944,-1716.0111160293998,-0.0,-227.43137699488497,-953.5550045806007,-1136.876101169834,-1751.1256567812757,-868.9319955943903,-529.8415100060299,-656.6711503848409,-0.0,-173.63108436521804,-0.0,-2883.708033337589,18.07930972322132,-3766.6340408047176,-901.9945146326928,-48.76781526165581,-48.51059815196597,-1548.0469609506747,-1077.7237660929702,-0.0,-544.5653450443726,-0.0,-0.0,-747.747982929017,-0.0,-0.0,-0.0,-0.0,-0.0,-0.0,-0.0,-844.538054505015,-535.6143124240468,-2943.886457945766,-2943.7587821140655,-0.0,-0.0,-1359.827216598561,-2208.7260899310204,-546.8164685082459,-231.76515808283864,26.683978027173378,-0.0,-1531.5406568798237,-0.0,-2792.721509965279,-0.0,-0.0,-0.0,-0.0,-2083.152308197671,-262.320654600513,-585.5520483320126,-1292.4717338840337,-1403.7037982925738,-1182.1047805894561,-831.9501676154929,-1357.5217426492088,-0.0,-0.0,-0.0,-0.0,-723.8592548396828,-495.6670166709986,-1665.9939830806923,-0.0,-823.0375526368515,-6119.842294971008,-722.2580534245125,-885.1824858770904,-3817.744598472765,-844.462529744268,-0.0,-574.3636518447264,-575.5492413736517,-1290.0113982440027,-756.0109626272244,-1767.930739273029,-1855.5919875536933,-0.0,-0.0,-0.0,-0.0,-1686.5940074899374,9845.643888527555,7317.171988264564,-0.0,-0.0,-0.0,-0.0,-2385.863244525217,-1112.8130334137716,-82.93404287150405,-1709.5702457385637,-860.1556551327966,-0.0,-0.0,-0.0,-0.0,-861.9420241904976,-0.0,-1947.4196354045584,-296.26993275366556,-0.0,-0.0,-0.0,-0.0,-124.73789822493218,-541.5983536010128,-482.59171890229396,-977.615675324421,-1089.1692006036153,-1301.0920833007851,-1068.3002215843062,-362.85692144901725,-1580.9521043467976,-1879.713796590576,-1309.6231366957682,-1867.6311392864932,-42.736146467260184,-1422.4042535053009,-1080.5995244955602,-1009.5763836326975,-1721.50242503804,-349.22342216824836,-2934.8526141613706,-1903.2363024384981,-2060.1032185637573,-691.4887479135334,-591.2976800709254,-1361.4896237731925,-0.0,-1098.9155811736018,-0.0,-3668.0786682475104,-1020.0844357488239,-363.65352588329404,-1849.6249771148455,-1702.8149051065957,-1285.0821412371579,-0.0,-0.0,-0.0,-0.0,-934.1177074313122,-3555.347395263382,-1931.73685409827,-0.0,-0.0,-1142.0941661590314,-0.0,-0.0,-1270.2897319110361,-523.137399157747,-1067.3698989829772,-597.2463666463035,602.7108479243113,-1278.1020210393615,-716.8769815652457,-1921.5493819439428,-0.0,1497.601305232649,-0.0,-0.0,-1161.1948822623456,-5713.076478475211,-0.0,1653.2776016583473,380.4452396292455,-844.2992236419468,-263.0955923567234,-0.0,-1954.6475393734095,-1152.1248656921414,-2625.8695285498957,-2288.813376752124,-408.80849239098495,-0.0,-576.9732972245474,-212.6051115858586,-0.0,-1329.3353619626814,-0.0,-2000.7100645762255,-2829.6279010098688,75.74997592796419,-2619.0824734797784,-2194.566589677592,-0.0,-595.124594177098,-1511.9669866927125,-2536.5949213117847,-0.0,-460.95525543629327,-2778.5983645589263,-1046.1887566194625,-921.1899485389204,-1080.8443776317972,-470.7250498498023,-981.7282744179782,-1692.1185610301063,-0.0,-1092.8379315399675,122.63910300790387,-1370.5757219268678,-0.0,-568.6210010974022,112.30414103286567,-1180.806947535709,-720.3441747340275,-0.0,-594.6812997144939,-462.7351828628921,-2030.7073054474338,-1295.9063768227827,-1873.1227898066481,-988.761114073427,-784.5190055930444,-1127.7651594130061,-2186.526563865488,-25.659983671096015,-0.0,-538.1380220377337,-758.2795666773533,-1473.4853997980101,-2323.0373868689553,-381.3569883346708,-780.6997024766484,74.82715765899272,-1041.4693272042166,-1320.1471136496539,-1016.6438752129092,-0.0,-1005.7040206613965,-64.6693093660458,-2705.20019082829,-0.0,-502.87441470091517,-1001.7320034605093,-574.3916262497088,-2781.222848795712,-203.23515052236243,-1782.4637144578273,-843.1751551388901,-2746.611060675898,-0.0,356.44203604459267,-0.0,-0.0,-357.6779354811117,-0.0,-0.0,-4243.466975734639,-34.57964888868295,-46.68627605770763,103.60356803305919,-1554.357537937208,-0.0,-0.0,-0.0,-0.0,-0.0,-34.6779239839632,-0.0,-382.10879793988363,-0.0,-371.0304425875504,-1854.2406569224818,609.7590379607282,-3079.1692825660143,-0.0,-0.0,-0.0,-0.0,-0.0,-0.0,-0.0,-0.0,-0.0,-3091.8202636225874,-0.0,-3174.7325043105634,-3281.5307088508102,-42.25596205894435,-0.0,-0.0,-0.0,-0.0,-988.161749181216,-1210.834960015075,-0.0,168.39682058416247,-703.4229396201089,-2291.540627212238,-734.9867871351139,-0.0,-640.9728372282767,-1110.077829242283,-0.0,-0.0,-722.8967052896959,-908.6036205252299,727.7933847526666,-577.9949586907225,30.51030830754062,32.34648485529617,-0.0,-0.0,-0.0,1938.6868048798485,1518.5549134183664,1660.4453749165764,-0.0,-0.0,-0.0,-862.868658091551,-0.0,-0.0,-989.6307723905335,-84.4495271509395,-470.5787170695626,-64.97877790023553,-1240.8712109541605,-866.4260410198455,-1474.237181161098,-146.30821927762887,-301.7578149100186,-1297.2038179620852,-0.0,-2601.093368088739,-17.25548064884039,-1036.2541946831277,-949.5840286969084,-18.95765876362236,-0.0,-1345.8077110306347,69.6993493445153,-0.0,-0.0,-0.0,-0.0,-0.0,-1624.132644375617,-3964.6681055977574,-0.0,-754.6124486279591,-69.87274916235476,-0.0,-0.0,-0.0,-522.3840684030853,-29.075563117522165,-0.0,-1427.4247129000746,-776.2821174374267,-0.0,-0.0,-611.5530489472098,-0.0,-0.0,-1887.0344122370352,-1670.3468672110578,-0.0,-965.9318216067095,-2320.1317192387887,-90.59269460761574,-0.0,-0.0,-297.28351516374994,-917.1578602953207,-274.98837722657606,-209.66323834324388,-163.72358609836584,-0.0,-0.0,-0.0,-1386.6753087375505,-1202.7078395133426,-2461.184222224306,-324.6458376338586,-1507.3083052676345,-123.23533938594895,-192.16373365777713,-567.2034947895037,-2102.1675789644196,-0.0,-0.0,-1767.0506189951354,-1977.7188421369942,-0.0,-0.0,-0.0,-686.9382846988082,-2235.8140866497138,-3853.3000704308693,-0.0,61.00737280813027,-214.87834577917724,-740.8415054605534,-682.7322294003563,-2267.764631103008,-0.0,-1743.0986391781828,58.558620731499815,9.689639753536209,-302.0438996139353,-0.0,86.77914401448623,-315.5373977047877,-525.4212537259235,9.431870091390305,-0.0,-0.0,-855.7571806732186,-13.283303280252898,-0.0,-1559.2518344112761,-1071.0009510366021,-1376.4352413539593,-928.3680289548909,-1431.2551976004916,-1742.5204427883916,-0.0,-0.0,-0.0,-0.0,-0.0,-423.8507986541183,-706.7474370083883,-1384.5296638974419,-1487.7059396950447,845.2948683775348,-1700.3693161176443,1893.3948816642,-0.0,-2437.518483363519,-1910.0335093083072,-907.2485287720929,-35.72295822404052,-123.66433529134106,-2502.4207509285006,-249.62462090865466,-0.0,164.690539131809,-1084.2206137731434,-0.0,-0.0,-637.1258357495872,-431.81566521988964,-480.86830841458925,-1374.6043645933707,-1795.716748633675,-0.0,-1710.8187189434873,-1423.8195100648697,-5205.642384439896,722.1947797811705,609.6449269999574,796.9231152784018,727.6530633951049,-0.0,-0.0,-0.0,-0.0,-0.0,-0.0,-0.0,-0.0,-661.1053909908628,-0.0,-54.38056790609258,-49.222033616664234,-0.0,-1248.1739531555454,-1491.4827865962552,-2195.2448626562928,-0.0,-0.0,-0.0,71.08121773446341,-3683.1764009503518,-715.2903216474834,-3102.1267973055847,-1998.2046914666018,-0.0,-0.0,-184.96830210994315,-1448.5873333923232,-0.0,-2559.7117531734325,-786.1211266744642,-0.0,-0.0,-0.0,-2406.8898895889856,-0.0,-0.0,-0.0,-0.0,-0.0,404.4485489923566,-0.0,-0.0,-0.0,-1086.8014615769948,-0.0,-0.0,-0.0,-0.0,-0.0,-0.0,-0.0,-576.2019435343929,-1139.010615773889,-1546.1098342129274,-1793.6883903988996,-646.2237118362,-1262.447545089888,-39.0847334567741,-0.0,-721.6357274886532,-52.19653731527853,-0.0,-0.0,-0.0,-0.0,-926.299832932754,-0.0,-618.4106691073567,-1494.6103759457467,902.6584370000676,735.7140660559731,909.4814061482881,795.3314686350924,827.0115077382483,-0.0,-0.0,-0.0,-0.0,-0.0,-0.0,-472.92018729856215,-0.0,2376.221499397708,1113.438443905462,1307.3731448101407,-0.0,-0.0,-1482.413535031256,88.99682079324921,-67.90907008031373,-2550.2457357112503,-0.0,-1904.3683231196435,-0.0,-0.0,-0.0,-0.0,-641.3916565728795,-0.0,-668.8999753878746,-665.1823311136732,-381.9237272525407,-0.0,-16.37606247984212,-0.0,-920.1838338517475,-0.0,-2614.2893706942555,-632.7859048054224,1879.471627419832,-2365.766763553239,-968.9730843146881,-82.91060158945425,-950.0868598870021,-0.0,-626.5081262125282,-87.54775009752244,-2657.5330149436186,616.6296911274404,104.50581164723963,664.6031461550419,1361.6183821725658,-0.0,-308.5199513921383,-29.068097234164448,-1368.5819069013198,-1149.5179398075657,-1626.8249308911934,-2004.9581169659702,-0.0,827.2072142577098,-0.0,-455.9558124238584,-3035.4095923067985,-1352.9715889910246,-0.0,-1619.1121697905453,-471.38865215306635,-683.9765046938235,-751.6061884627092,-349.23253105447816,-1534.8620557294755,-0.0,-2187.589155984338,-500.7982344774744,-1594.899849713599,-380.1406739302908,-0.0,-0.0,-0.0,-0.0,-1350.9756098750809,1210.3259404496139,-1168.6772981810122,-797.7510311655082,-0.0,33.133655060497155,-0.0,-0.0,-909.2111568696465,-756.7080467998827,-789.0547344935329,-795.4571047500121,-0.0,-0.0,328.29504966648346,300.1117326597627,666.3416851981152,-0.0,-659.3331575660114,-2079.965161494647,-1412.6440043876078,-4.6797616258090375,-1756.8851737180923,-0.0,-0.0,-0.0,-628.5799245200197,-1086.1111423259758,-0.0,-1540.0022011662888,-0.0,-3124.94309973359,-4265.791385743022,-0.0,-24.683868207138215,-0.0,-867.5358500855419,-0.0,-0.0,-0.0,-2309.7913220266246,-1130.5427846323723,-672.9567316162905,-879.6679923537573,-0.0,-0.0,-2541.736853045517,-0.0,-643.680046340953,1170.3116793870283,-1155.4501006634384,-892.1256677668207,-680.0227552780739,145.93977027420377,-0.0,-0.0,-1468.8552599235238,-0.0,-802.4609239545514,-82.29238227261264,-430.26760661556284,-351.6079728920753,-0.0,-0.0,-246.7970341472631,-750.8014332239491,-1165.1324031099916,-630.8190401983658,-1177.5690482098191,12.678294973512504,-0.0,-146.50396129980035,-2095.340661035235,-1358.148902227295,-0.0,-0.0,-0.0,-646.7104043941916,-659.1878349774726,-1504.0030753163664,-0.0,-0.0,-0.0,-0.0,-0.0,-1663.6671253886357,-788.7353109912423,-0.0,-615.7999724567776,-0.0,-19759.841683496885,-873.1243442844763,-135.96105984273066,-776.5920785370946,-0.0,81.7597761230405,-1311.2046277550226,-2723.0845862041633,-0.0,-0.0,-0.0,-840.1645200354735,-524.6375608066818,-1108.4272774871051,-1046.812502298609,-590.6101844650677,-0.0,-0.0,-1813.396783967718,-622.6894927967325,-2578.136221640495,575.2759052116144,-2357.187187424082,-0.0,-0.0,1932.0534786178237,-1713.5961618895633,-0.0,-239.59096682816164,-413.9853136129799,-720.8295220732092,31.629655821549978,-840.1820688339009,-0.0,-0.0,-1328.8935144619688,-1580.4934992280173,-3230.331351952523,-0.0,-0.0,-2491.399238061764,-891.0126242131344,-955.3501194037455,-2582.885551560283,-1733.761827626188,-0.0,-0.0,-1245.1641416955258,-0.0,-84.18676891085627,-1716.087018628076,-1849.470978210962,-0.0,226.6401124532628,-827.8724261664231,688.4497610140235,-268.6440300083005,-273.18953882504434,-0.0,-506.5306229326028,287.5385485209757,367.7325393936594,-429.4122777414269,-2693.58459165648,-2118.5699272272695,-91.95601070926669,-5385.38971433632,-720.766373196455,-1243.640487006726,-53.86036171110376,-3891.389087467569,-376.2143142885915,-739.7899620446204,-298.03073143622123,-2064.2045472727864,-1183.985091494275,-3566.330941463622,-6150.286209349749,-92.16732539738665,-756.1984676757377,-1661.1163887724028,-1353.3081109171521,-0.0,-3653.0161536674595,-0.0,-326.30734570022304,-1921.8692871906628,-1353.1110615965338,-0.0,-0.0,-997.1323715831716,-277.7464367862116,-0.0,-1588.0259533181468,-0.0,-832.5487507456922,546.4218636740324,-2518.544149841534,-529.1136707120099,26.12432694429639,-14.601411559987092,-0.0,-2255.8332482963096,-643.4603889259635,-0.0,-151.83870791055173,-0.0,91.63604911884593,-179.85217489280228,-0.0,-450.557505782148,-1531.1526757946829,-485.795252259315,-992.7821030933299,-2156.745412570837,-0.0,-4065.130054746527,-1924.3187708304565,-3102.2397161146687,-2576.1187518828274,-93.54591845967187,-262.72220388431714,-632.8277916310993,-1482.1294905668767,-0.0,-0.0,-1301.7572065251165,-204.40398825480182,-0.0,-93.21682750376931,93.26388304221138,-2462.5473131732265,-0.0,-0.0,-1290.0997057027107,-0.0,-98.00542174750538,-0.0,-57.66757414237018,-173.42832365029514,-0.0,-436.5862480094005,5987.254159041155,-0.0,-0.0,-2920.9410457800723,-768.3157507685131,-255.58890555105694,-0.0,-0.0,-0.0,-635.8150407673533,-2297.9836861124095,-0.0,-0.0,-0.0,-2260.986724421165,-0.0,-0.0,-0.0,-1660.173870948752,-868.4001723440542,-329.47337098292405,-469.188789804586,29.049067364638887,-746.935614752208,-426.88706351207094,-213.9969683420939,-2628.2320737441846,-0.0,-0.0,-1340.1625920711276,-898.8586919957426,-2817.1380216062616,-0.0,-0.0,-2577.2566835716716,-756.7536380934101,-1448.2416884888578,-417.6738506704641,-722.1422488636109,-2191.1324159320247,-874.2328909080263,-86.400864786592,-967.2325197778953,-2379.690568345561,-1709.0060363693608,-1411.6867393838868,-0.0,-616.7470849785917,-0.0,-1982.0702834536053,-420.4074418840668,-219.79027239938492,-785.2841908801786,-800.6939041531556,-13.11923117234241,-0.0,-1198.9252924685338,-636.2368682467611,-49.63420678397658,1604.5629518570659,-84.45588511897431,-0.0,-790.9576731397889,-558.1176473342862,-0.0,-827.4433689723479,-1757.1927853902853,-0.0,-0.0,-0.0,-0.0,-487.21334193276374,-981.3374605547597,-386.5867334408115,-541.9730518962325,-392.13331641175773,-1794.8562118697919,-815.9889518937631,-1399.2856954552904,-2891.321344764986,-1957.2430641712747,-0.0,1097.6907928803678,1048.8734102818855,652.8074767650627,881.8632037583515,456.9168441482753,-0.0,-0.0,-0.0,-0.0,-0.0,-0.0,-0.0,-0.0,-61.903210342863346,-946.5110011345865,-551.7402480097719,-300.1906472277805,-1200.2039817975387,-113.94503541911438,-390.6703515909202,-1279.0102736634558,-297.1049212669463,-2140.7590753940394,-909.7070686249788,-84.70911298671756,-428.6464350845321,-29.28687280178491,-0.0,-589.9834812244895,-176.85658127991488,-261.1466212948023,-849.378610347642,-325.0574845316227,-1783.4706899506307,-345.5266038333486,-0.0,-0.0,-2219.706350595347,-571.9883427872958,-380.7347955079638,-551.1965898025456,-1093.4338831443156,-453.0519568435435,-427.57760857291345,-0.0,-756.9815436360528,-862.9414893764417,-769.5752996892485,349.64889084381934,-1534.5048042810602,-2206.940456835926,-211.32894143299848,-811.851102966624,-824.9559911258024,-14.000404508406138,-0.0,609.4480716631019,-910.5001552168967,-38.12494115565528,-2144.2530590789106,-0.0,-0.0,-1258.1264935479344,-506.13515616912326,-0.0,-592.9345780925377,-733.5746912866282,-896.1448293407877,-0.0,-776.6932128342025,-563.5705563678241,-2387.7437393776836,-4723.4614221670245,-438.91720870060567,-0.0,-99.2725833414296,-460.6993625312323,-1791.363525439987,-249.1439198455979,-628.5140115754289,-828.5165638071171,-775.5215921472922,-369.47643421994127,-0.0,-0.0,-1781.540791121491,-130.98365977605368,-479.50874978496836,-805.2967243826871,-1348.0781606560859,-2807.8392048438277,-0.0,-599.390121123653,-0.0,-0.0,-0.0,-0.0,-0.0,-32.29469998373401,-181.07164786273748,-393.83977486760955,-0.0,-0.0,-0.0,-0.0,-0.0,-0.0,-1086.6895525338446,-2241.0515746821893,-424.77801961346813,-599.6881462393004,-42.258926845053665,-0.0,-0.0,-429.95563775931635,-0.0,-0.0,-139.6053782301332,-3203.4978645763767,-0.0,-0.0,-1715.667028220936,-636.0303724460856,-1127.9222988547697,-1180.7785653669218,-700.0130487533389,-0.0,-0.0,-1291.097958690287,-2104.084274560105,-978.5249431608053,-0.0,-1194.8317909538696,-0.0,-416.26727836917485,-837.7717535328935,-0.0,-772.6407469517534,-2076.848309083499,-0.0,-1926.1476349992308,-195.7993770374616,-594.4272183047162,-1457.3259107813396,-209.5619511044436,-1353.9395440237897,-0.0,-1200.903170914756,-29.68875473941331,-2151.6751174937326,-2090.981537958838,-0.0,-0.0,-0.0,-0.0,-781.9637226244896,-826.9277467063147,-0.0,29.21063831316924,-408.11730240366603,-852.1780821050507,-2390.4972190675553,-2551.5018471506546,-421.5316549684416,-0.0,-1416.5537519627592,-827.5027328816163,-2110.146187610385,156.88917777851992,-0.0,-4029.986502549115,-708.6932640076512,-0.0,-514.428832759672,-1696.809126467964,-0.0,-0.0,-586.612043131006,-1424.0952907670162,-0.0,-1095.5924701012414,-1418.225514747563,-44.9770476341793,-91.05663106550578,-581.3564140003311,-0.0,-1601.8314641591255,-2830.3027734249513,-1332.1207934691147,-177.9979515930982,-2286.128813237159,134.94215346010617,-1028.1615933794985,-595.1624343813045,149.93713543851314,-949.6015616374707,-1607.2390568653402,-909.3132392148199,-1657.4942206432424,-493.11958495731164,-650.2053440500457,-772.8187224622278,-1818.5588472845202,-0.0,-0.0,-2018.9179552508524,-362.49231617835824,-0.0,-1630.577122137928,-1281.2732435997923,-0.0,-3172.744353723086,-607.2287375009787,-0.0,-777.5625953279447,-0.0,-0.0,-1242.2526068293246,-1309.2851994726266,-0.0,-0.0,-0.0,-946.1348577272528,-4.9523719845824035,21.642167600408627,-272.9129025737002,-0.0,-2295.7108825332875,-1812.389388034045,-616.2521356440636,-2280.5372270112975,-0.0,-61.86541989000315,-971.2784714402407,-0.0,-467.66375394579774,93.58127476262483,-1617.0175422617274,-1064.6857085275972,-777.059725924583,-1369.0551158615226,-0.0,-0.0,-0.0,-843.169152782798,-0.0,-448.2447973326109,-1030.9951985192395,-231.75395966490754,-1271.7825095486187,-2124.3791238383537,-559.1784540841317,-2073.2069832839684,-0.0,-1234.8758466433492,-756.9306141698879,-589.1105737449628,-1266.6399386470391,-353.06909721066825,-573.0122854243225,-1444.5577444192718,-0.0,-0.0,289.0115465976754,-3075.5977755527347,-1097.5944512138096,-307.16175877858296,-0.0,-346.96422254979507,-546.7261545673607,-777.7262451589094,-0.0,-0.0,-928.6516272231214,-0.0,-24.62042625238274,135.63521690490177,-144.01343381215656,-2312.9265473686983,563.041492494514,586.6600427759638,492.97180794592316,655.3615307507008,52.36986551405531,-0.0,-693.015771965917,-832.1454754856002,-398.30191089689157,-10.903974916147602,-0.0,-0.0,-0.0,-208.9223331754389,-13.484608119300745,-1171.301908471157,562.2800700451401,2658.569605877283,-0.0,-0.0,-0.0,76.72973056603199,91.13307455589651,-0.0,-3376.4388977087056,-0.0,-0.0,-0.0,-0.0,-0.0,-2458.2904823947665,-307.81770054953904,-0.0,-471.64512293357444,-2205.78838887925,-184.5349630270289,-359.3277884932878,33.98187694319065,-2080.1040166825633,-4140.610588272561,-1835.48673952496,-0.0,-0.0,-1800.7630412169285,-1116.0604157555558,-794.148332526058,-527.3524782805055,-372.5092528348988,-1071.587572603211,-1105.5837315076913,-5410.023634567627,-660.7736249682258,169.93724407272865,-852.5322794162892,-1012.0661619123638,-711.531382935295,-701.7568350288147,-8.429499811820033,-2091.257081466524,-897.4349456115834,-599.568089383454,-0.0,-0.0,-0.0,-0.0,-275.6718830580119,-1333.6614121475018,-0.0,-1447.0110865494908,-1534.701340953225,-0.0,-0.0,-1598.2940362555048,-0.0,-0.0,-261.7257363536858,62.824006735991766,-0.0,-0.0,-3241.2234946387744,-1265.4797928910236,-123.35149665749181,-1092.1541423648503,-1335.9303856139227,-0.0,-349.01374231331,-537.7919638387677,-0.0,-1682.2990196748528,-398.46590896536355,-1123.988294282683,203.27193904444516,-934.0401572093621,-248.70510707907513,-258.3289860766815,-60.14005699420833,-41.76645799227558,-694.2883757183894,-889.1024194197881,-487.5831011175734,-903.6920114935734,-0.0,-61.20137474892889,-804.3048984727008,-192.5239208745868,4.64197774767513,-0.0,-1286.4942796811436,26.17986853760383,-1216.9312226596342,-0.0,-0.0,-0.0,-2164.3511109817296,-0.0,-0.0,-95.30798991264487,-0.0,-0.0,-0.0,-0.0,-0.0,-0.0,-723.0745747811745,-1521.7906677058356,-0.0,-0.0,-0.0,-0.0,-1059.0815549258753,-565.6815164745973,-0.0,-0.0,-2056.9013888119325,-0.0,-1496.0198827262948,-3004.1677129632676,-0.0,-0.0,-0.0,-586.2622261425386,-0.0,-0.0,-0.0,-1125.964975016735,-768.6603624421205,-741.4926726079476,-0.0,-0.0,-264.7230950779754,-0.0,-4357.298262945144,-6267.107992625109,-0.0,16.627446093407492,-0.0,-627.8793168678959,-840.5896313347456,-2091.7526947442157,-0.0,-0.0,-118.6207960043515,-792.3314138664314,-1537.7824496680967,-747.395841014174,-445.49079042726856,-0.0,-0.0,-1188.9051138080526,-1222.0253345903034,-51.471434634663495,-0.0,-0.0,-768.9047694985626,-409.0811977885384,-93.06413817524674,-0.0,-0.0,-0.0,-2338.5011632272217,-430.7549651071098,-1454.0349299312013,-4698.498666578096,-0.0,-965.0232257316625,-1252.7957496146241,-2590.8820192282615,-326.28664090913264,-0.0,-0.0,264.52387578761176,-1325.3236962098536,-1843.937054210011,-550.1728644490289,-143.96159421723524,-29.075688758718606,-2065.728180910551,-514.4987084547296,-1823.177620229383,-759.9011539349667,-2596.0842403321394,4.173234392523079,-1051.9152508689479,-855.2540536125766,-2219.078377728745,-0.0,-0.0,-869.7438396499308,-1941.41753979508,-2029.0510089724999,-1121.6829571587643,-0.0,585.829784948115,-70.37692166719974,-521.6839181465922,-0.0,-24.96104649055215,-0.0,-3115.626592471974,-65.55149245330729,-0.0,-0.0,-859.5484256730248,-1209.6088065308295,-945.6023816294235,-332.66628666865273,-725.4418200183889,12.83910098905476,244.71653863416788,-895.9723954787265,-29.265738954069672,-1697.5262923362975,-0.0,-1795.9193177108798,-124.20636672354512,-724.3913053069462,-400.7853792641845,-25.26016659249772,-48.45368304466851,-24.493477187258684,-1459.3064379066057,-1056.3623040250206,-1563.742080392598,-265.3774970329849,-1510.0347791760164,4.940629841069659,-0.0,-824.8089769771909,-3266.2622661718488,-0.0,-0.0,-28.71388100145136,-2220.9764375995373,-233.29726541291032,-717.9038980051618,-418.3516307359085,184.31998505843444,-0.0,-0.0,-1348.8393998220115,-0.0,-0.0,-2186.019336723642,-1863.3971184185782,-1011.001942076737,-900.0893257728582,-627.3231024277878,-1065.3667109017802,-855.5763454718863,-1331.700131462816,-2793.3726512819303,-0.0,-0.0,-0.0,-0.0,-325.9633435087186,-0.0,-2182.936038520793,-682.4988941231295,-898.6869922852655,-1092.4897536803064,-570.3643020882907,-0.0,-1827.2811202009282,-655.7373875144988,-0.0,-2853.0871004374053,-1581.2871126259515,-0.0,-0.0,-3156.0633626084423,-2235.6950754177515,-442.2315666044974,-891.773937113692,-0.0,-514.9490346424102,-395.96489702488293,-0.0,-693.1564631503994,-582.275475935345,-600.0223020684704,-0.0,-0.0,-0.0,-0.0,-472.5826624803455,-1414.1524507645588,-6612.572045590224,-0.0,-0.0,-810.3710914881734,-859.0090114125994,-2210.5621200839314,-698.3097493816015,8.349813892779457,-591.7504384722231,-0.0,-803.0156414314149,-627.4599143665013,-0.0,-523.266755428711,-1273.7035595251234,-0.0,-0.0,-0.0,-0.0,-0.0,45.325215373487296,-2388.332451453906,-0.0,-1390.1213000590549,-996.6387704054816,-4.844171975375817,-2233.3337799243577,-938.0644805155035,-1153.3769320332651,-1442.7120926018285,-87.9251395260101,-134.52810724617362,-1363.1020935357974,-944.2037049294015,-725.2529215321525,-0.0,-1747.439617036798,-1359.3408123163235,242.39500185023934,-0.0,-660.084307635973,-879.5242679301134,-1043.9489728123183,-85.9374560019568,-0.0,-294.10648567007246,-0.0,-0.0,-2643.6682820322594,-2526.5324239465276,-2151.2199534631904,-1789.3467891454598,-0.0,-1180.3140390542887,-2154.560809870344,-0.0,-5863.9567403136125,-0.0,-0.0,-0.0,-0.0,-1049.7575077384079,-2585.4905808709555,-2629.563762008149,-105.76206231797238,-2310.066778614984,-0.0,-1095.3509249913993,-37.520221479308624,-0.0,-74.408895562958,-622.5395598287146,633.4397088451751,-0.0,-477.0746551240156,-50.00376686845877,-0.0,-1545.8596105298986,-0.0,-2156.0037289391475,-170.48474553237477,-0.0,-0.0,-1204.3950625785396,-1998.8543666141832,-1176.0750457688725,-1266.7690910418482,-1534.6465729200163,1688.9416793706207,-54.61113358829176,-947.0970796317698,-38.000608908259196,-2325.8917215479532,-996.4071380064397,-931.8249201635833,-491.75379485195003,-1813.6237478047915,-1878.3432075883054,-459.0371268376023,-2757.7295885129365,-394.09457706240863,-0.0,-0.0,-59.19034440402201,-0.0,-0.0,-0.0,-0.0,-0.0,-0.0,-1654.1180614012442,-691.6948603774435,-1458.1876028418062,-977.5677908897163,-0.0,-751.9646695963046,-1493.4244923810418,-1319.1075579894875,-2219.339394312094,-1387.61496225272,-93.77378630807537,-196.80251097279861,-1176.362751341418,-1655.1711651164521,-0.0,-0.0,-0.0,-78.92693293434243,-973.9383837255407,-190.43823353291017,-588.4197635135534,-1171.433522465801,-0.0,-0.0,-0.0,-4418.168561108859,-0.0,-147.2767921666637,-0.0,-248.29143290252222,-1434.7594632731127,-1324.2242197713215,-907.8625954742665,-0.0,-46.80782650405035,-681.5682837711574,-738.0051011948975,-605.1866580517424,-0.0,-1199.1741070837006,-0.0,-0.0,-3499.2102989021228,-0.0,-1471.7341583563536,-676.3799323077443,-463.4561035223428,-303.70405038101256,-1524.1485637536339,-3323.674281904241,57.063437993701086,-2210.657048861796,-2002.737628285864,-575.0111395815941,9.38898803505508,-0.0,1629.5382949722882,1263.1641122136605,1395.8488258419507,-0.0,-0.0,-0.0,-1026.9338659522862,-0.0,-332.1442701216051,-245.18398229597756,-0.0,-4424.293783423477,-0.0,-1489.8898855641444,-98.496720012533,-1206.8242307296434,-567.3167208026315,-1655.8968365413396,-1332.3034304893172,-0.0,512.645584051983,-2942.8796114076713,-1803.1761442739733,-572.4375221426845,-1515.0047413273671,-2164.4001079616796,-0.0,-0.0,-289.64831235577094,-798.7861524011755,-2244.6598836775447,-932.9713229001234,-42.838344277072196,-0.0,-0.0,-774.432681169974,-0.0,-0.0,-0.0,-230.50065616313955,-1624.8357233381785,1697.3435649273786,-1555.0781489274852,618.4162718072863,-872.3631137847475,-1087.6616399997768,-14.680711225313953,-5774.448698176211,-388.1340810481451,-0.0,-74.19227069299822,-2479.481803959156,-1822.6800220077855,-0.0,-34.62030871973111,-0.0,-661.6648664965537,-30.454979146162582,-2239.506663367709,-1613.2757999709922,-0.0,-381.8817901339297,-0.0,-0.0,-0.0,-821.6373629589137,-1182.4478734574352,-455.2298563791094,-1369.2086758502444,-2064.991858835104,-1089.8699500103307,-485.62115260570584,-485.35686082662255,-142.24326682405214,-1983.789847882909,-712.0203694573568,-1037.4485670768158,-1543.7921925922067,-1812.0580737111518,-1452.649209834416,-364.7445329050861,-1692.6561678010814,-0.0,-0.0,-0.0,-2784.541235161225,-0.0,-531.542303204504,-1385.4451866483778,-12.329872139076878,-979.7977146501571,-660.6687299203445,-1069.1490793986486,-819.7442964376854,-236.62661896725635,-2272.2420158054406,-5223.617187696774,-321.52258434370805,-39.022026567816546,-0.0,-126.62693371493548,-8107.923469392592,-2290.994563169971,-712.0039595459233,-2521.1737679277153,-238.47751883460697,-0.0,-26.401278241082235,-787.1320996630727,-145.26439015919127,-1388.591716227073,-1185.2421400134913,-214.62974199995335,-0.0,-791.8407553827748,-2383.5383192138675,-2206.30504959532,-1866.4811006550294,-0.0,-1745.7844010440947,-0.0,-53.99055778725058,-1185.335772541971,638.9353412724721,-0.0,-0.0,-320.4817704195601,-1173.176976262896,-835.3269159268268,-1420.1019828343258,175.182204082725,-1554.4206058114808,-137.64097471838326,-398.56669729537066,-2375.428823287908,-2201.7908602820867,-425.68560736522556,-0.0,-0.0,-0.0,-0.0,-0.0,-1971.698199113127,-0.0,-719.7130765238854,-910.6150045854293,-2781.9406643329817,-0.0,3.8964035401442096,558.2677736333732,2387.5956085789912,-684.1233066205169,-1485.1632040350314,-0.0,-1761.3997296323237,-4327.965668086998,-855.5014523906336,-6009.902965940114,-1451.4519739555462,-0.0,-907.6771883446633,-2769.851374858745,-220.9848373489603,-0.0,1265.4207722575136,1536.4337894749247,1398.8493224018855,-0.0,-0.0,-0.0,-0.0,-103.24125972062595,-2942.1259152311345,-97.45044197159017,-0.0,-2247.590397789489,-1305.579159616776,-560.5805965087346,4.616727369518614,-0.0,-252.6072539209431,-996.881935067576,-0.0,-0.0,-53.25846590554713,207.3111255542146,-2364.350560416513,-0.0,-981.2160503492476,9.65874404561322,-97.5576474349177,-0.0,344.7267897336775,-113.56739141066602,-631.5759543128962,-2241.1790028994556,-0.0,-73.07772517254335,-1268.2969983248838,-1120.7029800770329,-45.55593187969103,47.6613614896597,-0.0,-1469.1434805808683,-901.8933294169152,-8.249516303411243,-0.0,-0.0,80.06780799994229,-280.71608435430625,-205.31108627807677,-89.4998532134036,-12.996413635041888,-179.5670554308217,-772.4062254457357,-1096.7581712776243,-613.3916776908902,-0.0,-2361.3329095321465,-984.745905933551,-0.0,-0.0,-1272.3001003047748,-2521.951888561888,-662.7634839703991,-8.811694160666622,-3146.478783917889,-133.69165629528445,-89.28211112158951,-1266.8747247309373,-0.0,-428.4848940774381,-1591.8102011861827,-4.832271107455777,-0.0,-3802.216934970615,-161.75853637165733,-1704.0746994494957,-1186.981690937851,-1464.664232861934,-2903.4132324296843,-94.04145404890933,-896.8621193770772,-2047.5716820040052,-1497.5291326353895,-1239.2730575095175,-247.47109570173484,-2024.553317470813,-0.0,-3459.8173558991552,-0.0,-7146.588887383047,-262.65473145097155,-98.01517737104624,-1677.4500754066316,-0.0,-0.0,-0.0,382.05597818881637,51.0085411250855,-946.1285113826299,-1575.2361505412798,-534.239323769359,-1387.4158155541145,-0.0,-0.0,-1538.3117623496166,-394.1002197691589,-553.4685705310203,-181.56557557276187,-0.0,-1847.0955823744266,-359.2207478148622,-2212.806120811173,-0.0,-39.065377485014544,-0.0,-1980.9193548594185,-850.535323030688,-1633.6026027113896,-0.0,-0.0,-1955.5576054989438,-619.5510384965712,-858.7110669705065,-1720.2495323441647,-504.40766901277624,-1384.56070862493,-0.0,307.9179043271638,-1276.814250158732,-4473.747840836805,317.99442027974044,-1654.1787590274535,-8598.25945857276,-760.8801783449383,-755.1308259868141,-254.13065786323455,-249.8555743111796,-1173.4169589108003,225.68989305285132,-246.9298134882005,411.16110779994324,-1209.83918175462,-615.6802466063461,-0.0,-1457.8524117541829,-1912.2632770510406,-984.5818136423137,-427.27049222638635,-0.0,-0.0,-37.30503705099916,-1161.5799653201882,90.11237020262271,-2518.854181986261,-0.0,-0.0,-569.8856195436131,-740.5058112400637,-1275.2340393606712,229.04814427589005,-2856.4707136976754,-1692.73149082886,-1433.166730639394,-269.0937867237747,-0.0,-404.3287122160309,-0.0,-783.0360384204697,-26.852210243733015,-1745.2826580235558,-529.3671479360393,-1104.5643401997431,-448.748087554089,-397.61917786533826,-0.0,-1361.1569768979205,-782.2296614953297,-1390.0616188480142,-0.0,-3495.767870790643,-1505.8966645741532,-1590.7953083954903,-1072.519146283825,-1239.508555413725,4.274552702823748,-2386.8172038446005,-789.8508324434824,-1347.417412539916,-2150.175492017013,-353.12543047284504,314.42100599682925,-1127.0723147478643,-0.0,-0.0,-24.138329540312778,-61.98228393048166,-20.47474899028793,-269.9100862306973,-0.0,-0.0,-0.0,-0.0,-0.0,-0.0,-0.0,-0.0,-0.0,-0.0,-1404.698385275094,-2803.3404632446923,-2450.1346971874996,-0.0,-0.0,1703.394235524329,-580.7826491089118,-0.0,-470.9118227708339,-512.429429642643,-1070.8483232885328,-1062.4126669855248,-1358.2610931337845,-0.0,-851.2650564509073,-442.00012888050765,179.06245928152302,-0.0,1035.6647912725534,-0.0,259.1737550372511,-0.0,-367.90521884506825,-0.0,-486.15455794059403,-1203.5648498475487,-2004.9564728211897,303.6396386669271,-0.0,-0.0,-0.0,-0.0,-0.0,-456.2057135928852,-91.16969725863142,-0.0,-0.0,-0.0,-566.7964798737166,-0.0,-43.153782726234844,-712.0154252137891,-4063.9332129001305,-0.0,-1505.5767524788334,-0.0,-674.8646650395943,-0.0,-0.0,47.628971749239206,-0.0,-168.1022833780738,-0.0,-0.0,-0.0,-1195.0432129242804,-1921.3124979599152,-0.0,234.29472145968685,-2458.3327791966963,-0.0,-85.5956762315176,-311.5074271799708,-0.0,-0.0,-1777.4941423501489,-0.0,-963.7510153975819,-1385.238751172292,52.76624394438908,-3429.60328573731,-1783.559503182833,309.3479820710891,-883.8109954822587,-0.0,-1142.8898288769562,-0.0,-0.0,-0.0,-4257.563798134961,-1031.878695867502,-1689.3771750906942,-0.0,-442.2993057982289,-4.890103217426659,-1454.6444571422282,-2241.240203226676,85.58984067949478,-3405.9017673402973,-0.0,-1781.380571436668,-2600.223432943506,-0.0,-0.0,-0.0,-0.0,-2670.5703428675047,-194.69480235123032,-1751.1723735810328,-0.0,749.9449484319675,1249.377275462653,-0.0,-0.0,-876.3480958480338,-1095.2827003334628,-377.4219530782648,-21.735289276426467,69.82344701238888,-0.0,-1474.521302541905,-0.0,-296.0116121802136,-1346.7576587267,1513.0324339782762,-0.0,-0.0,-0.0,1000.2466006342511,1108.070253810066,-902.1214630470049,-0.0,-1555.2572958502144,-0.0,-1172.8450141322892,-683.9623152666447,-0.0,-0.0,-0.0,-0.0,-0.0,-61.52956401846305,-0.0,-0.0,-0.0,-1251.6715548304467,-321.4614618265154,-0.0,-0.0,-0.0,-189.5447876399132,-88.24786963198154,-693.9660349363149,-785.7811502730501,-3210.820026411692,-1483.241600320916,-1220.8143191844727,-0.0,-3337.354175519667,-41.53285762201896,-0.0,-1119.1223945657937,-2586.2637192974953,-865.5185920425444,-506.1022446918767,-1215.195487984921,-302.8080765020141,-725.2421557433022,-806.9696853963742,-1199.6816801173316,-301.36042795292536,-1878.6931416963348,16.89377283749911,-432.27549555646715,-0.0,-0.0,-866.6306099034366,-4176.087077181175,-0.0,-1211.0047859827393,-560.701952837882,-0.0,-417.95720954627944,-747.86753734257,-758.3305498861673,-274.7058364875478,-0.0,-0.0,-0.0,-0.0,-0.0,-47.20685527042297,-0.0,-692.7670407758476,-0.0,-0.0,-827.2914502260161,-1214.4613626565076,-2962.339230279644,-489.27729138123976,-780.8945604618465,-115.87978755361617,-2121.0367120968117,-0.0,-1075.697873499104,-615.8998588277447,-536.5798523059193,-1481.7151586612326,-1027.8146922753913,-1943.209929162549,18.803500320141247,-518.8528586496507,-0.0,-1230.1843418566834,-1224.9618616006696,-174.07104700179107,4.185756375803425,-2659.7294140215963,-1464.2369381701917,-814.4324885313216,-0.0,-671.8912497491419,-787.3822666978864,-589.3362998685997,-2746.4026245476,-4.0914806776480175,-0.0,32.223029463667324,-0.0,-0.0,-290.0613782307019,-4308.687612879456,-216.0849204772691,-1613.3027978612956,-4227.880663849523,-0.0,-5067.7148720375835,-271.94266136895493,-2190.969668488684,403.4647388417839,-0.0,1738.5269357663487,-993.7650093907558,-0.0,-2178.069842792039,-0.0,-75.21561866588942,-45.726331597921515,-0.0,-0.0,-0.0,49.54999337519944,-0.0,-0.0,-0.0,-699.5001077458605,-1569.5430430207216,-752.5630025983983,-0.0,-3854.5281868563993,-0.0,-0.0,-0.0,-248.5893826036536,-446.3477857934926,-0.0,-2161.7431675491703,-0.0,-0.0,-3797.081941110667,-0.0,-24.56520347990954,8.34493942440054,-538.7950925562908,-22.040861819912102,-0.0,-0.0,-241.3867581489376,-0.0,-0.0,-1466.6501434484721,-1210.0937581765038,-1759.9629549673168,-0.0,-294.14384999599946,184.44533566401353,-403.5693689955982,-16389.135921217192,-0.0,-652.7533957120652,-1435.3163222604894,-636.0567699453813,-0.0,-37.07169322100843,-17.816478060915806,-297.0781543429104,-1160.3517336159834,-0.0,-0.0,-0.0,-529.7190148963158,-3062.2327605993305,-1460.4667519254294,-0.0,-0.0,-0.0,-389.84360717834994,100.21892419438412,-8.847283549680348,-1520.8806558609433,-0.0,-0.0,-1114.965009257059,-0.0,-0.0,-0.0,-3013.9448346065374,-1108.125607523752,-0.0,-1217.3455993835612,-678.4711294074881,-277.2877364486132,-783.7707973752617,-1218.3000101501398,108.30745487886195,-1485.4977830724702,-1307.0548239056661,27.23184923867273,-2124.6451744978576,-0.0,-0.0,-0.0,-0.0,-528.8808959092697,-0.0,-0.0,-626.7263082421937,-1160.5897020988164,-803.6918166500548,-0.0,1737.5995199067959,1642.2166802998356,1625.7094197094038,-0.0,-0.0,-0.0,-928.2870699404561,-46.79840298996847,-829.4131016042867,-87.00076030081262,-760.3568035620947,-1820.4909946944376,-1365.9227276137178,-2226.6957800523714,-0.0,-0.0,-0.0,-0.0,-598.2331595386305,-928.3310982506092,-1926.598947458984,-469.9726951299352,-1510.2976136472655,-2166.1046570927347,-2361.8996775120413,-0.0,516.5132895400296,-452.6010640984351,-415.1762016278081,-129.5094624598532,-5100.202420670164,-70.15127168764276,-0.0,-980.9564589508278,-1700.1030117957614,-0.0,-77.4457341246602,149.88060602504078,-103.66868325409104,-549.0964487656875,-2552.7127076434062,-178.80822364769006,-1813.1384870797885,-0.0,-2052.213757707275,-1992.6105764901706,-1638.268346104141,-0.0,-2019.8418401318652,-354.22075333313063,-738.9859747663444,-1061.2830493448619,128.1982397504812,-2128.569865122132,-1375.226718897795,-0.0,-106.9881527379363,-0.0,-0.0,-0.0,-1137.2378335872468,-695.2836065121986,-0.0,-0.0,-0.0,-4080.0046458240795,-2129.464063027414,-0.0,-0.0,-4.949028518256516,-1920.7928970955697,-1043.5755483372125,-0.0,-843.5459994217094,-1533.0357864839857,-638.4364236893961,-25.735902439913744,-986.1038546309236,-9.70329946322768,-1752.7443131544796,-1872.1886986686882,-0.0,-0.0,-48.21054608381301,-0.0,-0.0,-1444.8747862349917,-108.05551409163573,-502.43285367743886,-0.0,-0.0,-0.0,-827.7408819756901,-366.7933730279701,-127.94891523076903,-517.3765291764203,-254.69124281871171,-2235.1145042204744,-351.76903571031664,-645.5416260143161,-1466.348255380184,-0.0,-452.66886771928023,-0.0,-1940.9645815011813,-1665.6095152854439,-1959.833186851397,-488.8215686879881,-325.0210029392521,91.85852124378903,-1069.7365109428217,27.375686081522833,-0.0,-531.2061099528946,-0.0,-0.0,-560.2227678095642,-136.68331632624913,-3171.208187530489,-3216.7484058516907,-572.1276565088467,-0.0,-0.0,-1163.5419509372805,367.14330829750475,-0.0,-0.0,-0.0,-1257.6095708754735,-50.799134897025425,-540.9727259267794,-4237.995665950587,-1644.7216298248948,-1279.9558465210816,-506.7445863172501,-199.49729265500096,-1418.0856927558787,-795.3923293141919,-553.6120561032877,-0.0,-748.2867263365193,-883.6763356278619,-1897.8126575708195,-0.0,4.820107467071024,-14.39272990411748,-0.0,-0.0,-2040.6683335717607,-0.0,-4007.7158636451813,-1319.636870838563,2790.692454054418,3223.305832263886,-0.0,-0.0,-893.4607687562607,-1211.603912965189,-667.5595500624989,-399.0615113233802,-3508.360191930619,-649.2858100142927,-0.0,-0.0,-0.0,-1395.4265430223966,-744.9487535051461,-182.72764932630528,-2909.263061958151,-1157.4591350352928,-30.261491616740397,-475.79824924472916,-1193.779965633476,-373.2766688796022,-598.1325704751057,-0.0,-71.54368172778267,55.03474370142922,-1110.0997528375847,-186.68358440501808,-0.0,75.87354020942811,155.03975246118995,-242.60938906345748,-1553.74525759408,-2606.324423415522,-69.31014391732386,-1033.8309014641707,-1567.223636817726,-0.0,-0.0,-767.0420031933892,-0.0,-0.0,-0.0,-0.0,-714.8366924350611,-25.803287599117812,-1392.9757195801774,-1324.816431196676,-2869.416587193906,-1304.0075325877751,-0.0,-666.475160174739,-0.0,-1793.7746069778686,-1857.1403144765752,-1513.0067904253738,-1127.7792324551597,-0.0,-2416.889804205115,-0.0,-0.0,-0.0,-4012.333307874287,-1376.9071824328976,-294.6166241910644,-978.8959019632335,-996.22857370008,-1181.3945755256218,-0.0,-0.0,-0.0,-44.54343421000479,-6784.716332687365,-787.7245608967003,-2077.307030420832,-4653.848558524122,-2545.0488935704584,-480.42016417825346,-0.0,-2188.626162567531,-835.6663792387201,-0.0,-372.86655716278443,-421.60026277696045,-42.96840095269738,-1109.1639617331982,-341.06860647813613,1644.4470549913676,-532.0847990422477,-0.0,-0.0,-1112.5079025888574,-927.1722024585653,-2540.4996991391154,-345.078282829973,-0.0,-0.0,-734.6608931944844,-0.0,-0.0,-0.0,-0.0,-1529.3644899419746,-699.9246308165449,-1395.8715508057426,-588.6823917540102,-4.385362767396064,-868.1268872034891,-0.0,-0.0,-0.0,-0.0,-3209.3423574421995,-0.0,-0.0,-0.0,-0.0,-0.0,-0.0,-899.1892100796676,-0.0,-3109.076904205812,-551.6590017697766,-226.2871168747946,-1440.4792953592598,-0.0,-0.0,-1517.0125529285717,-1623.409712852084,-4.876859223469032,-488.88490925683277,-61.59467063526747,-1975.4134628890868,-1089.580144603938,-0.0,-4351.92563814386,-1456.1434028253718,-0.0,-0.0,-18.988490540889998,-467.4952790356457,-1377.3756540269835,-0.0,-0.0,-24.77886101396433,-1843.245648009032,-668.9627628477401,-397.0164188840542,-96.48840089705794,-2152.934766106712,-0.0,-0.0,-0.0,-0.0,-0.0,-582.6144879846885,-565.2357435696434,-675.9375956506038,-4762.926041532217,-1891.0759040279072,-1389.491609063392,-122.03485831419955,-1105.686724921211,-1364.600654426938,8.382812989952193,-0.0,-0.0,-0.0,-723.6145547511205,-465.4992810285701,-1911.049132426308,-667.3637227836563,-0.0,-1961.322549846567,-0.0,-715.7225945326569,-0.0,-0.0,-2214.0990755621874,-693.5173632933524,-634.3992355567908,-1603.7162340732282,-153.9463208283338,-14.491116796890397,-867.8827854645594,-1635.7536081918374,-0.0,-502.82349745110594,-1309.677278810792,-4738.133170679727,-0.0,-319.1100997617607,-2560.6258283977963,-1726.016390444402,-1416.5897566672654,-608.7243738404743,-1414.229619419402,-0.0,-398.2676598489469,-0.0,-288.36526475940536,705.259760347676,-0.0,-0.0,1028.5129833743408,-0.0,-2504.9734794465894,-858.334039866285,-1063.3488094226302,-1347.042905968521,-1656.3322534014642,-429.7935728589035,-166.17394454636272,-0.0,-0.0,-1017.8711055676174,-1128.447178761482,-887.3483242461256,-0.0,350.18986470991456,384.6391237077958,-267.38145578387457,-3158.3603202221416,-2037.904863234695,-0.0,-0.0,-1620.683997152924,-4675.833175965269,-3073.4649187366413,-587.1596468892038,-1105.6566489780876,-1271.5601809556256,-0.0,-240.34769651054137,-0.0,-823.4730799118043,-253.65457312867926,-2130.2581538692093,-2994.339509345277,-349.05246578220437,-639.9269852240425,-5069.042910077926,-1397.6677981635157,-640.5806019233054,-317.58656860689064,-1456.843499473932,-789.2476931591048,-4.994981432400869,-1716.4030678997383,-2006.1193790684188,-0.0,-0.0,-665.2421492315885,-1445.7414986325311,-388.36230266603894,-4.98490152004173,-0.0,-0.0,-0.0,-0.0,-0.0,-40.01826617115755,-795.9049889387977,767.5259959836756,-506.94523631722654,-842.3830989649791,-629.4177940327153,-1258.323603616524,-1761.777184763638,-1337.5710623487466,-2065.7787512560803,-325.95586265936316,-641.3212761556549,-1765.3169352869818,-727.2094458224834,-0.0,2734.658681993482,-279.2052002095107,-80.72917805736512,-0.0,-991.2392867972052,-717.7799344894581,-1522.9661781700627,-2206.2422100125314,-2492.7090613551895,-0.0,-0.0,-0.0,-0.0,-1148.6148294922677,-1900.9963879193747,-0.0,-959.6755841682035,-9.662740910141409,-0.0,-0.0,-0.0,-2884.6595863774905,-879.9315662426088,-205.5189986791775,-50.84444785870046,-0.0,-0.0,-1272.4275390458947,-1545.9958848599874,-945.8877088730088,590.9694714392671,31.94695677893098,-0.0,-22.65115714318379,-0.0,-1878.5996633996097,-615.5934395077342,-1589.3028905750507,-2012.524624102583,-1867.535733425074,-46.56307639408642,-0.0,-0.0,-1853.9066559638945,-423.71360189566093,-0.0,-0.0,-262.38226130682256,-0.0,-45.918809432157616,-0.0,-1465.3893613200887,-838.969338231985,-0.0,-91.66181427967604,783.3414565518619,-0.0,-215.50995615518863,-2648.2497530139726,-0.0,-0.0,-787.5536193085096,17.59177200142436,-0.0,-0.0,-932.8607708106568,-1708.5274182660207,-0.0,-935.1046478302121,-0.0,-1483.4352790730957,1890.3140631091005,27.639991019211,-2234.9752926293017,-1806.0340039666448,1041.250237919269,-0.0,-2348.7314965240216,-967.559911222866,-1149.473378733482,-0.0,-776.8057991739232,-138.6518928251361,877.5669153176639,-428.7818477971948,-1711.4306461976275,-0.0,-0.0,-0.0,-1013.0385127611023,-694.5089616241381,-901.5270067153058,-1247.4710260301588,-1163.1630184927847,-32.75146304702689,-1259.073764474971,-1058.1889789315278,-1339.8485866762605,-0.0,-0.0,-609.100442031035,826.5886446048212,-7570.210629792185,-0.0,-1442.8000973196863,-2280.4410483497736,-908.9738136757778,-865.9170305484234,-69.74814812376881,-2666.61473901701,-387.28318658985853,-0.0,-1165.6609845605071,-1051.8273464394538,-732.1486288839617,-0.0,-1714.7812704648684,-2378.372925971286,-28.897992244216212,-1275.325370365581,-2668.3028303187334,518.8060372925308,-0.0,-518.0556404060961,-187.65196228912976,-1557.326445724694,-1043.7057126804082,112.13537606869711,-145.38584845339793,-905.7240703786005,-567.6289745025142,-636.5349592631622,-751.4624727249783,-578.7997464282192,-0.0,-1518.0898738369572,-0.0,-1374.3882162712032,-859.7319119331311,-194.0566949236907,-0.0,-2056.0750321927544,-5584.92246336606,-0.0,-491.38136870213157,-0.0,-2564.4897627813375,-289.7603456052049,-0.0,-477.0683779047982,-476.7942736555003,-0.0,-2721.884418040969,-1860.2639491346122,-0.0,-4942.70769267944,-144.14934395529824,-1507.046876447873,-1573.4049119302838,-1811.5153062515687,-113.60704808068007,-0.0,-1047.0310096127707,-2360.726617704936,-602.8319526028192,-1022.5083970538005,-1264.6252255005445,-1920.4327232069666,-2670.6992523676804,-909.6082274814513,-2338.3079740245303,69.37170698512293,-0.0,-354.27153106664684,-1573.432260679724,-1384.0395715015504,-0.0,-0.0,-0.0,-490.8588142077343,-554.9903081814789,8.891888681108956,-653.1803127009464,-0.0,-1411.741203208627,-861.6017516102971,-674.7152805322803,-0.0,-0.0,-361.3219787731081,-2067.935597524789,-1010.1568222200542,-311.82468257773064,-1074.2673779134277,-41.16466206793548,-0.0,-0.0,-3120.485692250109,-1341.4036171141313,-0.0,-0.0,-0.0,-84.97107293569299,-1055.1113016145575,-55.405660979718185,-1908.8020634214352,-1740.493372909114,128.43007240228746,-0.0,-711.6024010852492,-0.0,794.5242675590732,-145.8396792820657,-0.0,-1844.917549314729,-366.8342111865451,-2273.472657292425,-0.0,-1860.176947973474,-732.2243992197549,-222.61877371927662,-13.843881497383519,-38.44031071041467,-0.0,-0.0,-865.0072622465417,-1432.594654151915,-0.0,-679.9815709715924,-0.0,-417.2325826781809,-626.6667336036115,-0.0,148.79228664278725,776.5603452239512,891.5134787957016,961.5826108538434,946.4024747383153,874.0120287093238,-0.0,-0.0,-0.0,-0.0,-0.0,81.52148999591759,-0.0,-0.0,-711.1951349158913,-183.66416460662998,-516.1814640063209,-89.46691170962643,-0.0,-1251.3953889776324,-1676.0547489158953,-2302.4898548486253,-270.8931219874487,-220.74673765974168,-0.0,-0.0,-685.2693710443253,-0.0,-0.0,-0.0,-0.0,-3030.6769574173454,-0.0,-46.35881484197047,972.9107157548303,-0.0,-1155.9974126039067,-681.4108577019083,1644.68213746895,-1093.6745590347919,-0.0,-3302.962606744072,-2538.2232315356696,-221.2169901333075,-891.8189222869524,-1365.4265985771021,-601.6678912919148,1327.4550427008242,-93.79273812044539,-659.1352911857131,-0.0,-0.0,-531.6489977319127,-0.0,-972.0789156659841,-0.0,-505.604122698901,-41.91669628587833,-0.0,-0.0,-1288.1733228656935,-0.0,-0.0,-626.6158908233763,-1320.677548091106,-2282.04352983167,-0.0,-0.0,-0.0,-2032.5666495625858,-0.0,-1158.2717977739135,22.427540144106025,-0.0,-0.0,-1284.2749639354417,-1124.7612811326596,-1381.7368348584007,-457.18480157257164,-0.0,-1528.7176049318646,-316.83844689029473,-0.0,-0.0,4.59785433613914,-44.31946181361342,-5025.143937432253,-0.0,-136.2440187512132,-30.408379747627073,476.9463833421562,-86.38719898548428,-1123.2179224432966,-1028.4627022368272,-521.4419653422088,-0.0,-0.0,-2090.891193383472,-0.0,-0.0,-0.0,-0.0,-0.0,-0.0,-0.0,-162.74732417967763,-0.0,-0.0,-2037.3178755400495,-7570.847709925385,-146.4399306491441,41.800971450929424,-423.88717313077854,-787.2738141676091,-129.48550599030077,-4699.543664820173,-263.53602017185466,-345.8010469562636,-0.0,-0.0,-0.0,-1906.9538408293165,-0.0,-41.97544812730401,-0.0,-0.0,-0.0,-521.1802921061355,-13.20596238444792,-270.61616948392816,-1431.4376596561335,-717.0771227707343,-79.31537961227741,-2718.6910207599544,-0.0,-90.09589657786915,-2540.5639811045035,-0.0,-1447.3078680685214,-91.26100579350543,-1616.9870697107522,-0.0,-0.0,-1156.6660712686992,-740.6977704017567,-38.870540070120654,-1037.7891787703043,-1017.5495671458536,-798.8398057031608,-172.91309207023028,-854.048046069878,-814.8788294978032,-2497.216274056039,-1058.5765906565882,-0.0,-1710.2817793257532,-441.4497458054281,-719.1287375855773,-0.0,-0.0,-1227.6231365643337,-2624.4311698985825,-1014.4239354665189,-0.0,-0.0,-0.0,-4193.912614522682,-964.1529474805485,-190.4448309493653,-383.2806290374682,-42.40060161528256,-4232.710118147339,-0.0,-0.0,-2629.9219293352376,-962.1640685159124,-0.0,-0.0,-0.0,-88.03571297734659,-0.0,-2071.524497172785,-1988.3357160942076,-0.0,-390.16795186180457,239.1432339039425,-0.0,-0.0,-0.0,-1220.0680887528656,25.965341129140352,-2773.1292683968154,-725.5275198965011,-1337.2040568782013,-852.121695515047,-3598.932828861438,-1890.3510875560214,251.48817482076913,-0.0,-3309.011950164998,-0.0,-0.0,-0.0,-1403.5998796315355,-799.6122289966141,-1998.2845453000166,-0.0,-0.0,-928.3288226421214,-1675.343993136546,-719.2469539335492,-576.5170678174436,-0.0,-0.0,-1355.5217828064185,-0.0,-0.0,-0.0,-0.0,-0.0,-0.0,-613.6233460157915,-85.54517437604419,-1724.6475951253728,-0.0,-772.2024514136759,-1368.0314204627625,-38.55317406439033,-0.0,-0.0,-0.0,-0.0,-0.0,-0.0,-0.0,-0.0,-0.0,-0.0,-1386.170024030429,-1946.6319206589212,-0.0,357.53080843067784,-0.0,-727.4765047918098,-108.38497412006927,-0.0,-967.8799260284643,-437.8172055948559,-109.02227073404396,-2135.8847333617205,-552.5762434247838,-2938.4370184178324,-190.90032632655726,-2370.9190413947617,-1857.5831278829437,-974.7520544572548,-4.750260138957219,-0.0,-1290.2345896495183,-2291.0982781902912,-2533.6202741669604,-95.15305297934106,-248.5984610013573,-2027.9787725426136,-0.0,-2455.489920617975,-397.78977674336807,-0.0,-1957.0127597419707,-0.0,-1004.1739556992267,-0.0,-3080.9405178727466,-0.0,-0.0,-86.90637428819396,-1178.4776222995276,-544.850002548033,-0.0,-1497.1228606478574,84.61237526821982,354.2083112370839,396.6326364807403,-311.18636902784255,-1861.059011201792,-637.8086926075773,-0.0,-0.0,-6231.225604684228,-1243.519238940124,-0.0,498.32682416949655,-0.0,-2215.314892570444,-555.6884317789325,-719.7438767276806,-0.0,-0.0,671.8536096006571,-0.0,-1055.8227740332795,-1364.0992148840444,-2067.336992054794,-0.0,-746.0036665565135,-3214.417045090197,-1066.616301617083,-0.0,-1507.3277026691817,-159.08090783913553,-1279.6058975750498,-0.0,-953.7456069644816,-0.0,-0.0,-0.0,-968.9083514388897,-0.0,614.1852503937644,-0.0,-403.84642115897384,-830.3671523501239,-513.6936929356355,-1225.5639530001617,-629.1913476426363,-2298.7447101210714,-1368.6222213794385,-0.0,762.6953430378979,-2642.407880253405,-1863.337148260107,-750.8018623321708,-0.0,-0.0,-0.0,-162.16339668812793,-1340.4564305092117,-326.76262030059905,-1042.3034573915386,-2243.010983414469,-2841.587379616566,180.17093923383172,944.9937688839049,807.2808244194173,-0.0,-0.0,134.03925267679517,-35.74484695373713,11819.289800967019,11004.393435735605,5773.649822154988,10978.871248061036,11745.425110168544,12091.307278939143,-0.0,-0.0,-0.0,-0.0,-0.0,-1535.7072552774694,-1360.5564595899612,-901.7470069198259,-0.0,-3000.577042708717,-710.9649419794974,-1278.3709989085153,-34.51035199142609,-957.865226366859,-1387.5427699847971,-1169.620266246351,-1413.3753278170166,-0.0,-2900.3424180043376,-1986.3657079893821,-865.5659201267598,-135.14165124422587,-3808.9519947857616,-0.0,-266.0693842311779,-0.0,-12.82345836625488,-0.0,-149.16087304202398,-328.76928717288325,-1132.5738681369228,-944.9458742106586,-0.0,-0.0,-0.0,-2617.7313836210437,-0.0,-0.0,-296.22834155778696,-1119.4902561330655,-1020.3280447900536,-102.44262059247532,-1314.2518094342872,-2133.076984527672,-377.5914605474476,-0.0,-0.0,-137.83454313712195,-1309.2240999538826,-386.785413768605,-0.0,-5975.684162191422,275.9949729351888,-0.0,-0.0,-0.0,-35.16858608450954,-473.3728047077147,-0.0,-0.0,-1361.4466897392106,-2289.7438921446574,-1514.9783997490786,-445.28995712773764,-450.0063742325143,-467.5470803506636,657.7905508193628,-1430.6118637099107,-0.0,-604.6161989547082,-3030.658659748631,-632.8548838354693,-8.887738353052018,-0.0,-5.892625585539512,-0.0,-0.0,-0.0,-1296.2945803160299,-474.09849240586203,-1695.7087948223761,-0.0,-0.0,-0.0,-272.6139893443345,-667.7700155818834,-1662.6011952163574,-3686.246525444842,-379.74159108708363,-233.43847703370986,-0.0,967.4468654044214,-0.0,-1336.3371187880446,-188.68197323311753,-0.0,-0.0,1182.9136630614107,-0.0,-1937.4759657260622,-0.0,-0.0,-0.0,-231.90315976200185,-2347.883703027259,-1972.2683378488232,-33.9927863051094,-2801.685289170886,-1629.2893522687837,-28.84182012509774,-31.098697841487255,-78.91840040014381,-0.0,-0.0,-2265.8021841934096,-0.0,-6489.7410494823835,-0.0,-1483.4548866949674,-290.976822233378,172.64924423732475,-0.0,-64.4905685308206,-1426.9147940102719,-1770.9922550751523,-631.3542361855981,-37.30817559057193,-283.1836418279966,-0.0,-0.0,-0.0,-0.0,-1258.919709320673,-971.9233640076792,-0.0,-659.153327747274,-1415.38356214722,-205.35864036336181,-91.23775894455255,-0.0,-0.0,-0.0,1232.973114072129,-4.211697250642665,-0.0,-642.204811320816,-984.0795525571813,-1578.2687891198796,-0.0,-0.0,-2305.711427020549,-0.0,-0.0,-0.0,-0.0,-753.1115070478846,1118.3277276344563,1248.6072394392897,1365.5349466070907,-0.0,-0.0,-0.0,-668.0864424072894,-0.0,-0.0,-420.87026961680886,-699.7317107071916,-0.0,-245.5654764372645,-1509.7279695247541,-1399.3655282595025,-0.0,-0.0,-0.0,-13.212530592546978,-1712.262769317534,-4.899452417939009,481.59355258274803,-0.0,-1851.819263445575,-865.616206005206,-597.7002530922288,-2132.5968356536914,100.89858877660014,-330.6152838547706,-21.03042096418516,-483.58494388957774,-418.7999634417553,-1112.9866253016335,-398.6684321453225,987.1610079924432,-1633.903320569994,-257.10749594086474,-193.4184229668258,-4380.574624054266,-3222.0335459651774,721.3949458209285,-1112.057101779816,-230.24420147220982,9.513397937384346,-921.9237049124649,-1312.0542689578674,2015.2843684183158,-688.9606761571387,-767.351696755038,-787.1102891290178,-0.0,-7791.457530700048,-0.0,-526.3098335439536,-987.8433989327569,-701.7532924552357,-1055.016133604317,-1297.5216304956552,-0.0,-1175.0045916258475,-185.13745581830304,-95.46049365597497,-7135.894225632119,671.2667729745677,-224.98403454985083,-0.0,-623.0640446222224,-1438.449865047877,-0.0,-0.0,-532.6745012983845,-1728.1663002568646,-95.49839000725532,-257.11010577491425,-307.0701687060829,-1210.3128154482542,-0.0,-0.0,59.273770698625015,-0.0,-0.0,-1995.0005164863917,-0.0,-1902.373696029646,-998.4772105689709,-1362.0582521956142,-0.0,-0.0,-558.6779906768672,-986.1348155379444,-156.69448287290774,-0.0,-512.1242524487205,-168.67065521918843,-584.2433511043621,-0.0,-219.73463866484957,-551.976297907519,-2454.5219033587027,-1085.969945241975,-1863.928178221625,-0.0,-0.0,-1560.7058446455446,-23.78234059631236,-0.0,-0.0,-1273.494899244604,-0.0,-0.0,-0.0,-0.0,-0.0,-0.0,-0.0,-0.0,-0.0,-0.0,-111.85506428336346,-0.0,-0.0,-0.0,-0.0,-0.0,-0.0,-0.0,-0.0,-0.0,-0.0,-0.0,-379.9488166606732,-0.0,-0.0,-0.0,-0.0,-0.0,-0.0,-0.0,-0.0,-0.0,-0.0,-0.0,-0.0,-0.0,-0.0,-0.0,-0.0,-0.0,-0.0,-0.0,-0.0,-0.0,-0.0,-0.0,-0.0,-0.0,-0.0,-0.0,-0.0,-559.0651183480649,-0.0,-0.0,-0.0,-0.0,-0.0,-0.0,-0.0,-0.0,-0.0,-0.0,-0.0,-0.0,-0.0,-0.0,-0.0,-0.0,-0.0,-0.0,-0.0,-0.0,-0.0,-0.0,-0.0,-0.0,-0.0,-0.0,-0.0,-0.0,-0.0,-0.0,-0.0,-0.0,-0.0,-0.0,-0.0,-0.0,-0.0,-0.0,-0.0,-0.0,-0.0,-0.0,-0.0,-1488.687883382606,-584.852573946026,-1904.5239466618814,-0.0,-0.0,-0.0,-0.0,-0.0,-0.0,-0.0,-0.0,-0.0,-0.0,-0.0,-0.0,-0.0,-0.0,-0.0,-0.0,-0.0,-0.0,-0.0,-0.0,-0.0,-0.0,619.5703415069155,-0.0,-0.0,-0.0,-0.0,-0.0,-0.0,-0.0,-0.0,-0.0,-0.0,922.8223581590672,-0.0,-0.0,-0.0,-0.0,-0.0,-0.0,-276.0371805699074,-0.0,-0.0,-0.0,-0.0,-0.0,-0.0,-0.0,-0.0,-0.0,-0.0,-0.0,-0.0,-0.0,-0.0,-0.0,-0.0,-0.0,-0.0,-0.0,-0.0,-0.0,-0.0,-0.0,-0.0,-0.0,-0.0,-0.0,-1218.2094796808692,-0.0,-0.0,-0.0,-0.0,-0.0,-0.0,-0.0,-0.0,-0.0,-0.0,-0.0,-0.0,-0.0,-0.0,-0.0,-0.0,-0.0,-0.0,-0.0,-0.0,-0.0,-0.0,-0.0,-0.0,-0.0,-0.0,-0.0,-0.0,-0.0,-0.0,-0.0,-0.0,-0.0,-0.0,-0.0,-0.0,-0.0,-0.0,-0.0,-0.0,-0.0,-0.0,-0.0,-0.0,-0.0,-0.0,-0.0,-0.0,-837.868005442788,-0.0,-0.0,-0.0,-0.0,-0.0,-0.0,-0.0,-0.0,-0.0,-0.0,-0.0,-0.0,-0.0,-0.0,-558.5712885748022,-0.0,-0.0,-276.14186632315585,-0.0,-0.0,-0.0,-0.0,-0.0,-0.0,387.25771328235123,-0.0,881.5717162864823,-0.0,-0.0,-0.0,-0.0,-0.0,-0.0,-0.0,-0.0,-0.0,-0.0,-0.0,-0.0,-0.0,-0.0,-0.0,-0.0,-0.0,-0.0,-0.0,-0.0,-0.0,-0.0,-0.0,-0.0,-0.0,-0.0,-0.0,-0.0,-0.0,-0.0,-0.0,-0.0,-146.2890526247857,-0.0,-0.0,-0.0,-0.0,-0.0,-0.0,-0.0,-0.0,-0.0,-0.0,-0.0,-0.0,-0.0,-0.0,-0.0,-0.0,-0.0,-0.0,-0.0,-0.0,-0.0,-0.0,-0.0,-0.0,-0.0,-965.4133481971132,-0.0,-0.0,-0.0,-0.0,-0.0,-0.0,-0.0,-0.0,-0.0,-0.0,-0.0,-0.0,-0.0,-0.0,-0.0,-0.0,-0.0,-0.0,-0.0,-0.0,-0.0,-0.0,-0.0,-0.0,-0.0,-0.0,-0.0,-0.0,-0.0,-0.0,-0.0,-0.0,-0.0,-0.0,-0.0,1515.916902815707,-0.0,-415.40873210347786,-0.0,-0.0,-0.0,-0.0,-0.0,-0.0,-0.0,-0.0,-0.0,-0.0,-0.0,-0.0,-0.0,-0.0,-0.0,-0.0,-0.0,-0.0,-0.0,-0.0,-0.0,-0.0,-0.0,-0.0,-0.0,-0.0,-0.0,-0.0,-0.0,-0.0,252.1936366453489,-0.0,2394.1583500061124,-0.0,-0.0,-0.0,-0.0,-0.0,-0.0,-0.0,-0.0,-0.0,-0.0,-0.0,-0.0,-0.0,-0.0,-0.0,-0.0,-0.0,-0.0,-0.0,-0.0,-0.0,-0.0,-0.0,-0.0,-0.0,-0.0,-0.0,-0.0,-0.0,-0.0,-0.0,-0.0,-0.0,-0.0,-0.0,-0.0,-0.0,-0.0,-2549.291873262242,-1631.3128798929895,-0.0,-0.0,-0.0,-0.0,-0.0,-0.0,-0.0,-0.0,-0.0,-0.0,-0.0,-0.0,-0.0,-0.0,-0.0,-0.0,-0.0,-0.0,-0.0,-0.0,-0.0,-0.0,-0.0,-0.0,-0.0,-0.0,-0.0,-0.0,-0.0,-0.0,-0.0,-0.0,46.988638065626624,-0.0,-0.0,-0.0,-0.0,-0.0,-0.0,-0.0,-0.0,-0.0,-0.0,-0.0,-0.0,-0.0,-0.0,-0.0,-0.0,-0.0,-0.0,785.0469715181965,-0.0,-0.0,-0.0,-0.0,-0.0,-0.0,-0.0,-0.0,-504.22943860452017,-0.0,-0.0,-0.0,-0.0,-0.0,-0.0,-0.0,-829.538077589017,-0.0,-0.0,-0.0,-0.0,-0.0,-0.0,-0.0,2483.4705930484693,-0.0,-0.0,-0.0,-0.0,-0.0,-0.0,-0.0,-0.0,-0.0,-0.0,-0.0,-814.0412222823328,-0.0,-0.0,-0.0,-0.0,-0.0,-0.0,-0.0,-0.0,-0.0,-0.0,-0.0,-0.0,-0.0,-0.0,-0.0,-0.0,-0.0,-0.0,-0.0,-0.0,-0.0,-0.0,-0.0,-0.0,-0.0,-0.0,-0.0,-0.0,-0.0,-0.0,-0.0,90.48790537372525,-0.0,-0.0,-0.0,-0.0,-0.0,-0.0,-0.0,-0.0,680.2530378441368,-0.0,-0.0,-0.0,-0.0,-0.0,-0.0,-0.0,-411.32937633919573,-0.0,-0.0,-0.0,-0.0,-0.0,-0.0,-0.0,-0.0,-0.0,-83.31447945900062,-0.0,-0.0,-0.0,-0.0,-0.0,-0.0,-0.0,-0.0,-0.0,-0.0,-0.0,-0.0,-0.0,-0.0,-0.0,-0.0,-0.0,-0.0,-0.0,-0.0,-0.0,-0.0,-0.0,-0.0,-0.0,-0.0,-0.0,-2252.239406752335,-0.0,-0.0,-0.0,-0.0,-0.0,-84.1840241182617,-0.0,-0.0,-0.0,-0.0,-0.0,-0.0,-0.0,-0.0,-0.0,-0.0,-0.0,-0.0,-0.0,-0.0,-0.0,-0.0,-0.0,-0.0,-0.0,-0.0,-0.0,-0.0,-0.0,-0.0,-0.0,-0.0,-0.0,-0.0,-0.0,-0.0,-0.0,-0.0,-0.0,-0.0,-0.0,-0.0,-0.0,-0.0,-0.0,-0.0,-0.0,-0.0,-0.0,-0.0,-0.0,-0.0,-0.0,-0.0,-0.0,-0.0,-0.0,-0.0,-0.0,-0.0,-0.0,-0.0,-0.0,-0.0,-0.0,-0.0,-0.0,-0.0,-0.0,-0.0,-0.0,-0.0,-0.0,-0.0,-0.0,-0.0,-0.0,-0.0,-0.0,-0.0,-0.0,-1697.8817952014242,-0.0,-0.0,-0.0,-0.0,-0.0,-0.0,-0.0,-0.0,-0.0,-2118.4558368304633,-0.0,-0.0,-0.0,-0.0,-0.0,-0.0,-0.0,-0.0,-0.0,-184.67009051255903,-0.0,-0.0,-0.0,-0.0,-0.0,-0.0,-0.0,-0.0,-0.0,-0.0,-0.0,-0.0,-0.0,-0.0,-0.0,-0.0,-0.0,-0.0,-0.0,-0.0,-0.0,-0.0,-0.0,-0.0,-0.0,472.87561711756695,-0.0,-0.0,-0.0,-0.0,-180.2936109119172,-0.0,-0.0,-0.0,-0.0,-0.0,-0.0,-0.0,-0.0,-0.0,-0.0,-0.0,-0.0,-0.0,-0.0,-0.0,-0.0,-0.0,-0.0,-0.0,-0.0,-0.0,-0.0,-0.0,-0.0,-0.0,-0.0,-0.0,-0.0,-0.0,-0.0,-0.0,-0.0,-0.0,-0.0,-0.0,-0.0,-0.0,-0.0,-0.0,-0.0,-0.0,-0.0,-0.0,-0.0,-0.0,-0.0,-0.0,-0.0,-0.0,-0.0,-0.0,-0.0,-0.0,-0.0,-0.0,-0.0,-0.0,-0.0,-0.0,-0.0,-0.0,-0.0,-0.0,-0.0,-0.0,-0.0,-0.0,-0.0,-0.0,-0.0,-0.0,-0.0,-0.0,-0.0,-0.0,-0.0,-0.0,-0.0,-0.0,-0.0,-0.0,-0.0,-0.0,-0.0,-0.0,-0.0,-0.0,-0.0,-0.0,-0.0,-0.0,-0.0,-0.0,-0.0,-0.0,-0.0,-0.0,-0.0,-0.0,-0.0,-0.0,-0.0,-0.0,-0.0,-0.0,-0.0,-0.0,-0.0,-0.0,-0.0,-0.0,-0.0,-0.0,-0.0,-0.0,-0.0,-0.0,-0.0,-0.0,-0.0,-0.0,-0.0,-0.0,-0.0,-0.0,-0.0,-0.0,-0.0,-0.0,-0.0,-0.0,-0.0,-0.0,-0.0,-0.0,-0.0,-0.0,-0.0,-0.0,-0.0,-5944.028091192229,-57.786034379813174,40050.28146367712,-4013.933964726039,-4997.560997318839,81295.92103949102,-0.0,-7403.175125266936,984.3624701308158,2354.1013815759848,-27048.97125779575,-0.0,-5229.105386341261,-0.0,-0.0,37640.892428224135,-12403.48826330582,4256.396838302844,7028.841912435886,-5038.8962172517095,-30388.910221072176,-9814.59987566691,57.42687981653938,-100.72104781966982,-6890.2215861207305,-0.0,-14813.11822120084,-20591.236801726853,17396.140661241036,-643.3459718586196,8.907666167705347,52494.57896442953,-3555.112228398153,-133560.00932318412,-3161.593906243708,-25668.43661981002,-21373.16514815574,-7105.630395210031,-6885.90226702346,-16582.132445453208,14192.71033950316,-2771.5583491812595,-4658.056041451429,-4158.374973351947,-12621.201146577472,9299.746484802039,42593.884505193,-1134.3373586352498,78.524639024108,24115.10716389318,6012.362964083898,-628.5952766042719,16583.737832032126,9307.241162071907,-6484.619319732789,-8231.997537057807,-4358.39729994357,395.40468599451,-0.0,-0.0,-301.85070497175127,-9181.660652287035,-3929.576220538482,-3439.278500788252,-1967.6879898674538,-5209.373804645219,12375.795774911,4126.150679584046,-9450.380610065378,22515.18053125636,-22713.393832299233,-39134.47580071129,78002.2367138395,-25883.536452628246,-10457.348570939444,-2472.0127744710812,-4182.291438046674,-6821.688518203462,-5326.3074468934,-37305.1898916057,-0.0,-15340.877573925725,-0.0,3440.063063609892,-0.0,-0.0,-15924.227237029276,-1372.7765468072848,-0.0,-0.0,4520.70147185096,-0.0,-0.0,-0.0,-7922.190405557922,-5190.168390301638,-8375.263756876102,-8302.499530374791,8816.887240054446,-0.0,-33475.104970573746,52560.969924673824,-0.0,-0.0,-22865.16819057504,-11846.341482192358,212.2497672284322,57.29079171869153,-0.0,61169.8737003388,-0.0,-0.0,-0.0,-0.0,59803.98052353806,-1167.4334800189006,-0.0,-12630.573484877788,-0.0,-6930.558557180485,-1507.3532717729354,-3673.823584373659,-17962.369398978797,14135.884181047131,-1677.9947604288022,-10556.612228485104,-0.0,-0.0,-5675.224539729112,-7844.2889246365385,-11731.115033730808,65580.68801836102,-0.0,-202.65145851452826,14600.992868363886,3670.9257887226163,-2234.4750810124037,786.2351888006251,6001.7245815682545,-4204.757731264007,-92.33476808565239,-20261.19657269961,500.88825664824543,15296.38234435426,-910.7138767442581,14408.377654934171,57015.09437266732,3500.9667905727474,-75.95143411122636,10617.189747624869,-2347.729805646189,-8752.953139663148,-11529.789762430617,-16632.90218963535,-0.0,7378.076902410852,22580.22087594459,24514.677428726765,-11021.078206478109,8379.481799024012,10013.9873997308,-9243.68882435076,18158.5118216592,-16190.908671960131,-0.0,5186.673075298835,-13806.326761524006,-17984.96131651664,-9771.442360814615,28845.344665449844,3607.069840938266,-0.0,-6913.110839808685,-0.0,-3126.4135753893397,109.74608282402788,-4577.521828759327,-0.0,232.7740148487436,-277.7337450183674,-24759.210482686038,-14403.346664261939,24915.457519424843,-7826.100660297212,4005.1604584787506,6406.691333245385,-7399.851306868302,-5995.0996205596375,-13069.256669113229,-0.0,-2403.690564073283,-2023.9362599594872,-0.0,1443.4775639923248,-413.4663263519704,-0.0,-0.0,-16559.442852475164,-4045.7356534492515,3366.0445895513617,-5490.24650592199,-0.0,-0.0,-0.0,62454.87430760545,22887.736906344522,-0.0,114.69000902819351,13707.106405041846,-0.0,-4893.083016989133,-2736.4762049184133,-0.0,-4931.418476091244,-10321.981808809305,135763.46127002276,-13664.479959950137,-9905.98256842961,-37980.743939407155,-0.0,1656.9980101485123,3343.0966834647334,-11039.364000717169,33661.1280511166,-9190.336356458927,-44876.64330102082,-16092.61895032554,-10371.938226046046,-0.0,1390.740121098188,-5455.501653073423,27122.92074027046,-175.9885076785519,-484.0786966983599,-12178.612092050302,-10428.4997199909,33483.51057598645,-0.0,-2416.0312818350167,791.576756888039,-0.0,-0.0,-0.0,-0.0,-0.0,-0.0,-0.0,-0.0,-0.0,-0.0,-0.0,-0.0,-0.0,-0.0,-2394.093791150431,-0.0,-0.0,3854.7150957948957,-16491.794245697678,-783.3283587278822,-11642.206097281856,28079.767108592107,9112.335044418898,-4398.3424060985835,3867.0764212960107,49641.45354249929,-0.0,-0.0,-4721.655974411418,3620.192342602378,-7627.550019297784,-9469.750677013977,-0.0,-41.5889841432715,11271.536901540732,-5098.747946267361,-3027.9917948452744,4082.7827105891815,-28282.72621259515,34257.98673219694,-6474.719441732008,-1131.6850396737882,15305.789783868142,-0.0,-0.0,-0.0,-0.0,-0.0,-0.0,893.5682078797565,51989.84831633536,-11305.290377876196,-12364.74557331699,-10015.075272952547,-0.0,-10191.20852675502,-14649.27398543791,-0.0,-0.0,-0.0,514.0976546789277,470.0394009878003,762.055245883443,2803.383660486801,-0.0,4432.572004831436,941.1734237770634,969.2846817954259,932.8726358719452,811.5483786729925,3171.3196889196543,1794.6638408224485,3050.011477901465,2744.170045365172,2990.490684843418,3228.1493920730068,40998.98817712779,38680.174678460906,45514.76427523922,42338.40513312705,10491.307334360152,9424.046285686534,9683.292302096348,10895.791874620107,5284.362293849039,2245.5758640225445,2333.7132733168723,2425.965609815754,2324.157883073207,2446.882358022909,5122.357767443658,4812.027580174561,1645.0526466459894,1378.1003759663236,706.8083399289491,451.41809777328234,568.9496064055264,37701.61845673747,36517.814713958374,40781.76267458913,36178.748598733015,63635.931332820925,60182.97644360137,1449.5918186214037,1309.5037599206728,1440.824477733593,1383.9797739578441,1348.7070549118785,1406.04009487206,725.891488869625,63540.41367232715,56660.687052394765,56099.10321612706,3063.830026569521,2925.333152286232,3158.2006742768717,-0.0,9166.241505031448,9808.25806559142,42528.83804849533,36957.45261094633,43416.13212578109,66085.94912785743,64716.27432167755,73744.93167470262,63409.09652767808,3039.6345230526376,2619.323599438486,5624.61219136893,-0.0,21619.00114840389,24491.14129948913,-0.0,1712.767422522085,1666.676020540926,1677.2119442971261,1628.8374192595402,1625.9032090520348,1648.0469545212159,42792.59155046006,43050.90004956817,40079.497810877474,36639.16565824349,1302.9848065773695,1416.3503094594878,-0.0,-0.0,16538.377010064993,41534.55294821096,36317.306242148916,40493.95020779167,43787.26376997416,-0.0,60523.27872162567,56311.42090394022,1151.5989311854132,2556.6495291622978,2445.5635053395304,2615.0204788445994,2731.410691616422,2763.5787027342153,64531.482559764394,62041.36975860319,-0.0,-0.0,17854.89038462855,1189.9786343074436,40358.82017221737,42326.60597922673,37529.1997976953,39076.57979806845,42769.56745770094,35300.20308062303,-0.0,17755.09093143528,11080.830562597703,-0.0,-0.0,1514.7201263990812,1617.6689489222238,835.3482998815745,931.0807980689983,481.2394400237722,487.8252542375481,-0.0,1149.1496137853176,1147.4877613028962,1222.8995988663808,1406.836356823174,-0.0,1794.2030774696525,1749.2246588551816,2076.830620138674,2701.0923234919137,2674.2023845078706,2454.934717435864,863.7778341168272,973.8411997226722,960.2443672327086,1592.5056052772868,1025.444273224862,1106.4276996783744,1129.4223425208422,1040.863764548902,9200.71477282232,9193.19068184439,295.28446106093224,290.41944311009,3908.8228293812,15853.425466931236,1591.5633280463662,1699.8161808662328,-0.0,-0.0,9721.320172744065,9728.843886634726,9589.04261626905,8382.599580088301,2237.566566248117,2216.4512090244143,39228.26246001439,35925.79029169812,10508.899809524144,7822.226385826092,-0.0,56906.75993698986,2163.254668487949,2557.143029366549,1155.181994153386,60809.379834983,61146.147004187456,64964.490865010346,53917.349712090574,230.20660913314833,63619.22719958222,57630.9461634729,-0.0,-0.0,26324.974564875956,-0.0,1326.058952955822,1136.7480273426115,1158.2904319136344,2476.8298448456017,10478.107871682154,19607.053498003446,2044.3708032140287,1974.57611129205,26.790783060571048,764.2247571690502,774.3352735746694,18357.078997720993,1601.049253337295,-0.0,-0.0,-0.0,1161.6845165352272,-0.0,1215.1676530303557,-0.0,6802.1185097271145,6905.030840587662,6208.061944338559,6422.150266118224,970.8246499174448,-0.0,939.2718182828881,-0.0,-0.0,1067.2135539884614,1125.1758627460458,1168.2294929250481,987.683051268671,873.1707263315725,816.9880236131027,1912.0223594990782,1826.0138436853617,1758.200898719497,-0.0,3370.8128011083036,2951.876032981972,3453.6727535039736,3301.902489104636,5279.475975309253,54699.11107386496,57369.03943163171,11435.228674837448,23284.289647701924,16668.10314627377,20025.419472502923,1846.600581098282,2224.6004175703356,1019.26797631247,936.965072110719,2440.8849831988578,-0.0,42838.59171559119,37038.1338174594,1567.5542387893906,1269.297348758752,1355.3343116641438,6061.0110227260875,3441.775884394119,3246.2622693195412,37921.66096140263,35874.905041652244,39902.39043818652,46217.51793247655,-0.0,-0.0,-0.0,2516.646131456517,2684.7656632685384,2784.9711229255076,10071.075622757084,9628.498476050803,6973.770665078565,2590.1260560184037,2741.3992956900825
10,-0.0,-0.0,-658.150034934619,-2282.4812982389312,-579.3067227209917,-548.8363821976761,-108.28506886359087,-671.5280154908339,-636.0265177012731,-0.0,-1419.898600138504,-0.0,-0.0,-2899.7434240381826,-0.0,-605.6925128577967,-485.6145753134074,-0.0,-48.72742708609716,-262.04523181755206,-331.2786423163426,-756.4747247606791,-966.5698184062221,-795.2258277288798,-2327.9973476075256,-682.6627193541146,-0.0,-44.33171150682943,-3130.8898234339017,-1938.9846143328964,-0.0,-0.0,-0.0,-0.0,-0.0,-0.0,122.22523223333299,-224.28697454764318,-1968.68792378044,-1678.9848105818514,-0.0,-0.0,-148.4700432925661,-579.2175483845399,-182.33714946097373,-0.0,750.0741470069216,-1965.8647095993108,-433.3079392709416,-0.0,-0.0,-295.5184698598172,-0.0,-12.481895253202731,-2299.906194347596,-3117.823993620822,223.33451702148162,-6384.8018389703675,-236.9740672900561,-0.0,-2002.85163578018,-0.0,-737.3984164555959,-3312.092065596194,-545.5868619586395,-544.7861910497274,-46.29133980256015,-2345.5338817767456,-968.559324138924,-497.40846501687236,-3092.2099285756535,-0.0,-0.0,-2883.4580739414264,-1110.6074530931317,-249.6632548866661,-1922.4242889538586,-0.0,-0.0,-1463.769708794471,-1573.0297403238983,-551.1842655353694,-3810.3100882631184,4.352563427835506,-29.18900495162071,-2313.994898993959,-0.0,-668.701667282862,-1079.1646538761063,-8.258963897757738,-0.0,-1458.8598406151377,-92.9255056565461,-873.826094824376,-2347.2867408233637,-44.701643226665595,-2816.8318174070023,-465.499615948197,-1546.3303124313545,-3070.9086818343744,-781.5052740470619,740.3382862097467,-605.6946389213862,-0.0,-1525.1253658820858,-2564.9592513713305,-5124.456972805989,-510.3807608095064,-3362.4442539699844,-0.0,-1796.760404584438,-0.0,-0.0,-600.6233590496895,-0.0,-0.0,-729.3422640180647,-90.15196997545996,-1664.6382551459283,-1008.5988661284342,-900.5644208590695,261.5456355421883,-509.2042972466797,-338.87404906907614,-235.89028558440523,-9.036923563474131,-602.8481182025341,-679.1839780777494,-843.2151338702317,-0.0,-5425.1031375518605,139.13354405944474,-120.66679067070174,-4902.278035026156,-0.0,-1158.0427837527186,-71.32346708197056,-0.0,-355.16054509125547,-0.0,-0.0,-939.5362113168655,-0.0,-781.9239407320105,-1011.4628240386911,-0.0,-1227.0610823408817,-317.6660133075259,-704.3674051960581,-2375.9093241598503,-0.0,-1875.1418189152407,-1319.8369695073245,-0.0,-0.0,-0.0,-0.0,755.1856252079547,-0.0,-1812.4868498564006,-1933.923013670937,12.571909171120524,-0.0,-0.0,-763.6867721173953,-605.0934199160213,-850.2074282397424,-0.0,-486.82184823759184,-3393.8391970242333,-1176.7809378560105,-0.0,-1352.1738839991906,-2778.5701296374314,-0.0,-0.0,-0.0,-0.0,-0.0,-0.0,-562.5314031818331,-688.0070565729782,-263.32527010606424,-223.85272940299257,-1514.31558708599,-59.06658249002806,-0.0,-0.0,-802.7972906147811,-0.0,-629.7454546827579,-32.49319580085173,-4.815371072668182,6.606255047130556,-0.0,-0.0,-1340.986217913791,-481.18516016395927,-531.8236134414735,-0.0,-3848.8851107686155,-2264.0686004945155,-1170.0189413872959,-0.0,-0.0,-2509.476087597581,-1658.0816160813417,-743.535129976808,-95.79536826479539,-1921.1277328703145,-1602.010902332979,-0.0,-0.0,-1902.5321971551962,-0.0,-894.6972058836031,-1455.3613427087375,-155.32926779885094,-471.6252624322816,-678.203290208088,-641.1525848931336,-0.0,-1733.40708615723,-0.0,-3800.652577457407,-3213.451045118107,-210.05840351141848,-452.4904381971755,-534.1894744538623,-0.0,-321.79040140323366,-298.3284849350707,-0.0,-1222.8234429866293,-781.4997483758375,-1271.524141009517,-1786.2793332859685,-1052.8144314153967,-2437.9459006207667,-2377.9746049116034,-2767.9437398529194,-2528.05199365548,-1164.3943937512297,-2434.3496280392715,-581.4907780275431,-668.2902138096216,-0.0,-1374.7222848270812,-1233.5742199545118,-1134.1463683591553,-470.2205741715887,-452.4092817954774,-2313.98491253439,-882.4302408571542,-471.96046404050486,714.5922422098445,-0.0,1140.40815432908,-1558.259397834518,-0.0,-0.0,-0.0,-0.0,-0.0,-0.0,-1463.28138148784,-3120.6418788821834,-568.0182561634324,-1115.4751905389326,-0.0,-0.0,-2095.358777467576,-1370.8311325714299,-2383.4439061413746,-0.0,-0.0,-157.56388170961893,-66.59471705662453,-450.2404592880328,-2122.2064457459296,-571.45323649377,-0.0,-590.0003520246535,-775.2186978021768,77.92549928889672,-1361.07622116972,-1673.8527420093749,-1517.1966129551863,-2075.5712601030705,-351.4164171396771,-668.4278951224292,-47.54244649422163,-1975.3170276905064,-0.0,-960.2587837720245,-187.41017120489607,-96.15594970285429,-665.7228841602825,-0.0,-2452.279373782829,-146.3665746081275,-776.3891000689293,-1803.2434810994614,-1783.670499313444,-0.0,-652.6236367188603,-877.7133583043708,-29.06209816992455,-286.7333540001858,-573.3723861795967,-63.528020556499456,777.6446912863051,-1346.9001594888762,-0.0,-1060.9816966809015,-1753.6310045900668,-0.0,-563.9571046882361,-0.0,-1760.1719011742998,-0.0,-0.0,-0.0,-1323.7458352143062,-827.8991305859738,-525.4480574716996,-0.0,-1817.9357240357506,-3506.82884483779,-4205.034279895296,-0.0,-380.50569611567335,-0.0,-322.6337294458045,-131.09908201200145,282.85310108723854,-655.5725104924446,-0.0,-790.0932583272779,-1044.6545560359264,-359.65292538478326,-663.5529116928508,-0.0,-502.6804119243214,-1044.3000226885008,-618.4570285765069,34.78048809313439,-2594.2389076006157,-0.0,-0.0,-1584.4437622634512,-286.04544826862104,-1564.0310951692725,-109.08931888916189,-145.76688685331806,-247.68937588006983,-696.7770048319719,-1142.5117701859594,-1527.7557479938584,-2371.4835461572434,-0.0,-0.0,-457.6859915640791,5627.767857203927,4.9116750150433734,-0.0,-0.0,-0.0,-0.0,-2631.192537788675,-550.2263404598826,-0.0,-1123.0744687587758,-1050.0034134337982,-844.9125644198399,-2511.128666873878,-286.9805516139609,-1324.3246675973571,-0.0,-0.0,-2258.6915902797577,-764.7452899986737,-1937.8596621463048,-820.0869397127236,-932.8264824789628,-2078.6984450732516,-250.29928566066044,-1894.3884931346101,-1241.868226874604,-35.655835960571856,-1158.796548258658,-1275.3989192276877,-259.8543532285658,-253.179113876554,-2166.3213150236693,-0.0,-533.5901362885756,-317.1663218281378,-34.81848921948202,-904.3042043951264,-241.61356373285741,-1073.1516377082824,-997.873127509787,-1424.0406912124597,-264.7079122769086,-2856.3285204827284,-65.06947087702355,-681.920235418978,-0.0,-893.2150446359371,-848.9228565595504,-1090.012550895562,-1305.9880038659942,16.40094253587515,-459.6975170731391,-2917.248073778463,-897.2513136262842,-431.79462464525704,-1284.6960336583718,197.5098560242391,-0.0,-0.0,-0.0,-0.0,-0.0,-0.0,-12.449971553900003,-195.44141830257908,-2600.359576515669,-5552.917912729543,-554.505810544796,-1105.7718561450095,-156.34767247722766,-601.005058023496,-1525.3256349541878,-1261.9296204511488,-44.52608674121376,-613.5245290465725,-560.3351547861542,-0.0,-107.1530549029539,-1260.9672916995764,-538.3210656785957,-0.0,-1166.1828412920045,-0.0,723.3112147601605,-0.0,-0.0,-0.0,-46.03828994676221,-0.0,-0.0,-1212.406865305614,-475.23460013255675,-1361.7512822024728,-0.0,-0.0,-0.0,-1012.4438492505902,-659.0481874681439,-1499.0583957479241,35.52928590672725,315.4266177997586,-0.0,-0.0,-3498.78208232472,-1394.5381641066958,26.328259885698657,-64.87651995311604,13.122521387176901,-21347.109725066897,-21217.83479615192,-2646.099891327311,-0.0,-0.0,-0.0,-0.0,-495.0761619696301,-0.0,-0.0,-692.340308085799,-2570.500125955999,-2237.570071579266,-1527.1268995505272,-392.0532015856521,-2087.3013782146004,-36.174703021363264,-1470.003083028025,1107.1416354004389,-8.366861114964193,-1027.6756883447647,4.420243932800585,-0.0,-0.0,-0.0,-0.0,-181.1089441617239,-0.0,-0.0,-0.0,-1048.5792438528827,-1681.1331808425368,-0.0,-0.0,-292.2249180530399,-2524.0676024912464,-0.0,-1609.1528408314107,-1893.161693890487,-2314.914709092402,-0.0,-0.0,-118.3605415751724,-98.05953856319678,-1173.8630694498463,-1716.8148203087724,-636.2370951257633,-1506.359670000684,-1429.2255763407275,-0.0,-0.0,-0.0,-0.0,-489.0102723343816,-292.01191727410327,-0.0,-0.0,-111.09513960322833,264.98459601810384,-0.0,-1425.9446738714275,-1186.0863165817104,-1233.033237332964,-0.0,-0.0,-730.6166355027509,-1380.746417136552,-856.413790942828,-472.4838670505973,-0.0,-2535.044753685545,-2655.3497674060905,-0.0,-0.0,-0.0,-0.0,-0.0,-1678.3663144068935,-0.0,-2602.835725117738,-1506.6319431994361,-80.95775152515094,-0.0,-0.0,-0.0,-3115.9776365559997,-1538.7817417115202,-633.2730254743077,-546.9469945735196,-1404.5801333143759,-733.3676878623645,-0.0,-0.0,-800.3843587532643,-1586.5039585655845,-80.56651792614906,-543.0394200396726,-0.0,-1005.2162304226893,-766.274903319246,-2086.134692705117,-0.0,-366.5295835807998,-151.7403493763914,-378.68901431053825,-1686.579208351589,-338.9006493643719,-0.0,-0.0,-0.0,-0.0,129.72561586489275,-169.61223847537718,-1023.906125127963,-1740.6105909197345,-1309.9071618259056,-519.6329546725962,-676.0758597460966,-6844.057351832452,-955.5563382739679,-624.5421274457456,-0.0,-0.0,-0.0,-323.17596421155014,-461.75065351196935,-1451.2000393517399,-428.43020063012955,-0.0,39.4211079886691,-0.0,-0.0,-0.0,-0.0,-0.0,-0.0,-0.0,-116.09535242446069,1885.9121459104226,-0.0,-1734.1393235169735,-810.2703562609366,-488.16152736675497,-1904.559162739878,-0.0,-0.0,-779.2357746246788,-795.4224772625602,-130.88611054594628,-151.92558681366373,-161.76420106011983,-718.0318402392375,-183.81253073581945,-2158.646062038284,-410.598258680007,-474.59354358262465,-0.0,-0.0,-1723.7146504927118,-3268.766670202493,32.187712364217994,-599.1833427890933,-420.1103528201522,-1060.7211736273218,-1451.3695505248586,-875.1248886808175,-335.95962632505933,-191.50107592887935,-1483.7241254702851,-0.0,-0.0,-0.0,-0.0,-0.0,9134.032537587475,-83.69981560200057,-622.4400956872146,-786.7000157798769,-1250.8310071810972,-1375.5521608971435,-1504.434087922482,-1875.707156934805,-2165.010456104287,-511.4389912666206,-0.0,-0.0,-1730.7020627831907,-0.0,-0.0,-357.4802195588087,-2246.6135096575417,-1414.4842906676688,-569.1005041870509,-72.37021594029402,-1906.7740205588668,-0.0,-1650.887724523669,-0.0,-0.0,-0.0,-0.0,-0.0,-0.0,-557.3679100811837,-1511.175425316885,-1225.477689554829,-97.41906631035897,-282.85019363349477,-698.3252906612953,61.08268714562107,-0.0,-0.0,-661.2732216439225,-627.7851745044898,-4603.347478185894,-0.0,-1458.7206925955275,297.91754664084385,154.05442369923495,-0.0,146.7044361800914,-228.0699935791872,-170.6344753524823,-523.2128019580668,-0.0,-2027.8246058215211,-0.0,-0.0,-1254.7233656435333,-0.0,2794.3307312918805,2718.5119501701565,2564.421790000116,-0.0,-0.0,-2088.74586774689,-0.0,-0.0,-399.9386753823069,-1068.9298244716545,-853.5055795928051,-1043.1991906911667,-1239.0919236525297,-0.0,-0.0,-0.0,-0.0,-844.6885655655361,9.873109195864462,-62.54117978955848,-1198.8131957866635,-1153.0909827261132,-431.4105670334359,-1706.3765105938949,-0.0,-2415.99618764793,-1252.4021153833553,-1634.7778066567591,-484.7774688109393,-448.41251424189454,-0.0,-1486.1799029239332,-829.3038320924811,-1014.020423565085,-2454.456726593257,-656.2072832806828,1217.807870889842,548.5482789482597,-379.3674580727991,-1439.2311332377435,-0.0,-2010.9135773779644,-4032.984567762652,-511.49235052227414,-557.0799393789323,-0.0,-0.0,-0.0,244.32941837070913,-411.04744744411704,-604.0158609639116,-171.12172224427408,-548.8243328935155,-587.6363669161693,-0.0,-501.044162809192,-1084.1995005421713,-847.8509467887834,-0.0,-2088.51725738371,-5059.21601167097,-0.0,-0.0,827.0465486823526,720.6462199497603,-0.0,-0.0,-748.8818979646621,-1073.2403459075936,-377.445012758524,-780.8344558960833,-0.0,-0.0,-0.0,-0.0,-0.0,-3110.841273428707,-497.6688595901588,-1882.1661721161915,-1313.559259102816,-0.0,-496.1539095683908,-465.21106151410277,-0.0,-256.61705838250367,-799.49967472085,-1381.7228928728914,-4651.947039812594,-90.36533375729145,-0.0,-0.0,394.03376619973346,905.7917412584106,-0.0,-0.0,-437.7632693406484,-0.0,-0.0,-0.0,-2941.541348851964,-0.0,-621.4505309295471,-0.0,-0.0,1982.72964253069,2484.5192987728783,2369.0617514447968,-0.0,-0.0,-533.0545029375885,988.9835596747358,-2996.8949694179246,29.09961427151492,88.529583782082,-2879.9313230561565,-124.04198012529189,-230.90853210976914,-750.4681911260122,1105.6042968168135,3807.4813600312955,-3442.89488124503,-0.0,-0.0,-1109.2089541026103,-1898.9968544141282,-1372.9486881466482,-273.16197737205385,-49.34937672686021,-0.0,-0.0,-0.0,-0.0,-2286.8334895038565,353.07214869569503,-0.0,-4.186611323243209,-0.0,-1901.3308010693283,-2360.3646700399518,218.35224190109145,-0.0,-0.0,-438.9162133657854,-0.0,-1938.6968765292652,-109.82231170260735,-1328.6498106041504,-519.2999270516563,-1363.112206419991,-762.5676664034796,-1316.8189802548395,-793.7487327176137,-0.0,-0.0,-0.0,-133.9484923481614,-0.0,-0.0,-306.48029825607836,-437.8220989220315,-762.4613126982715,-0.0,-1581.940145371636,-1223.2719024066134,-1028.2643764169525,-8.497185948052683,-8.685348142027772,320.5475662635404,46.09643497832258,-0.0,-0.0,-14.308042227750647,-2049.5869707872494,-714.1876356404783,-1112.2194902592162,118.47151582361131,-2526.216801919712,-2106.445274928161,-1107.1558095138553,-1239.0564700295392,-52.29137904280057,-673.7319202861162,-817.9517442962444,-1459.5003569667585,-2357.0549832372435,-0.0,-2358.7224184463803,-175.5579953631168,-0.0,-2893.662594345781,-3094.0622505110186,-2701.7180428564607,1776.6030916005739,-0.0,-2037.673183459054,-265.44754491748074,-1436.0538143135118,-687.4135642619646,-138.05967015557923,-2547.8209772858663,125.36683575786317,1925.4061561283645,-0.0,-233.55032956244173,-472.6708345255957,-1255.9793195752954,-1363.0691396193447,-2011.5641662737573,-4713.771854663033,-0.0,-656.903237877898,-1510.5262235026148,-795.1591248589401,-278.6153220084548,-32.02977138632247,-359.2196573279775,-0.0,-0.0,-0.0,-0.0,-380.11705850339126,-1461.1346812874726,-1011.6671826869226,-73.70029129024918,-662.7991432234429,184.82105535511238,-0.0,-0.0,-1002.0824930412554,-585.6715841484362,-0.0,-2466.3394026447936,-108.94610232827266,-1494.335924147662,-0.0,-233.91118083881548,-227.6208079450976,-0.0,-0.0,-529.9350746701033,-0.0,-0.0,-4751.877996343606,-221.44082030218166,-2875.679779142286,-0.0,-0.0,-126.23979847283508,-1707.8560071475317,-700.1903691139173,-432.1364702041572,-1701.169656322113,-0.0,-792.2388523720427,-0.0,-614.1939314510433,-0.0,-0.0,-228.60659222137463,-95.94628679008338,12.811390051947665,-454.0733813437107,-1636.2889428985009,-2416.2025037795015,-0.0,-0.0,-0.0,-28.820623531175638,-431.10985416349064,-0.0,-1869.1467240832023,-3327.369219952254,-0.0,-0.0,-65.37457834867338,-1858.7098933578575,135.20658236828655,-0.0,-0.0,-0.0,-0.0,-540.5740852187974,-2438.0551114405616,-235.57782722960147,-1578.0056399524299,-0.0,-0.0,-744.1386699366265,-547.4517189983496,-391.3972932219254,42.650118542976735,-0.0,-0.0,-0.0,-968.2010421375161,-751.5973265928598,-581.2783285056065,-367.96825499052903,-0.0,-0.0,-0.0,-0.0,-2671.849644424397,-95.01529480889637,-27.123305444917822,-0.0,-0.0,-772.1085434300694,-418.5679948174695,-0.0,-2172.633800460949,-5146.766586252571,121.09378784756822,-1349.2062974473292,-0.0,-0.0,71.81674223338487,-576.2733876850324,-2096.9535105929654,-592.1484046180293,-3323.082065160439,-1443.3795853993695,-874.973042440767,-1640.3846395620046,-0.0,-0.0,-0.0,-41.97118535964145,-1437.584932132662,-0.0,-0.0,-3452.1706120068616,-92.19861331611081,-1602.1512549573536,-888.8769665493231,-0.0,-0.0,-0.0,-0.0,-0.0,-0.0,-808.4371907163918,-0.0,-1805.0894196734475,-0.0,78.45048499974622,-1512.3905340612614,-0.0,-0.0,-0.0,-2544.6290971814524,-0.0,-0.0,-584.8142255432123,-0.0,-0.0,-1195.8265153956245,-659.2502626871454,-0.0,-0.0,-206.1719035176441,-2249.7344264801695,-0.0,-1262.9564054501825,-971.3997471487654,964.4412568616389,-216.60862371611057,-0.0,-646.4515994586818,-2.5375436405993965,-0.0,-25.091247274534837,-0.0,-412.8090892609821,-0.0,-0.0,-0.0,-0.0,711.5193381740008,758.7731542988267,-1016.5926359856066,-1821.4282816201717,-0.0,88.63622657843767,-4.571541130051149,-95.91781193423705,-1057.1334459834839,142.78418586307856,-615.0676612672376,-465.741308274712,-212.91377862396692,-3845.052849564461,-0.0,-265.0405975100763,-2038.502208750225,-2849.3241551801702,-0.0,-1292.150832635688,-1955.8780865088347,-2375.081977560215,-853.4367834768514,-0.0,-1042.3423514352235,-834.2133696411414,-908.6067608056413,-1422.0373981365447,-1131.0297798138627,-0.0,-143.4407344076152,-1528.9281969374176,-0.0,1359.220647777421,-442.6241727741105,752.6635514350631,-0.0,-0.0,-112.1178054348777,-49.398109652805715,-2738.3182102543706,-1053.7700518735062,-0.0,-1117.8881497642733,-3597.4382444148905,-1047.5315659652022,-992.6518682512648,-1344.2989423840834,-455.2756883256714,12.897015995020285,-46.05450250388085,-0.0,-0.0,-1108.9123964268574,-86.88305894788144,-0.0,-0.0,-2224.4099144606635,-780.1055079983346,-706.3458134066007,-2205.4003350385365,-110.1976176033726,-20.46784696492623,-2972.6382152365327,-1026.1427494942077,-709.7688729347578,-1196.5167242529399,-0.0,-2521.82052904683,-502.7099986153096,-1491.450225759535,-1859.7085379404825,-439.5885498757954,-608.1427616438767,-1971.8544905764838,-542.861285542394,-0.0,-0.0,-0.0,-1544.4344991955243,-0.0,-3897.7019047648873,-1361.2795629241828,-1706.1975073953158,-0.0,-0.0,-0.0,-0.0,-0.0,-152.39700604739426,-0.0,-278.0338639561293,-1081.7216600382046,-425.26967161969856,-0.0,-0.0,12.393572952813729,-0.0,-0.0,46.78852890425111,-332.75962255957864,-0.0,-623.9852226999345,-0.0,-0.0,-96.53979367348063,-13.310489043190593,-2952.008288053037,-2562.475204240429,50.763290092944445,-7276.560599896379,-1035.8657176855313,-666.0038989948508,-0.0,-892.9037194542838,-1581.6728003723272,-0.0,-0.0,-0.0,32.96284985306975,-0.0,-1626.7603750618598,-0.0,-1625.99485265573,-0.0,-0.0,-2692.0447991012675,-423.27268010839964,-724.5901256114397,-0.0,-0.0,-0.0,-0.0,-313.0974646269207,-713.7600666997915,1429.9306466032535,1143.935980094636,-801.222650612382,-9.82501008872648,-0.0,-338.55911000231356,-368.36581990964436,-1986.5761875418652,-630.5092000077209,-134.06399803326747,-1166.709623831888,-1620.6056596257492,-1054.2685426870826,-697.5596524657742,-0.0,-0.0,-0.0,-81.9658438194888,-0.0,-1938.9392846808312,-757.4392784821146,-0.0,-2059.2200031782263,-1281.2917669729238,-0.0,-0.0,-0.0,-0.0,-0.0,-1156.992559906035,-0.0,-321.03871565773846,-1898.5651836569264,-0.0,-1214.3145969997445,-0.0,-0.0,-0.0,-2993.353019573262,-1474.094587836261,-1102.5129154871788,-2603.639029422428,-0.0,-0.0,-0.0,-92.84380281326742,-572.1204026463481,4.292200672504855,-468.0861062166696,-335.0917302499019,-0.0,-0.0,-384.828123005466,-1737.5016414186528,-3943.6714873894825,-0.0,-496.62757038201863,-1391.832225957728,-478.3860426047293,-544.1727070620864,-0.0,-0.0,-0.0,-2011.259524124188,-1956.0465399309578,-45.81797448802121,-1917.4566146791235,-651.3911576035619,-464.8519276005099,-8.73572964794665,-1405.9406787897133,-0.0,-2279.3782294792113,-0.0,-532.982140746295,-0.0,103.4346106545274,-0.0,-0.0,-633.2256107785282,-1015.0011854917858,-9.176770204882082,-0.0,1348.4137038211697,-0.0,-0.0,-2077.2861083991315,-1864.8188560869444,-1234.7128222145582,-0.0,-469.6109561616974,-773.5345047138859,-1745.3000423137946,-0.0,-0.0,125.79880738402484,-841.182075479681,-0.0,-0.0,4.755640336739544,720.4240142685362,12.495990115758262,-1673.455445916604,-0.0,-0.0,-1886.104850449118,-1935.4581213796291,-92.6122899273357,-0.0,-186.4432489381393,-859.3970204304243,-1146.0930690333628,-1958.2880373182522,-0.0,-1073.0561173948258,-7.270400761992838,-0.0,-1795.9545824482689,-0.0,-0.0,-0.0,-0.0,-752.3787133473636,4.523896018250754,-17.833993406571402,-0.0,-0.0,-642.891796427821,-0.0,-0.0,818.5422061807947,-1228.0685463439747,-51.17130526962487,-2443.6570011663216,-0.0,-0.0,-617.2542075557964,-0.0,-342.3996821793189,-1354.1042866140224,-1175.7193780850384,-1200.0854674699758,-0.0,-0.0,1607.7023135327197,-0.0,974.452180611534,1077.3474857435147,-44.393871373609834,-898.246688541937,-0.0,-0.0,-127.23256911365148,239.18641173727744,-916.1423074899891,-423.8134462324581,-1314.4780993703196,-3001.110708567247,-2292.01109499769,-0.0,-0.0,-295.88588130873177,-6368.767620179939,-639.3334730361679,-581.704439856603,-0.0,-0.0,-653.3174209978454,-0.0,-1112.4726212693522,-1597.7156696065588,-745.7434616567409,-0.0,-0.0,-59.426828832551834,-0.0,-177.19303262795034,-1404.0634172500795,34.73621714208256,-793.503339248717,-524.6352891817393,-279.63708360929405,-787.7852366021585,-2820.5571332822865,-16.900132035105788,-1371.6742428617436,48.54780694802596,-1218.5229531059651,-303.79789652102414,-0.0,-0.0,-228.72373542474097,-0.0,-0.0,-1958.2296441713015,-721.6921982219842,-0.0,-868.9011903478254,-642.4595922041509,-0.0,-0.0,-1803.1014929986927,-885.4979155633499,-1651.843564698835,-1705.9377727950614,-0.0,-110.91055771131845,-3201.8851469003953,-1083.958974223081,-356.01280979100676,1852.2133554456993,-1953.2167879421095,-1452.8508572621704,4.201609589947413,-947.2124826235142,8.802931461048916,-2042.1592990512477,-0.0,-3582.705273157251,-906.2885981718945,-0.0,-1959.1918713420105,-1708.3965358449734,-0.0,-226.42217930356165,-949.3237260213798,-1131.831358655493,-1743.3552603065602,-865.0762208307764,-527.4904059687124,-653.7572560151035,-0.0,-172.8606186018802,-0.0,-2870.9119472031753,17.999085095140188,-3749.920083266108,-897.9920291630907,-48.551414309319085,-48.29533856770563,-1541.1777002545718,-1072.941504511492,-0.0,-542.1489058693777,-0.0,-0.0,-744.4299467458187,-0.0,-0.0,-0.0,-0.0,-0.0,-0.0,-0.0,-840.7905247397604,-533.2375923132143,-2930.8233377372308,-2930.6962284507285,-0.0,-0.0,-1353.7931569814452,-2198.925149972001,-544.3900402603593,-230.73672979138243,26.565571282351396,-0.0,-1524.7446408001,-0.0,-2780.329164908909,-0.0,-0.0,-0.0,-0.0,-2073.908585858712,-261.1566401953449,-582.95373589538,-1286.7365556198413,-1397.4750419474433,-1176.8593415861124,-828.2584949907763,-1351.497913278323,-0.0,-0.0,-0.0,-0.0,-720.6472218366742,-493.4675575836065,-1658.6013475362952,-0.0,-819.3854286029185,-6092.686276320659,-719.0531255483025,-881.2546016381135,-3800.80384436157,-840.7153351104944,-0.0,-571.8149864886935,-572.9953151154897,-1284.2871374050162,-752.656260526838,-1760.0857723908473,-1847.3580350770333,-0.0,-0.0,-0.0,-0.0,-1679.1099619679474,9801.955101108759,7284.702972005042,-0.0,-0.0,-0.0,-0.0,-2375.2762810639606,-1107.8750676896273,-82.56603364734184,-1701.9842460935226,-856.3388242591998,-0.0,-0.0,-0.0,-0.0,-858.1172665323352,-0.0,-1938.778209467397,-294.9552727621806,-0.0,-0.0,-0.0,-0.0,-124.1843897311945,-539.1950800716487,-480.4502797789715,-973.2776306114389,-1084.3361513681339,-1295.3186533369164,-1063.5597757781527,-361.2467901986785,-1573.9368312790211,-1871.3728066667868,-1303.811851271916,-1859.343764611477,-42.54651027492519,-1416.092516278303,-1075.804502103419,-1005.0965173581351,-1713.8634778711548,-347.673787829904,-2921.829580480963,-1894.790934398947,-2050.9617736165674,-688.4203549011388,-588.6738721271963,-1355.4481874365367,-0.0,-1094.039283619001,-0.0,-3651.802037588624,-1015.5579413349255,-362.03985980250843,-1841.4175024849915,-1695.258881422919,-1279.379753346649,-0.0,-0.0,-0.0,-0.0,-929.972679395954,-3539.5709952320317,-1923.1650185003875,-0.0,-0.0,-1137.0262691476728,-0.0,-0.0,-1264.6529834478495,-520.8160437561713,-1062.6335813645605,-594.5961621655724,600.0363955057499,-1272.4306065408352,-713.6959315082223,-1913.0227519527555,-0.0,1490.9558906916398,-0.0,-0.0,-1156.042228262533,-5687.725431189592,-0.0,1645.941393432568,378.7570624630957,-840.5527536581473,-261.9281392642254,-0.0,-1945.9740405354246,-1147.0124587325738,-2614.217567853248,-2278.657059685371,-406.99445691283,-0.0,-574.4130519004059,-211.6617035539017,-0.0,-1323.4366060565544,-0.0,-1991.832169165061,-2817.071788556364,75.41384508342368,-2607.460629473265,-2184.8284806927104,-0.0,-592.4838047907382,-1505.2578262747916,-2525.339105283955,-0.0,-458.90982535651966,-2766.2686891567027,-1041.546427615349,-917.1022857827096,-1076.0482687351328,-468.636267554969,-977.3719805717174,-1684.6100010072942,-0.0,-1087.9886027794707,122.09490764991541,-1364.4939671899938,-0.0,-566.0978180206961,111.8058057488166,-1175.5672675008016,-717.1477394500952,-0.0,-592.0424773907012,-460.68185458246836,-2021.6963011106968,-1290.1559577691703,-1864.8110466337591,-984.3736128993229,-781.0378026926127,-1122.7608455391992,-2176.824131468397,-25.54612077046007,-0.0,-535.7501032877805,-754.9147979362062,-1466.9469965076487,-2312.729205127882,-379.6647654000754,-777.2354472460521,74.4951217026724,-1036.8479400654394,-1314.289129422032,-1012.1326478470125,-0.0,-1001.2413375029997,-64.38234756431886,-2693.1962104486934,-0.0,-500.6429737051851,-997.2869456211955,-571.8428367608261,-2768.881527579847,-202.33332049603527,-1774.5542593541945,-839.433673065524,-2734.423324849721,-0.0,354.860370029024,-0.0,-0.0,-356.09078531962393,-0.0,-0.0,-4224.6371329411595,-34.426206112728536,-46.47911166976576,103.14384043059134,-1547.4602748616187,-0.0,-0.0,-0.0,-0.0,-0.0,-34.52404512482369,-0.0,-380.4132389461748,-0.0,-369.38404238095774,-1846.0127008029262,607.0533100989682,-3065.5058620995005,-0.0,-0.0,-0.0,-0.0,-0.0,-0.0,-0.0,-0.0,-0.0,-3078.1007060432266,-0.0,-3160.645034251446,-3266.9693353976945,-42.068456623599374,-0.0,-0.0,-0.0,-0.0,-983.7769076122793,-1205.4620345095136,-0.0,167.64958119791214,-700.3015901560705,-2281.372208319852,-731.7253771285845,-0.0,-638.1286021184208,-1105.152000637351,-0.0,-0.0,-719.6889434773933,-904.5718079922445,724.5638945505768,-575.430179874296,30.374922710740467,32.202951459554015,-0.0,-0.0,-0.0,1930.0841297629154,1511.8165199169102,1653.0773606123232,-0.0,-0.0,-0.0,-859.0397886137883,-0.0,-0.0,-985.2394122187068,-84.07479315882199,-468.49058410775416,-64.69044287140878,-1235.365003420832,-862.5813861096335,-1467.6954419369442,-145.65899523885463,-300.418803142294,-1291.4476416791065,-0.0,-2589.551348440102,-17.17891165706985,-1031.655949028915,-945.3703708360584,-18.873536573843886,-0.0,-1339.8358611791175,69.39006738274445,-0.0,-0.0,-0.0,-0.0,-0.0,-1616.9257631758273,-3947.075397186541,-0.0,-751.2639522548474,-69.56269776103625,-0.0,-0.0,-0.0,-520.0660558105293,-28.94654401927879,-0.0,-1421.0906980256493,-772.837464676295,-0.0,-0.0,-608.8393603908013,-0.0,-0.0,-1878.660938016193,-1662.9349162992164,-0.0,-961.6456225025148,-2309.836431026756,-90.19070109442156,-0.0,-0.0,-295.96435752975964,-913.0880894157737,-273.7681514199845,-208.7328844981096,-162.9970835933515,-0.0,-0.0,-0.0,-1380.5221141401996,-1197.3709770671348,-2450.263031543365,-323.2052631882086,-1500.619817153601,-122.6884983051752,-191.31103162991286,-564.6866017160164,-2092.839478789775,-0.0,-0.0,-1759.209557534291,-1968.9429673393133,-0.0,-0.0,-0.0,-683.8900837858126,-2225.892947164524,-3836.201543453467,-0.0,60.73666038223201,-213.92485056079056,-737.5541158891307,-679.702692320614,-2257.7017151570462,-0.0,-1735.363861568992,58.29877433022407,9.646643214543952,-300.7036183818715,-0.0,86.39407264504013,-314.1372407981309,-523.0897640113608,9.390017372355382,-0.0,-0.0,-851.9598674683295,-13.22436031828912,-0.0,-1552.3328535201085,-1066.2485210884006,-1370.3274857479169,-924.2485143835099,-1424.9041854393797,-1734.7882308518422,-0.0,-0.0,-0.0,-0.0,-0.0,-421.9700148628963,-703.611335511744,-1378.3859903250598,-1481.1044345749222,841.5439803473698,-1692.8241444227926,1884.9931836725377,-0.0,-2426.7023063765428,-1901.5579795313076,-903.2227292857104,-35.564442158916606,-123.11559059602199,-2491.3165784175394,-248.51694353164902,-0.0,163.95974589619334,-1079.4095232597635,-0.0,-0.0,-634.2986712175122,-429.89953835043417,-478.7345167052181,-1368.5047332691415,-1787.7484848833637,-0.0,-1703.2271793580355,-1417.5014928176238,-5182.54301114476,718.9901326736726,606.9397054910133,793.3868707253064,724.4241958511195,-0.0,-0.0,-0.0,-0.0,-0.0,-0.0,-0.0,-0.0,-658.1718202447103,-0.0,-54.13926108067194,-49.00361712838305,-0.0,-1242.635340636294,-1484.8645222003304,-2185.5037439216867,-0.0,-0.0,-0.0,70.76580390818347,-3666.83277603065,-712.116312191221,-3088.3615057992,-1989.337913328663,-0.0,-0.0,-184.14752889068086,-1442.159412092033,-0.0,-2548.3533591563487,-782.6328145663324,-0.0,-0.0,-0.0,-2396.2096230754632,-0.0,-0.0,-0.0,-0.0,-0.0,402.65386020624715,-0.0,-0.0,-0.0,-1081.978918881072,-0.0,-0.0,-0.0,-0.0,-0.0,-0.0,-0.0,-573.6451209937458,-1133.9564016235802,-1539.249169269343,-1785.7291272292239,-643.3561766408335,-1256.845595329235,-38.91129994336997,-0.0,-718.4335611043097,-51.96492184669332,-0.0,-0.0,-0.0,-0.0,-922.1894957171027,-0.0,-615.6665507372389,-1487.9782332714917,898.6530054597464,732.4494288421093,905.445698553698,791.8022868107157,823.3417497860462,-0.0,-0.0,-0.0,-0.0,-0.0,-0.0,-470.82166436162964,-0.0,2365.6773199491577,1108.4977030021287,1301.5718434379462,-0.0,-0.0,-1475.8355142809635,88.60190876630544,-67.60773225415042,-2538.9293459377986,-0.0,-1895.9179318828847,-0.0,-0.0,-0.0,-0.0,-638.5455630056671,-0.0,-665.9318171688666,-662.2306694663706,-380.2289894863725,-0.0,-16.303395793890534,-0.0,-916.1006356009752,-0.0,-2602.6887954692497,-629.9779981626818,1871.131712090812,-2355.268975659878,-964.6733899956108,-82.54269638298756,-945.8709707769601,-0.0,-623.7280764105907,-87.1592681367376,-2645.74055156968,613.893475619669,104.04208045395474,661.6540545670287,1355.576374486956,-0.0,-307.15093350733196,-28.939111264825044,-1362.5089994640018,-1144.4171007486937,-1619.6061030138087,-1996.0613713648236,-0.0,823.5365878828202,-0.0,-453.93256673399935,-3021.9403498774846,-1346.9679503459204,-0.0,-1611.9275663055878,-469.2969252077575,-680.9414463013663,-748.2710319851667,-347.6828562966144,-1528.0513013665154,-0.0,-2177.8820084704175,-498.5760062663476,-1587.8226853069523,-378.45384823553553,-0.0,-0.0,-0.0,-0.0,-1344.9808281324074,1204.9552736533699,-1163.4914419161014,-794.2111128413925,-0.0,32.98662869749488,-0.0,-0.0,-905.1766484717182,-753.3502514775012,-785.5534048753399,-791.9273654314197,-0.0,-0.0,326.8382823084608,298.7800251718109,663.3848790651182,-0.0,-656.4074508793589,-2070.735581712168,-1406.3755770196383,-4.658995781222799,-1749.0892201224883,-0.0,-0.0,-0.0,-625.7906813776715,-1081.2916628335724,-0.0,-1533.1686380643741,-0.0,-3111.0765637989334,-4246.862481231066,-0.0,-24.5743366942189,-0.0,-863.686270539329,-0.0,-0.0,-0.0,-2299.541918006702,-1125.5261454013707,-669.9705720595864,-875.7645779755627,-0.0,-0.0,-2530.458220352269,-0.0,-640.8237983363833,1165.1185707642342,-1150.3229383983344,-888.1669740448862,-677.0052411437362,145.29218118082946,-0.0,-0.0,-1462.3374022875641,-0.0,-798.9001060826606,-81.92722033541484,-428.35834905846946,-350.0477574144126,-0.0,-0.0,-245.70190382541458,-747.4698477450074,-1159.962276864258,-628.0198612661408,-1172.343735939675,12.622036658647389,-0.0,-145.8538686807999,-2086.0428544370707,-1352.1222899158724,-0.0,-0.0,-0.0,-643.8407095627522,-656.2627731412483,-1497.3292537381476,-0.0,-0.0,-0.0,-0.0,-0.0,-1656.284814978096,-785.2353987740487,-0.0,-613.0674387196481,-0.0,-19672.159909454123,-869.2499665089334,-135.35775000256623,-773.1460503631665,-0.0,81.39697755761502,-1305.3863246665592,-2711.00124610401,-0.0,-0.0,-0.0,-836.436397270906,-522.3095486293668,-1103.5087729948032,-1042.1674055026997,-587.9894271952932,-0.0,-0.0,-1805.3500673184383,-619.9263876929197,-2566.6960713974827,572.7231918477651,-2346.7274703041403,-0.0,-0.0,1923.4802380390702,-1705.9922977557312,-0.0,-238.52781250979183,-412.1483066517576,-717.6309331224404,31.489303263102524,-836.4538681987815,-0.0,-0.0,-1322.9967191977,-1573.4802611618893,-3215.9971691072374,-0.0,-0.0,-2480.343972106649,-887.0588694798283,-951.1108752517417,-2571.424326772264,-1726.068480925903,-0.0,-0.0,-1239.6388848302606,-0.0,-83.81320087487363,-1708.4721016355613,-1841.2641869315776,-0.0,225.6344258972946,-824.1988479986394,685.394853117902,-267.4519564322861,-271.9772951341392,-0.0,-504.2829579797601,286.2626329319831,366.10077321133144,-427.50681559698285,-2681.6321540148397,-2109.169043726868,-91.54796765497352,-5361.492735219375,-717.5680644607623,-1238.1219911645642,-53.621363234240526,-3874.1215453412187,-374.54491131333106,-736.5072385628188,-296.7082581254449,-2055.04490320321,-1178.7313088514159,-3550.5058033486603,-6122.99509971718,-91.75834466115086,-752.8429335456439,-1653.7453969298563,-1347.302978998976,-0.0,-3636.8063609934657,-0.0,-324.8593985247112,-1913.3412376607967,-1347.1068040595537,-0.0,-0.0,-992.7077240229181,-276.51397244254173,-0.0,-1580.9792909489247,-0.0,-828.8544219847773,543.9971864347048,-2507.3684318069327,-526.7657963686111,26.008403579684508,-14.536619660860826,-0.0,-2245.8232763378574,-640.6051156231215,-0.0,-151.16494303473914,-0.0,91.2294258532496,-179.05410383471175,-0.0,-448.55821438862154,-1524.3583813314776,-483.6395978658275,-988.3767592939497,-2147.175130229418,-0.0,-4047.091559265442,-1915.7798520297497,-3088.473923545489,-2564.6875539042244,-93.1308203927752,-261.55640765548196,-630.019699120919,-1475.5527302276207,-0.0,-0.0,-1295.9808251618792,-203.49697166030322,-0.0,-92.80318973596296,92.8500364714624,-2451.620073950273,-0.0,-0.0,-1284.3750530106533,-0.0,-97.57053520426919,-0.0,-57.41168164654272,-172.65875761173623,-0.0,-434.6489522880431,5960.686483311845,-0.0,-0.0,-2907.9797429077817,-764.9064477421309,-254.45476242261876,-0.0,-0.0,-0.0,-632.993692720617,-2287.7866769689635,-0.0,-0.0,-0.0,-2250.9538845705324,-0.0,-0.0,-0.0,-1652.8070614086837,-864.5467574781973,-328.01137497453703,-467.1068244675154,28.920165837915295,-743.621183349051,-424.99280668328754,-213.0473841235281,-2616.569629554946,-0.0,-0.0,-1334.2157917140842,-894.8701213386321,-2804.637331397592,-0.0,-0.0,-2565.8204361665184,-753.3956404654857,-1441.8153009436862,-415.8204762970933,-718.9378348553513,-2181.4095456545783,-870.3535940984082,-86.01747198291157,-962.9405489916714,-2369.1309953465716,-1701.422540331343,-1405.422559757124,-0.0,-614.0103485505975,-0.0,-1973.275099690782,-418.5419375487785,-218.81498113389796,-781.799592567753,-797.1409272059765,-13.061016259404681,-0.0,-1193.6052145917877,-633.4136483944543,-49.41396132990196,1597.4429086686823,-84.0811229141856,-0.0,-787.4478994743677,-555.6410715485746,-0.0,-823.7716946910703,-1749.3954668071694,-0.0,-0.0,-0.0,-0.0,-485.05139494744725,-976.9829008951081,-384.8713041801714,-539.5681156910341,-390.3932748975097,-1786.8917666414754,-812.368105125487,-1393.0765438772873,-2878.4914755333702,-1948.5580480234603,-0.0,1092.819930167407,1044.2191684699885,649.9107269536032,877.9500484098882,454.8893340028676,-0.0,-0.0,-0.0,-0.0,-0.0,-0.0,-0.0,-0.0,-61.62852275230752,-942.3109794411039,-549.2919711191381,-298.85858956651094,-1194.87822990019,-113.43941887577651,-388.93680179623686,-1273.3348289098983,-295.7865561205657,-2131.25973038231,-905.6703596819666,-84.33322711560415,-426.74437126907617,-29.15691604380289,-0.0,-587.365504870312,-176.07180278592966,-259.9878165124985,-845.6096012339983,-323.61508345543325,-1775.556766521844,-343.9933736542636,-0.0,-0.0,-2209.856687131862,-569.4502175618667,-379.0453334745798,-548.7507253257785,-1088.5819099246803,-451.0415966419857,-425.6802875386085,-0.0,-753.6225347063876,-859.1122967191532,-766.1604075753811,348.0973685425615,-1527.6956351757794,-2197.147440395732,-210.39119624312178,-808.2486173745386,-821.2953542660684,-13.938279501319743,-0.0,606.7437236745757,-906.4599270534139,-37.95576659801722,-2134.7382099607785,-0.0,-0.0,-1252.5437179016792,-503.88924604954053,-0.0,-590.3035066228775,-730.3195472750948,-892.1683011026353,-0.0,-773.2467358897464,-561.0697839946391,-2377.148431460668,-4702.501665315123,-436.9695696388561,-0.0,-98.83207393044306,-458.65506794354616,-1783.41457856167,-248.03837551817173,-625.7250609133549,-824.8401273608123,-772.0803141200125,-367.83692972702545,-0.0,-0.0,-1773.6354313723016,-130.40243651304698,-477.38099094339384,-801.7233230085419,-1342.0962359743032,-2795.379776947037,-0.0,-596.7304040061965,-0.0,-0.0,-0.0,-0.0,-0.0,-32.151396376746234,-180.2681655490755,-392.0921611618867,-0.0,-0.0,-0.0,-0.0,-0.0,-0.0,-1081.8675064200097,-2231.107194512708,-422.8931213976496,-597.0271066734524,-42.07140825384895,-0.0,-0.0,-428.04776452418264,-0.0,-0.0,-138.98589719252186,-3189.282751904556,-0.0,-0.0,-1708.053974882218,-633.2080688925239,-1122.9172876947575,-1175.5390112742639,-696.9068302445622,-0.0,-0.0,-1285.3688763780792,-2094.7476692935256,-974.1828636879171,-0.0,-1189.529877467335,-0.0,-414.42014548076486,-834.0542483641133,-0.0,-769.2122523071312,-2067.6325599355573,-0.0,-1917.60060084733,-194.93054230638933,-591.7895234347319,-1450.8592131598446,-208.63204670849663,-1347.93161020184,-0.0,-1195.5743164549895,-29.557014681655343,-2142.1273339392174,-2081.703074412644,-0.0,-0.0,-0.0,-0.0,-778.4938584659087,-823.2583604329951,-0.0,29.08101983599494,-406.3063339928115,-848.3966506929896,-2379.8896929360485,-2540.179883543102,-419.66116208115886,-0.0,-1410.2679755892188,-823.8307951805724,-2100.782683378781,156.19300208763775,-0.0,-4012.103952092903,-705.5485281521893,-0.0,-512.1461205093615,-1689.2797526600293,-0.0,-0.0,-584.0090271028192,-1417.776049778123,-0.0,-1090.7309184276469,-1411.9323201401573,-44.77746772909006,-90.65257889352665,-578.7767191552424,-0.0,-1594.7235415985774,-2817.743666311289,-1326.2096775663908,-177.2081084141068,-2275.9844085781724,134.34336488689536,-1023.5992576101064,-592.5214770838711,149.27180854770518,-945.387825976436,-1600.1071388027342,-905.2782778395214,-1650.1393017092005,-490.93142977282963,-647.3201408702041,-769.3894380740062,-1810.4892246384927,-0.0,-0.0,-2009.9592646500555,-360.8838028173462,-0.0,-1623.341644391059,-1275.5877572061345,-0.0,-3158.665705828304,-604.5342375243772,-0.0,-774.1122606096969,-0.0,-0.0,-1236.7402695282108,-1303.475413602046,-0.0,-0.0,-0.0,-941.9365051221048,-4.930396466342775,21.546133245491735,-271.70188642083264,-0.0,-2285.5239586654757,-1804.3471415755714,-613.517595490534,-2270.4176343021154,-0.0,-61.59089998975586,-966.9685472602029,-0.0,-465.5885557605961,93.16601980664899,-1609.842233418935,-1059.9613016615422,-773.6116226250938,-1362.980108619875,-0.0,-0.0,-0.0,-839.4276973441205,-0.0,-446.25576828748524,-1026.4202889889045,-230.7255810650008,-1266.1391370753001,-2114.9524627698534,-556.6971711039378,-2064.0073920542472,-0.0,-1229.3962427735128,-753.5718312332249,-586.4964708062511,-1261.019385675365,-351.50239818043445,-570.469616584204,-1438.1477039054516,-0.0,-0.0,287.7290947678265,-3061.9502031924935,-1092.7240160046908,-305.7987677000514,-0.0,-345.42461312124675,-544.3001270760535,-774.2751842654355,-0.0,-0.0,-924.530854220642,-0.0,-24.511176255035807,135.03335295116224,-143.3743925908301,-2302.663231186704,560.5430677747029,584.0568137554824,490.7843085030574,652.4534476508452,52.137480923722876,-0.0,-689.9406029792983,-828.4529362071518,-396.53449703237516,-10.855589919947754,-0.0,-0.0,-0.0,-207.99526700236956,-13.4247718928213,-1166.104405833259,559.7850240402107,2646.7725427634537,-0.0,-0.0,-0.0,76.38925218540449,90.72868317569097,-0.0,-3361.45638128777,-0.0,-0.0,-0.0,-0.0,-0.0,-2447.382132314774,-306.4517988131659,-0.0,-469.5522579319297,-2196.0004845934886,-183.71611269460752,-357.7333173197527,33.831086703905974,-2070.87382074792,-4122.237157563184,-1827.3420015188897,-0.0,-0.0,-1792.772385187715,-1111.1080401869763,-790.6244007170728,-525.0124190036086,-370.8562905966848,-1066.832539596722,-1100.6778448875384,-5386.0173455755275,-657.8415263914306,169.18316925396738,-848.7492762988923,-1007.5752475646422,-708.3740532895332,-698.6428786911306,-8.39209498289315,-2081.9773952312025,-893.4526926472333,-596.9075825545721,-0.0,-0.0,-0.0,-0.0,-274.44862428158035,-1327.7434599461371,-0.0,-1440.5901596432711,-1527.8912997415605,-0.0,-0.0,-1591.2018105795323,-0.0,-0.0,-260.56436182226406,62.5452332290316,-0.0,-0.0,-3226.8409793012975,-1259.8643879179858,-122.80414014365944,-1087.3078478314949,-1330.0023651325598,-0.0,-347.46503840254474,-535.405580677879,-0.0,-1674.8340326128014,-396.69776738036165,-1119.000739765568,202.36994577374935,-929.8954732932102,-247.60150992726187,-257.18268419083245,-59.87319317147391,-41.5811246687144,-691.2075597151368,-885.1571409763102,-485.41951337309433,-899.6819935984298,-0.0,-60.92980146419333,-800.7358981993701,-191.6696205619456,4.621379564222926,-0.0,-1280.7856256066266,26.06369871426458,-1211.5312457671098,-0.0,-0.0,-0.0,-2154.747079324897,-0.0,-0.0,-94.88507287870074,-0.0,-0.0,-0.0,-0.0,-0.0,-0.0,-719.8660236957182,-1515.0379159579506,-0.0,-0.0,-0.0,-0.0,-1054.3820157757502,-563.1713769855184,-0.0,-0.0,-2047.7741515753771,-0.0,-1489.3814855457022,-2990.8371023838013,-0.0,-0.0,-0.0,-583.6607623825647,-0.0,-0.0,-0.0,-1120.9686492312944,-765.2495302454452,-738.2023935654655,-0.0,-0.0,-263.5484201499919,-0.0,-4337.963308351477,-6239.298501247964,-0.0,16.55366392477362,-0.0,-625.0931825825329,-836.8596221930763,-2082.470809288267,-0.0,-0.0,-118.09443137053398,-788.8155444019691,-1530.9587364299823,-744.0793674157527,-443.51398193608526,-0.0,-0.0,-1183.629499194487,-1216.6027532266294,-51.243036716624374,-0.0,-0.0,-765.4928527767863,-407.26595221500764,-92.65117794683654,-0.0,-0.0,-0.0,-2328.124362953358,-428.8435449589482,-1447.5828356169545,-4677.649678766256,-0.0,-960.7410584056312,-1247.2366284638113,-2579.385311136154,-324.8387856084872,-0.0,-0.0,263.35008486978796,-1319.4427415581954,-1835.7548190116718,-547.7315426227833,-143.32278302749108,-28.946669102958467,-2056.5617759112824,-512.2156861399457,-1815.0875023682522,-756.5291896074484,-2584.5644480482324,4.154716197848559,-1047.2475112779036,-851.4589729697674,-2209.2315008146606,-0.0,-0.0,-865.8844624319969,-1932.8027473906886,-2020.0473542398533,-1116.705632280734,-0.0,583.2302400907166,-70.06463306477626,-519.3690123813868,-0.0,-24.8502850343972,-0.0,-3101.801397348528,-65.26061607678972,-0.0,-0.0,-855.7342893026095,-1204.2413219247687,-941.4063918189598,-331.19012250466113,-722.2227645845011,12.782129118031385,243.63064024546932,-891.9966323938163,-29.135875974837994,-1689.9937361964078,-0.0,-1787.9501550861576,-123.65521683296568,-721.1769113979346,-399.0069453259392,-25.148077829089473,-48.23867601392846,-24.384790510176227,-1452.830951948915,-1051.6748312035065,-1556.8031746083145,-264.19991827989634,-1503.3341926821984,4.9187064270923395,-0.0,-821.1489924739672,-3251.768644483267,-0.0,-0.0,-28.586466821409484,-2211.121138287168,-232.26203859083446,-714.7182911375785,-416.4952488000531,183.50208866329498,-0.0,-0.0,-1342.854097238644,-0.0,-0.0,-2176.319155082218,-1855.1285316704584,-1006.5157500686299,-896.0952943355197,-624.5394362729716,-1060.639282174657,-851.7798347001096,-1325.7908821940246,-2780.9774168691215,-0.0,-0.0,-0.0,-0.0,-324.51692279900084,-0.0,-2173.2495386213914,-679.4703924388817,-894.6991835236935,-1087.6419699145977,-567.8333833360656,-0.0,-1819.1727935827107,-652.8276365982525,-0.0,-2840.426890782295,-1574.2703530017184,-0.0,-0.0,-3142.058734481488,-2225.774464029705,-440.26922050280893,-887.8168041516132,-0.0,-512.6640140626773,-394.20785336097555,-0.0,-690.0806698646165,-579.6917028702882,-597.3597797288038,-0.0,-0.0,-0.0,-0.0,-470.4856372666903,-1407.8773298584276,-6583.229601595484,-0.0,-0.0,-806.775173258019,-855.1972686240789,-2200.7530329755787,-695.2110890462673,8.312762659942036,-589.1246214709078,-0.0,-799.4523620715606,-624.6756411261786,-0.0,-520.9448260252024,-1268.0516626378617,-0.0,-0.0,-0.0,-0.0,-0.0,45.1240905185176,-2377.7345312022335,-0.0,-1383.9528143152845,-992.216313137419,-4.822676580859376,-2223.4236464835144,-933.9019391786063,-1148.2589691892035,-1436.3102419322493,-87.5349829478308,-133.93115595016144,-1357.0535020704901,-940.0139215681764,-722.0347043111742,-0.0,-1739.6855768927237,-1353.3089110560938,241.31940498454796,-0.0,-657.1552678168105,-875.6214913106944,-1039.3165825628178,-85.55611951557864,-0.0,-292.8014256987382,-0.0,-0.0,-2631.9373416400213,-2515.321258965727,-2141.674189640934,-1781.4067912769026,-0.0,-1175.0765462378208,-2145.0002214244246,-0.0,-5837.936181134228,-0.0,-0.0,-0.0,-0.0,-1045.0993428569511,-2574.0177965980456,-2617.895408622302,-105.29275667276542,-2299.8161522916275,-0.0,-1090.490445143383,-37.353730288008705,-0.0,-74.07871559127473,-619.7771200333001,630.6289010305021,-0.0,-474.9576972666534,-49.78188153870388,-0.0,-1539.0000559219527,-0.0,-2146.436737724128,-169.72824124580492,-0.0,-0.0,-1199.0507132954465,-1989.9847056257438,-1170.8563629437688,-1261.1479649729156,-1527.8367747345048,1681.4472163544692,-54.36880365710072,-942.8944572898009,-37.83198605909112,-2315.5708740612536,-991.9857085775673,-927.6900660789256,-489.5717001866426,-1805.576024032469,-1870.008299478183,-457.00020820853103,-2745.492515639373,-392.3458327044858,-0.0,-0.0,-58.927694809623624,-0.0,-0.0,-0.0,-0.0,-0.0,-0.0,-1646.7781237426866,-688.6255527673118,-1451.717081571835,-973.2299586577981,-0.0,-748.6279224045115,-1486.7976119136622,-1313.2541866573513,-2209.491359170254,-1381.4575980628938,-93.35767710670126,-195.92922496299332,-1171.1427918595775,-1647.826554444645,-0.0,-0.0,-0.0,-78.57670474879897,-969.6166565244206,-189.59318819149527,-585.8087259570239,-1166.2354358076093,-0.0,-0.0,-0.0,-4398.563502340523,-0.0,-146.62327020938582,-0.0,-247.18967137703922,-1428.3929013805903,-1318.3481439059508,-903.8340711453125,-0.0,-46.60012275152541,-678.5439115515032,-734.7302978051811,-602.5012195419133,-0.0,-1193.8529251238745,-0.0,-0.0,-3483.6830000668956,-0.0,-1465.2035259762476,-673.3785827351312,-461.3995762485578,-302.3564024419291,-1517.3853491431514,-3308.92590172764,56.810226274882226,-2200.847540519114,-1993.850735819668,-572.4596010814162,9.347325599668897,-0.0,1622.3074268883038,1257.5589827779047,1389.6549249339516,-0.0,-0.0,-0.0,-1022.3769780665654,-0.0,-330.67042233937696,-244.09600968572454,-0.0,-4404.66154476334,-0.0,-1483.2786894631283,-98.05965339598694,-1201.4691023230964,-564.7993253031706,-1648.549005795256,-1326.39150415814,-0.0,510.37078474008325,-2929.8209589520698,-1795.1747804081092,-569.8974037412282,-1508.2821012611907,-2154.795858887006,-0.0,-0.0,-288.36303495918855,-795.2416408587667,-2234.699492097695,-928.8313817997234,-42.648254595007316,-0.0,-0.0,-770.996235046097,-0.0,-0.0,-0.0,-229.47783893746896,-1617.625722315279,1689.8118196170306,-1548.1776882326521,615.672128575903,-868.4921138723344,-1082.835280371952,-14.61556744404975,-5748.825319503199,-386.41178563010124,-0.0,-73.86305196651136,-2468.4794200959564,-1814.5921121752176,-0.0,-34.46668552096888,-0.0,-658.7288131492924,-30.319839065450243,-2229.569138544893,-1606.1170946317764,-0.0,-380.1872384583698,-0.0,-0.0,-0.0,-817.9914520878655,-1177.2009120233045,-453.20983202649074,-1363.132987205757,-2055.828721171013,-1085.033791288846,-483.4662707571979,-483.2031517391329,-141.61208049267645,-1974.9870337725274,-708.8608699963492,-1032.8450215476332,-1536.9418118873398,-1804.0172974176758,-1446.2032644761355,-363.1260256199682,-1685.145222216878,-0.0,-0.0,-0.0,-2772.1851890296375,-0.0,-529.1836521145678,-1379.297450560705,-12.275159906044284,-975.449987416324,-657.7370968019287,-1064.4048668943474,-816.1067858075713,-235.57661856395768,-2262.159232036646,-5200.438053507655,-320.09586893567854,-38.84887130822418,-0.0,-126.0650428674499,-8071.945594418369,-2280.8285673670375,-708.844532901802,-2509.9863812986714,-237.41930529951583,-0.0,-26.284125940458896,-783.63930149141,-144.61979797882802,-1382.4300178162218,-1179.9827793783595,-213.67734992908908,-0.0,-788.3270631526742,-2372.961672311776,-2196.5148526936114,-1858.198829129575,-0.0,-1738.0377057096089,-0.0,-53.75098158192612,-1180.0759964244512,636.1001472907218,-0.0,-0.0,-319.05967349040196,-1167.9711532511276,-831.6202594127058,-1413.8004616394192,174.40485542372622,-1547.5230628802535,-137.03021047049143,-396.7981084750256,-2364.888161238366,-2192.0206945189716,-423.796681844662,-0.0,-0.0,-0.0,-0.0,-0.0,-1962.949040149999,-0.0,-716.5194416576662,-906.5742667925404,-2769.5961579023387,-0.0,3.8791137470244763,555.7905316813813,2377.000957973478,-681.0875968132575,-1478.5729819796804,-0.0,-1753.5837432713809,-4308.760873137099,-851.7052739473409,-5983.234789022554,-1445.0113411785853,-0.0,-903.6494867361694,-2757.560513106283,-220.00424535406134,-0.0,1259.8056291809996,1529.616060744187,1392.64210717358,-0.0,-0.0,-0.0,-0.0,-102.78313981502599,-2929.0706072060652,-97.01801808023599,-0.0,-2237.6170024275084,-1299.7858188247765,-558.093091700592,4.596241231394884,-0.0,-251.48634149084214,-992.4583987873785,-0.0,-0.0,-53.022138264456046,206.39120890920543,-2353.859056743715,-0.0,-976.8620294318781,9.615884602379339,-97.12474783301067,-0.0,343.1971086275197,-113.06345061438866,-628.7734166709497,-2231.2340572835333,-0.0,-72.75345209947064,-1262.669092362504,-1115.7300037221548,-45.35378324968867,47.44987028463669,-0.0,-1462.624344002549,-897.8912929437863,-8.212910128318155,-0.0,-0.0,79.71251732699051,-279.4704425787914,-204.40004455194074,-89.10270904433509,-12.938743709241534,-178.7702495539326,-768.9787714603467,-1091.8914469539254,-610.6698304542334,-0.0,-2350.854796299779,-980.3762217328059,-0.0,-0.0,-1266.6544310885747,-2510.7610491218998,-659.8225556483964,-8.772593393124808,-3132.516686134876,-133.09841664354798,-88.88593315524668,-1261.2531299259992,-0.0,-426.58354707957164,-1584.746746700313,-4.810828521520933,-0.0,-3785.345082883253,-161.04075352385885,-1696.5130855893044,-1181.7146112676412,-1458.1649723733453,-2890.529706990749,-93.62415710611774,-892.8824082559901,-2038.4858441499612,-1490.8840383510637,-1233.7739415780075,-246.37297431781928,-2015.569620669828,-0.0,-3444.464858217834,-0.0,-7114.876811849397,-261.4892346224428,-97.58024753847643,-1670.0066049155366,-0.0,-0.0,-0.0,380.36065357600756,50.782197237881384,-941.9301869385756,-1568.2462412885602,-531.8687049950889,-1381.2593350523314,-0.0,-0.0,-1531.4857003540737,-392.35145037244547,-551.0126244299136,-180.7599015179636,-0.0,-1838.8993316107174,-357.62675162066796,-2202.9870762361625,-0.0,-38.89202986126324,-0.0,-1972.1292781952527,-846.7611811522312,-1626.3536997808446,-0.0,-0.0,-1946.8800683587465,-616.8018598829194,-854.9006462723988,-1712.6161447286079,-502.1694243968413,-1378.4168972955342,-0.0,306.5515579493239,-1271.1485499790338,-4453.89615611242,316.58336064918103,-1646.838552030931,-8560.105780264837,-757.503869721627,-751.7800293803717,-253.00298552268578,-248.7468721079441,-1168.2100710066786,224.68842297412482,-245.83409397498312,409.3366328913515,-1204.4706748879237,-612.9482441373883,-0.0,-1451.3833778518574,-1903.777852964435,-980.2128575801556,-425.3745339816489,-0.0,-0.0,-37.13950071311977,-1156.4256025634832,89.71250806763592,-2507.6770882236106,-0.0,-0.0,-567.3568248840498,-737.2199112688747,-1269.575351164589,228.03177238622632,-2843.795489690826,-1685.22021100834,-1426.807236294534,-267.89971740977154,-0.0,-402.53455519031263,-0.0,-779.5614159974842,-26.73305698993412,-1737.5381891096483,-527.0181488198291,-1099.6629769983379,-446.7568252228781,-395.85479354146105,-0.0,-1355.117016639293,-778.7586172669712,-1383.8933979319963,-0.0,-3480.2558472905453,-1499.2144404354235,-1583.7363573667726,-1067.7599795380947,-1234.0083944903392,4.255584921086109,-2376.2260073106895,-786.3459702423021,-1341.4384198435182,-2140.634362859041,-351.55848147095435,313.0258029358079,-1122.0710752837795,-0.0,-0.0,-24.031218785559563,-61.707245460978854,-20.38389490636842,-268.71239469187753,-0.0,-0.0,-0.0,-0.0,-0.0,-0.0,-0.0,-0.0,-0.0,-0.0,-1398.4652155772421,-2790.900997939237,-2439.262537362831,-0.0,-0.0,1695.835641135907,-578.2055002722561,-0.0,-468.8222116950153,-510.15558948833075,-1066.096570606472,-1057.6983464510342,-1352.233982989542,-0.0,-847.4876764735886,-440.03880975416365,178.267892485607,-0.0,1031.0691610207055,-0.0,258.02370459702064,-0.0,-366.2726864197266,-0.0,-483.997309174031,-1198.2241845274273,-1996.0597345157253,302.2922765465993,-0.0,-0.0,-0.0,-0.0,-0.0,-454.18135899850216,-90.7651433698594,-0.0,-0.0,-0.0,-564.2813928769403,-0.0,-42.96229332633483,-708.855947692231,-4045.900028251896,-0.0,-1498.8959479091725,-0.0,-671.8700392719767,-0.0,-0.0,47.41762426955298,-0.0,-167.35635096306163,-0.0,-0.0,-0.0,-1189.7403612797516,-1912.7869191111558,-0.0,233.2550685537834,-2447.4242414300465,-0.0,-85.21585634922383,-310.12515275287114,-0.0,-0.0,-1769.6067390881053,-0.0,-959.4744933424407,-1379.0919311156817,52.532100475391495,-3414.3848591338483,-1775.6451856566705,307.9752899058885,-879.889197056763,-0.0,-1137.8184012138968,-0.0,-0.0,-0.0,-4238.671402492313,-1027.2998659305113,-1681.8807796178999,-0.0,-440.3366591125188,-4.86840400888926,-1448.189658128822,-2231.294986042117,85.21004669171789,-3390.788513197923,-0.0,-1773.475922641869,-2588.6852735209804,-0.0,-0.0,-0.0,-0.0,-2658.720028015834,-193.83086902926865,-1743.4017698064845,-0.0,746.6171634949131,1243.8333233543337,-0.0,-0.0,-872.4594130866165,-1090.4225232236536,-375.7471913600965,-21.638841705964335,69.51361438306472,-0.0,-1467.9783025654074,-0.0,-294.6980984532845,-1340.7815936035945,1506.3185457740883,-0.0,-0.0,-0.0,995.8081340802856,1103.1533335647373,-898.1184142600263,-0.0,-1548.3560402137896,-0.0,-1167.640664160082,-680.9273198379586,-0.0,-0.0,-0.0,-0.0,-0.0,-61.25653443575529,-0.0,-0.0,-0.0,-1246.1174221504236,-320.03501764185023,-0.0,-0.0,-0.0,-188.7037068505511,-87.85628098017119,-690.8866492791184,-782.2943467667828,-3196.5724225818026,-1476.6599051366484,-1215.3971115470094,-0.0,-3322.5450925621362,-41.34856087026889,-0.0,-1114.1564318572734,-2574.787504321551,-861.6779638212836,-503.8564806127713,-1209.803213193354,-301.4644043325985,-722.0239862941371,-803.388860471376,-1194.3582458669885,-300.0231795390746,-1870.3566807982963,16.81880887794955,-430.35732824861566,-0.0,-0.0,-862.7850472449283,-4157.556224082787,-0.0,-1205.6311068961338,-558.2139095265267,-0.0,-416.1025778040835,-744.5489706519293,-754.965554913542,-273.48686441940384,-0.0,-0.0,-0.0,-0.0,-0.0,-46.997380878705165,-0.0,-689.6929755021207,-0.0,-0.0,-823.6204500647744,-1209.072345452334,-2949.194228250386,-487.10618588382204,-777.4294405738252,-115.3655857947587,-2111.624882553572,-0.0,-1070.9246015572946,-613.1668818576,-534.198847735165,-1475.1402368668957,-1023.2538958353475,-1934.5871832592363,18.72006218876894,-516.550515349423,-0.0,-1224.72555594021,-1219.526249773396,-173.2986289604388,4.167182616427217,-2647.92720440724,-1457.7395737472305,-810.8185483704483,-0.0,-668.9098181321561,-783.8883584419543,-586.7211952990407,-2734.215813630125,-4.073325254642909,-0.0,32.080043885459666,-0.0,-0.0,-288.77426790705,-4289.568361837639,-215.1260712377451,-1606.1439727223892,-4209.119983324587,-0.0,-5045.22753446472,-270.7359505375289,-2181.2475203822337,401.67441558758026,-0.0,1730.8124445072194,-989.3553040702028,-0.0,-2168.404936014747,-0.0,-74.88185896345936,-45.52342684093037,-0.0,-0.0,-0.0,49.330121607371815,-0.0,-0.0,-0.0,-696.3961653472995,-1562.578396205587,-749.2236003803184,-0.0,-3837.4242102691946,-0.0,-0.0,-0.0,-247.48629896442145,-444.36717449481415,-0.0,-2152.150708308273,-0.0,-0.0,-3780.2328749027947,-0.0,-24.456198526563238,8.307909821394059,-536.4042581398224,-21.943058310311347,-0.0,-0.0,-240.3156352359131,-0.0,-0.0,-1460.1420707352663,-1204.724121659446,-1752.1533441104668,-0.0,-292.8386242252405,183.6268830415697,-401.7785814584488,-16316.41122353905,-0.0,-649.856885878372,-1428.947289377324,-633.2343492562875,-0.0,-36.90719231657549,-17.737419714771274,-295.759907971337,-1155.2028209806147,-0.0,-0.0,-0.0,-527.3684544154044,-3048.6444937861675,-1453.986117222458,-0.0,-0.0,-0.0,-388.11372595641814,99.77421551671492,-8.808024858769723,-1514.1319421744072,-0.0,-0.0,-1110.0174944149278,-0.0,-0.0,-0.0,-3000.5708392983647,-1103.2084416533876,-0.0,-1211.9437837472422,-675.4605004148009,-276.0573075291132,-780.2929145532466,-1212.893959437927,107.82685437922504,-1478.906076365368,-1301.254935041834,27.111011385315532,-2115.2173328635313,-0.0,-0.0,-0.0,-0.0,-526.5340544743315,-0.0,-0.0,-623.9452902853626,-1155.4397335086949,-800.1255368490187,-0.0,1729.8891439371077,1634.9295535000513,1618.4955417704323,-0.0,-0.0,-0.0,-924.1679146143629,-46.59074105308385,-825.7326868859992,-86.61470553739741,-756.9828173475447,-1812.4127983910232,-1359.8616199448984,-2216.815101888255,-0.0,-0.0,-0.0,-0.0,-595.5785762904579,-924.2117475545123,-1918.0499106656778,-467.88725131309195,-1503.5958608590465,-2156.4928442989712,-2351.4190493191422,-0.0,514.2213277789515,-450.5927046758524,-413.33391025310215,-128.934780759175,-5077.570923749062,-69.83998437818697,-0.0,-976.6035899371378,-1692.5590217923298,-0.0,-77.10207856967843,149.215529976286,-103.20866671114538,-546.6599033965732,-2541.38537099705,-178.01478498993205,-1805.0929165899631,-0.0,-2043.1073212351132,-1983.7686215230442,-1630.9987395331289,-0.0,-2010.8790499098934,-352.64894397592553,-735.706818875417,-1056.573741344394,127.62937643312631,-2119.1246081743625,-1369.1243259558175,-0.0,-106.51340647306846,-0.0,-0.0,-0.0,-1132.1914859314982,-692.1983742993942,-0.0,-0.0,-0.0,-4061.900146244645,-2120.0148381906333,-0.0,-0.0,-4.927067836221732,-1912.2696239092904,-1038.9448151111324,-0.0,-839.8028717741968,-1526.233135957579,-635.6034435907065,-25.621702659436366,-981.7281447062506,-9.660242311018077,-1744.9667340988185,-1863.881100405936,-0.0,-0.0,-47.99661794228698,-0.0,-0.0,-1438.463338888602,-107.57603154706807,-500.203372052361,-0.0,-0.0,-0.0,-824.0678875184539,-365.16577427645376,-127.38115825913042,-515.0807368996956,-253.56108295401242,-2225.196469042974,-350.2081055369665,-642.6771174876786,-1459.8415222567285,-0.0,-450.66020742678893,-0.0,-1932.351799041374,-1658.2185857677898,-1951.1366773649606,-486.65248540182364,-323.5787637454699,91.45091078654903,-1064.9896917860613,27.25420997054415,-0.0,-528.8489506775791,-0.0,-0.0,-557.7368508205776,-136.07680156517475,-3157.1363561770104,-3202.474495595119,-569.5889130965693,-0.0,-0.0,-1158.3788821199548,365.51415675291827,-0.0,-0.0,-0.0,-1252.0290890075642,-50.573720223216135,-538.572228540324,-4219.190101395562,-1637.4233876314872,-1274.2762059087227,-504.4959719292122,-198.61204889561765,-1411.793118590705,-791.8628774283238,-551.1554733032779,-0.0,-744.9662995482504,-879.7551347382733,-1889.3913562627429,-0.0,4.798718855737031,-14.328864003189473,-0.0,-0.0,-2031.6131284447938,-0.0,-3989.932136305037,-1313.7811507482547,2778.309112674532,3209.002824265025,-0.0,-0.0,-889.4961506941845,-1206.2275753291103,-664.5973398096934,-397.29072682897595,-3492.7922916135635,-646.4046871493058,-0.0,-0.0,-0.0,-1389.2345159404817,-741.643138545041,-181.91681871762813,-2896.353578647735,-1152.3230579367269,-30.127210112230568,-473.6869552754531,-1188.4827194874772,-371.6203013306926,-595.4784335780568,-0.0,-71.22621577659127,54.790534054458206,-1105.173826949498,-185.85519983962126,-0.0,75.53686106416838,154.35178335897285,-241.53284088188573,-1546.8507114343222,-2594.759191626903,-69.00258900493274,-1029.2434088641508,-1560.2692820714176,-0.0,-0.0,-763.6383522592079,-0.0,-0.0,-0.0,-0.0,-711.6646959004981,-25.68878880560188,-1386.7945677143055,-1318.9377274687336,-2856.6839175266678,-1298.2211656900124,-0.0,-663.5177617635786,-0.0,-1785.814961233134,-1848.8994914969237,-1506.2930160111769,-1122.7748561340254,-0.0,-2406.1651643475216,-0.0,-0.0,-0.0,-3994.5290912150463,-1370.7973326485862,-293.30930054519035,-974.5521764080329,-991.8079366275134,-1176.1522879665522,-0.0,-0.0,-0.0,-44.34577840911079,-6754.610020402294,-784.2291337539735,-2068.089245755537,-4633.197699864736,-2533.7555641203444,-478.2883610517008,-0.0,-2178.914413469329,-831.9582163995037,-0.0,-371.2120094322449,-419.72946545128895,-42.777734160743286,-1104.2421882986323,-339.55515809300704,1637.1500311887194,-529.7237406963109,-0.0,-0.0,-1107.571290843782,-923.0579942145489,-2529.2265561583363,-343.5470420180877,-0.0,-0.0,-731.4009293006982,-0.0,-0.0,-0.0,-0.0,-1522.5781303251306,-696.8188046510713,-1389.677549058619,-586.0701888182024,-4.365903280147869,-864.2746850055436,-0.0,-0.0,-0.0,-0.0,-3195.1013105796565,-0.0,-0.0,-0.0,-0.0,-0.0,-0.0,-895.1991727907686,-0.0,-3095.2807724876197,-549.2110853989572,-225.2829966916266,-1434.0873524423055,-0.0,-0.0,-1510.2810034548222,-1616.2060395686083,-4.855218783463498,-486.715544904983,-61.32135215026207,-1966.6478179174103,-1084.7452718569346,-0.0,-4332.6145238866375,-1449.6819524319192,-0.0,-0.0,-18.90423153903727,-465.42082843634273,-1371.2637254597996,-0.0,-0.0,-24.668907982595766,-1835.0664808374138,-665.9943260173972,-395.2547092261812,-96.06024594011468,-2143.3813930223396,-0.0,-0.0,-0.0,-0.0,-0.0,-580.0292105969562,-562.7275821409029,-672.9382088904183,-4741.791165471706,-1882.6844962033613,-1383.3259174930004,-121.49334421487441,-1100.7803812809382,-1358.5454132890497,8.345615327835214,-0.0,-0.0,-0.0,-720.4036075735056,-463.43368741552496,-1902.5690959514225,-664.4023814893926,-0.0,-1952.6194315020387,-0.0,-712.5466669206697,-0.0,-0.0,-2204.2742936655864,-690.4399685592739,-631.5841699648712,-1596.5999480868807,-153.26320368935095,-14.426814316690194,-864.0316664369075,-1628.4951604491666,-0.0,-500.5922823941695,-1303.8657531382187,-4717.108309817455,-0.0,-317.69408944597757,-2549.2633782886364,-1718.3574131324815,-1410.3038205274468,-606.0232371686162,-1407.9541560872196,-0.0,-396.5003979690817,-0.0,-287.0856807226804,702.13026022623,-0.0,-0.0,1023.9490883567206,-0.0,-2493.857979528825,-854.5252921778042,-1058.630334875625,-1341.065575097207,-1648.9824905486687,-427.88641876606886,-165.43656888865806,-0.0,-0.0,-1013.3544325237451,-1123.4398385139136,-883.4108293759742,-0.0,348.6359419062109,382.93233671662676,-266.1949847197442,-3144.3454996391088,-2028.8619206544402,-0.0,-0.0,-1613.4924188847758,-4655.08476337353,-3059.8268106561454,-584.5542009392717,-1100.7504387959714,-1265.917795037046,-0.0,-239.28118430084405,-0.0,-819.8190232812076,-252.52901335334172,-2120.8054053557275,-2981.052510164256,-347.50359004099107,-637.087390948895,-5046.549679505855,-1391.4658257981314,-637.7381073075248,-316.1773187660449,-1450.3789424910074,-785.7455073114751,-4.9728168401779795,-1708.7867484789415,-1997.2174805149912,-0.0,-0.0,-662.2902221490268,-1439.3262053605606,-386.6389945437107,-4.96278165614268,-0.0,-0.0,-0.0,-0.0,-0.0,-39.84069022555,-792.3732621913146,764.1201973932956,-504.6957315704378,-838.6451315397353,-626.6248329514045,-1252.7399533195116,-1753.9595234937528,-1331.6357615738953,-2056.6121218573617,-324.509475144959,-638.4754948925561,-1757.4835668261926,-723.9825467748244,-0.0,2722.523983321332,-277.96626278944115,-80.37095263924371,-0.0,-986.840789048114,-714.5948776941451,-1516.208210244611,-2196.4522919534465,-2481.64798322648,-0.0,-0.0,-0.0,-0.0,-1143.5179978700883,-1892.5609592144542,-0.0,-955.4171463186902,-9.619863731331602,-0.0,-0.0,-0.0,-2871.8592778479806,-876.0269822889421,-204.607034368313,-50.618832114410424,-0.0,-0.0,-1266.7813043365554,-1539.1357255521045,-941.6904529593395,588.3471198794272,31.80519623800602,-0.0,-22.550645526023697,-0.0,-1870.2636172995751,-612.8618222341908,-1582.2505619598223,-2003.5943030922972,-1859.2487821013842,-46.35645868891867,-0.0,-0.0,-1845.6801819309392,-421.8334268975339,-0.0,-0.0,-261.21797352976273,-0.0,-45.71505057935741,-0.0,-1458.8868831665698,-835.24651893404,-0.0,-91.25507668446886,779.8654788749218,-0.0,-214.5536582464181,-2636.498482929329,-0.0,-0.0,-784.0589506972505,17.51371075972277,-0.0,-0.0,-928.7213202710359,-1700.946046034715,-0.0,-930.9552403728709,-0.0,-1476.8527244640989,1881.926035856341,27.51734208882435,-2225.057875185459,-1798.019958713357,1036.629822961215,-0.0,-2338.3093004526163,-963.2664876789147,-1144.3727374086857,-0.0,-773.3588226419624,-138.0366427572447,873.6728242004991,-426.8791831051193,-1703.8363912631316,-0.0,-0.0,-0.0,-1008.5432837306633,-691.4271667990986,-897.5265957523841,-1241.9355326602588,-1158.0016311397899,-32.60613261227661,-1253.4867854349486,-1053.4934004733914,-1333.9031796780569,-0.0,-0.0,-606.3976366046071,822.9207630537719,-7536.618786875148,-0.0,-1436.3978561404103,-2270.3218824211194,-904.9403584579624,-862.0746343071754,-69.43864962364687,-2654.781976652276,-385.56466690731,-0.0,-1160.4885128020892,-1047.1599969130896,-728.8998128422251,-0.0,-1707.1721475630775,-2367.8191998420625,-28.76976109404647,-1269.6662768998278,-2656.4625772644254,516.503901756096,-0.0,-515.7568346600156,-186.81928067053875,-1550.4160084999417,-1039.0744018666776,111.63778965762444,-144.74071731736495,-901.7050354816582,-565.1101934171363,-633.7104166700378,-748.1279539676689,-576.2313964689829,-0.0,-1511.353543889256,-0.0,-1368.2895440775503,-855.9169613658687,-193.19559312194932,-0.0,-2046.9514618081669,-5560.140083156598,-0.0,-489.2009266303033,-0.0,-2553.110166956794,-288.4745710753853,-0.0,-474.9514479017946,-474.67855995509854,-0.0,-2709.8064035337725,-1852.0092654250689,-0.0,-4920.775058500954,-143.50969965006794,-1500.3595483908416,-1566.4231285650426,-1803.4769384193805,-113.10293131299387,-0.0,-1042.3849432185593,-2350.2511948151255,-600.1569627977126,-1017.9711466211629,-1259.0136125611693,-1911.911048246322,-2658.848365496565,-905.571957133391,-2327.9320310030816,69.06387889448037,-0.0,-352.69949638973384,-1566.4503559578995,-1377.8980726515879,-0.0,-0.0,-0.0,-488.6806909047422,-552.5276095638815,8.852432060623906,-650.2819084776344,-0.0,-1405.4767819055971,-857.7785038682549,-671.7213176393367,-0.0,-0.0,-359.7186586348741,-2058.7593973961925,-1005.6743803233852,-310.4410003703185,-1069.5004536130987,-40.981999136936295,-0.0,-0.0,-3106.6389354919284,-1335.4513098669445,-0.0,-0.0,-0.0,-84.59402465075956,-1050.429379956481,-55.1598054346927,-1900.331998028297,-1732.770155836287,127.86018035714633,-0.0,-708.4447563055162,-0.0,790.9986675863878,-145.19253432968694,-0.0,-1836.730963294577,-365.20643122091525,-2263.3844127091907,-0.0,-1851.922650320473,-728.9752469568294,-221.630931340396,-13.782451041169786,-38.26973674065159,-0.0,-0.0,-861.1689029859514,-1426.2376983234112,-0.0,-676.9642395873552,-0.0,-415.3811663751738,-623.8859800016311,-0.0,148.13203987230756,773.1144578625479,887.5575015841471,957.3157108169493,942.2029346168566,870.1337119475072,-0.0,-0.0,-0.0,-0.0,-0.0,81.15974879475094,-0.0,-0.0,-708.0392973277751,-182.84917833099394,-513.8909746786729,-89.06991371427414,-0.0,-1245.8424817483133,-1668.617470007913,-2292.272850156872,-269.6910683529968,-219.76720220180715,-0.0,-0.0,-682.2285757225432,-0.0,-0.0,-0.0,-0.0,-3017.2287154509736,-0.0,-46.15310352135505,968.5935486990921,-0.0,-1150.8678217119611,-678.3871840403322,1637.3840705178286,-1088.8215178466282,-0.0,-3288.3061319810126,-2526.960190089165,-220.23536799007502,-887.861589708912,-1359.3676924175247,-598.998066860219,1321.5646304712957,-93.37654482282413,-656.2104625058546,-0.0,-0.0,-529.2898731986367,-0.0,-967.7654396169153,-0.0,-503.36056897252683,-41.730696299075454,-0.0,-0.0,-1282.457218251467,-0.0,-0.0,-623.8353628297402,-1314.817210128389,-2271.917253096085,-0.0,-0.0,-0.0,-2023.547394623785,-0.0,-1153.1321145882262,22.32802079882236,-0.0,-0.0,-1278.576157791129,-1119.770296585112,-1375.6055541082214,-455.15610240031305,-0.0,-1521.9341157846425,-315.4325167440276,-0.0,-0.0,4.5774519446908535,-44.12279986162604,-5002.845502945184,-0.0,-135.6394533170276,-30.273446445794765,474.82999467444506,-86.00386682205108,-1118.2337863528385,-1023.8990303353337,-519.1281332116744,-0.0,-0.0,-2081.6131307297937,-0.0,-0.0,-0.0,-0.0,-0.0,-0.0,-0.0,-162.02515371225408,-0.0,-0.0,-2028.2775376427285,-7537.253040046616,-145.7901221579789,41.615484978303,-422.0062279324615,-783.7803871559302,-128.91093059339684,-4678.690039962085,-262.36661273717186,-344.2665989708684,-0.0,-0.0,-0.0,-1898.4919766879038,-0.0,-41.7891874367077,-0.0,-0.0,-0.0,-518.8676211171692,-13.14736261283247,-269.4153447908425,-1425.085837842951,-713.8951846126705,-78.96342774420714,-2706.62717654538,-0.0,-89.69610754248845,-2529.290552880712,-0.0,-1440.8856242322117,-90.85604673477044,-1609.8118960860131,-0.0,-0.0,-1151.5335132893194,-737.4110186363017,-38.69805701251626,-1033.1841218202298,-1013.0343208876659,-795.2950560810762,-172.14581230601033,-850.2583169315265,-811.2629087558911,-2486.135195746562,-1053.8792922209218,-0.0,-1702.6926223412852,-439.49086893369315,-715.9376956487738,-0.0,-0.0,-1222.1757156692665,-2612.7855917347647,-1009.9225587997498,-0.0,-0.0,-0.0,-4175.302662878748,-959.8746419031179,-189.5997563327574,-381.5798701929124,-42.21245436037751,-4213.928007535701,-0.0,-0.0,-2618.251986627616,-957.8945883348979,-0.0,-0.0,-0.0,-87.64506574359775,-0.0,-2062.3323717603203,-1979.5127302741678,-0.0,-388.43663140176034,238.08206634324623,-0.0,-0.0,-0.0,-1214.6541924176454,25.85012324377997,-2760.823861410381,-722.3080841803485,-1331.2703846432573,-848.3405143112783,-3582.9630240345678,-1881.962896012007,250.37222816126337,-0.0,-3294.3286322130384,-0.0,-0.0,-0.0,-1397.3715844121923,-796.0640518448071,-1989.41741282089,-0.0,-0.0,-924.2094820437466,-1667.9098681165676,-716.0553874267985,-573.9588469530335,-0.0,-0.0,-1349.5068280019307,-0.0,-0.0,-0.0,-0.0,-0.0,-0.0,-610.900470780528,-85.16557858928475,-1716.9946916678784,-0.0,-768.7759016495313,-1361.960955738716,-38.38209927790718,-0.0,-0.0,-0.0,-0.0,-0.0,-0.0,-0.0,-0.0,-0.0,-0.0,-1380.0190715694387,-1937.9939901053483,-0.0,355.94431112668747,-0.0,-724.2484207040792,-107.90402963869909,-0.0,-963.5850824596806,-435.8744476564124,-108.53849833033513,-2126.4070176202827,-550.1242569112565,-2925.3980794012828,-190.05323050738204,-2360.3983909264493,-1849.3403399753508,-970.4267166961724,-4.729181466221887,-0.0,-1284.5093384271722,-2280.9318221651997,-2522.3776577559593,-94.73082345825226,-247.49533707789467,-2018.9798757221947,-0.0,-2444.5939976732216,-396.0246354087559,-0.0,-1948.3287655406505,-0.0,-999.7180620087028,-0.0,-3067.2692377757544,-0.0,-0.0,-86.5207383506562,-1173.2482783478897,-542.4323002417177,-0.0,-1490.4795691435932,84.23691865837839,352.63655709009106,394.87262980827114,-309.80551925529227,-1852.8007995058588,-634.978497985399,-0.0,-0.0,-6203.575336821216,-1238.0012811207737,-0.0,496.11556252600025,-0.0,-2205.4847156411342,-553.2226353270252,-716.5501051894904,-0.0,-0.0,668.8723450070233,-0.0,-1051.1376953072033,-1358.0461988200916,-2058.1634481615256,-0.0,-742.6933705544606,-3200.1534799492783,-1061.8833279907394,-0.0,-1500.639128481656,-158.37500662600397,-1273.9278098164486,-0.0,-949.5134826315231,-0.0,-0.0,-0.0,-964.6089443636821,-0.0,611.4598817795817,-0.0,-402.05440423823035,-826.6825041534887,-511.4142427744132,-1220.1256694691929,-626.3993913882631,-2288.5443240307736,-1362.5491350517725,-0.0,759.3109798530669,-2630.682532733101,-1855.0688276219066,-747.4702749491163,-0.0,-0.0,-0.0,-161.44381732437776,-1334.508326281624,-325.31265290218886,-1037.6783689065776,-2233.0579086189646,-2828.9781985040277,179.37145369968562,940.8004797147767,803.6986188547384,-0.0,-0.0,133.44447061050548,-35.586233760170494,11766.843211855941,10955.562845179018,5748.0299883923,10930.153908952947,11693.306286190005,12037.653647007517,-0.0,-0.0,-0.0,-0.0,-0.0,-1528.8927504494511,-1354.519164050199,-897.7456197340917,-0.0,-2987.2623652699594,-707.8101258431396,-1272.6983908550442,-34.357216711603705,-953.6148217488978,-1381.3857261389408,-1164.4302256810718,-1407.1036552947228,-0.0,-2887.472518912257,-1977.551463828728,-861.7250818931693,-134.54197742507486,-3792.0502567305693,-0.0,-264.88873531700466,-0.0,-12.76655590737254,-0.0,-148.49899071646797,-327.31041544648843,-1127.548216232249,-940.7527975680266,-0.0,-0.0,-0.0,-2606.1155349032374,-0.0,-0.0,-294.91386612192224,-1114.522661085818,-1015.8004693921448,-101.98804454601643,-1308.419984866262,-2123.6117278131214,-375.91594666153173,-0.0,-0.0,-137.2229199540916,-1303.4145852046138,-385.06910288938275,-0.0,-5949.167826845588,274.77028048868743,-0.0,-0.0,-0.0,-35.01252997495879,-471.27227333883053,-0.0,-0.0,-1355.4054439168478,-2279.583446034682,-1508.2558765702918,-443.31403980867356,-448.0095284148572,-465.47239988964054,654.8716892531501,-1424.2637062607814,-0.0,-601.933291784272,-3017.2104989758272,-630.0466711070918,-8.848300149117705,-0.0,-5.866477812020588,-0.0,-0.0,-0.0,-1290.5424386589916,-471.9947408904912,-1688.184303595601,-0.0,-0.0,-0.0,-271.4042995807496,-664.8068714152131,-1655.2236147348328,-3669.889277239766,-378.0565362714803,-232.4026236031001,-0.0,963.1539434868529,-0.0,-1330.4072934801632,-187.84472107249996,-0.0,-0.0,1177.664634745396,-0.0,-1928.878663553244,-0.0,-0.0,-0.0,-230.87411910571782,-2337.465268931228,-1963.516648967865,-33.84194765692439,-2789.253168489009,-1622.0595888362545,-28.713838231533135,-30.960701341270415,-78.56821007663122,-0.0,-0.0,-2255.747976354995,-0.0,-6460.9436523467575,-0.0,-1476.8722450796524,-289.68564974387084,171.88313526416866,-0.0,-64.20439986872391,-1420.583041835801,-1763.133703107569,-628.552682389527,-37.14262532582399,-281.9270505813114,-0.0,-0.0,-0.0,-0.0,-1253.333413880724,-967.6105781992293,-0.0,-656.228419032477,-1409.1029783415472,-204.4473876220452,-90.83290304074106,-0.0,-0.0,-0.0,1227.501953335089,-4.193008381947133,-0.0,-639.3551094832534,-979.7128252144473,-1571.26542292075,-0.0,-0.0,-2295.480127013693,-0.0,-0.0,-0.0,-0.0,-749.7696709113569,1113.3652911589609,1243.0667042674868,1359.4755596669668,-0.0,-0.0,-0.0,-665.1218941369907,-0.0,-0.0,-419.0027115425619,-696.6267406000665,-0.0,-244.47581099547818,-1503.0287444595826,-1393.1560224336256,-0.0,-0.0,-0.0,-13.15390167534688,-1704.6648219429596,-4.877711723518274,479.45654269499784,-0.0,-1843.6020519503495,-861.7751446344516,-595.0480345483574,-2123.133709538452,100.45086417414383,-329.1482207538426,-20.93710115684349,-481.43909745721385,-416.941592086772,-1108.0478892856552,-396.89939188957277,982.780607084732,-1626.6530832423548,-255.96661426150317,-192.56015341538256,-4361.1363835806815,-3207.73618357429,718.1938478744864,-1107.1224904057613,-229.22252223147973,9.471183448944325,-917.8327862060507,-1306.2321956950698,2006.3418013950616,-685.9035011403159,-763.9466715952262,-783.6175877388147,-0.0,-7756.883932914537,-0.0,-523.9744008699244,-983.4599700023929,-698.6393518372695,-1050.3346342421323,-1291.764043960145,-0.0,-1169.7906588043013,-184.31593200106164,-95.03689990614528,-7104.229606294228,668.2881123935204,-223.98569662808984,-0.0,-620.299277492516,-1432.0669274687614,-0.0,-0.0,-530.3108262239939,-1720.4977829947052,-95.07462809720636,-255.96921251474737,-305.7075840468016,-1204.9422068925276,-0.0,-0.0,59.01075091069828,-0.0,-0.0,-1986.147956465739,-0.0,-1893.9321556958753,-994.0465954574605,-1356.0142926429503,-0.0,-0.0,-556.1989284391316,-981.7589682282004,-155.99917111580572,-0.0,-509.85176647923373,-167.92220072671518,-581.6508458445501,-0.0,-218.7595942669549,-549.5269735756086,-2443.630275866917,-1081.1510922936004,-1855.6572349634482,-0.0,-0.0,-1553.7804117696467,-23.676809497036626,-0.0,-0.0,-1267.84392826069,-0.0,-0.0,-0.0,-0.0,-0.0,-0.0,-0.0,-0.0,-0.0,-0.0,-111.35872172004103,-0.0,-0.0,-0.0,-0.0,-0.0,-0.0,-0.0,-0.0,-0.0,-0.0,-0.0,-378.2628423080508,-0.0,-0.0,-0.0,-0.0,-0.0,-0.0,-0.0,-0.0,-0.0,-0.0,-0.0,-0.0,-0.0,-0.0,-0.0,-0.0,-0.0,-0.0,-0.0,-0.0,-0.0,-0.0,-0.0,-0.0,-0.0,-0.0,-0.0,-0.0,-556.5843382807263,-0.0,-0.0,-0.0,-0.0,-0.0,-0.0,-0.0,-0.0,-0.0,-0.0,-0.0,-0.0,-0.0,-0.0,-0.0,-0.0,-0.0,-0.0,-0.0,-0.0,-0.0,-0.0,-0.0,-0.0,-0.0,-0.0,-0.0,-0.0,-0.0,-0.0,-0.0,-0.0,-0.0,-0.0,-0.0,-0.0,-0.0,-0.0,-0.0,-0.0,-0.0,-0.0,-0.0,-1482.082021012769,-582.2573653376548,-1896.0728648655277,-0.0,-0.0,-0.0,-0.0,-0.0,-0.0,-0.0,-0.0,-0.0,-0.0,-0.0,-0.0,-0.0,-0.0,-0.0,-0.0,-0.0,-0.0,-0.0,-0.0,-0.0,-0.0,616.8210772386204,-0.0,-0.0,-0.0,-0.0,-0.0,-0.0,-0.0,-0.0,-0.0,-0.0,918.7274517936337,-0.0,-0.0,-0.0,-0.0,-0.0,-0.0,-274.8123008324171,-0.0,-0.0,-0.0,-0.0,-0.0,-0.0,-0.0,-0.0,-0.0,-0.0,-0.0,-0.0,-0.0,-0.0,-0.0,-0.0,-0.0,-0.0,-0.0,-0.0,-0.0,-0.0,-0.0,-0.0,-0.0,-0.0,-0.0,-1212.8038306860528,-0.0,-0.0,-0.0,-0.0,-0.0,-0.0,-0.0,-0.0,-0.0,-0.0,-0.0,-0.0,-0.0,-0.0,-0.0,-0.0,-0.0,-0.0,-0.0,-0.0,-0.0,-0.0,-0.0,-0.0,-0.0,-0.0,-0.0,-0.0,-0.0,-0.0,-0.0,-0.0,-0.0,-0.0,-0.0,-0.0,-0.0,-0.0,-0.0,-0.0,-0.0,-0.0,-0.0,-0.0,-0.0,-0.0,-0.0,-0.0,-834.1500731684495,-0.0,-0.0,-0.0,-0.0,-0.0,-0.0,-0.0,-0.0,-0.0,-0.0,-0.0,-0.0,-0.0,-0.0,-556.092699814018,-0.0,-0.0,-274.9165220560044,-0.0,-0.0,-0.0,-0.0,-0.0,-0.0,385.5393066343517,-0.0,877.659854376451,-0.0,-0.0,-0.0,-0.0,-0.0,-0.0,-0.0,-0.0,-0.0,-0.0,-0.0,-0.0,-0.0,-0.0,-0.0,-0.0,-0.0,-0.0,-0.0,-0.0,-0.0,-0.0,-0.0,-0.0,-0.0,-0.0,-0.0,-0.0,-0.0,-0.0,-0.0,-0.0,-145.63991363558577,-0.0,-0.0,-0.0,-0.0,-0.0,-0.0,-0.0,-0.0,-0.0,-0.0,-0.0,-0.0,-0.0,-0.0,-0.0,-0.0,-0.0,-0.0,-0.0,-0.0,-0.0,-0.0,-0.0,-0.0,-0.0,-961.1294497524622,-0.0,-0.0,-0.0,-0.0,-0.0,-0.0,-0.0,-0.0,-0.0,-0.0,-0.0,-0.0,-0.0,-0.0,-0.0,-0.0,-0.0,-0.0,-0.0,-0.0,-0.0,-0.0,-0.0,-0.0,-0.0,-0.0,-0.0,-0.0,-0.0,-0.0,-0.0,-0.0,-0.0,-0.0,-0.0,1509.1902151494137,-0.0,-413.5654089044814,-0.0,-0.0,-0.0,-0.0,-0.0,-0.0,-0.0,-0.0,-0.0,-0.0,-0.0,-0.0,-0.0,-0.0,-0.0,-0.0,-0.0,-0.0,-0.0,-0.0,-0.0,-0.0,-0.0,-0.0,-0.0,-0.0,-0.0,-0.0,-0.0,-0.0,251.07455958908747,-0.0,2383.53457807361,-0.0,-0.0,-0.0,-0.0,-0.0,-0.0,-0.0,-0.0,-0.0,-0.0,-0.0,-0.0,-0.0,-0.0,-0.0,-0.0,-0.0,-0.0,-0.0,-0.0,-0.0,-0.0,-0.0,-0.0,-0.0,-0.0,-0.0,-0.0,-0.0,-0.0,-0.0,-0.0,-0.0,-0.0,-0.0,-0.0,-0.0,-0.0,-2537.9797161315946,-1624.0741373150424,-0.0,-0.0,-0.0,-0.0,-0.0,-0.0,-0.0,-0.0,-0.0,-0.0,-0.0,-0.0,-0.0,-0.0,-0.0,-0.0,-0.0,-0.0,-0.0,-0.0,-0.0,-0.0,-0.0,-0.0,-0.0,-0.0,-0.0,-0.0,-0.0,-0.0,-0.0,-0.0,46.78013198488771,-0.0,-0.0,-0.0,-0.0,-0.0,-0.0,-0.0,-0.0,-0.0,-0.0,-0.0,-0.0,-0.0,-0.0,-0.0,-0.0,-0.0,-0.0,781.5634258363958,-0.0,-0.0,-0.0,-0.0,-0.0,-0.0,-0.0,-0.0,-501.99198486326094,-0.0,-0.0,-0.0,-0.0,-0.0,-0.0,-0.0,-825.8571083057574,-0.0,-0.0,-0.0,-0.0,-0.0,-0.0,-0.0,2472.4505094430738,-0.0,-0.0,-0.0,-0.0,-0.0,-0.0,-0.0,-0.0,-0.0,-0.0,-0.0,-810.4290183154728,-0.0,-0.0,-0.0,-0.0,-0.0,-0.0,-0.0,-0.0,-0.0,-0.0,-0.0,-0.0,-0.0,-0.0,-0.0,-0.0,-0.0,-0.0,-0.0,-0.0,-0.0,-0.0,-0.0,-0.0,-0.0,-0.0,-0.0,-0.0,-0.0,-0.0,-0.0,90.08637684937436,-0.0,-0.0,-0.0,-0.0,-0.0,-0.0,-0.0,-0.0,677.2345018603203,-0.0,-0.0,-0.0,-0.0,-0.0,-0.0,-0.0,-409.50415476044975,-0.0,-0.0,-0.0,-0.0,-0.0,-0.0,-0.0,-0.0,-0.0,-82.944782096065,-0.0,-0.0,-0.0,-0.0,-0.0,-0.0,-0.0,-0.0,-0.0,-0.0,-0.0,-0.0,-0.0,-0.0,-0.0,-0.0,-0.0,-0.0,-0.0,-0.0,-0.0,-0.0,-0.0,-0.0,-0.0,-0.0,-0.0,-2242.245382006783,-0.0,-0.0,-0.0,-0.0,-0.0,-83.81046826194567,-0.0,-0.0,-0.0,-0.0,-0.0,-0.0,-0.0,-0.0,-0.0,-0.0,-0.0,-0.0,-0.0,-0.0,-0.0,-0.0,-0.0,-0.0,-0.0,-0.0,-0.0,-0.0,-0.0,-0.0,-0.0,-0.0,-0.0,-0.0,-0.0,-0.0,-0.0,-0.0,-0.0,-0.0,-0.0,-0.0,-0.0,-0.0,-0.0,-0.0,-0.0,-0.0,-0.0,-0.0,-0.0,-0.0,-0.0,-0.0,-0.0,-0.0,-0.0,-0.0,-0.0,-0.0,-0.0,-0.0,-0.0,-0.0,-0.0,-0.0,-0.0,-0.0,-0.0,-0.0,-0.0,-0.0,-0.0,-0.0,-0.0,-0.0,-0.0,-0.0,-0.0,-0.0,-0.0,-1690.3476615629697,-0.0,-0.0,-0.0,-0.0,-0.0,-0.0,-0.0,-0.0,-0.0,-2109.055459591628,-0.0,-0.0,-0.0,-0.0,-0.0,-0.0,-0.0,-0.0,-0.0,-183.85064056917705,-0.0,-0.0,-0.0,-0.0,-0.0,-0.0,-0.0,-0.0,-0.0,-0.0,-0.0,-0.0,-0.0,-0.0,-0.0,-0.0,-0.0,-0.0,-0.0,-0.0,-0.0,-0.0,-0.0,-0.0,-0.0,470.7772919551208,-0.0,-0.0,-0.0,-0.0,-179.49358103786537,-0.0,-0.0,-0.0,-0.0,-0.0,-0.0,-0.0,-0.0,-0.0,-0.0,-0.0,-0.0,-0.0,-0.0,-0.0,-0.0,-0.0,-0.0,-0.0,-0.0,-0.0,-0.0,-0.0,-0.0,-0.0,-0.0,-0.0,-0.0,-0.0,-0.0,-0.0,-0.0,-0.0,-0.0,-0.0,-0.0,-0.0,-0.0,-0.0,-0.0,-0.0,-0.0,-0.0,-0.0,-0.0,-0.0,-0.0,-0.0,-0.0,-0.0,-0.0,-0.0,-0.0,-0.0,-0.0,-0.0,-0.0,-0.0,-0.0,-0.0,-0.0,-0.0,-0.0,-0.0,-0.0,-0.0,-0.0,-0.0,-0.0,-0.0,-0.0,-0.0,-0.0,-0.0,-0.0,-0.0,-0.0,-0.0,-0.0,-0.0,-0.0,-0.0,-0.0,-0.0,-0.0,-0.0,-0.0,-0.0,-0.0,-0.0,-0.0,-0.0,-0.0,-0.0,-0.0,-0.0,-0.0,-0.0,-0.0,-0.0,-0.0,-0.0,-0.0,-0.0,-0.0,-0.0,-0.0,-0.0,-0.0,-0.0,-0.0,-0.0,-0.0,-0.0,-0.0,-0.0,-0.0,-0.0,-0.0,-0.0,-0.0,-0.0,-0.0,-0.0,-0.0,-0.0,-0.0,-0.0,-0.0,-0.0,-0.0,-0.0,-0.0,-0.0,-0.0,-0.0,-0.0,-0.0,-0.0,-0.0,-5917.652225618821,-57.52961623181001,39872.56345429752,-3996.12264535643,-4975.38495860605,80935.18077176224,-0.0,-7370.324481069985,979.9944873774788,2343.655357325422,-26928.944902124287,-0.0,-5205.901898971527,-0.0,-0.0,37473.865774998674,-12348.449368123096,4237.509620895425,6997.652324066704,-5016.536758779176,-30254.063312777602,-9771.048842090711,57.17205537104496,-100.27411103253704,-6859.647107747082,-0.0,-14747.386900801406,-20499.86581802014,17318.947508628433,-640.4912062669023,8.868139536638388,52261.64097408757,-3539.336871889735,-132967.35383807437,-3147.5647370356487,-25554.53621029364,-21278.324457267798,-7074.1000677548,-6855.346955076708,-16508.551350345362,14129.73199984966,-2759.2599129482305,-4637.38651262387,-4139.922715452379,-12565.196178278222,9258.480047398525,42404.879582147136,-1129.3038814666959,78.17619596641632,24008.099455469714,5985.683871238728,-625.8059653390104,16510.149613226353,9265.941467995115,-6455.844649618858,-8195.469099253181,-4339.057468513574,393.6501281955082,-0.0,-0.0,-300.5112810162402,-9140.918205685171,-3912.139227885812,-3424.017141653573,-1958.9566256957303,-5186.257873649442,12320.879761609061,4107.841412872875,-9408.445752967718,22415.27229294682,-22612.606047779114,-38960.82156200827,77656.11174968633,-25768.68156507303,-10410.945422110104,-2461.043533472404,-4163.733053889271,-6791.418146566692,-5302.672637793142,-37139.65287551565,-0.0,-15272.804388796007,-0.0,3424.798223077885,-0.0,-0.0,-15853.565512266121,-1366.6850261910602,-0.0,-0.0,4500.641436385156,-0.0,-0.0,-0.0,-7887.036697335451,-5167.137680879387,-8338.099593516825,-8265.658248978269,8777.763428886028,-0.0,-33326.563467200314,52327.73733292423,-0.0,-0.0,-22763.7069267224,-11793.774854700474,211.30793599168223,57.0365711467522,-0.0,60898.44019748352,-0.0,-0.0,-0.0,-0.0,59538.60799722365,-1162.2531430382423,-0.0,-12574.526928024223,-0.0,-6899.8050886489855,-1500.6645841257769,-3657.5214613831163,-17882.663678652643,14073.158000214804,-1670.5488729674803,-10509.768609851857,-0.0,-0.0,-5650.041455587802,-7809.480894287259,-11679.059708888995,65289.682090251925,-0.0,-201.75221854694556,14536.202827128227,3654.6365243302125,-2224.559883193732,782.7463705563747,5975.092695186924,-4186.099655799508,-91.92504434387065,-20171.290100361468,498.66562897523204,15228.506601123509,-906.6727002187909,14344.442319110209,56762.09717249308,3485.4316975300444,-75.61440932172482,10570.077323986481,-2337.312054450133,-8714.113027900523,-11478.627792769983,-16559.09581027124,-0.0,7345.33762837266,22480.024029411463,24405.896678280165,-10972.173579382079,8342.298918641367,9969.551609479324,-9202.671135656663,18077.935744380746,-16119.063582385985,-0.0,5163.65787589054,-13745.062949654728,-17905.15534744151,-9728.082833199149,28717.347132187526,3591.0639291594407,-0.0,-6882.434793294865,-0.0,-3112.540514406748,109.25909859660408,-4557.209660215978,-0.0,231.74110988422458,-276.5013369927966,-24649.34464804055,-14339.433652816602,24804.898358507333,-7791.373338048209,3987.3880704226945,6378.26245861971,-7367.015411691027,-5968.497131596744,-13011.263511651594,-0.0,-2393.0244941581673,-2014.9553012724075,-0.0,1437.0723166412047,-411.63162233044164,-0.0,-0.0,-16485.962439538587,-4027.7832181471636,3351.1081965454705,-5465.884238183106,-0.0,-0.0,-0.0,62177.73877865625,22786.17549669779,-0.0,114.18108675960211,13646.282870833536,-0.0,-4871.370585971711,-2724.3334412203903,-0.0,-4909.535936369681,-10276.179332699925,135161.02824829044,-13603.845575148318,-9862.02603582429,-37812.20923850151,-0.0,1649.6452930851722,3328.2621188615426,-10990.378232744388,33511.76109407931,-9149.55541252773,-44677.50892733786,-16021.21000883907,-10325.914074714854,-0.0,1384.568889415083,-5431.293561181968,27002.566243214224,-175.20758115031555,-481.9306593009617,-12124.571056159744,-10382.224584253507,33334.931773812445,-0.0,-2405.3104515608034,788.0642361175449,-0.0,-0.0,-0.0,-0.0,-0.0,-0.0,-0.0,-0.0,-0.0,-0.0,-0.0,-0.0,-0.0,-0.0,-2383.4703056896064,-0.0,-0.0,3837.610289823146,-16418.614014814622,-779.8524391708634,-11590.545294491432,27955.166727970372,9071.900221348733,-4378.825323361209,3849.916763520951,49421.17593185917,-0.0,-0.0,-4700.704229003369,3604.1282013982254,-7593.703740162335,-9427.729867717884,-0.0,-41.40443833725101,11221.520895970154,-5076.1229033906775,-3014.555467944908,4064.665883702124,-28157.225226868268,34105.97129098412,-6445.9887010624425,-1126.6633318319118,15237.872296325922,-0.0,-0.0,-0.0,-0.0,-0.0,-0.0,889.6031130702903,51759.15000378776,-11255.124595564861,-12309.878593873462,-9970.634655402575,-0.0,-10145.986340384372,-14584.26970291097,-0.0,-0.0,-0.0,511.8164119890575,467.9536611722314,758.6737230479914,2790.9440034991003,-0.0,4412.90303262097,936.9970869014702,964.9836048023203,928.7331326826301,807.9472363813007,3157.247362793001,1786.700249216088,3036.4774414695567,2731.9931412327073,2977.2207643296106,3213.824891396039,40817.0604028617,38508.53634297141,45312.798321224305,42150.53386716878,10444.753497854832,9382.228283790284,9640.323929109254,10847.443189622023,5260.913611008815,2235.611407896889,2323.357718693049,2415.2006972297877,2313.84472927332,2436.024630037944,5099.627959000592,4790.674822306831,1637.752935607711,1371.9852315380845,703.6719681833723,449.414987612697,566.42496518473,37534.32233951549,36355.77157466749,40600.79881074981,36018.210022028055,63353.55501414904,59915.92217129129,1443.1594400461872,1303.6930042160152,1434.4310031139341,1377.8385404518453,1342.7223395921487,1399.8009715092146,722.6704380876349,63258.46120107564,56409.2624894447,55850.17060973345,3050.2346720925943,2912.3523600022136,3144.1865621023335,-0.0,9125.567478926432,9764.735172987554,42340.12176079431,36793.45863463146,43223.47858392388,65792.70116809924,64429.10411895766,73417.69795798209,63127.72675948611,3026.1465330326837,2607.7006854663236,5599.653693060026,-0.0,21523.0695916593,24382.464987610343,-0.0,1705.1672358133621,1659.2803585423985,1669.7695304824192,1621.6096612220256,1618.6884711976031,1640.7339566241287,42602.70489027668,42859.86717840724,39901.65015768824,36476.58403963444,1297.2029778956708,1410.065435836075,-0.0,-0.0,16464.9900741139,41350.248673667425,36156.15283359578,40314.26347501871,43592.96337884116,-0.0,60254.71440141511,56061.54616492094,1146.4888579930546,2545.3047233732027,2434.711629594924,2603.4166594205426,2719.290405486786,2751.3156751632555,64245.132346889186,61766.06910328364,-0.0,-0.0,17775.661588702984,1184.6982560837557,40179.733061720515,42138.78707050708,37362.668766254115,38903.18246548355,42579.78296398889,35143.562937460156,-0.0,17676.30498283838,11031.660792052056,-0.0,-0.0,1507.9987492753023,1610.4907495455632,831.641548478885,926.9492459311073,479.1040014652806,485.6605919695233,-0.0,1144.0504091261323,1142.395930901875,1217.4731380666296,1400.593700149607,-0.0,1786.2415304418282,1741.4626978159968,2067.614949483166,2689.106571249027,2662.33595293525,2444.0412581343294,859.9449302865585,969.5199037631539,955.983405480983,1585.4390650245696,1020.8939952166409,1101.5180680572428,1124.4106751086247,1036.2450645170745,9159.887775993886,9152.397072208807,293.97417397423425,289.13074391926244,3891.4779272514816,15783.077915981161,1584.5009690285278,1692.2734636384212,-0.0,-0.0,9678.183055937316,9685.673384308402,9546.49246422667,8345.40286495034,2227.6376503585093,2206.6159898359533,39054.192054987725,35766.374185176624,10462.267908656928,7787.516255175291,-0.0,56654.243457039105,2153.655502154662,2545.7960337333197,1150.0560215766818,60539.54597761842,60874.818785516334,64676.21923307788,53678.09835825061,229.1850967036221,63336.92500336839,57375.21619962423,-0.0,-0.0,26208.16085207143,-0.0,1320.1747356962494,1131.703853139523,1153.1506660413318,2465.8392287123006,10431.612606106832,19520.049702022017,2035.2991688508475,1965.8141819611515,26.671902382052885,760.8336074043259,770.8992596845571,18275.621803956754,1593.9448017373768,-0.0,-0.0,-0.0,1156.529689845857,-0.0,1209.7755017528448,-0.0,6771.934977503772,6874.39064803853,6180.51446226022,6393.652794452106,966.5167395124594,-0.0,935.1039195388311,-0.0,-0.0,1062.4779301309918,1120.1830385455328,1163.0456237387737,983.300333860589,869.296142741619,813.3627435916582,1903.538004453343,1817.9111404448447,1750.3991067622235,-0.0,3355.8552497725523,2938.7774600545213,3438.3475217110845,3287.2507184782194,5256.0489748835425,54456.39075381684,57114.47164545882,11384.486307927098,23180.968585907125,16594.14056715991,19936.559230937022,1838.4065268395213,2214.7290373096457,1014.7451048330546,932.8074092582182,2430.0538677987806,-0.0,42648.500935549484,36873.78182859401,1560.5984170390525,1263.6650038690714,1349.3201887389087,6034.116060333286,3426.5034434386175,3231.8573950628947,37753.388433666696,35715.71473192953,39725.32867634614,46012.4335988527,-0.0,-0.0,-0.0,2505.478835636113,2672.8523584953996,2772.6131692218646,10026.386510806371,9585.773243669348,6942.825448336664,2578.6327024165,2729.2346864054625
11,-0.0,-0.0,-635.3983986971735,-2203.5780368853657,-559.2806266552761,-529.8636175409401,-104.54175447331525,-648.3139148743705,-614.039670933809,-0.0,-1370.8140225655216,-0.0,-0.0,-2799.5019835402036,-0.0,-584.754284501319,-468.8273298789681,-0.0,-47.04296512909116,-252.98657121493991,-319.82664693057166,-730.3240951974877,-933.1563963304234,-767.7356084798505,-2247.520638645919,-659.063702353146,-0.0,-42.7992053601315,-3022.657866309772,-1871.955714729954,-0.0,-0.0,-0.0,-0.0,-0.0,-0.0,118.00001932563126,-216.53358187599787,-1900.6322083213443,-1620.9438630305087,-0.0,-0.0,-143.33757161004795,-559.1945349929214,-176.03392333181168,-0.0,724.1447794797908,-1897.9065900357707,-418.32888572721737,-0.0,-0.0,-285.30267046634754,-0.0,-12.050407711941752,-2220.4005704981,-3010.0437101140565,215.61404992305916,-6164.085161650951,-228.78209359027974,-0.0,-1933.6149124859692,-0.0,-711.9072371761894,-3197.596115035529,-526.7264302024587,-525.9534377442017,-44.6910911233415,-2264.4509510950065,-935.0771266953213,-480.2135157548637,-2985.31509953905,-0.0,-0.0,-2783.7796028907374,-1072.2147835890103,-241.03262774159217,-1855.9678644386597,-0.0,-0.0,-1413.1685476881107,-1518.6515612722358,-532.1303367294398,-3678.5912027833915,4.202099347376466,-28.17996812484573,-2234.002241692885,-0.0,-645.5852709023553,-1041.8589327759971,-7.973459176454114,-0.0,-1408.428409097565,-89.71315711950096,-843.6187372479129,-2266.1432154302556,-43.15634888354489,-2719.456554245202,-449.4077260012853,-1492.8751078367538,-2964.7502171395427,-754.4893616122472,714.7454783598295,-584.7563370688621,-0.0,-1472.4031966209427,-2476.290989191768,-4947.309248470906,-492.737371314462,-3246.207674961653,-0.0,-1734.6480639917468,-0.0,-0.0,-579.8603666384398,-0.0,-0.0,-704.1295784559005,-87.03549999430356,-1607.0932547087884,-973.7325388571248,-869.4327441528504,252.50424551941256,-491.60157700576775,-327.1594875170194,-227.73577721292625,-8.724525498126937,-582.0082179309568,-655.7052179359815,-814.0659688206086,-0.0,-5237.562354167316,134.32382649530064,-116.49545164228019,-4732.810830486975,-0.0,-1118.0103188665653,-68.85788098137328,-0.0,-342.8829744783301,-0.0,-0.0,-907.0573159629929,-0.0,-754.8935553782334,-976.4974923989021,-0.0,-1184.6427188907921,-306.6845938801299,-680.0180773378197,-2293.7763426098154,-0.0,-1810.3199055321932,-1274.2114296926131,-0.0,-0.0,-0.0,-0.0,729.0795586205904,-0.0,-1749.830860637798,-1867.0690889079663,12.13730993220997,-0.0,-0.0,-737.2868287666516,-584.1759016468492,-820.8165460595017,-0.0,-469.99286849797534,-3276.5173239550472,-1136.1007123631719,-0.0,-1305.4304870447568,-2682.517537532012,-0.0,-0.0,-0.0,-0.0,-0.0,-0.0,-543.0852143525576,-664.2232907915192,-254.22235976712392,-216.11434818321166,-1461.9671018511654,-57.024705520841714,-0.0,-0.0,-775.0453329167332,-0.0,-607.9757384378136,-31.36993616123702,-4.6489081612067436,6.377882937815035,-0.0,-0.0,-1294.6295681987556,-464.551035502711,-513.4389644203635,-0.0,-3715.832722541322,-2185.801849023188,-1129.5724718402582,-0.0,-0.0,-2422.7258269260005,-1600.7632725750225,-717.8318102031113,-92.48381123933801,-1854.7161290962968,-1546.6308713922792,-0.0,-0.0,-1836.7634238024712,-0.0,-863.7683533569224,-1405.0508510187403,-149.95967908745735,-455.3216145682881,-654.7584315363324,-618.9885347375554,-0.0,-1673.484811018891,-0.0,-3669.2675431683624,-3102.365023140414,-202.79687934271567,-436.84826345839093,-515.7230398120199,-0.0,-310.6664057049652,-288.0155459268927,-0.0,-1180.5515707983734,-754.4840269583517,-1227.5687308631775,-1724.5293136062971,-1016.4196130644783,-2353.668372164804,-2295.7702285216415,-2672.258492185791,-2440.659581141649,-1124.1423595988945,-2350.196419390711,-561.3891811957112,-645.1880409940392,-0.0,-1327.1994105709055,-1190.9307033784112,-1094.939980387922,-453.96548507784195,-436.76991255822253,-2233.99260045596,-851.9254459331552,-455.64522856783293,689.8894512201364,-0.0,1100.985302225016,-1504.3918158224108,-0.0,-0.0,-0.0,-0.0,-0.0,-0.0,-1412.6971014035196,-3012.764183695676,-548.3823919159399,-1076.9142478664032,-0.0,-0.0,-2022.924168090678,-1323.4427718394747,-2301.050461080976,-0.0,-0.0,-152.11704446805703,-64.29259945822854,-434.6760642331585,-2048.8437373793336,-551.6986281623904,-0.0,-569.6045871128379,-748.4201064770036,75.23168705865285,-1314.0250786767067,-1615.9892053083076,-1464.748533328373,-2003.8206868474563,-339.2682775571538,-645.32096279157,-45.8989482171423,-1907.0321502580969,-0.0,-927.0635283096992,-180.93157541955247,-92.83192771154226,-642.7094615493388,-0.0,-2367.5063504547365,-141.3068178869479,-749.5500490230067,-1740.9070265650548,-1722.0106646043664,-0.0,-630.0630429416963,-847.3716216350542,-28.057448392879806,-276.821247913307,-553.5514346236946,-61.33191581158363,750.7622356166275,-1300.339070299095,-0.0,-1024.3045435453407,-1693.009607350298,-0.0,-544.4616306803006,-0.0,-1699.3243912066541,-0.0,-0.0,-0.0,-1277.9851695377918,-799.2794255634547,-507.283805506787,-0.0,-1755.0913722908974,-3385.601024447783,-4059.6701452391753,-0.0,-367.35196714085106,-0.0,-311.4805806793373,-126.56710834843338,273.075131744413,-632.9099768841697,-0.0,-762.7804672417224,-1008.5418170081443,-347.22005735203965,-640.6145030173376,-0.0,-485.303216347742,-1008.1995395496901,-597.0775427514216,33.57815888056448,-2504.5584748636934,-0.0,-0.0,-1529.6710110604695,-276.15712244481216,-1509.9639909338684,-105.31820232148827,-140.72786078157893,-239.12698390137294,-672.6900700738074,-1103.0161980329426,-1474.942648862935,-2289.5035596476064,-0.0,-0.0,-441.8642113645613,5433.221142443649,4.741882965621211,-0.0,-0.0,-0.0,-0.0,-2540.2346523326696,-531.2055262352847,-0.0,-1084.2508260869338,-1013.7057693671303,-815.7047207705767,-2424.3212780695735,-277.05990013486326,-1278.5439922222592,-0.0,-0.0,-2180.610717064082,-738.3087546666076,-1870.8696510969978,-791.7372948824574,-900.5795362273751,-2006.8397679338539,-241.64667152168298,-1828.9012400761446,-1198.937994172422,-34.423246784157776,-1118.7380264326923,-1231.309561592415,-250.87142926661488,-244.42694674735162,-2091.433596545102,-0.0,-515.1444202111882,-306.202176271693,-33.6148463432224,-873.0432468409201,-233.26120694444074,-1036.053780999693,-963.3775790738135,-1374.8129253930674,-255.55720528059862,-2757.587892930958,-62.82007962430689,-658.3468853989525,-0.0,-862.3374290488023,-819.5763808307833,-1052.3318280575097,-1260.8412099478287,15.833977165183422,-443.8062003025733,-2816.401513775485,-866.2341679640139,-416.8678849844605,-1240.285283400814,190.6821235027022,-0.0,-0.0,-0.0,-0.0,-0.0,-0.0,-12.019587585312937,-188.6851897544906,-2510.467557931609,-5360.958691122318,-535.3370590088057,-1067.5463487421034,-150.9428784607288,-580.2288706327686,-1472.5965425769828,-1218.305883981068,-42.98686122295685,-592.3155551550733,-540.9648882267766,-0.0,-103.44887318529248,-1217.3768220418249,-519.7118057603916,-0.0,-1125.868982167068,-0.0,698.3070169767132,-0.0,-0.0,-0.0,-44.446788966340876,-0.0,-0.0,-1170.4950845458438,-458.80618081212333,-1314.6768034757135,-0.0,-0.0,-0.0,-977.4446044791806,-636.2655029307001,-1447.237337465775,34.30107144829247,304.52261219790404,-0.0,-0.0,-3377.8324310509765,-1346.3302732841382,25.4181163623547,-62.633798834866305,12.6688879946803,-20609.159942486083,-20484.353927954115,-2554.626672486863,-0.0,-0.0,-0.0,-0.0,-477.96183826062565,-0.0,-0.0,-668.4067458188703,-2481.640320881509,-2160.2193496736995,-1474.3355391269984,-378.50028605767716,-2015.1453056561982,-34.92417709193528,-1419.1864399562069,1068.8687759992179,-8.077626486942327,-992.1498930242353,4.267440200062283,-0.0,-0.0,-0.0,-0.0,-174.84817595052914,-0.0,-0.0,-0.0,-1012.3308320076316,-1623.0179661240131,-0.0,-0.0,-282.12297369058075,-2436.8129266842216,-0.0,-1553.5259197013597,-1827.7168501439673,-2234.8902548093993,-0.0,-0.0,-114.2689274388108,-94.66971127066576,-1133.2837119613257,-1657.4661244105782,-614.2429688920566,-1454.286213439949,-1379.8185738517159,-0.0,-0.0,-0.0,-0.0,-472.1056408036224,-281.917336151002,-0.0,-0.0,-107.25468367397815,255.82432432150011,-0.0,-1376.6510891375628,-1145.0844127775733,-1190.4084220242992,-0.0,-0.0,-705.3598961004105,-1333.0152942141506,-826.8083605606832,-456.1505380213515,-0.0,-2447.410607943643,-2563.5567889293657,-0.0,-0.0,-0.0,-0.0,-0.0,-1620.3467476946298,-0.0,-2512.8581083732684,-1454.5490744067686,-78.15911714767999,-0.0,-0.0,-0.0,-3008.261179900368,-1485.587484204991,-611.3813643791148,-528.03954429444,-1356.0251009307856,-708.0158471317042,-0.0,-0.0,-772.7158138715423,-1531.659988287383,-77.781408131305,-524.2670509877385,-0.0,-970.4668377301474,-739.785490673488,-2014.0189513826128,-0.0,-353.85899585269743,-146.49482624594364,-365.5980863406475,-1628.2757295135666,-327.18516826478003,-0.0,-0.0,-0.0,-0.0,125.24112165206508,-163.74890071593455,-988.5106401113619,-1680.4392973034014,-1264.6248862522998,-501.66972541762186,-652.7045443721038,-6607.464637418062,-922.5236419907344,-602.9522853970134,-0.0,-0.0,-0.0,-312.0040708921836,-445.78836171910984,-1401.0334000589569,-413.61976598684817,-0.0,38.058356850739955,-0.0,-0.0,-0.0,-0.0,-0.0,-0.0,-0.0,-112.08204377595206,1820.7179123132205,-0.0,-1674.1917356122983,-782.2600616151792,-471.2862361622692,-1838.7203190670123,-0.0,-0.0,-752.2983166798108,-767.9254600215547,-126.36149910841704,-146.67366019682734,-156.17216267463763,-693.210145536069,-177.45830204448302,-2084.023669936203,-396.4042577298375,-458.1872849925073,-0.0,-0.0,-1664.1274338650298,-3155.7684383739083,31.07501300365507,-578.4701304042785,-405.5875275985467,-1024.053026532074,-1401.197051388052,-844.8726330054396,-324.3458136639764,-184.88106136176606,-1432.4331586882574,-0.0,-0.0,-0.0,-0.0,-0.0,8818.27750507908,-80.8063906128077,-600.9229189266251,-759.5045259417666,-1207.5909394771897,-1328.000598594981,-1452.4271969481076,-1810.8657003408034,-2090.168052802669,-493.75901972624047,-0.0,-0.0,-1670.8732977938348,-0.0,-0.0,-345.12245995116524,-2168.950164485894,-1365.5868807510242,-549.4272276292264,-69.86844470258146,-1840.8586113056008,-0.0,-1593.8180671757698,-0.0,-0.0,-0.0,-0.0,-0.0,-0.0,-538.1002184189747,-1458.935492561746,-1183.1140625246696,-94.05137954953543,-273.0723247986483,-674.1848330981311,58.97111530853849,-0.0,-0.0,-638.4136197388633,-606.0832233270407,-4444.214025722199,-0.0,-1408.294071295925,287.61881338832944,148.7289051658773,-0.0,141.6329998977541,-220.18582544857898,-164.73579981237887,-505.1258207029384,-0.0,-1957.7245901167803,-0.0,-0.0,-1211.3487427179555,-0.0,2697.7333098060885,2624.5355136216663,2475.7721073616312,-0.0,-0.0,-2016.5398605251999,-0.0,-0.0,-386.1131663393909,-1031.9779119306918,-824.0006833795052,-1007.1367622934217,-1196.2576651775612,-0.0,-0.0,-0.0,-0.0,-815.488465348895,9.531804968813557,-60.379189214606875,-1157.3713355732896,-1113.2296970083828,-416.49710388804544,-1647.3886573804396,-0.0,-2332.477440409876,-1209.107735926185,-1578.2650542266867,-468.01916137182815,-432.911309551746,-0.0,-1434.8040421932012,-800.6355678418196,-978.9666780819823,-2369.608434198122,-633.5228061659051,1175.7093823767536,529.5854737536245,-366.2530769313408,-1389.478247927505,-0.0,-1941.398160240611,-3893.5680320694155,-493.8105344019197,-537.8222025967915,-0.0,-0.0,-0.0,235.88317700656603,-396.83791845501946,-583.1355929082188,-165.20620303106963,-529.8519847700478,-567.3223227768283,-0.0,-483.72353084681185,-1046.7197294629127,-818.5415259865366,-0.0,-2016.319153010226,-4884.323606847756,-0.0,-0.0,798.4563166254252,695.7341485649796,-0.0,-0.0,-722.9937453810459,-1036.1394226388354,-364.3970887684067,-753.8417330225274,-0.0,-0.0,-0.0,-0.0,-0.0,-3003.3023760821275,-480.46490872928183,-1817.10143335846,-1268.1507339138677,-0.0,-479.00232912456715,-449.12914662632767,-0.0,-247.74604470061266,-771.8617125455356,-1333.9580140900196,-4491.133545582222,-87.24148798810374,-0.0,-0.0,380.412384390132,874.4793609346127,-0.0,-0.0,-422.63019916897736,-0.0,-0.0,-0.0,-2839.8549928630396,-0.0,-599.9675625047547,-0.0,-0.0,1914.188517878862,2398.6317711421775,2287.165484132022,-0.0,-0.0,-514.6273032083153,954.7953153532585,-2893.295090109553,28.09366759763644,85.46919818677853,-2780.374768512316,-119.75396392809843,-222.92623833505883,-724.525201859182,1067.3845817844626,3675.860261062742,-3323.8771986741676,-0.0,-0.0,-1070.8646294114067,-1833.3502945807375,-1325.4871254826066,-263.71902118701365,-47.64341454766542,-0.0,-0.0,-0.0,-0.0,-2207.779776935158,340.866772009062,-0.0,-4.041884053110248,-0.0,-1835.6035588649308,-2278.7690527643226,210.8040074322475,-0.0,-0.0,-423.74328698858415,-0.0,-1871.6779237553017,-106.02585625326395,-1282.719619047115,-501.3482102526365,-1315.990681805364,-736.206409499234,-1271.297769529236,-766.3095752730372,-0.0,-0.0,-0.0,-129.31801721225662,-0.0,-0.0,-295.88555862264695,-422.68699506629974,-736.1037323429662,-0.0,-1527.2539418823624,-1180.9845273921792,-992.7182306958082,-8.203446111434376,-8.385103712894498,309.46653422325335,44.50292397809291,-0.0,-0.0,-13.813426479430994,-1978.7346503114302,-689.4988315245785,-1073.7710941255161,114.37606541041588,-2438.8878302819458,-2033.6274156173847,-1068.8824601266808,-1196.2234371534325,-50.48371457241219,-650.4416327251224,-789.6759111910151,-1409.0467833930243,-2275.573778764468,-0.0,-2277.183572285063,-169.48911830308052,-0.0,-2793.6313624899653,-2987.1033884232397,-2608.3221561065347,1715.1875706207218,-0.0,-1967.2327115604792,-256.27126950683606,-1386.4107659713466,-663.6503149592006,-133.28707541621483,-2459.7451693447492,121.03302053032797,1858.8466512307882,-0.0,-225.47671130020453,-456.33104220416175,-1212.5612794872627,-1315.949103784069,-1942.0262588817332,-4550.8211339291865,-0.0,-634.1947022582308,-1458.308733052025,-767.671211466254,-268.98384875761036,-30.92253189886648,-346.8017669700778,-0.0,-0.0,-0.0,-0.0,-366.9767643703429,-1410.6246106378967,-976.6947865582181,-71.15254058140647,-639.8867916247556,178.43196290314884,-0.0,-0.0,-967.4414307432763,-565.4254607269318,-0.0,-2381.08033716039,-105.17993662426777,-1442.6781173283823,-0.0,-225.82508828266336,-219.75216774521556,-0.0,-0.0,-511.6157106825963,-0.0,-0.0,-4587.609981637399,-213.78581654283784,-2776.270196528008,-0.0,-0.0,-121.87580573396407,-1648.8170091105312,-675.9854375186085,-417.19791325947,-1642.3617992311902,-0.0,-764.8518900905159,-0.0,-592.961816939329,-0.0,-0.0,-220.70387437343066,-92.62951265119199,12.368512181118566,-438.376485728617,-1579.7239518902131,-2332.6766243841485,-0.0,-0.0,-0.0,-27.824321308411477,-416.2067863830865,-0.0,-1804.5320555677192,-3212.345152335898,-0.0,-0.0,-63.114639813665704,-1794.4560163998167,130.5326162273335,-0.0,-0.0,-0.0,-0.0,-521.8869405048878,-2353.7738076678575,-227.43412025362582,-1523.4554486660288,-0.0,-0.0,-718.4144863463354,-528.5268208640633,-377.8670518376935,41.175743505269516,-0.0,-0.0,-0.0,-934.731230170376,-725.6153041602757,-561.1840758566893,-355.2479337262389,-0.0,-0.0,-0.0,-0.0,-2579.48628050369,-91.73070419924852,-26.185677934040005,-0.0,-0.0,-745.4174672567011,-404.0984874813952,-0.0,-2097.527865215991,-4968.8476392740295,116.90768792280568,-1302.565487207394,-0.0,-0.0,69.33410406834294,-556.3521511979254,-2024.4637727711252,-571.6783835204972,-3208.206200508665,-1393.4832919458202,-844.726035949062,-1583.6780641190428,-0.0,-0.0,-0.0,-40.52028041233438,-1387.8889544676842,-0.0,-0.0,-3332.832276027312,-89.01139277304202,-1546.766372156614,-858.1493142978372,-0.0,-0.0,-0.0,-0.0,-0.0,-0.0,-780.4902669031477,-0.0,-1742.6891527547475,-0.0,75.73852450043134,-1460.1085961239096,-0.0,-0.0,-0.0,-2456.6636295749013,-0.0,-0.0,-564.5977402134434,-0.0,-0.0,-1154.4879019530588,-636.4605925968166,-0.0,-0.0,-199.04473204878423,-2171.9631941087855,-0.0,-1219.2971739750844,-937.8193589163607,931.1014171840787,-209.12066451061995,-0.0,-624.104367284699,-2.4498231106547372,-0.0,-24.223866129761785,-0.0,-398.5386619482949,-0.0,-0.0,-0.0,-0.0,686.9227746265249,732.543070158421,-981.4499715049946,-1758.4631953991639,-0.0,85.57215444058123,-4.41350719354034,-92.6020221447003,-1020.5893233050695,137.84826899795328,-593.8053427262097,-449.6410632482556,-205.5535467861403,-3712.132939052363,-0.0,-255.87838989383948,-1968.033078216301,-2750.8256620399766,-0.0,-1247.482376892219,-1888.2651952423917,-2292.9775966147204,-823.9342654814678,-0.0,-1006.3095431757911,-805.3753872312881,-877.1970678671805,-1372.8788843006225,-1091.9311294178333,-0.0,-138.4821212682901,-1476.074567334026,-0.0,1312.2336507354335,-427.32306567949917,726.6446705986662,-0.0,-0.0,-108.24199689640601,-47.69046282156346,-2643.657089666161,-1017.3421986097412,-0.0,-1079.243793329476,-3473.0781411266894,-1011.3193713727495,-958.3368139048541,-1297.8277748568435,-439.537230073417,12.451178114761923,-44.46244107039796,-0.0,-0.0,-1070.5783234594312,-83.87959218885422,-0.0,-0.0,-2147.51412697992,-753.1379841774647,-681.9280938116059,-2129.161691085989,-106.38818817715656,-19.760292480399055,-2869.8768694207424,-990.6699464478573,-685.2328213469501,-1155.1542509303833,-0.0,-2434.6435324844947,-485.33178025426605,-1439.8921748568896,-1795.4201387655182,-424.39238144907216,-587.1198304596043,-1903.6893098404132,-524.0950744348012,-0.0,-0.0,-0.0,-1491.0448311060154,-0.0,-3762.961965249396,-1314.2213910953283,-1647.2158421563997,-0.0,-0.0,-0.0,-0.0,-0.0,-147.128782904915,-0.0,-268.4224911708195,-1044.3275456068352,-410.56849353274384,-0.0,-0.0,11.96513863155342,-0.0,-0.0,45.17109285895716,-321.2564310604894,-0.0,-602.4146323317053,-0.0,-0.0,-93.20250255214039,-12.850357783175905,-2849.960099684592,-2473.8928132660917,49.008450240166304,-7025.016649366897,-1000.0568006473931,-642.9807619617327,-0.0,-862.0368660899076,-1526.9958387517024,-0.0,-0.0,-0.0,31.823354708499746,-0.0,-1570.5247778054156,-0.0,-1569.7857187988018,-0.0,-0.0,-2598.983307415495,-408.6405361656714,-699.5417170661236,-0.0,-0.0,-0.0,-0.0,-302.2739756898339,-689.0860432455776,1380.499270489258,1104.391174326109,-773.525126758652,-9.485368603194775,-0.0,-326.85543560167156,-355.6317551948637,-1917.9020913968823,-608.7130817953083,-129.4295299729664,-1126.3775543231673,-1564.5828251730954,-1017.8234570582697,-673.4456623048578,-0.0,-0.0,-0.0,-79.13236062646347,-0.0,-1871.911952081915,-731.2553051914496,-0.0,-1988.0346777078166,-1236.998699057038,-0.0,-0.0,-0.0,-0.0,-0.0,-1116.9964002841214,-0.0,-309.940705038462,-1832.933546281214,-0.0,-1172.3368677248338,-0.0,-0.0,-0.0,-2889.8755821856676,-1423.1365052383173,-1064.400066639968,-2513.633643193254,-0.0,-0.0,-0.0,-89.63427866773056,-552.3427309999071,4.14382327650783,-451.9048037002883,-323.5079199511159,-0.0,-0.0,-371.52497174235157,-1677.4378213028508,-3807.3424220419674,-0.0,-479.45961592321424,-1343.7178769070742,-461.84868084116863,-525.3611613289733,-0.0,-0.0,-0.0,-1941.7321479287023,-1888.4278253859618,-44.23408960865389,-1851.171918055812,-628.8731694862216,-448.7824276390113,-8.43374357688537,-1357.3386136110212,-0.0,-2200.582238334403,-0.0,-514.557442510855,-0.0,99.85897210547317,-0.0,-0.0,-611.3355887653887,-979.9135359785877,-8.859537770856843,-0.0,1301.8002928077167,-0.0,-0.0,-2005.4762544285381,-1800.353797953757,-1192.0299452144436,-0.0,-453.3769409970985,-746.7941343815935,-1684.9666387124919,-0.0,-0.0,121.45005929805059,-812.103191372846,-0.0,-0.0,4.591242261415626,695.5196243280475,12.064015328172497,-1615.60564337295,-0.0,-0.0,-1820.9039552347574,-1868.5511293670654,-89.4107689675246,-0.0,-179.99807875868404,-829.6884625720023,-1106.473694701042,-1890.5918362876894,-0.0,-1035.9615627348721,-7.019069751346094,-0.0,-1733.870098379381,-0.0,-0.0,-0.0,-0.0,-726.3696790994553,4.367509129061431,-17.217488796512963,-0.0,-0.0,-620.6676233427027,-0.0,-0.0,790.2459613559022,-1185.6153557977761,-49.40236071064533,-2359.1820452618576,-0.0,-0.0,-595.9163021377145,-0.0,-330.5632427608591,-1307.294157431748,-1135.0758497288275,-1158.5996260046113,-0.0,-0.0,1552.1255357859409,-0.0,940.7662725856208,1040.104582460226,-42.85921641797399,-867.1951336920974,-0.0,-0.0,-122.83425721457667,230.91795934203142,-884.4721176922831,-409.1626085064114,-1269.0378107255988,-2897.3650950668125,-2212.7783974095832,-0.0,-0.0,-285.65738084226746,-6148.60523093149,-617.232307890159,-561.5954569335235,-0.0,-0.0,-630.7328437416797,-0.0,-1074.0154746314245,-1542.4841208771475,-719.9638019052178,-0.0,-0.0,-57.37249848145268,-0.0,-171.0676338462555,-1355.5262472615498,33.53541833522678,-766.0726648287443,-506.4991338627234,-269.97028900764855,-760.5522316868237,-2723.053089406112,-16.31591014645129,-1324.2567365890832,46.86955429258556,-1176.3997448639434,-293.29588502749885,-0.0,-0.0,-220.81696804491338,-0.0,-0.0,-1890.5354617376659,-696.743968338535,-0.0,-838.8640821509975,-620.2503600181517,-0.0,-0.0,-1740.7699468612282,-854.8870739701941,-1594.7408648426745,-1646.9650863403583,-0.0,-107.07648260686175,-3091.198947296084,-1046.487517915572,-343.7057771779332,1788.184057777387,-1885.6958952986179,-1402.627150725448,4.056363843646204,-914.4682256907333,8.498622285642057,-1971.563746297769,-0.0,-3458.8544750197884,-874.9590419654593,-0.0,-1891.4644256076017,-1649.3388522322723,-0.0,-218.59497458402373,-916.5064853626287,-1092.7049984224168,-1683.0890860153559,-835.1713382822841,-509.25555191064825,-631.1574740703624,-0.0,-166.88498735451503,-0.0,-2771.667184116607,17.37687341853952,-3620.2888242440868,-866.9492776517674,-46.873036950744805,-46.625813509994636,-1487.9006166835923,-1035.8509119126054,-0.0,-523.4073210663099,-0.0,-0.0,-718.695693986409,-0.0,-0.0,-0.0,-0.0,-0.0,-0.0,-0.0,-811.7251761788198,-514.8040633540512,-2829.507493451,-2829.3847782146313,-0.0,-0.0,-1306.9937832619792,-2122.9103471611143,-525.5709815201704,-222.76037506346267,25.647224124144483,-0.0,-1472.0356328518978,-0.0,-2684.215764585756,-0.0,-0.0,-0.0,-0.0,-2002.2154897095033,-252.12869738089503,-562.8015659670305,-1242.2552664107714,-1349.1656259820463,-1136.176405749048,-799.6263670741133,-1304.7778840047094,-0.0,-0.0,-0.0,-0.0,-695.7351158175924,-476.40884183615805,-1601.2650373956576,-0.0,-791.0600343610281,-5882.067763048842,-694.1961259592979,-850.7904474714469,-3669.413580915957,-811.652585785295,-0.0,-552.0478727955324,-553.1873985565197,-1239.890522311663,-726.6376317303755,-1699.2412398153565,-1783.4965813302897,-0.0,-0.0,-0.0,-0.0,-1621.064688049272,9463.110605114234,7032.8775472242605,-0.0,-0.0,-0.0,-0.0,-2293.1651832265684,-1069.5768542144679,-79.7118024486766,-1643.1482293897789,-826.7359854057725,-0.0,-0.0,-0.0,-0.0,-828.4529485791282,-0.0,-1871.7564450892028,-284.7589425699801,-0.0,-0.0,-0.0,-0.0,-119.89145056601771,-520.555606286573,-463.8415592509904,-939.6323256895694,-1046.851656396573,-1250.5406889701335,-1026.7935008395098,-348.75882373771555,-1519.5272949344164,-1806.681184541203,-1258.740284930427,-1795.067975312149,-41.07571687894217,-1367.1395114940162,-1038.6149383333666,-970.3512630351944,-1654.616807143497,-335.6550274711256,-2820.824642040878,-1829.28976931926,-1980.0619274821436,-664.6223017798321,-568.323962395053,-1308.5916008493696,-0.0,-1056.2193603657147,-0.0,-3525.562628395806,-980.4510452886516,-349.5244776609566,-1777.7614074397852,-1636.6553543376938,-1235.152781968326,-0.0,-0.0,-0.0,-0.0,-897.824386469887,-3417.211309073036,-1856.6829876518323,-0.0,-0.0,-1097.7203256774465,-0.0,-0.0,-1220.9351028450412,-502.81191620895777,-1025.8993241076994,-574.0415243600511,579.2936938797734,-1228.4438607218744,-689.024125148092,-1846.8913298512437,-0.0,1439.4149284937687,-0.0,-0.0,-1116.0789207240505,-5491.106038710568,-0.0,1589.0427261624948,365.6637821316894,-811.4956246229523,-252.87352644257206,-0.0,-1878.7035229517367,-1107.3613019511358,-2523.846491362695,-2199.8859987114115,-392.9250360470281,-0.0,-554.55612549581,-204.34475478987895,-0.0,-1277.6866301451964,-0.0,-1922.9763786105755,-2719.6882298145165,72.80685840936604,-2517.3231340750767,-2109.3009866633747,-0.0,-572.0021892203376,-1453.2224594296401,-2438.0404748047754,-0.0,-443.0457383579702,-2670.6413464384414,-1005.541133704107,-885.3989104258568,-1038.850278178729,-452.43594647142754,-943.5851377694551,-1626.3745958406164,-0.0,-1050.3778459504688,117.87419994217923,-1317.3246763872066,-0.0,-546.5283415384864,107.94078275009524,-1134.9289974663968,-692.3566072911555,-0.0,-571.5761180991644,-444.7565101772321,-1951.8081352154704,-1245.556462999481,-1800.3462584661247,-950.3447301618933,-754.038050308916,-1083.9480445311551,-2101.573340367273,-24.663015070852996,-0.0,-517.2297191547183,-728.8180935964192,-1416.2359995121524,-2232.7803016897574,-366.540106620082,-750.3671387632498,71.91989444372103,-1001.0050685106927,-1268.8553732931432,-977.1441610194682,-0.0,-966.6293531717604,-62.15670952717786,-2600.094915540637,-0.0,-483.33621047800557,-962.8116609493949,-552.07476030959,-2673.1638614608482,-195.33884528173618,-1713.2095646046955,-810.4152296084073,-2639.896846837231,-0.0,342.5931761895711,-0.0,-0.0,-343.7810571648526,-0.0,-0.0,-4078.595345837965,-33.23612409960529,-44.87237189126651,99.57825353847325,-1493.966008513906,-0.0,-0.0,-0.0,-0.0,-0.0,-33.330580907803366,-0.0,-367.26270612994296,-0.0,-356.61477865980095,-1782.1977540141672,586.0680402440772,-2959.5341678714917,-0.0,-0.0,-0.0,-0.0,-0.0,-0.0,-0.0,-0.0,-0.0,-2971.6936197424916,-0.0,-3051.384467088943,-3154.0332357661855,-40.614189098921706,-0.0,-0.0,-0.0,-0.0,-949.7686524231458,-1163.790330108653,-0.0,161.85409068007925,-676.092813752498,-2202.507287176047,-706.4303095566576,-0.0,-616.0690882424544,-1066.9479210643947,-0.0,-0.0,-694.8099642523359,-873.301599629903,699.5163927887039,-555.5380922990846,29.324889807036463,31.089725297600424,-0.0,-0.0,-0.0,1863.3629116558695,1459.554425116099,1595.9320095758467,-0.0,-0.0,-0.0,-829.3435799279154,-0.0,-0.0,-951.1805996018822,-81.16840554330206,-452.2952991658536,-62.45415426527696,-1192.6595811213504,-832.7627476833551,-1416.9585718771812,-140.6236988801521,-290.033603772577,-1246.8034945947586,-0.0,-2500.0329602753905,-16.58505261546744,-995.9925597884446,-912.6897939991103,-18.221095920726125,-0.0,-1293.5189782293808,66.99131711641517,-0.0,-0.0,-0.0,-0.0,-0.0,-1561.0301393301415,-3810.6286618346544,-0.0,-725.2934542639053,-67.15797982265357,-0.0,-0.0,-0.0,-502.0878546509417,-27.94588884203906,-0.0,-1371.9649107344446,-746.1211903715591,-0.0,-0.0,-587.7923484339811,-0.0,-0.0,-1813.7173719500017,-1605.4487987060672,-0.0,-928.4024253116455,-2229.987528106101,-87.07289221440789,-0.0,-0.0,-285.7331442131254,-881.5234811039386,-264.304240360367,-201.5171822922053,-157.36242560226162,-0.0,-0.0,-0.0,-1332.7987451643287,-1155.978973017158,-2365.5597112962223,-312.0323570303955,-1448.7447819817614,-118.44727071907457,-184.69758671793832,-545.1659096724791,-2020.491959231381,-0.0,-0.0,-1698.395314893654,-1900.878435260954,-0.0,-0.0,-0.0,-660.248637934888,-2148.9458926188017,-3703.587614383554,-0.0,58.637050369400995,-206.52966690393256,-712.0575542247266,-656.2060007086061,-2179.6550610061995,-0.0,-1675.3739425196848,56.28343977693798,9.31316770640768,-290.3085732135041,-0.0,83.40750968894052,-303.27780776325477,-505.0070360639256,9.065413181549031,-0.0,-0.0,-822.5084050894401,-12.767206448405163,-0.0,-1498.6701466477557,-1029.389298718341,-1322.9565356194903,-892.2981005324463,-1375.646569425501,-1674.8182108224978,-0.0,-0.0,-0.0,-0.0,-0.0,-407.38290284941166,-679.2881442811962,-1330.7364651681064,-1429.9040280772404,812.4525855249454,-1634.3047839373094,1819.8307177475115,-0.0,-2342.8134585445528,-1835.8228839782003,-871.9991573229091,-34.33501238145299,-118.8595988255783,-2405.1940751343723,-239.9259433068514,-0.0,158.2918095622163,-1042.0953372521913,-0.0,-0.0,-612.3715545003193,-415.03831006505317,-462.1851085152323,-1321.1967940032034,-1725.9476779956892,-0.0,-1644.3481956042262,-1368.4997810212758,-5003.387306342292,694.1353106899146,585.9583628420448,765.9602225141571,699.3815233437087,-0.0,-0.0,-0.0,-0.0,-0.0,-0.0,-0.0,-0.0,-635.4194309093019,-0.0,-52.26771704224626,-47.309607537796644,-0.0,-1199.6785895229102,-1433.5341329611254,-2109.952906668869,-0.0,-0.0,-0.0,68.31949570624083,-3540.0737681517253,-687.4991118056959,-2981.5997131683553,-1920.5683468848827,-0.0,-0.0,-177.78171962386,-1392.305298897941,-0.0,-2460.2591472677823,-755.5779241016221,-0.0,-0.0,-0.0,-2313.374879021556,-0.0,-0.0,-0.0,-0.0,-0.0,388.7344897424503,-0.0,-0.0,-0.0,-1044.5759112501264,-0.0,-0.0,-0.0,-0.0,-0.0,-0.0,-0.0,-553.8147412482951,-1094.7565806261912,-1486.0387532257043,-1723.9981276625879,-621.1159503624895,-1213.3976088919067,-37.5661723966919,-0.0,-693.5979792834538,-50.16854269876742,-0.0,-0.0,-0.0,-0.0,-890.3102602314841,-0.0,-594.3835291427358,-1436.5402059286946,867.5874046109394,707.1293314740436,874.1452806052283,764.4304161957053,794.8795891905598,-0.0,-0.0,-0.0,-0.0,-0.0,-0.0,-454.5457961375573,-0.0,2283.8980492939413,1070.1779656017445,1256.5777120895473,-0.0,-0.0,-1424.8172494706312,85.53902296338275,-65.27059566000308,-2451.1609134449086,-0.0,-1830.3778075455295,-0.0,-0.0,-0.0,-0.0,-616.4716351785828,-0.0,-642.9111719376128,-639.3379694781747,-367.08482600306456,-0.0,-15.739802523589265,-0.0,-884.4318863618196,-0.0,-2512.716257946443,-608.2002431053334,1806.4484243810912,-2273.849511812432,-931.3255256909255,-79.68927193190444,-913.1730886643888,-0.0,-602.1663753510669,-84.14625308225078,-2554.279754771346,592.6717475873559,100.44544223739585,638.7812876210611,1308.7153565923563,-0.0,-296.53301063531563,-27.938713031012494,-1315.4083271543357,-1104.8556630854216,-1563.6178223060863,-1927.059381213109,-0.0,795.0676919150515,-0.0,-438.2405389493501,-2917.47467499759,-1300.404517689091,-0.0,-1556.2047254896045,-453.07376580195535,-657.4019321132561,-722.4039964718498,-335.66378244935333,-1475.227985229641,-0.0,-2102.594647542573,-481.34069618630303,-1532.9331278684929,-365.37104973872823,-0.0,-0.0,-0.0,-0.0,-1298.4860884473344,1163.3010875052578,-1123.2706219711692,-766.75597134482,-0.0,31.846311540329282,-0.0,-0.0,-873.8855313350239,-727.307632057589,-758.3975523126549,-764.551170964509,-0.0,-0.0,315.5397860494849,288.45147683647707,640.4522791216863,-0.0,-633.7160541563615,-1999.1521733731704,-1357.7584778125297,-4.497938618539971,-1688.6248281590094,-0.0,-0.0,-0.0,-604.157677977615,-1043.9124130067212,-0.0,-1480.1684203444654,-0.0,-3003.5295326825,-4100.052384452718,-0.0,-23.724824668744464,-0.0,-833.829437283157,-0.0,-0.0,-0.0,-2220.048886852425,-1086.6177505420587,-646.8103108179271,-845.4902088346124,-0.0,-0.0,-2442.9826268134375,-0.0,-618.6711140271043,1124.8415024842732,-1110.5573414055023,-857.4638655757218,-653.601797916879,140.26956524387273,-0.0,-0.0,-1411.7857546886048,-0.0,-771.2828704390357,-79.09507232040853,-413.5503982573741,-337.94693112908476,-0.0,-0.0,-237.2082169121578,-721.6305084277307,-1119.863456881674,-606.3097971850265,-1131.816900401336,12.185704558989025,-0.0,-140.81183572796513,-2013.9302878783078,-1305.3806765210427,-0.0,-0.0,-0.0,-621.5837334307282,-633.5763777934608,-1445.5679702914024,-0.0,-0.0,-0.0,-0.0,-0.0,-1599.0285852192844,-758.0905393873172,-0.0,-591.8742660167742,-0.0,-18992.11158839125,-839.2008014437251,-130.6785581367124,-746.4191085374657,-0.0,78.583159543608,-1260.2603302402276,-2617.2844476284963,-0.0,-0.0,-0.0,-807.5215668578717,-504.2537920039946,-1065.361498277266,-1006.1406449618829,-567.6631780895855,-0.0,-0.0,-1742.940790052416,-598.496107486091,-2477.967768960612,552.924682337751,-2265.6032783741275,-0.0,-0.0,1856.987310343446,-1647.0177264237127,-0.0,-230.28212727895308,-397.90072198095913,-692.8230974064363,30.400747257352428,-807.5384338319757,-0.0,-0.0,-1277.2619497670335,-1519.08650802274,-3104.82312998491,-0.0,-0.0,-2394.600781645955,-856.3940671576503,-918.231854501776,-2482.5325729328033,-1666.3998945634523,-0.0,-0.0,-1196.7857184147144,-0.0,-80.9158562619686,-1649.411805783571,-1777.6133918628443,-0.0,217.83445308232683,-795.7070583129494,661.7013887869231,-258.20639037477616,-262.57529231520596,-0.0,-486.8503638724936,276.3667992358125,353.4450090599564,-412.72830151780715,-2588.930617811405,-2036.2570262551656,-88.38323932890073,-5176.150904441329,-692.7624020560784,-1195.3212623560391,-51.767722443987324,-3740.196756978927,-361.597241140171,-711.0468664765492,-286.45132885522645,-1984.0039070663024,-1137.9836608423423,-3427.7681110157064,-5911.328838533641,-88.58634379711073,-726.8178516360707,-1596.5769524975228,-1300.727964712368,-0.0,-3511.0853384312304,-0.0,-313.6293104426164,-1847.1988058037707,-1300.5385713586386,-0.0,-0.0,-958.3907387942908,-266.955140897074,-0.0,-1526.326303305799,-0.0,-800.2016934246867,525.1917082868753,-2420.6910308410684,-508.55599139230725,25.109317192155196,-14.034102202696655,-0.0,-2168.1872487990863,-618.4599909723997,-0.0,-145.93931116780138,-0.0,88.07570922179741,-172.86436954764474,-0.0,-433.05197297954555,-1471.6627260148286,-466.9206255698512,-954.2094914987955,-2072.9492776000516,-0.0,-3907.1873579609614,-1849.5531195359376,-2981.708244737429,-2476.0286840540853,-89.91137431573932,-252.51464525074138,-608.2405025001242,-1424.544240999715,-0.0,-0.0,-1251.179970129308,-196.46227010460564,-0.0,-89.59506954683766,89.64029683414381,-2366.8698420058545,-0.0,-0.0,-1239.97539875636,-0.0,-94.19761230427888,-0.0,-55.427013064504386,-166.6901045115632,-0.0,-419.62354116818085,5754.631080447297,-0.0,-0.0,-2807.4535805061178,-738.4643413363561,-245.6584973064129,-0.0,-0.0,-0.0,-611.1116878996228,-2208.7000135937305,-0.0,-0.0,-0.0,-2173.1404966640785,-0.0,-0.0,-0.0,-1595.6710543649597,-834.6601779866974,-316.6723259902027,-450.95937481286495,27.92042252993809,-717.9148887900951,-410.30119956037714,-205.68253366750807,-2526.1172444730314,-0.0,-0.0,-1288.0931893528311,-863.9352912850595,-2707.6836203060825,-0.0,-0.0,-2477.122403627382,-727.3514519903597,-1391.9730833528104,-401.44594812779434,-694.0848207586635,-2106.0002410382617,-840.2662776511069,-83.04392776238399,-929.6525873931873,-2287.23233433634,-1642.605941274785,-1356.8384054728047,-0.0,-592.7845803294683,-0.0,-1905.060809815323,-404.0733309883133,-211.25075019899188,-754.7735058146745,-769.5845047443837,-12.609509042125788,-0.0,-1152.3433894576324,-611.5171260953475,-47.70576652088579,1542.2207890318928,-81.17451648489393,-0.0,-760.2265559906418,-536.4330750927004,-0.0,-795.2946712990148,-1688.9204881798616,-0.0,-0.0,-0.0,-0.0,-468.28361813587856,-943.2095082163734,-371.5666601839003,-520.9157464106073,-376.89774149547077,-1725.1205757087698,-784.2852932472591,-1344.9191799103273,-2778.984695182855,-1881.1982036977197,-0.0,1055.042158831925,1008.1214803865151,627.4439159506514,847.6001295831669,439.16423166118767,-0.0,-0.0,-0.0,-0.0,-0.0,-0.0,-0.0,-0.0,-59.498081884594235,-909.7361629269259,-530.3034571759707,-288.5273253329251,-1153.5723978076148,-109.51792338652189,-375.49161731835034,-1229.3168249623548,-285.5614892337267,-2057.584058363252,-874.3621754066781,-81.41790567790991,-411.99221418310725,-28.14898850080695,-0.0,-567.0608241806567,-169.9851638798713,-251.00027884861657,-816.3776616686096,-312.4280101911129,-1714.17741602944,-332.10184179975124,-0.0,-0.0,-2133.463991220959,-549.764851737053,-365.9420878816937,-529.7809217476524,-1050.9506430179933,-435.44950701188407,-410.9649148402059,-0.0,-727.5705027078104,-829.413581495333,-739.6749529412873,336.06396539144095,-1474.884614089219,-2121.194091355974,-203.11816773836748,-780.3082123668103,-792.9039356655638,-13.456446107477602,-0.0,585.7691559352176,-875.1244481664615,-36.64367095277843,-2060.942290129173,-0.0,-0.0,-1209.2444433767944,-486.4702621985122,-0.0,-569.8972619377938,-705.0730779372188,-861.3268704685347,-0.0,-746.5163134587831,-541.674121984933,-2294.9726151205837,-4539.9405445733155,-421.8639369296761,-0.0,-95.41554080683525,-442.79978767246166,-1721.7635907956005,-239.46391894570195,-604.0943259518832,-796.3261692423938,-745.3902138077087,-355.1211482552833,-0.0,-0.0,-1712.3224996538734,-125.89454523820088,-460.878372883525,-774.0084913744778,-1295.7012139645185,-2698.746090925994,-0.0,-576.1019874398712,-0.0,-0.0,-0.0,-0.0,-0.0,-31.039952426185142,-174.0364622746517,-378.53789883749846,-0.0,-0.0,-0.0,-0.0,-0.0,-0.0,-1044.4683502145017,-2153.97988827266,-408.27409844749053,-576.3884333711281,-40.61703869405135,-0.0,-0.0,-413.2505503423534,-0.0,-0.0,-134.18128364361672,-3079.032205405839,-0.0,-0.0,-1649.0081332842553,-611.3186532861125,-1084.0990786265045,-1134.9017180314013,-672.8154075423047,-0.0,-0.0,-1240.9348665717996,-2022.3341853593686,-940.506265698247,-0.0,-1148.4089329574733,-0.0,-400.0940254489027,-805.2217666292131,-0.0,-742.6212982314141,-1996.1564201811543,-0.0,-1851.3109267557386,-188.1919742676236,-571.3319085268245,-1400.7043559123806,-201.4198303714467,-1301.334864717639,-0.0,-1154.2444212958733,-28.535256099862266,-2068.0759789454955,-2009.740530023942,-0.0,-0.0,-0.0,-0.0,-751.5820478744814,-794.7990825300956,-0.0,28.07571595450503,-392.2607008980829,-819.0683654129448,-2297.619113729431,-2452.368221125139,-405.15386496675137,-0.0,-1361.5163197739728,-795.3517287394137,-2028.160574605503,150.79355488304174,-0.0,-3873.409239915454,-681.1583699689137,-0.0,-494.44170416696096,-1630.8829185101672,-0.0,-0.0,-563.820376736269,-1368.7648468023174,-0.0,-1053.0253622903356,-1363.1231294775562,-43.22955220325192,-87.5188033264149,-558.7689448211875,-0.0,-1539.5954279590392,-2720.3368813786574,-1280.3638391451138,-171.0821884764681,-2197.305738673958,129.69923937359246,-988.2143807189611,-572.03855921724,144.1116205839981,-912.7066457314755,-1544.7929192014299,-873.9836474698488,-1593.095516643794,-473.96038561140216,-624.9428840252449,-742.7923588506777,-1747.9022914707664,-0.0,-0.0,-1940.4768372185285,-348.4083844934651,-0.0,-1567.2242294828443,-1231.4918716171046,-0.0,-3049.4735622134535,-583.6360496718119,-0.0,-747.3519177919866,-0.0,-0.0,-1193.987305555032,-1258.41547759874,-0.0,-0.0,-0.0,-909.3746338377892,-4.759957233714365,20.80130340441506,-262.3094042256617,-0.0,-2206.515515363199,-1741.9725345222114,-592.3088612856355,-2191.9314026211355,-0.0,-59.46175970604682,-933.5413414977648,-0.0,-449.4935912468663,89.94535691852488,-1554.1914806265827,-1023.3194226353284,-746.8685863981419,-1315.8631505036697,-0.0,-0.0,-0.0,-810.4094604621499,-0.0,-430.82912030448045,-990.9378916596556,-222.749611738211,-1222.36988152008,-2041.8405178662729,-537.4526662660251,-1992.6565709909592,-0.0,-1186.8971549932564,-727.5215520066846,-566.2218318181137,-1217.4271151771904,-339.3512863130843,-550.7490110807368,-1388.4322717422901,-0.0,-0.0,277.78256684621454,-2956.1014247948315,-1054.9495603328483,-295.2275879457849,-0.0,-333.48360464591383,-525.4841765512466,-747.509209328067,-0.0,-0.0,-892.5706801432945,-0.0,-23.66384762735916,130.3653751904794,-138.41807282657555,-2223.062299130983,541.1656138561617,563.8665114486744,473.8183501874629,629.8987371519027,50.33513656856207,-0.0,-666.0899962920431,-799.8140866379936,-382.82666727745425,-10.480322245570031,-0.0,-0.0,-0.0,-200.80506354911233,-12.960689980698488,-1125.793258149378,540.4337749904438,2555.2760709867794,-0.0,-0.0,-0.0,73.74854659257494,87.5922767541357,-0.0,-3245.2539521217564,-0.0,-0.0,-0.0,-0.0,-0.0,-2362.778402081772,-295.85804437904113,-0.0,-453.320271910688,-2120.08678475195,-177.36521708552274,-345.3668083572755,32.661577416739846,-1999.2856336136808,-3979.735242627214,-1764.1724834862825,-0.0,-0.0,-1730.797906726462,-1072.6980658513428,-763.2932485317658,-506.86322665645923,-358.03613262030126,-1029.953128248539,-1062.6284327288283,-5199.8277217653895,-635.1005550081645,163.33466401952364,-819.4088010787309,-972.7443058376207,-683.8862193230891,-674.4914424043553,-8.101988043462775,-2010.0053678262504,-862.5668617887796,-576.2730410901722,-0.0,-0.0,-0.0,-0.0,-264.96118990631334,-1281.8446000906595,-0.0,-1390.790294050765,-1475.0735147124506,-0.0,-0.0,-1536.1954399147241,-0.0,-0.0,-251.55689352180093,60.3831025304372,-0.0,-0.0,-3115.29207971879,-1216.31204462096,-118.55891492646656,-1049.7206240696069,-1284.025417020046,-0.0,-335.45349431784365,-516.8971063718775,-0.0,-1616.9365736057744,-382.98429352095303,-1080.317922126414,195.37420445757164,-897.7498493105023,-239.04215539305306,-248.29211734939648,-57.80343241920561,-40.14370375769,-667.3131555086956,-854.5580796445412,-468.63901104900106,-868.5808215841114,-0.0,-58.823514743307854,-773.0552009250684,-185.04377956320158,4.461622759270679,-0.0,-1236.5100545282996,25.162700825222103,-1169.6497343626004,-0.0,-0.0,-0.0,-2080.2594714386983,-0.0,-0.0,-91.60498392039176,-0.0,-0.0,-0.0,-0.0,-0.0,-0.0,-694.980922971765,-1462.664460484022,-0.0,-0.0,-0.0,-0.0,-1017.9330074875147,-543.7030648554603,-0.0,-0.0,-1976.9844985782229,-0.0,-1437.894949073379,-2887.446637919795,-0.0,-0.0,-0.0,-563.4841512043591,-0.0,-0.0,-0.0,-1082.2178027872542,-738.7955637957587,-712.6834215431037,-0.0,-0.0,-254.43779572101693,-0.0,-4188.003940480588,-6023.611739351288,-0.0,15.981419117325137,-0.0,-603.4842910688559,-807.930161287047,-2010.4817250170306,-0.0,-0.0,-114.01201641711494,-761.5469227016617,-1478.0349129597696,-718.3572338586018,-428.1821149640912,-0.0,-0.0,-1142.7125252885935,-1174.5459245133457,-49.47161246805692,-0.0,-0.0,-739.0304748928863,-393.18714600843623,-89.44831266426208,-0.0,-0.0,-0.0,-2247.6432631890593,-414.0188213856191,-1397.5412397021285,-4515.947668147863,-0.0,-927.5291311565584,-1204.1208150981772,-2490.218353451483,-313.6094100957866,-0.0,-0.0,254.2463167074828,-1273.8308298380173,-1772.2944776816887,-528.796971245352,-138.36824735797046,-27.94600960169195,-1985.4683428918393,-494.5088649782218,-1752.3416110045628,-730.3766772450234,-2495.218452404444,4.011091512616014,-1011.0451361925146,-822.0248260490861,-2132.8604170148487,-0.0,-0.0,-835.9516397210388,-1865.9875491939176,-1950.2161909084634,-1078.1021543784927,-0.0,563.0685116688072,-67.6425636885158,-501.41490736659864,-0.0,-23.991233730760015,-0.0,-2994.5750001330593,-63.00461711181479,-0.0,-0.0,-826.1523486618921,-1162.611816425685,-908.8628460598248,-319.741187166673,-697.2561935140291,12.340262770546651,235.20855499296073,-861.1611361877475,-28.12867576751035,-1631.5722202979518,-0.0,-1726.1423766466326,-119.38057068404378,-696.2464945020361,-385.2136453268411,-24.278732104758923,-46.57110972814392,-23.541830920469668,-1402.6079335204088,-1015.3194077748714,-1502.9859328824102,-255.0667721648708,-1451.3653240660674,4.748671308277665,-0.0,-792.7626334648568,-3139.358018637195,-0.0,-0.0,-27.59825917890875,-2134.684731472674,-224.2329553525252,-690.0111427533559,-402.0973943712153,177.15859166645365,-0.0,-0.0,-1296.4328766679089,-0.0,-0.0,-2101.085820546371,-1790.9984590640418,-971.7214341873037,-865.1181111878599,-602.9496872555861,-1023.9739659909688,-822.3345958870273,-1279.9595211403146,-2684.841607076993,-0.0,-0.0,-0.0,-0.0,-313.2986737850788,-0.0,-2098.122317879358,-655.9817312183145,-863.7702626318292,-1050.0431958622135,-548.2039099707356,-0.0,-1756.285677491069,-630.259990734479,-0.0,-2742.2359678196344,-1519.8492871205199,-0.0,-0.0,-3033.4406784622206,-2148.8315053360543,-425.0495219238691,-857.1258007308573,-0.0,-494.9416946205134,-380.58045351968536,-0.0,-666.2252211950557,-559.6522983979017,-576.7096062275285,-0.0,-0.0,-0.0,-0.0,-454.2213851876065,-1359.2083164486403,-6355.653460574747,-0.0,-0.0,-778.8857038466986,-825.6338922901023,-2124.67504194472,-671.1782865443419,8.025398165331003,-568.759129752047,-0.0,-771.8160354506472,-603.0811836333551,-0.0,-502.936246594401,-1224.216292847916,-0.0,-0.0,-0.0,-0.0,-0.0,43.56419256436058,-2295.538453937723,-0.0,-1336.1108492165235,-957.9163155272928,-4.655961124756027,-2146.561953371923,-901.617815386457,-1108.5647216974867,-1386.6583291251548,-84.50897978082058,-129.30128011745504,-1310.1414212454447,-907.5185122140185,-697.0746343099148,-0.0,-1679.546260153303,-1306.5262772691026,232.97721699121198,-0.0,-634.4380197559266,-845.3520685430278,-1003.388372326738,-82.59852382191706,-0.0,-282.6795520017097,-0.0,-0.0,-2540.953709005721,-2428.3689361416664,-2067.638499425287,-1719.8252108549348,-0.0,-1134.4552399823065,-2070.8495533750993,-0.0,-5636.124142358324,-0.0,-0.0,-0.0,-0.0,-1008.9712279613303,-2485.0363889122928,-2527.3971925877618,-101.652883739393,-2220.313641112488,-0.0,-1052.7932019444568,-36.06244647958522,-0.0,-71.51788310535487,-598.3519998710107,608.8286448647613,-0.0,-458.5388502214517,-48.060968069335594,-0.0,-1485.798251495667,-0.0,-2072.23641063877,-163.8608933781875,-0.0,-0.0,-1157.6006423221045,-1921.1927801721886,-1130.3809445102781,-1217.5512496076892,-1475.020874584314,1623.3211457195835,-52.48932454472122,-910.2994704876013,-36.52416939226977,-2235.523736763906,-957.6936827531767,-895.6206809779793,-472.64766061578587,-1743.1589356524298,-1805.363847100454,-441.2021349035129,-2650.5833859685654,-378.78280119016415,-0.0,-0.0,-56.890619058722926,-0.0,-0.0,-0.0,-0.0,-0.0,-0.0,-1589.8505314819058,-664.8204061461039,-1401.5325686090885,-939.5863017111476,-0.0,-722.7485495204335,-1435.400397556114,-1267.8562075398715,-2133.111292308122,-1333.701890275528,-90.13038880348698,-189.15613339112176,-1130.657471844146,-1590.8627189069744,-0.0,-0.0,-0.0,-75.86038094983506,-936.0979080809851,-183.03912753379285,-565.5578616704031,-1125.9197585390525,-0.0,-0.0,-0.0,-4246.509241973436,-0.0,-141.55463975936993,-0.0,-238.64455371950876,-1379.0146836925992,-1272.7740714113115,-872.5893656614779,-0.0,-44.98919973217415,-655.0872779158508,-709.331352912693,-581.6733112352662,-0.0,-1152.58253686639,-0.0,-0.0,-3363.2553100615783,-0.0,-1414.5527991398571,-650.1005097255351,-445.449420871051,-291.90422206165334,-1464.9307450813835,-3194.53940251512,54.84634944715936,-2124.7662824501363,-1924.9251652882638,-552.6702036597,9.02419722384536,-0.0,1566.2257639198658,1214.0863351981818,1341.6158431601236,-0.0,-0.0,-0.0,-987.0343542455091,-0.0,-319.2394525540523,-235.657837043322,-0.0,-4252.396480725965,-0.0,-1432.0031209907017,-94.66982213379288,-1159.935429884257,-545.2747365097825,-1591.5601957845083,-1280.5393801602402,-0.0,492.72774010850543,-2828.5397659706805,-1733.1172533724405,-550.1965791049839,-1456.1421880349405,-2080.3065647365906,-0.0,-0.0,-278.39459231317545,-767.7508749645046,-2157.448003462187,-896.7225424729421,-41.17394399225248,-0.0,-0.0,-744.3436103418358,-0.0,-0.0,-0.0,-221.54500289867872,-1561.705901531393,1631.396592405986,-1494.658621570143,594.3889141606911,-838.4691470698234,-1045.4026691185886,-14.110320834249137,-5550.09376055867,-373.05388861898706,-0.0,-71.30967477205972,-2383.14637619325,-1751.8633459909997,-0.0,-33.27520417224964,-0.0,-635.9571690858141,-29.271710352270823,-2152.495001473021,-1550.5951164320256,-0.0,-367.04451826937355,-0.0,-0.0,-0.0,-789.7142463211109,-1136.5061684130515,-437.54278851030404,-1316.0107442186413,-1984.7606291739926,-1047.5251795523252,-466.7532902185965,-466.4992669809287,-136.71668222301398,-1906.713563923775,-684.3562072278996,-997.1405271731207,-1483.8111590481967,-1741.6540927709057,-1396.2093590560196,-350.5730957335851,-1626.8913149494317,-0.0,-0.0,-0.0,-2676.3533183986465,-0.0,-510.89026410782014,-1331.6164170688348,-11.850819013976201,-941.7295861346897,-634.9997354527076,-1027.609377939686,-787.8947312059952,-227.43295337043224,-2183.9584856618626,-5020.663733689334,-309.03045165304167,-37.50590186155712,-0.0,-121.70709126776167,-7792.9059223914555,-2201.9824393867148,-684.3404348915575,-2423.2184802471697,-229.21194013473513,-0.0,-25.37550808666522,-756.5496177072716,-139.62042570549218,-1334.6406943799564,-1139.1918691939768,-206.2907221394986,-0.0,-761.0753277960619,-2290.9305883520205,-2120.5833716239554,-1793.9626191878658,-0.0,-1677.9553543484976,-0.0,-51.89286000562155,-1139.2818638132492,614.110755216646,-0.0,-0.0,-308.0300765231802,-1127.5954738405214,-802.8719184181975,-1364.9266910579922,168.37584134179417,-1494.0266260089759,-132.29320319756022,-383.0811659170463,-2283.1361710677943,-2116.244572328835,-409.1464236479515,-0.0,-0.0,-0.0,-0.0,-0.0,-1895.091712574878,-0.0,-691.7500291706301,-875.2348352868629,-2673.8537876759506,-0.0,3.7450163828805354,536.5773685273484,2294.830239655056,-657.5430303375138,-1427.460085450155,-0.0,-1692.9639798115613,-4159.811006364712,-822.2626126303226,-5776.399912144376,-1395.0586394412917,-0.0,-872.4111621641466,-2662.234203956774,-212.398902658172,-0.0,1216.2553171190095,1476.7386523270268,1344.4997612805032,-0.0,-0.0,-0.0,-0.0,-99.23002200861839,-2827.815353188543,-93.66419518473357,-0.0,-2160.2646581660497,-1254.8534286906192,-538.8003311824458,4.43735343529132,-0.0,-242.79269193287465,-958.150032500881,-0.0,-0.0,-51.18921212559428,199.25645625637705,-2272.4883324854236,-0.0,-943.0928151675125,9.2834723909353,-93.76723538895253,-0.0,331.3331029164023,-109.15495199919904,-607.0373028784551,-2154.10236551517,-0.0,-70.23843274320788,-1219.0197930343484,-1077.1602523942347,-43.78594503086767,45.809572281253196,-0.0,-1412.0627770946567,-866.8520237901259,-7.9289974431066605,-0.0,-0.0,76.95692954072696,-269.80940860300166,-197.33412460402886,-86.02251104032062,-12.491463340607284,-172.5903278460617,-742.3958886009368,-1054.1457724219144,-589.5595408451818,-0.0,-2269.5879265384183,-946.4855251002032,-0.0,-0.0,-1222.8673622972792,-2423.966368522296,-637.0131019212303,-8.469332976585862,-3024.228489876178,-128.49732783625984,-85.81322889264649,-1217.6527791058909,-0.0,-411.83694953666065,-1529.9635216063837,-4.644522641839189,-0.0,-3654.4892144830965,-155.47372404866795,-1637.86620182939,-1140.8638332612152,-1407.757561806363,-2790.606776144872,-90.38765683649844,-862.0162915999716,-1968.0172793250892,-1439.3455600219593,-1191.1235208106352,-237.85608912009477,-1945.8932484346105,-0.0,-3325.3929029992614,-0.0,-6868.92211990212,-252.44979432714769,-94.2069888921013,-1612.2760256063004,-0.0,-0.0,-0.0,367.2119385872466,49.02670378264018,-909.3685340680042,-1514.0334233615915,-513.4824972007954,-1333.510481033341,-0.0,-0.0,-1478.543660229793,-378.78822466055317,-531.964629097793,-174.51119938720745,-0.0,-1775.330287396893,-345.2639265355625,-2126.8318564019833,-0.0,-37.547568463449544,-0.0,-1903.9545983060816,-817.4894325372226,-1570.1321609116517,-0.0,-0.0,-1879.578230233597,-595.4795917043116,-825.3475238979863,-1653.412593150718,-484.8098931851179,-1330.7663037132795,-0.0,295.95435493439425,-1227.2061236662366,-4299.929097228509,305.63936751996437,-1589.908870820276,-8264.19086340855,-731.317663571724,-725.7916910818902,-244.25690698730793,-240.14792346553534,-1127.8261324308723,216.92115260274144,-237.33583737086937,395.1862451744687,-1162.8332408696413,-591.7591918806636,-0.0,-1401.2104007171822,-1837.9660184457987,-946.3278082947809,-410.66973090010714,-0.0,-0.0,-35.85562262239052,-1116.4490421310177,86.61122987700799,-2420.989017291717,-0.0,-0.0,-547.7438257023719,-711.7349027481997,-1225.687308875579,220.14892552680652,-2745.4881173884582,-1626.9637114479292,-1377.4838335777765,-258.63867267059277,-0.0,-388.6193089902547,-0.0,-752.6127009324084,-25.80892000616825,-1677.4731055740688,-508.7996202533574,-1061.6486478812117,-431.3128561663746,-382.1704605057588,-0.0,-1308.2718783194075,-751.8376542093694,-1336.0534868024938,-0.0,-3359.946630777835,-1447.3879878331675,-1528.9880604949124,-1030.8485074513899,-1191.3498689032558,4.108473297652514,-2294.082078317871,-759.162719430029,-1295.0661379272144,-2066.6346184907484,-339.40543085627127,302.20479127691266,-1083.2821189936656,-0.0,-0.0,-23.200481842415844,-59.57408322224643,-19.679242566635452,-259.4232564528591,-0.0,-0.0,-0.0,-0.0,-0.0,-0.0,-0.0,-0.0,-0.0,-0.0,-1350.1215702279032,-2694.4221391541805,-2354.9394939959484,-0.0,-0.0,1637.21217600238,-558.2174724451492,-0.0,-452.6154626950259,-492.5199839570006,-1029.2426010236304,-1021.1346956874326,-1305.488508468757,-0.0,-818.190813589185,-424.82707626108595,172.10533679562442,-0.0,995.4260564974009,-0.0,249.10406446023526,-0.0,-353.6109793881963,-0.0,-467.2659711299269,-1156.8026858869448,-1927.0578009483659,291.84231293904475,-0.0,-0.0,-0.0,-0.0,-0.0,-438.48073069603754,-87.62747655321056,-0.0,-0.0,-0.0,-544.7747085271164,-0.0,-41.477126695926145,-684.3514550832691,-3906.0370170693436,-0.0,-1447.0805052981298,-0.0,-648.6441152106449,-0.0,-0.0,45.77844098100099,-0.0,-161.57099714246039,-0.0,-0.0,-0.0,-1148.61214053973,-1846.6636495322302,-0.0,225.19165719074473,-2362.819055523988,-0.0,-82.27002323761037,-299.40441388028796,-0.0,-0.0,-1708.433075525109,-0.0,-926.3063500727939,-1331.4180022403953,50.71611448836077,-3296.352741582761,-1714.2627785967888,297.32886979780983,-849.4722436599859,-0.0,-1098.485074472887,-0.0,-0.0,-0.0,-4092.144463708289,-991.7870624422467,-1623.739721103151,-0.0,-425.11462924339435,-4.700107798013615,-1398.1270849226219,-2154.1611880230844,82.26441441457564,-3273.572099438936,-0.0,-1712.1685049922987,-2499.196824762891,-0.0,-0.0,-0.0,-0.0,-2566.810542755932,-187.13031567568575,-1683.1339877250077,-0.0,720.8073006812507,1200.8351590895822,-0.0,-0.0,-842.2993004301553,-1052.727628022491,-362.75795948090047,-20.890807019401304,67.110593211531,-0.0,-1417.2316542760873,-0.0,-284.51065853839924,-1294.4320175611624,1454.2465108397219,-0.0,-0.0,-0.0,961.3839705517754,1065.018346058608,-867.0712937331309,-0.0,-1494.8308080887236,-0.0,-1127.2764094508066,-657.3882939885854,-0.0,-0.0,-0.0,-0.0,-0.0,-59.13895285910566,-0.0,-0.0,-0.0,-1203.040298708918,-308.9717039319981,-0.0,-0.0,-0.0,-182.1803947377624,-84.81917083820451,-667.0033386487883,-755.2511568199556,-3086.069878929342,-1425.6131418991029,-1173.3819607482915,-0.0,-3207.6877905550145,-39.91917947404107,-0.0,-1075.641077449148,-2485.779488553743,-831.8905558655397,-486.43862943250036,-1167.9814382720745,-291.0430594995851,-697.0642868047852,-775.616452752099,-1153.0703891401272,-289.6516565103583,-1805.7001852014737,16.23739825540626,-415.48027459107976,-0.0,-0.0,-832.9593684421095,-4013.833361777604,-0.0,-1163.953557819692,-538.916972448203,-0.0,-401.7182976473525,-718.8106033464866,-728.8670959521282,-264.0326771904873,-0.0,-0.0,-0.0,-0.0,-0.0,-45.372725014375995,-0.0,-665.8509290670635,-0.0,-0.0,-795.1486550591624,-1167.2758359509414,-2847.2433193191237,-470.2673768555141,-750.5544259216213,-111.37750450174029,-2038.6279690115557,-0.0,-1033.9037314227467,-591.970271497686,-515.7320890676822,-1424.14600715186,-987.8809577804137,-1867.710298769652,18.07292700278731,-498.6938431627193,-0.0,-1182.3879294714625,-1177.3683584961939,-167.30785610125687,4.023126978667695,-2556.390817048552,-1407.3468688161722,-782.7893032319433,-0.0,-645.7862261698606,-756.7900649900496,-566.4387877936318,-2639.6965090880176,-3.9325141788224207,-0.0,30.971066524339005,-0.0,-0.0,-278.79160931947047,-4141.281962378767,-207.68936249628283,-1550.621065371977,-4063.6146096906295,-0.0,-4870.818698323446,-261.3768598498853,-2105.843816829294,387.7889036157622,-0.0,1670.9798637240488,-955.1542088897875,-0.0,-2093.44518869119,-0.0,-72.2932625561226,-43.949724200513884,-0.0,-0.0,-0.0,47.624825059797566,-0.0,-0.0,-0.0,-672.3223958568707,-1508.5615104258998,-723.3236354611407,-0.0,-3704.7680147415526,-0.0,-0.0,-0.0,-238.93092716633353,-429.0058134474478,-0.0,-2077.7528545598416,-0.0,-0.0,-3649.5537307906693,-0.0,-23.610770427965033,8.020713084910355,-517.8612604802897,-21.18450713791362,-0.0,-0.0,-232.00814663173597,-0.0,-0.0,-1409.6663137117794,-1163.0779262213575,-1691.5830282228667,-0.0,-282.7154646096545,177.27907201882505,-387.88946856909433,-15752.368021907356,-0.0,-627.3919361114505,-1379.549907010511,-611.3440251620773,-0.0,-35.631344911636,-17.124253567660972,-285.53576228629925,-1115.268530973272,-0.0,-0.0,-0.0,-509.13781610942135,-2943.255681420907,-1403.7231658019246,-0.0,-0.0,-0.0,-374.69699444686614,96.32511343235767,-8.50353960932806,-1461.7898053738352,-0.0,-0.0,-1071.645219235093,-0.0,-0.0,-0.0,-2896.8438885777973,-1065.0715491117494,-0.0,-1170.0480112874113,-652.1104574421114,-266.5142624661209,-753.3189122616031,-1170.9653402858091,104.0993800386549,-1427.7816650718926,-1256.2717589227389,26.17380886867475,-2042.0962316464943,-0.0,-0.0,-0.0,-0.0,-508.33226060035963,-0.0,-0.0,-602.3760803436656,-1115.4972536550056,-772.4659392004551,-0.0,1670.088480798234,1578.4115553223598,1562.5456521347867,-0.0,-0.0,-0.0,-892.220287022558,-44.98014235034567,-797.1878738126928,-83.62051550685811,-730.8146234949091,-1749.759369062892,-1312.8524650896181,-2140.1818600335346,-0.0,-0.0,-0.0,-0.0,-574.9899773398823,-892.2626046986238,-1851.7447043504255,-451.71282302627856,-1451.6179466167537,-2081.9448869369107,-2270.132673854278,-0.0,496.44517344610983,-435.01613282464814,-399.0453403655176,-124.47762498240905,-4902.044006640495,-67.42568089864794,-0.0,-942.8433096863885,-1634.048826350266,-0.0,-74.43673122993007,144.05728751059146,-99.64083883463846,-527.7623775931878,-2453.5320359959596,-171.86097899130385,-1742.6925287861027,-0.0,-1972.4789962340808,-1915.1915803311604,-1574.6166259482284,-0.0,-1941.3648263550851,-340.4581970839093,-710.2741165553077,-1020.0489671361961,123.21734727307779,-2045.8684360740422,-1321.7949679454075,-0.0,-102.8313368083192,-0.0,-0.0,-0.0,-1093.0526764325284,-668.2697185518101,-0.0,-0.0,-0.0,-3921.48402582407,-2046.7278916643875,-0.0,-0.0,-4.75674367124912,-1846.1642367456734,-1003.0294565310226,-0.0,-810.7716654601734,-1473.4726721124434,-613.6312221028204,-24.735984164033724,-947.7907133504386,-9.326296694730605,-1684.644852653346,-1799.4484596168213,-0.0,-0.0,-46.33741937951695,-0.0,-0.0,-1388.7369955168417,-103.85722791915366,-482.911805446565,-0.0,-0.0,-0.0,-795.5806250150908,-352.5423321709947,-122.97770977112096,-497.27487359069886,-244.7957115080996,-2148.273491099893,-338.1017361657737,-620.4603656543945,-1409.3761549153694,-0.0,-435.0813020680973,-0.0,-1865.5521897107596,-1600.895507346457,-1883.6876922147044,-469.82936037834634,-312.3929460198345,88.2895376263921,-1028.1739859773504,26.312057211636557,-0.0,-510.567132989054,-0.0,-0.0,-538.4564052192205,-131.3727527537613,-3047.99708076105,-3091.7679227530843,-549.8987526957687,-0.0,-0.0,-1118.3347986249958,352.8786713883917,-0.0,-0.0,-0.0,-1208.7476047262023,-48.825433624998055,-519.9542861549572,-4073.336613120478,-1580.81917992104,-1230.2256594315086,-487.05601412729516,-191.74621458886153,-1362.9887399965517,-764.4889122518639,-532.1025398181054,-0.0,-719.2135055699573,-849.3428157514963,-1824.0768495908196,-0.0,4.632831595969058,-13.83352846540624,-0.0,-0.0,-1961.3821470270286,-0.0,-3852.003883233799,-1268.3649549709405,2682.2655436834125,3098.070573156255,-0.0,-0.0,-858.747093821138,-1164.5294068921974,-641.6228262229454,-383.55675491143114,-3372.0497018488454,-624.0590766903445,-0.0,-0.0,-0.0,-1341.2099673156056,-716.0052231602148,-175.6281230323837,-2796.2293219606363,-1112.4883186666732,-29.085740403290036,-457.3120366022043,-1147.3979742576828,-358.7737322118963,-574.893296468161,-0.0,-68.76399156341503,52.89647611342013,-1066.968992861176,-179.43035797205397,-0.0,72.92562184176045,149.01598537799543,-233.18327460755228,-1493.3775171288876,-2505.060773153784,-66.61723350671699,-993.6634188994129,-1506.3322202255185,-0.0,-0.0,-737.2400827380496,-0.0,-0.0,-0.0,-0.0,-687.0631074712444,-24.800751204352377,-1338.8543658364224,-1273.3432736171999,-2757.9310042287384,-1253.3428641634223,-0.0,-640.580568188517,-0.0,-1724.0809944645987,-1784.98475103153,-1454.2218636170342,-1083.961570792714,-0.0,-2322.9862664661496,-0.0,-0.0,-0.0,-3856.4419256764972,-1323.4101403486127,-283.16987008580173,-940.8628116201862,-957.5220562145431,-1135.493794317285,-0.0,-0.0,-0.0,-42.81278598264882,-6521.1094172681405,-757.1190600156201,-1996.5973187959382,-4473.03235292532,-2446.1659844659175,-461.7543760488233,-0.0,-2103.591363258284,-803.1981925454354,-0.0,-358.3795545856648,-405.21980715273116,-41.298947569500356,-1066.0695600943247,-327.81705123375895,1580.5552731569453,-511.4116823282541,-0.0,-0.0,-1069.2835786524136,-891.1487355414536,-2441.793540108253,-331.67093943424084,-0.0,-0.0,-706.1170775892383,-0.0,-0.0,-0.0,-0.0,-1469.9440166344907,-672.7304249119322,-1341.6376851897862,-565.8102860029919,-4.214978053367835,-834.397510807061,-0.0,-0.0,-0.0,-0.0,-3084.649621904573,-0.0,-0.0,-0.0,-0.0,-0.0,-0.0,-864.2529677337089,-0.0,-2988.279787225356,-530.2253676001105,-217.49517245832894,-1384.5122828630265,-0.0,-0.0,-1458.0719900338297,-1560.335295900441,-4.687378373600802,-469.8902399729726,-59.20152988534392,-1898.6626270256893,-1047.2466339695573,-0.0,-4182.8400585334075,-1399.567791995846,-0.0,-0.0,-18.250729789444037,-449.33166210063615,-1323.8604103929472,-0.0,-0.0,-23.8161267154022,-1771.6299347196434,-642.9715199132302,-381.59112054864704,-92.73953233911008,-2069.2866863693225,-0.0,-0.0,-0.0,-0.0,-0.0,-559.9781387955157,-543.2746115869791,-649.675359196163,-4577.871843152651,-1817.6018394627104,-1335.5056236359046,-117.29343199710453,-1062.7274245342164,-1311.5817584770082,8.057115146967764,-0.0,-0.0,-0.0,-695.4999230735358,-447.4132147017258,-1836.7990470415375,-641.4346074309427,-0.0,-1885.1191889165996,-0.0,-687.9145895713252,-0.0,-0.0,-2128.074575918836,-666.572099267108,-609.7508910381335,-1541.4069688155118,-147.96503689783506,-13.928092727423527,-834.1628931649298,-1572.199593270992,-0.0,-483.28727151859283,-1258.7923234592083,-4554.042250923665,-0.0,-306.7116994525175,-2461.1377078827595,-1658.955391231211,-1361.5509255859345,-585.0735759794784,-1359.2824868659634,-0.0,-382.7937469871501,-0.0,-277.1613950278074,677.8582683945239,-0.0,-0.0,988.552118141152,-0.0,-2407.6476223665295,-824.9851454462802,-1022.0344661366557,-1294.7061820779493,-1591.9786953720761,-413.0947821574406,-159.7175801536658,-0.0,-0.0,-978.3237097331984,-1084.6035653485367,-852.8721364164292,-0.0,336.5839207734653,369.69472102707175,-256.9928710084266,-3035.6483922694424,-1958.7260459380916,-0.0,-0.0,-1557.7154825666166,-4494.162800950067,-2954.051435968902,-564.3467044188741,-1062.6985171331817,-1222.1561910707815,-0.0,-231.00945570598228,-0.0,-791.4786400734716,-243.79931959622294,-2047.4911296558787,-2878.000289977534,-335.4907132619077,-615.0638707772787,-4872.0951380368715,-1343.3641428611386,-615.6920924749659,-305.2473621281021,-1400.2406877550877,-758.5830139457584,-4.800911174573309,-1649.7155755774277,-1928.17552474231,-0.0,-0.0,-639.3954634798299,-1389.5700334952207,-373.27324313120175,-4.791222897541927,-0.0,-0.0,-0.0,-0.0,-0.0,-38.46343451887741,-764.981653487008,737.7052709327897,-487.24886826301156,-809.6539472317496,-604.9629937051653,-1209.4338951182515,-1693.3267696602027,-1285.602348461469,-1985.5169484252613,-313.2914835895291,-616.40398925515,-1696.7289900833835,-698.9551416663274,-0.0,2628.408854508186,-268.35722691376003,-77.59260335497042,-0.0,-952.7266183196617,-689.8919955981893,-1463.7942987827046,-2120.52297355055,-2395.8597143109155,-0.0,-0.0,-0.0,-0.0,-1103.9876413593624,-1827.1368823084708,-0.0,-922.3892617722425,-9.287313965090544,-0.0,-0.0,-0.0,-2772.581766419722,-845.7435420742727,-197.53395897444355,-48.86898603995751,-0.0,-0.0,-1222.989849654759,-1485.9292311525458,-909.1370874700638,568.0085056694086,30.705720105121564,-0.0,-21.771090627149253,-0.0,-1805.6103388215818,-591.6757575024985,-1527.5536276570233,-1934.3319064779712,-1794.9762762593286,-44.75395891019995,-0.0,-0.0,-1781.8767300111554,-407.25103660331905,-0.0,-0.0,-252.18791047883204,-0.0,-44.13472368404503,-0.0,-1408.4545168130774,-806.3728215114337,-0.0,-88.10047332757398,752.906252638208,-0.0,-207.1367372911216,-2545.357175871366,-0.0,-0.0,-756.9547600293138,16.908278023686172,-0.0,-0.0,-896.6162856692132,-1642.1459189440168,-0.0,-898.7729812252111,-0.0,-1425.7992956412538,1816.869598386373,26.566093096657276,-2148.1396883034786,-1735.8640765027349,1000.7944915124457,-0.0,-2257.476116846057,-929.9672586823385,-1104.812833344928,-0.0,-746.6245254759416,-133.26484405368154,843.4707650473365,-412.12236569902376,-1644.9363476188405,-0.0,-0.0,-0.0,-973.6788778912892,-667.5251709794625,-866.4999338423537,-1199.0029732594965,-1117.9705888612943,-31.478968851846027,-1210.1549099401855,-1017.0751107919191,-1287.7913840249244,-0.0,-0.0,-585.435032774243,794.4731555791321,-7276.084866040037,-0.0,-1386.7429145914066,-2191.8389607938507,-873.6574096478716,-832.2735138206679,-67.0382199143123,-2563.008626175254,-372.23605400469364,-0.0,-1120.3715013312471,-1010.9606471181178,-703.7024224068119,-0.0,-1648.156789917594,-2285.9658863856594,-27.775217138556165,-1225.7750913924892,-2564.6311299830904,498.6488409580769,-0.0,-497.92759927856235,-180.36111142288448,-1496.819565181957,-1003.1545635926275,107.77857481933145,-139.7371649746552,-870.5339287859189,-545.5748582013957,-611.8036353669129,-722.2658645287042,-556.3116115792656,-0.0,-1459.1074537402849,-0.0,-1320.989043702366,-826.3287059213628,-186.5170006672292,-0.0,-1976.1902484331752,-5367.931197816668,-0.0,-472.28970435737637,-0.0,-2464.851516634766,-278.5022727292912,-0.0,-458.53281689133945,-458.2693624278421,-0.0,-2616.13090965763,-1787.987022959465,-0.0,-4750.6684290172525,-138.5487024462803,-1448.4935104687172,-1512.2733339538888,-1741.1324134819688,-109.19306788667399,-0.0,-1006.3506626006833,-2269.005190997216,-579.4100932722857,-982.780828306524,-1215.4906797790882,-1845.8180567107754,-2566.934443728994,-874.267174542933,-2247.457579975906,66.67640466163267,-0.0,-340.5070019476624,-1512.2996201210299,-1330.265414356036,-0.0,-0.0,-0.0,-471.7874526983008,-533.4272426009114,8.54641169540426,-627.8022660736881,-0.0,-1356.8907532118992,-828.1258966261242,-648.500534746898,-0.0,-0.0,-347.283518264646,-1987.5899946404306,-970.9091498137354,-299.7093429385661,-1032.528814952006,-39.56528943982368,-0.0,-0.0,-2999.245309069924,-1289.285996789158,-0.0,-0.0,-0.0,-81.66968768417902,-1014.1170106222311,-53.25298212455937,-1834.6392835185836,-1672.8698987883552,123.44017251952774,-0.0,-683.9544782013905,-0.0,763.6545773425617,-140.17336309194627,-0.0,-1773.236877562161,-352.5815836425977,-2185.1413129749794,-0.0,-1787.9034020586946,-703.7752488340436,-213.9693556187995,-13.30600449265559,-36.946787438806446,-0.0,-0.0,-831.399092791103,-1376.9339840060377,-0.0,-653.562213746271,-0.0,-401.0218247423915,-602.3188203614293,-0.0,143.01125265451105,746.3886081602897,856.8754620126313,924.2221946568195,909.6318531120355,840.0539966222099,-0.0,-0.0,-0.0,-0.0,-0.0,78.35413155903345,-0.0,-0.0,-683.5630355644245,-176.52825183873014,-496.12624034608723,-85.99084941440042,-0.0,-1202.7748627414865,-1610.9349118039345,-2213.031103935705,-260.36809827328693,-212.1700538678207,-0.0,-0.0,-658.644566664226,-0.0,-0.0,-0.0,-0.0,-2912.925917402904,-0.0,-44.55763354215593,935.1101681441896,-0.0,-1111.083388608386,-654.9359683293676,1580.7812219635316,-1051.1819679163289,-0.0,-3174.6324390826667,-2439.6055202119137,-212.62203559903762,-857.1690380929815,-1312.3756121787208,-578.2912592924117,1275.87936701956,-90.14860428016432,-633.5258754882117,-0.0,-0.0,-510.9928132275385,-0.0,-934.310686024867,-0.0,-485.9598609976739,-40.28810483552535,-0.0,-0.0,-1238.123861765902,-0.0,-0.0,-602.2699529782205,-1269.3651987393055,-2193.3791809843765,-0.0,-0.0,-0.0,-1953.595238142802,-0.0,-1113.2694069801746,21.55616183027063,-0.0,-0.0,-1234.3769659657812,-1081.0608760805126,-1328.052146052277,-439.42177812257574,-0.0,-1469.3222650793086,-304.52830722114123,-0.0,-0.0,4.419213676800554,-42.59751559672579,-4829.901774321884,-0.0,-130.95052322888813,-29.226921482445135,458.4155621894048,-83.0307929193149,-1079.5774815817713,-988.503790579133,-501.1823551663545,-0.0,-0.0,-2009.6536956107798,-0.0,-0.0,-0.0,-0.0,-0.0,-0.0,-0.0,-156.42409443563548,-0.0,-0.0,-1958.1618645050476,-7276.697193667672,-140.75029286330968,40.176876263247195,-407.41786406675163,-756.685826171234,-124.45459929473951,-4516.952065022144,-253.2968422942669,-332.36562197059243,-0.0,-0.0,-0.0,-1832.8628700092072,-0.0,-40.344573988783395,-0.0,-0.0,-0.0,-500.93084873331713,-12.692870482206555,-260.1019062189276,-1375.8219422739733,-689.2164902575377,-76.23373528999876,-2613.0615855973188,-0.0,-86.59539630280247,-2441.8553245232965,-0.0,-1391.0755447029255,-87.71523747311448,-1554.1621920271205,-0.0,-0.0,-1111.7260678453806,-711.9194037111973,-37.360301076163296,-997.4679050638277,-978.0146640594573,-767.8024436721245,-166.19489124927134,-820.8656755764129,-783.2183024910299,-2400.191808056314,-1017.4476626196731,-0.0,-1643.8321177277141,-424.2980772465339,-691.1883935816638,-0.0,-0.0,-1179.9262348135692,-2522.4640173303915,-975.0104727005905,-0.0,-0.0,-0.0,-4030.9663226451844,-926.6926658688881,-183.04546862050387,-368.3890080165953,-40.753208967505216,-4068.2564249644715,-0.0,-0.0,-2527.741444022178,-924.7810609159131,-0.0,-0.0,-0.0,-84.61525711644569,-0.0,-1991.03945459492,-1911.0828112951854,-0.0,-375.00873735047537,229.85179014393097,-0.0,-0.0,-0.0,-1172.6647236441313,24.956508460649186,-2665.3847413369335,-697.3385636905866,-1285.249602272416,-819.0141696138795,-3459.103315688354,-1816.9051843206473,241.71709246769822,-0.0,-3180.4467470678705,-0.0,-0.0,-0.0,-1349.0657448778263,-768.5448559655889,-1920.6450981534033,-0.0,-0.0,-892.2604175044639,-1610.2517710536333,-691.3020168640878,-554.1176219921682,-0.0,-0.0,-1302.8556286994813,-0.0,-0.0,-0.0,-0.0,-0.0,-0.0,-589.782208149328,-82.221483533197,-1657.6397777836405,-0.0,-742.2000318113083,-1314.8792287922922,-37.055265707371525,-0.0,-0.0,-0.0,-0.0,-0.0,-0.0,-0.0,-0.0,-0.0,-0.0,-1332.3130923086394,-1870.999335463094,-0.0,343.63964644890314,-0.0,-699.2118245804605,-104.17388742099321,-0.0,-930.2748399370475,-420.80667229837974,-104.7864231184639,-2052.899099380251,-531.1069716202463,-2824.2697812635006,-183.4832666135339,-2278.801607951052,-1785.4103597869691,-936.8799652239746,-4.565698049509711,-0.0,-1240.105042050587,-2202.0821247622794,-2435.1814017709175,-91.4560667593334,-238.93965284060735,-1949.1856141330154,-0.0,-2360.08665066863,-382.3344310972389,-0.0,-1880.9768472976684,-0.0,-965.1587358983797,-0.0,-2961.2365852862454,-0.0,-0.0,-83.52979667860284,-1132.6901736175114,-523.680918758062,-0.0,-1438.9550729398238,81.32492651471907,340.44623840122864,381.2222492618145,-299.09582981624277,-1788.7511944412731,-613.027880287417,-0.0,-0.0,-5989.1234915835785,-1195.2047251464974,-0.0,478.96530770386306,-0.0,-2129.2431547294223,-534.0982419680978,-691.7796326926012,-0.0,-0.0,645.7500484559054,-0.0,-1014.8008401682803,-1311.099801389193,-1987.0146468180305,-0.0,-717.0191496232164,-3089.527142465251,-1025.1750062971103,-0.0,-1448.7634257351178,-152.90012954844548,-1229.889307068988,-0.0,-916.689682262769,-0.0,-0.0,-0.0,-931.2633078847157,-0.0,590.3222808290286,-0.0,-388.1557564112196,-798.1048567782528,-493.7351267664531,-1177.9470568091017,-604.7453454477524,-2209.431469499373,-1315.447075292065,-0.0,733.0623035821138,-2539.742277678809,-1790.9408189290698,-721.6309208637897,-0.0,-0.0,-0.0,-155.86285430746668,-1288.3756112717128,-314.0668962366829,-1001.8067901970611,-2155.8631680016574,-2731.1830462141374,173.17074892214586,908.2778797750665,775.9155030754665,-0.0,-0.0,128.83141903856367,-34.356050667264434,11360.074356414345,10576.83919950642,5549.325923306561,10552.308626637503,11289.079534059149,11621.523126014257,-0.0,-0.0,-0.0,-0.0,-0.0,-1476.0403461982698,-1307.6946929397775,-866.7113863681706,-0.0,-2883.9954761522145,-683.3417863254438,-1228.702387980726,-33.1695195980859,-920.649241891073,-1333.6325028973208,-1124.176952852158,-1358.461387096977,-0.0,-2787.6552722225438,-1909.189344011582,-831.936045109385,-129.8909860605511,-3660.962596689928,-0.0,-255.73177743592188,-0.0,-12.325227911335276,-0.0,-143.36551834835586,-315.9955979828603,-1088.569920259895,-908.2318459559019,-0.0,-0.0,-0.0,-2516.0245381766863,-0.0,-0.0,-284.7189673188686,-1075.9946464729596,-980.6851893758908,-98.46241244556403,-1263.1891196207127,-2050.200440148939,-362.92088106809484,-0.0,-0.0,-132.47925089306094,-1258.3567519825851,-371.7576211752033,-0.0,-5743.510613250893,265.27172675669453,-0.0,-0.0,-0.0,-33.80217928976578,-454.98082798038087,-0.0,-0.0,-1308.5503349335095,-2200.7803607439005,-1456.1168699072812,-427.9890846505669,-432.5222545709579,-449.38145077662875,632.2333823850676,-1375.028231018027,-0.0,-581.1250162134223,-2912.9083306544067,-608.2665420897531,-8.542422620246253,-0.0,-5.66367911553887,-0.0,-0.0,-0.0,-1245.9295836034235,-455.6783204989089,-1629.825338103807,-0.0,-0.0,-0.0,-262.02210468661224,-641.8251145152143,-1598.0040696841095,-3543.0246089491147,-364.98747248074176,-224.36868047131713,-0.0,929.8586050386053,-0.0,-1284.4163473702658,-181.35110330130212,-0.0,-0.0,1136.9538606707683,-0.0,-1862.1991172949306,-0.0,-0.0,-0.0,-222.89301495663764,-2256.6612627114773,-1895.639699682399,-32.67206291668654,-2692.8312736395947,-1565.9864933993927,-27.721227477528394,-29.89041861365079,-75.85217993060486,-0.0,-0.0,-2177.7688611423355,-0.0,-6237.594823164626,-0.0,-1425.8181414472342,-279.6714855315491,165.9412947091188,-0.0,-61.98491331836338,-1371.4748037482002,-1702.183806394324,-606.824199176398,-35.8586392201318,-272.1810939455131,-0.0,-0.0,-0.0,-0.0,-1210.00684029833,-934.161178022748,-0.0,-633.5432112743644,-1360.3915954005545,-197.37983106811313,-87.69289383512066,-0.0,-0.0,-0.0,1185.0683493836616,-4.048059971428401,-0.0,-617.2531963853377,-945.8450615841476,-1516.9482346852133,-0.0,-0.0,-2216.1275082065104,-0.0,-0.0,-0.0,-0.0,-723.8508288404315,1074.8772857509498,1200.0950413134863,1312.4797505574024,-0.0,-0.0,-0.0,-642.1292471937008,-0.0,-0.0,-404.5181764525247,-672.5450003370206,-0.0,-236.024508974084,-1451.0704349051875,-1344.9959109666938,-0.0,-0.0,-0.0,-12.69918349539518,-1645.736140218482,-4.70909375358132,462.88217473626406,-0.0,-1779.870439056415,-831.9843772281371,-574.4777759336996,-2049.7389465226365,96.978370973328,-317.76987206540446,-20.213324990160732,-464.7961944192785,-402.52830798452015,-1069.7437015282226,-383.1789480578985,948.8067930807125,-1570.421194964592,-247.11808582955257,-185.9035275219133,-4210.375943993417,-3096.8477190593194,693.3665527176385,-1068.8502928292482,-221.2985122543953,9.143773422156281,-886.1041581271422,-1261.0769602918742,1936.9844263128643,-662.1924533190012,-737.5377437606049,-756.5286545789629,-0.0,-7488.735650288844,-0.0,-505.8610918468378,-949.4626710524561,-674.4880374705609,-1014.0255401793459,-1247.108959142422,-0.0,-1129.352080774413,-177.94430119491804,-91.75156242832544,-6858.6429783671265,645.1860122219433,-216.2427188546717,-0.0,-598.856106831191,-1382.5617021067628,-0.0,-0.0,-511.97847285379913,-1661.021770492608,-91.78798639081651,-247.12059426359212,-295.13955642685005,-1163.2884724502178,-0.0,-0.0,56.970803987422514,-0.0,-0.0,-1917.4886638718501,-0.0,-1828.460677799389,-959.6833266852176,-1309.1381363238913,-0.0,-0.0,-536.9716473879937,-947.820471331825,-150.6064244681171,-0.0,-492.2266638275156,-162.1172860046411,-561.5437156167558,-0.0,-211.1972780046647,-530.5303358154988,-2359.156243831265,-1043.776701859929,-1791.5088855745942,-0.0,-0.0,-1500.0676641512969,-22.858324154263098,-0.0,-0.0,-1224.0157396554785,-0.0,-0.0,-0.0,-0.0,-0.0,-0.0,-0.0,-0.0,-0.0,-0.0,-107.5091540014995,-0.0,-0.0,-0.0,-0.0,-0.0,-0.0,-0.0,-0.0,-0.0,-0.0,-0.0,-365.1866467089881,-0.0,-0.0,-0.0,-0.0,-0.0,-0.0,-0.0,-0.0,-0.0,-0.0,-0.0,-0.0,-0.0,-0.0,-0.0,-0.0,-0.0,-0.0,-0.0,-0.0,-0.0,-0.0,-0.0,-0.0,-0.0,-0.0,-0.0,-0.0,-537.3437339688533,-0.0,-0.0,-0.0,-0.0,-0.0,-0.0,-0.0,-0.0,-0.0,-0.0,-0.0,-0.0,-0.0,-0.0,-0.0,-0.0,-0.0,-0.0,-0.0,-0.0,-0.0,-0.0,-0.0,-0.0,-0.0,-0.0,-0.0,-0.0,-0.0,-0.0,-0.0,-0.0,-0.0,-0.0,-0.0,-0.0,-0.0,-0.0,-0.0,-0.0,-0.0,-0.0,-0.0,-1430.8478202586957,-562.1292682935641,-1830.5273846386715,-0.0,-0.0,-0.0,-0.0,-0.0,-0.0,-0.0,-0.0,-0.0,-0.0,-0.0,-0.0,-0.0,-0.0,-0.0,-0.0,-0.0,-0.0,-0.0,-0.0,-0.0,-0.0,595.4981447338513,-0.0,-0.0,-0.0,-0.0,-0.0,-0.0,-0.0,-0.0,-0.0,-0.0,886.9678959552137,-0.0,-0.0,-0.0,-0.0,-0.0,-0.0,-265.31229449611766,-0.0,-0.0,-0.0,-0.0,-0.0,-0.0,-0.0,-0.0,-0.0,-0.0,-0.0,-0.0,-0.0,-0.0,-0.0,-0.0,-0.0,-0.0,-0.0,-0.0,-0.0,-0.0,-0.0,-0.0,-0.0,-0.0,-0.0,-1170.878327201288,-0.0,-0.0,-0.0,-0.0,-0.0,-0.0,-0.0,-0.0,-0.0,-0.0,-0.0,-0.0,-0.0,-0.0,-0.0,-0.0,-0.0,-0.0,-0.0,-0.0,-0.0,-0.0,-0.0,-0.0,-0.0,-0.0,-0.0,-0.0,-0.0,-0.0,-0.0,-0.0,-0.0,-0.0,-0.0,-0.0,-0.0,-0.0,-0.0,-0.0,-0.0,-0.0,-0.0,-0.0,-0.0,-0.0,-0.0,-0.0,-805.3142788589461,-0.0,-0.0,-0.0,-0.0,-0.0,-0.0,-0.0,-0.0,-0.0,-0.0,-0.0,-0.0,-0.0,-0.0,-536.8690909879175,-0.0,-0.0,-265.41291288867643,-0.0,-0.0,-0.0,-0.0,-0.0,-0.0,372.21157041284846,-0.0,847.3199672882947,-0.0,-0.0,-0.0,-0.0,-0.0,-0.0,-0.0,-0.0,-0.0,-0.0,-0.0,-0.0,-0.0,-0.0,-0.0,-0.0,-0.0,-0.0,-0.0,-0.0,-0.0,-0.0,-0.0,-0.0,-0.0,-0.0,-0.0,-0.0,-0.0,-0.0,-0.0,-0.0,-140.605276910209,-0.0,-0.0,-0.0,-0.0,-0.0,-0.0,-0.0,-0.0,-0.0,-0.0,-0.0,-0.0,-0.0,-0.0,-0.0,-0.0,-0.0,-0.0,-0.0,-0.0,-0.0,-0.0,-0.0,-0.0,-0.0,-927.9040961747836,-0.0,-0.0,-0.0,-0.0,-0.0,-0.0,-0.0,-0.0,-0.0,-0.0,-0.0,-0.0,-0.0,-0.0,-0.0,-0.0,-0.0,-0.0,-0.0,-0.0,-0.0,-0.0,-0.0,-0.0,-0.0,-0.0,-0.0,-0.0,-0.0,-0.0,-0.0,-0.0,-0.0,-0.0,-0.0,1457.018909268373,-0.0,-399.2688363232464,-0.0,-0.0,-0.0,-0.0,-0.0,-0.0,-0.0,-0.0,-0.0,-0.0,-0.0,-0.0,-0.0,-0.0,-0.0,-0.0,-0.0,-0.0,-0.0,-0.0,-0.0,-0.0,-0.0,-0.0,-0.0,-0.0,-0.0,-0.0,-0.0,-0.0,242.39514494951334,-0.0,2301.1379985686176,-0.0,-0.0,-0.0,-0.0,-0.0,-0.0,-0.0,-0.0,-0.0,-0.0,-0.0,-0.0,-0.0,-0.0,-0.0,-0.0,-0.0,-0.0,-0.0,-0.0,-0.0,-0.0,-0.0,-0.0,-0.0,-0.0,-0.0,-0.0,-0.0,-0.0,-0.0,-0.0,-0.0,-0.0,-0.0,-0.0,-0.0,-0.0,-2450.2441114602716,-1567.931400805873,-0.0,-0.0,-0.0,-0.0,-0.0,-0.0,-0.0,-0.0,-0.0,-0.0,-0.0,-0.0,-0.0,-0.0,-0.0,-0.0,-0.0,-0.0,-0.0,-0.0,-0.0,-0.0,-0.0,-0.0,-0.0,-0.0,-0.0,-0.0,-0.0,-0.0,-0.0,-0.0,45.16298621330755,-0.0,-0.0,-0.0,-0.0,-0.0,-0.0,-0.0,-0.0,-0.0,-0.0,-0.0,-0.0,-0.0,-0.0,-0.0,-0.0,-0.0,-0.0,754.5455031481628,-0.0,-0.0,-0.0,-0.0,-0.0,-0.0,-0.0,-0.0,-484.6385875716286,-0.0,-0.0,-0.0,-0.0,-0.0,-0.0,-0.0,-797.3079940993777,-0.0,-0.0,-0.0,-0.0,-0.0,-0.0,-0.0,2386.9801886650403,-0.0,-0.0,-0.0,-0.0,-0.0,-0.0,-0.0,-0.0,-0.0,-0.0,-0.0,-782.4132388696578,-0.0,-0.0,-0.0,-0.0,-0.0,-0.0,-0.0,-0.0,-0.0,-0.0,-0.0,-0.0,-0.0,-0.0,-0.0,-0.0,-0.0,-0.0,-0.0,-0.0,-0.0,-0.0,-0.0,-0.0,-0.0,-0.0,-0.0,-0.0,-0.0,-0.0,-0.0,86.97217436174552,-0.0,-0.0,-0.0,-0.0,-0.0,-0.0,-0.0,-0.0,653.8231333031428,-0.0,-0.0,-0.0,-0.0,-0.0,-0.0,-0.0,-395.34797596793794,-0.0,-0.0,-0.0,-0.0,-0.0,-0.0,-0.0,-0.0,-0.0,-80.07745791483735,-0.0,-0.0,-0.0,-0.0,-0.0,-0.0,-0.0,-0.0,-0.0,-0.0,-0.0,-0.0,-0.0,-0.0,-0.0,-0.0,-0.0,-0.0,-0.0,-0.0,-0.0,-0.0,-0.0,-0.0,-0.0,-0.0,-0.0,-2164.733038956344,-0.0,-0.0,-0.0,-0.0,-0.0,-80.91321811293491,-0.0,-0.0,-0.0,-0.0,-0.0,-0.0,-0.0,-0.0,-0.0,-0.0,-0.0,-0.0,-0.0,-0.0,-0.0,-0.0,-0.0,-0.0,-0.0,-0.0,-0.0,-0.0,-0.0,-0.0,-0.0,-0.0,-0.0,-0.0,-0.0,-0.0,-0.0,-0.0,-0.0,-0.0,-0.0,-0.0,-0.0,-0.0,-0.0,-0.0,-0.0,-0.0,-0.0,-0.0,-0.0,-0.0,-0.0,-0.0,-0.0,-0.0,-0.0,-0.0,-0.0,-0.0,-0.0,-0.0,-0.0,-0.0,-0.0,-0.0,-0.0,-0.0,-0.0,-0.0,-0.0,-0.0,-0.0,-0.0,-0.0,-0.0,-0.0,-0.0,-0.0,-0.0,-0.0,-1631.913910792877,-0.0,-0.0,-0.0,-0.0,-0.0,-0.0,-0.0,-0.0,-0.0,-2036.147368618125,-0.0,-0.0,-0.0,-0.0,-0.0,-0.0,-0.0,-0.0,-0.0,-177.49509445625037,-0.0,-0.0,-0.0,-0.0,-0.0,-0.0,-0.0,-0.0,-0.0,-0.0,-0.0,-0.0,-0.0,-0.0,-0.0,-0.0,-0.0,-0.0,-0.0,-0.0,-0.0,-0.0,-0.0,-0.0,-0.0,454.5029576439836,-0.0,-0.0,-0.0,-0.0,-173.28865443152455,-0.0,-0.0,-0.0,-0.0,-0.0,-0.0,-0.0,-0.0,-0.0,-0.0,-0.0,-0.0,-0.0,-0.0,-0.0,-0.0,-0.0,-0.0,-0.0,-0.0,-0.0,-0.0,-0.0,-0.0,-0.0,-0.0,-0.0,-0.0,-0.0,-0.0,-0.0,-0.0,-0.0,-0.0,-0.0,-0.0,-0.0,-0.0,-0.0,-0.0,-0.0,-0.0,-0.0,-0.0,-0.0,-0.0,-0.0,-0.0,-0.0,-0.0,-0.0,-0.0,-0.0,-0.0,-0.0,-0.0,-0.0,-0.0,-0.0,-0.0,-0.0,-0.0,-0.0,-0.0,-0.0,-0.0,-0.0,-0.0,-0.0,-0.0,-0.0,-0.0,-0.0,-0.0,-0.0,-0.0,-0.0,-0.0,-0.0,-0.0,-0.0,-0.0,-0.0,-0.0,-0.0,-0.0,-0.0,-0.0,-0.0,-0.0,-0.0,-0.0,-0.0,-0.0,-0.0,-0.0,-0.0,-0.0,-0.0,-0.0,-0.0,-0.0,-0.0,-0.0,-0.0,-0.0,-0.0,-0.0,-0.0,-0.0,-0.0,-0.0,-0.0,-0.0,-0.0,-0.0,-0.0,-0.0,-0.0,-0.0,-0.0,-0.0,-0.0,-0.0,-0.0,-0.0,-0.0,-0.0,-0.0,-0.0,-0.0,-0.0,-0.0,-0.0,-0.0,-0.0,-0.0,-0.0,-0.0,-0.0,-5713.084477126086,-55.54087076054979,38494.2059196713,-3857.9803921293224,-4803.390515529391,78137.32664430032,-0.0,-7115.539200139472,946.1169869474602,2262.63736549153,-25998.036254930783,-0.0,-5025.9386990835355,-0.0,-0.0,36178.428994222195,-11921.574927330945,4091.022843823589,6755.749973929935,-4843.119736141084,-29208.208406357455,-9433.272746803192,55.195670447084076,-96.80772802387833,-6622.515469931077,-0.0,-14237.583414650662,-19791.204471440753,16720.247557528575,-618.3500193569679,8.561576178542467,50455.00452115091,-3416.9852791575204,-128370.79575040353,-3038.7563436152036,-24671.1395967373,-20542.75251759269,-6829.554990028208,-6618.3639695498905,-15937.866042750476,13641.280270716032,-2663.8748571224714,-4477.076362312724,-3996.809427184504,-12130.829001303558,8938.422979907851,40938.98222784321,-1090.2648937756628,75.47371738456552,23178.16172612275,5778.764331859995,-604.1724335865871,15939.409055166147,8945.626466115293,-6232.672088231426,-7912.159334238952,-4189.060276540776,380.0420083958675,-0.0,-0.0,-290.1228847721992,-8824.925142017475,-3776.900203501439,-3305.6520450302496,-1891.2373121851103,-5006.973749495925,11894.95837654178,3965.837145478006,-9083.204510136931,21640.397121173744,-21830.90923113937,-37613.982098907894,74971.61199680126,-24877.882145233525,-10051.048695590476,-2375.9675412730808,-4019.796664307027,-6556.64512065259,-5119.364163224253,-35855.76952467351,-0.0,-14744.837707438819,-0.0,3306.4061251942185,-0.0,-0.0,-15305.522457558356,-1319.4399925109333,-0.0,-0.0,4345.058436521027,-0.0,-0.0,-0.0,-7614.389154367554,-4988.514524054904,-8049.859224613505,-7979.922110162328,8474.32428900631,-0.0,-32174.495080354136,50518.81599017059,-0.0,-0.0,-21976.786692851932,-11386.074997346319,204.00321664414656,55.06486978675607,-0.0,58793.23760649891,-0.0,-0.0,-0.0,-0.0,57480.41354408309,-1122.0751299369279,-0.0,-12139.837195685623,-0.0,-6661.285226681932,-1448.788001401233,-3531.084337014802,-17264.476582432704,13586.661981773064,-1612.7995479546717,-10146.455657395923,-0.0,-0.0,-5454.724763191378,-7539.514383493478,-11275.325447720954,63032.678340151935,-0.0,-194.77783148802257,14033.699778519558,3528.29912955988,-2147.6589114329904,755.687554566418,5768.539282940406,-4041.3900735354764,-88.747280826422,-19473.987311569545,481.42722072127134,14702.071253197531,-875.3298659608703,13848.568253395337,54799.88412319743,3364.9435566754387,-73.00048932798343,10204.679555222552,-2256.513344712879,-8412.874223343637,-11081.822277030586,-15986.663227579473,-0.0,7091.4161197632175,21702.910450169595,23562.207467919383,-10592.875716035447,8053.9133829635975,9624.91345764538,-8884.543330479079,17452.99827397413,-15561.842505658195,-0.0,4985.15501269681,-13269.908872784701,-17286.190735093795,-9391.79203298568,27724.615078741863,3466.9241800370937,-0.0,-6644.515406326302,-0.0,-3004.9428758756967,105.48211290192417,-4399.671149324146,-0.0,223.7300346681129,-266.9429422431065,-23797.23966717649,-13843.732732049688,23947.416030157034,-7522.03278867786,3849.5477633492487,6157.771841613381,-7112.3445222196015,-5762.1717218657905,-12561.476200714122,-0.0,-2310.299857056549,-1945.3001654889438,-0.0,1387.3940596182877,-397.401898957378,-0.0,-0.0,-15916.05800963784,-3888.546488285597,3235.2634945274895,-5276.933689976446,-0.0,-0.0,-0.0,60028.31202234007,21998.478545204103,-0.0,110.23395249954127,13174.54352966442,-0.0,-4702.971823277988,-2630.1557611260455,-0.0,-4739.817832913155,-9920.94134488827,130488.63687101172,-13133.573251928121,-9521.104943335735,-36505.07623802385,-0.0,1592.6185854396783,3213.2071845581054,-10610.451051416834,32353.290597052877,-8833.263768630968,-43133.04888455902,-15467.371639384242,-9968.956803003444,-0.0,1336.7056271715655,-5243.5387805944865,26069.112574547067,-169.1508175845874,-465.27076342603857,-11705.435880952757,-10023.320710458429,32182.574102368744,-0.0,-2322.161100307675,760.8215864477504,-0.0,-0.0,-0.0,-0.0,-0.0,-0.0,-0.0,-0.0,-0.0,-0.0,-0.0,-0.0,-0.0,-0.0,-2301.075948021313,-0.0,-0.0,3704.9476616979227,-15851.037757487224,-752.8936637046238,-11189.870894527143,26988.78254413438,8758.293045381582,-4227.453393533194,3716.828712014924,47712.73172074528,-0.0,-0.0,-4538.205243967637,3479.536832502413,-7331.19644544151,-9101.82199092726,-0.0,-39.973125308819036,10833.60332717238,-4900.646043002782,-2910.345081583539,3924.1541543030175,-27183.85606814571,32926.95949861322,-6223.156850674673,-1087.7156254924987,14711.113185003993,-0.0,-0.0,-0.0,-0.0,-0.0,-0.0,858.8503586071154,49969.88419760644,-10866.045378041374,-11884.337508970611,-9625.95906367565,-0.0,-9795.249003555926,-14080.105026991152,-0.0,-0.0,-0.0,494.1233933643812,451.7769371581864,732.4470761536992,2694.463658051729,-0.0,4260.353067992789,904.6059667234607,931.6250166595083,896.6276897366952,780.0172498349613,3048.1042499812897,1724.935678863135,2931.5092328172736,2637.5506724137285,2874.301004042238,3102.725945899281,39406.052484796324,37177.3319603738,43746.37691336456,40693.42900831206,10083.688057515552,9057.89335455082,9307.066872808977,10472.457140155122,5079.0487072620745,2158.3283951780545,2243.0413973995055,2331.709449357628,2233.8572632001974,2351.8135181239454,4923.338550642491,4625.065637313258,1581.1373357293994,1324.556974675342,679.3466809376065,433.87912834796884,546.8441795285066,36236.795631380446,35098.986273302784,39197.26685532926,34773.09391043124,61163.48138120591,57844.6843171328,1393.2707568133005,1258.6255463070113,1384.8440538496916,1330.2079401292192,1296.3056737610405,1351.4111503162942,697.6883913594012,61071.674873045726,54459.24660786852,53919.48201585052,2944.790888738258,2811.6750402834373,3035.49494905589,-0.0,8810.105075644144,9427.177335384653,40876.46302430813,35521.54289758255,41729.283021423995,63518.30851505585,62201.84975109206,70879.71623851504,60945.45979983859,2921.5354543025787,2517.554891555121,5406.078858876775,-0.0,20779.03703970281,23539.58578906184,-0.0,1646.2211861074009,1601.9205756210997,1612.047146616436,1565.5521193654552,1562.731912170613,1584.01530561434,41129.96889856454,41378.24132492655,38522.28712270532,35215.62236341602,1252.359874176706,1361.3207816322288,-0.0,-0.0,15895.810639432862,39920.80893164165,34906.2681669526,38920.63678037715,42085.99506969839,-0.0,58171.76481410961,54123.550514157585,1106.8558016035133,2457.315899995883,2350.545906888361,2513.4189603160735,2625.2870584600596,2656.205244269007,62024.23771254009,59630.8733857989,-0.0,-0.0,17161.173455482298,1143.7443362435306,38790.75695868234,40682.08828751516,36071.07596292862,37558.33553248661,41107.83936200717,33928.68256429373,-0.0,17065.251515323736,10650.306510941076,-0.0,-0.0,1455.86863126438,1554.8175781522477,802.8924715411058,894.9054702955198,462.5418205298568,468.8717557819651,-0.0,1104.5016476521255,1102.9043632054616,1175.3862209567567,1352.1764750628874,-0.0,1724.4928175714147,1681.2619476546356,1996.1394185057675,2596.1466513747387,2570.3014685048524,2359.5530188229013,830.2174316926264,936.004499972932,922.9359458805313,1530.6319071283338,985.6026367371585,1063.439610162909,1085.540841022673,1000.4230338108347,8843.238951875932,8836.007194772665,283.81175945711016,279.1357622865918,3756.953144865548,15237.471552095856,1529.7262402407396,1633.773139676867,-0.0,-0.0,9343.617244739009,9350.848639405996,9216.479074633557,8056.910028727749,2150.6302830416794,2130.3353218246452,37704.124860551296,34529.96380486822,10100.597011381797,7518.3090415822035,-0.0,54695.75881064646,2079.20562907874,2457.790226212568,1110.2996516507944,58446.750026920476,58770.43276483327,62440.422324929954,51822.49628738532,221.26238049232145,61147.426254472695,55391.80819426217,-0.0,-0.0,25302.169040921523,-0.0,1274.5375196176835,1092.5819006538657,1113.2873171267538,2380.5974537768047,10071.001434206384,18845.259689739512,1964.9407644352498,1897.8578090911953,25.749879456357217,734.5322953112463,744.2499873285943,17643.850509835258,1538.8436084125165,-0.0,-0.0,-0.0,1116.5495312125865,-0.0,1167.9546847903598,-0.0,6537.835466672468,6636.7493397100925,5966.85981006593,6172.630147811432,933.1051523247843,-0.0,902.7782444005315,-0.0,-0.0,1025.7490535929003,1081.4593499342025,1122.840215314711,949.3085533840032,839.2453814068776,785.2455479842365,1837.7344612752624,1755.0676385319266,1689.8894332326006,-0.0,3239.8464465276634,2837.186649137666,3319.487037141386,3173.613510245711,5074.352237095436,52573.88383674571,55140.07733747939,10990.935175997329,22379.624003511708,16020.496519728436,19247.370870575352,1774.854518429534,2138.1679087724683,979.6663077906998,900.5611223501802,2346.0491595971807,-0.0,41174.18181703061,35599.089393233975,1506.649977302613,1219.9812768038964,1302.6754413826638,5825.522265101065,3308.052397668766,3120.135082640509,36448.28881385266,34481.055601930464,38352.06091142537,44421.82644839542,-0.0,-0.0,-0.0,2418.86675625717,2580.4543316793306,2676.7665037126035,9679.783629151038,9254.401953965977,6702.818412438949,2489.4917617171814,2634.887574811243
12,-0.0,-0.0,-627.4331472585279,-2175.954339431205,-552.2695752815133,-523.2213330300606,-103.23123596724965,-640.1867566162836,-606.342169047875,-0.0,-1353.6297199488583,-0.0,-0.0,-2764.407879986266,-0.0,-577.4238994776417,-462.9501863868666,-0.0,-46.45324213570473,-249.8151725232536,-315.8173518728499,-721.1688705984378,-921.4584988481625,-758.1113992081838,-2219.346083851531,-650.8017864998935,-0.0,-42.26268145203436,-2984.76631674414,-1848.489181008109,-0.0,-0.0,-0.0,-0.0,-0.0,-0.0,116.52079019061792,-213.81915195598344,-1876.806190719303,-1600.623973236262,-0.0,-0.0,-141.5407150224017,-552.1845628502974,-173.82719057336575,-0.0,715.067017781987,-1874.1147403432094,-413.08478255399905,-0.0,-0.0,-281.72616238725726,-0.0,-11.899345752137293,-2192.565988486573,-2972.3102895679363,212.91114710671076,-6086.8131881891895,-225.91411831076567,-0.0,-1909.3754290452725,-0.0,-702.9828833271291,-3157.5115679108944,-520.1234729640627,-519.3601706140948,-44.13085084166196,-2236.064160645212,-923.3551512482221,-474.19363688033974,-2947.8916728508966,-0.0,-0.0,-2748.8825925547617,-1058.7736726812227,-238.01108174963534,-1832.7017518192204,-0.0,-0.0,-1395.4532956028029,-1499.6139912090634,-525.4596369938537,-3632.4769791242857,4.149422510386239,-27.826708607497796,-2205.9971513337223,-0.0,-637.4923184832635,-1028.7983578986048,-7.873505183327195,-0.0,-1390.7725786220772,-88.58852750872961,-833.0432693614493,-2237.7352110287757,-42.615347882069,-2685.3658872314827,-443.7740235188587,-1474.1606672199746,-2927.5845884871637,-745.031205146403,705.7855447788758,-577.4259263145304,-0.0,-1453.9453885682335,-2445.2486063267693,-4885.290580829302,-486.5604954145788,-3205.513741193253,-0.0,-1712.9027967458987,-0.0,-0.0,-572.5913309766398,-0.0,-0.0,-695.3027240771539,-85.9444370596718,-1586.9469938976913,-961.5259854224754,-858.5336760557815,249.33889318454436,-485.43893923942386,-323.0582691570823,-224.88091838609304,-8.615156259208575,-574.7122571531464,-647.4854034995572,-803.8609696537928,-0.0,-5171.9051205921805,132.63996475685457,-115.03508352411693,-4673.48108028038,-0.0,-1103.995122544019,-67.9946897352613,-0.0,-338.5846490318849,-0.0,-0.0,-895.6865923261026,-0.0,-745.4303320047883,-964.2562779543705,-0.0,-1169.7922295910496,-302.8400454714104,-671.4934808328142,-2265.0219338005295,-0.0,-1787.626028334021,-1258.2381215377482,-0.0,-0.0,-0.0,-0.0,719.939935330546,-0.0,-1727.8952643116822,-1843.6638131361547,11.985158580243946,-0.0,-0.0,-728.0443204670252,-576.8527671369803,-810.5269227495121,-0.0,-464.10111400247683,-3235.4434333347813,-1121.8587377970543,-0.0,-1289.0658218420974,-2648.889932050428,-0.0,-0.0,-0.0,-0.0,-0.0,-0.0,-536.2771860449659,-655.8966951730739,-251.03546943025353,-213.40517370888523,-1443.6401189926166,-56.30985304620604,-0.0,-0.0,-765.329490123159,-0.0,-600.354253027742,-30.976687721123152,-4.590630201276235,6.297930830050666,-0.0,-0.0,-1278.400301565802,-458.7274989444677,-507.00257670142764,-0.0,-3669.251645220895,-2158.400990981643,-1115.412334240245,-0.0,-0.0,-2392.3549282615813,-1580.6963633949665,-708.8331868659271,-91.32444915716088,-1831.465708028421,-1527.2425572280156,-0.0,-0.0,-1813.7380549411516,-0.0,-852.9402931456599,-1387.437361064415,-148.07980883276466,-449.6137765363969,-646.5504858609048,-611.2289946963265,-0.0,-1652.5062764083991,-0.0,-3623.2701993964492,-3063.4742775634018,-200.2546505013313,-431.37200436470044,-509.2580192938251,-0.0,-306.77194194796783,-284.40502968031365,-0.0,-1165.752367468655,-745.0259373668649,-1212.18012802818,-1702.9108933767939,-1003.6779413797061,-2324.1631665710847,-2266.990824681427,-2638.759492435463,-2410.063867838321,-1110.0502930066637,-2320.734737634769,-554.351697323659,-637.1000681847562,-0.0,-1310.5618536678737,-1176.0013889233192,-1081.21399009286,-448.27464726565063,-431.29463565872953,-2205.987630957782,-841.2458464916842,-449.93333376324495,681.2411087705727,-0.0,1087.183528754298,-1485.533003619176,-0.0,-0.0,-0.0,-0.0,-0.0,-0.0,-1394.987759292496,-2974.9966597332514,-541.5079590481636,-1063.414225235399,-0.0,-0.0,-1997.5651182831973,-1306.8523075512835,-2272.204865100404,-0.0,-0.0,-150.21012983028635,-63.48663784205363,-429.2270354772204,-2023.1597640482983,-544.7826234940129,-0.0,-562.464116242495,-739.0380332107657,74.28859481164004,-1297.5526730650358,-1595.7314263009791,-1446.3866828952116,-1978.7011151874933,-335.01526536599965,-637.2313236961567,-45.32356643451815,-1883.1259040202526,-0.0,-915.4420100343534,-178.66344648759107,-91.66820169763865,-634.6525598106285,-0.0,-2337.8276742059006,-139.5354184991429,-740.153810979979,-1719.0832979778756,-1700.423817750917,-0.0,-622.1646746588693,-836.7491081976025,-27.705724763052686,-273.3510615739801,-546.6122034735355,-60.56306884619187,741.3508017987465,-1284.0382302723276,-0.0,-1011.4640276488345,-1671.7863130545647,-0.0,-537.6363478405016,-0.0,-1678.0219358030245,-0.0,-0.0,-0.0,-1261.9645543912936,-789.259788108587,-500.9245778633125,-0.0,-1733.0898310425112,-3343.15967822161,-4008.7787776639734,-0.0,-362.7469023645508,-0.0,-307.5759105566972,-124.9804835726633,269.65190611078634,-624.9759198984323,-0.0,-753.2183748182514,-995.8989000991156,-342.86736293697544,-632.5838633395566,-0.0,-479.2195338107398,-995.5609133754571,-589.592675357775,33.157228518009454,-2473.161735375548,-0.0,-0.0,-1510.4953029590856,-272.69526147481923,-1491.0353268457156,-103.99795039092494,-138.96371910629873,-236.12932675202413,-664.2573362812698,-1089.1889655812308,-1456.4530066481232,-2260.8027137536615,-0.0,-0.0,-436.3250731601307,5365.111161980896,4.682439488597587,-0.0,-0.0,-0.0,-0.0,-2508.390682060668,-524.5464197743024,-0.0,-1070.6588332993385,-1000.9981179875066,-805.4791784746724,-2393.9303790879635,-273.5867220899309,-1262.5163717650767,-0.0,-0.0,-2153.2749342121983,-729.0534356693755,-1847.416732092994,-781.8122043565409,-889.2900169883306,-1981.6823495622589,-238.61742797632849,-1805.9744302769277,-1183.9083016165234,-33.99172253648487,-1104.7137076859317,-1215.874064309133,-247.7265456518966,-241.36285012196657,-2065.2157236359635,-0.0,-508.6866531746159,-302.36367537199703,-33.19345607257615,-862.0989180667873,-230.33708222520312,-1023.065978564964,-951.3008337382721,-1357.5784931780836,-252.35358153651728,-2723.0192176299233,-62.03257727833102,-650.0939554469666,-0.0,-851.5273066729629,-809.3023040312861,-1039.1399666607006,-1245.0355087027003,15.635484991370806,-438.24271763927396,-2781.0955604469887,-855.375196700116,-411.6420966799796,-1224.737267922343,188.2917632788362,-0.0,-0.0,-0.0,-0.0,-0.0,-0.0,-11.868911981625324,-186.31986276873698,-2478.9967431349573,-5293.754581048171,-528.6261603219765,-1054.1637605776164,-149.05068297789813,-572.955215464566,-1454.1363107706763,-1203.0333986946905,-42.44798489134966,-584.8903832668457,-534.183439984162,-0.0,-102.1520548620878,-1202.1159833254783,-513.1967827181522,-0.0,-1111.7552709139072,-0.0,689.5531532858464,-0.0,-0.0,-0.0,-43.88961121694266,-0.0,-0.0,-1155.821947699382,-453.05466082204083,-1298.1962279474935,-0.0,-0.0,-0.0,-965.1915171909725,-628.2893816137896,-1429.095004548432,33.87107877084663,300.70516604147224,-0.0,-0.0,-3335.48847065369,-1329.4528949839146,25.099478971486175,-61.848631674703185,12.510072866199375,-20350.8068506027,-20227.565384059588,-2522.6022861806487,-0.0,-0.0,-0.0,-0.0,-471.9701860505647,-0.0,-0.0,-660.0277070856116,-2450.5308796606428,-2133.1391897015324,-1455.8535075415293,-373.7554677606366,-1989.8837704085975,-34.48637326303764,-1401.3957485478786,1055.4696101007708,-7.976366669278507,-979.7124626199927,4.213944260723159,-0.0,-0.0,-0.0,-0.0,-172.65630752925185,-0.0,-0.0,-0.0,-999.6404166201087,-1602.6720757092373,-0.0,-0.0,-278.58632577539635,-2406.2654344182993,-0.0,-1534.05117032798,-1804.804887665157,-2206.8740324616,-0.0,-0.0,-112.83647066753043,-93.48294709964964,-1119.0770508561006,-1636.688397461569,-606.5429184958373,-1436.055516954789,-1362.5213916381986,-0.0,-0.0,-0.0,-0.0,-466.18740093661273,-278.3832660747158,-0.0,-0.0,-105.91015632674637,252.61735201637552,-0.0,-1359.3936139995244,-1130.729819997754,-1175.4856548036914,-0.0,-0.0,-696.5176186588925,-1316.3048303355092,-816.4436248343364,-450.43230873927683,-0.0,-2416.7302648614905,-2531.420456129445,-0.0,-0.0,-0.0,-0.0,-0.0,-1600.0343432415452,-0.0,-2481.357326023372,-1436.3150827390925,-77.1793271110977,-0.0,-0.0,-0.0,-2970.5501048643687,-1466.964400058005,-603.7171865937019,-521.4201260704141,-1339.0261898410267,-699.1402751181249,-0.0,-0.0,-763.0291735515093,-1512.4593466895492,-76.80635299379114,-517.694924128941,-0.0,-958.3012225960244,-730.5116595527953,-1988.7715359297997,-0.0,-349.4230767796047,-144.65839082542294,-361.01500793006,-1607.8639286283071,-323.0836279751474,-0.0,-0.0,-0.0,-0.0,123.67111923080915,-161.6961710117386,-976.118830792346,-1659.3735823789582,-1248.7717534536935,-495.38087497308044,-644.5223458935895,-6524.63453064268,-910.9590349951583,-595.3937731808344,-0.0,-0.0,-0.0,-308.0928383810018,-440.200031001256,-1383.4702722193342,-408.4346955761669,-0.0,37.58126345189065,-0.0,-0.0,-0.0,-0.0,-0.0,-0.0,-0.0,-110.6770014241563,1797.8936873857474,-0.0,-1653.204339109573,-772.4537761508924,-465.3782682191607,-1815.6704188835283,-0.0,-0.0,-742.8676267984528,-758.2988708017031,-124.77745181678635,-144.8349829428562,-154.2144137316577,-684.520175400267,-175.23371350513878,-2057.8986866671753,-391.43499814303044,-452.4435233802042,-0.0,-0.0,-1643.2662018193375,-3116.208236230922,30.68546167248897,-571.2185225187948,-400.50314802767423,-1011.2156636121189,-1383.6318720418672,-834.281446484798,-320.2798670638545,-182.56342231355694,-1414.4764085588902,-0.0,-0.0,-0.0,-0.0,-0.0,8707.73300618244,-79.79341478472858,-593.3898465199121,-749.9835001879723,-1192.4527750000861,-1311.3529981286126,-1434.2198047926663,-1788.1649811472887,-2063.9660445449617,-487.5693366072985,-0.0,-0.0,-1649.9275006902608,-0.0,-0.0,-340.7960606774632,-2141.7605564329856,-1348.4681047377383,-542.5396968701342,-68.9925851932968,-1817.7819058368589,-0.0,-1573.8382219659904,-0.0,-0.0,-0.0,-0.0,-0.0,-0.0,-531.3546812132066,-1440.6465134663536,-1168.282736213604,-92.8723666848515,-269.64913435243926,-665.7333611983613,58.23186295597829,-0.0,-0.0,-630.4105699774814,-598.4854621799507,-4388.502078328854,-0.0,-1390.639924857366,284.0132705166126,146.86446369377143,-0.0,139.85751154507898,-217.42561159453132,-162.67069850091437,-498.7936452075314,-0.0,-1933.1828716612836,-0.0,-0.0,-1196.163471027911,-0.0,2663.9149618671036,2591.634761403034,2444.736229115235,-0.0,-0.0,-1991.2608433635755,-0.0,-0.0,-381.27291420786077,-1019.0412039306234,-813.6711442396662,-994.511458922782,-1181.2615727919278,-0.0,-0.0,-0.0,-0.0,-805.2656339959395,9.412315805170078,-59.62228547556376,-1142.8627159188734,-1099.2744297873444,-411.27596363535014,-1626.7372599263176,-0.0,-2303.237880905277,-1193.9505571344052,-1558.4801790688025,-462.15214894926885,-427.4844034747347,-0.0,-1416.8175710521232,-790.5989300069449,-966.6945103255525,-2339.9034065678607,-625.5810668515246,1160.9708799370133,522.946676008224,-361.6617876647682,-1372.0599736039242,-0.0,-1917.0611072663712,-3844.7588936886846,-487.620205503345,-531.0801505523524,-0.0,-0.0,-0.0,232.92618369519434,-391.86322256758234,-575.8254995402447,-163.13520482102606,-523.2098460857005,-560.2104620026441,-0.0,-477.65965099145745,-1033.5982204253417,-808.2804219597971,-0.0,-1991.0429026022714,-4823.094517010537,-0.0,-0.0,788.4469975309221,687.0125379359085,-0.0,-0.0,-713.9304128603218,-1023.1505466143859,-359.82906586891227,-744.3916951238161,-0.0,-0.0,-0.0,-0.0,-0.0,-2965.653463807835,-474.4418784331376,-1794.3225440255624,-1252.253401659902,-0.0,-472.9976334895182,-443.4989363698363,-0.0,-244.64034040073327,-762.1857791014244,-1317.235732427665,-4434.833422685395,-86.14784282133648,-0.0,-0.0,375.6435963380138,863.5170292667452,-0.0,-0.0,-417.3321754269469,-0.0,-0.0,-0.0,-2804.255030518426,-0.0,-592.4464662914493,-0.0,-0.0,1890.1925605753247,2368.562911659614,2258.493947974145,-0.0,-0.0,-508.1760186667565,942.8261558860277,-2857.02521135919,27.74148992972332,84.39777015798116,-2745.5204406287776,-118.25274762755751,-220.1316711088099,-715.4426712480304,1054.0040215043623,3629.780272046836,-3282.2096123332103,-0.0,-0.0,-1057.4404438177646,-1810.367712154668,-1308.8710335081787,-260.41308224033844,-47.046164417596025,-0.0,-0.0,-0.0,-0.0,-2180.1034071481035,336.5937213502963,-0.0,-3.9912156491059467,-0.0,-1812.5927298826564,-2250.202772910472,208.16140252969373,-0.0,-0.0,-418.43130975788483,-0.0,-1848.2148723761334,-104.69673328759934,-1266.6396536081977,-495.0633902701417,-1299.4936357111542,-726.9774451605962,-1255.3609865463823,-756.7032425227395,-0.0,-0.0,-0.0,-127.6969074884129,-0.0,-0.0,-292.17638517127233,-417.3882593400972,-726.8760551485332,-0.0,-1508.1085337688091,-1166.1798965887076,-980.2736757025432,-8.100609039331372,-8.279989410514652,305.5871118608605,43.94504252927708,-0.0,-0.0,-13.640263601835594,-1953.9295531434052,-680.8553858202669,-1060.3104735608497,112.94226557487188,-2408.3143273605024,-2008.1341916320416,-1055.4831226862275,-1181.2277738447672,-49.850858901150545,-642.2878017405909,-779.7766618372632,-1391.3832010774995,-2247.0475543480825,-0.0,-2248.63716775777,-167.3644301607017,-0.0,-2758.6108520909083,-2949.6575440352044,-2575.624651912351,1693.6862569686161,-0.0,-1942.571800834175,-253.05869436924007,-1369.0309451048636,-655.3309020730097,-131.61621022141938,-2428.910202198157,119.51577018333383,1835.5444506062727,-0.0,-222.650171757852,-450.6105501508797,-1197.3608076326195,-1299.4525789052018,-1917.6813321646337,-4493.7727770898055,-0.0,-626.2445401632342,-1440.0276109123579,-758.0478094651221,-265.6119107850218,-30.53489204613938,-342.4543161755098,-0.0,-0.0,-0.0,-0.0,-362.37640307521866,-1392.9412489355211,-964.4510988660523,-70.26058385411318,-631.8652744191567,176.19516870894122,-0.0,-0.0,-955.3137416212493,-558.3373787082542,-0.0,-2351.231499612192,-103.861417970096,-1424.5929380564262,-0.0,-222.99418154287,-216.99739015391685,-0.0,-0.0,-505.2021789772852,-0.0,-0.0,-4530.100445760212,-211.1058321641057,-2741.467322894229,-0.0,-0.0,-120.34799036812585,-1628.147706070408,-667.511393533388,-411.9679877739737,-1621.7734176568492,-0.0,-755.2638306456294,-0.0,-585.5285436180204,-0.0,-0.0,-217.93716634194655,-91.46832407970871,12.213462515197843,-432.8810690880057,-1559.9207882274522,-2303.434567941501,-0.0,-0.0,-0.0,-27.475520121965953,-410.9892855036235,-0.0,-1781.9107339194993,-3172.0757136679163,-0.0,-0.0,-62.323444908852935,-1771.9610063470343,128.89628048691176,-0.0,-0.0,-0.0,-0.0,-515.344650325702,-2324.2672803517444,-224.58304294958833,-1504.3576578483612,-0.0,-0.0,-709.40855867537,-521.9012942198632,-373.13017166229764,40.65957105210449,-0.0,-0.0,-0.0,-923.0135908261038,-716.5191082031934,-554.1491631519552,-350.79460315286843,-0.0,-0.0,-0.0,-0.0,-2547.15025817679,-90.58078294497847,-25.85741851559689,-0.0,-0.0,-736.073034589524,-399.0327742763172,-0.0,-2071.233595541614,-4906.55896985294,115.44215207738148,-1286.2367371787784,-0.0,-0.0,68.46494296672553,-549.3778107183,-1999.0854227286723,-564.5119158741892,-3167.9886470705865,-1376.0148110389462,-834.1366871453812,-1563.8253323456543,-0.0,-0.0,-0.0,-40.012324738365976,-1370.4906032695683,-0.0,-0.0,-3291.0524302867143,-87.8955603664841,-1527.3763593767096,-847.3916934503519,-0.0,-0.0,-0.0,-0.0,-0.0,-0.0,-770.7061672987953,-0.0,-1720.8430837222265,-0.0,74.78907862131845,-1441.8049111922176,-0.0,-0.0,-0.0,-2425.8672921118828,-0.0,-0.0,-557.5200343650935,-0.0,-0.0,-1140.0154285556036,-628.4820256674418,-0.0,-0.0,-196.54953951830697,-2144.7358152044117,-0.0,-1204.0122620378572,-926.0630072901768,919.4292805876423,-206.49916172235498,-0.0,-616.2806959950448,-2.4191125248292455,-0.0,-23.92019966642907,-0.0,-393.5426458158204,-0.0,-0.0,-0.0,-0.0,678.3116219543571,723.3600288485702,-969.1466735843234,-1736.4193855222777,-0.0,84.49943576885747,-4.3581801820229975,-91.44117818975496,-1007.7953808079051,136.1202254189923,-586.3614951022254,-444.00443568788427,-202.97676080806087,-3665.598241618663,-0.0,-252.67073983145465,-1943.3621342231995,-2716.341756970411,-0.0,-1231.8441398151356,-1864.5942085137692,-2264.2332007558916,-813.6055589456438,-0.0,-993.6946096900618,-795.2793317880463,-866.2006674652735,-1355.6686969116024,-1078.2428575913216,-0.0,-136.7461318199052,-1457.5707355725474,-0.0,1295.783702174356,-421.96621292278917,717.5355706705931,-0.0,-0.0,-106.8850927504894,-47.0926229019508,-2610.516632466513,-1004.5889615419641,-0.0,-1065.7145678937602,-3429.540195930636,-998.6416354919638,-946.3232587852407,-1281.5584160230965,-434.02726252965374,12.295092162082797,-43.90506710875776,-0.0,-0.0,-1057.1577269508427,-82.82809120344854,-0.0,-0.0,-2120.593237622138,-743.69676836032,-673.379553649366,-2102.4708648928395,-105.05452307716493,-19.51258065356682,-2833.9005576929194,-978.2510684142546,-676.6428536554479,-1140.6734242900475,-0.0,-2404.123235392979,-479.24773964475685,-1421.8419197086398,-1772.9130426308757,-419.0722672753213,-579.7597913348369,-1879.8249689087527,-517.525103446224,-0.0,-0.0,-0.0,-1472.3533345419637,-0.0,-3715.790083373823,-1297.7465245429657,-1626.5666110859434,-0.0,-0.0,-0.0,-0.0,-0.0,-145.28440030637137,-0.0,-265.0575902860407,-1031.2360245987275,-405.42167337946734,-0.0,-0.0,11.815145591133444,-0.0,-0.0,44.604835353244624,-317.2292124604339,-0.0,-594.8628600472931,-0.0,-0.0,-92.03413107204068,-12.689267778811047,-2814.2334613571416,-2442.880493546171,48.39408824369027,-6936.952178182186,-987.5202505295192,-634.9204592449832,-0.0,-851.2305115226519,-1507.8536661772016,-0.0,-0.0,-0.0,31.424422286897578,-0.0,-1550.8369334993977,-0.0,-1550.1071392168178,-0.0,-0.0,-2566.4028735163006,-403.51788457376244,-690.7723753748659,-0.0,-0.0,-0.0,-0.0,-298.4847180765548,-680.4477721882904,1363.1935551729146,1090.5467053942302,-763.8283410233149,-9.366461558311446,-0.0,-322.75802878731145,-351.1736130977131,-1893.8595813370466,-601.082353168302,-127.80702234321124,-1112.2574676918086,-1544.9694682231207,-1005.0641870125099,-665.0034565304616,-0.0,-0.0,-0.0,-78.14037016722443,-0.0,-1848.4459669615394,-722.0884070947023,-0.0,-1963.1129969022652,-1221.4918836677177,-0.0,-0.0,-0.0,-0.0,-0.0,-1102.993914280745,-0.0,-306.0553385475102,-1809.9561881443449,-0.0,-1157.6406425826724,-0.0,-0.0,-0.0,-2853.648569832932,-1405.29629645123,-1051.0569197584487,-2482.1231388644333,-0.0,-0.0,-0.0,-88.51063786445815,-545.4186519626554,4.091876978905611,-446.2397982561684,-319.45247705090185,-0.0,-0.0,-366.8675948560842,-1656.409732395534,-3759.6141939463855,-0.0,-473.44918781490395,-1326.8732471848189,-456.05902056338135,-518.775318880103,-0.0,-0.0,-0.0,-1917.3909081388856,-1864.7547999521937,-43.67957822396211,-1827.9659266436402,-620.9897172643613,-443.1565637956022,-8.328019533046586,-1340.3232365389945,-0.0,-2172.99609572578,-0.0,-508.10703373168724,-0.0,98.60715620090734,-0.0,-0.0,-603.6719848156572,-967.6294985648868,-8.748476039949516,-0.0,1285.4811351321907,-0.0,-0.0,-1980.3359288414579,-1777.7848542664176,-1177.0868508416909,-0.0,-447.69348107820286,-737.4324440382566,-1663.8441697692379,-0.0,-0.0,119.92758102059364,-801.922797266291,-0.0,-0.0,4.533687191867299,686.8007029400736,11.912782785494395,-1595.3526726359346,-0.0,-0.0,-1798.0773981033449,-1845.1272749760394,-88.28993004566198,-0.0,-177.74165198970607,-819.2876223532046,-1092.603119630957,-1866.8916831636664,-0.0,-1022.9749163333786,-6.931079829512015,-0.0,-1712.1345835844768,-0.0,-0.0,-0.0,-0.0,-717.2640264202881,4.312758741832121,-17.00165314491629,-0.0,-0.0,-612.8870345186075,-0.0,-0.0,780.3395659455891,-1170.752673679263,-48.78306071629566,-2329.607721155,-0.0,-0.0,-588.4459918683665,-0.0,-326.4193554763412,-1290.906129558894,-1120.8467226747423,-1144.0756087002403,-0.0,-0.0,1532.6683413985663,-0.0,928.9729789268605,1027.0659998343176,-42.321940220973076,-856.3241159174376,-0.0,-0.0,-121.29442685617555,228.02320919530527,-873.3845184437871,-404.03341230017594,-1253.1293582203616,-2861.044195393344,-2185.0393657256673,-0.0,-0.0,-282.0764261713414,-6071.527311374627,-609.4947836243106,-554.5553872222234,-0.0,-0.0,-622.8260789444823,-0.0,-1060.5517905523077,-1523.1477897058753,-710.9384522652805,-0.0,-0.0,-56.65328613057945,-0.0,-168.92315768862989,-1338.533589720611,33.115023761227306,-756.4693019494143,-500.1497427359202,-266.5859851798157,-751.01807206346,-2688.917336809988,-16.111376538822903,-1307.6560685705927,46.28200514936586,-1161.652588151851,-289.61917530497794,-0.0,-0.0,-218.04884228947634,-0.0,-0.0,-1866.8360153158733,-688.0096987722984,-0.0,-828.3482178509274,-612.4750019395275,-0.0,-0.0,-1718.9479366830192,-844.1703480392151,-1574.7494515907676,-1626.3189987042078,-0.0,-105.734189159352,-3052.44817783778,-1033.3689198443574,-339.3971372100788,1765.767671982303,-1862.0571168980546,-1385.0440438855396,4.005513923332395,-903.0046000895138,8.392084932815838,-1946.8485424213045,-0.0,-3415.4948353988716,-863.990697093862,-0.0,-1867.7533338451592,-1628.663007451275,-0.0,-215.85470337881424,-905.0173084682093,-1079.007025499373,-1661.990153768689,-824.7017656214015,-502.8716067735316,-623.2453861761232,-0.0,-164.7929441760313,-0.0,-2736.92201310107,17.15903974712961,-3574.905469761688,-856.0813418886186,-46.28544414948636,-46.041319861757565,-1469.2485354824103,-1022.8656526119025,-0.0,-516.8459716425951,-0.0,-0.0,-709.6862411420025,-0.0,-0.0,-0.0,-0.0,-0.0,-0.0,-0.0,-801.5495208095266,-508.35056297592746,-2794.037245683488,-2793.916068785452,-0.0,-0.0,-1290.609520831079,-2096.297886803153,-518.9825087993585,-219.96788707232895,25.32571467547263,-0.0,-1453.5824325190792,-0.0,-2650.566870404813,-0.0,-0.0,-0.0,-0.0,-1977.116040540939,-248.96805285668034,-555.7463766681866,-1226.6825555442788,-1332.2527041595185,-1121.9334823029017,-789.602380416647,-1288.4213997280872,-0.0,-0.0,-0.0,-0.0,-687.0134930631991,-470.43665773780396,-1581.1918381730588,-0.0,-781.1434338633424,-5808.331114030051,-685.493795732566,-840.1250761869064,-3623.4144064384873,-801.4778403974208,-0.0,-545.1274900529855,-546.2527309035518,-1224.3474554942838,-717.5286200404156,-1677.9398267841036,-1761.138956980923,-0.0,-0.0,-0.0,-0.0,-1600.7432836121548,9344.482582890696,6944.714533096892,-0.0,-0.0,-0.0,-0.0,-2264.418435812349,-1056.1688119621706,-78.7125482005809,-1622.5499892543132,-816.3721569626482,-0.0,-0.0,-0.0,-0.0,-818.0675965636835,-0.0,-1848.2924093793074,-281.18925057575507,-0.0,-0.0,-0.0,-0.0,-118.38851075524647,-514.0300054975706,-458.02691657215615,-927.8532470054827,-1033.7284935443238,-1234.8641133880608,-1013.9217837773904,-344.38683959640656,-1500.4787468158588,-1784.032921760171,-1242.9609205411225,-1772.5652938415335,-40.560798343367885,-1350.0012719531471,-1025.5950296450205,-958.1870967267328,-1633.8747987743698,-331.4473103979713,-2785.4632410926656,-1806.3580889803643,-1955.240191782427,-656.2907042242476,-561.1995452288061,-1292.187308435922,-0.0,-1042.978765493382,-0.0,-3481.3667461659415,-968.1602697452764,-345.14289540604506,-1755.4756783016371,-1616.1385078325166,-1219.6691066967282,-0.0,-0.0,-0.0,-0.0,-886.5694053420724,-3374.373701437323,-1833.4079103635895,-0.0,-0.0,-1083.9594814240445,-0.0,-0.0,-1205.6296580967232,-496.5087474456064,-1013.0388163002996,-566.845432762832,572.0317619359171,-1213.0442874006744,-680.3866302860488,-1823.7389991996665,-0.0,1421.3706560286485,-0.0,-0.0,-1102.0879360958754,-5422.270422561274,-0.0,1569.122743854407,361.07988016930324,-801.3228468747932,-249.70354486184726,-0.0,-1855.152399798668,-1093.4795999802902,-2492.2079604229466,-2172.308584049963,-387.9993914198608,-0.0,-547.6042997035634,-201.78312203252997,-0.0,-1261.6697574401826,-0.0,-1898.8702581078871,-2685.5946585533748,71.89416342165825,-2485.766378885986,-2082.859131044906,-0.0,-564.831662398209,-1435.005097992504,-2407.4775941943853,-0.0,-437.49178872246995,-2637.162618965344,-992.9358328750894,-874.2996930537245,-1025.827419308189,-446.7642827075344,-931.7565072731974,-1605.986627259238,-0.0,-1037.2104793569533,116.39654805858343,-1300.8109075529271,-0.0,-539.6771507460231,106.58765457594244,-1120.7017113284942,-683.6773369725818,-0.0,-564.4109324356189,-439.1811145832238,-1927.3405844805895,-1229.9423688671015,-1777.7774092925815,-938.4313625099567,-744.5855514084914,-1070.359847364115,-2075.228357271467,-24.353843507504322,-0.0,-510.7458111482537,-719.6817479895797,-1398.482294347478,-2204.79052937261,-361.9452191958089,-740.9606578155463,71.01831829266418,-988.4566310604336,-1252.949207794018,-964.8948400418216,-0.0,-954.5118441226734,-61.377523081322835,-2567.500546701984,-0.0,-477.2771860080773,-950.7420098718244,-545.1540405095208,-2639.6535121478905,-192.8901091476918,-1691.7330469157164,-800.2559955172067,-2606.8035274328054,-0.0,338.298483607548,-0.0,-0.0,-339.471473499272,-0.0,-0.0,-4027.4667350125355,-32.819481429680096,-44.3098591032343,98.32995667640773,-1475.237892542883,-0.0,-0.0,-0.0,-0.0,-0.0,-32.912754142625595,-0.0,-362.6587603152218,-0.0,-352.14431353967086,-1759.856411553722,578.7211861911397,-2922.433926768124,-0.0,-0.0,-0.0,-0.0,-0.0,-0.0,-0.0,-0.0,-0.0,-2934.4409497193983,-0.0,-3013.1328055075223,-3114.494785842115,-40.10505620086449,-0.0,-0.0,-0.0,-0.0,-937.8625063884602,-1149.201242978143,-0.0,159.82511400767407,-667.6174237161965,-2174.8970124668604,-697.5746135853797,-0.0,-608.3461459097543,-1053.5728346923745,-0.0,-0.0,-686.0999390481588,-862.3540321870414,690.7473685584873,-548.573956729998,28.957277736872996,30.699989535499725,-0.0,-0.0,-0.0,1840.0040959219646,1441.2576871824263,1575.925664326442,-0.0,-0.0,-0.0,-818.9470631020985,-0.0,-0.0,-939.2567536259949,-80.15089155467383,-446.62539853380866,-61.67123910034912,-1177.708593734823,-822.3233687242076,-1399.1958086623422,-138.8608629616017,-286.3977894796202,-1231.1737678762272,-0.0,-2468.692951905326,-16.37714508142859,-983.5069583358729,-901.248462529603,-17.992679212730245,-0.0,-1277.3036337724502,66.1515248126694,-0.0,-0.0,-0.0,-0.0,-0.0,-1541.4613182746223,-3762.8592379691586,-0.0,-716.2012929650081,-66.31609826220938,-0.0,-0.0,-0.0,-495.7937626060373,-27.59556370467691,-0.0,-1354.7661807700542,-736.767935945365,-0.0,-0.0,-580.4238787327852,-0.0,-0.0,-1790.9809046629534,-1585.3231525291403,-0.0,-916.7641228402854,-2202.032765546376,-85.98136053695967,-0.0,-0.0,-282.1512397848503,-870.4728454862536,-260.9909652008967,-198.9909955258301,-155.38975571595532,-0.0,-0.0,-0.0,-1316.0909959095109,-1141.4878077942863,-2335.9054378006663,-308.1207699287653,-1430.5835519840603,-116.96243491301458,-182.38224767815495,-538.3317981052751,-1995.163399200323,-0.0,-0.0,-1677.1045062402425,-1877.0493309978683,-0.0,-0.0,-0.0,-651.9718679210545,-2122.007054878811,-3657.1600397561933,-0.0,57.90198580082407,-203.94064444211557,-703.1313160254862,-647.9799085404338,-2152.3312581039118,-0.0,-1654.3717260625983,55.5778796896378,9.196419344082699,-286.66931194816044,-0.0,82.36192665331139,-299.4759662736497,-498.67634963351895,8.951770629829817,-0.0,-0.0,-812.1975729086068,-12.60715881570864,-0.0,-1479.8830603628082,-1016.4850411543393,-1306.3721667098187,-881.1123960302949,-1358.4016867839152,-1653.82296092798,-0.0,-0.0,-0.0,-0.0,-0.0,-402.276016745112,-670.7726980987935,-1314.0545683213847,-1411.9789827196812,802.2678114698757,-1613.8174038020534,1797.0176145474543,-0.0,-2313.444328390286,-1812.8093055718202,-861.067917085909,-33.90459422596496,-117.36959414114175,-2375.0429516715694,-236.91827053176766,-0.0,156.30748906907928,-1029.0317988465652,-0.0,-0.0,-604.6949638518844,-409.8354570155065,-456.3912308345993,-1304.6344849294858,-1704.3114773798704,-0.0,-1623.7349128866017,-1351.3444893618757,-4940.665653247699,685.4337428335522,578.6128836872597,756.3582691934754,690.6141898150157,-0.0,-0.0,-0.0,-0.0,-0.0,-0.0,-0.0,-0.0,-627.4539158142508,-0.0,-51.61249740489888,-46.71654195835097,-0.0,-1184.6396129836196,-1415.5635811965496,-2083.5028786867742,-0.0,-0.0,-0.0,67.46305357075943,-3495.6959766236096,-678.8807342639739,-2944.2228619621283,-1896.492413077985,-0.0,-0.0,-175.55307677411037,-1374.8515851211675,-0.0,-2429.4177369771733,-746.1061215926776,-0.0,-0.0,-0.0,-2284.3747861333227,-0.0,-0.0,-0.0,-0.0,-0.0,383.86137712519945,-0.0,-0.0,-0.0,-1031.4812767705312,-0.0,-0.0,-0.0,-0.0,-0.0,-0.0,-0.0,-546.8722093289261,-1081.032889400845,-1467.4100120433468,-1702.3863662940623,-613.32974138347,-1198.1866529472702,-37.095248942461154,-0.0,-684.9031473265949,-49.53963797107931,-0.0,-0.0,-0.0,-0.0,-879.1494749734628,-0.0,-586.9324334674574,-1418.5319705201582,856.7114693915597,698.264872677199,863.1871369142739,754.8476402793166,784.9151073720157,-0.0,-0.0,-0.0,-0.0,-0.0,-0.0,-448.84768363988877,-0.0,2255.2674731701127,1056.7623879144317,1240.8254573631998,-0.0,-0.0,-1406.9559711460035,84.4667196224923,-64.4523740418056,-2420.433557140264,-0.0,-1807.432487735611,-0.0,-0.0,-0.0,-0.0,-608.7436465826742,-0.0,-634.8517415901373,-631.3233322181369,-362.48311006481055,-0.0,-15.542490907834365,-0.0,-873.3447914467678,-0.0,-2481.2172538105283,-600.5759433411029,1783.8030794437361,-2245.3449025273535,-919.6505797065362,-78.69030012271874,-901.7256986912155,-0.0,-594.6177151759647,-83.09140927906476,-2522.259717369438,585.242110528474,99.1862744382209,630.7736288346429,1292.3095127969539,-0.0,-292.81572083034945,-27.58847784845542,-1298.918581363733,-1091.0053713976688,-1544.0165624757933,-1902.902076850939,-0.0,785.1008520712118,-0.0,-432.74682651555037,-2880.9016848863703,-1284.1028572244402,-0.0,-1536.6963950406312,-447.3941064382142,-649.1608479426473,-713.3480569479559,-331.45595562520964,-1456.7347660843395,-0.0,-2076.2368615053933,-475.3066871604102,-1513.7165263990246,-360.7908174222193,-0.0,-0.0,-0.0,-0.0,-1282.208477101015,1148.7181334408028,-1109.1894833406825,-757.1440426456494,-0.0,31.4470913356006,-0.0,-0.0,-862.9306438188606,-718.1902213520175,-748.8904034010275,-754.9668812858919,-0.0,-0.0,311.5842303856149,284.835495830604,632.4236730563929,-0.0,-625.7718923164645,-1974.091125442168,-1340.7378373908598,-4.441553188350462,-1667.4565007452093,-0.0,-0.0,-0.0,-596.5840551552297,-1030.826096033668,-0.0,-1461.6132687045485,-0.0,-2965.877772809848,-4048.654791665663,-0.0,-23.42741410835935,-0.0,-823.3766864759109,-0.0,-0.0,-0.0,-2192.2187134901333,-1072.9960863727601,-638.7020014968192,-834.8912804833777,-0.0,-0.0,-2412.3577921857286,-0.0,-610.9155531205031,1110.7406715500404,-1096.6355744015782,-846.714837402425,-645.408351613216,138.51116868724333,-0.0,-0.0,-1394.0878370724288,-0.0,-761.614193265842,-78.10354930133627,-408.36619742931714,-333.7104831227927,-0.0,-0.0,-234.2346131150878,-712.5842652247101,-1105.825029921041,-598.7091957447408,-1117.6286270083122,12.032946539818038,-0.0,-139.04664135635477,-1988.6839838968278,-1289.016635735043,-0.0,-0.0,-0.0,-613.7916603989115,-625.633966913832,-1427.4465642906437,-0.0,-0.0,-0.0,-0.0,-0.0,-1578.9834217990294,-748.5872391400086,-0.0,-584.4546260577282,-0.0,-18754.029552832882,-828.680716085125,-129.04039289214646,-737.0621194573845,-0.0,77.5980537802138,-1244.4619108090542,-2584.47459359902,-0.0,-0.0,-0.0,-797.3986072543529,-497.9325481191536,-1052.0062990444223,-993.5278287568142,-560.5470444083938,-0.0,-0.0,-1721.091566535478,-590.9934571946329,-2446.904366255945,545.9933080527611,-2237.2020425361534,-0.0,-0.0,1833.708418115219,-1626.370978900001,-0.0,-227.39534782001203,-392.91270296061623,-684.1379792433142,30.019648412400926,-797.4152627868008,-0.0,-0.0,-1261.2504007864736,-1500.0434855375324,-3065.901569978526,-0.0,-0.0,-2364.582453994995,-845.6584498040944,-906.72104865921,-2451.4119465847007,-1645.510175318415,-0.0,-0.0,-1181.7830064392056,-0.0,-79.90150819023691,-1628.7350464686674,-1755.329518224001,-0.0,215.10371565151453,-785.7322034754756,653.4064073236464,-254.96955687532576,-259.2836909684685,-0.0,-480.7472865446442,272.90230979151966,349.01427965826235,-407.55440636135864,-2556.476202801298,-2010.7308378966693,-87.27528135220429,-5111.2635148558575,-684.0780447600403,-1180.3369085645486,-51.11877065796167,-3693.310256067957,-357.0643166771764,-702.1332980952634,-282.8604213805706,-1959.1327553488272,-1123.7180819389878,-3384.798165020259,-5837.225377410697,-87.47583973568867,-717.7065807385553,-1576.5625223480852,-1284.422249568208,-0.0,-3467.0709411641146,-0.0,-309.69770419159863,-1824.042620683441,-1284.235230418893,-0.0,-0.0,-946.3765076809951,-263.6086344777249,-0.0,-1507.192523919233,-0.0,-790.1704945692497,518.6079900739018,-2390.345640050884,-502.18081583257157,24.794550857681728,-13.8581729699675,-0.0,-2141.007204533692,-610.707076670226,-0.0,-144.109839594348,-0.0,86.97160639272654,-170.69736980220446,-0.0,-427.62330356858035,-1453.2142003817364,-461.0673842142241,-942.2476758245442,-2046.9631211201195,-0.0,-3858.2074899161753,-1826.3674211198856,-2944.3300329970257,-2444.9895894038186,-88.78425988629242,-249.34916254652526,-600.6156980506396,-1406.6863850650716,-0.0,-0.0,-1235.4953806221401,-193.9994508988933,-0.0,-88.4719202627558,88.51658058811174,-2337.1991449238667,-0.0,-0.0,-1224.4312679416137,-0.0,-93.01676628946035,-0.0,-54.73218900379365,-164.60050435284217,-0.0,-414.36320840399276,5682.491957046306,-0.0,-0.0,-2772.2597970201846,-729.2070719298256,-242.57896216263933,-0.0,-0.0,-0.0,-603.4508907348892,-2181.0121078689344,-0.0,-0.0,-0.0,-2145.8983592855075,-0.0,-0.0,-0.0,-1575.6679804078233,-824.1970131485102,-312.7025729890233,-445.30622111218844,27.57041663414078,-708.9152239931971,-405.15773016105646,-203.10413073077012,-2494.450247739985,-0.0,-0.0,-1271.9458617066814,-853.1051383669616,-2673.740536885882,-0.0,-0.0,-2446.069598285646,-718.2334919652066,-1374.5235341763164,-396.4134867265384,-685.3838858359036,-2079.599763032473,-829.7328356552991,-82.00290253091286,-917.9986130924066,-2258.5599601551266,-1622.0144991753184,-1339.829298929002,-0.0,-585.3535288176018,-0.0,-1881.1792759820582,-399.0079331409591,-208.60254500145342,-745.311787363119,-759.9371180085288,-12.451438278579097,-0.0,-1137.8977993215678,-603.8512464230432,-47.10773475657649,1522.8877589459926,-80.15692589049142,-0.0,-750.6964789850701,-529.708436925717,-0.0,-785.3249860783715,-1667.748454419915,-0.0,-0.0,-0.0,-0.0,-462.4132905261475,-931.385586551369,-366.90876069808013,-514.385630963326,-372.1730124375686,-1703.4947435132906,-774.4536198071698,-1328.0594908481453,-2744.147793033486,-1857.6158076307727,-0.0,1041.8163211674005,995.4838327493118,619.5783806196799,836.9747516070789,433.65893996512204,-0.0,-0.0,-0.0,-0.0,-0.0,-0.0,-0.0,-0.0,-58.75222356436611,-898.3318576982704,-523.6556589066479,-284.91039350258234,-1139.111401021883,-108.14502443273068,-370.7845152054447,-1213.9063083027916,-281.981736644478,-2031.7905177836462,-863.4013127576136,-80.39726399599476,-406.82754649829496,-27.796117339009566,-0.0,-559.9522415105308,-167.85425739046443,-247.8537799964024,-806.1436834945741,-308.51146324552644,-1692.6887655117205,-327.93866688682067,-0.0,-0.0,-2106.7192320899717,-542.8730885768152,-361.3546971234904,-523.139673897847,-1037.7760959331902,-429.99078250251216,-405.8131252136099,-0.0,-718.4497966983333,-819.0161871412021,-730.4025075037067,331.8511219387352,-1456.395699388933,-2094.60314570288,-200.57191127768013,-770.5263949686462,-782.9642203196996,-13.287758278020661,-0.0,578.4260486475788,-864.154029789512,-36.184311827271756,-2035.1066512999346,-0.0,-0.0,-1194.0855508425504,-480.37194976369966,-0.0,-562.753122143237,-696.2343960017513,-850.5294162914219,-0.0,-737.1581058335482,-534.8837829027694,-2266.2032100328106,-4483.028585040251,-416.57551892699985,-0.0,-94.21942703752278,-437.2489212349292,-1700.17984121941,-236.4620380331959,-596.5214973002342,-786.3435533305585,-736.0461227853551,-350.66940704404686,-0.0,-0.0,-1690.857102067479,-124.31635160467533,-455.10087622917683,-764.3056462585859,-1279.4585133537726,-2664.915046926885,-0.0,-568.8800662111257,-0.0,-0.0,-0.0,-0.0,-0.0,-30.650840608740992,-171.8547693645778,-373.7926090327405,-0.0,-0.0,-0.0,-0.0,-0.0,-0.0,-1031.3750641026322,-2126.977945178286,-403.1560404594809,-569.1629213025714,-40.10787007393101,-0.0,-0.0,-408.07010835920596,-0.0,-0.0,-132.499208799278,-3040.4339562537607,-0.0,-0.0,-1628.3364343424382,-603.6552616368069,-1070.5089881205015,-1120.6747738640786,-664.3811025395573,-0.0,-0.0,-1225.3787080238815,-1996.982531479874,-928.7162314437251,-0.0,-1134.0126645310045,-0.0,-395.0785115314382,-795.1276369489638,-0.0,-733.3119178863659,-1971.1329265270772,-0.0,-1828.1031927530137,-185.83283015134901,-564.1697842349339,-1383.1453529168984,-198.89486399298633,-1285.0215415732855,-0.0,-1139.7750001325107,-28.177542749989833,-2042.150913348384,-1984.546748168494,-0.0,-0.0,-0.0,-0.0,-742.1603370228846,-784.835609930011,-0.0,27.723763325483365,-387.34338426876974,-808.8006570124647,-2268.8165325636337,-2421.625730206909,-400.07492172040986,-0.0,-1344.4485716539662,-785.3813282559368,-2002.7358820538618,148.90323129640163,-0.0,-3824.852808888935,-672.6194789401276,-0.0,-488.2434630264144,-1610.4384343258175,-0.0,-0.0,-556.7524157905938,-1351.606232321207,-0.0,-1039.8248068606847,-1346.0352386512893,-42.6876335368137,-86.4216817794711,-551.7643078080423,-0.0,-1520.2953089744344,-2686.235178726541,-1264.3134053815863,-168.93752986435493,-2169.760669734528,128.07335071046396,-975.8262852597163,-564.8675764667195,142.30506064375297,-901.26510301138,-1525.4276453082186,-863.0275299857069,-1573.1247292104842,-468.0188949638133,-617.1087012255085,-733.4808341174056,-1725.9908713754432,-0.0,-0.0,-1916.1513338005075,-344.0407934017769,-0.0,-1547.5777603161541,-1216.0540889248737,-0.0,-3011.245855426127,-576.3196826588861,-0.0,-737.9832351661366,-0.0,-0.0,-1179.0196740299968,-1242.6401849415508,-0.0,-0.0,-0.0,-897.9748606792542,-4.700287180592617,20.54054163320593,-259.0211360089606,-0.0,-2178.854994154494,-1720.1354488998147,-584.8837733106714,-2164.4537054882203,-0.0,-58.716356714767464,-921.8386184052189,-0.0,-443.8588123716249,88.81781648867211,-1534.7083878892158,-1010.4912560550334,-737.5059627363813,-1299.3677031212076,-0.0,-0.0,-0.0,-800.2502986920326,-0.0,-425.4283162147126,-978.5156547082651,-219.95725867437977,-1207.0464506186195,-2016.2443357610514,-530.715246669191,-1967.6769508796142,-0.0,-1172.018404447585,-718.4014596352705,-559.12376662039,-1202.1656459942428,-335.09723353760705,-543.8449106583273,-1371.0271096067968,-0.0,-0.0,274.30032956840705,-2919.044216002823,-1041.724883468114,-291.526662708273,-0.0,-329.3031081776869,-518.8967920034692,-738.1385549209903,-0.0,-0.0,-881.3815586272791,-0.0,-23.367201465291096,128.731135956615,-136.68288627908493,-2195.194350120317,534.3816493495599,556.7979721657148,467.8786400729493,622.0024285798513,49.70414344709807,-0.0,-657.7399999557111,-789.787746758471,-378.02761416599543,-10.348942622934594,-0.0,-0.0,-0.0,-198.28780378799013,-12.798216869771121,-1111.6804961602413,533.658984697359,2523.2435439261244,-0.0,-0.0,-0.0,72.8240467542861,86.49423415619923,-0.0,-3204.5719740684444,-0.0,-0.0,-0.0,-0.0,-0.0,-2333.158994628163,-292.1492158417691,-0.0,-447.6375223862834,-2093.509720115142,-175.14179544415117,-341.0373459715207,32.252137170997095,-1974.2229126467141,-3929.845926047629,-1742.0571028984177,-0.0,-0.0,-1709.1009044286516,-1059.2508965953705,-753.7247279650754,-500.50927132134984,-353.5478496370763,-1017.0418026088453,-1049.3074947631458,-5134.643523431832,-627.1390372897758,161.28712711947827,-809.1368250318699,-960.5501407320834,-675.3131324165084,-666.0361268999707,-8.00042283327118,-1984.808266006997,-851.7538632812629,-569.0489755605646,-0.0,-0.0,-0.0,-0.0,-261.6396793337122,-1265.7756037476922,-0.0,-1373.3555721294374,-1456.5822319845397,-0.0,-0.0,-1516.9379426296969,-0.0,-0.0,-248.40341703817404,59.626149734700505,-0.0,-0.0,-3076.2392826537357,-1201.0645537819466,-117.07267956670077,-1036.5614963031685,-1267.9290823091824,-0.0,-331.24830363166546,-510.41736794540003,-0.0,-1596.6669185428725,-378.1832644324295,-1066.7752315860291,192.92502506662453,-886.4958025684483,-236.0455616401486,-245.1795675712152,-57.07881795026805,-39.64046878768673,-658.9478258464848,-843.8454779331558,-462.76422829125835,-857.692433050416,-0.0,-58.08611268753304,-763.364306103888,-182.72410070596754,4.405692578812494,-0.0,-1221.0093647076676,24.847265282168696,-1154.987194689152,-0.0,-0.0,-0.0,-2054.181675552514,-0.0,-0.0,-90.4566386751801,-0.0,-0.0,-0.0,-0.0,-0.0,-0.0,-686.2687546567638,-1444.328735650572,-0.0,-0.0,-0.0,-0.0,-1005.172364135313,-536.8872912740101,-0.0,-0.0,-1952.2013410289305,-0.0,-1419.8697308241487,-2851.250074419068,-0.0,-0.0,-0.0,-556.4204051275083,-0.0,-0.0,-0.0,-1068.6512956505449,-729.5341422381106,-703.7493375725041,-0.0,-0.0,-251.24820471391317,-0.0,-4135.503801228799,-5948.100717965197,-0.0,15.781078635075135,-0.0,-595.9191097157202,-797.8020796099261,-1985.278651661168,-0.0,-0.0,-112.58278024080201,-752.0002937928022,-1459.5065066229572,-709.3520238955521,-422.8144933046519,-0.0,-0.0,-1128.3876661062661,-1159.822006992987,-48.85144434488998,-0.0,-0.0,-729.7661085277628,-388.2582156132351,-88.32700310069644,-0.0,-0.0,-0.0,-2219.4671711932547,-408.8287484810763,-1380.0218890192677,-4459.336479428601,-0.0,-915.9017761593175,-1189.026151538386,-2459.001379403325,-309.67805331229437,-0.0,-0.0,251.05912605028732,-1257.8622928213008,-1750.0772810897508,-522.1680580397164,-136.63368541448622,-27.595682950506344,-1960.5788332439852,-488.30978192062037,-1730.3745403184048,-721.2207934859399,-2463.938797925457,3.9608091189132395,-998.3708380795426,-811.7200559367989,-2106.1232241923744,-0.0,-0.0,-825.472285327671,-1842.5958314288323,-1925.7685965296384,-1064.5872403438057,-0.0,556.0099759818712,-66.79460746319582,-495.12925127988325,-0.0,-23.69048350951199,-0.0,-2957.035492830477,-62.214801433776906,-0.0,-0.0,-815.7958365944833,-1148.0375029518727,-897.4694885900027,-315.7329634187133,-688.515502775935,12.185567234662548,232.26001863391284,-850.365759628742,-27.77605924284842,-1611.119095138006,-0.0,-1704.503735320052,-117.88403518074831,-687.51846118726,-380.38466944506865,-23.974377850447862,-45.98730183765817,-23.24671434008151,-1385.025067584271,-1002.591528085458,-1484.1447446000627,-251.86929641091444,-1433.1712433771306,4.689142733689708,-0.0,-782.8246894605002,-3100.003534858757,-0.0,-0.0,-27.252291870713375,-2107.92466933956,-221.42200733333658,-681.3612747984367,-397.0567665453378,174.93776024787755,-0.0,-0.0,-1280.1810040519883,-0.0,-0.0,-2074.7469489200976,-1768.5467923901529,-959.5400916351454,-854.2731306309895,-595.3912076092873,-1011.1375941611551,-812.0259425502112,-1263.9141558418257,-2651.1848674359203,-0.0,-0.0,-0.0,-0.0,-309.37121234166136,-0.0,-2071.82059624265,-647.7584504561574,-852.9421784862058,-1036.8800243880157,-541.3317145237235,-0.0,-1734.2691646260823,-622.3591535460126,-0.0,-2707.859741765922,-1500.7967025600562,-0.0,-0.0,-2995.4139573094612,-2121.8941015365176,-419.7211699435343,-846.3810104837144,-0.0,-488.7371856806024,-375.80955858017387,-0.0,-657.873529701236,-552.6365878073566,-569.4800679880501,-0.0,-0.0,-0.0,-0.0,-448.52733945307597,-1342.1695010845945,-6275.980017937535,-0.0,-0.0,-769.1217187850017,-815.2838795078187,-2098.040459658701,-662.7645042253328,7.924793073449788,-561.6292573982777,-0.0,-762.1406746072012,-595.5210555697572,-0.0,-496.63151924547,-1208.8697156330315,-0.0,-0.0,-0.0,-0.0,-0.0,43.01807890054243,-2266.761955586162,-0.0,-1319.3615799616227,-945.9080317072509,-4.597594750016522,-2119.65300030831,-890.3152804479985,-1094.6679338515655,-1369.2754048470626,-83.44958889447612,-127.68038020712159,-1293.7177005344677,-896.142007095605,-688.3362195686045,-0.0,-1658.4917401979676,-1290.1478754176278,230.05665232404272,-0.0,-626.4848074721783,-834.7548718961199,-990.8100581657595,-81.56308210212121,-0.0,-279.1359269109414,-0.0,-0.0,-2509.1007247557004,-2397.927296373885,-2041.718918000602,-1698.2657604958067,-0.0,-1120.233892791511,-2044.8897186980516,-0.0,-5565.470602743881,-0.0,-0.0,-0.0,-0.0,-996.3229280261252,-2453.884375132504,-2495.714150632406,-100.37857964906502,-2192.4801488336625,-0.0,-1039.5955568393092,-35.61037348995924,-0.0,-70.62134650333975,-590.8511560892805,601.196467557829,-0.0,-452.79068144436604,-47.45848355593124,-0.0,-1467.172525204054,-0.0,-2046.2591905436327,-161.8067597521121,-0.0,-0.0,-1143.089148115416,-1897.1090185707133,-1116.2106720277864,-1202.2882242956214,-1456.5302517445257,1602.97145469449,-51.8313268716068,-898.8881037265792,-36.066308318975246,-2207.4995731889026,-945.6881898215412,-884.3933251453744,-466.7226260761779,-1721.3069774975736,-1782.7320982482681,-435.67129638239066,-2617.3561018400164,-374.03444132916917,-0.0,-0.0,-56.1774474702643,-0.0,-0.0,-0.0,-0.0,-0.0,-0.0,-1569.9204226571385,-656.486325186262,-1383.9631832733496,-927.807799976202,-0.0,-713.6882907353145,-1417.406450600772,-1251.9625674208387,-2106.3709545535944,-1316.982819339839,-89.00052884388579,-186.78490273219725,-1116.4837328597737,-1570.9199214645455,-0.0,-0.0,-0.0,-74.90940749800417,-924.3631362837261,-180.74457866979452,-558.4681198949372,-1111.8054107615146,-0.0,-0.0,-0.0,-4193.275689735651,-0.0,-139.78013371670104,-0.0,-235.65294423680186,-1361.727578915946,-1256.8187817471155,-861.6507266683154,-0.0,-44.42522240924577,-646.8752098754583,-700.4392899316576,-574.381548793563,-0.0,-1138.1339488171334,-0.0,-0.0,-3321.0940860926025,-0.0,-1396.8201943024965,-641.9509550036897,-439.8653390607851,-288.24495800072606,-1446.566610471191,-3154.493173843681,54.15880449153122,-2098.1305563879155,-1900.7946151113429,-545.7420194782113,8.91107134869799,-0.0,1546.5918113557957,1198.8667454920926,1324.7975641925466,-0.0,-0.0,-0.0,-974.6610514070586,-0.0,-315.23751846995265,-232.70366855724117,-0.0,-4199.089127016475,-0.0,-1414.0517617442767,-93.48305657301454,-1145.3946671587519,-538.4392607069681,-1571.6086548848823,-1264.4867458429717,-0.0,486.55098494386056,-2793.081649478162,-1711.3911761206382,-543.2994038803695,-1437.888225352788,-2054.22817849645,-0.0,-0.0,-274.9046827832169,-758.1264743146584,-2130.4025846373747,-885.4813738830562,-40.657794097491255,-0.0,-0.0,-735.0126393710581,-0.0,-0.0,-0.0,-218.76775061620253,-1542.1286092303421,1610.9456688888554,-1475.9218231139992,586.9377509796994,-827.9582336119807,-1032.297670536228,-13.933436137096605,-5480.518683879925,-368.37734547832537,-0.0,-70.41574823599649,-2353.271639114281,-1729.9022707576082,-0.0,-32.85807160086185,-0.0,-627.9849129920559,-28.90476493114117,-2125.5116726791257,-1531.1571071338574,-0.0,-362.4433076223422,-0.0,-0.0,-0.0,-779.8145164043756,-1122.2591111155464,-432.0578229630243,-1299.5134466252673,-1959.8799913107082,-1034.3935735228565,-460.9021465518368,-460.6513077083435,-135.00282403263049,-1882.8113114326304,-675.7772286290474,-984.6405349873004,-1465.2103426257434,-1719.820999082739,-1378.706704613273,-346.1783681723134,-1606.4968688609756,-0.0,-0.0,-0.0,-2642.8029865699723,-0.0,-504.48582648330193,-1314.9234892875727,-11.702259065770871,-929.9242165332637,-627.0394815919407,-1014.7274331743504,-778.0178104361165,-224.5818906942535,-2156.5807357249273,-4957.725506099019,-305.1564959511359,-37.03573394899547,-0.0,-120.18139087915252,-7695.215315621228,-2174.3787440844285,-675.7616540121597,-2392.8414057604896,-226.33857636854302,-0.0,-25.057404826241356,-747.065634204629,-137.87016665700344,-1317.9098547480305,-1124.9111443863665,-203.70469505055723,-0.0,-751.5346107245755,-2262.2118534573096,-2094.0000818545304,-1771.4737942826387,-0.0,-1656.9207777307224,-0.0,-51.242339515386256,-1125.000010847664,606.4123622296528,-0.0,-0.0,-304.16866136191584,-1113.4601195673058,-792.8072460546204,-1347.8161910757963,166.26510905913372,-1475.2977501468501,-130.63479702396424,-378.27892245185143,-2254.5151457260404,-2089.71567304481,-404.01743033248096,-0.0,-0.0,-0.0,-0.0,-0.0,-1871.3351497303652,-0.0,-683.0783628171547,-864.2630331148465,-2640.334789559677,-0.0,3.6980694639196847,529.8509215212331,2266.0626193630646,-649.300177382413,-1409.5656769616314,-0.0,-1671.7412574952655,-4107.664289169834,-811.9548616639566,-5703.987898194167,-1377.5704102333038,-0.0,-861.474757101171,-2628.860867060493,-209.7363044073208,-0.0,1201.0085374067748,1458.2264957036084,1327.64532998235,-0.0,-0.0,-0.0,-0.0,-97.98609052062345,-2792.36631781736,-92.49003600055164,-0.0,-2133.183930213959,-1239.1227893017547,-532.0460174764412,4.38172749114871,-0.0,-239.74908206121577,-946.138818842703,-0.0,-0.0,-50.54751245124423,196.75860958551704,-2244.0007867239783,-0.0,-931.270356347673,9.16709628427664,-92.59178450945538,-0.0,327.17956478963475,-107.78660319594486,-599.4275815445985,-2127.098887065916,-0.0,-69.35793512375656,-1203.738358299679,-1063.657145890304,-43.23705151403684,45.23531090088908,-0.0,-1394.3613867704555,-855.9853071856388,-7.829600815069481,-0.0,-0.0,75.99220993332021,-266.42712154587076,-194.8603759714875,-84.9441467711869,-12.334872378860181,-170.42676344301805,-733.0893339545165,-1040.9311717122775,-582.168917906073,-0.0,-2241.1367397962745,-934.6205358180149,-0.0,-0.0,-1207.5376950573507,-2393.579918629301,-629.0276088244301,-8.363162789795275,-2986.3172512278425,-126.8865061415428,-84.73748815062781,-1202.3884810364739,-0.0,-406.6742282243149,-1510.7841466401612,-4.586299658069343,-0.0,-3608.6771294465884,-153.52473061920787,-1617.3341763361245,-1126.5621489827922,-1390.1101409638902,-2755.624181470479,-89.25457180649376,-851.2101949511903,-1943.3465333843296,-1421.302157148769,-1176.191789227435,-234.87436370193333,-1921.4998457626416,-0.0,-3283.706316034317,-0.0,-6782.814424463042,-249.28512458360868,-93.02602533389613,-1592.0647944184566,-0.0,-0.0,-0.0,362.6086291862201,48.41211296271142,-897.9688373751954,-1495.0537455274712,-507.0455637619731,-1316.7938095729178,-0.0,-0.0,-1460.0088763195831,-374.0397968118116,-525.2960066462448,-172.32355524956273,-0.0,-1753.0750343859415,-340.93575385966557,-2100.170236639172,-0.0,-37.07687822511347,-0.0,-1880.0869317611725,-807.2415173836026,-1550.449238387439,-0.0,-0.0,-1856.0161418916807,-588.0147559662421,-815.0011009834959,-1632.685680613211,-478.7323948674006,-1314.0840328153872,-0.0,292.2443190635955,-1211.8220664163446,-4246.025882335302,301.8079218996468,-1569.9780306630096,-8160.592304930944,-722.1499837604191,-716.69328396692,-241.19494195282095,-237.13746798312667,-1113.6878866589177,214.20186415885428,-234.36063374439402,390.232254395828,-1148.2561516548537,-584.3409944723544,-0.0,-1383.6450540259689,-1814.9255740527617,-934.4647961249269,-405.5216416515864,-0.0,-0.0,-35.4061423431482,-1102.453417720817,85.52548552386634,-2390.6398909916393,-0.0,-0.0,-540.8773977972484,-702.8127092556234,-1210.3222912419672,217.38917424420313,-2711.071122914358,-1606.5683578086907,-1360.2159192902784,-255.39642015027968,-0.0,-383.74764026026264,-0.0,-743.1780699809668,-25.48538356410209,-1656.4445743488413,-502.42139060166943,-1048.3399923397267,-425.9059880421714,-377.3796334961331,-0.0,-1291.8715938958242,-742.4127391181478,-1319.3049366335267,-0.0,-3317.826883876599,-1429.243766387213,-1509.8209137512308,-1017.9259574829944,-1176.415299857018,4.05697014166115,-2265.3238368552556,-749.6459785073185,-1278.8313985268367,-2040.7276215549039,-335.150699333568,298.4164009482313,-1069.7022697613327,-0.0,-0.0,-22.90964435879693,-58.82727216155608,-19.43254676839808,-256.17116851729594,-0.0,-0.0,-0.0,-0.0,-0.0,-0.0,-0.0,-0.0,-0.0,-0.0,-1333.1966648431016,-2660.6452995143236,-2325.418353824781,-0.0,-0.0,1616.688349270978,-551.2197486004123,-0.0,-446.941548544822,-486.34583318982993,-1016.3401824381754,-1008.3339164903928,-1289.1231159189215,-0.0,-807.9341060362693,-419.50151282356,169.94785216185645,-0.0,982.9475566383542,-0.0,245.98133624454775,-0.0,-349.1781694093423,-0.0,-461.4084005782791,-1142.3011947329178,-1902.9005163961388,288.1838249608538,-0.0,-0.0,-0.0,-0.0,-0.0,-432.9840072573946,-86.52899269629263,-0.0,-0.0,-0.0,-537.9455009941252,-0.0,-40.95717615188478,-675.7725360565324,-3857.0715695117046,-0.0,-1428.940138403445,-0.0,-640.5128176146104,-0.0,-0.0,45.204569857575876,-0.0,-159.54556928480264,-0.0,-0.0,-0.0,-1134.2133247359147,-1823.514173044265,-0.0,222.36869104055077,-2333.19913844541,-0.0,-81.23869954794667,-295.6511286291972,-0.0,-0.0,-1687.0164351297944,-0.0,-914.6943236612192,-1314.727561755294,50.08034548938434,-3255.0301973789806,-1692.7730579877475,293.6016032312528,-838.8233971649747,-0.0,-1084.7146434524182,-0.0,-0.0,-0.0,-4040.8460033351894,-979.3541804234283,-1603.3847828848272,-0.0,-419.78546108824446,-4.64118800772664,-1380.6003901789406,-2127.156972184396,81.2331610362093,-3232.535129676296,-0.0,-1690.7050378580461,-2467.8672980522197,-0.0,-0.0,-0.0,-0.0,-2534.633421424908,-184.78448033960973,-1662.0344925977793,-0.0,711.7713770772414,1185.7816839814823,-0.0,-0.0,-831.7403727899883,-1039.5308049414111,-358.2104844407368,-20.628923245367655,66.26930568197072,-0.0,-1399.4654677445146,-0.0,-280.9440789925905,-1278.205227391013,1436.0163120599293,-0.0,-0.0,-0.0,949.3322167698495,1051.667448526412,-856.2018283961438,-0.0,-1476.0918511302643,-0.0,-1113.1450549171157,-649.147380783299,-0.0,-0.0,-0.0,-0.0,-0.0,-58.39759652218879,-0.0,-0.0,-0.0,-1187.9591803276192,-305.0984846820106,-0.0,-0.0,-0.0,-179.89661080904406,-83.75589144699263,-658.6418928005659,-745.783450612742,-3047.3834066415548,-1407.7418863958674,-1158.6726344892156,-0.0,-3167.4767358201707,-39.41875910410134,-0.0,-1062.1570150763353,-2454.6181593971755,-821.4621105617899,-480.3407135409204,-1153.3398120882762,-287.39459083309146,-688.3260017781237,-765.8934504927478,-1138.6156854537628,-286.0206302464335,-1783.064220069315,16.03384886013091,-410.2718811458003,-0.0,-0.0,-822.5175246769683,-3963.5165966977165,-0.0,-1149.3624244930268,-532.1611965461781,-0.0,-396.6824221166198,-709.7997100169489,-719.7301360596923,-260.72280630294154,-0.0,-0.0,-0.0,-0.0,-0.0,-44.80393988061259,-0.0,-657.5039296387528,-0.0,-0.0,-785.1808002744581,-1152.643055083586,-2811.5507381104176,-464.3721811676955,-741.145597172427,-109.98129414020293,-2013.072058898582,-0.0,-1020.9428816613657,-584.5494280294771,-509.2669551094837,-1406.293143412249,-975.4970420571367,-1844.2969848948428,17.846367716354337,-492.4422978962531,-0.0,-1167.565705846772,-1162.6090594004513,-165.2105119086374,3.9726937103113498,-2524.3443157117727,-1389.7045963545227,-772.9763832804466,-0.0,-637.6907546080753,-747.3030672792047,-559.3380028709299,-2606.6057010851764,-3.883216817852382,-0.0,30.58281824940599,-0.0,-0.0,-275.29672284860834,-4089.367522278965,-205.0858022783048,-1531.1827307820993,-4012.6737949477747,-0.0,-4809.758903832694,-258.10028185847585,-2079.4452997320604,382.92764471308067,-0.0,1650.0327307272296,-943.180550391297,-0.0,-2067.2020987886376,-0.0,-71.38700592286662,-43.398777574532446,-0.0,-0.0,-0.0,47.027807964537956,-0.0,-0.0,-0.0,-663.8942711687806,-1489.6504276062972,-714.2561674917903,-0.0,-3658.3256428064415,-0.0,-0.0,-0.0,-235.93572775246852,-423.62786603719917,-0.0,-2051.706481216965,-0.0,-0.0,-3603.803516178547,-0.0,-23.314789633074,7.9201667244386575,-511.36943557403066,-20.91894158675194,-0.0,-0.0,-229.09973007367557,-0.0,-0.0,-1391.9949650644967,-1148.497769670622,-1670.377617292075,-0.0,-279.1713893242482,175.05673027806048,-383.0269490004419,-15554.898887100218,-0.0,-619.5270523913264,-1362.256092761011,-603.680315455043,-0.0,-35.18467614145934,-16.909586697795994,-281.9563322058976,-1101.2877052597896,-0.0,-0.0,-0.0,-502.7553468892444,-2906.359504787776,-1386.1263194944904,-0.0,-0.0,-0.0,-369.99985359760745,95.11759740789496,-8.396940613728356,-1443.4650450752174,-0.0,-0.0,-1058.2112482938187,-0.0,-0.0,-0.0,-2860.529522664479,-1051.7199846346944,-0.0,-1155.3804788789246,-643.9357063411535,-263.1732828273926,-743.8754283592926,-1156.2863083895377,102.79440706687033,-1409.883225313303,-1240.5233395757487,25.845698238913148,-2016.4968439547304,-0.0,-0.0,-0.0,-0.0,-501.95988969360405,-0.0,-0.0,-594.824791340733,-1101.5135607110212,-762.7824312688376,-0.0,1649.1525220334347,1558.6248436504627,1542.9578328561493,-0.0,-0.0,-0.0,-881.0355579779665,-44.416278569289275,-787.1944557118966,-82.57226226478672,-721.653249712552,-1727.824668943583,-1296.3947591719984,-2113.352886786909,-0.0,-0.0,-0.0,-0.0,-567.7819960896871,-881.0773451664976,-1828.5315325820134,-446.0502242208014,-1433.4206990924276,-2055.8459629549534,-2241.674658247991,-0.0,490.22181713909333,-429.56284102391294,-394.0429725944491,-122.91719363177411,-4840.592776740865,-66.5804434808628,-0.0,-931.0239786268589,-1613.564654857875,-0.0,-73.50360442046224,142.25140868095662,-98.3917574134344,-521.1464338860483,-2422.774955682961,-169.706557587403,-1720.8464174321994,-0.0,-1947.7523189326173,-1891.1830487991429,-1554.877486896468,-0.0,-1917.0281912490366,-336.19026825424646,-701.3702352419065,-1007.2617984564671,121.6727145597355,-2020.221760638392,-1305.2251602600102,-0.0,-101.54225982114114,-0.0,-0.0,-0.0,-1079.3503450742478,-659.8923975701831,-0.0,-0.0,-0.0,-3872.324937065952,-2021.0704422326248,-0.0,-0.0,-4.697113902826076,-1823.0210208155327,-990.4556416803413,-0.0,-800.6079631468511,-1455.0014572881485,-605.9388404652932,-24.42589787194852,-935.9093624396891,-9.209383749533929,-1663.526417568024,-1776.8908651042761,-0.0,-0.0,-45.75654099340109,-0.0,-0.0,-1371.3280134134534,-102.55529052712848,-476.85810124938865,-0.0,-0.0,-0.0,-785.6073551249661,-348.12291858061394,-121.43608111469969,-491.04111629701964,-241.72699210738634,-2121.3430824764637,-333.8633475486086,-612.6823749791197,-1391.7084436517744,-0.0,-429.6271933162788,-0.0,-1842.1659295416591,-1580.8269404927184,-1860.0740883228211,-463.93965559415926,-308.4768386330214,87.18275427906559,-1015.2849633770791,25.98221352303356,-0.0,-504.16674608391736,-0.0,-0.0,-531.7064029134004,-129.72588519788408,-3009.78788290613,-3053.0100207105834,-543.0053109747944,-0.0,-0.0,-1104.3155346767394,348.4550415040436,-0.0,-0.0,-0.0,-1193.5949404808312,-48.21336589517465,-513.4362234177555,-4022.2739249168703,-1561.0022866570303,-1214.803749770204,-480.95035880115176,-189.34251509144326,-1345.9025338550575,-754.9054030383871,-525.4321885400987,-0.0,-710.1975615233865,-838.6955917437882,-1801.210517569533,-0.0,4.574755169257157,-13.660113592569683,-0.0,-0.0,-1936.7945780303583,-0.0,-3803.715786292562,-1252.4649372764911,2648.6410971559103,3059.2336621088616,-0.0,-0.0,-847.9819793063446,-1149.9310548148044,-633.5795463687324,-378.74854953961284,-3329.7782328084636,-616.2359731562472,-0.0,-0.0,-0.0,-1324.3967763418937,-707.0294976224287,-173.42647732078188,-2761.1762439623317,-1098.5423452444782,-28.721126271327467,-451.5792469619967,-1133.0143790457744,-354.27620279962747,-567.6865271937186,-0.0,-67.90197729984345,52.23337445416885,-1053.5936423365233,-177.18104805892852,-0.0,72.01143805489504,147.14794511483615,-230.26012683547066,-1474.6567783905753,-2473.6577369356087,-65.78213065452857,-981.2070151798781,-1487.4490834268881,-0.0,-0.0,-727.9981604390683,-0.0,-0.0,-0.0,-0.0,-678.4501956092587,-24.489853003137195,-1322.0707043014206,-1257.3808485263196,-2723.358027740034,-1237.6311609668712,-0.0,-632.5503539122551,-0.0,-1702.4681942912612,-1762.6084712277618,-1435.9919738108342,-1070.373204062649,-0.0,-2293.865686781243,-0.0,-0.0,-0.0,-3808.098194153832,-1306.8200851235067,-279.6200984469265,-929.0683077637208,-945.5187147654051,-1121.2594279775149,-0.0,-0.0,-0.0,-42.276091830066854,-6439.361845549416,-747.6279380764074,-1971.568298108219,-4416.959143648589,-2415.5012437821456,-455.9658979606425,-0.0,-2077.221082554286,-793.1294300622314,-0.0,-353.88696652029085,-400.140037265824,-40.78123065013606,-1052.7054847131958,-323.70758976154536,1560.7416881853972,-505.00070828935554,-0.0,-0.0,-1055.8792128550733,-879.9774392927173,-2411.183611678937,-327.51316624359015,-0.0,-0.0,-697.2653082431835,-0.0,-0.0,-0.0,-0.0,-1451.5170364638868,-664.2971852376784,-1324.819132414062,-558.7173798769668,-4.162139771004696,-823.9376387221052,-0.0,-0.0,-0.0,-0.0,-3045.980953728872,-0.0,-0.0,-0.0,-0.0,-0.0,-0.0,-853.4188324750907,-0.0,-2950.8191956924265,-523.578548249066,-214.76868819448077,-1367.156261073376,-0.0,-0.0,-1439.7938356663037,-1540.7751852896433,-4.628618157317043,-463.9997720120453,-58.45938909295897,-1874.8612997758444,-1034.1185197424104,-0.0,-4130.404652869542,-1382.0230367815825,-0.0,-0.0,-18.021941596068398,-443.69891314295137,-1307.264710655476,-0.0,-0.0,-23.517571607344347,-1749.421068730671,-634.9113330533041,-376.8075560509136,-91.57696457863409,-2043.3464435399908,-0.0,-0.0,-0.0,-0.0,-0.0,-552.9583435225081,-536.464209026325,-641.531134092511,-4520.484383002654,-1794.8166771199185,-1318.7639413908807,-115.82306052642686,-1049.405245623291,-1295.1399819317242,7.9561124561405485,-0.0,-0.0,-0.0,-686.7812486572983,-441.80451508998755,-1813.7732316130614,-633.393687057029,-0.0,-1861.4876400138573,-0.0,-679.2910036676099,-0.0,-0.0,-2101.39737762539,-658.2160593659455,-602.1071526025073,-1522.0841406480654,-146.11017115464733,-13.75349241231072,-823.705962208745,-1552.4907537494935,-0.0,-477.2288605395353,-1243.0123067233337,-4496.953514683223,-0.0,-302.8668112527316,-2430.285284098543,-1638.1589950744892,-1344.4827436530725,-577.7391883695325,-1342.2427417135762,-0.0,-377.9951065591199,-0.0,-273.6869446593317,669.3607469047026,-0.0,-0.0,976.1597888602711,-0.0,-2377.465741632917,-814.6432652493819,-1009.2224075629606,-1278.4759550258118,-1572.0219082293863,-407.91629285903633,-157.71538643126348,-0.0,-0.0,-966.0596021238757,-1071.0071506786758,-842.1806694163537,-0.0,332.3645592442847,365.0602878674062,-253.77124999125263,-2997.5939955738822,-1934.1717733945807,-0.0,-0.0,-1538.1882135115563,-4437.824703798464,-2917.0199255048688,-557.2721455145956,-1049.376700600755,-1206.8354389581914,-0.0,-228.11355857565326,-0.0,-781.5567920023577,-240.7430908031754,-2021.8241123962428,-2841.922144365003,-331.2850560050734,-607.3535296879513,-4811.01934230456,-1326.5239474916045,-607.9738761001616,-301.42083062390105,-1382.6874972285457,-749.0735401171294,-4.740727729480454,-1629.0350082535767,-1904.0042285855905,-0.0,-0.0,-631.380105484297,-1372.1506085626256,-368.5939501978941,-4.731160903121155,-0.0,-0.0,-0.0,-0.0,-0.0,-37.98126313197288,-755.3919673491949,728.4575171099251,-481.1407953486509,-799.5042564531515,-597.379275575221,-1194.2726276476537,-1672.0994994691093,-1269.486245593402,-1960.6268294663107,-309.3641122812388,-608.676848657584,-1675.4590702079724,-690.1931531892998,-0.0,2595.4595467153945,-264.99314417113965,-76.61991504356033,-0.0,-940.7833917034686,-681.2436212527143,-1445.4444104792924,-2093.940440921593,-2365.825604883921,-0.0,-0.0,-0.0,-0.0,-1090.1482310514125,-1804.2321902125343,-0.0,-910.8263393453258,-9.170889701080325,-0.0,-0.0,-0.0,-2737.825130348528,-835.1414379785667,-195.05770525059305,-48.256372344112435,-0.0,-0.0,-1207.658646933151,-1467.3018629211629,-897.7402921543296,560.8880430175938,30.32079816993342,-0.0,-21.498171760349543,-0.0,-1782.9754999890931,-584.2586060140438,-1508.404462731126,-1910.0834349166905,-1772.474744313191,-44.192930528124265,-0.0,-0.0,-1759.5394118556296,-402.1458035529278,-0.0,-0.0,-249.02652366880974,-0.0,-43.58145793449424,-0.0,-1390.7983590554957,-796.2642623935664,-0.0,-86.99606005968305,743.4679417701161,-0.0,-204.54010469323117,-2513.448990473753,-0.0,-0.0,-747.465697728125,16.696318588268436,-0.0,-0.0,-885.3764490974131,-1621.5602436099991,-0.0,-887.5061086671458,-0.0,-1407.92570654485,1794.0936152991453,26.233064855334636,-2121.2109570102393,-1714.1035655209528,988.2486938213389,-0.0,-2229.176761789001,-918.3093397132303,-1090.963078563867,-0.0,-737.264961322382,-131.594257547647,832.897152116419,-406.9560664558829,-1624.315691922798,-0.0,-0.0,-0.0,-961.4729971418185,-659.1571835256408,-855.6376309804394,-1183.9724661362843,-1103.9558905876609,-31.0843535955779,-1194.9846039445308,-1004.3252218937778,-1271.6478397614953,-0.0,-0.0,-578.0961140004472,784.5137687465286,-7184.873044345545,-0.0,-1369.3589299636062,-2164.3624224967134,-862.7053818282398,-821.8402678180034,-66.19783964468684,-2530.879165054857,-367.5697631063282,-0.0,-1106.32670560766,-998.2874081465014,-694.8809227871291,-0.0,-1627.4957632783671,-2257.3093881908853,-27.427031514032713,-1210.4089733314597,-2532.481329417684,492.3978598319611,-0.0,-491.6856595213532,-178.10013373521247,-1478.055677486608,-990.5791804200801,106.42748005753305,-137.98544250159136,-859.6210564166001,-538.7356201216526,-604.1341640607735,-713.2116566044824,-549.3377792977353,-0.0,-1440.8163189674033,-0.0,-1304.4293389527795,-815.9699830679061,-184.17885374878765,-0.0,-1951.4170474750915,-5300.63968152763,-0.0,-466.36915709946146,-0.0,-2433.952537145396,-275.0110133350725,-0.0,-452.78472374710316,-452.52457190610016,-0.0,-2583.3355161933687,-1765.5731071609537,-0.0,-4691.114818847089,-136.81187834702934,-1430.335430370016,-1493.3157203155795,-1719.3058594808952,-107.82424126882637,-0.0,-993.7352136485019,-2240.561309333456,-572.1467021644929,-970.4608469804889,-1200.253485436732,-1822.6791804374966,-2534.755769195435,-863.3075028093133,-2219.2838156747944,65.84056004942758,-0.0,-336.2384613081303,-1493.3416769635855,-1313.5894225260192,-0.0,-0.0,-0.0,-465.8732015858566,-526.7402850633231,8.439275262275602,-619.9322385236004,-0.0,-1339.8809904453158,-817.7446444810042,-640.3710370523075,-0.0,-0.0,-342.93002831385735,-1962.6738883098064,-958.7379899269544,-295.9522351461767,-1019.5852009208679,-39.06930537804895,-0.0,-0.0,-2961.647255530753,-1273.1237163021328,-0.0,-0.0,-0.0,-80.64588970380329,-1001.404203988824,-52.58541136367999,-1811.6405425359098,-1651.8990726180152,121.89274650497711,-0.0,-675.3805356125644,-0.0,754.0815272164075,-138.4161725099158,-0.0,-1751.0078671979204,-348.16167800212475,-2157.7487353063775,-0.0,-1765.490534518255,-694.9528362740615,-211.2870704239308,-13.139202574921672,-36.483628494113326,-0.0,-0.0,-820.9768083888739,-1359.672962543736,-0.0,-645.3692636633612,-0.0,-395.9946800832185,-594.768249160362,-0.0,141.21848674845197,737.0320014279979,846.1338099711236,912.6362948800609,898.2288554943289,829.5232157470066,-0.0,-0.0,-0.0,-0.0,-0.0,77.37189685336833,-0.0,-0.0,-674.9940000371106,-174.31532225816605,-489.90688213276906,-84.91288205028239,-0.0,-1187.6970718224943,-1590.740492601556,-2185.288904363697,-257.1041659536572,-209.51032442834884,-0.0,-0.0,-650.3879050281008,-0.0,-0.0,-0.0,-0.0,-2876.40994978033,-0.0,-43.9990662631039,923.3877784948377,-0.0,-1097.1550271619074,-646.7257970814503,1560.964804534331,-1038.0045209800576,-0.0,-3134.835760881365,-2409.023020445721,-209.95664018977072,-846.4237058292681,-1295.9238840119774,-571.0418937062225,1259.8851498724468,-89.01851597429705,-625.5840976973037,-0.0,-0.0,-504.58709006386084,-0.0,-922.598318553906,-0.0,-479.8679468696679,-39.78305967699261,-0.0,-0.0,-1222.6029415190562,-0.0,-0.0,-594.7199943707562,-1253.452642150941,-2165.8833347363325,-0.0,-0.0,-0.0,-1929.1052845750023,-0.0,-1099.3136419613597,21.28593727606606,-0.0,-0.0,-1218.9030161979667,-1067.5088719896626,-1311.4038993953309,-433.91325786577363,-0.0,-1450.903079085523,-300.71078967282034,-0.0,-0.0,4.363815129733089,-42.06352003884392,-4769.354907764908,-0.0,-129.30894867396484,-28.86053752733514,452.6689389311254,-81.98993234410963,-1066.0440730841576,-976.1120671247439,-494.89961431636516,-0.0,-0.0,-1984.4610022974746,-0.0,-0.0,-0.0,-0.0,-0.0,-0.0,-0.0,-154.46318731689394,-0.0,-0.0,-1933.6146644486257,-7185.477695933191,-138.98586998308525,39.673225448085745,-402.3105396942925,-747.2001351813427,-122.89445659039673,-4460.328285346303,-250.12155409457102,-328.19914035215305,-0.0,-0.0,-0.0,-1809.8863978586396,-0.0,-39.838820942089214,-0.0,-0.0,-0.0,-494.65126072724695,-12.533754713145385,-256.84131083978787,-1358.5748611867564,-680.5765839376313,-75.27808152861529,-2580.3046686824746,-0.0,-85.50985043678321,-2411.2446215745576,-0.0,-1373.6372469256119,-86.61565345951541,-1534.679466446894,-0.0,-0.0,-1097.7896498760533,-702.9948973444243,-36.89195839147081,-984.9638089217804,-965.7544305966583,-758.1773965653097,-164.11149900381858,-810.5754363867545,-773.4000046742874,-2370.1033922036054,-1004.6931034721447,-0.0,-1623.225304478783,-418.97914525499584,-682.5237678009884,-0.0,-0.0,-1165.1348705944981,-2490.8428168612536,-962.78789929421,-0.0,-0.0,-0.0,-3980.43478154213,-915.0757966650481,-180.7508402656693,-363.7709430638005,-40.24233333888635,-4017.257421176974,-0.0,-0.0,-2496.0540865865837,-913.1881552822255,-0.0,-0.0,-0.0,-83.55453395463088,-0.0,-1966.080106392863,-1887.1257866264868,-0.0,-370.30768854265625,226.97040532163186,-0.0,-0.0,-0.0,-1157.9643885532541,24.643657711690192,-2631.9719098142086,-688.5968403732971,-1269.1379213734563,-808.7471406031609,-3415.74055664111,-1794.1287551339096,238.68696613676747,-0.0,-3140.577181643153,-0.0,-0.0,-0.0,-1332.1540751486477,-758.910502098479,-1896.5682022050316,-0.0,-0.0,-881.0751853906495,-1590.0659155930828,-682.6359667203424,-547.1712932088382,-0.0,-0.0,-1286.5232415041023,-0.0,-0.0,-0.0,-0.0,-0.0,-0.0,-582.3887938889501,-81.190768329408,-1636.8598739440654,-0.0,-732.8959323938886,-1298.3961156930814,-36.5907468966691,-0.0,-0.0,-0.0,-0.0,-0.0,-0.0,-0.0,-0.0,-0.0,-0.0,-1315.6114311193808,-1847.5447907568757,-0.0,339.3318354851596,-0.0,-690.4466183679849,-102.86798043672832,-0.0,-918.6130651791357,-415.531507993923,-103.47283748588087,-2027.1642886878399,-524.4491006239598,-2788.8651926078505,-181.1831500939495,-2250.234919990652,-1763.0287446207597,-925.1353896850064,-4.508463198065569,-0.0,-1224.5592860484967,-2174.477179820267,-2404.6543620371217,-90.30958831553923,-235.94434404310255,-1924.7509388977703,-0.0,-2330.500986574872,-377.54154857882946,-0.0,-1857.397226118709,-0.0,-953.0596622693009,-0.0,-2924.1150029538317,-0.0,-0.0,-82.48268067307274,-1118.490953012855,-517.1161395579859,-0.0,-1420.9165651494652,80.30545040453795,336.17845948367545,376.44330887480305,-295.3464129250112,-1766.327699112805,-605.3430620451911,-0.0,-0.0,-5914.044809286965,-1180.2218322465953,-0.0,472.9610761633493,-0.0,-2102.55130732123,-527.4028728910945,-683.1075952341679,-0.0,-0.0,637.655030412084,-0.0,-1002.0794611584137,-1294.6640665799205,-1962.1057529545442,-0.0,-708.030713667471,-3050.797330481598,-1012.3235784204982,-0.0,-1430.6019620223433,-150.98339828290872,-1214.4716138664357,-0.0,-905.1982088416738,-0.0,-0.0,-0.0,-919.5891418526704,-0.0,582.9220963049897,-0.0,-383.28989870129715,-788.0999435274834,-487.5457431657862,-1163.1805032450147,-597.16435572112,-2181.7343943617852,-1298.9568437610822,-0.0,723.872753246141,-2507.9044797357406,-1768.4898748225794,-712.5846724905374,-0.0,-0.0,-0.0,-153.90898280409257,-1272.2247432301194,-310.12980448100717,-989.2483024935611,-2128.8376164175525,-2696.945377795918,170.99990845447758,896.8918553478688,766.1887519696854,-0.0,-0.0,127.21640923063254,-33.925368779232116,11217.666303771968,10444.249655965024,5479.760472111277,10420.02659438546,11147.56146101392,11475.837593931488,-0.0,-0.0,-0.0,-0.0,-0.0,-1457.5369434274078,-1291.3016440186518,-855.8464327716323,-0.0,-2847.842175856573,-674.7755243427638,-1213.2995738036711,-32.75371187140676,-909.1081320716323,-1316.9143017905692,-1110.0844526045057,-1341.4319351183365,-0.0,-2752.709677123396,-1885.2560555421496,-821.5070295598404,-128.26269369200364,-3615.0693623822826,-0.0,-252.52596528356915,-0.0,-12.170720850011714,-0.0,-141.5683114249235,-312.0343283344012,-1074.9237840071205,-896.8463986012073,-0.0,-0.0,-0.0,-2484.484061975501,-0.0,-0.0,-281.14977644791844,-1062.5061518161162,-968.391478640152,-97.22810358675572,-1247.3539853601123,-2024.499459411669,-358.37136366929536,-0.0,-0.0,-130.8185124556801,-1242.5821955002111,-367.0973278333177,-0.0,-5671.510894225986,261.94632334442093,-0.0,-0.0,-0.0,-33.3784406436357,-449.2772619939736,-0.0,-0.0,-1292.1465598229008,-2173.191734504833,-1437.8632246090772,-422.6238827878813,-427.10022562418766,-443.7480776761638,624.3078070784127,-1357.7910997665927,-0.0,-573.8401271093297,-2876.392583496464,-600.6414112121894,-8.435336193517841,-0.0,-5.592680151242498,-0.0,-0.0,-0.0,-1230.3108120915708,-449.9660108592314,-1609.3941115761818,-0.0,-0.0,-0.0,-258.73743801041144,-633.7792988077252,-1577.9717494247077,-3498.6098261585803,-360.41204862662784,-221.55603102401673,-0.0,918.2020481339812,-0.0,-1268.3151120198338,-179.07771523574752,-0.0,-0.0,1122.7011911756135,-0.0,-1838.8548906986857,-0.0,-0.0,-0.0,-220.09886421328088,-2228.372122533907,-1871.8762673602394,-32.26249122641434,-2659.074376832227,-1546.355540291823,-27.373718658653264,-29.515717165941336,-74.9013092854231,-0.0,-0.0,-2150.468703336117,-0.0,-6159.4013444892435,-0.0,-1407.9443161028582,-276.165569074967,163.86108150882956,-0.0,-61.207880481963805,-1354.2822176856284,-1680.8455058249149,-599.2171492760435,-35.409121125308666,-268.7690758249656,-0.0,-0.0,-0.0,-0.0,-1194.8383904797295,-922.4506847598924,-0.0,-625.6012161648483,-1343.3379466431709,-194.90550946673906,-86.59358991774945,-0.0,-0.0,-0.0,1170.2125244489812,-3.9973141471121036,-0.0,-609.5154102646961,-933.988101048889,-1497.932017248323,-0.0,-0.0,-2188.346492611952,-0.0,-0.0,-0.0,-0.0,-714.7767520602446,1061.402798147188,1185.0508442019834,1296.0267169288068,-0.0,-0.0,-0.0,-634.0796189282012,-0.0,-0.0,-399.44720209446314,-664.1140851152128,-0.0,-233.06574394805278,-1432.8800508990214,-1328.135260016414,-0.0,-0.0,-0.0,-12.539988587422917,-1625.1054584519172,-4.650061316810407,457.07955874635724,-0.0,-1757.5582714394277,-821.554755794978,-567.2762155573937,-2024.0437509947385,95.76266581811096,-313.7863604043474,-19.95993402114379,-458.9695845885547,-397.4822782953624,-1056.333567705017,-378.3754788116194,936.9127047589938,-1550.7346491562937,-244.02025352039803,-183.57307100348427,-4157.595352928196,-3058.026137512874,684.6746218867347,-1055.4513586328271,-218.52434993872265,9.029148559149363,-874.9960998840245,-1245.268303718607,1912.702703192445,-653.8913159502663,-728.2920900312439,-747.0449338667022,-0.0,-7394.858072796667,-0.0,-499.51969911143027,-937.5603607506873,-666.0327646498749,-1001.3138802045993,-1231.4754031697837,-0.0,-1115.1947059611143,-175.71362024891977,-90.60137969867317,-6772.664140581872,637.0980648450188,-213.53193514639437,-0.0,-591.3489436462361,-1365.2301324816235,-0.0,-0.0,-505.5603936206504,-1640.1994705400655,-90.63734705626844,-244.02273050911464,-291.43973473820495,-1148.70567652605,-0.0,-0.0,56.256627213681725,-0.0,-0.0,-1893.4513364725235,-0.0,-1805.5393908175351,-947.6528918994247,-1292.726992630233,-0.0,-0.0,-530.2402577659252,-935.9387473798395,-148.71844671805724,-0.0,-486.056190073992,-160.08500995826535,-554.5042945262245,-0.0,-208.5497431258958,-523.8796934322883,-2329.582243166963,-1030.6920861398366,-1769.05082027662,-0.0,-0.0,-1481.2630588132195,-22.571775904018693,-0.0,-0.0,-1208.6716765429394,-0.0,-0.0,-0.0,-0.0,-0.0,-0.0,-0.0,-0.0,-0.0,-0.0,-106.16143665544723,-0.0,-0.0,-0.0,-0.0,-0.0,-0.0,-0.0,-0.0,-0.0,-0.0,-0.0,-360.6087260390004,-0.0,-0.0,-0.0,-0.0,-0.0,-0.0,-0.0,-0.0,-0.0,-0.0,-0.0,-0.0,-0.0,-0.0,-0.0,-0.0,-0.0,-0.0,-0.0,-0.0,-0.0,-0.0,-0.0,-0.0,-0.0,-0.0,-0.0,-0.0,-530.6076799296576,-0.0,-0.0,-0.0,-0.0,-0.0,-0.0,-0.0,-0.0,-0.0,-0.0,-0.0,-0.0,-0.0,-0.0,-0.0,-0.0,-0.0,-0.0,-0.0,-0.0,-0.0,-0.0,-0.0,-0.0,-0.0,-0.0,-0.0,-0.0,-0.0,-0.0,-0.0,-0.0,-0.0,-0.0,-0.0,-0.0,-0.0,-0.0,-0.0,-0.0,-0.0,-0.0,-0.0,-1412.9109436751742,-555.0825068094924,-1807.5801897545336,-0.0,-0.0,-0.0,-0.0,-0.0,-0.0,-0.0,-0.0,-0.0,-0.0,-0.0,-0.0,-0.0,-0.0,-0.0,-0.0,-0.0,-0.0,-0.0,-0.0,-0.0,-0.0,588.0330764180076,-0.0,-0.0,-0.0,-0.0,-0.0,-0.0,-0.0,-0.0,-0.0,-0.0,875.8490100345447,-0.0,-0.0,-0.0,-0.0,-0.0,-0.0,-261.9863825332316,-0.0,-0.0,-0.0,-0.0,-0.0,-0.0,-0.0,-0.0,-0.0,-0.0,-0.0,-0.0,-0.0,-0.0,-0.0,-0.0,-0.0,-0.0,-0.0,-0.0,-0.0,-0.0,-0.0,-0.0,-0.0,-0.0,-0.0,-1156.2003860869543,-0.0,-0.0,-0.0,-0.0,-0.0,-0.0,-0.0,-0.0,-0.0,-0.0,-0.0,-0.0,-0.0,-0.0,-0.0,-0.0,-0.0,-0.0,-0.0,-0.0,-0.0,-0.0,-0.0,-0.0,-0.0,-0.0,-0.0,-0.0,-0.0,-0.0,-0.0,-0.0,-0.0,-0.0,-0.0,-0.0,-0.0,-0.0,-0.0,-0.0,-0.0,-0.0,-0.0,-0.0,-0.0,-0.0,-0.0,-0.0,-795.2189894603649,-0.0,-0.0,-0.0,-0.0,-0.0,-0.0,-0.0,-0.0,-0.0,-0.0,-0.0,-0.0,-0.0,-0.0,-530.1389869962738,-0.0,-0.0,-262.085739589914,-0.0,-0.0,-0.0,-0.0,-0.0,-0.0,367.54558643682583,-0.0,836.6981013813698,-0.0,-0.0,-0.0,-0.0,-0.0,-0.0,-0.0,-0.0,-0.0,-0.0,-0.0,-0.0,-0.0,-0.0,-0.0,-0.0,-0.0,-0.0,-0.0,-0.0,-0.0,-0.0,-0.0,-0.0,-0.0,-0.0,-0.0,-0.0,-0.0,-0.0,-0.0,-0.0,-138.84267192649082,-0.0,-0.0,-0.0,-0.0,-0.0,-0.0,-0.0,-0.0,-0.0,-0.0,-0.0,-0.0,-0.0,-0.0,-0.0,-0.0,-0.0,-0.0,-0.0,-0.0,-0.0,-0.0,-0.0,-0.0,-0.0,-916.2720406767908,-0.0,-0.0,-0.0,-0.0,-0.0,-0.0,-0.0,-0.0,-0.0,-0.0,-0.0,-0.0,-0.0,-0.0,-0.0,-0.0,-0.0,-0.0,-0.0,-0.0,-0.0,-0.0,-0.0,-0.0,-0.0,-0.0,-0.0,-0.0,-0.0,-0.0,-0.0,-0.0,-0.0,-0.0,-0.0,1438.7539561508017,-0.0,-394.26366684304156,-0.0,-0.0,-0.0,-0.0,-0.0,-0.0,-0.0,-0.0,-0.0,-0.0,-0.0,-0.0,-0.0,-0.0,-0.0,-0.0,-0.0,-0.0,-0.0,-0.0,-0.0,-0.0,-0.0,-0.0,-0.0,-0.0,-0.0,-0.0,-0.0,-0.0,239.35651866246477,-0.0,2272.2913052322747,-0.0,-0.0,-0.0,-0.0,-0.0,-0.0,-0.0,-0.0,-0.0,-0.0,-0.0,-0.0,-0.0,-0.0,-0.0,-0.0,-0.0,-0.0,-0.0,-0.0,-0.0,-0.0,-0.0,-0.0,-0.0,-0.0,-0.0,-0.0,-0.0,-0.0,-0.0,-0.0,-0.0,-0.0,-0.0,-0.0,-0.0,-0.0,-2419.5282480368523,-1548.2760666539864,-0.0,-0.0,-0.0,-0.0,-0.0,-0.0,-0.0,-0.0,-0.0,-0.0,-0.0,-0.0,-0.0,-0.0,-0.0,-0.0,-0.0,-0.0,-0.0,-0.0,-0.0,-0.0,-0.0,-0.0,-0.0,-0.0,-0.0,-0.0,-0.0,-0.0,-0.0,-0.0,44.5968303311922,-0.0,-0.0,-0.0,-0.0,-0.0,-0.0,-0.0,-0.0,-0.0,-0.0,-0.0,-0.0,-0.0,-0.0,-0.0,-0.0,-0.0,-0.0,745.0866429011152,-0.0,-0.0,-0.0,-0.0,-0.0,-0.0,-0.0,-0.0,-478.56323671334314,-0.0,-0.0,-0.0,-0.0,-0.0,-0.0,-0.0,-787.313070190118,-0.0,-0.0,-0.0,-0.0,-0.0,-0.0,-0.0,2357.057391533718,-0.0,-0.0,-0.0,-0.0,-0.0,-0.0,-0.0,-0.0,-0.0,-0.0,-0.0,-772.6050332001122,-0.0,-0.0,-0.0,-0.0,-0.0,-0.0,-0.0,-0.0,-0.0,-0.0,-0.0,-0.0,-0.0,-0.0,-0.0,-0.0,-0.0,-0.0,-0.0,-0.0,-0.0,-0.0,-0.0,-0.0,-0.0,-0.0,-0.0,-0.0,-0.0,-0.0,-0.0,85.88190526698945,-0.0,-0.0,-0.0,-0.0,-0.0,-0.0,-0.0,-0.0,645.6269123749175,-0.0,-0.0,-0.0,-0.0,-0.0,-0.0,-0.0,-390.3919577582587,-0.0,-0.0,-0.0,-0.0,-0.0,-0.0,-0.0,-0.0,-0.0,-79.07361986902694,-0.0,-0.0,-0.0,-0.0,-0.0,-0.0,-0.0,-0.0,-0.0,-0.0,-0.0,-0.0,-0.0,-0.0,-0.0,-0.0,-0.0,-0.0,-0.0,-0.0,-0.0,-0.0,-0.0,-0.0,-0.0,-0.0,-0.0,-2137.596296106213,-0.0,-0.0,-0.0,-0.0,-0.0,-79.89890311261233,-0.0,-0.0,-0.0,-0.0,-0.0,-0.0,-0.0,-0.0,-0.0,-0.0,-0.0,-0.0,-0.0,-0.0,-0.0,-0.0,-0.0,-0.0,-0.0,-0.0,-0.0,-0.0,-0.0,-0.0,-0.0,-0.0,-0.0,-0.0,-0.0,-0.0,-0.0,-0.0,-0.0,-0.0,-0.0,-0.0,-0.0,-0.0,-0.0,-0.0,-0.0,-0.0,-0.0,-0.0,-0.0,-0.0,-0.0,-0.0,-0.0,-0.0,-0.0,-0.0,-0.0,-0.0,-0.0,-0.0,-0.0,-0.0,-0.0,-0.0,-0.0,-0.0,-0.0,-0.0,-0.0,-0.0,-0.0,-0.0,-0.0,-0.0,-0.0,-0.0,-0.0,-0.0,-0.0,-1611.4565022562153,-0.0,-0.0,-0.0,-0.0,-0.0,-0.0,-0.0,-0.0,-0.0,-2010.6225549100102,-0.0,-0.0,-0.0,-0.0,-0.0,-0.0,-0.0,-0.0,-0.0,-175.27004469318987,-0.0,-0.0,-0.0,-0.0,-0.0,-0.0,-0.0,-0.0,-0.0,-0.0,-0.0,-0.0,-0.0,-0.0,-0.0,-0.0,-0.0,-0.0,-0.0,-0.0,-0.0,-0.0,-0.0,-0.0,-0.0,448.80538216273385,-0.0,-0.0,-0.0,-0.0,-171.11633591948265,-0.0,-0.0,-0.0,-0.0,-0.0,-0.0,-0.0,-0.0,-0.0,-0.0,-0.0,-0.0,-0.0,-0.0,-0.0,-0.0,-0.0,-0.0,-0.0,-0.0,-0.0,-0.0,-0.0,-0.0,-0.0,-0.0,-0.0,-0.0,-0.0,-0.0,-0.0,-0.0,-0.0,-0.0,-0.0,-0.0,-0.0,-0.0,-0.0,-0.0,-0.0,-0.0,-0.0,-0.0,-0.0,-0.0,-0.0,-0.0,-0.0,-0.0,-0.0,-0.0,-0.0,-0.0,-0.0,-0.0,-0.0,-0.0,-0.0,-0.0,-0.0,-0.0,-0.0,-0.0,-0.0,-0.0,-0.0,-0.0,-0.0,-0.0,-0.0,-0.0,-0.0,-0.0,-0.0,-0.0,-0.0,-0.0,-0.0,-0.0,-0.0,-0.0,-0.0,-0.0,-0.0,-0.0,-0.0,-0.0,-0.0,-0.0,-0.0,-0.0,-0.0,-0.0,-0.0,-0.0,-0.0,-0.0,-0.0,-0.0,-0.0,-0.0,-0.0,-0.0,-0.0,-0.0,-0.0,-0.0,-0.0,-0.0,-0.0,-0.0,-0.0,-0.0,-0.0,-0.0,-0.0,-0.0,-0.0,-0.0,-0.0,-0.0,-0.0,-0.0,-0.0,-0.0,-0.0,-0.0,-0.0,-0.0,-0.0,-0.0,-0.0,-0.0,-0.0,-0.0,-0.0,-0.0,-0.0,-0.0,-5641.466175216862,-54.84461939819793,38011.6487874691,-3809.6173746403215,-4743.17598981978,77157.80976993997,-0.0,-7026.339952916217,934.2566175998788,2234.2733098571944,-25672.129082192943,-0.0,-4962.9343453811925,-0.0,-0.0,35724.90206657329,-11772.12799445301,4039.738443895745,6671.060986187268,-4782.407171355072,-28842.059035339167,-9315.018767139922,54.50374645996498,-95.59416202104408,-6539.496688356431,-0.0,-14059.103374397318,-19543.105136894268,16510.6452415876,-610.5984836411579,8.45424964590871,49822.50875444298,-3374.150504996228,-126761.56024142596,-3000.66298614483,-24361.866185647712,-20285.231898434697,-6743.940794554672,-6535.397230511787,-15738.071534790974,13470.275390118162,-2630.48095326377,-4420.952457989142,-3946.70607139206,-11978.758893237946,8826.372356793416,40425.77777571423,-1076.5975096093548,74.52759108457802,22887.604043867486,5706.322677927093,-596.5986257902771,15739.595204252853,8833.48554126419,-6154.5403201640465,-7812.973786008014,-4136.546895231183,375.27786331724,-0.0,-0.0,-286.485951267088,-8714.297309420599,-3729.5535941280996,-3264.212926264249,-1867.5290674797563,-4944.207137330696,11745.84510443463,3916.122053193822,-8969.338929203415,21369.11660700229,-21557.240488006217,-37142.45930999179,74031.78000865094,-24566.01704303295,-9925.0503766671,-2346.182796906232,-3969.4051442322434,-6474.452079110387,-5055.188643031439,-35406.28740388795,-0.0,-14559.998809508661,-0.0,3264.9575534013875,-0.0,-0.0,-15113.654906390053,-1302.899706416251,-0.0,-0.0,4290.589487538055,-0.0,-0.0,-0.0,-7518.9364048947955,-4925.979313750778,-7948.947492854002,-7879.887098744958,8368.091531931443,-0.0,-31771.160819909102,49885.52029321975,-0.0,-0.0,-21701.28925348008,-11243.341004879394,201.44586535368865,54.37458549553483,-0.0,58056.21510000848,-0.0,-0.0,-0.0,-0.0,56759.84838745896,-1108.0089778010013,-0.0,-11987.654162353896,-0.0,-6577.780433714482,-1430.6262296118878,-3486.8192355397973,-17048.051899560276,13416.34178720127,-1592.5817539754405,-10019.261332248207,-0.0,-0.0,-5386.345216820924,-7445.000252024236,-11133.979793674918,62242.51089109945,-0.0,-192.33612813205355,13857.775590514722,3484.0689429945332,-2120.736207080749,746.2143777477188,5696.225808565059,-3990.727861979136,-87.63475928446036,-19229.86455997355,475.39212703781874,14517.768468612749,-864.3568724997124,13674.96484421188,54112.921649346536,3322.7611691202824,-72.08536701443371,10076.755344719637,-2228.2260588113872,-8307.411794341562,-10942.902347399158,-15786.25700601248,-0.0,7002.519275569409,21430.846279028367,23266.835450431885,-10460.085141319572,7952.950828931491,9504.257101062576,-8773.168133925374,17234.210313703075,-15366.76176787175,-0.0,4922.661916683079,-13103.559443896671,-17069.49384711969,-9274.058048834027,27377.06379344646,3423.4633799007743,-0.0,-6561.220837111363,-0.0,-2967.2733985616314,104.15980621486585,-4344.5175842166855,-0.0,220.92539118118822,-263.5965887441082,-23498.921324096893,-13670.189940178825,23647.215100508547,-7427.737803650505,3801.2904559291746,6080.579010909321,-7023.185322961449,-5689.938070205003,-12404.00756908961,-0.0,-2281.338312145743,-1920.9141976087462,-0.0,1370.0019123418674,-392.4201331016864,-0.0,-0.0,-15716.536883650153,-3839.8002991646226,3194.7067552328663,-5210.782903710845,-0.0,-0.0,-0.0,59275.806822963124,21722.709180283637,-0.0,108.85207752073286,13009.389585275632,-0.0,-4644.016130034059,-2597.184554394762,-0.0,-4680.400244058761,-9796.574030645555,128852.85244867942,-12968.932904306888,-9401.749913479036,-36047.45451341928,-0.0,1572.6537767387158,3172.9269395937717,-10477.44015514252,31947.71498496212,-8722.531404361105,-42592.33996809755,-15273.475173080134,-9843.98757475274,-0.0,1319.94890187653,-5177.806627505399,25742.31440057561,-167.030370325236,-459.43820447509097,-11558.698432161722,-9897.669985066792,31779.138564611938,-0.0,-2293.050864772115,751.2840502367193,-0.0,-0.0,-0.0,-0.0,-0.0,-0.0,-0.0,-0.0,-0.0,-0.0,-0.0,-0.0,-0.0,-0.0,-2272.2300325405836,-0.0,-0.0,3658.503037737656,-15652.331714852036,-743.4555106493649,-11049.596484922644,26650.455536342513,8648.500501958675,-4174.458722325822,3670.235149131732,47114.612641818385,-0.0,-0.0,-4481.3150378819755,3435.917922197102,-7239.29375391163,-8987.723024269206,-0.0,-39.47202868262975,10697.795030103314,-4839.212337748948,-2873.8614669008925,3874.96159324665,-26843.083650244283,32514.192466064327,-6145.144364084543,-1074.0801985405958,14526.697052226207,-0.0,-0.0,-0.0,-0.0,-0.0,-0.0,848.083949581686,49343.46982072094,-10729.83039267582,-11735.357378339542,-9505.28959954496,-0.0,-9672.457348151314,-13903.599110305688,-0.0,-0.0,-0.0,487.92914251651297,446.11353462833335,723.2652382091476,2660.6862979376956,-0.0,4206.9459717937,893.2659728037004,919.9463163048323,885.3877102053517,770.2390798959821,3009.893708670379,1703.312164504573,2894.760307761784,2604.4867642719696,2838.2692320791816,3063.8306758530066,38912.06459170524,36711.28294688943,43197.979416047645,40183.302771581715,9957.280576836241,8944.345070165202,9190.394989546106,10341.176113207603,5015.378575097087,2131.2719399052503,2214.9229936480774,2302.4795172645017,2205.853990267943,2322.3315646801334,4861.620375787388,4567.086563401557,1561.3164541156937,1307.9525429208186,670.8305009491576,428.44008985124293,539.9890294421429,35782.53702901919,34658.99106481365,38705.896265081385,34337.18403583267,60396.74588255948,57119.552721082575,1375.8049402124327,1242.847620262511,1367.4838730326746,1313.5326687868032,1280.055395740163,1334.4700789643207,688.9422826591017,60306.090245919746,53776.554310751766,53243.55612025747,2907.8754669947866,2776.428337261299,2997.4424758996083,-0.0,8699.663024999572,9308.999766811921,40364.04230279119,35076.25058767428,41206.17148651681,62722.05328476685,61422.09743469941,69991.17959300692,60181.45738443285,2884.911558919537,2485.995231091787,5338.309129685779,-0.0,20518.554396036212,23244.497353277464,-0.0,1625.5844238841141,1581.8391586774555,1591.8387846185478,1545.9266115004386,1543.1417579663266,1564.1583462361743,40614.370268457074,40859.53039188394,38039.37796908895,34774.165023787624,1236.6604935834569,1344.255484746704,-0.0,-0.0,15696.543331199493,39420.368135085286,34468.68884143863,38432.733979955316,41558.41185031494,-0.0,57442.53298991207,53445.06644891373,1092.980436503172,2426.5113857764863,2321.079844013739,2481.9111472170384,2592.376884997028,2622.907485435128,61246.71191190275,58883.35041281405,-0.0,-0.0,16946.043763881873,1129.4065424461492,38304.482310674364,40172.10421622437,35618.89479549677,37087.51031991656,40592.51814418665,33503.35809359832,-0.0,16851.324285632898,10516.795993079793,-0.0,-0.0,1437.618097845607,1535.3266367576803,792.8275415269079,883.6870802282191,456.7434711651694,462.99405537393733,-0.0,1090.6557938445203,1089.078532697038,1160.651769616249,1335.2258097238166,-0.0,1702.8748548502952,1660.1859201185976,1971.11613798194,2563.6017773363437,2538.0805854939113,2329.974044251552,819.8099604025863,924.2708991245903,911.3661703101553,1511.444153389437,973.2472816775606,1050.1085034082637,1071.93267681673,987.8818926533265,8732.38154032415,8725.240439356921,280.2539411970146,275.63656156986104,3709.8565885893236,15046.45707605923,1510.549839795295,1613.292424147973,-0.0,-0.0,9226.487171932073,9233.627915006466,9100.942785340107,7955.909909229576,2123.6703300560935,2103.6297831865973,37231.472056571685,34097.10176990394,9973.977562794815,7424.060736845468,-0.0,54010.10163485313,2053.141043989736,2426.9797659165247,1096.3811150039087,57714.07103262235,58033.69613614527,61657.67930138274,51172.85786532813,218.4886711185675,60380.89202029526,54697.42545610422,-0.0,-0.0,24984.985146899617,-0.0,1258.5601236523205,1078.8854708645156,1099.3313275892417,2350.754669576512,9944.752990982583,18609.018565803526,1940.308585186982,1874.0665709086563,25.427083137063295,725.3243173969867,734.9201900007507,17422.670056839357,1519.5529141160077,-0.0,-0.0,-0.0,1102.552647087531,-0.0,1153.3133939838763,-0.0,6455.878219906791,6553.552124648727,5892.060221675757,6095.251055786817,921.4078972290805,-0.0,891.461162511856,-0.0,-0.0,1012.8904295523412,1067.9023506396456,1108.7644721923757,937.4081750763704,828.7247372010781,775.4018369462545,1814.6969196454202,1733.0663948060997,1668.7052529343703,-0.0,3199.232256088864,2801.62013671792,3277.874485154523,3133.8296051713182,5010.740979119978,51914.82614203879,54448.85025658033,10853.154592347486,22099.0766608432,15819.666169489548,19006.088945988602,1752.6052295813179,2111.364182092741,967.3853695895297,889.2718339445186,2316.6394672184615,-0.0,40658.02894093646,35152.824973013005,1487.7628571527173,1204.6877890643811,1286.3453129863117,5752.494461288371,3266.583188470768,3081.021574475036,35991.378967202145,34048.806672278704,37871.28568602959,43864.9616250801,-0.0,-0.0,-0.0,2388.5442342777724,2548.106174019645,2643.2109922597388,9558.439428983138,9138.39026959791,6618.792966180145,2458.2838961053503,2601.8570508298053
13,-0.0,-0.0,-624.4764066045543,-2165.7002865736254,-549.667038401971,-520.7556842304143,-102.74476502850825,-637.1699153516906,-603.4848183495963,-0.0,-1347.2508219883548,-0.0,-0.0,-2751.3807755072726,-0.0,-574.7028243708812,-460.7685617104599,-0.0,-46.234334049430274,-248.63793367349516,-314.32908175579786,-717.7704060330965,-917.1161815568332,-754.5388452172546,-2208.887550029987,-647.734922550753,-0.0,-42.06352112883313,-2970.7007864961943,-1839.7782878495345,-0.0,-0.0,-0.0,-0.0,-0.0,-0.0,115.97169303358203,-212.8115421700664,-1867.9618553698308,-1593.0811298368162,-0.0,-0.0,-140.8737129870011,-549.5824265866814,-173.00804048003712,-0.0,711.6973078279789,-1865.2830882904038,-411.1381455689243,-0.0,-0.0,-280.39854493309815,-0.0,-11.843270806950287,-2182.233654240281,-2958.3034575926267,211.90781623857734,-6058.129450192086,-224.84951172943562,-0.0,-1900.3776131354439,-0.0,-699.6701191238625,-3142.6319861434563,-517.6724226420988,-516.9127173081625,-43.922886883512604,-2225.526843900693,-919.0038960974854,-471.95902812537383,-2933.9999121259293,-0.0,-0.0,-2735.9286500512135,-1053.7842659610774,-236.88946896175466,-1824.0652559632247,-0.0,-0.0,-1388.8773065785406,-1492.5471512238807,-522.9834403225263,-3615.3591516621436,4.129868608459669,-27.695576930815488,-2195.601523547084,-0.0,-634.4881745949605,-1023.9502080314336,-7.836401767662061,-0.0,-1384.2186471927112,-88.17105944554997,-829.1176034768811,-2227.1900195606704,-42.414525639704706,-2672.7112633496176,-441.6827653469741,-1467.2137744804008,-2913.7885236656793,-741.5202907767041,702.4595732034933,-574.7048416564242,-0.0,-1447.0937591032923,-2433.725520568567,-4862.268945249598,-484.26760858879385,-3190.4079520954506,-0.0,-1704.8308462001348,-0.0,-0.0,-569.8930290558554,-0.0,-0.0,-692.0261521585676,-85.53942911237489,-1579.468602433899,-956.9948525306722,-854.4878881756049,248.16389877228426,-483.15133767909435,-321.5358766564745,-223.82118069674664,-8.574557857827907,-572.0039604963848,-644.4341678041742,-800.0728235867526,-0.0,-5147.532831376405,132.01490696726887,-114.49298766964199,-4651.4575841262185,-0.0,-1098.7926124839798,-67.67426888361679,-0.0,-336.9890894077589,-0.0,-0.0,-891.4657235812473,-0.0,-741.9175367739754,-959.7122787245971,-0.0,-1164.2796546545055,-301.4129301237292,-668.329108529037,-2254.348155306244,-0.0,-1779.2019490912028,-1252.30875069946,-0.0,-0.0,-0.0,-0.0,716.5472620481222,-0.0,-1719.7526626717759,-1834.9756592310287,11.928679247308851,-0.0,-0.0,-724.6134557611595,-574.1343834567373,-806.7073637827841,-0.0,-461.91406564948284,-3220.1966023779346,-1116.5720465335253,-0.0,-1282.9911773357594,-2636.4071988951646,-0.0,-0.0,-0.0,-0.0,-0.0,-0.0,-533.7500123297965,-652.8058217758064,-249.85248000532923,-212.39951477035072,-1436.8370524855582,-56.04449627879827,-0.0,-0.0,-761.7229213165548,-0.0,-597.5251200205537,-30.8307119589074,-4.568997134864651,6.268252212970125,-0.0,-0.0,-1272.3759176769247,-456.5657734265363,-504.6133578073471,-0.0,-3651.9605193750776,-2148.2296572140585,-1110.1560212625168,-0.0,-0.0,-2381.0811007533725,-1573.2474276483308,-705.4928534620424,-90.89408822914082,-1822.835036953826,-1520.045519301082,-0.0,-0.0,-1805.190924356586,-0.0,-848.9208637432206,-1380.8991466455157,-147.38199171436483,-447.4949988825857,-643.5036559081933,-608.3486151285549,-0.0,-1644.7189408018055,-0.0,-3606.195758325403,-3049.037840823565,-199.31096260586122,-429.3391899559238,-506.8581717633156,-0.0,-305.32629777660196,-283.0647882265036,-0.0,-1160.2588301373535,-741.5150478212576,-1206.4678026909864,-1694.8860290696693,-998.9481699518806,-2313.210688604157,-2256.307767908274,-2626.324498362496,-2398.706588026366,-1104.8192483230523,-2309.7984159312773,-551.7393485702693,-634.0977727521959,-0.0,-1304.385910415245,-1170.4595536999939,-1076.1188347378697,-446.1621801773125,-429.26218584528755,-2195.5920480353384,-837.2815264598585,-447.8130502153827,678.0308013613117,-0.0,1082.0602423104056,-1478.532519434029,-0.0,-0.0,-0.0,-0.0,-0.0,-0.0,-1388.4139640798624,-2960.9771684014604,-538.9561356324518,-1058.4029501927819,-0.0,-0.0,-1988.1517138113518,-1300.693845309753,-2261.497237477997,-0.0,-0.0,-149.50227370338513,-63.18746091155213,-427.2043291042382,-2013.6257463605452,-542.2153684207016,-0.0,-559.8135382069512,-735.5553613003403,73.938514314035,-1291.438034787019,-1588.2116387322433,-1439.5706733723352,-1969.3766061861745,-333.43652624592363,-634.2284097299591,-45.10998187647312,-1874.2517874051266,-0.0,-911.128045081672,-177.82150583157525,-91.23622085661944,-631.6617981128451,-0.0,-2326.8108030754674,-138.87786630199122,-736.6658810344858,-1710.9822221948903,-1692.4106736368435,-0.0,-619.2327613624999,-832.80597877227,-27.575163215399915,-272.06291127447156,-544.0363266155307,-60.27766905727514,737.8572311066148,-1277.9872779863492,-0.0,-1006.6975647616754,-1663.9081214445694,-0.0,-535.102769157801,-0.0,-1670.1143591990042,-0.0,-0.0,-0.0,-1256.0176229641831,-785.5404492240481,-498.56400117013885,-0.0,-1724.9227503219252,-3327.4052409934948,-3989.8876507981145,-0.0,-361.0374795869838,-0.0,-306.12647773202167,-124.39152062362689,268.3811878570522,-622.0307587793674,-0.0,-749.6688789080083,-991.2057869315427,-341.2516212833092,-629.602850248431,-0.0,-476.96124082129927,-990.8693929498212,-586.8142556326898,33.00097708953352,-2461.507110689575,-0.0,-0.0,-1503.3771854522092,-271.4102015935051,-1484.0089132960677,-103.50786635696157,-138.30886100786347,-235.01658162044524,-661.127063869835,-1084.0562286379168,-1449.5895601850623,-2250.1488180779597,-0.0,-0.0,-434.26891771504864,5339.828401012611,4.660373776487538,-0.0,-0.0,-0.0,-0.0,-2496.570043100002,-522.0745265837377,-0.0,-1065.6134184805899,-996.2809750648913,-801.6834066967048,-2382.6491273632832,-272.29746125453323,-1256.5668399320589,-0.0,-0.0,-2143.1277566762556,-725.6178155693194,-1838.7108927848901,-778.1279617587534,-885.0992917168159,-1972.3437916747546,-237.4929578186281,-1797.463885302745,-1178.329205546669,-33.831538605557164,-1099.5078113369918,-1210.144331521245,-246.55914932959868,-240.22544232890888,-2055.4835197892576,-0.0,-506.2894981722911,-300.9388048895185,-33.037033923946446,-858.0363291998582,-229.2516326946696,-1018.244842187746,-946.8178862536471,-1351.180986863222,-251.16438058823292,-2710.18715471215,-61.74025252005039,-647.0304271087346,-0.0,-847.5145358835815,-805.4885160059972,-1034.2430825894346,-1239.168354376687,15.561803716607786,-436.17752541088504,-2767.9898162858963,-851.344292962348,-409.70225826459034,-1218.965767824962,187.40444976387852,-0.0,-0.0,-0.0,-0.0,-0.0,-0.0,-11.812980453736111,-185.44184171534158,-2467.314621328799,-5268.808083639906,-526.1350416015083,-1049.196077788678,-148.3482906739708,-570.255198760201,-1447.2837815964351,-1197.3641767647514,-42.24795133692893,-582.1341228080549,-531.666132920323,-0.0,-101.67066949885445,-1196.4510846598275,-510.77837400388324,-0.0,-1106.5161916253112,-0.0,686.3036758709148,-0.0,-0.0,-0.0,-43.68278408589413,-0.0,-0.0,-1150.3752068689846,-450.9196682097158,-1292.078556956123,-0.0,-0.0,-0.0,-960.6431107030169,-625.3286060073456,-1422.3604810110614,33.7114633663477,299.28811118362876,-0.0,-0.0,-3319.770183525996,-1323.1879288447853,24.98119919906291,-61.557173748923745,12.451119906526646,-20254.904907552267,-20132.244208945904,-2510.7146758974704,-0.0,-0.0,-0.0,-0.0,-469.7460551727865,-0.0,-0.0,-656.9173665452433,-2438.9829015097134,-2123.086900640406,-1448.99288618165,-371.9941677862865,-1980.5065638227534,-34.32385832056056,-1394.7917560745097,1050.4957735751516,-7.938778525099157,-975.0956270573672,4.1940863039612335,-0.0,-0.0,-0.0,-0.0,-171.84267515125705,-0.0,-0.0,-0.0,-994.9296717828455,-1595.1195807511006,-0.0,-0.0,-277.27350461084626,-2394.926054493469,-0.0,-1526.8220472247408,-1796.2998540896017,-2196.474272425828,-0.0,-0.0,-112.30473564280098,-93.04241438098389,-1113.8034681235774,-1628.9756026501918,-603.6846217779599,-1429.2881924248438,-1356.1005922141198,-0.0,-0.0,-0.0,-0.0,-463.9905210829705,-277.07140181669,-0.0,-0.0,-105.41106113828167,251.42690806570195,-0.0,-1352.9875540378748,-1125.4013242973665,-1169.946249946127,-0.0,-0.0,-693.2353216232705,-1310.1018236536333,-812.5961837678691,-448.3096738021018,-0.0,-2405.3415700578666,-2519.4912907551866,-0.0,-0.0,-0.0,-0.0,-0.0,-1592.4942784376897,-0.0,-2469.6640801135163,-1429.5465350211307,-76.81562421284823,-0.0,-0.0,-0.0,-2956.5515676527234,-1460.0514192909936,-600.8722059660388,-518.9629653493257,-1332.7161101304835,-695.8456189729973,-0.0,-0.0,-759.4334448472398,-1505.3319737457082,-76.4444077134494,-515.2553181960764,-0.0,-953.7852862034658,-727.0691676611268,-1979.3995706814824,-0.0,-347.77644172204515,-143.97669693188098,-359.3137465999798,-1600.286967378164,-321.5611159726474,-0.0,-0.0,-0.0,-0.0,123.08832658182358,-160.93418761237368,-971.5189300017621,-1651.5538850094658,-1242.8869923008863,-493.04642264356323,-641.4850734274715,-6493.887586122194,-906.6661957904661,-592.5880161340822,-0.0,-0.0,-0.0,-306.6409695653049,-438.1256150523555,-1376.9507524660219,-406.5099718439574,-0.0,37.40416402709709,-0.0,-0.0,-0.0,-0.0,-0.0,-0.0,-0.0,-110.15544276726904,1789.4212224223595,-0.0,-1645.4137139248362,-768.8136345784552,-463.1852013543773,-1807.114182151078,-0.0,-0.0,-739.3669081605022,-754.7254333622592,-124.18944564258607,-144.15245686967077,-153.48768765972252,-681.2944155883819,-174.40793525779677,-2048.2009639134226,-389.59038445397914,-450.3114107160097,-0.0,-0.0,-1635.5224095038543,-3101.523293909067,30.54085829536517,-568.52668987461,-398.6158012322555,-1006.45037112542,-1377.1115907591916,-830.3499457656287,-318.77056761460693,-181.70310325798647,-1407.8107742685338,-0.0,-0.0,-0.0,-0.0,-0.0,8666.698342496238,-79.41739315685597,-590.5935328560156,-746.4492484282362,-1186.8334136176159,-1305.173326655694,-1427.461130944953,-1779.7383621220242,-2054.239729735182,-485.271695678577,-0.0,-0.0,-1642.1523174078418,-0.0,-0.0,-339.1900799100748,-2131.667639704005,-1342.113530575876,-539.9830114525091,-68.66746181982653,-1809.215718850198,-0.0,-1566.4216047949071,-0.0,-0.0,-0.0,-0.0,-0.0,-0.0,-528.8507045035175,-1433.8575541437817,-1162.7772746730534,-92.4347112893601,-268.37842916044826,-662.5961331090224,57.95744883343653,-0.0,-0.0,-627.439798399519,-595.6651357362945,-4367.82152843802,-0.0,-1384.086618550821,282.6748752041021,146.172373815631,-0.0,139.19844150398256,-216.4010065862917,-161.90412269985973,-496.4431104052617,-0.0,-1924.0728646219977,-0.0,-0.0,-1190.5266232154554,-0.0,2651.361424170065,2579.421839767043,2433.215557903567,-0.0,-0.0,-1981.8771474049477,-0.0,-0.0,-379.47618872304525,-1014.2390340597758,-809.8367683198562,-989.8248839876072,-1175.6949492711408,-0.0,-0.0,-0.0,-0.0,-801.4708685333769,9.367960837775092,-59.34131907122461,-1137.477044682292,-1094.094165705621,-409.33785059972854,-1619.07135924706,-0.0,-2292.384012077976,-1188.324137544464,-1551.1359357434396,-459.9742849758875,-425.46990914937726,-0.0,-1410.140904175504,-786.8732804974261,-962.1390210736037,-2328.8767536745604,-622.6330540141442,1155.4998750757177,520.4823215131358,-359.95747842441403,-1365.5942241908267,-0.0,-1908.0270730640457,-3826.640700578603,-485.3223248580359,-528.5774675517529,-0.0,-0.0,-0.0,231.82853318100695,-390.0165908969013,-573.1119567962496,-162.3664400621092,-520.744251417583,-557.5705041760262,-0.0,-475.4087088551992,-1028.7274514971148,-804.4714494917952,-0.0,-1981.6602336762635,-4800.365976609521,-0.0,-0.0,784.7314888726863,683.7750330167306,-0.0,-0.0,-710.5660590880743,-1018.329011715364,-358.1333932188704,-740.8837944063138,-0.0,-0.0,-0.0,-0.0,-0.0,-2951.6780017201977,-472.20609985490944,-1785.866907858677,-1246.3522334510776,-0.0,-470.7686608279964,-441.408974529458,-0.0,-243.48748763350966,-758.5940248423508,-1311.0283389261372,-4413.9345391441775,-85.74187633672386,-0.0,-0.0,373.87339867225387,859.4477576367918,-0.0,-0.0,-415.36552286055377,-0.0,-0.0,-0.0,-2791.0401487591944,-0.0,-589.6545982496654,-0.0,-0.0,1881.2851427697608,2357.401202586707,2247.850932217158,-0.0,-0.0,-505.781269998581,938.3831448068102,-2843.5616533231455,27.610759840891692,84.00005078465642,-2732.5823420622737,-117.69548872613957,-219.09431395922599,-712.0711910498461,1049.0370914761188,3612.675152653247,-3266.7423985941027,-0.0,-0.0,-1052.457319857781,-1801.8364641060796,-1302.7030581430079,-259.1859013837788,-46.82446222102763,-0.0,-0.0,-0.0,-0.0,-2169.8298020605403,335.0075438521243,-0.0,-3.972407287418251,-0.0,-1804.0509965729673,-2239.5988288131302,207.18045454481765,-0.0,-0.0,-416.45947758761724,-0.0,-1839.5052718803508,-104.2033562816151,-1260.6706910595626,-492.73043406803237,-1293.3698507643828,-723.5516080399083,-1249.4451740322488,-753.1373243847887,-0.0,-0.0,-0.0,-127.09514355641883,-0.0,-0.0,-290.7995216760273,-415.4213424816647,-723.4506958221281,-0.0,-1501.0016637669896,-1160.6843445523566,-975.6541954573026,-8.062435410518184,-8.240970462581299,304.1470511294228,43.73795418153097,-0.0,-0.0,-13.575984686864837,-1944.7217786258766,-677.6468961070158,-1055.313824759763,112.4100319980578,-2396.9652921519432,-1998.6709810430311,-1050.5092224833688,-1175.6613095994687,-49.61593975192714,-639.2610594282736,-776.1020116101464,-1384.8263921268453,-2236.4584790268586,-0.0,-2238.0406014797595,-166.5757354338651,-0.0,-2745.6110657542945,-2935.7574617493774,-2563.4871769463557,1685.7048632011106,-0.0,-1933.4175490355804,-251.86617061949508,-1362.5794698048637,-652.2426949414121,-130.99597681299338,-2417.4641101785214,118.95255936472141,1826.8945587046467,-0.0,-221.60094632670118,-448.48707526186246,-1191.71831744403,-1293.3289874361383,-1908.6443751900904,-4472.596145415504,-0.0,-623.2934007481107,-1433.2415681305365,-754.4755551370006,-264.3602307642433,-30.390998219248022,-340.84052097965656,-0.0,-0.0,-0.0,-0.0,-360.66872625308264,-1386.3770977788283,-959.9061815545482,-69.92948511385522,-628.8876476347376,175.36485966226152,-0.0,-0.0,-950.8118835516,-555.7062476730626,-0.0,-2340.151463767445,-103.37197733688541,-1417.8796302343585,-0.0,-221.94333498647072,-215.9748031132454,-0.0,-0.0,-502.8214443482894,-0.0,-0.0,-4508.752622150497,-210.1110087331508,-2728.5483243992358,-0.0,-0.0,-119.78085776236499,-1620.475158749237,-664.3657865745041,-410.02661361656857,-1614.13090878324,-0.0,-751.7046956488522,-0.0,-582.7692758672778,-0.0,-0.0,-216.91015066298442,-91.03728514984184,12.155907313815424,-430.841143303242,-1552.569756118799,-2292.57977223847,-0.0,-0.0,-0.0,-27.34604339972288,-409.05252342131126,-0.0,-1773.513587654989,-3157.1274992468825,-0.0,-0.0,-62.02974945450397,-1763.6107475702795,128.2888645824017,-0.0,-0.0,-0.0,-0.0,-512.916119915596,-2313.3143117549403,-223.52470898017094,-1497.2684636218341,-0.0,-0.0,-706.0655138667283,-519.4418660230524,-371.3718183578881,40.46796528943771,-0.0,-0.0,-0.0,-918.6639452581414,-713.1425553611414,-551.5377688285664,-349.141504860455,-0.0,-0.0,-0.0,-0.0,-2535.1469670643623,-90.15392649888155,-25.73556699903942,-0.0,-0.0,-732.6043350552804,-397.1523565280267,-0.0,-2061.473032838524,-4883.437108279844,114.8981379370371,-1280.175424562338,-0.0,-0.0,68.1423060752476,-546.7889011038825,-1989.6648539143303,-561.8516877070758,-3153.0596927030206,-1369.5304246942885,-830.2058685958195,-1556.4559003096463,-0.0,-0.0,-0.0,-39.82376908469858,-1364.0322494189925,-0.0,-0.0,-3275.5435453042983,-87.48135786893532,-1520.1786909152654,-843.3984114874659,-0.0,-0.0,-0.0,-0.0,-0.0,-0.0,-767.074261227085,-0.0,-1712.7337150556482,-0.0,74.4366396241136,-1435.0104929906167,-0.0,-0.0,-0.0,-2414.435539621483,-0.0,-0.0,-554.8927550155489,-0.0,-0.0,-1134.6431749880396,-625.5203422375783,-0.0,-0.0,-195.6233117336373,-2134.628877748914,-0.0,-1198.3384272737796,-921.698991532068,915.0965258642979,-205.52604694647212,-0.0,-613.3765105912778,-2.4077126037700025,-0.0,-23.807477176210114,-0.0,-391.6880999649354,-0.0,-0.0,-0.0,-0.0,675.1151195740503,719.9512385828642,-964.5796286617359,-1728.236614478136,-0.0,84.10123730250727,-4.3376425222295465,-91.01026718324816,-1003.0462061964881,135.47876711210662,-583.5983021181302,-441.91209171262716,-202.02024513286048,-3648.3243322157505,-0.0,-251.48004429394038,-1934.204158026441,-2703.5411611810223,-0.0,-1226.0391490149764,-1855.8074213898099,-2253.5631391182437,-809.7714920925542,-0.0,-989.0118841073561,-791.5316261689903,-862.1187493530664,-1349.2801903958214,-1073.161703518052,-0.0,-136.10172396706514,-1450.702021879718,-0.0,1289.677400064377,-419.97772273574134,714.1542278108099,-0.0,-0.0,-106.38140323325563,-46.87070177259249,-2598.2147311582803,-999.8548969868754,-0.0,-1060.6924526258763,-3413.378695751611,-993.9355973501931,-941.8637678207025,-1275.5191497113722,-431.9819353778105,12.237152285940097,-43.69816714275642,-0.0,-0.0,-1052.1759352769482,-82.43776884699935,-0.0,-0.0,-2110.6000705993006,-740.1921424430448,-670.2062933418271,-2092.5630984524055,-104.55946000849654,-19.420628800633285,-2820.545973184816,-973.6411195831932,-673.4542152445425,-1135.298069957491,-0.0,-2392.793950451136,-476.9893137370342,-1415.1415758936928,-1764.5582974408721,-417.0974146316255,-577.0277084793663,-1870.966407750145,-515.0862977830274,-0.0,-0.0,-0.0,-1465.4149587480242,-0.0,-3698.2796479606673,-1291.6309727516157,-1618.9015145789965,-0.0,-0.0,-0.0,-0.0,-0.0,-144.5997563811166,-0.0,-263.8085224669952,-1026.3763873750713,-403.5111483316264,-0.0,-0.0,11.759467434098607,-0.0,-0.0,44.39463777183059,-315.73428903598926,-0.0,-592.059604896484,-0.0,-0.0,-91.60042581103744,-12.629470373980427,-2800.9715568477527,-2431.368567375826,48.166034037840106,-6904.262211753857,-982.8666212398957,-631.9284350873629,-0.0,-847.2191393624163,-1500.7479972234503,-0.0,-0.0,-0.0,31.27633660269476,-0.0,-1543.528708505234,-0.0,-1542.8023533339504,-0.0,-0.0,-2554.3088556217153,-401.6163310152076,-687.517152449783,-0.0,-0.0,-0.0,-0.0,-297.0781269450806,-677.2412033295592,1356.769588218944,1085.4075701843915,-760.2288462908023,-9.322322676273819,-0.0,-321.23705115123727,-349.51872874392075,-1884.93488291854,-598.2497890333591,-127.20473950164217,-1107.016021831354,-1537.6888933032221,-1000.3278829862128,-661.8696680726031,-0.0,-0.0,-0.0,-77.77213841185817,-0.0,-1839.7352774465387,-718.6856092693903,-0.0,-1953.8619459629795,-1215.735677246811,-0.0,-0.0,-0.0,-0.0,-0.0,-1097.7961223539253,-0.0,-304.61307132620857,-1801.4268793776969,-0.0,-1152.1853312629373,-0.0,-0.0,-0.0,-2840.2009240152934,-1398.6739228824267,-1046.1038777684475,-2470.426284108009,-0.0,-0.0,-0.0,-88.0935368515033,-542.8483996437593,4.07259425680613,-444.1369202703782,-317.94707662691087,-0.0,-0.0,-365.138753565062,-1648.6040019893373,-3741.8972400699954,-0.0,-471.2180872310097,-1320.620437479493,-453.9098700879833,-516.330621652497,-0.0,-0.0,-0.0,-1908.3553197699503,-1855.9672560508202,-43.47374086065495,-1819.3517480765668,-618.0633408834549,-441.0682153652158,-8.288774246073725,-1334.00704457455,-0.0,-2162.7559834122503,-0.0,-505.71261015083456,-0.0,98.14247595762427,-0.0,-0.0,-600.8272171986317,-963.069603237565,-8.707249377187665,-0.0,1279.4233832445693,-0.0,-0.0,-1971.0037158799428,-1769.4071509595467,-1171.5399004449062,-0.0,-445.58375270027653,-733.9573383694311,-1656.0034050278005,-0.0,-0.0,119.36242956838609,-798.1437847190809,-0.0,-0.0,4.5123224659340835,683.5641962804663,11.85664451910262,-1587.8346699208748,-0.0,-0.0,-1789.604067414342,-1836.4322245957485,-87.87386910491774,-0.0,-176.90405523435666,-815.426779120912,-1087.454293693745,-1858.0940693297564,-0.0,-1018.1542090814044,-6.898417536170649,-0.0,-1704.0662531966457,-0.0,-0.0,-0.0,-0.0,-713.8839631963159,4.2924351278208555,-16.92153388558487,-0.0,-0.0,-609.9988415387301,-0.0,-0.0,776.6622630670008,-1165.235572708202,-48.5531735012587,-2318.6295860547966,-0.0,-0.0,-585.6729758196811,-0.0,-324.8811240602966,-1284.822812714051,-1115.5648004711006,-1138.6842217799858,-0.0,-0.0,1525.4457347927914,-0.0,924.5952501038975,1022.2260135994607,-42.122500644417144,-852.2887404554078,-0.0,-0.0,-120.7228342258641,226.94866365109368,-869.268746869529,-402.12942934847604,-1247.224062119371,-2847.5616981387816,-2174.7425002326618,-0.0,-0.0,-280.7471581203426,-6042.915607144955,-606.6225764210396,-551.9420785925402,-0.0,-0.0,-619.8910488205297,-0.0,-1055.554004559534,-1515.9700481225511,-707.5881979258812,-0.0,-0.0,-56.38631095559006,-0.0,-168.12711755285142,-1332.22583135826,32.95897122010808,-752.9044862422274,-497.79281740629233,-265.3297148925272,-747.4789449465052,-2676.2459769373722,-16.035452654004324,-1301.4938186540053,46.063904007004375,-1156.1783707819372,-288.2543625061385,-0.0,-0.0,-217.0213003443844,-0.0,-0.0,-1858.03866381332,-684.7674947931548,-0.0,-824.4446771118576,-609.5887506381899,-0.0,-0.0,-1710.8474987819266,-840.1922464712114,-1567.3285403053417,-1618.6550690555928,-0.0,-105.2359232054916,-3038.063700924191,-1028.4992314812116,-337.7977487846888,1757.4465989181297,-1853.282285664465,-1378.5171078286962,3.9866381818945675,-898.749245676895,8.352537741531995,-1937.6741367373559,-0.0,-3399.399523129531,-859.9191933330002,-0.0,-1858.9516595346697,-1620.9880318035985,-0.0,-214.83750118026896,-900.7524692894224,-1073.9222703311818,-1654.1581259652119,-820.8154085673137,-500.5018548247017,-620.3083800922716,-0.0,-164.01636742094234,-0.0,-2724.024434102814,17.078178812980426,-3558.0589445458277,-852.047110484476,-46.06732680104537,-45.82435293421688,-1462.3247908657395,-1018.0454602585892,-0.0,-514.4103663468352,-0.0,-0.0,-706.3418877715776,-0.0,-0.0,-0.0,-0.0,-0.0,-0.0,-0.0,-797.7722673049806,-505.95499177828077,-2780.8705146156044,-2780.7499087563506,-0.0,-0.0,-1284.5276017368774,-2086.4192101475887,-516.5368352018238,-218.93130174508377,25.20636878101504,-0.0,-1446.7325134625073,-0.0,-2638.076234779258,-0.0,-0.0,-0.0,-0.0,-1967.7990011077607,-247.79480600697462,-553.1274555729701,-1220.901888396957,-1325.9745440894517,-1116.646438810422,-785.8814270866337,-1282.3497920218783,-0.0,-0.0,-0.0,-0.0,-683.7759836430419,-468.21975351919446,-1573.7405675315808,-0.0,-777.4623428059444,-5780.959705918078,-682.263447793913,-836.1660377171696,-3606.3392858005013,-797.7009246824695,-0.0,-542.5586098169304,-543.6785480382318,-1218.5777923643288,-714.1473099350555,-1670.0326371138551,-1752.839696455472,-0.0,-0.0,-0.0,-0.0,-1593.1998779697983,9300.447275441762,6911.987987041797,-0.0,-0.0,-0.0,-0.0,-2253.7475012657314,-1051.1916804901846,-78.34162009093383,-1614.9038208341483,-812.5250526841918,-0.0,-0.0,-0.0,-0.0,-814.2125026289322,-0.0,-1839.5824434950998,-279.8641632859451,-0.0,-0.0,-0.0,-0.0,-117.83061207832304,-511.6076702714868,-455.8684925061654,-923.4807948512898,-1028.8571107119244,-1229.0448911455942,-1009.143738863533,-342.7639375011358,-1493.4078317223248,-1775.6257748141675,-1237.1035425860014,-1764.2121873966098,-40.36965804110067,-1343.6394728337657,-1020.7619752679693,-953.6716981454118,-1626.1752628761672,-329.8853850492933,-2772.3369145014212,-1797.8457360378095,-1946.0262409597997,-653.1979740832222,-558.5549264074708,-1286.0979541133217,-0.0,-1038.063791315432,-0.0,-3464.9610165121026,-963.5978731909572,-343.51643044362453,-1747.2031056334963,-1608.5225531297094,-1213.9214900017498,-0.0,-0.0,-0.0,-0.0,-882.3915007879414,-3358.4721700178675,-1824.7680867782803,-0.0,-0.0,-1078.8513881076644,-0.0,-0.0,-1199.9482014518098,-494.1689800854655,-1008.2649323171279,-564.1742080389037,569.3360969503003,-1207.3278897648474,-677.1803495548238,-1815.1447397718186,-0.0,1414.6725330152121,-0.0,-0.0,-1096.8944135363063,-5396.71830204409,-0.0,1561.7283480879407,359.37831313273,-797.5466615574172,-248.52683205067322,-0.0,-1846.410106625653,-1088.3266436825886,-2480.4635815565507,-2162.07171159351,-386.1709678191302,-0.0,-545.0237476522432,-200.83223130766766,-0.0,-1255.7242152258257,-0.0,-1889.9219471789847,-2672.9389566005298,71.55536653676135,-2474.0523555819145,-2073.0437837108207,-0.0,-562.169927444993,-1428.2427234982129,-2396.1325020401255,-0.0,-435.43013520105916,-2624.735150061758,-988.256682982106,-870.1796087746204,-1020.9932698089441,-444.65893312057597,-927.3656612417172,-1598.4185126779423,-0.0,-1032.322687877587,115.84803638505974,-1294.680915042491,-0.0,-537.1339549034006,106.08536671806722,-1115.4204724820272,-680.4555489856708,-0.0,-561.7511801468353,-437.1115002161482,-1918.2581088653205,-1224.1463400471966,-1769.3997410696984,-934.009061627989,-741.0767371550045,-1065.3158414984534,-2065.4489694959984,-24.239077496983874,-0.0,-508.33895248886165,-716.2902913993418,-1391.8920313503338,-2194.4005877187847,-360.23957430155417,-737.468925653274,70.68364877481953,-983.7985891343477,-1247.044760640986,-960.3478316269385,-0.0,-950.0137649463528,-61.08828522621796,-2555.401356089083,-0.0,-475.0280462148576,-946.2616958107785,-542.5850351560495,-2627.214305061249,-191.98112620670702,-1683.7608575321271,-796.4848376721511,-2594.519123906852,-0.0,336.7042725206289,-0.0,-0.0,-337.8717347686275,-0.0,-0.0,-4008.487542281056,-32.66482161387428,-44.101051579508756,97.8665827190723,-1468.2859234443063,-0.0,-0.0,-0.0,-0.0,-0.0,-32.757654784816815,-0.0,-360.94975290171664,-0.0,-350.4848548189167,-1751.5631949458127,575.9939976994195,-2908.6621341276136,-0.0,-0.0,-0.0,-0.0,-0.0,-0.0,-0.0,-0.0,-0.0,-2920.6125747114306,-0.0,-2998.933599901646,-3099.8179180513002,-39.91606355580404,-0.0,-0.0,-0.0,-0.0,-933.4428862064652,-1143.7857018172126,-0.0,159.0719478509652,-664.4713170965067,-2164.6479421984754,-694.287335525271,-0.0,-605.4793515920509,-1048.6079366058318,-0.0,-0.0,-682.8667346958923,-858.2902411102928,687.4922634765101,-545.9888352287483,28.820818321735114,30.555317696702566,-0.0,-0.0,-0.0,1831.3331882122561,1434.4658477407838,1568.499210209834,-0.0,-0.0,-0.0,-815.0878247346225,-0.0,-0.0,-934.8305631384511,-79.77318533920305,-444.5207034300959,-61.38061712631784,-1172.1587134123617,-818.4482197212532,-1392.6021832722622,-138.2064895665103,-285.0481572661125,-1225.3719361631736,-0.0,-2457.0593860904346,-16.299968778471275,-978.8722414423145,-897.0013838087292,-17.90788980315787,-0.0,-1271.2844178640385,65.83978976393857,-0.0,-0.0,-0.0,-0.0,-0.0,-1534.1972752985944,-3745.126992019616,-0.0,-712.8262378079913,-66.00358767107863,-0.0,-0.0,-0.0,-493.4573645685906,-27.4655212843307,-0.0,-1348.3819273068545,-733.2959617306263,-0.0,-0.0,-577.6886664057272,-0.0,-0.0,-1782.5410157689012,-1577.8524133193148,-0.0,-912.4439275111893,-2191.6558196873298,-85.57617859001537,-0.0,-0.0,-280.8216191792351,-866.3707949942211,-259.76106110593287,-198.0532625277941,-154.65749091620114,-0.0,-0.0,-0.0,-1309.8889969093993,-1136.1086157288564,-2324.8976250927135,-306.6687694873435,-1423.8420137571763,-116.4112565320092,-181.52278239706595,-535.7949421553793,-1985.7613126839963,-0.0,-0.0,-1669.2012529673966,-1868.2038498645793,-0.0,-0.0,-0.0,-648.8994900341797,-2112.0072253278963,-3639.9258948677984,-0.0,57.62912620436963,-202.9795865237472,-699.8178523421307,-644.9263425200364,-2142.1885275843974,-0.0,-1646.575599637645,55.315972302280244,9.153081775666928,-285.31840020148707,-0.0,81.97380106903285,-298.0647039451637,-496.326367579528,8.909585953642539,-0.0,-0.0,-808.3701411043255,-12.547748344386905,-0.0,-1472.9092011925998,-1011.6949170455492,-1300.2159671028842,-876.9602073015897,-1352.000301219111,-1646.029420525442,-0.0,-0.0,-0.0,-0.0,-0.0,-400.3803154133831,-667.6117224399363,-1307.8621658627771,-1405.3251173971285,798.4871730641555,-1606.2123871612198,1788.5492780241848,-0.0,-2302.5423622982107,-1804.2665516623308,-857.0101867485743,-33.74482088191643,-116.81649704696717,-2363.8507058031064,-235.8018075504745,-0.0,155.57089950655705,-1024.1825489030844,-0.0,-0.0,-601.8453755081922,-407.90413227996726,-454.24051483844596,-1298.4864740425544,-1696.2800129055738,-0.0,-1616.083160585683,-1344.976360411919,-4917.383065997603,682.2036778905435,575.8862055645208,752.793976721417,687.3597123297901,-0.0,-0.0,-0.0,-0.0,-0.0,-0.0,-0.0,-0.0,-624.4970772897178,-0.0,-51.36927664106618,-46.49639308763087,-0.0,-1179.0570706533001,-1408.8928236710728,-2073.684497730969,-0.0,-0.0,-0.0,67.14513802229753,-3479.2227213402757,-675.6815499764235,-2930.3483902859684,-1887.555307599575,-0.0,-0.0,-174.72579354673204,-1368.3726804081002,-0.0,-2417.9692532306726,-742.590141744417,-0.0,-0.0,-0.0,-2273.6098084961277,-0.0,-0.0,-0.0,-0.0,-0.0,382.05245366587076,-0.0,-0.0,-0.0,-1026.6204838108895,-0.0,-0.0,-0.0,-0.0,-0.0,-0.0,-0.0,-544.2951072090966,-1075.9385874718826,-1460.49493135688,-1694.3639737890037,-610.4394621743411,-1192.5402710127212,-36.920439831567535,-0.0,-681.6755827827334,-49.306185431613976,-0.0,-0.0,-0.0,-0.0,-875.0065363911909,-0.0,-584.1665499709422,-1411.8472246400204,852.6742685497753,694.974341812983,859.1194198820242,751.2904665543997,781.2162425319522,-0.0,-0.0,-0.0,-0.0,-0.0,-0.0,-446.7325161523904,-0.0,2244.6396619799602,1051.7824592517698,1234.9781426487932,-0.0,-0.0,-1400.3257764608568,84.0686753289977,-64.14864613803262,-2409.0274107963733,-0.0,-1798.9150717540822,-0.0,-0.0,-0.0,-0.0,-605.874979067157,-0.0,-631.8600412602979,-628.3482593034726,-360.77493039245763,-0.0,-15.469247862050118,-0.0,-869.2292070835738,-0.0,-2469.5246679824804,-597.7457656317579,1775.3970156157097,-2234.7638508495725,-915.3167821245153,-78.31947685578929,-897.4763710238735,-0.0,-591.8156152554942,-82.69984605215392,-2510.373721421007,582.4841925762943,98.71886513536677,627.8011463638347,1286.2195825937138,-0.0,-291.43584450458536,-27.45846881977691,-1292.797506325698,-1085.864074752106,-1536.7404780664374,-1893.9347662207313,-0.0,781.4011119205182,-0.0,-430.70753334076784,-2867.325610416886,-1278.0516003878695,-0.0,-1529.4548064763608,-445.2857888451224,-646.1017168169384,-709.9864474926268,-329.89398953642257,-1449.8699918470236,-0.0,-2066.4527212148864,-473.0668332235036,-1506.583229072048,-359.0906125763106,-0.0,-0.0,-0.0,-0.0,-1276.1661474158857,1143.3048689042678,-1103.9624951704159,-753.5760472638531,-0.0,31.2988988248806,-0.0,-0.0,-858.8641354947672,-714.8057934906012,-745.3613027936058,-751.4091456449631,-0.0,-0.0,310.1159085968417,283.49322583116754,629.4434148522615,-0.0,-622.8229802256537,-1964.788340737938,-1334.4196916450458,-4.420622638321088,-1659.5987131131276,-0.0,-0.0,-0.0,-593.7726889768612,-1025.9683905735133,-0.0,-1454.7255048195057,-0.0,-2951.9012536796427,-4029.5757515022165,-0.0,-23.317013840196406,-0.0,-819.4965737769331,-0.0,-0.0,-0.0,-2181.8880157562003,-1067.9396573906527,-635.6921570506796,-830.9569059584752,-0.0,-0.0,-2400.989702394408,-0.0,-608.036650627148,1105.5063734994135,-1091.4677457658192,-842.724745082615,-642.3669038988787,137.85844320521164,-0.0,-0.0,-1387.518282688679,-0.0,-758.0251325703531,-77.7354910620674,-406.4417964904703,-332.1378927099056,-0.0,-0.0,-233.13079670661264,-709.2262550915544,-1100.6138965334678,-595.8878149702294,-1112.361869885328,11.97624200902169,-0.0,-138.39139249184515,-1979.3124312321559,-1282.9422230152513,-0.0,-0.0,-0.0,-610.8992044244367,-622.6857047881161,-1420.7198089280134,-0.0,-0.0,-0.0,-0.0,-0.0,-1571.5425581857783,-745.0595671757807,-0.0,-581.7004190783576,-0.0,-18665.65232595705,-824.7756084682918,-128.43229786666683,-733.588758920687,-0.0,77.232377657931,-1238.5974595283271,-2572.295413819556,-0.0,-0.0,-0.0,-793.6409146781916,-495.58607118468905,-1047.0487831621138,-988.8458891191415,-557.905500457602,-0.0,-0.0,-1712.9810269087122,-588.2084363700959,-2435.3734778294947,543.4203477018921,-2226.659363592234,-0.0,-0.0,1825.0671784053554,-1618.7068042978658,-0.0,-226.32376103445304,-391.0611256772317,-680.9140205076394,29.878182639885136,-793.657491722453,-0.0,-0.0,-1255.3068347649141,-1492.974621586375,-3051.453694770393,-0.0,-0.0,-2353.439502587426,-841.6733356467739,-902.4481807081012,-2439.8598164593263,-1637.7558084139093,-0.0,-0.0,-1176.2139256939795,-0.0,-79.52497717874647,-1621.0597313414905,-1747.057634326362,-0.0,214.09005243708833,-782.0294881195797,650.3272692568387,-253.7680283019106,-258.0618322997824,-0.0,-478.48179411310014,271.61627420757014,347.3695710323444,-405.63383093868623,-2544.428963740426,-2001.2553907696179,-86.86400188189168,-5087.17699552933,-680.8543684619829,-1174.7746424678542,-50.87787655148043,-3675.905755477627,-355.38167274002444,-698.8245375108764,-281.5274587996959,-1949.9004610564689,-1118.4226286289552,-3368.8475089483904,-5809.717806834918,-87.06361514615733,-714.3244320041981,-1569.133067076674,-1278.3694876145876,-0.0,-3450.7325796243363,-0.0,-308.23827254310095,-1815.446930457765,-1278.1833497816715,-0.0,-0.0,-941.9167657842652,-262.36639477505,-0.0,-1500.0899705582754,-0.0,-786.4468640357472,516.164081373147,-2379.081281191509,-499.814319194156,24.67770804050153,-13.79286717031516,-0.0,-2130.9178379298473,-607.8291566094991,-0.0,-143.43073071521403,-0.0,86.56175797224326,-169.89296879944297,-0.0,-425.6081546849547,-1446.3660165967792,-458.894632128868,-937.8073907975329,-2037.3169315557882,-0.0,-3840.025921112,-1817.760775413147,-2930.455056283864,-2433.4677242471566,-88.36586944615426,-248.17411974051961,-597.785332999637,-1400.0574607879812,-0.0,-0.0,-1229.673183571118,-193.08524025218517,-0.0,-88.05500170415083,88.09945157043208,-2326.1852356995564,-0.0,-0.0,-1218.6612098505836,-0.0,-92.57843041958975,-0.0,-54.4742668825038,-163.8248344587489,-0.0,-412.41054691463376,5655.713558329743,-0.0,-0.0,-2759.1956908583707,-725.7707278282099,-241.43582351534454,-0.0,-0.0,-0.0,-600.6071650103105,-2170.7342205843343,-0.0,-0.0,-0.0,-2135.785943411533,-0.0,-0.0,-0.0,-1568.2427406110537,-820.3130347098387,-311.2289810785566,-443.20774255206976,27.440492717839355,-705.5745039943255,-403.24844892962466,-202.1470148325337,-2482.695302230598,-0.0,-0.0,-1265.9518939741922,-849.0849321414144,-2661.140696762468,-0.0,-0.0,-2434.542643652629,-714.8488601936499,-1368.046175383431,-394.54541221197206,-682.1540558409727,-2069.7997752724727,-825.8227699888004,-81.61646882603706,-913.6726003028665,-2247.91663331974,-1614.3708542196744,-1333.5154346155884,-0.0,-582.5950858134919,-0.0,-1872.3143327335035,-397.1276324550124,-207.6195181594335,-741.7995507667406,-756.3559604284791,-12.392761630844468,-0.0,-1132.5355249533395,-601.0056340465648,-46.885742413519765,1515.711242741854,-79.77919123857907,-0.0,-747.1588673559934,-527.2122180423914,-0.0,-781.6241897097626,-1659.889290973848,-0.0,-0.0,-0.0,-0.0,-460.23419593892277,-926.9964884612949,-365.17972541552416,-511.9616198738027,-370.41916968795596,-1695.467127847807,-770.8040540927888,-1321.801091041499,-2731.2161629855264,-1848.8619057977492,-0.0,1036.906824937837,990.7926755614518,616.658655077117,833.0305588508642,431.6153485110262,-0.0,-0.0,-0.0,-0.0,-0.0,-0.0,-0.0,-0.0,-58.47535727401608,-894.0985233007783,-521.1879633726492,-283.5677705524091,-1133.7434076292443,-107.6353975638565,-369.03721566482903,-1208.1858484457432,-280.65291481213177,-2022.2158281923523,-859.3325864346914,-80.01839676533622,-404.91039635864473,-27.665129821824713,-0.0,-557.3135005323215,-167.06325438251457,-246.6857840899725,-802.3447802770008,-307.0576216855441,-1684.7120723622097,-326.3932758078972,-0.0,-0.0,-2096.7914454767756,-540.3148320709919,-359.6518350286876,-520.6744099119088,-1032.8856390200117,-427.9644770179929,-403.90075547274125,-0.0,-715.0641456038402,-815.156623030884,-726.9605299844496,330.2872936526616,-1449.5325229828557,-2084.732455411968,-199.6267283100427,-766.8953360631388,-779.274548916553,-13.225140523009687,-0.0,575.7002509736333,-860.0817563332278,-36.01379545228707,-2025.5163346305612,-0.0,-0.0,-1188.458495102947,-478.1082260839724,-0.0,-560.1011821849136,-692.9534336357242,-846.5213479999436,-0.0,-733.6842929668745,-532.3631755154007,-2255.523864845922,-4461.902584719371,-414.6124320584731,-0.0,-93.77542370181574,-435.1884122118241,-1692.1678468299447,-235.34772501988274,-593.7104259219634,-782.6379570255475,-732.5775500713565,-349.01689873070336,-0.0,-0.0,-1682.8890405208629,-123.73051833725987,-452.9562409508443,-760.7039022540996,-1273.4291427060227,-2652.3567963896558,-0.0,-566.1992534004685,-0.0,-0.0,-0.0,-0.0,-0.0,-30.506400381280407,-171.04491418657244,-372.03113403239814,-0.0,-0.0,-0.0,-0.0,-0.0,-0.0,-1026.5147716637464,-2116.954690608309,-401.2561920693696,-566.4807755544502,-39.918864168664385,-0.0,-0.0,-406.1471027221449,-0.0,-0.0,-131.8748143136058,-3026.1060956307497,-0.0,-0.0,-1620.6629976507313,-600.8105728267475,-1065.4642794380704,-1115.393661958779,-661.2502468871365,-0.0,-0.0,-1219.6041851789241,-1987.5718724130063,-924.339712527705,-0.0,-1128.6686986248517,-0.0,-393.2167280065153,-791.3806461826371,-0.0,-729.8562299471301,-1961.844082155826,-0.0,-1819.4883673277245,-184.95710420962558,-561.5111683424209,-1376.6273643260931,-197.95758400896867,-1278.965955492437,-0.0,-1134.403879569309,-28.044757788688372,-2032.5274010213268,-1975.1946919762775,-0.0,-0.0,-0.0,-0.0,-738.6629514451058,-781.1371197168215,-0.0,27.59311677219914,-385.51805206195326,-804.9892329683282,-2258.124872252811,-2410.2139658197443,-398.1895929154931,-0.0,-1338.1129392979851,-781.680266378233,-1993.2981106713426,148.2015338495807,-0.0,-3806.828421996211,-669.449800438559,-0.0,-485.9426453178271,-1602.8493408737131,-0.0,-0.0,-554.1287537970271,-1345.2368699234285,-0.0,-1034.9246955215106,-1339.6921292233114,-42.48647065268539,-86.01442484537601,-549.1641519708253,-0.0,-1513.1310095335602,-2673.5764583612263,-1258.355405136637,-168.14142200057003,-2159.535804169761,127.46981281261647,-971.2277630722127,-562.2056722706337,141.63445667596767,-897.0179458732451,-1518.2391600436367,-858.9605650914283,-1565.7114743307395,-465.81338430564404,-614.2006138973098,-730.0243501706755,-1717.8572440717514,-0.0,-0.0,-1907.121586850464,-342.41952202821136,-0.0,-1540.2848939779547,-1210.3235077819022,-0.0,-2997.05554195807,-573.6038111069157,-0.0,-734.5055339275253,-0.0,-0.0,-1173.4636153211588,-1236.7843184334906,-0.0,-0.0,-0.0,-893.7432086085632,-4.678137362316466,20.443745576499488,-257.8005146145978,-0.0,-2168.587272137449,-1712.0294149194203,-582.1275440008982,-2154.2538486706076,-0.0,-58.439659444770925,-917.4945098235303,-0.0,-441.76715463741385,88.39926791508037,-1527.4761676880782,-1005.7293772950136,-734.0305106151498,-1293.2445116241286,-0.0,-0.0,-0.0,-796.4791676929201,-0.0,-423.42351107587075,-973.9044590303397,-218.92072343281535,-1201.358317424872,-2006.7429066096959,-528.2142832560102,-1958.4043925840044,-0.0,-1166.4953387970422,-715.0160363262555,-556.4889297798553,-1196.5005132962774,-333.51810814749354,-541.2820744998838,-1364.5662275026448,-0.0,-0.0,273.0077059010459,-2905.288397168715,-1036.8158181331628,-290.1528609907306,-0.0,-327.7512872519307,-516.4515223411364,-734.660121747454,-0.0,-0.0,-877.2281014861597,-0.0,-23.25708494555684,128.12449828568828,-136.03877646702026,-2184.84962987923,531.8634082361074,554.1740954904933,465.6737903574471,619.0712798582894,49.46991568555391,-0.0,-654.6404400964481,-786.065919900814,-376.24618196080667,-10.300173858465312,-0.0,-0.0,-0.0,-197.3533845383716,-12.73790604895688,-1106.4417692431373,531.1441490972519,2511.3529117547114,-0.0,-0.0,-0.0,72.48086785057963,86.08663532342896,-0.0,-3189.470622991102,-0.0,-0.0,-0.0,-0.0,-0.0,-2322.1641243670942,-290.7724803803416,-0.0,-445.52805771029904,-2083.6441825259985,-174.31645035509695,-339.4302281618176,32.100150930602105,-1964.9195069032755,-3911.326765457903,-1733.8477644530565,-0.0,-0.0,-1701.0468700698561,-1054.2592409864724,-750.1728458963371,-498.15065173506775,-351.88177683758454,-1012.2490547954671,-1044.362696832336,-5110.446827232839,-624.1836826111927,160.527071314648,-805.3238168163299,-956.0236064492007,-672.1307602362967,-662.897472045625,-7.962721325877971,-1975.454977427827,-847.740024857605,-566.367366774842,-0.0,-0.0,-0.0,-0.0,-260.4067182127406,-1259.8107129816217,-0.0,-1366.8837172868637,-1449.7181765549183,-0.0,-0.0,-1509.789464574105,-0.0,-0.0,-247.23283100051907,59.34516512027453,-0.0,-0.0,-3061.742691601581,-1195.4046099142527,-116.52098166445101,-1031.6767631170837,-1261.954043405995,-0.0,-329.68731609030436,-508.01205705468203,-0.0,-1589.1427225236823,-376.40109873480003,-1061.7481180048223,192.01587758648935,-882.3182448629241,-234.93321124657925,-244.02417372865366,-56.80983748238599,-39.453665482634634,-655.8425741809633,-839.8689072958242,-460.5834799310992,-853.6506094768826,-0.0,-57.81238540429188,-759.7669981077904,-181.86302446321767,4.384931019730699,-0.0,-1215.2554321280963,24.73017405146012,-1149.544387581689,-0.0,-0.0,-0.0,-2044.50146898821,-0.0,-0.0,-90.03036725142552,-0.0,-0.0,-0.0,-0.0,-0.0,-0.0,-683.03475477118,-1437.5224240792759,-0.0,-0.0,-0.0,-0.0,-1000.4355503308853,-534.3572424749505,-0.0,-0.0,-1943.0017106061794,-0.0,-1413.1786808297109,-2837.8137313656034,-0.0,-0.0,-0.0,-553.7983077140557,-0.0,-0.0,-0.0,-1063.6153412312133,-726.0962568375031,-700.43296150009,-0.0,-0.0,-250.0642127868666,-0.0,-4116.015490374993,-5920.070654071408,-0.0,15.706711259096103,-0.0,-593.1108770524078,-794.0424856947589,-1975.9231464181305,-0.0,-0.0,-112.05224071682272,-748.4565380155175,-1452.6286707264533,-706.0092455036315,-420.8220056477509,-0.0,-0.0,-1123.0702076640455,-1154.3564161257634,-48.62123487615059,-0.0,-0.0,-726.3271300000837,-386.4285723191904,-87.91076745542875,-0.0,-0.0,-0.0,-2209.0080667549564,-406.9021677984508,-1373.5186195626486,-4438.32212671854,-0.0,-911.5856445866559,-1183.4229379111616,-2447.4134845360754,-308.21871426737357,-0.0,-0.0,249.87602514497584,-1251.9346930530455,-1741.8301480410698,-519.7073727345831,-135.98980745851208,-27.465639968221396,-1951.3397243972474,-486.0086516882662,-1722.2202552406793,-717.8220842371403,-2452.327635772866,3.942144046154986,-993.6660760541547,-807.8948744022867,-2096.1982462302494,-0.0,-0.0,-821.5822972461978,-1833.912710322731,-1916.6935288122504,-1059.570437538631,-0.0,553.3898126908758,-66.47984192647598,-492.79598471175984,-0.0,-23.578843542750707,-0.0,-2943.100642408409,-61.92161795521524,-0.0,-0.0,-811.9514481908093,-1142.6274458452378,-893.2402180546326,-314.24509097713343,-685.2709152261002,12.128143488097862,231.16550738217526,-846.3584625593611,-27.645166248225244,-1603.526794113105,-0.0,-1696.4713648418724,-117.32851381437433,-684.2785721354434,-378.5921297598276,-23.86140004882251,-45.77058946677998,-23.13716560861752,-1378.4982209520963,-997.866876314393,-1477.1508025013482,-250.68237762691362,-1426.417510811495,4.6670454329436994,-0.0,-779.1356755880653,-3085.3949562093376,-0.0,-0.0,-27.123867098066015,-2097.9912021764326,-220.37856955255072,-678.1504011140572,-395.1856606136389,174.11337666231145,-0.0,-0.0,-1274.1482287106408,-0.0,-0.0,-2064.9698297522887,-1760.212622889605,-955.0183171473747,-850.2474203127342,-592.5854626526353,-1006.3726695720092,-808.1993195435848,-1257.9580370361189,-2638.691319536836,-0.0,-0.0,-0.0,-0.0,-307.91331926620546,-0.0,-2062.0572673343568,-644.7059280435512,-848.9227401992133,-1031.9937901576493,-538.7807216496443,-0.0,-1726.0965263675077,-619.4263237796823,-0.0,-2695.0991169587683,-1493.724289119361,-0.0,-0.0,-2981.2982507011084,-2111.8948042713782,-417.7432593853691,-842.3924913030129,-0.0,-486.43404133395046,-374.03857882741295,-0.0,-654.7733405911453,-550.0323214035448,-566.796427705408,-0.0,-0.0,-0.0,-0.0,-446.4136815681298,-1335.8446087104508,-6246.404842727807,-0.0,-0.0,-765.4972793308191,-811.4419036708665,-2088.1535712342384,-659.6412666944244,7.887447966712952,-558.9826135844049,-0.0,-758.5491329003211,-592.7146987124667,-0.0,-494.29117333066813,-1203.1729904134806,-0.0,-0.0,-0.0,-0.0,-0.0,42.815358812678355,-2256.07997734474,-0.0,-1313.1441685325194,-941.4504974751351,-4.575928863591384,-2109.6642640967902,-886.1197236846101,-1089.5093776025653,-1362.8227775453538,-83.05633776785048,-127.07869415893826,-1287.6211343319183,-891.9189922362683,-685.0924768800111,-0.0,-1650.6761984562713,-1284.0681317994392,228.97252430241096,-0.0,-623.532535811933,-830.821140188412,-986.14092585717,-81.17872102434193,-0.0,-277.8205157843722,-0.0,-0.0,-2497.2767397618964,-2386.627209418899,-2032.0974414254217,-1690.2627860956666,-0.0,-1114.9548585115272,-2035.253299916887,-0.0,-5539.243660062371,-0.0,-0.0,-0.0,-0.0,-991.6278166526625,-2442.3205938375454,-2483.953249057291,-99.90555168021555,-2182.148219101529,-0.0,-1034.6965258269572,-35.442561764581,-0.0,-70.2885476909768,-588.0668058500721,598.3633656657462,-0.0,-450.6569328188486,-47.23483833042972,-0.0,-1460.2585636599142,-0.0,-2036.6163182094515,-161.04425521001514,-0.0,-0.0,-1137.702409830841,-1888.1690073763143,-1110.950596931652,-1196.6225139548446,-1449.6664412686328,1595.417548931042,-51.587074887183775,-894.6521480534138,-35.896348028366745,-2197.0968653303908,-941.2316915809788,-880.2256752371957,-464.5232240065257,-1713.1954227597132,-1774.3310813541725,-433.61822182072353,-2605.0219699471604,-372.2718267087966,-0.0,-0.0,-55.91271465610305,-0.0,-0.0,-0.0,-0.0,-0.0,-0.0,-1562.5222678776918,-653.3926731933171,-1377.4413407065892,-923.4355619883783,-0.0,-710.3250779488969,-1410.727008664994,-1246.0627697507273,-2096.4448091771665,-1310.776617675899,-88.58111924940123,-185.90469020617775,-1111.222370981029,-1563.5170566075865,-0.0,-0.0,-0.0,-74.55640145826563,-920.0071310646417,-179.89283080458628,-555.8363727498327,-1106.5660951919278,-0.0,-0.0,-0.0,-4173.515132360999,-0.0,-139.12142831392805,-0.0,-234.5424440289344,-1355.3105202861777,-1250.8960994615109,-857.5902498761698,-0.0,-44.21587124293718,-643.826849680522,-697.1385122580037,-571.674810579889,-0.0,-1132.7705616087292,-0.0,-0.0,-3305.443631629164,-0.0,-1390.2377638510116,-638.925800061191,-437.7925003273558,-286.8866211175896,-1439.7497530505252,-3139.627816075225,53.90358440998086,-2088.243243388081,-1891.83723576677,-543.1702433095097,8.869078465404721,-0.0,1539.303591242276,1193.217158662672,1318.5545360174358,-0.0,-0.0,-0.0,-970.0680203134168,-0.0,-313.7519807826461,-231.60706663214634,-0.0,-4179.30117417121,-0.0,-1407.3881285762802,-93.0425233384622,-1139.9970642555097,-535.9018983460792,-1564.2025444134501,-1258.5279287416108,-0.0,484.2581429355921,-2779.9194215994407,-1703.3263489953943,-540.7391383895332,-1431.1122642956668,-2044.5477527898427,-0.0,-0.0,-273.6092111379837,-754.5538492832042,-2120.3631916616437,-881.3085966111889,-40.46619670861532,-0.0,-0.0,-731.5489368849709,-0.0,-0.0,-0.0,-217.73682085922115,-1534.8614216861552,1603.3541851246355,-1468.966631034085,584.1718424247304,-824.0565306499852,-1027.433030370478,-13.86777566433372,-5454.69207196391,-366.6413895790591,-0.0,-70.0839182929993,-2342.1819892358603,-1721.750211221546,-0.0,-32.70322993121475,-0.0,-625.0255721755265,-28.76855297941551,-2115.495327829375,-1523.9416221279018,-0.0,-360.7353155165855,-0.0,-0.0,-0.0,-776.1396877899072,-1116.970533117036,-430.0217766756965,-1293.3895683207645,-1950.6441757141977,-1029.519056541394,-458.73017313894337,-458.4805163582872,-134.36663141201004,-1873.9386773159945,-672.5926694235806,-980.000476182521,-1458.3056277480016,-1711.7164469280372,-1372.2096328834039,-344.54702360728106,-1598.926349797077,-0.0,-0.0,-0.0,-2630.3489377761257,-0.0,-502.1084676219887,-1308.72699209161,-11.647112879640478,-925.542005060771,-624.0845960635459,-1009.9455916865708,-774.3514486895571,-223.5235621547695,-2146.4179797998454,-4934.362525327005,-303.71846447105685,-36.8612052988991,-0.0,-119.61504336337954,-7658.952080144759,-2164.132116124364,-672.5771682011303,-2381.565285756571,-225.27196955435818,-0.0,-24.939323325675854,-743.5451327113769,-137.22046185816387,-1311.6992844859521,-1119.6100688419074,-202.74474902938675,-0.0,-747.9930494505072,-2251.551317296216,-2084.1322334654296,-1763.1258314631891,-0.0,-1649.1126390543775,-0.0,-51.0008630981586,-1119.6985165253955,603.5546807502619,-0.0,-0.0,-302.7352849924284,-1108.2130062828262,-789.0711899896564,-1341.4646890175288,165.48159481631677,-1468.345498972945,-130.0191884657106,-376.4963059716069,-2243.8908798333414,-2079.868014672385,-402.11352269483456,-0.0,-0.0,-0.0,-0.0,-0.0,-1862.5165963297463,-0.0,-679.8593974596246,-860.1902459870024,-2627.8923719945506,-0.0,3.6806425358509887,527.3540311878926,2255.3839367011806,-646.2403896751694,-1402.9231841961016,-0.0,-1663.8632782068607,-4088.307170328199,-808.1285736216958,-5677.108201158627,-1371.0786932217866,-0.0,-857.4151095549383,-2616.4725196592753,-208.74793479286083,-0.0,1195.3488575128517,1451.354691780932,1321.3888818836656,-0.0,-0.0,-0.0,-0.0,-97.52433701169241,-2779.2074608957073,-92.05418231522245,-0.0,-2123.131430315881,-1233.2834983073244,-529.5387828865396,4.361078866089098,-0.0,-238.61927905227276,-941.6801970402081,-0.0,-0.0,-50.30931036441656,195.8313965708353,-2233.426069110403,-0.0,-926.8818012729454,9.123896899001824,-92.15545134044882,-0.0,325.6377509333064,-107.27866536541156,-596.602815420574,-2117.0750625646288,-0.0,-69.03109006089669,-1198.0658142903558,-1058.6447260988332,-43.0332995310119,45.022142241693764,-0.0,-1387.7905433003439,-851.9515283392096,-7.792704296077057,-0.0,-0.0,75.63410125277488,-265.1715998938225,-193.94210826758805,-84.543852631209,-12.276745040858504,-169.62363765631252,-729.6346949285604,-1036.025846695839,-579.4254821877438,-0.0,-2230.5755188301478,-930.2161932257146,-0.0,-0.0,-1201.8472469039784,-2382.3003184282775,-626.0633543670278,-8.323751892356352,-2972.244412295203,-126.28856117674674,-84.33816787686591,-1196.7222982418864,-0.0,-404.75780058773233,-1503.6646679749556,-4.564686999079984,-0.0,-3591.671457332642,-152.80125463711232,-1609.7125871180087,-1121.2532931793023,-1383.559331231813,-2742.6384696380283,-88.83396504995505,-847.1989185315655,-1934.1886307055784,-1414.60435693215,-1170.6490567542241,-233.76753250761718,-1912.4448942743525,-0.0,-3268.232049169789,-0.0,-6750.850822850987,-248.11038355261954,-92.58764583134017,-1584.5622856300938,-0.0,-0.0,-0.0,360.89985801262003,48.183973816466036,-893.7372136889595,-1488.0083954234938,-504.65614229397676,-1310.5884986060414,-0.0,-0.0,-1453.1286730363513,-372.2771569540518,-522.8205810730068,-171.51149094650526,-0.0,-1744.8137746066595,-339.3291147966282,-2090.2733117698554,-0.0,-36.902155685111204,-0.0,-1871.2271361185105,-803.4374406904086,-1543.1428403829777,-0.0,-0.0,-1847.2697783864364,-585.243772090592,-811.1604577231897,-1624.9917483622255,-476.4763974906867,-1307.8914915071384,-0.0,290.86713543400293,-1206.111428422781,-4226.01674287721,300.3856703717014,-1562.579604409329,-8122.136008616475,-718.7468957588044,-713.315910332145,-240.05832541682707,-236.01997204713783,-1108.4397000358326,213.19245086489187,-233.25622347134615,388.3933085637416,-1142.8450641794668,-581.5873229749384,-0.0,-1377.1247106239928,-1806.372847356403,-930.061187446485,-403.6106455093259,-0.0,-0.0,-35.23929304466313,-1097.258172851256,85.1224518602734,-2379.3741454925516,-0.0,-0.0,-538.3285458631894,-699.5007469873481,-1204.6187208479548,216.36474094476708,-2698.2953646683054,-1598.9975018574614,-1353.8059842648174,-254.19288000956965,-0.0,-381.93925277901207,-0.0,-739.6758883983464,-25.365285239690415,-1648.638679752053,-500.05376026924483,-1043.3997537054101,-423.8989319038124,-375.60125486055244,-0.0,-1285.7837273588468,-738.9141641108026,-1313.0877921326717,-0.0,-3302.1918259054546,-1422.5085418186993,-1502.7059742625963,-1013.1290431433939,-1170.8715141035207,4.037851915915158,-2254.6486356611344,-746.1133172980325,-1272.8049831196756,-2031.110816404104,-333.57132198913365,297.010131757081,-1064.6613626902435,-0.0,-0.0,-22.801684049177165,-58.55005220924333,-19.34097207029452,-254.96397742189313,-0.0,-0.0,-0.0,-0.0,-0.0,-0.0,-0.0,-0.0,-0.0,-0.0,-1326.9140564155625,-2648.107169902825,-2314.459960864045,-0.0,-0.0,1609.0698034737386,-548.622158965435,-0.0,-444.8353636033562,-484.0539579467603,-1011.5507409672998,-1003.5822040622331,-1283.048201417721,-0.0,-804.1267655610537,-417.52463738625096,169.14698321551845,-0.0,978.3154758913687,-0.0,244.8221641157387,-0.0,-347.532688462912,-0.0,-459.2340414739893,-1136.91816963087,-1893.9332131194794,286.8257761634601,-0.0,-0.0,-0.0,-0.0,-0.0,-430.9435963827506,-86.12123006601021,-0.0,-0.0,-0.0,-535.4104654459376,-0.0,-40.7641679432344,-672.587998964529,-3838.8953536635445,-0.0,-1422.2063446633904,-0.0,-637.4944398073378,-0.0,-0.0,44.99154606368279,-0.0,-158.79372046564652,-0.0,-0.0,-0.0,-1128.8684132307158,-1814.920973096039,-0.0,221.32079207020902,-2322.2040790090373,-0.0,-80.85586710328083,-294.25789061614245,-0.0,-0.0,-1679.066472493194,-0.0,-910.3838821352255,-1308.5319878559446,49.84434489853176,-3239.6910649844713,-1684.7959676150558,292.21802348233655,-834.8704927786847,-0.0,-1079.6029914807782,-0.0,-0.0,-0.0,-4021.8037616131637,-974.7390332439251,-1595.8289293373498,-0.0,-417.807247561959,-4.619316690718382,-1374.0943945706913,-2117.1328739605106,80.85035469144411,-3217.3020039240578,-0.0,-1682.7376929047946,-2456.2376230810364,-0.0,-0.0,-0.0,-0.0,-2522.6891151465543,-183.91369468279393,-1654.2022558502592,-0.0,708.4171976301807,1180.1937597108497,-0.0,-0.0,-827.8208467264951,-1034.6320790684508,-356.5224392575117,-20.531710695674054,65.95701559803648,-0.0,-1392.8705716023642,-0.0,-279.6201470589971,-1272.1817627773537,1429.2491722806733,-0.0,-0.0,-0.0,944.8585462732958,1046.711529456619,-852.1670292066417,-0.0,-1469.1358578036352,-0.0,-1107.8994263556922,-646.0883131207618,-0.0,-0.0,-0.0,-0.0,-0.0,-58.12240139026765,-0.0,-0.0,-0.0,-1182.3609947375157,-303.660726576519,-0.0,-0.0,-0.0,-179.0488589409522,-83.36119688816487,-655.5380828259691,-742.268991331905,-3033.0227971550603,-1401.1079881327698,-1153.2124599702092,-0.0,-3152.5501938033262,-39.233000592486924,-0.0,-1057.1516645603456,-2443.0509201883724,-817.5910201856924,-478.07713705999856,-1147.9047681714098,-286.0402612536595,-685.082307240248,-762.2842240571049,-1133.2500280906747,-284.67277537293836,-1774.6616380712803,15.958290319796276,-408.3384997880152,-0.0,-0.0,-818.6414607258616,-3944.8387651146063,-0.0,-1143.9461237739831,-529.6534191818957,-0.0,-394.8130802603381,-706.4548219313325,-716.3384514436087,-259.49416589052106,-0.0,-0.0,-0.0,-0.0,-0.0,-44.59280403118859,-0.0,-654.405482246541,-0.0,-0.0,-781.4806833727056,-1147.2112945918473,-2798.301475771628,-462.183855427125,-737.6529934946516,-109.46301396169814,-2003.5855789095492,-0.0,-1016.1317502495448,-581.7947743015642,-506.8670654694849,-1399.6660722625984,-970.9000714082574,-1835.6058472062043,17.762267790835153,-490.121693432992,-0.0,-1162.063623268339,-1157.1303347177864,-164.43196739093312,3.953972632136908,-2512.4484962200795,-1383.1556977268217,-769.3337789536064,-0.0,-634.6856756015688,-743.7814468969885,-556.7021564550575,-2594.3222298038886,-3.8649173941070702,-0.0,30.43869857318836,-0.0,-0.0,-273.99940373834335,-4070.096625841644,-204.1193478730848,-1523.9671250262554,-3993.7643130491906,-0.0,-4787.093206700001,-256.8839999334494,-2069.6460398709955,381.12312141111516,-0.0,1642.257051554643,-938.7358692494666,-0.0,-2057.460534269494,-0.0,-71.05059898692477,-43.19426346725576,-0.0,-0.0,-0.0,46.80619227164132,-0.0,-0.0,-0.0,-660.7657096796693,-1482.6305403103236,-710.8902786205983,-0.0,-3641.0860050843635,-0.0,-0.0,-0.0,-234.82389494443368,-421.6315454106254,-0.0,-2042.037938855852,-0.0,-0.0,-3586.8208106715524,-0.0,-23.204920100920404,7.882843419090959,-508.9596381223536,-20.820362343213564,-0.0,-0.0,-228.02011149011335,-0.0,-0.0,-1385.435273213156,-1143.0855435849892,-1662.5060640754257,-0.0,-277.85581108320696,174.23178605344245,-381.2219577330448,-15481.597369466199,-0.0,-616.6075687299266,-1355.8365435418011,-600.8355085803846,-0.0,-35.018870489018276,-16.829901296013,-280.6276300904275,-1096.0979537395033,-0.0,-0.0,-0.0,-500.3861428080683,-2892.663461885969,-1379.5942832794774,-0.0,-0.0,-0.0,-368.2562517272307,94.66936149878967,-8.357370540342698,-1436.6628035933766,-0.0,-0.0,-1053.2244919644893,-0.0,-0.0,-0.0,-2847.0494507739368,-1046.7638179916773,-0.0,-1149.9358184435694,-640.901198378348,-261.9330946929668,-740.3699605176076,-1150.8373792875504,102.30999465782924,-1403.2392361204247,-1234.6774485730928,25.723901953448742,-2006.9942248738264,-0.0,-0.0,-0.0,-0.0,-499.5944341562196,-0.0,-0.0,-592.0217155863946,-1096.3227448606185,-759.1878653226107,-0.0,1641.3809907909351,1551.2799186020322,1535.686737645916,-0.0,-0.0,-0.0,-876.8837313439228,-44.20696955028406,-783.4848495810189,-82.18314548669551,-718.252502540012,-1719.6823999800672,-1290.2855774929776,-2103.393839478271,-0.0,-0.0,-0.0,-0.0,-565.1063578678816,-876.9253216128621,-1819.914688631258,-443.9482395911556,-1426.6657909818628,-2046.1579135372012,-2231.110902373784,-0.0,487.91167655673297,-427.5385521876579,-392.1860689839636,-122.33795381145,-4817.781776852101,-66.26668717892112,-0.0,-926.6365845921985,-1605.960829281112,-0.0,-73.15722314246764,141.58105754479212,-97.92809222387382,-518.6905629227799,-2411.3577756404384,-168.90682572711313,-1712.737033055715,-0.0,-1938.5736542566713,-1882.270963377895,-1547.5502210394718,-0.0,-1907.9943121614465,-334.605992004321,-698.0650705449377,-1002.5151383195207,121.09933927156337,-2010.7015881135244,-1299.0743658514068,-0.0,-101.0637480800555,-0.0,-0.0,-0.0,-1074.2639720333818,-656.7826946677,-0.0,-0.0,-0.0,-3854.0768406482766,-2011.546270347215,-0.0,-0.0,-4.674979038428948,-1814.430144817276,-985.7881795379449,-0.0,-796.835146675687,-1448.144851163413,-603.0833904284988,-24.31079230960557,-931.4989463300986,-9.165985087143731,-1655.6871502145636,-1768.5173746671132,-0.0,-0.0,-45.5409160690063,-0.0,-0.0,-1364.8657133183615,-102.07200494027902,-474.6109363676777,-0.0,-0.0,-0.0,-781.9052281093502,-346.4824104397153,-120.86382094728597,-488.7271148170663,-240.58786831730677,-2111.346381855227,-332.29003677138576,-609.7951464449098,-1385.150102015214,-0.0,-427.60260122374876,-0.0,-1833.4848343221286,-1573.3773894094288,-1851.308601991126,-461.7533681041224,-307.0231602394256,86.77191083697359,-1010.5004945620321,25.8597739175721,-0.0,-501.7908908696347,-0.0,-0.0,-529.2007687365303,-129.1145598314873,-2995.6044400451506,-3038.622896146531,-540.4464313789397,-0.0,-0.0,-1099.1115146939571,346.81296825401085,-0.0,-0.0,-0.0,-1187.9701967128026,-47.98616333243144,-511.0166863537112,-4003.319202988034,-1553.6461580526184,-1209.0790607746683,-478.68390940391475,-188.45024997229453,-1339.5600497903836,-751.3479571099714,-522.9561212179449,-0.0,-706.8507985866748,-834.7432896327944,-1792.722422245063,-0.0,4.553196912971177,-13.595741135721452,-0.0,-0.0,-1927.6675510438504,-0.0,-3785.7910063369077,-1246.5627722189026,2636.1595366199963,3044.81720901217,-0.0,-0.0,-843.9859156571619,-1144.5120744598555,-630.593841181718,-376.9637199701991,-3314.0868548303015,-613.3319985061459,-0.0,-0.0,-0.0,-1318.1556368552222,-703.697663994714,-172.60921556435363,-2748.164368372109,-1093.3655310667639,-28.585779705648886,-449.45120714800646,-1127.6751174994265,-352.60669768003027,-565.0113388632952,-0.0,-67.58199334992804,51.98722784489633,-1048.6286461952197,-176.34609311560348,-0.0,71.67208852040147,146.4545193476915,-229.17503995254407,-1467.707547757198,-2462.0007748723656,-65.47213635336502,-976.5831366289556,-1480.4395698318533,-0.0,-0.0,-724.567513259535,-0.0,-0.0,-0.0,-0.0,-675.2530402090074,-24.37444605611726,-1315.8405262881686,-1251.4555175351059,-2710.524368200164,-1231.798899180505,-0.0,-629.5694987322734,-0.0,-1694.4454161767285,-1754.3022857055453,-1429.224948724101,-1065.3291352543556,-0.0,-2283.0559838503473,-0.0,-0.0,-0.0,-3790.1527623669153,-1300.6617747282132,-278.3024056913579,-924.6901297093955,-941.0630151657665,-1115.9755609251636,-0.0,-0.0,-0.0,-42.07686831127246,-6409.016743385826,-744.1047867602622,-1962.277402074796,-4396.1444915632965,-2404.1183406658206,-453.8171863198621,-0.0,-2067.432304181777,-789.3918557246714,-0.0,-352.21929565305373,-398.2544016078486,-40.58905157399195,-1047.7446739608274,-322.18213737696897,1553.386787635478,-502.6209230787578,-0.0,-0.0,-1050.903446101316,-875.8305989788053,-2399.821055142043,-325.9697803106422,-0.0,-0.0,-693.9794877657413,-0.0,-0.0,-0.0,-0.0,-1444.6768504609631,-661.1667250404532,-1318.5760026000155,-556.0844581093139,-4.142525939758737,-820.0548825696877,-0.0,-0.0,-0.0,-0.0,-3031.626953216673,-0.0,-0.0,-0.0,-0.0,-0.0,-0.0,-849.3971479850837,-0.0,-2936.9136391936163,-521.1112160943644,-213.75660377662714,-1360.713620108179,-0.0,-0.0,-1433.0088945361515,-1533.5143756736945,-4.606806074966506,-461.81320122703505,-58.18390276729566,-1866.0261296069896,-1029.2452989352068,-0.0,-4110.940371443126,-1375.5103370374986,-0.0,-0.0,-17.937014289289245,-441.6080089241579,-1301.1043049893285,-0.0,-0.0,-23.406746477435295,-1741.1770280429344,-631.9193519023086,-375.03187329559825,-91.14541368700485,-2033.7172973494123,-0.0,-0.0,-0.0,-0.0,-0.0,-550.3525608644024,-533.9361539766985,-638.507957530595,-4499.18187450549,-1786.358712380794,-1312.5493462972963,-115.27725137811765,-1044.4599870474813,-1289.0367133143484,7.9186197587122376,-0.0,-0.0,-0.0,-683.5448336748186,-439.7225381071275,-1805.225935260563,-630.4088577207489,-0.0,-1852.7154924055471,-0.0,-676.0898860103769,-0.0,-0.0,-2091.4946699285997,-655.1142561055836,-599.2697591623826,-1514.9114114464182,-145.4216358343513,-13.688679913437687,-819.824297817846,-1545.1747352277018,-0.0,-474.97994847715523,-1237.1546866139452,-4475.761893975918,-0.0,-301.43956977292925,-2418.8327120888475,-1630.4392701610495,-1338.1469502636182,-575.0166274829905,-1335.9175041974104,-0.0,-376.21382754405704,-0.0,-272.397211531154,666.2064249802158,-0.0,-0.0,971.5596950572761,-0.0,-2366.2620785136983,-810.8043082682707,-1004.4665081745065,-1272.4512146245925,-1564.613850326631,-405.99401206819124,-156.97216223780796,-0.0,-0.0,-961.5071048383213,-1065.9600944354017,-838.2119440881904,-0.0,330.7983114160476,363.3399634009589,-252.5753683663539,-2983.4680156674226,-1925.0571062158513,-0.0,-0.0,-1530.9395948432175,-4416.911724026416,-2903.273646016964,-554.6460343262252,-1044.4315765416325,-1201.1483001440963,-0.0,-227.03858726546628,-0.0,-777.8737530197991,-239.6086035883204,-2012.2963888858956,-2828.5297586161996,-329.72389527038155,-604.4914130139931,-4788.347705432012,-1320.2727838398985,-605.1088360813585,-300.0004032401164,-1376.1716662549038,-745.54357648904,-4.718387337570302,-1621.3582795746804,-1895.0317241321761,-0.0,-0.0,-628.404765029059,-1365.684432037782,-366.8569735620234,-4.708865594300014,-0.0,-0.0,-0.0,-0.0,-0.0,-37.80227873294606,-751.8322285159735,725.0247052399393,-478.8734485307334,-795.7366411328439,-594.5641619688516,-1188.6446903199517,-1664.2198319871295,-1263.5038686526761,-1951.387494440286,-307.906252664387,-605.8084959232377,-1667.5635709526366,-686.9406598136379,-0.0,2583.2286010105836,-263.7443800505022,-76.25884834075198,-0.0,-936.3500070265721,-678.0333020035335,-1438.6328413580293,-2084.0728735867715,-2354.676795203183,-0.0,-0.0,-0.0,-0.0,-1085.0109736277477,-1795.7298554389918,-0.0,-906.5341254608358,-9.127672439558884,-0.0,-0.0,-0.0,-2724.9232954650156,-831.2058846016397,-194.13850764443342,-48.02896711608686,-0.0,-0.0,-1201.9676288013998,-1460.3872918808752,-893.5097454735862,558.2448921315369,30.177913247449343,-0.0,-21.396862929747158,-0.0,-1774.5733360790557,-581.505322767241,-1501.296198182019,-1901.082282572132,-1764.1220645774279,-43.98467402321746,-0.0,-0.0,-1751.2476890895723,-400.2507158429699,-0.0,-0.0,-247.853001278948,-0.0,-43.3760829571004,-0.0,-1384.2443061374006,-792.5119153487659,-0.0,-86.58609640277729,739.9643941842694,-0.0,-203.57622185478542,-2501.6045145414655,-0.0,-0.0,-743.9433109597815,16.617638199517334,-0.0,-0.0,-881.2041662772348,-1613.918739306157,-0.0,-883.3237899554044,-0.0,-1401.2909420404485,1785.6390579449992,26.109443128183305,-2111.2148790222486,-1706.0259564251605,983.5916317868812,-0.0,-2218.6719014938863,-913.9818626433346,-1085.8219812207185,-0.0,-733.7906449056976,-130.97412758986476,828.9721748005061,-405.038310673727,-1616.661202735894,-0.0,-0.0,-0.0,-956.9421139540742,-656.0509452747535,-851.6054905370414,-1178.393067695022,-1098.7535654058365,-30.93787046445848,-1189.3533114717097,-999.5924001957859,-1265.6552764393484,-0.0,-0.0,-575.3718711235164,780.8167951903974,-7151.014765871292,-0.0,-1362.905909054851,-2154.162995844662,-858.6399350376155,-817.9673953987705,-65.88588634011904,-2518.952550481959,-365.83761289001177,-0.0,-1101.113208103839,-993.5830392796131,-691.6063385815406,-0.0,-1619.8262881980645,-2246.6719546000354,-27.297783291413797,-1204.7049944533578,-2520.547164742394,490.07746478038297,-0.0,-489.3686206705454,-177.26084765637853,-1471.0904297473767,-985.911136108865,105.92594701236159,-137.33519447232538,-855.5701443224204,-536.1968611849957,-601.2872184520857,-709.8506899274995,-546.7490583289594,-0.0,-1434.026559446706,-0.0,-1298.2822948038217,-812.1247740095376,-183.31092207055113,-0.0,-1942.2211129881468,-5275.660738500922,-0.0,-464.1714207309249,-0.0,-2422.4826834281284,-273.71504061356234,-0.0,-450.6510031968727,-450.3920773056428,-0.0,-2571.1617042470966,-1757.2529509717008,-0.0,-4669.00822476938,-136.1671606676676,-1423.5950614011904,-1486.2785605500055,-1711.2037348903248,-107.31612607115727,-0.0,-989.0522967221045,-2230.0028000484867,-569.4504955300199,-965.8876090954737,-1194.5973636794254,-1814.0899153412895,-2522.8108863606326,-859.2392185600831,-2208.825575288257,65.53029040328418,-0.0,-334.6539579513613,-1486.3043948788822,-1307.399212038762,-0.0,-0.0,-0.0,-463.6778023775992,-524.258053415637,8.399505689426173,-617.0108454471259,-0.0,-1333.5668825387665,-813.8910724383561,-637.3533273773361,-0.0,-0.0,-341.3139913534031,-1953.4249066431316,-954.2199952948378,-294.5575781869221,-1014.7804674971961,-38.88519364592494,-0.0,-0.0,-2947.6906724566534,-1267.124198001297,-0.0,-0.0,-0.0,-80.26585083957532,-996.6851474105557,-52.33760580182168,-1803.1032963513442,-1644.1145984224584,121.3183343296075,-0.0,-672.1978457988791,-0.0,750.5279637528364,-137.76389469160847,-0.0,-1742.7563488186427,-346.5209872098029,-2147.580475254105,-0.0,-1757.1707674475729,-691.6779131805273,-210.2913929186682,-13.077284879651966,-36.31170160748907,-0.0,-0.0,-817.1080049698337,-1353.265586169014,-0.0,-642.3280001486169,-0.0,-394.12857916955903,-591.9654398576196,-0.0,140.5530031942499,733.5587828206873,842.1464557078456,908.3355516898833,893.9960064884762,825.6141379016125,-0.0,-0.0,-0.0,-0.0,-0.0,77.00728648188733,-0.0,-0.0,-671.8131317488821,-173.49387187387694,-487.59822566252586,-84.51273524340561,-0.0,-1182.1001214028252,-1583.2442245051893,-2174.990862934994,-255.89257816441986,-208.52301973083456,-0.0,-0.0,-647.3229914702952,-0.0,-0.0,-0.0,-0.0,-2862.8550423401184,-0.0,-43.791723331788546,919.03636959018,-0.0,-1091.984750636519,-643.6781409852441,1553.608852562149,-1033.1129876276993,-0.0,-3120.063037479314,-2397.6706455639787,-208.96723225629884,-842.4349854493402,-1289.8169213035906,-568.3508934146048,1253.94801751302,-88.59902161655131,-622.6360705772464,-0.0,-0.0,-502.20925400406566,-0.0,-918.250629931341,-0.0,-477.6065982730121,-39.595584421022494,-0.0,-0.0,-1216.8414993054084,-0.0,-0.0,-591.9174124657832,-1247.545822594034,-2155.676740877592,-0.0,-0.0,-0.0,-1920.0144929175635,-0.0,-1094.1331930946446,21.185628587599293,-0.0,-0.0,-1213.1590096580019,-1062.4783011725474,-1305.2239880532798,-431.86846795399475,-0.0,-1444.0657863195095,-299.29370831395516,-0.0,-0.0,4.343250915590302,-41.86529825172364,-4746.879612013268,-0.0,-128.6995880956507,-28.72453399456762,450.53576400981814,-81.60355976045254,-1061.0204050430477,-971.5121982075335,-492.56742989850534,-0.0,-0.0,-1975.1093501774749,-0.0,-0.0,-0.0,-0.0,-0.0,-0.0,-0.0,-153.73528891452594,-0.0,-0.0,-1924.5026226120167,-7151.616568075003,-138.33090749998652,39.48626777925814,-400.4146756752593,-743.6789998603952,-122.31532391700115,-4439.309258811007,-248.94287144023912,-326.65252180782136,-0.0,-0.0,-0.0,-1801.3574179744805,-0.0,-39.65108291453914,-0.0,-0.0,-0.0,-492.3202466606137,-12.474690154205177,-255.63096173933306,-1352.1726595480816,-677.3694080613434,-74.92333813486677,-2568.145139421283,-0.0,-85.10689045258991,-2399.881777532231,-0.0,-1367.164064707644,-86.20748244564209,-1527.447382536299,-0.0,-0.0,-1092.6163827296132,-699.6820765258299,-36.71810727496959,-980.3222267081907,-961.2033714134179,-754.6045315658376,-163.33813351777545,-806.7556488024533,-769.7554040573204,-2358.9344237095615,-999.958548154526,-0.0,-1615.5759536765795,-417.00473144317317,-679.3074159388369,-0.0,-0.0,-1159.6442431797664,-2479.104871151099,-958.2508197098186,-0.0,-0.0,-0.0,-3961.6772240389923,-910.7635574706594,-179.89906289307027,-362.05669455654413,-40.052693783638524,-3998.3263392177714,-0.0,-0.0,-2484.291583083901,-908.8848114833719,-0.0,-0.0,-0.0,-83.16078828077396,-0.0,-1956.8150731300516,-1878.2328208071633,-0.0,-368.56263601877043,225.90082105182464,-0.0,-0.0,-0.0,-1152.507551600267,24.52752596930913,-2619.568901812692,-685.3518695249677,-1263.1571858894918,-804.9359687518577,-3399.644086425318,-1785.6740321854236,237.56216828470335,-0.0,-3125.7774021439673,-0.0,-0.0,-0.0,-1325.8763798618131,-755.3341823836432,-1887.6307395749566,-0.0,-0.0,-876.9231720148268,-1582.5728263999565,-679.4190861275881,-544.5927816743634,-0.0,-0.0,-1280.460578753405,-0.0,-0.0,-0.0,-0.0,-0.0,-0.0,-579.6443220183866,-80.80816175770259,-1629.146271060164,-0.0,-729.4422047610576,-1292.277502742833,-36.41831522106931,-0.0,-0.0,-0.0,-0.0,-0.0,-0.0,-0.0,-0.0,-0.0,-0.0,-1309.411692039258,-1838.838347980085,-0.0,337.73275479018787,-0.0,-687.1929305530406,-102.38322131764384,-0.0,-914.284156821402,-413.5733409636013,-102.98522801463557,-2017.6113999205888,-521.9776660439887,-2775.7228345264116,-180.32933548750339,-2239.6308244021448,-1754.7205785856675,-920.7757452686039,-4.4872173386733625,-0.0,-1218.7886246799021,-2164.2300879877666,-2393.32257419318,-89.88400985768615,-234.83247063132063,-1915.6806668302538,-0.0,-2319.518642015552,-375.76240692824143,-0.0,-1848.644354337805,-0.0,-948.5684264118926,-0.0,-2910.3352883437497,-0.0,-0.0,-82.09398604279953,-1113.2201322308727,-514.6792611123097,-0.0,-1414.2205820117574,79.92701583986084,334.5942388818652,374.6693426122143,-293.95461086623203,-1758.0039869547434,-602.4904195780688,-0.0,-0.0,-5886.175231797404,-1174.66010844007,-0.0,470.73227577601,-0.0,-2092.643161800731,-524.9175188384546,-679.8884921206455,-0.0,-0.0,634.6501197536846,-0.0,-997.3572224716867,-1288.563040684777,-1952.8594485912747,-0.0,-704.6941618698658,-3036.4206330860543,-1007.5530649524574,-0.0,-1423.8603370392707,-150.2718981753216,-1208.748490041203,-0.0,-900.9325171808481,-0.0,-0.0,-0.0,-915.2556337928097,-0.0,580.1751112791343,-0.0,-381.48366829938215,-784.3860703401908,-485.2482134197268,-1157.6990856678892,-594.3502549115287,-2171.453103345893,-1292.83558841382,-0.0,720.461546797807,-2496.0861319740434,-1760.155973542617,-709.2266604381663,-0.0,-0.0,-0.0,-153.18369605687982,-1266.2294612853646,-308.6683365861016,-984.5865298638598,-2118.8055982596456,-2684.2361862670396,170.19408175666558,892.6653068741201,762.5781339437419,-0.0,-0.0,126.61690961753706,-33.765497536361245,11164.803731642976,10395.031762882756,5453.937433222237,10370.922851011806,11095.029253704717,11421.75840525516,-0.0,-0.0,-0.0,-0.0,-0.0,-1450.6683889780131,-1285.2164633359043,-851.8133083624567,-0.0,-2834.4218923184026,-671.5956856079948,-1207.5819731461527,-32.599361990655524,-904.8240151347139,-1310.7084230114247,-1104.8532469458612,-1335.110518479077,-0.0,-2739.7376997159226,-1876.3719007171658,-817.6357275056887,-127.65826352683887,-3598.0335672583024,-0.0,-251.33595198733153,-0.0,-12.113367066134293,-0.0,-140.9011793431497,-310.5638854863418,-1069.8582708668218,-892.6200643396203,-0.0,-0.0,-0.0,-2472.776081512101,-0.0,-0.0,-279.8248751775419,-1057.499156014415,-963.827992527938,-96.76992204528024,-1241.4759053534615,-2014.9591284907658,-356.68256035246264,-0.0,-0.0,-130.20203814959646,-1236.7266022638762,-365.36740393957314,-0.0,-5644.784243101984,260.7119171821462,-0.0,-0.0,-0.0,-33.2211467664338,-447.16007014453464,-0.0,-0.0,-1286.0573975256682,-2162.9507002554224,-1431.0873813664448,-420.6322933714805,-425.0875417136514,-441.65694177248935,621.3657944004925,-1351.3925915560767,-0.0,-571.1359403125068,-2862.837757893812,-597.8109249894724,-8.395585183291038,-0.0,-5.566324985213891,-0.0,-0.0,-0.0,-1224.513047005316,-447.8455733225361,-1601.8099394316994,-0.0,-0.0,-0.0,-257.5181535256611,-630.7926522994564,-1570.5356532561648,-3482.1228395360317,-358.71362870569686,-220.51196166471678,-0.0,913.8750766691456,-0.0,-1262.3382539750467,-178.23382236338054,-0.0,-0.0,1117.4105299016312,-0.0,-1830.1893985488953,-0.0,-0.0,-0.0,-219.06166166420246,-2217.871054052482,-1863.0551639756075,-32.11045619316114,-2646.5436500985943,-1539.0684335913631,-27.244721669632014,-29.376626138862132,-74.54834140802019,-0.0,-0.0,-2140.3347499929855,-0.0,-6130.375539207892,-0.0,-1401.3094639020433,-274.86415557955394,163.08889610004428,-0.0,-60.919442057319955,-1347.9002448691128,-1672.9246233184099,-596.3933748013221,-35.24225778949332,-267.50251785541167,-0.0,-0.0,-0.0,-0.0,-1189.2077870289936,-918.1036918526279,-0.0,-622.6531083750509,-1337.007548040196,-193.9870290739805,-86.1855228769786,-0.0,-0.0,-0.0,1164.697968898409,-3.978477046622415,-0.0,-606.6431058596334,-929.5867387670824,-1490.8731034634222,-0.0,-0.0,-2178.034042484065,-0.0,-0.0,-0.0,-0.0,-711.4084099658461,1056.4010018327353,1179.4663639694877,1289.9192696265357,-0.0,-0.0,-0.0,-631.0915571795784,-0.0,-0.0,-397.56483138021383,-660.9844877662101,-0.0,-231.96743576463786,-1426.1276905602788,-1321.8765031521573,-0.0,-0.0,-0.0,-12.480894651728248,-1617.4472475381424,-4.628148184871239,454.9255990466654,-0.0,-1749.2758846774298,-817.6832288338378,-564.6029607956721,-2014.505567572112,95.31139006324454,-312.3076612114154,-19.86587404259658,-456.8067182567075,-395.60916716534786,-1051.355659831585,-376.5924073153854,932.4975604595743,-1543.4269061708937,-242.87032287499105,-182.70799403969556,-4138.002936976812,-3043.615374802607,681.448134255149,-1050.4776081161435,-217.49456719267215,8.986599244162973,-870.8727338299682,-1239.4000523601997,1903.68920770499,-650.8098927809643,-724.8600577263336,-743.5245299225372,-0.0,-7360.010252610982,-0.0,-497.165742824172,-933.1421644116858,-662.894125639929,-996.5952492716863,-1225.6721500187027,-0.0,-1109.9394185434528,-174.88558047015303,-90.17442619162361,-6740.748371567015,634.0957788530754,-212.52567885227342,-0.0,-588.5622476133553,-1358.7965682805993,-0.0,-0.0,-503.17797092687266,-1632.470130009745,-90.21022405522756,-242.87278819104856,-290.06634266344946,-1143.29247069197,-0.0,-0.0,55.9915212697817,-0.0,-0.0,-1884.5285618831817,-0.0,-1797.0308959404204,-943.1871351194754,-1286.635095078598,-0.0,-0.0,-527.7415327091439,-931.5281927955008,-148.01762005735497,-0.0,-483.76567975653956,-159.33061905765143,-551.8912266677725,-0.0,-207.56696510951213,-521.4109421491746,-2318.604228130233,-1025.8350121931794,-1760.7142755752257,-0.0,-0.0,-1474.2826964840071,-22.465407779001072,-0.0,-0.0,-1202.97588457059,-0.0,-0.0,-0.0,-0.0,-0.0,-0.0,-0.0,-0.0,-0.0,-0.0,-105.66115732367314,-0.0,-0.0,-0.0,-0.0,-0.0,-0.0,-0.0,-0.0,-0.0,-0.0,-0.0,-358.90937928769165,-0.0,-0.0,-0.0,-0.0,-0.0,-0.0,-0.0,-0.0,-0.0,-0.0,-0.0,-0.0,-0.0,-0.0,-0.0,-0.0,-0.0,-0.0,-0.0,-0.0,-0.0,-0.0,-0.0,-0.0,-0.0,-0.0,-0.0,-0.0,-528.1072234182132,-0.0,-0.0,-0.0,-0.0,-0.0,-0.0,-0.0,-0.0,-0.0,-0.0,-0.0,-0.0,-0.0,-0.0,-0.0,-0.0,-0.0,-0.0,-0.0,-0.0,-0.0,-0.0,-0.0,-0.0,-0.0,-0.0,-0.0,-0.0,-0.0,-0.0,-0.0,-0.0,-0.0,-0.0,-0.0,-0.0,-0.0,-0.0,-0.0,-0.0,-0.0,-0.0,-0.0,-1406.25268654314,-552.4667141607227,-1799.0620777361985,-0.0,-0.0,-0.0,-0.0,-0.0,-0.0,-0.0,-0.0,-0.0,-0.0,-0.0,-0.0,-0.0,-0.0,-0.0,-0.0,-0.0,-0.0,-0.0,-0.0,-0.0,-0.0,585.2620062083396,-0.0,-0.0,-0.0,-0.0,-0.0,-0.0,-0.0,-0.0,-0.0,-0.0,871.7216246931313,-0.0,-0.0,-0.0,-0.0,-0.0,-0.0,-260.7517875944591,-0.0,-0.0,-0.0,-0.0,-0.0,-0.0,-0.0,-0.0,-0.0,-0.0,-0.0,-0.0,-0.0,-0.0,-0.0,-0.0,-0.0,-0.0,-0.0,-0.0,-0.0,-0.0,-0.0,-0.0,-0.0,-0.0,-0.0,-1150.751861888607,-0.0,-0.0,-0.0,-0.0,-0.0,-0.0,-0.0,-0.0,-0.0,-0.0,-0.0,-0.0,-0.0,-0.0,-0.0,-0.0,-0.0,-0.0,-0.0,-0.0,-0.0,-0.0,-0.0,-0.0,-0.0,-0.0,-0.0,-0.0,-0.0,-0.0,-0.0,-0.0,-0.0,-0.0,-0.0,-0.0,-0.0,-0.0,-0.0,-0.0,-0.0,-0.0,-0.0,-0.0,-0.0,-0.0,-0.0,-0.0,-791.4715682008685,-0.0,-0.0,-0.0,-0.0,-0.0,-0.0,-0.0,-0.0,-0.0,-0.0,-0.0,-0.0,-0.0,-0.0,-527.6407391718527,-0.0,-0.0,-260.85067643703763,-0.0,-0.0,-0.0,-0.0,-0.0,-0.0,365.8135501515982,-0.0,832.7552123225654,-0.0,-0.0,-0.0,-0.0,-0.0,-0.0,-0.0,-0.0,-0.0,-0.0,-0.0,-0.0,-0.0,-0.0,-0.0,-0.0,-0.0,-0.0,-0.0,-0.0,-0.0,-0.0,-0.0,-0.0,-0.0,-0.0,-0.0,-0.0,-0.0,-0.0,-0.0,-0.0,-138.18838425554915,-0.0,-0.0,-0.0,-0.0,-0.0,-0.0,-0.0,-0.0,-0.0,-0.0,-0.0,-0.0,-0.0,-0.0,-0.0,-0.0,-0.0,-0.0,-0.0,-0.0,-0.0,-0.0,-0.0,-0.0,-0.0,-911.9541642550464,-0.0,-0.0,-0.0,-0.0,-0.0,-0.0,-0.0,-0.0,-0.0,-0.0,-0.0,-0.0,-0.0,-0.0,-0.0,-0.0,-0.0,-0.0,-0.0,-0.0,-0.0,-0.0,-0.0,-0.0,-0.0,-0.0,-0.0,-0.0,-0.0,-0.0,-0.0,-0.0,-0.0,-0.0,-0.0,1431.9739153898,-0.0,-392.4057232242942,-0.0,-0.0,-0.0,-0.0,-0.0,-0.0,-0.0,-0.0,-0.0,-0.0,-0.0,-0.0,-0.0,-0.0,-0.0,-0.0,-0.0,-0.0,-0.0,-0.0,-0.0,-0.0,-0.0,-0.0,-0.0,-0.0,-0.0,-0.0,-0.0,-0.0,238.22856558473023,-0.0,2261.583270265989,-0.0,-0.0,-0.0,-0.0,-0.0,-0.0,-0.0,-0.0,-0.0,-0.0,-0.0,-0.0,-0.0,-0.0,-0.0,-0.0,-0.0,-0.0,-0.0,-0.0,-0.0,-0.0,-0.0,-0.0,-0.0,-0.0,-0.0,-0.0,-0.0,-0.0,-0.0,-0.0,-0.0,-0.0,-0.0,-0.0,-0.0,-0.0,-2408.1263679072063,-1540.9799095895207,-0.0,-0.0,-0.0,-0.0,-0.0,-0.0,-0.0,-0.0,-0.0,-0.0,-0.0,-0.0,-0.0,-0.0,-0.0,-0.0,-0.0,-0.0,-0.0,-0.0,-0.0,-0.0,-0.0,-0.0,-0.0,-0.0,-0.0,-0.0,-0.0,-0.0,-0.0,-0.0,44.386670472959096,-0.0,-0.0,-0.0,-0.0,-0.0,-0.0,-0.0,-0.0,-0.0,-0.0,-0.0,-0.0,-0.0,-0.0,-0.0,-0.0,-0.0,-0.0,741.5754672843593,-0.0,-0.0,-0.0,-0.0,-0.0,-0.0,-0.0,-0.0,-476.3080364841711,-0.0,-0.0,-0.0,-0.0,-0.0,-0.0,-0.0,-783.6029050957055,-0.0,-0.0,-0.0,-0.0,-0.0,-0.0,-0.0,2345.9499015266188,-0.0,-0.0,-0.0,-0.0,-0.0,-0.0,-0.0,-0.0,-0.0,-0.0,-0.0,-768.964178838004,-0.0,-0.0,-0.0,-0.0,-0.0,-0.0,-0.0,-0.0,-0.0,-0.0,-0.0,-0.0,-0.0,-0.0,-0.0,-0.0,-0.0,-0.0,-0.0,-0.0,-0.0,-0.0,-0.0,-0.0,-0.0,-0.0,-0.0,-0.0,-0.0,-0.0,-0.0,85.47719199697313,-0.0,-0.0,-0.0,-0.0,-0.0,-0.0,-0.0,-0.0,642.5844347062459,-0.0,-0.0,-0.0,-0.0,-0.0,-0.0,-0.0,-388.5522593337625,-0.0,-0.0,-0.0,-0.0,-0.0,-0.0,-0.0,-0.0,-0.0,-78.70099023104054,-0.0,-0.0,-0.0,-0.0,-0.0,-0.0,-0.0,-0.0,-0.0,-0.0,-0.0,-0.0,-0.0,-0.0,-0.0,-0.0,-0.0,-0.0,-0.0,-0.0,-0.0,-0.0,-0.0,-0.0,-0.0,-0.0,-0.0,-2127.5230032014683,-0.0,-0.0,-0.0,-0.0,-0.0,-79.5223843773922,-0.0,-0.0,-0.0,-0.0,-0.0,-0.0,-0.0,-0.0,-0.0,-0.0,-0.0,-0.0,-0.0,-0.0,-0.0,-0.0,-0.0,-0.0,-0.0,-0.0,-0.0,-0.0,-0.0,-0.0,-0.0,-0.0,-0.0,-0.0,-0.0,-0.0,-0.0,-0.0,-0.0,-0.0,-0.0,-0.0,-0.0,-0.0,-0.0,-0.0,-0.0,-0.0,-0.0,-0.0,-0.0,-0.0,-0.0,-0.0,-0.0,-0.0,-0.0,-0.0,-0.0,-0.0,-0.0,-0.0,-0.0,-0.0,-0.0,-0.0,-0.0,-0.0,-0.0,-0.0,-0.0,-0.0,-0.0,-0.0,-0.0,-0.0,-0.0,-0.0,-0.0,-0.0,-0.0,-1603.8626112207328,-0.0,-0.0,-0.0,-0.0,-0.0,-0.0,-0.0,-0.0,-0.0,-2001.1476180599664,-0.0,-0.0,-0.0,-0.0,-0.0,-0.0,-0.0,-0.0,-0.0,-174.4440952373276,-0.0,-0.0,-0.0,-0.0,-0.0,-0.0,-0.0,-0.0,-0.0,-0.0,-0.0,-0.0,-0.0,-0.0,-0.0,-0.0,-0.0,-0.0,-0.0,-0.0,-0.0,-0.0,-0.0,-0.0,-0.0,446.69041401838115,-0.0,-0.0,-0.0,-0.0,-170.30996056430288,-0.0,-0.0,-0.0,-0.0,-0.0,-0.0,-0.0,-0.0,-0.0,-0.0,-0.0,-0.0,-0.0,-0.0,-0.0,-0.0,-0.0,-0.0,-0.0,-0.0,-0.0,-0.0,-0.0,-0.0,-0.0,-0.0,-0.0,-0.0,-0.0,-0.0,-0.0,-0.0,-0.0,-0.0,-0.0,-0.0,-0.0,-0.0,-0.0,-0.0,-0.0,-0.0,-0.0,-0.0,-0.0,-0.0,-0.0,-0.0,-0.0,-0.0,-0.0,-0.0,-0.0,-0.0,-0.0,-0.0,-0.0,-0.0,-0.0,-0.0,-0.0,-0.0,-0.0,-0.0,-0.0,-0.0,-0.0,-0.0,-0.0,-0.0,-0.0,-0.0,-0.0,-0.0,-0.0,-0.0,-0.0,-0.0,-0.0,-0.0,-0.0,-0.0,-0.0,-0.0,-0.0,-0.0,-0.0,-0.0,-0.0,-0.0,-0.0,-0.0,-0.0,-0.0,-0.0,-0.0,-0.0,-0.0,-0.0,-0.0,-0.0,-0.0,-0.0,-0.0,-0.0,-0.0,-0.0,-0.0,-0.0,-0.0,-0.0,-0.0,-0.0,-0.0,-0.0,-0.0,-0.0,-0.0,-0.0,-0.0,-0.0,-0.0,-0.0,-0.0,-0.0,-0.0,-0.0,-0.0,-0.0,-0.0,-0.0,-0.0,-0.0,-0.0,-0.0,-0.0,-0.0,-0.0,-0.0,-0.0,-5614.881108009044,-54.58616745549311,37832.52119788357,-3791.6647838074973,-4720.824060631261,76794.20827085573,-0.0,-6993.228752020631,929.8539899501106,2223.7444323884033,-25551.150730852984,-0.0,-4939.546818269966,-0.0,-0.0,35556.550632223676,-11716.652555233604,4020.7014214804067,6639.624015875481,-4759.870367602856,-28706.142581344495,-9271.122306135794,54.246900860308365,-95.14368033010196,-6508.679706819077,-0.0,-13992.850702400105,-19451.009439184294,16432.839827222037,-607.7210753184947,8.414409507184574,49587.72320356655,-3358.2500253764647,-126164.2040766065,-2986.5225438064326,-24247.06236874307,-20189.638973369372,-6712.160382565959,-6504.599567420903,-15663.906827163742,13406.7975342857,-2618.0849713045736,-4400.118987652206,-3928.1074583899303,-11922.30971843974,8784.778612362685,40235.27374968338,-1071.5241091386633,74.17638433153138,22779.74759789513,5679.43197838366,-593.7871909486746,15665.423316425691,8791.85827638304,-6125.537422165017,-7776.155620881647,-4117.053668860152,373.50938914615955,-0.0,-0.0,-285.13590359650374,-8673.2317118535,-3711.9782990052418,-3248.8305208167803,-1858.7284500109129,-4920.9078610516435,11690.493521740435,3897.667565522596,-8927.071463470818,21268.415940983134,-21455.653299607144,-36967.427723104396,73682.90973522972,-24450.251177594193,-9878.279178700193,-2335.126552766794,-3950.6995632260046,-6443.941616349289,-5031.366373137563,-35239.437421812945,-0.0,-14491.385698151726,-0.0,3249.5716389436952,-0.0,-0.0,-15042.432724254624,-1296.7598705678529,-0.0,-0.0,4270.370344793134,-0.0,-0.0,-0.0,-7483.503873094185,-4902.765934984866,-7911.4885598806395,-7842.753608690468,8328.65740809412,-0.0,-31621.44115139842,49650.437804288355,-0.0,-0.0,-21599.023244009964,-11190.35744227855,200.49656393047147,54.11834855908976,-0.0,57782.62870733531,-0.0,-0.0,-0.0,-0.0,56492.3710442968,-1102.7875526914954,-0.0,-11931.16306913946,-0.0,-6546.783042348956,-1423.8844902692713,-3470.3878113604655,-16967.713988911582,13353.118090201599,-1585.0768090465178,-9972.046170866817,-0.0,-0.0,-5360.962391657004,-7409.916139859958,-11081.511589149351,61949.19683340068,-0.0,-191.4297557930072,13792.471663488956,3467.6504794020216,-2110.742366323009,742.6978877488931,5669.382689906142,-3971.9217989586923,-87.22178579619357,-19139.244989484945,473.15187047067155,14449.354365176105,-860.2836431594583,13610.522401740982,53857.917787907274,3307.102858629181,-71.74566909420194,10029.269246291364,-2217.7256786463963,-8268.263620087535,-10891.334583750728,-15711.865227274462,-0.0,6969.5203281711465,21329.854715673566,23157.19189945567,-10410.792624472957,7915.473030479656,9459.46886588674,-8731.825111168186,17152.995142817846,-15294.346835001981,-0.0,4899.464170949655,-13041.80971472024,-16989.054892593533,-9230.354612730736,27248.05104068037,3407.330516348744,-0.0,-6530.3014818405245,-0.0,-2953.2903026297126,103.66895944514839,-4324.044308586789,-0.0,219.88429367390063,-262.3544058062225,-23388.184082516545,-13605.769999153594,23535.77903350056,-7392.735039727258,3783.377105195767,6051.924651094559,-6990.088988068203,-5663.12458213177,-12345.554435696878,-0.0,-2270.587643708059,-1911.8620059518641,-0.0,1363.5458614176503,-390.5708770238888,-0.0,-0.0,-15642.47365676039,-3821.7054731305075,3179.651893400982,-5186.227405299976,-0.0,-0.0,-0.0,58996.47317826116,21620.34223070753,-0.0,108.33911870706274,12948.083625846752,-0.0,-4622.131485670946,-2584.9454796958803,-0.0,-4658.344141764926,-9750.408269667458,128245.6411961657,-12907.81759453346,-9357.444737207845,-35877.58307022602,-0.0,1565.2427411939318,3157.9747138221874,-10428.065853845808,31797.16331565626,-8681.427004120978,-42391.62614913246,-15201.499847630686,-9797.598380323569,-0.0,1313.7287227285226,-5153.406527796208,25621.005305179362,-166.24324983511403,-457.2731298004493,-11504.228766810566,-9851.027815534739,31629.381301463174,-0.0,-2282.2450016405205,747.7436697137539,-0.0,-0.0,-0.0,-0.0,-0.0,-0.0,-0.0,-0.0,-0.0,-0.0,-0.0,-0.0,-0.0,-0.0,-2261.522286318141,-0.0,-0.0,3641.2625640527235,-15578.57105092633,-739.9520216444207,-10997.525931621905,26524.866880920785,8607.744967856304,-4154.7868387688795,3652.939388583383,46892.58788714458,-0.0,-0.0,-4460.197112548156,3419.7263673698417,-7205.179021144047,-8945.368924603568,-0.0,-39.2860191413572,10647.382319822404,-4816.407843095212,-2860.3185690316905,3856.7010717466305,-26716.587246518277,32360.97130598442,-6116.185743958693,-1069.0186607456465,14458.240873380784,-0.0,-0.0,-0.0,-0.0,-0.0,-0.0,844.087405403765,49110.941711766995,-10679.266717691662,-11680.05521841851,-9460.496498782644,-0.0,-9626.87647951206,-13838.079242722002,-0.0,-0.0,-0.0,485.6298060242657,444.01125165223175,719.8568946385811,2648.1479751236134,-0.0,4187.120994043922,889.0565110815389,915.6111250820277,881.2153743178852,766.6093749453296,2995.7097671119036,1695.2854092315952,2881.118925372495,2592.213278351905,2824.894060457984,3049.392559607845,38728.69384725055,36538.28325246322,42994.411557914835,39993.94139430224,9910.357496005729,8902.195386477499,9147.085810535724,10292.443947944386,4991.743907733956,2121.2284501455442,2204.4853033708664,2291.629222179865,2195.4590371191453,2311.3877180260347,4838.710284613397,4545.564444955587,1553.9588450161864,1301.7888958868361,667.6692528978738,426.4210919117966,537.4443638900796,35613.91399340449,34495.6626714146,38523.49707636224,34175.372138540784,60112.12988052174,56850.380293063514,1369.321542871317,1236.9907762280814,1361.0396882159885,1307.3427257481,1274.0232123203668,1328.1814696499655,685.6956839349507,60021.9014530716,53523.13555999567,52992.64909114887,2894.1722802130184,2763.3445871064123,2983.3172100204247,-0.0,8658.666390610268,9265.131669981802,40173.82920143236,34910.95588407965,41011.98990245302,62426.479412621135,61132.649525657594,69661.35040399064,59897.85591638574,2871.3165881618615,2474.2801293355756,5313.152671669198,-0.0,20421.86195285145,23134.95906922933,-0.0,1617.9239558747884,1574.3848375773591,1584.33734088766,1538.6415261008945,1535.8697960201664,1556.787344892404,40422.977511741905,40666.98233295556,37860.11970741676,34610.29388009196,1230.832806008266,1337.9207623010632,-0.0,-0.0,15622.57432271309,39234.602041009945,34306.2572357258,38251.62205193812,41362.57035489937,-0.0,57171.83853696421,53193.20981460251,1087.8298324830832,2415.0765980337546,2310.1418960173664,2470.2152914583958,2580.1604661486085,2610.5471929837595,60958.09049650036,58605.86619514327,-0.0,-0.0,16866.18656038599,1124.0842826109697,38123.97476087047,39982.79561145785,35451.042913982994,36912.73767681235,40401.22836428182,33345.47555048944,-0.0,16771.91344193373,10467.236229783652,-0.0,-0.0,1430.843409747981,1528.0915030962456,789.0913898207617,879.5227584563802,454.5910952578209,460.8122239675896,-0.0,1085.5161445619756,1083.9463161619935,1155.1822685429868,1328.9336390740907,-0.0,1694.850160372541,1652.3623946567739,1961.8273727256897,2551.520959437626,2526.1200346639453,2318.994182875973,815.9466556839146,919.9153285675244,907.0714125049831,1504.3215644824534,968.6609128880269,1045.1599307727931,1066.8812590876619,983.2265591471274,8691.230721915688,8684.123272953673,278.93326149592747,274.3376409902326,3692.374114410486,14975.551559623831,1503.4314652868854,1605.6898814419203,-0.0,-0.0,9183.00791070111,9190.115003456836,9058.055144416961,7918.4181662913,2113.66266242178,2093.71655541399,37056.021002514455,33936.42124572976,9926.97579843061,7389.075300876533,-0.0,53755.58230649635,2043.4657413385596,2415.5427709607898,1091.214485492629,57442.09697311643,57760.21586272358,61367.12122708172,50931.708876162455,217.45905650679316,60096.35072862193,54439.667155924515,-0.0,-0.0,24867.244919680914,-0.0,1252.629235398596,1073.8012885151693,1094.1507953800776,2339.6768807643894,9897.888945640636,18521.324694409464,1931.1649986548655,1865.2351458513897,25.307259549878243,721.9062705406262,731.4569231767142,17340.566780844278,1512.3921131658794,-0.0,-0.0,-0.0,1097.3569346055976,-0.0,1147.8784745607247,-0.0,6425.455285330724,6522.668907720278,5864.294245221995,6066.527554850398,917.0658183948121,-0.0,887.260205848737,-0.0,-0.0,1008.11724483272,1062.8699255782562,1103.5394868613696,932.9906959031294,824.8194221374057,771.7478028161129,1806.1452704690887,1724.8994245273564,1660.8415806333314,-0.0,3184.156068108658,2788.417671735923,3262.4277004393284,3119.0616232170296,4987.128166146628,51670.18067236791,54192.26335195283,10802.009759551725,21994.936102340842,15745.11695209484,18916.523904509388,1744.346183728685,2101.414506434363,962.8266247051984,885.081194359495,2305.7224442284373,-0.0,40466.43044537504,34987.169417271536,1480.7518649180292,1199.0107709201602,1280.2834887129632,5725.3861800160685,3251.189613306403,3066.5024471627094,35821.77177661957,33888.3537358231,37692.81954904687,43658.250653738265,-0.0,-0.0,-0.0,2377.2883644338517,2536.098378211782,2630.7550207638237,9513.39586287302,9095.32615967631,6587.602305742698,2446.699382334629,2589.59595727485
14,-0.0,-0.0,-619.3981772774644,-2148.0888562735377,-545.1971573223561,-516.5209096897929,-101.90924670715214,-631.9884626718821,-598.5772921875435,-0.0,-1336.2950059434104,-0.0,-0.0,-2729.0066034866786,-0.0,-570.0293527933878,-457.0216012195076,-0.0,-45.85835739345875,-246.61601509778288,-311.77296411156414,-711.9335118166226,-909.6582115834698,-748.4029508076563,-2190.9249217894785,-642.4675554491477,-0.0,-41.72146143796578,-2946.5431086456883,-1824.8172485566326,-0.0,-0.0,-0.0,-0.0,-0.0,-0.0,115.02861360504511,-211.08096307506526,-1852.7716278840526,-1580.126226771769,-0.0,-0.0,-139.7281308430793,-545.1132335686126,-171.60114264419232,-0.0,705.9097999215165,-1850.1146444835595,-407.79477860384435,-0.0,-0.0,-278.1183497182062,-0.0,-11.746961571718268,-2164.4877749335174,-2934.246594566428,210.18458622431072,-6008.864865788411,-223.0210401129421,-0.0,-1884.92378137254,-0.0,-693.9804160691989,-3117.076167304666,-513.462721121459,-512.7091936957127,-43.56570686847394,-2207.428905263791,-911.5305752682046,-468.12106699111297,-2910.1406850328676,-0.0,-0.0,-2713.680134397821,-1045.2149139291469,-234.96308866005316,-1809.2319947232622,-0.0,-0.0,-1377.5829848148953,-1480.4097884104135,-518.7305497150674,-3585.959125211569,4.0962846016618135,-27.470357067401487,-2177.746937001366,-0.0,-629.3285297759685,-1015.6234659465274,-7.7726763092547895,-0.0,-1372.962209551617,-87.45405419900825,-822.3752361351328,-2209.078556013422,-42.069611587355965,-2650.976830187949,-438.09101016049584,-1455.282422166886,-2890.09365516893,-735.4902629847348,696.747186365481,-570.031353674406,-0.0,-1435.3260223420527,-2413.9345145642924,-4822.729073938493,-480.3295543307206,-3164.463620081685,-0.0,-1690.9671967342176,-0.0,-0.0,-565.2586706351885,-0.0,-0.0,-686.3986096864462,-84.84382422971346,-1566.6243961624252,-949.2125900230786,-847.5392101991696,246.14583503866362,-479.222360913158,-318.9211535039592,-222.00107144711427,-8.504829729239015,-567.3524360245503,-639.1936423724514,-793.566647799204,-0.0,-5105.6731999956355,130.94136445215705,-113.56193304278831,-4613.632026478877,-0.0,-1089.8572535014916,-67.1239431174237,-0.0,-334.24870104617986,-0.0,-0.0,-884.2163426059104,-0.0,-735.884278585706,-951.9079181629437,-0.0,-1154.8117563885833,-298.9618463595868,-662.8942699295552,-2236.015842356274,-0.0,-1764.7335153423323,-1242.125001630457,-0.0,-0.0,-0.0,-0.0,710.7203144134407,-0.0,-1705.7676693004391,-1820.0536748155243,11.83167547239203,-0.0,-0.0,-718.7209140046853,-569.4655344290958,-800.147236050472,-0.0,-458.157789943999,-3194.010029671199,-1107.4921055580994,-0.0,-1272.557919402814,-2614.967989640845,-0.0,-0.0,-0.0,-0.0,-0.0,-0.0,-529.4095681796555,-647.4972182257347,-247.82068476376347,-210.67228627371114,-1425.1527230521128,-55.58874358483749,-0.0,-0.0,-755.5286061475017,-0.0,-592.6660580030468,-30.57999724176368,-4.5318421438989915,6.217278914570304,-0.0,-0.0,-1262.0289828177483,-452.8529899236867,-500.5098523340309,-0.0,-3622.2628513531554,-2130.760297713505,-1101.1282552729672,-0.0,-0.0,-2361.7181980910104,-1560.453811842583,-699.7558000511966,-90.15493936839512,-1808.0117798296094,-1507.6845403225527,-0.0,-0.0,-1790.5111487940333,-0.0,-842.0174566952594,-1369.66970311477,-146.18348438135237,-443.8559787322365,-638.2706973801188,-603.4015366708787,-0.0,-1631.3441201173644,-0.0,-3576.870248401451,-3024.24312765439,-197.69016994690566,-425.8478124712915,-502.7364115089629,-0.0,-302.8433905869909,-280.7629111758489,-0.0,-1150.8236291339156,-735.4850626648945,-1196.6568312707404,-1681.1032506526346,-990.8247439277092,-2294.3997067410005,-2237.9595194288268,-2604.9672814220567,-2379.2003552630954,-1095.83488086156,-2291.0151825994917,-547.2526155068801,-628.94130267298,-0.0,-1293.77867095182,-1160.9414006218171,-1067.36785845085,-442.5339984813312,-425.77143455650315,-2177.737538544287,-830.4727702638993,-444.17144367812017,672.5170687947525,-0.0,1073.2609506188967,-1466.5091233187604,-0.0,-0.0,-0.0,-0.0,-0.0,-0.0,-1377.1234102079106,-2936.8985628138166,-534.5733553944197,-1049.7960391154334,-0.0,-0.0,-1971.984104862477,-1290.1166296440215,-2243.106788338473,-0.0,-0.0,-148.28652428073653,-62.673621775738965,-423.73031226425417,-1997.2509831015916,-537.8060841685,-0.0,-555.2611459990824,-729.5738401924997,73.33724783251562,-1280.936087182571,-1575.2963342689588,-1427.8641141899202,-1953.3616760273278,-330.7250272550942,-629.0708773135201,-44.74314842930549,-1859.0104103210783,-0.0,-903.7187705112751,-176.37546499424218,-90.49428978036609,-626.5251373294212,-0.0,-2307.8892253604427,-137.74851434236618,-730.6753292029499,-1697.0685498655819,-1678.6480247594054,-0.0,-614.1971732509426,-826.0336176382883,-27.350922553849333,-269.85050126148224,-539.6122343686466,-59.78749228912525,731.8569912407334,-1267.594711660256,-0.0,-998.511120817893,-1650.377254736816,-0.0,-530.7513244168871,-0.0,-1656.5330234931555,-0.0,-0.0,-0.0,-1245.8037134220128,-779.1524504066787,-494.5096889408911,-0.0,-1710.8957139038841,-3300.3468498369716,-3957.441966276189,-0.0,-358.10153020983097,-0.0,-303.6370634954292,-123.37997132986433,266.19871754336117,-616.9724174102183,-0.0,-743.5725869645273,-983.145321807254,-338.47657009996595,-624.4829327868003,-0.0,-473.08260179601785,-982.8116633744906,-582.0422941446468,32.732613820871535,-2441.4901853643883,-0.0,-0.0,-1491.1517530225804,-269.2030994022508,-1471.9409832582637,-102.66614251125785,-137.18413618761687,-233.1054316001801,-655.7507921497687,-1075.2407056265413,-1437.8015276206281,-2231.850654052179,-0.0,-0.0,-430.73745178541475,5296.405026004591,4.622475712546835,-0.0,-0.0,-0.0,-0.0,-2476.2679867277857,-517.8290272441557,-0.0,-1056.947872023051,-988.1792386148222,-795.1641336803478,-2363.2734735406984,-270.083143885918,-1246.348464168773,-0.0,-0.0,-2125.6998857262074,-719.7171063794901,-1823.7585335267559,-771.8002411373811,-877.9016824347904,-1956.3047324243878,-235.56166995792336,-1782.8469458632544,-1168.7470566211246,-33.556421227686215,-1090.5666363721036,-1200.3034626439771,-244.55413538552375,-238.2719339602247,-2038.7683699755132,-0.0,-502.17236235991396,-298.49157670205375,-32.768377441846724,-851.0587953738116,-227.38736312079834,-1009.9644960208326,-939.1183826270332,-1340.1932107981445,-249.12191699804123,-2688.147968370756,-61.238182053186776,-641.7687889496106,-0.0,-840.6225650649234,-798.9382999188007,-1025.8326390597858,-1229.0914627409995,15.435255448041833,-432.6305387226245,-2745.4805798864327,-844.4211786376947,-406.3705679056114,-1209.0531632086481,185.8804806230864,-0.0,-0.0,-0.0,-0.0,-0.0,-0.0,-11.71691753903501,-183.93383246293638,-2447.2504694462377,-5225.962244395747,-521.8565222371052,-1040.6640368088365,-147.1419254176429,-565.6178951829285,-1435.5144995761798,-1187.6272358437725,-41.90439186339301,-577.4002200641268,-527.3426348347881,-0.0,-100.84388570030993,-1186.7215689851134,-506.62473474533493,-0.0,-1097.5180246556986,-0.0,680.7226684585655,-0.0,-0.0,-0.0,-43.327556581879875,-0.0,-0.0,-1141.020379287198,-447.252798718657,-1281.5714006385367,-0.0,-0.0,-0.0,-952.8311806348115,-620.2434466121954,-1410.7938747598535,33.437322437858604,296.8543064035156,-0.0,-0.0,-3292.773880500162,-1312.4277917532233,24.778052599676826,-61.056592074870984,12.349867654887175,-20090.192436382662,-19968.529212060927,-2490.2975956615287,-0.0,-0.0,-0.0,-0.0,-465.92608988917596,-0.0,-0.0,-651.5753279974568,-2419.149142591483,-2105.8220015204943,-1437.2097057579706,-368.9691188454784,-1964.4011250767421,-34.04473740886737,-1383.4493381289008,1041.9531634958382,-7.874220541000713,-967.1661694226682,4.159980080181014,-0.0,-0.0,-0.0,-0.0,-170.44525404235787,-0.0,-0.0,-0.0,-986.8389241033434,-1582.1481010450382,-0.0,-0.0,-275.0187221597433,-2375.4505649513285,-0.0,-1514.4059616601598,-1781.6923805280558,-2178.6125887041326,-0.0,-0.0,-111.39147583653659,-92.28579537604529,-1104.7460411709826,-1615.7288064686177,-598.7754708185269,-1417.665250166544,-1345.0728100192566,-0.0,-0.0,-0.0,-0.0,-460.21735968450093,-274.8182628613628,-0.0,-0.0,-104.55386055166115,249.38230960744934,-0.0,-1341.9850870055957,-1116.2495838163018,-1160.4322710435458,-0.0,-0.0,-687.5979462098688,-1299.4481025010184,-805.98816827225,-444.66402873202054,-0.0,-2385.7813817568353,-2499.002839267278,-0.0,-0.0,-0.0,-0.0,-0.0,-1579.5441476361807,-0.0,-2449.580822480318,-1417.921491926138,-76.19096113265692,-0.0,-0.0,-0.0,-2932.508950959575,-1448.17831110294,-595.9859255142902,-514.7427691618669,-1321.878490064181,-690.1870166750991,-0.0,-0.0,-753.2577476538655,-1493.0906450177802,-75.82276335821551,-511.06527251920375,-0.0,-946.0291238233993,-721.1566561058621,-1963.3031339809854,-0.0,-344.94833083275375,-142.80588138617853,-356.3918145841142,-1587.2734665900616,-318.9461875745308,-0.0,-0.0,-0.0,-0.0,122.08737483527334,-159.6254741003481,-963.6185579941417,-1638.12348269895,-1232.779860777889,-489.036979249698,-636.2685299707182,-6441.079425496914,-899.2932048869685,-587.7691025440932,-0.0,-0.0,-0.0,-304.14737149167917,-434.5627865390966,-1365.7534171957407,-403.20424109265974,-0.0,37.099994132592215,-0.0,-0.0,-0.0,-0.0,-0.0,-0.0,-0.0,-109.25966096657474,1774.8696857524133,-0.0,-1632.0332433596122,-762.5616578746256,-459.4185887994191,-1792.418766695597,-0.0,-0.0,-733.3543916317903,-748.5880216216938,-123.17953961842368,-142.98021204776,-152.23952893254358,-675.7541433778828,-172.9896535063387,-2031.5450356946553,-386.4222434402238,-446.6494875624111,-0.0,-0.0,-1622.222374823257,-3076.301770112163,30.292500662266896,-563.9034424961341,-395.3742657144197,-998.2659373552165,-1365.9129475552102,-823.5975570416704,-316.1783318984885,-180.22549735001456,-1396.362485934062,-0.0,-0.0,-0.0,-0.0,-0.0,8596.220929376328,-78.77157254498846,-585.7908383631261,-740.3791384537644,-1177.182108646506,-1294.559683939556,-1415.8530463131247,-1765.265566273392,-2037.5346943966404,-481.3254762048889,-0.0,-0.0,-1628.7983684521848,-0.0,-0.0,-336.43179313888527,-2114.3329621900657,-1331.199490879304,-535.5918806813751,-68.109059429052,-1794.503213741394,-0.0,-1553.6834964405687,-0.0,-0.0,-0.0,-0.0,-0.0,-0.0,-524.5501014241082,-1422.197453929726,-1153.3215937303182,-91.68303411349527,-266.19598128042134,-657.2079149480417,57.48614004854652,-0.0,-0.0,-622.3374708311477,-590.8211990728288,-4332.302493376613,-0.0,-1372.831254563934,280.37616891814633,144.98370307055518,-0.0,138.06648263339167,-214.6412380402973,-160.58752169560137,-492.40604521620287,-0.0,-1908.426343560124,-0.0,-0.0,-1180.845285139664,-0.0,2629.8006074626032,2558.4460342840725,2413.428698905222,-0.0,-0.0,-1965.7605631013641,-0.0,-0.0,-376.39029614147654,-1005.991263042378,-803.2511923340497,-981.7756483377289,-1166.1342220635859,-0.0,-0.0,-0.0,-0.0,-794.9533238730038,9.291780772430293,-58.85875668195163,-1128.2271046907958,-1085.1970143959436,-406.00912359640427,-1605.9051041696503,-0.0,-2273.7423923210613,-1178.6607100369642,-1538.522130136235,-456.23378352704583,-422.00999657688374,-0.0,-1398.6736672724323,-780.4744431234852,-954.3149262929538,-2309.9383756916477,-617.5698147925023,1146.1033737972089,516.2497699525231,-357.03031159455855,-1354.4892399754951,-0.0,-1892.5110360499345,-3795.522536906777,-481.3756936688992,-524.2790864296297,-0.0,-0.0,-0.0,229.9433083052471,-386.8449839810959,-568.4514221212356,-161.0460795025457,-516.5095698483609,-553.03635227488,-0.0,-471.5426949880152,-1020.361860966353,-797.9295041686265,-0.0,-1965.5454133106716,-4761.329498969429,-0.0,-0.0,778.3500685042981,678.2145884761952,-0.0,-0.0,-704.7877504731568,-1010.0479810835787,-355.22105981248444,-734.8589425897705,-0.0,-0.0,-0.0,-0.0,-0.0,-2927.6750167652294,-468.3661295384128,-1771.3442748018444,-1236.216922658138,-0.0,-466.94037973617696,-437.8194458042909,-0.0,-241.5074523793308,-752.4251537952351,-1300.367083370334,-4378.040514025737,-85.04462515738732,-0.0,-0.0,370.8330678644344,852.4587461036521,-0.0,-0.0,-411.98777895006486,-0.0,-0.0,-0.0,-2768.3434675289463,-0.0,-584.859539153732,-0.0,-0.0,1865.9865705841796,2338.2308643704328,2229.571454552055,-0.0,-0.0,-501.668267087286,930.7522323245994,-2820.4378682952856,27.38622970831289,83.31696409497494,-2710.361038516796,-116.73839142639524,-217.3126434929293,-706.2806427326939,1040.5063433697094,3583.296952427549,-3240.1773164274455,-0.0,-0.0,-1043.8987585243394,-1787.1839669454657,-1292.1095035997364,-257.0782069510429,-46.44368665487143,-0.0,-0.0,-0.0,-0.0,-2152.1847906252315,332.28326937835135,-0.0,-3.940103752852713,-0.0,-1789.380490879765,-2221.386457083613,205.4956673388607,-0.0,-0.0,-413.07283765973085,-0.0,-1824.5464527477093,-103.35597672611237,-1250.4189428631003,-488.7235602867807,-1282.8521936720392,-717.6677012073189,-1239.284711509956,-747.0128271138474,-0.0,-0.0,-0.0,-126.06160845643286,-0.0,-0.0,-288.4347459316427,-412.0431446471621,-717.5676096056235,-0.0,-1488.79554903097,-1151.2456832744256,-967.7201955558346,-7.996871851164389,-8.173955059846856,301.67373354935376,43.38227803543083,-0.0,-0.0,-13.46558505790877,-1928.9073410189453,-672.1362854501086,-1046.732034387061,111.49591592399267,-2377.473219571,-1982.4178296288358,-1041.9665030378098,-1166.1008559490338,-49.212463947758096,-634.062601607735,-769.7907659738195,-1373.5650123164148,-2218.271644557378,-0.0,-2219.84090122295,-165.2211449706941,-0.0,-2723.283812895044,-2911.8839422988344,-2542.640951814536,1671.9967458365632,-0.0,-1917.6950371917658,-249.8180000871667,-1351.49900151035,-646.9386707272049,-129.9307202169923,-2397.8053416299285,117.9852395923335,1812.0382896328354,-0.0,-219.7988919774169,-444.83998756674987,-1182.02728853522,-1282.8116626435417,-1893.1233182877543,-4436.225085318334,-0.0,-618.2247916003754,-1421.5864771021033,-748.3401754010366,-262.2104587911391,-30.143859245214287,-338.06881285554874,-0.0,-0.0,-0.0,-0.0,-357.735775570476,-1375.1031076618492,-952.1002441790596,-69.36081997554463,-623.7735461860889,173.93879622117808,-0.0,-0.0,-943.0799008208977,-551.1872558675524,-0.0,-2321.1214000733626,-102.5313585379051,-1406.3494621697398,-0.0,-220.13849633962948,-214.21850044515008,-0.0,-0.0,-498.7325106784603,-0.0,-0.0,-4472.0875383262855,-208.40239032065597,-2706.359825402634,-0.0,-0.0,-118.80680228440035,-1607.297488003075,-658.9631776278474,-406.6922856065216,-1601.0048293476464,-0.0,-745.5918484854004,-0.0,-578.0302080717025,-0.0,-0.0,-215.1462417678037,-90.29697181467475,12.05705572492346,-427.33755196480257,-1539.9442907137175,-2273.9365605639464,-0.0,-0.0,-0.0,-27.123665935812888,-405.72611669274823,-0.0,-1759.0914115446187,-3131.4538031929173,-0.0,-0.0,-61.52532480450854,-1749.2691011523168,127.24562216752216,-0.0,-0.0,-0.0,-0.0,-508.7450965511505,-2294.502487230447,-221.7070106324555,-1485.0927071928068,-0.0,-0.0,-700.3238035932201,-515.2177754251396,-368.351830349864,40.138880625922766,-0.0,-0.0,-0.0,-911.193388902112,-707.3432947313894,-547.0526750075013,-346.30229330572695,-0.0,-0.0,-0.0,-0.0,-2514.531203937891,-89.42079661814157,-25.526285896180127,-0.0,-0.0,-726.6468116323229,-393.9227217125025,-0.0,-2044.7091764275403,-4843.725097901252,113.96378863652082,-1269.7650642731799,-0.0,-0.0,67.58817424021417,-542.3424249777294,-1973.484940141181,-557.2827213092854,-3127.4190759684175,-1358.3934313772158,-823.4546515044503,-1543.7988328597307,-0.0,-0.0,-0.0,-39.4999230115046,-1352.939967150461,-0.0,-0.0,-3248.9068923931536,-86.76996126146508,-1507.8166289879014,-836.5399129079528,-0.0,-0.0,-0.0,-0.0,-0.0,-0.0,-760.8364290716646,-0.0,-1698.805799622329,-0.0,73.83132239779191,-1423.3410171015119,-0.0,-0.0,-0.0,-2394.801399346527,-0.0,-0.0,-550.3803785156405,-0.0,-0.0,-1125.416279966759,-620.4336236473374,-0.0,-0.0,-194.03250697592082,-2117.2701195079444,-0.0,-1188.5935637676484,-914.2037542420044,907.654979689592,-203.85471334916397,-0.0,-608.3885453908484,-2.3881331342714667,-0.0,-23.613875260234423,-0.0,-388.5029003716806,-0.0,-0.0,-0.0,-0.0,669.6250972719687,714.0966098808364,-956.7356869102496,-1714.1826297847622,-0.0,83.41732776613853,-4.3023689022274905,-90.27017355763113,-994.8894550256487,134.37705655735968,-578.8524926980908,-438.3184716488481,-200.37742064397753,-3618.6562335932094,-0.0,-249.43501373296985,-1918.4752494944505,-2681.556019922678,-0.0,-1216.069023807939,-1840.7160335118035,-2235.23720990381,-803.186446931689,-0.0,-980.9692597558249,-785.0949072236164,-855.1080173700865,-1338.307871568621,-1064.434774561445,-0.0,-134.9949475399539,-1438.9049427996056,-0.0,1279.1897699053734,-416.5624725104888,708.346740281452,-0.0,-0.0,-105.51631184462579,-46.48955018735159,-2577.086102268061,-991.7240974770573,-0.0,-1052.066923361712,-3385.6211702247792,-985.8529334635834,-934.2045509835492,-1265.1466541537764,-428.4690671416245,12.137640014601592,-43.34281454403935,-0.0,-0.0,-1043.619662157145,-81.76738660198397,-0.0,-0.0,-2093.43671412511,-734.1729151260772,-664.756189513959,-2075.546418265677,-103.70918462479246,-19.26270064564959,-2797.6093511956637,-965.7234899734343,-667.9776993823942,-1126.0658493437543,-0.0,-2373.3357991353264,-473.11044642337794,-1403.6336736308,-1750.2089455668013,-413.7055870127848,-572.3353309919987,-1855.75174730605,-510.8976265766861,-0.0,-0.0,-0.0,-1453.4982343671413,-0.0,-3668.2053137353446,-1281.127456179598,-1605.736640674943,-0.0,-0.0,-0.0,-0.0,-0.0,-143.4238741287553,-0.0,-261.66323697444574,-1018.029915649517,-400.22980395160886,-0.0,-0.0,11.663839686175354,-0.0,-0.0,44.0336214882463,-313.1667442749815,-0.0,-587.2449883358386,-0.0,-0.0,-90.8555330275666,-12.526767779998561,-2778.1941136106757,-2411.5967280665604,47.77434883719255,-6848.116893091962,-974.8739700399299,-626.7896060175325,-0.0,-840.3295707022081,-1488.5439452985588,-0.0,-0.0,-0.0,31.021998075089954,-0.0,-1530.976764713865,-0.0,-1530.2563162479325,-0.0,-0.0,-2533.537268410611,-398.3503952507341,-681.9262770707893,-0.0,-0.0,-0.0,-0.0,-294.66229371145647,-671.7338917579954,1345.7363657622943,1076.5810580912835,-754.0466809092069,-9.246513739522062,-0.0,-318.6247580416,-346.6764496123113,-1869.6066311209452,-593.3848340223071,-126.17031316967805,-1098.01379025276,-1525.1844387692693,-992.1932371639516,-656.4873575103948,-0.0,-0.0,-0.0,-77.13969697782383,-0.0,-1824.7745879133515,-712.8412726389746,-0.0,-1937.9731807027774,-1205.849339660812,-0.0,-0.0,-0.0,-0.0,-0.0,-1088.8688668087314,-0.0,-302.1359640794599,-1786.7777129516915,-0.0,-1142.8157837867147,-0.0,-0.0,-0.0,-2817.1044683692185,-1387.2999352359802,-1037.5969824957326,-2450.3368282475644,-0.0,-0.0,-0.0,-87.37716201710596,-538.4339675946387,4.03947600386091,-440.52520794641094,-315.3615375226101,-0.0,-0.0,-362.169452712059,-1635.197588067023,-3711.4682084804745,-0.0,-467.38615141290103,-1309.8811791750402,-450.2186843365958,-512.1318316299771,-0.0,-0.0,-0.0,-1892.8366134603607,-1840.8745684006296,-43.12021329185972,-1804.556816986039,-613.037262475242,-437.48145768658145,-8.221370103952637,-1323.1589266558326,-0.0,-2145.1684961250676,-0.0,-501.6001655800128,-0.0,97.34438335657451,-0.0,-0.0,-595.9413025946169,-955.2379409818492,-8.636442203885567,-0.0,1269.0191385399787,-0.0,-0.0,-1954.975554098447,-1755.0183683081384,-1162.0129620091636,-0.0,-441.9602747646718,-727.9888123512804,-1642.5368193117795,-0.0,-0.0,118.39177673991064,-791.6532958360291,-0.0,-0.0,4.475628352213461,678.0054662599447,11.760226529117746,-1574.9224309602305,-0.0,-0.0,-1775.0510438526721,-1821.4983954205804,-87.15928060412905,-0.0,-175.46547508645824,-808.7957452819529,-1078.611137687048,-1842.984086477614,-0.0,-1009.8745999410522,-6.84231974629069,-0.0,-1690.208821385347,-0.0,-0.0,-0.0,-0.0,-708.0786734532585,4.257529133422681,-16.78392831918028,-0.0,-0.0,-605.0383434737415,-0.0,-0.0,770.3464614773205,-1155.759900936278,-48.15834009043696,-2299.7745378287423,-0.0,-0.0,-580.9102951956637,-0.0,-322.2391974245227,-1274.3746599597864,-1106.4930503999904,-1129.424465049097,-0.0,-0.0,1513.0408413726714,-0.0,917.0764604985458,1013.9132926283027,-41.77996133333905,-845.3579459031166,-0.0,-0.0,-119.74111861462337,225.1031217742383,-862.1998712534307,-398.8593210788829,-1237.0816616335867,-2824.4053848285434,-2157.057538836604,-0.0,-0.0,-278.46412799016395,-5993.774741400823,-601.6895340747225,-547.453696932769,-0.0,-0.0,-614.8501075288688,-0.0,-1046.9702610496277,-1503.6422107920355,-701.8341052168424,-0.0,-0.0,-55.92777863169009,-0.0,-166.75991128211612,-1321.392198228875,32.690949542314485,-746.7818824062845,-493.74477642759103,-263.17205909438127,-741.4004615010716,-2654.482799557324,-15.905052681996585,-1290.9100976214502,45.68931328464141,-1146.776351990265,-285.91028394390827,-0.0,-0.0,-215.25648758227481,-0.0,-0.0,-1842.9291315177006,-679.1989795738143,-0.0,-817.7403099114425,-604.6315874239914,-0.0,-0.0,-1696.9349220206486,-833.3598203598345,-1554.5830567700384,-1605.4921992414795,-0.0,-104.3801468369475,-3013.3582292355377,-1020.1354968309372,-335.05078442164654,1743.1550792305459,-1838.2114321383729,-1367.3070349887403,3.954218921987101,-891.4406352493012,8.284615075973978,-1921.9170104096763,-0.0,-3371.7556759476734,-852.9263480944506,-0.0,-1843.8347027765749,-1607.8061903842804,-0.0,-213.09044702816033,-893.4275686885085,-1065.1891564608538,-1640.706546020671,-814.1405545042468,-496.43178400929105,-615.2640450712705,-0.0,-162.68258968594583,-0.0,-2701.8727232892934,16.939299413239894,-3529.124882203983,-845.1182808621512,-45.692708244591486,-45.451710236263324,-1450.4331956666792,-1009.7667354614332,-0.0,-510.227191801066,-0.0,-0.0,-700.5979300311451,-0.0,-0.0,-0.0,-0.0,-0.0,-0.0,-0.0,-791.2847995939184,-501.8405761650372,-2758.256532641577,-2758.136907546697,-0.0,-0.0,-1274.0818496322227,-2069.4524919345104,-512.3363682549513,-217.15095689076824,25.00139110720798,-0.0,-1434.9677143434074,-0.0,-2616.62345295937,-0.0,-0.0,-0.0,-0.0,-1951.7969000010462,-245.77974372814936,-548.6294344519127,-1210.973539287872,-1315.1917462998888,-1107.5658928785267,-779.4906554442811,-1271.9217498211472,-0.0,-0.0,-0.0,-0.0,-678.2155313720327,-464.41220008931816,-1560.9429415224195,-0.0,-771.1400349842411,-5733.949060188577,-676.7152954333986,-829.3663526527811,-3577.0126087140666,-791.2140371281499,-0.0,-538.1465343327365,-539.2573652393983,-1208.6683427565013,-708.3398786617214,-1656.4519659703265,-1738.5856400042017,-0.0,-0.0,-0.0,-0.0,-1580.24400924737,9224.816229000788,6855.779842533759,-0.0,-0.0,-0.0,-0.0,-2235.4200728220962,-1042.643411310115,-77.70454764356842,-1601.7714560936133,-805.9176156250859,-0.0,-0.0,-0.0,-0.0,-807.5913432614944,-0.0,-1824.6229968044704,-277.58831365164474,-0.0,-0.0,-0.0,-0.0,-116.87241595825085,-507.44728719270375,-452.1613792774553,-915.9710679731887,-1020.490465795088,-1219.0503233052148,-1000.9374026821388,-339.97658819333503,-1481.2634698727015,-1761.1864224411513,-1227.0434419574353,-1749.865650082318,-40.041372810112385,-1332.713024206058,-1012.4611598264877,-945.916459461103,-1612.9512390001853,-327.20276386582157,-2749.792327588452,-1783.2256913959752,-1930.2011954919303,-647.8861815586318,-554.0127692049342,-1275.6394319353583,-0.0,-1029.622277860807,-0.0,-3436.7840246110813,-955.7619150548181,-340.72296187865317,-1732.994885823153,-1595.4420807272322,-1204.0499053492085,-0.0,-0.0,-0.0,-0.0,-875.2159112061979,-3331.16114323187,-1809.9291101325489,-0.0,-0.0,-1070.0781907527012,-0.0,-0.0,-1190.1902472950883,-490.15040807751245,-1000.0657425725399,-559.5863549534224,564.7062674900902,-1197.509924134162,-671.6735328449076,-1800.3840199865163,-0.0,1403.1684449993845,-0.0,-0.0,-1087.974490668718,-5352.832299528004,-0.0,1549.0284052008587,356.4558560631446,-791.0610284676658,-246.50581695107843,-0.0,-1831.3951375185186,-1079.4763937436792,-2460.2925025991744,-2144.4897887907186,-383.03063343129855,-0.0,-540.5916257177458,-199.19906772283852,-0.0,-1245.5126916693641,-0.0,-1874.5531406771358,-2651.202671842016,70.97347976407539,-2453.933412582635,-2056.185834191123,-0.0,-557.5983731281829,-1416.6282829717761,-2376.647201691286,-0.0,-431.88922627465195,-2603.390857669094,-980.220199910632,-863.1033260481967,-1012.6905734850003,-441.04297579882024,-919.824342709829,-1585.42020612513,-0.0,-1023.9278609583371,114.90596252985173,-1284.152596402335,-0.0,-532.7659926016742,105.22268269230557,-1106.349896083163,-674.9220984211752,-0.0,-557.1830310744629,-433.5569184639323,-1902.6588732779676,-1214.1916071238534,-1755.011018675362,-926.413719100452,-735.0503163319872,-1056.6527149308283,-2048.6527808496844,-24.04196581605413,-0.0,-504.20515055602766,-710.4654334447043,-1380.5731939066927,-2176.5557671585843,-357.3101134738131,-731.471843479373,70.10885079308999,-975.7983591905839,-1236.9038182311454,-952.5383027621219,-0.0,-942.2882724997746,-60.591516544012386,-2534.620884686591,-0.0,-471.1651278884554,-938.5667151134355,-538.1727447815399,-2605.8498522309906,-190.4199396269744,-1670.0685487817977,-790.0078393124509,-2573.4205476189845,-0.0,333.96620028413287,-0.0,-0.0,-335.12416875308173,-0.0,-0.0,-3975.8906038231767,-32.39919195464397,-43.74242273281738,97.07073367617838,-1456.3458524374125,-0.0,-0.0,-0.0,-0.0,-0.0,-32.49127020814491,-0.0,-358.01451691616865,-0.0,-347.6347191698859,-1737.319518978631,571.3100263269074,-2885.0089533254177,-0.0,-0.0,-0.0,-0.0,-0.0,-0.0,-0.0,-0.0,-0.0,-2896.862213171576,-0.0,-2974.5463333917364,-3074.610262335885,-39.59146694586448,-0.0,-0.0,-0.0,-0.0,-925.8521478058408,-1134.4844599553205,-0.0,157.77837803447468,-659.06784997781,-2147.045069541257,-688.6414051564009,-0.0,-600.5556059265894,-1040.0806783780233,-0.0,-0.0,-677.3136764186678,-851.3106424777995,681.9015904941364,-541.548865221878,28.586448018415,30.30684248004926,-0.0,-0.0,-0.0,1816.4408242963495,1422.8008008956767,1555.7442068108842,-0.0,-0.0,-0.0,-808.459547265779,-0.0,-0.0,-927.2285401774845,-79.12447143260792,-440.9058701893473,-60.881471207097974,-1162.626742802263,-811.7926155893184,-1381.2775708877612,-137.0825972287246,-282.7301514991175,-1215.4072367173587,-0.0,-2437.078629570441,-16.16741776676604,-970.912072456916,-889.7069869579891,-17.76226321066712,-0.0,-1260.9463590589478,65.30438194431153,-0.0,-0.0,-0.0,-0.0,-0.0,-1521.721214530623,-3714.6716961535008,-0.0,-707.029549466092,-65.46684785023112,-0.0,-0.0,-0.0,-489.4445794034217,-27.242172228714214,-0.0,-1337.4169131366655,-727.332814013734,-0.0,-0.0,-572.9909140220623,-0.0,-0.0,-1768.0454287983102,-1565.021349864564,-0.0,-905.0239522118716,-2173.833319524451,-84.8802748613557,-0.0,-0.0,-278.5379835332531,-859.3254854633201,-257.64868948613605,-196.44269746007106,-153.39981937293953,-0.0,-0.0,-0.0,-1299.237006459502,-1126.8698037735358,-2305.9916053017946,-304.1749453453221,-1412.2633597120714,-115.46460258212092,-180.04664285463568,-531.4378686778493,-1969.6131424280488,-0.0,-0.0,-1655.6273426226908,-1853.0116544845346,-0.0,-0.0,-0.0,-643.6226526936907,-2094.832425900321,-3610.3260921654733,-0.0,57.1604873323635,-201.32896069035488,-694.1269479239668,-639.6818147336214,-2124.7682944260555,-0.0,-1633.185680641641,54.8661439503505,9.078649102446851,-282.99819682448566,-0.0,81.30719180046938,-295.640847887615,-492.290251740733,8.837133383451738,-0.0,-0.0,-801.7964917009472,-12.445710312273132,-0.0,-1460.9315337859055,-1003.4678347355174,-1289.642637532927,-869.8287848870517,-1341.0058625064999,-1632.6439430467733,-0.0,-0.0,-0.0,-0.0,-0.0,-397.1244309024262,-662.1827176094138,-1297.2266575613698,-1393.8970423733406,791.9938917541263,-1593.1507009810043,1774.0048319881962,-0.0,-2283.8181350457085,-1789.5942930795638,-850.0409974918897,-33.470408690795075,-115.86654768952495,-2344.6279203589907,-233.88427208905566,-0.0,154.3058001433777,-1015.8539174269766,-0.0,-0.0,-596.9511812616919,-404.58706424460587,-450.54664029073103,-1287.9272086746826,-1682.4858986405836,-0.0,-1602.9412054784832,-1334.0390402418525,-4877.395007787267,676.6560115776573,571.2031107554382,746.6722715466302,681.7701172506222,-0.0,-0.0,-0.0,-0.0,-0.0,-0.0,-0.0,-0.0,-619.4186798690403,-0.0,-50.951542737285166,-46.11828537293697,-0.0,-1169.469002743641,-1397.4357361330585,-2056.8213379380036,-0.0,-0.0,-0.0,66.59911513741334,-3450.9297535481774,-670.1869214739304,-2906.5188572935967,-1872.2057465622331,-0.0,-0.0,-173.30492697818934,-1357.2451018438112,-0.0,-2398.3063768691427,-736.5514139463268,-0.0,-0.0,-0.0,-2255.1208601775793,-0.0,-0.0,-0.0,-0.0,-0.0,378.94561095064023,-0.0,-0.0,-0.0,-1018.2720270981267,-0.0,-0.0,-0.0,-0.0,-0.0,-0.0,-0.0,-539.8689105637346,-1067.189076951932,-1448.6182165378054,-1680.585440714801,-605.4753809913832,-1182.8425579943532,-36.62020357229689,-0.0,-676.1322109284297,-48.905228543222975,-0.0,-0.0,-0.0,-0.0,-867.8910011884159,-0.0,-579.4161195710217,-1400.3661119739374,845.74033889093,689.3228247230753,852.1330783847702,745.1809878934458,774.8634080746898,-0.0,-0.0,-0.0,-0.0,-0.0,-0.0,-443.0996964959605,-0.0,2226.3862982985456,1043.2293858709313,1224.935325728913,-0.0,-0.0,-1388.938355974999,83.3850305859295,-63.62699066367686,-2389.437249314073,-0.0,-1784.286331296141,-0.0,-0.0,-0.0,-0.0,-600.9480161671844,-0.0,-626.7217683676661,-623.2385441496677,-357.8411160599684,-0.0,-15.3434522557946,-0.0,-862.1606530042037,-0.0,-2449.4425440458713,-592.8849093286674,1760.9595235078023,-2216.590797061663,-907.87344483042,-77.6825844767578,-890.1781115868444,-0.0,-587.0029828136037,-82.02733260068285,-2489.9594138198727,577.7474430721927,97.9160853493485,622.6958803212309,1275.760071335443,-0.0,-289.06589419601335,-27.235177114657496,-1282.2845035265877,-1077.0338503732187,-1524.243736025733,-1878.5333275567596,-0.0,775.0467741091808,-0.0,-427.2050285158022,-2844.008577377468,-1267.6585109933267,-0.0,-1517.017311367558,-441.6647339454749,-640.8476309108544,-704.2128522673125,-327.21129838143804,-1438.0796788180676,-0.0,-2049.648370080187,-469.21986344091187,-1494.331725161476,-356.17049508174773,-0.0,-0.0,-0.0,-0.0,-1265.7883904862301,1134.007537165759,-1094.985094807984,-747.4479823074597,-0.0,31.044376821747854,-0.0,-0.0,-851.8798699649132,-708.9930074425024,-739.3000399707151,-745.2987018880796,-0.0,-0.0,307.59405239030144,281.1878647347013,624.3247939160017,-0.0,-617.7581965279561,-1948.8107222595859,-1323.5682180888166,-4.384674225717351,-1646.102890425516,-0.0,-0.0,-0.0,-588.9441416516189,-1017.6252366695788,-0.0,-1442.8957068586706,-0.0,-2927.89645324432,-3996.807324159585,-0.0,-23.1274003620071,-0.0,-812.832444451325,-0.0,-0.0,-0.0,-2164.1449471744986,-1059.255194006021,-630.5227214710579,-824.1995814466808,-0.0,-0.0,-2381.4649033919354,-0.0,-603.0921090583972,1096.5164183500838,-1082.5919524492103,-835.8717247444856,-637.143189414823,136.7373811732957,-0.0,-0.0,-1376.235012479425,-0.0,-751.8608877435223,-77.10334764352972,-403.13662013974863,-329.436954180349,-0.0,-0.0,-231.2349818505791,-703.45884173525,-1091.6637269064536,-591.0420674838018,-1103.3161659800314,11.87885145470239,-0.0,-137.265996527264,-1963.2167031478732,-1272.5093631778361,-0.0,-0.0,-0.0,-605.931384626933,-617.6220374114604,-1409.1665445885255,-0.0,-0.0,-0.0,-0.0,-0.0,-1558.7628063435236,-739.000758060744,-0.0,-576.9700432042619,-0.0,-18513.863624176734,-818.0685501408753,-127.38788905526225,-727.623230183052,-0.0,76.60432554727416,-1228.5252103978346,-2551.3775602861892,-0.0,-0.0,-0.0,-787.1870430419339,-491.5559754209894,-1038.5342039381228,-980.804614635449,-553.3686243735665,-0.0,-0.0,-1699.0511003404774,-583.4251374328986,-2415.5690706705827,539.0012645828965,-2208.552215328434,-0.0,-0.0,1810.2257695526487,-1605.5435137738239,-0.0,-224.48330085285605,-387.8810246260218,-675.376841662133,29.63521387162213,-787.2034852820113,-0.0,-0.0,-1245.098705337798,-1480.8337825926897,-3026.639335926485,-0.0,-0.0,-2334.30138083427,-834.8288653486067,-895.1094906167189,-2420.018926486716,-1624.4376117791946,-0.0,-0.0,-1166.6489781808011,-0.0,-78.87828169582008,-1607.8773068630012,-1732.850597485704,-0.0,212.349076522825,-775.6700403658829,645.0388212450025,-251.70439190192627,-255.96327877377672,-0.0,-474.5907899796446,269.40749623804595,344.5447688071546,-402.3352249472558,-2523.7377196074094,-1984.9812229885463,-86.15762560064276,-5045.8081765674415,-675.317674705688,-1165.221399176343,-50.46413870314664,-3646.0133652869654,-352.49171626811966,-693.1417107085421,-279.238083280401,-1934.0439105102548,-1109.3276387578949,-3341.4521101190653,-5762.473300818746,-86.35561561393855,-708.5155603778315,-1556.372909166687,-1267.9738131676388,-0.0,-3422.6712930801837,-0.0,-305.73168523442916,-1800.683753264004,-1267.7891890037613,-0.0,-0.0,-934.2571179687595,-260.23283663530555,-0.0,-1487.8912696927255,-0.0,-780.0514942717247,511.96664565276205,-2359.734641020797,-495.7498394043878,24.4770294249906,-13.680703857453118,-0.0,-2113.5892577885534,-602.8863023778431,-0.0,-142.26435495558476,-0.0,85.85783953226691,-168.51140266259765,-0.0,-422.147117902602,-1434.6041978226726,-455.1629103948287,-930.1811603351136,-2020.7495120648625,-0.0,-3808.7989091014006,-1802.9787820796785,-2906.624655885785,-2413.678814637279,-87.64728000868425,-246.15597289019496,-592.9241549355227,-1388.6722222396706,-0.0,-0.0,-1219.6735064696238,-191.51507503968617,-0.0,-87.33894023678118,87.38302863766175,-2307.2687450855983,-0.0,-0.0,-1208.751081893469,-0.0,-91.82558452270636,-0.0,-54.031283261779706,-162.49261426587154,-0.0,-409.0568328079144,5609.721411702948,-0.0,-0.0,-2736.7579681064685,-719.8687751590284,-239.4724723516838,-0.0,-0.0,-0.0,-595.7230398661766,-2153.081854436145,-0.0,-0.0,-0.0,-2118.4177759363333,-0.0,-0.0,-0.0,-1555.4898228176196,-813.6422659406743,-308.69807338943025,-439.60358628224526,27.21734719401211,-699.8367866030263,-399.9692408157548,-200.50315945505372,-2462.506074966485,-0.0,-0.0,-1255.6571991439746,-842.180190892605,-2639.5003552109106,-0.0,-0.0,-2414.7449928201986,-709.0357239280055,-1356.9212519513042,-391.3369770141434,-676.6067930535754,-2052.968205962843,-819.1071961653821,-80.95276537594282,-906.2426334616137,-2229.6366213746187,-1601.2428235527143,-1322.671314458972,-0.0,-577.8574345278604,-0.0,-1857.088710991097,-393.89819869514275,-205.93116049717008,-735.7672520382615,-750.2052892752621,-12.291983947505598,-0.0,-1123.3257692989016,-596.1182685604027,-46.50446851809541,1503.3855100113844,-79.13042849213345,-0.0,-741.0829867749593,-522.9249391012698,-0.0,-775.2680378344195,-1646.3911053130344,-0.0,-0.0,-0.0,-0.0,-456.4915808994619,-919.4581720348834,-362.2100913802737,-507.79835848411506,-367.40692859937167,-1681.67962394743,-764.5358913383029,-1311.0522316865015,-2709.005969180273,-1833.826998710047,-0.0,1028.4747199100589,982.7355698503497,611.6439995450635,826.2563714362907,428.1054613517202,-0.0,-0.0,-0.0,-0.0,-0.0,-0.0,-0.0,-0.0,-57.99983686831241,-886.8277324521354,-516.9496735469115,-281.261803259799,-1124.5238294976664,-106.76010871905649,-366.0362125980094,-1198.360905912666,-278.3706510666021,-2005.771210564172,-852.3445114714044,-79.36768880445442,-401.6176733223777,-27.44015755367639,-0.0,-552.7814385795333,-165.7046994252548,-244.6797403546242,-795.8201289842574,-304.5606354054244,-1671.0120283523968,-323.7390523851343,-0.0,-0.0,-2079.740380458791,-535.9210029413957,-356.7271536846557,-516.4402962923781,-1024.486234193621,-424.484278670769,-400.6162428154451,-0.0,-709.2492586416569,-808.5277860957068,-721.0489018685429,327.60140415667263,-1437.7449542437798,-2067.779453853795,-198.00336785085878,-760.6589589234809,-772.9375042719363,-13.117593951596362,-0.0,571.0186683434689,-853.0875891356953,-35.72093200650851,-2009.044877351737,-0.0,-0.0,-1178.7939750025378,-474.2202597980658,-0.0,-555.546450862117,-687.3183505296543,-839.6374537647796,-0.0,-727.7179873483357,-528.0340090937829,-2237.181991050096,-4425.618484438399,-411.2408122669367,-0.0,-93.01284388011815,-431.64946897180624,-1678.4071726151187,-233.43388214828695,-588.8823849186061,-776.2735612151904,-726.6202444633388,-346.17870047046614,-0.0,-0.0,-1669.2038213685832,-122.72434430052928,-449.27281009203585,-754.5178737271567,-1263.073643042517,-2630.7878853357247,-0.0,-561.5949326876517,-0.0,-0.0,-0.0,-0.0,-0.0,-30.25832295923255,-169.65398045347166,-369.00578448283505,-0.0,-0.0,-0.0,-0.0,-0.0,-0.0,-1018.1671745999955,-2099.739658494573,-397.9931849474152,-561.8741655092529,-39.59424478419851,-0.0,-0.0,-402.84432281510146,-0.0,-0.0,-130.8024110290795,-3001.4978629430266,-0.0,-0.0,-1607.483799402476,-595.9247935744233,-1056.7999457761655,-1106.3233035825397,-655.8729734453007,-0.0,-0.0,-1209.686388965785,-1971.408978722487,-916.8230009486805,-0.0,-1119.4903879227872,-0.0,-390.01909764138685,-784.9451550034147,-0.0,-723.9210540585334,-1945.890406327861,-0.0,-1804.692325252249,-183.45303683267224,-556.944971041118,-1365.4326588415315,-196.34779699699786,-1268.5654305809423,-0.0,-1125.1789304934643,-27.816698393701756,-2015.9989298944479,-1959.1324492631463,-0.0,-0.0,-0.0,-0.0,-732.6561594779615,-774.7849286846686,-0.0,27.36873011269299,-382.3830271716641,-798.4430770405511,-2239.7618471181127,-2390.614155296337,-394.9515233149454,-0.0,-1327.231432327611,-775.3236584885724,-1977.088651328783,146.99636201673798,-0.0,-3775.871371367359,-664.0058483954606,-0.0,-481.9909696954375,-1589.8150029169133,-0.0,-0.0,-549.6225901393537,-1334.297431295359,-0.0,-1026.5087091294818,-1328.7977803128624,-42.14097154496707,-85.31495730715856,-544.6983603533515,-0.0,-1500.826259206606,-2651.834989451473,-1248.122484797801,-166.77409940635934,-2141.9745033141144,126.43323090992561,-963.32975882809,-557.6338272776346,140.4826881799742,-889.7234143401362,-1505.8928703415306,-851.9755153980725,-1552.9791407427667,-462.02539942084456,-609.2059471057026,-724.08780713187,-1703.8876642055848,-0.0,-0.0,-1891.612913231665,-339.6349734999706,-0.0,-1527.759328819773,-1200.4811818469584,-0.0,-2972.683547776828,-568.939276682738,-0.0,-728.5325499943427,-0.0,-0.0,-1163.9210332755085,-1226.7268137291837,-0.0,-0.0,-0.0,-886.4753071717079,-4.64009484526023,20.277497456884156,-255.704086118647,-0.0,-2150.952364929984,-1698.1072268403598,-577.3936947556949,-2136.7355005687186,-0.0,-57.96442933308231,-910.0334632924636,-0.0,-438.1747131989571,87.68040688194624,-1515.0547628293089,-997.5508066318473,-728.061389561798,-1282.727873787102,-0.0,-0.0,-0.0,-790.0022154413747,-0.0,-419.9802397705282,-965.9846879495991,-217.14046460111817,-1191.5888962339868,-1990.4241144623918,-523.9188555411291,-1942.4786882410704,-0.0,-1157.0094226331285,-709.2015405877305,-551.9635732195097,-1186.7705956689056,-330.8059457343142,-536.8803797746993,-1353.4696029352917,-0.0,-0.0,270.7876128375362,-2881.6626515262556,-1028.3844531708532,-287.7933438777722,-0.0,-325.08602050796515,-512.2517491566969,-728.6858807092912,-0.0,-0.0,-870.0945005616088,-0.0,-23.067958807909275,127.08259249416157,-134.93251192768798,-2167.0824775122387,527.5383059117516,549.6675631150989,461.88694064777053,614.0370049110114,49.06762734609686,-0.0,-649.3169174678309,-779.6736479666814,-373.1865557279634,-10.216413055961036,-0.0,-0.0,-0.0,-195.74851086410024,-12.634321658290714,-1097.4442074748094,526.8248957734575,2490.9306413978725,-0.0,-0.0,-0.0,71.89145492019678,85.38658057108542,-0.0,-3163.533913318383,-0.0,-0.0,-0.0,-0.0,-0.0,-2303.280333347997,-288.4079245352187,-0.0,-441.9050326852102,-2066.700030780608,-172.89891255699078,-336.6699885099716,31.839113161783683,-1948.9408217843577,-3879.5199364438517,-1719.7481500032018,-0.0,-0.0,-1687.2139918202004,-1045.6860264673794,-744.0724557036461,-494.099700854946,-349.02028144735647,-1004.0174662486214,-1035.8699608072725,-5068.888778476929,-619.1078337096114,159.22166846400336,-798.7749400595649,-948.249242094816,-666.6650066831243,-657.506803402594,-7.897968639414791,-1959.3906180787437,-840.8462203672362,-561.7616789675138,-0.0,-0.0,-0.0,-0.0,-258.2890961225972,-1249.5659581092466,-0.0,-1355.7682469401295,-1437.9290980848032,-0.0,-0.0,-1497.511887622208,-0.0,-0.0,-245.22233869091713,58.862571455009586,-0.0,-0.0,-3036.844662846525,-1185.6836041507006,-115.57343543203677,-1023.2871888447349,-1251.6918590145801,-0.0,-327.0063055995436,-503.8809134288124,-0.0,-1576.2198465061074,-373.3402127219288,-1053.114004091454,190.4544084092493,-875.1432509968599,-233.02273919248404,-242.03977415415946,-56.34786104945894,-39.13282908433979,-650.5092758226333,-833.0391105719882,-456.8380245213797,-846.7087402336481,-0.0,-57.34225627223163,-753.5885884661443,-180.38411807928566,4.349272850637108,-0.0,-1205.3729998855501,24.529068783424446,-1140.196316205302,-0.0,-0.0,-0.0,-2027.875624986278,-0.0,-0.0,-89.29824215195097,-0.0,-0.0,-0.0,-0.0,-0.0,-0.0,-677.4803301581503,-1425.8325212180914,-0.0,-0.0,-0.0,-0.0,-992.3000289599861,-530.0118603417267,-0.0,-0.0,-1927.201260557096,-0.0,-1401.6867407892087,-2814.736688321181,-0.0,-0.0,-0.0,-549.2948312371499,-0.0,-0.0,-0.0,-1054.966043096875,-720.1916569730964,-694.7370550268729,-0.0,-0.0,-248.03069573866514,-0.0,-4082.544136849198,-5871.928760965448,-0.0,15.578984605367477,-0.0,-588.2877115681578,-787.5853484912327,-1959.8549799284228,-0.0,-0.0,-111.14103419411634,-742.3701048033025,-1440.8159241774454,-700.2679928032976,-417.3998897311788,-0.0,-0.0,-1113.937423775619,-1144.969213431977,-48.22584799162454,-0.0,-0.0,-720.4206526798553,-383.2861430968491,-87.19587889801069,-0.0,-0.0,-0.0,-2191.044458474913,-403.59324771769735,-1362.349194326726,-4402.229782238267,-0.0,-904.1726488264725,-1173.7993668585293,-2427.5111682896318,-305.7122860061988,-0.0,-0.0,247.84403843481752,-1241.7539858131493,-1727.6656210116396,-515.4811230415394,-134.88394113415237,-27.24228994746995,-1935.4714697910733,-482.0564393034264,-1708.2151954571962,-711.9847697745713,-2432.385357749381,3.9100866116465367,-985.585603909195,-801.3250898579792,-2079.152005096368,-0.0,-0.0,-814.9012068601272,-1818.9993697859422,-1901.107016357791,-1050.9540324781376,-0.0,548.8896580871179,-65.93922921579416,-488.78857787401813,-0.0,-23.387100870791787,-0.0,-2919.1674083633957,-61.41807262835366,-0.0,-0.0,-805.3486756716759,-1133.3356228971475,-885.9764069266427,-311.68965634418873,-679.6983062021269,12.029517674067044,229.28567421860922,-839.4758929052582,-27.42035632344787,-1590.4869471204606,-0.0,-1682.675694506862,-116.37440074708381,-678.7140328251248,-375.5134263276109,-23.667359633152987,-45.39838397224064,-22.949014652557747,-1367.2883016998335,-989.7522433478985,-1465.1386424798295,-248.64383367491487,-1414.8179128771817,4.629093115229567,-0.0,-772.7997602585068,-3060.304587723728,-0.0,-0.0,-26.903296367283044,-2080.9303807615797,-218.5864555461162,-672.6356959647624,-391.9720189289429,172.69749025530885,-0.0,-0.0,-1263.7868814544977,-0.0,-0.0,-2048.177537460541,-1745.8986099518315,-947.2521277849685,-843.3332257339647,-587.7665698275051,-998.1888676692438,-801.627059257634,-1247.728348086524,-2617.233535860318,-0.0,-0.0,-0.0,-0.0,-305.4093744709148,-0.0,-2045.2886599404392,-639.4631926631372,-842.0193178919505,-1023.6016378279105,-534.3993678745215,-0.0,-1712.0599448267444,-614.3891616225194,-0.0,-2673.182626230847,-1481.5773538446772,-0.0,-0.0,-2957.0543944891,-2094.720919049528,-414.3461797702407,-835.542172845803,-0.0,-482.478369689239,-370.9969047779604,-0.0,-649.4487372184318,-545.559469850055,-562.1872507833948,-0.0,-0.0,-0.0,-0.0,-442.78345466799806,-1324.9815477578788,-6195.6092066945885,-0.0,-0.0,-759.2722711598267,-804.8432747573157,-2071.1727492323844,-654.2770774465068,7.823307401662235,-554.4369784385198,-0.0,-752.380626913557,-587.8947549423492,-0.0,-490.27160764975196,-1193.388812339081,-0.0,-0.0,-0.0,-0.0,-0.0,42.46718519319026,-2237.7335812534825,-0.0,-1302.4657070937644,-933.7946413439536,-4.538717503949927,-2092.5085175818795,-878.9138162707571,-1080.649509695683,-1351.7403306772858,-82.38092533306096,-126.04529282511514,-1277.150225683666,-884.6659252895278,-679.5213189130073,-0.0,-1637.2529334747999,-1273.6261160948893,227.1105244322595,-0.0,-618.4619820227647,-824.0649197210744,-978.1216480792303,-80.51857733039047,-0.0,-275.5612850496283,-0.0,-0.0,-2476.968936546924,-2367.21920591465,-2015.5724667211557,-1676.5176037956485,-0.0,-1105.8880684759188,-2018.7026618361126,-0.0,-5494.198644258854,-0.0,-0.0,-0.0,-0.0,-983.56391959134,-2422.459692873779,-2463.753792195391,-99.09312178356,-2164.403034551561,-0.0,-1026.2823949062033,-35.154343579431746,-0.0,-69.71696266315539,-583.284658649358,593.4974870518497,-0.0,-446.9921998865982,-46.85072559417091,-0.0,-1448.3837709781021,-0.0,-2020.0545960918846,-159.7346466305436,-0.0,-0.0,-1128.4506371745802,-1872.8144557449784,-1101.9163694690617,-1186.8916042206204,-1437.8777835088044,1582.4436461538533,-51.16756985253356,-887.3768551396404,-35.60443966263002,-2179.230118695968,-933.5776147748397,-873.067698104398,-460.74573067881045,-1699.2637527288166,-1759.9022574018118,-430.092047336753,-2583.8379847307638,-369.2445198513269,-0.0,-0.0,-55.45803360759446,-0.0,-0.0,-0.0,-0.0,-0.0,-0.0,-1549.8158688511674,-648.0792973795577,-1366.2400159828005,-915.9262029429905,-0.0,-704.5487289876594,-1399.2550055722381,-1235.9298128706603,-2079.396562998459,-1300.1174091121386,-87.86077940494715,-184.3929170793406,-1102.185933457445,-1550.8025679795192,-0.0,-0.0,-0.0,-73.95011033116559,-912.5256519491899,-178.42994599506684,-551.3163227698677,-1097.567522407535,-0.0,-0.0,-0.0,-4139.576192926205,-0.0,-137.99009571301875,-0.0,-232.6351496858363,-1344.289162940024,-1240.7238380433937,-850.6163435580319,-0.0,-43.85630868509838,-638.5912629473214,-691.4693961784361,-567.0259627484229,-0.0,-1123.5588946410317,-0.0,-0.0,-3278.563831829439,-0.0,-1378.9323788767367,-633.7300685629476,-434.2323806962066,-284.5536650002712,-1428.041737595841,-3114.0964270857976,53.46524156741551,-2071.2616921741114,-1876.4528541774182,-538.753194034302,8.796955301277238,-0.0,1526.786006017809,1183.5139412078213,1307.8320775812897,-0.0,-0.0,-0.0,-962.179447073616,-0.0,-311.20055611168664,-229.7236427178183,-0.0,-4145.315182763119,-0.0,-1395.9432771879071,-92.28590344748362,-1130.7266315165436,-531.5439551030007,-1551.4824814126084,-1248.2936054443585,-0.0,480.3201656520165,-2757.313173894309,-1689.4749340698806,-536.3418588096596,-1419.4744887223353,-2027.9215324089853,-0.0,-0.0,-271.3842266462274,-748.4178328608494,-2103.1204416872692,-874.1418131839945,-40.137126427163345,-0.0,-0.0,-725.5999959382823,-0.0,-0.0,-0.0,-215.96618949896413,-1522.3799600933853,1590.3157417847442,-1457.0210245270362,579.4213689866842,-817.3553198486351,-1019.0779660457624,-13.755003197135101,-5410.334627940195,-363.65986932081745,-0.0,-69.51399730724417,-2323.135413350326,-1707.7489738263832,-0.0,-32.437287936335785,-0.0,-619.9428770452797,-28.534607696786885,-2098.2921632238176,-1511.548960121115,-0.0,-357.80182333145416,-0.0,-0.0,-0.0,-769.8281357716593,-1107.887351656888,-426.5248484098626,-1282.871750885657,-1934.7815772956446,-1021.1470286946524,-454.9997887820362,-454.7521622051985,-133.27396472196028,-1858.6998464367673,-667.1231596343733,-972.0311324153614,-1446.44671630096,-1697.796803898262,-1361.0508523003023,-341.74517427984597,-1585.9239135232303,-0.0,-0.0,-0.0,-2608.958994176938,-0.0,-498.02533186427087,-1298.084451041052,-11.552398796649074,-918.0155164635331,-619.0095529317372,-1001.73273485447,-768.0544385949867,-221.70587313301473,-2128.963352822857,-4894.236390501744,-301.248632148901,-36.56145073363289,-0.0,-118.6423362847057,-7596.6696389559165,-2146.533438154198,-667.1077844675461,-2362.1984457116964,-223.44006251949932,-0.0,-24.736517260033047,-737.4986389463355,-136.10458787747362,-1301.0325728146215,-1110.505422731396,-201.09603288968077,-0.0,-741.9103853177942,-2233.241748175565,-2067.184112899812,-1748.7881283730608,-0.0,-1635.7020889058851,-0.0,-50.586125125750335,-1110.5931511601368,598.6465864686003,-0.0,-0.0,-300.2734478656224,-1099.2010408512294,-782.6544792608158,-1330.5559256871982,164.13590188220087,-1456.4049434990745,-128.9618750925104,-373.43464573543923,-2225.6436052329814,-2062.95457064651,-398.84354377782245,-0.0,-0.0,-0.0,-0.0,-0.0,-1847.3706495787703,-0.0,-674.3307947871085,-853.1951965538312,-2606.5224051379014,-0.0,3.6507116262595085,523.0655990251811,2237.0432007981567,-640.9851760842472,-1391.5146416438279,-0.0,-1650.3327761633966,-4055.061140292576,-801.5568886401304,-5630.942073735269,-1359.9291094168116,-0.0,-850.4426274742996,-2595.195418807533,-207.05040086968435,-0.0,1185.6283051266842,1439.5523052025728,1310.6433746050832,-0.0,-0.0,-0.0,-0.0,-96.73127110386957,-2756.607002840412,-91.3055995931686,-0.0,-2105.8661690815616,-1223.2544622004625,-525.2325843678359,4.325614662219583,-0.0,-236.67883197040302,-934.0224729968759,-0.0,-0.0,-49.90019608465157,194.23889967149165,-2215.2638941361515,-0.0,-919.3444174803966,9.049701556600048,-91.4060451007594,-0.0,322.9896714233237,-106.40627745953077,-591.7512535651526,-2099.8590515886135,-0.0,-68.46973065272577,-1188.3231676674131,-1050.0358489047767,-42.68335362207347,44.656023104634095,-0.0,-1376.5050590733813,-845.0234759889292,-7.72933418461224,-0.0,-0.0,75.0190462930554,-263.0152298836022,-192.36497502196684,-83.8563437560677,-12.176910802049266,-168.24426171479766,-723.7013205581899,-1027.600905765051,-574.7136060537711,-0.0,-2212.436524472295,-922.6516942262125,-0.0,-0.0,-1192.0738497485997,-2362.927501112796,-620.9722200132904,-8.256063312733275,-2948.074181711368,-125.26158518812485,-83.6523316259272,-1186.990577063887,-0.0,-401.46631845714376,-1491.4368977433496,-4.527567058050101,-0.0,-3562.464058726391,-151.55867796919074,-1596.6224373835528,-1112.1352844021908,-1372.3082551345867,-2720.335389869411,-88.11156906863813,-840.3095143067391,-1918.4598484414423,-1403.1008233228313,-1161.129362641098,-231.86653972911276,-1896.8929316287924,-0.0,-3241.654853195211,-0.0,-6695.953042456346,-246.0927550036673,-91.8347249949175,-1571.6766576313678,-0.0,-0.0,-0.0,357.96502777128654,47.79214272990673,-886.4693610026675,-1475.9079416790807,-500.552288898093,-1299.9308198226977,-0.0,-0.0,-1441.3118604788172,-369.2498067511371,-518.5690148336238,-170.11676302076472,-0.0,-1730.6249847872084,-336.56969739659354,-2073.2752520814533,-0.0,-36.60206811214443,-0.0,-1856.0103554366729,-796.9039039055997,-1530.5940344632625,-0.0,-0.0,-1832.2478184461797,-580.4845817424941,-804.5641175223113,-1611.7773488019907,-472.601701201423,-1297.2557447301929,-0.0,288.50180985592556,-1196.303355030773,-4191.650861422793,297.9429402627878,-1549.8727391233056,-8056.08696522373,-712.9020607479141,-707.5152399833252,-238.10617603944345,-234.10066247650786,-1099.4258911352872,211.45877422819893,-231.35938864743497,385.2349021465671,-1133.551471563547,-576.8578667960354,-0.0,-1365.92596072954,-1791.6834604202634,-922.4979489507996,-400.32849202030053,-0.0,-0.0,-34.9527278365741,-1088.3352919003814,84.43023782807158,-2360.0251237553516,-0.0,-0.0,-533.9508691722856,-693.8124212634237,-1194.8227861233217,214.60526731022554,-2676.352882119583,-1585.9944869765195,-1342.796861774723,-252.12578872421466,-0.0,-378.83333061107106,-0.0,-733.6608592486792,-25.159015260501647,-1635.2319838308836,-495.98733334956626,-1034.9148483140996,-420.4517944860505,-372.54687316165746,-0.0,-1275.3277604664042,-732.9053292874146,-1302.4097891456436,-0.0,-3275.3384697231627,-1410.940731540041,-1490.4860001085913,-1004.8902985493562,-1161.3500109717938,4.005016186973309,-2236.313879211083,-740.0459391086199,-1262.4545591091212,-2014.5938649142704,-330.85872684208584,294.5948514589307,-1056.00355833086,-0.0,-0.0,-22.616261222276204,-58.07392438585879,-19.183691682207748,-252.89061558820057,-0.0,-0.0,-0.0,-0.0,-0.0,-0.0,-0.0,-0.0,-0.0,-0.0,-1316.1236185310383,-2626.5728167243014,-2295.6388199445,-0.0,-0.0,1595.9848808426912,-544.1607748239619,-0.0,-441.21797155253404,-480.1176410913249,-1003.3248310941784,-995.4210941677457,-1272.6144797661111,-0.0,-797.5876232005386,-414.12933560073435,167.77148341813736,-0.0,970.3598345120082,-0.0,242.83127529978785,-0.0,-344.7065597701232,-0.0,-455.49955967011863,-1127.6727743998265,-1878.5317870852955,284.49331483606045,-0.0,-0.0,-0.0,-0.0,-0.0,-427.43917189797054,-85.42089398992972,-0.0,-0.0,-0.0,-531.0565185251211,-0.0,-40.43267456581551,-667.118527155399,-3807.6775354042416,-0.0,-1410.6409918457994,-0.0,-632.3103481013137,-0.0,-0.0,44.625675734115006,-0.0,-157.50241318854546,-0.0,-0.0,-0.0,-1119.6884784535737,-1800.1620729767535,-0.0,219.52101592959104,-2303.3199630796116,-0.0,-80.19834885079193,-291.8649914864868,-0.0,-0.0,-1665.4123383856936,-0.0,-902.9806590826423,-1297.8910325758304,49.439011708396364,-3213.345963707757,-1671.0952413707678,289.8417125103642,-828.0813430591573,-0.0,-1070.8236821026042,-0.0,-0.0,-0.0,-3989.098535932864,-966.8124754228012,-1582.8516812231367,-0.0,-414.40964759629134,-4.581752502156848,-1362.9202871442155,-2099.9163928634102,80.19288126577518,-3191.138970032565,-0.0,-1669.053704508224,-2436.263549120976,-0.0,-0.0,-0.0,-0.0,-2502.1746590163,-182.41811229070674,-1640.7503170423986,-0.0,702.656363512554,1170.5964482690943,-0.0,-0.0,-821.0890245840375,-1026.218472227415,-353.62320609569,-20.36474724551424,65.4206545003315,-0.0,-1381.5437766894688,-0.0,-277.34628175964815,-1261.8364067818372,1417.6265473333854,-0.0,-0.0,-0.0,937.1749759592053,1038.1996927728421,-845.2372244077285,-0.0,-1457.1888751479682,-0.0,-1098.8900109496296,-640.8343362132601,-0.0,-0.0,-0.0,-0.0,-0.0,-57.64975121456956,-0.0,-0.0,-0.0,-1172.7460593849853,-301.191363777737,-0.0,-0.0,-0.0,-177.59283729331335,-82.68330534526328,-650.2072605850911,-736.2328751223808,-3008.3583179924412,-1389.7142067176435,-1143.834559904411,-0.0,-3126.9137203033224,-38.91395863655172,-0.0,-1048.5549289120893,-2423.1840802257043,-810.942386782795,-474.1894235893971,-1138.5700301464299,-283.7141877173911,-679.5112319725464,-756.085344385681,-1124.0344621113827,-282.3578222037974,-1760.2301260384775,15.828517830307296,-405.01789948498964,-0.0,-0.0,-811.9842851620418,-3912.7594172068607,-0.0,-1134.6435773640294,-525.34628844319,-0.0,-391.6024683914314,-700.7099458126297,-710.5132018524793,-257.3839646571405,-0.0,-0.0,-0.0,-0.0,-0.0,-44.23017626364868,-0.0,-649.0838702903391,-0.0,-0.0,-775.1256984879514,-1137.8821958797894,-2775.545745579084,-458.42538579670423,-731.6544144848407,-108.57286297784526,-1987.2924620863287,-0.0,-1007.8685877029217,-577.063631132729,-502.74523289169605,-1388.2840164777467,-963.0047319460232,-1820.6787381150143,17.617825393561105,-486.136033877065,-0.0,-1152.613745724186,-1147.7205745749177,-163.09481000550684,3.921819007809922,-2492.0173165928445,-1371.907903968977,-763.077572446389,-0.0,-629.5244247084429,-737.7330314298378,-552.1750659397636,-2573.225254654827,-3.833487965148734,-0.0,30.191171700854976,-0.0,-0.0,-271.7712462083659,-4036.998683580188,-202.45945352378237,-1511.5742556304224,-3961.287103589371,-0.0,-4748.164662952517,-254.795024516083,-2052.8157207344966,378.0238360067146,-0.0,1628.9022509030533,-931.1020884193244,-0.0,-2040.7293074145557,-0.0,-70.47281697359854,-42.843008602890045,-0.0,-0.0,-0.0,46.42556527633871,-0.0,-0.0,-0.0,-655.3923764844641,-1470.5738191733617,-705.1093334590939,-0.0,-3611.4767683895575,-0.0,-0.0,-0.0,-232.91431184826482,-418.2028463333096,-0.0,-2025.4321282304159,-0.0,-0.0,-3557.652857424436,-0.0,-23.016218166719238,7.818740298127039,-504.8207887866817,-20.65105158377778,-0.0,-0.0,-226.16585662141233,-0.0,-0.0,-1374.1689419942231,-1133.7899953954773,-1648.9865988694344,-0.0,-275.596293327817,172.8149367437004,-378.121868593702,-15355.701337269731,-0.0,-611.5933286310003,-1344.8109085853243,-595.9495265510234,-0.0,-34.73409775262968,-16.69304088394692,-278.34557195973593,-1087.184507666643,-0.0,-0.0,-0.0,-496.317012960403,-2869.140381958222,-1368.3754508708546,-0.0,-0.0,-0.0,-365.2615994431298,93.89951219326663,-8.2894085745639,-1424.9798911483479,-0.0,-0.0,-1044.6596920032148,-0.0,-0.0,-0.0,-2823.897303048761,-1038.251556098606,-0.0,-1140.5845639594438,-635.6894029815156,-259.8030601406005,-734.3492871877058,-1141.4787933291377,101.47801188020797,-1391.8281234403862,-1224.6370768912673,25.514715710500877,-1990.6733890115543,-0.0,-0.0,-0.0,-0.0,-495.5317424670689,-0.0,-0.0,-587.2074071408416,-1087.407470790973,-753.0141651768926,-0.0,1628.0333142475029,1538.6649421291754,1523.1985646006933,-0.0,-0.0,-0.0,-869.7529308303036,-43.84747938082729,-777.1135668577751,-81.5148338336224,-712.4116879246342,-1705.697977983498,-1279.7930016476016,-2086.2890839277175,-0.0,-0.0,-0.0,-0.0,-560.5109245591145,-869.7941828880292,-1805.1151797196885,-440.3380616146009,-1415.0641740382976,-2029.5185993621794,-2212.9675542879377,-0.0,483.94398881270416,-424.0618174524162,-388.9968199168621,-121.3431040808742,-4778.6036742817305,-65.72780783827345,-0.0,-919.1011948966668,-1592.9011887644167,-0.0,-72.56231010472689,140.42972328943785,-97.13174298694875,-514.4725819062653,-2391.748663679035,-167.5332788855008,-1698.8090906404873,-0.0,-1922.8092130709786,-1866.9643745193532,-1534.9655743906771,-0.0,-1892.478541558323,-331.8849829419364,-692.3884197123896,-994.3627057817615,120.11456192901518,-1994.3506040494453,-1288.5103197594062,-0.0,-100.24189975403736,-0.0,-0.0,-0.0,-1065.5280794518214,-651.4417512688588,-0.0,-0.0,-0.0,-3822.7355668482687,-1995.1884173445408,-0.0,-0.0,-4.63696220479777,-1799.675236103484,-977.7717702858364,-0.0,-790.3552996103567,-1436.3685669431043,-598.1791286700651,-24.113097445290848,-923.924016008668,-9.091447484459444,-1642.2231362761959,-1754.1358276582607,-0.0,-0.0,-45.170578273825804,-0.0,-0.0,-1353.766653338499,-101.2419574901584,-470.75140996999556,-0.0,-0.0,-0.0,-775.5467908355073,-343.66482258626417,-119.88095883491904,-484.75279594583355,-238.63141270792028,-2094.176956393214,-329.58786100944246,-604.8363048242453,-1373.8860898026123,-0.0,-424.12534564305963,-0.0,-1818.5749732641987,-1560.582716757306,-1836.2537984201742,-457.9983991877806,-304.5264541990787,86.06628343821264,-1002.2831252711322,25.64948276659946,-0.0,-497.7103376395518,-0.0,-0.0,-524.89731894196,-128.06460287978172,-2971.2442461948945,-3013.912877093802,-536.0515320864711,-0.0,-0.0,-1090.1735624052399,343.99269231119547,-0.0,-0.0,-0.0,-1178.3096474448844,-47.59594083667013,-506.8611091440232,-3970.764293359254,-1541.0119393690939,-1199.246854657257,-474.79126167306083,-186.91777640566266,-1328.6667749471735,-745.238010936999,-518.703452768884,-0.0,-701.1027023939345,-827.9551743266397,-1778.144040285884,-0.0,4.516170409085806,-13.485180847728595,-0.0,-0.0,-1911.9917980657406,-0.0,-3755.0050315406047,-1236.4257493290222,2614.7223413502174,3020.0568179342968,-0.0,-0.0,-837.1226395057937,-1135.204925750535,-625.4658650021485,-373.8982587329841,-3287.1367685168243,-608.3443952770795,-0.0,-0.0,-0.0,-1307.4364222588795,-697.9752090277875,-171.2055609645411,-2725.8163521083525,-1084.4743049990213,-28.353320731532854,-445.7962791521754,-1118.5048865786905,-349.7393072483835,-560.4166782471242,-0.0,-67.03241796648184,51.56446877460332,-1040.1012195574551,-174.91205030420792,-0.0,71.08925256693915,145.26355420093734,-227.31139322928044,-1455.772180089526,-2441.979835080172,-64.93971828373019,-968.6415825969373,-1468.4006656218737,-0.0,-0.0,-718.6753451065414,-0.0,-0.0,-0.0,-0.0,-669.7618963391518,-24.17623356084179,-1305.1401381234618,-1241.278706940691,-2688.4824396456042,-1221.7819358032853,-0.0,-624.4498524844879,-0.0,-1680.6662208146997,-1740.0363355084992,-1417.6025207622781,-1056.6659005821803,-0.0,-2264.490219427611,-0.0,-0.0,-0.0,-3759.3313178600597,-1290.0848198597928,-276.03925623777656,-917.1705685450383,-933.4103100327753,-1106.9004705584678,-0.0,-0.0,-0.0,-41.73470008139134,-6356.898750712514,-738.0537418999768,-1946.3202024981397,-4360.395134746813,-2384.56809964111,-450.12675427097554,-0.0,-2050.6199870984874,-782.9725373486523,-0.0,-349.3550555667426,-395.01580498434424,-40.25898223929515,-1039.2244357671377,-319.56215884553296,1540.7546781468645,-498.5336200437788,-0.0,-0.0,-1042.3575208373834,-868.7083625159738,-2380.3057595550513,-323.31900074457474,-0.0,-0.0,-688.336060808536,-0.0,-0.0,-0.0,-0.0,-1432.928767951219,-655.7901307965611,-1307.8533695980602,-551.5623907042952,-4.108839003802427,-813.386213088431,-0.0,-0.0,-0.0,-0.0,-3006.9738250283244,-0.0,-0.0,-0.0,-0.0,-0.0,-0.0,-842.489867803439,-0.0,-2913.030717731817,-516.8735503759193,-212.0183394600298,-1349.6483248651198,-0.0,-0.0,-1421.3556956046145,-1521.043868231463,-4.569343622475606,-458.05774574896526,-57.710752463661315,-1850.8516434034025,-1020.8754972797025,-0.0,-4077.510288680367,-1364.3247151959315,-0.0,-0.0,-17.791150857074772,-438.0168616553764,-1290.5237514739035,-0.0,-0.0,-23.21640329528087,-1727.01781217193,-626.7805966967527,-371.9821217959083,-90.40422105279185,-2017.1791500100046,-0.0,-0.0,-0.0,-0.0,-0.0,-545.8771051301869,-529.5941961265037,-633.3156239192381,-4462.5946198047795,-1771.832079979677,-1301.8757219407553,-114.33981913487618,-1035.966459860384,-1278.5542932068522,7.854225705288485,-0.0,-0.0,-0.0,-677.986261110609,-436.1467234483487,-1790.5458749900572,-625.2823858228888,-0.0,-1837.6492480306085,-0.0,-670.5919369276328,-0.0,-0.0,-2074.4866781807073,-649.7868804149008,-594.3965097751666,-1502.5921829276344,-144.23907007513753,-13.577363849211123,-813.1575034470607,-1532.6094059807945,-0.0,-471.11742128056926,-1227.0941700831931,-4439.365090076401,-0.0,-298.98826937570607,-2399.1628140975968,-1617.180571465305,-1327.2651667167695,-570.3406040650273,-1325.053850460234,-0.0,-373.154464416667,-0.0,-270.1820829953357,660.7888479998054,-0.0,-0.0,963.6589915490606,-0.0,-2347.0196838361708,-804.2108642674533,-996.29820713712,-1262.1036674521822,-1551.8904425945416,-402.69247709120503,-155.6956678348456,-0.0,-0.0,-953.6881487875329,-1057.2917288161104,-831.3956217551655,-0.0,328.10826633409056,360.38529027266736,-250.5214306524976,-2959.206514971222,-1909.4025813215285,-0.0,-0.0,-1518.4900254658764,-4380.993488501592,-2879.6642842895367,-550.1356641539006,-1035.938280388186,-1191.3805868094296,-0.0,-225.19231413162368,-0.0,-771.5480996186768,-237.66011133961996,-1995.9324359346535,-2805.5282126477105,-327.04258731847887,-599.5757012447802,-4749.408960126575,-1309.5363526477106,-600.1881034404287,-297.5608061156129,-1364.9806664977082,-739.4808314201975,-4.680017508541049,-1608.1734273080835,-1879.6213650289733,-0.0,-0.0,-623.2945903718531,-1354.5787142540898,-363.87370017925514,-4.670573195891691,-0.0,-0.0,-0.0,-0.0,-0.0,-37.49487137782072,-745.7183442578627,719.1288192111406,-474.97925947158865,-789.2657270920517,-589.7291784014759,-1178.978656083858,-1650.6864304556389,-1253.2290811141506,-1935.518851369102,-305.40236533455743,-600.8820736628275,-1654.002978204477,-681.3544724609343,-0.0,2562.2218390232783,-261.59961616276775,-75.63871295053004,-0.0,-928.7356279790794,-672.5195491018032,-1426.9339086063146,-2067.1252357344697,-2335.5286118118584,-0.0,-0.0,-0.0,-0.0,-1076.1876866497018,-1781.127017094779,-0.0,-899.1622085505493,-9.053446394538753,-0.0,-0.0,-0.0,-2702.764275129338,-824.446535400627,-192.5597772831089,-47.638396540835004,-0.0,-0.0,-1192.1932527029007,-1448.5114523838113,-886.243742554155,553.7052561213717,29.93250707603474,-0.0,-21.222864079368854,-0.0,-1760.142542116242,-576.7765334123446,-1489.0876882981788,-1885.6227204518254,-1749.7762601400527,-43.626991556426304,-0.0,-0.0,-1737.0065788095408,-396.9958852330608,-0.0,-0.0,-245.83746575736495,-0.0,-43.02334954037338,-0.0,-1372.9876598382946,-786.0672247118931,-0.0,-85.88198004318315,733.94701891147,-0.0,-201.92074419512133,-2481.261517950772,-0.0,-0.0,-737.8935792173928,16.482503906597284,-0.0,-0.0,-874.0382320753736,-1600.7943852283984,-0.0,-876.1406190172775,-0.0,-1389.8956728478984,1771.1182777589902,25.89712167231205,-2094.046522938576,-1692.1525883474117,975.5930848160211,-0.0,-2200.629707108004,-906.5493808870737,-1076.992099145565,-0.0,-727.8234744353742,-129.90904867129794,822.2309900817705,-401.7445474408739,-1603.5145470017874,-0.0,-0.0,-0.0,-949.1602803155035,-650.7159524469636,-844.6802521590693,-1168.8103994437972,-1089.8185239533868,-30.686284336546027,-1179.6815147429475,-991.4637353044877,-1255.3629936968389,-0.0,-0.0,-570.6929588715562,774.4672090307217,-7092.862860501556,-0.0,-1351.8227861630533,-2136.6453865560898,-851.6574927012795,-811.3157013203618,-65.3501036640802,-2498.4684800189,-362.86262892731565,-0.0,-1092.158978085378,-985.5032423880004,-685.9822100248149,-0.0,-1606.6538940539128,-2228.402064356728,-27.07579827771449,-1194.9083581535356,-2500.0501269088836,486.09216489095155,-0.0,-485.38908508687297,-175.81936607982396,-1459.127552552762,-977.8937269764442,105.06455938437617,-136.21838748837058,-848.6126654612023,-531.8365193101623,-596.3975631273148,-704.0781986799198,-542.3029062034346,-0.0,-1422.365084884994,-0.0,-1287.7246898173303,-805.5205920084022,-181.82024141298058,-0.0,-1926.4270107428792,-5232.7591736080185,-0.0,-460.3967882602294,-0.0,-2402.783103944828,-271.48919551868175,-0.0,-446.98631848418654,-446.7294981729922,-0.0,-2550.253070016714,-1742.9630060252446,-0.0,-4631.039945672389,-135.0598521106495,-1412.018415567578,-1474.1921737872954,-1697.2882612243216,-106.4434335355859,-0.0,-981.0093437360193,-2211.868463028017,-564.8197357829064,-958.0330308739342,-1184.882922425694,-1799.3377733666161,-2502.295439989364,-852.251902862437,-2190.8634510250768,64.99739942610847,-0.0,-331.9325588308794,-1474.2177980319395,-1296.7674684683539,-0.0,-0.0,-0.0,-459.90718400122614,-519.9947976806541,8.331201081479449,-611.9933259102088,-0.0,-1322.722344008694,-807.2725269346339,-632.1703831946977,-0.0,-0.0,-338.53843297792935,-1937.5396953777124,-946.4602978693586,-292.16224200408914,-1006.5282935541929,-38.56898004894376,-0.0,-0.0,-2923.7201123814543,-1256.819970018781,-0.0,-0.0,-0.0,-79.61313058723843,-988.5801242392635,-51.91199746517112,-1788.4404973369014,-1630.7446922378476,120.33177612374008,-0.0,-666.731546707288,-0.0,744.4246857490218,-136.64360152626543,-0.0,-1728.5842899434908,-343.7030856508489,-2130.116394887931,-0.0,-1742.8814908158488,-686.053202580631,-208.58130762567743,-12.970940667297098,-36.01641559496809,-0.0,-0.0,-810.4632994367624,-1342.260858185148,-0.0,-637.1046020290602,-0.0,-390.92353364947974,-587.1515890451383,-0.0,139.4100290557832,727.5934978480824,835.298138007048,900.9489856184592,886.7260493044475,818.9002606700471,-0.0,-0.0,-0.0,-0.0,-0.0,76.38106480805624,-0.0,-0.0,-666.3499611440529,-172.0830232671045,-483.6330868947382,-83.82547941422355,-0.0,-1172.4873074669003,-1570.3693149524904,-2157.303881858536,-253.81166496853976,-206.82731481232824,-0.0,-0.0,-642.058974183785,-0.0,-0.0,-0.0,-0.0,-2839.5743638685854,-0.0,-43.43560993606162,911.5627846871229,-0.0,-1083.104753046908,-638.4437635481028,1540.9749372461076,-1024.711734007095,-0.0,-3094.6907488680486,-2378.172837063559,-207.2679150106487,-835.5843214306041,-1279.3281565607322,-563.7290756093349,1243.7509379599196,-87.87853619041485,-617.5728068249753,-0.0,-0.0,-498.12529865355646,-0.0,-910.7834346470697,-0.0,-473.7227112141731,-39.27359394083221,-0.0,-0.0,-1206.9461691971153,-0.0,-0.0,-587.1039522110672,-1237.400805558671,-2138.146821845467,-0.0,-0.0,-0.0,-1904.4009744511309,-0.0,-1085.2357244150403,21.01334749055777,-0.0,-0.0,-1203.2936254799733,-1053.8382494246391,-1294.6099333596958,-428.35652243257147,-0.0,-1432.3226729708274,-296.859858018093,-0.0,-0.0,4.307931688248495,-41.52485050522631,-4708.278084392776,-0.0,-127.65300568558762,-28.49094667342071,446.872016419837,-80.93996128661477,-1052.392208876555,-963.6118809427256,-488.56188166381617,-0.0,-0.0,-1959.0478014621008,-0.0,-0.0,-0.0,-0.0,-0.0,-0.0,-0.0,-152.48511669902257,-0.0,-0.0,-1908.8526067669848,-7093.4597688620925,-137.20600339811827,39.165166259756006,-397.15851174735775,-737.6314174904443,-121.32065821226276,-4403.208886992809,-246.91847311686365,-323.9961902019056,-0.0,-0.0,-0.0,-1786.708816407181,-0.0,-39.32864112173815,-0.0,-0.0,-0.0,-488.31670851494397,-12.373246229795138,-253.55217600285457,-1341.1768192210752,-671.8610539315309,-74.31406308624048,-2547.2610358341776,-0.0,-84.41480296543612,-2380.365988152008,-0.0,-1356.0463145814358,-85.50644496697994,-1515.0262117577936,-0.0,-0.0,-1083.7312487207794,-693.9922762338186,-36.419516379898255,-972.3502664723571,-953.3868853166094,-748.4681029962004,-162.0098711669652,-800.1951284173518,-763.4957689034095,-2339.751617370571,-991.8269057555391,-0.0,-1602.438123165559,-413.6136575221195,-673.7833019687238,-0.0,-0.0,-1150.214039984859,-2458.944841198865,-950.4583437028909,-0.0,-0.0,-0.0,-3929.4609461287223,-903.3572469060377,-178.43612740433514,-359.1124569441685,-39.72698609948926,-3965.812031454741,-0.0,-0.0,-2464.0893748966373,-901.4937788425755,-0.0,-0.0,-0.0,-82.48452645655621,-0.0,-1940.9022931003117,-1862.9590700411625,-0.0,-365.5654922238964,224.06380020948956,-0.0,-0.0,-0.0,-1143.1353838348718,24.32806863132009,-2598.2666212448016,-679.7786021822968,-1252.8852175680843,-798.390245967596,-3371.998250459756,-1771.1529675896088,235.63031760590835,-0.0,-3100.3586444364814,-0.0,-0.0,-0.0,-1315.0943803417354,-749.1918203085247,-1872.2805651263386,-0.0,-0.0,-869.7920507704811,-1569.7033766428754,-673.894064057791,-540.1641643463568,-0.0,-0.0,-1270.0478995962148,-0.0,-0.0,-0.0,-0.0,-0.0,-0.0,-574.9306662834007,-80.15103144410524,-1615.8980870065816,-0.0,-723.5103957167802,-1281.7687286021905,-36.122162228829914,-0.0,-0.0,-0.0,-0.0,-0.0,-0.0,-0.0,-0.0,-0.0,-0.0,-1298.7635830227728,-1823.8849522589182,-0.0,334.98631895697554,-0.0,-681.6046917398596,-101.55064306232724,-0.0,-906.8492168150868,-410.210171039531,-102.14775425320946,-2001.2042254086525,-517.7329543723289,-2753.150713381263,-178.86290103085756,-2221.418192485154,-1740.4512268395017,-913.288015798214,-4.450727379332581,-0.0,-1208.8774605880096,-2146.6306133124176,-2373.8601241199453,-89.15307493353491,-232.922817797842,-1900.1023909486528,-0.0,-2300.6563640046643,-372.7067147440381,-0.0,-1833.6112163741118,-0.0,-940.854687428625,-0.0,-2886.668501485794,-0.0,-0.0,-81.42639943249505,-1104.16744895379,-510.49389991982423,-0.0,-1402.720169252218,79.27705098679027,331.87332539563124,371.6225392046042,-291.56417800128077,-1743.707934599081,-597.5909798464256,-0.0,-0.0,-5838.308975569997,-1165.1077965369232,-0.0,466.9042905666868,-0.0,-2075.6258305404963,-520.6489003441826,-674.3596528509429,-0.0,-0.0,629.4891579999843,-0.0,-989.2467339997851,-1278.0844724733868,-1936.9788356191327,-0.0,-698.9636034026621,-3011.7285227913526,-999.3596640986746,-0.0,-1412.2815339896115,-149.0498901822564,-1198.9189721182145,-0.0,-893.6061524341749,-0.0,-0.0,-0.0,-907.8127937556933,-0.0,575.4571391767694,-0.0,-378.38145093508297,-778.0074589082224,-481.302184903286,-1148.2847004539626,-589.5170108319547,-2153.794891257835,-1282.3222759319506,-0.0,714.6027682798444,-2475.7880107571755,-1745.8424212761709,-703.4592437855914,-0.0,-0.0,-0.0,-151.93800938317864,-1255.932509283467,-306.15825200545515,-976.5798924022486,-2101.5755146028614,-2662.4080326686453,168.81006697542958,885.4061709120556,756.3768642031496,-0.0,-0.0,125.5872635061309,-33.490917203110136,11074.011776748297,10310.49957784581,5409.586125905287,10286.58671915159,11004.804703433176,11328.876900226207,-0.0,-0.0,-0.0,-0.0,-0.0,-1438.8715833999674,-1274.7651094228586,-844.8863800141917,-0.0,-2811.372431639527,-666.1342832707224,-1197.761941314623,-32.33426464773829,-897.4660048065158,-1300.0497690052769,-1095.8686030082658,-1324.2534271332063,-0.0,-2717.458208948801,-1861.113282915159,-810.9867305437823,-126.62014914680611,-3568.7744321046575,-0.0,-249.2920931820422,-0.0,-12.01486141366374,-0.0,-139.75537384338313,-308.0383863409266,-1061.1582053567631,-885.3612962889182,-0.0,-0.0,-0.0,-2452.6675171473735,-0.0,-0.0,-277.54934503333305,-1048.899594572783,-955.9901630660715,-95.98299102448709,-1231.3802487605717,-1998.5735221956843,-353.7820250891818,-0.0,-0.0,-129.14323784651813,-1226.6695669062767,-362.3962437064155,-0.0,-5598.880973442402,258.59181322024483,-0.0,-0.0,-0.0,-32.95099308247613,-443.5237736278121,-0.0,-0.0,-1275.5992051530436,-2145.3616295348656,-1419.449808140583,-417.21172019124697,-421.63073854530074,-438.065396582789,616.3128605080304,-1340.403094725978,-0.0,-566.4914745629998,-2839.5572199790417,-592.9495388118218,-8.327312456819774,-0.0,-5.521059744629826,-0.0,-0.0,-0.0,-1214.5553320285123,-444.2037023080334,-1588.784053866102,-0.0,-0.0,-0.0,-255.4240211842928,-625.6630593919563,-1557.7640895441407,-3453.8062880422626,-355.79657683623583,-218.71876291636278,-0.0,906.443463294236,-0.0,-1252.0729451911666,-176.78442857646968,-0.0,-0.0,1108.3237703966577,-0.0,-1815.3063359070659,-0.0,-0.0,-0.0,-217.28025672569905,-2199.8353721415633,-1847.9048376035842,-31.84933462215901,-2625.0220114310423,-1526.552760664089,-27.023168151952454,-29.137736017775786,-73.94211582508339,-0.0,-0.0,-2122.929591715986,-0.0,-6080.523451090503,-0.0,-1389.9140440900946,-272.6289659053445,161.7626605428018,-0.0,-60.424046404299965,-1336.9391477306256,-1659.320434602396,-591.5435161127199,-34.95566847216015,-265.3271928681476,-0.0,-0.0,-0.0,-0.0,-1179.537173702014,-910.6376914657983,-0.0,-617.5897060717575,-1326.1350300888528,-192.40953053328326,-85.48466397307831,-0.0,-0.0,-0.0,1155.226668909637,-3.9461241528995528,-0.0,-601.7098965683429,-922.0273584783243,-1478.7493539719994,-0.0,-0.0,-2160.3223143339465,-0.0,-0.0,-0.0,-0.0,-705.6232513708718,1047.8103705583796,1169.874967694978,1279.4296725892148,-0.0,-0.0,-0.0,-625.9595335837253,-0.0,-0.0,-394.33184232765376,-655.6093754720935,-0.0,-230.08108133591756,-1414.5304494383026,-1311.1270305474234,-0.0,-0.0,-0.0,-12.379400272471639,-1604.2941997038301,-4.590512178780436,451.22615340822404,-0.0,-1735.0508090704254,-811.0338455921053,-560.0116211015688,-1998.123649625116,94.53631979460687,-309.76798171757827,-19.70432516243965,-453.0919753954421,-392.39208153406173,-1042.8060571748751,-373.52996558506163,924.9145094285298,-1530.8757902340187,-240.89530639196707,-181.22221638050257,-4104.352781986334,-3018.8647570158696,675.9066120076053,-1041.9351457579703,-215.72590583426157,8.91352040347362,-863.7908146248142,-1229.3212765612639,1888.2084461229852,-645.5175200845313,-718.9655106077377,-737.4782036989519,-0.0,-7300.158800230716,-0.0,-493.12280120310777,-925.5538714745271,-657.5034842098004,-988.490957150215,-1215.7050092399738,-0.0,-1100.9134139627708,-173.46341451762717,-89.44112960780281,-6685.932744098958,628.9393249882063,-210.79742439190795,-0.0,-583.7760714903864,-1347.7468624636729,-0.0,-0.0,-499.0861379902209,-1619.194916403375,-89.47663636391432,-240.89775166012495,-287.7075291157536,-1133.9952397754694,-0.0,-0.0,55.53619936750743,-0.0,-0.0,-1869.2036142799107,-0.0,-1782.4174775615413,-935.517156686598,-1276.1722048813247,-0.0,-0.0,-523.4499493920115,-923.9530246424134,-146.81394380769754,-0.0,-479.8317071734329,-158.03494573221494,-547.4032585348103,-0.0,-205.8790348075725,-517.1708390646008,-2299.749386114301,-1017.4929429194976,-1746.3961832081043,-0.0,-0.0,-1462.293859841781,-22.28271954383032,-0.0,-0.0,-1193.193309356861,-0.0,-0.0,-0.0,-0.0,-0.0,-0.0,-0.0,-0.0,-0.0,-0.0,-104.80192296000386,-0.0,-0.0,-0.0,-0.0,-0.0,-0.0,-0.0,-0.0,-0.0,-0.0,-0.0,-355.99073557851375,-0.0,-0.0,-0.0,-0.0,-0.0,-0.0,-0.0,-0.0,-0.0,-0.0,-0.0,-0.0,-0.0,-0.0,-0.0,-0.0,-0.0,-0.0,-0.0,-0.0,-0.0,-0.0,-0.0,-0.0,-0.0,-0.0,-0.0,-0.0,-523.8126663117367,-0.0,-0.0,-0.0,-0.0,-0.0,-0.0,-0.0,-0.0,-0.0,-0.0,-0.0,-0.0,-0.0,-0.0,-0.0,-0.0,-0.0,-0.0,-0.0,-0.0,-0.0,-0.0,-0.0,-0.0,-0.0,-0.0,-0.0,-0.0,-0.0,-0.0,-0.0,-0.0,-0.0,-0.0,-0.0,-0.0,-0.0,-0.0,-0.0,-0.0,-0.0,-0.0,-0.0,-1394.8170685460864,-547.9740661752744,-1784.4321418286268,-0.0,-0.0,-0.0,-0.0,-0.0,-0.0,-0.0,-0.0,-0.0,-0.0,-0.0,-0.0,-0.0,-0.0,-0.0,-0.0,-0.0,-0.0,-0.0,-0.0,-0.0,-0.0,580.5026675807703,-0.0,-0.0,-0.0,-0.0,-0.0,-0.0,-0.0,-0.0,-0.0,-0.0,864.6328023248934,-0.0,-0.0,-0.0,-0.0,-0.0,-0.0,-258.63135940718274,-0.0,-0.0,-0.0,-0.0,-0.0,-0.0,-0.0,-0.0,-0.0,-0.0,-0.0,-0.0,-0.0,-0.0,-0.0,-0.0,-0.0,-0.0,-0.0,-0.0,-0.0,-0.0,-0.0,-0.0,-0.0,-0.0,-0.0,-1141.393971355928,-0.0,-0.0,-0.0,-0.0,-0.0,-0.0,-0.0,-0.0,-0.0,-0.0,-0.0,-0.0,-0.0,-0.0,-0.0,-0.0,-0.0,-0.0,-0.0,-0.0,-0.0,-0.0,-0.0,-0.0,-0.0,-0.0,-0.0,-0.0,-0.0,-0.0,-0.0,-0.0,-0.0,-0.0,-0.0,-0.0,-0.0,-0.0,-0.0,-0.0,-0.0,-0.0,-0.0,-0.0,-0.0,-0.0,-0.0,-0.0,-785.0353376456593,-0.0,-0.0,-0.0,-0.0,-0.0,-0.0,-0.0,-0.0,-0.0,-0.0,-0.0,-0.0,-0.0,-0.0,-523.3499755056977,-0.0,-0.0,-258.72944408772224,-0.0,-0.0,-0.0,-0.0,-0.0,-0.0,362.83876186659717,-0.0,825.9832640203113,-0.0,-0.0,-0.0,-0.0,-0.0,-0.0,-0.0,-0.0,-0.0,-0.0,-0.0,-0.0,-0.0,-0.0,-0.0,-0.0,-0.0,-0.0,-0.0,-0.0,-0.0,-0.0,-0.0,-0.0,-0.0,-0.0,-0.0,-0.0,-0.0,-0.0,-0.0,-0.0,-137.06463914978073,-0.0,-0.0,-0.0,-0.0,-0.0,-0.0,-0.0,-0.0,-0.0,-0.0,-0.0,-0.0,-0.0,-0.0,-0.0,-0.0,-0.0,-0.0,-0.0,-0.0,-0.0,-0.0,-0.0,-0.0,-0.0,-904.5381717004799,-0.0,-0.0,-0.0,-0.0,-0.0,-0.0,-0.0,-0.0,-0.0,-0.0,-0.0,-0.0,-0.0,-0.0,-0.0,-0.0,-0.0,-0.0,-0.0,-0.0,-0.0,-0.0,-0.0,-0.0,-0.0,-0.0,-0.0,-0.0,-0.0,-0.0,-0.0,-0.0,-0.0,-0.0,-0.0,1420.329132887448,-0.0,-389.21468793341666,-0.0,-0.0,-0.0,-0.0,-0.0,-0.0,-0.0,-0.0,-0.0,-0.0,-0.0,-0.0,-0.0,-0.0,-0.0,-0.0,-0.0,-0.0,-0.0,-0.0,-0.0,-0.0,-0.0,-0.0,-0.0,-0.0,-0.0,-0.0,-0.0,-0.0,236.29129577676287,-0.0,2243.192121509598,-0.0,-0.0,-0.0,-0.0,-0.0,-0.0,-0.0,-0.0,-0.0,-0.0,-0.0,-0.0,-0.0,-0.0,-0.0,-0.0,-0.0,-0.0,-0.0,-0.0,-0.0,-0.0,-0.0,-0.0,-0.0,-0.0,-0.0,-0.0,-0.0,-0.0,-0.0,-0.0,-0.0,-0.0,-0.0,-0.0,-0.0,-0.0,-2388.5435336871956,-1528.4486925786443,-0.0,-0.0,-0.0,-0.0,-0.0,-0.0,-0.0,-0.0,-0.0,-0.0,-0.0,-0.0,-0.0,-0.0,-0.0,-0.0,-0.0,-0.0,-0.0,-0.0,-0.0,-0.0,-0.0,-0.0,-0.0,-0.0,-0.0,-0.0,-0.0,-0.0,-0.0,-0.0,44.02571897928578,-0.0,-0.0,-0.0,-0.0,-0.0,-0.0,-0.0,-0.0,-0.0,-0.0,-0.0,-0.0,-0.0,-0.0,-0.0,-0.0,-0.0,-0.0,735.5449907981618,-0.0,-0.0,-0.0,-0.0,-0.0,-0.0,-0.0,-0.0,-472.4347093031584,-0.0,-0.0,-0.0,-0.0,-0.0,-0.0,-0.0,-777.2306623474382,-0.0,-0.0,-0.0,-0.0,-0.0,-0.0,-0.0,2326.8726850556363,-0.0,-0.0,-0.0,-0.0,-0.0,-0.0,-0.0,-0.0,-0.0,-0.0,-0.0,-762.7109779113441,-0.0,-0.0,-0.0,-0.0,-0.0,-0.0,-0.0,-0.0,-0.0,-0.0,-0.0,-0.0,-0.0,-0.0,-0.0,-0.0,-0.0,-0.0,-0.0,-0.0,-0.0,-0.0,-0.0,-0.0,-0.0,-0.0,-0.0,-0.0,-0.0,-0.0,-0.0,84.78209322525733,-0.0,-0.0,-0.0,-0.0,-0.0,-0.0,-0.0,-0.0,637.3589512661274,-0.0,-0.0,-0.0,-0.0,-0.0,-0.0,-0.0,-385.39256033218714,-0.0,-0.0,-0.0,-0.0,-0.0,-0.0,-0.0,-0.0,-0.0,-78.06099539306842,-0.0,-0.0,-0.0,-0.0,-0.0,-0.0,-0.0,-0.0,-0.0,-0.0,-0.0,-0.0,-0.0,-0.0,-0.0,-0.0,-0.0,-0.0,-0.0,-0.0,-0.0,-0.0,-0.0,-0.0,-0.0,-0.0,-0.0,-2110.2220297865383,-0.0,-0.0,-0.0,-0.0,-0.0,-78.87570997907322,-0.0,-0.0,-0.0,-0.0,-0.0,-0.0,-0.0,-0.0,-0.0,-0.0,-0.0,-0.0,-0.0,-0.0,-0.0,-0.0,-0.0,-0.0,-0.0,-0.0,-0.0,-0.0,-0.0,-0.0,-0.0,-0.0,-0.0,-0.0,-0.0,-0.0,-0.0,-0.0,-0.0,-0.0,-0.0,-0.0,-0.0,-0.0,-0.0,-0.0,-0.0,-0.0,-0.0,-0.0,-0.0,-0.0,-0.0,-0.0,-0.0,-0.0,-0.0,-0.0,-0.0,-0.0,-0.0,-0.0,-0.0,-0.0,-0.0,-0.0,-0.0,-0.0,-0.0,-0.0,-0.0,-0.0,-0.0,-0.0,-0.0,-0.0,-0.0,-0.0,-0.0,-0.0,-0.0,-1590.8200333702587,-0.0,-0.0,-0.0,-0.0,-0.0,-0.0,-0.0,-0.0,-0.0,-1984.8743266843587,-0.0,-0.0,-0.0,-0.0,-0.0,-0.0,-0.0,-0.0,-0.0,-173.02551943365782,-0.0,-0.0,-0.0,-0.0,-0.0,-0.0,-0.0,-0.0,-0.0,-0.0,-0.0,-0.0,-0.0,-0.0,-0.0,-0.0,-0.0,-0.0,-0.0,-0.0,-0.0,-0.0,-0.0,-0.0,-0.0,443.0579367356412,-0.0,-0.0,-0.0,-0.0,-168.92500345898048,-0.0,-0.0,-0.0,-0.0,-0.0,-0.0,-0.0,-0.0,-0.0,-0.0,-0.0,-0.0,-0.0,-0.0,-0.0,-0.0,-0.0,-0.0,-0.0,-0.0,-0.0,-0.0,-0.0,-0.0,-0.0,-0.0,-0.0,-0.0,-0.0,-0.0,-0.0,-0.0,-0.0,-0.0,-0.0,-0.0,-0.0,-0.0,-0.0,-0.0,-0.0,-0.0,-0.0,-0.0,-0.0,-0.0,-0.0,-0.0,-0.0,-0.0,-0.0,-0.0,-0.0,-0.0,-0.0,-0.0,-0.0,-0.0,-0.0,-0.0,-0.0,-0.0,-0.0,-0.0,-0.0,-0.0,-0.0,-0.0,-0.0,-0.0,-0.0,-0.0,-0.0,-0.0,-0.0,-0.0,-0.0,-0.0,-0.0,-0.0,-0.0,-0.0,-0.0,-0.0,-0.0,-0.0,-0.0,-0.0,-0.0,-0.0,-0.0,-0.0,-0.0,-0.0,-0.0,-0.0,-0.0,-0.0,-0.0,-0.0,-0.0,-0.0,-0.0,-0.0,-0.0,-0.0,-0.0,-0.0,-0.0,-0.0,-0.0,-0.0,-0.0,-0.0,-0.0,-0.0,-0.0,-0.0,-0.0,-0.0,-0.0,-0.0,-0.0,-0.0,-0.0,-0.0,-0.0,-0.0,-0.0,-0.0,-0.0,-0.0,-0.0,-0.0,-0.0,-0.0,-0.0,-0.0,-0.0,-0.0,-5569.22101003056,-54.14227386160516,37524.86791165381,-3760.831043573307,-4682.434416220066,76169.71934466533,-0.0,-6936.359959278477,922.292436380215,2205.660988285352,-25343.369297303194,-0.0,-4899.37852488085,-0.0,-0.0,35267.40549194129,-11621.372977026915,3988.005160007451,6585.630729593296,-4721.163199424421,-28472.70481879261,-9195.7297297436,53.805766175412245,-94.36997387357356,-6455.751256971756,-0.0,-13879.0611275579,-19292.834229471177,16299.20831087427,-602.7791000016797,8.345983701697596,49184.47685578991,-3330.940805066134,-125138.23935737173,-2962.2362037500707,-24049.885754999992,-20025.45724343758,-6657.577232037963,-6451.704297183463,-15536.528258197439,13297.773731783456,-2596.794758029132,-4364.337310315065,-3896.1641691252194,-11825.357740401008,8713.34097291069,39908.08132899594,-1062.8104970659535,73.57318349590972,22594.503157765957,5633.246954051581,-588.9585256936949,15538.03241539982,8720.363065248475,-6075.724677516165,-7712.920082904016,-4083.5738728882156,370.4720184563384,-0.0,-0.0,-282.8171842781501,-8602.701169508011,-3681.7925676306586,-3222.4110976727384,-1843.613308388086,-4880.89113928024,11595.426668257447,3865.9718128421937,-8854.476701472817,21095.461618882313,-21281.176367147247,-36666.809359263745,73083.72182490134,-24251.42223662605,-9797.949215076405,-2316.1373515458804,-3918.572555428254,-6391.539615325537,-4990.451405011983,-34952.871039651895,-0.0,-14373.542046951741,-0.0,3223.1461890422493,-0.0,-0.0,-14920.107969943352,-1286.214645904015,-0.0,-0.0,4235.64378075787,-0.0,-0.0,-0.0,-7422.648173125677,-4862.896742984048,-7847.152497219486,-7778.9764972422645,8260.928936917702,-0.0,-31364.296240683532,49246.681462665256,-0.0,-0.0,-21423.380430103487,-11099.357685133227,198.86612998586733,53.67825925886984,-0.0,57312.74155612424,-0.0,-0.0,-0.0,-0.0,56032.976241931334,-1093.8197069371977,-0.0,-11834.13909583447,-0.0,-6493.544736958814,-1412.3054908060412,-3442.166688875071,-16829.732886854144,13244.530807837387,-1572.1869969539252,-9890.953695986404,-0.0,-0.0,-5317.367155470638,-7349.658853828426,-10991.396964248654,61445.427235667485,-0.0,-189.8730529461672,13680.31156688031,3439.4516168439554,-2093.5778527029124,736.658283762505,5623.279386181797,-3939.6222123753473,-86.51250002349363,-18983.60504188079,469.30420916693043,14331.852511913587,-853.2878342223968,13499.841912796099,53419.94630537576,3280.2095660295317,-71.16223478502302,9947.711434535555,-2199.6911789252977,-8201.02626995618,-10802.766474356364,-15584.096661582347,-0.0,6912.8443318453465,21156.400774717404,22968.878090009646,-10326.1322724329,7851.104566185334,9382.544659134666,-8660.81808850154,17013.50733821797,-15169.973520310245,-0.0,4859.621828826234,-12935.75398567881,-16850.900246745172,-9155.293558384945,27026.47044862375,3379.622174492735,-0.0,-6477.19720416231,-0.0,-2929.274206476825,102.82592559375642,-4288.881268979102,-0.0,218.09619910877103,-260.2209451605265,-23197.991849376784,-13495.128156649054,23344.38656124737,-7332.617470049526,3752.6107601940216,6002.710523989852,-6933.245727822096,-5617.072169211458,-12245.160640300472,-0.0,-2252.1232715715664,-1896.3147833421845,-0.0,1352.4575344463672,-387.39476266467017,-0.0,-0.0,-15515.269381896096,-3790.6274426270406,3153.795029435854,-5144.053110437897,-0.0,-0.0,-0.0,58516.71506871509,21444.526051238598,-0.0,107.45810721636333,12842.790075437206,-0.0,-4584.544407254605,-2563.9247560863287,-0.0,-4620.4625827721475,-9671.118149652595,127202.7502729763,-12802.85148666448,-9281.350188577117,-35585.82730074392,-0.0,1552.5142193342115,3132.294128236677,-10343.265036258861,31538.589435906648,-8610.829817826901,-42046.89831497126,-15077.881562735456,-9717.924511296977,-0.0,1303.045507707038,-5111.499131636654,25412.655815664253,-164.89136313801095,-453.5545940900788,-11410.676614493363,-9770.919459437138,31372.17182161086,-0.0,-2263.685832108477,741.663033531944,-0.0,-0.0,-0.0,-0.0,-0.0,-0.0,-0.0,-0.0,-0.0,-0.0,-0.0,-0.0,-0.0,-0.0,-2243.131633481963,-0.0,-0.0,3611.651891584009,-15451.886430741686,-733.9347469848615,-10908.094276365215,26309.16720761488,8537.74696236951,-4121.000197433357,3623.2337604171403,46511.25832446915,-0.0,-0.0,-4423.926881131892,3391.917222707636,-7146.586653161637,-8872.625368027017,-0.0,-38.966546039670284,10560.798025233513,-4777.240913325965,-2837.0585171090647,3825.3384577531683,-26499.328507132563,32097.81255122424,-6066.44904696516,-1060.3254229278682,14340.666755215856,-0.0,-0.0,-0.0,-0.0,-0.0,-0.0,837.2233039398596,48711.572541300266,-10592.423139833421,-11585.073249003992,-9383.563935340944,-0.0,-9548.59091748043,-13725.548266214693,-0.0,-0.0,-0.0,481.6806744045933,440.4005612628891,714.0030331395726,2626.6132901178717,-0.0,4153.071412021053,881.8267217728236,908.1653941970404,874.0493489724674,760.375323235615,2971.3487167441012,1681.499383063277,2857.6897253788347,2571.133453152785,2801.922079912329,3024.594961872793,38413.752903421526,36241.15468265373,42644.781885175835,39668.71148337772,9829.766672163714,8829.802916227261,9072.701896381084,10208.746004913883,4951.151148684166,2103.97866390693,2186.558474109876,2272.9937403589165,2177.6056092701356,2292.59156052222,4799.361991847269,4508.600008143535,1541.322083568689,1291.2027752922772,662.2397802308475,422.953444340593,533.0738773488417,35324.30237544581,34215.144650264905,38210.22478846437,33897.458713433516,59623.29927356109,56388.0741668318,1358.1862481769433,1226.9315926132244,1349.9717413937658,1296.7114415230487,1263.6628816949449,1317.3807251870205,680.1196207005513,59533.8045818319,53087.886519673324,52561.71395590801,2870.6369306055904,2740.8731256153374,2959.0569356726514,-0.0,8588.254293158316,9189.78780931991,39847.136446550736,34627.0607070445,40678.48124194594,61918.828562745395,60635.52007387913,69094.86573163976,59410.767780905524,2847.9671005732985,2454.159334084804,5269.946223144934,-0.0,20255.791790414674,22946.826056702594,-0.0,1604.7670314580625,1561.581972377403,1571.4535421349647,1526.1293247765745,1523.3801343479997,1544.1275821419413,40094.25868791224,40336.27926692565,37552.24199067367,34328.84368030501,1220.8236988809033,1327.0408181100856,-0.0,-0.0,15495.531868825023,38915.54706212821,34027.279455693395,37940.560646161226,41026.21078134532,-0.0,56706.91831888796,52760.64372367312,1078.9836226026557,2395.437244684942,2291.3558695125676,2450.127551385849,2559.178654171056,2589.3182767669814,60462.38055516584,58129.28449357044,-0.0,-0.0,16729.031077294443,1114.9432522858788,37813.951380245795,39657.65633781076,35162.755760300795,36612.56405130616,40072.6864040731,33074.3108274105,-0.0,16635.524585907377,10382.116879503175,-0.0,-0.0,1419.2078204943155,1515.665094342561,782.674514827309,872.3704974284234,450.8943697973279,457.0649084160581,-0.0,1076.6887495442563,1075.1316869566172,1145.7883500342862,1318.1267779848197,-0.0,1681.0676736390153,1638.925417562393,1945.8738327784677,2530.7720433410955,2505.577678366563,2300.1361697560487,809.3113942194108,912.4345959880957,899.6951263874763,1492.088452381925,960.7837822169419,1036.6607116576815,1058.2054025763166,975.2309809394843,8620.553811989632,8613.504160656765,276.66498193588563,272.10673292186186,3662.3478038628386,14853.770681571239,1491.2055914547548,1592.6324442674947,-0.0,-0.0,9108.331878764884,9115.381176788125,8984.395225812694,7854.025752212979,2096.4744010137197,2076.6904953389135,36754.68219994318,33660.450964380645,9846.249834894208,7328.987492120054,-0.0,53318.44301400021,2026.848319852626,2395.899626703298,1082.3407516833656,56974.97901898186,57290.51097230508,60868.08505623756,50517.53326446874,215.69068392055163,59607.648437400814,53996.96489946714,-0.0,-0.0,24665.02499415694,-0.0,1242.4428801545946,1065.0691584664871,1085.2531835590494,2320.650676369551,9817.399515794392,18370.709661967947,1915.4608045045347,1850.0670919114757,25.101461434408606,716.0357435588262,725.5087304836135,17199.553647532088,1500.0933715290284,-0.0,-0.0,-0.0,1088.433250526163,-0.0,1138.5439503548473,-0.0,6373.203614771561,6469.626697978224,5816.60592472852,6017.194677231933,909.6082579736491,-0.0,880.0450240573228,-0.0,-0.0,999.9192560797253,1054.2266891487152,1094.5655263938286,925.4036347047748,818.112007518131,765.4719655163703,1791.4577341835281,1710.8725777941982,1647.3356509725436,-0.0,3158.262576287212,2765.742316435026,3235.8977053095477,3093.6974780860005,4946.572942212732,51249.99982317753,53751.572978153745,10714.168037795207,21816.07373319275,15617.07798405866,18762.69512019903,1730.1611963486607,2084.325846779516,954.996938345923,877.8837322448079,2286.972356614919,-0.0,40137.358263180526,34702.65447334802,1468.7104211308156,1189.2604399292902,1269.872249648349,5678.827457059087,3224.7510060706327,3041.5657121730783,35530.46986343209,33612.77433847841,37386.30231375941,43303.22265509099,-0.0,-0.0,-0.0,2357.9563042254304,2515.4748782293786,2609.3617749061113,9436.033122887791,9021.363153940585,6534.0320589400635,2426.8028731526374,2568.5374160770334
15,-0.0,-0.0,-615.3672791131008,-2134.1095974618606,-541.6491420047676,-513.1595126707131,-101.246045214876,-627.8756298810587,-594.6818914633861,-0.0,-1327.5987112429943,-0.0,-0.0,-2711.246868130527,-0.0,-566.3197353677962,-454.04741175461845,-0.0,-45.55992195173608,-245.01109587291572,-309.74401873387615,-707.3004153833327,-903.7383691464336,-743.53251981305,-2176.6668959032586,-638.2865271785995,-0.0,-41.44994794552371,-2927.3676966997514,-1812.941765600197,-0.0,-0.0,-0.0,-0.0,-0.0,-0.0,114.28003434788957,-209.7072976401245,-1840.714224378848,-1569.8431356348963,-0.0,-0.0,-138.81881291676416,-541.5657644071435,-170.484402627411,-0.0,701.3159043934139,-1838.0745320035865,-405.1409457628496,-0.0,-0.0,-276.3084206830862,-0.0,-11.670515099039877,-2150.4017958027484,-2915.1512054520854,208.81675419982358,-5969.760581588097,-221.56967145513124,-0.0,-1872.6571391881923,-0.0,-689.464154175221,-3096.790966182188,-510.1212260768096,-509.3726024309396,-43.28219145902082,-2193.063475321292,-905.5985479271492,-465.0746448044537,-2891.2021715278725,-0.0,-0.0,-2696.0201401103113,-1038.412900244765,-233.43400394925212,-1797.4579369459323,-0.0,-0.0,-1368.617997624981,-1470.7756284830489,-515.3547728765942,-3562.622543694922,4.069626941553536,-27.291586422056504,-2163.574670351516,-0.0,-625.2330072050017,-1009.0140264700298,-7.722093553579143,-0.0,-1364.0272932841076,-86.8849237115948,-817.0234108450978,-2194.702390530487,-41.79583241534042,-2633.724894307957,-435.2400165453031,-1445.81178524973,-2871.285603035705,-730.7038647360291,692.2129189788851,-566.3217232275497,-0.0,-1425.9852569976142,-2398.225194516855,-4791.3438834673025,-477.2036821698571,-3143.8700325231143,-0.0,-1679.9627785435237,-0.0,-0.0,-561.5800996909392,-0.0,-0.0,-681.931688411398,-84.29168050715948,-1556.4291717746248,-943.035336961837,-842.0236236638099,244.54397563542128,-476.1036941075541,-316.8456893850845,-220.5563405063223,-8.449482290706827,-563.6602393458796,-635.0339199608729,-788.4023020499575,-0.0,-5072.446675467968,130.08922874208858,-112.82289859897416,-4583.607590584789,-0.0,-1082.7647179343592,-66.68711622799673,-0.0,-332.0734888403416,-0.0,-0.0,-878.4620698891637,-0.0,-731.0953161758177,-945.7131245378936,-0.0,-1147.2965121405734,-297.01627273358343,-658.5803093887428,-2221.464375327329,-0.0,-1753.2490432393452,-1234.0415432467244,-0.0,-0.0,-0.0,-0.0,706.0951131845039,-0.0,-1694.6669331031906,-1808.2091920805185,11.754677701503134,-0.0,-0.0,-714.0436467487738,-565.7595862012723,-794.9400653752318,-0.0,-455.17620642918854,-3173.224161004051,-1100.2848065070054,-0.0,-1264.2764107230278,-2597.9503908554507,-0.0,-0.0,-0.0,-0.0,-0.0,-0.0,-525.9642947919427,-643.2834580886793,-246.20792583105825,-209.3012804116087,-1415.8781631550548,-55.226985070370596,-0.0,-0.0,-750.6118030580411,-0.0,-588.8091262054983,-30.380989786995457,-4.502349977390978,6.176818320588202,-0.0,-0.0,-1253.8159939895056,-449.9059288040796,-497.2526515235814,-0.0,-3598.690013695577,-2116.8938090995025,-1093.9623706679818,-0.0,-0.0,-2346.3486895928213,-1550.2987441712864,-695.2019533118873,-89.56823215332759,-1796.2456629248156,-1497.8728827023479,-0.0,-0.0,-1778.8589218942548,-0.0,-836.5378044375251,-1360.7562137074603,-145.23215652720356,-440.96746805276115,-634.1169812782324,-599.4747408943209,-0.0,-1620.7277149349504,-0.0,-3553.5928151648513,-3004.5620621959256,-196.4036486551345,-423.07649471712284,-499.4647207732596,-0.0,-300.8725567809045,-278.9357719545897,-0.0,-1143.3343386833496,-730.6986982586515,-1188.8692690829662,-1670.1630247111466,-984.376688721833,-2279.4682912065377,-2223.395403405049,-2588.014764901803,-2363.7170769834643,-1088.703444296593,-2276.105792754884,-543.6912237491811,-624.8483000852418,-0.0,-1285.359062594632,-1153.386266085792,-1060.4216785956858,-439.6540909394855,-423.00061385190264,-2163.565333057393,-825.0682481196388,-441.280880026715,668.1404853342985,-0.0,1066.2764199011147,-1456.9654256618007,-0.0,-0.0,-0.0,-0.0,-0.0,-0.0,-1368.1614138218242,-2917.7859153116833,-531.0944772897918,-1042.9642125420546,-0.0,-0.0,-1959.1508944978887,-1281.7208529933625,-2228.5091750950382,-0.0,-0.0,-147.32151033582898,-62.265756534545865,-420.9727747051372,-1984.2533418154258,-534.3061682226911,-0.0,-551.647636601964,-724.8259446366459,72.85998621226526,-1272.6000553505332,-1565.0446749404734,-1418.571909194828,-1940.6496560649095,-328.57274629241635,-624.9770314843909,-44.45197050614099,-1846.9124062820074,-0.0,-897.837580564662,-175.22765480660325,-89.90537415235376,-622.4478585794428,-0.0,-2292.870023200452,-136.85207929625898,-725.9202654147809,-1686.0244254987324,-1667.7237768525795,-0.0,-610.2001220017823,-820.6579844588753,-27.17292916032571,-268.09437744631606,-536.1005644206572,-59.39840930218553,727.0942374729783,-1259.3455023731913,-0.0,-992.0130444727339,-1639.6369863752482,-0.0,-527.2973191940607,-0.0,-1645.7526948312986,-0.0,-0.0,-0.0,-1237.6963148441503,-774.0819088756907,-491.29153578749737,-0.0,-1699.7616055942576,-3278.868966067205,-3931.6878614973302,-0.0,-355.77108938237603,-0.0,-301.66106465207423,-122.5770433940109,264.4663586807344,-612.9573055225259,-0.0,-738.7335908456806,-976.7472424806497,-336.27384391324546,-620.4189442253373,-0.0,-470.00389110372333,-976.4157554187644,-578.2544993123113,32.51959764193262,-2425.6015394698293,-0.0,-0.0,-1481.4476869072007,-267.4511887266477,-1462.3619363299267,-101.99801531848838,-136.2913739822629,-231.58843608613066,-651.4833196880725,-1068.2432911271806,-1428.4446522680407,-2217.326293092488,-0.0,-0.0,-427.9343134046141,5261.937263456617,4.592393724016583,-0.0,-0.0,-0.0,-0.0,-2460.1530150531084,-514.4591173026262,-0.0,-1050.0695029973424,-981.7483997374738,-789.9893918674024,-2347.8938436744047,-268.3255060870783,-1238.237520480728,-0.0,-0.0,-2111.8663290873683,-715.0333561370891,-1811.8899404395952,-766.7775460611211,-872.1885040464193,-1943.5735597407254,-234.02868982033013,-1771.2445957998282,-1161.1411247053304,-33.33804390322616,-1083.469484307513,-1192.4921690339163,-242.96263439056455,-236.72131605973098,-2025.5005432663377,-0.0,-498.9043423238719,-296.54906348076076,-32.55512852164472,-845.5203042030489,-225.90757945622278,-1003.3918837942729,-933.0068203016639,-1331.4715474941875,-247.50068995093565,-2670.6541314355704,-60.83965831727243,-637.5923080876659,-0.0,-835.1519904349873,-793.7389967165574,-1019.1567606774736,-1221.0928235735837,15.334806423271578,-429.8150805757346,-2727.613635753011,-838.9258835209388,-403.7260034940369,-1201.1849285980506,184.67081402150234,-0.0,-0.0,-0.0,-0.0,-0.0,-0.0,-11.640666585879657,-182.7368341913269,-2431.324336972959,-5191.952906960239,-518.4604023021182,-1033.891639166128,-146.1843602538675,-561.9369864895168,-1426.1725076660764,-1179.8984361466978,-41.63168790261714,-573.642634761907,-523.9108125648398,-0.0,-100.18761732776905,-1178.9986631556862,-503.3277397133471,-0.0,-1090.3756345854115,-0.0,676.2926848787122,-0.0,-0.0,-0.0,-43.04559099867471,-0.0,-0.0,-1133.5948860889675,-444.34218233085016,-1273.231234335431,-0.0,-0.0,-0.0,-946.6303786339869,-616.207047633114,-1401.612758882082,33.2197201804086,294.92244815358515,-0.0,-0.0,-3271.345279839901,-1303.8868192888049,24.61680284079063,-60.65925008397481,12.269497610727491,-19959.4501727075,-19838.57870413446,-2474.0913225801437,-0.0,-0.0,-0.0,-0.0,-462.8939520990416,-0.0,-0.0,-647.3350284778265,-2403.4058869670394,-2092.1178054931256,-1427.8566818433553,-366.5679542983073,-1951.6172629673151,-33.823182237150796,-1374.4461740865636,1035.1723765187937,-7.822976959264606,-960.8720786746195,4.132907904827357,-0.0,-0.0,-0.0,-0.0,-169.33603627768233,-0.0,-0.0,-0.0,-980.4168076786954,-1571.851852024278,-0.0,-0.0,-273.2289647742889,-2359.9916894281782,-0.0,-1504.5505626052436,-1770.0975441052262,-2164.4346885958907,-0.0,-0.0,-110.66656621951313,-91.68522104950591,-1097.5566128633027,-1605.2140220875424,-594.8787803942877,-1408.4394169881257,-1336.31939142724,-0.0,-0.0,-0.0,-0.0,-457.2223729725373,-273.0298100180391,-0.0,-0.0,-103.87344853232449,247.75938798627203,-0.0,-1333.2517625912571,-1108.9852931492644,-1152.8804498034872,-0.0,-0.0,-683.1232199338244,-1290.9915988120988,-800.7429861790972,-441.77025945253575,-0.0,-2370.255275699232,-2482.739914500825,-0.0,-0.0,-0.0,-0.0,-0.0,-1569.264844533896,-0.0,-2433.6395246156767,-1408.6939911864056,-75.6951282150971,-0.0,-0.0,-0.0,-2913.4248700225603,-1438.7539060755403,-592.1073887970828,-511.3929438645857,-1313.2760146701917,-685.6954413352884,-0.0,-0.0,-748.355722779242,-1483.3739610477294,-75.32932658547426,-507.73937950814826,-0.0,-939.8725880140505,-716.4635376112407,-1950.5264173402647,-0.0,-342.7034879440232,-141.87653418068618,-354.0725001852315,-1576.943862891608,-316.8705605397922,-0.0,-0.0,-0.0,-0.0,121.29285881445041,-158.58666892761588,-957.3475542697875,-1627.462959013789,-1224.7572183805287,-485.85444120829135,-632.127843505068,-6399.162390243637,-893.4408154841827,-583.9440389849325,-0.0,-0.0,-0.0,-302.1680516834896,-431.73475377629353,-1356.8654140593005,-400.58028239386636,-0.0,36.85855606620286,-0.0,-0.0,-0.0,-0.0,-0.0,-0.0,-0.0,-108.54862470107432,1763.3192498280935,-0.0,-1621.412353524653,-757.5990853329181,-456.42880030116123,-1780.754125465619,-0.0,-0.0,-728.5818931332481,-743.7163862296062,-122.37791604517149,-142.0497303391814,-151.24878975985973,-671.3564937947411,-171.86387738630305,-2018.3242167519882,-383.90749804882,-443.74279738220616,-0.0,-0.0,-1611.6653318212798,-3056.2819192099887,30.095364167855138,-560.2336910589778,-392.8012626602133,-991.7694566065667,-1357.0239062325809,-818.2377771736609,-314.1207174197649,-179.05263205416747,-1387.2752861523677,-0.0,-0.0,-0.0,-0.0,-0.0,8540.278738333742,-78.25894561319593,-581.9786488835933,-735.5609245493515,-1169.5212833891221,-1286.134992932896,-1406.6390065326436,-1753.7776317076466,-2024.2748961589855,-478.1931228178905,-0.0,-0.0,-1618.1985304249395,-0.0,-0.0,-334.2423738813766,-2100.573378825442,-1322.5363565966481,-532.1063742528996,-67.6658216335586,-1782.8250074185903,-0.0,-1543.572488395095,-0.0,-0.0,-0.0,-0.0,-0.0,-0.0,-521.1364523070881,-1412.942126231466,-1145.816047111627,-91.08638241597855,-264.4636402247525,-652.9309598726919,57.11203372260196,-0.0,-0.0,-618.2874444332427,-586.9762731848036,-4304.108884146477,-0.0,-1363.8971905207914,278.5515465248564,144.0401831119746,-0.0,137.1679783241713,-213.24440317033324,-159.5424557426021,-489.2015820831214,-0.0,-1896.006752209545,-0.0,-0.0,-1173.1606207882307,-0.0,2612.686481476865,2541.796267136632,2397.722670587542,-0.0,-0.0,-1952.9678540878956,-0.0,-0.0,-373.9408363118244,-999.4445076848034,-798.0238218388155,-975.3864825250427,-1158.545293862701,-0.0,-0.0,-0.0,-0.0,-789.7799539608756,9.231312040953094,-58.47571768866813,-1120.8848671251756,-1078.1348065726522,-403.36691137967944,-1595.454250140676,-0.0,-2258.9454097472217,-1170.9902623882829,-1528.5097887091779,-453.264720995052,-419.263654429056,-0.0,-1389.5714268642782,-775.3952983737424,-948.1044684231435,-2294.9058381415775,-613.5508151826627,1138.6448016620498,512.8901374473043,-354.70684200678164,-1345.674541464328,-0.0,-1880.1950177904328,-3770.822165823889,-478.2430134784149,-520.8672010146737,-0.0,-0.0,-0.0,228.44689114846864,-384.3274874933332,-564.752073498626,-159.99802936281475,-513.1482466263113,-549.4373213138759,-0.0,-468.47400564830673,-1013.7215851256423,-792.7367659726857,-0.0,-1952.7541044416143,-4730.343882541422,-0.0,-0.0,773.28474868667,673.8009268930281,-0.0,-0.0,-700.2011569798804,-1003.4748255557977,-352.9093644112563,-730.0766528262275,-0.0,-0.0,-0.0,-0.0,-0.0,-2908.6223939389834,-465.318112542133,-1759.8167814257117,-1228.1719126676328,-0.0,-463.9016411854456,-434.97021946627956,-0.0,-239.93577848330017,-747.5285472463019,-1291.9045991693058,-4349.549252477207,-84.49117466945937,-0.0,-0.0,368.41977317391667,846.9111443816574,-0.0,-0.0,-409.30665904556423,-0.0,-0.0,-0.0,-2750.3277370813066,-0.0,-581.053410351178,-0.0,-0.0,1853.8431673291757,2323.0142059351806,2215.0619260885164,-0.0,-0.0,-498.4035275851293,924.695114944556,-2802.0831196972445,27.208006544103245,82.77475682031528,-2692.722644127357,-115.9786853359128,-215.89842374239842,-701.6843338464936,1033.7349719589429,3559.977695707426,-3219.091001878688,-0.0,-0.0,-1037.1053100708543,-1775.553392565339,-1283.7007577924594,-255.4052022337032,-46.141442027503835,-0.0,-0.0,-0.0,-0.0,-2138.178876432791,330.12084774115317,-0.0,-3.9144624811031172,-0.0,-1777.735622036691,-2206.9301946652154,204.15834969950023,-0.0,-0.0,-410.38465644746174,-0.0,-1812.6727320669295,-102.68336025395467,-1242.2815094537436,-485.5430619025261,-1274.503692268061,-712.9972880134427,-1231.2197370686258,-742.1514427184258,-0.0,-0.0,-0.0,-125.2412290546767,-0.0,-0.0,-286.5576802079027,-409.36166443568123,-712.8978477844317,-0.0,-1479.1068165389254,-1143.7536461944335,-961.4224993355629,-7.944830083448517,-8.1207608761133,299.7105115971263,43.099956337831465,-0.0,-0.0,-13.37795418638993,-1916.3544641372014,-667.7621800384143,-1039.920147638319,110.77032663535851,-2362.0011810856504,-1969.5167190289046,-1035.1856292501527,-1158.5121448870023,-48.89220076670911,-629.9362708068498,-764.7811480909469,-1364.6261731497957,-2203.835652608857,-0.0,-2205.3946969198487,-164.14592448344027,-0.0,-2705.5613201187657,-2892.9340840841337,-2526.094040439443,1661.1157828940532,-0.0,-1905.215127355411,-248.19224309446372,-1342.7037627702675,-642.7285454863586,-129.08516154273343,-2382.2009864596234,117.21741930622103,1800.245969145968,-0.0,-218.36849230447112,-441.9450731884096,-1174.3349319827241,-1274.4634250059976,-1880.8033154389543,-4407.35517221702,-0.0,-614.2015295549825,-1412.3351254978381,-743.4701529340633,-260.5040545817114,-29.947690074306415,-335.86874025740553,-0.0,-0.0,-0.0,-0.0,-355.4077149884891,-1366.154258931218,-945.9041989413736,-68.9094360157999,-619.7141741463586,172.80684330281252,-0.0,-0.0,-936.9425578636159,-547.6002583925795,-0.0,-2306.0160860216724,-101.86410848764382,-1397.197269487432,-0.0,-218.7058866010902,-212.8244166523748,-0.0,-0.0,-495.4868763909354,-0.0,-0.0,-4442.984240786168,-207.04615640940216,-2688.7474699703453,-0.0,-0.0,-118.0336354608442,-1596.8375726664572,-654.6747997143726,-404.0456275315532,-1590.5858651586968,-0.0,-740.7397114858466,-0.0,-574.2685229551847,-0.0,-0.0,-213.74612045194283,-89.70934028573612,11.978591232175281,-424.55653933517243,-1529.9226941989455,-2259.1383143886915,-0.0,-0.0,-0.0,-26.947151475095477,-403.0857462186218,-0.0,-1747.6436569307614,-3111.0750357858815,-0.0,-0.0,-61.12493241086857,-1737.8852678323585,126.41753748204108,-0.0,-0.0,-0.0,-0.0,-505.43430270149673,-2279.5704028246487,-220.26419337052394,-1475.4280719275798,-0.0,-0.0,-695.7662604199869,-511.86485889842805,-365.95468297154343,39.877666198483205,-0.0,-0.0,-0.0,-905.263555890898,-702.7400703550438,-543.4925844157106,-344.0486391465614,-0.0,-0.0,-0.0,-0.0,-2498.1672242136697,-88.8388670320257,-25.360166810369773,-0.0,-0.0,-721.9179644923074,-391.35916496645046,-0.0,-2031.4026883423699,-4812.20327022712,113.2221390106888,-1261.5017308399933,-0.0,-0.0,67.14832624344567,-538.812987589153,-1960.6419626923619,-553.6560559738613,-3107.066565620507,-1349.553325303463,-818.0958016321831,-1533.7521518880928,-0.0,-0.0,-0.0,-39.242866770462015,-1344.1353509437233,-0.0,-0.0,-3227.7637678100323,-86.20528269055276,-1498.0041117656212,-831.0959072213701,-0.0,-0.0,-0.0,-0.0,-0.0,-0.0,-755.885083914651,-0.0,-1687.7503696412357,-0.0,73.35084545607099,-1414.0782473621562,-0.0,-0.0,-0.0,-2379.2165931285444,-0.0,-0.0,-546.7986320093594,-0.0,-0.0,-1118.0923345896472,-616.3959870406848,-0.0,-0.0,-192.7697888974888,-2103.4914218119015,-0.0,-1180.8584754349313,-908.2543304787221,901.7481738162076,-202.5280746537648,-0.0,-604.4292953303866,-2.3725917235596974,-0.0,-23.460201694615666,-0.0,-385.9746145526272,-0.0,-0.0,-0.0,-0.0,665.2673340843702,709.4494365123273,-950.5094752977152,-1703.027130996964,-0.0,82.87446734822997,-4.2743700937927755,-89.68271642546841,-988.4149476326263,133.50256216832148,-575.0854563459501,-435.46599776760115,-199.07341135450253,-3595.1068669587007,-0.0,-247.81174912569637,-1905.9902622192944,-2664.105081842984,-0.0,-1208.155131620925,-1828.7370849892063,-2220.690810032371,-797.9594977843584,-0.0,-974.5853417310299,-779.9856935764454,-849.543174811621,-1329.5984776104876,-1057.5076825287824,-0.0,-134.11643206122108,-1429.54088667965,-0.0,1270.865102696877,-413.85158157250487,703.7369857166524,-0.0,-0.0,-104.829636417852,-46.18700709086402,-2560.315029927004,-985.2701894890707,-0.0,-1045.2203184059042,-3363.588341164361,-979.4372336349244,-928.1249667228213,-1256.9133762511929,-425.680690876426,12.058651098183379,-43.06074966559258,-0.0,-0.0,-1036.8280299974037,-81.2352636144617,-0.0,-0.0,-2079.8131186452706,-729.3950898684782,-660.4301120368845,-2062.0392486381975,-103.03426955841434,-19.13734350460258,-2779.403165236403,-959.4387878451088,-663.6306570741472,-1118.7376767213818,-0.0,-2357.890686012452,-470.03155452477466,-1394.4991546637823,-1738.8189959596723,-411.0132880160286,-568.6107068007612,-1843.6749498821216,-507.572824566132,-0.0,-0.0,-0.0,-1444.0392085260119,-0.0,-3644.3334933004894,-1272.7901789629802,-1595.2868829669083,-0.0,-0.0,-0.0,-0.0,-0.0,-142.49050517133824,-0.0,-259.96039395634426,-1011.4048155623714,-397.6252021925865,-0.0,-0.0,11.587934151246127,-0.0,-0.0,43.747061000116645,-311.12872850266155,-0.0,-583.4233355891043,-0.0,-0.0,-90.26426651316898,-12.445246511286166,-2760.1142774671116,-2395.902621785725,47.46344457222046,-6803.5509534002385,-968.5297187320036,-622.7106061673175,-0.0,-834.8609028109132,-1478.8568501846341,-0.0,-0.0,-0.0,30.82011418249375,-0.0,-1521.0135267565083,-0.0,-1520.297766800335,-0.0,-0.0,-2517.049601673406,-395.7580242430449,-677.488460688187,-0.0,-0.0,-0.0,-0.0,-292.74470056636625,-667.362405030137,1336.9786289050246,1069.5749208922314,-749.1395218418663,-9.186339595285428,-0.0,-316.55122279492565,-344.42036053159654,-1857.4396693604308,-589.5232245988906,-125.34922634312609,-1090.8681738561638,-1515.2588959115658,-985.7362761248388,-652.2150916539663,-0.0,-0.0,-0.0,-76.63768990974656,-0.0,-1812.8993825823836,-708.2022687110122,-0.0,-1925.3613054612053,-1198.0019547829575,-0.0,-0.0,-0.0,-0.0,-0.0,-1081.782763430539,-0.0,-300.16973403927926,-1775.1497823773393,-0.0,-1135.378606516805,-0.0,-0.0,-0.0,-2798.77141275662,-1378.2717124101657,-1030.8445445236434,-2434.390610474581,-0.0,-0.0,-0.0,-86.80853192599048,-534.9299655306547,4.013188040792431,-437.65837314255003,-313.309238550246,-0.0,-0.0,-359.8125387983915,-1624.556105418361,-3687.3148432664925,-0.0,-464.3445118845767,-1301.3567794684104,-447.288766660326,-508.79899770220686,-0.0,-0.0,-0.0,-1880.51847641938,-1828.8945881701331,-42.83959705018928,-1792.8131841696636,-609.0477596535522,-434.63443089602316,-8.16786735422509,-1314.548118480611,-0.0,-2131.208242332768,-0.0,-498.33586926650395,-0.0,96.71088892508001,-0.0,-0.0,-592.0630562729119,-949.021476348778,-8.58023826221546,-0.0,1260.7606594166352,-0.0,-0.0,-1942.2530313957996,-1743.5971201050322,-1154.45085400278,-0.0,-439.08410088230585,-723.2512317851216,-1631.8475746663316,-0.0,-0.0,117.62131080532514,-786.5014017329111,-0.0,-0.0,4.446502011886455,673.5931655951473,11.683693731205613,-1564.6732049068437,-0.0,-0.0,-1763.4994276923421,-1809.644510782488,-86.5920684341826,-0.0,-174.3235868998575,-803.5322921356553,-1071.591789205793,-1830.9903779978972,-0.0,-1003.30257273711,-6.797791533071625,-0.0,-1679.2093385236767,-0.0,-0.0,-0.0,-0.0,-703.4706634045477,4.229822131693888,-16.67470244746402,-0.0,-0.0,-601.1008957421423,-0.0,-0.0,765.333227258354,-1148.2384863857762,-47.844936900387886,-2284.808144153303,-0.0,-0.0,-577.1298671471725,-0.0,-320.1421402534897,-1266.0813283582595,-1099.2922529657087,-1122.0744353429002,-0.0,-0.0,1503.1943262006318,-0.0,911.1083418362452,1007.3149825589328,-41.50806713728898,-839.856554524555,-0.0,-0.0,-118.9618714793734,223.63820341697004,-856.5888765720675,-396.2636381011851,-1229.0310241245054,-2806.024816562803,-2143.019913940869,-0.0,-0.0,-276.6519487110928,-5954.768660193227,-597.7738796098046,-543.8909965842793,-0.0,-0.0,-610.8488071364612,-0.0,-1040.1568239776007,-1493.8568597049818,-697.2667333546243,-0.0,-0.0,-55.563813756600666,-0.0,-165.67467686436066,-1312.7928875081736,32.47820450473523,-741.9220009448915,-490.5316011455551,-261.45939701555807,-736.5756010656426,-2637.2080476503984,-15.801546326937931,-1282.5091572671654,45.391977942358686,-1139.313400270757,-284.04964682710596,-0.0,-0.0,-213.85564881249257,-0.0,-0.0,-1830.9357806719827,-674.7789118041036,-0.0,-812.4186476349462,-600.6967867654292,-0.0,-0.0,-1685.8916672724945,-827.9365099702111,-1544.4661945967778,-1595.044032301002,-0.0,-103.7008653057515,-2993.748000144802,-1013.496694114965,-332.8703524451915,1731.8110345322616,-1826.2487829744905,-1358.408921271837,3.928485792025065,-885.6393485292471,8.23070074279175,-1909.4096249611573,-0.0,-3349.813080274242,-847.3757033282955,-0.0,-1831.8354586853504,-1597.3429645317942,-0.0,-211.70370434263182,-887.6133514713257,-1058.2571550876005,-1630.0292123648258,-808.8423185922367,-493.2011223116891,-611.2600508703549,-0.0,-161.6238895215034,-0.0,-2684.2895688658796,16.829062422859078,-3506.158164620129,-839.6184491675041,-45.39535080870511,-45.1559211589305,-1440.9941163790343,-1003.1954102142432,-0.0,-506.90675282289646,-0.0,-0.0,-696.0386029073031,-0.0,-0.0,-0.0,-0.0,-0.0,-0.0,-0.0,-786.1353035779766,-498.574715315788,-2740.306445602028,-2740.1875989992272,-0.0,-0.0,-1265.7904235716792,-2055.984980151311,-509.0022032507646,-215.73778935874842,24.838687913660422,-0.0,-1425.6292807834445,-0.0,-2599.5950808067028,-0.0,-0.0,-0.0,-0.0,-1939.0950632342579,-244.18026676135207,-545.0590826792155,-1203.092807319845,-1306.632786667091,-1100.3581136368455,-774.4179129541762,-1263.6443811838944,-0.0,-0.0,-0.0,-0.0,-673.8018636527205,-461.3899143391787,-1550.7846907098078,-0.0,-766.1216363748878,-5696.633863616866,-672.3113908979526,-823.9690308150138,-3553.7342490299184,-786.0650016177502,-0.0,-534.6444028170528,-535.7480046965285,-1200.8026124672128,-703.7301687507347,-1645.6721648118303,-1727.2713321454262,-0.0,-0.0,-0.0,-0.0,-1569.9601516097518,9164.783287077205,6811.1640341630955,-0.0,-0.0,-0.0,-0.0,-2220.8724829216444,-1035.8581323620742,-77.1988646597471,-1591.3475028774815,-800.6728926720248,-0.0,-0.0,-0.0,-0.0,-802.3357280812605,-0.0,-1812.7487779929095,-275.781833967017,-0.0,-0.0,-0.0,-0.0,-116.11183766752752,-504.1449391821767,-449.2188189978355,-910.0101429463634,-1013.8493530242939,-1211.1170295198237,-994.4235366632744,-337.7641002404343,-1471.6237543864645,-1749.7250339874042,-1219.0581308292676,-1738.4779345617412,-39.78079294068443,-1324.0400402032506,-1005.872299897044,-939.7606568450179,-1602.4545303771936,-325.0734049677398,-2731.897323611564,-1771.6208765453916,-1917.6398985085275,-643.6698901393703,-550.4073839514001,-1267.3378694942494,-0.0,-1022.9217373973859,-0.0,-3414.4182396857686,-949.5420405212881,-338.505616700742,-1721.7169612822374,-1585.059317602518,-1196.214230768106,-0.0,-0.0,-0.0,-0.0,-869.5202111874966,-3309.4827272628845,-1798.1505156915239,-0.0,-0.0,-1063.114372690159,-0.0,-0.0,-1182.444768120202,-486.96062410225767,-993.5575491133708,-555.9446981101635,561.0312914560378,-1189.716810217979,-667.3024389187088,-1788.6675427550017,-0.0,1394.0369536312608,-0.0,-0.0,-1080.894207680823,-5317.997321509256,-0.0,1538.9476913981218,354.13612489732634,-785.9129887017667,-244.90161486992199,-0.0,-1819.476847202432,-1072.4514143788044,-2444.2814956309026,-2130.5339518666774,-380.5379598429138,-0.0,-537.0735821204044,-197.90272687799418,-0.0,-1237.4071869928587,-0.0,-1862.3539881917832,-2633.9492662374714,70.51160099239901,-2437.9637890817594,-2042.8046587071042,-0.0,-553.9696536047031,-1407.409198132819,-2361.1805387366976,-0.0,-429.07859241542604,-2586.448600145146,-973.8411565917463,-857.4864518947792,-1006.1002205852366,-438.1727714831293,-913.8383414741409,-1575.1026630114186,-0.0,-1017.2643784254708,114.15818145714684,-1275.795632282174,-0.0,-529.2988763904953,104.53791813523485,-1099.150030263623,-670.5298635915987,-0.0,-553.5570144997217,-430.73543165480896,-1890.2768152722165,-1206.289932724594,-1743.5898183019435,-920.384835747619,-730.2667811529836,-1049.7762667182976,-2035.3206287112291,-23.88550633743314,-0.0,-500.9239016108463,-705.8418909213734,-1371.5887471368485,-2162.3912523628874,-354.98482300098544,-726.7115961629786,69.6525988241067,-969.4480921747218,-1228.8543380852445,-946.3394067418487,-0.0,-936.1560812740663,-60.19720115566753,-2518.126166028638,-0.0,-468.0988956669374,-932.458742910946,-534.6704426943986,-2588.8915921467674,-189.18073129014275,-1659.200134093793,-784.8666534547294,-2556.6733298484583,-0.0,331.792826527042,-0.0,-0.0,-332.94325920859734,-0.0,-0.0,-3950.016439635119,-32.18834560706369,-43.45775729793745,96.43902009266642,-1446.868294965301,-0.0,-0.0,-0.0,-0.0,-0.0,-32.27982463687197,-0.0,-355.68464235083485,-0.0,-345.3723938954878,-1726.0134507387388,567.5920745781215,-2866.233991240048,-0.0,-0.0,-0.0,-0.0,-0.0,-0.0,-0.0,-0.0,-0.0,-2878.0101128492715,-0.0,-2955.1886830224944,-3054.6014193698666,-39.333814958352974,-0.0,-0.0,-0.0,-0.0,-919.8269190273732,-1127.1015009882256,-0.0,156.7515933300203,-654.7787908812146,-2133.072603448993,-684.1598882940964,-0.0,-596.6473308002915,-1033.312077095256,-0.0,-0.0,-672.905877760017,-845.7705123451116,677.463934765989,-538.0245921341997,28.400414114748077,30.10961265244878,-0.0,-0.0,-0.0,1804.6198531457496,1413.5415467567739,1545.6197881453058,-0.0,-0.0,-0.0,-803.1982820173732,-0.0,-0.0,-921.1943541600584,-78.60954791756654,-438.0365581248283,-60.48526886176477,-1155.0606404543346,-806.5096595134613,-1372.2885401976146,-136.1904958151166,-280.8902099389125,-1207.4976512856222,-0.0,-2421.218693047017,-16.06220400122833,-964.593604249878,-883.9169824146857,-17.64667056477732,-0.0,-1252.7404156923842,64.87939633253389,-0.0,-0.0,-0.0,-0.0,-0.0,-1511.8182095245609,-3690.49748339257,-0.0,-702.4283668703981,-65.04080494841621,-0.0,-0.0,-0.0,-486.25938879574716,-27.064886556817882,-0.0,-1328.7133173271861,-722.5995025310043,-0.0,-0.0,-569.2620234501194,-0.0,-0.0,-1756.5394035387915,-1554.8365577263512,-0.0,-899.1342684486568,-2159.686521779875,-84.32789392663422,-0.0,-0.0,-276.7253236196177,-853.7331966109858,-255.97197220216657,-195.16429442686405,-152.40152930201626,-0.0,-0.0,-0.0,-1290.7818765341444,-1119.5363992041634,-2290.9847524083852,-302.1954460929557,-1403.072680770646,-114.71318601088885,-178.87494150192495,-527.9793955858835,-1956.7953617312824,-0.0,-0.0,-1644.8529079196671,-1840.952688942471,-0.0,-0.0,-0.0,-639.4341073210045,-2081.1997474553727,-3586.8309361389734,-0.0,56.78850027797,-200.01875900127817,-689.609732435022,-635.5189154107334,-2110.9408003650533,-0.0,-1622.5572910149565,54.50908794494333,9.019567381924512,-281.1565108881271,-0.0,80.77806365285578,-293.716886541298,-489.0865421644505,8.779623390622627,-0.0,-0.0,-796.5785880564832,-12.3647165465626,-0.0,-1451.424133774361,-996.9375012579275,-1281.2499455118336,-864.1681430238111,-1332.2789106556927,-1622.0190789213848,-0.0,-0.0,-0.0,-0.0,-0.0,-394.54003818337657,-657.8733876843285,-1288.7846105154592,-1384.8258871204935,786.8397811326016,-1582.7828496186294,1762.4600243294713,-0.0,-2268.9555818997505,-1777.9480328618843,-844.5091299111931,-33.252591115765654,-115.112515353741,-2329.369631382695,-232.36220806364773,-0.0,153.3016141619424,-1009.242978226257,-0.0,-0.0,-593.0663628863151,-401.954106456843,-447.6145883539774,-1279.5456802625397,-1671.5366747500525,-0.0,-1592.5096398075182,-1325.3574268374732,-4845.654064231086,672.2524928476496,567.4858547881327,741.8131034070213,677.3333171195292,-0.0,-0.0,-0.0,-0.0,-0.0,-0.0,-0.0,-0.0,-615.3876482786161,-0.0,-50.619962039075894,-45.81815838084527,-0.0,-1161.8583725716899,-1388.3415518906154,-2043.4360267445481,-0.0,-0.0,-0.0,66.16570370547207,-3428.4719115343905,-665.8255020661048,-2887.603913794652,-1860.0218703676026,-0.0,-0.0,-172.17709913229208,-1348.4124688295185,-0.0,-2382.6987610789324,-731.7581099758735,-0.0,-0.0,-0.0,-2240.4450621704505,-0.0,-0.0,-0.0,-0.0,-0.0,376.4795217311198,-0.0,-0.0,-0.0,-1011.6453514064192,-0.0,-0.0,-0.0,-0.0,-0.0,-0.0,-0.0,-536.3555702272268,-1060.2440605648603,-1439.19094870894,-1669.6485845590253,-601.5350891220512,-1175.1448958592987,-36.381887870421544,-0.0,-671.7321009702798,-48.58696477817746,-0.0,-0.0,-0.0,-0.0,-862.242969967312,-0.0,-575.6454152672936,-1391.2528575323377,840.2364589884284,684.8368733419408,846.5875960319606,740.3315246783277,769.820778625941,-0.0,-0.0,-0.0,-0.0,-0.0,-0.0,-440.21610752402285,-0.0,2211.897498085374,1036.4402935377882,1216.9637337270642,-0.0,-0.0,-1379.8994706910248,82.84238035050001,-63.21292112120983,-2373.8873517272623,-0.0,-1772.674614049678,-0.0,-0.0,-0.0,-0.0,-597.0371873270132,-0.0,-622.6432099889768,-619.1826537777978,-355.5123699467654,-0.0,-15.243600664682837,-0.0,-856.5499135460146,-0.0,-2433.5021460648722,-589.0265532979857,1749.499611659133,-2202.165743674691,-901.9652172371024,-77.17704442407839,-884.3850410748777,-0.0,-583.1829049820874,-81.49351794552669,-2473.7553415466505,573.9875981240178,97.27887041527946,618.6435214783679,1267.4577238013935,-0.0,-287.1847211072962,-27.057936965323943,-1273.9396965170222,-1070.0247665081204,-1514.3243150410042,-1866.308272948063,-0.0,770.0029513572564,-0.0,-424.42487831771757,-2825.5004361291776,-1259.4088865151555,-0.0,-1507.1449182607892,-438.790483373492,-636.6771447295266,-699.6300000768161,-325.0818839427289,-1428.72099332268,-0.0,-2036.3097388803635,-466.1662905444911,-1484.6069645327323,-353.85262097831406,-0.0,-0.0,-0.0,-0.0,-1257.550936314004,1126.6276819003983,-1087.8591884514826,-742.5837660240289,-0.0,30.842347293513487,-0.0,-0.0,-846.3360354331535,-704.3790471224895,-734.4888485863129,-740.448472617874,-0.0,-0.0,305.5923023906501,279.3579600152809,620.2618344852456,-0.0,-613.7379709739349,-1936.1283188376444,-1314.954746340878,-4.356139793527928,-1635.390438625069,-0.0,-0.0,-0.0,-585.1114312133499,-1011.0027701383867,-0.0,-1433.505679781566,-0.0,-2908.8423893613676,-3970.7970388579984,-0.0,-22.97689266100695,-0.0,-807.542721412947,-0.0,-0.0,-0.0,-2150.0611990864336,-1052.3618094696328,-626.4194273804319,-818.8358837449448,-0.0,-0.0,-2365.966887963843,-0.0,-599.1673269642183,1089.3805464988789,-1075.5466977584988,-830.4320674698621,-632.9968108705116,135.84752634486534,-0.0,-0.0,-1367.2787975775345,-0.0,-746.967953305802,-76.60157712840055,-400.51310150226794,-327.2930556953455,-0.0,-0.0,-229.7301587851076,-698.8808964685727,-1084.5594352337994,-587.1957042359247,-1096.1360429649628,11.801546673577636,-0.0,-136.3727015940059,-1950.4405489787569,-1264.2281704905815,-0.0,-0.0,-0.0,-601.9881251928181,-613.6026979490566,-1399.9960189940987,-0.0,-0.0,-0.0,-0.0,-0.0,-1548.6187433396806,-734.1915143328666,-0.0,-573.2152573922219,-0.0,-18393.379738954485,-812.7447517538982,-126.55887853022001,-722.8880287399595,-0.0,76.10580255098756,-1220.5302562679508,-2534.7737931108313,-0.0,-0.0,-0.0,-782.0642142652081,-488.3570443428975,-1031.7756667485505,-974.4217680825082,-549.7674310636214,-0.0,-0.0,-1687.9940739998037,-579.6283433805513,-2399.84911331511,535.4935706830748,-2194.1794751473144,-0.0,-0.0,1798.445244521648,-1595.095012890397,-0.0,-223.0224161448717,-385.3567858285671,-670.9816474701262,29.44235484559027,-782.0805495030409,-0.0,-0.0,-1236.995894787309,-1471.1968634105617,-3006.9426765062044,-0.0,-0.0,-2319.110294556886,-829.3959947585081,-889.2843278458329,-2404.2700105125405,-1613.8661525343111,-0.0,-0.0,-1159.0567000677531,-0.0,-78.36496032588424,-1597.4136182011398,-1721.5736119394705,-0.0,210.9671585027842,-770.6221615432398,640.8410597793034,-250.06635871342172,-254.29752974769994,-0.0,-471.5022643521373,267.6542553957416,342.3025522055005,-399.71692160185836,-2507.313826037016,-1972.0634304254334,-85.596931966693,-5012.971239581195,-670.9228655583662,-1157.6384114128628,-50.135729916154716,-3622.285964851306,-350.19778279497996,-688.6309069124771,-277.4208672816992,-1921.457606038161,-1102.1083944869454,-3319.7067229495547,-5724.972475174471,-85.7936335073868,-703.9047071714124,-1546.2443990535312,-1259.722136776817,-0.0,-3400.397350503959,-0.0,-303.7420550837302,-1788.9653254385705,-1259.5387141037263,-0.0,-0.0,-928.1771916144124,-258.5393023273567,-0.0,-1478.2084220386707,-0.0,-774.9751019739791,508.63488671661554,-2344.378041047118,-492.5236156424417,24.31773865437203,-13.591673043205974,-0.0,-2099.8345142778667,-598.9628596253046,-0.0,-141.3385318771808,-0.0,85.29909683578687,-167.4147699494492,-0.0,-419.3998834013247,-1425.2681299430262,-452.2008168541902,-924.1277593577312,-2007.598947859744,-0.0,-3784.0121384999607,-1791.245418744617,-2887.7090238743995,-2397.9711586250364,-87.07689205298931,-244.55404751219095,-589.0655435036299,-1379.6350688916702,-0.0,-0.0,-1211.7361571542594,-190.2687398182643,-0.0,-86.77055888405371,86.8143603679547,-2292.25358086581,-0.0,-0.0,-1200.8848131572695,-0.0,-91.22800514053718,-0.0,-53.679660334060706,-161.43515041693692,-0.0,-406.39478681395735,5573.214659551344,-0.0,-0.0,-2718.9477886861214,-715.1840378917578,-237.91404162871834,-0.0,-0.0,-0.0,-591.8462139471524,-2139.0701023626752,-0.0,-0.0,-0.0,-2104.6316095612397,-0.0,-0.0,-0.0,-1545.3670596234474,-808.3472727738481,-306.68913867987493,-436.74274917616685,27.040223077623175,-695.2824128222192,-397.3663347405503,-199.19833188686664,-2446.4806625880597,-0.0,-0.0,-1247.4856763904745,-836.6994795988556,-2622.323105540235,-0.0,-0.0,-2399.03039837023,-704.4214856191168,-1348.0907264762088,-388.79024768854634,-672.2035946261868,-2039.6079700491923,-813.7766385135133,-80.42594375243024,-900.3450188064578,-2215.126668820673,-1590.8223105532588,-1314.0636795496416,-0.0,-574.0968737810716,-0.0,-1845.0032129208614,-391.33480153914,-204.5910087704054,-730.9790512097156,-745.3231290843372,-12.211990596946881,-0.0,-1116.0154284752464,-592.2388705856695,-46.20182833660788,1493.6018294728462,-78.61546620994488,-0.0,-736.2601923906386,-519.5218661597441,-0.0,-770.2227751500307,-1635.6767778776502,-0.0,-0.0,-0.0,-0.0,-453.5208406825904,-913.4745537521254,-359.85291299967827,-504.49372578390694,-365.0159304201791,-1670.735647103629,-759.5604709479309,-1302.5202110445964,-2691.3763932644774,-1821.8928824113011,-0.0,1021.7816474848188,976.3401570934438,607.663563751973,820.8792886273689,425.3194513477811,-0.0,-0.0,-0.0,-0.0,-0.0,-0.0,-0.0,-0.0,-57.622387523864084,-881.0564654223219,-513.5854862331423,-279.4314173657869,-1117.2056919790364,-106.06533895374262,-363.6541347172879,-1190.5622540065199,-276.55908011344053,-1992.7181216346341,-846.7976531616223,-78.85118248776187,-399.0040396347766,-27.261583439688625,-0.0,-549.1840665371124,-164.62633207894527,-243.0874219519651,-790.6411181076252,-302.5786261725442,-1660.1374737204774,-321.6322345095508,-0.0,-0.0,-2066.205917508332,-532.4333546623911,-354.4056569775029,-513.0794238863947,-1017.8191178986098,-421.72183447499174,-398.0091262028697,-0.0,-704.6336306988994,-803.2660767649895,-716.3564846132427,325.46945100101055,-1428.3884470574694,-2054.3228298103018,-196.71480834053546,-755.7087687005965,-767.9074081537461,-13.032227724635915,-0.0,567.3026126841512,-847.5358950506352,-35.48846855321377,-1995.9704841660216,-0.0,-0.0,-1171.122660096695,-471.1341454941361,-0.0,-551.9310847678192,-682.8454437967655,-834.1732900082964,-0.0,-722.9821692478206,-524.5976875222,-2222.622934998771,-4396.817596609656,-408.5645534465373,-0.0,-92.40753809231852,-428.8403953969134,-1667.4844921175973,-231.91474915505202,-585.0500763786811,-771.2217548203122,-721.8915702162324,-343.925850624505,-0.0,-0.0,-1658.3410341239105,-121.92568303171815,-446.34904794365747,-749.6076482473942,-1254.8538558103771,-2613.6673343769844,-0.0,-557.940204491265,-0.0,-0.0,-0.0,-0.0,-0.0,-30.061408885301635,-168.5499121118554,-366.60438132428965,-0.0,-0.0,-0.0,-0.0,-0.0,-0.0,-1011.5411812637706,-2086.0750449300494,-395.4031385806577,-558.2176201311092,-39.33657471916619,-0.0,-0.0,-400.22270638010144,-0.0,-0.0,-129.95117959532078,-2981.964818336313,-0.0,-0.0,-1597.0226715949382,-592.0466546895525,-1049.922539419801,-1099.123610820761,-651.6047058563697,-0.0,-0.0,-1201.8140334703742,-1958.5795111440211,-910.8565317417251,-0.0,-1112.2050068621984,-0.0,-387.4809447658657,-779.8369159085942,-0.0,-719.2099455099503,-1933.227007637545,-0.0,-1792.9478105798376,-182.25916746633655,-553.3205037052778,-1356.5467431252819,-195.0700115537619,-1260.309904082657,-0.0,-1117.8565297310952,-27.635673840180026,-2002.8792813646621,-1946.382874461052,-0.0,-0.0,-0.0,-0.0,-727.8882049106261,-769.7428099613961,-0.0,27.190620831750117,-379.8945680530323,-793.24699663273,-2225.186001968159,-2375.0565986812344,-392.3812713691932,-0.0,-1318.5941212399835,-770.2780338380026,-1964.222221772186,146.03974414545877,-0.0,-3751.298885463999,-659.6846539625217,-0.0,-478.8542854327797,-1579.468859495725,-0.0,-0.0,-546.0457751422166,-1325.6141363425647,-0.0,-1019.8284310416118,-1320.1502757996645,-41.86672797907261,-84.75974756095984,-541.1535910895302,-0.0,-1491.059233672473,-2634.5774688721276,-1239.999996199294,-165.6887726556167,-2128.0350352784267,125.61043307634226,-957.0606345410202,-554.0048770268601,139.56845977136226,-883.9333028912799,-1496.0928724896341,-846.431058428251,-1542.872716479089,-459.01864641004175,-605.2413775864616,-719.3756133933689,-1692.7991626408616,-0.0,-0.0,-1879.3027397449644,-337.4247086954272,-0.0,-1517.8170291811186,-1192.668731681978,-0.0,-2953.338019979772,-565.2367532169845,-0.0,-723.791430911043,-0.0,-0.0,-1156.3465079885336,-1218.7435631433148,-0.0,-0.0,-0.0,-880.7063336430188,-4.609898195543817,20.145536256035765,-254.0400238576207,-0.0,-2136.9544710751147,-1687.0563430072016,-573.6361519186529,-2122.8301267349907,-0.0,-57.587210412574514,-904.111178805256,-0.0,-435.32317486400814,87.10980334432433,-1505.1951415284486,-991.0589797863344,-723.3233366801636,-1274.3801814277974,-0.0,-0.0,-0.0,-784.8610661824881,-0.0,-417.2471068042657,-959.6982860060638,-215.72736535046022,-1183.8343149796187,-1977.4709008372615,-520.5093144243651,-1929.8374922124315,-0.0,-1149.479876488284,-704.586223182884,-548.3715236531621,-1179.0473707853112,-328.65313817313915,-533.3864880961205,-1344.6615399830016,-0.0,-0.0,269.02539051987145,-2862.909466388695,-1021.6919681803955,-285.9204522482683,-0.0,-322.970436879538,-508.9181348337687,-723.943763785636,-0.0,-0.0,-864.4321294830361,-0.0,-22.917837938611395,126.25556876758415,-134.05440276528626,-2152.9796126652286,524.1052102602955,546.0904554443763,458.88108869421114,610.0409959998674,48.748306727704964,-0.0,-645.0913151546055,-774.5997146041302,-370.75794509003583,-10.149927034296162,-0.0,-0.0,-0.0,-194.47462543455768,-12.552100454146665,-1090.3022977894345,523.3964428279736,2474.720248603207,-0.0,-0.0,-0.0,71.42360218135762,84.83090471747198,-0.0,-3142.9463760735252,-0.0,-0.0,-0.0,-0.0,-0.0,-2288.2911247770003,-286.5310333588404,-0.0,-439.02921830534984,-2053.2504313694817,-171.77372695778578,-334.47901913281567,31.63191167571714,-1936.2575717052014,-3854.272929971926,-1708.5564321142579,-0.0,-0.0,-1676.2339986074178,-1038.8809468930174,-739.2302065562036,-490.88421580792334,-346.748939258402,-997.4835558979657,-1029.1287618875558,-5035.901638343042,-615.0788250331374,158.18549116370926,-793.5766999649975,-942.0782582761038,-662.3265070712977,-653.2279032312349,-7.846570510620239,-1946.6393631745068,-835.3741902410126,-558.1058656254195,-0.0,-0.0,-0.0,-0.0,-256.6082112223349,-1241.4340757247471,-0.0,-1346.9452249514077,-1428.5713925335347,-0.0,-0.0,-1487.76643124153,-0.0,-0.0,-243.6264891854586,58.47950763607712,-0.0,-0.0,-3017.0815895505543,-1177.9674531531396,-114.82131060212548,-1016.6278756558245,-1243.5461417652532,-0.0,-324.87822520581324,-500.60177454286094,-0.0,-1565.9621771764337,-370.9106021202984,-1046.2605849796696,189.2149757576613,-869.4480238337711,-231.50628182124257,-240.4646360327828,-55.981162376452794,-38.878161804536425,-646.2759139206975,-827.6178872864966,-453.86502973061556,-841.19855820218,-0.0,-56.969086308180124,-748.6844105570564,-179.21022051690971,4.320968802299401,-0.0,-1197.5287149153096,24.36943935285807,-1132.7761858164663,-0.0,-0.0,-0.0,-2014.6786857084714,-0.0,-0.0,-88.71711012157701,-0.0,-0.0,-0.0,-0.0,-0.0,-0.0,-673.071446956023,-1416.553537353899,-0.0,-0.0,-0.0,-0.0,-985.8423729448944,-526.5626673777872,-0.0,-0.0,-1914.6594864471301,-0.0,-1392.5648920048056,-2796.41904166618,-0.0,-0.0,-0.0,-545.7201492181288,-0.0,-0.0,-0.0,-1048.1005713493207,-715.5048184666564,-690.2158691038981,-0.0,-0.0,-246.41657010375724,-0.0,-4055.9758964654575,-5833.7156248405,-0.0,15.477600224928313,-0.0,-584.459273023019,-782.459927635997,-1947.1007030661044,-0.0,-0.0,-110.41775439260371,-737.5389341565257,-1431.4394318385746,-695.7108128336045,-414.6835490781948,-0.0,-0.0,-1106.6881801042068,-1137.5180221466526,-47.91200547597691,-0.0,-0.0,-715.7323239230273,-380.7918067114468,-86.6284285549455,-0.0,-0.0,-0.0,-2176.7856546719613,-400.9667574549628,-1353.483345074842,-4373.581102601644,-0.0,-898.2885051461631,-1166.160555691861,-2411.71349456182,-303.7227821011304,-0.0,-0.0,246.23112752189468,-1233.6729419133978,-1716.4223780770544,-512.1264927102632,-134.00614805909103,-27.065003509487543,-1922.8758750977684,-478.91932897990444,-1697.0985313333658,-707.3513397665048,-2416.5559639389685,3.8846406844165506,-979.1716437986198,-796.1102539862229,-2065.621371154865,-0.0,-0.0,-809.5980208008652,-1807.1617482209629,-1888.7350574731552,-1044.1146699553626,-0.0,545.3176128399936,-65.510112166768,-485.6076563705446,-0.0,-23.234903099748575,-0.0,-2900.1701510586317,-61.01837820673855,-0.0,-0.0,-800.1076552464845,-1125.9601402923652,-880.2106801238172,-309.66125311392534,-675.2749889317504,11.951232392499525,227.79353679033161,-834.0127805489824,-27.24191107122546,-1580.1364308438847,-0.0,-1671.7252354693173,-115.6170634226309,-674.2971209751938,-373.0696729611883,-23.51333800377084,-45.102941929735564,-22.79966784394499,-1358.390309894784,-983.3111677244251,-1455.603863590959,-247.02571788202394,-1405.610609502489,4.59896806219363,-0.0,-767.7705605460719,-3040.3888427351485,-0.0,-0.0,-26.72821602006783,-2067.3881735680598,-217.1639461252968,-668.2583405064896,-389.4211568994042,171.57361546523424,-0.0,-0.0,-1255.5624526339402,-0.0,-0.0,-2034.8484780946753,-1734.5367109986366,-941.0876329524831,-837.845010759714,-583.9415227506704,-991.692888472047,-796.4102582397999,-1239.608424437357,-2600.2011934311217,-0.0,-0.0,-0.0,-0.0,-303.42184184312225,-0.0,-2031.9784007123849,-635.3017160814436,-836.5396535219844,-1016.9402782787174,-530.9216220398943,-0.0,-1700.9182599751423,-610.3908609580349,-0.0,-2655.7861802347597,-1471.935595675118,-0.0,-0.0,-2937.810577558509,-2081.08896626503,-411.6497119459599,-830.1046602176963,-0.0,-479.33851354165745,-368.5825438752093,-0.0,-645.2222770531652,-542.0090966874543,-558.5286679196673,-0.0,-0.0,-0.0,-0.0,-439.90192372375657,-1316.3588783917073,-6155.289634092437,-0.0,-0.0,-754.331105175899,-799.6055433628201,-2057.694042417881,-650.019195574693,7.7723951507040185,-550.8288325307187,-0.0,-747.4843101351336,-584.0688736668308,-0.0,-487.0810349360876,-1185.6225176525618,-0.0,-0.0,-0.0,-0.0,-0.0,42.19081870533049,-2223.1709355823946,-0.0,-1293.9895655414155,-927.7177246790864,-4.509180594210135,-2078.8909625875945,-873.1940511526036,-1073.6168959671456,-1342.943521423547,-81.84480957927687,-125.22501960166356,-1268.83883135094,-878.9087267940484,-675.0991534344265,-0.0,-1626.598075119952,-1265.3376558413931,225.63254236898402,-0.0,-614.4371763976951,-818.7020983662869,-971.7562616438089,-79.99458130091419,-0.0,-273.7679967920514,-0.0,-0.0,-2460.8494032551107,-2351.81389814686,-2002.4555935137482,-1665.6072201691306,-0.0,-1098.6912081222044,-2005.565418052546,-0.0,-5458.44368720177,-0.0,-0.0,-0.0,-0.0,-977.1631161284669,-2406.694892964019,-2447.720259965677,-98.44824697224864,-2150.3176068913363,-0.0,-1019.6035896182556,-34.92556735082451,-0.0,-69.26326101027173,-579.488778800009,589.6351445089203,-0.0,-444.0832794149117,-46.54583205278736,-0.0,-1438.9580288659902,-0.0,-2006.908554237045,-158.69513098857252,-0.0,-0.0,-1121.1069449119466,-1860.6266182136546,-1094.745356001605,-1179.1675918417332,-1428.5204119007694,1572.1454737947943,-50.83458330049027,-881.602014548079,-35.372734314205985,-2165.0481998472756,-927.5021104680179,-867.3859781530691,-457.74730545225447,-1688.2053424962405,-1748.4492259931603,-427.29310909683556,-2567.022972721133,-366.8415630589577,-0.0,-0.0,-55.097125723023915,-0.0,-0.0,-0.0,-0.0,-0.0,-0.0,-1539.7300304195583,-643.8617492077958,-1357.348846175502,-909.9655698872663,-0.0,-699.9636909901891,-1390.1489819506817,-1227.8866713233601,-2065.864337531448,-1291.6565497326644,-87.28900204522091,-183.19293119264694,-1095.0131657307315,-1540.7103083412435,-0.0,-0.0,-0.0,-73.46886034541555,-906.5871488823187,-177.2687657265999,-547.7284853577451,-1090.4248102174802,-0.0,-0.0,-0.0,-4112.63680128858,-0.0,-137.09208851197272,-0.0,-231.1212146562616,-1335.540844139529,-1232.6494981038836,-845.0807317599853,-0.0,-43.57090210713338,-634.4354606798571,-686.9694754133793,-563.335890681315,-0.0,-1116.2470366922892,-0.0,-0.0,-3257.2277068354033,-0.0,-1369.9586101465363,-629.6059018091794,-431.4064981371892,-282.7018564415923,-1418.7483766692542,-3093.8306174142785,53.11730230637566,-2057.78240653979,-1864.2413388018567,-535.2471145194684,8.739706777990058,-0.0,1516.8500405358245,1175.8119098681711,1299.3210129475676,-0.0,-0.0,-0.0,-955.9178087458364,-0.0,-309.17533583110196,-228.22865509319806,-0.0,-4118.338443124728,-0.0,-1386.8588055184794,-91.68532841764066,-1123.3681276161758,-528.0847916254443,-1541.385797057067,-1240.1700032327906,-0.0,477.1943545904735,-2739.3692260123844,-1678.4802271748524,-532.8514716993037,-1410.2368814434417,-2014.7242943764315,-0.0,-0.0,-269.61812170572887,-743.547305017329,-2089.4338267781086,-868.4531031434767,-39.87592341563816,-0.0,-0.0,-720.877961229453,-0.0,-0.0,-0.0,-214.56073215544666,-1512.4726681255963,1579.966339672366,-1447.5390731932107,575.6506305209894,-812.0361629972342,-1012.446045492278,-13.665488860199446,-5375.125438245425,-361.2932561251811,-0.0,-69.06161650532614,-2308.01699257227,-1696.635343763654,-0.0,-32.22619366903552,-0.0,-615.908434102493,-28.348911157782887,-2084.6369696192546,-1501.7121537625965,-0.0,-355.473332926119,-0.0,-0.0,-0.0,-764.818274694901,-1100.6774804368201,-423.7491246644881,-1274.5231222079165,-1922.1904722610043,-1014.501643166392,-452.0387567986216,-451.7927417175077,-132.40664899604633,-1846.6038634746662,-662.781678470521,-965.7053816283969,-1437.0335800866837,-1686.7479402248543,-1352.1934523540233,-339.521176783212,-1575.6030923998298,-0.0,-0.0,-0.0,-2591.9805005256458,-0.0,-494.78429973072144,-1289.636821676224,-11.477218492909582,-912.0412866451065,-614.9811838435306,-995.2136930002365,-763.0561203237385,-220.2630632736629,-2115.108558305038,-4862.385847174108,-299.2881766569533,-36.32351738146119,-0.0,-117.87023976732834,-7547.232293438468,-2132.5643016390854,-662.7664033616759,-2346.825811874551,-221.98596696207625,-0.0,-24.57553780340228,-732.6991706575909,-135.21885111949962,-1292.565757764266,-1103.2785137183937,-199.78734704013766,-0.0,-737.0822064176808,-2218.7083343013614,-2053.7313631957127,-1737.4074251112204,-0.0,-1625.057323084008,-0.0,-50.25692247971105,-1103.3656712310817,594.7507347935027,-0.0,-0.0,-298.3193386444284,-1092.047698106004,-777.561147346844,-1321.896979575975,163.06774390260978,-1446.9270014761832,-128.12262143524558,-371.0044205858899,-2211.15963829221,-2049.5293458120827,-396.2479634751021,-0.0,-0.0,-0.0,-0.0,-0.0,-1835.3483943745055,-0.0,-669.942408022994,-847.6428021849147,-2589.559768236992,-0.0,3.6269536506426094,519.6616107018383,2222.4850479612624,-636.8137947911686,-1382.4589904965458,-0.0,-1639.5927972579598,-4028.671752809014,-796.3405442762285,-5594.297222488816,-1351.0790095103064,-0.0,-844.9081461798107,-2578.306495278864,-205.70296538890076,-0.0,1177.9125140022104,1430.184036199826,1302.1140147092367,-0.0,-0.0,-0.0,-0.0,-96.10176666321561,-2738.667650554195,-90.71140415104777,-0.0,-2092.1616856220576,-1215.2938088644994,-521.814493811777,4.297464575827137,-0.0,-235.13858160427088,-927.9440736570101,-0.0,-0.0,-49.575457304045024,192.9748384377708,-2200.8474759224214,-0.0,-913.3615394856176,8.990808219921409,-90.81119598281741,-0.0,320.8877303434012,-105.71381034512362,-587.9002751004758,-2086.1936610418165,-0.0,-68.02414569344214,-1180.5898390091413,-1043.2024617054951,-42.40558036074367,44.36541217266228,-0.0,-1367.5470867715505,-839.5242612621769,-7.679033489325323,-0.0,-0.0,74.53083992260056,-261.30358841252547,-191.11310885065822,-83.31062632499243,-12.097666320550555,-167.14936749232552,-718.9916419837263,-1020.9135199174639,-570.9735046058472,-0.0,-2198.0385061176635,-916.6472932495249,-0.0,-0.0,-1184.3161125304212,-2347.5501227539753,-616.9310783477232,-8.20233478773431,-2928.8888059007695,-124.44641215029091,-83.10794185797891,-1179.2659205929328,-0.0,-398.85366975153136,-1481.730975972959,-4.498102712798805,-0.0,-3539.2803775957013,-150.57236961499987,-1586.231992774369,-1104.8977686314388,-1363.3775946491508,-2702.632084739138,-87.5381596285602,-834.8409769377649,-1905.9749613927297,-1393.9697720207294,-1153.5730048923056,-230.3576066329911,-1884.5483970198839,-0.0,-3220.5589231834715,-0.0,-6652.377349440688,-244.49124103285192,-91.23708612869748,-1561.448554310067,-0.0,-0.0,-0.0,355.6354752697085,47.481122666451355,-880.7004261702527,-1466.3030787151092,-497.29481192043085,-1291.471174722587,-0.0,-0.0,-1431.9321407027337,-366.84681555286306,-515.1942892262988,-169.00968299866662,-0.0,-1719.362483006782,-334.37938069049744,-2059.782862671189,-0.0,-36.3638704315932,-0.0,-1843.9318750516425,-791.7178400757924,-1520.633287224673,-0.0,-0.0,-1820.3239790824657,-576.7069241373782,-799.3282028176727,-1601.2882795812745,-469.5261200974855,-1288.813508391805,-0.0,286.62430769588474,-1188.5180931835214,-4164.372580047753,296.0039974388531,-1539.7865305932946,-8003.659839424284,-708.262661225186,-702.9108966275803,-236.55663685264815,-232.57719023317557,-1092.271085117113,210.08265008682423,-229.85375597168775,382.7278836940156,-1126.1745842662338,-573.1038110017686,-0.0,-1357.0368347202223,-1780.0236043911855,-916.4945485123299,-397.7232480224574,-0.0,-0.0,-34.725263675967064,-1081.2526609026345,83.88078562888388,-2344.6666333881194,-0.0,-0.0,-530.4760420620942,-689.2972526402676,-1187.0471594715068,213.20866652934205,-2658.93580484121,-1575.673206577626,-1334.0582545204493,-250.48501318395685,-0.0,-376.3679720856845,-0.0,-728.8863663307155,-24.9952862859081,-1624.590277342652,-492.75956403268833,-1028.179865042631,-417.7155927522214,-370.1224254279438,-0.0,-1267.0282263101662,-728.1357531813592,-1293.9340114941951,-0.0,-3254.0233346297605,-1401.7586599527642,-1480.7862665571379,-998.3507080106601,-1153.7922172953802,3.9789524803165084,-2221.76047262814,-735.2298935874505,-1254.2388007301201,-2001.4833602180593,-328.7055757938321,292.67769721221293,-1049.1313346773336,-0.0,-0.0,-22.46907989499761,-57.695992897210765,-19.058848712976847,-251.2448627339706,-0.0,-0.0,-0.0,-0.0,-0.0,-0.0,-0.0,-0.0,-0.0,-0.0,-1307.5585944921706,-2609.479696444165,-2280.6993405517305,-0.0,-0.0,1585.5985853020459,-540.6195040407674,-0.0,-438.3466284054931,-476.9931480121556,-996.7954282507694,-988.9431269917911,-1264.3326030047372,-0.0,-792.3971098858086,-411.4342789474851,166.679665926011,-0.0,964.0449601400832,-0.0,241.25098627446596,-0.0,-342.46329027080236,-0.0,-452.5352752948997,-1120.334144285817,-1866.306742501626,282.6418990221055,-0.0,-0.0,-0.0,-0.0,-0.0,-424.6574979496328,-84.86499483262875,-0.0,-0.0,-0.0,-527.6005271705691,-0.0,-40.16954819627399,-662.777076138634,-3782.8980624399974,-0.0,-1401.4608708942003,-0.0,-628.1954205555584,-0.0,-0.0,44.335262295717776,-0.0,-156.47742439862827,-0.0,-0.0,-0.0,-1112.4018082662385,-1788.447040124359,-0.0,218.09242460883647,-2288.33049660761,-0.0,-79.67643679320635,-289.9656025286503,-0.0,-0.0,-1654.574225223633,-0.0,-897.1042725922096,-1289.4446619330408,49.117274207618976,-3192.4342613138183,-1660.2201452080283,287.9554905778921,-822.6923837626472,-0.0,-1063.8550125570837,-0.0,-0.0,-0.0,-3963.138417618286,-960.5206864324056,-1572.5508534674814,-0.0,-411.712766738274,-4.551935530735186,-1354.050721354127,-2086.2506291530362,79.67100478995141,-3170.3717855486316,-0.0,-1658.1918941888944,-2420.4089169500808,-0.0,-0.0,-0.0,-0.0,-2485.8910927903253,-181.23097797072654,-1630.072698535003,-0.0,698.0836405860667,1162.978480945912,-0.0,-0.0,-815.7455696573172,-1019.5400829332787,-351.3219091519489,-20.232218243490884,64.99491221401102,-0.0,-1372.5530135943575,-0.0,-275.5413771618466,-1253.6246711933009,1408.4009660239342,-0.0,-0.0,-0.0,931.0760608689384,1031.4433325035318,-839.7366186563644,-0.0,-1447.7058314816422,-0.0,-1091.738692314105,-636.6639365507084,-0.0,-0.0,-0.0,-0.0,-0.0,-57.27458014550339,-0.0,-0.0,-0.0,-1165.1141028964826,-299.2312809749264,-0.0,-0.0,-0.0,-176.43710473207747,-82.14522177323101,-645.9758641275355,-731.4416441279352,-2988.780627152206,-1380.6702723788785,-1136.390752678306,-0.0,-3106.5644986916363,-38.66071571432412,-0.0,-1041.731179193025,-2407.414566172838,-805.6649637967357,-471.10350996028603,-1131.1604832460994,-281.86784228011413,-675.0891321374098,-751.1649181742536,-1116.7195092810057,-280.5203036753806,-1748.7749609375842,15.725509546125343,-402.38213792246074,-0.0,-0.0,-806.7000817455285,-3887.296095984735,-0.0,-1127.2595828981323,-521.9274579276585,-0.0,-389.05401131017635,-696.1498897163359,-705.8893484635465,-255.70897014031237,-0.0,-0.0,-0.0,-0.0,-0.0,-43.94233664310884,-0.0,-644.8597845935236,-0.0,-0.0,-770.0813621146681,-1130.4771252436528,-2757.48314439395,-455.44206083080303,-726.8929790391334,-107.86629623268509,-1974.359628520871,-0.0,-1001.3096151564599,-573.3082362723856,-499.47348474850145,-1379.2493894818579,-956.7377228577228,-1808.8301876145567,17.503172715131974,-482.9723745082254,-0.0,-1145.1128056144148,-1140.251478076134,-162.03342720784013,3.8962967288955213,-2475.799851970703,-1362.9798488750935,-758.1116424535676,-0.0,-625.4276272991691,-732.932037769747,-548.5816400283618,-2556.4793078051393,-3.8085405239571117,-0.0,29.9946946315748,-0.0,-0.0,-270.0026226352659,-4010.726842331466,-201.14189485230847,-1501.737284654658,-3935.5079755580937,-0.0,-4717.26472019176,-253.13687821490205,-2039.4564771589728,375.56374548248544,-0.0,1618.3017368331653,-925.0426942578152,-0.0,-2027.4487193841276,-0.0,-70.0141963980182,-42.564196344364724,-0.0,-0.0,-0.0,46.12343857865535,-0.0,-0.0,-0.0,-651.1272365079128,-1461.003669428456,-700.520647179117,-0.0,-3587.974124031885,-0.0,-0.0,-0.0,-231.39856009676654,-415.4812802269544,-0.0,-2012.2510906567943,-0.0,-0.0,-3534.500486464179,-0.0,-22.86643401338735,7.767857768808201,-501.5355334121874,-20.516659380224464,-0.0,-0.0,-224.6940222348404,-0.0,-0.0,-1365.2261725948088,-1126.4115558409708,-1638.2553805703124,-0.0,-273.80277724457085,171.6902976394062,-375.6611400963734,-15255.770032006641,-0.0,-607.6132225923425,-1336.0591943864556,-592.0712267097377,-0.0,-34.50805638536686,-16.58440648635714,-276.5341642155239,-1080.1093657029708,-0.0,-0.0,-0.0,-493.0870981658874,-2850.4686888160645,-1359.470384153804,-0.0,-0.0,-0.0,-362.8845625632679,93.28843617590064,-8.23546304641634,-1415.7064560008116,-0.0,-0.0,-1037.8612915729952,-0.0,-0.0,-0.0,-2805.52004126016,-1031.4948583149271,-0.0,-1133.161906945221,-631.5524853385764,-258.112322717349,-729.5703141420674,-1134.0503168797645,100.8176167631136,-1382.7704322270454,-1216.667425822951,25.348671920747126,-1977.7185531660825,-0.0,-0.0,-0.0,-0.0,-492.30693802887373,-0.0,-0.0,-583.3859989637161,-1080.3308778355454,-748.1137254799388,-0.0,1617.4384550137095,1528.6516713151404,1513.2859453466338,-0.0,-0.0,-0.0,-864.0927826074858,-43.56213026190508,-772.0562939030538,-80.98435440032378,-707.7754796333073,-1694.5976953210059,-1271.4644087483111,-2072.7120035499547,-0.0,-0.0,-0.0,-0.0,-556.8632508335606,-864.1337662064883,-1793.3679132095106,-437.4724447152044,-1405.8552680536866,-2016.3109679922118,-2198.566080115728,-0.0,480.7945947593761,-421.3021225352323,-386.4653197851726,-120.55343159968015,-4747.50564156948,-65.30006667001965,-0.0,-913.1198997374566,-1582.5349611690672,-0.0,-72.09009159758055,139.5158395639197,-96.49963236914154,-511.12451492431757,-2376.1837239492816,-166.44301157264294,-1687.7536392422194,-0.0,-1910.2960213766526,-1854.8146079455148,-1524.9763781948336,-0.0,-1880.1627347653566,-329.7251532595168,-687.8825181575728,-987.89162634936,119.33288451220207,-1981.3718377503656,-1280.1249965969926,-0.0,-99.58954896494252,-0.0,-0.0,-0.0,-1058.5938724471791,-647.2023210352708,-0.0,-0.0,-0.0,-3797.8580997446593,-1982.2041987529017,-0.0,-0.0,-4.606785941571265,-1787.9633714713566,-971.4086607730906,-0.0,-785.2118525624536,-1427.0210169627517,-594.2863191007585,-23.956175058698484,-917.9113350600245,-9.032282475066626,-1631.5359330064232,-1742.7203228228557,-0.0,-0.0,-44.87661873741335,-0.0,-0.0,-1344.956657251807,-100.5830985597085,-467.68787012772447,-0.0,-0.0,-0.0,-770.499714091921,-341.4283324683755,-119.10080165229087,-481.5981383652498,-237.07845540399052,-2080.54854359019,-327.4429804581645,-600.9001719128236,-1364.9451611389668,-0.0,-421.3652372993006,-0.0,-1806.7401135723137,-1550.426810203037,-1824.3038890777034,-455.01785295065395,-302.5446674094781,85.50618423764739,-995.7605016050666,25.482561944431062,-0.0,-494.47135541458914,-0.0,-0.0,-521.4814102147137,-127.23118845977639,-2951.908085035193,-2994.2990384848017,-532.5630343543836,-0.0,-0.0,-1083.0789683738976,341.75406849398246,-0.0,-0.0,-0.0,-1170.641484429271,-47.28619760915052,-503.56257584284964,-3944.9234899982007,-1530.9833948471062,-1191.442437204328,-471.7014314227589,-185.70135932624495,-1320.0201229861907,-740.3881766292784,-515.3278522709857,-0.0,-696.5400903298631,-822.5670361066697,-1766.5722956296972,-0.0,4.486780230554845,-13.397422451402432,-0.0,-0.0,-1899.5490035729038,-0.0,-3730.5683388862244,-1228.3793803434876,2597.7063411863237,3000.402995998312,-0.0,-0.0,-831.6748415710906,-1127.8172781609064,-621.3954797482057,-371.4650164987075,-3265.744852860136,-604.3854325352103,-0.0,-0.0,-0.0,-1298.9279324572628,-693.4329499575271,-170.09139530061526,-2708.077378160446,-1077.4168003990978,-28.168803965609037,-442.8951414523309,-1111.225918929869,-347.46328580803987,-556.7696178544794,-0.0,-66.59618670128569,51.228899297399614,-1033.3324845975064,-173.77376367637942,-0.0,70.62662037299634,144.31821303679118,-225.83210395895316,-1446.2983559425982,-2426.088002660026,-64.51710581758644,-962.337890205755,-1458.8446582509416,-0.0,-0.0,-713.9983744023386,-0.0,-0.0,-0.0,-0.0,-665.4032428952868,-24.018900299207143,-1296.6465920007995,-1233.2007560444465,-2670.9864260497548,-1213.8308653239872,-0.0,-620.386079201879,-0.0,-1669.7288389609669,-1728.712586863393,-1408.3770958121204,-1049.7893665605209,-0.0,-2249.753447826456,-0.0,-0.0,-0.0,-3734.866470748299,-1281.689250219754,-274.24285745573314,-911.2018374496281,-927.3358945060024,-1099.697021729285,-0.0,-0.0,-0.0,-41.463100434960694,-6315.529543560629,-733.2506611313139,-1933.6540067950825,-4332.018705190939,-2369.049889339149,-447.1974348540264,-0.0,-2037.2750328428347,-777.8771355871907,-0.0,-347.0815347462829,-392.4451347085538,-39.996986218704954,-1032.4614067105977,-317.4825232141328,1530.7278078206148,-495.28928008988873,-0.0,-0.0,-1035.5741023975327,-863.0550120989217,-2364.815287563371,-321.21491646661707,-0.0,-0.0,-683.8565310556813,-0.0,-0.0,-0.0,-0.0,-1423.6036033764922,-651.5224023281717,-1299.3421664008833,-547.9729519397282,-4.082099642587496,-808.092886253554,-0.0,-0.0,-0.0,-0.0,-2987.4051441438046,-0.0,-0.0,-0.0,-0.0,-0.0,-0.0,-837.0071412049355,-0.0,-2894.073396571377,-513.5098584539054,-210.63857379927617,-1340.8651298948864,-0.0,-0.0,-1412.1058458722448,-1511.1452712363605,-4.539607405134539,-455.0768132983279,-57.33518441276341,-1838.8067347071958,-1014.2318788142495,-0.0,-4050.9748074006857,-1355.4460097172496,-0.0,-0.0,-17.675370217152786,-435.1663505812761,-1282.125325369796,-0.0,-0.0,-23.06531638405131,-1715.7787850254415,-622.7016554770858,-369.5613493317177,-89.81589157094842,-2004.0518208843243,-0.0,-0.0,-0.0,-0.0,-0.0,-542.3246648716298,-526.1477212233855,-629.1941542740744,-4433.553099953468,-1760.3014120817782,-1293.4034198735026,-113.59572239069418,-1029.224632947447,-1270.2337615317679,7.803112245256843,-0.0,-0.0,-0.0,-673.5740854284222,-433.3083827953804,-1778.8934221003342,-621.2131946084413,-0.0,-1825.6902574291357,-0.0,-666.2278817741612,-0.0,-0.0,-2060.9864050933206,-645.5582196929648,-590.528316603065,-1492.8136651758186,-143.30039601356546,-13.489005547516985,-807.8656650009251,-1522.635543176728,-0.0,-468.051499522474,-1219.1085288282725,-4410.47474256007,-0.0,-297.04252379490674,-2383.549624814634,-1606.6563393378933,-1318.6276360936438,-566.6289610891102,-1316.4307105650219,-0.0,-370.72606262147184,-0.0,-268.4238013239611,656.488589051447,-0.0,-0.0,957.3877246926077,-0.0,-2331.745829823742,-798.9772484522025,-989.8145319155368,-1253.8901925938433,-1541.7911033232454,-400.0718488325868,-154.68243692022878,-0.0,-0.0,-947.481769838825,-1050.4111220509853,-825.985093909696,-0.0,325.9730146381752,358.0399872699868,-248.89109589854414,-2939.9486925449432,-1896.976636844407,-0.0,-0.0,-1508.6080482809277,-4352.483009687285,-2860.924104057579,-546.5555101913301,-1029.1966368606493,-1183.6273611839736,-0.0,-223.72681533139826,-0.0,-766.527045420324,-236.11347503734333,-1982.9433754444115,-2787.270492594127,-324.91427081182536,-595.6738031084835,-4718.500919771445,-1301.014196991301,-596.2822199341763,-295.6243501311442,-1356.0976922416949,-734.6684634874156,-4.649561051489002,-1597.7078115637696,-1867.3892297274197,-0.0,-0.0,-619.2383352643051,-1345.7634334652882,-361.50569542250935,-4.640178200212827,-0.0,-0.0,-0.0,-0.0,-0.0,-37.25086354286999,-740.8653840534695,714.4488974037496,-471.8882057756765,-784.1293707267258,-585.8913591280342,-1171.306139316823,-1639.944150050957,-1245.073359983691,-1922.9229483275924,-303.41487832058147,-596.9716739610192,-1643.2391144843716,-676.9203772487145,-0.0,2545.5474998235613,-259.89718717399734,-75.14647393470463,-0.0,-922.6916341874689,-668.1429495000923,-1417.6477571711407,-2053.672869189162,-2320.329539002909,-0.0,-0.0,-0.0,-0.0,-1069.184109419794,-1769.5358599246642,-0.0,-893.3106716412183,-8.994528687332517,-0.0,-0.0,-0.0,-2685.1753186955098,-819.0812305804393,-191.30664338434215,-47.328377021543375,-0.0,-0.0,-1184.4347384382809,-1439.0848793510368,-880.4762759937232,550.1018720909111,29.73771333550757,-0.0,-21.08475065411455,-0.0,-1748.6879469909868,-573.0230069166761,-1479.3970546322541,-1873.351529735766,-1738.3891263482692,-43.34307732058779,-0.0,-0.0,-1725.7025471109228,-394.41232905909914,-0.0,-0.0,-244.2376131491303,-0.0,-42.74336366529488,-0.0,-1364.0525779462844,-780.9516834503984,-0.0,-85.32308024591607,729.1706637334904,-0.0,-200.6066913176967,-2465.1140495452696,-0.0,-0.0,-733.0915407499295,16.37523963431084,-0.0,-0.0,-868.3501961164336,-1590.3767905604534,-0.0,-870.4389012168729,-0.0,-1380.8505575700894,1759.5922551186436,25.728589274186408,-2080.418958965904,-1681.1404559059288,969.2441536776769,-0.0,-2186.30852475352,-900.6497699915678,-1069.9832869876705,-0.0,-723.0869698496205,-129.0636310303791,816.8801035112427,-399.1300880862461,-1593.0792501585674,-0.0,-0.0,-0.0,-942.9833676735784,-646.481245541997,-839.1832710525574,-1161.2040553077593,-1082.7262404290761,-30.486585190276323,-1172.0044239364938,-985.011521692497,-1247.1933855634334,-0.0,-0.0,-566.9790228531426,769.4271579524907,-7046.704171417022,-0.0,-1343.025440308339,-2122.7405991632354,-846.1151053486311,-806.0358488907888,-64.92482050606647,-2482.2090327371934,-360.5012039853045,-0.0,-1085.0514634341275,-979.0898182669015,-681.5179985811698,-0.0,-1596.1981670758719,-2213.900146010501,-26.899595328496858,-1187.1321746190042,-2483.78038663992,482.92879101119166,-0.0,-482.2302866856915,-174.6751748535827,-1449.631892428269,-971.5298237981399,104.38082385673282,-135.33191014920098,-843.0900931305916,-528.3754518933164,-592.5163475690006,-699.4962227834102,-538.773725993779,-0.0,-1413.1086662837665,-0.0,-1279.344479350445,-800.2784527919848,-180.63699789654476,-0.0,-1913.890275269237,-5198.705603350249,-0.0,-457.40063386914915,-0.0,-2387.1463546640557,-269.72240746536374,-0.0,-444.07743628728855,-443.8222873024863,-0.0,-2533.656620760474,-1731.6202112943627,-0.0,-4600.902223120223,-134.1809142481828,-1402.8293306652354,-1464.5984766386255,-1686.242707027445,-105.75072461814435,-0.0,-974.625164854076,-2197.4741414841237,-561.1440213237989,-951.7983764509531,-1177.171982077137,-1787.6281048628866,-2486.0110877491247,-846.7056472277766,-2176.605825176184,64.57441158460932,-0.0,-329.77241953572525,-1464.6239341266912,-1288.328409717437,-0.0,-0.0,-0.0,-456.9142158399109,-516.610793412733,8.27698357749213,-608.0106167830085,-0.0,-1314.1143770110145,-802.0189865363317,-628.05636650775,-0.0,-0.0,-336.33530420209837,-1924.9306411570365,-940.3009560803763,-290.26091860955313,-999.9780433279155,-38.31798216650889,-0.0,-0.0,-2904.6932271459946,-1248.6408802249557,-0.0,-0.0,-0.0,-79.09502699294971,-982.1466764922301,-51.574166352702306,-1776.8017457514907,-1620.1321879915806,119.54868512785795,-0.0,-662.3926140685796,-0.0,739.5801443709989,-135.75435699379804,-0.0,-1717.335068526813,-341.466346525904,-2116.2540966426004,-0.0,-1731.5392265668443,-681.5885291340717,-207.22390936253683,-12.886528825538555,-35.782029203734524,-0.0,-0.0,-805.1889942388635,-1333.5257391166078,-0.0,-632.9584746024112,-0.0,-388.37949491639785,-583.3305441190972,-0.0,138.50278126134373,722.8584898960573,829.8622135004755,895.0858207827516,880.955444004727,813.5710497058808,-0.0,-0.0,-0.0,-0.0,-0.0,75.88399474033305,-0.0,-0.0,-662.0135117747549,-170.9631472841715,-480.48571611822365,-83.27996284105107,-0.0,-1164.8570348752348,-1560.1497195109314,-2143.264653820152,-252.1599181408163,-205.48133112331945,-0.0,-0.0,-637.8806048643494,-0.0,-0.0,-0.0,-0.0,-2821.0950794425285,-0.0,-43.15294116695278,905.6305477347183,-0.0,-1076.056161170096,-634.288921172158,1530.946633525264,-1018.04315021215,-0.0,-3074.5512268021043,-2362.696245631543,-205.91906399881626,-830.1465345093862,-1271.0025887643174,-560.0604589110103,1235.6568983636387,-87.30664327369058,-613.5537877436897,-0.0,-0.0,-494.88361595957235,-0.0,-904.8562695220633,-0.0,-470.6398348398128,-39.01801059633499,-0.0,-0.0,-1199.0916464097113,-0.0,-0.0,-583.2832172943771,-1229.3480911357253,-2124.2322634636525,-0.0,-0.0,-0.0,-1892.0075792592552,-0.0,-1078.1732646760174,20.87659755015735,-0.0,-0.0,-1195.4628725910045,-1046.9801170939736,-1286.1849153415872,-425.5688785819614,-0.0,-1423.0014527201774,-294.9279636395561,-0.0,-0.0,4.27989667850615,-41.25461651065321,-4677.637714136746,-0.0,-126.82226984365275,-28.30553427012359,443.96387807398384,-80.41322298911456,-1045.5434870388565,-957.3409206710571,-485.3824354461459,-0.0,-0.0,-1946.2987775280562,-0.0,-0.0,-0.0,-0.0,-0.0,-0.0,-0.0,-151.49277929871488,-0.0,-0.0,-1896.4302413953624,-7047.297195237849,-136.31309888608357,38.910288537194155,-394.57389723815714,-732.831085110055,-120.53113180352081,-4374.553835571924,-245.31158556609782,-321.887698933678,-0.0,-0.0,-0.0,-1775.0813341953926,-0.0,-39.07269954308945,-0.0,-0.0,-0.0,-485.1388578266634,-12.292724043349379,-251.90211786850128,-1332.4487548240381,-667.4887396620512,-73.83044458126298,-2530.684058035131,-0.0,-83.86545121271688,-2364.875124206735,-0.0,-1347.2214829936772,-84.94998906397161,-1505.166776260615,-0.0,-0.0,-1076.6785797569585,-689.4759371566693,-36.18250670323436,-966.0224388357478,-947.1824669199608,-743.5972480064213,-160.95554889697385,-794.987646069813,-758.5271173860618,-2324.525062231225,-985.3723287153722,-0.0,-1592.0098314363752,-410.9219567809423,-669.3984781595509,-0.0,-0.0,-1142.7287165976009,-2442.942604495124,-944.2729835686783,-0.0,-0.0,-0.0,-3903.8889352708456,-897.4784096703142,-177.27490690870545,-356.77543724246556,-39.46845218508868,-3940.00345625346,-0.0,-0.0,-2448.0536587733573,-895.6270686202529,-0.0,-0.0,-0.0,-81.94773649094223,-0.0,-1928.2713558817761,-1850.8353690501126,-0.0,-363.186477681043,222.60564551337046,-0.0,-0.0,-0.0,-1135.696126682756,24.169747262633578,-2581.357711050494,-675.354762364501,-1244.7317342209883,-793.1945093720153,-3350.0540761682546,-1759.6267191959753,234.09689072551154,-0.0,-3080.1822370346085,-0.0,-0.0,-0.0,-1306.536054343773,-744.3162555361005,-1860.0962020300285,-0.0,-0.0,-864.1316479642613,-1559.488114971754,-669.5085194349026,-536.6489025674327,-0.0,-0.0,-1261.7827255370364,-0.0,-0.0,-0.0,-0.0,-0.0,-0.0,-571.1891522583765,-79.62942731711222,-1605.382200987441,-0.0,-718.8019596364359,-1273.4272781349466,-35.88708766328788,-0.0,-0.0,-0.0,-0.0,-0.0,-0.0,-0.0,-0.0,-0.0,-0.0,-1290.311534026181,-1812.0155364682782,-0.0,332.80630650665523,-0.0,-677.1689681592185,-100.88977527852279,-0.0,-900.9476546576365,-407.5406193906798,-101.48300060972454,-1988.1808573481057,-514.3636696505317,-2735.2338538167674,-177.69890319249285,-2206.961723540201,-1729.1247781788545,-907.3445514460948,-4.421763088700842,-0.0,-1201.0103694088862,-2132.6608444041512,-2358.411598812961,-88.57288761739437,-231.40701069161744,-1887.7369699307174,-0.0,-2285.6842316111533,-370.2812267987697,-0.0,-1821.6785043362336,-0.0,-934.7318256385587,-0.0,-2867.882739449958,-0.0,-0.0,-80.89649550955188,-1096.98178598865,-507.17172526772833,-0.0,-1393.5915951575907,78.76113451977159,329.71357157779073,369.20410681963943,-289.6667466671019,-1732.3602920476355,-593.7019978118142,-0.0,-0.0,-5800.31462912866,-1157.5255480727942,-0.0,463.865786875812,-0.0,-2062.1181441165445,-517.2606393294345,-669.9710782853126,-0.0,-0.0,625.3925900981833,-0.0,-982.808948112669,-1269.7669982815203,-1924.3734313423122,-0.0,-694.4149120934679,-2992.1288994481883,-992.856065632724,-0.0,-1403.0907367742477,-148.079908430978,-1191.1166884480012,-0.0,-887.7907730358314,-0.0,-0.0,-0.0,-901.9049608653548,-0.0,571.7121989895488,-0.0,-375.9190331367171,-772.9443687135455,-478.1699830906195,-1140.8119327561765,-585.680572295328,-2139.7784989078496,-1273.977223108424,-0.0,709.9523009511071,-2459.676162653619,-1734.4808879857078,-698.8812959024648,-0.0,-0.0,-0.0,-150.9492324290525,-1247.7591948761058,-304.1658458581882,-970.2245393514191,-2087.898953717069,-2645.081705202132,167.7114906249336,879.6441550715622,751.4545408490759,-0.0,-0.0,124.76997103013524,-33.27296616348931,11001.944703610885,10243.40126314833,5374.381807286329,10219.644023733841,10933.188013708277,11255.1512246,-0.0,-0.0,-0.0,-0.0,-0.0,-1429.5077443751657,-1266.469236867739,-839.3880574759105,-0.0,-2793.076678778502,-661.7992374824738,-1189.9671873296968,-32.12384083185381,-891.6255063935979,-1291.5893498117648,-1088.7369469874718,-1315.635496205405,-0.0,-2699.7736278376115,-1849.0015938741133,-805.7090189789196,-125.7961348931467,-3545.5496845430353,-0.0,-247.66975866821673,-0.0,-11.936671511603818,-0.0,-138.8458786260072,-306.03374472006675,-1054.2524364685287,-879.5995724819544,-0.0,-0.0,-0.0,-2436.7061317972925,-0.0,-0.0,-275.7431189473399,-1042.073601850381,-949.7688031479806,-95.3583562152093,-1223.3667147101817,-1985.5672741350684,-351.4796945886547,-0.0,-0.0,-128.30280392295768,-1218.686688869314,-360.0378538901115,-0.0,-5562.444768322236,256.9089583080613,-0.0,-0.0,-0.0,-32.73655574248602,-440.6374248612947,-0.0,-0.0,-1267.2979044984056,-2131.4001188756015,-1410.212361477131,-414.49660410152603,-418.88686451985274,-435.2145696547567,612.3020408620717,-1331.6800655466109,-0.0,-562.8048808197304,-2821.0780471214,-589.0907621876114,-8.273120259090332,-0.0,-5.485129981827182,-0.0,-0.0,-0.0,-1206.6512905928228,-441.31292872502553,-1578.4446196197046,-0.0,-0.0,-0.0,-253.7617815202182,-621.5913908431427,-1547.6265259551506,-3431.329726216185,-353.4811361051057,-217.29539247018772,-0.0,900.5445416855997,-0.0,-1243.9247479223209,-175.63395694968972,-0.0,-0.0,1101.1110590657183,-0.0,-1803.4927477410042,-0.0,-0.0,-0.0,-215.86624774065854,-2185.5193591328666,-1835.8791060288559,-31.64206661722403,-2607.9389834282797,-1516.6183130881989,-26.847307707257933,-28.94811446101885,-73.4609178657052,-0.0,-0.0,-2109.1140635012694,-0.0,-6040.952829612244,-0.0,-1380.8688092565474,-270.8547604934873,160.70994706161173,-0.0,-60.03082087237302,-1328.238661106431,-1648.5219661223484,-587.6938895546945,-34.728185174585946,-263.6005056838409,-0.0,-0.0,-0.0,-0.0,-1171.8610222332245,-904.7114748032566,-0.0,-613.5705770141348,-1317.5048541300225,-191.15737440514982,-84.9283498156733,-0.0,-0.0,-0.0,1147.7087245081868,-3.920443701797502,-0.0,-597.7941095890889,-916.0270205323534,-1469.1259997627903,-0.0,-0.0,-2146.263443044467,-0.0,-0.0,-0.0,-0.0,-701.031220633576,1040.9914662505732,1162.261695598273,1271.10344415028,-0.0,-0.0,-0.0,-621.8859356503586,-0.0,-0.0,-391.76562312052715,-651.3428233169906,-0.0,-228.58376758454648,-1405.325016808295,-1302.5945231320625,-0.0,-0.0,-0.0,-12.298838036958514,-1593.8538290635588,-4.560638201436384,448.28967935936475,-0.0,-1723.75950506288,-805.755827413551,-556.3671967258908,-1985.1203292297491,93.9210995826251,-307.7520842953864,-19.576094032544475,-450.1433590143978,-389.83848583554243,-1036.019719765667,-371.0991201162718,918.8953825808597,-1520.9132093949108,-239.32761619854858,-180.04286467081417,-4077.6426160515093,-2999.218692732949,671.5079701943567,-1035.154476036141,-214.32201220051675,8.855513301821652,-858.1694664568722,-1221.321141819369,1875.9204281102952,-641.3166433589809,-714.2866515744616,-732.6788683980078,-0.0,-7252.65107775605,-0.0,-489.9136735900554,-919.5305838085142,-653.22460563897,-982.0580896816983,-1207.7934859744512,-0.0,-1093.7489274946781,-172.33455527196926,-88.85906769935585,-6642.422260836471,624.8463352707772,-209.4256041602619,-0.0,-579.9769936414443,-1338.976041765087,-0.0,-0.0,-495.8382023790335,-1608.6575753912243,-88.89434338582059,-239.33004555347443,-285.8351959486078,-1126.6154645386425,-0.0,-0.0,55.17478279849171,-0.0,-0.0,-1857.0392752585392,-0.0,-1770.8179223771647,-929.4290302956007,-1267.8671752787536,-0.0,-0.0,-520.0434598065647,-917.9401549123805,-145.85851307136795,-0.0,-476.7090748851845,-157.00649134531753,-543.8408864275929,-0.0,-204.53922230257862,-513.8052124574789,-2284.7831561203247,-1010.8713373250242,-1735.0310461647778,-0.0,-0.0,-1452.7775941315645,-22.137708827620195,-0.0,-0.0,-1185.4282869579285,-0.0,-0.0,-0.0,-0.0,-0.0,-0.0,-0.0,-0.0,-0.0,-0.0,-104.11989660865409,-0.0,-0.0,-0.0,-0.0,-0.0,-0.0,-0.0,-0.0,-0.0,-0.0,-0.0,-353.6740313077954,-0.0,-0.0,-0.0,-0.0,-0.0,-0.0,-0.0,-0.0,-0.0,-0.0,-0.0,-0.0,-0.0,-0.0,-0.0,-0.0,-0.0,-0.0,-0.0,-0.0,-0.0,-0.0,-0.0,-0.0,-0.0,-0.0,-0.0,-0.0,-520.4038162495892,-0.0,-0.0,-0.0,-0.0,-0.0,-0.0,-0.0,-0.0,-0.0,-0.0,-0.0,-0.0,-0.0,-0.0,-0.0,-0.0,-0.0,-0.0,-0.0,-0.0,-0.0,-0.0,-0.0,-0.0,-0.0,-0.0,-0.0,-0.0,-0.0,-0.0,-0.0,-0.0,-0.0,-0.0,-0.0,-0.0,-0.0,-0.0,-0.0,-0.0,-0.0,-0.0,-0.0,-1385.7399259785411,-544.4079793857176,-1772.819475681393,-0.0,-0.0,-0.0,-0.0,-0.0,-0.0,-0.0,-0.0,-0.0,-0.0,-0.0,-0.0,-0.0,-0.0,-0.0,-0.0,-0.0,-0.0,-0.0,-0.0,-0.0,-0.0,576.7248922772578,-0.0,-0.0,-0.0,-0.0,-0.0,-0.0,-0.0,-0.0,-0.0,-0.0,859.0059746983428,-0.0,-0.0,-0.0,-0.0,-0.0,-0.0,-256.9482471376834,-0.0,-0.0,-0.0,-0.0,-0.0,-0.0,-0.0,-0.0,-0.0,-0.0,-0.0,-0.0,-0.0,-0.0,-0.0,-0.0,-0.0,-0.0,-0.0,-0.0,-0.0,-0.0,-0.0,-0.0,-0.0,-0.0,-0.0,-1133.9660469080761,-0.0,-0.0,-0.0,-0.0,-0.0,-0.0,-0.0,-0.0,-0.0,-0.0,-0.0,-0.0,-0.0,-0.0,-0.0,-0.0,-0.0,-0.0,-0.0,-0.0,-0.0,-0.0,-0.0,-0.0,-0.0,-0.0,-0.0,-0.0,-0.0,-0.0,-0.0,-0.0,-0.0,-0.0,-0.0,-0.0,-0.0,-0.0,-0.0,-0.0,-0.0,-0.0,-0.0,-0.0,-0.0,-0.0,-0.0,-0.0,-779.9265116633399,-0.0,-0.0,-0.0,-0.0,-0.0,-0.0,-0.0,-0.0,-0.0,-0.0,-0.0,-0.0,-0.0,-0.0,-519.9441365268713,-0.0,-0.0,-257.0456935061108,-0.0,-0.0,-0.0,-0.0,-0.0,-0.0,360.47749224582327,-0.0,820.6079585304421,-0.0,-0.0,-0.0,-0.0,-0.0,-0.0,-0.0,-0.0,-0.0,-0.0,-0.0,-0.0,-0.0,-0.0,-0.0,-0.0,-0.0,-0.0,-0.0,-0.0,-0.0,-0.0,-0.0,-0.0,-0.0,-0.0,-0.0,-0.0,-0.0,-0.0,-0.0,-0.0,-136.17265460314152,-0.0,-0.0,-0.0,-0.0,-0.0,-0.0,-0.0,-0.0,-0.0,-0.0,-0.0,-0.0,-0.0,-0.0,-0.0,-0.0,-0.0,-0.0,-0.0,-0.0,-0.0,-0.0,-0.0,-0.0,-0.0,-898.6516492829771,-0.0,-0.0,-0.0,-0.0,-0.0,-0.0,-0.0,-0.0,-0.0,-0.0,-0.0,-0.0,-0.0,-0.0,-0.0,-0.0,-0.0,-0.0,-0.0,-0.0,-0.0,-0.0,-0.0,-0.0,-0.0,-0.0,-0.0,-0.0,-0.0,-0.0,-0.0,-0.0,-0.0,-0.0,-0.0,1411.0859637846377,-0.0,-386.6817699677389,-0.0,-0.0,-0.0,-0.0,-0.0,-0.0,-0.0,-0.0,-0.0,-0.0,-0.0,-0.0,-0.0,-0.0,-0.0,-0.0,-0.0,-0.0,-0.0,-0.0,-0.0,-0.0,-0.0,-0.0,-0.0,-0.0,-0.0,-0.0,-0.0,-0.0,234.75356740534895,-0.0,2228.5939529378857,-0.0,-0.0,-0.0,-0.0,-0.0,-0.0,-0.0,-0.0,-0.0,-0.0,-0.0,-0.0,-0.0,-0.0,-0.0,-0.0,-0.0,-0.0,-0.0,-0.0,-0.0,-0.0,-0.0,-0.0,-0.0,-0.0,-0.0,-0.0,-0.0,-0.0,-0.0,-0.0,-0.0,-0.0,-0.0,-0.0,-0.0,-0.0,-2372.999452192217,-1518.501906722219,-0.0,-0.0,-0.0,-0.0,-0.0,-0.0,-0.0,-0.0,-0.0,-0.0,-0.0,-0.0,-0.0,-0.0,-0.0,-0.0,-0.0,-0.0,-0.0,-0.0,-0.0,-0.0,-0.0,-0.0,-0.0,-0.0,-0.0,-0.0,-0.0,-0.0,-0.0,-0.0,43.73920991883226,-0.0,-0.0,-0.0,-0.0,-0.0,-0.0,-0.0,-0.0,-0.0,-0.0,-0.0,-0.0,-0.0,-0.0,-0.0,-0.0,-0.0,-0.0,730.7582363936732,-0.0,-0.0,-0.0,-0.0,-0.0,-0.0,-0.0,-0.0,-469.3602149433556,-0.0,-0.0,-0.0,-0.0,-0.0,-0.0,-0.0,-772.1726273627148,-0.0,-0.0,-0.0,-0.0,-0.0,-0.0,-0.0,2311.729942989257,-0.0,-0.0,-0.0,-0.0,-0.0,-0.0,-0.0,-0.0,-0.0,-0.0,-0.0,-757.7474336298351,-0.0,-0.0,-0.0,-0.0,-0.0,-0.0,-0.0,-0.0,-0.0,-0.0,-0.0,-0.0,-0.0,-0.0,-0.0,-0.0,-0.0,-0.0,-0.0,-0.0,-0.0,-0.0,-0.0,-0.0,-0.0,-0.0,-0.0,-0.0,-0.0,-0.0,-0.0,84.23035123361196,-0.0,-0.0,-0.0,-0.0,-0.0,-0.0,-0.0,-0.0,633.2111685942575,-0.0,-0.0,-0.0,-0.0,-0.0,-0.0,-0.0,-382.88451587711523,-0.0,-0.0,-0.0,-0.0,-0.0,-0.0,-0.0,-0.0,-0.0,-77.55299273083689,-0.0,-0.0,-0.0,-0.0,-0.0,-0.0,-0.0,-0.0,-0.0,-0.0,-0.0,-0.0,-0.0,-0.0,-0.0,-0.0,-0.0,-0.0,-0.0,-0.0,-0.0,-0.0,-0.0,-0.0,-0.0,-0.0,-0.0,-2096.4891994064847,-0.0,-0.0,-0.0,-0.0,-0.0,-78.36240534526722,-0.0,-0.0,-0.0,-0.0,-0.0,-0.0,-0.0,-0.0,-0.0,-0.0,-0.0,-0.0,-0.0,-0.0,-0.0,-0.0,-0.0,-0.0,-0.0,-0.0,-0.0,-0.0,-0.0,-0.0,-0.0,-0.0,-0.0,-0.0,-0.0,-0.0,-0.0,-0.0,-0.0,-0.0,-0.0,-0.0,-0.0,-0.0,-0.0,-0.0,-0.0,-0.0,-0.0,-0.0,-0.0,-0.0,-0.0,-0.0,-0.0,-0.0,-0.0,-0.0,-0.0,-0.0,-0.0,-0.0,-0.0,-0.0,-0.0,-0.0,-0.0,-0.0,-0.0,-0.0,-0.0,-0.0,-0.0,-0.0,-0.0,-0.0,-0.0,-0.0,-0.0,-0.0,-0.0,-1580.467349446437,-0.0,-0.0,-0.0,-0.0,-0.0,-0.0,-0.0,-0.0,-0.0,-1971.957229777339,-0.0,-0.0,-0.0,-0.0,-0.0,-0.0,-0.0,-0.0,-0.0,-171.89950990657334,-0.0,-0.0,-0.0,-0.0,-0.0,-0.0,-0.0,-0.0,-0.0,-0.0,-0.0,-0.0,-0.0,-0.0,-0.0,-0.0,-0.0,-0.0,-0.0,-0.0,-0.0,-0.0,-0.0,-0.0,-0.0,440.1746195264361,-0.0,-0.0,-0.0,-0.0,-167.82567912878815,-0.0,-0.0,-0.0,-0.0,-0.0,-0.0,-0.0,-0.0,-0.0,-0.0,-0.0,-0.0,-0.0,-0.0,-0.0,-0.0,-0.0,-0.0,-0.0,-0.0,-0.0,-0.0,-0.0,-0.0,-0.0,-0.0,-0.0,-0.0,-0.0,-0.0,-0.0,-0.0,-0.0,-0.0,-0.0,-0.0,-0.0,-0.0,-0.0,-0.0,-0.0,-0.0,-0.0,-0.0,-0.0,-0.0,-0.0,-0.0,-0.0,-0.0,-0.0,-0.0,-0.0,-0.0,-0.0,-0.0,-0.0,-0.0,-0.0,-0.0,-0.0,-0.0,-0.0,-0.0,-0.0,-0.0,-0.0,-0.0,-0.0,-0.0,-0.0,-0.0,-0.0,-0.0,-0.0,-0.0,-0.0,-0.0,-0.0,-0.0,-0.0,-0.0,-0.0,-0.0,-0.0,-0.0,-0.0,-0.0,-0.0,-0.0,-0.0,-0.0,-0.0,-0.0,-0.0,-0.0,-0.0,-0.0,-0.0,-0.0,-0.0,-0.0,-0.0,-0.0,-0.0,-0.0,-0.0,-0.0,-0.0,-0.0,-0.0,-0.0,-0.0,-0.0,-0.0,-0.0,-0.0,-0.0,-0.0,-0.0,-0.0,-0.0,-0.0,-0.0,-0.0,-0.0,-0.0,-0.0,-0.0,-0.0,-0.0,-0.0,-0.0,-0.0,-0.0,-0.0,-0.0,-0.0,-0.0,-0.0,-5532.977825000633,-53.789928633076265,37280.66486629142,-3736.3564365981074,-4651.9622304993145,75674.02466368314,-0.0,-6891.219754394252,916.290373369387,2191.307063532188,-25178.440589846694,-0.0,-4867.4945177478785,-0.0,-0.0,35037.89348290667,-11545.74380548756,3962.0521571271324,6542.772988332617,-4690.438975859754,-28287.41112920992,-9135.886075939947,53.455610860035065,-93.75583620185803,-6413.738740877997,-0.0,-13788.739450687513,-19167.280986123307,16193.136883364321,-598.8563548970795,8.291669995882621,48864.39580817589,-3309.263823006289,-124323.86902529476,-2942.958664819312,-23893.374735272606,-19895.136261225598,-6614.251279802058,-6409.718117755487,-15435.42017371482,13211.234937043742,-2579.895426375659,-4335.935226004553,-3870.8088458880466,-11748.401083831173,8656.636592075152,39648.36888928649,-1055.8939754505366,73.09438646166015,22447.46342687158,5596.5871031842435,-585.1257216474514,15436.91454221467,8663.612986281829,-6036.1852853316,-7662.726206743911,-4056.9989312236808,368.06107339074657,-0.0,-0.0,-280.9766763290177,-8546.716806581473,-3657.832324532007,-3201.4404015116243,-1831.6155050796517,-4849.127443719719,11519.966349214317,3840.812974383284,-8796.85384239492,20958.177298980507,-21142.683459191205,-36428.190357850195,72608.1100924876,-24093.599664711975,-9734.186458009257,-2301.0644725138554,-3893.0714036650556,-6349.944973545809,-4957.974716920606,-34725.4059471128,-0.0,-14280.002404153429,-0.0,3202.170709078792,-0.0,-0.0,-14823.011404221284,-1277.8442624489965,-0.0,-0.0,4208.079203774774,-0.0,-0.0,-0.0,-7374.343318521035,-4831.250150737131,-7796.085067968151,-7728.3527414198215,8207.168747576941,-0.0,-31160.184751852834,48926.19560204909,-0.0,-0.0,-21283.962091435238,-11027.125666764572,197.57195582178187,53.3289337286207,-0.0,56939.76366692755,-0.0,-0.0,-0.0,-0.0,55668.326765450474,-1086.701384651818,-0.0,-11757.12529226163,-0.0,-6451.286269755262,-1403.1145376853308,-3419.7658748323065,-16720.208929747052,13158.338505567739,-1561.9555724639256,-9826.585687555704,-0.0,-0.0,-5282.762976297163,-7301.828996606673,-10919.867528947887,61045.55479667929,-0.0,-188.63740361967595,13591.28330556827,3417.068471853616,-2079.953338726288,731.864284308336,5586.684401909976,-3913.9840743783157,-85.94949694997476,-18860.064189609217,466.2500873682936,14238.58417483819,-847.7348369892454,13411.988105694707,53072.30181528505,3258.862730983046,-70.69912763991036,9882.974060045148,-2185.3761042922565,-8147.655913132134,-10732.464602072963,-15482.67901307949,-0.0,6867.857161152909,21018.719877072228,22819.40201480151,-10258.932223823009,7800.011417795448,9321.485257555862,-8604.455514287525,16902.787420054105,-15071.250888149398,-0.0,4827.996548953088,-12851.57113059725,-16741.23853742107,-9095.71305370714,26850.588513356477,3357.6283854905078,-0.0,-6435.045122870694,-0.0,-2910.211176498751,102.15675857013571,-4260.970234900362,-0.0,216.6768801619405,-258.5274882395085,-23047.02475552193,-13407.305025567866,23192.466764919376,-7284.898514159279,3728.1896488964003,5963.646290803519,-6888.125789626282,-5580.517580052844,-12165.472004850688,-0.0,-2237.4669811685167,-1883.9740111868198,-0.0,1343.6560577985963,-384.87368834609083,-0.0,-0.0,-15414.299645197832,-3765.9589276704223,3133.270870564723,-5110.576818448481,-0.0,-0.0,-0.0,58135.90200208348,21304.97010182407,-0.0,106.75879504042454,12759.212207694796,-0.0,-4554.7092667689285,-2547.2393347014918,-0.0,-4590.393695218636,-9608.1807794328,126374.94458773668,-12719.533529897073,-9220.949336894935,-35354.24307720872,-0.0,1542.410820670093,3111.9098921912096,-10275.953491637532,31333.343687811943,-8554.79255556228,-41773.26695560891,-14979.758243450171,-9654.682536245986,-0.0,1294.5655929481907,-5078.234693311338,25247.276207785497,-163.8182887936306,-450.6029670949975,-11336.418605498764,-9707.332605684507,31168.00908034535,-0.0,-2248.9542952714637,736.8364643392792,-0.0,-0.0,-0.0,-0.0,-0.0,-0.0,-0.0,-0.0,-0.0,-0.0,-0.0,-0.0,-0.0,-0.0,-2228.533858552157,-0.0,-0.0,3588.1481075656316,-15351.32917543396,-729.158471669704,-10837.106955432871,26137.953313719932,8482.185306199188,-4094.181694020593,3599.6546043109333,46208.57395651313,-0.0,-0.0,-4395.137001860993,3369.843420413316,-7100.07834222615,-8814.884401680833,-0.0,-38.71296089094852,10492.070826904903,-4746.151749142614,-2818.595605224059,3800.44405164561,-26326.877088069992,31888.927510164693,-6026.970018410218,-1053.425073592495,14247.341057110914,-0.0,-0.0,-0.0,-0.0,-0.0,-0.0,831.7748509046132,48394.56904412654,-10523.490132671228,-11509.680307586748,-9322.497900551485,-0.0,-9486.450925769914,-13636.225615065878,-0.0,-0.0,-0.0,478.54600947096196,437.53453763043007,709.3564687465633,2609.5199064463754,-0.0,4126.044196660542,876.0880001483839,902.2552666656715,868.3612406673667,755.4269788473093,2952.011875714551,1670.5565791849056,2839.0925504259126,2554.401119257,2783.6878277253895,3004.911606759698,38163.76520286788,36005.30574211143,42367.25963966939,39410.5568065205,9765.796854543154,8772.340628360747,9013.658878881926,10142.309878620235,4918.930217449851,2090.286463888712,2172.3288640417554,2258.2016298365793,2163.434262348037,2277.6719119795594,4768.128868869597,4479.2590960075695,1531.2915207009414,1282.7999302603082,657.9300789555962,420.2009624558425,529.6047574958897,35094.42009482873,33992.48050816104,37961.561601180336,33676.861996947926,59235.28481628342,56021.11379628286,1349.3474904028988,1218.947009374374,1341.1864417045658,1288.2727473823604,1255.4392598357597,1308.807520192674,675.6935616141659,59146.37253503241,52742.40299684043,52219.65464079679,2851.955498275594,2723.036165714425,2939.80008667339,-0.0,8532.36394711703,9129.98282414172,39587.82062185209,34401.71591178721,40413.75522016786,61515.87533887547,60240.91832087536,68645.2125397805,59024.13642876933,2829.433198183841,2438.1882403397435,5235.650648284607,-0.0,20123.971844956333,22797.493490958706,-0.0,1594.323583739556,1551.419562901762,1561.226890797021,1516.1976328221963,1513.4663334805807,1534.0787617470262,39833.334649586846,40073.780215396364,37307.8608012209,34105.43961156221,1212.8788643829062,1318.4047474951099,-0.0,-0.0,15394.690579235785,38662.29380279924,33805.83789624432,37693.652369911935,40759.221817225014,-0.0,56337.882985327524,52417.289820258055,1071.9618500768722,2379.848300534525,2276.4442625573793,2434.182695537632,2542.5241193051015,2572.4676003012396,60068.90555356975,57750.99273431663,-0.0,-0.0,16620.162463961668,1107.687462918266,37567.86704742465,39399.57360524981,34933.924787192096,36374.298065642884,39811.90275311487,32859.07096443933,-0.0,16527.264490904676,10314.552496192035,-0.0,-0.0,1409.9719486297486,1505.8015011472608,777.5810525265663,866.6933146956852,447.9600549184455,454.090437118084,-0.0,1069.681911514469,1068.1349819252086,1138.3318279999417,1309.5487178537237,-0.0,1670.1276792243937,1628.2596750730966,1933.2105419449265,2514.302372040535,2489.2719660882494,2285.1674226647856,804.0445853506851,906.4966854920779,893.8401213737668,1482.3782904466566,954.5312265489364,1029.914366716765,1051.318849836505,968.8844062882991,8564.45326825009,8557.449494395814,274.8645110776554,270.3359260798612,3638.5141027293616,14757.105823373891,1481.501174971477,1582.2679655983432,-0.0,-0.0,9049.05698969126,9056.060412535166,8925.926887428446,7802.913593429086,2082.8310369795763,2063.175880325988,36515.49134267795,33441.396638776474,9782.17274871389,7281.2921592753855,-0.0,52971.45908353963,2013.6580660358516,2380.3076734790775,1075.2971317483623,56604.19920921276,56917.67775453753,60471.96982483674,50188.776998186244,214.287019502766,59219.73583209667,53645.565307606594,-0.0,-0.0,24504.51079243627,-0.0,1234.3573530919307,1058.137938012056,1078.1906102000091,2305.5484256773984,9753.510180728894,18251.1573891796,1902.9954345308533,1838.0272888924967,24.93810700662592,711.3759507628312,720.7872897089726,17087.622983592384,1490.3311154561281,-0.0,-0.0,-0.0,1081.3499820366387,-0.0,1131.134573175688,-0.0,6331.728299385882,6427.523883766494,5778.752816655341,5978.0361845710695,903.6887406229976,-0.0,874.3178973040247,-0.0,-0.0,993.4120159203181,1047.3660289433672,1087.4423504902288,919.3813247444473,812.787926320728,760.4904533746427,1779.7993471278935,1699.738620048951,1636.6151766553885,-0.0,3137.7093436682676,2747.743513669053,3214.839241466899,3073.564419993505,4914.381804873103,50916.476836205075,53401.770339402625,10644.442743371415,21674.099838546703,15515.445700839227,18640.591897921313,1718.9017127946904,2070.761542688974,948.7820421015207,872.1706706720661,2272.089276534269,-0.0,39876.153742920884,34476.817731577146,1459.152397943631,1181.5210117228141,1261.6082186778629,5641.870978961247,3203.765082334088,3021.771915394601,35299.24589312433,33394.03028118125,37143.001020831376,43021.41543137803,-0.0,-0.0,-0.0,2342.6112772508127,2499.1047572940447,2592.3806600522366,9374.625630923403,8962.654236944554,6491.510109734399,2411.0098088435684,2551.821976582083
16,-0.0,-0.0,-607.8877043021081,-2108.1702390805062,-535.0655854582225,-506.9222376395723,-100.0154348213672,-620.2440204258679,-587.4537403300438,-0.0,-1311.462211599999,-0.0,-0.0,-2678.292607366973,-0.0,-559.4363163570714,-448.52862370847646,-0.0,-45.006156978869576,-242.03307139337886,-305.9791881375588,-698.703425341336,-892.7537442386263,-734.495141169254,-2150.210268391337,-630.5283768951431,-0.0,-40.946138274302434,-2891.786562586956,-1790.9060902823228,-0.0,-0.0,-0.0,-0.0,-0.0,-0.0,112.89100035904994,-207.158378524095,-1818.3409845037236,-1550.762239439981,-0.0,-0.0,-137.13151862662804,-534.983221286239,-168.4122241303727,-0.0,692.7916539967895,-1815.7333766693027,-400.2165987660496,-0.0,-0.0,-272.9499881281655,-0.0,-11.528664055396645,-2124.2644114286863,-2879.718558532737,206.27865932894045,-5897.200222288432,-218.87656931963218,-0.0,-1849.895644316244,-0.0,-681.0839576719493,-3059.150551275907,-503.92088036031987,-503.18135597395656,-42.756111506463,-2166.4075531010494,-894.5913131945683,-459.42182458378113,-2856.0606167692013,-0.0,-0.0,-2663.2509549190527,-1025.7913533479675,-230.5966949872215,-1775.6104621689562,-0.0,-0.0,-1351.982922851976,-1452.898863310746,-509.0908152227388,-3519.320108314704,4.02016204441755,-26.959866700707902,-2137.277174278299,-0.0,-617.6335179074366,-996.749812637925,-7.628234197724662,-0.0,-1347.4480169224223,-85.82886774484777,-807.092776033712,-2168.0265478670676,-41.28781863893552,-2601.712886118406,-429.9498258332129,-1428.2384468915773,-2836.3861272257723,-721.8224139236759,683.7993121974192,-559.4382800550824,-0.0,-1408.6529031804623,-2369.0756031023598,-4733.106768433762,-471.40343772719694,-3105.6573879733655,-0.0,-1659.543416467741,-0.0,-0.0,-554.7542893000178,-0.0,-0.0,-673.6430464042851,-83.2671445077702,-1537.511317635422,-931.5730711059375,-831.789119978639,241.57162883957133,-470.3168196364255,-312.9945404570623,-217.87555505534183,-8.346781778260691,-556.8091455824189,-627.3153039845556,-778.8195468410024,-0.0,-5010.792853967067,128.50803950517763,-111.45157558732444,-4527.895437791381,-0.0,-1069.6040901509552,-65.8765575719116,-0.0,-328.03725131710434,-0.0,-0.0,-867.7846695895811,-0.0,-722.2091074076418,-934.2183111072646,-0.0,-1133.3515228890906,-293.4061434540499,-650.5754952552722,-2194.46325006574,-0.0,-1731.9389121577738,-1219.0421983743586,-0.0,-0.0,-0.0,-0.0,697.5127731706644,-0.0,-1674.068847153399,-1786.2310395443885,11.611803690759151,-0.0,-0.0,-705.3646950796683,-558.8829756084447,-785.2778459315869,-0.0,-449.6436982771825,-3134.654727253061,-1086.9112281530688,-0.0,-1248.9095715738856,-2566.3732092873033,-0.0,-0.0,-0.0,-0.0,-0.0,-0.0,-519.5713820968165,-635.4645718515317,-243.21535430049707,-206.75729629348749,-1398.6686575410542,-54.555720314443434,-0.0,-0.0,-741.4883781936604,-0.0,-581.6523564871009,-30.011719444458972,-4.447625482566192,6.101741246634358,-0.0,-0.0,-1238.576297560115,-444.4374790398197,-491.2087188458552,-0.0,-3554.949190787667,-2091.163702625679,-1080.6656393181852,-0.0,-0.0,-2317.8296390157775,-1531.4554032430374,-686.7520158598363,-88.47956150765283,-1774.412922916067,-1479.6667598488928,-0.0,-0.0,-1757.2375116631388,-0.0,-826.3699789731423,-1344.2166961779988,-143.4669102806488,-435.60766216371826,-626.4095103720327,-592.1883343465404,-0.0,-1601.028334412839,-0.0,-3510.400132987893,-2968.042657474157,-194.01643075595527,-417.93414737364685,-493.3939011647497,-0.0,-297.21555571276053,-275.5454048606434,-0.0,-1129.4375082693502,-721.8173102430301,-1174.4189774597062,-1649.8627752278053,-972.4119331434997,-2251.762148562851,-2196.3708071701735,-2556.558347404377,-2334.9869197108846,-1075.47063336401,-2248.4405201079853,-537.0828464107351,-617.2534867686401,-0.0,-1269.735971159676,-1139.367257997494,-1047.5326226684901,-434.3102486915188,-417.8591888138975,-2137.267950475732,-815.0398311149522,-435.9172647243585,660.0194705941041,-0.0,1053.3162016338347,-1439.2565186916847,-0.0,-0.0,-0.0,-0.0,-0.0,-0.0,-1351.5318886658188,-2882.3212444122355,-524.6392090143656,-1030.2873460304982,-0.0,-0.0,-1935.338098174789,-1266.1419827281281,-2201.422422747513,-0.0,-0.0,-145.53086872190795,-61.50893796461082,-415.8559973452225,-1960.1354339938384,-527.8118629633079,-0.0,-544.9425518382462,-716.0159378945392,71.97439847287819,-1257.1320452018845,-1546.0221023629483,-1401.3296620365331,-1917.0617358469465,-324.57905907477704,-617.3806534824976,-43.91167229695457,-1824.4638296660285,-0.0,-886.9246776855347,-173.09782373243607,-88.81260566318092,-614.8822217927467,-0.0,-2265.0009871751254,-135.18868996783783,-717.0969575850066,-1665.531386216803,-1647.4531755768369,-0.0,-602.78335218463,-810.6831726719286,-26.842651676639246,-264.8357837241957,-529.5844489008673,-58.676442338537456,718.256660421987,-1244.0385966965307,-0.0,-979.9554716516565,-1619.707770249003,-0.0,-520.8882040519098,-0.0,-1625.7491444002053,-0.0,-0.0,-0.0,-1222.6525474967716,-764.6732130548529,-485.3200583939866,-0.0,-1679.1015956759227,-3239.015456529798,-3883.899565805163,-0.0,-351.4468157835928,-0.0,-297.99447954556547,-121.08716215187339,261.25186226227953,-605.5070231006072,-0.0,-729.7545415109694,-964.8752201623779,-332.1865525379968,-612.877968185502,-0.0,-464.2911576122146,-964.5477622102006,-571.2260174053221,32.124333266262894,-2396.119198123582,-0.0,-0.0,-1463.4412065841577,-264.200412739252,-1444.5874366534213,-100.75826499044535,-134.63479983151746,-228.77355935826247,-643.5647669909843,-1055.259166225638,-1411.0824053585204,-2190.375464778267,-0.0,-0.0,-422.7329209680293,5197.980249899611,4.536574778833437,-0.0,-0.0,-0.0,-0.0,-2430.2507125629604,-508.20604603012015,-0.0,-1037.3062741566243,-969.8155900957391,-780.3873461348459,-2319.3560122880135,-265.06410307688196,-1223.187174967457,-0.0,-0.0,-2086.197329880925,-706.3423748953002,-1789.867049689968,-757.4576322245917,-861.5873567532041,-1919.9501004926162,-231.1841526587953,-1749.7157350486596,-1147.0278590132207,-32.93283159849373,-1070.3002903344673,-1177.9978423243986,-240.0095082464198,-233.84405096468518,-2000.88129008651,-0.0,-492.8403339201123,-292.94461296686444,-32.15943228051525,-835.2432995845799,-223.16175156080982,-991.1960051469734,-921.6664475706494,-1315.2879748763123,-244.49240532304904,-2638.19326123924,-60.100173474147326,-629.8425957953118,-0.0,-825.0010090568242,-784.0913758438644,-1006.7692654460036,-1206.2508658759818,15.148417195654114,-424.59082806966626,-2694.46044263312,-828.7290317875859,-398.8188546273813,-1186.5849444256148,182.42620463818983,-0.0,-0.0,-0.0,-0.0,-0.0,-0.0,-11.499178340511142,-180.5157316588232,-2401.7724370175592,-5128.8465288656325,-512.1586968049635,-1021.3250466220001,-144.40754030287533,-555.1068382639403,-1408.8378778823096,-1165.5571818712806,-41.125669245557056,-566.6702084612097,-517.5428592305084,-0.0,-98.96987175634676,-1164.6683453073877,-497.20996645595244,-0.0,-1077.122498762656,-0.0,668.0725829942443,-0.0,-0.0,-0.0,-42.52238684225286,-0.0,-0.0,-1119.8164353268774,-438.9413579659061,-1257.7555524261982,-0.0,-0.0,-0.0,-935.1244162994996,-608.717265728435,-1384.5766442852678,32.81594605928907,291.3377685820858,-0.0,-0.0,-3231.5832180864463,-1288.0385294284897,24.317594181661857,-59.9219580400499,12.120366143410935,-19716.850012087634,-19597.447694089205,-2444.019604819757,-0.0,-0.0,-0.0,-0.0,-457.2676374381925,-0.0,-0.0,-639.4668968146444,-2374.193326041377,-2066.688842708252,-1410.501581509429,-362.1124485693736,-1927.8960353098628,-33.412073245049,-1357.7402598598928,1022.5902170585043,-7.727891400773711,-949.1930134396283,4.082673849637338,-0.0,-0.0,-0.0,-0.0,-167.27781577339854,-0.0,-0.0,-0.0,-968.5001830743512,-1552.7465405817238,-0.0,-0.0,-269.9079619326936,-2331.3068129429676,-0.0,-1486.263274879861,-1748.5826253676373,-2138.126739300645,-0.0,-0.0,-109.3214526764149,-90.57081914160703,-1084.2161947522804,-1585.7032050951887,-587.6482361446098,-1391.3203267412464,-1320.07689495592,-0.0,-0.0,-0.0,-0.0,-451.66499437932293,-269.7112278330969,-0.0,-0.0,-102.61090296718966,244.74795897392687,-0.0,-1317.0465520793143,-1095.505963412468,-1138.8675897358148,-0.0,-0.0,-674.8200952763267,-1275.3000458624601,-791.0102342555041,-436.400695913816,-0.0,-2341.4456488999426,-2452.563076119833,-0.0,-0.0,-0.0,-0.0,-0.0,-1550.1909772657682,-0.0,-2404.059484361365,-1391.57180667887,-74.77508031276388,-0.0,-0.0,-0.0,-2878.013206108699,-1421.2663537789513,-584.9105298463887,-505.17714086160214,-1297.3136024123198,-677.3610522231214,-0.0,-0.0,-739.2597197843653,-1465.3440675338497,-74.41372487446063,-501.56798430658404,-0.0,-928.4487642693362,-707.7551730120776,-1926.8184485312297,-0.0,-338.5380464864277,-140.15207435425825,-349.7688723461505,-1557.776659831619,-313.01910931155265,-0.0,-0.0,-0.0,-0.0,119.81858638831591,-156.6591032371232,-945.7113284005766,-1607.6817139472537,-1209.8707212411562,-479.949049804465,-624.4445498752507,-6321.382801614061,-882.5813537522564,-576.8464027061301,-0.0,-0.0,-0.0,-298.49530432630814,-426.48716831151324,-1340.3731878435483,-395.71136867084266,-0.0,36.41055316309161,-0.0,-0.0,-0.0,-0.0,-0.0,-0.0,-0.0,-107.2292539989918,1741.8867188950849,-0.0,-1601.7046514590927,-748.3907324876805,-450.881067307193,-1759.1096796956058,-0.0,-0.0,-719.7262341461811,-734.6767727535977,-120.89045512655964,-140.32316537380893,-149.4104134332675,-663.196389592547,-169.77493185434233,-1993.792189319863,-379.24123620874343,-438.34925833241635,-0.0,-0.0,-1592.0761014075106,-3019.1338776515195,29.729565505173607,-553.4242457957303,-388.0269002109231,-979.7148445111078,-1340.5297535997,-808.29238216278,-310.3026895762792,-176.87630971462988,-1370.4134385397147,-0.0,-0.0,-0.0,-0.0,-0.0,8436.474626710904,-77.30773540392556,-574.9049012364987,-726.6204378677405,-1155.306159788848,-1270.5024703351041,-1389.5417996473752,-1732.4610758174656,-1999.6705402925877,-472.38085206899154,-0.0,-0.0,-1598.5298912590806,-0.0,-0.0,-330.1797743163612,-2075.041641493635,-1306.461388110057,-525.6388067225513,-66.84336715436541,-1761.1553908001786,-0.0,-1524.8109027615835,-0.0,-0.0,-0.0,-0.0,-0.0,-0.0,-514.8022203547749,-1395.7683071230097,-1131.8890523966022,-89.97925918296409,-261.2491768481826,-644.9948116136885,56.417856857280476,-0.0,-0.0,-610.7723760305141,-579.8417811560903,-4251.793940719472,-0.0,-1347.319495512851,275.1658495570989,142.28942488685763,-0.0,135.5007493531624,-210.65249176932932,-157.60327279648226,-483.25550734850066,-0.0,-1872.9614509290845,-0.0,-0.0,-1158.901262310245,-0.0,2580.9301878630085,2510.9016193715593,2368.579187176269,-0.0,-0.0,-1929.230210466078,-0.0,-0.0,-369.3957157715991,-987.2966080183826,-788.3241204101005,-963.5309997697818,-1144.4635795897898,-0.0,-0.0,-0.0,-0.0,-780.1804538730798,9.119108660374524,-57.76496572000764,-1107.2609022139188,-1065.030453748242,-398.4641271525238,-1576.0620597748796,-0.0,-2231.4887155750775,-1156.7572838602396,-1509.9312849407256,-447.75544628231063,-414.1676508304376,-0.0,-1372.6816704615185,-765.9706387612957,-936.580589041016,-2267.0120574951598,-606.0933188576739,1124.8049709361558,506.65613657812185,-350.39550396393923,-1329.318336404746,-0.0,-1857.341902631161,-3724.9891365980275,-472.43013632592505,-514.5362417179808,-0.0,-0.0,-0.0,225.67019880443252,-379.6561208279325,-557.8877088715625,-158.05330907811685,-506.91110853001385,-542.7591021621499,-0.0,-462.77986738131585,-1001.4001525587478,-783.1013268653891,-0.0,-1929.0190588722517,-4672.848201259533,-0.0,-0.0,763.8857420701049,665.6111114584535,-0.0,-0.0,-691.6904559495578,-991.2779387802937,-348.61987408213406,-721.2028255560432,-0.0,-0.0,-0.0,-0.0,-0.0,-2873.269102448168,-459.6623330559619,-1738.4268217754607,-1213.2439111092833,-0.0,-458.2630784149491,-429.68330804365576,-0.0,-237.0194427177942,-738.4425982817424,-1276.2019490185226,-4296.681997209932,-83.46421388805466,-0.0,-0.0,363.94175923194234,836.6172345855504,-0.0,-0.0,-404.33167925563924,-0.0,-0.0,-0.0,-2716.898461976045,-0.0,-573.9909086559825,-0.0,-0.0,1831.310349728164,2294.778777874506,2188.138620366056,-0.0,-0.0,-492.34560640997614,913.4557680953776,-2768.0247759539734,26.877302707042066,81.76865849966426,-2659.9935388505337,-114.56900483632434,-213.27425364631523,-693.1556053182712,1021.1702836501169,3516.7074075327187,-3179.9640726622906,-0.0,-0.0,-1024.4996564769017,-1753.9721598911792,-1268.0978224744247,-252.30084101388505,-45.580608880786635,-0.0,-0.0,-0.0,-0.0,-2112.1900573837625,326.1083438899458,-0.0,-3.866883553906285,-0.0,-1756.1278651238533,-2180.1057273041497,201.6768761117803,-0.0,-0.0,-405.39657397481824,-0.0,-1790.6403267578892,-101.43527979707615,-1227.1820106639088,-479.64145520564006,-1259.0125440761317,-704.3310544700903,-1216.2546902669044,-733.1308505853845,-0.0,-0.0,-0.0,-123.71896556435068,-0.0,-0.0,-283.07467147551023,-404.3860160744098,-704.2328229024063,-0.0,-1461.128788679373,-1129.851719243773,-949.7367439292694,-7.8482634427011835,-8.02205585789619,296.06763478319743,42.57609138965946,-0.0,-0.0,-13.215349815713363,-1893.0618435098058,-659.645763467245,-1027.2802806747559,109.42395192056807,-2333.2918799296876,-1945.5779297213078,-1022.6033087075324,-1144.4308335283374,-48.297933106206045,-622.2796149793767,-755.4854997759642,-1348.0396176120635,-2177.0487983279822,-0.0,-2178.588892998729,-162.15078797916766,-0.0,-2672.676165209778,-2857.7714785319445,-2495.390247767364,1640.925499481871,-0.0,-1882.0579014843377,-245.1755528791363,-1326.3836664903417,-634.9164040184951,-127.51617639269509,-2353.2461637093375,115.79268242694467,1778.3646068092803,-0.0,-215.71429938587949,-436.57338484965595,-1160.0613001614383,-1258.9727662486046,-1857.9428066337675,-4353.785306141715,-0.0,-606.7361240235838,-1395.1686842717481,-734.4335323379454,-257.3377185886455,-29.58368633876488,-331.78637277590764,-0.0,-0.0,-0.0,-0.0,-351.087858078821,-1349.5491300433782,-934.4070630679632,-68.07186583721267,-612.1817643412081,170.7064363487773,-0.0,-0.0,-925.5543476142116,-540.9443681004122,-0.0,-2277.987264184394,-100.62598575046074,-1380.214823625332,-0.0,-216.0475927724112,-210.23761004112376,-0.0,-0.0,-489.46440609454186,-0.0,-0.0,-4388.981315799781,-204.52958253757626,-2656.066681549981,-0.0,-0.0,-116.59897775867448,-1577.4285684974727,-646.7174556898533,-399.13459374611637,-1571.252848315636,-0.0,-731.7362784539233,-0.0,-567.2884892016316,-0.0,-0.0,-211.1481108522385,-88.61895451989066,11.832995630503893,-419.3962025651864,-1511.327017056688,-2231.6792755278607,-0.0,-0.0,-0.0,-26.619618240485377,-398.18637945600767,-0.0,-1726.4016573661922,-3073.2610029918246,-0.0,-0.0,-60.381980160558975,-1716.7618780863054,124.88097637274521,-0.0,-0.0,-0.0,-0.0,-499.29092490515643,-2251.863019049831,-217.58695886616056,-1457.4947579266693,-0.0,-0.0,-687.3094640117082,-505.64331993267916,-361.5066313418504,39.39296706392859,-0.0,-0.0,-0.0,-894.260392869767,-694.1985097175034,-536.8866214691335,-339.86684784490853,-0.0,-0.0,-0.0,-0.0,-2467.8028722598146,-87.75906156520342,-25.051922821266555,-0.0,-0.0,-713.1433032353715,-386.6023307120308,-0.0,-2006.7116966461474,-4753.712616617388,111.84596337097719,-1246.1686169578034,-0.0,-0.0,66.33216174036279,-532.2639035110785,-1936.8110429550225,-546.9265595726486,-3069.3012543842856,-1333.1499749781428,-808.1521322845277,-1515.1099290222592,-0.0,-0.0,-0.0,-38.765883401715904,-1327.7978542084836,-0.0,-0.0,-3188.5314241463557,-85.15748752354932,-1479.7963938686376,-820.9942261210502,-0.0,-0.0,-0.0,-0.0,-0.0,-0.0,-746.6975641592919,-0.0,-1667.2363521097768,-0.0,72.45929149364879,-1396.8906190973148,-0.0,-0.0,-0.0,-2350.2980446390825,-0.0,-0.0,-540.1524852064989,-0.0,-0.0,-1104.5023119381117,-608.9039086433555,-0.0,-0.0,-190.4267392971979,-2077.9242166845843,-0.0,-1166.5055522165567,-897.2148156348151,890.78773903902,-200.06641649104546,-0.0,-597.0826679001875,-2.3437536980509583,-0.0,-23.17505111932223,-0.0,-381.28322763187435,-0.0,-0.0,-0.0,-0.0,657.1812414962734,700.8263258674805,-938.9563638952156,-1682.3274297554537,-0.0,81.86715708086307,-4.2224166149980125,-88.59265426336562,-976.4011084246386,131.87988505322312,-568.0954930517482,-430.1730603325125,-196.65374342017307,-3551.4095959505858,-0.0,-244.79968368195028,-1882.823614854099,-2631.7238130619894,-0.0,-1193.470427059988,-1806.5094230691134,-2193.6990871873404,-788.2605781921073,-0.0,-962.7395965629082,-770.5052393101456,-839.2172736029479,-1313.4376715042501,-1044.6540452081997,-0.0,-132.4862935715193,-1412.165315422914,-0.0,1255.4181802930711,-408.82135983325264,695.1833079203345,-0.0,-0.0,-103.55546872221737,-45.62562011668193,-2529.195293054338,-973.2945737203128,-0.0,-1032.5160297138664,-3322.7050971488825,-967.532515411683,-916.8439312206434,-1241.636032219905,-420.50669043624316,11.912082396742974,-42.53736126085741,-0.0,-0.0,-1024.225746646107,-80.24787729718659,-0.0,-0.0,-2054.533715040627,-720.5295467585082,-652.4028141969154,-2036.9758802289746,-101.78192392123833,-18.904735764014486,-2745.6204884352287,-947.7771437606225,-655.5644577246981,-1105.1398101611485,-0.0,-2329.2313464915223,-464.3184847940243,-1377.5495034470218,-1717.6842570736528,-406.01756474575865,-561.6994418307138,-1821.2657234203714,-501.40345378184054,-0.0,-0.0,-0.0,-1426.4874152201608,-0.0,-3600.0378898055596,-1257.3198579280836,-1575.8967268907784,-0.0,-0.0,-0.0,-0.0,-0.0,-140.7585827414989,-0.0,-256.80066596870415,-999.1115425220823,-392.7922064395105,-0.0,-0.0,11.447086850242375,-0.0,-0.0,43.21533072030224,-307.347067241701,-0.0,-576.3320282786036,-0.0,-0.0,-89.1671358124309,-12.293978877334991,-2726.566050374247,-2366.781260433318,46.88654294531403,-6720.8561627222225,-956.7575775509409,-615.141775775263,-0.0,-824.7134595013714,-1460.8818605790004,-0.0,-0.0,-0.0,30.445506435972778,-0.0,-1502.5261374395077,-0.0,-1501.8190772961464,-0.0,-0.0,-2486.455741002378,-390.94772338720026,-669.2538245655045,-0.0,-0.0,-0.0,-0.0,-289.1864907578051,-659.2508475848646,1320.7281196319184,1056.5746104949917,-740.0339920425516,-9.074682839110237,-0.0,-312.70365300568,-340.23405108606016,-1834.8631375306752,-582.3577752633976,-123.82565018339797,-1077.6090513902313,-1496.8414521268926,-973.7549952354627,-644.2876445236685,-0.0,-0.0,-0.0,-75.70618549851467,-0.0,-1790.8642224153198,-699.5943169561298,-0.0,-1901.9592098165635,-1183.4406585479203,-0.0,-0.0,-0.0,-0.0,-0.0,-1068.6340709619003,-0.0,-296.5212755366133,-1753.5734554443493,-0.0,-1121.5784752545733,-0.0,-0.0,-0.0,-2764.7533216570223,-1361.519300098441,-1018.3149883529272,-2404.8014410334213,-0.0,-0.0,-0.0,-85.75340447477355,-528.4280782323979,3.9644091388252183,-432.33878814886134,-309.50107394960423,-0.0,-0.0,-355.43914279047476,-1604.810192144187,-3642.496816442504,-0.0,-458.7005661750807,-1285.5392413603474,-441.8521275897951,-502.6147232107899,-0.0,-0.0,-0.0,-1857.6614297332046,-1806.6650118537686,-42.31889667841865,-1771.0221647439027,-601.6449963991234,-429.3516008664425,-8.068589773183989,-1298.5702442442748,-0.0,-2105.304148911833,-0.0,-492.2787704546335,-0.0,95.53540177568968,-0.0,-0.0,-584.8667361685985,-937.4864510549082,-8.475948456506456,-0.0,1245.4365529993192,-0.0,-0.0,-1918.6456227094948,-1722.4043047852886,-1140.4189062193796,-0.0,-433.7471866648323,-714.4603651289092,-1612.0130361246574,-0.0,-0.0,116.19166476564065,-776.9417513048116,-0.0,-0.0,4.3924563296183505,665.4058754267398,11.541682505881399,-1545.6551474181133,-0.0,-0.0,-1742.064706760189,-1787.64891244777,-85.53957202126716,-0.0,-172.20474445601278,-793.7656371702839,-1058.5669644771172,-1808.7353280865968,-0.0,-991.107779634584,-6.715166746140441,-0.0,-1658.799134248748,-0.0,-0.0,-0.0,-0.0,-694.9202226631154,4.178410117852667,-16.4720272506505,-0.0,-0.0,-593.7947238489309,-0.0,-0.0,756.0308686135011,-1134.282047765638,-47.26339836718956,-2257.0370974580837,-0.0,-0.0,-570.1150547521959,-0.0,-316.25092411403483,-1250.6925510643077,-1085.9307387541437,-1108.436011644543,-0.0,-0.0,1484.9235230560744,-0.0,900.0341374789621,995.0714200134198,-41.0035510475474,-829.6483908095089,-0.0,-0.0,-117.5159313919055,220.91995899639562,-846.1773373140508,-391.44719168511034,-1214.0925803658135,-2771.9185628678833,-2116.972253768119,-0.0,-0.0,-273.2893406927174,-5882.390522473162,-590.5081464381565,-537.2801910766472,-0.0,-0.0,-603.4241527775753,-0.0,-1027.5140802956196,-1475.699550211403,-688.791699220767,-0.0,-0.0,-54.88845496538327,-0.0,-163.66095890769583,-1296.8363474925777,32.08344324822188,-732.9041975966428,-484.5693604927662,-258.28144916816285,-727.6227813446092,-2605.1537029459123,-15.6094840384587,-1266.9207054382211,44.84025427039464,-1125.4654429617929,-280.59712236636204,-0.0,-0.0,-211.25630793373836,-0.0,-0.0,-1808.6813943721506,-666.5772093037803,-0.0,-802.5439821155364,-593.3955266759905,-0.0,-0.0,-1665.4002416205362,-817.8732302423718,-1525.6937462758576,-1575.6568279900785,-0.0,-102.4404174295873,-2957.360036578368,-1001.1779950199267,-328.8244293225587,1710.761474974991,-1804.051365498168,-1341.8979342638568,3.8807364163713536,-874.8747109092056,8.130659443811194,-1886.2014164335444,-0.0,-3309.0972697539555,-837.0761469800992,-0.0,-1809.57013711282,-1577.9278175008249,-0.0,-209.1305195989172,-876.8247205334991,-1045.39440818927,-1610.2167753831943,-799.0111221059257,-487.2064345595022,-603.8303979872095,-0.0,-159.65940747321835,-0.0,-2651.6629646797805,16.624511034341868,-3463.5420340887076,-829.4131795400888,-44.84358614072613,-44.60706667489896,-1423.4793351069602,-991.0019196348345,-0.0,-500.74547790850596,-0.0,-0.0,-687.5784962710073,-0.0,-0.0,-0.0,-0.0,-0.0,-0.0,-0.0,-776.5801029453585,-492.5147134134307,-2706.9989758020956,-2706.881573738332,-0.0,-0.0,-1250.4051821240225,-2030.9951992655242,-502.81545886672575,-213.1155717176145,24.53678231880188,-0.0,-1408.3012537331115,-0.0,-2567.997908605402,-0.0,-0.0,-0.0,-0.0,-1915.5260385503475,-241.2123407201073,-538.4340794921985,-1188.469633546476,-1290.751120530312,-1086.9836442602946,-765.0051331208679,-1248.2852241335265,-0.0,-0.0,-0.0,-0.0,-665.6120368321583,-455.7818807331163,-1531.9354432707441,-0.0,-756.8096948919982,-5627.39326438454,-664.1396802542679,-813.9539744135677,-3510.539847773622,-776.5106554809572,-0.0,-528.145986434056,-529.236174417312,-1186.2072752141032,-695.1765738122618,-1625.6695931950574,-1706.2769510884991,-0.0,-0.0,-0.0,-0.0,-1550.877833126444,9053.388540315522,6728.376709141703,-0.0,-0.0,-0.0,-0.0,-2193.8785519059616,-1023.267637778508,-76.26053936500851,-1572.0052285933934,-790.9409927105812,-0.0,-0.0,-0.0,-0.0,-792.583616934946,-0.0,-1790.7154483721422,-272.4298018901052,-0.0,-0.0,-0.0,-0.0,-114.70053874775428,-498.01723315004716,-443.75872081380027,-898.9492868138447,-1001.5263674831208,-1196.396324122201,-982.3366651497211,-333.6586953189099,-1453.7366805393929,-1728.457736010109,-1204.2409041128456,-1717.3473411581476,-39.29727126681627,-1307.946794966482,-993.6462726564853,-928.3381935846533,-1582.9772540448464,-321.1222510243182,-2698.692063758695,-1750.0874422329016,-1894.3316538743454,-635.8463069553252,-543.7173740263994,-1251.9338193807166,-0.0,-1010.4884801860478,-0.0,-3372.9171759689016,-938.0006879513274,-334.3911989050745,-1700.7900916673539,-1565.7934740189007,-1181.6746636954153,-0.0,-0.0,-0.0,-0.0,-858.9514960640333,-3269.2571181275935,-1776.2946228612716,-0.0,-0.0,-1050.1925880046977,-0.0,-0.0,-1168.0725640670896,-481.04178743087994,-981.4812033766742,-549.1873840614172,554.2121516379423,-1175.2562170276062,-659.1916103406215,-1766.926912155805,-0.0,1377.0929203069652,-0.0,-0.0,-1067.7563152976443,-5253.358917484565,-0.0,1520.2423185602831,349.83172372204416,-776.3604902289882,-241.92492109382042,-0.0,-1797.361740245277,-1059.4161412057456,-2414.57210592782,-2104.638054211355,-375.91265356538497,-0.0,-530.5456399095883,-195.49728820547196,-0.0,-1222.3669338937461,-0.0,-1839.7177245293615,-2601.934530885315,69.6545570569047,-2408.331188899947,-2017.9750800348913,-0.0,-547.2363455335819,-1390.3026298370762,-2332.4812122024778,-0.0,-423.8632916662668,-2555.0112188345,-962.0044567346307,-847.064002921536,-993.8714230481473,-432.846934156888,-902.7309549227134,-1555.9578390942818,-0.0,-1004.8998844407445,112.77062854772625,-1260.2887810096374,-0.0,-522.8654330182006,103.26729617365632,-1085.7902447194347,-662.3798067914282,-0.0,-546.8287219131093,-425.4999926021335,-1867.3011593782423,-1191.6278990061867,-1722.3970917330714,-909.1978788398692,-721.3906429392508,-1037.016602062353,-2010.5820158152962,-23.59518633243262,-0.0,-494.83534616780645,-697.2626287358898,-1354.9175639388866,-2136.1081403228795,-350.6701061960399,-717.878669983753,68.80599576059019,-957.6647884845326,-1213.9180418837816,-934.8369810693014,-0.0,-924.7774303735067,-59.46552515543379,-2487.5192200930746,-0.0,-462.40931673103745,-921.1250318696008,-528.1717098057682,-2557.424517119769,-186.88130543421764,-1639.03313472514,-775.3268728222118,-2525.5978565710484,-0.0,327.760000356407,-0.0,-0.0,-328.89644992966464,-0.0,-0.0,-3902.0053664635275,-31.797107484430466,-42.92954340379546,95.26683741418286,-1429.2821150997681,-0.0,-0.0,-0.0,-0.0,-0.0,-31.88747461851353,-0.0,-351.3614194855916,-0.0,-341.1745128162142,-1705.0343587919158,560.6931907277285,-2831.395916010913,-0.0,-0.0,-0.0,-0.0,-0.0,-0.0,-0.0,-0.0,-0.0,-2843.0289029661676,-0.0,-2919.2693945170627,-3017.4738037012694,-38.855726146080144,-0.0,-0.0,-0.0,-0.0,-908.6467434029137,-1113.4019750589728,-0.0,154.8463323438594,-646.8201828803051,-2107.1458493684536,-675.8441632939771,-0.0,-589.3952904368003,-1020.7525289261117,-0.0,-0.0,-664.7269413357134,-835.4904665338778,669.2295967473431,-531.4850907281102,28.055216979241315,29.743640804402872,-0.0,-0.0,-0.0,1782.6853277734222,1396.360441900741,1526.8333182968518,-0.0,-0.0,-0.0,-793.4356868285809,-0.0,-0.0,-909.9975578381371,-77.6540762594778,-432.7123764244843,-59.750091498960224,-1141.0212809291372,-796.7068156852789,-1355.6088512588897,-134.53514780333492,-277.4760873324237,-1192.820938169017,-0.0,-2391.789623671538,-15.866973509562014,-952.8693051685385,-873.173279554491,-17.43218143424632,-0.0,-1237.5137925423364,64.09080988175505,-0.0,-0.0,-0.0,-0.0,-0.0,-1493.4425860837803,-3645.6407726870566,-0.0,-693.8905948800792,-64.25025663216513,-0.0,-0.0,-0.0,-480.3490753951269,-26.735922293322254,-0.0,-1312.5632700356978,-713.8165574167363,-0.0,-0.0,-562.3428419531947,-0.0,-0.0,-1735.1892792745305,-1535.9380612558502,-0.0,-888.2056047802188,-2133.4362847974558,-83.30291776575226,-0.0,-0.0,-273.36182375480166,-843.35636714764,-252.86072209091134,-192.79214044639207,-150.54914182803972,-0.0,-0.0,-0.0,-1275.0928726857023,-1105.9288244505212,-2263.138631192485,-298.5223657662747,-1386.0188213320855,-113.31888721454663,-176.7007789291215,-521.5619900429061,-1933.011196088015,-0.0,-0.0,-1624.8602940848928,-1818.576550613685,-0.0,-0.0,-0.0,-631.6620086008696,-2055.903489860808,-3543.234256185661,-0.0,56.09825584891076,-197.58760069577292,-681.2277664787391,-627.7944044837526,-2085.283050637666,-0.0,-1602.835672633233,53.8465489783756,8.90993768387959,-277.7391514864113,-0.0,79.79623444177155,-290.1468601510359,-483.1418656999477,8.672910128167159,-0.0,-0.0,-786.8964529407024,-12.21442772626649,-0.0,-1433.7825792758963,-984.8200733808883,-1265.6767989629172,-853.6644804235848,-1316.0855248199703,-1602.304002320082,-0.0,-0.0,-0.0,-0.0,-0.0,-389.744541523597,-649.8771659378001,-1273.119882739391,-1367.993811099413,777.2760178208302,-1563.544675709966,1741.0379369829427,-0.0,-2241.377217573818,-1756.3376941694953,-834.244415763829,-32.84841745988297,-113.71336284840993,-2301.0569553406863,-229.53792640706638,-0.0,151.43828647018933,-996.975981565349,-0.0,-0.0,-585.8578479397863,-397.06849438113636,-442.1739890343149,-1263.9932484637613,-1651.2197290292302,-0.0,-1573.1532401540712,-1309.2481692252989,-4786.756827878442,664.0814980892393,560.5882620022675,732.7966236703928,669.1005667128533,-0.0,-0.0,-0.0,-0.0,-0.0,-0.0,-0.0,-0.0,-607.9078258875155,-0.0,-50.004694042463264,-45.26125463418301,-0.0,-1147.7363889817386,-1371.466744189527,-2018.5987740138833,-0.0,-0.0,-0.0,65.36148263687654,-3386.8000303341623,-657.7326251407217,-2852.50609460467,-1837.4139527845484,-0.0,-0.0,-170.0843464991723,-1332.02298521703,-0.0,-2353.7378880516326,-722.8638451800534,-0.0,-0.0,-0.0,-2213.2132332753963,-0.0,-0.0,-0.0,-0.0,-0.0,371.90354435440076,-0.0,-0.0,-0.0,-999.3491547367769,-0.0,-0.0,-0.0,-0.0,-0.0,-0.0,-0.0,-529.8363552007322,-1047.3571635229264,-1421.698084311459,-1649.3545879164412,-594.2236397596313,-1160.86141920938,-35.93967870310253,-0.0,-663.567431393773,-47.99640715473473,-0.0,-0.0,-0.0,-0.0,-851.7627071746298,-0.0,-568.6486458675587,-1374.3426639258169,830.0236776670274,676.5129198245065,836.2976188532817,731.3330530147895,760.4638753582078,-0.0,-0.0,-0.0,-0.0,-0.0,-0.0,-434.865434160344,-0.0,2185.0126548824314,1023.8427229880249,1202.1719636774844,-0.0,-0.0,-1363.1272735446994,81.8354600894076,-62.44459009582788,-2345.033578309696,-0.0,-1751.1283719250698,-0.0,-0.0,-0.0,-0.0,-589.7804083933119,-0.0,-615.0751987739812,-611.6567044174827,-351.19124099255356,-0.0,-15.05832001127416,-0.0,-846.1388478700002,-0.0,-2403.9237755989666,-581.8671408290563,1728.2350536116744,-2175.3991865549174,-891.0021443727776,-76.23898434669961,-873.6356491247953,-0.0,-576.0945200218206,-80.5029926368638,-2443.6877075186308,567.0109789138801,96.09647964882757,611.124125083255,1252.052216900529,-0.0,-283.69409091130666,-26.72905717169086,-1258.455403496884,-1057.018988394199,-1495.9182307610945,-1843.6239463325685,-0.0,760.6438338434647,-0.0,-419.2661418415124,-2791.157463066035,-1244.1012104263398,-0.0,-1488.8260970465933,-433.4571379745071,-628.9385559288398,-691.1262412595917,-321.1306269403214,-1411.3553875839505,-0.0,-2011.5591036950475,-460.5002017503067,-1466.5620842912163,-349.55166569436125,-0.0,-0.0,-0.0,-0.0,-1242.265842962354,1112.9339150770236,-1074.6366391544584,-733.5579191518805,-0.0,30.467469311276712,-0.0,-0.0,-836.0491158858797,-695.8175652935538,-725.5613926143948,-731.448579492889,-0.0,-0.0,301.87793445953645,275.96246137259703,612.7227680595455,-0.0,-606.2781998355304,-1912.5953538979109,-1298.9719296846176,-4.3031924325311035,-1615.5128378067286,-0.0,-0.0,-0.0,-577.9996056888683,-998.7143838201061,-0.0,-1416.0819178464783,-0.0,-2873.4864239028657,-3922.5333847452675,-0.0,-22.69761653857509,-0.0,-797.7273210774172,-0.0,-0.0,-0.0,-2123.9279545467543,-1039.5707184426542,-618.8055175591234,-808.8832189571408,-0.0,-0.0,-2337.209385022896,-0.0,-591.884656925619,1076.1395056250092,-1062.473802494722,-820.3384551103616,-625.3029552452182,134.19634700746352,-0.0,-0.0,-1350.6600003143708,-0.0,-737.8888181652122,-75.67051165543997,-395.64500433956783,-323.3149226709183,-0.0,-0.0,-226.9378687701901,-690.3862427446303,-1071.3769932871123,-580.0585450992608,-1082.8128913859607,11.658102986812771,-0.0,-134.71513893448383,-1926.7336238697292,-1248.861917684652,-0.0,-0.0,-0.0,-594.6711693348492,-606.1445710071243,-1382.97955530716,-0.0,-0.0,-0.0,-0.0,-0.0,-1529.7958222360287,-725.2676723551729,-0.0,-566.2480257145045,-0.0,-18169.814618653014,-802.8661225525758,-125.02059946974343,-714.1015766901783,-0.0,75.18076304522903,-1205.6951363798842,-2503.964501070083,-0.0,-0.0,-0.0,-772.5584963043384,-482.4212346701725,-1019.2347931117037,-962.5780110950759,-543.0851995429365,-0.0,-0.0,-1667.477094326802,-572.5831628777222,-2370.679783733587,528.984832960617,-2167.509988338132,-0.0,-0.0,1776.5857693651838,-1575.7071889281767,-0.0,-220.31165640397663,-380.6729084006308,-662.826099394367,29.08449328363531,-772.5746329930485,-0.0,-0.0,-1221.9606408016123,-1453.314978274523,-2970.3943362471814,-0.0,-0.0,-2290.9223171784306,-819.314975501724,-878.4753867725397,-2375.046946466345,-1594.2501719118009,-0.0,-0.0,-1144.9687698306536,-0.0,-77.41246154472918,-1577.9976123994436,-1700.6484846858882,-0.0,208.4029262170534,-761.2555177454433,633.0518600423861,-247.02688927590907,-251.20663190090525,-0.0,-465.7713186560043,264.40101120375544,338.1419839820733,-394.8585017283647,-2476.838300325755,-1948.0936867283867,-84.55653109071685,-4952.040321275233,-662.768031956258,-1143.567719980064,-49.52634759223254,-3578.258341380714,-345.9412507953683,-680.2608382392824,-274.04891332608014,-1898.1029584994965,-1088.712651056666,-3279.3568447099397,-5655.387429995181,-84.75084179273755,-695.3489907792658,-1527.4503372771755,-1244.4106532402443,-0.0,-3359.0667058085633,-0.0,-300.0501762637875,-1767.2210753946376,-1244.2294600058187,-0.0,-0.0,-916.8955213368786,-255.39684721319077,-0.0,-1460.2413138511622,-0.0,-765.5555497023255,502.45260693703284,-2315.882943016341,-486.5371627476962,24.022165016199896,-13.426470994309696,-0.0,-2074.3117575871274,-591.6826748159492,-0.0,-139.62061128124844,-0.0,84.26231604202594,-165.37990176778902,-0.0,-414.3022239870267,-1407.9444925552912,-446.70447352549115,-912.8953085179769,-1983.1972823330536,-0.0,-3738.0187897531655,-1769.473454961203,-2852.609927108031,-2368.8246549282703,-86.01850277795708,-241.5815782961891,-581.9056571223397,-1362.8660854570671,-0.0,-0.0,-1197.007926476017,-187.95608959787052,-0.0,-85.71589298192724,85.75916207405703,-2264.392037482219,-0.0,-0.0,-1186.2884767834207,-0.0,-90.1191605326638,-0.0,-53.02720277103274,-159.47296242668887,-0.0,-401.4551998161674,5505.474177730609,-0.0,-0.0,-2685.8999259171237,-706.4912251657564,-235.02227937006796,-0.0,-0.0,-0.0,-584.652529485735,-2113.070450773077,-0.0,-0.0,-0.0,-2079.0505458492053,-0.0,-0.0,-0.0,-1526.5836616020958,-798.5220933969272,-302.961439085933,-431.434293272678,26.711558590121488,-686.8314974128616,-392.53648543113377,-196.77714558700336,-2416.744542777062,-0.0,-0.0,-1232.32292276527,-826.5296890292337,-2590.4496821194257,-0.0,-0.0,-2369.8710199835255,-695.859487965045,-1331.7051535298917,-384.06463772832547,-664.0331942086165,-2014.8172460135127,-803.8854670882589,-79.44839443601553,-889.401638889389,-2188.202576172867,-1571.4864197988327,-1298.0916934996758,-0.0,-567.118926363407,-0.0,-1822.577841884799,-386.5782634136882,-202.10427636246814,-722.0942556016821,-736.2639862089084,-12.063558107340594,-0.0,-1102.4506498936921,-585.040413519659,-45.64026121534925,1475.4476197828565,-77.6599226170749,-0.0,-727.3112063521243,-513.2072589393396,-0.0,-760.8609857546503,-1615.7956967054893,-0.0,-0.0,-0.0,-0.0,-448.0084529243094,-902.3715889136723,-355.479026257416,-498.3617803721918,-360.5792890005756,-1650.428437594676,-750.3282781441211,-1286.6885318312018,-2658.6636511977,-1799.748409388214,-0.0,1009.362247669026,964.473082756177,600.2776249163106,810.9017869653826,420.1498416481704,-0.0,-0.0,-0.0,-0.0,-0.0,-0.0,-0.0,-0.0,-56.92200748595579,-870.3475311492276,-507.34303364180977,-276.03502587460883,-1103.626446159422,-104.77615172444894,-359.23404544984265,-1176.09138474155,-273.1976008805033,-1968.4973273644732,-836.505122811741,-77.89277384568642,-394.1542845931405,-26.930228394134122,-0.0,-542.5089256089341,-162.62535638778004,-240.13277905850228,-781.0311508697571,-298.9008884255409,-1639.9590813153418,-317.72290679373833,-0.0,-0.0,-2041.0919046911517,-525.9618127991241,-350.0979797337229,-506.8431223065149,-1005.4478812489241,-416.59595255463523,-393.17146398725316,-0.0,-696.0690544953194,-793.5026575546676,-707.6494212059605,321.51348325608376,-1411.026883302695,-2029.3532517826204,-194.32380840382496,-746.5233919952152,-758.5737612372583,-12.873825538610042,-0.0,560.4072471421968,-837.2343916278836,-35.05711858632263,-1971.7101585627986,-0.0,-0.0,-1156.8880723206487,-465.407674154426,-0.0,-545.2225547904322,-674.5456954114037,-824.0342043927249,-0.0,-714.1945729529759,-518.2213854621502,-2195.607727848155,-4343.375811093324,-403.5985936915312,-0.0,-91.28435667250479,-423.6279898494982,-1647.2167992644133,-229.0959062055571,-577.9389966008317,-761.8478231752019,-713.1172297725232,-339.7455517745437,-0.0,-0.0,-1638.1844768159795,-120.44371884777344,-440.92383082661866,-740.4964285347708,-1239.6015445322673,-2581.899118837972,-0.0,-551.1586357579265,-0.0,-0.0,-0.0,-0.0,-0.0,-29.696022937245516,-166.50124667282876,-362.1484328375506,-0.0,-0.0,-0.0,-0.0,-0.0,-0.0,-999.246250745907,-2060.7195297938088,-390.59715123635533,-551.4326795073528,-38.8584523629625,-0.0,-0.0,-395.3581388689034,-0.0,-0.0,-128.3716682976762,-2945.720075238109,-0.0,-0.0,-1577.6114176129881,-584.8505339407685,-1037.1610968701484,-1085.7641463956932,-643.6846777527112,-0.0,-0.0,-1187.2064027474698,-1934.7736597864503,-899.7853880483805,-0.0,-1098.6865426273498,-0.0,-382.77124892635425,-770.3582699829955,-0.0,-710.4681992799514,-1909.7293071242893,-0.0,-1771.1551548169807,-180.04387080639964,-546.5950858249437,-1340.05839024367,-192.6990035487532,-1244.9912764393293,-0.0,-1104.269373205433,-27.299771856184822,-1978.5349817393305,-1922.7252689716142,-0.0,-0.0,-0.0,-0.0,-719.0409774621422,-760.386854375607,-0.0,26.860128311963354,-375.27708197847585,-783.6053558495851,-2198.139641631805,-2346.1886134744464,-387.61201376767076,-0.0,-1302.5670692502124,-760.9155727925286,-1940.3477852335166,144.264681952863,-0.0,-3705.703154906696,-651.666416905641,-0.0,-473.03397848272385,-1560.2709659820198,-0.0,-0.0,-539.408779052192,-1309.501758515824,-0.0,-1007.432771890955,-1304.1043092935686,-41.35785249179893,-83.72952236966145,-534.5760577916514,-0.0,-1472.9359283482959,-2602.555097935887,-1224.9282284079181,-163.67488336952178,-2102.1695110833175,124.08368203980719,-945.4278960811157,-547.2711408273185,137.87205378497396,-873.1894016613803,-1477.9083850399488,-836.1429839095889,-1524.1196363293334,-453.43943473922826,-597.8848795794653,-710.6318535279852,-1672.2237787900879,-0.0,-0.0,-1856.4604699143604,-333.32342895984834,-0.0,-1499.3684921781096,-1178.1722589150086,-0.0,-2917.441225638635,-558.3664974768641,-0.0,-714.9939983227242,-0.0,-0.0,-1142.2915191916059,-1203.9301598874831,-0.0,-0.0,-0.0,-870.0016550996745,-4.5538664896098835,19.90067428392741,-250.9522559051745,-0.0,-2110.980534246481,-1666.5507611275987,-566.663804414656,-2097.027866389222,-0.0,-56.88725794019409,-893.1220225259767,-0.0,-430.03197339153627,86.0510140440161,-1486.900019170902,-979.0130032890113,-714.5315936140819,-1258.8905344670857,-0.0,-0.0,-0.0,-775.3213534613174,-0.0,-412.17561363922334,-948.0334878118709,-213.10527440951407,-1169.4452214687124,-1953.4354312219602,-514.1827051144476,-1906.3809900778606,-0.0,-1135.5083492040967,-696.0222232011388,-541.7062589005524,-1164.7164609127499,-324.6584738202077,-526.9033612281507,-1328.317647603376,-0.0,-0.0,265.7554806583169,-2828.111799600471,-1009.2736583852932,-282.44518879963965,-0.0,-319.0448437803061,-502.73241227203914,-715.1444796443172,-0.0,-0.0,-853.925258219402,-0.0,-22.639279605748612,124.72097633156348,-132.4250182200582,-2126.810895825619,517.7348940897269,539.4529162808508,453.30354898949224,602.62616030381,48.155788049096316,-0.0,-637.2504550448924,-765.1847250351278,-366.2515114833163,-10.026558208627446,-0.0,-0.0,-0.0,-192.11085414032507,-12.399534047760552,-1077.050053349875,517.0347414785267,2444.640886466202,-0.0,-0.0,-0.0,70.55547318926043,83.79981463573574,-0.0,-3104.7449582460104,-0.0,-0.0,-0.0,-0.0,-0.0,-2260.4777436661816,-283.0483485096113,-0.0,-433.6929711664717,-2028.2938879710985,-169.68587717286465,-330.4135432272442,31.24743681359215,-1912.7230357419098,-3807.4255857919457,-1687.7895241447286,-0.0,-0.0,-1655.8599585522113,-1026.253711052333,-730.2451210306104,-484.91768924680593,-342.53432674999317,-985.3594909170869,-1016.6200604568,-4974.692009031788,-607.6027562809551,156.26280164911915,-783.9310517527564,-930.6276253780702,-654.2761592106133,-645.2881457291985,-7.751198180735395,-1922.9786401541478,-825.2205081016479,-551.3222833387312,-0.0,-0.0,-0.0,-0.0,-253.48922784753032,-1226.344877196542,-0.0,-1330.5735751768966,-1411.2076051402587,-0.0,-0.0,-1469.6831487832999,-0.0,-0.0,-240.66529411764733,57.76870960192674,-0.0,-0.0,-2980.4100143370715,-1163.6496693030267,-113.42569758906016,-1004.2711181404304,-1228.4312718104193,-0.0,-320.92944360437417,-494.5171344420653,-0.0,-1546.9284526789966,-366.4023130205797,-1033.5436522099794,186.91513367216834,-858.8801861224337,-228.69240364983187,-237.54187218807928,-55.300730858214635,-38.405611297544866,-638.4206554258367,-817.5584803063322,-448.34845847441187,-830.9740829001449,-0.0,-56.27664691886118,-739.584412476794,-177.0319827445299,4.268448932443233,-0.0,-1182.973170745931,24.073237310714468,-1119.0076860708566,-0.0,-0.0,-0.0,-1990.1909684356467,-0.0,-0.0,-87.63878456756674,-0.0,-0.0,-0.0,-0.0,-0.0,-0.0,-664.8904980958457,-1399.3358228018915,-0.0,-0.0,-0.0,-0.0,-973.8598024856472,-520.1624816724237,-0.0,-0.0,-1891.3874676828268,-0.0,-1375.6387510765396,-2762.4295428173427,-0.0,-0.0,-0.0,-539.0871109977248,-0.0,-0.0,-0.0,-1035.3612741865759,-706.8081067645649,-681.8265357676546,-0.0,-0.0,-243.4214625747777,-0.0,-4006.6769230248806,-5762.808844575974,-0.0,15.289475388417934,-0.0,-577.3553742540521,-772.9493999170187,-1923.4343726201482,-0.0,-0.0,-109.07566507054617,-728.5744054575116,-1414.0407844271094,-687.2546903714136,-409.64321506386665,-0.0,-0.0,-1093.2367709758878,-1123.6918870330653,-47.329651747616914,-0.0,-0.0,-707.0328469714033,-376.16341501370124,-85.57549019743435,-0.0,-0.0,-0.0,-2150.327583688596,-396.093146262265,-1337.0322267288836,-4320.42174857164,-0.0,-887.370121435903,-1151.9862805654725,-2382.399957561195,-300.0311375375742,-0.0,-0.0,243.23827398286758,-1218.6780772617742,-1695.5598622757718,-505.90177367671544,-132.37735003299915,-26.736037824472973,-1899.5039889929767,-473.0982314482021,-1676.4708901545425,-698.7537307563788,-2387.1835684107523,3.837424230765008,-967.2701537272758,-786.4338113078431,-2040.5144632948864,-0.0,-0.0,-799.7576390175842,-1785.1963269998928,-1865.7781411078981,-1031.4238200349027,-0.0,538.6894673089748,-64.71385958483991,-479.7052645504121,-0.0,-22.952490950355113,-0.0,-2864.919593634267,-60.27672108564409,-0.0,-0.0,-790.3826255489529,-1112.2744872045857,-869.5120260762546,-305.8974285048732,-667.0672567868323,11.805969327989345,225.02478574081283,-823.8756458699485,-26.910795136453448,-1560.9304232331035,-0.0,-1651.405997858669,-114.2117783113666,-666.101274474483,-368.53514110787387,-23.22754157515859,-44.55473138977067,-22.522545827398464,-1341.879549101605,-971.359363182462,-1437.911505933285,-244.0232063740986,-1388.5259024247073,4.543069208221218,-0.0,-758.4385769645614,-3003.4339759822064,-0.0,-0.0,-26.403343869610623,-2042.2597908405116,-214.5243940457069,-660.1358932777517,-384.68787845760863,169.4881979657626,-0.0,-0.0,-1240.3015286083987,-0.0,-0.0,-2010.1156040249336,-1713.4540217938647,-929.6490407600072,-827.6612966580701,-576.8439170558185,-979.6392070355778,-786.7301691142748,-1224.5414160642777,-2568.5966541421126,-0.0,-0.0,-0.0,-0.0,-299.733855103519,-0.0,-2007.280411432951,-627.5798451366124,-826.3718055826245,-1004.5797236183201,-524.4684547597875,-0.0,-1680.2441913259227,-602.9717727753451,-0.0,-2623.506024803525,-1454.0447315058652,-0.0,-0.0,-2902.102513868408,-2055.7940551772244,-406.6462531646269,-820.0150273792385,-0.0,-473.5123209677004,-364.1025515120893,-0.0,-637.3798251472176,-535.4211650171919,-551.7399466184467,-0.0,-0.0,-0.0,-0.0,-434.5550691546713,-1300.3589949997345,-6080.474233819813,-0.0,-0.0,-745.1624734905197,-789.8866166602394,-2032.6834884758835,-642.1184387959293,7.6779243964675015,-544.1337000451189,-0.0,-738.398898857243,-576.9697200659771,-0.0,-481.16073471299,-1171.2116891613869,-0.0,-0.0,-0.0,-0.0,-0.0,41.67800400823063,-2196.1490676756725,-0.0,-1278.2615733510277,-916.4416390620188,-4.454373075618506,-2053.622767468444,-862.580681784764,-1060.5674567715716,-1326.620510960751,-80.85001444323723,-123.70295313158962,-1253.4165375691514,-868.2258975354549,-666.8935585086966,-0.0,-1606.8273424157187,-1249.9579176277002,222.89005745351105,-0.0,-606.9689066610505,-808.7510596931339,-959.9449029581618,-79.02227504476004,-0.0,-270.4404422041426,-0.0,-0.0,-2430.9386364090715,-2323.228419864566,-1978.1164436665815,-1645.362344902217,-0.0,-1085.336999401237,-1981.1884693719403,-0.0,-5392.098206550186,-0.0,-0.0,-0.0,-0.0,-965.2860390109453,-2377.4423553167417,-2417.969073280577,-97.25164284129566,-2124.1812458041513,-0.0,-1007.2106633367383,-34.50105925186716,-0.0,-68.42139021219111,-572.4452946560154,582.4683348259271,-0.0,-438.6856019246785,-45.98008368625008,-0.0,-1421.4679955280237,-0.0,-1982.5152802042242,-156.7662469795299,-0.0,-0.0,-1107.48028072259,-1838.0113501312974,-1081.4391077379628,-1164.8352207241303,-1411.1572441593169,1553.0365934819517,-50.21670665724454,-870.8864493154947,-34.94279105665451,-2138.732793536589,-916.2286455665405,-856.8432038883204,-452.1835464876976,-1667.6857949282953,-1727.1974350173932,-422.0995102751405,-2535.821703141644,-362.3827317108959,-0.0,-0.0,-54.42743936220542,-0.0,-0.0,-0.0,-0.0,-0.0,-0.0,-1521.0151485235735,-636.0358340436402,-1340.8507440108622,-898.9052555247463,-0.0,-691.45587627621,-1373.2522055671352,-1212.9621367741386,-2040.7544764998404,-1275.956914536334,-86.22803464715727,-180.96628496005025,-1081.7036623331685,-1521.983511508765,-0.0,-0.0,-0.0,-72.57587195314369,-895.5678980496731,-175.1141256605642,-541.0710365115056,-1077.1710766820556,-0.0,-0.0,-0.0,-4062.649134297228,-0.0,-135.42578195518212,-0.0,-228.31201684203836,-1319.3078106391533,-1217.6670730550761,-834.8090699913627,-0.0,-43.041312977268625,-626.7241187675265,-678.6196008610171,-556.4887392628307,-0.0,-1102.6794429935765,-0.0,-0.0,-3217.6372392615885,-0.0,-1353.3072406955594,-621.9532615017333,-426.16290250529914,-279.265713903255,-1401.5039846103095,-3056.2261845155363,52.47168000918226,-2032.7707785626867,-1841.5821350505455,-528.7413723857848,8.633478688049477,-0.0,1498.4132569427861,1161.5203258954411,1283.528218872064,-0.0,-0.0,-0.0,-944.2989609351769,-0.0,-305.41741737727153,-225.45461533235454,-0.0,-4068.281474663983,-0.0,-1370.0020200827803,-90.57092520471952,-1109.713979539112,-521.6661050303385,-1522.650789894668,-1225.0961690651732,-0.0,471.3942235212899,-2706.073147789926,-1658.07888499426,-526.3748477691744,-1393.095943642557,-1990.2360227461431,-0.0,-0.0,-266.34100740318775,-734.5097466645278,-2064.037486819101,-857.897358346382,-39.391245464001635,-0.0,-0.0,-712.1159408497172,-0.0,-0.0,-0.0,-211.95282123439313,-1494.0890899686108,1560.7623994604949,-1429.944740252096,568.6537977316633,-802.1661464452931,-1000.1401166650785,-13.499389605773757,-5309.7926618719885,-356.90186251421403,-0.0,-68.22219662592639,-2279.9638504132213,-1676.0133324683113,-0.0,-31.834495516399766,-0.0,-608.4222817412065,-28.004340022768325,-2059.298933787222,-1483.4593659074594,-0.0,-351.152678453288,-0.0,-0.0,-0.0,-755.5221751189866,-1087.2991292681206,-418.5986017384256,-1259.0317378518398,-1898.8269169888183,-1002.1707292658765,-446.54438325341715,-446.3013583998735,-130.7972923236114,-1824.1590370889778,-654.7257981601147,-953.9675692804961,-1419.5669377529246,-1666.246106873587,-1335.7580122045356,-335.39441520868314,-1556.4521859378858,-0.0,-0.0,-0.0,-2560.4758808938423,-0.0,-488.7703690087722,-1273.9617355705075,-11.3377169021465,-900.9557426688199,-607.5063018859784,-983.1172174117911,-753.7814391200628,-217.585842505233,-2089.400150932429,-4803.28524183112,-295.65043317703083,-35.88201768709232,-0.0,-116.43756808286695,-7455.498315258686,-2106.6437257898933,-654.7107087148938,-2318.3009620424587,-219.28780489977677,-0.0,-24.276830706421354,-723.7934675971613,-133.57531311035743,-1276.8550714611868,-1089.8685478966638,-197.35900146636882,-0.0,-728.1232290851545,-2191.740707757913,-2028.7689742385949,-1716.2898433769058,-0.0,-1605.3053176837914,-0.0,-49.64606710241665,-1089.9546460401612,587.5217468934761,-0.0,-0.0,-294.69337105289065,-1078.7742389339003,-768.1101625949668,-1305.8297824942356,161.0857123075317,-1429.340108053471,-126.5653356247511,-366.49499115541937,-2184.2837635178953,-2024.618030911784,-391.4317075786445,-0.0,-0.0,-0.0,-0.0,-0.0,-1813.040374292995,-0.0,-661.799491540521,-837.339999343205,-2558.0845717624884,-0.0,3.5828692930779966,513.3453049352279,2195.4715167795307,-629.0735450566075,-1365.6556832790232,-0.0,-1619.6641182350345,-3979.704651718593,-786.6613024996341,-5526.300489463231,-1334.6571150251807,-0.0,-834.638582128766,-2546.9680784151974,-203.2027175358027,-0.0,1163.5953979183298,1412.8006476848216,1286.2872726707315,-0.0,-0.0,-0.0,-0.0,-94.9336831826281,-2705.38009973692,-89.60883864815685,-0.0,-2066.73218948951,-1200.522336169625,-515.4720205012841,4.245230391652091,-0.0,-232.28055409491964,-916.6652368470027,-0.0,-0.0,-48.9728848984579,190.62929653178125,-2174.0969418877366,-0.0,-902.2599482961865,8.881528079467547,-89.70741754499058,-0.0,316.9874518162551,-104.4288958235536,-580.7545521505089,-2060.8367041680776,-0.0,-67.19733591018348,-1166.2401809728976,-1030.5226993583913,-41.890155310570584,43.826166049852155,-0.0,-1350.925028546737,-829.3201364559247,-7.585697513544636,-0.0,-0.0,73.6249435386871,-258.127534364398,-188.7901956189536,-82.29801469727227,-11.950623402679788,-165.11772518503412,-710.2525491570058,-1008.5046718896941,-564.0335206519568,-0.0,-2171.3221141319787,-905.5057648682381,-0.0,-0.0,-1169.9211629382,-2319.016469175579,-609.432496102046,-8.10263826705143,-2893.2891832357695,-122.93380938242964,-82.0977937893161,-1164.9323543236285,-0.0,-394.0057424034195,-1463.721052370053,-4.443429841994888,-0.0,-3496.2616581092525,-148.74221493952376,-1566.9518957327364,-1091.4681213305805,-1346.8062151479417,-2669.782533665298,-86.47416380690699,-824.6937758202668,-1882.8085000037486,-1377.0265552654957,-1139.5517270588964,-227.5576902081595,-1861.6423680533096,-0.0,-3181.414151895212,-0.0,-6571.520021232064,-241.51953520771724,-90.12813114457789,-1542.4696913254913,-0.0,-0.0,-0.0,351.3128500132007,46.90400616847068,-869.9958194301812,-1448.4806758264713,-491.2503667977746,-1275.7737926948973,-0.0,-0.0,-1414.5275045867425,-362.3879203625684,-508.9322821952813,-166.95542920474924,-0.0,-1698.464231254758,-330.31511585546656,-2034.746919847004,-0.0,-35.92188025996375,-0.0,-1821.5195257539997,-782.0947856576583,-1502.1505195866616,-0.0,-0.0,-1798.1985755325495,-569.6972524672824,-789.6126470927601,-1581.8251786208923,-463.8191937460458,-1273.1484293721212,-0.0,283.1404891295967,-1174.072069980928,-4113.756082696438,292.4061720127308,-1521.0709619573893,-7906.378143496298,-699.6539754203417,-694.3672596562332,-233.6813733759708,-229.75029554324877,-1078.9949107537436,207.52916869262222,-227.05996367604322,378.07595965530476,-1112.4863246866896,-566.137933916086,-0.0,-1340.5425249460795,-1758.3880378502324,-905.3548766900893,-392.8890605564901,-0.0,-0.0,-34.303190198368156,-1068.1104116454721,82.86124391353576,-2316.168027618017,-0.0,-0.0,-524.0282906513248,-680.9190847669851,-1172.619014955536,210.6171894947545,-2626.6173668205856,-1556.5214479022868,-1317.843241380184,-247.4404551472635,-0.0,-371.7933505560287,-0.0,-720.0270065780478,-24.69147729241225,-1604.8439487206479,-486.77024326749165,-1015.6826971223177,-412.6384053037575,-365.6237163412269,-0.0,-1251.62793980162,-719.2855168699197,-1278.2066945438899,-0.0,-3214.4718150833237,-1384.7207719792852,-1462.787825567933,-986.2161030980695,-1139.7682750116114,3.9305896996551684,-2194.7557484070553,-726.2934304718111,-1238.9939652321532,-1977.1560275277607,-324.7102740798966,289.1203018060697,-1036.3795089455766,-0.0,-0.0,-22.19597605975466,-56.994718211642244,-18.82719504922411,-248.19106899081814,-0.0,-0.0,-0.0,-0.0,-0.0,-0.0,-0.0,-0.0,-0.0,-0.0,-1291.6656754839385,-2577.762380184758,-2252.9782349322954,-0.0,-0.0,1566.3261871074853,-534.0484623848273,-0.0,-433.0186779089527,-471.1954625388073,-984.6797272216172,-976.9228679477728,-1248.9650808579947,-0.0,-782.7657991798716,-406.4334386791663,164.65373267755868,-0.0,952.3273296366859,-0.0,238.31866461663208,-0.0,-338.3007683322116,-0.0,-447.0348667404187,-1106.7168732187358,-1843.6224344881746,279.2064852453058,-0.0,-0.0,-0.0,-0.0,-0.0,-419.49593406287386,-83.83349039742382,-0.0,-0.0,-0.0,-521.1877266411374,-0.0,-39.681301337762385,-654.7212517679677,-3736.9182548994354,-0.0,-1384.4266024429432,-0.0,-620.5599241561719,-0.0,-0.0,43.796382634154135,-0.0,-154.57549584027558,-0.0,-0.0,-0.0,-1098.8809519789127,-1766.7090896577888,-0.0,215.4415871968707,-2260.5166369459116,-0.0,-78.70799747266426,-286.4411716881717,-0.0,-0.0,-1634.4634521650837,-0.0,-886.2002828159162,-1273.7719114620318,48.52027085788382,-3153.6313354886306,-1640.0407479597739,284.4554919476145,-812.692844561188,-0.0,-1050.9242256521663,-0.0,-0.0,-0.0,-3914.9678513775557,-948.8458922476519,-1553.4370459059994,-0.0,-406.7085415479162,-4.496608340790964,-1337.5927067472348,-2060.8929798517597,78.70263149351574,-3131.837021427198,-0.0,-1638.0371496248954,-2390.989690120838,-0.0,-0.0,-0.0,-0.0,-2455.675952935467,-179.02817859576612,-1610.2597329941286,-0.0,689.5986772295181,1148.84288282905,-0.0,-0.0,-805.830466560218,-1007.1479285533841,-347.05171378824673,-19.98630268203525,64.2049217079522,-0.0,-1355.870110073669,-0.0,-272.19226775359806,-1238.3873002258185,1391.282343135124,-0.0,-0.0,-0.0,919.759155845924,1018.9064982736085,-829.5299127199963,-0.0,-1430.10947165165,-0.0,-1078.4689889997078,-628.9255082908318,-0.0,-0.0,-0.0,-0.0,-0.0,-56.57842758506192,-0.0,-0.0,-0.0,-1150.9525470391143,-295.5942290421898,-0.0,-0.0,-0.0,-174.2925732155813,-81.14677523167295,-638.1242526333377,-722.5512258642028,-2952.453040273278,-1363.8887064066755,-1122.5783191322325,-0.0,-3068.805289903956,-38.1908081887752,-0.0,-1029.0692997720917,-2378.1532811485267,-795.8723869505984,-465.3774109848129,-1117.4116218021309,-278.4418368932406,-666.8836590170525,-742.034770388406,-1103.1461728426423,-277.11067715060597,-1727.5192107670919,15.534371458216695,-397.4913232734662,-0.0,-0.0,-796.8949234014809,-3840.04736673104,-0.0,-1113.558135538359,-515.5836115777071,-0.0,-384.3251953950609,-687.6884304276617,-697.3095094481776,-252.600916727458,-0.0,-0.0,-0.0,-0.0,-0.0,-43.40823285591096,-0.0,-637.021738657088,-0.0,-0.0,-760.7212915454476,-1116.7365697780415,-2723.9668978065924,-449.90632131120043,-718.0578482142633,-106.55521899533203,-1950.361975336241,-0.0,-989.1390457587448,-566.3398744687846,-493.4025586169269,-1362.4850938460647,-945.1089092767882,-1786.8444870941387,17.29042775095182,-477.102013620686,-0.0,-1131.194358554696,-1126.3921187583824,-160.06396737170894,3.848938600085679,-2445.707367631028,-1346.4133038351465,-748.8970596551638,-0.0,-617.825772462188,-724.0235042907276,-541.9138213844409,-2525.406192798046,-3.7622490412336713,-0.0,29.630119572021602,-0.0,-0.0,-266.7208348579318,-3961.977855373774,-198.6970852219671,-1483.4841913422863,-3887.6732477108967,-0.0,-4659.928011569906,-250.0600876829805,-2014.6675944665756,370.998899046904,-0.0,1598.6318432293838,-913.7991227032218,-0.0,-2002.8057868025628,-0.0,-69.16319824201408,-42.04684337219126,-0.0,-0.0,-0.0,45.56282425758438,-0.0,-0.0,-0.0,-643.2130118777781,-1443.2456790127574,-692.0060628567707,-0.0,-3544.3635490281554,-0.0,-0.0,-0.0,-228.58599124537386,-410.43125006853677,-0.0,-1987.792879955762,-0.0,-0.0,-3491.5398648885557,-0.0,-22.58850047732047,7.673442164867268,-495.439543797767,-20.267286535884715,-0.0,-0.0,-221.96294470450673,-0.0,-0.0,-1348.6323242729331,-1112.7204159545245,-1618.3429573811115,-0.0,-270.4747999123833,169.60346190877334,-371.0951098632039,-15070.34146417939,-0.0,-600.2278956359306,-1319.819860519483,-584.8748072966123,-0.0,-34.08862298668452,-16.38282880548109,-273.17298782664216,-1066.981012800501,-0.0,-0.0,-0.0,-487.0937963374533,-2815.8222353434,-1342.9464954344323,-0.0,-0.0,-0.0,-358.4738271771449,92.15454774688989,-8.135363863294977,-1398.4990374274275,-0.0,-0.0,-1025.2464492873576,-0.0,-0.0,-0.0,-2771.4199229331207,-1018.9573978067241,-0.0,-1119.388718893722,-623.8761849867501,-254.9750573915326,-720.7026412421209,-1120.2663305151382,99.5922137681209,-1365.9633395438316,-1201.8792572926768,25.040567648021092,-1953.6800734230358,-0.0,-0.0,-0.0,-0.0,-486.3231187750051,-0.0,-0.0,-576.2951454668846,-1067.1998325303052,-739.0206638778947,-0.0,1597.7790542995742,1510.0714430130613,1494.8924820884683,-0.0,-0.0,-0.0,-853.5900359868555,-43.03264775076194,-762.6722187262449,-80.00001779710013,-699.1727153509207,-1674.0004509323262,-1256.010201988319,-2047.5189115244275,-0.0,-0.0,-0.0,-0.0,-550.0947720965936,-853.6305214444957,-1771.5701512456035,-432.1551196167507,-1388.7675872364828,-1991.803410897108,-2171.843275651966,-0.0,474.9507040256883,-416.1813420672264,-381.7679685133378,-119.08814665363742,-4689.801365087787,-64.50636711789988,-0.0,-902.0212455949486,-1563.2998002581146,-0.0,-71.21386165891279,137.8200731578138,-95.3267129695619,-504.9119745815507,-2347.3020389276844,-164.41995477537748,-1667.2395819699,-0.0,-1887.0770390095345,-1832.2699828223763,-1506.4408217997257,-0.0,-1857.3100119950034,-325.7174589368271,-679.5215458888669,-975.8841479291834,117.88243489062489,-1957.2889536064326,-1264.5655234100711,-0.0,-98.37907270603276,-0.0,-0.0,-0.0,-1045.7270328666953,-639.3358023848019,-0.0,-0.0,-0.0,-3751.696458164503,-1958.1111975510757,-0.0,-0.0,-4.55079206399969,-1766.2312998286964,-959.6015270548819,-0.0,-775.6678761550899,-1409.6760738442044,-587.06297601162,-23.664996100020307,-906.7544426910725,-8.922498229496002,-1611.7051823605125,-1721.538164668497,-0.0,-0.0,-44.331159076973414,-0.0,-0.0,-1328.6091778246328,-99.36054605174435,-462.0032870640038,-0.0,-0.0,-0.0,-761.1345586002201,-337.2783900811717,-117.65317291699084,-475.7444808390821,-234.19684940468477,-2055.2602011516497,-323.4630251504967,-593.5964397478017,-1348.3547284133992,-0.0,-416.2436896933341,-0.0,-1784.7798171734505,-1531.5819126768051,-1802.1301111088655,-449.48726952999044,-298.8673424194046,84.46688636869055,-983.6573797486021,25.172830285130246,-0.0,-488.4612284217357,-0.0,-0.0,-515.1429854192575,-125.68473770641822,-2916.028671054949,-2957.904377239392,-526.089916279656,-0.0,-0.0,-1069.9145209859232,337.6001668989123,-0.0,-0.0,-0.0,-1156.412745175764,-46.71145035730643,-497.4419482341455,-3896.974319854461,-1512.3748252581438,-1176.9608696193484,-465.96806492029583,-183.44422402391697,-1303.9757384421816,-731.3890163810206,-509.0642218277091,-0.0,-688.0738882887234,-812.569020462283,-1745.1002250587155,-0.0,4.432244980576514,-13.23458145074968,-0.0,-0.0,-1876.46064746166,-0.0,-3685.2245808976036,-1213.4488570878443,2566.132125956849,2963.934143276665,-0.0,-0.0,-821.5661237255189,-1114.109052209581,-613.8426342594302,-366.94998868544263,-3226.05086234477,-597.0393382419995,-0.0,-0.0,-0.0,-1283.139916138123,-685.0045141247185,-168.023993670664,-2675.1616414428536,-1064.321174689489,-27.826421970744732,-437.51190536494533,-1097.719355167608,-343.23999066628284,-550.0022771937404,-0.0,-65.78673326190716,50.60622988063771,-1020.7726883822846,-171.66160414219274,-0.0,69.7681784170172,142.56407545483654,-223.08719344190496,-1428.7191034872524,-2396.5997485232433,-63.73292288175199,-950.6410085424646,-1441.1129098636509,-0.0,-0.0,-705.3199730028258,-0.0,-0.0,-0.0,-0.0,-657.31549838296,-23.726958937091467,-1280.8863045798198,-1218.2116306474948,-2638.5215169281996,-1199.0771741979852,-0.0,-612.8455026249499,-0.0,-1649.4338668540975,-1707.7006878576722,-1391.2587630574155,-1037.0295426805596,-0.0,-2222.4084787478932,-0.0,-0.0,-0.0,-3689.4704704648716,-1266.1107640752186,-270.9095311019548,-900.1264966857493,-916.064449901614,-1086.330587694468,-0.0,-0.0,-0.0,-40.9591308998142,-6238.766483034924,-724.3382548963806,-1910.1511162558838,-4279.364527616216,-2340.254913590967,-441.7619058897703,-0.0,-2012.5126648458274,-768.4223101083796,-0.0,-342.86287965563434,-387.6751008703989,-39.51083679088972,-1019.9121981435047,-313.6236337928667,1512.1223448028825,-489.2692115076686,-0.0,-0.0,-1022.9870600991959,-852.5648792171412,-2336.0717819239385,-317.3106611061736,-0.0,-0.0,-675.5444932570696,-0.0,-0.0,-0.0,-0.0,-1406.3001977290555,-643.6033745952141,-1283.549115212527,-541.3125316873858,-4.032483144117403,-798.2707988561289,-0.0,-0.0,-0.0,-0.0,-2951.0942757814632,-0.0,-0.0,-0.0,-0.0,-0.0,-0.0,-826.8336111157172,-0.0,-2858.8969430729762,-507.26832509187176,-208.07833534609878,-1324.5673815567643,-0.0,-0.0,-1394.9421914600957,-1492.777827125942,-4.4844300592604185,-449.54551323518723,-56.63829522857507,-1816.4566797042355,-1001.9042438054166,-0.0,-4001.736620454721,-1338.971035866587,-0.0,-0.0,-17.46053225234951,-429.8770552533048,-1266.5415388837919,-0.0,-0.0,-22.78496550208311,-1694.9240918733974,-615.1329338775516,-365.0694599294052,-88.72421071136627,-1979.6932694497825,-0.0,-0.0,-0.0,-0.0,-0.0,-535.7328975800699,-519.7525790439126,-621.5465186144161,-4379.6648071969785,-1738.9055619148048,-1277.682552079426,-112.21500597519916,-1016.714766237371,-1254.79451285979,7.708268135441498,-0.0,-0.0,-0.0,-665.3870271727916,-428.04167041831124,-1757.2715925312373,-613.66256473201,-0.0,-1803.4996286361607,-0.0,-658.1301140636633,-0.0,-0.0,-2035.9358336304508,-637.7116845213127,-583.350650724554,-1474.6690353481695,-141.55862964280047,-13.325051386249328,-798.046339398635,-1504.128438815442,-0.0,-462.3624966701916,-1204.2906895417373,-4356.866959194473,-0.0,-293.43207544287185,-2354.5784098351683,-1587.1279914820352,-1302.6001767425068,-559.7417835475137,-1300.429954078017,-0.0,-366.22001653504606,-0.0,-265.1612035694181,648.5091990496738,-0.0,-0.0,945.7510105659074,-0.0,-2303.4042719178306,-789.2659584552882,-977.7836812483707,-1238.6495943062764,-1523.0511698044372,-395.20911494230216,-152.80232580909043,-0.0,-0.0,-935.965459140968,-1037.6437409497305,-815.9455329639686,-0.0,322.0109262527397,353.68813600813155,-245.86591137094598,-2904.214640812354,-1873.9195469542321,-0.0,-0.0,-1490.2714432312644,-4299.580095623589,-2826.150568656555,-539.9123184494355,-1016.6871104332513,-1169.240783124326,-0.0,-221.00749386388682,-0.0,-757.2101763317796,-233.24359803808107,-1958.8413898075169,-2753.3921911708258,-320.96505108860777,-588.4335956347943,-4661.149185574538,-1285.200822853851,-589.034617366015,-292.03113918573314,-1339.6147974170706,-725.7388243589736,-4.593047257364277,-1578.2882299442824,-1844.691764459005,-0.0,-0.0,-611.7117091149275,-1329.4061479544152,-357.1117196859222,-4.58377845137527,-0.0,-0.0,-0.0,-0.0,-0.0,-36.798092279106115,-731.860423515286,705.76502005417,-466.15256909604796,-774.5985515088107,-578.7700538515686,-1157.069321414802,-1620.0112004572857,-1229.939927223675,-1899.550490064098,-299.7269762201678,-589.7156913194489,-1623.266115746367,-668.6926459822514,-0.0,2514.6072571325512,-256.7382274427679,-74.23309473393364,-0.0,-911.4766389486435,-660.0219048088213,-1400.41674275861,-2028.711191206308,-2292.126742133141,-0.0,-0.0,-0.0,-0.0,-1056.1885491997969,-1748.0277682625328,-0.0,-882.4527917623457,-8.885203325893924,-0.0,-0.0,-0.0,-2652.5379485289313,-809.1255836873577,-188.98137780783085,-46.75311709364194,-0.0,-0.0,-1170.038346989493,-1421.5933041896342,-869.7743937209269,543.4155755560982,29.376261794045444,-0.0,-20.828472858330752,-0.0,-1727.4332544446897,-566.0581119764861,-1461.4154990298307,-1850.5815947887193,-1717.2596123775588,-42.816257321602436,-0.0,-0.0,-1704.72723408934,-389.61838465921625,-0.0,-0.0,-241.26899008252835,-0.0,-42.22383297677856,-0.0,-1347.4729942583424,-771.4594879138456,-0.0,-84.28600794216368,720.3078484449746,-0.0,-198.1683868997904,-2435.15144740988,-0.0,-0.0,-724.1810685677757,16.176204303622985,-0.0,-0.0,-857.7957021183876,-1571.046314946268,-0.0,-859.8590197362826,-0.0,-1364.06680029422,1738.2050245074033,25.415867238437393,-2055.1321915833096,-1660.706779572248,957.463328788843,-0.0,-2159.7347066032057,-889.7026859300553,-1056.9780130428637,-0.0,-714.2980997399859,-127.49490757621463,806.9512105505547,-394.2788009696126,-1573.715927089823,-0.0,-0.0,-0.0,-931.5217334862656,-638.6234913128412,-828.9832908634619,-1147.0900247161096,-1069.5660803263388,-30.116031372414866,-1157.7591186282857,-973.0390499406561,-1232.034184631363,-0.0,-0.0,-560.0875904328071,760.0750390068594,-6961.053938117306,-0.0,-1326.7014341500487,-2096.939426993899,-835.8308711295365,-796.2387640655934,-64.13568194028949,-2452.0386470390167,-356.1194374920532,-0.0,-1071.8630410561461,-967.1893227563778,-673.2343848297647,-0.0,-1576.7969346589966,-2186.9909613199875,-26.572640122274485,-1172.7029967735448,-2453.590901682701,477.0589598658691,-0.0,-476.368945617004,-172.5520589806952,-1432.0121219987377,-959.7212173855893,103.1121113213593,-133.68699794695587,-832.8426268807358,-521.9532324239549,-585.3145178669635,-690.9940899825634,-532.2251191267129,-0.0,-1395.9328229390164,-0.0,-1263.7944930786311,-790.5513471098137,-178.44141814237324,-0.0,-1890.627605998717,-5135.5171485844585,-0.0,-451.84108857686357,-0.0,-2358.1314226867953,-266.44402560575975,-0.0,-438.67982981823513,-438.4277820804192,-0.0,-2502.8609075602894,-1710.5729711270435,-0.0,-4544.979860095839,-132.5499919999717,-1385.7784290623943,-1446.7967925941423,-1665.7470146096089,-104.46536141645105,-0.0,-962.7789356497728,-2170.764609153868,-554.323511313449,-940.2295989041412,-1162.8638669007169,-1765.9001082690058,-2455.7944893973627,-836.4142351779554,-2150.1499399576664,63.789532117148795,-0.0,-325.7641507079214,-1446.821940655313,-1272.6692269030743,-0.0,-0.0,-0.0,-451.3605827892453,-510.33156926700667,8.176379726786196,-600.6204596387081,-0.0,-1298.1417747510745,-792.2707252731055,-620.4225602618518,-0.0,-0.0,-332.2472657984587,-1901.5337800869174,-928.8719256711098,-286.7328983050341,-987.8236587216995,-37.85224044778482,-0.0,-0.0,-2869.3876933081624,-1233.4640854997526,-0.0,-0.0,-0.0,-78.13365450589792,-970.2090259353479,-50.94730033521501,-1755.2053397794268,-1600.440045891914,118.0956125250079,-0.0,-654.3414627003829,-0.0,730.5908054732266,-134.10431009738724,-0.0,-1696.4614592912026,-337.3159420910795,-2090.5317656507395,-0.0,-1710.4929707406634,-673.3040581083774,-204.70517496551568,-12.72989755885251,-35.3471111094475,-0.0,-0.0,-795.4022026368182,-1317.317198515485,-0.0,-625.2650849410957,-0.0,-383.6588775129677,-576.240364656575,-0.0,136.81932822583647,714.0723968806288,819.7755275173685,884.2063645847353,870.2477376117557,803.6823771409319,-0.0,-0.0,-0.0,-0.0,-0.0,74.96165123120899,-0.0,-0.0,-653.9669682628155,-168.88514981268145,-474.6455796967693,-82.26772391729143,-0.0,-1150.6986035900718,-1541.1866434106719,-2117.214018919465,-249.095002218107,-202.98377715747597,-0.0,-0.0,-630.1273884251515,-0.0,-0.0,-0.0,-0.0,-2786.805651954565,-0.0,-42.628432206648974,894.6229240556289,-0.0,-1062.9770735561083,-626.5793603964719,1512.3385107573565,-1005.6691905277726,-0.0,-3037.181128177037,-2333.9784962082676,-203.41618954242892,-820.0563927035068,-1255.553995265278,-553.2531192241468,1220.6379194128072,-86.24546145264318,-606.0962552882576,-0.0,-0.0,-488.86847808347494,-0.0,-893.8580569247988,-0.0,-464.91937167382986,-38.54376027601895,-0.0,-0.0,-1184.5171053527283,-0.0,-0.0,-576.1936130729151,-1214.4057935380158,-2098.412960634617,-0.0,-0.0,-0.0,-1869.010886532221,-0.0,-1065.0684444067642,20.62284978280703,-0.0,-0.0,-1180.9324380150945,-1034.2544386622042,-1270.5517859543165,-420.39623718124915,-0.0,-1405.7053660041079,-291.343217029247,-0.0,-0.0,4.227876026000311,-40.75318102494625,-4620.782657962762,-0.0,-125.28078935355803,-27.961490366060897,438.56765186543606,-79.43582828914452,-1032.8352703447151,-945.7047754309268,-479.48278110785594,-0.0,-0.0,-1922.6421942075297,-0.0,-0.0,-0.0,-0.0,-0.0,-0.0,-0.0,-149.65143736431264,-0.0,-0.0,-1873.379792751442,-6961.6397539402715,-134.65626067670368,38.43734754096389,-389.7779890333672,-723.9237786754303,-119.06611790372851,-4321.382658311682,-242.32990873906644,-317.97526613682425,-0.0,-0.0,-0.0,-1753.5058392261988,-0.0,-38.5977844976857,-0.0,-0.0,-0.0,-479.24216408944704,-12.143310266839137,-248.84033541825391,-1316.2533045916432,-659.3756466633578,-72.93306125862304,-2499.9244752988807,-0.0,-82.84609588185293,-2336.130891273757,-0.0,-1330.8464753989433,-83.91745155350672,-1486.871998673013,-0.0,-0.0,-1063.5919268619716,-681.0955974353647,-35.742720944514566,-954.2807727679918,-935.6697941447702,-734.5590826139936,-158.99919029605113,-785.3248482994081,-749.3074846346542,-2296.2712702388326,-973.395471479916,-0.0,-1572.659506779487,-405.92734361000424,-661.2621729549986,-0.0,-0.0,-1128.8392473089834,-2413.2494885471697,-932.795674549615,-0.0,-0.0,-0.0,-3856.4385258385323,-886.5698723882301,-175.1201921987416,-352.4389561454763,-38.98872690424838,-3892.114087405167,-0.0,-0.0,-2418.2984197419455,-884.7410337434064,-0.0,-0.0,-0.0,-80.9516903141632,-0.0,-1904.8338895884776,-1828.3391101889108,-0.0,-358.7720726218864,219.8999514742492,-0.0,-0.0,-0.0,-1121.8921360735685,23.875972408250348,-2549.9822077225267,-667.1460606013103,-1229.6024538030551,-783.5535065532315,-3309.335336426868,-1738.2390696858863,231.25152460574353,-0.0,-3042.743695442674,-0.0,-0.0,-0.0,-1290.655563954671,-735.2693508577368,-1837.4873809715236,-0.0,-0.0,-853.6284289487647,-1540.533080444087,-661.3708767169999,-530.1261221885746,-0.0,-0.0,-1246.4461962622356,-0.0,-0.0,-0.0,-0.0,-0.0,-0.0,-564.2465471824266,-78.6615593803684,-1585.8693398391722,-0.0,-710.065172332539,-1257.9492133816552,-35.45089262003976,-0.0,-0.0,-0.0,-0.0,-0.0,-0.0,-0.0,-0.0,-0.0,-0.0,-1274.6282470270005,-1789.991119142695,-0.0,328.7611618400842,-0.0,-668.9382153568766,-99.66349522192384,-0.0,-889.996949911826,-402.58710519726316,-100.24951010597458,-1964.0152119440288,-508.1117585109718,-2701.9880396020953,-175.53903495546993,-2180.1368729566484,-1708.1078691313508,-896.316094649255,-4.368018099422096,-0.0,-1186.4125069425577,-2106.7390951112966,-2329.7459277784883,-87.4963150376583,-228.59433912618954,-1864.7921849716872,-0.0,-2257.9025363782157,-365.78058753673554,-0.0,-1799.5366370039342,-0.0,-923.3704860688699,-0.0,-2833.02462426095,-0.0,-0.0,-79.91322680052515,-1083.6483546979516,-501.0072297056186,-0.0,-1376.652975010327,77.8038203793637,325.7060180264059,364.7165595755558,-286.1459483154637,-1711.3040564566916,-586.4857569442961,-0.0,-0.0,-5729.813826326161,-1143.4562284545593,-0.0,458.2276599019532,-0.0,-2037.053816760279,-510.9735165330738,-661.8278133257933,-0.0,-0.0,617.7911611261691,-0.0,-970.8632478750541,-1254.3334229541738,-1900.9833429632936,-0.0,-685.9745408531286,-2955.760615486436,-980.7882461832551,-0.0,-1386.0366578712562,-146.28004875252591,-1176.6390802256255,-0.0,-876.9999856007229,-0.0,-0.0,-0.0,-890.9426203962281,-0.0,564.7632364628729,-0.0,-371.3498683035226,-763.5494992969252,-472.35799359704083,-1126.9457613071177,-578.561829059351,-2113.770237005134,-1258.4924739656458,-0.0,701.3230781642643,-2429.7796561381956,-1713.3988772902026,-690.3866373235427,-0.0,-0.0,-0.0,-149.1144971174151,-1232.5931167290344,-300.46881600908074,-958.4317982164032,-2062.5212696051876,-2612.9316589342166,165.67301590687543,868.9523869385656,742.3208728005545,-0.0,-0.0,123.25343551685557,-32.868544856002615,10868.219900115217,10118.896290805375,5309.05806948803,10095.427812356142,10800.298923815426,11118.348784088763,-0.0,-0.0,-0.0,-0.0,-0.0,-1412.13257595159,-1251.0757446810474,-829.185588179211,-0.0,-2759.1278051856902,-653.7552983998786,-1175.5035508927922,-31.73338674228219,-880.7881091109997,-1275.8905314070525,-1075.503728841357,-1299.6444052717945,-0.0,-2666.9588203111857,-1826.527623911072,-795.9159066573969,-124.26712671574879,-3502.454763815608,-0.0,-244.65941906899508,-0.0,-11.791585429526194,-0.0,-137.1582553616081,-302.31401121128965,-1041.438365529296,-868.9083462347967,-0.0,-0.0,-0.0,-2407.0888180014563,-0.0,-0.0,-272.3915574379993,-1029.4075604013879,-938.2246943573234,-94.19930862952533,-1208.4971186583066,-1961.4333959240648,-347.20758139796044,-0.0,-0.0,-126.74332805712193,-1203.873976900461,-355.6617192557813,-0.0,-5494.83519077589,253.78631945724553,-0.0,-0.0,-0.0,-32.338654316717886,-435.28163053221806,-0.0,-0.0,-1251.894340145469,-2105.493693262161,-1393.0717217078911,-409.4585423382356,-413.79544067126267,-429.9246882407524,604.8597229537293,-1315.493958464481,-0.0,-555.964183641047,-2786.7888266553637,-581.9305692820066,-8.172563365673136,-0.0,-5.418460138565082,-0.0,-0.0,-0.0,-1191.9848646954665,-435.94892388191056,-1559.2591753847264,-0.0,-0.0,-0.0,-250.67739550641062,-614.0361641232868,-1528.8156649080022,-3389.6231092744997,-349.1846960903175,-214.65424270608713,-0.0,889.5987366374723,-0.0,-1228.8052761415986,-173.49918741457694,-0.0,-0.0,1087.7274378998945,-0.0,-1781.5719219420548,-0.0,-0.0,-0.0,-213.24246873266256,-2158.955133015633,-1813.5646353321492,-31.257468325324204,-2576.2403939986148,-1498.184346061525,-26.52098803884854,-28.596260218686645,-72.56802601150612,-0.0,-0.0,-2083.4785171238104,-0.0,-5967.527153349632,-0.0,-1364.0848301377898,-267.562615277472,158.7565736654012,-0.0,-59.301167166496185,-1312.0943830958797,-1628.4847561638535,-580.5506751491073,-34.30607618718952,-260.3965334067978,-0.0,-0.0,-0.0,-0.0,-1157.6174599227413,-893.7150221353355,-0.0,-606.1128404909717,-1301.4910418023437,-188.83392314105768,-83.89607532272981,-0.0,-0.0,-0.0,1133.758724959039,-3.8727920749476925,-0.0,-590.5281305290931,-904.8930313497675,-1451.2692852526568,-0.0,-0.0,-2120.1763589058905,-0.0,-0.0,-0.0,-0.0,-692.510430468835,1028.338577782652,1148.134809757499,1255.653624789174,-0.0,-0.0,-0.0,-614.3271288410252,-0.0,-0.0,-387.0038485089027,-643.4259783043275,-0.0,-225.80541155513376,-1388.243781010177,-1286.7619406811436,-0.0,-0.0,-0.0,-12.14934994698679,-1574.4810912581788,-4.505205233562826,442.8408745438132,-0.0,-1702.8078090402062,-795.962146151819,-549.6047473537187,-1960.9918834783014,92.77952135040026,-304.0114649679437,-19.338153432201743,-444.6720233686802,-385.1001349059748,-1023.4272611435264,-366.58853964601406,907.7265294572503,-1502.4270394004782,-236.4186724336582,-177.85450639893523,-4028.0802911856076,-2962.7642348047416,663.3460248493176,-1022.5725341499794,-211.71700283731718,8.747877623944566,-847.7387156796698,-1206.4764089930627,1853.119269098814,-633.5216630694023,-705.6047462663914,-723.7734121044676,-0.0,-7164.497631586005,-0.0,-483.95894363134465,-908.3540100353619,-645.2848882180184,-970.1215158666241,-1193.113177090307,-0.0,-1080.4547904722642,-170.23988881434803,-87.77901670046246,-6561.6859332603035,617.2515458358105,-206.88010893030489,-0.0,-572.927575416205,-1322.7012546348012,-0.0,-0.0,-489.8114618376981,-1589.104903208605,-87.81386362325246,-236.4210722606216,-282.3609687605882,-1112.921846213042,-0.0,-0.0,54.5041525429858,-0.0,-0.0,-1834.4676100795477,-0.0,-1749.294247692745,-918.1321443551853,-1252.456691637883,-0.0,-0.0,-513.7225127971676,-906.7829122481675,-144.08565367931544,-0.0,-470.91484222169004,-155.09813216261722,-537.2306899914508,-0.0,-202.05311934110927,-507.560089170468,-2257.0124131459374,-998.5845485267834,-1713.9423484883462,-0.0,-0.0,-1435.1195887941633,-21.868632692212405,-0.0,-0.0,-1171.0198192731539,-0.0,-0.0,-0.0,-0.0,-0.0,-0.0,-0.0,-0.0,-0.0,-0.0,-102.85435555304309,-0.0,-0.0,-0.0,-0.0,-0.0,-0.0,-0.0,-0.0,-0.0,-0.0,-0.0,-349.37524671904606,-0.0,-0.0,-0.0,-0.0,-0.0,-0.0,-0.0,-0.0,-0.0,-0.0,-0.0,-0.0,-0.0,-0.0,-0.0,-0.0,-0.0,-0.0,-0.0,-0.0,-0.0,-0.0,-0.0,-0.0,-0.0,-0.0,-0.0,-0.0,-514.0784892332181,-0.0,-0.0,-0.0,-0.0,-0.0,-0.0,-0.0,-0.0,-0.0,-0.0,-0.0,-0.0,-0.0,-0.0,-0.0,-0.0,-0.0,-0.0,-0.0,-0.0,-0.0,-0.0,-0.0,-0.0,-0.0,-0.0,-0.0,-0.0,-0.0,-0.0,-0.0,-0.0,-0.0,-0.0,-0.0,-0.0,-0.0,-0.0,-0.0,-0.0,-0.0,-0.0,-0.0,-1368.8967401337002,-537.7908901323118,-1751.2714728141382,-0.0,-0.0,-0.0,-0.0,-0.0,-0.0,-0.0,-0.0,-0.0,-0.0,-0.0,-0.0,-0.0,-0.0,-0.0,-0.0,-0.0,-0.0,-0.0,-0.0,-0.0,-0.0,569.715002210684,-0.0,-0.0,-0.0,-0.0,-0.0,-0.0,-0.0,-0.0,-0.0,-0.0,848.5650564550036,-0.0,-0.0,-0.0,-0.0,-0.0,-0.0,-253.82513074483643,-0.0,-0.0,-0.0,-0.0,-0.0,-0.0,-0.0,-0.0,-0.0,-0.0,-0.0,-0.0,-0.0,-0.0,-0.0,-0.0,-0.0,-0.0,-0.0,-0.0,-0.0,-0.0,-0.0,-0.0,-0.0,-0.0,-0.0,-1120.183084815586,-0.0,-0.0,-0.0,-0.0,-0.0,-0.0,-0.0,-0.0,-0.0,-0.0,-0.0,-0.0,-0.0,-0.0,-0.0,-0.0,-0.0,-0.0,-0.0,-0.0,-0.0,-0.0,-0.0,-0.0,-0.0,-0.0,-0.0,-0.0,-0.0,-0.0,-0.0,-0.0,-0.0,-0.0,-0.0,-0.0,-0.0,-0.0,-0.0,-0.0,-0.0,-0.0,-0.0,-0.0,-0.0,-0.0,-0.0,-0.0,-770.446776732568,-0.0,-0.0,-0.0,-0.0,-0.0,-0.0,-0.0,-0.0,-0.0,-0.0,-0.0,-0.0,-0.0,-0.0,-513.624396757323,-0.0,-0.0,-253.92139268661742,-0.0,-0.0,-0.0,-0.0,-0.0,-0.0,356.09601396050135,-0.0,810.6337547912207,-0.0,-0.0,-0.0,-0.0,-0.0,-0.0,-0.0,-0.0,-0.0,-0.0,-0.0,-0.0,-0.0,-0.0,-0.0,-0.0,-0.0,-0.0,-0.0,-0.0,-0.0,-0.0,-0.0,-0.0,-0.0,-0.0,-0.0,-0.0,-0.0,-0.0,-0.0,-0.0,-134.51752344507344,-0.0,-0.0,-0.0,-0.0,-0.0,-0.0,-0.0,-0.0,-0.0,-0.0,-0.0,-0.0,-0.0,-0.0,-0.0,-0.0,-0.0,-0.0,-0.0,-0.0,-0.0,-0.0,-0.0,-0.0,-0.0,-887.7288516822963,-0.0,-0.0,-0.0,-0.0,-0.0,-0.0,-0.0,-0.0,-0.0,-0.0,-0.0,-0.0,-0.0,-0.0,-0.0,-0.0,-0.0,-0.0,-0.0,-0.0,-0.0,-0.0,-0.0,-0.0,-0.0,-0.0,-0.0,-0.0,-0.0,-0.0,-0.0,-0.0,-0.0,-0.0,-0.0,1393.9347056838162,-0.0,-381.98178781937185,-0.0,-0.0,-0.0,-0.0,-0.0,-0.0,-0.0,-0.0,-0.0,-0.0,-0.0,-0.0,-0.0,-0.0,-0.0,-0.0,-0.0,-0.0,-0.0,-0.0,-0.0,-0.0,-0.0,-0.0,-0.0,-0.0,-0.0,-0.0,-0.0,-0.0,231.90021960940118,-0.0,2201.5061701452273,-0.0,-0.0,-0.0,-0.0,-0.0,-0.0,-0.0,-0.0,-0.0,-0.0,-0.0,-0.0,-0.0,-0.0,-0.0,-0.0,-0.0,-0.0,-0.0,-0.0,-0.0,-0.0,-0.0,-0.0,-0.0,-0.0,-0.0,-0.0,-0.0,-0.0,-0.0,-0.0,-0.0,-0.0,-0.0,-0.0,-0.0,-0.0,-2344.1564708840506,-1500.0450452713903,-0.0,-0.0,-0.0,-0.0,-0.0,-0.0,-0.0,-0.0,-0.0,-0.0,-0.0,-0.0,-0.0,-0.0,-0.0,-0.0,-0.0,-0.0,-0.0,-0.0,-0.0,-0.0,-0.0,-0.0,-0.0,-0.0,-0.0,-0.0,-0.0,-0.0,-0.0,-0.0,43.20757506617463,-0.0,-0.0,-0.0,-0.0,-0.0,-0.0,-0.0,-0.0,-0.0,-0.0,-0.0,-0.0,-0.0,-0.0,-0.0,-0.0,-0.0,-0.0,721.8761247127709,-0.0,-0.0,-0.0,-0.0,-0.0,-0.0,-0.0,-0.0,-463.65530511124336,-0.0,-0.0,-0.0,-0.0,-0.0,-0.0,-0.0,-762.787138193248,-0.0,-0.0,-0.0,-0.0,-0.0,-0.0,-0.0,2283.63167121192,-0.0,-0.0,-0.0,-0.0,-0.0,-0.0,-0.0,-0.0,-0.0,-0.0,-0.0,-748.5372776627505,-0.0,-0.0,-0.0,-0.0,-0.0,-0.0,-0.0,-0.0,-0.0,-0.0,-0.0,-0.0,-0.0,-0.0,-0.0,-0.0,-0.0,-0.0,-0.0,-0.0,-0.0,-0.0,-0.0,-0.0,-0.0,-0.0,-0.0,-0.0,-0.0,-0.0,-0.0,83.20656067016829,-0.0,-0.0,-0.0,-0.0,-0.0,-0.0,-0.0,-0.0,625.5147075255395,-0.0,-0.0,-0.0,-0.0,-0.0,-0.0,-0.0,-378.230688028808,-0.0,-0.0,-0.0,-0.0,-0.0,-0.0,-0.0,-0.0,-0.0,-76.61036313281424,-0.0,-0.0,-0.0,-0.0,-0.0,-0.0,-0.0,-0.0,-0.0,-0.0,-0.0,-0.0,-0.0,-0.0,-0.0,-0.0,-0.0,-0.0,-0.0,-0.0,-0.0,-0.0,-0.0,-0.0,-0.0,-0.0,-0.0,-2071.007103852104,-0.0,-0.0,-0.0,-0.0,-0.0,-77.40993761901112,-0.0,-0.0,-0.0,-0.0,-0.0,-0.0,-0.0,-0.0,-0.0,-0.0,-0.0,-0.0,-0.0,-0.0,-0.0,-0.0,-0.0,-0.0,-0.0,-0.0,-0.0,-0.0,-0.0,-0.0,-0.0,-0.0,-0.0,-0.0,-0.0,-0.0,-0.0,-0.0,-0.0,-0.0,-0.0,-0.0,-0.0,-0.0,-0.0,-0.0,-0.0,-0.0,-0.0,-0.0,-0.0,-0.0,-0.0,-0.0,-0.0,-0.0,-0.0,-0.0,-0.0,-0.0,-0.0,-0.0,-0.0,-0.0,-0.0,-0.0,-0.0,-0.0,-0.0,-0.0,-0.0,-0.0,-0.0,-0.0,-0.0,-0.0,-0.0,-0.0,-0.0,-0.0,-0.0,-1561.2573196353728,-0.0,-0.0,-0.0,-0.0,-0.0,-0.0,-0.0,-0.0,-0.0,-1947.9887769121572,-0.0,-0.0,-0.0,-0.0,-0.0,-0.0,-0.0,-0.0,-0.0,-169.81013127374732,-0.0,-0.0,-0.0,-0.0,-0.0,-0.0,-0.0,-0.0,-0.0,-0.0,-0.0,-0.0,-0.0,-0.0,-0.0,-0.0,-0.0,-0.0,-0.0,-0.0,-0.0,-0.0,-0.0,-0.0,-0.0,434.82445043490867,-0.0,-0.0,-0.0,-0.0,-165.78581648926237,-0.0,-0.0,-0.0,-0.0,-0.0,-0.0,-0.0,-0.0,-0.0,-0.0,-0.0,-0.0,-0.0,-0.0,-0.0,-0.0,-0.0,-0.0,-0.0,-0.0,-0.0,-0.0,-0.0,-0.0,-0.0,-0.0,-0.0,-0.0,-0.0,-0.0,-0.0,-0.0,-0.0,-0.0,-0.0,-0.0,-0.0,-0.0,-0.0,-0.0,-0.0,-0.0,-0.0,-0.0,-0.0,-0.0,-0.0,-0.0,-0.0,-0.0,-0.0,-0.0,-0.0,-0.0,-0.0,-0.0,-0.0,-0.0,-0.0,-0.0,-0.0,-0.0,-0.0,-0.0,-0.0,-0.0,-0.0,-0.0,-0.0,-0.0,-0.0,-0.0,-0.0,-0.0,-0.0,-0.0,-0.0,-0.0,-0.0,-0.0,-0.0,-0.0,-0.0,-0.0,-0.0,-0.0,-0.0,-0.0,-0.0,-0.0,-0.0,-0.0,-0.0,-0.0,-0.0,-0.0,-0.0,-0.0,-0.0,-0.0,-0.0,-0.0,-0.0,-0.0,-0.0,-0.0,-0.0,-0.0,-0.0,-0.0,-0.0,-0.0,-0.0,-0.0,-0.0,-0.0,-0.0,-0.0,-0.0,-0.0,-0.0,-0.0,-0.0,-0.0,-0.0,-0.0,-0.0,-0.0,-0.0,-0.0,-0.0,-0.0,-0.0,-0.0,-0.0,-0.0,-0.0,-0.0,-0.0,-0.0,-5465.726407880598,-53.136130797304254,36827.531377827654,-3690.9423262990554,-4595.419250880574,74754.23326766239,-0.0,-6807.459379994316,905.1531832248503,2164.6724898851003,-24872.405419619055,-0.0,-4808.331818294531,-0.0,-0.0,34612.020098961555,-11405.409313432405,3913.894794004091,6463.24786293416,-4633.428324810998,-27943.587505608786,-9024.842564708437,52.80587654027858,-92.61626668842914,-6335.781981786582,-0.0,-13621.142128289503,-18934.309365881083,15996.314948148118,-591.5774646155768,8.190887636879634,48270.46610725326,-3269.0408745759446,-122812.75572640932,-2907.1880279227576,-23602.959092638623,-19653.31781378523,-6533.857360682267,-6331.810227936866,-15247.808021026429,13050.656980738304,-2548.5376966082817,-4283.233444484319,-3823.760513413172,-11605.603363187478,8551.418191292905,39166.45678361089,-1043.0599521770837,72.20594966893442,22174.62233226497,5528.562537456871,-578.0137224277238,15249.284225997977,8558.309789859399,-5962.817556908144,-7569.588440299618,-4007.6875231521635,363.5874193196233,-0.0,-0.0,-277.5615027536923,-8442.834442482867,-3613.3726474480454,-3162.528009191135,-1809.3528569665407,-4790.187989649927,11379.945173156253,3794.1292312724463,-8689.931149803282,20703.43795821526,-20885.70151035233,-35985.41839993375,71725.58381955305,-23800.750357842666,-9615.870814152198,-2273.0958358130374,-3845.7524775593056,-6272.763605463036,-4897.7122621803,-34303.3307402577,-0.0,-14106.433951770066,-0.0,3163.2494401243493,-0.0,-0.0,-14642.842866690555,-1262.312510790767,-0.0,-0.0,4156.931467644606,-0.0,-0.0,-0.0,-7284.710745576439,-4772.527988932982,-7701.326371043653,-7634.4173073185775,8107.413471796896,-0.0,-30781.443566082045,48331.51474617029,-0.0,-0.0,-21025.262950059598,-10893.094797437792,195.17053755616823,52.68073912524728,-0.0,56247.68068409356,-0.0,-0.0,-0.0,-0.0,54991.69765503518,-1073.492908056463,-0.0,-11614.221531905006,-0.0,-6372.873133536337,-1386.0601694905604,-3378.1998124739807,-16516.98061750121,12998.403486951529,-1542.9705468503948,-9707.14696326631,-0.0,-0.0,-5218.552833458718,-7213.077809972393,-10787.140344904868,60303.567353605635,-0.0,-186.34458172222585,13426.085993797147,3375.5351954884027,-2054.672230795429,722.9687290005086,5518.780200065322,-3866.4109620484896,-84.90481076950209,-18630.82668245801,460.5829800529205,14065.519146597151,-837.4309154965649,13248.970064590427,52427.226483377366,3219.2523902605517,-69.83980438337197,9762.849954740512,-2158.8136193876835,-8048.623995113466,-10602.0152352928,-15294.492445669182,-0.0,6784.380750931536,20763.24466237046,22542.040136285937,-10134.238478065874,7705.204997457204,9208.185852956482,-8499.871356319736,16697.339929890484,-14888.065086207473,-0.0,4769.313933544685,-12695.364762509827,-16537.75461762315,-8985.157831559845,26524.228967892377,3316.8175826590927,-0.0,-6356.829392131818,-0.0,-2874.838573909641,100.9150787731938,-4209.179626720344,-0.0,214.0432481993839,-255.38517672146293,-22766.89620192354,-13244.34390567039,22910.570414385933,-7196.353111638568,3682.8748030555894,5891.1602485774,-6804.403021289799,-5512.688333778614,-12017.60493251876,-0.0,-2210.2713498101257,-1861.0749636798625,-0.0,1327.3243867044932,-380.19568279968576,-0.0,-0.0,-15226.944205172678,-3720.18500940939,3095.1870551345787,-5048.459538348697,-0.0,-0.0,-0.0,57429.28037466151,21046.015615403827,-0.0,105.46117909407921,12604.128430126497,-0.0,-4499.348363029913,-2516.2785283471753,-0.0,-4534.599059688483,-9491.396690683581,124838.90118022669,-12564.932032828669,-9108.8719113726,-34924.52457419841,-0.0,1523.6633547029169,3074.0857120085084,-10151.052858302333,30952.497815523595,-8450.812033549359,-41265.527454502575,-14797.684502717722,-9537.333234849406,-0.0,1278.8305993454294,-5016.51052047078,24940.404364612274,-161.82713458698066,-445.1260450732419,-11198.628388295854,-9589.343361043402,30789.172792588655,-0.0,-2221.619039613688,727.8804739160703,-0.0,-0.0,-0.0,-0.0,-0.0,-0.0,-0.0,-0.0,-0.0,-0.0,-0.0,-0.0,-0.0,-0.0,-2201.4468061858133,-0.0,-0.0,3544.535417852686,-15164.739119522439,-720.2958045714745,-10705.38569731737,25820.255600741155,8379.087299997333,-4044.418342426145,3555.9020571402707,45646.924844595516,-0.0,-0.0,-4341.715643388113,3328.884148089575,-7013.779364482114,-8707.742553925053,-0.0,-38.24241834348612,10364.543362680328,-4688.463928751515,-2784.3365579741094,3754.250978721349,-26006.883072457345,31501.328710146656,-5953.714298344503,-1040.6210589606699,14074.169592017783,-0.0,-0.0,-0.0,-0.0,-0.0,-0.0,821.6649174804476,47806.349923777816,-10395.58077773526,-11369.784154779796,-9209.186187629417,-0.0,-9371.14642096691,-13470.482045186018,-0.0,-0.0,-0.0,472.7294495077822,432.21645781423234,700.7344880925085,2577.802101448406,-0.0,4075.893567451164,865.4394558390942,891.2886683516298,857.8066124266534,746.245027199386,2916.1312001947726,1650.2515461840962,2804.5843699505904,2523.353263907423,2749.853072344944,2968.387953445579,37699.89793758946,35567.67379931635,41852.3003645055,38931.535223829116,9647.096997333021,8665.715885342399,8904.100996632267,10019.033636824044,4859.142334992898,2064.879760422785,2145.924963795228,2230.753976050028,2137.138472885167,2249.987603699306,4710.173924247639,4424.81526279841,1512.679205949613,1267.2079441869719,649.9331681464234,415.09356620482737,523.167596245364,34667.85964961624,33579.31375457862,37500.152050208824,33267.53147637055,58515.30057390965,55340.19668246046,1332.9466419290577,1204.1311333005083,1324.88478793338,1272.6142411242813,1240.1798331757452,1292.8994209278255,667.4807418641733,58427.468990449706,52101.33747009523,51584.94293813205,2817.290973152129,2689.938610147522,2904.0678411933777,-0.0,8428.656037022984,9019.011064878427,39106.64445926499,33983.57504449965,39922.54011039139,60768.17131352664,59508.71095373474,67810.85390545764,58306.71862145676,2795.042423768562,2408.5529120311153,5172.0131393736565,-0.0,19879.37198074906,22520.397902914927,-0.0,1574.9451362298073,1532.5625988124696,1542.250722055193,1497.768779017541,1495.0706776675156,1515.4325690521866,39349.174349558714,39586.69738331544,36854.39675564635,33690.899879446246,1198.1367444965535,1302.3799972772074,-0.0,-0.0,15207.573480573286,38192.3670961349,33394.93971856142,37235.49916227527,40263.80768136267,-0.0,55653.115652412074,51780.175930866404,1058.9325273872812,2350.922073861705,2248.774875927994,2404.5960532300687,2511.6206247505907,2541.2001531710653,59338.788941666164,57049.04954489652,-0.0,-0.0,16418.15018163944,1094.2239078556102,37111.24271654436,38920.68551954202,34509.31510650842,35932.18114975577,39328.00295031895,32459.68040884712,-0.0,16326.381351068336,10189.182705408924,-0.0,-0.0,1392.8342309948805,1487.4990086998746,768.1298258341669,856.1589595138554,442.51525657309327,448.5711261136442,-0.0,1056.6803006835041,1055.1521734842684,1124.4958013598336,1293.6316095896257,-0.0,1649.8278593531252,1608.4687462005304,1909.713041566426,2483.7419029882353,2459.0157328967507,2257.3920090644738,794.2717036398284,895.4785342104125,882.9758062179179,1464.3604989619237,942.9292321616311,1017.3961165331077,1038.5404356203767,957.1079540036048,8460.35532364138,8453.436678217362,271.5236287407601,267.0500871153203,3594.2892318986615,14577.738345209074,1463.4940445196542,1563.0360499255,-0.0,-0.0,8939.068855741594,8945.987154421653,8817.435356958718,7708.0718981574755,2057.514951629378,2038.0986965547368,36071.65827171689,33034.92811756373,9663.273848217406,7192.790590741409,-0.0,52327.609459890795,1989.1827540394431,2351.375863288217,1062.2272698724603,55916.194895412016,56225.8632182713,59736.9541071911,49578.74990546984,211.682435463612,58499.94058220658,52993.52215774244,-0.0,-0.0,24206.667004019437,-0.0,1219.3541696609618,1045.2766401557296,1065.0855791019571,2277.5252880886164,9634.959663756845,18029.320931972583,1879.8651882524593,1815.6867077817633,24.63499300734173,702.7294240086945,712.0263714099674,16879.928881572494,1472.2166601551085,-0.0,-0.0,-0.0,1068.2065498750108,-0.0,1117.3860266595952,-0.0,6254.7683486286805,6349.399571067641,5708.514090168773,5905.375238201344,892.7047189325963,-0.0,863.6908679778953,-0.0,-0.0,981.3374390888622,1034.6356598875655,1074.224867713348,908.2065651631991,802.908772347593,751.246956958552,1758.166506355818,1679.0788895119083,1616.7226895731328,-0.0,3099.571580144438,2714.345648898719,3175.7639909164914,3036.206315661276,4854.649206785816,50297.60480557411,52752.69043241003,10515.06325160656,21410.65870882498,15326.860865758981,18414.02199998551,1698.0090615440079,2045.592157835441,937.2499270474791,861.569740137301,2244.4728232422035,-0.0,39391.472991736504,34057.764027844394,1441.416909087629,1167.160035606766,1246.2738104731166,5573.296003506054,3164.8244343283955,2985.043330905147,34870.19586171906,32988.13748153705,36691.54078843084,42498.50512055104,-0.0,-0.0,-0.0,2314.13765361823,2468.729009952345,2560.8711766208503,9260.680323606122,8853.716298341604,6412.608066759263,2381.704824897601,2520.8054698128417
17,-0.0,-0.0,-625.0842794089795,-2167.808405139548,-550.2020908724883,-521.2625940429317,-102.84477801186094,-637.7901441693751,-604.0722576909043,-0.0,-1348.5622520548309,-0.0,-0.0,-2754.0590024672674,-0.0,-575.2622469749487,-461.2170793403265,-0.0,-46.27933910326757,-248.87996081243924,-314.635053444109,-718.4690923325855,-918.0089134188709,-755.2733223552842,-2211.0377075947818,-648.3654354728279,-0.0,-42.10446626348059,-2973.592502178479,-1841.5691500430903,-0.0,-0.0,-0.0,-0.0,-0.0,-0.0,116.08458126688065,-213.01869547095143,-1869.780151785154,-1594.6318540656723,-0.0,-0.0,-141.0108411444103,-550.1173966950455,-173.1764485762317,-0.0,712.3900825010262,-1867.0987771618072,-411.5383523580199,-0.0,-0.0,-280.67148823097546,-0.0,-11.854799188427709,-2184.357866584069,-2961.1831055666553,212.11408984182995,-6064.026505868667,-225.06838293389274,-0.0,-1902.2274634371463,-0.0,-700.3511863875513,-3145.6910617121875,-518.176331170903,-517.4158863307067,-43.96564194702814,-2227.6931983531877,-919.8984654834385,-472.41843868911354,-2936.855902738072,-0.0,-0.0,-2738.591835727445,-1054.8100321713525,-237.1200600046085,-1825.8408229035765,-0.0,-0.0,-1390.2292563630695,-1494.0000144753274,-523.4925186594731,-3618.878385508742,4.133888671966282,-27.7225361367055,-2197.7387483347675,-0.0,-635.1057929741123,-1024.946933412833,-7.844029814884872,-0.0,-1385.5660621824652,-88.25688620955171,-829.9246764703415,-2229.357992968248,-42.455812446341895,-2675.3129124654024,-442.1127046343486,-1468.6419779198775,-2916.624840270518,-742.2420954981081,703.1433557551516,-575.2642662241415,-0.0,-1448.5023774791173,-2436.0945381034853,-4867.0019360053075,-484.7390004719968,-3193.513533360955,-0.0,-1706.4903489396938,-0.0,-0.0,-570.4477697476265,-0.0,-0.0,-692.6997786933721,-85.62269421592971,-1581.0060760657427,-957.9264027680804,-855.3196569076806,248.40546447998491,-483.6216429708406,-321.8488635251526,-224.03905091147524,-8.582904435019005,-572.560755994072,-645.0614677320938,-800.8516240440227,-0.0,-5152.543501411311,132.14341185692587,-114.60443651345048,-4655.985368581201,-0.0,-1099.862190357168,-67.74014382649476,-0.0,-337.31711861858656,-0.0,-0.0,-892.3334869806505,-0.0,-742.6397281793852,-960.6464741371693,-0.0,-1165.4129783979247,-301.7063290755336,-668.9796680780989,-2256.5425647680327,-0.0,-1780.9338455519728,-1253.5277630180085,-0.0,-0.0,-0.0,-0.0,717.2447577246245,-0.0,-1721.426690485989,-1836.761846488436,11.940290766383809,-0.0,-0.0,-725.3188031671131,-574.693252733619,-807.4926223808461,-0.0,-462.36369832658664,-3223.3311802719677,-1117.658931120502,-0.0,-1284.240056295431,-2638.9735092003257,-0.0,-0.0,-0.0,-0.0,-0.0,-0.0,-534.2695709767293,-653.441270771847,-250.0956893982016,-212.60626699883605,-1438.2356868604666,-56.099050661902716,-0.0,-0.0,-762.4643915201983,-0.0,-598.1067581202159,-30.860722942737496,-4.573444651331898,6.274353804657567,-0.0,-0.0,-1273.6144636158606,-457.01020001201186,-505.1045544862234,-0.0,-3655.5153814308483,-2150.320769660372,-1111.2366604137437,-0.0,-0.0,-2383.398873580289,-1574.778845514218,-706.1795886449897,-90.98256562193447,-1824.6094063842777,-1521.5251497929617,-0.0,-0.0,-1806.94811879677,-0.0,-849.7472134671187,-1382.2433303937278,-147.52545510814187,-447.930595867612,-644.1300500647022,-608.9407889478302,-0.0,-1646.3199298935672,-0.0,-3609.7060724153116,-3052.0058107316318,-199.50497428109912,-429.75711385935386,-507.35155357095,-0.0,-305.6235060472929,-283.3403268774974,-0.0,-1161.3882399620888,-742.2368474391061,-1207.6421928823759,-1696.5358514052696,-999.920558050329,-2315.462395559995,-2258.504084880411,-2628.8809940463448,-2401.0415177134378,-1105.8946925956593,-2312.0468013400764,-552.2764182522941,-634.7150111095237,-0.0,-1305.6556152640287,-1171.5988930310705,-1077.166341684567,-446.5964797806674,-429.6800347919951,-2197.7292635994454,-838.0965463136107,-448.248956795381,678.6908046542321,-0.0,1083.1135326943077,-1479.9717406752427,-0.0,-0.0,-0.0,-0.0,-0.0,-0.0,-1389.7654628412604,-2963.8594189975743,-539.4807619820851,-1059.4332122855385,-0.0,-0.0,-1990.087004472641,-1301.959956258197,-2263.6986059418914,-0.0,-0.0,-149.64780100501392,-63.248968341877095,-427.62017490857716,-2015.5858337498482,-542.7431673465192,-0.0,-560.3584674017551,-736.2713596880373,74.01048694835035,-1292.6951360187784,-1589.7576229402075,-1440.9719686865155,-1971.293620933106,-333.7610973492724,-634.8457752508839,-45.153892472455304,-1876.0762065155357,-0.0,-912.0149480200322,-177.99459941252363,-91.3250312854054,-632.2766652633189,-0.0,-2329.075748545422,-139.0130516783621,-737.3829604153764,-1712.6477127574278,-1694.0580864318542,-0.0,-619.8355299399199,-833.6166420743648,-27.602005209138905,-272.3277405668314,-544.5658980838382,-60.33634406140106,738.575470161917,-1279.2312860905356,-0.0,-1007.6774962137329,-1665.5277895143172,-0.0,-535.6236445944123,-0.0,-1671.7400684948236,-0.0,-0.0,-0.0,-1257.2402455433612,-786.3051036942716,-499.04930933289967,-0.0,-1726.6018107613036,-3330.644177058829,-3993.7714551660315,-0.0,-361.38891778848836,-0.0,-306.4244649074533,-124.512604817823,268.6424333157953,-622.6362509609437,-0.0,-750.3986155625761,-992.1706385017415,-341.5837996936546,-630.2157131944236,-0.0,-477.4255205987157,-991.8339170700941,-587.3854676488291,33.03310063540335,-2463.9031711566518,-0.0,-0.0,-1504.840590788527,-271.6743955304535,-1485.4534653245776,-103.6086221522759,-138.44349250767436,-235.24534957235682,-661.7706128624719,-1085.1114619387868,-1451.000608003516,-2252.339139854656,-0.0,-0.0,-434.6916402744508,5345.026253855317,4.664910240070824,-0.0,-0.0,-0.0,-0.0,-2499.000234244924,-522.5827201731784,-0.0,-1066.6506993294324,-997.2507668839306,-802.4637749148405,-2384.9684265260594,-272.56251886064945,-1257.7899971256033,-0.0,-0.0,-2145.2139028715546,-726.3241406311248,-1840.5007159633215,-778.885400825007,-885.9608579552844,-1974.2636947155354,-237.7241363047544,-1799.2135581506798,-1179.4762052909928,-33.86447062994219,-1100.578085393299,-1211.3223004897777,-246.79915295499515,-240.45928064814456,-2057.484352035936,-0.0,-506.78232642624926,-301.2317423221482,-33.06919256797021,-858.8715520268747,-229.47478897633422,-1019.2360138977833,-947.7395301103403,-1352.4962425992017,-251.40886700082618,-2712.8252833088886,-61.800351220414974,-647.6602542665187,-0.0,-848.3395166711181,-806.272588163053,-1035.2498271780562,-1240.3745756762642,15.576951762502047,-436.6021058318498,-2770.684210684869,-852.1730016812382,-410.10106734380724,-1220.1523236851185,187.58687149708558,-0.0,-0.0,-0.0,-0.0,-0.0,-0.0,-11.82447935022137,-185.6223530223967,-2469.716334896204,-5273.936804456108,-526.6471877448408,-1050.2173778017002,-148.4926946747144,-570.8102919922948,-1448.692584942428,-1198.5297053777629,-42.28907599814717,-582.7007791269173,-532.1836630941103,-0.0,-101.76963694476981,-1197.6157244580613,-511.2755717832736,-0.0,-1107.593287722828,-0.0,686.9717320788465,-0.0,-0.0,-0.0,-43.72530543047426,-0.0,-0.0,-1151.4949958565987,-451.35859880883237,-1293.3362816798242,-0.0,-0.0,-0.0,-961.5782121985719,-625.9373083528637,-1423.745023718122,33.7442785080585,299.5794418112589,-0.0,-0.0,-3323.0016875350575,-1324.4759358032256,25.005516197198364,-61.61709423822245,12.46323997558893,-20274.621274286543,-20151.841176288843,-2513.1586355971613,-0.0,-0.0,-0.0,-0.0,-470.2033116021817,-0.0,-0.0,-657.5568177681465,-2441.357036642131,-2125.153538826703,-1450.403353190491,-372.3562713591525,-1982.4344126035892,-34.3572695748455,-1396.1494630549291,1051.5183387275997,-7.94650622708233,-976.0447968052284,4.198168877740845,-0.0,-0.0,-0.0,-0.0,-172.00994886690003,-0.0,-0.0,-0.0,-995.8981482271053,-1596.6722892324615,-0.0,-0.0,-277.54340595709095,-2397.2573041639757,-0.0,-1528.3082740699647,-1798.0483938556292,-2198.61234675771,-0.0,-0.0,-112.4140544159098,-93.13298298015287,-1114.887657743211,-1630.5612669882685,-604.2722556103153,-1430.6794786490666,-1357.4206367527981,-0.0,-0.0,-0.0,-0.0,-464.4421750066327,-277.34110643365716,-0.0,-0.0,-105.5136695261629,251.67165002568223,-0.0,-1354.304568307953,-1126.496803408938,-1171.085089621189,-0.0,-0.0,-693.9101251780965,-1311.3770924407395,-813.387174613749,-448.74606380144024,-0.0,-2407.6829583158183,-2521.943793716769,-0.0,-0.0,-0.0,-0.0,-0.0,-1594.0444314183737,-0.0,-2472.068080672207,-1430.9380727191271,-76.89039746035621,-0.0,-0.0,-0.0,-2959.4295103161276,-1461.47265080825,-601.4571021591995,-519.4681301078391,-1334.0133919345672,-696.5229634224889,-0.0,-0.0,-760.1726864471004,-1506.7972818963349,-76.51881961437621,-515.7568738864984,-0.0,-954.713712210617,-727.7769054864201,-1981.3263419019524,-0.0,-348.11497147065813,-144.11684557098127,-359.6635068991749,-1601.844705855482,-321.8741274095778,-0.0,-0.0,-0.0,-0.0,123.20814223135007,-161.09084287575462,-972.4646181499235,-1653.1615273176815,-1244.0968333671028,-493.5263599293828,-642.1095026716466,-6500.208813981004,-907.5487555113518,-593.1648483977617,-0.0,-0.0,-0.0,-306.93945755324154,-438.55209176708115,-1378.2910928001074,-406.905673513385,-0.0,37.440573687804616,-0.0,-0.0,-0.0,-0.0,-0.0,-0.0,-0.0,-110.26266939298212,1791.1630664460372,-0.0,-1647.015379317067,-769.5620069672099,-463.6360713701821,-1808.873248713406,-0.0,-0.0,-740.086616753508,-755.4600921274213,-124.31033313457833,-144.292776595597,-153.63709441097154,-681.9575957224316,-174.57770602831414,-2050.194707233094,-389.9696163946425,-450.7497492300057,-0.0,-0.0,-1637.1144465820378,-3104.542353785019,30.570587132171827,-569.0801005554774,-399.00381862157644,-1007.4300619562349,-1378.4520876551958,-831.1582183358148,-319.0808626983839,-181.8799752323029,-1409.1811541170018,-0.0,-0.0,-0.0,-0.0,-0.0,8675.134610337333,-79.49469899737744,-591.1684236658134,-747.1758510559804,-1187.9886914598067,-1306.4437979848656,-1428.8506386856752,-1781.4707807336551,-2056.2393512617427,-485.7440649521644,-0.0,-0.0,-1643.7508081176886,-0.0,-0.0,-339.52025159138657,-2133.742630484353,-1343.419959941437,-540.5086373753495,-68.73430354858957,-1810.9768310734883,-0.0,-1567.9463783231756,-0.0,-0.0,-0.0,-0.0,-0.0,-0.0,-529.3654941056046,-1435.2532882393623,-1163.9091359818267,-92.52468834307011,-268.63967193384303,-663.2411121112304,58.01386530744116,-0.0,-0.0,-628.0505558049666,-596.2449633050045,-4372.0732181634285,-0.0,-1385.4339050223157,282.9500343090956,146.31465975287549,-0.0,139.33393893208992,-216.6116539147781,-162.06172210965758,-496.926354067581,-0.0,-1925.9457801649492,-0.0,-0.0,-1191.6854960720484,-0.0,2653.9422910969975,2581.932679841947,2435.584079034727,-0.0,-0.0,-1983.8063303282381,-0.0,-0.0,-379.8455753845941,-1015.2263064682622,-810.6250731177297,-990.7883913703615,-1176.8393847988941,-0.0,-0.0,-0.0,-0.0,-802.251029864322,9.377079722917873,-59.39908262107311,-1138.5842784445406,-1095.1591700545105,-409.7363049601653,-1620.6473826761296,-0.0,-2294.615446097746,-1189.480866475158,-1552.6458300186,-460.4220294472792,-425.88406664858434,-0.0,-1411.5135522002972,-787.6392323615548,-963.075578706208,-2331.1437101655415,-623.239132477107,1156.6246524766675,520.9889652311142,-360.30786533986753,-1366.923509944438,-0.0,-1909.8843694415486,-3830.3655984123516,-485.7947434146723,-529.0919911817226,-0.0,-0.0,-0.0,232.0541978484309,-390.3962377120146,-573.6698308307892,-162.5244894971579,-521.2511501012636,-558.1132499746724,-0.0,-475.8714773794278,-1029.7288271044508,-805.2545316241394,-0.0,-1983.5892054531355,-4805.038710275048,-0.0,-0.0,785.4953558912266,684.4406278134593,-0.0,-0.0,-711.2577325900658,-1019.3202653570263,-358.4820045479644,-741.6049795545368,-0.0,-0.0,-0.0,-0.0,-0.0,-2954.551200396224,-472.6657509212262,-1787.6052920700402,-1247.5654476244822,-0.0,-471.22691267396925,-441.83864730557553,-0.0,-243.72450126666672,-759.3324493407372,-1312.3045095942928,-4418.23111582583,-85.82533850482861,-0.0,-0.0,374.2373315109444,860.2843543651329,-0.0,-0.0,-415.76984462927453,-0.0,-0.0,-0.0,-2793.756980627534,-0.0,-590.2285750892854,-0.0,-0.0,1883.1164082324174,2359.69592511748,2250.0390172042694,-0.0,-0.0,-506.2736035371553,939.2965781852793,-2846.329610252311,27.637636484811757,84.08181743893238,-2735.242270402279,-117.81005492278607,-219.30758298532763,-712.7643296652941,1050.0582367299626,3616.191773863103,-3269.922284722972,-0.0,-0.0,-1053.4817944028455,-1803.5903932745282,-1303.9711248832589,-259.43819604067113,-46.8700417126865,-0.0,-0.0,-0.0,-0.0,-2171.941940346237,335.333644202804,-0.0,-3.9762740761913475,-0.0,-1805.8070813938104,-2241.778881104073,207.38212647764695,-0.0,-0.0,-416.86486422495574,-0.0,-1841.295868316896,-104.30478907514181,-1261.8978429908864,-493.21006376679253,-1294.6288324489237,-724.2559218305878,-1250.6613989110142,-753.8704372656746,-0.0,-0.0,-0.0,-127.21885948951955,-0.0,-0.0,-291.08258940908684,-415.82571858587244,-724.1549113836477,-0.0,-1502.462756742082,-1161.814168577914,-976.6039089223261,-8.070283481592856,-8.248992321811357,304.4431115073207,43.78052922934215,-0.0,-0.0,-13.589199712760385,-1946.6147940687301,-678.3065257019693,-1056.3410798608697,112.51945326789844,-2399.2985268407806,-2000.6165112848794,-1051.5318007271453,-1176.8057123819633,-49.664236501207355,-639.8833237906173,-776.8574785922901,-1386.1743987027883,-2238.6354744637533,-0.0,-2240.219136973576,-166.73788224738195,-0.0,-2748.2836764097965,-2938.615163181348,-2565.982506029853,1687.3457484800258,-0.0,-1935.2995608061249,-252.11134016289986,-1363.9058209604918,-652.8775957830559,-131.12348986384936,-2419.8172986620407,119.06834920896507,1828.6728797221324,-0.0,-221.81665533873465,-448.9236379459039,-1192.8783503100406,-1294.5879293438268,-1910.502272456867,-4476.949824006433,-0.0,-623.9001220004835,-1434.636702617963,-755.209970667709,-264.61756217525186,-30.420581180463905,-341.17229922004867,-0.0,-0.0,-0.0,-0.0,-361.01980550568084,-1387.726613830203,-960.8405657144547,-69.99755531118949,-629.4998143939506,175.5355619144413,-0.0,-0.0,-951.7374152130408,-556.2471787821278,-0.0,-2342.429395196103,-103.47260085620202,-1419.2598112276712,-0.0,-222.1593772837214,-216.18503557017274,-0.0,-0.0,-503.310896757169,-0.0,-0.0,-4513.141495888399,-210.3155333024835,-2731.2043259781913,-0.0,-0.0,-119.89745388217735,-1622.0525486535348,-665.0124881785648,-410.42573842716513,-1615.7021231187284,-0.0,-752.4364139917888,-0.0,-583.336550451726,-0.0,-0.0,-217.12129359840566,-91.12590193223107,12.167740019408512,-431.2605292260273,-1554.081046091865,-2294.8113968135226,-0.0,-0.0,-0.0,-27.37266236549247,-409.45070004085926,-0.0,-1775.2399469966906,-3160.2006849214704,-0.0,-0.0,-62.09012995464763,-1765.327467368981,128.41374249782885,-0.0,-0.0,-0.0,-0.0,-513.4153986024295,-2315.5661195787925,-223.74229060578412,-1498.7259226552474,-0.0,-0.0,-706.752806484164,-519.9474969492104,-371.73331612837575,40.50735729094442,-0.0,-0.0,-0.0,-919.558183731881,-713.8367368554261,-552.0746422904593,-349.4813633778563,-0.0,-0.0,-0.0,-0.0,-2537.6147094485436,-90.24168340939285,-25.76061830781542,-0.0,-0.0,-733.317460878729,-397.5389493827663,-0.0,-2063.479695348853,-4888.1907043786705,115.00998115896246,-1281.421562634577,-0.0,-0.0,68.20863661112675,-547.3211519611243,-1991.6016174842966,-562.3986008609842,-3156.1289187260577,-1370.863541992556,-831.014000919565,-1557.970973101955,-0.0,-0.0,-0.0,-39.86253401791347,-1365.3600147276757,-0.0,-0.0,-3278.7319985746585,-87.56651326917189,-1521.658451037987,-844.2193855902766,-0.0,-0.0,-0.0,-0.0,-0.0,-0.0,-767.8209404890123,-0.0,-1714.4009105422886,-0.0,74.50909713956453,-1436.4073493706628,-0.0,-0.0,-0.0,-2416.7857800581933,-0.0,-0.0,-555.43289426113,-0.0,-0.0,-1135.7476502276281,-626.1292312214367,-0.0,-0.0,-195.81373380540305,-2136.7067510337984,-0.0,-1199.504904233891,-922.596184356157,915.9872917693245,-205.7261084591545,-0.0,-613.9735786241423,-2.4100563000205324,-0.0,-23.83065165928799,-0.0,-392.06937384697085,-0.0,-0.0,-0.0,-0.0,675.7722847074405,720.6520477308452,-965.5185620109621,-1729.918900672526,-0.0,84.18310245295014,-4.341864835349298,-91.09885766602552,-1004.0225833724393,135.6106437646647,-584.166383686648,-442.3422542290292,-202.2168940561197,-3651.8756547634425,-0.0,-251.7248379773609,-1936.086935491587,-2706.1728204881556,-0.0,-1227.2325901889978,-1857.6138865337007,-2255.756784435884,-810.5597333497674,-0.0,-989.9746001063015,-792.3021125225208,-862.9579460566956,-1350.5935958737816,-1074.2063319578456,-0.0,-136.23420701327788,-1452.114152581693,-0.0,1290.932787473236,-420.3865340749937,714.8493940791591,-0.0,-0.0,-106.48495616373974,-46.916326274384,-2600.743864458472,-1000.8281677042662,-0.0,-1061.7249433476893,-3416.701319406255,-994.9031061505086,-942.7805892792499,-1276.760755309971,-432.4024317612478,12.249064076360936,-43.740703461388115,-0.0,-0.0,-1053.2001359188957,-82.51801475734855,-0.0,-0.0,-2112.6545539558633,-740.912654328973,-670.8586801650414,-2094.6000244045154,-104.66123943765086,-19.439533073025142,-2823.2915263756117,-974.5888734960796,-674.10976363379,-1136.4031826796768,-0.0,-2395.1231247060628,-477.45362084096257,-1416.5190916321567,-1766.2759395959527,-417.50342224451384,-577.5893941534362,-1872.7876288326968,-515.5876889469574,-0.0,-0.0,-0.0,-1466.8414111987488,-0.0,-3701.879597610291,-1292.888261791498,-1620.4773726792346,-0.0,-0.0,-0.0,-0.0,-0.0,-144.74051151373806,-0.0,-264.0653168385475,-1027.3754744284668,-403.903930910374,-0.0,-0.0,11.770914240370407,-0.0,-0.0,44.43785204330408,-316.0416285698766,-0.0,-592.6359227983437,-0.0,-0.0,-91.6895907612828,-12.64176405152123,-2803.6980560675293,-2433.735290624312,48.212919431553885,-6910.982903182321,-983.8233553664539,-632.5435617854573,-0.0,-848.0438326074456,-1502.208843276495,-0.0,-0.0,-0.0,31.306781362883857,-0.0,-1545.0311978144002,-0.0,-1544.3041356003039,-0.0,-0.0,-2556.795250417441,-402.00726915611284,-688.1863898703325,-0.0,-0.0,-0.0,-0.0,-297.3673063476162,-677.9004380183101,1358.090283966336,1086.464118897288,-760.9688621439429,-9.331397136684252,-0.0,-321.5497471395938,-349.85895445556275,-1886.7697010819172,-598.8321325345072,-127.32856211674698,-1108.0936044695727,-1539.1856980664124,-1001.3016141138334,-662.5139399250544,-0.0,-0.0,-0.0,-77.84784274172966,-0.0,-1841.5260977732535,-719.3851864386576,-0.0,-1955.7638585540572,-1216.919088898159,-0.0,-0.0,-0.0,-0.0,-0.0,-1098.8647302317004,-0.0,-304.9095853337408,-1803.1804098514713,-0.0,-1153.30688224729,-0.0,-0.0,-0.0,-2842.9656095703485,-1400.0354088104568,-1047.12216779698,-2472.8310266051863,-0.0,-0.0,-0.0,-88.17928815408463,-543.376814769742,4.076558568773704,-444.5692484615127,-318.25657011470946,-0.0,-0.0,-365.49418399571795,-1650.2087728461336,-3745.5396476055494,-0.0,-471.6767765540194,-1321.9059452111246,-454.35171138537817,-516.8332240561668,-0.0,-0.0,-0.0,-1910.212935666723,-1857.773876779682,-43.516058720058965,-1821.122726831957,-618.6649711329915,-441.49755644228657,-8.296842638078482,-1335.3055829896641,-0.0,-2164.8612359582553,-0.0,-506.2048768550917,-0.0,98.23800901774094,-0.0,-0.0,-601.4120695991882,-964.0070667099799,-8.715725117891017,-0.0,1280.6687892707935,-0.0,-0.0,-1972.9223144749142,-1771.1295130466463,-1172.6802913984277,-0.0,-446.0174892554059,-734.671781222491,-1657.615378552029,-0.0,-0.0,119.47861838518902,-798.9207074268413,-0.0,-0.0,4.516714814600628,684.2295858461937,11.868185918711433,-1589.3802871828884,-0.0,-0.0,-1791.346089421522,-1838.2198296913061,-87.95940658028681,-0.0,-177.07625575791877,-816.2205253021692,-1088.5128347117893,-1859.9027603241057,-0.0,-1019.1452925680917,-6.9051325383219835,-0.0,-1705.7250116722287,-0.0,-0.0,-0.0,-0.0,-714.5788663858564,4.296613435522101,-16.93800550909125,-0.0,-0.0,-610.5926217081337,-0.0,-0.0,777.4182754046146,-1166.3698269536897,-48.600435741157284,-2320.886567830236,-0.0,-0.0,-586.2430769003981,-0.0,-325.1973672328147,-1286.0734746095109,-1116.6507045927112,-1139.7926306228621,-0.0,-0.0,1526.93062191903,-0.0,925.4952621807264,1023.2210606293744,-42.1635031904306,-853.1183685107856,-0.0,-0.0,-120.84034727683434,227.16957819514224,-870.1149034662719,-402.52086694543675,-1248.4381249412306,-2850.3335487594204,-2176.8594205975273,-0.0,-0.0,-281.0204407624666,-6048.797853484722,-607.2130700935895,-552.4793456143938,-0.0,-0.0,-620.4944581828361,-0.0,-1056.581493454531,-1517.4457115020332,-708.276972742195,-0.0,-0.0,-56.441198065189816,-0.0,-168.29077450028115,-1333.5226359191217,32.99105387696212,-753.63737247568,-498.2773748895522,-265.5879900109836,-748.2065498931579,-2678.8510667856467,-16.051061755440223,-1302.760708306072,46.108743162199616,-1157.303808638724,-288.5349527508158,-0.0,-0.0,-217.23255147423512,-0.0,-0.0,-1859.8473008752767,-685.4340556640489,-0.0,-825.2472014228949,-610.1821316202054,-0.0,-0.0,-1712.5128582030823,-841.0100996546419,-1568.854196655485,-1620.23068726281,-0.0,-105.33836111201398,-3041.0209884732026,-1029.5003849364543,-338.1265651542274,1759.1573184607948,-1855.0862928110341,-1379.858972871829,3.990518823190582,-899.6240989438345,8.360668201685996,-1939.5602919212884,-0.0,-3402.708539290321,-860.7562489624875,-0.0,-1860.7611853175833,-1622.5659209446626,-0.0,-215.04662657388985,-901.6292725181896,-1074.9676391158096,-1655.7683032727268,-821.614400104935,-500.9890493173912,-620.9121956898301,-0.0,-164.17602291501922,-0.0,-2726.6760320728386,17.09480291653298,-3561.5224016853713,-852.8765033343495,-46.11216928802928,-45.86895890753227,-1463.7482353100816,-1019.0364378878714,-0.0,-514.9110995510196,-0.0,-0.0,-707.0294494146784,-0.0,-0.0,-0.0,-0.0,-0.0,-0.0,-0.0,-798.5488283732459,-506.44749441971356,-2783.5774472404155,-2783.4567239819758,-0.0,-0.0,-1285.7779762704404,-2088.450155565327,-517.0396383362292,-219.14441209314614,25.230904961915137,-0.0,-1448.140780197504,-0.0,-2640.644169743914,-0.0,-0.0,-0.0,-0.0,-1969.714480195037,-248.0360124353623,-553.6658764549566,-1222.090328900039,-1327.2652635725058,-1117.733395811731,-786.6464134687875,-1283.598046649413,-0.0,-0.0,-0.0,-0.0,-684.4415793651215,-468.6755242283018,-1575.2724654257295,-0.0,-778.2191339507469,-5786.586961249968,-682.9275711955036,-836.9799717408357,-3609.849739601771,-798.4774163049726,-0.0,-543.0867428580291,-544.2077712405924,-1219.7639705645308,-714.8424694694618,-1671.6582668604196,-1754.5459315841706,-0.0,-0.0,-0.0,-0.0,-1594.7507177895077,9309.500442075343,6918.716198832346,-0.0,-0.0,-0.0,-0.0,-2255.941326043692,-1052.2149230467485,-78.41787876108411,-1616.475787531473,-813.315974290224,-0.0,-0.0,-0.0,-0.0,-815.0050668189264,-0.0,-1841.3731150514182,-280.1365864103346,-0.0,-0.0,-0.0,-0.0,-117.94530980565695,-512.1056752977844,-456.312240350052,-924.3797221040443,-1029.8586125310912,-1230.2412581449614,-1010.1260514507235,-343.09758801817856,-1494.8615327704645,-1777.3541901841168,-1238.3077539730814,-1765.9294926440327,-40.40895434915586,-1344.9473875697743,-1021.7555971854578,-954.6000135845884,-1627.7582013300091,-330.20649942932107,-2775.0355404177985,-1799.595780583818,-1947.9205261818934,-653.83380480501,-559.098630454493,-1287.3498572466733,-0.0,-1039.0742550276323,-0.0,-3468.3338510148237,-964.5358508876641,-343.8508134462991,-1748.9038540372615,-1610.0883082247153,-1215.1031357015313,-0.0,-0.0,-0.0,-0.0,-883.2504312303281,-3361.741347003549,-1826.5443378625555,-0.0,-0.0,-1079.9015549544997,-0.0,-0.0,-1201.1162453853628,-494.6500100821275,-1009.2463894635134,-564.723381961886,569.8902955176977,-1208.5031171752833,-677.8395250077824,-1816.9116233749992,-0.0,1416.0495921817273,-0.0,-0.0,-1097.9621436799318,-5401.971532197001,-0.0,1563.248553143988,359.7281362817603,-798.323003018349,-248.7687510419686,-0.0,-1848.207424310938,-1089.3860338565473,-2482.8780944791342,-2164.1762980611406,-386.54687125873676,-0.0,-545.5542802879996,-201.02772380405793,-0.0,-1256.9465521984012,-0.0,-1891.7616198103703,-2675.5408273556486,71.62501938652213,-2476.460627740441,-2075.061709328463,-0.0,-562.7171503772693,-1429.632992050476,-2398.4649260811057,-0.0,-435.85398810345316,-2627.2900986549585,-989.2186638592422,-871.0266520152378,-1021.9871168713056,-445.09176944526337,-928.2683700698885,-1599.974432379104,-0.0,-1033.3275631310235,115.96080424949746,-1295.9411729326837,-0.0,-537.6568075205146,106.18863148306613,-1116.5062361130465,-681.1179125569346,-0.0,-562.2979954654822,-437.536989779361,-1920.12536425546,-1225.3379387383263,-1771.1220959439222,-934.9182372215673,-741.7981101160071,-1066.3528326823018,-2067.4595022306316,-24.262672104976968,-0.0,-508.83377570616796,-716.9875369375405,-1393.2469157040189,-2196.536643501167,-360.59023581250904,-738.1867867274029,70.75245308408299,-984.7562304496029,-1248.2586489286416,-961.2826456943086,-0.0,-950.9385197095958,-61.14774929381964,-2557.888814337832,-0.0,-475.49044419751846,-947.1827982650412,-543.1131939198893,-2629.7716668935827,-192.16800293151155,-1685.3998504926692,-797.2601455410111,-2597.0446598587373,-0.0,337.03202448729155,-0.0,-0.0,-338.20062315700795,-0.0,-0.0,-4012.389452005842,-32.69661794198287,-44.14398007067065,97.96184722141021,-1469.71517052641,-0.0,-0.0,-0.0,-0.0,-0.0,-32.78954147784451,-0.0,-361.3011057090163,-0.0,-350.8260209692373,-1753.2681875126718,576.5546771470505,-2911.4934606435518,-0.0,-0.0,-0.0,-0.0,-0.0,-0.0,-0.0,-0.0,-0.0,-2923.455533929189,-0.0,-3001.8527977422323,-3102.835317893992,-39.95491832956115,-0.0,-0.0,-0.0,-0.0,-934.3515106781155,-1144.8990765017832,-0.0,159.2267903878855,-665.1181214252399,-2166.755036399795,-694.9631631230138,-0.0,-606.0687324358764,-1049.6286641151912,-0.0,-0.0,-683.53144534417,-859.1257110982003,688.1614766698352,-546.5203072922966,28.84887285105564,30.585060608463458,-0.0,-0.0,-0.0,1833.1158298448013,1435.8621739566283,1570.0260061040667,-0.0,-0.0,-0.0,-815.8812409736254,-0.0,-0.0,-935.7405383914268,-79.85083751209095,-444.95340520034904,-61.44036575328806,-1173.2997067258282,-819.2449070089345,-1393.9577588963232,-138.3410214167356,-285.32562655225536,-1226.5647278642236,-0.0,-2459.451117089181,-16.315835363066977,-979.8250873917953,-897.8745356860176,-17.925321557313598,-0.0,-1272.5219013239996,65.90387900289666,-0.0,-0.0,-0.0,-0.0,-0.0,-1535.6906812790508,-3748.7725434343533,-0.0,-713.5201113949859,-66.06783635287894,-0.0,-0.0,-0.0,-493.93770187019584,-27.492256551302408,-0.0,-1349.6944584047785,-734.0097607917543,-0.0,-0.0,-578.2509954641491,-0.0,-0.0,-1784.2761625171186,-1579.3883137333407,-0.0,-913.3321113452474,-2193.7892036796757,-85.65947946595134,-0.0,-0.0,-281.0949743026446,-867.2141306899421,-260.013915630179,-198.2460499427309,-154.80803636793365,-0.0,-0.0,-0.0,-1311.1640585284065,-1137.2145174459922,-2327.160708252333,-306.96728453605687,-1425.2279986059348,-116.52457264167543,-181.69947884489932,-536.3164913614665,-1987.6942765002332,-0.0,-0.0,-1670.8260734346875,-1870.0223818402385,-0.0,-0.0,-0.0,-649.531136560174,-2114.063078425705,-3643.4690422761105,-0.0,57.6852230851996,-203.17716928139234,-700.4990634111012,-645.554121536712,-2144.273759522863,-0.0,-1648.1783960233274,55.369817531431046,9.161991494960184,-285.5961325453359,-0.0,82.0535953475968,-298.35484369355305,-496.8094976029842,8.918258651189841,-0.0,-0.0,-809.157018269723,-12.559962472726511,-0.0,-1474.342948628569,-1012.6797129801002,-1301.481612878965,-877.8138508579254,-1353.3163544854856,-1647.6316852538432,-0.0,-0.0,-0.0,-0.0,-0.0,-400.77005040191574,-668.2615836767976,-1309.1352545401978,-1406.6930776774634,799.2644300302388,-1607.7758935130369,1790.2902732867547,-0.0,-2304.7836845776037,-1806.0228463070764,-857.8444107162536,-33.77766849423192,-116.9302076225983,-2366.151706357462,-236.03133985069957,-0.0,155.722334081138,-1025.1795004478677,-0.0,-0.0,-602.4312189962267,-408.3011910418408,-454.68267798939627,-1299.7504363094015,-1697.9311921617152,-0.0,-1617.6562752664295,-1346.2855764902883,-4922.169705497747,682.8677431113953,576.4467800859982,753.5267553835799,688.0287964962434,-0.0,-0.0,-0.0,-0.0,-0.0,-0.0,-0.0,-0.0,-625.1049702152352,-0.0,-51.41928010944841,-46.5416532328708,-0.0,-1180.204778910226,-1410.2642567993732,-2075.7030470273025,-0.0,-0.0,-0.0,67.21049790286541,-3482.6094383570808,-676.3392664799433,-2933.2008264630713,-1889.3926765156832,-0.0,-0.0,-174.89587372431018,-1369.7046707442303,-0.0,-2420.3229334264815,-743.312987871551,-0.0,-0.0,-0.0,-2275.8229674815466,-0.0,-0.0,-0.0,-0.0,-0.0,382.42434809453323,-0.0,-0.0,-0.0,-1027.6198084706755,-0.0,-0.0,-0.0,-0.0,-0.0,-0.0,-0.0,-544.8249305775295,-1076.985918963735,-1461.9165945940867,-1696.0132879497487,-611.0336712491423,-1193.701103978168,-36.956378629356635,-0.0,-682.3391339494898,-49.354180662333405,-0.0,-0.0,-0.0,-0.0,-875.858278220892,-0.0,-584.7351846787176,-1413.2215336175657,853.504271882812,695.6508381508645,859.9556970024671,752.0217816817806,781.9766877676536,-0.0,-0.0,-0.0,-0.0,-0.0,-0.0,-447.16737092760604,-0.0,2246.824621078208,1052.8062768794475,1236.1802851461496,-0.0,-0.0,-1401.6888703229201,84.15050878322603,-64.21108919755511,-2411.372386895791,-0.0,-1800.6661572042685,-0.0,-0.0,-0.0,-0.0,-606.4647450194996,-0.0,-632.4751013830229,-628.9599010156314,-361.12611302543553,-0.0,-15.484305812968362,-0.0,-870.075325191816,-0.0,-2471.928532835735,-598.3276185104976,1777.1252083087186,-2236.9391967151278,-916.2077624296204,-78.3957139714496,-898.3499852593991,-0.0,-592.3916956549187,-82.78034707158969,-2512.8173492315314,583.0511896572567,98.81495925960405,628.4122555097135,1287.4716041216832,-0.0,-291.71953164189813,-27.485197221795257,-1294.0559308833158,-1086.9210678320098,-1538.236359630891,-1895.7783449781748,-0.0,782.1617371102941,-0.0,-431.1267892060174,-2870.1166994661603,-1279.295671104251,-0.0,-1530.9435960809344,-445.71923535867074,-646.7306399570149,-710.6775567937577,-330.21511229216105,-1451.2813126410117,-0.0,-2068.46423101345,-473.5273221379778,-1508.0497552095774,-359.4401556741778,-0.0,-0.0,-0.0,-0.0,-1277.4083828097898,1144.4177755403289,-1105.0371054692553,-754.3095872028375,-0.0,31.32936554740667,-0.0,-0.0,-859.7001641183338,-715.5015940007775,-746.0868464020548,-752.1405762959904,-0.0,-0.0,310.41777913200025,283.7691815284508,630.0561226019324,-0.0,-623.4292435650627,-1966.7008892123956,-1335.7186317357546,-4.424925725278484,-1661.214186353255,-0.0,-0.0,-0.0,-594.3506744152575,-1026.9670804779414,-0.0,-1456.1415520279047,-0.0,-2954.7746696717963,-4033.498188742124,-0.0,-23.33971090039589,-0.0,-820.294281544993,-0.0,-0.0,-0.0,-2184.0118916513534,-1068.9792026282776,-636.3109474007563,-831.7657693509738,-0.0,-0.0,-2403.326854492317,-0.0,-608.6285207764458,1106.5824866278867,-1092.5301935261211,-843.5450634304885,-642.9921915273835,137.99263626294538,-0.0,-0.0,-1388.8689095830962,-0.0,-758.7630033021967,-77.81115971897023,-406.83743179719335,-332.4611997078356,-0.0,-0.0,-233.3577290129306,-709.9166244123084,-1101.6852472663365,-596.4678592975696,-1113.4446562359915,11.987899826257863,-0.0,-138.52610432878987,-1981.2391176300434,-1284.1910543222018,-0.0,-0.0,-0.0,-611.4938610178438,-623.2918345019722,-1422.102754585242,-0.0,-0.0,-0.0,-0.0,-0.0,-1573.0723165113363,-745.7848170711698,-0.0,-582.2666532248214,-0.0,-18683.821695217128,-825.5784549118703,-128.5573154017687,-734.3028429941023,-0.0,77.30755657822779,-1239.8031251120299,-2574.799316946194,-0.0,-0.0,-0.0,-794.413454238389,-496.06848059477886,-1048.0679929728597,-989.8084435365797,-558.4485723456359,-0.0,-0.0,-1714.6484631316687,-588.7810054984429,-2437.7440995057245,543.9493195689564,-2228.8268204529436,-0.0,-0.0,1826.843720628998,-1620.282472864787,-0.0,-226.54406729081924,-391.4417892549954,-681.5768303605671,29.90726642028156,-794.4300474189436,-0.0,-0.0,-1256.5287654543563,-1494.4279009425861,-3054.424016299591,-0.0,-0.0,-2355.7303687520284,-842.4926305401252,-903.3266345626481,-2442.234805191246,-1639.3500195093088,-0.0,-0.0,-1177.358866399591,-0.0,-79.60238774284181,-1622.6376902757427,-1748.7582411266167,-0.0,214.29845025516136,-782.7907249782645,650.9603056002079,-254.01504913633423,-258.3130327743817,-0.0,-478.9475540152802,271.8806687380662,347.70770472816093,-406.0286797620759,-2546.9057413312066,-2003.2034367068097,-86.94855634042543,-5092.128914471622,-681.5171202488958,-1175.918182157956,-50.927401685137134,-3679.483926112662,-355.7276055114872,-699.5047816753079,-281.8015009958355,-1951.7985174907496,-1119.511314594681,-3372.126785413101,-5815.373055646256,-87.14836391063037,-715.0197639513453,-1570.6604799747631,-1279.6138677661982,-0.0,-3454.0915639963846,-0.0,-308.53831536486376,-1817.214108216974,-1279.427548744489,-0.0,-0.0,-942.8336388316643,-262.6217853622557,-0.0,-1501.5501760802924,-0.0,-787.2124008209913,516.6665216645166,-2381.3971073701414,-500.3008444314382,24.701729616712754,-13.806293312214533,-0.0,-2132.992098844179,-608.4208247816381,-0.0,-143.57034790426795,-0.0,86.64601822293977,-170.05834464759994,-0.0,-426.0224467540198,-1447.7739265793427,-459.3413256532632,-938.720263730162,-2039.3000802281638,-0.0,-3843.763848279535,-1819.5302054967149,-2933.3075962909247,-2435.836490840052,-88.45188584054098,-248.41569539743304,-598.3672243937259,-1401.420293468359,-0.0,-0.0,-1230.8701621578482,-193.27319173480944,-0.0,-88.14071549615876,88.18520863047158,-2328.4495722347433,-0.0,-0.0,-1219.8474692503644,-0.0,-92.66854737122036,-0.0,-54.52729278553018,-163.9843035123492,-0.0,-412.8119922744202,5661.218897563326,-0.0,-0.0,-2761.8815249504537,-726.4772017366373,-241.67084003410616,-0.0,-0.0,-0.0,-601.1918032094344,-2172.847239241841,-0.0,-0.0,-0.0,-2137.864942997975,-0.0,-0.0,-0.0,-1569.7692868547108,-821.1115372307376,-311.5319350917839,-443.63916627049804,27.46720362170504,-706.2613186568776,-403.6409757936318,-202.34378715493503,-2485.111987536782,-0.0,-0.0,-1267.1841866916093,-849.911441571454,-2663.731082950325,-0.0,-0.0,-2436.9124565849324,-715.5447026254701,-1369.3778478956644,-394.92946743592904,-682.8180727591277,-2071.8145431334947,-826.6266357519294,-81.69591527312114,-914.561980141718,-2250.1047822610903,-1615.942302120921,-1334.8134944916878,-0.0,-583.162190839258,-0.0,-1874.1368659023585,-397.51420124304354,-207.82161748203754,-742.5216273231596,-757.0922063681924,-12.404824893263099,-0.0,-1133.6379485811715,-601.5906601202153,-46.931381556051065,1517.1866541970824,-79.85684925768128,-0.0,-747.8861607352906,-527.7254127221571,-0.0,-782.385032046127,-1661.5050470659407,-0.0,-0.0,-0.0,-0.0,-460.6821934107551,-927.8988379322656,-365.5351957286694,-512.4599694388774,-370.7797401388323,-1697.1175158319093,-771.5543639797088,-1323.0877480354316,-2733.8747614704757,-1850.6616100936776,-0.0,1037.916162445125,991.7571250041012,617.2589179886863,833.841440761894,432.03548805442205,-0.0,-0.0,-0.0,-0.0,-0.0,-0.0,-0.0,-0.0,-58.5322778862922,-894.9688494989231,-521.6952939708548,-283.8437988124158,-1134.8470070245223,-107.74017114742279,-369.3964409051278,-1209.3619110034222,-280.92610571669223,-2024.1842772700684,-860.1690710540067,-80.09628762995963,-405.30454098216023,-27.692059390134617,-0.0,-557.8559961605465,-167.22587575280792,-246.92591098315958,-803.1257922840914,-307.3565152476388,-1686.351991246646,-326.7109909270154,-0.0,-0.0,-2098.83248735246,-540.8407809919917,-360.00192442720345,-521.1812406110324,-1033.8910622568244,-428.3810627594043,-404.29391729974066,-0.0,-715.760197597054,-815.9501062389716,-727.6681620605289,330.60879925533175,-1450.9435152806143,-2086.7617589224687,-199.82104735539437,-767.641841157171,-780.0331040844619,-13.2380140329992,-0.0,576.2606444846874,-860.9189702034842,-36.04885171159174,-2027.4879964607264,-0.0,-0.0,-1189.6153548188954,-478.57362235056416,-0.0,-560.6463913758065,-693.6279627974111,-847.3453620065134,-0.0,-734.3984700342731,-532.8813841987885,-2257.719418757441,-4466.245854070398,-415.0160207595984,-0.0,-93.86670582102617,-435.61202981816876,-1693.815023254437,-235.5768153107406,-594.2883507527572,-783.3997861751442,-733.2906498219813,-349.35663595500745,-0.0,-0.0,-1684.527184844297,-123.85095910392326,-453.39715397422935,-761.4443805323978,-1274.668713866801,-2654.9386322238133,-0.0,-566.7503985268302,-0.0,-0.0,-0.0,-0.0,-0.0,-30.536095676341297,-171.21141135214927,-372.39327358865035,-0.0,-0.0,-0.0,-0.0,-0.0,-0.0,-1027.5139934220638,-2119.015359628005,-401.6467796467168,-567.0321947178443,-39.957721668571565,-0.0,-0.0,-406.5424511704286,-0.0,-0.0,-132.0031828353979,-3029.051743503727,-0.0,-0.0,-1622.2405703996628,-601.3954090254732,-1066.5014151131847,-1116.4793994921142,-661.8939157875961,-0.0,-0.0,-1220.7913624821697,-1989.506598649742,-925.2394758612005,-0.0,-1129.767358237679,-0.0,-393.59948987337253,-792.1509855704427,-0.0,-730.5666807321925,-1963.7537646537594,-0.0,-1821.2594790699281,-185.137143667394,-562.0577500307064,-1377.967389870295,-198.15027828929072,-1280.210916253015,-0.0,-1135.5081218758742,-28.072056891402482,-2034.5058875073858,-1977.1173701175155,-0.0,-0.0,-0.0,-0.0,-739.3819747982238,-781.8974879334282,-0.0,27.619976242145086,-385.89331994555135,-805.7728191173026,-2260.322958016054,-2412.560096926016,-398.57719542854005,-0.0,-1339.4154744401394,-782.4411633002973,-1995.2384108968986,148.34579499547584,-0.0,-3810.534034320985,-670.1014508825319,-0.0,-486.41566770181953,-1604.4095735960439,-0.0,-0.0,-554.6681493546827,-1346.5463395848728,-0.0,-1035.932103600314,-1340.99620156783,-42.52782749145885,-86.09815231545942,-549.6987149256747,-0.0,-1514.603909358918,-2676.178949668185,-1259.5803033409472,-168.30509287212027,-2161.63792215477,127.5938934532531,-972.1731677950017,-562.7529299973509,141.77232535038402,-897.8911138722452,-1519.7170322038069,-859.7966875807177,-1567.2355566095193,-466.266812626173,-614.7984841221906,-730.7349646059746,-1719.5294268628256,-0.0,-0.0,-1908.9780018168547,-342.75283728711275,-0.0,-1541.784225719256,-1211.5016511627505,-0.0,-2999.972911674588,-574.1621639183252,-0.0,-735.2205104006991,-0.0,-0.0,-1174.605878841753,-1237.988219083962,-0.0,-0.0,-0.0,-894.6131889391362,-4.682691117186693,20.463645762999906,-258.0514607194364,-0.0,-2170.698200929655,-1713.6959248318828,-582.694193915871,-2156.350825136949,-0.0,-58.49654530835302,-918.3876099548285,-0.0,-442.19717607033317,88.48531681993629,-1528.963031261986,-1006.7083663018092,-734.7450246949488,-1294.5033713020512,-0.0,-0.0,-0.0,-797.2544700425545,-0.0,-423.83567658671325,-974.8524692809941,-219.133823483822,-1202.5277339821816,-2008.6962941604504,-528.7284533580419,-1960.3107268469614,-0.0,-1167.6308193139105,-715.712041489323,-557.030622761046,-1197.665201208937,-333.8427586636412,-541.8089649462345,-1365.8945125919822,-0.0,-0.0,273.2734548677972,-2908.11643964874,-1037.825067053339,-290.4352992565434,-0.0,-328.0703242756336,-516.9542424309828,-735.375248698261,-0.0,-0.0,-878.0820058138994,-0.0,-23.279723670253386,128.249216204996,-136.17119823938344,-2186.9763886449987,532.381130440047,554.7135351842957,466.127082795557,619.6738912476815,49.51807029326112,-0.0,-655.2776749319085,-786.83108587048,-376.61242449513446,-10.310200170913937,-0.0,-0.0,-0.0,-197.5454906837013,-12.750305279080855,-1107.5187928970172,531.6611711657416,2513.7974927208206,-0.0,-0.0,-0.0,72.55142159439049,86.17043308405552,-0.0,-3192.575291849244,-0.0,-0.0,-0.0,-0.0,-0.0,-2324.4245467044084,-291.0555217910804,-0.0,-445.9617400512589,-2085.672426698654,-174.48613207311564,-339.7606336063103,32.13139760151278,-1966.8321830564473,-3915.1340977202535,-1735.5355126079548,-0.0,-0.0,-1702.7026894417845,-1055.2854695431188,-750.9030731183999,-498.6355575385438,-352.22430276850866,-1013.2343901343328,-1045.3792919745165,-5115.421397307674,-624.7912704745811,160.68333028615464,-806.1077286532242,-956.9542112640547,-672.7850203586074,-663.5427443747587,-7.970472334069835,-1977.3779089340371,-848.5652251388063,-566.9186755447735,-0.0,-0.0,-0.0,-0.0,-260.6602012273381,-1261.0370277999973,-0.0,-1368.2142582484798,-1451.129349570085,-0.0,-0.0,-1511.2591116996264,-0.0,-0.0,-247.47349039571287,59.402932413913184,-0.0,-0.0,-3064.723028563376,-1196.5682310614507,-116.63440458187372,-1032.6810096196316,-1263.1824445678449,-0.0,-330.00823766763807,-508.5065620680623,-0.0,-1590.689613059747,-376.7674920669688,-1062.7816363239435,192.2027881387027,-883.177103997117,-235.16189804477162,-244.26170977847582,-56.865136857773315,-39.49207015257594,-656.480979188122,-840.6864457370334,-461.03181740014776,-854.481563191857,-0.0,-57.86866067181928,-760.5065643923849,-182.04005210674833,4.389199364039602,-0.0,-1216.438376303101,24.754246698714034,-1150.6633678398705,-0.0,-0.0,-0.0,-2046.4916111752666,-0.0,-0.0,-90.11800388788728,-0.0,-0.0,-0.0,-0.0,-0.0,-0.0,-683.699628972209,-1438.9217256030922,-0.0,-0.0,-0.0,-0.0,-1001.4093862631872,-534.8773922069704,-0.0,-0.0,-1944.8930517142462,-0.0,-1414.5542858626384,-2840.5760931987766,-0.0,-0.0,-0.0,-554.3373816115412,-0.0,-0.0,-0.0,-1064.6506771277595,-726.8030476197623,-701.1147713236732,-0.0,-0.0,-250.30762828296136,-0.0,-4120.022069090745,-5925.833321664331,-0.0,15.722000359725662,-0.0,-593.6882182751599,-794.8154161489875,-1977.846533645636,-0.0,-0.0,-112.16131370835015,-749.1850945629579,-1454.0426768514628,-706.6964833487694,-421.23163882208945,-0.0,-0.0,-1124.1634176388004,-1155.480080470093,-48.668563367805675,-0.0,-0.0,-727.0341455170411,-386.8047265140989,-87.9963408480936,-0.0,-0.0,-0.0,-2211.1583416321732,-407.29825123611215,-1374.8556190175095,-4442.6424425696705,-0.0,-912.4729929578483,-1184.5748959555024,-2449.7958260988607,-308.5187380508769,-0.0,-0.0,250.11925745696882,-1253.1533412594065,-1743.5256663436412,-520.2132621081503,-136.1221815638566,-27.49237535072142,-1953.239181827681,-486.48173832364927,-1723.8966850390175,-718.5208208408113,-2454.7147608292503,3.9459813763270155,-994.6333224992164,-808.6812889373913,-2098.238710678691,-0.0,-0.0,-822.3820352824329,-1835.6978628929558,-1918.55926122145,-1060.601836077536,-0.0,553.9284889544192,-66.54455419986564,-493.2756782183007,-0.0,-23.60179547111477,-0.0,-2945.965491780275,-61.981893198863986,-0.0,-0.0,-812.7418114433659,-1143.7396930695897,-894.1097087681833,-314.5509809078159,-685.9379661324658,12.139949168050876,231.39052665235525,-847.1823180112946,-27.672076383753794,-1605.087686276523,-0.0,-1698.122730362278,-117.44272279325182,-684.9446570831736,-378.96065586780617,-23.884627021069633,-45.815143106093025,-23.159687602396968,-1379.8400676105177,-998.8382118686798,-1478.588678762771,-250.92639485205842,-1427.8060026798953,4.671588390797189,-0.0,-779.894095575015,-3088.3983165684394,-0.0,-0.0,-27.15026979476581,-2100.03341190964,-220.59308868840967,-678.8105208268076,-395.570339063049,174.28286070596832,-0.0,-0.0,-1275.3884998383378,-0.0,-0.0,-2066.9798960865637,-1761.9260349130925,-955.9479434015966,-851.0750613226661,-593.1622924307255,-1007.3522847672025,-808.9860304292317,-1259.1825484375665,-2641.259853232353,-0.0,-0.0,-0.0,-0.0,-308.2130457745613,-0.0,-2064.0644985455333,-645.3334925061387,-849.7490917496763,-1032.9983452581107,-539.3051772492083,-0.0,-1727.77672937453,-620.0292807730747,-0.0,-2697.7225586790682,-1495.1782982109164,-0.0,-0.0,-2984.2002820818216,-2113.9505479371855,-418.1498956712666,-843.2124862310828,-0.0,-486.9075420487033,-374.4026724544425,-0.0,-655.4107047935371,-550.5677294449054,-567.3481541283817,-0.0,-0.0,-0.0,-0.0,-446.84822598594707,-1337.1449358324764,-6252.485167923709,-0.0,-0.0,-766.2424235397041,-812.231770926692,-2090.186204899805,-660.2833693943172,7.895125702916555,-559.5267339472414,-0.0,-759.287513700354,-593.2916542904834,-0.0,-494.7723222716967,-1204.3441733951852,-0.0,-0.0,-0.0,-0.0,-0.0,42.85703579512104,-2258.2760725828175,-0.0,-1314.4223987745243,-942.3669166513844,-4.580383127486294,-2111.717836528109,-886.9822832237629,-1090.5699190638702,-1364.149365539647,-83.1371858005868,-127.20239407999868,-1288.8745201471154,-892.7871968528024,-685.759354092356,-0.0,-1652.2829864138969,-1285.3180590794689,229.19540889662775,-0.0,-624.1394898412377,-831.6298714248859,-987.1008472310112,-81.25774136247932,-0.0,-278.09094959783675,-0.0,-0.0,-2499.7076188138026,-2388.9503808943355,-2034.0755093836667,-1691.9081081112508,-0.0,-1116.0401689083378,-2037.2344398255393,-0.0,-5544.635626103723,-0.0,-0.0,-0.0,-0.0,-992.5930790316404,-2444.6979779196017,-2486.3711588639644,-100.00280093933121,-2184.272348281731,-0.0,-1035.7037118026503,-35.477061978180735,-0.0,-70.35696740411889,-588.6392371135767,598.9458197237469,-0.0,-451.0956076681927,-47.280817287102565,-0.0,-1461.6799968139771,-0.0,-2038.5987848964146,-161.2010176145123,-0.0,-0.0,-1138.809862966221,-1890.0069736751266,-1112.03200953234,-1197.787320624405,-1451.0775639240528,1596.9705474581936,-51.63729036298416,-895.5230131565155,-35.93128996294402,-2199.235545701654,-942.1478977689534,-881.0824974390828,-464.9753964695861,-1714.8630676781556,-1776.05823645402,-434.0403109849583,-2607.557729495021,-372.63420055817926,-0.0,-0.0,-55.967140761399534,-0.0,-0.0,-0.0,-0.0,-0.0,-0.0,-1564.0432457447598,-654.0286934375478,-1378.7821585851366,-924.3344452109229,-0.0,-711.0165168769648,-1412.1002272109085,-1247.2757021567033,-2098.48551363293,-1312.0525433155783,-88.66734517052133,-186.0856520554906,-1112.304048129828,-1565.039002813904,-0.0,-0.0,-0.0,-74.62897555131856,-920.9026770115129,-180.0679406380414,-556.3774305242042,-1107.6432398661734,-0.0,-0.0,-0.0,-4177.577681916095,-0.0,-139.25685077647495,-0.0,-234.77075044964258,-1356.6297957593904,-1252.1137366884454,-858.4250384842364,-0.0,-44.258911500932975,-644.453558437715,-697.8171152252851,-572.2312856791101,-0.0,-1133.8732140240531,-0.0,-0.0,-3308.661190001229,-0.0,-1391.5910379209236,-639.5477380780563,-438.2186527842233,-287.1658799864378,-1441.1512226830064,-3142.6839673488753,53.95605480386175,-2090.2759643415948,-1893.6787727629783,-543.6989717219667,8.877711732478407,-0.0,1540.801967771756,1194.3786505186547,1319.8380327758714,-0.0,-0.0,-0.0,-971.0122961287311,-0.0,-314.0573907139665,-231.83251572138235,-0.0,-4183.3693559286185,-0.0,-1408.7580970163756,-93.1330920436917,-1141.1067510349565,-536.4235516646019,-1565.725157881798,-1259.752994882462,-0.0,484.729525604815,-2782.6254284189326,-1704.9843872393767,-541.2655003353792,-1432.505326093269,-2046.5379400301056,-0.0,-0.0,-273.8755456171281,-755.2883410263711,-2122.427178557039,-882.1664729416958,-40.5055869885643,-0.0,-0.0,-732.2610353712154,-0.0,-0.0,-0.0,-217.94876848530038,-1536.35547415465,1604.9149092683992,-1470.3965407250994,584.7404822842436,-824.8586771346133,-1028.433145972805,-13.881274723057256,-5460.001734477965,-366.99828269358613,-0.0,-70.15213881743753,-2344.461897202299,-1723.426183473413,-0.0,-32.735063646438896,-0.0,-625.6339795442877,-28.796556633026597,-2117.5545762878846,-1525.4250451328799,-0.0,-361.08645958796933,-0.0,-0.0,-0.0,-776.8951914464949,-1118.0578055956198,-430.44036501720495,-1294.6485691986109,-1952.542956089223,-1030.5212027065497,-459.17670657699045,-458.9268067774375,-134.49742549837381,-1875.762791641297,-673.2473791738198,-980.9544203691944,-1459.7251598908863,-1713.382652193713,-1373.5453581549725,-344.88240980166955,-1600.4827638329652,-0.0,-0.0,-0.0,-2632.909350897442,-0.0,-502.5972260107941,-1310.000922601227,-11.658450318644938,-926.4429387202003,-624.6920874749035,-1010.9286848068912,-775.105211652813,-223.7411426640491,-2148.507328737692,-4939.165692835974,-304.0141076575746,-36.89708643708551,-0.0,-119.7314780774724,-7666.407395719017,-2166.2387082144123,-673.2318628622942,-2383.883529894962,-225.4912519843157,-0.0,-24.963599561335215,-744.2689084381421,-137.3540338972226,-1312.9761082605419,-1120.699910676141,-202.94210319340564,-0.0,-748.721154832634,-2253.7430042824285,-2086.1609527127075,-1764.842079238751,-0.0,-1650.7179050245775,-0.0,-51.050507948391044,-1120.7884444556623,604.1421880964664,-0.0,-0.0,-303.02997114028045,-1109.2917540800288,-789.8392813251772,-1342.7704867929551,165.64267658026796,-1469.7748040465808,-130.1457506991046,-376.8627919796389,-2246.0751100580906,-2081.8925830780795,-402.50494480806833,-0.0,-0.0,-0.0,-0.0,-0.0,-1864.3295922647815,-0.0,-680.5211807298616,-861.0275654623855,-2630.450393865349,-0.0,3.684225317324703,527.8673639102705,2257.5793544049693,-646.8694478010649,-1404.288806405926,-0.0,-1665.4829026256648,-4092.2867774337606,-808.9152156424161,-5682.634366193472,-1372.4133176231599,-0.0,-858.2497276793213,-2619.0194253092013,-208.9511325297144,-0.0,1196.5124243899954,1452.7674577995963,1322.675137628273,-0.0,-0.0,-0.0,-0.0,-97.61926836796468,-2781.912774684133,-92.143788957477,-0.0,-2125.198111847897,-1234.4839912176067,-530.0542422723559,4.365323992426317,-0.0,-238.8515539129614,-942.5968398087618,-0.0,-0.0,-50.358282048945355,196.02202119487075,-2235.6001127632103,-0.0,-927.7840391060349,9.132778209387013,-92.24515655918394,-0.0,325.95473061547375,-107.38309170158851,-597.1835557379056,-2119.135848755827,-0.0,-69.09828574973945,-1199.232025885728,-1059.6752235391489,-43.07518865955691,45.06596733352468,-0.0,-1389.1414352164973,-852.7808281482796,-7.8002898076583005,-0.0,-0.0,75.70772439169968,-265.42972110124776,-194.13089383578873,-84.62614862870757,-12.288695371340605,-169.7887513343129,-730.3449300687856,-1037.0343266483678,-579.9895018834245,-0.0,-2232.7467877232125,-931.1216767958183,-0.0,-0.0,-1203.0171393910919,-2384.6192780562637,-626.6727719253887,-8.331854332020416,-2975.137630561306,-126.41149197291041,-84.4202636583641,-1197.8872020426654,-0.0,-405.151796672699,-1505.1283531502,-4.569130320009498,-0.0,-3595.167633294219,-152.94999320624575,-1611.2795006063345,-1122.3447345477628,-1384.9061044355237,-2745.308186732911,-88.92043709420207,-848.0235920933961,-1936.0713930562445,-1415.9813497352502,-1171.7885805498404,-233.9950846201807,-1914.306491011869,-0.0,-3271.4133853423486,-0.0,-6757.422181798326,-248.3518971679652,-92.6777717533628,-1586.1047175140932,-0.0,-0.0,-0.0,361.2511622516378,48.23087667297493,-894.6071881840061,-1489.45684059575,-505.14738061978414,-1311.8642411283677,-0.0,-0.0,-1454.5431658695907,-372.639535991959,-523.3295008808119,-171.67844228348156,-0.0,-1746.5121972070212,-339.6594218161617,-2092.308008816217,-0.0,-36.93807668489342,-0.0,-1873.0486109971748,-804.2195163062164,-1544.6449540834976,-0.0,-0.0,-1849.067932886497,-585.8134553792647,-811.9500510161629,-1626.573534768882,-476.94020531580514,-1309.164608730492,-0.0,291.15026898310333,-1207.2854717151947,-4230.130398128028,300.6780693765746,-1564.1006380884626,-8130.0421929674985,-719.4465325850736,-714.0102605722323,-240.29200106246142,-236.24971671129373,-1109.518668499446,213.39997494685704,-233.4832778695773,388.7713752564135,-1143.9575232361083,-582.1534470323022,-0.0,-1378.4652202910304,-1808.1311922945736,-930.9665201321089,-404.0035249398165,-0.0,-0.0,-35.273595394059306,-1098.3262570825502,85.20531107318297,-2381.690256748798,-0.0,-0.0,-538.8525613094338,-700.181649382173,-1205.7913111209587,216.57535297184418,-2700.921917654361,-1600.5539851536166,-1355.1237952046688,-254.44031439972775,-0.0,-382.3110370165771,-0.0,-740.3958977564118,-25.389976111772405,-1650.243484364598,-500.5405185813338,-1044.4154115072317,-424.311560194976,-375.966869615126,-0.0,-1287.0353246201166,-739.6334319973346,-1314.3659674972143,-0.0,-3305.406218930929,-1423.8932286499212,-1504.1687262339128,-1014.1152350734441,-1172.0112544417818,4.041782409272508,-2256.8433376140947,-746.8395929263961,-1274.043946716046,-2033.0879239697508,-333.8960243042713,297.2992449722872,-1065.6977167965908,-0.0,-0.0,-22.82387948119349,-58.607045530462926,-19.35979880387218,-255.2121624074966,-0.0,-0.0,-0.0,-0.0,-0.0,-0.0,-0.0,-0.0,-0.0,-0.0,-1328.2056904311537,-2650.6848690997244,-2316.7128838764447,-0.0,-0.0,1610.636091268776,-549.1561943378094,-0.0,-445.26837166758605,-484.5251418598725,-1012.5353965591315,-1004.5591029849187,-1284.2971358853163,-0.0,-804.9095121739365,-417.9310608628793,169.31163291238425,-0.0,979.267779878602,-0.0,245.0604769389495,-0.0,-347.87098093918667,-0.0,-459.68106538350116,-1138.0248593774581,-1895.7767903651159,287.1049758051022,-0.0,-0.0,-0.0,-0.0,-0.0,-431.3630820345891,-86.20506150157303,-0.0,-0.0,-0.0,-535.9316403977966,-0.0,-40.80384827194761,-673.2427041684874,-3842.632180323201,-0.0,-1423.5907373322864,-0.0,-638.1149845210094,-0.0,-0.0,45.035341372828036,-0.0,-158.94829217270168,-0.0,-0.0,-0.0,-1129.9672672481295,-1816.6876388820606,-0.0,221.5362283767379,-2324.4645402386777,-0.0,-80.93457317154935,-294.5443247668987,-0.0,-0.0,-1680.7008958831827,-0.0,-911.2700606964717,-1309.8057285461061,49.89286398011396,-3242.844619021606,-1686.4359681641347,292.502472002023,-835.6831657034098,-0.0,-1080.6538899473278,-0.0,-0.0,-0.0,-4025.7186335051415,-975.6878558791025,-1597.3823283071101,-0.0,-418.213946134713,-4.623813188843239,-1375.4319544918326,-2119.193716426013,80.92905539386501,-3220.4337641813295,-0.0,-1684.3756899046489,-2458.6285541658394,-0.0,-0.0,-0.0,-0.0,-2525.144730908653,-184.09271847324726,-1655.8124761143322,-0.0,709.1067794047235,1181.3425744345016,-0.0,-0.0,-828.6266574414225,-1035.6392023108983,-356.86948246474884,-20.55169650847375,66.02121894602378,-0.0,-1394.2264084788362,-0.0,-279.89233265507227,-1273.4201197235877,1430.640420522221,-0.0,-0.0,-0.0,945.7782828850137,1047.7304109805737,-852.9965387868339,-0.0,-1470.5659322220115,-0.0,-1108.9778689104423,-646.7172232135201,-0.0,-0.0,-0.0,-0.0,-0.0,-58.17897843106432,-0.0,-0.0,-0.0,-1183.511919073668,-303.9563135602795,-0.0,-0.0,-0.0,-179.22314724209932,-83.44234167441574,-656.1761914376004,-742.9915248473858,-3035.9751778280415,-1402.4718434090319,-1154.3350107739325,-0.0,-3155.6189238740394,-39.271190464584485,-0.0,-1058.1807086366991,-2445.429015178835,-818.3868730650917,-478.5425030641625,-1149.0221524044434,-286.3186962656917,-685.749174553344,-763.0262406395506,-1134.3531472244078,-284.94987925785586,-1776.3891149389906,15.973824310493011,-408.7359813684172,-0.0,-0.0,-819.4383361166484,-3948.6787183583065,-0.0,-1145.0596546152053,-530.1689901560533,-0.0,-395.1973960355753,-707.1424935058953,-717.0357438613707,-259.7467606157718,-0.0,-0.0,-0.0,-0.0,-0.0,-44.63621120006949,-0.0,-655.0424883712197,-0.0,-0.0,-782.2413860182847,-1148.3280037894028,-2801.025375902544,-462.6337507208258,-738.3710337426191,-109.56956656892878,-2005.535893079751,-0.0,-1017.1208650506117,-582.3611002945308,-507.36045593435927,-1401.0285239607035,-971.8451571520609,-1837.3926478961253,17.779557794782097,-490.59878375241124,-0.0,-1163.1947899002978,-1158.256699227656,-164.59202743499233,3.95782147639603,-2514.8941436412133,-1384.5020780288503,-770.0826576571179,-0.0,-635.3034862305631,-744.5054526548089,-557.2440569936444,-2596.8475740966987,-3.86867955093218,-0.0,30.468327966499377,-0.0,-0.0,-274.2661180356326,-4074.05850658536,-204.31804008806165,-1525.4505728560596,-3997.651891006517,-0.0,-4791.753020492524,-257.13405389193366,-2071.6606580841385,381.49411121664383,-0.0,1643.8556442139616,-939.6496459741276,-0.0,-2059.463290965717,-0.0,-71.1197604899143,-43.23630928002182,-0.0,-0.0,-0.0,46.85175397911291,-0.0,-0.0,-0.0,-661.4089069258149,-1484.0737506140806,-711.5822677217612,-0.0,-3644.6302817578385,-0.0,-0.0,-0.0,-235.05247533282983,-422.0419666006531,-0.0,-2044.025683013208,-0.0,-0.0,-3590.312264955644,-0.0,-23.227508047733163,7.890516673172825,-509.4550655224805,-20.84062913297994,-0.0,-0.0,-228.24206899430553,-0.0,-0.0,-1386.783872481232,-1144.198236727161,-1664.1243673657586,-0.0,-278.1262792535376,174.4013853582171,-381.5930437470316,-15496.667341542692,-0.0,-617.2077819134344,-1357.1563310523434,-601.4203690518713,-0.0,-35.05295827646201,-16.84628372326054,-280.90079638253735,-1097.164908599635,-0.0,-0.0,-0.0,-500.8732246652967,-2895.4792151029646,-1380.9371968580797,-0.0,-0.0,-0.0,-368.6147167678904,94.76151378774532,-8.365505704800874,-1438.0612683523289,-0.0,-0.0,-1054.2497132840597,-0.0,-0.0,-0.0,-2849.8208027668634,-1047.7827504139175,-0.0,-1151.055179725234,-641.5250592715656,-262.1880635006893,-741.0906454937767,-1151.9576181593254,102.4095844305022,-1404.6051659789728,-1235.8792983712387,25.748941907329822,-2008.9478570607855,-0.0,-0.0,-0.0,-0.0,-500.08074535477556,-0.0,-0.0,-592.5979966063468,-1097.3899185351167,-759.9268678724243,-0.0,1642.9787306822263,1552.7899530318298,1537.1815934868391,-0.0,-0.0,-0.0,-877.7373004576466,-44.250001143265735,-784.2475031059599,-82.26314354361988,-718.9516581180078,-1721.3563593997358,-1291.541556909021,-2105.4413082032565,-0.0,-0.0,-0.0,-0.0,-565.6564391566582,-877.7789312110513,-1821.6862153597185,-444.3803841182599,-1428.0545245291507,-2048.149668127197,-2233.2826924155947,-0.0,488.3866156192877,-427.9547233287443,-392.5678275949991,-122.45703903914556,-4822.47146326592,-66.33119196492967,-0.0,-927.5385837284375,-1607.5240907634793,-0.0,-73.22843525861045,141.7188742398554,-98.02341660029951,-519.1954625215128,-2413.7050201448724,-169.07124165180684,-1714.4042317721362,-0.0,-1940.4606850417174,-1884.1031884501244,-1549.0566249370456,-0.0,-1909.8515766490948,-334.9317014796286,-698.7445754351395,-1003.4909985476476,121.21721881704899,-2012.65882909221,-1300.3389003791733,-0.0,-101.16212474140156,-0.0,-0.0,-0.0,-1075.3096734345338,-657.4220147993866,-0.0,-0.0,-0.0,-3857.828445148971,-2013.5043335496914,-0.0,-0.0,-4.679529718948921,-1816.1963328251795,-986.7477575442992,-0.0,-797.6107955395215,-1449.554492684823,-603.6704390150664,-24.33445672565515,-932.405678547419,-9.174907366674734,-1657.2988158925739,-1770.2388706353256,-0.0,-0.0,-45.58524614148651,-0.0,-0.0,-1366.1942899307746,-102.171363050914,-475.07292833062365,-0.0,-0.0,-0.0,-782.6663440118546,-346.81968056279834,-120.98147123641738,-489.2028476369783,-240.82205942633507,-2113.4015916800936,-332.6134918681652,-610.3887283350725,-1386.4984236942348,-0.0,-428.01883471093316,-0.0,-1835.269570392736,-1574.908933781649,-1853.1106879303973,-462.2028443563132,-307.3220202563364,86.85637565298256,-1011.4841278314495,25.884946130848412,-0.0,-502.2793401254304,-0.0,-0.0,-529.7158990953295,-129.2402414885472,-2998.520397241708,-3041.580728022861,-540.97250840028,-0.0,-0.0,-1100.1814029903715,347.15056014602465,-0.0,-0.0,-0.0,-1189.126581113257,-48.03287363784889,-511.5141161091937,-4007.2160817895265,-1555.1584958082028,-1210.255992795913,-479.14986604753676,-188.63368969993476,-1340.863993567202,-752.0793281993467,-523.4651729621486,-0.0,-707.5388556096508,-835.5558387364557,-1794.467479696138,-0.0,4.557629049313424,-13.608975392780652,-0.0,-0.0,-1929.543965697566,-0.0,-3789.4761405896206,-1247.7761913332624,2638.725605847736,3047.7810705067427,-0.0,-0.0,-844.8074616435592,-1145.6261562042455,-631.2076687701397,-377.3306609646088,-3317.3128266192243,-613.9290232104141,-0.0,-0.0,-0.0,-1319.4387453204415,-704.3826517187591,-172.7772354396044,-2750.8394644429227,-1094.4298261539795,-28.613605445568883,-449.8887083295593,-1128.772809948501,-352.94992925757424,-565.5613276594362,-0.0,-67.64777847069767,52.037832834372544,-1049.649393863541,-176.51775051216464,-0.0,71.74185498873739,146.59707992877202,-229.39812167791726,-1469.136231841489,-2464.397315878063,-65.53586771409525,-977.5337543364279,-1481.8806474187375,-0.0,-0.0,-725.2728159445079,-0.0,-0.0,-0.0,-0.0,-675.9103395959935,-24.398172433485147,-1317.1213811970676,-1252.6736993062855,-2713.162825044546,-1232.9979469642378,-0.0,-630.1823292135014,-0.0,-1696.094809614468,-1756.0099445361159,-1430.6161733861488,-1066.366139378505,-0.0,-2285.278337855855,-0.0,-0.0,-0.0,-3793.842142405125,-1301.9278544587694,-278.5733085822224,-925.5902341431674,-941.9790571621006,-1117.0618648859136,-0.0,-0.0,-0.0,-42.11782643822696,-6415.255356951057,-744.8291072609734,-1964.1875063715222,-4400.423751199821,-2406.4585382176488,-454.2589373977684,-0.0,-2069.444767518119,-790.1602592000546,-0.0,-352.56215012883035,-398.64206720645194,-40.628561442336526,-1048.7645611600012,-322.4957533235632,1554.8988729167957,-503.110180297835,-0.0,-0.0,-1051.926408087078,-876.6831429608868,-2402.157069664737,-326.28708319417734,-0.0,-0.0,-694.6550157007924,-0.0,-0.0,-0.0,-0.0,-1446.0831161890037,-661.8103126397481,-1319.8595202542795,-556.6257573729421,-4.146558324063048,-820.8531338022053,-0.0,-0.0,-0.0,-0.0,-3034.577975158467,-0.0,-0.0,-0.0,-0.0,-0.0,-0.0,-850.2239613297605,-0.0,-2939.772466062542,-521.6184719858513,-213.9646770117852,-1362.0381550233924,-0.0,-0.0,-1434.403802536318,-1535.0071169114872,-4.611290395108333,-462.2627357215035,-58.24053967426844,-1867.8425417636993,-1030.247178621434,-0.0,-4114.942009977401,-1376.8492752539753,-0.0,-0.0,-17.95447439356817,-442.03787544273615,-1302.3708154841347,-0.0,-0.0,-23.429530884457282,-1742.8719105906866,-632.5344697587221,-375.3969338073453,-91.23413572300564,-2035.696942094791,-0.0,-0.0,-0.0,-0.0,-0.0,-550.8882806306851,-534.455893816137,-639.1294888145426,-4503.561431963145,-1788.0975753205623,-1313.8269975322219,-115.38946363360165,-1045.4766768931208,-1290.2914770710609,7.926327837911062,-0.0,-0.0,-0.0,-684.2102043927541,-440.15056928585767,-1806.9831637807795,-631.0225052440569,-0.0,-1854.5189478287778,-0.0,-676.7479999930766,-0.0,-0.0,-2093.5305558596033,-655.7519521592153,-599.8530955146556,-1516.3860443362958,-145.56319099426418,-13.702004638214886,-820.6223245964077,-1546.67882679897,-0.0,-475.44229964090283,-1238.3589477852338,-4480.118654144366,-0.0,-301.7329946560868,-2421.187232785838,-1632.0263592505903,-1339.4495185124533,-575.5763555467612,-1337.217902276775,-0.0,-376.5800385842085,-0.0,-272.66236623538276,666.854918283719,-0.0,-0.0,972.5054228866302,-0.0,-2368.565426327096,-811.5935548811042,-1005.4442678893934,-1273.6898338584779,-1566.1368641650752,-406.389211496201,-157.12496081829397,-0.0,-0.0,-962.4430473561032,-1066.9977127427658,-839.027869621592,-0.0,331.1203144495216,363.69364286775124,-252.8212282513292,-2986.3721591233098,-1926.930979831344,-0.0,-0.0,-1532.4298297585492,-4421.2111987354465,-2906.099727314116,-555.1859334109358,-1045.448238732146,-1202.3175122680725,-0.0,-227.25958934223678,-0.0,-778.6309446362252,-239.84184146934712,-2014.2551822627304,-2831.2830833192397,-330.0448524543267,-605.0798321865888,-4793.0087403686075,-1321.5579531613187,-605.6978562609538,-300.292427221355,-1377.5112482171517,-746.2692975248846,-4.722980272247928,-1622.936529119354,-1896.8763706815732,-0.0,-0.0,-629.0164617445672,-1367.0138056007906,-367.2140765285784,-4.713449260398837,-0.0,-0.0,-0.0,-0.0,-0.0,-37.83907592327067,-752.5640710009285,725.7304529610551,-479.3395896740087,-796.5112206982423,-595.1429178365262,-1189.8017312805518,-1665.8398034796483,-1264.733778432961,-1953.2869983706512,-308.2059722940282,-606.3981971600926,-1669.1867972806635,-687.6093360693592,-0.0,2585.74314663242,-264.00111198505897,-76.33307961596567,-0.0,-937.2614613244046,-678.693307730609,-1440.0332237753082,-2086.1015350524335,-2356.968865763218,-0.0,-0.0,-0.0,-0.0,-1086.0671362888118,-1797.4778403615142,-0.0,-907.4165566228828,-9.136557425100415,-0.0,-0.0,-0.0,-2727.5757683974425,-832.0149903529278,-194.3274843901369,-48.075719087219355,-0.0,-0.0,-1203.137638469692,-1461.8088503405284,-894.3794985483509,558.7882943874862,30.207288789204668,-0.0,-21.4176908920808,-0.0,-1776.3007269925504,-582.0713670046216,-1502.7575778604344,-1902.9328188074935,-1765.8392820982206,-44.02748923107391,-0.0,-0.0,-1752.9523745392567,-400.6403246777304,-0.0,-0.0,-248.09426435530958,-0.0,-43.41830575513288,-0.0,-1385.5917461038782,-793.2833559275106,-0.0,-86.67038034479323,740.6846843773181,-0.0,-203.77438538439898,-2504.039606301113,-0.0,-0.0,-744.6674742780169,16.633814007327572,-0.0,-0.0,-882.0619409540053,-1615.4897471133386,-0.0,-884.1836278992191,-0.0,-1402.654975406233,1787.3772203645308,26.134858372455867,-2113.2699608406847,-1707.686622499309,984.5490716473787,-0.0,-2220.8315832634403,-914.8715435218478,-1086.8789333262753,-0.0,-734.5049254973458,-131.10161937242557,829.7791062319533,-405.4325798105669,-1618.2348800897844,-0.0,-0.0,-0.0,-957.873612855121,-656.6895531128275,-852.4344535087754,-1179.540129603525,-1099.823105270132,-30.967985757659754,-1190.5110422126158,-1000.5654153956601,-1266.8872804257087,-0.0,-0.0,-575.9319449856962,781.5768515992783,-7157.975649187687,-0.0,-1364.2325779703501,-2156.259883873776,-859.4757454217751,-818.7636146463044,-65.95002045003581,-2521.404529027315,-366.1937235986946,-0.0,-1102.1850448725634,-994.5502048956853,-692.2795564647872,-0.0,-1621.403046484006,-2248.8588919562308,-27.32435528021665,-1205.8776687061213,-2523.000695504347,490.5545120471026,-0.0,-489.8449779399291,-177.43339548595233,-1472.5224067694642,-986.8708338026163,106.02905659631192,-137.46887819348322,-856.4029665355758,-536.7188016238742,-601.8725186233648,-710.5416670805926,-547.2812704027675,-0.0,-1435.4224580540701,-0.0,-1299.5460583201552,-812.9153059795196,-183.4893591149331,-0.0,-1944.1116942531546,-5280.796129773341,-0.0,-464.6232507444684,-0.0,-2424.840757050883,-273.9814781083843,-0.0,-451.0896722742519,-450.8304943414621,-0.0,-2573.6645038072743,-1758.9634820151387,-0.0,-4673.5530932279125,-136.29970741074746,-1424.9808058635713,-1487.725321880303,-1712.8694410759697,-107.42058887203332,-0.0,-990.0150520591726,-2232.1735114502385,-570.0048054543632,-966.8278156485009,-1195.7601990434819,-1815.8557721657512,-2525.2666206562876,-860.0756122939924,-2210.975672526097,65.59407837186227,-0.0,-334.9797141172955,-1487.7511813566243,-1308.6718500713923,-0.0,-0.0,-0.0,-464.1291518971327,-524.7683724762161,8.407681868742504,-617.6114511850144,-0.0,-1334.8649924948897,-814.6833237443577,-637.9737347304804,-0.0,-0.0,-341.6462304755208,-1955.3263938149073,-955.1488444530187,-294.8443040571447,-1015.7682669434673,-38.92304495858011,-0.0,-0.0,-2950.5599898186765,-1268.3576318534774,-0.0,-0.0,-0.0,-80.34398257895474,-997.6553326557912,-52.38855185339253,-1804.8584586694546,-1645.7149992401185,121.43642704750232,-0.0,-672.8521712230789,-0.0,751.2585366508688,-137.89799571468802,-0.0,-1744.4527686961305,-346.8582948839755,-2149.6709557789327,-0.0,-1758.8812184925853,-692.3512007353447,-210.4960930761249,-13.090014465189526,-36.34704785220888,-0.0,-0.0,-817.9033876764438,-1354.5828710788944,-0.0,-642.9532499077458,-0.0,-394.51222864324626,-592.5416660981041,-0.0,140.68981916891036,734.2728377150082,842.966211141924,909.219736381771,894.8662328955295,826.4178005797721,-0.0,-0.0,-0.0,-0.0,-0.0,77.08224629574075,-0.0,-0.0,-672.4670826878236,-173.662752884162,-488.0728596082306,-84.59500095086666,-0.0,-1183.2507918017525,-1584.7853733727227,-2177.108025059085,-256.1416670610944,-208.72599853267624,-0.0,-0.0,-647.9531034137286,-0.0,-0.0,-0.0,-0.0,-2865.6417796849482,-0.0,-43.8343507191338,919.9309705862194,-0.0,-1093.0477016555467,-644.3047049876143,1555.121154004123,-1034.1186321683665,-0.0,-3123.100144163437,-2400.004566852265,-209.17064345992665,-843.2550217417204,-1291.0724445240928,-568.904132973095,1255.1686255134944,-88.68526496404975,-623.2421519765678,-0.0,-0.0,-502.698110499541,-0.0,-919.1444660789971,-0.0,-478.071506249092,-39.63412723655612,-0.0,-0.0,-1218.0259873771765,-0.0,-0.0,-592.49359195583,-1248.7601986213888,-2157.7751024042286,-0.0,-0.0,-0.0,-1921.88345799295,-0.0,-1095.1982354332613,21.20625093189742,-0.0,-0.0,-1214.3399131502958,-1063.5125302606987,-1306.4945086968617,-432.28885388688434,-0.0,-1445.471457230405,-299.5850443898989,-0.0,-0.0,4.34747868798724,-41.90605043385129,-4751.500281411672,-0.0,-128.8248658142589,-28.752494799572286,450.97432091199414,-81.68299364169775,-1062.0532149976666,-972.4578798028858,-493.0469009270569,-0.0,-0.0,-1977.031945245985,-0.0,-0.0,-0.0,-0.0,-0.0,-0.0,-0.0,-153.8849366837983,-0.0,-0.0,-1926.3759564865366,-7158.578037192862,-138.4655604601166,39.524704184664984,-400.80444411048194,-744.4029058950447,-122.43438711648675,-4443.630535548324,-249.18519540925317,-326.97048928009707,-0.0,-0.0,-0.0,-1803.1108808336942,-0.0,-39.68967975297025,-0.0,-0.0,-0.0,-492.7994770780447,-12.486833166828509,-255.87979597544984,-1353.4888805901153,-678.0287675461138,-74.99626940847016,-2570.645002621174,-0.0,-85.1897345178391,-2402.217851162826,-0.0,-1368.4948785627932,-86.29139784030303,-1528.934218090396,-0.0,-0.0,-1093.679948586876,-700.3631554289966,-36.75384911982772,-981.2764840906746,-962.1390182734505,-755.3390726437448,-163.49712881085767,-807.540954401731,-770.5046931757516,-2361.230638696117,-1000.9319197672035,-0.0,-1617.1485746360534,-417.4106488371372,-679.9686619036586,-0.0,-0.0,-1160.7730547582053,-2481.5180614887204,-959.1835925207033,-0.0,-0.0,-0.0,-3965.533568040038,-911.6501056124189,-180.07417879291486,-362.4091248740923,-40.091681554893846,-4002.2183579059433,-0.0,-0.0,-2486.7098222289633,-909.7695308313131,-0.0,-0.0,-0.0,-83.24173798688905,-0.0,-1958.7198603304403,-1880.0611151031085,-0.0,-368.9213992975647,226.12071561335236,-0.0,-0.0,-0.0,-1153.6294162377508,24.55140135649572,-2622.1188215180464,-686.0189992332162,-1264.3867582046275,-805.7195030528064,-3402.9533406469454,-1787.412228649299,237.79341414112525,-0.0,-3128.8200712590124,-0.0,-0.0,-0.0,-1327.1670037906338,-756.0694337123848,-1889.468181917452,-0.0,-0.0,-877.7767795205714,-1584.113321720543,-680.0804407935074,-545.1228948026817,-0.0,-0.0,-1281.7069943981446,-0.0,-0.0,-0.0,-0.0,-0.0,-0.0,-580.2085547353762,-80.88682138901706,-1630.7321015289128,-0.0,-730.1522525290511,-1293.5354211227425,-36.453765244755935,-0.0,-0.0,-0.0,-0.0,-0.0,-0.0,-0.0,-0.0,-0.0,-0.0,-1310.686289043995,-1840.6282952249278,-0.0,338.0615078937948,-0.0,-687.8618523721173,-102.48288237002345,-0.0,-915.1741319566844,-413.97591820102485,-103.08547506753546,-2019.5753669927453,-522.4857653482213,-2778.4247563378453,-180.5048702198385,-2241.8109078379766,-1756.4286445875314,-921.6720393937358,-4.491585249708714,-0.0,-1219.975008106802,-2166.336775444799,-2395.6522630167806,-89.97150402811008,-235.06105936739303,-1917.545413307484,-0.0,-2321.776489208699,-376.12817855016544,-0.0,-1850.4438468665398,-0.0,-949.4917742653165,-0.0,-2913.1682435280172,-0.0,-0.0,-82.17389731085466,-1114.3037540243702,-515.1802560618755,-0.0,-1415.5972012437594,80.00481775319827,334.9199369165427,375.0340502322574,-294.24074980085175,-1759.7152490655913,-603.0768909597172,-0.0,-0.0,-5891.904905180815,-1175.8035366413792,-0.0,471.19049220433794,-0.0,-2094.6801656874613,-525.428479830565,-680.5503037119736,-0.0,-0.0,635.2678957721912,-0.0,-998.3280619228262,-1289.8173433628856,-1954.7603853394185,-0.0,-705.380119596863,-3039.376321253177,-1008.5338291586345,-0.0,-1425.246339724131,-150.41817463861796,-1209.9251002809417,-0.0,-901.8094956703867,-0.0,-0.0,-0.0,-916.1465545753973,-0.0,580.73986067274,-0.0,-381.85500906556484,-785.1496011241996,-485.72055983540264,-1158.8260038067374,-594.9288025595149,-2173.5668217724797,-1294.094050040998,-0.0,721.1628526859089,-2498.5158520740865,-1761.8693304229523,-709.9170301534895,-0.0,-0.0,-0.0,-153.33280689906616,-1267.4620241901225,-308.9687980373485,-985.5449381700467,-2120.868068974991,-2686.8490538806577,170.3597507117771,893.5342379622505,763.3204366215871,-0.0,-0.0,126.74016003200084,-33.79836527557951,11175.671685153202,10405.150411150269,5459.246361161914,10381.018031376105,11105.829287903447,11432.876481518473,-0.0,-0.0,-0.0,-0.0,-0.0,-1452.0804869413191,-1286.4675084155883,-852.6424736265478,-0.0,-2837.1809524948726,-672.2494248822616,-1208.7574478843912,-32.63109459958382,-905.7047816549125,-1311.9842822696019,-1105.9287243131344,-1336.41013102889,-0.0,-2742.404593166663,-1878.1983835712344,-818.431623903728,-127.78252760765506,-3601.535936173787,-0.0,-251.5806054095771,-0.0,-12.125158362541406,-0.0,-141.03833423663852,-310.8661920875635,-1070.8996837057557,-893.4889513881263,-0.0,-0.0,-0.0,-2475.18311133018,-0.0,-0.0,-280.0972600584167,-1058.5285383431067,-964.7661942255602,-96.86411904499958,-1242.6843728507636,-2016.920513810185,-357.029759423489,-0.0,-0.0,-130.32877837106008,-1237.9304467327377,-365.7230569412388,-0.0,-5650.278943609384,260.9656972810714,-0.0,-0.0,-0.0,-33.25348462810088,-447.5953411059208,-0.0,-0.0,-1287.3092611807522,-2165.056142341132,-1432.480418942706,-421.04174187761987,-425.50132701182247,-442.0868559228875,621.9706392977879,-1352.7080532705954,-0.0,-571.6918908689634,-2865.6244784137552,-598.3928412951103,-8.403757546339797,-0.0,-5.571743312541101,-0.0,-0.0,-0.0,-1225.7050026533852,-448.28151156091593,-1603.3691603882326,-0.0,-0.0,-0.0,-257.768824776838,-631.4066734129985,-1572.0644314484193,-3485.512379562581,-359.0628048429548,-220.72661064605342,-0.0,914.7646536009141,-0.0,-1263.5670291320607,-178.40731729817324,-0.0,-0.0,1118.4982306783486,-0.0,-1831.9709268028996,-0.0,-0.0,-0.0,-219.2748989061695,-2220.0299562675564,-1864.8686841588317,-32.14171289533767,-2649.119827346613,-1540.5665812155726,-27.271242007617477,-29.405221698160638,-74.6209076553238,-0.0,-0.0,-2142.418177442168,-0.0,-6136.342920091758,-0.0,-1402.6735152972292,-275.13171163663,163.2476487824426,-0.0,-60.97874177096126,-1349.2123070915898,-1674.5530681589407,-596.9739112466497,-35.27656302480758,-267.7629080062641,-0.0,-0.0,-0.0,-0.0,-1190.3653761146663,-918.9973849690004,-0.0,-623.2592063591685,-1338.309007181277,-194.17585836863145,-86.26941689593271,-0.0,-0.0,-0.0,1165.8316998339171,-3.9823497437717297,-0.0,-607.2336195157844,-930.4916096186862,-1492.3243371767535,-0.0,-0.0,-2180.1541668755326,-0.0,-0.0,-0.0,-0.0,-712.1009034222585,1057.4293152050102,1180.6144706374234,1291.17489247412,-0.0,-0.0,-0.0,-631.7058692507064,-0.0,-0.0,-397.9518257429087,-661.6278979735623,-0.0,-232.19323564149832,-1427.5159003141794,-1323.1632335531406,-0.0,-0.0,-0.0,-12.49304370388369,-1619.0216900374462,-4.63265327967815,455.3684290667792,-0.0,-1750.978650749112,-818.4791714702382,-565.1525520717167,-2016.4665113899073,95.40416731048504,-312.6116652247876,-19.885211722033166,-457.25137938076307,-395.9942578611016,-1052.3790620076015,-376.95898686961505,933.405264739834,-1544.9292963844498,-243.1067357525894,-182.88584418671982,-4142.030918536109,-3046.578066417383,682.1114640207877,-1051.5001555861168,-217.70627900613442,8.995346907368532,-871.7204517668059,-1240.6064991973658,1905.542281552461,-651.4433989158453,-725.56564517759,-744.2482855943014,-0.0,-7367.174574634258,-0.0,-497.6496899055323,-934.0504961571436,-663.5393947116313,-997.565347008998,-1226.865233951511,-0.0,-1111.0198468510018,-175.05581618623387,-90.26220305678106,-6747.309896667423,634.7130152695181,-212.7325538903853,-0.0,-589.1351611457989,-1360.1192371146312,-0.0,-0.0,-503.66777038298886,-1634.0591959625563,-90.29803576645365,-243.10920346841507,-290.3486967112876,-1144.405365259463,-0.0,-0.0,56.04602408637866,-0.0,-0.0,-1886.3629845288026,-0.0,-1798.7801473113304,-944.1052447595821,-1287.8875210713907,-0.0,-0.0,-528.2552426301381,-932.4349534816804,-148.1617021793647,-0.0,-484.23658305621296,-159.4857133882187,-552.4284441897541,-0.0,-207.7690132763487,-521.9184897975887,-2320.861185221965,-1026.8335722654965,-1762.4281759134383,-0.0,-0.0,-1475.7177808967235,-22.487275875673337,-0.0,-0.0,-1204.1468756871093,-0.0,-0.0,-0.0,-0.0,-0.0,-0.0,-0.0,-0.0,-0.0,-0.0,-105.76400915817298,-0.0,-0.0,-0.0,-0.0,-0.0,-0.0,-0.0,-0.0,-0.0,-0.0,-0.0,-359.25874597090774,-0.0,-0.0,-0.0,-0.0,-0.0,-0.0,-0.0,-0.0,-0.0,-0.0,-0.0,-0.0,-0.0,-0.0,-0.0,-0.0,-0.0,-0.0,-0.0,-0.0,-0.0,-0.0,-0.0,-0.0,-0.0,-0.0,-0.0,-0.0,-528.621289306918,-0.0,-0.0,-0.0,-0.0,-0.0,-0.0,-0.0,-0.0,-0.0,-0.0,-0.0,-0.0,-0.0,-0.0,-0.0,-0.0,-0.0,-0.0,-0.0,-0.0,-0.0,-0.0,-0.0,-0.0,-0.0,-0.0,-0.0,-0.0,-0.0,-0.0,-0.0,-0.0,-0.0,-0.0,-0.0,-0.0,-0.0,-0.0,-0.0,-0.0,-0.0,-0.0,-0.0,-1407.6215497303779,-553.0044918691144,-1800.8133062837665,-0.0,-0.0,-0.0,-0.0,-0.0,-0.0,-0.0,-0.0,-0.0,-0.0,-0.0,-0.0,-0.0,-0.0,-0.0,-0.0,-0.0,-0.0,-0.0,-0.0,-0.0,-0.0,585.8317072463208,-0.0,-0.0,-0.0,-0.0,-0.0,-0.0,-0.0,-0.0,-0.0,-0.0,872.5701689504899,-0.0,-0.0,-0.0,-0.0,-0.0,-0.0,-261.00560650372057,-0.0,-0.0,-0.0,-0.0,-0.0,-0.0,-0.0,-0.0,-0.0,-0.0,-0.0,-0.0,-0.0,-0.0,-0.0,-0.0,-0.0,-0.0,-0.0,-0.0,-0.0,-0.0,-0.0,-0.0,-0.0,-0.0,-0.0,-1151.872017516723,-0.0,-0.0,-0.0,-0.0,-0.0,-0.0,-0.0,-0.0,-0.0,-0.0,-0.0,-0.0,-0.0,-0.0,-0.0,-0.0,-0.0,-0.0,-0.0,-0.0,-0.0,-0.0,-0.0,-0.0,-0.0,-0.0,-0.0,-0.0,-0.0,-0.0,-0.0,-0.0,-0.0,-0.0,-0.0,-0.0,-0.0,-0.0,-0.0,-0.0,-0.0,-0.0,-0.0,-0.0,-0.0,-0.0,-0.0,-0.0,-792.2419960932544,-0.0,-0.0,-0.0,-0.0,-0.0,-0.0,-0.0,-0.0,-0.0,-0.0,-0.0,-0.0,-0.0,-0.0,-528.154350979212,-0.0,-0.0,-261.10459160588147,-0.0,-0.0,-0.0,-0.0,-0.0,-0.0,366.1696374373236,-0.0,833.5658262079908,-0.0,-0.0,-0.0,-0.0,-0.0,-0.0,-0.0,-0.0,-0.0,-0.0,-0.0,-0.0,-0.0,-0.0,-0.0,-0.0,-0.0,-0.0,-0.0,-0.0,-0.0,-0.0,-0.0,-0.0,-0.0,-0.0,-0.0,-0.0,-0.0,-0.0,-0.0,-0.0,-138.32289848184817,-0.0,-0.0,-0.0,-0.0,-0.0,-0.0,-0.0,-0.0,-0.0,-0.0,-0.0,-0.0,-0.0,-0.0,-0.0,-0.0,-0.0,-0.0,-0.0,-0.0,-0.0,-0.0,-0.0,-0.0,-0.0,-912.8418713476924,-0.0,-0.0,-0.0,-0.0,-0.0,-0.0,-0.0,-0.0,-0.0,-0.0,-0.0,-0.0,-0.0,-0.0,-0.0,-0.0,-0.0,-0.0,-0.0,-0.0,-0.0,-0.0,-0.0,-0.0,-0.0,-0.0,-0.0,-0.0,-0.0,-0.0,-0.0,-0.0,-0.0,-0.0,-0.0,1433.3678159288845,-0.0,-392.78769564939483,-0.0,-0.0,-0.0,-0.0,-0.0,-0.0,-0.0,-0.0,-0.0,-0.0,-0.0,-0.0,-0.0,-0.0,-0.0,-0.0,-0.0,-0.0,-0.0,-0.0,-0.0,-0.0,-0.0,-0.0,-0.0,-0.0,-0.0,-0.0,-0.0,-0.0,238.4604601202557,-0.0,2263.7847224752286,-0.0,-0.0,-0.0,-0.0,-0.0,-0.0,-0.0,-0.0,-0.0,-0.0,-0.0,-0.0,-0.0,-0.0,-0.0,-0.0,-0.0,-0.0,-0.0,-0.0,-0.0,-0.0,-0.0,-0.0,-0.0,-0.0,-0.0,-0.0,-0.0,-0.0,-0.0,-0.0,-0.0,-0.0,-0.0,-0.0,-0.0,-0.0,-2410.470466920697,-1542.4799178673325,-0.0,-0.0,-0.0,-0.0,-0.0,-0.0,-0.0,-0.0,-0.0,-0.0,-0.0,-0.0,-0.0,-0.0,-0.0,-0.0,-0.0,-0.0,-0.0,-0.0,-0.0,-0.0,-0.0,-0.0,-0.0,-0.0,-0.0,-0.0,-0.0,-0.0,-0.0,-0.0,44.42987698896856,-0.0,-0.0,-0.0,-0.0,-0.0,-0.0,-0.0,-0.0,-0.0,-0.0,-0.0,-0.0,-0.0,-0.0,-0.0,-0.0,-0.0,-0.0,742.297325715236,-0.0,-0.0,-0.0,-0.0,-0.0,-0.0,-0.0,-0.0,-476.77168042467184,-0.0,-0.0,-0.0,-0.0,-0.0,-0.0,-0.0,-784.3656735372967,-0.0,-0.0,-0.0,-0.0,-0.0,-0.0,-0.0,2348.233477223955,-0.0,-0.0,-0.0,-0.0,-0.0,-0.0,-0.0,-0.0,-0.0,-0.0,-0.0,-769.7126977683416,-0.0,-0.0,-0.0,-0.0,-0.0,-0.0,-0.0,-0.0,-0.0,-0.0,-0.0,-0.0,-0.0,-0.0,-0.0,-0.0,-0.0,-0.0,-0.0,-0.0,-0.0,-0.0,-0.0,-0.0,-0.0,-0.0,-0.0,-0.0,-0.0,-0.0,-0.0,85.56039651817532,-0.0,-0.0,-0.0,-0.0,-0.0,-0.0,-0.0,-0.0,643.2099340818407,-0.0,-0.0,-0.0,-0.0,-0.0,-0.0,-0.0,-388.93048075101535,-0.0,-0.0,-0.0,-0.0,-0.0,-0.0,-0.0,-0.0,-0.0,-78.77759871638412,-0.0,-0.0,-0.0,-0.0,-0.0,-0.0,-0.0,-0.0,-0.0,-0.0,-0.0,-0.0,-0.0,-0.0,-0.0,-0.0,-0.0,-0.0,-0.0,-0.0,-0.0,-0.0,-0.0,-0.0,-0.0,-0.0,-0.0,-2129.593959543065,-0.0,-0.0,-0.0,-0.0,-0.0,-79.59979241762369,-0.0,-0.0,-0.0,-0.0,-0.0,-0.0,-0.0,-0.0,-0.0,-0.0,-0.0,-0.0,-0.0,-0.0,-0.0,-0.0,-0.0,-0.0,-0.0,-0.0,-0.0,-0.0,-0.0,-0.0,-0.0,-0.0,-0.0,-0.0,-0.0,-0.0,-0.0,-0.0,-0.0,-0.0,-0.0,-0.0,-0.0,-0.0,-0.0,-0.0,-0.0,-0.0,-0.0,-0.0,-0.0,-0.0,-0.0,-0.0,-0.0,-0.0,-0.0,-0.0,-0.0,-0.0,-0.0,-0.0,-0.0,-0.0,-0.0,-0.0,-0.0,-0.0,-0.0,-0.0,-0.0,-0.0,-0.0,-0.0,-0.0,-0.0,-0.0,-0.0,-0.0,-0.0,-0.0,-1605.4238302725405,-0.0,-0.0,-0.0,-0.0,-0.0,-0.0,-0.0,-0.0,-0.0,-2003.0955590899132,-0.0,-0.0,-0.0,-0.0,-0.0,-0.0,-0.0,-0.0,-0.0,-174.61390120640158,-0.0,-0.0,-0.0,-0.0,-0.0,-0.0,-0.0,-0.0,-0.0,-0.0,-0.0,-0.0,-0.0,-0.0,-0.0,-0.0,-0.0,-0.0,-0.0,-0.0,-0.0,-0.0,-0.0,-0.0,-0.0,447.12522781087586,-0.0,-0.0,-0.0,-0.0,-170.47574231723198,-0.0,-0.0,-0.0,-0.0,-0.0,-0.0,-0.0,-0.0,-0.0,-0.0,-0.0,-0.0,-0.0,-0.0,-0.0,-0.0,-0.0,-0.0,-0.0,-0.0,-0.0,-0.0,-0.0,-0.0,-0.0,-0.0,-0.0,-0.0,-0.0,-0.0,-0.0,-0.0,-0.0,-0.0,-0.0,-0.0,-0.0,-0.0,-0.0,-0.0,-0.0,-0.0,-0.0,-0.0,-0.0,-0.0,-0.0,-0.0,-0.0,-0.0,-0.0,-0.0,-0.0,-0.0,-0.0,-0.0,-0.0,-0.0,-0.0,-0.0,-0.0,-0.0,-0.0,-0.0,-0.0,-0.0,-0.0,-0.0,-0.0,-0.0,-0.0,-0.0,-0.0,-0.0,-0.0,-0.0,-0.0,-0.0,-0.0,-0.0,-0.0,-0.0,-0.0,-0.0,-0.0,-0.0,-0.0,-0.0,-0.0,-0.0,-0.0,-0.0,-0.0,-0.0,-0.0,-0.0,-0.0,-0.0,-0.0,-0.0,-0.0,-0.0,-0.0,-0.0,-0.0,-0.0,-0.0,-0.0,-0.0,-0.0,-0.0,-0.0,-0.0,-0.0,-0.0,-0.0,-0.0,-0.0,-0.0,-0.0,-0.0,-0.0,-0.0,-0.0,-0.0,-0.0,-0.0,-0.0,-0.0,-0.0,-0.0,-0.0,-0.0,-0.0,-0.0,-0.0,-0.0,-0.0,-0.0,-0.0,-5620.346700447031,-54.639302283875836,37869.34782658533,-3795.355635665465,-4725.419367244263,76868.96067182957,-0.0,-7000.0360445436445,930.7591209472131,2225.9090518202097,-25576.02252662747,-0.0,-4944.355032231702,-0.0,-0.0,35591.16180395075,-11728.057684990148,4024.6152203413126,6646.087105318369,-4764.503682358152,-28734.085483927523,-9280.146927493457,54.29970544252889,-95.236294326682,-6515.015333505123,-0.0,-14006.471510661891,-19469.943284453144,16448.83575008605,-608.312638283012,8.422600194055397,49635.99248652106,-3361.518986123895,-126287.0138220813,-2989.42966057655,-24270.66474930585,-20209.29180946258,-6718.6940797758925,-6510.931222450449,-15679.154261447215,13419.847871383045,-2620.63344653422,-4404.402116110768,-3931.931125179518,-11933.915037339102,8793.32982095099,40274.43924646174,-1072.5671435244985,74.24858851136725,22801.921676707363,5684.960405411053,-594.3651905034636,15680.672226877952,8800.416376400994,-6131.500093567879,-7783.725023784495,-4121.061258151262,373.87296765362294,-0.0,-0.0,-285.4134582959742,-8681.67433935448,-3715.591583085661,-3251.9929713095526,-1860.5377585190058,-4925.697931629457,11701.873187980851,3901.4616017563326,-8935.761181622558,21289.118871481376,-21476.538489190076,-37003.41225946921,73754.6335609904,-24474.051344574138,-9887.894813820663,-2337.399592886974,-3954.5452214406955,-6450.214226203647,-5036.263965352389,-35273.73991174757,-0.0,-14505.491786342052,-0.0,3252.7348108497176,-0.0,-0.0,-15057.075208212003,-1298.0221521382232,-0.0,-0.0,4274.527174370632,-0.0,-0.0,-0.0,-7490.788405284919,-4907.538345994825,-7919.189697485214,-7850.38783887132,8336.764622845885,-0.0,-31652.221840483504,49698.76813438543,-0.0,-0.0,-21620.04799161183,-11201.25027007639,200.6917296842214,54.17102800696249,-0.0,57838.87500933792,-0.0,-0.0,-0.0,-0.0,56547.36139405563,-1103.8610192872707,-0.0,-11942.7770059963,-0.0,-6553.1557592776135,-1425.2705164651745,-3473.7659283702096,-16984.230564682966,13366.116175085936,-1586.6197417737658,-9981.75307989914,-0.0,-0.0,-5366.180816579017,-7417.1290408708755,-11092.298465091699,62009.49892265935,-0.0,-191.61609580725533,13805.897420397252,3471.0259318600924,-2112.796988191931,743.4208387572768,5674.9013348359185,-3975.7881151515144,-87.30668852586943,-19157.875359509006,473.61244216141944,14463.419539564118,-861.1210535487663,13623.771047061344,53910.34372935195,3310.3220321126564,-71.8155071867486,10039.03185694983,-2219.884439351312,-8276.312046803601,-10901.936339121046,-15727.159344838301,-0.0,6976.304542630775,21350.617451410046,23179.733387066182,-10420.92661455168,7923.178046615576,9468.67682603874,-8740.32477418498,17169.69207348085,-15309.23453516826,-0.0,4904.233367983005,-13054.504768307888,-17005.592241855848,-9239.339550327959,27274.574619515442,3410.647252633207,-0.0,-6536.658155421024,-0.0,-2956.165070738731,103.7698720504018,-4328.2533850427135,-0.0,220.0983316757066,-262.6097847232225,-23410.95042068127,-13619.014018428428,23558.68904235616,-7399.931216449779,3787.059889728233,6057.815666945475,-6996.893224307427,-5668.637135344576,-12357.57174606704,-0.0,-2272.7978608821213,-1913.723035298915,-0.0,1364.8731532704346,-390.9510633877487,-0.0,-0.0,-15657.700227739402,-3825.4255669548206,3182.747004590285,-5191.27574109602,-0.0,-0.0,-0.0,59053.90105099227,21641.387730466075,-0.0,108.44457730120801,12960.6874453383,-0.0,-4626.630723750882,-2587.4616965479668,-0.0,-4662.878629677493,-9759.899433715433,128370.47703743164,-12920.382218588451,-9366.553385852536,-35912.50673876856,-0.0,1566.766367202269,3161.048724185577,-10438.216657892632,31828.115054798094,-8689.877609017489,-42432.8906651316,-15216.297169428786,-9807.135479789762,-0.0,1315.0075219825744,-5158.422915357473,25645.94509823213,-166.4050730031717,-457.7182449350809,-11515.427120710361,-9860.61692385231,31660.169719585316,-0.0,-2284.466566226244,748.4715323466619,-0.0,-0.0,-0.0,-0.0,-0.0,-0.0,-0.0,-0.0,-0.0,-0.0,-0.0,-0.0,-0.0,-0.0,-2263.723679164876,-0.0,-0.0,3644.8070125908102,-15593.735418344393,-740.6722997938912,-11008.231054920545,26550.68650364373,8616.123849777301,-4158.831157978957,3656.4952034821504,46938.2336931418,-0.0,-0.0,-4464.53872177217,3423.0551699239727,-7212.192628594459,-8954.076453722855,-0.0,-39.32426062234446,10657.74660914076,-4821.096192105477,-2863.1028373430595,3860.455230705268,-26742.59349213853,32392.47186256854,-6122.13931232612,-1070.0592562980446,14472.314698002188,-0.0,-0.0,-0.0,-0.0,-0.0,-0.0,844.9090501814959,49158.746889913935,-10689.662043664319,-11691.424723889608,-9469.7054592448,-0.0,-9636.24739623776,-13851.549394593501,-0.0,-0.0,-0.0,486.1025238867475,444.44345751603004,720.5576119510381,2650.725714040803,-0.0,4191.1967877075385,889.9219293246749,916.5023919040887,882.0731599046967,767.355601681389,2998.6258268350875,1696.9356203286227,2883.9234409995483,2594.736569766144,2827.643846128945,3052.36087480342,38766.39282112958,36573.85005446671,43036.26283244164,40032.87197527896,9920.004356543997,8910.860889958314,9155.989693284795,10302.462736005642,4996.602930966979,2123.293279293898,2206.631175736102,2293.859921478119,2197.5961232088353,2313.637650480505,4843.420343087026,4549.9891517621645,1555.4714871450017,1303.0560727706113,668.319170135571,426.83617530368304,537.9675186630144,35648.581003313535,34529.24116210985,38560.99630924984,34208.6388545999,60170.64374683275,56905.71913330775,1370.6544568415193,1238.1948778470396,1362.3645405297984,1308.6153087962994,1275.2633617556144,1329.47433738076,686.3631483162587,60080.32748995199,53575.235620414904,53044.23276969344,2896.989502131823,2766.0344597837334,2986.221206680291,-0.0,8667.094840053316,9274.15045998257,40212.93488735243,34944.938626156014,41051.91146402587,62487.246094451875,61192.15677799905,69729.15959579078,59956.161205856835,2874.111562076615,2476.6886232117986,5318.324558037856,-0.0,20441.74083757083,23157.478915136944,-0.0,1619.4988624076898,1575.9173626116774,1585.8795538077563,1540.1392581682458,1537.3648300523007,1558.3027403168346,40462.32572160764,40706.56806003315,37896.97320083784,34643.983954177005,1232.0309133853484,1339.22311037583,-0.0,-0.0,15637.781523442294,39272.79347197665,34339.65135690422,38288.856638424666,41402.833175678425,-0.0,57227.490288508474,53244.98872135447,1088.8887390550774,2417.427462484392,2312.39061577379,2472.6198285728037,2582.6720252112677,2613.0883308498182,61017.42783099468,58662.91384636442,-0.0,-0.0,16882.604308143935,1125.1784796984084,38161.08509395692,40021.71534299622,35485.551383235004,36948.66897723187,40440.555403267244,33377.93443528219,-0.0,16788.239423110437,10477.425162742984,-0.0,-0.0,1432.2362098393503,1529.5789656450006,789.8595008190398,880.3788964306643,455.03359966794517,461.2607840988196,-0.0,1086.5727989624702,1085.0014424727447,1156.3067367819383,1330.2272389756006,-0.0,1696.4999477931224,1653.970823977952,1963.7370389584637,2554.004640461856,2528.5789901241446,2321.2515195543197,816.7409079192373,920.8107851527467,907.9543666686661,1505.7858890886164,969.603819008141,1046.177301952028,1067.9197740677178,984.1836436415502,8699.690869868375,8692.57650243052,279.2047784693787,274.604684531709,3695.9683155431076,14990.1289406555,1504.8949234598438,1607.2528791804198,-0.0,-0.0,9191.946760452198,9199.060771337028,9066.872363650611,7926.126049257649,2115.720126941859,2095.754604154904,37092.09177663724,33969.45536413139,9936.638835423253,7396.2679151654775,-0.0,53807.90863335925,2045.4548753359322,2417.8940891897305,1092.276686726351,57498.01179745537,57816.440347795135,61426.85671698218,50981.28641084796,217.670733753729,60154.84923531773,54492.659379163146,-0.0,-0.0,24891.450993357652,-0.0,1253.8485596807843,1074.84653953465,1095.2158548529696,2341.954350228275,9907.523669142825,18539.353573426488,1933.0448177659237,1867.0507880550495,25.331893939059647,722.6089827401017,732.1689320957145,17357.44629598354,1513.8642937406737,-0.0,-0.0,-0.0,1098.4251149727647,-0.0,1148.9958331992432,-0.0,6431.709900369329,6529.018151661825,5870.002619391325,6072.432785342516,917.9585012327454,-0.0,888.1238755468712,-0.0,-0.0,1009.0985582183414,1063.904535878289,1104.6136853988605,933.8988802073291,825.6223112297338,772.4990313593297,1807.903393881195,1726.5784622611272,1662.4582636955706,-0.0,3187.255563715502,2791.1319508537567,3265.6033865893996,3122.0977551125306,4991.982696361575,51720.47704433374,54245.01474936913,10812.52456506963,22016.346236255074,15760.44343728539,18934.937475165054,1746.0441511704926,2103.4600484528864,963.7638516594033,885.9427429817795,2307.9668620376224,-0.0,40505.820952846174,35021.226346512805,1482.1932464966858,1200.17790234762,1281.5297319761391,5730.959339413053,3254.3543601680244,3069.4874173275048,35856.641117781284,33921.34106473557,37729.51019049248,43700.748117182055,-0.0,-0.0,-0.0,2379.6024453658647,2538.5670467109553,2633.315829171178,9522.656316208982,9104.179658962064,6594.014756630639,2449.081028781789,2592.1167009574433
18,-0.0,-0.0,-655.0883053532443,-2271.8631410729186,-576.6117740991014,-546.2831823230059,-107.78132415347504,-668.4040512264328,-633.0677072470911,-0.0,-1413.2931981543977,-0.0,-0.0,-2886.253748814422,-0.0,-602.8748169140168,-483.35548478470827,-0.0,-48.50074593891981,-260.8261911804218,-329.7375262105623,-752.9555863888454,-962.0733126728868,-791.526418306418,-2317.1674486996876,-679.4869561830988,-0.0,-44.125479332843575,-3116.324849674712,-1929.9644118920908,-0.0,-0.0,-0.0,-0.0,-0.0,-0.0,121.65663755240074,-223.24358621939098,-1959.5295408391817,-1671.1741333982698,-0.0,-0.0,-147.77935712775871,-576.523014603779,-181.48891271455517,-0.0,746.5847842746934,-1956.719460317422,-431.2921804544246,-0.0,-0.0,-294.1437109249456,-0.0,-12.423829180271278,-2289.206976151367,-3103.3198024119934,222.29555954824434,-6355.09958929483,-235.87165830528298,-0.0,-1993.5343224399442,-0.0,-733.9680215227061,-3296.684134706272,-543.0487789292371,-542.2518327603943,-46.07599139123773,-2334.622402495785,-964.0535631777063,-495.09450903338654,-3077.824894605274,-0.0,-0.0,-2870.0441585527915,-1105.44088086501,-248.50181550006067,-1913.4811255397171,-0.0,-0.0,-1456.960217371772,-1565.7119686416247,-548.6201432516934,-3792.5844353083107,4.332315199476546,-29.05321700788817,-2303.23013980937,-0.0,-665.5908512573976,-1074.1443542961256,-8.220543001708126,-0.0,-1452.0731900157273,-92.49321399897424,-869.7610350940871,-2336.3671072005204,-44.49369012154005,-2803.727848944903,-463.3341006878221,-1539.1367471212534,-3056.6227417693453,-777.8696929659366,736.8942149329931,-602.8769330871079,-0.0,-1518.0304464865562,-2553.0270000637324,-5100.617877357668,-508.0064573981418,-3346.802083504817,-0.0,-1788.4018325425698,-0.0,-0.0,-597.8292449297232,-0.0,-0.0,-725.9493464974986,-89.73258087169657,-1656.894318478699,-1003.9068402676846,-896.3749738015277,260.3289190387872,-506.83546677172853,-337.297598950832,-234.79291837784652,-8.994883580597492,-600.0436544501921,-676.0243980937067,-839.2924770567441,-0.0,-5399.8654290103705,138.48629151063855,-120.10544589690295,-4879.472521269016,-0.0,-1152.655541240659,-70.99166862049549,-0.0,-353.5083298070139,-0.0,-0.0,-935.1654665652568,-0.0,-778.2864120035313,-1006.7574749777771,-0.0,-1221.3527650658855,-316.1882234749421,-701.0906713114217,-2364.8565376000697,-0.0,-1866.4186146738004,-1313.697056603523,-0.0,-0.0,-0.0,-0.0,751.6724837578325,-0.0,-1804.055118017916,-1924.92635791653,12.513424351306755,-0.0,-0.0,-760.1340831301058,-602.2785109668238,-846.2522431069106,-0.0,-484.5571414465991,-3378.0509765389293,-1171.3065250063787,-0.0,-1345.8835390017707,-2765.644155454842,-0.0,-0.0,-0.0,-0.0,-0.0,-0.0,-559.9144937445417,-684.8064314183911,-262.1002747004386,-222.81136119345857,-1507.2709550379516,-58.79180334654842,-0.0,-0.0,-799.0626585672923,-0.0,-626.8158638827969,-32.34203668287531,-4.7929698521623605,6.5755225918752505,-0.0,-0.0,-1334.7479182045,-478.9466753796518,-529.3495573707949,-0.0,-3830.9800058936703,-2253.5360996353697,-1164.5759855057086,-0.0,-0.0,-2497.8019452845547,-1650.3681810546395,-740.0761869069843,-95.34972593826394,-1912.1906010658427,-1594.558309597274,-0.0,-0.0,-1893.6815722241702,-0.0,-890.5350532493649,-1448.5909672046123,-154.60667235886092,-469.43125051909226,-675.0482724072881,-638.1699278527261,-0.0,-1725.3432352561517,-0.0,-3782.971851472054,-3198.5019945963436,-209.0812068332915,-450.38544194042504,-531.7044123416088,-0.0,-320.29342481935095,-296.94065374338334,-0.0,-1217.1348393104743,-777.8641930002659,-1265.608980530421,-1777.969519436512,-1047.9167136956326,-2426.604518435072,-2366.912210616754,-2755.0671998877874,-2516.291435786639,-1158.977603398724,-2423.024975798971,-578.7856691285359,-665.1813118754791,-0.0,-1368.3270441339037,-1227.8356034087706,-1128.8702925386033,-468.0330969015234,-450.30466308023364,-2303.2201998070477,-878.3251544353319,-469.76489276147925,711.2679421407696,-0.0,1135.1029485315946,-1551.0103381360268,-0.0,-0.0,-0.0,-0.0,-0.0,-0.0,-1456.4741617753602,-3106.1245788042465,-565.3758217558595,-1110.2859734806946,-0.0,-0.0,-2085.6111187088813,-1364.4539936108883,-2372.3560685274097,-0.0,-0.0,-156.83089079268538,-66.28491685248748,-448.14592998656303,-2112.3338909972695,-568.7948224761834,-0.0,-587.2556563854671,-771.6123620229324,77.56298801691918,-1354.7444622885173,-1666.065939330584,-1510.1385783064334,-2065.915653344742,-349.78161962751994,-665.3183526915521,-47.32127790487901,-1966.12780600054,-0.0,-955.7916371215775,-186.53833464093458,-95.70862994291588,-662.6259255045953,-0.0,-2440.8713119398303,-145.6856738295585,-772.7773195505646,-1794.8547496317924,-1775.372821821539,-0.0,-649.5876160731348,-873.6302149321225,-28.92690059955214,-285.3994636327768,-570.7050442321274,-63.23248669725817,774.0270697278,-1340.6343479830314,-0.0,-1056.045984649301,-1745.473071540496,-0.0,-561.3335628537029,-0.0,-1751.983539718594,-0.0,-0.0,-0.0,-1317.5877381744726,-824.0477241832357,-523.0036606386936,-0.0,-1809.4786439052737,-3490.5149938294485,-4185.472360633636,-0.0,-378.73557458738884,-0.0,-321.1328296798543,-130.48920597130945,281.5372617484647,-652.5227716159433,-0.0,-786.4177257394757,-1039.7947982500732,-357.9798114408055,-660.4660478005785,-0.0,-500.3419307187111,-1039.4419142001934,-615.579951802683,34.61868843713349,-2582.17044663739,-0.0,-0.0,-1577.0728922802434,-284.71475805500035,-1556.755185397809,-108.58183278884108,-145.0887758364159,-246.53711902544612,-693.5355816699604,-1137.196778317586,-1520.648591998322,-2360.451348421761,-0.0,-0.0,-455.55682546976783,5601.587347577086,4.888825786312189,-0.0,-0.0,-0.0,-0.0,-2618.952167660851,-547.6666744663909,-0.0,-1117.8498996779172,-1045.118772636394,-840.9820111191531,-2499.44683672284,-285.6455112773863,-1318.163877815541,-0.0,-0.0,-2248.184103399735,-761.1876767610803,-1928.844693009768,-816.2718758073225,-928.4869515451396,-2069.028290576229,-249.13488744380047,-1885.57575290795,-1236.0910264118415,-35.48996416551835,-1153.4057992162288,-1269.4657331883666,-258.6455046106242,-252.00131863049114,-2156.243536856219,-0.0,-531.1078623116902,-315.69085657217454,-34.65651278133953,-900.0973597758244,-240.48957170053038,-1068.159310822212,-993.2309980396287,-1417.4160201223797,-263.4764847870921,-2843.040812420607,-64.76676615431032,-678.7479263008486,-0.0,-889.0597870509968,-844.9736472846596,-1084.9417866412107,-1299.9125166790122,16.324644961980002,-457.5589933144232,-2903.6769665087,-893.0772792222142,-429.785905804292,-1278.719597222085,196.5910354868178,-0.0,-0.0,-0.0,-0.0,-0.0,-0.0,-12.392053990775302,-194.532220186526,-2588.262642055398,-5527.085606820696,-551.9262363549111,-1100.6277792286462,-155.6203393945056,-598.2091682308453,-1518.2297839021821,-1256.0590939093822,-44.318950329024744,-610.6703983776173,-557.7284623485198,-0.0,-106.6545763486473,-1255.1012419339995,-535.8167833059159,-0.0,-1160.7577310390968,-0.0,719.9463538238676,-0.0,-0.0,-0.0,-45.8241187293742,-0.0,-0.0,-1206.7667197960316,-473.0237974947309,-1355.4163829213257,-0.0,-0.0,-0.0,-1007.7339364371094,-655.9822796598687,-1492.0847405160657,35.36400282552746,313.95924568822113,-0.0,-0.0,-3482.5056650465503,-1388.0507394728497,26.205780195902435,-64.57471284267984,13.06147510626721,-21247.80246402788,-21119.1289251501,-2633.790171837052,-0.0,-0.0,-0.0,-0.0,-492.773055915269,-0.0,-0.0,-689.1195245423401,-2558.54209836834,-2227.1608425054824,-1520.0226689728727,-390.2293607878822,-2077.591202668444,-36.006417444429495,-1463.1645938004644,1101.9911862384724,-8.327938278499579,-1022.894916654344,4.399680853126371,-0.0,-0.0,-0.0,-0.0,-180.26642105550454,-0.0,-0.0,-0.0,-1043.7012283261663,-1673.3125093895183,-0.0,-0.0,-290.86548079933425,-2512.3255801046566,-0.0,-1601.6670236283223,-1884.354660763024,-2304.1456709294066,-0.0,-0.0,-117.80992552689666,-97.60336326270512,-1168.4022305932851,-1708.8281570221798,-633.2773050604053,-1499.352049067732,-1422.5767850419857,-0.0,-0.0,-0.0,-0.0,-486.7353849425561,-290.65347090507606,-0.0,-0.0,-110.57832237734465,263.7518813889572,-0.0,-1419.3111454088337,-1180.5686148894165,-1227.2971374512165,-0.0,-0.0,-727.2177895757952,-1374.3231520369093,-852.4297336634153,-470.2858608883476,-0.0,-2523.2516653310954,-2642.9970172728,-0.0,-0.0,-0.0,-0.0,-0.0,-1670.5585144821955,-0.0,-2590.7272715554077,-1499.6230556451019,-80.58113414381059,-0.0,-0.0,-0.0,-3101.4820346440533,-1531.6232925315462,-630.32702433131,-544.4025841749149,-1398.045993201465,-729.9560439745454,-0.0,-0.0,-796.6609517220576,-1579.1235045002877,-80.19172057279582,-540.5131877705317,-0.0,-1000.5399406635178,-762.7101742841853,-2076.429944607638,-0.0,-364.8244792597011,-151.03444967007295,-376.9273440291238,-1678.7332018493564,-337.32407550092285,-0.0,-0.0,-0.0,-0.0,129.12212922131147,-168.82319831684427,-1019.1428895350841,-1732.5132291435516,-1303.8134426230868,-517.2156098358124,-672.930738802293,-6812.218634612278,-951.1110675115738,-621.6367426475737,-0.0,-0.0,-0.0,-321.67254195660166,-459.6025785138161,-1444.449022329585,-426.4371331695255,-0.0,39.2377200587855,-0.0,-0.0,-0.0,-0.0,-0.0,-0.0,-0.0,-115.5552740898703,1877.1388378522054,-0.0,-1726.0720662303206,-806.5009593347152,-485.8905883566608,-1895.699108316849,-0.0,-0.0,-775.610751308725,-791.7221530218009,-130.2772252535685,-151.21882537839113,-161.01167015788806,-714.6915390785031,-182.95743048069735,-2148.6039893298666,-408.68814583653295,-472.38572315508225,-0.0,-0.0,-1715.6958890323606,-3253.5602900801173,32.037974362438355,-596.3959276589451,-418.15598948900225,-1055.7866735551493,-1444.6177449327035,-871.0537869306862,-334.39673417058395,-190.61020837905875,-1476.821805627663,-0.0,-0.0,-0.0,-0.0,-0.0,9091.540801458723,-83.31044207350153,-619.5444895906677,-783.0402686369318,-1245.012111651649,-1369.1530596007938,-1497.4354248430545,-1866.9813227274817,-2154.938776083639,-509.0597649420561,-0.0,-0.0,-1722.6507957150427,-0.0,-0.0,-355.81721309389485,-2236.162210295204,-1407.9040761797105,-566.4530351359889,-72.03354797828915,-1897.9036625647025,-0.0,-1643.2077556512147,-0.0,-0.0,-0.0,-0.0,-0.0,-0.0,-554.7750213363338,-1504.145401375917,-1219.7767382606496,-96.96587050198686,-281.53436782026466,-695.0766648368627,60.79852903543851,-0.0,-0.0,-658.1969629238583,-624.8647029744383,-4581.932596473233,-0.0,-1451.9346893160064,296.53162714385337,153.33775886425025,-0.0,146.0219636614717,-227.0090065566237,-169.8406797237379,-520.7788035867561,-0.0,-2018.3911176320082,-0.0,-0.0,-1248.8863627701467,-0.0,2781.3314384163723,2705.865368063717,2552.492038975571,-0.0,-0.0,-2079.02897240115,-0.0,-0.0,-398.07815117330114,-1063.9571375609507,-849.5350513816088,-1038.346203299435,-1233.3276386182422,-0.0,-0.0,-0.0,-0.0,-840.7590543128354,9.827179257582038,-62.250236736984164,-1193.2362883502808,-1147.7267761099429,-429.40363483759523,-1698.4384065718123,-0.0,-2404.756916047884,-1246.5759110212657,-1627.1727815045335,-482.5222725215554,-446.32648858415916,-0.0,-1479.2661587463174,-825.4458909849991,-1009.3031764904787,-2443.038535653312,-653.1545914261064,1212.142599774108,545.9964193367429,-377.6026316549021,-1432.5357958508705,-0.0,-2001.5587596940943,-4014.223027844823,-509.11287596918606,-554.4883902806232,-0.0,-0.0,-0.0,243.19279211815564,-409.1352449638524,-601.2059648445313,-170.32565993142603,-546.271189072494,-584.9026685918085,-0.0,-498.71329347329595,-1079.155778736016,-843.9067240635841,-0.0,-2078.8014255388043,-5035.680418722112,-0.0,-0.0,823.1991085108631,717.2937566325695,-0.0,-0.0,-745.3980816032724,-1068.2476063488748,-375.68912960185145,-777.201995476916,-0.0,-0.0,-0.0,-0.0,-0.0,-3096.3695659999225,-495.3536922449385,-1873.4102904169624,-1307.4485502567952,-0.0,-493.84578980662377,-463.04688861580314,-0.0,-255.4232697370117,-795.7803832607568,-1375.29508518495,-4630.306071785907,-89.94495208015155,-0.0,-0.0,392.2007117683771,901.5779765823193,-0.0,-0.0,-435.7267842229157,-0.0,-0.0,-0.0,-2927.857228690044,-0.0,-618.5595283117366,-0.0,-0.0,1973.505937180575,2472.9612560337255,2358.0408199557896,-0.0,-0.0,-530.574720739763,984.3827846851086,-2982.9533428995096,28.964242175347604,88.1177420573918,-2866.5338141963343,-123.46493389005218,-229.83434013859872,-746.9769952911909,1100.4609993904214,3789.768866387352,-3426.878452552568,-0.0,-0.0,-1104.048887724981,-1890.1626759814324,-1366.561698267318,-271.8912213707875,-49.119802255194266,-0.0,-0.0,-0.0,-0.0,-2276.195085840795,351.42964868104633,-0.0,-4.167135108013097,-0.0,-1892.4857650614047,-2349.3841975800347,217.33646208995086,-0.0,-0.0,-436.8743647250867,-0.0,-1929.6780126515505,-109.31141570232342,-1322.4689001544245,-516.8841314672684,-1356.7709760870873,-759.0201835225292,-1310.6931071086617,-790.0561947761979,-0.0,-0.0,-0.0,-133.32536078296496,-0.0,-0.0,-305.0545446353672,-435.7853401276902,-758.9143245772817,-0.0,-1574.5809222736234,-1217.5812124865938,-1023.4808661356496,-8.457656837371744,-8.644943696355098,319.0563713782218,45.88199326886788,-0.0,-0.0,-14.24148087575647,-2040.0522435594632,-710.865217810766,-1107.045418795942,117.92038352049826,-2514.4647814063774,-2096.6460415201805,-1102.0052944135768,-1233.2923499263472,-52.048118306542875,-670.5977034043054,-814.1466133705921,-1452.71072667008,-2346.0899075188763,-0.0,-2347.7495857798494,-174.74129540244064,-0.0,-2880.2012072860566,-3079.6685994950376,-2689.149586405388,1768.338291857069,-0.0,-2028.19387945265,-264.2126766390678,-1429.3732578896768,-684.2157000476927,-137.4174132936584,-2535.96845363603,124.78362626277999,1916.449120997363,-0.0,-232.46384788682775,-470.4719585862153,-1250.1364739744126,-1356.7281096342197,-2002.2063220349044,-4691.843276130469,-0.0,-653.8473084260195,-1503.4992196638934,-791.4600257398122,-277.3191969185241,-31.880768129720177,-357.54855895728207,-0.0,-0.0,-0.0,-0.0,-378.34874492650204,-1454.3374480752693,-1006.9608829447274,-73.35743578615168,-659.7157858799784,183.96126341952757,-0.0,-0.0,-997.4207815027504,-582.9470260401379,-0.0,-2454.8659332138636,-108.43928247479185,-1487.384237965759,-0.0,-232.82302047450028,-226.56191054476372,-0.0,-0.0,-527.4698041266068,-0.0,-0.0,-4729.772147135631,-220.41067235102273,-2862.3020485656466,-0.0,-0.0,-125.65252793448516,-1699.9110204723709,-696.9330669002621,-430.12616108953966,-1693.255774709669,-0.0,-788.5533384298262,-0.0,-611.3366867062166,-0.0,-0.0,-227.5431089291934,-95.49994238699078,12.75179116139306,-451.9610211978771,-1628.6768879046172,-2404.9622723919147,-0.0,-0.0,-0.0,-28.686549306553236,-429.10432089105734,-0.0,-1860.4514091651931,-3311.890219377718,-0.0,-0.0,-65.0704542587614,-1850.0631308240638,134.57759813846016,-0.0,-0.0,-0.0,-0.0,-538.0593217457492,-2426.7132212035413,-234.4819135867244,-1570.6647202669992,-0.0,-0.0,-740.6769191845868,-544.9049606097427,-389.5765037254292,42.45170917936537,-0.0,-0.0,-0.0,-963.6969479126715,-748.1008779930506,-578.574207926817,-366.25645793589047,-0.0,-0.0,-0.0,-0.0,-2659.420136471651,-94.57328140259405,-26.99712718431252,-0.0,-0.0,-768.5166761627723,-416.6208065723505,-0.0,-2162.52665646144,-5122.8237059530575,120.53045667276939,-1342.9297577329737,-0.0,-0.0,71.48264904419926,-573.5925502097148,-2087.1984330979258,-589.3937161872021,-3307.623008531735,-1436.6649493145917,-870.9026470829479,-1632.7535312900454,-0.0,-0.0,-0.0,-41.77593440931104,-1430.8972529123967,-0.0,-0.0,-3436.111032394769,-91.76970317895689,-1594.6980092979093,-884.7418898065906,-0.0,-0.0,-0.0,-0.0,-0.0,-0.0,-804.6763217197871,-0.0,-1796.6921008557256,-0.0,78.08553148178314,-1505.3548574055783,-0.0,-0.0,-0.0,-2532.79142223361,-0.0,-0.0,-582.0936558874919,-0.0,-0.0,-1190.2635020672992,-656.1834148201559,-0.0,-0.0,-205.21278692972047,-2239.2686085387095,-0.0,-1257.0811022802332,-966.8807724722986,959.9546532471228,-215.6009552581451,-0.0,-643.444291276762,-2.5257389273637214,-0.0,-24.974522196761857,-0.0,-410.8886915811791,-0.0,-0.0,-0.0,-0.0,708.2093333274252,755.2433235782365,-1011.8634229177777,-1812.9549540289288,-0.0,88.22388874892803,-4.550274212224822,-95.4715999968496,-1052.2156361054524,142.11995044196684,-612.206351910571,-463.57466865589845,-211.92329867305418,-3827.165572459583,-0.0,-263.80762236066,-2029.0190480984927,-2836.06903159166,-0.0,-1286.1397162976455,-1946.7792952345599,-2364.0330398364504,-849.4665753068192,-0.0,-1037.4933500800446,-830.3325892484726,-904.3799005918117,-1415.4220464133948,-1125.7682024371845,-0.0,-142.77344470709343,-1521.8155866815719,-0.0,1352.8975210676747,-440.56507461824907,749.162142731985,-0.0,-0.0,-111.59623074327583,-49.16830847441177,-2725.579488955988,-1048.8678885846925,-0.0,-1112.6877075624561,-3580.7028763294234,-1042.6584242608822,-988.0340282030852,-1338.0452318019409,-453.1577350192252,12.837018770546477,-45.84025586529237,-0.0,-0.0,-1103.7537096425733,-86.47887689579437,-0.0,-0.0,-2214.061906750105,-776.4764386620865,-703.0598759200183,-2195.1407603425755,-109.68497567113175,-20.372630055113575,-2958.809431714218,-1021.3691090716987,-706.4670112940163,-1190.9505000566305,-0.0,-2510.08896009923,-500.37137977171074,-1484.5119639150155,-1851.0571296883911,-437.54357350969667,-605.3136670845959,-1962.681376691343,-540.3358819591617,-0.0,-0.0,-0.0,-1537.2497532535867,-0.0,-3879.569703005778,-1354.9468580923128,-1698.2602361003608,-0.0,-0.0,-0.0,-0.0,-0.0,-151.68805155865886,-0.0,-276.74044382285683,-1076.6894652048763,-423.291307015055,-0.0,-0.0,12.335917757319704,-0.0,-0.0,46.5708675574286,-331.211616898561,-0.0,-621.0824286358562,-0.0,-0.0,-96.09068826228169,-13.24856833228438,-2938.2754754415587,-2550.5545087790338,50.52713806274526,-7242.70986730228,-1031.0468457842562,-662.9056330514843,-0.0,-888.7499101614767,-1574.314820969596,-0.0,-0.0,-0.0,32.80950589329684,-0.0,-1619.1926471916788,-0.0,-1618.4306860139493,-0.0,-0.0,-2679.5213428097045,-421.3036055556582,-721.2193151515163,-0.0,-0.0,-0.0,-0.0,-311.6409277912174,-710.4396379309381,1423.2785753009182,1138.614362767969,-797.4953438275528,-9.779303908631924,-0.0,-336.98412498808204,-366.6521733735672,-1977.3345879730741,-627.5760562463834,-133.44032913288277,-1161.2820629741034,-1613.0665636378376,-1049.364060407174,-694.314588408397,-0.0,-0.0,-0.0,-81.58453676887169,-0.0,-1929.9192931146429,-753.9156529834785,-0.0,-2049.6404628551513,-1275.3311672660461,-0.0,-0.0,-0.0,-0.0,-0.0,-1151.6102030602335,-0.0,-319.54523593378235,-1889.7330133668372,-0.0,-1208.6655766770475,-0.0,-0.0,-0.0,-2979.4278702895804,-1467.2370648312353,-1097.3839992400954,-2591.5268388694085,-0.0,-0.0,-0.0,-92.41189123926142,-569.458884955987,4.272233253116188,-465.90855854218455,-333.5328755685646,-0.0,-0.0,-383.0378934447127,-1729.4187425493287,-3925.3254340410786,-0.0,-494.3172471389059,-1385.3573894123667,-476.1605793817346,-541.6412027148227,-0.0,-0.0,-0.0,-2001.9030970878443,-1946.9469650073656,-45.604828183375666,-1908.536561003598,-648.3608704799292,-462.68942540169905,-8.695090826312816,-1399.4002093869635,-0.0,-2268.7745078627086,-0.0,-530.5026951791008,-0.0,102.95343039110858,-0.0,-0.0,-630.2798302098205,-1010.2793758894217,-9.134079652110847,-0.0,1342.1408512711726,-0.0,-0.0,-2067.622524125834,-1856.1436745135604,-1228.9689088640823,-0.0,-467.4263148490812,-769.9360038408564,-1737.1808650984387,-0.0,-0.0,125.21358834668544,-837.2688765020737,-0.0,-0.0,4.73351698503476,717.0725846574478,12.43785847319171,-1665.670491468665,-0.0,-0.0,-1877.3306459248136,-1926.454324267731,-92.1814553567692,-0.0,-185.57591051950922,-855.3990850966389,-1140.7614168777618,-1949.1780348956206,-0.0,-1068.0642348715207,-7.236578685110848,-0.0,-1787.5997591101016,-0.0,-0.0,-0.0,-0.0,-748.878629717829,4.50285074661521,-17.751029246017396,-0.0,-0.0,-639.9010485340801,-0.0,-0.0,814.7343284124429,-1222.3555423225273,-50.93325514314097,-2432.289050805356,-0.0,-0.0,-614.3827263339055,-0.0,-340.80683073217756,-1347.804961337827,-1170.2499036366537,-1194.5026413955295,-0.0,-0.0,1600.223244217048,-0.0,969.9190059421596,1072.3356396728109,-44.18735003044857,-894.0680236301378,-0.0,-0.0,-126.6406801827206,238.0737108736337,-911.8803917341544,-421.84185602287437,-1308.3631160575692,-2987.1494703302637,-2281.3486049909993,-0.0,-0.0,-294.50941316708065,-6339.13996207073,-636.3592785472891,-578.9983369976965,-0.0,-0.0,-650.2781728511894,-0.0,-1107.2973722346114,-1590.2830583954292,-742.2742453755353,-0.0,-0.0,-59.1503738145376,-0.0,-176.36872643511637,-1397.5316809125623,34.574623435596564,-789.811942883542,-522.1946733661063,-278.33620526014835,-784.1204409861942,-2807.4358345623286,-16.821512219813727,-1365.293181732123,48.321961397993576,-1212.8543554107916,-302.3846214968418,-0.0,-0.0,-227.65970717959772,-0.0,-0.0,-1949.1199133949751,-718.3348689890485,-0.0,-864.8590413900365,-639.4708549347154,-0.0,-0.0,-1794.7134220630383,-881.378558245994,-1644.1591492352024,-1698.0017097916307,-0.0,-110.39459916477632,-3186.9899012116166,-1078.91637135107,-354.3566297511565,1843.5968149604453,-1944.1303770919237,-1446.0921605959197,4.182063602424663,-942.8060276756178,8.761980014985731,-2032.6591255286467,-0.0,-3566.0384432037094,-902.0725221056504,-0.0,-1950.0776642620508,-1700.4490346174846,-0.0,-225.3688579521134,-944.9074495190937,-1126.566052315021,-1735.2451302632549,-861.0518657219529,-525.0365080820303,-650.7159617455094,-0.0,-172.05646690191,-0.0,-2857.5563966938644,17.915352924133092,-3732.475366047689,-893.8145489327653,-48.32555197775636,-48.07066750656993,-1534.008105018596,-1067.95015517004,-0.0,-539.6268162932903,-0.0,-0.0,-740.9668409671502,-0.0,-0.0,-0.0,-0.0,-0.0,-0.0,-0.0,-836.8791472654873,-530.7569583792686,-2917.189078017371,-2917.062560046286,-0.0,-0.0,-1347.4952790876841,-2188.695697990635,-541.8575248738997,-229.66333704867426,26.441987614306196,-0.0,-1517.6514925466868,-0.0,-2767.395007652492,-0.0,-0.0,-0.0,-0.0,-2064.260713900426,-259.94173330752875,-580.2418212816534,-1280.7506266269652,-1390.9739548881857,-1171.3845640004677,-824.4054168162988,-1345.2107129127382,-0.0,-0.0,-0.0,-0.0,-717.2947538586819,-491.1719347950237,-1650.8854947065306,-0.0,-815.573628143848,-6064.342955174897,-715.7080733440739,-877.1549843178378,-3783.122414678989,-836.804307420161,-0.0,-569.1548896015456,-570.329727311559,-1278.3126031638037,-749.1548857412379,-1751.8978116082862,-1838.764081657358,-0.0,-0.0,-0.0,-0.0,-1671.2987025771474,9756.35617336373,7250.814360902664,-0.0,-0.0,-0.0,-0.0,-2364.2264394356857,-1102.7212065832462,-82.18193449940217,-1694.0665749901304,-852.3551157265784,-0.0,-0.0,-0.0,-0.0,-854.1252846440542,-0.0,-1929.7589672269237,-293.58313383357273,-0.0,-0.0,-0.0,-0.0,-123.60668100308854,-536.6867317632708,-478.2152136756548,-968.7499199765388,-1079.291793859093,-1289.2928002217948,-1058.6120704614102,-359.5662615577618,-1566.6148397880977,-1862.6671359597708,-1297.746487598445,-1850.6940532935687,-42.348582899435584,-1409.5048202866383,-1070.799834029226,-1000.4207845069808,-1705.8905442996215,-346.05640111811385,-2908.237159933294,-1885.9763220059747,-2041.4206507733932,-685.217807072921,-585.9353473039722,-1349.1426103018223,-0.0,-1088.9497869084598,-0.0,-3634.8137678471803,-1010.8335416911664,-360.35564178297403,-1832.851184563912,-1687.3724968755776,-1273.4280483725356,-0.0,-0.0,-0.0,-0.0,-925.6464244217979,-3523.1048269630373,-1914.2184091948168,-0.0,-0.0,-1131.7367959603084,-0.0,-0.0,-1258.7697877567928,-518.3931951608943,-1057.69018472621,-591.8300867085452,597.2450119541196,-1266.5112291625758,-710.3758010978022,-1904.123324711855,-0.0,1484.0199285055876,-0.0,-0.0,-1150.6642923820898,-5661.2659975056895,-0.0,1638.2844350097332,376.9950756200606,-836.6424823005885,-260.70964334443204,-0.0,-1936.9213231180556,-1141.6765295542737,-2602.0561656884042,-2268.0566929678644,-405.1011090407003,-0.0,-571.7408687513068,-210.67704828592846,-0.0,-1317.279947558101,-0.0,-1982.5661186450268,-2803.966703742783,75.06301808641521,-2595.330660746117,-2174.6646067513657,-0.0,-589.7275560703481,-1498.2553311450006,-2513.5911678361995,-0.0,-456.7749659583626,-2753.3999415671606,-1036.701128916669,-912.8359041850755,-1071.0424666527842,-466.45616051688205,-972.825222923637,-1676.7731553043593,-0.0,-1082.9272539797864,121.52691924203802,-1358.1463088731969,-0.0,-563.4643175369381,111.2856824871585,-1170.0985006744645,-713.811551147213,-0.0,-589.2882817358493,-458.5387516622994,-2012.291321940132,-1284.154121636348,-1856.1359013901367,-979.7942834914958,-777.4043962993221,-1117.537735441001,-2166.6974939495985,-25.42727961038924,-0.0,-533.2577810931555,-751.4029163809793,-1460.1227242671064,-2301.9703339811945,-377.89855590143634,-773.6197295005343,74.14856862863384,-1032.0244988423433,-1308.1750252019654,-1007.4241827498464,-0.0,-996.5835390400206,-64.08283935556277,-2680.667397764217,-0.0,-498.31397071052163,-992.647543083094,-569.1826103135514,-2756.000625003954,-201.39206108742331,-1766.2989908269215,-835.5286076974394,-2721.7027226506725,-0.0,353.20955116629557,-0.0,-0.0,-354.43424253576404,-0.0,-0.0,-4204.984020741926,-34.26605458490811,-46.26288973926099,102.66401283715466,-1540.2614529394764,-0.0,-0.0,-0.0,-0.0,-0.0,-34.36343844759713,-0.0,-378.64354753083694,-0.0,-367.66565904978023,-1837.425005910221,604.2292836941286,-3051.2450560800944,-0.0,-0.0,-0.0,-0.0,-0.0,-0.0,-0.0,-0.0,-0.0,-3063.7813085109005,-0.0,-3145.941638545398,-3251.771316519484,-41.87275316504064,-0.0,-0.0,-0.0,-0.0,-979.200354091608,-1199.8541965176055,-0.0,166.86967136761072,-697.0437705394878,-2270.7592106664624,-728.3213733092733,-0.0,-635.1600127176447,-1100.0108073035194,-0.0,-0.0,-716.3409334330696,-900.3637184746582,721.193206118171,-572.7532650217245,30.233617849448947,32.05314256514123,-0.0,-0.0,-0.0,1921.1053325875507,1504.783513588649,1645.3872055008214,-0.0,-0.0,-0.0,-855.0435151308916,-0.0,-0.0,-980.6560550918991,-83.68367522582986,-466.311154792521,-64.38950139597256,-1229.6180561079073,-858.5686370311389,-1460.867687910503,-144.98138613630337,-299.02124774070035,-1285.439796602082,-0.0,-2577.5046941133337,-17.098994952360567,-1026.8566610713342,-940.9724854359133,-18.78573643380585,-0.0,-1333.602912956656,69.06726314255256,-0.0,-0.0,-0.0,-0.0,-0.0,-1609.40378615353,-3928.7135087689812,-0.0,-747.7690545203701,-69.23909044022777,-0.0,-0.0,-0.0,-517.6466961769738,-28.811884009557456,-0.0,-1414.479750373882,-769.2422064500622,-0.0,-0.0,-606.0070252376186,-0.0,-0.0,-1869.9213627491815,-1655.1989036047248,-0.0,-957.172024245382,-2299.091017133837,-89.77113181257361,-0.0,-0.0,-294.5875243148659,-908.8403819549012,-272.4945754826618,-207.76185416588902,-162.23881729231704,-0.0,-0.0,-0.0,-1374.099892503419,-1191.8007788664613,-2438.8643497723147,-321.70170463372546,-1493.6388981523085,-122.11774849948277,-190.42104817068108,-562.059666243998,-2083.103539868316,-0.0,-0.0,-1751.0256729240364,-1959.7833979293664,-0.0,-0.0,-0.0,-680.7086108863333,-2215.538040350633,-3818.3554428346715,-0.0,60.45411199676446,-212.92966707923347,-734.122996638781,-676.5406992656036,-2247.198833199586,-0.0,-1727.2909077022612,58.02756704852504,9.601766801381,-299.30473801302423,-0.0,85.99216536883823,-312.6758668990038,-520.656338015498,9.346334788700396,-0.0,-0.0,-847.9965299466184,-13.162840280255109,-0.0,-1545.1113642464134,-1061.288307664667,-1363.9526897643505,-919.9488883608344,-1418.2754973536642,-1726.7179548328681,-0.0,-0.0,-0.0,-0.0,-0.0,-420.00700033979103,-700.3381188812216,-1371.9737059869603,-1474.2143015965144,837.6290977797295,-1684.9490863297553,1876.2241506484593,-0.0,-2415.413229658099,-1892.7118866837877,-899.0209157142824,-35.398995529997315,-122.54285394685701,-2479.7269145721702,-247.36083681267075,-0.0,163.19700126728068,-1074.388084541599,-0.0,-0.0,-631.347898746177,-427.8996354958858,-476.507432372438,-1362.138416773363,-1779.4318365058111,-0.0,-1695.3037260996002,-1410.9072422336612,-5158.433698067621,715.6453735137917,604.116207577506,789.6960161744663,721.0541573003788,-0.0,-0.0,-0.0,-0.0,-0.0,-0.0,-0.0,-0.0,-655.1099893175559,-0.0,-53.88740395332114,-48.77565113857461,-0.0,-1236.8545715421074,-1477.9568972050565,-2175.336728639776,-0.0,-0.0,-0.0,70.436599709027,-3649.774582937273,-708.8035302073501,-3073.9943747829057,-1980.0834661459721,-0.0,-0.0,-183.29087021619233,-1435.4504522824377,-0.0,-2536.4983588534164,-778.9919881399533,-0.0,-0.0,-0.0,-2385.062399043372,-0.0,-0.0,-0.0,-0.0,-0.0,400.7807048930051,-0.0,-0.0,-0.0,-1076.9455272735017,-0.0,-0.0,-0.0,-0.0,-0.0,-0.0,-0.0,-570.9765102774487,-1128.6812095327903,-1532.0885456052772,-1777.4218729514005,-640.3632684393212,-1250.9987197929868,-38.73028365261159,-0.0,-715.0913911285776,-51.723179797059224,-0.0,-0.0,-0.0,-0.0,-917.8994482981269,-0.0,-612.8024553325454,-1481.056123218422,894.472450352003,729.042056717044,901.2335436764811,788.1188037818507,819.5115444269426,-0.0,-0.0,-0.0,-0.0,-0.0,-0.0,-468.6313908057355,-0.0,2354.672132915786,1103.340945381498,1295.5169003340773,-0.0,-0.0,-1468.969892444802,88.18973058407225,-67.29321947927416,-2527.118186368005,-0.0,-1887.0980766708715,-0.0,-0.0,-0.0,-0.0,-635.5750338929485,-0.0,-662.8338865518651,-659.1499566763148,-378.46015520389415,-0.0,-16.227552009754028,-0.0,-911.8389137037572,-0.0,-2590.581025427131,-627.0473255649337,1862.4271629614848,-2344.3122084911447,-960.1857064922467,-82.1587058005555,-941.4707565740099,-0.0,-620.8264785971529,-86.75380115294911,-2633.432503736501,611.0376286024999,103.55807422661283,658.5760242031685,1349.270201023041,-0.0,-305.7220600755168,-28.804485832453818,-1356.1705752641724,-1139.093245237326,-1612.071656986977,-1986.7756464957909,-0.0,819.7054761322667,-0.0,-451.82086166107183,-3007.882211654809,-1340.7018234753998,-0.0,-1604.4288410137453,-467.1137447745915,-677.7736905334401,-744.7900573868102,-346.0654273981019,-1520.9427704496754,-0.0,-2167.7504496827014,-496.2566188532617,-1580.4360964935593,-376.6932719522828,-0.0,-0.0,-0.0,-0.0,-1338.7239454015814,1199.3497931249908,-1158.0788521169611,-790.5164238966679,-0.0,32.83317411797339,-0.0,-0.0,-900.9657452218676,-749.8456482295292,-781.8989917935334,-788.243300533843,-0.0,-0.0,325.3178228628134,297.3900934042265,660.2987968646179,-0.0,-653.3538278403632,-2061.102470644472,-1399.8330844600023,-4.637322022283795,-1740.9524155620438,-0.0,-0.0,-0.0,-622.8794882769782,-1076.2614683574445,-0.0,-1526.036301175774,-0.0,-3096.6037617937627,-4227.105976184147,-0.0,-24.46001629673259,-0.0,-859.6683815122469,-0.0,-0.0,-0.0,-2288.8443944326555,-1120.2901710625888,-666.8538530589877,-871.6905003756515,-0.0,-0.0,-2518.686468659731,-0.0,-637.8426708188404,1159.6984115230782,-1144.9716087900665,-884.0352002041335,-673.855796695615,144.61627850598117,-0.0,-0.0,-1455.5345739887262,-0.0,-795.183603830101,-81.54609296216223,-426.365615853082,-348.41932693977765,-0.0,-0.0,-244.5588927379547,-743.9926002747495,-1154.5661048246911,-625.0982979677048,-1166.8899650586593,12.563318644572048,-0.0,-145.1753530223721,-2076.338533573394,-1345.8321849353526,-0.0,-0.0,-0.0,-640.8455473025884,-653.2098231465237,-1490.3636425159539,-0.0,-0.0,-0.0,-0.0,-0.0,-1648.579738712767,-781.5824650641722,-0.0,-610.215434445741,-0.0,-19580.644554706334,-865.2061950361662,-134.72806253731775,-769.5493565889952,-0.0,81.01831688634816,-1299.3136365054916,-2698.3896039711262,-0.0,-0.0,-0.0,-832.5452753009478,-519.8797522139766,-1098.3752239949608,-1037.3192180001508,-585.2540864261351,-0.0,-0.0,-1796.9515359616864,-617.0424754256161,-2554.7557403619057,570.0588699677337,-2335.8104384210246,-0.0,-0.0,1914.5321623247248,-1698.0559811008895,-0.0,-237.41817546538388,-410.23098294833403,-714.2924969911276,31.34281427703554,-832.5626649536522,-0.0,-0.0,-1316.8421070633533,-1566.1603936459858,-3201.036273956254,-0.0,-0.0,-2468.8053530862335,-882.9322505678093,-946.6862848888243,-2559.4619997804753,-1718.0387693905168,-0.0,-0.0,-1233.872055319594,-0.0,-83.42329987539439,-1700.5242488742213,-1832.698582238091,-0.0,224.58476919338682,-820.3646553983107,682.2063799957795,-266.20776358393863,-270.71205030275786,-0.0,-501.93702169186923,284.9309323701543,364.39766372624774,-425.5180437454663,-2669.157137595326,-2099.3571392817976,-91.12208433687597,-5336.550943779103,-714.2299207959555,-1232.3622182792285,-53.37191537996179,-3856.0990399737448,-372.80251949740517,-733.0809894106351,-295.32796426732625,-2045.4847855443002,-1173.2478228296284,-3533.9887660928084,-6094.510781205704,-91.33148266422802,-749.3406903527302,-1646.0521340975517,-1341.0352935672108,-0.0,-3619.887851495412,-0.0,-323.3481448933876,-1904.4403288168244,-1340.840031238262,-0.0,-0.0,-988.0896241323634,-275.22762288065974,-0.0,-1573.624537768489,-0.0,-824.9985715437815,541.466498613565,-2495.704094358662,-524.3152693829846,25.887411869014517,-14.468994961223343,-0.0,-2235.375653159676,-637.6250054227503,-0.0,-150.46172013237728,-0.0,90.80502439917313,-178.221139894458,-0.0,-446.47151093034597,-1517.2670299662789,-481.38969497908363,-983.7788071540942,-2137.1864205679976,-0.0,-4028.2643932883616,-1906.867598693861,-3074.106269559171,-2552.7565665396905,-92.69757360617801,-260.3396410399542,-627.0888325293234,-1468.6884239095864,-0.0,-0.0,-1289.9518916077138,-202.55029891885997,-0.0,-92.3714670949564,92.41809589833056,-2440.2150791857407,-0.0,-0.0,-1278.400109783957,-0.0,-97.11663475900802,-0.0,-57.14460114106018,-171.85554497388264,-0.0,-432.62695504714645,5932.9572283357065,-0.0,-0.0,-2894.45175213318,-761.3480847948905,-253.2710328292466,-0.0,-0.0,-0.0,-630.0489910402184,-2277.1438390551943,-0.0,-0.0,-0.0,-2240.4823936810963,-0.0,-0.0,-0.0,-1645.1181637354916,-860.524865445455,-326.4854582739678,-464.9338324349673,28.785628540119657,-740.1618399568974,-423.0157300608986,-212.05628263666074,-2604.397285543248,-0.0,-0.0,-1328.0089881881463,-890.7071642975935,-2791.5900919738015,-0.0,-0.0,-2553.8841786068156,-749.8908260668644,-1435.107941947319,-413.8860695733337,-715.5933189861622,-2171.2615766801678,-866.304688523904,-85.61731666192718,-958.4609267057805,-2358.1097417332903,-1693.5074822964868,-1398.8845006564095,-0.0,-611.1539578377804,-0.0,-1964.0953770983285,-416.5948705226918,-217.79704864886486,-778.1626423098849,-793.4326086952991,-13.000256101808992,-0.0,-1188.0525348075164,-630.466993070295,-49.18408640912999,1590.011566347909,-83.68997553502129,-0.0,-783.7846731587274,-553.0562160975587,-0.0,-819.9394892180652,-1741.25723757988,-0.0,-0.0,-0.0,-0.0,-482.79492434717565,-972.4379532549168,-383.08087373956863,-537.0580320121021,-388.57715611808544,-1778.5791037375152,-808.5889494217648,-1386.5959187354347,-2865.1006648783937,-1939.4933097419346,-0.0,1087.7361059180596,1039.3614361174245,646.8873268284868,873.865803949652,452.7731780258998,-0.0,-0.0,-0.0,-0.0,-0.0,-0.0,-0.0,-0.0,-61.34182540192918,-937.9273264023318,-546.7366518339934,-297.46829231549793,-1189.3196280184936,-112.91169600708376,-387.12745856424397,-1267.4112450677194,-294.410550042047,-2121.345059538674,-901.4571596758493,-83.94090694171206,-424.75914632666695,-29.021277378431037,-0.0,-584.6330666026164,-175.2527125809292,-258.7783470201928,-841.6758053015103,-322.1096184073413,-1767.2968343074365,-342.39310831656024,-0.0,-0.0,-2199.5763813802073,-566.8011216358858,-377.2820055879582,-546.1979239289091,-1083.5178010460766,-448.9433404305331,-423.7000127389657,-0.0,-750.1166647903731,-855.1156859268297,-762.596211177238,346.478011323244,-1520.5887588264993,-2186.9262583615023,-209.41245140530927,-804.4886256255953,-817.4746687874878,-13.873438294303929,-0.0,603.9211374731293,-902.2430539611471,-37.77919547105762,-2124.807357147594,-0.0,-0.0,-1246.716854801314,-501.5451413188923,-0.0,-587.5574007013059,-726.9220834096245,-888.0179129934526,-0.0,-769.6495737241161,-558.459674044493,-2366.0898805443185,-4680.6255159708635,-434.93677683097184,-0.0,-98.37230477708958,-456.52139368292,-1775.1180916191756,-246.8844951089493,-622.814173080619,-821.0029515136723,-768.4885781761359,-366.1257436006293,-0.0,-0.0,-1765.3844372546055,-129.79580128374855,-475.160203244579,-797.9936870838441,-1335.8527724346523,-2782.375603886246,-0.0,-593.9544000054781,-0.0,-0.0,-0.0,-0.0,-0.0,-32.001827317802146,-179.42955376491506,-390.26813912324354,-0.0,-0.0,-0.0,-0.0,-0.0,-0.0,-1076.8346331058522,-2220.728030896412,-420.9258125610381,-594.2497224048848,-41.87569106423625,-0.0,-0.0,-426.05647616541927,-0.0,-0.0,-138.33933150044447,-3174.446132856371,-0.0,-0.0,-1700.1080672564574,-630.2623699290862,-1117.6934498239389,-1170.070375896563,-693.6648031316505,-0.0,-0.0,-1279.3893098614928,-2085.0028534245594,-969.6509418872627,-0.0,-1183.9961562480803,-0.0,-412.4922531291947,-830.1742082074014,-0.0,-765.6338586548712,-2058.013884198805,-0.0,-1908.679877344733,-194.0237207975943,-589.0365045276862,-1444.1097816692227,-207.6614854760664,-1341.6610003628007,-0.0,-1190.012476362121,-29.419514747925273,-2132.1621067459305,-2072.018942308631,-0.0,-0.0,-0.0,-0.0,-774.8722865615323,-819.4285430031408,-0.0,28.945734241582937,-404.41618728483587,-844.4498893402777,-2368.8183896062615,-2528.362906442691,-417.7088883959867,-0.0,-1403.7073754990647,-819.9983147706877,-2091.0097924810702,155.46638853523862,-0.0,-3993.439549294697,-702.266299655531,-0.0,-509.76360460277857,-1681.421183161586,-0.0,-0.0,-581.292203249352,-1411.1805219486646,-0.0,-1085.656812310488,-1405.363977479655,-44.569161886579806,-90.23086094519623,-576.0842361225177,-0.0,-1587.3048498379485,-2804.635455906448,-1320.0401186734648,-176.38373208835785,-2265.3964750970417,133.7183963652778,-1018.8374495722029,-589.7650531110793,148.5773925519038,-940.9898593745636,-1592.663402420151,-901.0669018074399,-1642.4628145174404,-488.6476051110086,-644.3087922130262,-765.8102201493539,-1802.0667857999283,-0.0,-0.0,-2000.6088864516425,-359.2049628023416,-0.0,-1615.7898205370902,-1269.6536926880563,-0.0,-3143.971518005053,-601.7219299049358,-0.0,-770.5110720025292,-0.0,-0.0,-1230.9869244447177,-1297.411615044599,-0.0,-0.0,-0.0,-937.5545941467517,-4.907460144975859,21.445900122312583,-270.4379227973214,-0.0,-2274.8916469709516,-1795.9532758531764,-610.6634970766459,-2259.8555975870245,-0.0,-61.304377661361755,-962.4701866307764,-0.0,-463.42262675010323,92.73260927154313,-1602.353209145169,-1055.030336531787,-770.0127629977113,-1356.6394928090722,-0.0,-0.0,-0.0,-835.5226597752337,-0.0,-444.1797758631125,-1021.6453574460799,-229.65224018643232,-1260.2490277623,-2105.1136537221455,-554.1074026527276,-2054.4055806845095,-0.0,-1223.677062276767,-750.0661971909708,-583.768075305645,-1255.1530935673766,-349.8672006824352,-567.8157783897794,-1431.4574066575437,-0.0,-0.0,286.39057219073607,-3047.7059381827044,-1087.6406379503046,-304.37618457566066,-0.0,-343.81768962357756,-541.7680299678609,-770.673237733555,-0.0,-0.0,-920.2299147463439,-0.0,-24.397149681411467,134.4051745886953,-142.70741151401438,-2291.9511871896707,557.9354081209116,581.339767597373,488.5011682528747,649.4182187287029,51.89493612516736,-0.0,-686.7309829209432,-824.5989534875213,-394.6898091418394,-10.805089458021197,-0.0,-0.0,-0.0,-207.0276680842439,-13.362319535386504,-1160.679660463967,557.1808908238617,2634.459694082751,-0.0,-0.0,-0.0,76.03388757140978,90.30661118843386,-0.0,-3345.8188064297633,-0.0,-0.0,-0.0,-0.0,-0.0,-2435.9968525553036,-305.02617777253954,-0.0,-467.3678896848714,-2185.78463822487,-182.86146097850127,-356.0691334380486,33.67370368569844,-2061.240066588949,-4103.060412479509,-1818.8411631623367,-0.0,-0.0,-1784.432365506722,-1105.9391392158145,-786.9463972422685,-522.5700487710944,-369.13105833186916,-1061.869609305028,-1095.5574654324332,-5360.961465065874,-654.7812319991201,168.3961251356349,-844.8008745234933,-1002.8879836017433,-705.0786803828823,-695.3927754396464,-8.353054757876095,-2072.2919869802313,-889.2963295181048,-594.1307543150418,-0.0,-0.0,-0.0,-0.0,-273.17188276835685,-1321.5667658611817,-0.0,-1433.888500033308,-1520.7835131560769,-0.0,-0.0,-1583.79950199518,-0.0,-0.0,-259.3522102274951,62.25427131976067,-0.0,-0.0,-3211.829638487952,-1254.0034688869744,-122.23285236939002,-1082.2496659199837,-1323.81516256707,-0.0,-345.84862279804463,-532.9148612106113,-0.0,-1667.0426649468357,-394.8523199522924,-1113.7951217686611,201.4285159834763,-925.5695774836763,-246.4496618271358,-255.98626424065702,-59.594661655962135,-41.387688289974896,-687.9920457439798,-881.0393689504202,-483.1613302771707,-895.4966516134458,-0.0,-60.64635458182897,-797.0108557983176,-190.77796893849217,4.599880796818093,-0.0,-1274.8273804813962,25.94244976931629,-1205.8951736604004,-0.0,-0.0,-0.0,-2144.723144776591,-0.0,-0.0,-94.44366526790805,-0.0,-0.0,-0.0,-0.0,-0.0,-0.0,-716.5171898700165,-1507.9899236188578,-0.0,-0.0,-0.0,-0.0,-1049.4770056163404,-560.5514903749048,-0.0,-0.0,-2038.2478576255853,-0.0,-1482.4528475297516,-2976.923657206591,-0.0,-0.0,-0.0,-580.9455586648411,-0.0,-0.0,-0.0,-1115.7538764728517,-761.6895712702575,-734.768258511981,-0.0,-0.0,-262.3223866450663,-0.0,-4317.783000094839,-6210.273136552518,-0.0,16.47665588735302,-0.0,-622.1852342627874,-832.9665313707364,-2072.7831056633927,-0.0,-0.0,-117.5450532732454,-785.1459557696693,-1523.8366800562296,-740.6178925404474,-441.45074436688583,-0.0,-0.0,-1178.1232266749823,-1210.9430883468638,-51.004652893746744,-0.0,-0.0,-761.9317618594084,-405.37134134028923,-92.22016246828045,-0.0,-0.0,-0.0,-2317.2938731671165,-426.84855461071726,-1440.8486459124153,-4655.889141453196,-0.0,-956.2716682021436,-1241.434454069456,-2567.3859494561784,-323.32762786893903,-0.0,-0.0,262.12497402529266,-1313.3046626121686,-1827.2148440284939,-545.1834824880349,-142.6560420395888,-28.812008511344885,-2046.9946017245368,-509.83284661239844,-1806.6436722325652,-753.009797863855,-2572.540992900433,4.135388359498701,-1042.3756910027303,-847.4979656211505,-2198.9541034445897,-0.0,-0.0,-861.8563473640638,-1923.8113031416028,-2010.6500460092639,-1111.510691178313,-0.0,580.5170391729116,-69.73869072902313,-516.9528954104055,-0.0,-24.734680918683726,-0.0,-3087.371743637798,-64.95702214207101,-0.0,-0.0,-851.7533930809527,-1198.639162716774,-937.0269469432733,-329.6494181951455,-718.8629671442559,12.722666350035762,242.49726472533746,-887.847042891541,-29.000335188366275,-1682.1318452296093,-0.0,-1779.6325685340355,-123.07996982974034,-717.821979291533,-397.150755547267,-25.031088374228034,-48.014268548337625,-24.271351886036292,-1446.0723478826544,-1046.7824149309724,-1549.5608892948298,-262.9708539902094,-1496.3406463415308,4.895824488065438,-0.0,-817.3289878739166,-3236.641339579925,-0.0,-0.0,-28.453481899357794,-2200.834950278731,-231.18155007539343,-711.3934046859005,-414.5577030185964,182.64843259206148,-0.0,-0.0,-1336.6071081104062,-0.0,-0.0,-2166.194866725552,-1846.4984297162255,-1001.833414913226,-891.9266377606244,-621.6340639941993,-1055.7051630634653,-847.8173346951086,-1319.6232715471094,-2768.040243929202,-0.0,-0.0,-0.0,-0.0,-323.0072623728807,-0.0,-2163.139530193348,-676.309480048434,-890.5370216894266,-1082.582233659227,-565.191808961273,-0.0,-1810.709958575344,-649.7906669402468,-0.0,-2827.213157478908,-1566.9468099598262,-0.0,-0.0,-3127.44180268305,-2215.4201084021693,-438.22107764080005,-883.686659309514,-0.0,-510.27908890299403,-392.3739890720138,-0.0,-686.870398211787,-576.9949633116072,-594.5808478572878,-0.0,-0.0,-0.0,-0.0,-468.29692691681623,-1401.3278511089468,-6552.6042612592355,-0.0,-0.0,-803.0220360060729,-851.218870635363,-2190.5150776391015,-691.9769505616523,8.27409149077402,-586.3839997510398,-0.0,-795.7332907110348,-621.7696352191967,-0.0,-518.5213783317537,-1262.1526562105573,-0.0,-0.0,-0.0,-0.0,-0.0,44.91417217856506,-2366.673253735977,-0.0,-1377.514632979874,-987.6004993019654,-4.800241374956079,-2213.0802269149917,-929.5574051946943,-1142.9172412146777,-1429.6284926010464,-87.12776812982484,-133.3081050342999,-1350.7404569740022,-935.6409544971418,-718.6757817317834,-0.0,-1731.5925183037461,-1347.0132858858694,240.19678138569887,-0.0,-654.098165915675,-871.5480793533437,-1034.4816571562394,-85.15811041722085,-0.0,-291.4393065177834,-0.0,-0.0,-2619.6935066670053,-2503.6199247767813,-2131.7110704856764,-1773.1196446085046,-0.0,-1169.6100622584447,-2135.021629490379,-0.0,-5810.777963476863,-0.0,-0.0,-0.0,-0.0,-1040.237515912251,-2562.04340472308,-2605.71689705492,-104.80293226997324,-2289.11735297318,-0.0,-1085.4174577136496,-37.17995984825047,-0.0,-73.7340996483483,-616.8939021626915,627.6952004171659,-0.0,-472.748182787531,-49.55029504438927,-0.0,-1531.840591139091,-0.0,-2136.4514630821654,-168.93866143963106,-0.0,-0.0,-1193.4727009219764,-1980.7272495499374,-1165.4095113572275,-1255.2810747109836,-1520.729241800648,1673.625084000797,-54.11587869223699,-938.5080898982301,-37.6559907621361,-2304.7987834032515,-987.3709675199988,-923.37442987609,-487.29420101912484,-1797.176441519721,-1861.30897649099,-454.8742323946644,-2732.7204193020825,-390.5206305798065,-0.0,-0.0,-58.65356177492924,-0.0,-0.0,-0.0,-0.0,-0.0,-0.0,-1639.1172728305924,-685.4220503537509,-1444.963659257002,-968.7024697939577,-0.0,-745.1452875434549,-1479.880994139167,-1307.1448970155868,-2199.212752932946,-1375.0310245327044,-92.92337497728724,-195.0177575587796,-1165.6946077989226,-1640.1608262080442,-0.0,-0.0,-0.0,-78.21116405356791,-965.1059768278535,-188.71119618070594,-583.0835298617775,-1160.810080883767,-0.0,-0.0,-0.0,-4378.1012805433165,-0.0,-145.94117527678802,-0.0,-246.03973915962231,-1421.747983705524,-1312.2151570541787,-899.6294135970455,-0.0,-46.38333787459653,-675.3873091721304,-731.3123150235713,-599.698369570373,-0.0,-1188.2990929843295,-0.0,-0.0,-3467.476824077713,-0.0,-1458.3873644019925,-670.2460095879928,-459.2531344701656,-300.9498332824115,-1510.3264364891731,-3293.5326999071717,56.54594375406206,-2190.6091455313012,-1984.5752948796528,-569.7965054318853,9.303841619153587,-0.0,1614.7604142387013,1251.7087885463156,1383.1902172446237,-0.0,-0.0,-0.0,-1017.620856102105,-0.0,-329.1321356873635,-242.96046925591273,-0.0,-4384.170954728067,-0.0,-1476.3784417993822,-97.6034775612904,-1195.8798395464778,-562.1718654383496,-1640.8799166978276,-1320.221099403594,-0.0,507.99652773763034,-2916.191362322106,-1786.8235847275384,-567.2462274945286,-1501.2655371323926,-2144.7716974150194,-0.0,-0.0,-287.0215632772836,-791.5421578732493,-2224.303617027783,-924.5104361690696,-42.449853902526144,-0.0,-0.0,-767.4095422637989,-0.0,-0.0,-0.0,-228.4103025848885,-1610.100489066454,1681.9507749304764,-1540.9755288864826,612.8080072229716,-864.4518679480175,-1077.7979049504033,-14.547575477451328,-5722.081647688873,-384.6141888332356,-0.0,-73.51943929588535,-2456.995995253058,-1806.150586606465,-0.0,-34.30634568198069,-0.0,-655.6643910779277,-30.17879045458383,-2219.1971300014593,-1598.6453997920514,-0.0,-378.41859840266454,-0.0,-0.0,-0.0,-814.1861364406242,-1171.7245454438798,-451.10148913257416,-1356.7916602001449,-2046.2649571723157,-1079.9861883423382,-481.2171741922766,-480.9552792101279,-140.9532977335636,-1965.799347222099,-705.5632324068253,-1028.040201996477,-1529.7919221045722,-1795.6249661381307,-1439.4754925692828,-361.4367547312746,-1677.3058866521744,-0.0,-0.0,-0.0,-2759.2889177422794,-0.0,-526.7218772066321,-1372.8809260879593,-12.218055570853942,-970.9121709260144,-654.6772882185469,-1059.4532301936772,-812.3102376725918,-234.48071054382189,-2251.635613604878,-5176.245492268768,-318.60677535704855,-38.66814543695802,-0.0,-125.47858529632346,-8034.394711954109,-2270.218098744262,-705.5469713128297,-2498.3098650872375,-236.31482505695658,-0.0,-26.16185156282329,-779.99379286397,-143.94702324659207,-1375.998920566263,-1174.4934714859814,-212.68331782634422,-0.0,-784.6597469467386,-2361.9225982983453,-2186.296613472384,-1849.5544440786994,-0.0,-1729.9523130564817,-0.0,-53.500930740017914,-1174.5862548841626,633.1409943099425,-0.0,-0.0,-317.57540031757384,-1162.5377237285466,-827.7515422303579,-1407.2234283403284,173.5935198974138,-1540.3239488667584,-136.39274267945623,-394.9521942578027,-2353.886645390045,-2181.823362228226,-421.8251696234081,-0.0,-0.0,-0.0,-0.0,-0.0,-1953.8173546315816,-0.0,-713.1861762110249,-902.3568617890937,-2756.7119308492265,-0.0,3.8610680178162995,553.2049809382806,2365.9430931072907,-677.9191611496815,-1471.6946253788205,-0.0,-1745.426030082586,-4288.716415302094,-847.7431208007312,-5955.400638793145,-1438.289114127199,-0.0,-899.4456878789542,-2744.7322761583855,-218.98078038365307,-0.0,1253.9449834970271,1522.5002505295881,1386.1635030415828,-0.0,-0.0,-0.0,-0.0,-102.30499020941288,-2915.4445012302313,-96.56668795774786,-0.0,-2227.2075550303052,-1293.739184349793,-555.4968293936389,4.574859408110936,-0.0,-250.31642106208957,-987.8414587637363,-0.0,-0.0,-52.77547801895723,205.4310721073958,-2342.9088485512393,-0.0,-972.3176440886023,9.571151279010124,-96.67292120117978,-0.0,341.6005475336172,-112.53747675897017,-625.8483478148875,-2220.8543034986164,-0.0,-72.41500131375852,-1256.795125779857,-1110.5396012669414,-45.14279637369978,47.22913236201803,-0.0,-1455.820180844043,-893.7142813407437,-8.1747034754969,-0.0,-0.0,79.34169280469122,-278.1703394476742,-203.44917069397434,-88.68820112732378,-12.87855236645091,-177.9386061105293,-765.401463966527,-1086.8119420305213,-607.8289799108758,-0.0,-2339.9185639981843,-975.8154882835493,-0.0,-0.0,-1260.7619246155962,-2499.0809291373685,-656.7530454609698,-8.731783080473573,-3117.9441441717936,-132.4792396507029,-88.47243368481583,-1255.3857504342097,-0.0,-424.5990702951086,-1577.374467226315,-4.78844843307085,-0.0,-3767.735567725928,-160.29158811673423,-1688.6208664544165,-1176.2172468522153,-1451.381554317486,-2877.0828941973487,-93.18861530542246,-888.7286981033832,-2029.0027596267375,-1483.948410423805,-1228.034395922534,-245.22684139450328,-2006.1931429620693,-0.0,-3428.441125955236,-0.0,-7081.778236074285,-260.27278049745877,-97.12630191120604,-1662.2376945577805,-0.0,-0.0,-0.0,378.59120678905964,50.545957251195254,-937.5483053555622,-1560.9507225573184,-529.3944391574328,-1374.8336838463722,-0.0,-0.0,-1524.3611925316404,-390.5262221142415,-548.4493006247334,-179.9190021664063,-0.0,-1830.344728280305,-355.96306348512496,-2192.73872807742,-0.0,-38.71110321538413,-0.0,-1962.9548859915883,-842.8220280426349,-1618.7878637737222,-0.0,-0.0,-1937.823136078442,-613.9324829931376,-850.9236281779022,-1704.6490137804549,-499.83332031733534,-1372.0044691774747,-0.0,305.12547282682874,-1265.2351367583249,-4433.176525496742,315.11060734245683,-1639.1774200050056,-8520.283965031267,-753.9799437430119,-748.2827308428592,-251.8260096299049,-247.5896957557724,-1162.775530033029,223.64316709826565,-244.6904679358104,407.4323891609864,-1198.8674487245016,-610.0967943595066,-0.0,-1444.631507934649,-1894.9214332130232,-975.652884104814,-423.395681554809,-0.0,-0.0,-36.96672687442789,-1151.045883216694,89.2951633510968,-2496.0113148983646,-0.0,-0.0,-564.7174674704854,-733.7903467463497,-1263.669256502099,226.9709631695595,-2830.5660855853753,-1677.380526593999,-1420.169695171078,-266.6534415667308,-0.0,-400.66195488683604,-0.0,-775.934877790136,-26.60869417440257,-1729.4551202195985,-524.566447884611,-1094.5473187327375,-444.67850186975113,-394.0132676476954,-0.0,-1348.8129801189864,-775.135813698369,-1377.4554930030108,-0.0,-3464.0656144974096,-1492.2400592799756,-1576.3687782479321,-1062.792734773784,-1228.2677581543537,4.235787839041989,-2365.171747533376,-782.6878701275998,-1335.1980164801187,-2130.67608100265,-349.9230230721567,311.5695994719923,-1116.8511740131785,-0.0,-0.0,-23.919424985473317,-61.420181890691566,-20.28906854352448,-267.46233825483444,-0.0,-0.0,-0.0,-0.0,-0.0,-0.0,-0.0,-0.0,-0.0,-0.0,-1391.9595222067605,-2777.9176602646785,-2427.9150301517666,-0.0,-0.0,1687.946573488693,-575.5156745633309,-0.0,-466.6412396403762,-507.7823335792958,-1061.1370640599864,-1052.7779086426217,-1345.9433584101928,-0.0,-843.5451436905166,-437.9917387684254,177.43858601920724,-0.0,1026.2726028148643,-0.0,256.82337219995696,-0.0,-364.56877719031775,-0.0,-481.7457422057923,-1192.6500171854007,-1986.7740172613533,300.8860057022685,-0.0,-0.0,-0.0,-0.0,-0.0,-452.068496538056,-90.34290176891376,-0.0,-0.0,-0.0,-561.6563424460576,-0.0,-42.76243171822293,-705.5583330013826,-4027.0784053053676,-0.0,-1491.923048388515,-0.0,-668.7444839048288,-0.0,-0.0,47.19703635616174,-0.0,-166.57780524677153,-0.0,-0.0,-0.0,-1184.2056608848065,-1903.8885889702312,-0.0,232.1699604393887,-2436.0387657779725,-0.0,-84.81943016319086,-308.68244318254324,-0.0,-0.0,-1761.3744865425222,-0.0,-955.0109952296846,-1372.6763627242715,52.28771989731671,-3398.501059740832,-1767.384842114349,306.5425815485441,-875.7959316310028,-0.0,-1132.525243009362,-0.0,-0.0,-0.0,-4218.953002538073,-1022.5208425748805,-1674.056630317637,-0.0,-438.28820252449714,-4.845756077905589,-1441.4526454715567,-2220.9149488151693,84.8136475323495,-3375.014484566176,-0.0,-1765.2256705625723,-2576.642648195289,-0.0,-0.0,-0.0,-0.0,-2646.3515993502056,-192.92916322665565,-1735.2914233998815,-0.0,743.1438827320221,1238.0469812161132,-0.0,-0.0,-868.4007111922049,-1085.3498517683026,-373.9992065088613,-21.53817730082696,69.19023539929539,-0.0,-1461.14923266461,-0.0,-293.3271559056647,-1334.5442458114505,1499.3111161520142,-0.0,-0.0,-0.0,991.1756110085668,1098.0214380775587,-893.9403460832306,-0.0,-1541.1530511699711,-0.0,-1162.2087720805957,-677.7596297866754,-0.0,-0.0,-0.0,-0.0,-0.0,-60.97156758385338,-0.0,-0.0,-0.0,-1240.3204543303984,-318.5462071448833,-0.0,-0.0,-0.0,-187.82585272806853,-87.44757147609394,-687.6726281909255,-778.6550949006396,-3181.7018918126328,-1469.7904482146623,-1209.7430553409492,-0.0,-3307.088533942703,-41.15620638383883,-0.0,-1108.9733496957185,-2562.8095317479897,-857.6694174847139,-501.51252830771256,-1204.1751799351862,-300.0619847694539,-718.665113575216,-799.6514764268754,-1188.8020629633545,-298.62746458787177,-1861.6557371329345,16.7405673799145,-428.3552957445969,-0.0,-0.0,-858.771350729999,-4138.215173863488,-0.0,-1200.0224823754709,-555.6170851721802,-0.0,-414.1668587374187,-741.085311171225,-751.4534372356519,-272.2145970358832,-0.0,-0.0,-0.0,-0.0,-0.0,-46.778747947541135,-0.0,-686.484507412666,-0.0,-0.0,-819.7889481853604,-1203.447712208242,-2935.474506711891,-484.84015634735124,-773.8128203667429,-114.8289023518481,-2101.8015534879987,-0.0,-1065.9426348962497,-610.3144149718552,-531.7137420181843,-1468.2778494777647,-1018.4936944286162,-1925.587437772143,18.632976015212446,-514.1475100935214,-0.0,-1219.0281035894548,-1213.852984718316,-172.49243962588596,4.147796784002285,-2635.6089842131687,-1450.958134655875,-807.046601241524,-0.0,-665.7980337840011,-780.2416911956699,-583.9917543747611,-2721.496176778194,-4.05437604889237,-0.0,31.930806759998344,-0.0,-0.0,-287.43088315971244,-4269.613188020665,-214.12529964909209,-1598.672152845149,-4189.539057273613,-0.0,-5021.757016243792,-269.4764804706699,-2171.100305153235,399.80581667394796,-0.0,1722.7606639406715,-984.7527997168258,-0.0,-2158.3174647929986,-0.0,-74.53350677850578,-45.31165077892914,-0.0,-0.0,-0.0,49.100636710978684,-0.0,-0.0,-0.0,-693.1565138596086,-1555.3092444241775,-745.738194411182,-0.0,-3819.572421775357,-0.0,-0.0,-0.0,-246.3349868284286,-442.29996785358406,-0.0,-2142.138852139552,-0.0,-0.0,-3762.647141858315,-0.0,-24.342427710636457,8.269261227746133,-533.9088928013017,-21.840978682311047,-0.0,-0.0,-239.1976811977556,-0.0,-0.0,-1453.349455170908,-1199.1197164556281,-1744.0022851725141,-0.0,-291.4763319958576,182.77264642392694,-399.90949796271315,-16240.506891314944,-0.0,-646.8337362232154,-1422.2997926761404,-630.2885280359739,-0.0,-36.73549918205735,-17.654904817323356,-294.3840258606409,-1149.8287900427674,-0.0,-0.0,-0.0,-524.9151238502424,-3034.4621272523004,-1447.2221392999309,-0.0,-0.0,-0.0,-386.30821169276487,99.31006349834371,-8.767049718099468,-1507.0881644468554,-0.0,-0.0,-1104.8536666885777,-0.0,-0.0,-0.0,-2986.6121125460327,-1098.076289802073,-0.0,-1206.305792504059,-672.3182421372098,-274.77308238324576,-776.6629733972576,-1207.2515479548815,107.32524129376459,-1472.0261702015212,-1295.2014662033446,26.98489031696726,-2105.377291633862,-0.0,-0.0,-0.0,-0.0,-524.084605557497,-0.0,-0.0,-621.0426819878246,-1150.0646004481446,-796.4033338634528,-0.0,1721.8416585867233,1627.3238224179097,1610.9662621008597,-0.0,-0.0,-0.0,-919.8686635437263,-46.37399982003876,-821.8913588307662,-86.21177187174432,-753.4613153169391,-1803.9814110417128,-1353.5355114174179,-2206.5024254260197,-0.0,-0.0,-0.0,-0.0,-592.8079306196076,-919.9122925719978,-1909.127096963143,-465.7106287163375,-1496.6010972318106,-2146.4607884105762,-2340.480192099111,-0.0,511.8291579589028,-448.4965367204792,-411.411071093589,-128.33497309927318,-5053.949943313628,-69.5150871134551,-0.0,-972.0604068605246,-1684.685197056061,-0.0,-76.74339787042766,148.52137578973446,-102.72853754431316,-544.1168285529367,-2529.5627859403953,-177.18665598560878,-1796.6955815045026,-0.0,-2033.602737490815,-1974.5400828180002,-1623.4112946908451,-0.0,-2001.5243928486238,-351.0084127196764,-732.2842932946143,-1051.658535225626,127.03564154512843,-2109.2663902072222,-1362.7551271001569,-0.0,-106.01790357843747,-0.0,-0.0,-0.0,-1126.924504270392,-688.9782510352779,-0.0,-0.0,-0.0,-4043.0040903695085,-2110.1524788523307,-0.0,-0.0,-4.904146999721132,-1903.373700237921,-1034.1116191755616,-0.0,-835.896088884958,-1519.133063189369,-632.6466012873271,-25.502509890624346,-977.1611220792385,-9.615302634535603,-1736.8491074411888,-1855.2102812942342,-0.0,-0.0,-47.77333653658982,-0.0,-0.0,-1431.7715732992622,-107.0755852953752,-497.87641409501884,-0.0,-0.0,-0.0,-820.2343041493868,-363.467014428604,-126.78857808796853,-512.6845690880222,-252.38151077873655,-2214.844802261833,-348.57892911906015,-639.687368285462,-1453.0503048510247,-0.0,-448.5637254470164,-0.0,-1923.362452614711,-1650.5045135548557,-1942.0599432385436,-484.3885664907621,-322.07346765753067,91.0254789793067,-1060.035334466116,27.12742273897908,-0.0,-526.3887328086711,-0.0,-0.0,-555.1422457546525,-135.44376905499286,-3142.449282924631,-3187.5765082422263,-566.9391719556695,-0.0,-0.0,-1152.9900760703147,363.8137762215204,-0.0,-0.0,-0.0,-1246.204619973027,-50.33845007654969,-536.0667777520509,-4199.562328916344,-1629.8060551737838,-1268.348242758405,-502.1490446953733,-197.68810093080202,-1405.2254234991142,-788.1791125304678,-548.5914849617488,-0.0,-741.5006986436166,-875.6624929736003,-1880.6018628354,-0.0,4.7763951017395545,-14.262205787801824,-0.0,-0.0,-2022.16201595813,-0.0,-3971.370877320045,-1307.6694096570336,2765.3843527490485,3194.0744669722335,-0.0,-0.0,-885.358193492116,-1200.616176023142,-661.5056172130359,-395.44252093948,-3476.543738983929,-643.3975972045624,-0.0,-0.0,-0.0,-1382.771764003768,-738.1929970642576,-181.07053735980264,-2882.879673065177,-1146.9624237249009,-29.987057615825897,-471.4833523182303,-1182.9538696719956,-369.8915148698112,-592.7082537734811,-0.0,-70.89486973049674,54.53564718977769,-1100.0325320791444,-184.99059703935276,-0.0,75.18546179389813,153.63373519979427,-240.4092243741771,-1539.6547252157093,-2582.6883102900397,-68.68158732334986,-1024.4553441006697,-1553.0108723437588,-0.0,-0.0,-760.0858885222477,-0.0,-0.0,-0.0,-0.0,-708.3540148463293,-25.569283950445847,-1380.3431664746436,-1312.8019978602358,-2843.3945561490636,-1292.1818100185433,-0.0,-660.4310613896116,-0.0,-1777.5073076534875,-1840.2983671854022,-1499.2857051541657,-1117.5516808582074,-0.0,-2394.9716269011733,-0.0,-0.0,-0.0,-3975.9464470867206,-1364.4203509260878,-291.94481871839724,-970.0185365558401,-987.1940225692754,-1170.680799611125,-0.0,-0.0,-0.0,-44.139480795561695,-6723.187414290649,-780.5808812128505,-2058.468445505512,-4611.643954212435,-2521.9684731063467,-476.0633522456089,-0.0,-2168.778051909057,-828.087927033233,-0.0,-369.48512235496446,-417.776874017218,-42.57873112624957,-1099.1052274333917,-337.9755394394199,1629.5339703916748,-527.2594532834758,-0.0,-0.0,-1102.4188429144967,-918.7639065199522,-2517.460534196858,-341.9488530257479,-0.0,-0.0,-727.998434820382,-0.0,-0.0,-0.0,-0.0,-1515.4950607298615,-693.5771870353094,-1383.2127361213259,-583.3437763915209,-4.345592994479377,-860.2540586604007,-0.0,-0.0,-0.0,-0.0,-3180.237623458432,-0.0,-0.0,-0.0,-0.0,-0.0,-0.0,-891.0346849945657,-0.0,-3080.8814528784865,-546.6561423961023,-224.23497484472352,-1427.4159440457624,-0.0,-0.0,-1503.2551403855825,-1608.6874107176118,-4.832632190461413,-484.4513326396163,-61.03608376481405,-1957.4989255970413,-1079.699011109671,-0.0,-4312.459098302264,-1442.9379975861418,-0.0,-0.0,-18.81628860529272,-463.25567969734277,-1364.8845740668753,-0.0,-0.0,-24.554147637231615,-1826.529708019758,-662.896104607749,-393.41597493889105,-95.61337139635172,-2133.410331916438,-0.0,-0.0,-0.0,-0.0,-0.0,-577.3309009443212,-560.1097600744383,-669.8076843728562,-4719.732240440321,-1873.9262032481781,-1376.890652496484,-120.92815429437282,-1095.6595248240976,-1352.2254277861678,8.306791327276517,-0.0,-0.0,-0.0,-717.0522728948469,-461.27778290371157,-1893.7182993663207,-661.3115658434677,-0.0,-1943.5357995681882,-0.0,-709.2318829163846,-0.0,-0.0,-2194.0199573408145,-687.2280254403902,-628.6460254177824,-1589.1725272387382,-152.55021962862904,-14.359700434119636,-860.0121706199131,-1620.9193623161952,-0.0,-498.2635152166879,-1297.8001387119864,-4695.1642100163335,-0.0,-316.21616900253144,-2537.4041445551047,-1710.363573667465,-1403.7430536857894,-603.2040026874938,-1401.4043199402993,-0.0,-394.6558687081976,-0.0,-285.75015132299717,698.8639335930839,-0.0,-0.0,1019.1856528978818,-0.0,-2482.2564930251747,-850.5500202394633,-1053.705561434944,-1334.8269062164156,-1641.3113848698802,-425.8958809916012,-164.6669540441373,-0.0,-0.0,-1008.640283655268,-1118.2135697242832,-879.3011812330916,-0.0,347.01407923082456,381.1509263986789,-264.95663933363323,-3129.7179297548896,-2019.4236068517073,-0.0,-0.0,-1605.9864138615987,-4633.429198582376,-3045.592423718826,-581.8348409241797,-1095.6297216322814,-1260.0287154124608,-0.0,-238.16804255298553,-0.0,-816.005205729404,-251.35424239034072,-2110.9393682802115,-2967.1845831422543,-345.8869950933541,-634.123645287189,-5023.073010634819,-1384.9926937550078,-634.7713344978762,-314.70645437579697,-1443.6317452309345,-782.0902005645768,-4.9496831782252855,-1700.8374319730192,-1987.9263773987557,-0.0,-0.0,-659.209232318478,-1432.630425695916,-384.84034076558686,-4.939694678104268,-0.0,-0.0,-0.0,-0.0,-0.0,-39.65535038914313,-788.6871229714291,760.5654921013368,-502.3478750500073,-834.743734485542,-623.7097593577946,-1246.9121773273255,-1745.8000621664457,-1325.4409604093973,-2047.0447134600802,-322.9998493655022,-635.5052917383625,-1749.3077115656724,-720.6145627860677,-0.0,2709.8587371414615,-276.6731571384004,-79.99706506024619,-0.0,-982.2499822782929,-711.2705653647347,-1509.154773668724,-2186.234343766267,-2470.1032979153892,-0.0,-0.0,-0.0,-0.0,-1138.1983250066492,-1883.7567207189607,-0.0,-950.9725230805753,-9.57511189696007,-0.0,-0.0,-0.0,-2858.499320334028,-871.9516839779377,-203.65519758880868,-50.38335210615558,-0.0,-0.0,-1260.8882076462164,-1531.9756296309038,-937.3096866244866,585.610115115414,31.657237710323187,-0.0,-22.445739387876973,-0.0,-1861.5631065678178,-610.0107744930536,-1574.889894796475,-1994.2735348461008,-1850.599512644367,-46.14080734299154,-0.0,-0.0,-1837.0940339239176,-419.871047784885,-0.0,-0.0,-260.0027813178193,-0.0,-45.502383079177505,-0.0,-1452.1001067645684,-831.3609323063424,-0.0,-90.83055590211684,776.237526159852,-0.0,-213.55554953658498,-2624.233429418793,-0.0,-0.0,-780.411489851746,17.432236561642675,-0.0,-0.0,-924.4008866492254,-1693.0332046626345,-0.0,-926.6244145017325,-0.0,-1469.9823705420258,1873.1712712766916,27.389330760400533,-2214.7068531462323,-1789.6555271957902,1031.8073964240639,-0.0,-2327.431430095425,-958.7853491185157,-1139.0490882766285,-0.0,-769.7611390461008,-137.3944930193274,869.6084774887898,-424.89333101484954,-1695.9101039364564,-0.0,-0.0,-0.0,-1003.8515164405474,-688.2106312105755,-893.3512807293306,-1236.1580190893844,-1152.6145800706624,-32.454448109573285,-1247.655535162038,-1048.5925241734565,-1327.6978304307293,-0.0,-0.0,-603.5766604084233,819.0925161349375,-7501.558257423664,-0.0,-1429.715699225832,-2259.7602911460513,-900.7305544348633,-858.0642426500917,-69.11561937771738,-2642.4318678950467,-383.7710109268461,-0.0,-1155.0898927004514,-1042.288583756818,-725.5089536150289,-0.0,-1699.2303422189325,-2356.804048732599,-28.635923482688632,-1263.7597592486597,-2644.104650313265,514.1011133477368,-0.0,-513.3575216255164,-185.95019294336578,-1543.2034364347699,-1034.240603090445,111.11844801080983,-144.06738006549654,-897.5102822578237,-562.4812873864719,-630.7623807728177,-744.6476449716453,-573.5507543377989,-0.0,-1504.3226913364622,-0.0,-1361.9242286469978,-851.9352153494386,-192.2968426379332,-0.0,-2037.4289950306957,-5534.27417953953,-0.0,-486.9251523101686,-0.0,-2541.233037871088,-287.1325805248209,-0.0,-472.74196249486585,-472.47034402937385,-0.0,-2697.2003198368807,-1843.3936743714344,-0.0,-4897.883496151649,-142.84208912160165,-1493.3798401660101,-1559.1360909974555,-1795.087120902719,-112.57677379242854,-0.0,-1037.5357437253938,-2339.3177704819614,-597.3650183641788,-1013.2355206891434,-1253.1566513573082,-1903.0167926774463,-2646.4793398019306,-901.359214898265,-2317.1024359496378,68.74259209087681,-0.0,-351.058729962456,-1559.163191727835,-1371.4880581180846,-0.0,-0.0,-0.0,-486.4073367335488,-549.9572380119054,8.811250336596778,-647.2567816072595,-0.0,-1398.9384705621612,-853.7880979119266,-668.5964541287533,-0.0,-0.0,-358.04523889825697,-2049.1819998221467,-1000.9959592400031,-308.9968214693787,-1064.525112122087,-40.791349904388746,-0.0,-0.0,-3092.186777438953,-1329.2387586812388,-0.0,-0.0,-0.0,-84.20049124054482,-1045.5427575527042,-54.903200710787985,-1891.4916084758233,-1724.709267950177,127.26537176381659,-0.0,-705.1490544867571,-0.0,787.3189230132255,-144.51709521435492,-0.0,-1828.1864472650295,-363.50748223599504,-2252.855094707859,-0.0,-1843.3074622023603,-725.5840368083419,-220.59989898817565,-13.718334751848628,-38.091705017137485,-0.0,-0.0,-857.1627248124684,-1419.6028067041127,-0.0,-673.8149858794475,-0.0,-413.4488033315964,-620.9836476169405,-0.0,147.44292610743253,769.5179110574392,883.4285630237454,952.8622554117327,937.8197842051711,866.0858292699871,-0.0,-0.0,-0.0,-0.0,-0.0,80.78219171731871,-0.0,-0.0,-704.7454817138025,-181.99855961412084,-511.5003416690864,-88.65555836191655,-0.0,-1240.0467929575636,-1660.8550219387134,-2281.609142458969,-268.4364591028568,-218.74483996176855,-0.0,-0.0,-679.0548321980042,-0.0,-0.0,-0.0,-0.0,-3003.1924958634636,-0.0,-45.93839818849334,964.0876285244083,-0.0,-1145.5139572935873,-675.2313107610606,1629.7669209642709,-1083.7562943062853,-0.0,-3273.0088538187433,-2515.2047113164244,-219.21082783167915,-883.7312365233374,-1353.0438816526232,-596.2115136380886,1315.4166804476897,-92.94215492034694,-653.1577558614473,-0.0,-0.0,-526.827604147697,-0.0,-963.2633718253339,-0.0,-501.01892366018717,-41.53656410956195,-0.0,-0.0,-1276.4911968375836,-0.0,-0.0,-620.9332659173346,-1308.7006492643445,-2261.3482401187766,-0.0,-0.0,-0.0,-2014.1338041222684,-0.0,-1147.7677166256572,22.22415031618979,-0.0,-0.0,-1272.6281911626102,-1114.561098591618,-1369.2062044253867,-453.0387054104296,-0.0,-1514.8540421602993,-313.96511719046134,-0.0,-0.0,4.55615752961455,-43.91753954957146,-4979.5721469406735,-0.0,-135.00845536127503,-30.13261365449595,472.6210742708122,-85.60377479259787,-1113.0317362414087,-1019.1358277475985,-516.7131368163069,-0.0,-0.0,-2071.929417045927,-0.0,-0.0,-0.0,-0.0,-0.0,-0.0,-0.0,-161.27140885209178,-0.0,-0.0,-2018.8419424036344,-7502.189560034327,-145.11190304988807,41.42188875458787,-420.0430449452973,-780.1342221946306,-128.3112338850322,-4656.924662864052,-261.1460770283767,-342.6650625825081,-0.0,-0.0,-0.0,-1889.660146958372,-0.0,-41.59478314503385,-0.0,-0.0,-0.0,-516.4538366302478,-13.08620076995151,-268.16201821325694,-1418.456304705943,-710.5741272720799,-78.59608800442395,-2694.035882687886,-0.0,-89.27883912158153,-2517.5242332049625,-0.0,-1434.182590113969,-90.43338224921398,-1602.3230129422402,-0.0,-0.0,-1146.1765520579302,-733.9805650777681,-38.518032732932774,-1028.377724766558,-1008.3216611861166,-791.595324606677,-171.3449859018919,-846.3028950632928,-807.4888944519083,-2474.56963581634,-1048.9766207434195,-0.0,-1694.7716558547777,-437.4463469816552,-712.6071364983715,-0.0,-0.0,-1216.4901252359634,-2600.6308511568072,-1005.2243750892801,-0.0,-0.0,-0.0,-4155.879055805023,-955.4092822897612,-188.71773376681907,-379.80475158132884,-42.01608102093001,-4194.324714441996,-0.0,-0.0,-2606.0718162508915,-953.4384399777302,-0.0,-0.0,-0.0,-87.23733881781347,-0.0,-2052.7383526247404,-1970.3039900762121,-0.0,-386.6296149743123,236.97450292058326,-0.0,-0.0,-0.0,-1209.0035922890054,25.72986785698883,-2747.9804432887286,-718.9478898313187,-1325.0772832209116,-844.3940141063462,-3566.2949950178277,-1873.2079599580384,249.20749061415955,-0.0,-3279.003337236767,-0.0,-0.0,-0.0,-1390.870978639844,-792.3607429838656,-1980.1625958046743,-0.0,-0.0,-919.9100376004419,-1660.150711828159,-712.7242807714517,-571.2887767761285,-0.0,-0.0,-1343.228890212303,-0.0,-0.0,-0.0,-0.0,-0.0,-0.0,-608.0585472928991,-84.76938629658417,-1709.0071916154548,-0.0,-765.1995379108859,-1355.6250810513022,-38.20354484120324,-0.0,-0.0,-0.0,-0.0,-0.0,-0.0,-0.0,-0.0,-0.0,-0.0,-1373.599190098635,-1928.9783960719583,-0.0,354.2884497442492,-0.0,-720.879199863494,-107.40205753210007,-0.0,-959.1024617888007,-433.8467493819793,-108.03357466032577,-2116.5149217115772,-547.5650658128554,-2911.789058111951,-189.16909836882172,-2349.417761596168,-1840.7371648262458,-965.9122685804624,-4.707181201810659,-0.0,-1278.5337705015315,-2270.3208731986533,-2510.643497032383,-94.29013341942405,-246.3439828963835,-2009.5875334270022,-0.0,-2433.22168838227,-394.18231940659297,-0.0,-1939.2650938866761,-0.0,-995.0673498594726,-0.0,-3053.0002284908555,-0.0,-0.0,-86.11824182258582,-1167.7902995141249,-539.9088923082847,-0.0,-1483.5458228166863,83.84504651371483,350.9960834579288,393.0356729635005,-308.3642966275805,-1844.181526216896,-632.0245629438064,-0.0,-0.0,-6174.716157134446,-1232.2420697814264,-0.0,493.8076211555844,-0.0,-2195.224748404607,-550.649030498705,-713.2166970953713,-0.0,-0.0,665.7607349847358,-0.0,-1046.2477778036057,-1351.7285356747664,-2048.588822957462,-0.0,-739.2383433694457,-3185.266290016251,-1056.9434215488886,-0.0,-1493.658119643607,-157.63824233671022,-1268.00146741302,-0.0,-945.0963233769834,-0.0,-0.0,-0.0,-960.1215606629271,-0.0,608.6153558987095,-0.0,-400.1840376083775,-822.8367575257869,-509.03513158042176,-1214.449615899463,-623.485366554155,-2277.8979615248927,-1356.2105241402362,-0.0,755.778647155235,-2618.444535160899,-1846.4390034123244,-743.9930254914947,-0.0,-0.0,-0.0,-160.69277685488782,-1328.3001618779356,-323.7992907207448,-1032.8510645088052,-2222.6696702343525,-2815.817724788814,178.53701344032882,936.4238535565778,799.9597938068873,-0.0,-0.0,132.82368376639377,-35.420685756205025,11712.10357799006,10904.597306831782,5721.290016477175,10879.306573580026,11638.90874784746,11981.654196570584,-0.0,-0.0,-0.0,-0.0,-0.0,-1521.7803050915086,-1348.2179087543248,-893.5692858062777,-0.0,-2973.365549854637,-704.5173763403521,-1266.7777677378,-34.19738612411453,-949.1785829674533,-1374.9594869586472,-1159.0132686375782,-1400.5577756976725,-0.0,-2874.039928230349,-1968.35184748882,-857.716316362211,-133.9160849532163,-3774.4095489453834,-0.0,-263.6564666341145,-0.0,-12.707165586322477,-0.0,-147.80816988755763,-325.78775962627844,-1122.3028351719752,-936.3763932283061,-0.0,-0.0,-0.0,-2593.99182358795,-0.0,-0.0,-293.5419198179875,-1109.337875217201,-1011.0749415021079,-101.51359374246351,-1302.333184045952,-2113.7326356589356,-374.1671767566294,-0.0,-0.0,-136.5845556739654,-1297.3510696223154,-383.2777522844907,-0.0,-5921.492156932685,273.4920426231551,-0.0,-0.0,-0.0,-34.849650854616954,-469.07990353928085,-0.0,-0.0,-1349.1000656260012,-2268.9787697458933,-1501.239434439378,-441.2517323749958,-445.92537745675264,-463.30701123901594,651.8252106136855,-1417.6379976994042,-0.0,-599.1330838261379,-3003.174364131792,-627.1156790411766,-8.80713764684096,-0.0,-5.839186818019006,-0.0,-0.0,-0.0,-1284.5388046078983,-469.799010154746,-1680.330830152202,-0.0,-0.0,-0.0,-270.1417203382806,-661.7141740725542,-1647.523475198219,-3652.8168652302293,-376.29780829291315,-231.32148108284574,-0.0,958.6733284847062,-0.0,-1324.2182071783907,-186.9708629722419,-0.0,-0.0,1172.1861109168633,-0.0,-1919.9054742352942,-0.0,-0.0,-0.0,-229.80008722465894,-2326.591325028705,-1954.3823229197567,-33.684514113305674,-2776.2774965561584,-1614.5137291351518,-28.58026077465884,-30.81667142388829,-78.20270889881667,-0.0,-0.0,-2245.254183236807,-0.0,-6430.887189148438,-0.0,-1470.0018003472126,-288.3380252266,171.08353083988263,-0.0,-63.905719476870686,-1413.9744558126763,-1754.931563278982,-625.6286403945803,-36.96983695135966,-280.6155192514676,-0.0,-0.0,-0.0,-0.0,-1247.5028770959236,-963.1092308266382,-0.0,-653.1756288538817,-1402.5477978462363,-203.49629352299317,-90.41034622019845,-0.0,-0.0,-0.0,1221.791585117765,-4.17350240744812,-0.0,-636.3808143411094,-975.1551779015374,-1563.9558588849059,-0.0,-0.0,-2284.801498987739,-0.0,-0.0,-0.0,-0.0,-746.281724609151,1108.1858894027096,1237.283928459451,1353.151247101061,-0.0,-0.0,-0.0,-662.0277313011541,-0.0,-0.0,-417.0535009849213,-693.3860164708277,-0.0,-243.33850372096015,-1496.0366190712955,-1386.675027555643,-0.0,-0.0,-0.0,-13.09270941259192,-1696.734680737102,-4.855020492825264,477.2260994801786,-0.0,-1835.0255714533146,-857.7661462104328,-592.2798569702819,-2113.256841136624,99.98356437016041,-327.61701541972906,-20.839701265393952,-479.1994313505919,-415.00196990575307,-1102.8932242091082,-395.0530064995018,978.2086883777587,-1619.0858544962646,-254.7758514974981,-191.66435901196132,-4340.848273628146,-3192.813718724051,714.8527930503883,-1101.9721303067645,-228.15617361827458,9.42712327877486,-913.5630063031115,-1300.1555725219037,1997.0082517215587,-682.7126617755222,-760.392773549398,-779.9721801242671,-0.0,-7720.798724776465,-0.0,-521.5368595224018,-978.8848908830042,-695.3892649927932,-1045.4484525976675,-1285.7547269722002,-0.0,-1164.3487648987075,-183.45848991130717,-94.59478599241784,-7071.180561572031,665.1792202352154,-222.94370985186916,-0.0,-617.4136305330155,-1425.4049181371427,-0.0,-0.0,-527.8438076753516,-1712.4939864782955,-94.63233867103877,-254.77843766360652,-304.2854251109297,-1199.33678715103,-0.0,-0.0,58.736231497050646,-0.0,-0.0,-1976.9083490380767,-0.0,-1885.1215383618096,-989.4222671052188,-1349.7060819733813,-0.0,-0.0,-553.611477824622,-977.1918022094326,-155.27345926968746,-0.0,-507.47992396204734,-167.1410226638961,-578.9449923062595,-0.0,-217.74191944294125,-546.9705610534594,-2432.262449832679,-1076.1215517549604,-1847.0246734689492,-0.0,-0.0,-1546.552188420622,-23.56666441737124,-0.0,-0.0,-1261.9458882186384,-0.0,-0.0,-0.0,-0.0,-0.0,-0.0,-0.0,-0.0,-0.0,-0.0,-110.84067830389475,-0.0,-0.0,-0.0,-0.0,-0.0,-0.0,-0.0,-0.0,-0.0,-0.0,-0.0,-376.50315458890555,-0.0,-0.0,-0.0,-0.0,-0.0,-0.0,-0.0,-0.0,-0.0,-0.0,-0.0,-0.0,-0.0,-0.0,-0.0,-0.0,-0.0,-0.0,-0.0,-0.0,-0.0,-0.0,-0.0,-0.0,-0.0,-0.0,-0.0,-0.0,-553.9950947304874,-0.0,-0.0,-0.0,-0.0,-0.0,-0.0,-0.0,-0.0,-0.0,-0.0,-0.0,-0.0,-0.0,-0.0,-0.0,-0.0,-0.0,-0.0,-0.0,-0.0,-0.0,-0.0,-0.0,-0.0,-0.0,-0.0,-0.0,-0.0,-0.0,-0.0,-0.0,-0.0,-0.0,-0.0,-0.0,-0.0,-0.0,-0.0,-0.0,-0.0,-0.0,-0.0,-0.0,-1475.1873402790527,-579.5486902562888,-1887.2522889016025,-0.0,-0.0,-0.0,-0.0,-0.0,-0.0,-0.0,-0.0,-0.0,-0.0,-0.0,-0.0,-0.0,-0.0,-0.0,-0.0,-0.0,-0.0,-0.0,-0.0,-0.0,-0.0,613.9516109492439,-0.0,-0.0,-0.0,-0.0,-0.0,-0.0,-0.0,-0.0,-0.0,-0.0,914.4535098851492,-0.0,-0.0,-0.0,-0.0,-0.0,-0.0,-273.53386748724853,-0.0,-0.0,-0.0,-0.0,-0.0,-0.0,-0.0,-0.0,-0.0,-0.0,-0.0,-0.0,-0.0,-0.0,-0.0,-0.0,-0.0,-0.0,-0.0,-0.0,-0.0,-0.0,-0.0,-0.0,-0.0,-0.0,-0.0,-1207.1618384841,-0.0,-0.0,-0.0,-0.0,-0.0,-0.0,-0.0,-0.0,-0.0,-0.0,-0.0,-0.0,-0.0,-0.0,-0.0,-0.0,-0.0,-0.0,-0.0,-0.0,-0.0,-0.0,-0.0,-0.0,-0.0,-0.0,-0.0,-0.0,-0.0,-0.0,-0.0,-0.0,-0.0,-0.0,-0.0,-0.0,-0.0,-0.0,-0.0,-0.0,-0.0,-0.0,-0.0,-0.0,-0.0,-0.0,-0.0,-0.0,-830.2695872324737,-0.0,-0.0,-0.0,-0.0,-0.0,-0.0,-0.0,-0.0,-0.0,-0.0,-0.0,-0.0,-0.0,-0.0,-553.5057433775936,-0.0,-0.0,-273.6376038712304,-0.0,-0.0,-0.0,-0.0,-0.0,-0.0,383.7457686304794,-0.0,873.5769599057451,-0.0,-0.0,-0.0,-0.0,-0.0,-0.0,-0.0,-0.0,-0.0,-0.0,-0.0,-0.0,-0.0,-0.0,-0.0,-0.0,-0.0,-0.0,-0.0,-0.0,-0.0,-0.0,-0.0,-0.0,-0.0,-0.0,-0.0,-0.0,-0.0,-0.0,-0.0,-0.0,-144.96239330110575,-0.0,-0.0,-0.0,-0.0,-0.0,-0.0,-0.0,-0.0,-0.0,-0.0,-0.0,-0.0,-0.0,-0.0,-0.0,-0.0,-0.0,-0.0,-0.0,-0.0,-0.0,-0.0,-0.0,-0.0,-0.0,-956.658252743212,-0.0,-0.0,-0.0,-0.0,-0.0,-0.0,-0.0,-0.0,-0.0,-0.0,-0.0,-0.0,-0.0,-0.0,-0.0,-0.0,-0.0,-0.0,-0.0,-0.0,-0.0,-0.0,-0.0,-0.0,-0.0,-0.0,-0.0,-0.0,-0.0,-0.0,-0.0,-0.0,-0.0,-0.0,-0.0,1502.1694264532566,-0.0,-411.64149280774825,-0.0,-0.0,-0.0,-0.0,-0.0,-0.0,-0.0,-0.0,-0.0,-0.0,-0.0,-0.0,-0.0,-0.0,-0.0,-0.0,-0.0,-0.0,-0.0,-0.0,-0.0,-0.0,-0.0,-0.0,-0.0,-0.0,-0.0,-0.0,-0.0,-0.0,249.90655477951404,-0.0,2372.4463186516646,-0.0,-0.0,-0.0,-0.0,-0.0,-0.0,-0.0,-0.0,-0.0,-0.0,-0.0,-0.0,-0.0,-0.0,-0.0,-0.0,-0.0,-0.0,-0.0,-0.0,-0.0,-0.0,-0.0,-0.0,-0.0,-0.0,-0.0,-0.0,-0.0,-0.0,-0.0,-0.0,-0.0,-0.0,-0.0,-0.0,-0.0,-0.0,-2526.1729742621956,-1616.518905886608,-0.0,-0.0,-0.0,-0.0,-0.0,-0.0,-0.0,-0.0,-0.0,-0.0,-0.0,-0.0,-0.0,-0.0,-0.0,-0.0,-0.0,-0.0,-0.0,-0.0,-0.0,-0.0,-0.0,-0.0,-0.0,-0.0,-0.0,-0.0,-0.0,-0.0,-0.0,-0.0,46.562509700733344,-0.0,-0.0,-0.0,-0.0,-0.0,-0.0,-0.0,-0.0,-0.0,-0.0,-0.0,-0.0,-0.0,-0.0,-0.0,-0.0,-0.0,-0.0,777.9275742317665,-0.0,-0.0,-0.0,-0.0,-0.0,-0.0,-0.0,-0.0,-499.65670623667614,-0.0,-0.0,-0.0,-0.0,-0.0,-0.0,-0.0,-822.0152014391269,-0.0,-0.0,-0.0,-0.0,-0.0,-0.0,-0.0,2460.9486109982927,-0.0,-0.0,-0.0,-0.0,-0.0,-0.0,-0.0,-0.0,-0.0,-0.0,-0.0,-806.6588832896083,-0.0,-0.0,-0.0,-0.0,-0.0,-0.0,-0.0,-0.0,-0.0,-0.0,-0.0,-0.0,-0.0,-0.0,-0.0,-0.0,-0.0,-0.0,-0.0,-0.0,-0.0,-0.0,-0.0,-0.0,-0.0,-0.0,-0.0,-0.0,-0.0,-0.0,-0.0,89.66729288639014,-0.0,-0.0,-0.0,-0.0,-0.0,-0.0,-0.0,-0.0,674.083990885905,-0.0,-0.0,-0.0,-0.0,-0.0,-0.0,-0.0,-407.5991317143741,-0.0,-0.0,-0.0,-0.0,-0.0,-0.0,-0.0,-0.0,-0.0,-82.55892100135362,-0.0,-0.0,-0.0,-0.0,-0.0,-0.0,-0.0,-0.0,-0.0,-0.0,-0.0,-0.0,-0.0,-0.0,-0.0,-0.0,-0.0,-0.0,-0.0,-0.0,-0.0,-0.0,-0.0,-0.0,-0.0,-0.0,-0.0,-2231.8144032779387,-0.0,-0.0,-0.0,-0.0,-0.0,-83.42057997464663,-0.0,-0.0,-0.0,-0.0,-0.0,-0.0,-0.0,-0.0,-0.0,-0.0,-0.0,-0.0,-0.0,-0.0,-0.0,-0.0,-0.0,-0.0,-0.0,-0.0,-0.0,-0.0,-0.0,-0.0,-0.0,-0.0,-0.0,-0.0,-0.0,-0.0,-0.0,-0.0,-0.0,-0.0,-0.0,-0.0,-0.0,-0.0,-0.0,-0.0,-0.0,-0.0,-0.0,-0.0,-0.0,-0.0,-0.0,-0.0,-0.0,-0.0,-0.0,-0.0,-0.0,-0.0,-0.0,-0.0,-0.0,-0.0,-0.0,-0.0,-0.0,-0.0,-0.0,-0.0,-0.0,-0.0,-0.0,-0.0,-0.0,-0.0,-0.0,-0.0,-0.0,-0.0,-0.0,-1682.484124126967,-0.0,-0.0,-0.0,-0.0,-0.0,-0.0,-0.0,-0.0,-0.0,-2099.2440835426496,-0.0,-0.0,-0.0,-0.0,-0.0,-0.0,-0.0,-0.0,-0.0,-182.99536302620575,-0.0,-0.0,-0.0,-0.0,-0.0,-0.0,-0.0,-0.0,-0.0,-0.0,-0.0,-0.0,-0.0,-0.0,-0.0,-0.0,-0.0,-0.0,-0.0,-0.0,-0.0,-0.0,-0.0,-0.0,-0.0,468.58722482071477,-0.0,-0.0,-0.0,-0.0,-178.6585726392331,-0.0,-0.0,-0.0,-0.0,-0.0,-0.0,-0.0,-0.0,-0.0,-0.0,-0.0,-0.0,-0.0,-0.0,-0.0,-0.0,-0.0,-0.0,-0.0,-0.0,-0.0,-0.0,-0.0,-0.0,-0.0,-0.0,-0.0,-0.0,-0.0,-0.0,-0.0,-0.0,-0.0,-0.0,-0.0,-0.0,-0.0,-0.0,-0.0,-0.0,-0.0,-0.0,-0.0,-0.0,-0.0,-0.0,-0.0,-0.0,-0.0,-0.0,-0.0,-0.0,-0.0,-0.0,-0.0,-0.0,-0.0,-0.0,-0.0,-0.0,-0.0,-0.0,-0.0,-0.0,-0.0,-0.0,-0.0,-0.0,-0.0,-0.0,-0.0,-0.0,-0.0,-0.0,-0.0,-0.0,-0.0,-0.0,-0.0,-0.0,-0.0,-0.0,-0.0,-0.0,-0.0,-0.0,-0.0,-0.0,-0.0,-0.0,-0.0,-0.0,-0.0,-0.0,-0.0,-0.0,-0.0,-0.0,-0.0,-0.0,-0.0,-0.0,-0.0,-0.0,-0.0,-0.0,-0.0,-0.0,-0.0,-0.0,-0.0,-0.0,-0.0,-0.0,-0.0,-0.0,-0.0,-0.0,-0.0,-0.0,-0.0,-0.0,-0.0,-0.0,-0.0,-0.0,-0.0,-0.0,-0.0,-0.0,-0.0,-0.0,-0.0,-0.0,-0.0,-0.0,-0.0,-0.0,-0.0,-0.0,-5890.123167030736,-57.26198709183805,39687.07534287412,-3977.5325879764214,-4952.239349705483,80558.66839010229,-0.0,-7336.037556675513,975.4355297655022,2332.752616984789,-26803.670811376523,-0.0,-5181.683919793877,-0.0,-0.0,37299.53646210397,-12291.004088615899,4217.796625576744,6965.099079390664,-4993.199710727612,-30113.320692273574,-9725.593690996086,56.90608961268272,-99.80763348836298,-6827.7358666124255,-0.0,-14678.781706961909,-20404.49995574304,17238.379353814445,-637.5116259755595,8.826884741060079,52018.51858003126,-3522.8717927680855,-132348.7865525107,-3132.9221911826635,-25435.655901396993,-21179.337186926958,-7041.191186360907,-6823.455718354323,-16431.75317769159,14064.00015126724,-2746.423770351939,-4615.813280515207,-4120.663696733699,-12506.742587466466,9215.409378500812,42207.61107600143,-1124.050333010087,77.81251844754556,23896.413207055703,5957.838327820729,-622.8947011369663,16433.344005415725,9222.836088391714,-6425.811907102235,-8157.343582513038,-4318.872070197896,391.81885845725185,-0.0,-0.0,-299.1132954053823,-9098.394437265022,-3893.9398633569253,-3408.0885326536873,-1949.8435129840998,-5162.1312789437725,12263.562736565635,4088.7316371351303,-9364.67744004879,22310.995914292973,-22507.411667814773,-38779.57489550477,77294.85367493416,-25648.805046903966,-10362.51345693955,-2449.5947005505427,-4144.363268911128,-6759.824308178619,-5278.004478841983,-36966.878328960694,-0.0,-15201.754940333436,-0.0,3408.8659804686768,-0.0,-0.0,-15779.814349274859,-1360.327175015793,-0.0,-0.0,4479.704345616316,-0.0,-0.0,-0.0,-7850.346015448579,-5143.100033764233,-8299.310556332537,-8227.206210647912,8736.92906510574,-0.0,-33171.52750306301,52084.30745703805,-0.0,-0.0,-22657.809621883367,-11738.909934192954,210.32492645880384,56.771235664216604,-0.0,60615.13920847615,-0.0,-0.0,-0.0,-0.0,59261.63297988268,-1156.8463138348686,-0.0,-12516.029930343217,-0.0,-6867.707031634167,-1493.6834568674676,-3640.5065847464507,-17799.473102837896,14007.689335221268,-1662.7774399658779,-10460.87691686671,-0.0,-0.0,-5623.757328652695,-7773.151003836679,-11624.728445962146,64985.95293974882,-0.0,-200.8136624383912,14468.580066611163,3637.635068489181,-2214.2111778250687,779.1050158648351,5947.296422171263,-4166.625820858487,-91.49740685606778,-20077.452780120493,496.3458246351776,15157.66322702044,-902.4548373007093,14277.7116330272,56498.0385493994,3469.217386558764,-75.2626492951201,10520.905073431966,-2326.4388233050117,-8673.574767296135,-11425.228943873462,-16482.062503590394,-0.0,7311.16694340991,22375.44642414293,24292.35986774533,-10921.130767505134,8303.490346096945,9923.173018800046,-9159.8600911408,17993.83675828214,-16044.077316071869,-0.0,5139.636416910775,-13681.120590622571,-17821.860139849796,-9682.827560997532,28583.753351824118,3574.3582145398136,-0.0,-6850.4175433062555,-0.0,-3098.060902068608,108.75082267705513,-4536.009412727431,-0.0,230.6630447414891,-275.2150462113267,-24534.67531177302,-14272.726267168055,24689.50538268719,-7755.127684378971,3968.838646492562,6348.590630296752,-7332.743881165835,-5940.731541299426,-12950.734805019158,-0.0,-2381.892087421387,-2005.5816813930642,-0.0,1430.3870221203706,-409.7167022547425,-0.0,-0.0,-16409.269351033956,-4009.0458750311805,3335.5187616884627,-5440.456814993685,-0.0,-0.0,-0.0,61888.486462289635,22680.17366753802,-0.0,113.64991363431295,13582.80003907225,-0.0,-4848.708854401051,-2711.6597773994326,-0.0,-4886.6966586832505,-10228.374302575503,134532.25593731133,-13540.560162693659,-9816.147656665395,-37636.305943785206,-0.0,1641.9711040332545,3312.778964500091,-10939.250732387978,33355.86358618675,-9106.991463616376,-44469.66809554552,-15946.678959671304,-10277.877677390301,-0.0,1378.1278420836877,-5406.027054642843,26876.949664240565,-174.3925113248732,-479.68870643697716,-12068.16726387276,-10333.926229102248,33179.85688011419,-0.0,-2394.1208902586222,784.3981425892139,-0.0,-0.0,-0.0,-0.0,-0.0,-0.0,-0.0,-0.0,-0.0,-0.0,-0.0,-0.0,-0.0,-0.0,-2372.3823452643164,-0.0,-0.0,3819.757635682807,-16342.23423278008,-776.2245471168062,-11536.625802720937,27825.118628935033,9029.697526229615,-4358.45492404103,3832.0068593729197,49191.26744858768,-0.0,-0.0,-4678.836441375487,3587.3617114741096,-7558.377650153449,-9383.8718446395,-0.0,-41.211823907518486,11169.318114459067,-5052.508659180314,-3000.5316843682363,4045.7569615507005,-28026.23714690091,33947.30950315409,-6416.0018086524,-1121.422067274868,15166.98535278651,-0.0,-0.0,-0.0,-0.0,-0.0,-0.0,885.4646582767098,51518.365209650125,-11202.765488845795,-12252.612746523415,-9924.251026367961,-0.0,-10098.78697114987,-14516.423334147066,-0.0,-0.0,-0.0,509.43542989433547,465.7767296352363,755.1443548839397,2777.9604657616565,-0.0,4392.374102988601,932.6381542168989,960.4944781723135,924.4126441092005,804.1886466638903,3142.5597731352095,1778.3884772557356,3022.3516763518082,2719.2838443055166,2963.370662680164,3198.8741017325196,40627.178469219296,38329.39371804026,45102.00210809527,41954.448583325146,10396.164256713597,9338.58193516015,9595.476913412109,10796.980626478276,5236.43971604126,2225.211290573038,2312.549403449026,2403.9651262700445,2303.080668681835,2424.692185648595,5075.904368713723,4768.388489343768,1630.1340700850014,1365.6027236817615,700.3984694882226,447.32429842505053,563.7899428046013,37359.71178124793,36186.64366252672,40411.92293116611,35850.652454241,63058.83277275109,59637.19187945835,1436.445828082817,1297.6281934218684,1427.757996046311,1371.4288028635478,1336.4759634036093,1393.289064170438,719.3085580596291,62964.18133835282,56146.84526166985,55590.354290651085,3036.044908011508,2898.80402770912,3129.5597315993073,-0.0,9083.115122451458,9719.309393231428,42143.15450957034,36622.29459190079,43022.401935795366,65486.63196090862,64129.37839759979,73076.15708477265,62834.05507648808,3012.0688275461507,2595.569599992999,5573.603971191973,-0.0,21422.94376114511,24269.037181856576,-0.0,1697.2347573662564,1651.5613469373195,1662.001723000552,1614.0658945948617,1611.1582940157568,1633.1012233209067,42404.516096102874,42660.48205916622,39716.0267342304,36306.8941050396,1291.168358857984,1403.5057779656593,-0.0,-0.0,16388.394549550925,41157.8863355359,35987.953552575724,40126.720564616735,43390.16787867828,-0.0,59974.4080400876,55800.74652173959,1141.1553646178206,2533.463905396282,2423.3852933147955,2591.305503338049,2706.6402019877396,2738.5164893496676,63946.2624665809,61478.731884016386,-0.0,-0.0,17692.96878915,1179.187011681839,39992.815989993804,41942.75643304029,37188.85674448295,38722.20393742494,42381.70080316015,34980.07424866716,-0.0,17594.074392573755,10980.341244250054,-0.0,-0.0,1500.983503306667,1602.998708359386,827.7727322592962,922.6370560411801,476.87519828062835,483.40128737024787,-0.0,1138.728259472895,1137.0814779206003,1211.8094241359329,1394.0781050183825,-0.0,1777.9318924520996,1733.3613720183105,2057.996355670656,2676.596783663161,2649.9507029010856,2432.67152020083,855.9444460631198,965.0096741627284,951.536147991807,1578.0635648692971,1016.1447721235916,1096.3937798640125,1119.1798899641165,1031.4244278853364,9117.275760682483,9109.819903829179,292.6065991404708,287.78570083705637,3873.3746795834686,15709.65466296059,1577.1298329180913,1684.4009673254611,-0.0,-0.0,9633.159918683716,9640.615401869463,9502.081954730918,8306.579852774026,2217.2746271439555,2196.350759885025,38872.51102673506,35599.98816367903,10413.597190061,7751.288544747113,-0.0,56390.686571989245,2143.6366456492565,2533.9529301689445,1144.7059336718028,60257.91457303894,60591.627683878,64375.343926344714,53428.386570828574,228.11892219486072,63042.280125175246,57108.305332266136,-0.0,-0.0,26086.239865829764,-0.0,1314.0332514961212,1126.4391399577373,1147.7861817769626,2454.3680861023745,10383.084496705862,19429.241967569,2025.8309088167398,1956.6691677350345,26.547824059208484,757.2941914069913,767.3130180339424,18190.603177617624,1586.529732693063,-0.0,-0.0,-0.0,1151.1494862825602,-0.0,1204.147597408956,-0.0,6740.431775280545,6842.410819604553,6151.762562309175,6363.909369921622,962.0204807033974,-0.0,930.7537939137585,-0.0,-0.0,1057.5352575858738,1114.971920466644,1157.6351078963744,978.7259973723205,865.2521564559213,809.5789608061873,1894.6827004828967,1809.4541746778161,1742.2562085780455,-0.0,3340.2437315112775,2925.1061975688785,3422.35224744309,3271.958350124611,5231.597710318687,54203.058331700624,56848.77376795455,11331.52540745218,23073.13016992734,16516.94423143836,19843.813884271116,1829.8542160485995,2204.426065269335,1010.0244865239919,928.4679670534706,2418.749199537063,-0.0,42450.09909708626,36702.24412045884,1553.3384761677135,1257.7864042824615,1343.043119199562,6006.045209222253,3410.5632681038237,3216.822717764379,37577.758774730384,35549.564379410665,39540.525504603866,45798.38266580877,-0.0,-0.0,-0.0,2493.823288634072,2660.4181858929996,2759.7149069604957,9979.743522817345,9541.179999055437,6910.527259587642,2566.6368418901484,2716.5382218755904
19,-0.0,-0.0,-667.7735804568307,-2315.856002350861,-587.7774122621424,-556.8615309144882,-109.86842559726955,-681.3471753836972,-645.3265706094827,-0.0,-1440.660520810156,-0.0,-0.0,-2942.143805961337,-0.0,-614.5490184576618,-492.71528749713053,-0.0,-49.43992513039171,-265.8768873420029,-336.1226367334887,-767.5359852084737,-980.7031134819448,-806.8537112620738,-2362.037592629338,-692.6446921677662,-0.0,-44.97993489225538,-3176.670054599336,-1967.3366704180326,-0.0,-0.0,-0.0,-0.0,-0.0,-0.0,124.0124236394342,-227.56652449070867,-1997.4743050732884,-1703.5351196270246,-0.0,-0.0,-150.64098934509147,-587.6869340082848,-185.00330423585316,-0.0,761.0418174704995,-1994.6098095296295,-439.6438178052698,-0.0,-0.0,-299.83957492157225,-0.0,-12.664406961470903,-2333.5356872949287,-3163.4131747196793,226.60014002103202,-6478.161145946225,-240.43912936268222,-0.0,-2032.1375627999687,-0.0,-748.1807409288783,-3360.5218567914303,-553.5644958167022,-552.7521174056535,-46.96821709835542,-2379.8305480185254,-982.7217099963364,-504.68162881256956,-3137.4245778688633,-0.0,-0.0,-2925.6203296020535,-1126.8468830328584,-253.3138597200519,-1950.5341980562578,-0.0,-0.0,-1485.1731178636774,-1596.0307621430397,-559.2437452724378,-3866.02488069914,4.41620711098178,-29.61580993982965,-2347.830398601349,-0.0,-678.4794999870944,-1094.944323588606,-8.379727417954573,-0.0,-1480.191457027011,-94.28427309009814,-886.6032805049546,-2381.6090375717663,-45.35527579625471,-2858.0198562801193,-472.30620488212384,-1568.9409321444375,-3115.8118618473086,-792.9325340659534,751.1635977967671,-614.5511756087975,-0.0,-1547.4259244273787,-2602.4643806092895,-5199.387372162896,-517.8436070065734,-3411.610300655971,-0.0,-1823.0328419136306,-0.0,-0.0,-609.4057428994337,-0.0,-0.0,-740.0067905036525,-91.47018245122483,-1688.9787872071372,-1023.3467147748333,-913.7325774188156,265.36998591242883,-516.6499410581945,-343.8291043975111,-239.33950047625666,-9.169062499396972,-611.6630327365401,-689.1150843362751,-855.5447225583553,-0.0,-5504.42961971502,141.16797074614348,-122.43119436499623,-4973.959708396118,-0.0,-1174.9758185541527,-72.36636702245829,-0.0,-360.35374343807126,-0.0,-0.0,-953.274217879871,-0.0,-793.3573225433313,-1026.2525498071143,-0.0,-1245.0033106439082,-322.31096229735334,-714.6667464229256,-2410.650143614446,-0.0,-1902.5603583015163,-1339.1357775051292,-0.0,-0.0,-0.0,-0.0,766.2280362937956,-0.0,-1838.989241077478,-1962.2010584489242,12.755737073251392,-0.0,-0.0,-774.8534879512898,-613.941165509974,-862.6392590605072,-0.0,-493.9402133048931,-3443.464304179129,-1193.987964102318,-0.0,-1371.9455260806267,-2819.1987017104843,-0.0,-0.0,-0.0,-0.0,-0.0,-0.0,-570.7568020709052,-698.0671749002387,-267.17564249762097,-227.12592976359886,-1536.4580838022052,-59.93026085402104,-0.0,-0.0,-814.5358849492887,-0.0,-638.953665164958,-32.96831504776129,-4.885781982437057,6.702852468391375,-0.0,-0.0,-1360.5942726547344,-488.22110492982193,-539.5999994964398,-0.0,-3905.163951621255,-2297.174072021891,-1187.1270929433604,-0.0,-0.0,-2546.169935632241,-1682.326276211894,-754.4071861811448,-97.19609915954474,-1949.2186835805082,-1625.435690036914,-0.0,-0.0,-1930.3512418029948,-0.0,-907.779571351033,-1476.641803681768,-157.60051022116966,-478.5214212737727,-688.1200567357682,-650.5275917455084,-0.0,-1758.7531639764243,-0.0,-3856.2261566594593,-3260.4384959645763,-213.12990165198465,-459.10680543749413,-542.0004544007126,-0.0,-326.4956576702525,-302.690678360511,-0.0,-1240.703708039534,-792.9269275977288,-1290.1165132712792,-1812.3985151849272,-1068.2088051438338,-2473.5938260328558,-2412.745623138934,-2808.4169316321186,-2565.017460725429,-1181.4203025247302,-2469.944968339971,-589.9934030766328,-678.0620301938361,-0.0,-1394.823632219316,-1251.6116841049745,-1150.7299870257405,-477.09619349974133,-459.02446235755446,-2347.820266118619,-895.3332373508164,-478.86152423847193,725.0410921797588,-0.0,1157.0833335504524,-1581.0444460066485,-0.0,-0.0,-0.0,-0.0,-0.0,-0.0,-1484.6776501789934,-3166.2722634234924,-576.3238844479908,-1131.7857970955602,-0.0,-0.0,-2125.997354554833,-1390.8755830877574,-2418.2948971204573,-0.0,-0.0,-159.86779891360348,-67.56847267026193,-456.8239270779119,-2153.237592527219,-579.8090914558674,-0.0,-598.627405043642,-786.5540347800288,79.06493490379,-1380.9780342493589,-1698.3280093575052,-1539.3812363630843,-2105.920501835133,-356.5548684168728,-678.2017246986379,-48.23761761598554,-2004.2003405033179,-0.0,-974.2997981733254,-190.15050428729873,-97.56195306087103,-675.4571607550274,-0.0,-2488.1368848883694,-148.50676349957297,-787.7415508033649,-1829.6107147192483,-1809.751534541945,-0.0,-662.1663746106226,-890.5473839987316,-29.48704751257259,-290.92600208723076,-581.7563031691728,-64.45693458112942,789.0155014199602,-1366.5946885638507,-0.0,-1076.495493101586,-1779.2727988710787,-0.0,-572.2033503487428,-0.0,-1785.9093371976094,-0.0,-0.0,-0.0,-1343.1017990961411,-840.0047669121727,-533.131219413853,-0.0,-1844.5177893218988,-3558.10609962097,-4266.5207748691255,-0.0,-386.06949417639026,-0.0,-327.35131695247543,-133.01602787038462,286.989011669819,-665.1583671557529,-0.0,-801.646092840248,-1059.92961512788,-364.9118118330395,-673.2554587005503,-0.0,-510.0306627341666,-1059.569897753064,-627.5001783935985,35.289052391064224,-2632.1721673401935,-0.0,-0.0,-1607.611681224424,-290.22803771892467,-1586.9005377637886,-110.68443545923272,-147.8983070414266,-251.3111184275527,-706.9653583515412,-1159.2177087203843,-1550.09476828898,-2406.159651376758,-0.0,-0.0,-464.3783287834079,5710.057726211716,4.983494092136144,-0.0,-0.0,-0.0,-0.0,-2669.6661377598857,-558.2718133063008,-0.0,-1139.4961928357295,-1065.3566841339382,-857.2669731327265,-2547.846679112823,-291.1768142529513,-1343.689095232884,-0.0,-0.0,-2291.718438545219,-775.9274836027967,-1966.1952690511578,-832.0783452852853,-946.4663786150356,-2109.093412863689,-253.9591906091905,-1922.088459605395,-1260.0269669483673,-36.177199695716475,-1175.7406046914084,-1294.0479489422976,-263.653973474257,-256.8811280045427,-2197.9975144983664,-0.0,-541.3923526438272,-321.8039642716708,-35.327609174252835,-917.527044499949,-245.14646505618245,-1088.843384406659,-1012.4641431722508,-1444.8631780162875,-268.578501821342,-2898.0940846917883,-66.02092416556356,-691.891351547117,-0.0,-906.2757377711007,-861.3359042254347,-1105.9508398061867,-1325.0843106950524,16.640759004344762,-466.4192670498606,-2959.904410703797,-910.3710255509436,-438.10837531904184,-1303.4810068496963,200.39786785990444,-0.0,-0.0,-0.0,-0.0,-0.0,-0.0,-12.632016470164574,-198.2991852039321,-2638.3823333802243,-5634.113317238738,-562.6138582950917,-1121.9405794298896,-158.6338061299075,-609.7930231195445,-1547.6291218568913,-1280.3817005295846,-45.17715230367716,-622.495555288119,-568.5284398785357,-0.0,-108.71985919827702,-1279.4053004963037,-546.1924582276184,-0.0,-1183.2349009511834,-0.0,733.8875545497073,-0.0,-0.0,-0.0,-46.711467118455985,-0.0,-0.0,-1230.1348179613783,-482.18353512510754,-1381.6629661021896,-0.0,-0.0,-0.0,-1027.2479196825157,-668.6848658800212,-1520.9778000572576,36.04879921242666,320.0388220908589,-0.0,-0.0,-3549.941676420761,-1414.9292615653103,26.71323473046306,-65.82515189105024,13.31440040447155,-21659.249619167542,-21528.084417370614,-2684.7914683368567,-0.0,-0.0,-0.0,-0.0,-502.31522256187014,-0.0,-0.0,-702.463787715163,-2608.0862744995384,-2270.2880785685393,-1549.4567247513698,-397.78584859973785,-2117.8221390830836,-36.70365369035952,-1491.497637212341,1123.3303877551666,-8.489202320683159,-1042.7024804801454,4.4848772480762005,-0.0,-0.0,-0.0,-0.0,-183.75713997742903,-0.0,-0.0,-0.0,-1063.9116901815787,-1705.7149036048029,-0.0,-0.0,-296.4978644213971,-2560.974809335241,-0.0,-1632.6820587816546,-1920.8437219615973,-2348.7636582688633,-0.0,-0.0,-120.09122302988881,-99.493376416512,-1191.0274302886571,-1741.9182841080114,-645.5402271212979,-1528.3858343820557,-1450.1238771313526,-0.0,-0.0,-0.0,-0.0,-496.16063679057515,-296.2817491205679,-0.0,-0.0,-112.71958551452322,268.85923126402986,-0.0,-1446.7950009287224,-1203.4294071462052,-1251.0627911733015,-0.0,-0.0,-741.2997959947872,-1400.935850084412,-868.9363719129967,-479.3925805075885,-0.0,-2572.1124696970774,-2694.1765971677346,-0.0,-0.0,-0.0,-0.0,-0.0,-1702.9075797298465,-0.0,-2640.894688512001,-1528.6620887908412,-82.14152508106298,-0.0,-0.0,-0.0,-3161.5398200094564,-1561.281985355175,-642.532816502422,-554.9445164471423,-1425.1180656019396,-744.091074558475,-0.0,-0.0,-812.0876709205172,-1609.7020019538852,-81.7445708193703,-550.9798049089469,-0.0,-1019.9146177806718,-777.479463105304,-2116.6383941638687,-0.0,-371.8890213162662,-153.95911422067965,-384.22624864091546,-1711.2405635545856,-343.8560936453847,-0.0,-0.0,-0.0,-0.0,131.6224787432739,-172.09232813799363,-1038.8777982763495,-1766.0619992142335,-1329.0607750335005,-527.2310875126709,-685.9615187408292,-6944.13194574861,-969.5285929762424,-633.6742542785126,-0.0,-0.0,-0.0,-327.9014803373427,-468.50242468588544,-1472.4196532683814,-434.69475630893294,-0.0,39.997527964552965,-0.0,-0.0,-0.0,-0.0,-0.0,-0.0,-0.0,-117.79291202283554,1913.4881702570046,-0.0,-1759.4961081950762,-822.1182226209991,-495.2994813763951,-1932.4078459116313,-0.0,-0.0,-790.6298497619406,-807.0532362278576,-132.79994231105326,-154.14706022106887,-164.12953581683823,-728.5309844072175,-186.50025870542265,-2190.210033080893,-416.60207365228825,-481.53310497255734,-0.0,-0.0,-1748.919004402634,-3316.5629524822725,32.65836479717529,-607.9446705554204,-426.2532547271904,-1076.231160649947,-1472.5916430533737,-887.9210654745739,-340.87206662886575,-194.30122669076022,-1505.4193103156151,-0.0,-0.0,-0.0,-0.0,-0.0,9267.591412100894,-84.92368393428228,-631.5414863697977,-798.2032339099716,-1269.1208020595507,-1395.665642832741,-1526.4320962211934,-1903.1339627586374,-2196.667488049068,-518.9173110311668,-0.0,-0.0,-1756.008587439433,-0.0,-0.0,-362.7073364525367,-2279.4637508387227,-1435.167042683394,-577.4219572267089,-73.42842156300267,-1934.6550896364392,-0.0,-1675.0271947443039,-0.0,-0.0,-0.0,-0.0,-0.0,-0.0,-565.517807780147,-1533.2720062264784,-1243.3967653063899,-98.8435391047154,-286.9860617029521,-708.5362833943706,61.97584522381413,-0.0,-0.0,-670.9424347614787,-636.9647215444191,-4670.658154565758,-0.0,-1480.0502743690506,302.27373127927297,156.30702520447525,-0.0,148.8495653223086,-231.4048592617179,-173.1295122803105,-530.8632797369635,-0.0,-2057.475690482062,-0.0,-0.0,-1273.0700750351884,-0.0,2835.1897566953717,2758.2623446341454,2601.9190604160767,-0.0,-0.0,-2119.2877501074836,-0.0,-0.0,-405.78662470136607,-1084.5598393312216,-865.9856363620628,-1058.4529692636286,-1257.2100683012031,-0.0,-0.0,-0.0,-0.0,-857.0396989414071,10.017474934296136,-63.45566411497134,-1216.342380242951,-1169.9516117232974,-437.7187019726399,-1731.3273442276945,-0.0,-2451.3231618319082,-1270.7148831866773,-1658.6817158051124,-491.8659407270854,-454.96925360902827,-0.0,-1507.910996429695,-841.4300081257003,-1028.8475468480008,-2490.3460752020665,-665.8024216647228,1235.6147976705727,556.5692149862163,-384.914612685914,-1460.275736432323,-0.0,-2040.317387035215,-4091.9553320536493,-518.9714505119948,-565.2256263371601,-0.0,-0.0,-0.0,247.90203123297175,-417.05783050618027,-612.8478503669077,-173.62388375220536,-556.8493054240159,-596.2288534729568,-0.0,-508.3704881962471,-1100.0527903618145,-860.2483208666905,-0.0,-2119.0557969772744,-5133.192450189058,-0.0,-0.0,839.1397184578785,731.1835918786172,-0.0,-0.0,-759.8321352255917,-1088.933389707465,-382.96405715510184,-792.2519071348025,-0.0,-0.0,-0.0,-0.0,-0.0,-3156.3283523896466,-504.94583090526146,-1909.6874224030298,-1332.766273696919,-0.0,-503.40872911000037,-472.0134311718999,-0.0,-260.3693425305481,-811.1900509364098,-1401.9266039612987,-4719.968344573296,-91.68666606281893,-0.0,-0.0,399.7953732574438,919.0363322983695,-0.0,-0.0,-444.16429422378224,-0.0,-0.0,-0.0,-2984.5529048400404,-0.0,-630.5374520824073,-0.0,-0.0,2011.7213434504174,2520.848225770397,2403.702444903431,-0.0,-0.0,-540.8488872003644,1003.4445910536891,-3040.7159124136133,29.525112178916146,89.82407354029337,-2922.0420101596333,-125.85573622806199,-234.28490322923005,-761.441623348029,1121.7705700299211,3863.1547904777035,-3493.2372862578054,-0.0,-0.0,-1125.4279350292186,-1926.7642048736727,-1393.0241018041932,-277.15618322883614,-50.070968990349016,-0.0,-0.0,-0.0,-0.0,-2320.2718318571233,358.2348102701727,-0.0,-4.247828435625555,-0.0,-1929.1322787653546,-2394.878193773801,221.54501350068708,-0.0,-0.0,-445.3340967290857,-0.0,-1967.0447252791362,-111.42814617791745,-1348.0774809782727,-526.8931903235473,-1383.0437899101726,-773.7180185448871,-1336.0736588666148,-805.3550179976329,-0.0,-0.0,-0.0,-135.90710261226664,-0.0,-0.0,-310.96168843365604,-444.223984018072,-773.6101097235669,-0.0,-1605.0714561584089,-1241.1587248847463,-1043.2997764170455,-8.621432778473205,-8.812346301694154,325.234649652175,46.77046235335664,-0.0,-0.0,-14.517256067154552,-2079.5562672517894,-724.6305694065908,-1128.4824915918286,120.2038199565545,-2563.155434604986,-2137.24596005664,-1123.3447691241,-1257.174096271259,-53.055989602591254,-683.5833059284258,-829.9119287958006,-1480.841339082408,-2391.5201123499282,-0.0,-2393.211928988509,-178.12502456692593,-0.0,-2935.974061677655,-3139.3039846686524,-2741.222874875793,1802.580786380486,-0.0,-2067.4682751547584,-269.3289494554695,-1457.051958385273,-697.46500447638,-140.07839453452075,-2585.0755087086172,127.19996405209973,1953.5596664356133,-0.0,-236.96532934815923,-479.5822818425144,-1274.3443936698218,-1383.0000933818128,-2040.9774889166836,-4782.6971689786,-0.0,-666.5085525901189,-1532.613311708598,-806.7860330550966,-282.6892672978452,-32.498114388131974,-364.4722084808654,-0.0,-0.0,-0.0,-0.0,-385.6751738602338,-1482.4995606813468,-1026.4598966110088,-74.77794542773233,-672.4906685418717,187.52353008771618,-0.0,-0.0,-1016.7350585307518,-594.2353414255716,-0.0,-2502.4025011097724,-110.53912476931501,-1516.1862759339986,-0.0,-237.33145703340725,-230.9491055836138,-0.0,-0.0,-537.6838462939033,-0.0,-0.0,-4821.3605030464305,-224.67875345045786,-2917.728299681571,-0.0,-0.0,-128.0856913283127,-1732.828474150135,-710.4286332386793,-438.45521938302903,-1726.0443547337713,-0.0,-803.8230600079573,-0.0,-623.1747457715538,-0.0,-0.0,-231.9493041109799,-97.34922443287066,12.998719671067075,-460.71289456081456,-1660.214948054817,-2451.5324947416893,-0.0,-0.0,-0.0,-29.24204200387745,-437.41359204451726,-0.0,-1896.477602503188,-3376.0223954559174,-0.0,-0.0,-66.3304929537624,-1885.8881632383589,137.18358856939255,-0.0,-0.0,-0.0,-0.0,-548.478421678717,-2473.704633745821,-239.0224733194448,-1601.0794199483507,-0.0,-0.0,-755.019551171685,-555.456621010574,-397.1203494684632,43.27375348264035,-0.0,-0.0,-0.0,-982.3581891542883,-762.5872691635649,-589.777847093347,-373.34872914484845,-0.0,-0.0,-0.0,-0.0,-2710.917737285894,-96.4046193798365,-27.51990553730853,-0.0,-0.0,-783.3984033729105,-424.68834418836474,-0.0,-2204.402301823877,-5222.023199343718,122.86443514370319,-1368.9345471368226,-0.0,-0.0,72.8668548998813,-584.6997234523426,-2127.615406051434,-600.806866709143,-3371.672553393557,-1464.4848477386804,-887.7669989213333,-1664.3705324660898,-0.0,-0.0,-0.0,-42.58489286019612,-1458.6054643853095,-0.0,-0.0,-3502.648647821886,-93.54675204624174,-1625.5780949135078,-901.8742278076661,-0.0,-0.0,-0.0,-0.0,-0.0,-0.0,-820.2582523189806,-0.0,-1831.483644819414,-0.0,79.59759701609617,-1534.5048824306973,-0.0,-0.0,-0.0,-2581.8369565661333,-0.0,-0.0,-593.3654464241944,-0.0,-0.0,-1213.3120282676564,-668.889895866121,-0.0,-0.0,-209.18657280821122,-2282.630302066151,-0.0,-1281.423499296992,-985.6036659981805,978.5434278655939,-219.77589993002536,-0.0,-655.904089111615,-2.574647895622847,-0.0,-25.45813437859697,-0.0,-418.845231252345,-0.0,-0.0,-0.0,-0.0,721.9232557876064,769.8680226477318,-1031.457370454434,-1848.0614154850916,-0.0,89.9322756798852,-4.63838673034969,-97.3203332144065,-1072.5909728397808,144.87199265418778,-624.0612513656314,-472.5514312616406,-216.02702838790168,-3901.275654652923,-0.0,-268.91605161626006,-2068.3094225491054,-2890.9873007540177,-0.0,-1311.0448107552343,-1984.4771608874964,-2409.8106994576556,-865.9158343013876,-0.0,-1057.583601205517,-846.411333497174,-921.8925133852504,-1442.8305925585641,-1147.5678273642163,-0.0,-145.5381413270698,-1551.2843609158665,-0.0,1379.0953284494587,-449.0962743464307,763.6690844680659,-0.0,-0.0,-113.75720488360703,-50.12041449474378,-2778.358214131757,-1069.1783987942133,-0.0,-1134.2340388882726,-3650.0404002620917,-1062.8486930273032,-1007.1665380602141,-1363.955436163316,-461.9327818137749,13.085597646529427,-46.727916737449846,-0.0,-0.0,-1125.127041053016,-88.15347303055637,-0.0,-0.0,-2256.9354921186477,-791.5123004770371,-716.6740831459122,-2237.6479524394117,-111.80893984473765,-20.767130177800627,-3016.104473182165,-1041.1471268213713,-720.1471950442675,-1214.0123294382827,-0.0,-2558.6948789244243,-510.06068204515395,-1513.2583825320794,-1886.9014101169519,-446.01626422088844,-617.0350950633602,-2000.6871737732954,-550.799065708557,-0.0,-0.0,-0.0,-1567.0173981093849,-0.0,-3954.6945503950624,-1381.1843492903472,-1731.1457236237536,-0.0,-0.0,-0.0,-0.0,-0.0,-154.6253726010655,-0.0,-282.0993070989896,-1097.5387185889563,-431.48801367973465,-0.0,-0.0,12.574793202245308,-0.0,-0.0,47.47267615628629,-337.62527204020836,-0.0,-633.1092064074438,-0.0,-0.0,-97.95140964219202,-13.50511654517465,-2995.1728928301936,-2599.944011455483,51.50555676032405,-7382.959306059467,-1051.0122653720866,-675.7422846208337,-0.0,-905.9598603568274,-1604.8002020097656,-0.0,-0.0,-0.0,33.44483643555829,-0.0,-1650.5470524031336,-0.0,-1649.7703364403183,-0.0,-0.0,-2731.4081878376332,-429.46182192883026,-735.1851657825756,-0.0,-0.0,-0.0,-0.0,-317.6756117723897,-724.1967485036672,1450.8392570123663,1160.662743590182,-812.9382203796332,-9.968672516480419,-0.0,-343.5095602554848,-373.7521073039456,-2015.6241330852397,-639.7285780619214,-136.0242972347877,-1183.7693861659643,-1644.3023420098982,-1069.6841785978104,-707.7594499490782,-0.0,-0.0,-0.0,-83.16435781689624,-0.0,-1967.2906779505804,-768.5146427453831,-0.0,-2089.3301549505395,-1300.0269625851583,-0.0,-0.0,-0.0,-0.0,-0.0,-1173.9102382135686,-0.0,-325.73298068931524,-1926.3262221770012,-0.0,-1232.0704447277994,-0.0,-0.0,-0.0,-3037.122171770868,-1495.6489684745563,-1118.6339861668623,-2641.7097388246434,-0.0,-0.0,-0.0,-94.20137557844622,-580.4860129886771,4.354961724498754,-474.9305151088432,-339.9914800774575,-0.0,-0.0,-390.45512408940317,-1762.907590295904,-4001.3363055449827,-0.0,-503.88931584653346,-1412.183756877446,-485.38105835163975,-552.1296629845721,-0.0,-0.0,-0.0,-2040.6683922545583,-1984.6480774549361,-46.487930181732914,-1945.4938858768126,-660.9158740439199,-471.6490459609089,-8.8634644917883,-1426.4985051297301,-0.0,-2312.70756016277,-0.0,-540.7754669207856,-0.0,104.94704343029254,-0.0,-0.0,-642.4847085035065,-1029.8426495884175,-9.310953994483082,-0.0,1368.130364115484,-0.0,-0.0,-2107.660424840249,-1892.0864519232252,-1252.7669351382483,-0.0,-476.47766158518095,-784.8452152266568,-1770.8200203060364,-0.0,-0.0,127.63825201707172,-853.4819365541416,-0.0,-0.0,4.825177856816445,730.9581370803605,12.678707920728147,-1697.9249039555623,-0.0,-0.0,-1913.6836925436328,-1963.7586126791266,-93.96647748446394,-0.0,-189.1694435719259,-871.9632225253415,-1162.8513737315147,-1986.922350274882,-0.0,-1088.7464673841907,-7.376709398297493,-0.0,-1822.2152369534874,-0.0,-0.0,-0.0,-0.0,-763.380081445081,4.590044946243614,-18.094764109725755,-0.0,-0.0,-652.2922342313291,-0.0,-0.0,830.5110244819515,-1246.0255059015499,-51.9195379818546,-2479.388434947574,-0.0,-0.0,-626.2797695855545,-0.0,-347.406289720669,-1373.9041552645597,-1192.9108820822566,-1217.6332552291747,-0.0,-0.0,1631.2103217059382,-0.0,988.7007324941835,1093.1005846145388,-45.04300366775851,-911.3809549531178,-0.0,-0.0,-129.09297837564415,242.6838229649116,-929.5382457000809,-430.0104951973627,-1333.6985493525144,-3044.9932945857418,-2325.5251448941026,-0.0,-0.0,-300.2123587029587,-6461.8924729641185,-648.6818806257055,-590.2101890935362,-0.0,-0.0,-662.8703034831457,-0.0,-1128.739323912714,-1621.0776519234587,-756.6478083409409,-0.0,-0.0,-60.29577476000674,-0.0,-179.78396953473515,-1424.59379405591,35.24413410507333,-805.1060363572047,-532.3065667324587,-283.725969214352,-799.3043229559566,-2861.7996441526802,-17.147247709858256,-1391.7310214337244,49.25767856599873,-1236.3403359011206,-308.2400643118572,-0.0,-0.0,-232.06816019574163,-0.0,-0.0,-1986.8631032966193,-732.2448645654634,-0.0,-881.606363508603,-651.8537102677811,-0.0,-0.0,-1829.4666504521365,-898.4457679494612,-1675.9970113244678,-1730.8821911542955,-0.0,-112.53230464495614,-3248.703479852623,-1099.808747039217,-361.218470050304,1879.296632201509,-1981.7769485069816,-1474.094609628203,4.26304600871086,-961.0627325086183,8.931648937532419,-2072.019987245209,-0.0,-3635.0920018038914,-919.5404543107991,-0.0,-1987.8394002637096,-1733.3769065203712,-0.0,-229.73295045619506,-963.204846750318,-1148.38112698388,-1768.8468014725713,-877.725464847264,-535.2034313655341,-663.3165698186233,-0.0,-175.38820645238926,-0.0,-2912.890751955371,18.262269787956395,-3804.751846101997,-911.1225719155389,-49.26133867454366,-49.00151856397822,-1563.7129778796664,-1088.630178618092,-0.0,-550.0762695380122,-0.0,-0.0,-755.3150870638887,-0.0,-0.0,-0.0,-0.0,-0.0,-0.0,-0.0,-853.0846605142592,-541.0346537299026,-2973.678173733823,-2973.5492058407112,-0.0,-0.0,-1373.5884762587036,-2231.0780864719495,-552.3501740538715,-234.1105887975803,26.95401612165717,-0.0,-1547.0396323394466,-0.0,-2820.983457798055,-0.0,-0.0,-0.0,-0.0,-2104.2335157767047,-264.97530263087515,-591.4777524827069,-1305.5513655580212,-1417.9090827716939,-1194.0675142607809,-840.3693859846423,-1371.259671238117,-0.0,-0.0,-0.0,-0.0,-731.184608415237,-500.68309697746554,-1682.8536072399702,-0.0,-831.366576599333,-6181.774235935447,-729.5672030675571,-894.1404077998733,-3856.3796354056963,-853.0083714535845,-0.0,-580.1761310008311,-581.3737185285894,-1303.066131668286,-763.6616869513418,-1785.8219490291772,-1874.3703167798724,-0.0,-0.0,-0.0,-0.0,-1703.6621009910848,9945.280416181584,7391.220736869775,-0.0,-0.0,-0.0,-0.0,-2410.0078440895854,-1124.0745443756593,-83.773323689456,-1726.8708555305261,-868.8603090578966,-0.0,-0.0,-0.0,-0.0,-870.6647559185359,-0.0,-1967.1272474768455,-299.26814269118574,-0.0,-0.0,-0.0,-0.0,-126.00022816360443,-547.0792525596704,-487.47547903930666,-987.5090080888707,-1100.191439311874,-1314.2589516951716,-1079.111269167971,-366.52898232159646,-1596.951116686457,-1898.736235122391,-1322.876338147406,-1886.5313030303673,-43.168630242574615,-1436.7987839539117,-1091.5350392901578,-1019.7931542579163,-1738.9237868017583,-352.7575139507925,-2964.552908724342,-1922.4967854121946,-2080.9511726062306,-698.4865165240981,-597.2815292045304,-1375.2677067594987,-0.0,-1110.0364518787296,-0.0,-3705.199107073442,-1030.407546379543,-367.3336482804057,-1868.3429210368906,-1720.0471518040456,-1298.0869912756884,-0.0,-0.0,-0.0,-0.0,-943.570846895055,-3591.327009504825,-1951.2857586354269,-0.0,-0.0,-1153.651998054882,-0.0,-0.0,-1283.1448848533096,-528.4314758609247,-1078.1715318331167,-603.2904156491282,608.8101967070322,-1291.036233245873,-724.131675519949,-1940.9951906996027,-0.0,1512.7568192399547,-0.0,-0.0,-1172.9460107114523,-5770.89200674152,-0.0,1670.008537830979,384.2952918013876,-852.8434127165383,-265.75808264789157,-0.0,-1974.4282968145344,-1163.7842068526713,-2652.442957861319,-2311.9758453412433,-412.9455766811022,-0.0,-582.8121856238664,-214.7566453321274,-0.0,-1342.788048354072,-0.0,-2020.9569682763606,-2858.2633363152327,76.51655500159218,-2645.5872187510477,-2216.775294072823,-0.0,-601.1471711417607,-1527.2678793704506,-2562.264904188054,-0.0,-465.62005761434733,-2806.7173881519293,-1056.7760392959883,-930.5122609058303,-1091.7823703056026,-475.48872096952,-991.6632261052688,-1709.2425622339713,-0.0,-1103.8972972879133,123.8801934349658,-1384.4457549451074,-0.0,-574.3753654378106,113.44064310224496,-1192.7565473195586,-727.6339561946324,-0.0,-600.6993906017113,-467.4179976554862,-2051.257776994776,-1309.0207665989344,-1892.0785282793172,-998.7672371062132,-792.4582272915831,-1139.177983781358,-2208.653904333358,-25.919659087106766,-0.0,-543.5839029289698,-765.9532489545245,-1488.3968642433017,-2346.5461976139604,-385.216267275131,-788.6002733662725,75.58439794188067,-1052.0088499206252,-1333.5068162639043,-1026.9321678562153,-0.0,-1015.881603519452,-65.32375365673612,-2732.5764352542355,-0.0,-507.9634328590099,-1011.869390064652,-580.2043885028468,-2809.368431799069,-205.29186158408257,-1800.5019958733092,-851.7079687987543,-2774.4063772646664,-0.0,360.0491791815487,-0.0,-0.0,-361.29758574607064,-0.0,-0.0,-4286.410263087273,-34.92959005878545,-47.158734587403956,104.65202153069283,-1570.087417015344,-0.0,-0.0,-0.0,-0.0,-0.0,-35.028859684170534,-0.0,-385.97568508752335,-0.0,-374.7852183413675,-1873.0053108732466,615.9297134326351,-3110.330041460749,-0.0,-0.0,-0.0,-0.0,-0.0,-0.0,-0.0,-0.0,-0.0,-3123.1090486614894,-0.0,-3206.8603495323946,-3314.739336841199,-42.6835864357654,-0.0,-0.0,-0.0,-0.0,-998.1618067258194,-1223.088439050467,-0.0,170.10097266003993,-710.5414805677053,-2314.730695191399,-742.4247497682196,-0.0,-647.4593919467947,-1121.311660323692,-0.0,-0.0,-730.2123179995493,-917.7985610276485,735.1585511681232,-583.8441861599978,30.819068324847304,32.67382672031637,-0.0,-0.0,-0.0,1958.306041938787,1533.9224749854948,1677.2488479437347,-0.0,-0.0,-0.0,-871.6007672239879,-0.0,-0.0,-999.6456962428437,-85.30414445607572,-475.34090732218107,-65.63635396884855,-1253.428652613145,-875.194150365831,-1489.156253527763,-147.788837823365,-304.8115614410236,-1310.331337659593,-0.0,-2627.416066150394,-17.43010367952456,-1046.7409409938953,-959.1936851506961,-19.149507596775695,-0.0,-1359.4270952715533,70.4046969304182,-0.0,-0.0,-0.0,-0.0,-0.0,-1640.5686376907624,-4004.789987702668,-0.0,-762.2490201876317,-70.57985152996021,-0.0,-0.0,-0.0,-527.6705215052655,-29.369803715843126,-0.0,-1441.870049689742,-784.137982989451,-0.0,-0.0,-617.7418795572968,-0.0,-0.0,-1906.1309343667908,-1687.2505419438621,-0.0,-975.7069154192703,-2343.611125037153,-91.50947990106339,-0.0,-0.0,-300.2919824123181,-926.4393684978371,-277.7712208234279,-211.78500074717985,-165.3804457002975,-0.0,-0.0,-0.0,-1400.708267303844,-1214.8790732353973,-2486.0910594607262,-327.93120772700837,-1522.5620527463486,-124.48246364107149,-194.10840354219215,-572.9435141659823,-2123.441218401953,-0.0,-0.0,-1784.9329220581915,-1997.7330779084189,-0.0,-0.0,-0.0,-693.8900032633763,-2258.4402098973073,-3892.2949237257485,-0.0,61.62475881728502,-217.05288433489588,-748.3387170174415,-689.6413832784699,-2290.7140893545916,-0.0,-1760.7385515833582,59.151225714978295,9.787697541344862,-305.10054128179837,-0.0,87.65733671374355,-318.73059167038775,-530.7384427152468,9.527319286570425,-0.0,-0.0,-864.4173226570896,-13.417728436149705,-0.0,-1575.0312430795036,-1081.8393296214495,-1390.364571882453,-937.76298248331,-1445.7392983551272,-1760.1545039276436,-0.0,-0.0,-0.0,-0.0,-0.0,-428.14010896225284,-713.8996214007116,-1398.5409088405465,-1502.7613139986197,853.8491332364381,-1717.5768137994191,1912.5557708475628,-0.0,-2462.1858266601675,-1929.3627790569392,-916.4297559370739,-36.08446952337979,-124.91580092452632,-2527.744896019959,-252.1507868685339,-0.0,166.35718416207297,-1095.1927734805602,-0.0,-0.0,-643.5734593556705,-436.1855788544116,-485.73462788051313,-1388.5151669072495,-1813.889148885986,-0.0,-1728.1319631082158,-1438.2283627102745,-5258.322751236282,729.5032891038678,615.8144476850341,804.9878648176466,735.0168097782121,-0.0,-0.0,-0.0,-0.0,-0.0,-0.0,-0.0,-0.0,-667.7956843142322,-0.0,-54.930891584194605,-49.72015365524789,-0.0,-1260.8052975357268,-1506.5763820578345,-2217.4604310784134,-0.0,-0.0,-0.0,71.80054963359235,-3720.449626702054,-722.5289588275803,-3133.519883011863,-2018.4262411441919,-0.0,-0.0,-186.8401552418415,-1463.2468329168796,-0.0,-2585.615675128053,-794.0765616124052,-0.0,-0.0,-0.0,-2431.2472758360823,-0.0,-0.0,-0.0,-0.0,-0.0,408.5415112701478,-0.0,-0.0,-0.0,-1097.7997391002182,-0.0,-0.0,-0.0,-0.0,-0.0,-0.0,-0.0,-582.0330259431489,-1150.5372425747046,-1561.7562476925195,-1811.840263951927,-652.7634046652371,-1275.2233362074887,-39.48026544736884,-0.0,-728.9385792809915,-52.72475891180797,-0.0,-0.0,-0.0,-0.0,-935.6738566090999,-0.0,-624.6688978663574,-1509.7356221704695,911.7932130836408,743.1593886491922,918.685229717421,803.3801109347716,835.3807475659225,-0.0,-0.0,-0.0,-0.0,-0.0,-0.0,-477.7060728996885,-0.0,2400.2685258611286,1124.706283933326,1320.603576661205,-0.0,-0.0,-1497.4153509460034,89.89745606875616,-68.59630029253995,-2576.0538629041143,-0.0,-1923.6402619829882,-0.0,-0.0,-0.0,-0.0,-647.8824496841002,-0.0,-675.6691488060978,-671.9138824961283,-385.78874151092435,-0.0,-16.541785922677395,-0.0,-929.4959644799121,-0.0,-2640.74561044129,-639.1896089223966,1898.4916152337914,-2389.7079895643096,-978.7789552769547,-83.74964518493769,-959.7016049215209,-0.0,-632.848300095476,-88.43372098194617,-2684.426874271952,622.8698966404496,105.56339572300841,671.3288362673962,1375.3977681757153,-0.0,-311.64212979070106,-29.362262278798717,-1382.4317627926819,-1161.1508992457896,-1643.2881697661924,-2025.2480103572013,-0.0,835.5784346077611,-0.0,-460.5700209436812,-3066.127509307391,-1366.663470666605,-0.0,-1635.4973566109104,-476.1590388345075,-690.898250462431,-759.2123370934721,-352.76671501766634,-1550.3946432770515,-0.0,-2209.7272497345966,-505.86624198450465,-1611.0400112693671,-383.98764394051136,-0.0,-0.0,-0.0,-0.0,-1364.6472925234941,1222.5742682787886,-1180.504147623996,-805.8241590967723,-0.0,33.468962976982034,-0.0,-0.0,-918.4122455541918,-764.3658255175201,-797.039857128886,-803.5070184694562,-0.0,-0.0,331.61734927076736,303.1488210705365,673.0849690804051,-0.0,-666.0055161370534,-2101.0141155985184,-1426.9397624916026,-4.727120153491265,-1774.6646039085433,-0.0,-0.0,-0.0,-634.9410647096607,-1097.1024339157323,-0.0,-1555.5868062607879,-0.0,-3156.5670832027336,-4308.960592976605,-0.0,-24.933665472311976,-0.0,-876.3151905427598,-0.0,-0.0,-0.0,-2333.166084463473,-1141.9837181762252,-679.7669588354347,-888.5701083797745,-0.0,-0.0,-2567.4588715457826,-0.0,-650.1939976339028,1182.1550685373256,-1167.1430927329313,-901.1538537111542,-686.9044896601779,147.41666016798632,-0.0,-0.0,-1483.7198680062588,-0.0,-810.5817153366204,-83.12516957579504,-434.62185411532647,-355.16619599165944,-0.0,-0.0,-249.29458532788206,-758.3994378451878,-1176.9233787147812,-637.2028399228967,-1189.485880909121,12.806597530667375,-0.0,-147.98656072719598,-2116.5452130261024,-1371.8931775826873,-0.0,-0.0,-0.0,-653.255022483279,-665.858722904413,-1519.2233743340992,-0.0,-0.0,-0.0,-0.0,-0.0,-1680.5032020762187,-796.7172011057994,-0.0,-622.0317813338521,-0.0,-19959.808494670207,-881.9602395148609,-137.3369665942105,-784.4510808517348,-0.0,82.58717352710086,-1324.473833673148,-2750.6418181891368,-0.0,-0.0,-0.0,-848.6668664926708,-529.946818934184,-1119.6444052175234,-1057.406097193443,-596.5870762400967,-0.0,-0.0,-1831.748103684254,-628.9910226480415,-2604.226596617662,581.09761624314,-2381.041589334674,-0.0,-0.0,1951.605587350466,-1730.9375133852127,-0.0,-242.0155936237586,-418.17478660379413,-728.1242151804397,31.94974347784064,-848.6845928824634,-0.0,-0.0,-1342.3417294189644,-1596.48787054855,-3263.021849671574,-0.0,-0.0,-2516.611846997338,-900.0295463136733,-965.0181278823139,-2609.0239890864564,-1751.3072528151963,-0.0,-0.0,-1257.7650272081955,-0.0,-85.03872713965875,-1733.4535772426418,-1868.1873636858177,-0.0,228.933678429001,-836.2503783671781,695.4167755057432,-271.3626697060252,-275.95417843095674,-0.0,-511.65664140237953,290.44839808141865,371.45394083224653,-433.75786943360845,-2720.8432878569156,-2140.0095561160556,-92.88659256939917,-5439.8890987621,-728.0604272459583,-1256.225953348821,-54.40542097587541,-3930.7693962432945,-380.0215500929592,-747.2765321304349,-301.0467604080893,-2085.094006183399,-1195.9668536467825,-3602.421707643639,-6212.526238434298,-93.10004573236192,-763.851089524503,-1677.9266523651513,-1367.0033981471663,-0.0,-3689.984161970057,-0.0,-329.60953002068754,-1941.3183333423044,-1366.8043547152124,-0.0,-0.0,-1007.223210561386,-280.5571915568471,-0.0,-1604.0965520117952,-0.0,-840.9740266917031,551.9515758743855,-2544.031461456164,-534.4682264405034,26.388701448747163,-14.749175785786456,-0.0,-2278.6619626365323,-649.972117316851,-0.0,-153.37529422130692,-0.0,92.56339301280646,-181.67225353877328,-0.0,-455.1170842000616,-1546.64772494044,-490.7114317021173,-1002.8289179679308,-2178.57137198754,-0.0,-4106.268597609014,-1943.7926054110903,-3133.6339445433705,-2602.1887103505637,-94.49258996201914,-265.38091553680226,-639.2319196368422,-1497.1284319917024,-0.0,-0.0,-1314.9308058727331,-206.47252778953703,-0.0,-94.16016865205343,94.20770038590844,-2487.4679446978175,-0.0,-0.0,-1303.1553327860222,-0.0,-98.99722279421685,-0.0,-58.25116186002795,-175.183393827626,-0.0,-441.0044392689731,6047.84432676844,-0.0,-0.0,-2950.500557232926,-776.0909978133178,-258.1754292303944,-0.0,-0.0,-0.0,-642.2493993130734,-2321.238956938997,-0.0,-0.0,-0.0,-2283.867591212994,-0.0,-0.0,-0.0,-1676.9745963940452,-877.1882596206357,-332.80759503275567,-473.93691418929967,29.343039829677274,-754.4944978356959,-431.20710039237383,-216.16258748244695,-2654.8294116797924,-0.0,-0.0,-1353.724848504288,-907.9550151957371,-2845.647061093466,-0.0,-0.0,-2603.3381577476202,-764.4118781885084,-1462.897690135736,-421.9006511361182,-729.4502265808308,-2213.3063669732605,-883.0800044739066,-87.27522935341045,-977.0207764725154,-2403.772701297503,-1726.3009364420755,-1425.9728101010437,-0.0,-622.9884785008189,-0.0,-2002.128555197485,-424.6619059072934,-222.01451895978767,-793.2311561459115,-808.7968135440314,-13.2519959416457,-0.0,-1211.0582473479349,-642.6754956270838,-50.136497956886046,1620.8009026437712,-85.3105667658504,-0.0,-798.9620532458771,-563.7657192158642,-0.0,-835.8169791748072,-1774.9753285674774,-0.0,-0.0,-0.0,-0.0,-492.1438722430729,-991.2684572608696,-390.4989366642125,-547.4577427487952,-396.1016502726089,-1813.0199036114109,-824.246645010765,-1413.4462693567673,-2920.581109020734,-1977.0500879573158,-0.0,1108.799268900696,1059.4878612748673,659.4137963666938,890.7875350141999,461.54077817361815,-0.0,-0.0,-0.0,-0.0,-0.0,-0.0,-0.0,-0.0,-62.52966210153266,-956.0895589828222,-557.323781509569,-303.2285342428536,-1212.34987683262,-115.09814310827271,-394.6238804541014,-1291.9536772584354,-300.11158117046523,-2162.4232553330125,-918.9131758665513,-85.56635726390333,-432.98427655703,-29.583251824310317,-0.0,-595.9540308511057,-178.6463449409819,-263.7893882736806,-857.9742020993665,-328.3470204333247,-1801.5191618160893,-349.02328433569335,-0.0,-0.0,-2242.16946582569,-577.776784150721,-384.5877779447634,-556.7746215579558,-1104.4992798384524,-457.6367787544145,-431.9046336718468,-0.0,-764.6420901031019,-871.6743355512106,-777.363293191501,353.1872883093579,-1550.03377649436,-2229.2743830217546,-213.4675605172943,-820.06692163603,-833.3044294152412,-14.142086627601495,-0.0,615.6156001999315,-919.7142883829332,-38.51076018351896,-2165.95259764003,-0.0,-0.0,-1270.8585562333137,-511.2571725710249,-0.0,-598.9349924032753,-740.9983637088903,-905.213688633441,-0.0,-784.5532386136668,-569.2738109198162,-2411.907369284759,-4771.26218562556,-443.35898895364585,-0.0,-100.27720788476806,-465.36157510917485,-1809.4918716874981,-251.66522117851068,-634.8744847353662,-836.9010345899553,-783.3697612906345,-373.2154836282347,-0.0,-0.0,-1799.569732682966,-132.30919594080464,-484.3613107092944,-813.4462136651655,-1361.72052152702,-2836.254141616777,-0.0,-605.4558646194621,-0.0,-0.0,-0.0,-0.0,-0.0,-32.62151779315705,-182.90406740318608,-397.82537784737787,-0.0,-0.0,-0.0,-0.0,-0.0,-0.0,-1097.6866975533335,-2263.7307005700463,-429.0767132669485,-605.7569057072503,-42.68658122509203,-0.0,-0.0,-434.3067281782507,-0.0,-0.0,-141.01816496974766,-3235.916811187417,-0.0,-0.0,-1733.0293365918114,-642.4669101180269,-1139.3367134521116,-1192.727877927226,-707.0970820862491,-0.0,-0.0,-1304.1636879530529,-2125.3773106867616,-988.4274775875282,-0.0,-1206.923320175235,-0.0,-420.479844521504,-846.2498855305284,-0.0,-780.4597623479929,-2097.8657210805286,-0.0,-1945.6399774273343,-197.78083912015654,-600.442737923899,-1472.0738434767006,-211.68268849580713,-1367.6412212677942,-0.0,-1213.0561416450994,-29.98920075047147,-2173.4497662393023,-2112.141976238925,-0.0,-0.0,-0.0,-0.0,-789.8770852197493,-835.2961388841583,-0.0,29.506245853420953,-412.2473919485878,-860.8020041161601,-2414.6887138007783,-2577.32268601414,-425.7974958695381,-0.0,-1430.8890761608359,-835.8769438384656,-2131.5005694422193,158.47687413208823,-0.0,-4070.7693976195405,-715.8651398947937,-0.0,-519.6347799990408,-1713.9805955325655,-0.0,-0.0,-592.5484742795786,-1438.5069342742345,-0.0,-1106.679711390964,-1432.577756949259,-45.43220901327623,-91.97811133047988,-587.239658923285,-0.0,-1618.04177267554,-2858.9450383439807,-1345.6016680345303,-179.79926576077105,-2309.264114422102,136.30774902268678,-1038.5664437063458,-601.1853942834974,151.4544781040236,-959.2113955221441,-1623.5040894573272,-918.5153609583022,-1674.267828405346,-498.10988561409175,-656.7853304355708,-780.639538945534,-1836.9624063538338,-0.0,-0.0,-2039.3491202368175,-366.16068729701743,-0.0,-1647.078332659185,-1294.2395481313883,-0.0,-3204.8520791413544,-613.3738066890727,-0.0,-785.4314191356395,-0.0,-0.0,-1254.8240280197522,-1322.5349810472244,-0.0,-0.0,-0.0,-955.7096090572525,-5.0024892906501,21.861183284403037,-275.6747426597621,-0.0,-2318.9431529081803,-1830.7305130458017,-622.4885203488263,-2303.615942132197,-0.0,-62.49148921461898,-981.1076725950969,-0.0,-472.3964451826911,94.5283040657718,-1633.381531746899,-1075.4601777488706,-784.9234607648337,-1382.909760560827,-0.0,-0.0,-0.0,-851.701905699665,-0.0,-452.7809714671687,-1041.428724530487,-234.099277053239,-1284.6527691900633,-2145.877540977592,-564.8372611804162,-2094.1875455774307,-0.0,-1247.3726160610142,-764.5906452379218,-595.0722896709893,-1279.4581561961988,-356.64210668229913,-578.8110889428314,-1459.1764650717002,-0.0,-0.0,291.9363026909226,-3106.7223913001726,-1108.7019522700589,-310.27019245943785,-0.0,-350.47545155080775,-552.2589461486413,-785.5967250798145,-0.0,-0.0,-938.04945072602,-0.0,-24.86958149392138,137.0078261718033,-145.47082945260792,-2336.333037843858,568.7393929947204,592.5969596741742,497.96061312018855,661.993697018477,52.89984116751248,-0.0,-700.0289938445408,-840.5666703428515,-402.3326700639962,-11.014321604548298,-0.0,-0.0,-0.0,-211.03659772356406,-13.621070451779376,-1183.1553186001372,567.9702650575397,2685.473955359678,-0.0,-0.0,-0.0,77.50622461842575,92.0553284182128,-0.0,-3410.6079831857555,-0.0,-0.0,-0.0,-0.0,-0.0,-2483.168035392206,-310.9327722686108,-0.0,-476.41810506314516,-2228.110656299829,-186.4024308285205,-362.9641350380568,34.32576874550652,-2101.154375981354,-4182.512983489567,-1854.0616064764636,-0.0,-0.0,-1818.9865092385203,-1127.354789768775,-802.1850016551673,-532.6892109899671,-376.2789939398675,-1082.4318877155831,-1116.7720829538134,-5464.772310792109,-667.460560866234,171.65698501706967,-861.159785854237,-1022.3081287426478,-718.731980185735,-708.8585152329125,-8.514805161131793,-2112.4203082080494,-906.5168606989564,-605.635633892954,-0.0,-0.0,-0.0,-0.0,-278.46164363748534,-1347.1578775566745,-0.0,-1461.6546346782902,-1550.2323020899303,-0.0,-0.0,-1614.4685465004063,-0.0,-0.0,-264.3743638952894,63.459776824302736,-0.0,-0.0,-3274.0242193057275,-1278.286269928744,-124.5997964078211,-1103.2065882627762,-1349.44981271459,-0.0,-352.54571216529257,-543.2343426698336,-0.0,-1699.3236485050193,-402.49832776979304,-1135.3628973085547,205.32902240082063,-943.4925118757955,-251.22196768867497,-260.943238984514,-60.74866588964081,-42.18912865697505,-701.3144761675172,-898.1000105172081,-492.517373338687,-912.8372472052594,-0.0,-61.82072403036509,-812.444350616844,-194.47223580283995,4.688953907839175,-0.0,-1299.513420361578,26.444805115146032,-1229.2463950132537,-0.0,-0.0,-0.0,-2186.254038993745,-0.0,-0.0,-96.27249332959725,-0.0,-0.0,-0.0,-0.0,-0.0,-0.0,-730.3919875051974,-1537.1909746500257,-0.0,-0.0,-0.0,-0.0,-1069.7993109030342,-571.4061336451684,-0.0,-0.0,-2077.7169407888605,-0.0,-1511.159392960859,-3034.56946655084,-0.0,-0.0,-0.0,-592.1951171925214,-0.0,-0.0,-0.0,-1137.3595817728708,-776.4390969084626,-748.9964738845354,-0.0,-0.0,-267.4020554671614,-0.0,-4401.393506871107,-6330.530241681423,-0.0,16.795713502960268,-0.0,-634.2333670069017,-849.0962798583396,-2112.9209370222165,-0.0,-0.0,-119.82122173122573,-800.3496960349393,-1553.3445911904782,-754.9593815225289,-449.9990944003325,-0.0,-0.0,-1200.9366658925217,-1234.3920586382558,-51.99231829432389,-0.0,-0.0,-776.685977329848,-413.2210418188202,-94.00593412905947,-0.0,-0.0,-0.0,-2362.1664652081686,-435.1141446060774,-1468.749558364475,-4746.046810470485,-0.0,-974.789124682104,-1265.4738659231753,-2617.10137987952,-329.58861570003126,-0.0,-0.0,267.20082010567455,-1338.7357851095771,-1862.5974371544075,-555.7405362482341,-145.41846524829677,-29.369930628510755,-2086.6330587787043,-519.705362826278,-1841.6279206295285,-767.591246446498,-2622.3562467273177,4.2154669360382755,-1062.5604848596904,-863.9091040215483,-2241.535137962239,-0.0,-0.0,-878.5455246501549,-1961.0644115062544,-2049.584719033098,-1133.0342304980559,-0.0,591.7582997541961,-71.08912618945247,-526.9632858269165,-0.0,-25.213648760864544,-0.0,-3147.1562942015057,-66.21486431242941,-0.0,-0.0,-868.2469345216274,-1221.8498770658812,-955.1717443764064,-336.03282257493777,-732.7831889303677,12.96903088040899,247.19303549359958,-905.0395097650136,-29.561904105036636,-1714.7050190183472,-0.0,-1814.0937679336846,-125.46331763838342,-731.7220431581958,-404.84127078093104,-25.515795916057904,-48.94402748382146,-24.741347722161468,-1474.0744132571674,-1067.0525415665495,-1579.5669297169125,-268.0630798776675,-1525.316118186178,4.990628318300961,-0.0,-833.1559275041787,-3299.3163796755834,-0.0,-0.0,-29.00446142776449,-2243.4524059312466,-235.65820083776438,-725.1689842094144,-422.58529024023983,186.18527731320148,-0.0,-0.0,-1362.48946432595,-0.0,-0.0,-2208.1415441243694,-1882.2544344683788,-1021.2331391523679,-909.198102813125,-633.6715237551008,-1076.1480717710408,-864.2346574290224,-1345.1767489880526,-2821.6411885730026,-0.0,-0.0,-0.0,-0.0,-329.2620465755186,-0.0,-2205.027043378534,-689.405686681144,-907.7815779084043,-1103.5455959174146,-576.1363083888751,-0.0,-1845.772947442083,-662.3733573997188,-0.0,-2881.9599395326045,-1597.2895152021508,-0.0,-0.0,-3188.0022787490943,-2258.319994288461,-446.7068876921123,-900.7985635934193,-0.0,-520.1602462514701,-399.972005941184,-0.0,-700.171108803969,-588.1680216354689,-606.0944431462867,-0.0,-0.0,-0.0,-0.0,-477.36513237791144,-1428.4634741331572,-6679.490342142918,-0.0,-0.0,-818.5719326501386,-867.7020614649583,-2232.932696991079,-705.3765455650803,8.434312831828361,-597.7388694569984,-0.0,-811.1420464761198,-633.8097202113399,-0.0,-528.5621411991082,-1286.593259921411,-0.0,-0.0,-0.0,-0.0,-0.0,45.78390016100511,-2412.5020390441687,-0.0,-1404.1891315715454,-1006.7246142093888,-4.893194312609424,-2255.93480281768,-947.5575607662582,-1165.0489439285925,-1457.3121355181502,-88.81492953822816,-135.88951271946078,-1376.8964944886998,-953.7589132654308,-732.5923788180904,-0.0,-1765.1234595257092,-1373.0971496337258,244.84800508481618,-0.0,-666.7642677397909,-888.4249294852323,-1054.5135891925847,-86.80713093722774,-0.0,-297.0828018282103,-0.0,-0.0,-2670.4218322188262,-2552.1005757685407,-2172.989996012961,-1807.4547263060838,-0.0,-1192.2586506738198,-2176.364661415805,-0.0,-5923.299155551593,-0.0,-0.0,-0.0,-0.0,-1060.3809056729683,-2611.655380926374,-2656.1745764411844,-106.83235947336418,-2333.4443286336596,-0.0,-1106.4357218786747,-37.89992082932924,-0.0,-75.16190309242016,-628.8395723795318,639.8500293668278,-0.0,-481.90258335364496,-50.50979793730539,-0.0,-1561.5034917811067,-0.0,-2177.822182622095,-172.21002711427516,-0.0,-0.0,-1216.5833707600707,-2019.0824909126454,-1187.976759374166,-1279.5886155950298,-1550.1769798119492,1706.0335309801167,-55.16379055858174,-956.6815685117442,-38.38516971131338,-2349.4294177573724,-1006.490637723135,-941.2548569435207,-496.7302739054767,-1831.9773643633505,-1897.3517759527072,-463.68251782474476,-2785.637423035407,-398.0827586044544,-0.0,-0.0,-59.78934234197656,-0.0,-0.0,-0.0,-0.0,-0.0,-0.0,-1670.857502907947,-698.6947148170756,-1472.9442557392977,-987.4606390704398,-0.0,-759.5744460055842,-1508.5377376313309,-1332.456740447062,-2241.798795996601,-1401.657429980071,-94.72276380091306,-198.79412462945058,-1188.2673764865317,-1671.9212638842373,-0.0,-0.0,-0.0,-79.72566236483948,-983.7945028176057,-192.365441599403,-594.3744885374607,-1183.2882645098457,-0.0,-0.0,-0.0,-4462.879803867906,-0.0,-148.76721253344226,-0.0,-250.80410718779441,-1449.2790267021603,-1337.6251821245426,-917.0500369076738,-0.0,-47.28151510712181,-688.4656586836509,-745.4736087406255,-611.3110616837977,-0.0,-1211.3095799319176,-0.0,-0.0,-3534.6218136452144,-0.0,-1486.6279004852274,-683.2248018351236,-468.14621393034156,-306.777492540513,-1539.5727322733017,-3357.309396910565,57.64091193873361,-2233.028586434788,-2023.0050506448003,-580.8301712222828,9.484003269872598,-0.0,1646.0289927091314,1275.9471548894987,1409.9746191076306,-0.0,-0.0,-0.0,-1037.326291850712,-0.0,-335.50552329405224,-247.66520961934478,-0.0,-4469.067012568528,-0.0,-1504.96736109192,-99.49349292840043,-1219.0371217502864,-573.0578860103951,-1672.6542790016056,-1345.7861533156206,-0.0,517.8334850659155,-2972.661138050755,-1821.4240325581907,-578.2305091378402,-1530.3363756536035,-2186.3035318162224,-0.0,-0.0,-292.57951242868916,-806.869755613365,-2267.3755251435673,-942.4128611140812,-43.271862279809305,-0.0,-0.0,-782.2698306877913,-0.0,-0.0,-0.0,-232.83329029678228,-1641.2788317132722,1714.5204424338192,-1570.8153204872178,624.6745572648201,-881.1913054698285,-1098.6686224073305,-14.82927795254306,-5832.8853046507775,-392.06194321111514,-0.0,-74.94308600932627,-2504.5738101422867,-1841.1252867841033,-0.0,-34.9706613615897,-0.0,-668.3608216331397,-30.763179240159005,-2262.170154970937,-1629.601923551867,-0.0,-385.7463799945873,-0.0,-0.0,-0.0,-829.9522171993185,-1194.4140791801988,-459.8367183261384,-1383.0648745549786,-2085.889285227695,-1100.899280203761,-490.53557018456627,-490.26860380995083,-143.68274862422453,-2003.8655213763088,-719.2259151824397,-1047.9474002677694,-1559.4151518654462,-1830.395845868685,-1467.3498149757336,-368.43569613939724,-1709.7856095096517,-0.0,-0.0,-0.0,-2812.7203997666206,-0.0,-536.9214363513197,-1399.465696552609,-12.454648706284155,-989.7131293448576,-667.3546042952611,-1079.968717303683,-828.0399931118682,-239.02124698055295,-2295.236784558783,-5276.479456967194,-324.77634755402335,-39.41692397353837,-0.0,-127.90838042636227,-8189.97451146981,-2314.1791050580337,-719.2093392050168,-2546.6876909065313,-240.89087769353497,-0.0,-26.668455453598977,-795.0977655050842,-146.73444530145645,-1402.6440685668958,-1197.236623319736,-216.801764720486,-0.0,-799.8540721566239,-2407.6593908619616,-2228.6325455494825,-1885.369626170139,-0.0,-1763.4514929805894,-0.0,-54.53693461795173,-1197.3312033961993,645.4012768192584,-0.0,-0.0,-323.7250007397455,-1185.049361813494,-843.7803065126755,-1434.4732146284277,176.95502328268822,-1570.1511231276102,-139.03388197149198,-402.60013606348605,-2399.467827980886,-2224.0726732770204,-429.99348567875967,-0.0,-0.0,-0.0,-0.0,-0.0,-1991.6515068262208,-0.0,-726.9964713596053,-919.8303000108784,-2810.093511528345,-0.0,3.935834594473851,563.9173647719263,2411.7577394232744,-691.0465380039196,-1500.1928462123203,-0.0,-1779.2248464919542,-4371.764070289673,-864.1590064403495,-6070.722336399132,-1466.1404632386118,-0.0,-916.8627534840662,-2797.881880149541,-223.2211727381873,-0.0,1278.2266520147464,1551.9822827463481,1413.005480269602,-0.0,-0.0,-0.0,-0.0,-104.28604670923288,-2971.8998145752025,-98.43662670123629,-0.0,-2270.335695645044,-1318.7914365906831,-566.2535930886168,4.66344799941669,-0.0,-255.16360370627606,-1006.970239663571,-0.0,-0.0,-53.79743406964989,209.40908490843614,-2388.277454651562,-0.0,-991.1458184011998,9.75648917321481,-98.54491706873388,-0.0,348.21537623012864,-114.7166773957167,-637.9674139015212,-2263.8594183429004,-0.0,-73.81726144538499,-1281.131985084294,-1132.0443361864602,-46.01695148571445,48.143687746414386,-0.0,-1484.0110054160089,-911.0203627196474,-8.33300024500037,-0.0,-0.0,80.87808292520944,-283.55689153953153,-207.38880551688257,-90.40557910606154,-13.127935508188235,-181.3842487080469,-780.222867517408,-1107.857209298857,-619.5991149645675,-0.0,-2385.2292655658152,-994.7113956262127,-0.0,-0.0,-1285.1755978916776,-2547.473686011786,-669.4705569608861,-8.900867262889133,-3178.320705473873,-135.04459700291042,-90.18563349498571,-1279.695318282155,-0.0,-432.8211007777259,-1607.919095934576,-4.881173009584373,-0.0,-3840.6948341387183,-163.395509947479,-1721.319695088031,-1198.9937782541272,-1479.4864283418517,-2932.795364883321,-94.99314030153597,-905.9382375437407,-2068.292818663774,-1512.683916266189,-1251.8143260810243,-249.97546829022446,-2045.041511527708,-0.0,-3494.8302196145105,-0.0,-7218.911359064095,-265.31276029194663,-99.00707714329215,-1694.425633604634,-0.0,-0.0,-0.0,385.9223308080243,51.52474036770926,-955.7031984885168,-1591.177318234529,-539.6457503839393,-1401.4562679449605,-0.0,-0.0,-1553.8792604416878,-398.08845841460123,-559.0695944109929,-183.40299359197897,-0.0,-1865.7879291784109,-362.856011123061,-2235.199406689216,-0.0,-39.46071359590478,-0.0,-2000.9659793682365,-859.1426205516376,-1650.134430669377,-0.0,-0.0,-1975.3475726809156,-625.8208076329681,-867.4011018671295,-1737.658215010512,-509.51220348827735,-1398.5722677362987,-0.0,311.0339900943337,-1289.7354303055413,-4519.021538068541,321.2124789672934,-1670.9188147855734,-8685.272631710055,-768.58017844543,-762.7726434522533,-256.702424281623,-252.38407748692183,-1185.2917730519512,227.9738429422636,-249.42870837702435,415.32200022621777,-1222.0825836544475,-621.9108438746987,-0.0,-1472.6056725651385,-1931.6151117347724,-994.5456427441295,-431.59440935120443,-0.0,-0.0,-37.68255876495202,-1173.3349907555332,91.02429468083034,-2544.344631082473,-0.0,-0.0,-575.6527816443522,-747.9996256187823,-1288.1392279970562,231.3660791940767,-2885.3777944818885,-1709.861694795849,-1447.670175838806,-271.81697789603237,-0.0,-408.4204617625458,-0.0,-790.9602527003598,-27.12395082452317,-1762.9446723914414,-534.7242688182929,-1115.74237554959,-453.2893549147108,-401.64302787044716,-0.0,-1374.931693544761,-790.1457153544578,-1404.1288463950657,-0.0,-3531.1445486467205,-1521.1361264481284,-1606.8939325719687,-1083.3728887904683,-1252.052207190811,4.3178105733506085,-2410.9714573427473,-797.8440114778181,-1361.0530867330979,-2171.9349647642453,-356.69901002914463,317.6029022357857,-1138.4781276259148,-0.0,-0.0,-24.38260603111374,-62.609535902706185,-20.68195056258502,-272.64153823884504,-0.0,-0.0,-0.0,-0.0,-0.0,-0.0,-0.0,-0.0,-0.0,-0.0,-1418.913734834214,-2831.709873387101,-2474.9297147888246,-0.0,-0.0,1720.6323449639053,-586.6600876120806,-0.0,-475.67738400617253,-517.6151432044364,-1081.6851573020942,-1073.1641333469518,-1372.0065038453288,-0.0,-859.8797387711576,-446.4731078509946,180.87454611687878,-0.0,1046.1455729039276,-0.0,261.79655688782964,-0.0,-371.6283677753512,-0.0,-491.0743735062192,-1215.7447563933242,-2025.2463495739073,306.71242898896475,-0.0,-0.0,-0.0,-0.0,-0.0,-460.8224510772958,-92.0923217375346,-0.0,-0.0,-0.0,-572.5323803166474,-0.0,-43.59049292159226,-719.2209209038244,-4105.059643891918,-0.0,-1520.81297688752,-0.0,-681.694200275913,-0.0,-0.0,48.11097022638865,-0.0,-169.80345477896321,-0.0,-0.0,-0.0,-1207.1368817061702,-1940.7559094830638,-0.0,236.66575099906643,-2483.210760231806,-0.0,-86.46189240371173,-314.65983841219287,-0.0,-0.0,-1795.482132396743,-0.0,-973.5040397588581,-1399.257171978618,53.300230891661315,-3464.310387323616,-1801.6088738256765,312.4785400233485,-892.7550381156626,-0.0,-1154.4557127673024,-0.0,-0.0,-0.0,-4300.649743342258,-1042.3211627473174,-1706.4734338554608,-0.0,-446.7753123969312,-4.939590372352293,-1469.3652539049178,-2263.9212380088015,86.45599779672543,-3440.36901290297,-0.0,-1799.4078915975279,-2626.5373273841747,-0.0,-0.0,-0.0,-0.0,-2697.596138115817,-196.66508629387505,-1768.8939910397535,-0.0,757.5342855478985,1262.020797294882,-0.0,-0.0,-885.2166149896068,-1106.3668067968213,-381.2414100168748,-21.955247338649542,70.53005044918959,-0.0,-1489.4432501768752,-0.0,-299.00720794996045,-1360.3866563043348,1528.3441088322877,-0.0,-0.0,-0.0,1010.3689551712733,1119.2837685112224,-911.2508050299007,-0.0,-1570.9962803515402,-0.0,-1184.714040272941,-690.8839174402503,-0.0,-0.0,-0.0,-0.0,-0.0,-62.1522345290235,-0.0,-0.0,-0.0,-1264.3382944463233,-324.7146064855766,-0.0,-0.0,-0.0,-191.46295415996858,-89.1409256273585,-700.9888733421868,-793.7331446977545,-3243.3130722678857,-1498.2517961396154,-1233.1687879273036,-0.0,-3371.1277291201504,-41.9531642839153,-0.0,-1130.447755372752,-2612.4363434047573,-874.2775181328541,-511.22392803427005,-1227.4930949484171,-305.8724515322152,-732.5815040809752,-815.1361048083791,-1211.8222895330678,-304.41015298396667,-1897.7052513445597,17.064735436142936,-436.6500626091469,-0.0,-0.0,-875.4007894576745,-4218.348489462806,-0.0,-1223.259983632974,-566.3761775267006,-0.0,-422.18687756379563,-755.4358513512465,-766.0047481062218,-277.4858208119664,-0.0,-0.0,-0.0,-0.0,-0.0,-47.684581988336454,-0.0,-699.7777455299056,-0.0,-0.0,-835.6635230321872,-1226.7515403752113,-2992.317685521388,-494.22870856889574,-788.7971032868007,-117.0524746615241,-2142.501304500595,-0.0,-1086.5837842768806,-622.1326785408066,-542.0099647392127,-1496.709907105605,-1038.2160320119872,-1962.8749396013475,18.993789091586997,-524.1035764071207,-0.0,-1242.6336339075344,-1237.3583028878386,-175.83262144879797,4.2281156400234865,-2686.6455005988482,-1479.0548094880892,-822.6744304585982,-0.0,-678.690694442052,-795.3504641950101,-595.3003001111641,-2774.1958317921453,-4.132885885098128,-0.0,32.54912197753473,-0.0,-0.0,-292.99675847202116,-4352.2909238821485,-218.2716693987733,-1629.6291946570127,-4270.6662199239645,-0.0,-5118.999431859909,-274.69468275085467,-2213.1419725487444,407.5477450995947,-0.0,1756.1205831777283,-1003.8217711384709,-0.0,-2200.111602435268,-0.0,-75.97679011938382,-46.18907562506253,-0.0,-0.0,-0.0,50.05143232028842,-0.0,-0.0,-0.0,-706.5789501881135,-1585.4265972687426,-760.1788340532781,-0.0,-3893.5354685163074,-0.0,-0.0,-0.0,-251.1050720978824,-450.8647624388036,-0.0,-2183.6197035414375,-0.0,-0.0,-3835.5078748650785,-0.0,-24.81379987477863,8.42938903451688,-544.2476229085102,-22.263912233181387,-0.0,-0.0,-243.82955809944644,-0.0,-0.0,-1481.4924360634595,-1222.3397363538186,-1777.7735318699608,-0.0,-297.12054427584627,186.31189644923126,-407.65343409581,-16554.991665435482,-0.0,-659.3591680210668,-1449.8415210239573,-642.4935747562928,-0.0,-37.44685352830948,-17.99677830629461,-300.08454336893294,-1172.0943295196953,-0.0,-0.0,-0.0,-535.0796966225847,-3093.2221242802625,-1475.2464694902264,-0.0,-0.0,-0.0,-393.788769504669,101.23312557369523,-8.936816811500627,-1536.2717536135992,-0.0,-0.0,-1126.2482979109948,-0.0,-0.0,-0.0,-3044.445531286305,-1119.3396823966846,-0.0,-1229.6649651711887,-685.3371615546023,-280.0938492365212,-791.7024473121537,-1230.6290344401277,109.40351104800186,-1500.5308111424335,-1320.2820343940687,27.50743171255247,-2146.14628403225,-0.0,-0.0,-0.0,-0.0,-534.2330959895869,-0.0,-0.0,-633.0686900965123,-1172.3347062100145,-811.8250644926137,-0.0,1755.183782000467,1658.8356815082036,1642.16136976856,-0.0,-0.0,-0.0,-937.6812041750666,-47.27199622840641,-837.8066452231966,-87.88119572563375,-768.0515071835938,-1838.9141068230554,-1379.7456729857045,-2249.2296273231236,-0.0,-0.0,-0.0,-0.0,-604.2871947463616,-937.7256780455092,-1946.095857105533,-474.7287525259899,-1525.5816125052097,-2188.0253307440967,-2385.801769157737,-0.0,521.7403311880519,-457.1813230383134,-419.37772623738545,-130.8200799556653,-5151.815749903043,-70.86119266392504,-0.0,-990.8835999744373,-1717.3078145153547,-0.0,-78.22947403209172,151.39737662085906,-104.71779570857854,-554.6532273899805,-2578.545800244315,-180.61773765428543,-1831.487192868245,-0.0,-2072.9818715185042,-2012.7755145131182,-1654.847390727269,-0.0,-2040.282354702534,-357.80541740230666,-746.4644086142863,-1072.0230841350715,129.49558785739174,-2150.1106919721565,-1389.1438193494662,-0.0,-108.07085775546676,-0.0,-0.0,-0.0,-1148.7465200823428,-702.3197785566057,-0.0,-0.0,-0.0,-4121.293717450558,-2151.013939034134,-0.0,-0.0,-4.999111988916512,-1940.2310503312485,-1054.1363857144538,-0.0,-852.0825659734168,-1548.5498924443498,-644.8973102606025,-25.99634614315836,-996.0830865728959,-9.801495485372028,-1770.4818384199984,-1891.1349842707727,-0.0,-0.0,-48.69843001121088,-0.0,-0.0,-1459.4967153058838,-109.14902065553926,-507.5174033002479,-0.0,-0.0,-0.0,-836.117502967786,-370.5052702353839,-129.24374020870147,-522.612306687823,-257.2686822777922,-2257.733547792544,-355.3288887429073,-652.0744162310281,-1481.1874929304945,-0.0,-457.24981282223933,-0.0,-1960.6068693383006,-1682.465248684854,-1979.6664223136847,-493.76837402625733,-328.3101696523842,92.78811652427949,-1080.5620935722397,27.65272416396739,-0.0,-536.5818408714163,-0.0,-0.0,-565.892143213474,-138.06653221148477,-3203.3003671635283,-3249.3014460717577,-577.9175077074872,-0.0,-0.0,-1175.3168313903782,370.858746800496,-0.0,-0.0,-0.0,-1270.3364023763074,-51.31321497815308,-546.4472936216039,-4280.8835844198065,-1661.365980769192,-1292.9088191800295,-511.8727700663049,-201.5161771222409,-1432.4365199787374,-803.4415875153604,-559.2145320370165,-0.0,-755.8592824786978,-892.6190155225299,-1917.0182540233334,-0.0,4.868886274874323,-14.538382300989111,-0.0,-0.0,-2061.3196093189513,-0.0,-4048.273382990652,-1332.9914098675229,2818.933868127527,3255.9252327144723,-0.0,-0.0,-902.5024657343226,-1223.8651736959932,-674.315158565465,-403.0999575396771,-3543.8643023007803,-655.8564908450547,-0.0,-0.0,-0.0,-1409.5480628454957,-752.487529833014,-184.57682736802488,-2938.704393861634,-1169.1724582493014,-30.567733644225957,-480.6132604268674,-1205.8608505309342,-377.0541761267172,-604.1855877356995,-0.0,-72.26769369730427,55.591687546323854,-1121.333805782686,-188.57279595184212,-0.0,76.64136973615867,156.6087328913651,-245.06456186639778,-1569.4689404814915,-2632.700059019365,-70.0115527991919,-1044.2931243893113,-1583.0837190020704,-0.0,-0.0,-774.8043600923659,-0.0,-0.0,-0.0,-0.0,-722.070738951502,-26.064413230670475,-1407.0724374156725,-1338.223386646004,-2898.4546783921883,-1317.20390491779,-0.0,-673.2197948049688,-0.0,-1811.9273530305165,-1875.9343125528585,-1528.3182057702463,-1139.1921992407135,-0.0,-2441.348388177873,-0.0,-0.0,-0.0,-4052.937555104174,-1390.8412889385538,-297.59810287909147,-988.8021904407219,-1006.3102663711772,-1193.3501220218584,-0.0,-0.0,-0.0,-44.994207482400114,-6853.376705148556,-795.6962223628433,-2098.3290846131035,-4700.944849619858,-2570.804429453751,-485.2819484877059,-0.0,-2210.774750678166,-844.1232051454117,-0.0,-376.63991413716184,-425.8667979794036,-43.403235110650364,-1120.3885446042948,-344.52017267594243,1661.0886272770717,-537.469422170435,-0.0,-0.0,-1123.7663256698283,-936.555054391485,-2566.20919781632,-348.57042638698874,-0.0,-0.0,-742.0955578268706,-0.0,-0.0,-0.0,-0.0,-1544.841442899084,-707.007769372404,-1409.9975740448513,-594.6397745386734,-4.429742020149227,-876.9122088729886,-0.0,-0.0,-0.0,-0.0,-3241.820449496812,-0.0,-0.0,-0.0,-0.0,-0.0,-0.0,-908.2888780760596,-0.0,-3140.5403240137703,-557.2417130690828,-228.5771105850605,-1455.0567426823707,-0.0,-0.0,-1532.3645060250574,-1639.8383902021642,-4.926212351043571,-493.83235559272606,-62.21800001560822,-1995.4043685476424,-1100.6065420075258,-0.0,-4395.966511864516,-1470.8793687069835,-0.0,-0.0,-19.180651387281184,-472.22626533020775,-1391.3145013991048,-0.0,-0.0,-25.029619592946656,-1861.8990340201817,-675.7325716662025,-401.03416905327754,-97.46484990670321,-2174.7221623186006,-0.0,-0.0,-0.0,-0.0,-0.0,-588.510464438942,-570.9558495812823,-682.7779887933941,-4811.126181373166,-1910.2133254846285,-1403.5530681918096,-123.26983387017577,-1116.8761186461531,-1378.4102206047219,8.467645875210735,-0.0,-0.0,-0.0,-730.9374319962876,-470.2100681047895,-1930.3886801376643,-674.1173495421773,-0.0,-1981.1708574523261,-0.0,-722.9656062533896,-0.0,-0.0,-2236.50544595997,-700.5356612054723,-640.8192663534462,-1619.9456161953708,-155.5042358845874,-14.63776485524172,-876.6656368588858,-1652.3072040219377,-0.0,-507.9120003338133,-1322.9310281729984,-4786.082410164104,-0.0,-322.3394489683313,-2586.5390006647785,-1743.4834329014434,-1430.9254452278742,-614.8845786573995,-1428.5414237239045,-0.0,-402.2980724002767,-0.0,-291.28348057159224,712.3968896619948,-0.0,-0.0,1038.9213897183804,-0.0,-2530.3234577906483,-867.0202593017841,-1074.1097494135,-1360.6747902080156,-1673.094102218949,-434.14302320390107,-167.85560143022235,-0.0,-0.0,-1028.171817609041,-1139.8669050694577,-896.3281641477623,-0.0,353.7337367546863,388.5316173953635,-270.08731840850464,-3190.322481249912,-2058.5281730517972,-0.0,-0.0,-1637.0850906445269,-4723.1519482890935,-3104.56795027389,-593.1016197105828,-1116.8457383387267,-1284.4281906630633,-0.0,-242.77998130380502,-0.0,-831.8065113488875,-256.22152163669466,-2151.8160659632604,-3024.641802898274,-352.58482751023115,-646.4029560677707,-5120.340909457931,-1411.8119991725664,-647.0631872758527,-320.80049989303234,-1471.5865502348952,-797.2347685089411,-5.045529940071422,-1733.7728248883618,-2026.4210242683578,-0.0,-0.0,-671.974305964961,-1460.3721987106567,-392.2924743995967,-5.035348020420745,-0.0,-0.0,-0.0,-0.0,-0.0,-40.42324538116888,-803.9594351830686,775.2932508214341,-512.0754506159841,-850.9078971280643,-635.7874133436629,-1271.0576610279998,-1779.606121415966,-1351.1070928665913,-2086.684140888999,-329.2544900210226,-647.8113570269788,-1783.181693715407,-734.5687028583175,-0.0,2762.3330421955875,-282.0307174602655,-81.54614595434262,-0.0,-1001.2704885884676,-725.0437662004141,-1538.3783811143726,-2228.569070038978,-2517.9349255177726,-0.0,-0.0,-0.0,-0.0,-1160.2386495814635,-1920.2342032740253,-0.0,-969.3873657401826,-9.760526485448358,-0.0,-0.0,-0.0,-2913.8519345778423,-888.8363495992103,-207.59882196216125,-51.35898650060994,-0.0,-0.0,-1285.3043262948852,-1561.6411451881977,-955.4599590914581,596.9499991478059,32.270255476162454,-0.0,-22.8803836590567,-0.0,-1897.6108270606544,-621.823158300491,-1605.3864116936568,-2032.8910894789576,-1886.4349316750854,-47.03428816056134,-0.0,-0.0,-1872.6679298720612,-428.00152379194833,-0.0,-0.0,-265.0375327883644,-0.0,-46.3835013078366,-0.0,-1480.2188949977408,-847.4595896178835,-0.0,-92.58941891343059,791.2687616201696,-0.0,-217.69088651883862,-2675.0496670407647,-0.0,-0.0,-795.5235508698875,17.769798253170645,-0.0,-0.0,-942.3011902530601,-1725.8174747910275,-0.0,-944.5677749916069,-0.0,-1498.4474348934534,1909.4437748431633,27.91970383035093,-2257.592927399701,-1824.3108133879177,1051.7875434830114,-0.0,-2372.5003280351825,-977.3514810727385,-1161.1058872199205,-0.0,-784.6669643112677,-140.0550304269188,886.4477687403836,-433.12105962724814,-1728.7500829798698,-0.0,-0.0,-0.0,-1023.2903196448483,-701.5372943715236,-910.6503328839589,-1260.0952568869627,-1174.9340642029838,-33.0829032342347,-1271.8154134085416,-1068.897702165501,-1353.407665419108,-0.0,-0.0,-615.264452605013,834.95360511722,-7646.820093764471,-0.0,-1457.4010308313418,-2303.518790156182,-918.1725004806729,-874.6799887802223,-70.45398954643584,-2693.600504112201,-391.2024378209095,-0.0,-1177.4573093350318,-1062.4716908497664,-739.5578697558217,-0.0,-1732.1346150921677,-2402.4417245682225,-29.190435850341533,-1288.2314832588554,-2695.305678659832,524.0562812244698,-0.0,-523.2982904273704,-189.55097368357394,-1573.0863697309444,-1054.267867302446,113.27017026043936,-146.85713273647164,-914.8898702396284,-573.3732996736845,-642.9766032825322,-759.0671669727432,-584.6571182359015,-0.0,-1533.4527292691048,-0.0,-1388.2968311945444,-868.4322776368095,-196.02052130915888,-0.0,-2076.8822215572345,-5641.441091072592,-0.0,-496.354078855544,-0.0,-2590.4420375193636,-292.6926794388077,-0.0,-481.8962426098543,-481.6193644642096,-0.0,-2749.4295044933865,-1879.089557953119,-0.0,-4992.727197476001,-145.60811498723123,-1522.2979783038,-1589.3275477470431,-1829.8475856789555,-114.75673538563865,-0.0,-1057.6268157708087,-2384.6168381508164,-608.9325269478077,-1032.8560378310829,-1277.4230544367902,-1939.8672315336871,-2697.726352161955,-918.8133344645906,-2361.9713209579904,70.07373887655508,-0.0,-357.85670899932506,-1589.3551732619708,-1398.0458567787246,-0.0,-0.0,-0.0,-495.8262361833576,-560.6067318318686,8.98187334056878,-659.7904053496688,-0.0,-1426.0278250920094,-870.3210398278113,-681.5433040184521,-0.0,-0.0,-364.9785062422749,-2088.8628141377744,-1020.3794668019198,-314.98030438983653,-1085.1388122776152,-41.58124264274987,-0.0,-0.0,-3152.064567384133,-1354.9784325457094,-0.0,-0.0,-0.0,-85.83096821061906,-1065.7888791881173,-55.96635845515989,-1928.1188711113587,-1758.1069203870582,129.7297666229397,-0.0,-718.8037170293511,-0.0,802.5647410976998,-147.31555626912333,-0.0,-1863.5878547313098,-370.54652167036437,-2296.479879964062,-0.0,-1879.0016763524998,-739.6344068767274,-224.87164431414269,-13.983979625781238,-38.829321233697016,-0.0,-0.0,-873.761013751427,-1447.0923100179516,-0.0,-686.8628885743229,-0.0,-421.4549175739836,-633.0085125709894,-0.0,150.29804359993912,784.4190264019377,900.5354694739824,971.3136912669397,955.9799343147257,882.8569071809006,-0.0,-0.0,-0.0,-0.0,-0.0,82.34647597797617,-0.0,-0.0,-718.3923293837947,-185.5228200509129,-521.4051476267382,-90.37230423891178,-0.0,-1264.0593338340252,-1693.0161866065894,-2325.790727467334,-273.63452217882053,-222.98066351369218,-0.0,-0.0,-692.2042004380713,-0.0,-0.0,-0.0,-0.0,-3061.3469808202844,-0.0,-46.82795951034429,982.7564349919603,-0.0,-1167.6959433930515,-688.3066394847821,1661.3260887561744,-1104.7423913349985,-0.0,-3336.388122518673,-2563.9096926817697,-223.45567487597236,-900.8440040102889,-1379.2445231932056,-607.7566855006005,1340.8887005264598,-94.74190740295155,-665.8056473768909,-0.0,-0.0,-537.029210612299,-0.0,-981.9162172035209,-0.0,-510.7207651169739,-42.34088734092146,-0.0,-0.0,-1301.209455226366,-0.0,-0.0,-632.9571552689882,-1334.0426186270984,-2305.1374885246832,-0.0,-0.0,-0.0,-2053.1359374101567,-0.0,-1169.99334502023,22.65450368748422,-0.0,-0.0,-1297.2716454535123,-1136.1437066764413,-1395.7198167654933,-461.8114472892592,-0.0,-1544.1880115038998,-320.04480729016956,-0.0,-0.0,4.644383973601017,-44.767968516943334,-5075.997685400007,-0.0,-137.62278900694213,-30.71610826228207,481.77301347944285,-87.26142525632278,-1134.5847294147966,-1038.8705997428463,-526.7188844942746,-0.0,-0.0,-2112.050717389197,-0.0,-0.0,-0.0,-0.0,-0.0,-0.0,-0.0,-164.3943041486711,-0.0,-0.0,-2057.935245124463,-7647.463621058774,-147.92188209538512,42.22399138696315,-428.1768515434871,-795.240914140421,-130.7958810500195,-4747.102383947399,-266.2029675303999,-349.30050478430843,-0.0,-0.0,-0.0,-1926.2519447672562,-0.0,-42.40023374269679,-0.0,-0.0,-0.0,-526.4545631619551,-13.339604861386308,-273.35476695502206,-1445.9236069010399,-724.3338421262118,-80.11804006837383,-2746.203790482242,-0.0,-91.0076543453175,-2566.274130306132,-0.0,-1461.9544195844394,-92.18455430190461,-1633.3507508180055,-0.0,-0.0,-1168.371368789233,-748.1935273801201,-39.26390445384943,-1048.2914589035606,-1027.8470252637944,-806.9239518791998,-174.66294817663223,-862.6908918525967,-823.1252883327147,-2522.4877505755176,-1069.2892364665554,-0.0,-1727.5895897372727,-445.9171549768139,-726.4062189936487,-0.0,-0.0,-1240.0465095788243,-2650.990043223301,-1024.6897626326622,-0.0,-0.0,-0.0,-4236.354418728335,-973.9100393378212,-192.37210578078225,-387.1593749505561,-42.82968972401572,-4275.544547618193,-0.0,-0.0,-2656.536368371112,-971.9010331985479,-0.0,-0.0,-0.0,-88.92662197729838,-0.0,-2092.488032944077,-2008.4573931328173,-0.0,-394.1163965105789,241.56332970548863,-0.0,-0.0,-0.0,-1232.415005748967,26.22810671956298,-2801.192945507946,-732.8697560791604,-1350.7363733524417,-860.7450469018175,-3635.3535215441866,-1909.4811739722657,254.03319968342828,-0.0,-3342.4986844419,-0.0,-0.0,-0.0,-1417.804112468461,-807.7041919874507,-2018.5069030871393,-0.0,-0.0,-937.7233794081844,-1692.2982380789888,-726.5256316743905,-582.3513392395032,-0.0,-0.0,-1369.2394720837656,-0.0,-0.0,-0.0,-0.0,-0.0,-0.0,-619.8331277402455,-86.41087947658303,-1742.100785566822,-0.0,-780.0170313208813,-1381.8757055089995,-38.943326748898166,-0.0,-0.0,-0.0,-0.0,-0.0,-0.0,-0.0,-0.0,-0.0,-0.0,-1400.197869186745,-1966.3315611690712,-0.0,361.14896979063514,-0.0,-734.8384644267511,-109.48181477299791,-0.0,-977.6747343830388,-442.2478539715956,-110.12556073883025,-2157.4995856467385,-558.1682370802832,-2968.173586646383,-192.8322107069544,-2394.9124077309802,-1876.381607168451,-984.6164077823755,-4.798332101650338,-0.0,-1303.2915817393493,-2314.2838696597328,-2559.260154033629,-96.11598845637863,-251.11424236769057,-2048.501631721755,-0.0,-2480.339132325187,-401.8153531850636,-0.0,-1976.8174528796665,-0.0,-1014.336054515645,-0.0,-3112.119201418994,-0.0,-0.0,-87.78585453987834,-1190.4036496404842,-550.3638077354653,-0.0,-1512.2735328634383,85.468640573337,357.7928493940026,400.64650282616566,-314.3355311968428,-1879.8926659362937,-644.2632266287625,-0.0,-0.0,-6294.284729034952,-1256.103478268884,-0.0,503.3698213527447,-0.0,-2237.7335668648875,-561.3119203416745,-727.0275832571192,-0.0,-0.0,678.6526733805728,-0.0,-1066.5075516073803,-1377.9037065643706,-2088.258150864842,-0.0,-753.5531184556904,-3246.9464922681414,-1077.410308168157,-0.0,-1522.581646446864,-160.690784191825,-1292.5553288000158,-0.0,-963.3973780034438,-0.0,-0.0,-0.0,-978.7135673135823,-0.0,620.4007185112799,-0.0,-407.93328998800723,-838.7703508280351,-518.8922006636593,-1237.9664873673828,-635.5586753480512,-2322.007682403302,-1382.4724852476338,-0.0,770.4137123490958,-2669.1486753517197,-1882.193857420361,-758.3998712959241,-0.0,-0.0,-0.0,-163.80446739325623,-1354.0216605459266,-330.06941193581355,-1052.8514213878084,-2265.709938242368,-2870.3438431588247,181.99424372997967,954.5569725557336,815.4503925144566,-0.0,-0.0,135.3957110107817,-36.106579763934036,11938.899346918324,11115.756345392847,5832.078344116882,11089.975876778319,11864.287155865857,12213.66960340582,-0.0,-0.0,-0.0,-0.0,-0.0,-1551.2483961252753,-1374.3250990863341,-910.8725594595229,-0.0,-3030.942459219694,-718.1598069273479,-1291.3079331331294,-34.85959188670106,-967.5586873731972,-1401.5845071365777,-1181.4566583931723,-1427.6784868109808,-0.0,-2929.693474249056,-2006.4674488237947,-874.3253251706074,-136.50926569624724,-3847.4980518093716,-0.0,-268.7619688767317,-0.0,-12.9532299564724,-0.0,-150.67036004155565,-332.0963859938518,-1144.035355959405,-954.5085931951487,-0.0,-0.0,-0.0,-2644.222456053482,-0.0,-0.0,-299.22613059827023,-1130.8193396472063,-1030.6536207099143,-103.47932546573473,-1327.5518524012728,-2154.6634227904565,-381.4126328777407,-0.0,-0.0,-139.22940927533003,-1322.4732632099676,-390.69962760890405,-0.0,-6036.157243182264,278.788003138655,-0.0,-0.0,-0.0,-35.524487215977985,-478.16327073319053,-0.0,-0.0,-1375.2243382391478,-2312.915777418322,-1530.3097675022575,-449.79622869613314,-454.5603752768698,-472.2785908672283,664.4472984276773,-1445.0894540163006,-0.0,-610.7348296211516,-3061.3284979817427,-639.2592860104996,-8.977681011777213,-0.0,-5.952258125448108,-0.0,-0.0,-0.0,-1309.4128986567862,-478.89630228850183,-1712.8691286859005,-0.0,-0.0,-0.0,-275.37280447066996,-674.5277539662244,-1679.4264848409216,-3723.5508204234593,-383.58452243521225,-235.80084150025183,-0.0,977.2372912465536,-0.0,-1349.8606619710738,-190.5914081930559,-0.0,-0.0,1194.8845825092776,-0.0,-1957.082949263525,-0.0,-0.0,-0.0,-234.24998703427474,-2371.643954987794,-1992.2274152855177,-34.33678850862938,-2830.0379491850913,-1645.7775307405748,-29.13369527729935,-31.413412277898892,-79.71704348259807,-0.0,-0.0,-2288.7317827590255,-0.0,-6555.416313676906,-0.0,-1498.467240941693,-293.9214666389023,174.3964302408673,-0.0,-65.14320398946566,-1441.3549704926868,-1788.9144469394628,-637.7434520180431,-37.685729066102645,-286.0494203468644,-0.0,-0.0,-0.0,-0.0,-1271.659799237808,-981.7590913843709,-0.0,-665.8238664659111,-1429.7070441893914,-207.4368408428043,-92.16107219811876,-0.0,-0.0,-0.0,1245.4506281045092,-4.254319032857746,-0.0,-648.7038334434093,-994.0382988476478,-1594.2406466878615,-0.0,-0.0,-2329.0449014953097,-0.0,-0.0,-0.0,-0.0,-760.7328892904395,1129.6450465241385,1261.2429686155579,1379.3539676899777,-0.0,-0.0,-0.0,-674.8473829864789,-0.0,-0.0,-425.1294173914198,-706.8128969387509,-0.0,-248.0505644275407,-1525.0062036645136,-1413.5269100576995,-0.0,-0.0,-0.0,-13.346239538825033,-1729.5906270683984,-4.949034185455342,486.4672114173749,-0.0,-1870.5594132358344,-874.3761199350516,-603.7488953618762,-2154.1784148775855,101.9196682656325,-333.9610639018252,-21.243245858493548,-488.4787553233906,-423.038160009843,-1124.2498929889452,-402.70290045577207,997.1509381773473,-1650.4381917503013,-259.70938754078543,-195.37579013010384,-4424.905421472066,-3254.6400710578473,728.6953609367459,-1123.3109628201746,-232.5742403205473,9.609672182868328,-931.253442790396,-1325.3320731251436,2035.6787620179682,-695.932861038054,-775.1171877091836,-795.0757342515005,-0.0,-7870.30598210782,-0.0,-531.636014835722,-997.8402348177418,-708.8549368089886,-1065.6927480910344,-1310.6523664111826,-0.0,-1186.8954723861762,-187.0110207618748,-96.42654038930277,-7208.108468844479,678.0598980505869,-227.26084125075758,-0.0,-629.3693648851836,-1453.0067748224403,-0.0,-0.0,-538.0650921302401,-1745.6550994980137,-96.46482024631368,-259.7120237859874,-310.1776755083207,-1222.5610104542661,-0.0,-0.0,59.87361289891562,-0.0,-0.0,-2015.1896403650562,-0.0,-1921.6254495481355,-1008.5816591280636,-1375.8420896213634,-0.0,-0.0,-564.331733154049,-996.1143607999294,-158.2802089414884,-0.0,-517.3068776603496,-170.37757846295438,-590.1558114236736,-0.0,-221.95832221970466,-557.562220198992,-2479.3613188677673,-1096.959807937154,-1882.7908685217387,-0.0,-0.0,-1576.499967692289,-24.02301452920395,-0.0,-0.0,-1286.3824880282793,-0.0,-0.0,-0.0,-0.0,-0.0,-0.0,-0.0,-0.0,-0.0,-0.0,-112.98702175936957,-0.0,-0.0,-0.0,-0.0,-0.0,-0.0,-0.0,-0.0,-0.0,-0.0,-0.0,-383.7938451023822,-0.0,-0.0,-0.0,-0.0,-0.0,-0.0,-0.0,-0.0,-0.0,-0.0,-0.0,-0.0,-0.0,-0.0,-0.0,-0.0,-0.0,-0.0,-0.0,-0.0,-0.0,-0.0,-0.0,-0.0,-0.0,-0.0,-0.0,-0.0,-564.7227785026838,-0.0,-0.0,-0.0,-0.0,-0.0,-0.0,-0.0,-0.0,-0.0,-0.0,-0.0,-0.0,-0.0,-0.0,-0.0,-0.0,-0.0,-0.0,-0.0,-0.0,-0.0,-0.0,-0.0,-0.0,-0.0,-0.0,-0.0,-0.0,-0.0,-0.0,-0.0,-0.0,-0.0,-0.0,-0.0,-0.0,-0.0,-0.0,-0.0,-0.0,-0.0,-0.0,-0.0,-1503.7531948178191,-590.7711995145787,-1923.7974604135266,-0.0,-0.0,-0.0,-0.0,-0.0,-0.0,-0.0,-0.0,-0.0,-0.0,-0.0,-0.0,-0.0,-0.0,-0.0,-0.0,-0.0,-0.0,-0.0,-0.0,-0.0,-0.0,625.840305987055,-0.0,-0.0,-0.0,-0.0,-0.0,-0.0,-0.0,-0.0,-0.0,-0.0,932.1611902811198,-0.0,-0.0,-0.0,-0.0,-0.0,-0.0,-278.83063790868454,-0.0,-0.0,-0.0,-0.0,-0.0,-0.0,-0.0,-0.0,-0.0,-0.0,-0.0,-0.0,-0.0,-0.0,-0.0,-0.0,-0.0,-0.0,-0.0,-0.0,-0.0,-0.0,-0.0,-0.0,-0.0,-0.0,-0.0,-1230.5375878152754,-0.0,-0.0,-0.0,-0.0,-0.0,-0.0,-0.0,-0.0,-0.0,-0.0,-0.0,-0.0,-0.0,-0.0,-0.0,-0.0,-0.0,-0.0,-0.0,-0.0,-0.0,-0.0,-0.0,-0.0,-0.0,-0.0,-0.0,-0.0,-0.0,-0.0,-0.0,-0.0,-0.0,-0.0,-0.0,-0.0,-0.0,-0.0,-0.0,-0.0,-0.0,-0.0,-0.0,-0.0,-0.0,-0.0,-0.0,-0.0,-846.347111496177,-0.0,-0.0,-0.0,-0.0,-0.0,-0.0,-0.0,-0.0,-0.0,-0.0,-0.0,-0.0,-0.0,-0.0,-564.2239512417589,-0.0,-0.0,-278.9363830669924,-0.0,-0.0,-0.0,-0.0,-0.0,-0.0,391.1767067271226,-0.0,890.4930977302229,-0.0,-0.0,-0.0,-0.0,-0.0,-0.0,-0.0,-0.0,-0.0,-0.0,-0.0,-0.0,-0.0,-0.0,-0.0,-0.0,-0.0,-0.0,-0.0,-0.0,-0.0,-0.0,-0.0,-0.0,-0.0,-0.0,-0.0,-0.0,-0.0,-0.0,-0.0,-0.0,-147.76947720669804,-0.0,-0.0,-0.0,-0.0,-0.0,-0.0,-0.0,-0.0,-0.0,-0.0,-0.0,-0.0,-0.0,-0.0,-0.0,-0.0,-0.0,-0.0,-0.0,-0.0,-0.0,-0.0,-0.0,-0.0,-0.0,-975.1831951318875,-0.0,-0.0,-0.0,-0.0,-0.0,-0.0,-0.0,-0.0,-0.0,-0.0,-0.0,-0.0,-0.0,-0.0,-0.0,-0.0,-0.0,-0.0,-0.0,-0.0,-0.0,-0.0,-0.0,-0.0,-0.0,-0.0,-0.0,-0.0,-0.0,-0.0,-0.0,-0.0,-0.0,-0.0,-0.0,1531.2577680875663,-0.0,-419.61260988867605,-0.0,-0.0,-0.0,-0.0,-0.0,-0.0,-0.0,-0.0,-0.0,-0.0,-0.0,-0.0,-0.0,-0.0,-0.0,-0.0,-0.0,-0.0,-0.0,-0.0,-0.0,-0.0,-0.0,-0.0,-0.0,-0.0,-0.0,-0.0,-0.0,-0.0,254.7458006821839,-0.0,2418.386894868117,-0.0,-0.0,-0.0,-0.0,-0.0,-0.0,-0.0,-0.0,-0.0,-0.0,-0.0,-0.0,-0.0,-0.0,-0.0,-0.0,-0.0,-0.0,-0.0,-0.0,-0.0,-0.0,-0.0,-0.0,-0.0,-0.0,-0.0,-0.0,-0.0,-0.0,-0.0,-0.0,-0.0,-0.0,-0.0,-0.0,-0.0,-0.0,-2575.0903475016416,-1647.8215361789664,-0.0,-0.0,-0.0,-0.0,-0.0,-0.0,-0.0,-0.0,-0.0,-0.0,-0.0,-0.0,-0.0,-0.0,-0.0,-0.0,-0.0,-0.0,-0.0,-0.0,-0.0,-0.0,-0.0,-0.0,-0.0,-0.0,-0.0,-0.0,-0.0,-0.0,-0.0,-0.0,47.464156456202,-0.0,-0.0,-0.0,-0.0,-0.0,-0.0,-0.0,-0.0,-0.0,-0.0,-0.0,-0.0,-0.0,-0.0,-0.0,-0.0,-0.0,-0.0,792.9915361574405,-0.0,-0.0,-0.0,-0.0,-0.0,-0.0,-0.0,-0.0,-509.33216941342494,-0.0,-0.0,-0.0,-0.0,-0.0,-0.0,-0.0,-837.9328859472674,-0.0,-0.0,-0.0,-0.0,-0.0,-0.0,-0.0,2508.6029652146585,-0.0,-0.0,-0.0,-0.0,-0.0,-0.0,-0.0,-0.0,-0.0,-0.0,-0.0,-822.2792046503486,-0.0,-0.0,-0.0,-0.0,-0.0,-0.0,-0.0,-0.0,-0.0,-0.0,-0.0,-0.0,-0.0,-0.0,-0.0,-0.0,-0.0,-0.0,-0.0,-0.0,-0.0,-0.0,-0.0,-0.0,-0.0,-0.0,-0.0,-0.0,-0.0,-0.0,-0.0,91.40363021490398,-0.0,-0.0,-0.0,-0.0,-0.0,-0.0,-0.0,-0.0,687.1371026533334,-0.0,-0.0,-0.0,-0.0,-0.0,-0.0,-0.0,-415.4919716193571,-0.0,-0.0,-0.0,-0.0,-0.0,-0.0,-0.0,-0.0,-0.0,-84.15761024156636,-0.0,-0.0,-0.0,-0.0,-0.0,-0.0,-0.0,-0.0,-0.0,-0.0,-0.0,-0.0,-0.0,-0.0,-0.0,-0.0,-0.0,-0.0,-0.0,-0.0,-0.0,-0.0,-0.0,-0.0,-0.0,-0.0,-0.0,-2275.0317519229598,-0.0,-0.0,-0.0,-0.0,-0.0,-85.03595457015021,-0.0,-0.0,-0.0,-0.0,-0.0,-0.0,-0.0,-0.0,-0.0,-0.0,-0.0,-0.0,-0.0,-0.0,-0.0,-0.0,-0.0,-0.0,-0.0,-0.0,-0.0,-0.0,-0.0,-0.0,-0.0,-0.0,-0.0,-0.0,-0.0,-0.0,-0.0,-0.0,-0.0,-0.0,-0.0,-0.0,-0.0,-0.0,-0.0,-0.0,-0.0,-0.0,-0.0,-0.0,-0.0,-0.0,-0.0,-0.0,-0.0,-0.0,-0.0,-0.0,-0.0,-0.0,-0.0,-0.0,-0.0,-0.0,-0.0,-0.0,-0.0,-0.0,-0.0,-0.0,-0.0,-0.0,-0.0,-0.0,-0.0,-0.0,-0.0,-0.0,-0.0,-0.0,-0.0,-1715.0641195223334,-0.0,-0.0,-0.0,-0.0,-0.0,-0.0,-0.0,-0.0,-0.0,-2139.8943111405233,-0.0,-0.0,-0.0,-0.0,-0.0,-0.0,-0.0,-0.0,-0.0,-186.5389257851476,-0.0,-0.0,-0.0,-0.0,-0.0,-0.0,-0.0,-0.0,-0.0,-0.0,-0.0,-0.0,-0.0,-0.0,-0.0,-0.0,-0.0,-0.0,-0.0,-0.0,-0.0,-0.0,-0.0,-0.0,-0.0,477.66105167474717,-0.0,-0.0,-0.0,-0.0,-182.11815682814742,-0.0,-0.0,-0.0,-0.0,-0.0,-0.0,-0.0,-0.0,-0.0,-0.0,-0.0,-0.0,-0.0,-0.0,-0.0,-0.0,-0.0,-0.0,-0.0,-0.0,-0.0,-0.0,-0.0,-0.0,-0.0,-0.0,-0.0,-0.0,-0.0,-0.0,-0.0,-0.0,-0.0,-0.0,-0.0,-0.0,-0.0,-0.0,-0.0,-0.0,-0.0,-0.0,-0.0,-0.0,-0.0,-0.0,-0.0,-0.0,-0.0,-0.0,-0.0,-0.0,-0.0,-0.0,-0.0,-0.0,-0.0,-0.0,-0.0,-0.0,-0.0,-0.0,-0.0,-0.0,-0.0,-0.0,-0.0,-0.0,-0.0,-0.0,-0.0,-0.0,-0.0,-0.0,-0.0,-0.0,-0.0,-0.0,-0.0,-0.0,-0.0,-0.0,-0.0,-0.0,-0.0,-0.0,-0.0,-0.0,-0.0,-0.0,-0.0,-0.0,-0.0,-0.0,-0.0,-0.0,-0.0,-0.0,-0.0,-0.0,-0.0,-0.0,-0.0,-0.0,-0.0,-0.0,-0.0,-0.0,-0.0,-0.0,-0.0,-0.0,-0.0,-0.0,-0.0,-0.0,-0.0,-0.0,-0.0,-0.0,-0.0,-0.0,-0.0,-0.0,-0.0,-0.0,-0.0,-0.0,-0.0,-0.0,-0.0,-0.0,-0.0,-0.0,-0.0,-0.0,-0.0,-0.0,-0.0,-0.0,-6004.180817208909,-58.370820898367825,40455.58466393375,-4054.55441037753,-5048.135609822574,82118.62429552177,-0.0,-7478.09421348988,994.3240795072286,2377.9245555665752,-27322.70303229968,-0.0,-5282.023195407981,-0.0,-0.0,38021.812951229964,-12529.009815308462,4299.470974041214,7099.972801335926,-5089.8891363518,-30696.44170686416,-9913.922242288822,58.008031741564054,-101.74033061925603,-6959.949656867617,-0.0,-14963.024888555414,-20799.617214247817,17572.18715141389,-649.8565423649216,8.997810493104481,53025.816700416566,-3591.0894627840844,-134911.61778201818,-3193.5887907059946,-25928.197578469662,-21589.458565269855,-7177.538372726525,-6955.586626870221,-16749.941287279118,14336.338566588978,-2799.60612881147,-4705.194911681023,-4200.457141640705,-12748.92592225551,9393.858607716431,43024.92860951403,-1145.816692732876,79.3192972969676,24359.148647519745,6073.207229377205,-634.9565721548405,16751.562920143813,9401.429130063321,-6550.242752744546,-8315.304191202053,-4402.503665968963,399.4061256541884,-0.0,-0.0,-304.905391537081,-9274.57776322962,-3969.342977715483,-3474.0835141864104,-1987.6007148285278,-5262.091932887854,12501.037082836463,4167.906742564357,-9546.017129084014,22743.030982992885,-22943.25017468896,-39530.51117681168,78791.60834899184,-26145.47419126121,-10563.175463712838,-2497.0291951291247,-4224.615637585284,-6890.723043968013,-5380.20892710483,-37682.71315228395,-0.0,-15496.125091501755,-0.0,3474.8760166731613,-0.0,-0.0,-16085.378170928083,-1386.6688518629394,-0.0,-0.0,4566.450333206847,-0.0,-0.0,-0.0,-8002.36185522244,-5242.692162459591,-8460.020244960557,-8386.519654748745,8906.112895507998,-0.0,-33813.86831199507,53092.87952781564,-0.0,-0.0,-23096.5604680663,-11966.224787342657,214.39770493991688,57.87056645135803,-0.0,61788.904195605755,-0.0,-0.0,-0.0,-0.0,60409.18837248309,-1179.2477421974952,-0.0,-12758.393107297676,-0.0,-7000.69483238591,-1522.6074743063418,-3711.0021609406012,-18144.146044124234,14278.937335423376,-1694.9758307624138,-10663.443655474042,-0.0,-0.0,-5732.6570117134415,-7923.672022300314,-11849.832263472672,66244.35533248412,-0.0,-204.70226269544523,14748.75285706307,3708.0750400062366,-2257.087653711783,794.191778031197,6062.461187930799,-4247.309286521632,-93.26918291701902,-20466.23702464728,505.95717516694833,15451.17957648204,-919.930172742011,14554.188404837318,57592.079087072714,3536.3960807638337,-76.720051913258,10724.634210564458,-2371.4885001869316,-8841.531791037152,-11646.469608819145,-16801.2248141125,-0.0,7452.742000158009,22808.729526796942,24762.762507083404,-11132.60996366227,8464.280973100147,10115.32753997729,-9337.233651647006,18342.273400460865,-16354.758384371258,-0.0,5239.1614753618915,-13946.044841291043,-18166.9665886815,-9870.327979472579,29137.255485502763,3643.572879035697,-0.0,-6983.0705465749,-0.0,-3158.0524398647435,110.85669770508802,-4623.8457041139445,-0.0,235.12965505168057,-280.5443713501022,-25009.770201063075,-14549.106501248985,25167.598435778684,-7905.299695290903,4045.6921174843174,6471.526146023811,-7474.736758517798,-6055.76918325107,-13201.515703491574,-0.0,-2428.015573597351,-2044.418209481389,-0.0,1458.0853533711665,-417.65054726489427,-0.0,-0.0,-16727.022078819973,-4086.6779277057367,3400.1084860957335,-5545.807026291019,-0.0,-0.0,-0.0,63086.90882779865,23119.357576056576,-0.0,115.85065574521462,13845.820388793996,-0.0,-4942.600327066109,-2764.1689581962005,-0.0,-4981.323735608013,-10426.438809040259,137137.36835181346,-13802.762570089422,-10006.229715014888,-38365.10371177805,-0.0,1673.766596330388,3376.928350435774,-11151.080807560244,34001.77391987881,-9283.341264304227,-45330.78860242588,-16255.473984615192,-10476.900778174251,-0.0,1404.8142149923244,-5510.710560431572,27397.400873108185,-177.76948655719463,-488.97750484096537,-12301.857928913363,-10534.03466646115,33822.358980949146,-0.0,-2440.481177682464,799.5874020343522,-0.0,-0.0,-0.0,-0.0,-0.0,-0.0,-0.0,-0.0,-0.0,-0.0,-0.0,-0.0,-0.0,-0.0,-2418.32168268592,-0.0,-0.0,3893.7242689469026,-16658.688877682154,-791.2555312480583,-11760.023581125384,28363.930391736438,9204.550589986615,-4442.853010964942,3906.210689318813,50143.81805158302,-0.0,-0.0,-4769.438466993283,3656.828178566028,-7704.739749805486,-9565.583218378439,-0.0,-42.00985879764758,11385.603265397584,-5150.3465564244025,-3058.634644781663,4124.099895839302,-28568.94341324936,34604.67272663873,-6540.242689374543,-1143.137532677572,15460.6822179571,-0.0,-0.0,-0.0,-0.0,-0.0,-0.0,902.6109921265963,52515.97824934414,-11419.698322153423,-12489.875054760694,-10116.426422322622,-0.0,-10294.342119814097,-14797.52257223296,-0.0,-0.0,-0.0,519.3002504428243,474.7961334377293,769.7671375017086,2831.7535077792077,-0.0,4477.4290084096865,950.6979660951813,979.093706080254,942.3131753870955,819.7611338152392,3203.4129969310275,1812.8255857961979,3080.877163925021,2771.940659223244,3020.7540288352425,3260.817808665791,41413.89215553163,39071.61259127267,45975.367270911316,42766.86382223217,10597.477885030274,9519.416305056297,9781.285854591588,11006.055751794573,5337.839295027043,2268.3007750804804,2357.3301225271466,2450.516039661361,2347.6780330817796,2471.6444624105548,5174.19530566139,4860.7246206619475,1661.700347433834,1392.046557422266,713.9611406502395,455.98638526077985,574.707296185311,38083.15351858787,36887.36984887969,41194.46836154186,36544.87243238559,64279.917983548825,60792.01967780892,1464.2614833948192,1322.755753296182,1455.4054182536522,1397.985454092309,1362.3557801039906,1420.2690223430845,733.2374083669632,64183.43369780139,57234.08521469987,56666.81822920741,3094.8355543568146,2954.9371112375243,3190.1612197101904,-0.0,9259.002576378318,9907.516253989732,42959.223891847854,37331.45681938452,43855.49726006367,66754.72961315337,65371.19389109556,74491.21998325223,64050.78764216768,3070.39519575655,2645.830784870452,5681.532473525543,-0.0,21837.7823911711,24738.988195537106,-0.0,1730.1003872922097,1683.5425468231158,1694.185092641883,1645.3210242330124,1642.3571202320088,1664.7249572824805,43225.64654205621,43486.56908674692,40485.09667644748,37009.94884760726,1316.1708290643903,1430.6835748481224,-0.0,-0.0,16705.743053055456,41954.87676656928,36684.83225961255,40903.743273169624,44230.38470415653,-0.0,61135.76576689515,56881.28454207879,1163.2529499629056,2582.522461841781,2470.3122631240135,2641.4841173030095,2759.052182613965,2791.545729467725,65184.5320626124,62669.21967107564,-0.0,-0.0,18035.579357306167,1202.0210502679713,40767.24574069225,42754.94526255837,37908.99000703181,39472.02927478697,43202.38944872538,35657.43615753065,-0.0,17934.769947720957,11192.96700519912,-0.0,-0.0,1530.0488804623817,1634.039530550934,843.8019068700295,940.5032044382796,486.1095152892416,492.7619770140858,-0.0,1160.7788458161401,1159.100175620962,1235.2751703455126,1421.0733423528495,-0.0,1812.3601595832513,1766.9265657155565,2097.8478531260766,2728.4269968797335,2701.264935505369,2479.7783105651715,872.5191439824218,983.6963353263337,969.961904809087,1608.6215374170117,1035.8216246549587,1117.6245919633618,1140.8519373485387,1051.3971590566393,9293.824708777585,9286.224475060055,298.2726981638997,293.3584469174919,3948.3795651664695,16013.859896901586,1607.6697244734003,1717.01808089727,-0.0,-0.0,9819.698561927318,9827.298414741508,9686.082375235432,8467.430305669117,2260.2104243421,2238.881382681121,39625.246943880506,36289.354222957365,10615.248393561918,7901.386213708512,-0.0,57482.648322184235,2185.146500656555,2583.0209561985025,1166.8722730228073,61424.762183171784,61764.93738863545,65621.92235084173,54462.98568739539,232.53626755231602,64263.044806837475,58214.16321114976,-0.0,-0.0,26591.37959495034,-0.0,1339.478482550124,1148.2517570675877,1170.012167734817,2501.8950135765003,10584.14484565145,19805.474114286775,2065.059547431852,1994.5585430705326,27.06190200693047,771.9586039355673,782.1714373413594,18542.85004834114,1617.2516459905055,-0.0,-0.0,-0.0,1173.440600014124,-0.0,1227.4649783080372,-0.0,6870.954989765777,6974.908778901255,6270.886655713279,6487.141521117202,980.6492584624914,-0.0,948.7771166215821,-0.0,-0.0,1078.0136046493053,1136.562483797288,1180.051810641994,997.6782644579084,882.0070909417326,825.2558271950085,1931.3717561311598,1844.4928462668988,1775.99364386141,-0.0,3404.9249512811866,2981.748602142653,3488.623434709642,3335.3172766382304,5332.903527632736,55252.65836390177,57949.60602011815,11550.951576355164,23519.92337523202,16836.78199946783,20228.07389344745,1865.2879185591598,2247.113060068272,1029.5828244888355,946.4470265034631,2465.5863949990735,-0.0,43272.112222371215,37412.9545083293,1583.4176666190647,1282.1424589234769,1369.0501037599693,6122.347599512183,3476.6061709621713,3279.1139856756627,38305.42282236839,36237.954021357196,40306.19700212176,46685.23269605292,-0.0,-0.0,-0.0,2542.1142353927617,2711.9351131573917,2813.1546379344522,10172.99348776964,9725.93752275385,7044.344240721861,2616.3377664285895,2769.141869952192
20,-0.0,-0.0,-662.796142445174,-2298.5941189326245,-583.3962481672927,-552.7108070279473,-109.04949041646381,-676.2685627683709,-640.5164476928405,-0.0,-1429.9221528243067,-0.0,-0.0,-2920.2137104257613,-0.0,-609.9683046737998,-489.0426956595877,-0.0,-49.071410756898345,-263.89509925662867,-333.617252217511,-761.8149400819543,-973.393167269554,-800.8396004169958,-2344.4314817519476,-687.4818703367355,-0.0,-44.64466430916135,-3152.9918517728074,-1952.6725737666413,-0.0,-0.0,-0.0,-0.0,-0.0,-0.0,123.08806219506813,-225.8702934592178,-1982.5855690939802,-1690.8373419569007,-0.0,-0.0,-149.51814440419568,-583.3064443185226,-183.62433012586268,-0.0,755.3691784479337,-1979.7424248727164,-436.3668090789935,-0.0,-0.0,-297.6046364015538,-0.0,-12.570009245763147,-2316.142023377358,-3139.8337857722263,224.91111220771873,-6429.874351623797,-238.64694875385862,-0.0,-2016.9904544895799,-0.0,-742.6039655539959,-3335.4732628989414,-549.4383473076573,-548.6320241873559,-46.618126295174555,-2362.0918123487118,-975.3967176076443,-500.91984248775276,-3114.0389022302634,-0.0,-0.0,-2903.813396440256,-1118.4476131709278,-251.42571369099298,-1935.9953433537407,-0.0,-0.0,-1474.1029627286268,-1584.1342984077878,-555.0752648818301,-3837.2083779826985,4.383289670422795,-29.395060179050464,-2330.3301850365556,-0.0,-673.4222623960906,-1086.7828484174124,-8.31726676512534,-0.0,-1469.158434100744,-93.58149876880945,-879.9947338376459,-2363.857045430351,-45.01720750427017,-2836.716802240476,-468.7857378763563,-1557.2463900687278,-3092.587282660274,-787.0221886266519,745.5645888601025,-609.9704457460035,-0.0,-1535.8917505069332,-2583.066181113039,-5160.6322774707305,-513.9837141790606,-3386.1809046924063,-0.0,-1809.444354394206,-0.0,-0.0,-604.8633659650926,-0.0,-0.0,-734.4909419649651,-90.7883837452107,-1676.3895092507146,-1015.7189124982899,-906.9218149142223,263.39197615928816,-512.7989455552218,-341.26627755945134,-237.55551626030964,-9.100718315752372,-607.1038304581493,-683.9785714289588,-849.1676795794747,-0.0,-5463.400806920547,140.1157356110853,-121.5186190573179,-4936.884902136065,-0.0,-1166.2178061481395,-71.82696397249538,-0.0,-357.66774555986177,-0.0,-0.0,-946.1687206477682,-0.0,-787.4438108237574,-1018.6030880726818,-0.0,-1235.7233286494156,-319.9085269775628,-709.3397770227901,-2392.681685429228,-0.0,-1888.3790900932077,-1329.154152719729,-0.0,-0.0,-0.0,-0.0,760.5167403320168,-0.0,-1825.2818180534875,-1947.575241524339,12.660658602893724,-0.0,-0.0,-769.0778997620191,-609.364982528851,-856.2093349603989,-0.0,-490.2584911386648,-3417.7974754500283,-1185.088239327466,-0.0,-1361.7193446153997,-2798.185012054318,-0.0,-0.0,-0.0,-0.0,-0.0,-0.0,-566.5025058765337,-692.8639350705629,-265.1841737757727,-225.43298282870396,-1525.005661763582,-59.48355381565749,-0.0,-0.0,-808.4645128641108,-0.0,-634.1910444896932,-32.72257644817977,-4.849364433633445,6.652890874163772,-0.0,-0.0,-1350.4527009463704,-484.5820117448112,-535.5779392844348,-0.0,-3876.0557148424755,-2280.0514396205735,-1178.2785075994457,-0.0,-0.0,-2527.1913425991306,-1669.7865846153843,-748.7840002470799,-96.4716207244882,-1934.6896344347672,-1613.3200484094657,-0.0,-0.0,-1915.9628264358794,-0.0,-901.01318124983,-1465.6352390940842,-156.4257905359514,-474.9546274062906,-682.9909605462533,-645.678701556456,-0.0,-1745.6438030976833,-0.0,-3827.482691485874,-3236.1359015232388,-211.54127804519644,-455.6847238642287,-537.9605017236036,-0.0,-324.06203054769253,-300.43448833991295,-0.0,-1231.455774341147,-787.0166239478134,-1280.5002673451834,-1798.8892936077873,-1060.2466106714623,-2455.1561994249387,-2394.7615457082966,-2787.483606928672,-2545.8983823682956,-1172.6142543466838,-2451.5345395181166,-585.5957214716025,-673.0079043312362,-0.0,-1384.4269223617387,-1242.282444742082,-1142.1526977375709,-473.54002296793067,-455.60299455157195,-2330.320128079133,-888.6596194972308,-475.29219531798094,719.6367946785614,-0.0,1148.4586878088098,-1569.2596869895451,-0.0,-0.0,-0.0,-0.0,-0.0,-0.0,-1473.6111881515462,-3142.671563455044,-572.0280924408938,-1123.3497136499368,-0.0,-0.0,-2110.150635914057,-1380.508301123697,-2400.2694566169744,-0.0,-0.0,-158.6761793550578,-67.06483207395613,-453.4188615799383,-2137.1878311188075,-575.4873214790705,-0.0,-594.1653674789856,-780.6912332773733,78.47560219597301,-1370.6845264465596,-1685.6690443468588,-1527.907025785507,-2090.223431657259,-353.89718652103437,-673.1465575837954,-47.87806497937283,-1989.2614701290636,-0.0,-967.0375808707786,-188.73316407547458,-96.83474763096405,-670.4224510187007,-0.0,-2469.5908575049925,-147.39982661068737,-781.8698978163635,-1815.973197176629,-1796.262042978771,-0.0,-657.2307314832425,-883.9094388478255,-29.267257518724385,-288.75750338685145,-577.420019102747,-63.976486708244884,783.1343526840858,-1356.4083910695228,-0.0,-1068.4715314721439,-1766.0104891280835,-0.0,-567.9382719003341,-0.0,-1772.5975601514756,-0.0,-0.0,-0.0,-1333.0906124544474,-833.7435553590875,-529.1573760717789,-0.0,-1830.769157710168,-3531.584756057715,-4234.71906347493,-0.0,-383.1918167244911,-0.0,-324.9113119330339,-132.02455553206795,284.8498584337238,-660.2004223712535,-0.0,-795.6707984423034,-1052.029131924563,-362.1918391113309,-668.2371599691166,-0.0,-506.229005882054,-1051.6720958042729,-622.8229295001623,35.026015523618135,-2612.552532508308,-0.0,-0.0,-1595.6288958548148,-288.06474149207725,-1575.07212872134,-109.85941791963997,-146.7959054537147,-249.43790039344375,-701.6957934113169,-1150.5771538137,-1538.5407013909255,-2388.224664337163,-0.0,-0.0,-460.9169544297013,5667.496206548484,4.946348218667932,-0.0,-0.0,-0.0,-0.0,-2649.767031084494,-554.1105774836942,-0.0,-1131.002637789005,-1057.4157487468974,-850.8770928752754,-2528.855588001052,-289.0064460536221,-1333.6735310144177,-0.0,-0.0,-2274.6364712409336,-770.1438900851682,-1951.5396801555632,-825.8762155429466,-939.4116255257466,-2093.3726925019455,-252.06623442502556,-1907.76163320705,-1250.6350019102917,-35.907542772785256,-1166.9768917370332,-1284.4023989557807,-261.68875450198607,-254.9663923390012,-2181.6141224349867,-0.0,-537.3569326240263,-319.40530800412006,-35.064284912989635,-910.6879988688046,-243.31919699810933,-1080.727384299888,-1004.917457200911,-1434.093484344098,-266.5765764933517,-2876.4923261307,-65.52881865686469,-686.7341449520746,-0.0,-899.52055691603,-854.9156950468035,-1097.7073244737755,-1315.2074224656749,16.516722431417783,-462.94267998932617,-2937.841931510433,-903.5853193177198,-434.84281144476233,-1293.7651449155844,198.90414604440755,-0.0,-0.0,-0.0,-0.0,-0.0,-0.0,-12.537860186084789,-196.82110650929528,-2618.7164093308393,-5592.1178705665,-558.4202578201418,-1113.5778800804273,-157.4513844833,-605.2477594832657,-1536.0934333473108,-1270.8380157655279,-44.84041170519333,-617.8556097591888,-564.2907534078859,-0.0,-107.90948517984812,-1269.868893604242,-542.1212592721245,-0.0,-1174.415327153903,-0.0,728.4173174555737,-0.0,-0.0,-0.0,-46.36329007339141,-0.0,-0.0,-1220.9656624548152,-478.5894446630609,-1371.3643529673743,-0.0,-0.0,-0.0,-1019.5910386790399,-663.7006353464117,-1509.6407646631474,35.78009935857536,317.65332280651904,-0.0,-0.0,-3523.4811886798525,-1404.3826887501618,26.514120129566823,-65.33450562600717,13.215157780002496,-21497.806316357255,-21367.618791246463,-2664.7796207601236,-0.0,-0.0,-0.0,-0.0,-498.57107491095115,-0.0,-0.0,-697.2277764965194,-2588.646170637548,-2253.3658484738007,-1537.9074136900992,-394.8208400081058,-2102.036356707883,-36.43007269465722,-1480.3803404952741,1114.9573290788462,-8.425925665906393,-1034.930404565372,4.45144795535558,-0.0,-0.0,-0.0,-0.0,-182.38745450288354,-0.0,-0.0,-0.0,-1055.9815254629732,-1693.000878302329,-0.0,-0.0,-294.287834279539,-2541.8858640161407,-0.0,-1620.512404308697,-1906.5261735650242,-2331.256488390913,-0.0,-0.0,-119.1960893560373,-98.75177457993617,-1182.14977268443,-1728.9344067366014,-640.7285116558121,-1516.9935811226103,-1439.314971360168,-0.0,-0.0,-0.0,-0.0,-492.4623640740061,-294.0733298548282,-0.0,-0.0,-111.87939841216087,266.8552134402596,-0.0,-1436.0109078716555,-1194.459307922787,-1241.7376431381022,-0.0,-0.0,-735.7743096763655,-1390.493581093578,-862.4595105128917,-475.81929320998046,-0.0,-2552.940506697032,-2674.0947948962457,-0.0,-0.0,-0.0,-0.0,-0.0,-1690.2144796046712,-0.0,-2621.210037917724,-1517.2677763915385,-81.52926014390536,-0.0,-0.0,-0.0,-3137.9743946377075,-1549.6445313913553,-637.7435176170003,-550.8080815665728,-1414.4955476730738,-738.5447826609908,-0.0,-0.0,-806.0345472864971,-1597.7036357913848,-81.13526469233763,-546.8729221198244,-0.0,-1012.3123976034184,-771.6843014723815,-2100.86143516403,-0.0,-369.11704200323163,-152.81153670370338,-381.3623103375265,-1698.485351193087,-341.29306563538256,-0.0,-0.0,-0.0,-0.0,130.64139361493287,-170.80958961604952,-1031.134230705034,-1752.8981598784253,-1319.1542471098771,-523.3012224615298,-680.8485118207612,-6892.371907142287,-962.301939192236,-628.9509851756885,-0.0,-0.0,-0.0,-325.4573745205282,-465.01031022458926,-1461.4445596651358,-431.4546368030973,-0.0,39.69939515144157,-0.0,-0.0,-0.0,-0.0,-0.0,-0.0,-0.0,-116.91490945585007,1899.2254485318103,-0.0,-1746.3812095728506,-815.9903334515146,-491.6076275236714,-1918.0041010679315,-0.0,-0.0,-784.7366680271028,-801.0376381673849,-131.81008062716836,-152.99808179577002,-162.90615020482971,-723.1006740137195,-185.1101266246819,-2173.88468719837,-413.4968130402807,-477.9438626744093,-0.0,-0.0,-1735.8829451954593,-3291.8420186345393,32.41493649887573,-603.4131841343248,-423.07605632527094,-1068.2091692967049,-1461.61526747594,-881.3026963267254,-338.33128090267735,-192.85294790323994,-1494.1982444963885,-0.0,-0.0,-0.0,-0.0,-0.0,9198.512815520993,-84.2906813943866,-626.8341144518421,-792.2536018284317,-1259.6610535663056,-1385.26265681247,-1515.0544056980877,-1888.9484190283374,-2180.2940097115365,-515.0494150490194,-0.0,-0.0,-1742.9196840330762,-0.0,-0.0,-360.0037954074859,-2262.473127292556,-1424.4696218803094,-573.1179804256213,-72.88110219110779,-1920.2345943302105,-0.0,-1662.5419089023944,-0.0,-0.0,-0.0,-0.0,-0.0,-0.0,-561.3025619017641,-1521.8433325122837,-1234.1287581489744,-98.10678101313307,-284.8469304552638,-703.2550091229441,61.513890847586005,-0.0,-0.0,-665.9413768038838,-632.2169260192795,-4635.84409165826,-0.0,-1469.018303787394,300.0206490908979,155.1419468732698,-0.0,147.74007326371745,-229.68001812352347,-171.83904281493565,-526.9063411205125,-0.0,-2042.139717317537,-0.0,-0.0,-1263.5808895261605,-0.0,2814.0568732177403,2737.702861237227,2582.5249256171096,-0.0,-0.0,-2103.491043388708,-0.0,-0.0,-402.761980077018,-1076.4757678312524,-859.5307690984787,-1050.5634926551659,-1247.8390998086809,-0.0,-0.0,-0.0,-0.0,-850.6515127359999,9.94280687018274,-62.98267949284134,-1207.2760305462944,-1161.23104865459,-434.45604263813743,-1718.4224094025042,-0.0,-2433.051535877181,-1261.2432527618494,-1646.318265583197,-488.19967973434086,-451.57801244087756,-0.0,-1496.6713581279078,-835.1581731367686,-1021.1787425739869,-2471.7835809979524,-660.8396762389756,1226.4047955954927,552.4206699585812,-382.04554346770044,-1449.391160925389,-0.0,-2025.1093081065378,-4061.4547932365385,-515.1031509860151,-561.0125583152591,-0.0,-0.0,-0.0,246.05422378814632,-413.94917278240456,-608.2798167174011,-172.3297293501572,-552.6986726636034,-591.7846941863727,-0.0,-504.58120592152557,-1091.8532377981596,-853.8362182962109,-0.0,-2103.2608191863287,-5094.930757947144,-0.0,-0.0,832.884954786507,725.7335095300067,-0.0,-0.0,-754.1685129095325,-1080.8167187208949,-380.10952695060047,-786.3466349395736,-0.0,-0.0,-0.0,-0.0,-0.0,-3132.80177215611,-501.1820752759118,-1895.453030619892,-1322.832125797844,-0.0,-499.65643070077357,-468.4951464372445,-0.0,-258.4286064779253,-805.1436179651528,-1391.4769501080632,-4684.786734309495,-91.00325373537864,-0.0,-0.0,396.8153861091432,912.1860367665429,-0.0,-0.0,-440.85359085636594,-0.0,-0.0,-0.0,-2962.306701169946,-0.0,-625.8375640161245,-0.0,-0.0,1996.72641316746,2502.0583752165867,2385.7857733427063,-0.0,-0.0,-536.8175180529482,995.9651348483612,-3018.0510819859965,29.30503845938201,89.15454456956735,-2900.261749007229,-124.91763513538619,-232.53859487409463,-755.7660042600183,1113.4091378932906,3834.35968078516,-3467.1994606216654,-0.0,-0.0,-1117.0392416949267,-1912.4025264941888,-1382.6408052521933,-275.09032174233477,-49.69775095413599,-0.0,-0.0,-0.0,-0.0,-2302.9770338129106,355.5646064557039,-0.0,-4.21616605283405,-0.0,-1914.7529492817423,-2377.027296248292,219.8936654932728,-0.0,-0.0,-442.0146739100073,-0.0,-1952.3828047228678,-110.59758518151659,-1338.029206693613,-522.9658438840471,-1372.7348844171233,-767.950893895879,-1326.114858442875,-799.3520780839012,-0.0,-0.0,-0.0,-134.8940808360328,-0.0,-0.0,-308.6438481155055,-440.91283573600236,-767.8437894032785,-0.0,-1593.1076050700767,-1231.9073995904537,-1035.5232483891793,-8.557170506825445,-8.746661002458556,322.81042180719334,46.42184557073237,-0.0,-0.0,-14.409047620027646,-2064.0557103041538,-719.229331852231,-1120.0710302619336,119.30784700987283,-2544.05023538273,-2121.3153967741455,-1114.9716032522056,-1247.8033959063691,-52.66052187651959,-678.4880256857808,-823.7259470474818,-1469.8034720776386,-2373.694245227859,-0.0,-2375.373451435761,-176.79731964709347,-0.0,-2914.08995406466,-3115.904300343398,-2720.7903999544355,1789.1447440035563,-0.0,-2052.0578194526784,-267.3214304551789,-1446.1914122138237,-692.2662530931551,-139.03428086190291,-2565.80692205497,126.25184337963896,1938.9982605544408,-0.0,-235.19904168380546,-476.0075805527046,-1264.845709668795,-1372.6915135931156,-2025.7644897331586,-4747.047991796671,-0.0,-661.5405438191119,-1521.189547759071,-800.7724266685502,-280.58216341456034,-32.25588056128307,-361.75551246626117,-0.0,-0.0,-0.0,-0.0,-382.80043558560646,-1471.4493336559658,-1018.8088893589138,-74.22056700052508,-667.4780703887751,186.1257707662107,-0.0,-0.0,-1009.156538091754,-589.8060413411658,-0.0,-2483.750140947564,-109.71519034377869,-1504.8849555112542,-0.0,-235.56244033347764,-229.2276615335159,-0.0,-0.0,-533.6760686681905,-0.0,-0.0,-4785.423137840479,-223.0040472318158,-2895.9801919822726,-0.0,-0.0,-127.13096863872872,-1719.9123502312832,-705.1332538059794,-435.187070209063,-1713.1787981551781,-0.0,-797.8315389735484,-0.0,-618.5297377055177,-0.0,-0.0,-230.22040480012444,-96.62360463556455,12.90183006164381,-457.2788415509927,-1647.840069455524,-2433.259308465301,-0.0,-0.0,-0.0,-29.024078227429474,-434.15320693259326,-0.0,-1882.3416738243432,-3350.8582639431816,-0.0,-0.0,-65.83607998711867,-1871.8311659204742,136.16105214641274,-0.0,-0.0,-0.0,-0.0,-544.3901836523347,-2455.266181201481,-237.24085215448875,-1589.1453246235849,-0.0,-0.0,-749.3918008031021,-551.3163690147509,-394.16030136159674,42.95120040208242,-0.0,-0.0,-0.0,-975.0359063703338,-756.9031106825668,-585.3817721954046,-370.5658694893677,-0.0,-0.0,-0.0,-0.0,-2690.711150222641,-95.68604046170648,-27.31477818889668,-0.0,-0.0,-777.559123255611,-421.52281028685195,-0.0,-2187.9711698785623,-5183.09938215349,121.94863055414962,-1358.7308088491723,-0.0,-0.0,72.3237213228979,-580.3414997757997,-2111.756626809192,-596.3285839145818,-3346.5408446508427,-1453.5688984379565,-881.1497781518289,-1651.9646790507593,-0.0,-0.0,-0.0,-42.2674743958423,-1447.7333387203878,-0.0,-0.0,-3476.5406719579423,-92.84947504528066,-1613.4613918312991,-895.1518548438355,-0.0,-0.0,-0.0,-0.0,-0.0,-0.0,-814.144226960753,-0.0,-1817.8321668660408,-0.0,79.00429396155873,-1523.0670191273034,-0.0,-0.0,-0.0,-2562.592509370842,-0.0,-0.0,-588.9426303466029,-0.0,-0.0,-1204.26826615091,-663.9041370839012,-0.0,-0.0,-207.62734191094893,-2265.616075740679,-0.0,-1271.8720491930999,-978.2571921406624,971.249579476769,-218.1377385076921,-0.0,-651.0151236887666,-2.5554570341132647,-0.0,-25.268375020829026,-0.0,-415.72325063488734,-0.0,-0.0,-0.0,-0.0,716.5421979560014,764.1295950249076,-1023.7691131268665,-1834.2863704600722,-0.0,89.2619401941093,-4.603813211570149,-96.59492876591501,-1064.5961146491943,143.7921485510891,-619.4096354810613,-469.02913639215006,-214.41681023295826,-3872.196400388123,-0.0,-266.91161026602924,-2052.892697118578,-2869.43851460386,-0.0,-1301.2725698834495,-1969.6853027742893,-2391.848498305326,-859.4614873270755,-0.0,-1049.7006046761487,-840.102368799943,-915.0209285051684,-1432.0760493331957,-1139.0141081215813,-0.0,-144.45333189766467,-1539.7214270549182,-0.0,1368.815853923338,-445.74880907939206,757.9768623727293,-0.0,-0.0,-112.90928359372894,-49.74682790257064,-2757.64894052504,-1061.208977183134,-0.0,-1125.779706784545,-3622.833798557487,-1054.926451656666,-999.6593392770877,-1353.7888110783279,-458.4896360315515,12.988060467705248,-46.37961708052812,-0.0,-0.0,-1116.7405905165201,-87.49639635013175,-0.0,-0.0,-2240.1127892787977,-785.6125411478451,-711.3321514974944,-2220.969014695936,-110.97554049574649,-20.61233653791255,-2993.6230910321337,-1033.386644172114,-714.7793755804471,-1204.963347429992,-0.0,-2539.622927707251,-506.2588014356722,-1501.97888598548,-1872.8368602787575,-442.69175667473576,-612.4358506089848,-1985.774489774386,-546.6935301098483,-0.0,-0.0,-0.0,-1555.3371936350763,-0.0,-3925.2171233813115,-1370.88930366042,-1718.2421425587663,-0.0,-0.0,-0.0,-0.0,-0.0,-153.47282894004707,-0.0,-279.99660064981276,-1089.3579053656592,-428.27179653111006,-0.0,-0.0,12.481063447871442,-0.0,-0.0,47.11882522577521,-335.1086872097645,-0.0,-628.3901490476928,-0.0,-0.0,-97.22130128822741,-13.404452364363815,-2972.847530095631,-2580.564598238889,51.12164562107983,-7327.928344422209,-1043.178250140754,-670.7054496336598,-0.0,-899.2070339828186,-1592.838372790447,-0.0,-0.0,-0.0,33.19554594992077,-0.0,-1638.244236180547,-0.0,-1637.4733096884006,-0.0,-0.0,-2711.0488694438263,-426.26070756973644,-729.7052565785175,-0.0,-0.0,-0.0,-0.0,-315.30772734016875,-718.7987445553015,1440.0250189562325,1152.0114177100725,-806.8787569362339,-9.894368214900622,-0.0,-340.9491152294725,-370.9662409560156,-2000.600112263141,-634.9601813556455,-135.01040191550578,-1174.945828432957,-1632.0460724908542,-1061.710987014852,-702.4839660240093,-0.0,-0.0,-0.0,-82.54446890854854,-0.0,-1952.626924116968,-762.786302919931,-0.0,-2073.756745584693,-1290.336846340483,-0.0,-0.0,-0.0,-0.0,-0.0,-1165.1601684100287,-0.0,-323.30503839392816,-1911.9678084246102,-0.0,-1222.8868614832638,-0.0,-0.0,-0.0,-3014.484128298894,-1484.5007286434936,-1110.2959334393663,-2622.01901302385,-0.0,-0.0,-0.0,-93.49921915705302,-576.1591973870353,4.322500793636529,-471.39048706942725,-337.4572580505555,-0.0,-0.0,-387.54475711268157,-1749.767263233288,-3971.511221103912,-0.0,-500.13343524903155,-1401.657648452915,-481.76313425179023,-548.0142094051979,-0.0,-0.0,-0.0,-2025.457697009854,-1969.8549453670698,-46.14141933203518,-1930.9926005573423,-655.989551873877,-468.13347727380784,-8.797398168759743,-1415.8656977069706,-0.0,-2295.4691445430253,-0.0,-536.7446450320527,-0.0,104.16479115426874,-0.0,-0.0,-637.695768204572,-1022.1664280365259,-9.241552182711462,-0.0,1357.932620031941,-0.0,-0.0,-2091.9503856573765,-1877.983253919045,-1243.429084787179,-0.0,-472.9261014547894,-778.9951508906831,-1757.6207157231208,-0.0,-0.0,126.68686444211473,-847.1202691303411,-0.0,-0.0,4.789212037891576,725.5097352224366,12.584203608802314,-1685.2689436042929,-0.0,-0.0,-1899.4195134381378,-1949.1211860864478,-93.26607194201543,-0.0,-187.7594159718003,-865.4637996437189,-1154.18373428169,-1972.1122662555315,-0.0,-1080.6311896756781,-7.321725022103826,-0.0,-1808.6328436823621,-0.0,-0.0,-0.0,-0.0,-757.6900135149799,4.555831756534887,-17.959889701202297,-0.0,-0.0,-647.4301907836829,-0.0,-0.0,824.3205772056032,-1236.7379046874898,-51.532541117256066,-2460.9076165939528,-0.0,-0.0,-621.6116173520772,-0.0,-344.8167993266925,-1363.6633746063785,-1184.0191856408776,-1208.5572836331005,-0.0,-0.0,1619.0516372388001,-0.0,981.3311737813297,1084.9528522698386,-44.70726298382532,-904.5877209273269,-0.0,-0.0,-128.13074758902735,240.87491090161416,-922.6096712059073,-426.8052911478967,-1323.7574524748916,-3022.2965814882546,-2308.191189805103,-0.0,-0.0,-297.97464153428166,-6413.726941766904,-643.8467479630889,-585.8108916130167,-0.0,-0.0,-657.9294134241256,-0.0,-1120.3259482109513,-1608.994494157602,-751.0079213000424,-0.0,-0.0,-59.846343261043536,-0.0,-178.44389920245797,-1413.9751839323214,34.98143204869292,-799.1049522980884,-528.3388701708546,-281.61113798204195,-793.3464835978307,-2840.468416402091,-17.019435881052523,-1381.3573632195933,48.890522618480354,-1227.124925822979,-305.94251038381515,-0.0,-0.0,-230.33837495766247,-0.0,-0.0,-1972.0534608912683,-726.7868717226871,-0.0,-875.0350627661506,-646.9949354817128,-0.0,-0.0,-1815.830206733011,-891.7489499745059,-1663.504496682181,-1717.980574402616,-0.0,-111.69351349317691,-3224.4883556511572,-1091.6110135210379,-358.52602668932104,1865.2887667122832,-1967.0052171854531,-1463.1070312671034,4.231270197462559,-953.8991813943284,8.865074382579177,-2056.5756040781316,-0.0,-3607.996822187367,-912.6864011639054,-0.0,-1973.0224807545965,-1720.4566947067506,-0.0,-228.0205713600523,-956.0253287856405,-1139.8213455840105,-1755.6622048306622,-871.1830914734312,-531.2141422094321,-658.3723533880808,-0.0,-174.08090117535932,-0.0,-2891.1787022772946,18.126146828794823,-3776.3920591653036,-904.3312638203186,-48.89415544537784,-48.63627197701025,-1552.0574038300097,-1080.5157677005723,-0.0,-545.9761215036505,-0.0,-0.0,-749.6851338354942,-0.0,-0.0,-0.0,-0.0,-0.0,-0.0,-0.0,-846.7259542990478,-537.0018999194623,-2951.5130279275895,-2951.3850213329065,-0.0,-0.0,-1363.3500486026915,-2214.44811907045,-548.2330768332835,-232.36557974403974,26.753106789007383,-0.0,-1535.5083377556182,-0.0,-2799.956464960913,-0.0,-0.0,-0.0,-0.0,-2088.549020023423,-263.00023476047085,-587.0690068623088,-1295.8200716235515,-1407.3402990219192,-1185.1671965364708,-834.1054566408505,-1361.038601984669,-0.0,-0.0,-0.0,-0.0,-725.7345184895851,-496.9511148331814,-1670.309985033474,-0.0,-825.1697522248866,-6135.696644725002,-724.1291689271196,-887.4756810365045,-3827.6350262351516,-846.6502338803223,-0.0,-575.8516251916558,-577.0402861642801,-1293.3533621229096,-757.9695199954748,-1772.510823355311,-1860.3991709668283,-0.0,-0.0,-0.0,-0.0,-1690.9633768296849,9871.15047419403,7336.128196336692,-0.0,-0.0,-0.0,-0.0,-2392.0441734643478,-1115.6959389188764,-83.14889568287111,-1713.9991383960157,-862.3840146136541,-0.0,-0.0,-0.0,-0.0,-864.1750115226077,-0.0,-1952.4647118181895,-297.0374635018564,-0.0,-0.0,-0.0,-0.0,-125.06105005968801,-543.0014436334528,-483.8419435863754,-980.1483322287203,-1091.9908532893126,-1304.462753320788,-1071.0678101166422,-363.796955565262,-1585.0477928300163,-1884.5834710906927,-1313.0159076618042,-1872.4695118893349,-42.846860727623834,-1426.089200508784,-1083.3989761774167,-1012.1918394431583,-1725.9622297574085,-350.12813670344025,-2942.455780644856,-1908.166915442718,-2065.440218339598,-693.2801510138031,-592.8295235036023,-1365.016762487122,-0.0,-1101.7624832887686,-0.0,-3677.5813644492328,-1022.727114210695,-364.5956237202538,-1854.4167021115827,-1707.2262970625713,-1288.4113351522574,-0.0,-0.0,-0.0,-0.0,-936.5376764650216,-3564.5580445554037,-1936.7413019649612,-0.0,-0.0,-1145.0529287364857,-0.0,-0.0,-1273.580603918502,-524.4926633779472,-1070.135077378059,-598.7936210247201,604.2722588435716,-1281.4131319285257,-718.7341566113515,-1926.5274376686705,-0.0,1501.4810612362814,-0.0,-0.0,-1164.2031280485262,-5727.877041675262,-0.0,1657.5606599585058,381.43083886540245,-846.4865047095725,-263.77718010668644,-0.0,-1959.7113407332054,-1155.1096142690726,-2632.672228996637,-2294.7428837635166,-409.8675707966648,-0.0,-578.4680312408848,-213.15589633423994,-0.0,-1332.7792003416914,-0.0,-2005.8931976687552,-2836.958467428735,75.94621735941503,-2625.8675910641364,-2200.251936553241,-0.0,-596.6663517924928,-1515.8839591028052,-2543.16634278448,-0.0,-462.1494276859008,-2785.7967314733473,-1048.8990621562198,-923.5764263156437,-1083.6444636416434,-471.94453218587785,-984.271585613889,-1696.5022425367104,-0.0,-1095.6690886116628,122.95681760558251,-1374.126399511749,-0.0,-570.094097264647,112.59508139455116,-1183.866001255698,-722.2103320529621,-0.0,-596.2219089105154,-463.93396627576135,-2035.9681507955258,-1299.2636125089807,-1877.975389336243,-991.3226448727667,-786.5514172310942,-1130.68680059523,-2192.1910818741317,-25.726459625245628,-0.0,-539.532147573341,-760.2440011973881,-1477.3026800088087,-2329.055556202059,-382.3449495896784,-782.7222196493663,75.02100839426376,-1044.1674063663418,-1323.5671485227301,-1019.2776403976961,-0.0,-1008.309444547183,-64.8368447043144,-2712.208409000057,-0.0,-504.1771846856181,-1004.3271372527123,-575.8796720684404,-2788.4280148217777,-203.7616610112577,-1787.0814483455192,-845.3595241420645,-2753.726559784417,-0.0,357.36545145860106,-0.0,-0.0,-358.6045526740195,-0.0,-0.0,-4254.460299804135,-34.669232544834024,-46.80722370858724,103.87196828329239,-1558.3843292925121,-0.0,-0.0,-0.0,-0.0,-0.0,-34.767762236173716,-0.0,-383.09870686802634,-0.0,-371.99165141003857,-1859.044339515264,611.3387082508324,-3087.1463225622365,-0.0,-0.0,-0.0,-0.0,-0.0,-0.0,-0.0,-0.0,-0.0,-3099.830077842186,-0.0,-3182.9571148597724,-3290.0319958250425,-42.36543233111534,-0.0,-0.0,-0.0,-0.0,-990.7217272378257,-1213.971805708994,-0.0,168.83307726567793,-705.245259995731,-2297.477199566262,-736.8908782907603,-0.0,-642.6333714470388,-1112.9536487995003,-0.0,-0.0,-724.7694753137031,-910.9574915717747,729.678840343572,-579.4923394710505,30.589349739606188,32.43028317222822,-0.0,-0.0,-0.0,1943.709257614174,1522.4889528196375,1664.7470023854678,-0.0,-0.0,-0.0,-865.1040460047959,-0.0,-0.0,-992.1945561673946,-84.66830604677979,-471.7978203090918,-65.1471149621667,-1244.0858699649484,-868.6706448557295,-1478.0564089718666,-146.68725219522838,-302.5395628224634,-1300.5644148599968,-0.0,-2607.831882255087,-17.3001835042726,-1038.938763278964,-952.0440655060496,-19.006771361311735,-0.0,-1349.294223447766,69.87991573967254,-0.0,-0.0,-0.0,-0.0,-0.0,-1628.34019838595,-3974.9391602712262,-0.0,-756.5673829404163,-70.05376477519226,-0.0,-0.0,-0.0,-523.7373810093893,-29.150887631576776,-0.0,-1431.122666140538,-778.2931902076741,-0.0,-0.0,-613.1373668861048,-0.0,-0.0,-1891.923051866526,-1674.6741459491086,-0.0,-968.4342097729617,-2326.142361013394,-90.82738828046516,-0.0,-0.0,-298.0536717459508,-919.533892355607,-275.7007749814032,-210.20640173717322,-164.14773607999442,-0.0,-0.0,-0.0,-1390.2676946652107,-1205.8236307086786,-2467.560281212006,-325.4868803287423,-1511.21320867968,-123.55459862148228,-192.6615620161888,-568.6729186985921,-2107.6135526402113,-0.0,-0.0,-1771.6284229966507,-1982.8424130930744,-0.0,-0.0,-0.0,-688.7178991561894,-2241.6062912207008,-3863.2826098623027,-0.0,61.165421362235534,-215.43501967440852,-742.760764123395,-684.5009474541096,-2273.6396082491983,-0.0,-1747.6143920602385,58.71032543391537,9.714742187592233,-302.82638867079794,-0.0,87.0039581247597,-316.35484364907086,-526.7824346066136,9.456304735300332,-0.0,-0.0,-857.9741452603672,-13.31771562716363,-0.0,-1563.2913051599958,-1073.7755362050057,-1380.0010988839942,-930.7731026025521,-1434.9630742738216,-1747.0346977678305,-0.0,-0.0,-0.0,-0.0,-0.0,-424.94884636212777,-708.5783699824746,-1388.1164912171996,-1491.5600603017804,847.4847288089918,-1704.7743724163731,1898.2999990233507,-0.0,-2443.833232780972,-1914.9817314746379,-909.5988892545467,-35.81550379084322,-123.98470590373663,-2508.9036391966306,-250.2713101297717,-0.0,165.11719414720298,-1087.0294464182878,-0.0,-0.0,-638.7764037463443,-432.93434708384484,-482.1140683508349,-1378.1654789684158,-1800.3688164517198,-0.0,-1715.2508459540313,-1427.508123498206,-5219.128365136645,724.0657313641171,611.2243016688682,798.987661583304,729.5381554629367,-0.0,-0.0,-0.0,-0.0,-0.0,-0.0,-0.0,-0.0,-662.8180815452638,-0.0,-54.521448749396754,-49.34955051970645,-0.0,-1251.4075309919247,-1495.3466916792654,-2200.931966697652,-0.0,-0.0,-0.0,71.26536406251961,-3692.7182100447317,-717.1433862181776,-3110.163312113513,-2003.3813340223448,-0.0,-0.0,-185.44748964676307,-1452.340111507485,-0.0,-2566.343062192224,-788.1576888423396,-0.0,-0.0,-0.0,-2413.125291138508,-0.0,-0.0,-0.0,-0.0,-0.0,405.49633232469665,-0.0,-0.0,-0.0,-1089.6169802871996,-0.0,-0.0,-0.0,-0.0,-0.0,-0.0,-0.0,-577.6946792457743,-1141.9613899614578,-1550.115258681111,-1798.3352034572088,-647.8978492163731,-1265.718100761294,-39.185988195768694,-0.0,-723.5052307645766,-52.331760106758615,-0.0,-0.0,-0.0,-0.0,-928.6995486150439,-0.0,-620.0127527178587,-1498.4823835080435,904.9969061760386,737.6200413344161,911.8375512273335,797.3918915457384,829.1540024402825,-0.0,-0.0,-0.0,-0.0,-0.0,-0.0,-474.1453564604076,-0.0,2382.3774499808414,1116.3229696282451,1310.7600868419365,-0.0,-0.0,-1486.2539448868752,89.22738012073535,-68.08499849425448,-2556.852521622355,-0.0,-1909.3018687895994,-0.0,-0.0,-0.0,-0.0,-643.0532758046294,-0.0,-670.6328589572686,-666.9055835798878,-382.9131567279026,-0.0,-16.41848707342389,-0.0,-922.5677051406932,-0.0,-2621.0620710423013,-634.4252295740406,1884.3406745451655,-2371.89562960859,-971.4833513183911,-83.12539367273938,-952.5481993541483,-0.0,-628.1311874742302,-87.77455539467233,-2664.4177442995247,618.2271608530681,104.77654929198938,666.3248981576068,1365.1458544540283,-0.0,-309.3192176117067,-29.143402406752354,-1372.127419215719,-1152.49593476034,-1631.0394596649269,-2010.1522552617578,-0.0,829.350215966209,-0.0,-457.13703288250895,-3043.273266402225,-1356.476660485548,-0.0,-1623.3067175245453,-472.609853648314,-685.7484462253628,-753.5533346169403,-350.13726918757686,-1538.838341176515,-0.0,-2193.256426793836,-502.0956258125605,-1599.0316718784825,-381.12548414429955,-0.0,-0.0,-0.0,-0.0,-1354.4755104927285,1213.461467453633,-1171.7049282639216,-799.8177223080398,-0.0,33.21949265738899,-0.0,-0.0,-911.5666018282675,-758.6684100670026,-791.0988966030673,-797.5178531394552,-0.0,-0.0,329.14554618078,300.88921615452125,668.0679411412591,-0.0,-661.0412568895916,-2085.3536165490455,-1416.3036660331127,-4.691885235210193,-1761.4366426415029,-0.0,-0.0,-0.0,-630.2083530793421,-1088.9248726628339,-0.0,-1543.9918029145683,-0.0,-3133.0387235220032,-4276.8425444734885,-0.0,-24.747815390901277,-0.0,-869.7833290447118,-0.0,-0.0,-0.0,-2315.7751754844567,-1133.4716216604352,-674.700124808157,-881.9469014082654,-0.0,-0.0,-2548.321595447117,-0.0,-645.3475939822938,1173.3435435743513,-1158.4434637496506,-894.4368502580613,-681.7844540414085,146.31784867057783,-0.0,-0.0,-1472.660545077352,-0.0,-804.5398167656854,-82.50557276801341,-431.3822780064748,-352.5188649559288,-0.0,-0.0,-247.4363980898331,-752.7464945416099,-1168.1508496218892,-632.453269515517,-1180.619713676336,12.711139957599684,-0.0,-146.88350131583988,-2100.7689485780556,-1361.6673863116985,-0.0,-0.0,-0.0,-648.3858026228745,-660.8955578215563,-1507.8994160450716,-0.0,-0.0,-0.0,-0.0,-0.0,-1667.9770992750232,-790.778645587308,-0.0,-617.3952926744004,-0.0,-19811.03245378702,-875.3863010581645,-136.31328692502683,-778.6039543070676,-0.0,81.97158682403325,-1314.6014958057838,-2730.139136527277,-0.0,-0.0,-0.0,-842.3410895465024,-525.9967114158318,-1111.2988210477276,-1049.5244237401034,-592.140246839465,-0.0,-0.0,-1818.0946545124245,-624.3026613280604,-2584.8152619492494,576.7662418847939,-2363.293826828134,-0.0,-0.0,1937.0587467468079,-1718.0354842737406,-0.0,-240.21166239561322,-415.0578033339047,-722.6969367556667,31.711597087651786,-842.3586838076681,-0.0,-0.0,-1332.3362081701723,-1584.5879996273604,-3238.699999477515,-0.0,-0.0,-2497.853573483042,-893.3209232016734,-957.8250941172269,-2589.576895705315,-1738.253392127433,-0.0,-0.0,-1248.3899221735285,-0.0,-84.40486709290718,-1720.5327939422498,-1854.2623042509342,-0.0,227.2272569314908,-830.0171512040138,690.2332911726584,-269.3399918004163,-273.8972764249534,-0.0,-507.8428648613991,288.28345933669294,368.6852045138477,-430.5247332773427,-2700.56271791362,-2124.0583935938225,-92.19423625258908,-5399.341356875019,-722.6336242824781,-1246.8623202336107,-53.99989488390238,-3901.4703020884567,-377.18895269162545,-741.7064965298944,-298.8028237918545,-2069.552172142653,-1187.0523786626864,-3575.5700452442734,-6166.21942853259,-92.40609838242602,-758.1575108033388,-1665.419754601181,-1356.8140542211208,-0.0,-3662.4798282142415,-0.0,-327.1526927756338,-1926.8481716768888,-1356.6164944153138,-0.0,-0.0,-999.7155893538485,-278.4659796991642,-0.0,-1592.1399676454464,-0.0,-834.7055904885104,547.8374497173257,-2525.068808141189,-530.4844173408865,26.192005847852926,-14.639238659872376,-0.0,-2261.677315444015,-645.1273675125287,-0.0,-152.23206837073658,-0.0,91.8734457547034,-180.31810835110565,-0.0,-451.7247411350635,-1535.1193515485274,-487.0537761667821,-995.3540508549384,-2162.3327781356847,-0.0,-4075.661370845373,-1929.304001063594,-3110.2765234553467,-2582.792565640044,-93.78826289239312,-263.4028243166353,-634.4672249136877,-1485.9691645636178,-0.0,-0.0,-1305.1295996444608,-204.93352678940852,-0.0,-93.45831937806433,93.50549682078568,-2468.926903448108,-0.0,-0.0,-1293.4418983550513,-0.0,-98.25931917807308,-0.0,-57.816970457806086,-173.87761517904258,-0.0,-437.7172887683124,6002.7650197673365,-0.0,-0.0,-2928.5081723036838,-770.3061854965774,-256.2510461269958,-0.0,-0.0,-0.0,-637.4622129573065,-2303.936950156246,-0.0,-0.0,-0.0,-2266.844142405215,-0.0,-0.0,-0.0,-1664.4747950467624,-870.6498904569025,-330.32692011154836,-470.40429223351754,29.124323237556524,-748.8706610996813,-427.992977109867,-214.55135889970322,-2635.0408947110336,-0.0,-0.0,-1343.634479978987,-901.1873173745417,-2824.436231159231,-0.0,-0.0,-2583.933445307957,-758.7141194714678,-1451.9935711601622,-418.7558960880509,-724.013064357505,-2196.808866076508,-876.4977195344586,-86.62469890900064,-969.7382775936804,-2385.8555060610047,-1713.4334673596254,-1415.3439210938893,-0.0,-618.3448588302223,-0.0,-1987.2051274571338,-421.49656907093714,-220.35967136151325,-787.3185848430307,-802.7682192401256,-13.153218466374602,-0.0,-1202.0312844205366,-637.8851332427168,-49.76279148210873,1608.719807706431,-84.67468048606403,-0.0,-793.0067650912055,-559.5635330218937,-0.0,-829.586982474299,-1761.745051226885,-0.0,-0.0,-0.0,-0.0,-488.47553960968133,-983.879759289993,-387.5882431181542,-543.3771126396056,-393.14919532643086,-1799.5060503410375,-818.1028910469582,-1402.9107504407334,-2898.811737105449,-1962.3135896190383,-0.0,1100.534522001683,1051.590670808017,654.4986703546689,884.1477998302229,458.10055430067104,-0.0,-0.0,-0.0,-0.0,-0.0,-0.0,-0.0,-0.0,-62.06357969559607,-948.9630768147592,-553.1696121083355,-300.96833516231084,-1203.3132863819383,-114.24022675856286,-391.68244048048655,-1282.3237375143585,-297.8746151754429,-2146.305026005908,-912.0637983157934,-84.92856437776821,-429.75690659263245,-29.36274474459327,-0.0,-591.5119200321527,-177.3147542132618,-261.82315994915353,-851.5790503120966,-325.89959365821784,-1788.0910325561435,-346.4217412180138,-0.0,-0.0,-2225.4568257117435,-573.4701625474568,-381.7211448811264,-552.6245454747236,-1096.2665841161174,-454.22565443807656,-428.6853111290499,-0.0,-758.9426154368714,-865.1770659698205,-771.5689974636723,350.55470761806686,-1538.480164215784,-2212.6578600307225,-211.87642007527876,-813.9543224148075,-827.0931607103371,-14.036674611306678,-0.0,611.0269363493675,-912.8589395149394,-38.22370941181262,-2149.808061368373,-0.0,-0.0,-1261.3858549010638,-507.446373583221,-0.0,-594.4706621498084,-735.4751242007073,-898.4664240600304,-0.0,-778.705350607417,-565.0305686166774,-2393.9295400147544,-4735.698242305032,-440.0542881553336,-0.0,-99.52976354010414,-461.89287185270854,-1796.0043155943692,-249.78936374005238,-630.1422693775934,-830.6629575778144,-777.5306946651432,-370.4336171556511,-0.0,-0.0,-1786.156134040811,-131.32299217287937,-480.75098758502384,-807.3829637510775,-1351.5705550062355,-2815.113324447065,-0.0,-600.9429292127099,-0.0,-0.0,-0.0,-0.0,-0.0,-32.37836414435514,-181.54074054476737,-394.86007461339165,-0.0,-0.0,-0.0,-0.0,-0.0,-0.0,-1089.504781327247,-2246.857347734699,-425.87846942347306,-601.2417264061644,-42.368404797938254,-0.0,-0.0,-431.0695009491145,-0.0,-0.0,-139.96704645413598,-3211.7969960136206,-0.0,-0.0,-1720.1117154883127,-637.6781024843597,-1130.844347129783,-1183.8375455587366,-701.8265353061566,-0.0,-0.0,-1294.4427374635186,-2109.535213717176,-981.0599556568997,-0.0,-1197.9271780893423,-0.0,-417.3456798547542,-839.9421242310801,-0.0,-774.6423862172663,-2082.2286894742256,-0.0,-1931.1376031734437,-196.30662406369905,-595.9671692655509,-1461.1013274639022,-210.10485209891363,-1357.447123147905,-0.0,-1204.0142868511928,-29.76566781637054,-2157.24934771495,-2096.3985325534845,-0.0,-0.0,-0.0,-0.0,-783.9895144269371,-829.070024413101,-0.0,29.286312759344916,-409.1745901802288,-854.3857745120077,-2396.690152997927,-2558.111887202819,-422.62369459432244,-0.0,-1420.2235423832421,-829.646500174488,-2115.6128310429986,157.2956222222209,-0.0,-4040.4267741175167,-710.5292379321935,-0.0,-515.7615361603483,-1701.2049595728301,-0.0,-0.0,-588.1317477334181,-1427.7846186507413,-0.0,-1098.430763209399,-1421.8996361149264,-45.093567277942064,-91.29252663384734,-582.8625031240433,-0.0,-1605.9812436886732,-2837.6350881998687,-1335.571847917296,-178.4590814137752,-2292.051365492718,135.29174091586003,-1030.8251969038015,-596.7042900273028,150.32556959609062,-952.0616438682679,-1611.4028455575362,-911.6689486327401,-1661.7882027138094,-494.39708362372045,-651.8897964329047,-774.8208227994244,-1823.2700909119521,-0.0,-0.0,-2024.1482585567837,-363.43140573113146,-0.0,-1634.801371513844,-1284.5925700064806,-0.0,-3180.9638136763715,-608.8018526763367,-0.0,-779.5769853641199,-0.0,-0.0,-1245.4708445488925,-1312.6770949626828,-0.0,-0.0,-0.0,-948.5859589527174,-4.96520183113253,21.69823481227999,-273.61992350679463,-0.0,-2301.658258545843,-1817.0846487717165,-617.8486272567928,-2286.4452934419883,-0.0,-62.025691341020746,-973.794710887684,-0.0,-468.8753055454877,93.8237107910386,-1621.2066635556582,-1067.4439331333108,-779.0728132037559,-1372.6018540931925,-0.0,-0.0,-0.0,-845.3535062359879,-0.0,-449.4060412748216,-1033.6661429135818,-232.35435231496322,-1275.077248815669,-2129.8826397814187,-560.6270879473332,-2078.577930285727,-0.0,-1238.0749737828723,-758.8915540304488,-590.6367511576723,-1269.9213553293268,-353.9837745315372,-574.4967578581821,-1448.3000832927237,-0.0,-0.0,289.7602734311214,-3083.565563035803,-1100.4379307478962,-307.95750640082633,-0.0,-347.8630842967632,-548.142528920878,-779.7410591539926,-0.0,-0.0,-931.0574355737239,-0.0,-24.684209080449808,135.98659984323928,-144.38652175117224,-2318.918523087977,564.500134125746,588.1798717285018,494.24892377429285,657.0593409920485,52.50553733767596,-0.0,-694.8111310461355,-834.3012704846632,-399.3337704610233,-10.93222326368614,-0.0,-0.0,-0.0,-209.46357714577877,-13.51954197594516,-1174.3363379922712,563.7367390997531,2665.457020674157,-0.0,-0.0,-0.0,76.92851019568408,91.36916816232053,-0.0,-3385.186058277084,-0.0,-0.0,-0.0,-0.0,-0.0,-2464.6590447246863,-308.6151474852212,-0.0,-472.8669888540246,-2211.5028074729003,-185.0130279353477,-360.25867987259403,34.06991198337416,-2085.4928314617077,-4151.337447772766,-1840.2418373419678,-0.0,-0.0,-1805.4281821966201,-1118.9517340812777,-796.2056903489492,-528.7186622818751,-373.474292732397,-1074.3636775008888,-1108.4479084450697,-5424.039094892527,-662.4854560340475,170.37749144739922,-854.7408894233711,-1014.6880678589151,-713.3747094235069,-703.5748391159373,-8.451337668389908,-2096.6747898970716,-899.7598825663927,-601.1213585254106,-0.0,-0.0,-0.0,-0.0,-276.3860515350224,-1337.116457794506,-0.0,-1450.7597811658397,-1538.6772100450466,-0.0,-0.0,-1602.434651558834,-0.0,-0.0,-262.4037752906014,62.986761546938155,-0.0,-0.0,-3249.620359858176,-1268.7582040454408,-123.67105681548699,-1094.9835279803187,-1339.3913093697386,-0.0,-349.91791364206017,-539.1851928598152,-0.0,-1686.657262218234,-399.49819339056376,-1126.9001509414072,203.79854483940684,-936.4599253378386,-249.34941416464767,-258.99822523341925,-60.29585863939041,-41.874660132310986,-696.0870316654253,-891.4057697424242,-488.8462567099336,-906.033158295981,-0.0,-61.359925893537984,-806.3885683704881,-193.022682350853,4.654003472393948,-0.0,-1289.8271319481603,26.247691329810394,-1220.0838616167616,-0.0,-0.0,-0.0,-2169.9581802246985,-0.0,-0.0,-95.5548992501072,-0.0,-0.0,-0.0,-0.0,-0.0,-0.0,-724.9478056022076,-1525.733089803542,-0.0,-0.0,-0.0,-0.0,-1061.825261149089,-567.1469974754604,-0.0,-0.0,-2062.2300937778264,-0.0,-1499.8955418227986,-3011.950450384478,-0.0,-0.0,-0.0,-587.7810244926949,-0.0,-0.0,-0.0,-1128.8819525570439,-770.6516899373083,-743.4136182148648,-0.0,-0.0,-265.4088991126276,-0.0,-4368.586483672658,-6283.343855784978,-0.0,16.670521933139046,-0.0,-629.5059304002581,-842.7673021589944,-2097.171687133707,-0.0,-0.0,-118.92810058791825,-794.3840646948421,-1541.7663008242985,-749.3320796453324,-446.6448997103495,-0.0,-0.0,-1191.9851470164435,-1225.1911705921161,-51.604778941216686,-0.0,-0.0,-770.896730166105,-410.14098267757913,-93.30523448542402,-0.0,-0.0,-0.0,-2344.559393742801,-431.87089907173004,-1457.8018208448116,-4710.670817033643,-0.0,-967.523260046934,-1256.0413008931318,-2597.5940793965333,-327.131934345743,-0.0,-0.0,265.20916371545025,-1328.7571417798863,-1848.7140438075728,-551.5981680104131,-144.3345478581711,-29.151013598265177,-2071.0797529769998,-515.8315928786506,-1827.9008294660857,-761.8697894148138,-2602.8097776177788,4.184045768776815,-1054.6403917296107,-857.4697147752241,-2224.8272259892547,-0.0,-0.0,-871.9970387301626,-1946.447066899029,-2034.3075634414574,-1124.5888415032848,-0.0,587.3474629958822,-70.55924341291501,-523.0354169108866,-0.0,-25.02571174534346,-0.0,-3123.6980804808213,-65.72131321635295,-0.0,-0.0,-861.7752120368358,-1212.7424756941691,-948.0521033973982,-333.5281075140267,-727.3211835356802,12.872362564728794,245.3505127477298,-898.2935434827391,-29.34155614654344,-1701.9239833646134,-0.0,-1800.5719103138529,-124.52814154792681,-726.2679473116799,-401.8236726176526,-25.325606761818868,-48.57920942277316,-24.556931135138583,-1463.0869854353941,-1059.0989656296358,-1567.7931837826243,-266.06499639195664,-1513.9467459189216,4.953429267873468,-0.0,-826.9457656999946,-3274.7239980041736,-0.0,-0.0,-28.788268524895496,-2226.730203062745,-233.90165622303726,-719.763733429039,-419.4354320422414,184.7974930347705,-0.0,-0.0,-1352.3337662739573,-0.0,-0.0,-2191.6825406859225,-1868.2245221688793,-1013.6210910055948,-902.4211392890932,-628.9482750050001,-1068.1266997441035,-857.7928415789023,-1335.150096124324,-2800.6092931547214,-0.0,-0.0,-0.0,-0.0,-326.8077993959586,-0.0,-2188.591254746503,-684.2670076875974,-901.0151728507622,-1095.3200087461494,-571.8419145326394,-0.0,-1832.0149601566313,-657.4361714679625,-0.0,-2860.4784413558004,-1585.383668997291,-0.0,-0.0,-3164.2396080057592,-2241.4869716726735,-443.3772323898668,-894.0842083950477,-0.0,-516.2830857024206,-396.9907022115453,-0.0,-694.9521867117825,-583.7839460239023,-601.5767479150583,-0.0,-0.0,-0.0,-0.0,-473.80695723460644,-1417.8160202618176,-6629.702884087553,-0.0,-0.0,-812.4704767493815,-861.2344003445919,-2216.2889057289703,-700.1188232873814,8.371445311279517,-593.2834548419959,-0.0,-805.0959713195958,-629.0854413751224,-0.0,-524.6223547653185,-1277.0032755541154,-0.0,-0.0,-0.0,-0.0,-0.0,45.44263699688385,-2394.5197772360234,-0.0,-1393.7226133330462,-999.2207094298554,-4.856721513920171,-2239.119558896706,-940.4946742442069,-1156.3649242718348,-1446.4496500433368,-88.15292250586884,-134.87662205443533,-1366.6334095893299,-946.6498032200828,-727.1317956801882,-0.0,-1751.9666158591783,-1362.8623842187649,243.02296168200033,-0.0,-661.7943529240654,-881.8028046454057,-1046.653475860361,-86.16008959588832,-0.0,-294.868411691036,-0.0,-0.0,-2650.5170927624513,-2533.077777042795,-2156.7930045151766,-1793.9823546484483,-0.0,-1183.371815822506,-2160.1425159012338,-0.0,-5879.148180978615,-0.0,-0.0,-0.0,-0.0,-1052.4770586487707,-2592.188673726791,-2636.3760329089146,-106.03605446448091,-2316.0513456835406,-0.0,-1098.1885923414952,-37.61742312038181,-0.0,-74.6016627288755,-624.1523399366812,635.0807273891256,-0.0,-478.31058704456814,-50.13330896623492,-0.0,-1549.8643867569028,-0.0,-2161.589173063681,-170.9264112899405,-0.0,-0.0,-1207.5152247728818,-2004.0326922487575,-1179.1218408027719,-1270.0508423123722,-1538.6223001272087,1693.3171306989734,-54.75261174583879,-949.5506736343159,-38.099055063479796,-2331.9172854540107,-998.9884769530842,-934.2389493953335,-493.0277552386162,-1818.3222063326323,-1883.2093313764326,-460.22632989352616,-2764.8738917998285,-395.115536910677,-0.0,-0.0,-59.34368567933753,-0.0,-0.0,-0.0,-0.0,-0.0,-0.0,-1658.4032970357318,-693.4867974423048,-1461.9652518641333,-980.1003237423588,-0.0,-753.9127444485313,-1497.2934277378968,-1322.524899741037,-2225.0889187743755,-1391.2097824907364,-94.01672106590505,-197.31235676473855,-1179.4102917188334,-1659.4591289706918,-0.0,-0.0,-0.0,-79.13140473924163,-976.4615140661891,-190.9315917299743,-589.9441512809592,-1174.4682929522867,-0.0,-0.0,-0.0,-4429.614475278491,-0.0,-147.6583343145023,-0.0,-248.93466830442006,-1438.4764182610343,-1327.6548169862558,-910.214546786647,-0.0,-46.929089049202744,-683.3339864529108,-739.9170117361529,-606.7544829205445,-0.0,-1202.2807436264857,-0.0,-0.0,-3508.2755168060485,-0.0,-1475.5469017191454,-678.1321938034698,-464.65675458599924,-304.4908403021192,-1528.0970943271514,-3332.284747990429,57.211269205766946,-2216.384080433768,-2007.9260140797956,-576.500790340546,9.413311586703815,-0.0,1633.7598531139497,1266.4365242573804,1399.4649771121863,-0.0,-0.0,-0.0,-1029.5942888684795,-0.0,-333.0047386064908,-245.81916739095817,-0.0,-4435.755565880593,-0.0,-1493.74966400322,-98.7518902233705,-1209.9506860406416,-568.7864380403266,-1660.1866803539217,-1335.7549580855073,-0.0,513.9736676851314,-2950.5035730057502,-1807.8475367513367,-573.9205055678976,-1518.9295834867316,-2170.0073041385167,-0.0,-0.0,-290.3986888243797,-800.8555251772065,-2250.475004584145,-935.388322056435,-42.94932329586306,-0.0,-0.0,-776.4389627041047,-0.0,-0.0,-0.0,-231.09780194651026,-1629.045098777764,1701.7407825735202,-1559.1068071313332,620.0183699324049,-874.6230984790903,-1090.4793871284453,-14.71874376262211,-5789.408255119797,-389.139599356589,-0.0,-74.38447666039323,-2485.9052655181144,-1827.4019421432565,-0.0,-34.70999771114269,-0.0,-663.3790064543737,-30.533877239914222,-2245.3084341006916,-1617.4552277322948,-0.0,-382.8711109650302,-0.0,-0.0,-0.0,-823.765935150064,-1185.5111782368847,-456.4091961420679,-1372.755811901605,-2070.3415233511364,-1092.6934180902242,-486.87922548246536,-486.6142490167348,-142.61176888565467,-1988.9291466704944,-713.8649627369289,-1040.1362298696515,-1547.7916128695813,-1816.7524761304387,-1456.4125108367155,-365.6894571558771,-1697.041242056937,-0.0,-0.0,-0.0,-2791.7549979542537,-0.0,-532.9193415623345,-1389.034385764205,-12.361814482668901,-982.336024447616,-662.3802892401479,-1071.9188670217507,-821.8679643621424,-237.2396349564584,-2278.128592273907,-5237.149734759755,-322.35553579250313,-39.12311885541098,-0.0,-126.95497937340647,-8128.928235245464,-2296.9297208649405,-713.8485103132111,-2527.705238639006,-239.095329851596,-0.0,-26.469674627624844,-789.1712809048686,-145.64071888424306,-1392.1890668896308,-1188.312683750605,-215.18577185060377,-0.0,-793.8921350883633,-2389.7132250927198,-2212.020806674392,-1871.3164939139901,-0.0,-1750.3071117864886,-0.0,-54.13042825209503,-1188.4065588478934,640.5905970588909,-0.0,-0.0,-321.3120254871108,-1176.2162634223528,-837.4909529143341,-1423.7809654677014,175.63603929617247,-1558.4475605533705,-137.99755386674778,-399.5992428275338,-2381.582720327228,-2207.4949226911367,-426.7884084145199,-0.0,-0.0,-0.0,-0.0,-0.0,-1976.8061727097256,-0.0,-721.5775988902722,-912.9740864176191,-2789.1476899655604,-0.0,3.906497745440792,559.7140482451946,2393.781025461485,-685.8956284639955,-1489.0107373118094,-0.0,-1765.9628941754902,-4339.1778984220055,-857.7177544761297,-6025.472501725028,-1455.2121733425677,-0.0,-910.0286593326598,-2777.0270814124383,-221.55733100693234,-0.0,1268.6990305103163,1540.4141467289355,1402.4732468988816,-0.0,-0.0,-0.0,-0.0,-103.50872135799507,-2949.7479242686377,-97.70290164558675,-0.0,-2253.413110623046,-1308.961454066602,-562.0328628276977,4.628687679426491,-0.0,-253.26167009067834,-999.4645040456994,-0.0,-0.0,-53.39643977891338,207.8481954547138,-2370.4757575897634,-0.0,-983.7580345535224,9.683766439802904,-97.81038484040297,-0.0,345.61985508251837,-113.86160440787887,-633.2121445271633,-2246.9851060734663,-0.0,-73.26704374617128,-1271.5827078634952,-1123.606325647079,-45.67395120806217,47.78483524247676,-0.0,-1472.9495124126151,-904.2298164693873,-8.270887886284063,-0.0,-0.0,80.27523540915999,-281.44332057517784,-205.84297478325934,-89.73171572021076,-13.030082752216174,-180.03225024530812,-774.4072571488634,-1099.5994843057845,-614.9807588674252,-0.0,-2367.4502890378412,-987.2970347468398,-0.0,-0.0,-1275.5961804666524,-2528.4853751088967,-664.4804700580435,-8.834522147796822,-3154.6301990572547,-134.03800415458107,-89.51340953554698,-1270.156749661038,-0.0,-429.5949470898482,-1595.9340191630479,-4.844789815054939,-0.0,-3812.067136041502,-162.17759560353295,-1708.489355087633,-1190.0567412369708,-1468.4586605449872,-2910.934950580027,-94.28508223931071,-899.1855723414449,-2052.876216994971,-1501.408701665315,-1242.4835762692253,-248.11220589970247,-2029.7982200097506,-0.0,-3468.780520602017,-0.0,-7165.10317489364,-263.33517708604734,-98.26910007498869,-1681.7957560481436,-0.0,-0.0,-0.0,383.0457502796409,51.14068623805723,-948.5795961669571,-1579.3170310071603,-535.6233491548394,-1391.0101198733767,-0.0,-0.0,-1542.296984768014,-395.12119423568737,-554.9024121027635,-182.03594784702477,-0.0,-1851.8807546028168,-360.15136188957916,-2218.538719869477,-0.0,-39.16658207952316,-0.0,-1986.051217213487,-852.7387596291337,-1637.8346900388206,-0.0,-0.0,-1960.6237645186202,-621.1560764013627,-860.9356840336886,-1724.7060912611062,-505.7144111178297,-1388.147616370611,-0.0,308.7156108554401,-1280.1220248884067,-4485.337741288667,318.8182315016532,-1658.4641519080512,-8620.534511778595,-762.8513501312236,-757.0871032319084,-254.78902063449212,-250.50286185098594,-1176.4568677805319,226.27457584824654,-247.56952141514293,412.22628100116395,-1212.973447738792,-617.2752566565796,-0.0,-1461.629192414797,-1917.2172757580008,-987.1325173504362,-428.3773991525477,-0.0,-0.0,-37.401681225225396,-1164.5892087205536,90.34581952459753,-2525.379643469695,-0.0,-0.0,-571.3619918905673,-742.424200237753,-1278.5377203223256,229.64152711401277,-2863.870820362878,-1697.1167602200753,-1436.8795594196417,-269.7909136766786,-0.0,-405.37618509361187,-0.0,-785.0646082143845,-26.921774835817647,-1749.8040689270074,-530.7385512348709,-1107.4258762543088,-449.91063534349286,-398.6492687093381,-0.0,-1364.6832538412925,-784.2561422514574,-1393.6627775090683,-0.0,-3504.824170579256,-1509.7979109237774,-1594.9164971436123,-1075.2976645598617,-1242.7196842653207,4.285626559032125,-2393.000604155373,-791.8970569616098,-1350.9080951250842,-2155.7458372383135,-354.04025373329847,315.23555976452565,-1129.9921610142853,-0.0,-0.0,-24.20086342608362,-62.14285813494976,-20.527791832892554,-270.6093279272928,-0.0,-0.0,-0.0,-0.0,-0.0,-0.0,-0.0,-0.0,-0.0,-0.0,-1408.337462628006,-2810.602928197479,-2456.4821307587094,-0.0,-0.0,1707.8071283207876,-582.2872518104538,-0.0,-472.1317889695765,-513.7569532960662,-1073.622513052352,-1065.1650029434797,-1361.779867865199,-0.0,-853.4703835308906,-443.1451950924819,179.52634686561854,-0.0,1038.3478329323402,-0.0,259.84518269197895,-0.0,-368.8583313167218,-0.0,-487.41401268216845,-1206.68286125395,-2010.1506068575786,304.4262617200339,-0.0,-0.0,-0.0,-0.0,-0.0,-457.3875814571953,-91.40588574154248,-0.0,-0.0,-0.0,-568.2648493509228,-0.0,-43.26557893462927,-713.8600056845726,-4074.461428404497,-0.0,-1509.4771700492172,-0.0,-676.6130010130462,-0.0,-0.0,47.75236159167944,-0.0,-168.5377770177238,-0.0,-0.0,-0.0,-1198.1391477794004,-1926.2899400019116,-0.0,234.90169632611259,-2464.7014511026896,-0.0,-85.81742439478633,-312.31443289407827,-0.0,-0.0,-1782.099001831847,-0.0,-966.2477538652441,-1388.8274154867172,52.90294264451513,-3438.4881764565057,-1788.1800758720601,310.1493934256722,-886.1006375944936,-0.0,-1145.850652735471,-0.0,-0.0,-0.0,-4268.593642092058,-1034.5519290914076,-1693.7537546346332,-0.0,-443.4451470719225,-4.902771747595471,-1458.4129271255467,-2247.0464649491173,85.81157372490945,-3414.725255797105,-0.0,-1785.9954992833766,-2606.9596934151677,-0.0,-0.0,-0.0,-0.0,-2677.488847335056,-195.1991878146103,-1755.7090426571463,-0.0,751.8877909000573,1252.6139706820961,-0.0,-0.0,-878.6184042233393,-1098.120190937568,-378.3997200468443,-21.79159773366823,70.00433490077019,-0.0,-1478.3412664108148,-0.0,-296.77847371104184,-1350.2466321227741,1516.9521665859515,-0.0,-0.0,-0.0,1002.8378862724007,1110.940872448448,-904.4585411131318,-0.0,-1559.2864181604614,-0.0,-1175.88344129512,-685.7342200383903,-0.0,-0.0,-0.0,-0.0,-0.0,-61.688965385547476,-0.0,-0.0,-0.0,-1254.914193717353,-322.2942549284579,-0.0,-0.0,-0.0,-190.03583123424883,-88.47648869155111,-695.7638558122409,-787.8168316821548,-3219.138126983939,-1487.0841554012138,-1223.9770178731203,-0.0,-3346.0000813782417,-41.64045458600665,-0.0,-1122.02164539707,-2592.9638150819083,-867.7608449986545,-507.4133768439618,-1218.3436302665973,-303.5925452712734,-727.1210020009818,-809.0602588158328,-1202.7896316025635,-302.14114637612806,-1883.560172040133,16.937538635753477,-433.3953686784045,-0.0,-0.0,-868.8757437050408,-4186.905843733243,-0.0,-1214.142071635755,-562.1545335482289,-0.0,-419.0399890466263,-749.804997972304,-760.295116485688,-275.41750227911825,-0.0,-0.0,-0.0,-0.0,-0.0,-47.3291515581653,-0.0,-694.5617554814088,-0.0,-0.0,-829.4346701601557,-1217.6076030787633,-2970.013604876752,-490.54483602215635,-782.9175824427768,-116.17999115245782,-2126.531569031651,-0.0,-1078.484626734575,-617.495437815673,-537.9699411741235,-1485.5537592703552,-1030.477397101465,-1948.2440997142469,18.852213547754946,-520.1970231387669,-0.0,-1233.3713149644236,-1228.1353051067351,-174.52200359972142,4.1966001920928635,-2666.6198334717083,-1468.0302588836266,-816.5423954377139,-0.0,-673.6318826538371,-789.4220960341063,-590.8630620579653,-2753.5175836717344,-4.102080258903313,-0.0,32.30650795128621,-0.0,-0.0,-290.8128248070907,-4319.849900582756,-216.64472018136047,-1617.482295564596,-4238.833609290275,-0.0,-5080.8435312680385,-272.6471687497936,-2196.645697012026,404.50997346952227,-0.0,1743.030844979668,-996.3395035154018,-0.0,-2183.7124524234387,-0.0,-75.41047576641832,-45.84479237177451,-0.0,-0.0,-0.0,49.678359906135064,-0.0,-0.0,-0.0,-701.3122654497074,-1573.6091746559189,-754.512627520092,-0.0,-3864.5139079036994,-0.0,-0.0,-0.0,-249.23338988798616,-447.50411524886215,-0.0,-2167.343480531875,-0.0,-0.0,-3806.91883922623,-0.0,-24.62884324527875,8.366558214874775,-540.1909203295232,-22.09796190768062,-0.0,-0.0,-242.0121059773973,-0.0,-0.0,-1470.4497159243979,-1213.2286836782641,-1764.5223973348195,-0.0,-294.9058728147337,184.9231683794927,-404.614874683108,-16431.594383467804,-0.0,-654.4444491967655,-1439.034719873355,-637.704568370252,-0.0,-37.16773288379217,-17.862634262488882,-297.8477789077614,-1163.3577951018356,-0.0,-0.0,-0.0,-531.091329758156,-3070.1659240494046,-1464.2503054179979,-0.0,-0.0,-0.0,-390.8535542651635,100.478556027945,-8.870203736346705,-1524.8207204393914,-0.0,-0.0,-1117.8534897714594,-0.0,-0.0,-0.0,-3021.75290109648,-1110.9963695640542,-0.0,-1220.4993118444154,-680.2288084562526,-278.00609103101186,-785.801270670099,-1221.456195152176,108.58804123841986,-1489.346183125355,-1310.4409412804348,27.302397341298306,-2130.149379684208,-0.0,-0.0,-0.0,-0.0,-530.2510395008525,-0.0,-0.0,-628.349934736469,-1163.596380076953,-805.7738982693907,-0.0,1742.101026513202,1646.4710836596596,1629.9210585876829,-0.0,-0.0,-0.0,-930.691933851907,-46.91964112212444,-831.5618179877441,-87.22614854060532,-762.3266194691824,-1825.2072438333412,-1369.4613509338503,-2232.4643623117054,-0.0,-0.0,-0.0,-0.0,-599.7829703488791,-930.7360762238601,-1931.5900848243687,-471.19022838067605,-1514.2102613014483,-2171.716269154295,-2368.01852531338,-0.0,517.8513930319583,-453.7735935891285,-416.2517765189374,-129.84497573214418,-5113.415243663973,-70.33300885396442,-0.0,-983.4977706454815,-1704.5073781940555,-0.0,-77.64636866662809,150.26889373487512,-103.93725219486211,-550.5189637142445,-2559.3258846074114,-179.27145259705864,-1817.8356884684931,-0.0,-2057.530318676728,-1997.7727266699462,-1642.5125207246826,-0.0,-2025.0745368971914,-355.1384141882284,-740.9004264045623,-1064.0324588625099,128.5303561078783,-2134.0842377956224,-1378.789445573017,-0.0,-107.26532125164701,-0.0,-0.0,-0.0,-1140.1840151223466,-697.084840750689,-0.0,-0.0,-0.0,-4090.574496734449,-2134.980752251831,-0.0,-0.0,-4.961849703066361,-1925.7689930352585,-1046.27908397434,-0.0,-845.7313291514321,-1537.0073407124794,-640.0903869565834,-25.80257507277756,-988.6585014096369,-9.728437284766672,-1757.2850545707922,-1877.0388782980815,-0.0,-0.0,-48.33544257993219,-0.0,-0.0,-1448.6179464518036,-108.3354477616037,-503.7344797334968,-0.0,-0.0,-0.0,-829.8852662287461,-367.7436050998344,-128.2803856764012,-518.716869017336,-255.3510578675808,-2240.9048964204917,-352.68034503104207,-647.2139963510491,-1470.1470457707567,-0.0,-453.8415728652059,-0.0,-1945.9929351501835,-1669.9245212179687,-1964.9104223921495,-490.08793271237545,-325.86301755492735,92.09649422634129,-1072.507820393564,27.446606814602617,-0.0,-532.5822773527593,-0.0,-0.0,-561.6741071207589,-137.03741451998084,-3179.4236678197694,-3225.0818647610627,-573.6098371816523,-0.0,-0.0,-1166.5562771493733,368.0944469280493,-0.0,-0.0,-0.0,-1260.8675930645445,-50.93073751242609,-542.3741951788977,-4248.974815788992,-1648.9825226241474,-1283.2717600172662,-508.0573825496005,-200.01411967443684,-1421.759451893849,-797.4529098933604,-555.0462693954672,-0.0,-750.225272936872,-885.9656288839782,-1902.7292198269106,-0.0,4.832594662974353,-14.430016383542313,-0.0,-0.0,-2045.9549844253186,-0.0,-4018.098439854551,-1323.055583852742,2797.922152482884,3231.6562791488973,-0.0,-0.0,-895.7754100225847,-1214.7427507445943,-669.2889610633358,-400.0953387439132,-3517.4491139754837,-650.9678802092601,-0.0,-0.0,-0.0,-1399.041600307004,-746.8786525969214,-183.2010321231994,-2916.799934950542,-1160.4577028199374,-30.339888452646385,-477.0308744484968,-1196.872627861066,-374.2436968810078,-599.6821206946204,-0.0,-71.72902613669542,55.1773192831531,-1112.9756291910935,-187.1672156323977,-0.0,76.07010175228723,155.4414056971422,-243.23790429676274,-1557.7704627472829,-2613.076489398523,-69.48970201869322,-1036.509192163225,-1571.2837596907048,-0.0,-0.0,-769.0291380913956,-0.0,-0.0,-0.0,-0.0,-716.6885818126954,-25.870134803127545,-1396.5844276469186,-1328.2485626222342,-2876.8502320446346,-1307.3857555070942,-0.0,-668.2017619044017,-0.0,-1798.4216433928807,-1861.951509057872,-1516.9264565996614,-1130.700910095665,-0.0,-2423.1511120012683,-0.0,-0.0,-0.0,-4022.727846250695,-1380.4742625955705,-295.3798718007462,-981.4318754825562,-998.8094500496786,-1184.4551515821724,-0.0,-0.0,-0.0,-44.65883051454515,-6802.293136228276,-789.7652769962851,-2082.6885991965155,-4665.905036320878,-2551.6422162991894,-481.6647631310749,-0.0,-2194.296119894798,-837.8312956557644,-0.0,-373.83252270959014,-422.69248014143966,-43.07971690239656,-1112.0374137824929,-341.9521947662944,1648.707236464211,-533.4632428151749,-0.0,-0.0,-1115.3900176077723,-929.5741781421608,-2547.0812365119277,-345.972258773273,-0.0,-0.0,-736.5641400740419,-0.0,-0.0,-0.0,-0.0,-1533.3265331378923,-701.7378883097191,-1399.4877609483326,-590.2074598984223,-4.39672369334175,-870.3758973310672,-0.0,-0.0,-0.0,-0.0,-3217.6566298960843,-0.0,-0.0,-0.0,-0.0,-0.0,-0.0,-901.5186917140777,-0.0,-3117.131424285823,-553.0881553880299,-226.87334686616285,-1444.2110684117747,-0.0,-0.0,-1520.9425966186018,-1627.6153940021914,-4.889493443127504,-490.1514373742611,-61.75424067059927,-1980.5310614218347,-1092.4028619003875,-0.0,-4363.199940298215,-1459.9157560475023,-0.0,-0.0,-19.03768301282397,-468.7063941763517,-1380.9439478340846,-0.0,-0.0,-24.843054290536806,-1848.0208464173436,-670.6958090772649,-398.04494819243826,-96.73836826243968,-2158.5122596325564,-0.0,-0.0,-0.0,-0.0,-0.0,-584.1238363337209,-566.7000697303642,-677.6887112082915,-4775.265100559426,-1895.9750137351045,-1393.0912910304312,-122.3510075273063,-1108.551168678145,-1368.1358527224222,8.404529897457186,-0.0,-0.0,-0.0,-725.4891844695256,-466.70522524346023,-1915.999985713402,-669.0926264651832,-0.0,-1966.4036438007718,-0.0,-717.5767789697104,-0.0,-0.0,-2219.835024209558,-695.3140218195299,-636.04273989553,-1607.8708963758907,-154.34514136914393,-14.528658162002483,-870.1311632107529,-1639.9912680146963,-0.0,-504.12613552719944,-1313.0701900399242,-4750.408000135821,-0.0,-319.93680131513446,-2567.259505462627,-1730.4878892537292,-1420.2596403632203,-610.3013636813038,-1417.8933888333881,-0.0,-399.2994306807114,-0.0,-289.1123173048861,707.086839277007,-0.0,-0.0,1031.1774972260034,-0.0,-2511.4629809326425,-860.5576801854124,-1066.1035705949785,-1350.5326183394445,-1660.6232252253342,-430.9070161957887,-166.60444254122183,-0.0,-0.0,-1020.5080500727748,-1131.370586814937,-889.6471303277431,-0.0,351.09708295636796,385.63558781624914,-268.07414669213756,-3166.542516225311,-2043.184354912714,-0.0,-0.0,-1624.8826169364238,-4687.946608140474,-3081.42718074106,-588.6807701395305,-1108.521014818876,-1274.8543442478217,-0.0,-240.97035249731024,-0.0,-825.6064077971731,-254.3117025325508,-2135.776900302511,-3002.0967853624015,-349.9567374297847,-641.5848100096744,-5082.175009785858,-1401.2886617485447,-642.2401199989365,-318.4093232291792,-1460.617666399193,-791.2923551563854,-5.0079216649799125,-1720.8496619859409,-2011.3165257841363,-0.0,-0.0,-666.9655566654179,-1449.4869041950274,-389.368412216083,-4.997815639128247,-0.0,-0.0,-0.0,-0.0,-0.0,-40.121939363675494,-797.9668976379735,769.5143847360472,-508.25855236285395,-844.5654160303746,-631.0483932159954,-1261.5834756122185,-1766.341327159726,-1341.0362365184674,-2071.1304543324322,-326.8002991663648,-642.9827130566034,-1769.8902479263759,-729.0933886338778,-0.0,2741.743216710618,-279.9285222632331,-80.93831884279447,-0.0,-993.8072376667394,-719.6394487676523,-1526.9116456001718,-2211.957804296441,-2499.1667900659686,-0.0,-0.0,-0.0,-0.0,-1151.5904848052094,-1905.9211980962514,-0.0,-962.1617646330619,-9.687773658795324,-0.0,-0.0,-0.0,-2892.132720455018,-882.2111581239641,-206.05142581195315,-50.97616786397952,-0.0,-0.0,-1275.723949356537,-1550.0010141256464,-948.3381698230893,592.5004645993082,32.02972005973727,-0.0,-22.709838290568232,-0.0,-1883.4664515741592,-617.1882246714368,-1593.420212995747,-2017.7383645457426,-1872.3738588650278,-46.683704878153804,-0.0,-0.0,-1858.709473278168,-424.81129417532946,-0.0,-0.0,-263.06200106799594,-0.0,-46.03776884809268,-0.0,-1469.1856675548495,-841.1428114491197,-0.0,-91.89927766396454,785.3708175762763,-0.0,-216.06826632980867,-2655.1104327172247,-0.0,-0.0,-789.593892558819,17.637346068967293,-0.0,-0.0,-935.2774835655536,-1712.953609325836,-0.0,-937.527173677891,-0.0,-1487.2783359066298,1895.2111991555726,27.71159647302734,-2240.765324181258,-1810.7128001490275,1043.9477494984428,-0.0,-2354.8162302196456,-970.0665171942449,-1152.4512582442533,-0.0,-778.8182286185765,-139.01109090524176,879.8403812237075,-429.8926701118036,-1715.864358495544,-0.0,-0.0,-0.0,-1015.662937725252,-696.3081890313412,-903.8625447550493,-1250.7027828306418,-1166.1763630247592,-32.836310519408535,-1262.3355798724804,-1060.9303728056134,-1343.3196611070537,-0.0,-0.0,-610.6784061317126,828.7300438178391,-7589.822371606963,-0.0,-1446.537882750334,-2286.3488656155246,-911.3286437620171,-868.1603157179673,-69.92884093932655,-2673.522995912171,-388.2865005313114,-0.0,-1168.680800440239,-1054.552259570789,-734.0453673740651,-0.0,-1719.2236630467637,-2384.534450140751,-28.972856734859132,-1278.6292879336095,-2675.215460462195,520.1500804840488,-0.0,-519.3977395843343,-188.13810224155958,-1561.3609284714066,-1046.4095855273727,112.42587921997108,-145.76249183398886,-908.0704815278214,-569.0995006792523,-638.1839965076506,-753.4092465624959,-580.2992121293105,-0.0,-1522.0227084849328,-0.0,-1377.948770682293,-861.9591736450316,-194.5594272761163,-0.0,-2061.401596360531,-5599.391024779139,-0.0,-492.65436426419075,-0.0,-2571.133449935349,-290.51101231239085,-0.0,-478.30429356329296,-478.02947920670346,-0.0,-2728.9358591522914,-1865.083235949987,-0.0,-4955.512502462838,-144.522783989489,-1510.951102590188,-1577.481048303748,-1816.2083025520824,-113.90136381431753,-0.0,-1049.7434971295356,-2366.842426522659,-604.3936772615253,-1025.1573551432286,-1267.9014227727007,-1925.4078860633297,-2677.6180907942135,-911.9647011097754,-2344.365704055123,69.55142457465584,-0.0,-355.18932346891665,-1577.508467904138,-1387.6251291650192,-0.0,-0.0,-0.0,-492.13045601567364,-556.4280920379708,8.914924423915553,-654.8724721767704,-0.0,-1415.398526015162,-863.833857416342,-676.4632295032388,-0.0,-0.0,-362.25803639504744,-2073.2928882279884,-1012.7737817418741,-312.6325101885137,-1077.0504252401115,-41.271305167295466,-0.0,-0.0,-3128.569768470165,-1344.878720079526,-0.0,-0.0,-0.0,-85.19120297244272,-1057.8447223138025,-55.54919747709583,-1913.7470953464406,-1745.002376466491,128.76278935619817,-0.0,-713.4459115564027,-0.0,796.5825992968483,-146.21749837803299,-0.0,-1849.6970790287799,-367.7845490556535,-2279.3624219183007,-0.0,-1864.9960093995705,-734.1213340040349,-223.19550032925005,-13.879746104449085,-38.539895977694506,-0.0,-0.0,-867.2481905277608,-1436.3060008840507,-0.0,-681.743163040936,-0.0,-418.3134849262631,-628.2902057610411,-0.0,149.17775490151507,778.5721387841187,893.8230753215537,964.0737317512502,948.8542692649286,876.2762851598114,-0.0,-0.0,-0.0,-0.0,-0.0,81.73268338172169,-0.0,-0.0,-713.0375903042535,-184.13997358382235,-517.5187078554982,-89.6986888766328,-0.0,-1254.6373124163606,-1680.3968147593225,-2308.4547927840017,-271.594910382465,-221.31861448551982,-0.0,-0.0,-687.0446619359166,-0.0,-0.0,-0.0,-0.0,-3038.528370927421,-0.0,-46.47891415650498,975.4311837707564,-0.0,-1158.9921935820366,-683.1761525483217,1648.9429279574576,-1096.5078835128152,-0.0,-3311.5194161956356,-2544.798871385008,-221.79008521714346,-894.1293101090024,-1368.963936602142,-603.2266002789305,1330.8940098367873,-94.03572197572682,-660.8428779073917,-0.0,-0.0,-533.0263124975774,-0.0,-974.5972287816859,-0.0,-506.91396439284745,-42.025287640265745,-0.0,-0.0,-1291.5105249405349,-0.0,-0.0,-628.2392312651207,-1324.0989571324615,-2287.9554985609175,-0.0,-0.0,-0.0,-2037.832311814528,-0.0,-1161.2724708806677,22.48564197883118,-0.0,-0.0,-1287.6020667392613,-1127.67514032728,-1385.3164269445929,-458.3692059080066,-0.0,-1532.677972277212,-317.6592633934649,-0.0,-0.0,4.609765752683807,-44.43427788478559,-5038.162310407923,-0.0,-136.59697888009535,-30.487157118796805,478.1819829558297,-86.61099770462926,-1126.1277833406932,-1031.1270858278228,-522.7928372922489,-0.0,-0.0,-2096.3079539272344,-0.0,-0.0,-0.0,-0.0,-0.0,-0.0,-0.0,-163.1689450115072,-0.0,-0.0,-2042.595846540286,-7590.461102189762,-146.81930478438449,41.90926300314546,-424.98531507220895,-789.3133625416303,-129.82095719984093,-4711.7185224970535,-264.2187489147201,-346.6968953261223,-0.0,-0.0,-0.0,-1911.8940846624093,-0.0,-42.08419168696041,-0.0,-0.0,-0.0,-522.5304861532484,-13.24017436841574,-271.31724039283216,-1435.1460090242008,-718.9348163120102,-79.52085774531317,-2725.734188906884,-0.0,-90.329303222501,-2547.1456850091827,-0.0,-1451.057331540958,-91.49743082457863,-1621.176112061067,-0.0,-0.0,-1159.662584505248,-742.6166566978305,-38.97123990970717,-1040.477723967728,-1020.1856786585331,-800.9093174759458,-173.3610488159423,-856.2605828929647,-816.9898927159845,-2503.685679362902,-1061.3189886957423,-0.0,-1714.7125153154038,-442.5933861692595,-720.9917461361732,-0.0,-0.0,-1230.8034744938227,-2631.2301440661113,-1017.0519495715434,-0.0,-0.0,-0.0,-4204.77756074572,-966.6507272122685,-190.93820623800514,-384.27357376607415,-42.51044659745487,-4243.675574998331,-0.0,-0.0,-2636.735128121037,-964.6566957647409,-0.0,-0.0,-0.0,-88.26378241396134,-0.0,-2076.8910854473115,-1993.4867916206506,-0.0,-391.1787392111289,239.76276955353433,-0.0,-0.0,-0.0,-1223.228854222046,26.032608156606315,-2780.313466814858,-727.4071054319061,-1340.6682802663806,-854.329241844266,-3608.2563926167963,-1895.2483195197576,252.1396918518336,-0.0,-3317.584431328634,-0.0,-0.0,-0.0,-1407.2361111443358,-801.6837418453196,-2003.4613947288365,-0.0,-0.0,-930.7337947200746,-1679.6842176628002,-721.1102687409468,-578.0106199045351,-0.0,-0.0,-1359.0334609523459,-0.0,-0.0,-0.0,-0.0,-0.0,-0.0,-615.213027363127,-85.7667917068435,-1729.11554786951,-0.0,-774.2029552102631,-1371.5755066612408,-38.653051720755066,-0.0,-0.0,-0.0,-0.0,-0.0,-0.0,-0.0,-0.0,-0.0,-0.0,-1389.761100943888,-1951.6749563818805,-0.0,358.45704446936566,-0.0,-729.3611394586641,-108.66576130460004,-0.0,-970.3873610451698,-438.9514353300766,-109.30470892899754,-2141.418056275084,-554.0077732921799,-2946.0494708266738,-191.39488164283068,-2377.0612551821278,-1862.3954696373671,-977.2772927313667,-4.762566385104668,-0.0,-1293.5771317385218,-2297.0337045742444,-2540.1839893795996,-95.39956092993556,-249.24249180461166,-2033.2325492257132,-0.0,-2461.851227681537,-398.82030954880247,-0.0,-1962.0826885523056,-0.0,-1006.7754157271412,-0.0,-3088.9221465140186,-0.0,-0.0,-87.13151800716672,-1181.530641560587,-546.261516454357,-0.0,-1501.001377170565,84.83157604601126,355.1259398591056,397.6601715444759,-311.99254299368107,-1865.8803577421534,-639.4610296452569,-0.0,-0.0,-6247.368509251211,-1246.740758056095,-0.0,499.6178129534188,-0.0,-2221.053990970235,-557.1280242270764,-721.6084788865162,-0.0,-0.0,673.5941449930227,-0.0,-1058.5580379062574,-1367.63311412679,-2072.6927319826577,-0.0,-747.9362985553917,-3222.7444642673117,-1069.3795277075733,-0.0,-1511.2326563330432,-159.4930302812673,-1282.920904477123,-0.0,-956.216424952974,-0.0,-0.0,-0.0,-971.4184507425763,-0.0,615.7763874368691,-0.0,-404.89264459077935,-832.5183403420768,-515.0244918486916,-1228.7389563123745,-630.8213601833044,-2304.6999457093075,-1372.167838134411,-0.0,764.6712172747557,-2649.2534257277835,-1868.1643966489098,-752.7469247614995,-0.0,-0.0,-0.0,-162.58350477008,-1343.9290796486753,-327.6091468316887,-1045.00369749035,-2248.8218326029078,-2848.948928820211,180.6376984979497,947.4419139512282,809.372203890185,-0.0,-0.0,134.38650103553937,-35.83744922650701,11849.909406067356,11032.901932188868,5788.60730949298,11007.313625540904,11775.853357945285,12122.63158524371,-0.0,-0.0,-0.0,-0.0,-0.0,-1539.6857303379988,-1364.0811808051012,-904.0831149023916,-0.0,-3008.3504779715836,-712.8068010192694,-1281.6828066243306,-34.59975612379322,-960.3467168341033,-1391.137403198147,-1172.6503392264453,-1417.0368840632113,-0.0,-2907.8561807591673,-1991.511679920666,-867.8082956932192,-135.49175552827236,-3818.819644017692,-0.0,-266.7586760254938,-0.0,-12.856679417418478,-0.0,-149.54729617792125,-329.62101226905014,-1135.5079669849326,-947.393895199801,-0.0,-0.0,-0.0,-2624.5130010088055,-0.0,-0.0,-296.99576455787997,-1122.3904599637276,-1022.9713543569037,-102.70801323795631,-1317.656571656463,-2138.603033555551,-378.5696666500068,-0.0,-0.0,-138.19162375288778,-1312.615837156667,-387.7874381564998,-0.0,-5991.165049142485,276.70997842395025,-0.0,-0.0,-0.0,-35.25969546891238,-474.5991464413951,-0.0,-0.0,-1364.973717226223,-2295.6758097927586,-1518.903173666718,-446.4435461226772,-451.1721817982537,-468.75832969027965,659.4946537937373,-1434.3180737323664,-0.0,-606.1825459654859,-3038.5100258559096,-634.4943873043898,-8.910763343824586,-0.0,-5.907891297056172,-0.0,-0.0,-0.0,-1299.6528217003588,-475.32671414004307,-1700.1017773566043,-0.0,-0.0,-0.0,-273.32023589883295,-669.499971824541,-1666.908407654173,-3695.7962881473672,-380.72536741840844,-234.04323367326796,-0.0,969.9531785140143,-0.0,-1339.7990962458493,-189.17078158008584,-0.0,-0.0,1185.978174537199,-0.0,-1942.4952816038294,-0.0,-0.0,-0.0,-232.5039389368091,-2353.966240389388,-1977.3777884735034,-34.08084960759627,-2808.9434661522823,-1633.510265487831,-28.916539093620973,-31.1792635830061,-79.12285010026073,-0.0,-0.0,-2271.672077332827,-0.0,-6506.553676254792,-0.0,-1487.2979943249238,-291.7306404018273,173.09651744649727,-0.0,-64.65764081471944,-1430.6114262310039,-1775.5802704634982,-632.989852006512,-37.4048278956456,-283.9172706186993,-0.0,-0.0,-0.0,-0.0,-1262.1811256156925,-974.4412741439778,-0.0,-660.8609611953127,-1419.0503210192217,-205.89065206438244,-91.4741237512513,-0.0,-0.0,-0.0,1236.1673119036375,-4.222608270576054,-0.0,-643.8685371492977,-986.6289550842394,-1582.3575260811378,-0.0,-0.0,-2311.684710911509,-0.0,-0.0,-0.0,-0.0,-755.0625529508659,1121.2249197644032,1251.8419397673858,1369.0725653236059,-0.0,-0.0,-0.0,-669.8172184000844,-0.0,-0.0,-421.96059582685615,-701.5444684125051,-0.0,-246.20164984881498,-1513.6391414322236,-1402.990790063543,-0.0,-0.0,-0.0,-13.246759592421979,-1716.6986373525342,-4.912145168584052,482.8411913704648,-0.0,-1856.616673063136,-867.8587118446145,-599.2486833301064,-2138.121640785435,101.15998138102448,-331.47179127630284,-21.08490335660137,-484.83774166877726,-419.88492621977036,-1115.8699805220042,-399.7012412365474,989.7183934821115,-1638.136186951178,-257.7735706481117,-193.91950178205965,-4391.923145611807,-3230.3806968057816,723.263825316599,-1114.9380489330651,-230.84068287206048,9.538043791146324,-924.312083592777,-1315.4533381288775,2020.5052583842087,-690.7455299164454,-769.3396339596736,-789.1494138674238,-0.0,-7811.642445086914,-0.0,-527.6733164210907,-990.4025522563197,-703.5712873648015,-1057.7493077568627,-1300.8830507335845,-0.0,-1178.0486134911648,-185.61708157263334,-95.70779807676936,-7154.380807051652,673.0057880805157,-225.566888715186,-0.0,-624.678183485032,-1442.1763805632843,-0.0,-0.0,-534.0544727815645,-1732.6433687231313,-95.74579260411024,-257.7761872433194,-307.8656790507996,-1213.448308450031,-0.0,-0.0,59.42732810200227,-0.0,-0.0,-2000.1688581565302,-0.0,-1907.3020743253478,-1001.0639123424401,-1365.5868640249366,-0.0,-0.0,-560.1253280161527,-988.6895425254318,-157.10042293087784,-0.0,-513.4509854958281,-169.1076213095202,-585.7569192623955,-0.0,-220.3038934996225,-553.4062735279908,-2460.880702631466,-1088.7833097870616,-1868.7569577602965,-0.0,-0.0,-1564.7490822212003,-23.84395224047064,-0.0,-0.0,-1276.7940747085115,-0.0,-0.0,-0.0,-0.0,-0.0,-0.0,-0.0,-0.0,-0.0,-0.0,-112.14484124581253,-0.0,-0.0,-0.0,-0.0,-0.0,-0.0,-0.0,-0.0,-0.0,-0.0,-0.0,-380.9331298402636,-0.0,-0.0,-0.0,-0.0,-0.0,-0.0,-0.0,-0.0,-0.0,-0.0,-0.0,-0.0,-0.0,-0.0,-0.0,-0.0,-0.0,-0.0,-0.0,-0.0,-0.0,-0.0,-0.0,-0.0,-0.0,-0.0,-0.0,-0.0,-560.5134585984063,-0.0,-0.0,-0.0,-0.0,-0.0,-0.0,-0.0,-0.0,-0.0,-0.0,-0.0,-0.0,-0.0,-0.0,-0.0,-0.0,-0.0,-0.0,-0.0,-0.0,-0.0,-0.0,-0.0,-0.0,-0.0,-0.0,-0.0,-0.0,-0.0,-0.0,-0.0,-0.0,-0.0,-0.0,-0.0,-0.0,-0.0,-0.0,-0.0,-0.0,-0.0,-0.0,-0.0,-1492.544547858597,-586.3677203852543,-1909.4578954974663,-0.0,-0.0,-0.0,-0.0,-0.0,-0.0,-0.0,-0.0,-0.0,-0.0,-0.0,-0.0,-0.0,-0.0,-0.0,-0.0,-0.0,-0.0,-0.0,-0.0,-0.0,-0.0,621.1754294189888,-0.0,-0.0,-0.0,-0.0,-0.0,-0.0,-0.0,-0.0,-0.0,-0.0,925.2130649325215,-0.0,-0.0,-0.0,-0.0,-0.0,-0.0,-276.7522954037419,-0.0,-0.0,-0.0,-0.0,-0.0,-0.0,-0.0,-0.0,-0.0,-0.0,-0.0,-0.0,-0.0,-0.0,-0.0,-0.0,-0.0,-0.0,-0.0,-0.0,-0.0,-0.0,-0.0,-0.0,-0.0,-0.0,-0.0,-1221.3654301504366,-0.0,-0.0,-0.0,-0.0,-0.0,-0.0,-0.0,-0.0,-0.0,-0.0,-0.0,-0.0,-0.0,-0.0,-0.0,-0.0,-0.0,-0.0,-0.0,-0.0,-0.0,-0.0,-0.0,-0.0,-0.0,-0.0,-0.0,-0.0,-0.0,-0.0,-0.0,-0.0,-0.0,-0.0,-0.0,-0.0,-0.0,-0.0,-0.0,-0.0,-0.0,-0.0,-0.0,-0.0,-0.0,-0.0,-0.0,-0.0,-840.0386254956753,-0.0,-0.0,-0.0,-0.0,-0.0,-0.0,-0.0,-0.0,-0.0,-0.0,-0.0,-0.0,-0.0,-0.0,-560.0183494866302,-0.0,-0.0,-276.85725236080026,-0.0,-0.0,-0.0,-0.0,-0.0,-0.0,388.2609612314619,-0.0,883.8555572172723,-0.0,-0.0,-0.0,-0.0,-0.0,-0.0,-0.0,-0.0,-0.0,-0.0,-0.0,-0.0,-0.0,-0.0,-0.0,-0.0,-0.0,-0.0,-0.0,-0.0,-0.0,-0.0,-0.0,-0.0,-0.0,-0.0,-0.0,-0.0,-0.0,-0.0,-0.0,-0.0,-146.66803588835765,-0.0,-0.0,-0.0,-0.0,-0.0,-0.0,-0.0,-0.0,-0.0,-0.0,-0.0,-0.0,-0.0,-0.0,-0.0,-0.0,-0.0,-0.0,-0.0,-0.0,-0.0,-0.0,-0.0,-0.0,-0.0,-967.9143931818949,-0.0,-0.0,-0.0,-0.0,-0.0,-0.0,-0.0,-0.0,-0.0,-0.0,-0.0,-0.0,-0.0,-0.0,-0.0,-0.0,-0.0,-0.0,-0.0,-0.0,-0.0,-0.0,-0.0,-0.0,-0.0,-0.0,-0.0,-0.0,-0.0,-0.0,-0.0,-0.0,-0.0,-0.0,-0.0,1519.8441080632967,-0.0,-416.48490939893594,-0.0,-0.0,-0.0,-0.0,-0.0,-0.0,-0.0,-0.0,-0.0,-0.0,-0.0,-0.0,-0.0,-0.0,-0.0,-0.0,-0.0,-0.0,-0.0,-0.0,-0.0,-0.0,-0.0,-0.0,-0.0,-0.0,-0.0,-0.0,-0.0,-0.0,252.84698127881973,-0.0,2400.360768633572,-0.0,-0.0,-0.0,-0.0,-0.0,-0.0,-0.0,-0.0,-0.0,-0.0,-0.0,-0.0,-0.0,-0.0,-0.0,-0.0,-0.0,-0.0,-0.0,-0.0,-0.0,-0.0,-0.0,-0.0,-0.0,-0.0,-0.0,-0.0,-0.0,-0.0,-0.0,-0.0,-0.0,-0.0,-0.0,-0.0,-0.0,-0.0,-2555.8961880526617,-1635.5390353573669,-0.0,-0.0,-0.0,-0.0,-0.0,-0.0,-0.0,-0.0,-0.0,-0.0,-0.0,-0.0,-0.0,-0.0,-0.0,-0.0,-0.0,-0.0,-0.0,-0.0,-0.0,-0.0,-0.0,-0.0,-0.0,-0.0,-0.0,-0.0,-0.0,-0.0,-0.0,-0.0,47.11036902966935,-0.0,-0.0,-0.0,-0.0,-0.0,-0.0,-0.0,-0.0,-0.0,-0.0,-0.0,-0.0,-0.0,-0.0,-0.0,-0.0,-0.0,-0.0,787.0807509294718,-0.0,-0.0,-0.0,-0.0,-0.0,-0.0,-0.0,-0.0,-505.53571897753983,-0.0,-0.0,-0.0,-0.0,-0.0,-0.0,-0.0,-831.6871177411073,-0.0,-0.0,-0.0,-0.0,-0.0,-0.0,-0.0,2489.90438815105,-0.0,-0.0,-0.0,-0.0,-0.0,-0.0,-0.0,-0.0,-0.0,-0.0,-0.0,-816.1501155560759,-0.0,-0.0,-0.0,-0.0,-0.0,-0.0,-0.0,-0.0,-0.0,-0.0,-0.0,-0.0,-0.0,-0.0,-0.0,-0.0,-0.0,-0.0,-0.0,-0.0,-0.0,-0.0,-0.0,-0.0,-0.0,-0.0,-0.0,-0.0,-0.0,-0.0,-0.0,90.72232757468299,-0.0,-0.0,-0.0,-0.0,-0.0,-0.0,-0.0,-0.0,682.0153331882603,-0.0,-0.0,-0.0,-0.0,-0.0,-0.0,-0.0,-412.3949854647663,-0.0,-0.0,-0.0,-0.0,-0.0,-0.0,-0.0,-0.0,-0.0,-83.53031784718924,-0.0,-0.0,-0.0,-0.0,-0.0,-0.0,-0.0,-0.0,-0.0,-0.0,-0.0,-0.0,-0.0,-0.0,-0.0,-0.0,-0.0,-0.0,-0.0,-0.0,-0.0,-0.0,-0.0,-0.0,-0.0,-0.0,-0.0,-2258.074163526006,-0.0,-0.0,-0.0,-0.0,-0.0,-84.4021151895245,-0.0,-0.0,-0.0,-0.0,-0.0,-0.0,-0.0,-0.0,-0.0,-0.0,-0.0,-0.0,-0.0,-0.0,-0.0,-0.0,-0.0,-0.0,-0.0,-0.0,-0.0,-0.0,-0.0,-0.0,-0.0,-0.0,-0.0,-0.0,-0.0,-0.0,-0.0,-0.0,-0.0,-0.0,-0.0,-0.0,-0.0,-0.0,-0.0,-0.0,-0.0,-0.0,-0.0,-0.0,-0.0,-0.0,-0.0,-0.0,-0.0,-0.0,-0.0,-0.0,-0.0,-0.0,-0.0,-0.0,-0.0,-0.0,-0.0,-0.0,-0.0,-0.0,-0.0,-0.0,-0.0,-0.0,-0.0,-0.0,-0.0,-0.0,-0.0,-0.0,-0.0,-0.0,-0.0,-1702.2804072120937,-0.0,-0.0,-0.0,-0.0,-0.0,-0.0,-0.0,-0.0,-0.0,-2123.9440076290966,-0.0,-0.0,-0.0,-0.0,-0.0,-0.0,-0.0,-0.0,-0.0,-185.1485054884635,-0.0,-0.0,-0.0,-0.0,-0.0,-0.0,-0.0,-0.0,-0.0,-0.0,-0.0,-0.0,-0.0,-0.0,-0.0,-0.0,-0.0,-0.0,-0.0,-0.0,-0.0,-0.0,-0.0,-0.0,-0.0,474.10067081381635,-0.0,-0.0,-0.0,-0.0,-180.76068797502342,-0.0,-0.0,-0.0,-0.0,-0.0,-0.0,-0.0,-0.0,-0.0,-0.0,-0.0,-0.0,-0.0,-0.0,-0.0,-0.0,-0.0,-0.0,-0.0,-0.0,-0.0,-0.0,-0.0,-0.0,-0.0,-0.0,-0.0,-0.0,-0.0,-0.0,-0.0,-0.0,-0.0,-0.0,-0.0,-0.0,-0.0,-0.0,-0.0,-0.0,-0.0,-0.0,-0.0,-0.0,-0.0,-0.0,-0.0,-0.0,-0.0,-0.0,-0.0,-0.0,-0.0,-0.0,-0.0,-0.0,-0.0,-0.0,-0.0,-0.0,-0.0,-0.0,-0.0,-0.0,-0.0,-0.0,-0.0,-0.0,-0.0,-0.0,-0.0,-0.0,-0.0,-0.0,-0.0,-0.0,-0.0,-0.0,-0.0,-0.0,-0.0,-0.0,-0.0,-0.0,-0.0,-0.0,-0.0,-0.0,-0.0,-0.0,-0.0,-0.0,-0.0,-0.0,-0.0,-0.0,-0.0,-0.0,-0.0,-0.0,-0.0,-0.0,-0.0,-0.0,-0.0,-0.0,-0.0,-0.0,-0.0,-0.0,-0.0,-0.0,-0.0,-0.0,-0.0,-0.0,-0.0,-0.0,-0.0,-0.0,-0.0,-0.0,-0.0,-0.0,-0.0,-0.0,-0.0,-0.0,-0.0,-0.0,-0.0,-0.0,-0.0,-0.0,-0.0,-0.0,-0.0,-0.0,-0.0,-0.0,-5959.426968444796,-57.93573758388214,40154.03759650963,-4024.33264983897,-5010.5079126394385,81506.5300558038,-0.0,-7422.354137089268,986.9126055973759,2360.200026747044,-27119.045588168487,-0.0,-5242.6521513884045,-0.0,-0.0,37738.406685102935,-12435.621320273254,4267.423659079207,7047.051159124623,-5051.9502175268535,-30467.63715357557,-9840.026037261336,57.57565257799439,-100.98198047818524,-6908.071716507039,-0.0,-14851.49377826694,-20644.58142310544,17441.20791708187,-645.0126540309775,8.930742784406839,52630.573876549184,-3564.322268455892,-133906.01613167598,-3169.7844793261015,-25734.934472564022,-21428.53546968955,-7124.038573734639,-6903.741207579645,-16625.090893528464,14229.478638886387,-2778.73847790249,-4670.123419350295,-4169.147854099209,-12653.898220725574,9323.8388431157,42704.23021506227,-1137.276026064246,78.72806862758281,24177.580888689256,6027.938872855089,-630.223744935422,16626.70043909696,9331.352936447125,-6501.418677912498,-8253.323734994932,-4369.6883678877475,396.4290398722687,-0.0,-0.0,-302.6326935295356,-9205.44709191857,-3939.7563645328123,-3448.1884565721944,-1972.785574428371,-5222.869452133719,12407.85709042246,4136.840078568324,-9474.863208191064,22573.509411268544,-22772.236212962114,-39235.85940454918,78204.31295744979,-25950.59155307217,-10484.439867373561,-2478.416886412824,-4193.126277906259,-6839.361103617842,-5340.106028146016,-37401.83446178796,-0.0,-15380.620369061164,-0.0,3448.9750519189843,-0.0,-0.0,-15965.481285092805,-1376.3329259520624,-0.0,-0.0,4532.413012575958,-0.0,-0.0,-0.0,-7942.714002646472,-5203.614283345253,-8396.961106984712,-8324.008374074097,8839.728680619053,-0.0,-33561.82714357668,52697.13683232106,-0.0,-0.0,-22924.403764990933,-11877.031168643636,212.79963140509716,57.43921192395364,-0.0,61328.343236857705,-0.0,-0.0,-0.0,-0.0,59958.91151329255,-1170.4578878082896,-0.0,-12663.294839443957,-0.0,-6948.513186411106,-1511.2582916773133,-3683.341163623862,-18008.903553477496,14172.505263925761,-1682.3418521568146,-10583.960681994313,-0.0,-0.0,-5689.92704192582,-7864.610706504148,-11761.50620915406,65750.58441680335,-0.0,-203.17645686360117,14638.818883567063,3680.4358608078387,-2240.263816692744,788.2720464631806,6017.272930048005,-4215.650773353842,-92.57397485555344,-20313.686176420604,502.1858811989786,15336.00986806635,-913.0732147192881,14445.704672154317,57162.80034348687,3510.036558926169,-76.14819744967158,10644.695136089158,-2353.811944314563,-8775.628949556254,-11559.659375187437,-16675.992164185045,-0.0,7397.190893602882,22638.718252516508,24578.18629894402,-11049.629927279022,8401.190076589943,10039.930103973014,-9267.635957066708,18205.55411189423,-16232.853597425152,-0.0,5200.1099132158815,-13842.094077533931,-18031.55399869383,-9796.756716532025,28920.0727648122,3616.414484817785,-0.0,-6931.020268166426,-0.0,-3134.5130086607805,110.03039616044389,-4589.38057095916,-0.0,233.3770501014798,-278.4532550514325,-24823.35285167287,-14440.660647962284,24980.004669294758,-7846.3753227963225,4015.5364145359467,6423.288807537595,-7419.021707851192,-6010.630806105464,-13103.114496859398,-0.0,-2409.9176773004506,-2029.179563920368,-0.0,1447.2171044998283,-414.53747156021706,-0.0,-0.0,-16602.342519829366,-4056.216725504768,3374.764822138751,-5504.469795370488,-0.0,-0.0,-0.0,62616.67282681374,22947.03094833132,-0.0,114.98713033112578,13742.616676154441,-0.0,-4905.7592667660965,-2743.5654481954684,-0.0,-4944.194039502006,-10348.722417776584,136115.17644421224,-13699.879800999885,-9931.645470303063,-38079.138631510104,-0.0,1661.2907067129572,3351.7574661330423,-11067.963093552102,33748.332144214706,-9214.145271775566,-44992.90283262089,-16134.309241839403,-10398.80825444493,-0.0,1394.343037518914,-5469.634930880662,27193.186647632072,-176.44443173981605,-485.33277361668513,-12210.162574288097,-10455.516279242114,33570.25452494401,-0.0,-2422.2903655029536,793.6274526667763,-0.0,-0.0,-0.0,-0.0,-0.0,-0.0,-0.0,-0.0,-0.0,-0.0,-0.0,-0.0,-0.0,-0.0,-2400.2960425286988,-0.0,-0.0,3864.7013010572364,-16534.518659406356,-785.357685820461,-11672.366941054917,28152.51186691965,9135.94188588743,-4409.736957703519,3877.094650386495,49770.057014423095,-0.0,-0.0,-4733.888117272007,3629.570982248618,-7647.3103072175245,-9494.28345614129,-0.0,-41.696726511250915,11300.737472354287,-5111.957001231737,-3035.8362520475707,4093.3597584840977,-28355.996766272558,34346.737075317105,-6491.4931528246225,-1134.6168358811994,15345.441678933144,-0.0,-0.0,-0.0,-0.0,-0.0,-0.0,895.8831274829001,52124.53564962524,-11334.578392024632,-12396.77826165924,-10041.020795490023,-0.0,-10217.61034833984,-14687.225079961714,-0.0,-0.0,-0.0,515.4295001141746,471.25710704985727,764.0294618546667,2810.6462373483837,-0.0,4444.055233236212,943.6116716796258,971.79575603814,935.2893793650248,813.6508138694586,3179.53545806965,1799.3131809282593,3057.9129803248334,2751.2792206652293,2998.2379899157286,3236.512386910656,41105.20207395552,38780.38134855792,45632.67695288832,42448.08898618296,10518.486605955479,9448.460660879484,9708.378292147718,10924.019022788436,5298.052210025858,2251.393357910679,2339.759100100858,2432.2504298185154,2330.1789552161977,2453.2213659321246,5135.627987115311,4824.493843944895,1649.3143969929047,1381.6705472719855,708.6394306809906,452.5875626160711,570.4235538730557,37799.29003330668,36612.41947316964,40887.41381686753,36272.47495740365,63800.789553612136,60338.88927791695,1453.3471990029927,1312.8962216236505,1444.5571450317154,1387.5651767069987,1352.2010785049088,1409.6826481206233,727.7720173200794,63705.02444059848,56807.47487903018,56244.436177403666,3071.7673279715423,2932.911657206434,3166.382456693787,-0.0,9189.98799909875,9833.667797795975,42639.01524597081,37053.196316661124,43528.60798880348,66257.15447936766,64883.93132955739,73935.97874470898,63573.367099611074,3047.50914245131,2626.109341695033,5639.183574848178,-0.0,21675.00834418089,24554.58919590889,-0.0,1717.204597935286,1670.99378941186,1681.5570080250452,1633.057161679791,1630.1153499700508,1652.3164620621956,42903.45204009691,43162.429725287264,40183.329632945875,36734.084794888186,1306.3603799748398,1420.0195728323042,-0.0,-0.0,16581.22210326232,41642.15430419,36411.39155473272,40598.85572962884,43900.70110399665,-0.0,60680.07315894306,56457.30390535173,1154.5823172518062,2563.272905040306,2451.8990965672847,2621.795073235623,2738.486811937737,2770.7381590100485,64698.6608374607,62202.09703358184,-0.0,-0.0,17901.146098964484,1193.0614486282627,40463.3756198626,42436.25926484255,37626.42469842013,39177.81341381334,42880.36830004596,35391.653438173445,-0.0,17801.088100638848,11109.537080647773,-0.0,-0.0,1518.6442312216973,1621.859757780724,837.5123922673554,933.492899543238,482.48616143092727,489.0890371631096,-0.0,1152.1266545354674,1150.4604967802588,1226.067699778128,1410.4809729051992,-0.0,1798.8512239003655,1753.7562820904063,2082.2109547035925,2708.0898996303804,2681.1302983124133,2461.2945861640883,866.0155773840171,976.3640782938962,962.7320212135834,1596.6312248005238,1028.1008371324479,1109.2940630391793,1132.3482768791534,1043.5602749120821,9224.550574949924,9217.006991709906,296.04943880005254,291.1718173061067,3918.9492086694922,15894.496092616828,1595.686506462126,1704.219804186902,-0.0,-0.0,9746.504679576194,9754.04788475204,9613.884438675032,8404.315934723716,2243.363310874738,2222.193251218772,39329.889031959494,36018.861324744394,10536.12465700866,7842.491011448507,-0.0,57054.18525155214,2168.8588972356984,2563.7676837292734,1158.1746626703305,60966.91545922933,61304.55507321731,65132.790914279656,54057.03052067062,230.80299314452674,63784.0421458644,57780.24758875312,-0.0,-0.0,26393.17327554527,-0.0,1329.4943033163784,1139.6929399627395,1161.2911532948626,2483.246436115214,10505.252948131958,19657.84844807235,2049.6670458586545,1979.6915405425768,26.860188516521234,766.2045935777068,776.3413027601267,18404.635705371897,1605.1970064348936,-0.0,-0.0,-0.0,1164.6940307908615,-0.0,1218.3157232014964,-0.0,6819.740396161991,6922.919336521414,6224.1448400433865,6438.787789045149,973.3397136736202,-0.0,941.7051397972946,-0.0,-0.0,1069.978327348886,1128.0907959751892,1171.2559629027119,990.2417891880734,875.4328032647618,819.1045510082336,1916.9757340737574,1830.7444005752366,1762.7557762216497,-0.0,3379.545386447623,2959.523301130661,3462.619999712407,3310.456552165847,5293.153232760666,54840.81715000197,57517.662349079634,11464.853313216898,23344.61101777241,16711.284314068544,20077.298261037788,1851.3844709532084,2230.363571485597,1021.9085396163289,939.3924176605752,2447.208454028279,-0.0,42949.57137540786,37134.08653968229,1571.6152181353038,1272.5856498519968,1358.8455041385596,6076.7129614339,3450.692310016866,3254.67218822436,38019.90259037868,35967.84424898919,40005.76343760962,46337.25119662702,-0.0,-0.0,-0.0,2523.1658726609494,2691.7209427972207,2792.18599940589,10097.166222420628,9653.442514653,6991.837241617499,2596.836157753018,2748.5012929564073
21,-0.0,-0.0,-651.0119506715446,-2257.726237886561,-573.023747743472,-542.8838787640827,-107.11064372501602,-664.2448379398901,-629.1283780128774,-0.0,-1404.498835168778,-0.0,-0.0,-2868.2937365757534,-0.0,-599.1233660602558,-480.3477553271279,-0.0,-48.198945034891416,-259.20317325010643,-327.68570037621816,-748.2702424365777,-956.0867120570542,-786.60106336635,-2302.7486347770428,-675.2587783750744,-0.0,-43.850903977443686,-3096.933196233702,-1917.9550088823885,-0.0,-0.0,-0.0,-0.0,-0.0,-0.0,120.89961655234006,-221.8544299325082,-1947.3361657591283,-1660.7750796417843,-0.0,-0.0,-146.85978480542656,-572.9355405632823,-180.359579198791,-0.0,741.9390832969866,-1944.5435712538297,-428.60842028864386,-0.0,-0.0,-292.31337128474263,-0.0,-12.346520619227242,-2274.962149158795,-3084.009074221613,220.9123024552988,-6315.554325317754,-234.403922534768,-0.0,-1981.1293490920762,-0.0,-729.4008296551324,-3276.170176974499,-539.6696017796987,-538.877614690754,-45.78927877297423,-2320.094973319221,-958.0546402484539,-492.01373228422176,-3058.672811113552,-0.0,-0.0,-2852.185012164744,-1098.5621607394442,-246.9554872711079,-1901.574291482846,-0.0,-0.0,-1447.8941318462014,-1555.9691641045724,-545.2062977118728,-3768.9846867060605,4.305356920414516,-28.87243036248365,-2288.8980522316792,-0.0,-661.4491433983991,-1067.4603800415475,-8.169389823308679,-0.0,-1443.037514522941,-91.91766541593725,-864.3488571657177,-2321.8288214186205,-44.21682353645389,-2786.2813626470056,-460.45095636194156,-1529.5593096465902,-3037.602590864831,-773.0293184106861,732.3088145245096,-599.1254690652411,-0.0,-1508.5843451488727,-2537.1405257072656,-5068.8787554804785,-504.84533471586167,-3325.976261657088,-0.0,-1777.2733173129868,-0.0,-0.0,-594.1091906690809,-0.0,-0.0,-721.4320516639781,-89.17421061359816,-1646.5841223463315,-997.6599262030093,-890.7971878890713,258.7089954357649,-503.68163069964004,-335.1987297825481,-233.33189517801492,-8.938911987919859,-596.3098207974554,-671.8177664112399,-834.0698928796069,-0.0,-5366.264208316582,137.62454624952264,-119.35807734723015,-4849.1094992248745,-0.0,-1145.4830230113955,-70.54991562570376,-0.0,-351.3085876906414,-0.0,-0.0,-929.3463028026835,-0.0,-773.4434443710026,-1000.4928225440127,-0.0,-1213.7527712616936,-314.2207095771549,-696.7280621533247,-2350.140973393202,-0.0,-1854.8046319545786,-1305.5224409017005,-0.0,-0.0,-0.0,-0.0,746.9951240442915,-0.0,-1792.829198601737,-1912.9483047183599,12.435558275051527,-0.0,-0.0,-755.404070239987,-598.5307706884458,-840.9863510662526,-0.0,-481.54193455625204,-3357.030705224806,-1164.0179491031033,-0.0,-1337.5086395868375,-2748.434648875535,-0.0,-0.0,-0.0,-0.0,-0.0,-0.0,-556.4303679415382,-680.5451526259616,-260.4693286537468,-221.42489447146895,-1497.891805747772,-58.42596527424755,-0.0,-0.0,-794.0904085933505,-0.0,-622.9154373900288,-32.140785017152396,-4.763145101916557,6.534605722984485,-0.0,-0.0,-1326.4423113408147,-475.9663801942332,-526.0556250431821,-0.0,-3807.1413368853728,-2239.513238358409,-1157.3292910800596,-0.0,-0.0,-2482.259114538814,-1640.098594486852,-735.4709863490442,-94.75640241447178,-1900.2917974308828,-1584.6360057224324,-0.0,-0.0,-1881.8979429340366,-0.0,-884.9936068460845,-1439.5769602031467,-153.64461636191834,-466.5101660482623,-670.847714767785,-634.1988495234929,-0.0,-1714.6071086651223,-0.0,-3759.4319181661604,-3178.598985378269,-207.7801774157831,-447.5828719818097,-528.395826685572,-0.0,-318.30036588193644,-295.092909837436,-0.0,-1209.561091985207,-773.0238526691202,-1257.7335978517385,-1766.9059203533834,-1041.395943645248,-2411.5047210359676,-2352.183854772091,-2737.9235095075965,-2500.6335522754093,-1151.7657454843138,-2407.947452473856,-575.1841154864196,-661.0421524176094,-0.0,-1359.8124876888091,-1220.195269473006,-1121.8457804775308,-465.12071258607426,-447.50259577642413,-2288.888174082049,-872.8596853892826,-466.841732167315,706.8420038631431,-0.0,1128.0396531244771,-1541.35901601417,-0.0,-0.0,-0.0,-0.0,-0.0,-0.0,-1447.4111007809709,-3086.7963976028987,-561.8577122748919,-1103.3771042656,-0.0,-0.0,-2072.633187980337,-1355.9635376229426,-2357.5938377142893,-0.0,-0.0,-155.85499436667124,-65.87245210700252,-445.3572956225282,-2099.1896750564333,-565.2554379098888,-0.0,-583.6013973722937,-766.8109243561534,77.08034430805478,-1346.3144248626795,-1655.6986718396026,-1500.7415849341041,-2053.0602796849003,-347.6050673503849,-661.1783404830416,-47.026816362587326,-1953.893372533607,-0.0,-949.8441248810575,-185.37758057538917,-95.11307310186298,-658.5026672025108,-0.0,-2425.6827379437077,-144.77912966792604,-767.9686328151746,-1783.68608045873,-1764.3253809576815,-0.0,-645.5454899989622,-868.1939606323414,-28.746899971052965,-283.62353597504415,-567.1537731135401,-62.83901601387466,769.2106062927738,-1332.2921122017024,-0.0,-1049.4746293702688,-1734.6116849628222,-0.0,-557.8406067465106,-0.0,-1741.0816410798425,-0.0,-0.0,-0.0,-1309.3889123044833,-818.9200020563585,-519.749216309328,-0.0,-1798.218976038754,-3468.7949035448764,-4159.427826312123,-0.0,-376.37885333320156,-0.0,-319.13454745894506,-129.6772234014396,279.7853670411055,-648.462381233065,-0.0,-781.5241601668753,-1033.3245676579272,-355.7522450678509,-656.356229560725,-0.0,-497.2285013458023,-1032.9738794655175,-611.7494419340352,34.40327007058378,-2566.102624172721,-0.0,-0.0,-1567.2593932217285,-282.9430910484879,-1547.0681153701512,-107.90617111266805,-144.18594593423356,-245.00301632335282,-689.2199848379558,-1130.1204538382335,-1511.186198979613,-2345.7631959598198,-0.0,-0.0,-452.7220760426924,5566.73089139759,4.858404562609682,-0.0,-0.0,-0.0,-0.0,-2602.65546713582,-544.2587619846253,-0.0,-1110.8939631503486,-1038.6154130634104,-835.7489136417034,-2483.89377047013,-283.86805256275665,-1309.9614668570925,-0.0,-0.0,-2234.194545472465,-756.4511077757066,-1916.8422575665306,-811.1925397005778,-922.7093455324858,-2056.153548209532,-247.5846198592515,-1873.8425629162264,-1228.3993222532642,-35.269124195704734,-1146.2286124291752,-1261.5663514676849,-257.0360562278576,-250.43321438164492,-2142.8260886060802,-0.0,-527.8029887498665,-313.7264375913414,-34.44085904889896,-894.4964109319442,-238.99310048666436,-1061.5125791191888,-987.0505155065375,-1408.5960024509814,-261.83697513090846,-2825.349697144591,-64.3637482584416,-674.5243471826433,-0.0,-883.5275206441007,-839.7157114386451,-1078.1906242479793,-1291.8236767014657,16.223063171595317,-454.7117851910157,-2885.6085364972855,-887.5200135550855,-427.1115185881912,-1270.7626323760912,195.36772745133888,-0.0,-0.0,-0.0,-0.0,-0.0,-0.0,-12.314943154131786,-193.32172334202625,-2572.1569102751278,-5492.692745422613,-548.4918183090798,-1093.7790091254337,-154.6519757496739,-594.4867498581978,-1508.7824421668288,-1248.2431363871547,-44.0431710803564,-606.8704387125463,-554.2579393517985,-0.0,-105.9909072248502,-1247.2912447446804,-532.4826079965512,-0.0,-1153.5347960964727,-0.0,715.4664132326521,-0.0,-0.0,-0.0,-45.53897341477952,-0.0,-0.0,-1199.2574891659606,-470.0803580290648,-1346.982164399909,-0.0,-0.0,-0.0,-1001.4632078709996,-651.9003621306562,-1482.8000890152036,35.1439466631697,312.0056018350707,-0.0,-0.0,-3460.835413638073,-1379.413450295117,26.042712020335543,-64.17289001839093,12.980198727549647,-21115.58581729143,-20987.712962807385,-2617.4011402975666,-0.0,-0.0,-0.0,-0.0,-489.7067246480477,-0.0,-0.0,-684.8314070821999,-2542.6213057427017,-2213.302103991825,-1510.564170824877,-387.80111826121004,-2064.6631766962987,-35.782363790713774,-1454.0599009013604,1095.1339321942369,-8.276116821891279,-1016.5298473219854,4.372303384322444,-0.0,-0.0,-0.0,-0.0,-179.1446946204301,-0.0,-0.0,-0.0,-1037.2066895691526,-1662.9001493674316,-0.0,-0.0,-289.05554028488433,-2496.692374540269,-0.0,-1591.7004850457558,-1872.6290691433692,-2289.807886364704,-0.0,-0.0,-117.07684108996217,-96.99601624775418,-1161.1317269621466,-1698.194797212251,-629.3366715821368,-1490.0221759883498,-1413.7246539775238,-0.0,-0.0,-0.0,-0.0,-483.70662370693975,-288.84484964410376,-0.0,-0.0,-109.89023733837524,262.11065804895696,-0.0,-1410.4793351244841,-1173.2224046746314,-1219.6601541755217,-0.0,-0.0,-722.6926017241299,-1365.7712841907064,-847.1254015493423,-467.3594585161733,-0.0,-2507.5504710722043,-2626.550695186087,-0.0,-0.0,-0.0,-0.0,-0.0,-1660.1632914780378,-0.0,-2574.6062033633607,-1490.2914961992842,-80.07970970875421,-0.0,-0.0,-0.0,-3082.182742153537,-1522.092608304563,-626.404749279782,-541.0149828323231,-1389.346507524423,-725.4138170518925,-0.0,-0.0,-791.7036466171703,-1569.2972452953081,-79.69271930392992,-537.149788599025,-0.0,-994.3139774795894,-757.9641314006282,-2063.5091446837887,-0.0,-362.55432123386515,-150.09462219799107,-374.5818746764611,-1668.2871110082242,-335.2250415795697,-0.0,-0.0,-0.0,-0.0,128.31865342780222,-167.77267851788787,-1012.801167579237,-1721.732486524558,-1295.700328730703,-513.9971822507474,-668.7433577344884,-6769.8289001336725,-945.1926805991764,-617.7685437719402,-0.0,-0.0,-0.0,-319.67090132027255,-456.74265397030626,-1435.4607890081631,-423.78358403723126,-0.0,38.9935592906054,-0.0,-0.0,-0.0,-0.0,-0.0,-0.0,-0.0,-114.83621945451495,1865.458147436349,-0.0,-1715.3314044132317,-801.4824237655195,-482.8670839551077,-1883.9029246998718,-0.0,-0.0,-770.7844332513921,-786.7955801022377,-129.46656175562242,-150.27785060940948,-160.0097584002015,-710.2442971151119,-181.81895896136595,-2135.2340789537375,-406.145041612229,-469.446254172938,-0.0,-0.0,-1705.0197940502364,-3233.3146749282655,31.838614755928393,-592.6847923631498,-415.55397062909435,-1049.2169318661993,-1435.628461717447,-865.6335647204111,-332.3159159331918,-189.4241166583605,-1467.6321293165277,-0.0,-0.0,-0.0,-0.0,-0.0,9034.967749235013,-82.79203423778591,-615.6893099759097,-778.1677196402032,-1237.2648951181966,-1360.63336318909,-1488.1174781559885,-1855.3638384992412,-2141.5294468422503,-505.89208794472745,-0.0,-0.0,-1711.9314231073142,-0.0,-0.0,-353.60310371265274,-2222.2474598402077,-1399.1432475625295,-562.9282225834362,-71.58531178151809,-1886.093760881083,-0.0,-1632.982725570511,-0.0,-0.0,-0.0,-0.0,-0.0,-0.0,-551.3228764315412,-1494.7857011664169,-1212.1865514461317,-96.36249035162267,-279.7824911206728,-690.7514784555852,60.42020390514875,-0.0,-0.0,-654.101264299154,-620.9764177820699,-4553.421047361096,-0.0,-1442.8998756581377,294.68642844819345,152.38359881266672,-0.0,145.11332690160546,-225.59641955254628,-168.78382854157311,-517.5382036603293,-0.0,-2005.8314703071735,-0.0,-0.0,-1241.1150383087156,-0.0,2764.0243160975983,2689.0278411669306,2536.6088934697623,-0.0,-0.0,-2066.0919997582528,-0.0,-0.0,-395.60106873730405,-1057.336554315329,-844.2487317271921,-1031.884986739078,-1225.6531299257992,-0.0,-0.0,-0.0,-0.0,-835.527344207155,9.766028619038819,-61.86287820549139,-1185.8112522282152,-1140.58492763108,-426.7316263420914,-1687.869698057814,-0.0,-2389.7930676125256,-1238.8189635846213,-1617.0475307076297,-479.51972781339276,-443.5491758822853,-0.0,-1470.061272195284,-820.3094686207011,-1003.02268316596,-2427.8364758836556,-649.0902694791625,1204.5999171752903,542.598900190138,-375.25296025519884,-1423.621693812413,-0.0,-1989.1038534561078,-3989.244110194754,-505.9448684830022,-551.0380289671973,-0.0,-0.0,-0.0,241.67949983587027,-406.5893586190222,-597.4648985952441,-169.26579090979746,-542.8719601428118,-581.2630512883562,-0.0,-495.609998463962,-1072.4406203749431,-838.6554272575764,-0.0,-2065.8658688297746,-5004.345376892397,-0.0,-0.0,818.0766669827094,712.8303221015159,-0.0,-0.0,-740.759765005581,-1061.6003252178118,-373.35136516642865,-772.3657757382956,-0.0,-0.0,-0.0,-0.0,-0.0,-3077.1020863739045,-492.2713027014539,-1861.7528012728576,-1299.312816531482,-0.0,-490.7727833418993,-460.1655314967233,-0.0,-253.83387204375558,-790.8285575841245,-1366.7371693842867,-4601.4935137243665,-89.38526032026053,-0.0,-0.0,389.7602023064949,895.9678144473428,-0.0,-0.0,-433.015429276881,-0.0,-0.0,-0.0,-2909.63833449824,-0.0,-614.7104777203299,-0.0,-0.0,1961.225592529864,2457.5729990440677,2343.3676672563493,-0.0,-0.0,-527.2731647064695,978.2573610740552,-2964.3916074430003,28.784009185033884,87.5694203007047,-2848.6965112888297,-122.69666057914783,-228.40417220431672,-742.3288537398998,1093.6132670919885,3766.186637953694,-3405.554347222759,-0.0,-0.0,-1097.1788294205876,-1878.400943386838,-1358.058126869322,-270.1993501465711,-48.814149209260016,-0.0,-0.0,-0.0,-0.0,-2262.031226680425,349.2428413728063,-0.0,-4.141204679141123,-0.0,-1880.7095768049248,-2334.764911607966,215.98406349344913,-0.0,-0.0,-434.1558688407778,-0.0,-1917.670391790721,-108.63121412107078,-1314.23970074956,-513.667766540609,-1348.3283284697031,-754.2971019878372,-1302.537183793021,-785.1399884539904,-0.0,-0.0,-0.0,-132.49572994667048,-0.0,-0.0,-303.1563112047955,-433.07362081148636,-754.1919017608167,-0.0,-1564.7829297560131,-1210.0046875581068,-1017.1121506720872,-8.405028193624792,-8.591149640772523,317.0710101336909,45.59648782397002,-0.0,-0.0,-14.152861789187794,-2027.357807639925,-706.4417855269033,-1100.156714267276,117.18661174728304,-2498.8182644408093,-2083.599444844013,-1095.1479525797636,-1225.6180608214368,-51.72424351134541,-666.4248398903778,-809.0805019290002,-1443.6710840395742,-2331.4911206071697,-0.0,-2333.140471348641,-173.6539496327495,-0.0,-2862.2788576125627,-3060.5050433590973,-2672.4160751875024,1757.3346240829153,-0.0,-2015.573233429297,-262.56858595300173,-1420.4788350705228,-679.9580971422679,-136.56231923771338,-2520.1881278476653,124.00714725230299,1904.5238182820226,-0.0,-231.01731756882978,-467.54439820188327,-1242.3573705668175,-1348.2857287577683,-1989.7473862733284,-4662.647796455187,-0.0,-649.7786759759532,-1494.1435403868775,-786.5350839343514,-275.593549555495,-31.682386755240152,-355.323676097475,-0.0,-0.0,-0.0,-0.0,-375.99443075985744,-1445.2876830027024,-1000.6949647838669,-72.9009615606759,-655.6106362224633,182.8165454459908,-0.0,-0.0,-991.2142276090568,-579.3195779245739,-0.0,-2439.5902762405562,-107.76450783268018,-1478.1288358278005,-0.0,-231.37425516795597,-225.1521056418263,-0.0,-0.0,-524.1875687578236,-0.0,-0.0,-4700.34065114067,-219.03914416346,-2844.491078257121,-0.0,-0.0,-124.87064209355728,-1689.3331484661855,-692.596328865291,-427.4496565997619,-1682.719315658044,-0.0,-783.6464837865502,-0.0,-607.5325809931618,-0.0,-0.0,-226.1271984179046,-94.90568412582194,12.672441823027492,-449.1486470345003,-1618.5422776501935,-2389.997146105483,-0.0,-0.0,-0.0,-28.50804428881441,-426.4341749075191,-0.0,-1848.8745579989434,-3291.281640212569,-0.0,-0.0,-64.66554663227737,-1838.5509217933927,133.7401751258057,-0.0,-0.0,-0.0,-0.0,-534.7111920091824,-2411.612747390226,-233.0228256463471,-1560.891096721104,-0.0,-0.0,-736.0679805079653,-541.514233177866,-387.15232366929916,42.187549031725204,-0.0,-0.0,-0.0,-957.700244058761,-743.445742965497,-574.9739701238824,-363.97738927475075,-0.0,-0.0,-0.0,-0.0,-2642.8716198284374,-93.98478938516858,-26.829134770326636,-0.0,-0.0,-763.7345017211891,-414.0283405467985,-0.0,-2149.0701108502135,-5090.946406012519,119.78044344962001,-1334.573238527251,-0.0,-0.0,71.03784087297953,-570.0233112867659,-2074.210625141551,-585.7261528759497,-3287.04098252708,-1427.7251531919692,-865.4833653559951,-1622.5935537008456,-0.0,-0.0,-0.0,-41.51597934001707,-1421.9933468767128,-0.0,-0.0,-3414.7294763827294,-91.19865671677036,-1584.7748361272427,-879.236491961541,-0.0,-0.0,-0.0,-0.0,-0.0,-0.0,-799.6691401467218,-0.0,-1785.511998574787,-0.0,77.59963619220514,-1495.9876312309398,-0.0,-0.0,-0.0,-2517.0308658514846,-0.0,-0.0,-578.4715179558963,-0.0,-0.0,-1182.856964415109,-652.1002457066216,-0.0,-0.0,-203.93582915485297,-2225.334528199605,-0.0,-1249.2587852052961,-960.8642569410259,953.9812362085249,-214.25935603226432,-0.0,-639.4403926760311,-2.5100222558597807,-0.0,-24.819115651341868,-0.0,-408.33189423355856,-0.0,-0.0,-0.0,-0.0,703.8024275592387,750.5437439448763,-1005.5669981952705,-1801.673654463397,-0.0,87.67490648348289,-4.52195966068048,-94.87751809913253,-1045.6681155660906,141.2355943626217,-608.3968346159045,-460.69002737097446,-210.60458404535018,-3803.3506391575406,-0.0,-262.1660521667026,-2016.3932673779618,-2818.4212989423677,-0.0,-1278.1365789938545,-1934.6652598754854,-2349.3225999295228,-844.1806817518546,-0.0,-1031.0374404869851,-825.1657588992028,-898.7523031951148,-1406.6144364494726,-1118.762993452361,-0.0,-141.88502219214666,-1512.3459319178405,-0.0,1344.4789764244601,-437.8236129102049,744.5004038749145,-0.0,-0.0,-110.90181166430128,-48.86235359351546,-2708.6192889045474,-1042.3411997502594,-0.0,-1105.763893308825,-3558.4215826253167,-1036.1703744599358,-981.8858843518949,-1329.7191070636268,-450.3379141804179,12.757139094574905,-45.55501013570171,-0.0,-0.0,-1096.8854881143036,-85.94075314694769,-0.0,-0.0,-2200.284677717926,-771.6447337757309,-698.6850131827322,-2181.4812700993675,-109.00244957436678,-20.24585925913834,-2940.397934240268,-1015.0135342347112,-702.0709473047472,-1183.5396874884523,-0.0,-2494.469672133975,-497.2577671490261,-1475.2744347991797,-1839.5387353970596,-434.8209134045646,-601.5470402335998,-1950.4683889869657,-536.9735860913904,-0.0,-0.0,-0.0,-1527.6840577932808,-0.0,-3855.428679585584,-1346.5155612376686,-1687.6926362705346,-0.0,-0.0,-0.0,-0.0,-0.0,-150.74415698127726,-0.0,-275.01839781077814,-1069.989653734638,-420.6573331111198,-0.0,-0.0,12.259156234190394,-0.0,-0.0,46.281075521076836,-329.1506183825674,-0.0,-617.2176790364476,-0.0,-0.0,-95.49275402385183,-13.166127746632336,-2919.991752632645,-2534.6834197551116,50.2127277243041,-7197.641356638133,-1024.6310502304063,-658.7806342402822,-0.0,-883.2195719955505,-1564.5184842948509,-0.0,-0.0,-0.0,32.60534535210037,-0.0,-1609.1170536052625,-0.0,-1608.359833809708,-0.0,-0.0,-2662.847744332646,-418.6820003294777,-716.7314534268824,-0.0,-0.0,-0.0,-0.0,-309.7017099107731,-706.0188538618603,1414.4220772740418,1131.5292172228703,-792.5328466315569,-9.718451179395338,-0.0,-334.88720644392805,-364.3706423322204,-1965.0304191471257,-623.6708993780691,-132.60998289414925,-1154.0558653218254,-1603.0290902394495,-1042.8342840922976,-689.9941441264542,-0.0,-0.0,-0.0,-81.07686855728186,-0.0,-1917.9101708611959,-749.2243349176053,-0.0,-2036.8863632501289,-1267.395287275639,-0.0,-0.0,-0.0,-0.0,-0.0,-1144.4441895558307,-0.0,-317.55683267903163,-1877.9739543922665,-0.0,-1201.1445302137927,-0.0,-0.0,-0.0,-2960.888072450734,-1458.1070305602632,-1090.5554138930977,-2575.4007952871175,-0.0,-0.0,-0.0,-91.83684869550123,-565.9153681922827,4.245648840174696,-463.0093943862418,-331.457432780601,-0.0,-0.0,-380.6544005668025,-1718.6572556929748,-3900.899690855784,-0.0,-491.24130698220745,-1376.736859883736,-473.1976209665986,-538.2707843537478,-0.0,-0.0,-0.0,-1989.446048174839,-1934.8318863058016,-45.321047426866556,-1896.660495010561,-644.3263779569912,-459.81029263441184,-8.640984725031505,-1390.6922969597524,-0.0,-2254.6568240157044,-0.0,-527.2015873323021,-0.0,102.3127920305359,-0.0,-0.0,-626.3578488285909,-1003.9928080632553,-9.077241897492678,-0.0,1333.7892411174398,-0.0,-0.0,-2054.756529286156,-1844.5936286713732,-1221.3215228179981,-0.0,-464.51770629766276,-765.1449974861125,-1726.3710776323283,-0.0,-0.0,124.4344338527059,-832.0588843885215,-0.0,-0.0,4.704062186398954,712.6105263918669,12.360462613422586,-1655.3056846928732,-0.0,-0.0,-1865.6487619634026,-1914.4667631410293,-91.60784672410276,-0.0,-184.42114523752338,-850.0762758863981,-1133.6629110665726,-1937.0490731311017,-0.0,-1061.4180947884263,-7.191548326361529,-0.0,-1776.4762348653444,-0.0,-0.0,-0.0,-0.0,-744.2186550497893,4.474831292486713,-17.640571632012254,-0.0,-0.0,-635.9191981275004,-0.0,-0.0,809.6645598532642,-1214.7493086332217,-50.616317699195925,-2417.1538808160963,-0.0,-0.0,-610.5596663244672,-0.0,-338.6861250064644,-1339.418105673834,-1162.9679026690505,-1187.0697252607654,-0.0,-0.0,1590.2656897010788,-0.0,963.8835846891275,1065.6629203319021,-43.91238967823866,-888.5045929535399,-0.0,-0.0,-125.85264546230516,236.59227260343584,-906.2061217561683,-419.2169014775349,-1300.2216913520426,-2968.561624037158,-2267.1526775251145,-0.0,-0.0,-292.67679790688163,-6299.694008523441,-632.3994671704847,-575.3954600077857,-0.0,-0.0,-646.2317497160983,-0.0,-1100.4070998996347,-1580.3873577130269,-737.6553671716113,-0.0,-0.0,-58.78230450044237,-0.0,-175.27125380763368,-1388.8353955968907,34.359479268072924,-784.8972564439794,-518.945263043651,-276.60422945760837,-779.2411705053895,-2789.9662749407157,-16.71683862156726,-1356.7975038093653,48.021272999248,-1205.3072438389668,-300.50300193892895,-0.0,-0.0,-226.24307112364565,-0.0,-0.0,-1936.9913132975007,-713.8649560287604,-0.0,-859.4773666240985,-635.491681452267,-0.0,-0.0,-1783.5456323153783,-875.8940890791716,-1633.9281990095985,-1687.4357186684786,-0.0,-109.70765736248443,-3167.1585271843724,-1072.2027027271922,-352.15160900071197,1832.1248432485122,-1932.0328248997503,-1437.0937026768217,4.156040279453393,-936.9393197319035,8.707457688815085,-2020.0106940501146,-0.0,-3543.848400450258,-896.459282610045,-0.0,-1937.943104460825,-1689.867814762679,-0.0,-223.96647694223256,-939.027665260782,-1119.5558786268768,-1724.4473881072092,-855.6938815000713,-521.7694141493591,-646.666814423779,-0.0,-170.98582775503328,-0.0,-2839.7749566945613,17.80387278905846,-3709.2496523410264,-888.2526955286678,-48.02484123625713,-47.7715428100343,-1524.4625810494483,-1061.304724959678,-0.0,-536.2689326599049,-0.0,-0.0,-736.3560982222741,-0.0,-0.0,-0.0,-0.0,-0.0,-0.0,-0.0,-831.6715802823873,-527.4542683534294,-2899.0365674956524,-2898.910836795718,-0.0,-0.0,-1339.1103504534974,-2175.076312813992,-538.4857604258335,-228.23423319879203,26.277449613666878,-0.0,-1508.207749289058,-0.0,-2750.1746062144393,-0.0,-0.0,-0.0,-0.0,-2051.41563827231,-258.32421900773386,-576.6312065822748,-1272.781023490598,-1382.3184757004244,-1164.0955024914865,-819.2754689100458,-1336.840000227679,-0.0,-0.0,-0.0,-0.0,-712.8313131222857,-488.1155666694447,-1640.6126891010813,-0.0,-810.4986369553513,-6026.606954402559,-711.254505891159,-871.6967967762786,-3759.58154447798,-831.597206135733,-0.0,-565.6132644803515,-566.780791641298,-1270.3581708803995,-744.4931920415422,-1740.9964464215607,-1827.3221821278535,-0.0,-0.0,-0.0,-0.0,-1660.8988736760723,9695.646238781437,7205.695419189511,-0.0,-0.0,-0.0,-0.0,-2349.5147960797644,-1095.8594099119696,-81.67054891869465,-1683.5250706499664,-847.0512479303289,-0.0,-0.0,-0.0,-0.0,-848.8104017887734,-0.0,-1917.7508426178824,-291.756282442255,-0.0,-0.0,-0.0,-0.0,-122.83752565612414,-533.3471431097233,-475.2394700862839,-962.7217734817496,-1072.5757891298601,-1281.270042527423,-1052.024747448214,-357.328823334999,-1556.866417042027,-1851.0764972045522,-1289.6711259607055,-1839.177918282627,-42.085064465730106,-1400.7340308738194,-1064.136671397656,-994.195562784551,-1695.2754640884532,-343.90302939814507,-2890.140353647011,-1874.240639431641,-2028.7176997985453,-680.9539684529665,-582.289304050509,-1340.7474309789081,-0.0,-1082.1736843193494,-0.0,-3612.1957635283875,-1004.5435255110273,-358.1132915601795,-1821.4460786476536,-1676.8726471282964,-1265.5040107361256,-0.0,-0.0,-0.0,-0.0,-919.88649388273,-3501.181943073719,-1902.3069873142058,-0.0,-0.0,-1124.694446785449,-0.0,-0.0,-1250.9369626619568,-515.1674399294436,-1051.1085982422755,-588.1473628299312,593.5285931435469,-1258.6302321485348,-705.9554142600159,-1892.2747205377395,-0.0,1474.7854611309374,-0.0,-0.0,-1143.504164904639,-5626.038184759383,-0.0,1628.0900408005334,374.64918480057344,-831.4363879896912,-259.08735064507107,-0.0,-1924.8686300092713,-1134.5723293598805,-2585.864602281804,-2253.943475798227,-402.58032552356923,-0.0,-568.1831521075993,-209.36608858005502,-0.0,-1309.0830369470316,-0.0,-1970.2293960788074,-2786.518731146221,74.59593069880863,-2579.180947489083,-2161.1325314900355,-0.0,-586.0579154059213,-1488.9322825062357,-2497.9500870213574,-0.0,-453.9326365262053,-2736.266625874177,-1030.2501490016725,-907.1556884321138,-1064.3777942146387,-463.5535888510586,-966.7717174350878,-1666.339261055419,-0.0,-1076.1886272242373,120.77070542756961,-1349.695103105414,-0.0,-559.9581025885216,110.59319582680199,-1162.8174418274405,-709.3697849996686,-0.0,-585.6213745013667,-455.6854468913167,-1999.769631224388,-1276.163339900543,-1844.5859039170134,-973.697412303329,-772.5669171006668,-1110.5837413876577,-2153.214994871057,-25.269055735171676,-0.0,-529.9395294395257,-746.7272340783,-1451.0369597155427,-2287.646085675467,-375.5470430825261,-768.8058007821697,73.68717149728424,-1025.6026197413016,-1300.0347709112264,-1001.1553816580678,-0.0,-990.3821949740781,-63.68407726488128,-2663.986667841763,-0.0,-495.21316052834806,-986.4706911587683,-565.640812697362,-2738.851126289511,-200.1388781739714,-1755.3080128141844,-830.3294445863762,-2704.7666461782196,-0.0,351.0116682308929,-0.0,-0.0,-352.2287388317462,-0.0,-0.0,-4178.818073098912,-34.052830518947644,-45.97501412671147,102.025175407222,-1530.677016866624,-0.0,-0.0,-0.0,-0.0,-0.0,-34.14960840048673,-0.0,-376.2873989245198,-0.0,-365.3778214890721,-1825.991438917943,600.4694045308478,-3032.2583683805515,-0.0,-0.0,-0.0,-0.0,-0.0,-0.0,-0.0,-0.0,-0.0,-3044.716612685018,-0.0,-3126.3656915748234,-3231.5368334404993,-41.61219563103318,-0.0,-0.0,-0.0,-0.0,-973.1071786905131,-1192.3879797780255,-0.0,165.83130759198775,-692.7063436396807,-2256.629176801148,-723.7893182937738,-0.0,-631.2076638964062,-1093.1658763718735,-0.0,-0.0,-711.8834279428465,-894.7611121862469,716.7055068596953,-569.1892486375957,30.045486037816524,31.853688572922355,-0.0,-0.0,-0.0,1909.1510561143832,1495.419842659958,1635.1486135681882,-0.0,-0.0,-0.0,-849.7229184915099,-0.0,-0.0,-974.5538214408871,-83.16294490825122,-463.4094854398033,-63.988831069051905,-1221.9666306760107,-853.2261049564208,-1451.7772877456784,-144.07922447762843,-297.1605571235808,-1277.4410146209314,-0.0,-2561.4659047759387,-16.99259468913372,-1020.4669393749051,-935.1171868982774,-18.668840247390452,-0.0,-1325.3044310064586,68.63748495972953,-0.0,-0.0,-0.0,-0.0,-0.0,-1599.3891047665763,-3904.266682938544,-0.0,-743.1159842986683,-68.80824304428708,-0.0,-0.0,-0.0,-514.4255861125993,-28.63259908367618,-0.0,-1405.6780039444493,-764.4555173212846,-0.0,-0.0,-602.2360838938584,-0.0,-0.0,-1858.2855838180608,-1644.8992573666274,-0.0,-951.2159224033246,-2284.784685674762,-89.21252166726147,-0.0,-0.0,-292.75442299997724,-903.1850287519435,-270.79894982512917,-206.4690345567051,-161.22926948476407,-0.0,-0.0,-0.0,-1365.5494139127366,-1184.384675350515,-2423.6882643056933,-319.69988252962406,-1484.3445757449365,-121.35785818889927,-189.23613351892868,-558.5621918834188,-2070.141212808259,-0.0,-0.0,-1740.1297347104069,-1947.5884431973338,-0.0,-0.0,-0.0,-676.4728312056633,-2201.75162592457,-3794.5953314747235,-0.0,60.077930037092436,-211.6046902201165,-729.5548404225314,-672.3308548457363,-2233.215406217961,-0.0,-1716.542661518149,57.666484515570424,9.54201881514227,-297.4422833483872,-0.0,85.45707023276837,-310.73020900300304,-517.4165001437448,9.288176254558794,-0.0,-0.0,-842.719783900833,-13.080933146266585,-0.0,-1535.496749099228,-1054.6843314888915,-1355.4653531913982,-914.2244113287312,-1409.4501314963695,-1715.973273907199,-0.0,-0.0,-0.0,-0.0,-0.0,-417.39346337356704,-695.9801925583957,-1363.4364578116124,-1465.0408507486914,832.4168641520491,-1674.4643165050486,1864.549151968259,-0.0,-2400.38307121,-1880.9342913621435,-893.4266651548228,-35.17872162191959,-121.7803183736937,-2464.296557573044,-245.8216084415174,-0.0,162.18149106091772,-1067.7025936503794,-0.0,-0.0,-627.4192711980978,-425.23698579172003,-473.54231562872104,-1353.6623697015975,-1768.3591380035923,-0.0,-1684.7545234588013,-1402.1277261053403,-5126.334811270953,711.1921962170507,600.357032042047,784.7820511008316,716.5673232875423,-0.0,-0.0,-0.0,-0.0,-0.0,-0.0,-0.0,-0.0,-651.0334997051474,-0.0,-53.55208401310131,-48.47213960853063,-0.0,-1229.1581161450467,-1468.7601576692723,-2161.800471030533,-0.0,-0.0,-0.0,69.99830068790179,-3627.063483400422,-704.3929269876697,-3054.8661270966522,-1967.7621921415034,-0.0,-0.0,-182.15032383364672,-1426.5182134931126,-0.0,-2520.7147356750725,-774.1446299869962,-0.0,-0.0,-0.0,-2370.2211017754507,-0.0,-0.0,-0.0,-0.0,-0.0,398.2868055371854,-0.0,-0.0,-0.0,-1070.244122430578,-0.0,-0.0,-0.0,-0.0,-0.0,-0.0,-0.0,-567.4235499333391,-1121.6578740602627,-1522.5549662929602,-1766.3616816551234,-636.378541821612,-1243.2142509716748,-38.48928045991111,-0.0,-710.6416610444811,-51.40132696531855,-0.0,-0.0,-0.0,-0.0,-912.187724118618,-0.0,-608.98922872273,-1471.8400984284726,888.906503088332,724.505517174559,895.6255248108574,783.2146530753298,814.412049147401,-0.0,-0.0,-0.0,-0.0,-0.0,-0.0,-465.7152835446354,-0.0,2340.0199422195965,1096.4752923215008,1287.4554125335126,-0.0,-0.0,-1459.8290754749214,87.64096087133808,-66.87448046648859,-2511.392932282367,-0.0,-1875.3554138622053,-0.0,-0.0,-0.0,-0.0,-631.6201025595553,-0.0,-658.7093341906717,-655.0483279494964,-376.10514777528454,-0.0,-16.126574390298867,-0.0,-906.164901827102,-0.0,-2574.4608672667314,-623.1454587779276,1850.8380174630486,-2329.724483495359,-954.2108517009522,-81.64746476282717,-935.6123574927221,-0.0,-616.963321673312,-86.21396665949959,-2617.045697823735,607.2353838094024,102.91367340728539,654.4779668304786,1340.8742277536778,-0.0,-303.81967296113277,-28.62524694249415,-1347.7316637029585,-1132.0051197965709,-1602.0403744980447,-1974.4127297074765,-0.0,814.6047740926464,-0.0,-449.00935965489793,-2989.1653537361367,-1332.359167820846,-0.0,-1594.4451167370714,-464.2070812227648,-673.5561736979822,-740.1555242826435,-343.91199951117306,-1511.4785468751504,-0.0,-2154.26139847829,-493.1686107556418,-1570.6016695492488,-374.34925913730905,-0.0,-0.0,-0.0,-0.0,-1330.3935972977504,1191.88671508765,-1150.872586775285,-785.5973537511949,-0.0,32.628866298802826,-0.0,-0.0,-895.359392759804,-745.1796561888617,-777.0335445099108,-783.3383751334164,-0.0,-0.0,323.2934990893152,295.5395528135412,656.1900193609982,-0.0,-649.2882661242411,-2048.277047511412,-1391.1224784229128,-4.608465806745201,-1730.1191592333937,-0.0,-0.0,-0.0,-619.0035562882315,-1069.5643201418218,-0.0,-1516.5403825799028,-0.0,-3077.334824860214,-4200.802372387148,-0.0,-24.307811317448355,-0.0,-854.3190061638395,-0.0,-0.0,-0.0,-2274.6018236423,-1113.3190496941336,-662.7042860407508,-866.2663161501623,-0.0,-0.0,-2503.0136818089286,-0.0,-633.8736288803216,1152.4820683056205,-1137.846904624591,-878.5341998081698,-669.662659359467,143.71638876726882,-0.0,-0.0,-1446.4773596764428,-0.0,-790.2354916751515,-81.03866397113272,-423.71251174468046,-346.25125166968144,-0.0,-0.0,-243.03709975337975,-739.3630294298777,-1147.3816979160745,-621.2085592063493,-1159.6288716560985,12.485142095920533,-0.0,-144.27198438470265,-2063.4183024641525,-1337.4576050764051,-0.0,-0.0,-0.0,-636.8578196548102,-649.1451575144915,-1481.0897007252681,-0.0,-0.0,-0.0,-0.0,-0.0,-1638.3212809122826,-776.7189874008352,-0.0,-606.4183058407555,-0.0,-19458.801970356988,-859.8223600707878,-133.8897032443913,-764.760756186735,-0.0,80.51417203649467,-1291.2285231217174,-2681.598595789006,-0.0,-0.0,-0.0,-827.3646762840413,-516.6447467276315,-1091.5404706494858,-1030.8643919619547,-581.6122823888907,-0.0,-0.0,-1785.769819318989,-613.2028648525767,-2538.858508740273,566.511619735287,-2321.2756165681353,-0.0,-0.0,1902.6187880828375,-1687.4896522689069,-0.0,-235.9408163320117,-407.6782782606538,-709.847738108365,31.14778037599995,-827.3819577278344,-0.0,-0.0,-1308.647920960012,-1556.4147987380004,-3181.1174949229508,-0.0,-0.0,-2453.4429566321683,-877.4381133899444,-940.7954316435865,-2543.535482973231,-1707.3480955932334,-0.0,-0.0,-1226.194158937963,-0.0,-82.90418977034294,-1689.94256099093,-1821.2944259055762,-0.0,223.18726725684064,-815.259851547583,677.9612802920354,-264.5512582631712,-269.02751659237646,-0.0,-498.8136667005314,283.1579201966248,362.13016160417897,-422.87021374209877,-2652.548031456327,-2086.293672519623,-90.555067749864,-5303.34370401305,-709.7855513000345,-1224.6937170146189,-53.03980312066406,-3832.104065179898,-370.4827172916808,-728.5193171920512,-293.4902554883109,-2032.7565450708225,-1165.9471670000198,-3511.9981557674287,-6056.5870580181245,-90.76316307448333,-744.6778404646371,-1635.8094045780067,-1332.6905628605475,-0.0,-3597.3627252336723,-0.0,-321.33607764461516,-1892.589752051904,-1332.4965155716206,-0.0,-0.0,-981.9411343297573,-273.5149905532399,-0.0,-1563.8324964523017,-0.0,-819.8649326709358,538.0971673668154,-2480.1743177071153,-521.0526634326563,25.72632477326421,-14.378960144744873,-0.0,-2221.465797137744,-633.6573179296538,-0.0,-149.5254565290338,-0.0,90.23998075039081,-177.11214043278255,-0.0,-443.69329581193523,-1507.82567906679,-478.39419785172794,-977.6571418556471,-2123.8875571934645,-0.0,-4003.1981017906824,-1895.001917991279,-3054.977325596108,-2536.871774983776,-92.12075337436517,-258.7196507181715,-623.1867074609419,-1459.5493584067553,-0.0,-0.0,-1281.9250326490776,-201.28990875080112,-0.0,-91.79667609461187,91.84301474543807,-2425.03058866575,-0.0,-0.0,-1270.4451329815652,-0.0,-96.51231646247344,-0.0,-56.789012954716945,-170.78615608446782,-0.0,-429.9348891085171,5896.0387888269925,-0.0,-0.0,-2876.4407269716185,-756.6105176539487,-251.695027652577,-0.0,-0.0,-0.0,-626.1284460795783,-2262.974076179896,-0.0,-0.0,-0.0,-2226.540760438502,-0.0,-0.0,-0.0,-1634.881245943048,-855.1701605372579,-324.45386876845174,-462.0407336129621,28.606506991610388,-735.5561064140023,-420.38347096304074,-210.73674050249966,-2588.1911542764024,-0.0,-0.0,-1319.7453150129384,-885.1646469155284,-2774.219134123062,-0.0,-0.0,-2537.9923703682775,-745.2245529024351,-1426.1778344639517,-411.31062073138594,-711.1404656040991,-2157.750677125149,-860.9140180692718,-85.0845540606757,-952.4968045349588,-2343.4361601609667,-1682.9694569683895,-1390.1797972800716,-0.0,-607.3509891739939,-0.0,-1951.8735906302854,-414.0025658868893,-216.44178400489992,-773.3204448470661,-788.4953922885366,-12.919360664673492,-0.0,-1180.659755127598,-626.5438470488232,-48.87803334840427,1580.11755505283,-83.16920601311759,-0.0,-778.9074920279297,-549.6147666359984,-0.0,-814.837331007834,-1730.4220844647214,-0.0,-0.0,-0.0,-0.0,-479.79068303485025,-966.3868575919045,-380.69711341233176,-533.7161329043835,-386.159194605722,-1767.5117114530747,-803.5574211184643,-1377.9676823300924,-2847.2722798906325,-1927.4246121805752,-0.0,1080.9675555843426,1032.8939021659357,642.8620035832068,868.4280836728618,449.9557501327264,-0.0,-0.0,-0.0,-0.0,-0.0,-0.0,-0.0,-0.0,-60.96011955385069,-932.0909766814914,-543.3345265141733,-295.61726512400554,-1181.9189637201189,-112.20909130955533,-384.7185179447318,-1259.5246476116943,-292.5785499678608,-2108.1447706703084,-895.8477493365596,-83.41857597319712,-422.1160386409179,-28.840689480671692,-0.0,-580.9951269254045,-174.16218446499127,-257.16807201180376,-836.4383906180592,-320.10525801762674,-1756.2996471105173,-340.2625318146407,-0.0,-0.0,-2185.889290026683,-563.2741430791136,-374.93432931709236,-542.7991508991544,-1076.775499550376,-446.1497440976005,-421.06349562142475,-0.0,-745.448986321147,-849.7946401972115,-757.8508774408916,344.32201609020143,-1511.1267381258856,-2173.3178837058185,-208.1093607842182,-799.482612010874,-812.3878481771185,-13.787109390734567,-0.0,600.1631757815547,-896.6287533134469,-37.5441105228593,-2111.5855237745373,-0.0,-0.0,-1238.959030327432,-498.42422484367523,-0.0,-583.9012640529428,-722.3987356201385,-882.4921297555544,-0.0,-764.8603497103753,-554.9846010074248,-2351.3666417335166,-4651.4998399675005,-432.23033778757866,-0.0,-97.7601729440973,-453.6806421304526,-1764.072235840328,-245.348230823276,-618.9386475224317,-815.8941757994006,-763.7065785771782,-363.8474883229497,-0.0,-0.0,-1754.3991501459889,-128.98813349620855,-472.20346977334265,-793.0280888954335,-1327.5402905013361,-2765.061984139924,-0.0,-590.2584573678319,-0.0,-0.0,-0.0,-0.0,-0.0,-31.802692640013138,-178.31303482304432,-387.83965529437194,-0.0,-0.0,-0.0,-0.0,-0.0,-0.0,-1070.1339183133473,-2206.909321217806,-418.3065581908105,-590.5519420930874,-41.61511524884742,-0.0,-0.0,-423.405295710673,-0.0,-0.0,-137.4785007131799,-3154.692813724083,-0.0,-0.0,-1689.528969106294,-626.3404971962578,-1110.7384868217553,-1162.7894920588765,-689.3484022057459,-0.0,-0.0,-1271.4281776593873,-2072.0287076896093,-963.6171886905157,-0.0,-1176.6286178029638,-0.0,-409.9254774541178,-825.008363400528,-0.0,-760.8696228431625,-2045.2076801141006,-0.0,-1896.8029195509516,-192.81638814309426,-585.371164002902,-1435.1236593078697,-206.36929042142773,-1333.3123761309369,-0.0,-1182.6075007433242,-29.23644877697748,-2118.8945076834048,-2059.1255903024526,-0.0,-0.0,-0.0,-0.0,-770.0505636774071,-814.3295642085369,-0.0,28.765616418799816,-401.8996657641155,-839.1952126322011,-2354.078172365838,-2512.62990695775,-415.1096516688368,-0.0,-1394.972661285587,-814.8957905123758,-2077.99826794704,154.49898286553912,-0.0,-3968.589958987823,-697.8963750285649,-0.0,-506.5915478904211,-1670.9583660789426,-0.0,-0.0,-577.6750524396253,-1402.3993053090744,-0.0,-1078.9012005961335,-1396.6189548891475,-44.29182567063588,-89.66939008784455,-572.4994924264673,-0.0,-1577.427681366085,-2787.183321930433,-1311.8260326123736,-175.28616608664709,-2251.2998114080324,132.8863198244532,-1012.4976282480914,-586.0951791174413,147.6528543716701,-935.1344527257988,-1582.7528898010526,-895.4599198880683,-1632.2424199099294,-485.6069448877712,-640.2995141658756,-761.0448869100192,-1790.8532389864647,-0.0,-0.0,-1988.1598908980743,-356.9697727984237,-0.0,-1605.7354013912052,-1261.7531413699626,-0.0,-3124.4078303131478,-597.9776530097366,-0.0,-765.7164872267175,-0.0,-0.0,-1223.3269810881263,-1289.3383371859343,-0.0,-0.0,-0.0,-931.7205637908925,-4.8769229670507555,21.31245079242459,-268.75509487367293,-0.0,-2260.735898593656,-1784.7777709871716,-606.8635803556334,-2245.793412580956,-0.0,-60.92290483571907,-956.481116425725,-0.0,-460.53893156165117,92.1555710266817,-1592.3824007023086,-1048.4653012281306,-765.221279001181,-1348.1976633599736,-0.0,-0.0,-0.0,-830.3235336757311,-0.0,-441.41582130300236,-1015.2880636250333,-228.22320538792223,-1252.4069979436542,-2092.014366453946,-550.6594120741904,-2041.6218296413313,-0.0,-1216.0626052929706,-745.3988327615976,-580.1355181261731,-1247.3427737259099,-347.69011586834137,-564.2824860264941,-1422.5500150072903,-0.0,-0.0,284.60847725757304,-3028.741273010036,-1080.872681675883,-302.4821723106671,-0.0,-341.6782485172484,-538.3968224110968,-765.8776438647225,-0.0,-0.0,-914.5036889985134,-0.0,-24.24533589613816,133.56882449939877,-141.81939989743591,-2277.689284060306,554.4635973827343,577.722320813575,485.46141924812093,645.3771467470128,51.57201452192448,-0.0,-682.4577284078916,-819.46780127933,-392.2338110143092,-10.737853672191319,-0.0,-0.0,-0.0,-205.73941702382925,-13.279171121117274,-1153.457211323565,553.7137751475427,2618.0664963718978,-0.0,-0.0,-0.0,75.56075884809603,89.74466896736504,-0.0,-3324.9991031252534,-0.0,-0.0,-0.0,-0.0,-0.0,-2420.838610386463,-303.1281208577033,-0.0,-464.45964469007527,-2172.18336741847,-181.7235866393155,-353.8534564564296,33.464165584426205,-2048.4137872509045,-4077.528695022442,-1807.5232360521481,-0.0,-0.0,-1773.3285506960035,-1099.0573186261668,-782.0495419566053,-519.3183026363876,-366.8341021726831,-1055.2620159197193,-1088.740245880821,-5327.602328308351,-650.7067881131017,167.34826284368543,-839.5440137738408,-996.6474094779679,-700.691255426188,-691.065622027474,-8.301077011379153,-2059.3969359253656,-883.762591201261,-590.4337142944786,-0.0,-0.0,-0.0,-0.0,-271.4720424962411,-1313.3431800801898,-0.0,-1424.9659806532768,-1511.32028057652,-0.0,-0.0,-1573.9441459125364,-0.0,-0.0,-257.73836429599135,61.86688768265961,-0.0,-0.0,-3191.843696628385,-1246.2003027038922,-121.47224581308035,-1075.5152555261639,-1315.5775859052098,-0.0,-343.6965440001458,-529.5987434113906,-0.0,-1656.6693196797653,-392.39531058444913,-1106.8644165156836,200.17510622566616,-919.8101251326228,-244.91610333649746,-254.39336325591796,-59.22382771485767,-41.130149122282695,-683.7109441371845,-875.5570104240438,-480.1548089660788,-889.924331151577,-0.0,-60.26897637280362,-792.0513733791543,-189.59083331037525,4.57125756317441,-0.0,-1266.8946353563217,25.781020194543334,-1198.3913663162302,-0.0,-0.0,-0.0,-2131.3773833567698,-0.0,-0.0,-93.85597980027613,-0.0,-0.0,-0.0,-0.0,-0.0,-0.0,-712.058587605899,-1498.6063004723799,-0.0,-0.0,-0.0,-0.0,-1042.9465264882274,-557.063400794537,-0.0,-0.0,-2025.5646496839993,-0.0,-1473.2281314784273,-2958.399442092458,-0.0,-0.0,-0.0,-577.3305648868662,-0.0,-0.0,-0.0,-1108.810982666295,-756.949879194431,-730.1960870870392,-0.0,-0.0,-260.6900584838443,-0.0,-4290.915149145326,-6171.629070145061,-0.0,16.374128193275272,-0.0,-618.3136223413932,-827.7833110444,-2059.8849985717648,-0.0,-0.0,-116.8136170312831,-780.2603039171402,-1514.3544488300997,-736.0093211632194,-438.70377148729915,-0.0,-0.0,-1170.7922331410862,-1203.4078698318685,-50.68727116991979,-0.0,-0.0,-757.1905627276112,-402.84887627474615,-91.64631297661235,-0.0,-0.0,-0.0,-2302.874272555158,-424.1924453659859,-1431.8828163053388,-4626.917390096708,-0.0,-950.3211689186148,-1233.70949988005,-2551.410125053158,-321.31568828947167,-0.0,-0.0,260.4938742844993,-1305.1324886225104,-1815.844810823718,-541.7910219249859,-141.76835007487384,-28.63272281073837,-2034.2569662638423,-506.6603590344801,-1795.4016452702656,-748.3241165750816,-2556.533090706821,4.1096554780503,-1035.8894005387024,-842.2243219434056,-2185.2708842798306,-0.0,-0.0,-856.493357172023,-1911.840188487008,-1998.138568302621,-1104.5942010307735,-0.0,576.9047119017616,-69.30473451865304,-513.7361025930035,-0.0,-24.58076681040354,-0.0,-3068.1602538913294,-64.552820358656,-0.0,-0.0,-846.4532695660521,-1191.1805066505901,-931.1961999266687,-327.598140622033,-714.3897680386194,12.643498243818836,240.98830043413483,-882.322322910511,-28.819877605548932,-1671.6646059788027,-0.0,-1768.5586209560258,-122.31409199748629,-713.3552578403934,-394.67944392639674,-24.8753298399228,-47.71549480014827,-24.120320890545578,-1437.0740132502121,-1040.2687031718779,-1539.9185865181842,-261.33449067391496,-1487.029512026833,4.865359714217973,-0.0,-812.2430737780878,-3216.5010043460898,-0.0,-0.0,-28.276427167647142,-2187.140027350166,-229.74299898804915,-706.9666857046205,-411.9780748681239,181.51188384402624,-0.0,-0.0,-1328.289932245389,-0.0,-0.0,-2152.715495296857,-1835.0084024066002,-995.5994029521017,-886.3765320789062,-617.7658817867634,-1049.135928581974,-842.5417037102951,-1311.4117793603418,-2750.8158274417337,-0.0,-0.0,-0.0,-0.0,-320.99731630082147,-0.0,-2149.6791709119857,-672.1010744140414,-884.9955630373246,-1075.8457538282794,-561.6748445189369,-0.0,-1799.4426287260364,-645.7472773610689,-0.0,-2809.6205314215135,-1557.1963214950536,-0.0,-0.0,-3107.980972853038,-2201.6344278198435,-435.4942016961939,-878.1878277452878,-0.0,-507.1038245363045,-389.93240137420196,-0.0,-682.59627617268,-573.4045525215014,-590.881007083142,-0.0,-0.0,-0.0,-0.0,-465.38290089183084,-1392.607943731904,-6511.830004049277,-0.0,-0.0,-798.0251483968271,-845.9220732416215,-2176.8843711845675,-687.6710524727997,8.222605101367266,-582.7351647113576,-0.0,-790.78175807266,-617.9006094058024,-0.0,-515.2948254672749,-1254.2987808671573,-0.0,-0.0,-0.0,-0.0,-0.0,44.63468910042335,-2351.9463848252003,-0.0,-1368.9429058136723,-981.4550531291663,-4.770371376908198,-2199.3091064870405,-923.7731381735775,-1135.8053205637534,-1420.732481557523,-86.58560658821324,-132.4785815736848,-1342.3353348850371,-929.8188319617719,-714.2037474067213,-0.0,-1720.8175049031063,-1338.6313565041937,238.702132089826,-0.0,-650.0279724789539,-866.1247813573848,-1028.0444881336487,-84.62820527428481,-0.0,-289.62579531349706,-0.0,-0.0,-2603.392193083393,-2488.040891052378,-2118.4462780428935,-1762.0862243727152,-0.0,-1162.3320427699432,-2121.7362367520514,-0.0,-5774.619797070635,-0.0,-0.0,-0.0,-0.0,-1033.7645304636983,-2546.100824856799,-2589.5025543690645,-104.1507851928182,-2274.873083670096,-0.0,-1078.6633354080107,-36.94860370564447,-0.0,-73.2752815930628,-613.0552161021353,623.7893021619358,-0.0,-469.8064583628646,-49.241963212583975,-0.0,-1522.308554749065,-0.0,-2123.1571730565433,-167.88742315946033,-0.0,-0.0,-1186.0461936982508,-1968.4019695367044,-1158.1576302308247,-1247.4699584936243,-1511.2663469302092,1663.2107789508877,-53.779137044341994,-932.668126316516,-37.42167246797192,-2290.4569347786824,-981.2269496324344,-917.6286370578874,-484.26196249271993,-1785.9933253789454,-1849.7267890234282,-452.04373047354295,-2715.7157840735667,-388.0905755967521,-0.0,-0.0,-58.28858392509467,-0.0,-0.0,-0.0,-0.0,-0.0,-0.0,-1628.9176962019806,-681.1569408088735,-1435.972223554113,-962.6746185628334,-0.0,-740.5085439829263,-1470.6722817113598,-1299.0110528039486,-2185.5279242950146,-1366.4747518767397,-92.34514967310669,-193.80423940780202,-1158.4409526304473,-1629.9547559606929,-0.0,-0.0,-0.0,-77.72448700232819,-959.1005051458989,-187.5369212596698,-579.455232337076,-1153.586820188824,-0.0,-0.0,-0.0,-4350.858092859979,-0.0,-145.03304123099474,-0.0,-244.50873145514697,-1412.9010099430325,-1304.0497626254526,-894.0313765966238,-0.0,-46.094712761076885,-671.1846418413194,-726.7616485641487,-595.9666844884852,-0.0,-1180.9047790706745,-0.0,-0.0,-3445.900091185355,-0.0,-1449.3123983065343,-666.075334525184,-456.3953843783314,-299.0771418424445,-1500.9282741498873,-3273.038352304129,56.194080775179074,-2176.977853729587,-1972.2260700066704,-566.2508877898775,9.245947503151045,-0.0,1604.7124006798942,1243.9199012488023,1374.583173168778,-0.0,-0.0,-0.0,-1011.2886051565928,-0.0,-327.0840769581155,-241.44862262664762,-0.0,-4356.88999786983,-0.0,-1467.1915243654887,-96.99612983510471,-1188.4383536538899,-558.673692906688,-1630.6693718355875,-1312.0058871712056,-0.0,504.83546684368895,-2898.045060189413,-1775.7048903080924,-563.7164792205506,-1491.9237571757744,-2131.4256338713876,-0.0,-0.0,-285.2355419368733,-786.6167049921,-2210.4626578949474,-918.7575744343056,-42.18570529953785,-0.0,-0.0,-762.6342570773214,-0.0,-0.0,-0.0,-226.988995871455,-1600.0814723736223,1671.4846624083193,-1531.386649402252,608.9947460659442,-859.0727268609028,-1071.0911960992942,-14.45705168558954,-5686.475403274165,-382.2208872943643,-0.0,-73.06195698682761,-2441.7070837485758,-1794.9116279204327,-0.0,-34.09287090050471,-0.0,-651.5844516432693,-29.99099981208222,-2205.3879465118866,-1588.6976635760827,-0.0,-376.06384956554535,-0.0,-0.0,-0.0,-809.1197790626444,-1164.4333683652308,-448.29446349630405,-1348.3488838737294,-2033.531862000254,-1073.2658626716693,-478.22275059334635,-477.9624852797902,-140.07620127126697,-1953.56695762386,-701.1727922750848,-1021.6431155943253,-1520.2726337693382,-1784.4515042132577,-1430.5182075507955,-359.1876771714292,-1666.868677427366,-0.0,-0.0,-0.0,-2742.118957286436,-0.0,-523.4442958904046,-1364.3380326417741,-12.142027457360662,-964.8705696012291,-650.6034911334453,-1052.8606729771152,-807.2555532685652,-233.02163008950336,-2237.624578298652,-5144.035769741881,-316.624211770224,-38.42752890572626,-0.0,-124.69778183143805,-7984.399860525587,-2256.091432003806,-701.1566323674272,-2482.763873758033,-234.8443316355292,-0.0,-25.99905673771564,-775.1402008775839,-143.05129801789704,-1367.4366250772,-1167.1850644788742,-211.3598739009129,-0.0,-779.7771205788584,-2347.225290831997,-2172.692156847095,-1838.0454004038727,-0.0,-1719.1875060025038,-0.0,-53.16801566930884,-1167.2772705227712,629.2012090394061,-0.0,-0.0,-315.5992545685223,-1155.303712597455,-822.6007727129028,-1398.4668351246712,172.51331627942224,-1530.7391239065396,-135.54402474230506,-392.49456341177165,-2339.2393424711627,-2168.2467408711022,-419.20031891091384,-0.0,-0.0,-0.0,-0.0,-0.0,-1941.6595242205442,-0.0,-708.7483015236517,-896.7418529604224,-2739.5580059606496,-0.0,3.8370421230442973,549.7626057721245,2351.220767696486,-673.7007391082801,-1462.5368534766642,-0.0,-1734.5649362252457,-4262.029434180409,-842.4679516195453,-5918.342542843391,-1429.3392114711767,-0.0,-893.8487941308008,-2727.652895909188,-217.61814984663286,-0.0,1246.1421812453282,1513.0263353743044,1377.5379573875846,-0.0,-0.0,-0.0,-0.0,-101.66838683488537,-2897.302846517868,-95.96579176201965,-0.0,-2213.3485258431347,-1285.6887585706627,-552.0401929636129,4.546391872644378,-0.0,-248.75880126249243,-981.6945131957839,-0.0,-0.0,-52.44707715277857,204.15275603045103,-2328.3298561077127,-0.0,-966.267297061811,9.51159380102338,-96.0713639581154,-0.0,339.4749028230786,-111.83720067938769,-621.9539417908422,-2207.0348080756935,-0.0,-71.96439148418531,-1248.9745882232485,-1103.629153826735,-44.861890657876145,46.935244204889784,-0.0,-1446.761189313586,-888.1530518621,-8.123835538286695,-0.0,-0.0,78.84798092146048,-276.43939576229417,-202.18318720339883,-88.13632963011861,-12.798414243386434,-176.83136474452346,-760.6386742547837,-1080.0491424021043,-604.0467012658672,-0.0,-2325.3581789093273,-969.743375559762,-0.0,-0.0,-1252.9167032432742,-2483.530139782424,-652.6663317619033,-8.6774486578487,-3098.542414503426,-131.6548738905983,-87.92190482282065,-1247.5739828613448,-0.0,-421.95695869900936,-1567.559091586531,-4.758651817822619,-0.0,-3744.290443770274,-159.2941571439673,-1678.1132485984153,-1168.8981134747442,-1442.3501825993108,-2859.1799485493184,-92.6087395158882,-883.1984919316808,-2016.3770802629058,-1474.7143880778099,-1220.392824979808,-243.70089203038225,-1993.7093987952467,-0.0,-3407.1072967286814,-0.0,-7037.711139117312,-258.6532062223117,-96.52192345981783,-1651.8942487155373,-0.0,-0.0,-0.0,376.2353838784175,50.231429808409054,-931.7143141323561,-1551.2375453660877,-526.1002275482642,-1366.2786391632228,-0.0,-0.0,-1514.8756974724256,-388.0961323372862,-545.0365181708153,-178.7994375812741,-0.0,-1818.9552190473069,-353.74804653475013,-2179.0941847282256,-0.0,-38.47021937493654,-0.0,-1950.7401963473237,-837.577480869718,-1608.7147889939572,-0.0,-0.0,-1925.7648313453117,-610.1122246694188,-845.6286679608648,-1694.041659121251,-496.7230558252126,-1363.4670295749945,-0.0,303.2267980382553,-1257.36208036115,-4405.590626409801,313.14979902242277,-1628.9774691043851,-8467.265617510107,-749.2882256212433,-743.6264642171536,-250.25899625943254,-246.04904328619364,-1155.540039127631,222.25152437806847,-243.16785621096886,404.89709901237524,-1191.407372125042,-606.3004040047188,-0.0,-1435.6421390776904,-1883.1300887597502,-969.5817832023336,-420.7610581695133,-0.0,-0.0,-36.736697596038574,-1143.8833812508385,88.73951496872627,-2480.4796265352593,-0.0,-0.0,-561.2034546670976,-729.2242604784341,-1255.8059439566482,225.5586128943898,-2812.952595586322,-1666.9428529144386,-1411.3325424721043,-264.99416296865576,-0.0,-398.16879446520215,-0.0,-771.1065428222751,-26.44311882496437,-1718.6934069994315,-521.3022789500977,-1087.7363849233602,-441.9114439355227,-391.5614793695313,-0.0,-1340.4198519539516,-770.3124509894001,-1368.8841338414272,-0.0,-3442.5101082092046,-1482.9544412920532,-1566.5596606117515,-1056.1793971448435,-1220.6247350910228,4.20943021145611,-2350.454221900122,-777.817513967015,-1326.889608833397,-2117.417728888888,-347.74559089747373,309.630825439386,-1109.9014521592744,-0.0,-0.0,-23.77058389149207,-61.03798846126382,-20.16281771769097,-265.79802621352036,-0.0,-0.0,-0.0,-0.0,-0.0,-0.0,-0.0,-0.0,-0.0,-0.0,-1383.2979102245035,-2760.631780533258,-2412.8070779580676,-0.0,-0.0,1677.4431514903576,-571.9344688003418,-0.0,-463.73751630057933,-504.62260553064107,-1054.5340290131714,-1046.2268893042879,-1337.5680867628087,-0.0,-838.2960968557488,-435.26628990865424,176.3344560798954,-0.0,1019.8865154812969,-0.0,255.2252622244283,-0.0,-362.30021029703465,-0.0,-478.74802953777186,-1185.228629196248,-1974.4111106111186,299.01371143601534,-0.0,-0.0,-0.0,-0.0,-0.0,-449.2554535982677,-89.78073372595738,-0.0,-0.0,-0.0,-558.1613778094934,-0.0,-42.496338067472365,-701.1679233566989,-4002.0194937404813,-0.0,-1482.6394030336269,-0.0,-664.583152240762,-0.0,-0.0,46.90334791974698,-0.0,-165.54125763824905,-0.0,-0.0,-0.0,-1176.8368187754363,-1892.0414454635272,-0.0,230.72525886640486,-2420.8802627997725,-0.0,-84.29163249313723,-306.76163477832796,-0.0,-0.0,-1750.4141517666292,-0.0,-949.0683406140141,-1364.1347421947578,51.962354156458474,-3377.3535356705224,-1756.387107279756,304.6350886544954,-870.3462009352419,-0.0,-1125.4779876412556,-0.0,-0.0,-0.0,-4192.700131462175,-1016.1581009571408,-1663.639639926172,-0.0,-435.560908888365,-4.815602859914782,-1432.4830574148018,-2207.0950760204964,84.28588584531391,-3354.0131081371665,-0.0,-1754.2413713961048,-2560.609223027709,-0.0,-0.0,-0.0,-0.0,-2629.884403029829,-191.7286415697604,-1724.493393180009,-0.0,738.5195931197725,1230.3431059266236,-0.0,-0.0,-862.9969980199008,-1078.5961501476454,-371.6719577945337,-21.404153766659054,68.75969200889594,-0.0,-1452.057080558456,-0.0,-291.501897363458,-1326.23990632028,1489.9814977819306,-0.0,-0.0,-0.0,985.0079183336951,1091.1888862015173,-888.3777098933635,-0.0,-1531.5630670349851,-0.0,-1154.9768078851296,-673.5422004456675,-0.0,-0.0,-0.0,-0.0,-0.0,-60.59216570331303,-0.0,-0.0,-0.0,-1232.6024321194977,-316.56402045001846,-0.0,-0.0,-0.0,-186.65708694816433,-86.90341992510933,-683.3935141928649,-773.8098331006812,-3161.9034229703757,-1460.6445252517017,-1202.2153041553536,-0.0,-3286.509833761415,-40.9001076362306,-0.0,-1102.0726484177821,-2546.862184577119,-852.3324808965554,-498.391814770328,-1196.682075429728,-298.19481805861557,-714.1931456338605,-794.6755624729497,-1181.4046192670244,-296.76922432711723,-1850.0713919114412,16.636397469299737,-425.6898106474423,-0.0,-0.0,-853.4275572483399,-4112.4647022705585,-0.0,-1192.5552184597484,-552.159700438144,-0.0,-411.5896626558786,-736.4738312332604,-746.7774405617331,-270.52071357317067,-0.0,-0.0,-0.0,-0.0,-0.0,-46.48766235397801,-0.0,-682.2127866189373,-0.0,-0.0,-814.6877267322631,-1195.9591344458966,-2917.2082132203705,-481.82318836753547,-768.997690120508,-114.11436763970119,-2088.722876105803,-0.0,-1059.309696688263,-606.5166704503165,-528.405098307271,-1459.1413388167673,-1012.1560121564119,-1913.6052709362505,18.517030396289126,-510.9481740761828,-0.0,-1211.4425752315476,-1206.2996590724194,-171.4190875936777,4.121986689850033,-2619.208634925703,-1441.9293977103034,-802.0246703591724,-0.0,-661.655036710319,-775.3865566362952,-580.357805329165,-2704.561385558779,-4.029147274919124,-0.0,31.732114014970055,-0.0,-0.0,-285.6423147840316,-4243.045078705006,-212.79288284274375,-1588.7242501555424,-4163.469217511977,-0.0,-4990.508614224945,-267.7996352212615,-2157.59040912696,397.31798366082336,-0.0,1712.0406076665547,-978.6250736489975,-0.0,-2144.887111311938,-0.0,-74.06971432973626,-45.02969434911831,-0.0,-0.0,-0.0,48.795102924624025,-0.0,-0.0,-0.0,-688.8432758162297,-1545.6311719136622,-741.0977614263936,-0.0,-3795.804737638179,-0.0,-0.0,-0.0,-244.80214191482108,-439.5477105930864,-0.0,-2128.8091717477437,-0.0,-0.0,-3739.2336811584973,-0.0,-24.19095443848167,8.217804895150264,-530.5865895377774,-21.70507093525314,-0.0,-0.0,-237.70924890605656,-0.0,-0.0,-1444.3058379862948,-1191.6580700941402,-1733.150050715017,-0.0,-289.66259039670746,181.63532474248572,-397.4210197820541,-16139.448658770418,-0.0,-642.8087464510152,-1413.4493852253013,-626.3664925316222,-0.0,-36.50690874188058,-17.545045347509966,-292.5521908359147,-1142.6738615649701,-0.0,-0.0,-0.0,-521.6487852434982,-3015.579873061859,-1438.2166499715668,-0.0,-0.0,-0.0,-383.90436892157743,98.69209636479356,-8.712495845177255,-1497.7101525900198,-0.0,-0.0,-1097.9786005639116,-0.0,-0.0,-0.0,-2968.027610017273,-1091.243396605507,-0.0,-1198.7994300416979,-668.1346723932036,-273.06327848104667,-771.8301077792345,-1199.7393004314863,106.65739888803506,-1462.8663352274411,-1287.1419412242576,26.816974048153078,-2092.2763638515107,-0.0,-0.0,-0.0,-0.0,-520.8234349366612,-0.0,-0.0,-617.1781797160411,-1142.9082046157293,-791.4476318123149,-0.0,1711.1273209183983,1617.1976317533126,1600.9418580458462,-0.0,-0.0,-0.0,-914.1446857188384,-46.08543281352867,-816.7770549101494,-85.67531021151439,-748.7728244141507,-1792.7559502748109,-1345.1129968133173,-2192.7722360476323,-0.0,-0.0,-0.0,-0.0,-589.1191220061996,-914.1880432609727,-1897.2473562990672,-462.81269619919163,-1487.288342234531,-2133.1042143236614,-2325.916312221353,-0.0,508.6442481273174,-445.70572066980833,-408.851023185466,-127.53639546608382,-5022.5012174790345,-69.08252229969172,-0.0,-966.0116605189697,-1674.2020693096322,-0.0,-76.26585414595228,147.59718617959254,-102.08929860272173,-540.7310053542348,-2513.8223200812754,-176.0840937069673,-1785.5154575648671,-0.0,-2020.9484342893284,-1962.2533030891839,-1613.3094501343792,-0.0,-1989.069700461885,-348.8242265957396,-727.7275785999487,-1045.114481304064,126.24514913681719,-2096.14126210707,-1354.2752424846476,-0.0,-105.35819621675147,-0.0,-0.0,-0.0,-1119.9121000779103,-684.6910126641358,-0.0,-0.0,-0.0,-4017.846079583433,-2097.021836974009,-0.0,-0.0,-4.87363043818478,-1891.5297606795662,-1027.6767527525483,-0.0,-830.6946390842272,-1509.6801007052998,-628.7098924284683,-25.34381788721317,-971.0806360100897,-9.555470420176176,-1726.0413843713866,-1843.6660435878182,-0.0,-0.0,-47.47606201274324,-0.0,-0.0,-1422.8622267146122,-106.40929639989695,-494.7783266541055,-0.0,-0.0,-0.0,-815.1303114227771,-361.20530336797,-125.99962305755282,-509.4943363722813,-250.81104074495602,-2201.062701581422,-346.4098607079089,-635.7068475263125,-1444.0085491601935,-0.0,-445.77249130755087,-0.0,-1911.394130978907,-1640.234078643996,-1929.975274534997,-481.37440857549956,-320.06933221959287,90.4590635291161,-1053.4391550455598,26.958619547438584,-0.0,-523.1132245178895,-0.0,-0.0,-551.6878157579653,-134.60095620429382,-3122.8950674978328,-3167.7414839921103,-563.4113343665153,-0.0,-0.0,-1145.8154761635005,361.549907399793,-0.0,-0.0,-0.0,-1238.4499829333022,-50.02521386860304,-532.7310468264089,-4173.430118311032,-1619.6644185593311,-1260.4558147374134,-499.0243703689842,-196.45796629221914,-1396.48126307507,-783.2745865465259,-545.1778177510993,-0.0,-736.886633914176,-870.2135926136755,-1868.8996233886912,-0.0,4.746673489591213,-14.17345773832608,-0.0,-0.0,-2009.5789038287487,-0.0,-3946.6586116052727,-1299.532301611277,2748.1764628189285,3174.199008502373,-0.0,-0.0,-879.8489606336899,-1193.1452177873402,-657.3893301450765,-392.9818389849982,-3454.9105862765255,-639.3939891625216,-0.0,-0.0,-0.0,-1374.1673237964599,-733.5995148497367,-179.94380722792144,-2864.94065636156,-1139.8253315077477,-29.80046005072854,-468.549498431876,-1175.5928169628162,-367.5898266912267,-589.0200654095494,-0.0,-70.45371907680193,54.19629348902479,-1093.187465962837,-183.83947393098777,-0.0,74.71761248766751,152.67773340487443,-238.913253129853,-1530.0740645688218,-2566.617265365272,-68.25420904817041,-1018.0805648472601,-1543.3471016910446,-0.0,-0.0,-755.3561755280572,-0.0,-0.0,-0.0,-0.0,-703.946208782439,-25.410176438546507,-1371.7538384664495,-1304.6329517539452,-2825.701239666139,-1284.1410751621397,-0.0,-656.321460856316,-0.0,-1766.446584730947,-1828.8469204056353,-1489.9562449066423,-1110.5976000280646,-0.0,-2380.0686684388143,-0.0,-0.0,-0.0,-3951.2057094162024,-1355.9301042832253,-290.12816191219923,-963.9824959632781,-981.0511057399538,-1163.3961173487885,-0.0,-0.0,-0.0,-43.864818314613025,-6681.351685781636,-775.7236360085395,-2045.659412866099,-4582.947523106176,-2506.275263643689,-473.1009988363756,-0.0,-2155.2826063435923,-822.9350643265775,-0.0,-367.18596299580315,-415.17721424251386,-42.31378057141754,-1092.265931566077,-335.8724517163824,1619.3940268528982,-523.978526844553,-0.0,-0.0,-1095.5589277323975,-913.0468031598186,-2501.795375849948,-339.82104094828804,-0.0,-0.0,-723.4683893230045,-0.0,-0.0,-0.0,-0.0,-1506.0647360920743,-689.2613313096192,-1374.6055519194429,-579.7138594558924,-4.318552092965717,-854.9010388754107,-0.0,-0.0,-0.0,-0.0,-3160.4482661773377,-0.0,-0.0,-0.0,-0.0,-0.0,-0.0,-885.4901295811153,-0.0,-3061.7103496370223,-543.2545180545799,-222.83964953966222,-1418.533700814285,-0.0,-0.0,-1493.900979917101,-1598.6771870508437,-4.802560637216546,-481.43678415550573,-60.656280425670104,-1945.3181862301908,-1072.9804724290113,-0.0,-4285.624375881866,-1433.9591667723466,-0.0,-0.0,-18.699202304832756,-460.3730233541801,-1356.391438747543,-0.0,-0.0,-24.4013569159529,-1815.1639381446034,-658.7711650882727,-390.9679033763361,-95.01840731144955,-2120.1349656437874,-0.0,-0.0,-0.0,-0.0,-0.0,-573.7383997475777,-556.6244192065168,-665.6397368339982,-4690.363218802371,-1862.2655037831628,-1368.3228081133273,-120.17566635667202,-1088.8416701973733,-1343.8110653128565,8.255101459757684,-0.0,-0.0,-0.0,-712.5903410213078,-458.4074342277576,-1881.9344415377495,-657.1964862802101,-0.0,-1931.4419471961044,-0.0,-704.8186142277032,-0.0,-0.0,-2180.367441410117,-682.9516780288933,-624.7342105557207,-1579.2837369512288,-151.60096012132925,-14.270345714131368,-854.6606560082536,-1610.833024066465,-0.0,-495.1630189990391,-1289.7244432246482,-4665.948065486737,-0.0,-314.24848121081067,-2521.6148850316213,-1699.7206595687796,-1395.0081174611075,-599.4505034412368,-1392.6839367280506,-0.0,-392.2000817785234,-0.0,-283.97204147486946,694.5151805405667,-0.0,-0.0,1012.8436648425903,-0.0,-2466.8103954627,-845.2573848364342,-1047.1487696812396,-1326.520807841663,-1631.0981551523482,-423.2456998569211,-163.64229690470464,-0.0,-0.0,-1002.3639152499246,-1111.2553702222667,-873.8296387594235,-0.0,344.8547482598259,378.77917536822565,-263.3079192628137,-3110.2429364889413,-2006.8575347559981,-0.0,-0.0,-1595.992997426908,-4604.597206541576,-3026.6409101083354,-578.2143134954412,-1088.8120524589983,-1252.1880565101806,-0.0,-236.68601729416397,-0.0,-810.9275290047788,-249.79016464027242,-2097.8038299011023,-2948.7209704229936,-343.734677519882,-630.1777453693924,-4991.816419704869,-1376.3744335827953,-630.821404267029,-312.7481609393661,-1434.6485975007224,-777.2235634646155,-4.918883263112148,-1690.2537952755288,-1975.5563000684726,-0.0,-0.0,-655.1072347428503,-1423.7157348134679,-382.44563197294434,-4.908956917465419,-0.0,-0.0,-0.0,-0.0,-0.0,-39.40859087307139,-783.7794358400166,755.8327947243096,-499.2219634811879,-829.5494553291544,-619.8286609214412,-1239.1531374388394,-1734.9366408558083,-1317.1932670524416,-2034.3067661739324,-320.9899494216475,-631.550794382734,-1738.422463544142,-716.1304641955273,-0.0,2692.9963610928844,-274.95152982466965,-79.49927505542426,-0.0,-976.1378302506354,-706.8446107638259,-1499.7639021224265,-2172.6302746206597,-2454.7328248654853,-0.0,-0.0,-0.0,-0.0,-1131.1157682995167,-1872.0348498430253,-0.0,-945.054998275218,-9.515529773618814,-0.0,-0.0,-0.0,-2840.7120128949255,-866.5258745104908,-202.38793207458772,-50.0698364906892,-0.0,-0.0,-1253.0422004646853,-1522.4427529499067,-931.4771802309953,581.966095652856,31.460247276979135,-0.0,-22.306068454828267,-0.0,-1849.9793377495894,-606.2149194057747,-1565.0899796654096,-1981.8639616726398,-1839.0839659223855,-45.8536914007697,-0.0,-0.0,-1825.6625264390293,-417.25835679748417,-0.0,-0.0,-258.3848871404712,-0.0,-45.2192397979167,-0.0,-1443.0642637795306,-826.1877029861186,-0.0,-90.26535338091884,771.4073079312325,-0.0,-212.22667805919386,-2607.9038656966686,-0.0,-0.0,-775.5552987026856,17.323762668062432,-0.0,-0.0,-918.6487065976704,-1682.4981305761294,-0.0,-920.8583983183196,-0.0,-1460.8352533225484,1861.515269453889,27.21889781912924,-2200.92561086845,-1778.5192107216617,1025.386868265257,-0.0,-2312.94874748779,-952.8192081957025,-1131.9612376071245,-0.0,-764.971220805614,-136.53954158715814,864.1972488658859,-422.2493883510107,-1685.3571280468998,-0.0,-0.0,-0.0,-997.6049466341038,-683.928169433124,-887.7923100595066,-1228.4658980619474,-1145.4423167265124,-32.25249695213032,-1239.8918696526014,-1042.0675488225306,-1319.436093466824,-0.0,-0.0,-599.8208422609847,813.9956283022484,-7454.8790359006925,-0.0,-1420.819145530073,-2245.6986991941617,-895.1256654717781,-852.7248492215376,-68.68554029322355,-2625.9890625087437,-381.38295614963755,-0.0,-1147.9022264676455,-1035.8028353266302,-720.994399171733,-0.0,-1688.6567058035255,-2342.138591969912,-28.45773348937085,-1255.8958835405153,-2627.651435865487,510.90206603894376,-0.0,-510.1631013930631,-184.79309865031635,-1533.6006935655716,-1027.804934051691,110.42700198426563,-143.17090590405732,-891.9254317711669,-558.9811894447602,-626.8373966708394,-740.0139980434499,-569.9817754939825,-0.0,-1494.9618879218604,-0.0,-1353.4495143829847,-846.6339604266815,-191.10025566124992,-0.0,-2024.7508825462337,-5499.836586504786,-0.0,-483.8952102274954,-0.0,-2525.4199526632397,-285.34586836811445,-0.0,-469.8002767766134,-469.53034848509395,-0.0,-2680.4167120981956,-1831.9229667228103,-0.0,-4867.405909913574,-141.9532394596914,-1484.0871297737308,-1549.4342055386437,-1783.9170057754084,-111.87625318299412,-0.0,-1031.0795703334948,-2324.7611238928494,-593.6478528013172,-1006.9305579464511,-1245.3587545838207,-1891.175074013272,-2630.0113486033915,-895.750414030476,-2302.684026575549,68.31483420722674,-0.0,-348.8742307342759,-1549.4611376319274,-1362.953831936791,-0.0,-0.0,-0.0,-483.38061681181597,-546.5350722617542,8.756421420757949,-643.2291593914365,-0.0,-1390.233431352507,-848.4753132359339,-664.4360435952667,-0.0,-0.0,-355.8172653961866,-2036.4307530507278,-994.7671584333543,-307.0740568137834,-1057.90099459606,-40.53752151393085,-0.0,-0.0,-3072.945325647036,-1320.967433132044,-0.0,-0.0,-0.0,-83.67654498190305,-1039.036759689761,-54.561559870264915,-1879.7216064614408,-1713.977086286228,126.47344983547757,-0.0,-700.7611916199285,-0.0,782.4197496474529,-143.61782265392506,-0.0,-1816.8103681587017,-361.2455193602473,-2238.8364710544392,-0.0,-1831.8372910178682,-721.069015152116,-219.22719331830717,-13.632970996101733,-37.85467544599165,-0.0,-0.0,-851.8289411718283,-1410.769181527211,-0.0,-669.6221024928208,-0.0,-410.87607542402816,-617.1195126926309,-0.0,146.52544726189362,764.7295063282488,877.9313374903309,946.932971551646,931.9841036767667,860.6965206896809,-0.0,-0.0,-0.0,-0.0,-0.0,80.2795161807324,-0.0,-0.0,-700.3601301202617,-180.86605476785348,-508.3174779308467,-88.10388998769267,-0.0,-1232.3304736328375,-1650.5201799197375,-2267.411593771764,-266.7660854938931,-217.38367758840732,-0.0,-0.0,-674.8293433261359,-0.0,-0.0,-0.0,-0.0,-2984.504820185973,-0.0,-45.65254175815381,958.0884936200155,-0.0,-1138.3858783084984,-671.0296141464846,1619.6255278664814,-1077.0125087616254,-0.0,-3252.6422179690708,-2499.553590060521,-217.8467658006388,-878.2321275727912,-1344.6244262655428,-592.5015258775968,1307.2313642087784,-92.36381275602984,-649.0934142234775,-0.0,-0.0,-523.5493649346521,-0.0,-957.2693659434358,-0.0,-497.9012816287346,-41.27809854669645,-0.0,-0.0,-1268.5480984432818,-0.0,-0.0,-617.0694444983576,-1300.5571242235555,-2247.2767669902937,-0.0,-0.0,-0.0,-2001.6006483707301,-0.0,-1140.6256133902043,22.0858582440403,-0.0,-0.0,-1264.709130720352,-1107.6256269686978,-1360.6861773145195,-450.2196252456644,-0.0,-1505.4277063268087,-312.01143680128143,-0.0,-0.0,4.527806368519726,-43.644258120963,-4948.586244630759,-0.0,-134.16835129502365,-29.94511035190514,469.6801407920274,-85.07109645702783,-1106.1057812337683,-1012.7941497344539,-513.497835921535,-0.0,-0.0,-2059.0366221199483,-0.0,-0.0,-0.0,-0.0,-0.0,-0.0,-0.0,-160.26788084353723,-0.0,-0.0,-2006.2794897750668,-7455.506410165617,-144.20892923622978,41.16413677097009,-417.42928368779036,-775.2797563722215,-127.51280397155685,-4627.946467868567,-259.52106857531305,-340.53279381706295,-0.0,-0.0,-0.0,-1877.9015414025587,-0.0,-41.335955308203346,-0.0,-0.0,-0.0,-513.2401492576817,-13.004770533236341,-266.4933523410915,-1409.6298137562128,-706.1525063291778,-78.10701572411915,-2677.2719659863965,-0.0,-88.72329231841621,-2501.858678484391,-0.0,-1425.2582407280174,-89.87065118211801,-1592.3523923983728,-0.0,-0.0,-1139.0443500084425,-729.4132951566268,-38.278350293515565,-1021.9785380940875,-1002.0472754420163,-786.6695408900343,-170.27877401906747,-841.0366878356015,-802.4642113543454,-2459.1713705172633,-1042.4492553118916,-0.0,-1684.2257640760652,-434.72429187864196,-708.1728649454526,-0.0,-0.0,-1208.9203897106543,-2584.448156917182,-998.9692625280137,-0.0,-0.0,-0.0,-4130.018668881196,-949.4641492916976,-187.5434181649777,-377.4413772628002,-41.75463161452672,-4168.225095434044,-0.0,-0.0,-2589.8552650436595,-947.5055707496344,-0.0,-0.0,-0.0,-86.694495461272,-0.0,-2039.964976080468,-1958.0435698722706,-0.0,-384.22377223798924,235.49990458547347,-0.0,-0.0,-0.0,-1201.480442488672,25.569761095135107,-2730.880850983873,-714.4741622854855,-1316.8318528828463,-839.1396850876873,-3544.103355844199,-1861.5517298361244,247.65677124887966,-0.0,-3258.599400094512,-0.0,-0.0,-0.0,-1382.2161402324302,-787.430196372267,-1967.8408294077267,-0.0,-0.0,-914.1858023212103,-1649.8202524516348,-708.2892802761871,-567.733873321459,-0.0,-0.0,-1334.8705096238134,-0.0,-0.0,-0.0,-0.0,-0.0,-0.0,-604.2748401411307,-84.2419000296624,-1698.3727177442663,-0.0,-760.4380047048924,-1347.1895638842034,-37.9658193351938,-0.0,-0.0,-0.0,-0.0,-0.0,-0.0,-0.0,-0.0,-0.0,-0.0,-1365.0518271804126,-1916.9751286475987,-0.0,352.08385325094383,-0.0,-716.3934545413898,-106.73373712938876,-0.0,-953.1343475996239,-431.1470931470389,-107.36132457701845,-2103.3446888750227,-544.1577856014375,-2893.670149772172,-187.9919741040971,-2334.7982667685405,-1829.28298758281,-959.901779664749,-4.6778902803076985,-0.0,-1270.5779619815112,-2256.193566933533,-2495.0207584037516,-93.70340331958644,-244.8110820038134,-1997.0826673147103,-0.0,-2418.0807149593024,-391.72947918638806,-0.0,-1927.1978164220616,-0.0,-988.8754404374002,-0.0,-3034.0026190495937,-0.0,-0.0,-85.58236216275286,-1160.5236036873675,-536.5492534277442,-0.0,-1474.3143056136828,83.32331204662003,348.81197405409745,390.58996786929055,-306.44546792318306,-1832.7059160787412,-628.0917247828261,-0.0,-0.0,-6136.293347706136,-1224.5743161532614,-0.0,490.73485219923566,-0.0,-2181.5647355370033,-547.2225599983097,-708.778632488641,-0.0,-0.0,661.6179700066868,-0.0,-1039.7373928792895,-1343.3172651639704,-2035.841267290387,-0.0,-734.638356379507,-3165.4456413378007,-1050.366481876001,-0.0,-1484.363677628519,-156.65732208227573,-1260.1111972374536,-0.0,-939.2153638315714,-0.0,-0.0,-0.0,-954.1471050256848,-0.0,604.8281839478467,-0.0,-397.69385107640034,-817.7165707640858,-505.86760786673165,-1206.8925776543815,-619.6056644252126,-2263.7235060445905,-1347.7713639930123,-0.0,751.0757364155926,-2602.150993431561,-1834.949345889017,-739.3634520006676,-0.0,-0.0,-0.0,-159.69284944373595,-1320.034676844351,-321.78441617043694,-1026.4240420174806,-2208.838878504303,-2798.296007989021,177.4260484228695,930.5968593509001,794.9819613162007,-0.0,-0.0,131.9971746671819,-35.200276878453096,11639.223803061172,10836.742323128807,5685.688698069495,10811.608964078441,11566.484435313625,11907.097115060236,-0.0,-0.0,-0.0,-0.0,-0.0,-1512.3108698711178,-1339.8284834823555,-888.0089585773321,-0.0,-2954.8634754312216,-700.1334441560718,-1258.8951121599287,-33.98458935474806,-943.2722211398489,-1366.40365945263,-1151.8011887925331,-1391.8426601944618,-0.0,-2856.1559177525305,-1956.1035746938774,-852.3790879409405,-133.0827782747227,-3750.922895451853,-0.0,-262.0158370222871,-0.0,-12.628093935209721,-0.0,-146.88841827484993,-323.76051162270295,-1115.3191897930958,-930.5496943494259,-0.0,-0.0,-0.0,-2577.850441383498,-0.0,-0.0,-291.7153248851411,-1102.4349056415344,-1004.7834231866971,-100.88191491424033,-1294.2292812155454,-2100.5797158848854,-371.83888283007576,-0.0,-0.0,-135.73464416063254,-1289.278168513798,-380.89276686016115,-0.0,-5884.64506001566,271.7902101232552,-0.0,-0.0,-0.0,-34.632795300555095,-466.1610053613436,-0.0,-0.0,-1340.7051510417293,-2254.8598148582105,-1491.8978169094648,-438.505997868096,-443.1505607103228,-460.42403548003017,647.7691608762349,-1408.816598749592,-0.0,-595.4049162932143,-2984.4868012808756,-623.2133869176005,-8.752334322639172,-0.0,-5.802851874579409,-0.0,-0.0,-0.0,-1276.5456291425467,-466.87563726157623,-1669.8747979038446,-0.0,-0.0,-0.0,-268.46073556504524,-657.5965892379827,-1637.2715901066163,-3630.086834777398,-373.9562562914299,-229.8820592603461,-0.0,952.7078846218639,-0.0,-1315.9781225297831,-185.80741745445425,-0.0,-0.0,1164.892061699357,-0.0,-1907.9586640047257,-0.0,-0.0,-0.0,-228.37013243267387,-2312.1138700616702,-1942.2209769351582,-33.47490874303042,-2759.001822912921,-1604.467250599896,-28.402417148294365,-30.624911501131876,-77.7160844606512,-0.0,-0.0,-2231.28285704055,-0.0,-6390.870328998824,-0.0,-1460.8545622237643,-286.5438120656572,170.01894588820224,-0.0,-63.50805953293922,-1405.1758536308716,-1744.0113202589555,-621.7356015226642,-36.73978832019522,-278.8693601820556,-0.0,-0.0,-0.0,-0.0,-1239.7401615170802,-957.1161841030345,-0.0,-649.1111759993694,-1393.8202992245426,-202.23001680574407,-89.84775849717374,-0.0,-0.0,-0.0,1214.1888607104495,-4.147532357397368,-0.0,-632.4208689556023,-969.0871740273435,-1554.223981922304,-0.0,-0.0,-2270.5840855321117,-0.0,-0.0,-0.0,-0.0,-741.6379094515333,1101.2900881778282,1229.5848013445993,1344.7311236213816,-0.0,-0.0,-0.0,-657.9081953243223,-0.0,-0.0,-414.4583424736693,-689.0713503237321,-0.0,-241.82430473316742,-1486.727376597707,-1378.0462988874913,-0.0,-0.0,-0.0,-13.01123867517527,-1686.1765738331858,-4.824809626055166,474.2565107561114,-0.0,-1823.6069351899198,-852.4286077177819,-588.5943343497318,-2100.106882043161,99.36140630783085,-325.57838468293005,-20.710024070542175,-476.2175633650224,-412.4195772586615,-1096.030357140377,-392.5947483388781,972.1216837190542,-1609.010925438432,-253.1904824311463,-190.47170773000616,-4313.836896630337,-3172.9461053904597,710.4045476674918,-1095.1149948400334,-226.73644824859937,9.368462029904492,-907.8782660820763,-1292.0652201042558,1984.5816614897142,-678.4644116810808,-755.6611509314102,-775.1187226253875,-0.0,-7672.75525678747,-0.0,-518.2915425145723,-972.7936784843272,-691.0621334247392,-1038.9430415570532,-1277.7539853042745,-0.0,-1157.1034843767682,-182.31690049788565,-94.00616016045974,-7027.179409739891,661.0400737927934,-221.5564195766747,-0.0,-613.5717104089624,-1416.5351887222162,-0.0,-0.0,-524.5592450308341,-1701.8378156657222,-94.04347916365698,-253.19305250456887,-302.39197760608516,-1191.8737900447063,-0.0,-0.0,58.370739226326485,-0.0,-0.0,-1964.6068325279518,-0.0,-1873.3911747670413,-983.2654847939891,-1341.3073963897575,-0.0,-0.0,-550.1665731895803,-971.111125230003,-154.3072541222816,-0.0,-504.3220776884892,-166.10097037678855,-575.3424472592042,-0.0,-216.38699784615758,-543.5669802093473,-2417.127445370721,-1069.4252741848566,-1835.5313715531868,-0.0,-0.0,-1536.9286075961074,-23.420018412481877,-0.0,-0.0,-1254.093299510437,-0.0,-0.0,-0.0,-0.0,-0.0,-0.0,-0.0,-0.0,-0.0,-0.0,-110.15096072805859,-0.0,-0.0,-0.0,-0.0,-0.0,-0.0,-0.0,-0.0,-0.0,-0.0,-0.0,-374.1603247988735,-0.0,-0.0,-0.0,-0.0,-0.0,-0.0,-0.0,-0.0,-0.0,-0.0,-0.0,-0.0,-0.0,-0.0,-0.0,-0.0,-0.0,-0.0,-0.0,-0.0,-0.0,-0.0,-0.0,-0.0,-0.0,-0.0,-0.0,-0.0,-550.547802999603,-0.0,-0.0,-0.0,-0.0,-0.0,-0.0,-0.0,-0.0,-0.0,-0.0,-0.0,-0.0,-0.0,-0.0,-0.0,-0.0,-0.0,-0.0,-0.0,-0.0,-0.0,-0.0,-0.0,-0.0,-0.0,-0.0,-0.0,-0.0,-0.0,-0.0,-0.0,-0.0,-0.0,-0.0,-0.0,-0.0,-0.0,-0.0,-0.0,-0.0,-0.0,-0.0,-0.0,-1466.0078345974666,-575.9423886363488,-1875.5086664913931,-0.0,-0.0,-0.0,-0.0,-0.0,-0.0,-0.0,-0.0,-0.0,-0.0,-0.0,-0.0,-0.0,-0.0,-0.0,-0.0,-0.0,-0.0,-0.0,-0.0,-0.0,-0.0,610.1312335998414,-0.0,-0.0,-0.0,-0.0,-0.0,-0.0,-0.0,-0.0,-0.0,-0.0,908.7632284135436,-0.0,-0.0,-0.0,-0.0,-0.0,-0.0,-271.8317747278093,-0.0,-0.0,-0.0,-0.0,-0.0,-0.0,-0.0,-0.0,-0.0,-0.0,-0.0,-0.0,-0.0,-0.0,-0.0,-0.0,-0.0,-0.0,-0.0,-0.0,-0.0,-0.0,-0.0,-0.0,-0.0,-0.0,-0.0,-1199.650149187158,-0.0,-0.0,-0.0,-0.0,-0.0,-0.0,-0.0,-0.0,-0.0,-0.0,-0.0,-0.0,-0.0,-0.0,-0.0,-0.0,-0.0,-0.0,-0.0,-0.0,-0.0,-0.0,-0.0,-0.0,-0.0,-0.0,-0.0,-0.0,-0.0,-0.0,-0.0,-0.0,-0.0,-0.0,-0.0,-0.0,-0.0,-0.0,-0.0,-0.0,-0.0,-0.0,-0.0,-0.0,-0.0,-0.0,-0.0,-0.0,-825.1031489197596,-0.0,-0.0,-0.0,-0.0,-0.0,-0.0,-0.0,-0.0,-0.0,-0.0,-0.0,-0.0,-0.0,-0.0,-550.0614966860758,-0.0,-0.0,-271.934865601421,-0.0,-0.0,-0.0,-0.0,-0.0,-0.0,381.35787092606876,-0.0,868.1410369908695,-0.0,-0.0,-0.0,-0.0,-0.0,-0.0,-0.0,-0.0,-0.0,-0.0,-0.0,-0.0,-0.0,-0.0,-0.0,-0.0,-0.0,-0.0,-0.0,-0.0,-0.0,-0.0,-0.0,-0.0,-0.0,-0.0,-0.0,-0.0,-0.0,-0.0,-0.0,-0.0,-144.0603498273107,-0.0,-0.0,-0.0,-0.0,-0.0,-0.0,-0.0,-0.0,-0.0,-0.0,-0.0,-0.0,-0.0,-0.0,-0.0,-0.0,-0.0,-0.0,-0.0,-0.0,-0.0,-0.0,-0.0,-0.0,-0.0,-950.7053478974238,-0.0,-0.0,-0.0,-0.0,-0.0,-0.0,-0.0,-0.0,-0.0,-0.0,-0.0,-0.0,-0.0,-0.0,-0.0,-0.0,-0.0,-0.0,-0.0,-0.0,-0.0,-0.0,-0.0,-0.0,-0.0,-0.0,-0.0,-0.0,-0.0,-0.0,-0.0,-0.0,-0.0,-0.0,-0.0,1492.8220219519246,-0.0,-409.0800110766954,-0.0,-0.0,-0.0,-0.0,-0.0,-0.0,-0.0,-0.0,-0.0,-0.0,-0.0,-0.0,-0.0,-0.0,-0.0,-0.0,-0.0,-0.0,-0.0,-0.0,-0.0,-0.0,-0.0,-0.0,-0.0,-0.0,-0.0,-0.0,-0.0,-0.0,248.3514854152188,-0.0,2357.683526247819,-0.0,-0.0,-0.0,-0.0,-0.0,-0.0,-0.0,-0.0,-0.0,-0.0,-0.0,-0.0,-0.0,-0.0,-0.0,-0.0,-0.0,-0.0,-0.0,-0.0,-0.0,-0.0,-0.0,-0.0,-0.0,-0.0,-0.0,-0.0,-0.0,-0.0,-0.0,-0.0,-0.0,-0.0,-0.0,-0.0,-0.0,-0.0,-2510.4536018565714,-1606.4599499317867,-0.0,-0.0,-0.0,-0.0,-0.0,-0.0,-0.0,-0.0,-0.0,-0.0,-0.0,-0.0,-0.0,-0.0,-0.0,-0.0,-0.0,-0.0,-0.0,-0.0,-0.0,-0.0,-0.0,-0.0,-0.0,-0.0,-0.0,-0.0,-0.0,-0.0,-0.0,-0.0,46.272769672008636,-0.0,-0.0,-0.0,-0.0,-0.0,-0.0,-0.0,-0.0,-0.0,-0.0,-0.0,-0.0,-0.0,-0.0,-0.0,-0.0,-0.0,-0.0,773.0868395043575,-0.0,-0.0,-0.0,-0.0,-0.0,-0.0,-0.0,-0.0,-496.54754074392287,-0.0,-0.0,-0.0,-0.0,-0.0,-0.0,-0.0,-816.9001268950808,-0.0,-0.0,-0.0,-0.0,-0.0,-0.0,-0.0,2445.6351039338433,-0.0,-0.0,-0.0,-0.0,-0.0,-0.0,-0.0,-0.0,-0.0,-0.0,-0.0,-801.6393650222823,-0.0,-0.0,-0.0,-0.0,-0.0,-0.0,-0.0,-0.0,-0.0,-0.0,-0.0,-0.0,-0.0,-0.0,-0.0,-0.0,-0.0,-0.0,-0.0,-0.0,-0.0,-0.0,-0.0,-0.0,-0.0,-0.0,-0.0,-0.0,-0.0,-0.0,-0.0,89.10932888952765,-0.0,-0.0,-0.0,-0.0,-0.0,-0.0,-0.0,-0.0,669.8894335878246,-0.0,-0.0,-0.0,-0.0,-0.0,-0.0,-0.0,-405.06280399299203,-0.0,-0.0,-0.0,-0.0,-0.0,-0.0,-0.0,-0.0,-0.0,-82.04518958317715,-0.0,-0.0,-0.0,-0.0,-0.0,-0.0,-0.0,-0.0,-0.0,-0.0,-0.0,-0.0,-0.0,-0.0,-0.0,-0.0,-0.0,-0.0,-0.0,-0.0,-0.0,-0.0,-0.0,-0.0,-0.0,-0.0,-0.0,-2217.926707501442,-0.0,-0.0,-0.0,-0.0,-0.0,-82.90148679445866,-0.0,-0.0,-0.0,-0.0,-0.0,-0.0,-0.0,-0.0,-0.0,-0.0,-0.0,-0.0,-0.0,-0.0,-0.0,-0.0,-0.0,-0.0,-0.0,-0.0,-0.0,-0.0,-0.0,-0.0,-0.0,-0.0,-0.0,-0.0,-0.0,-0.0,-0.0,-0.0,-0.0,-0.0,-0.0,-0.0,-0.0,-0.0,-0.0,-0.0,-0.0,-0.0,-0.0,-0.0,-0.0,-0.0,-0.0,-0.0,-0.0,-0.0,-0.0,-0.0,-0.0,-0.0,-0.0,-0.0,-0.0,-0.0,-0.0,-0.0,-0.0,-0.0,-0.0,-0.0,-0.0,-0.0,-0.0,-0.0,-0.0,-0.0,-0.0,-0.0,-0.0,-0.0,-0.0,-1672.0146927843143,-0.0,-0.0,-0.0,-0.0,-0.0,-0.0,-0.0,-0.0,-0.0,-2086.1813202814965,-0.0,-0.0,-0.0,-0.0,-0.0,-0.0,-0.0,-0.0,-0.0,-181.8566554676897,-0.0,-0.0,-0.0,-0.0,-0.0,-0.0,-0.0,-0.0,-0.0,-0.0,-0.0,-0.0,-0.0,-0.0,-0.0,-0.0,-0.0,-0.0,-0.0,-0.0,-0.0,-0.0,-0.0,-0.0,-0.0,465.67139238702083,-0.0,-0.0,-0.0,-0.0,-177.54685120709578,-0.0,-0.0,-0.0,-0.0,-0.0,-0.0,-0.0,-0.0,-0.0,-0.0,-0.0,-0.0,-0.0,-0.0,-0.0,-0.0,-0.0,-0.0,-0.0,-0.0,-0.0,-0.0,-0.0,-0.0,-0.0,-0.0,-0.0,-0.0,-0.0,-0.0,-0.0,-0.0,-0.0,-0.0,-0.0,-0.0,-0.0,-0.0,-0.0,-0.0,-0.0,-0.0,-0.0,-0.0,-0.0,-0.0,-0.0,-0.0,-0.0,-0.0,-0.0,-0.0,-0.0,-0.0,-0.0,-0.0,-0.0,-0.0,-0.0,-0.0,-0.0,-0.0,-0.0,-0.0,-0.0,-0.0,-0.0,-0.0,-0.0,-0.0,-0.0,-0.0,-0.0,-0.0,-0.0,-0.0,-0.0,-0.0,-0.0,-0.0,-0.0,-0.0,-0.0,-0.0,-0.0,-0.0,-0.0,-0.0,-0.0,-0.0,-0.0,-0.0,-0.0,-0.0,-0.0,-0.0,-0.0,-0.0,-0.0,-0.0,-0.0,-0.0,-0.0,-0.0,-0.0,-0.0,-0.0,-0.0,-0.0,-0.0,-0.0,-0.0,-0.0,-0.0,-0.0,-0.0,-0.0,-0.0,-0.0,-0.0,-0.0,-0.0,-0.0,-0.0,-0.0,-0.0,-0.0,-0.0,-0.0,-0.0,-0.0,-0.0,-0.0,-0.0,-0.0,-0.0,-0.0,-0.0,-0.0,-0.0,-5853.471266895278,-56.90566845928457,39440.118414999095,-3952.781980380293,-4921.423528551136,80057.38375052012,-0.0,-7290.388304819073,969.3657813728612,2318.236822741804,-26636.882199664436,-0.0,-5149.440356089668,-0.0,-0.0,37067.43624166035,-12214.52204543181,4191.550950175997,6921.758030544636,-4962.12900949366,-29925.937442134065,-9665.075179139547,56.55198558897435,-99.1865701741274,-6785.249574554035,-0.0,-14587.441470777176,-20277.530846017467,17131.111756744544,-633.5446439977907,8.771958538523704,51694.827972191066,-3500.9503589581286,-131525.23255029158,-3113.4272590688292,-25277.379903842964,-21047.54657245297,-6997.376646515339,-6780.996059960809,-16329.504895365286,13976.48545684886,-2729.3338646053103,-4587.09090534514,-4095.0224410211076,-12428.918089177276,9158.06554125497,41944.96985403634,-1117.0558136453108,77.32832200978827,23747.715306243863,5920.765063099073,-619.018674484626,16331.085823999503,9165.446037676045,-6385.826628419672,-8106.583669031023,-4291.997442397114,389.3807251170616,-0.0,-0.0,-297.25203201215646,-9041.778737584204,-3869.7094201288287,-3386.881349542338,-1937.7104102134,-5130.009383567966,12187.251450030668,4063.289081963485,-9306.404766863508,22172.163436434024,-22367.356972630485,-38538.26498295126,76813.87845972372,-25489.202706763623,-10298.031646015457,-2434.3518443672506,-4118.574540161376,-6717.760602811061,-5245.161550504623,-36736.84810812989,-0.0,-15107.16044915615,-0.0,3387.6539596079515,-0.0,-0.0,-15681.622823684529,-1351.8623985830511,-0.0,-0.0,4451.828922360154,-0.0,-0.0,-0.0,-7801.496426055008,-5111.096562278386,-8247.66723868402,-8176.011569742212,8682.56262105967,-0.0,-32965.1142449858,51760.20747111158,-0.0,-0.0,-22516.81905988666,-11665.863353942226,209.01615786739055,56.41797078313936,-0.0,60237.95524033751,-0.0,-0.0,-0.0,-0.0,58892.87134413274,-1149.6477180900324,-0.0,-12438.147640603154,-0.0,-6824.972014870514,-1484.3888571888856,-3617.8531562861644,-17688.714041927145,13920.525040675308,-1652.4306355020512,-10395.783029147618,-0.0,-0.0,-5588.762917474747,-7724.7817683807625,-11552.39237182229,64581.571131455334,-0.0,-199.56407867030882,14378.547831857293,3614.9995083355693,-2200.433019938199,774.2569543851788,5910.288755546989,-4140.698561078466,-90.92805478589155,-19952.51875524469,493.2572614453605,15063.343101086008,-896.8392188092914,14188.867096827053,56146.47366560331,3447.629822836485,-74.79431968168599,10455.437654304898,-2311.9623172957135,-8619.602551915685,-11354.134276003097,-16379.501166284354,-0.0,7265.672451514827,22236.21289632565,24141.198147917316,-10853.17290263443,8251.821019274648,9861.425049156946,-9102.861915076426,17881.86824943842,-15944.241386859769,-0.0,5107.654498138753,-13595.98840383989,-17710.9617732876,-9622.575165804674,28405.887992537282,3552.116401149397,-0.0,-6807.790112170546,-0.0,-3078.7828979291075,108.07410944383803,-4507.783625372191,-0.0,229.22772010717122,-273.5024921435315,-24382.00575905188,-14183.912752922191,24535.872383848513,-7706.870600891043,3944.1421378458126,6309.085868989725,-7287.115124545647,-5903.76472532484,-12870.147519270828,-0.0,-2367.070517745177,-1993.1017421090478,-0.0,1421.4862910485213,-407.1671977318277,-0.0,-0.0,-16307.160976642674,-3984.09917274954,3314.7631514768377,-5406.603010205602,-0.0,-0.0,-0.0,61503.37895926708,22539.04394295596,-0.0,112.94271530130625,13498.27966208276,-0.0,-4818.537262453339,-2694.7861941917176,-0.0,-4856.288683697453,-10164.727186402366,133695.11507118953,-13456.302627700312,-9755.065663398966,-37402.11014043759,-0.0,1631.7537691450482,3292.1648550265686,-10871.18011416314,33148.30327778166,-9050.322268050606,-44192.950989998724,-15847.449101797767,-10213.922521351338,-0.0,1369.5522991604641,-5372.3874925967675,26709.705067293355,-173.30733590015058,-476.70379388661735,-11993.071845860228,-10269.622305157787,32973.39179162746,-0.0,-2379.2232255929425,779.5171440814846,-0.0,-0.0,-0.0,-0.0,-0.0,-0.0,-0.0,-0.0,-0.0,-0.0,-0.0,-0.0,-0.0,-0.0,-2357.619950941485,-0.0,-0.0,3795.988799032949,-16240.542991340035,-771.3944096516235,-11464.837956383824,27651.973952614262,8973.509300177357,-4331.333987841426,3808.161800662725,48885.1697031018,-0.0,-0.0,-4649.72189807369,3565.0389824801423,-7511.344864087084,-9325.47973228796,-0.0,-40.95537907412125,11099.815878172438,-5021.068901885194,-2981.8605658652623,4020.581820739198,-27851.840989817032,33736.0688614063,-6376.077574321288,-1114.4439025652534,15072.607218961082,-0.0,-0.0,-0.0,-0.0,-0.0,-0.0,879.9547629301586,51197.78685784666,-11133.055122815347,-12176.369597433137,-9862.49634871136,-0.0,-10035.946225539037,-14426.09338971648,-0.0,-0.0,-0.0,506.26541528301726,462.8783857982912,750.445391093508,2760.674319668607,-0.0,4365.04210119254,926.8347169166043,954.5177020173292,918.6603908956357,799.1844996992602,3123.004870171657,1767.3222711642786,3003.544780693678,2702.3628195535516,2944.9307824751377,3178.9687770393334,40374.37165248342,38090.88510438856,44821.35023880534,41693.38269113441,10331.47305021019,9280.471643950938,9535.76806665131,10729.795298690698,5203.855428736035,2211.364683347761,2298.1593257902164,2389.0062048284085,2288.7495112036827,2409.6042879378892,5044.319029198146,4738.716699168522,1619.9903923638642,1357.1051196022318,696.0401676275077,444.5407767483207,560.2817016193042,37127.23711366198,35961.468532543,40160.455564261865,35627.56806427462,62666.442668859505,59266.093289642784,1427.5073954647046,1289.5535678818683,1418.8736243609103,1362.8949454041997,1328.1596036000838,1384.6191789759075,714.8325862184712,62572.38021279375,55797.465714401544,55244.43756596181,3017.1528048042164,2880.765920062991,3110.0857227377314,-0.0,9026.594499886143,9658.829986067194,41880.914375251275,36394.40857898566,42754.69059349873,65079.13462566212,63730.32671291953,72621.43314508561,62443.063675041674,2993.325917977419,2579.4183999118072,5538.9216444640415,-0.0,21289.637279586957,24118.02058985184,-0.0,1686.6735386838336,1641.2843357715167,1651.6597455157105,1604.0222027563152,1601.1326950223067,1622.9390821821119,42140.64961230059,42395.022800705374,39468.88965333061,36080.97070424977,1283.1339303061643,1394.7723182136676,-0.0,-0.0,16286.41607076923,40901.77713425462,35764.01479233526,39877.02789891325,43120.16807479442,-0.0,59601.211087862124,55453.520609648884,1134.0544074261054,2517.6991644181776,2408.3055278767006,2575.1808370389763,2689.7978536067835,2721.4757874762727,63548.35023970596,61096.17412120419,-0.0,-0.0,17582.87246233811,1171.8493986357983,39743.956559344595,41681.76329646305,36957.44524002069,38481.251021587224,42117.9762898761,34762.40712155691,-0.0,17484.593446365034,10912.01493606856,-0.0,-0.0,1491.6434783346767,1593.0238832309542,822.621830884696,916.8958516078709,473.90779307554004,480.3932729013454,-0.0,1131.642405193779,1130.005870909884,1204.2688147569565,1385.4033099356304,-0.0,1766.8685275067703,1722.5753517426256,2045.1902606590297,2659.9413835576374,2633.461110786906,2417.5339702562296,850.6182432879034,959.0048017340602,945.6151159721904,1568.2439012482134,1009.8217062631851,1089.571356259419,1112.215677434541,1025.0062827878405,9060.542570015365,9053.133108001872,290.78582433720317,285.99492457170874,3849.2722053367593,15611.899713269167,1567.3159795405727,1673.9196082279054,-0.0,-0.0,9573.216585528175,9580.625676199294,9442.954267752633,8254.89130117714,2203.4774066270998,2182.683740294614,38630.62280950027,35378.463558166164,10348.797505328192,7703.055350702308,-0.0,56039.78969696713,2130.2976450825413,2518.1851461836527,1137.5828826972074,59882.95347211253,60214.59001863103,63974.76169574196,53095.922913709524,226.69942862601752,62649.99302184387,56752.943000344196,-0.0,-0.0,25923.915542320927,-0.0,1305.8565437868347,1119.4297559948523,1140.6439636401974,2439.0955270341697,10318.474680360861,19308.34150146517,2013.2249666223756,1944.4935916222337,26.382627480352845,752.5818500366149,762.5383334794606,18077.4102693943,1576.6573874677397,-0.0,-0.0,-0.0,1143.9863396359203,-0.0,1196.654664538618,-0.0,6698.488741953112,6799.833211134551,6113.48258399686,6324.309286174128,956.034208839955,-0.0,924.9620822401938,-0.0,-0.0,1050.9546351520812,1108.0338924621492,1150.4316037989706,972.6357737049349,859.8680354908586,804.5412720547321,1882.8928415687094,1798.194659073593,1731.4148392626098,-0.0,3319.458719686617,2906.9044219525376,3401.0563068923466,3251.5982511427424,5199.043552894479,53865.77419948928,56495.02639801344,11261.01381952121,22929.55523289815,16414.16583897585,19720.333701570697,1818.4677590786564,2190.708796256609,1003.7395047732441,922.6904791737782,2403.698282671628,-0.0,42185.948968349476,36473.86061333968,1543.6726669663476,1249.9596983929246,1334.685894590398,5968.671972199023,3389.3406856953784,3196.805705952993,37343.92728719291,35328.35354110658,39294.480498243014,45513.39749652938,-0.0,-0.0,-0.0,2478.305215490523,2643.863458784116,2742.542295742717,9917.643537366586,9481.809020455665,6867.525789530191,2550.6656788863756,2699.634282042948
22,-0.0,-0.0,-631.7532595103278,-2190.9366001584353,-556.0721581844005,-526.8239079037385,-103.94202169672401,-644.5946822459418,-610.5170620141328,-0.0,-1362.9499676327791,-0.0,-0.0,-2783.441863771601,-0.0,-581.3996793252875,-466.13777183867387,-0.0,-46.77309010893205,-251.53524356543352,-317.99187264389656,-726.1343884183073,-927.8030857858986,-763.3312801759945,-2234.627112993398,-655.2828005866309,-0.0,-42.55367584519417,-3005.317550911583,-1861.2167214529911,-0.0,-0.0,-0.0,-0.0,-0.0,-0.0,117.32307947911238,-215.29137691265103,-1889.7287043834392,-1611.6448688767234,-0.0,-0.0,-142.515275865686,-555.9865604107505,-175.02405589515044,-0.0,719.9905220594954,-1887.018722363304,-415.9290260211174,-0.0,-0.0,-283.665952548328,-0.0,-11.981277205068691,-2207.6626266401795,-2992.7757593223137,214.3771201098576,-6128.723177075827,-227.46962164149224,-0.0,-1922.5221941155362,-0.0,-707.8231838122671,-3179.252217842019,-523.7047179107452,-522.9361599381691,-44.4347082808751,-2251.4603000083007,-929.7127973482078,-477.4586377005278,-2968.189011282101,-0.0,-0.0,-2767.809678920446,-1066.0637260282904,-239.64987720509293,-1845.3205899002548,-0.0,-0.0,-1405.061514271977,-1509.9393952854969,-529.0776234287783,-3657.487943830984,4.177992838720562,-28.018305919988812,-2221.1862680747695,-0.0,-641.8816918970546,-1035.88201997481,-7.927717215885121,-0.0,-1400.348568801469,-89.19849270539092,-838.7790843243222,-2253.142856199722,-42.90877051570646,-2703.8556372880157,-446.82957390603707,-1484.3108156260714,-2947.7421050356043,-750.1610240783314,710.6451426379703,-581.4017201177074,-0.0,-1463.9563472082834,-2462.0850589576917,-4918.927636480662,-489.9106466883307,-3227.5849040687704,-0.0,-1724.6967741452393,-0.0,-0.0,-576.5338367799033,-0.0,-0.0,-700.0901437889114,-86.53619670312995,-1597.8737184120873,-968.1464520143305,-864.4450020173075,251.05568486506573,-488.78136817878124,-325.2826463560378,-226.42930774830737,-8.674474837242263,-578.6693663276221,-651.9435830470387,-809.3958535516532,-0.0,-5207.515624714001,133.55324060038964,-115.82714316567518,-4705.659748177814,-0.0,-1111.5965425130926,-68.46285864451659,-0.0,-340.9159311723729,-0.0,-0.0,-901.8537300334232,-0.0,-750.5628990746472,-970.8955436330598,-0.0,-1177.846687289368,-304.9252126266573,-676.1169649860259,-2280.617458279212,-0.0,-1799.9345031737475,-1266.9015623334528,-0.0,-0.0,-0.0,-0.0,724.8969914707436,-0.0,-1739.7924704663071,-1856.358129115683,12.06768088664186,-0.0,-0.0,-733.0571783347445,-580.8246145245178,-816.1077042314649,-0.0,-467.29662402204855,-3257.7206733521875,-1129.5831554487547,-0.0,-1297.9415229022804,-2667.128531491852,-0.0,-0.0,-0.0,-0.0,-0.0,-0.0,-539.9696553573004,-660.4127896145502,-252.76394267375449,-214.87454827024763,-1453.5801219913426,-56.697567477783124,-0.0,-0.0,-770.5990703507756,-0.0,-604.4879169491614,-31.189973819775926,-4.622238409836252,6.341294442985,-0.0,-0.0,-1287.202566523639,-461.8860096114391,-510.4934793623281,-0.0,-3694.5158172792517,-2173.2623903294125,-1123.0923659886705,-0.0,-0.0,-2408.8271881053506,-1591.5800499769002,-713.7137688824205,-91.9532521992325,-1844.0760354849408,-1537.758194330995,-0.0,-0.0,-1826.2263208654865,-0.0,-858.8131065706001,-1396.9903870215685,-149.09939378644103,-452.70953581063964,-651.0022281502295,-615.4375352877513,-0.0,-1663.8844011410195,-0.0,-3648.2177719759134,-3084.5674455246444,-201.63347878429772,-434.3421622042759,-512.7644515218502,-0.0,-308.8841816833221,-286.36326484618564,-0.0,-1173.7790092029509,-750.1557200281578,-1220.526442285506,-1714.6360727785273,-1010.5886399782121,-2340.165900591365,-2282.59990571136,-2656.9283400053323,-2426.6580603647453,-1117.6934050926052,-2336.7138656375528,-558.1686164167575,-641.4867408083073,-0.0,-1319.5855629594696,-1184.0985990095562,-1088.6585534313233,-451.36118613323396,-434.2642607857825,-2221.176682147475,-847.0381392707379,-453.0312933086989,685.9317089935424,-0.0,1094.669194602601,-1495.7614548213946,-0.0,-0.0,-0.0,-0.0,-0.0,-0.0,-1404.5927725697866,-2995.480626152516,-545.2364441920433,-1070.736230525127,-0.0,-0.0,-2011.3191023992254,-1315.8504752282915,-2287.8498467517716,-0.0,-0.0,-151.2443828420369,-63.92376712533332,-432.18242440251225,-2037.0899768880292,-548.5336559292731,-0.0,-566.3368923787162,-744.1265869089086,74.8000996150076,-1306.4868092750155,-1606.7186349230708,-1456.3455970152543,-1992.325213575858,-337.321970962877,-641.6189000630712,-45.63563616737265,-1896.0919312777946,-0.0,-921.7451711928635,-179.89361124297943,-92.29937160471921,-639.0223804222009,-0.0,-2353.9244934798944,-140.49617212469178,-745.250047226027,-1730.9198304433792,-1712.1318727053217,-0.0,-626.4485115032803,-842.5104392490485,-27.896489056454833,-275.2331860286858,-550.375833252305,-60.980068261782556,746.4552797749678,-1292.8793144812453,-0.0,-1018.4283363679276,-1683.2971880616872,-0.0,-541.3381754909327,-0.0,-1689.5757454085992,-0.0,-0.0,-0.0,-1270.6536530730957,-794.6941374019882,-504.3736312254283,-0.0,-1745.0228037349334,-3366.1785849349612,-4036.380721214153,-0.0,-365.24455067027833,-0.0,-309.6936859170847,-125.84102101904668,271.50856049444513,-629.2791132193943,-0.0,-758.4045654802381,-1002.7560370844196,-345.2281331669805,-636.9394402010035,-0.0,-482.5191398139664,-1002.4157231955608,-593.6522417857104,33.3855284568671,-2490.190380356072,-0.0,-0.0,-1520.8956289429962,-274.5728705001832,-1501.301663604488,-104.71401523641322,-139.92053636737248,-237.75516561942834,-668.8309968686251,-1096.6884396133125,-1466.4812311779926,-2276.369187321825,-0.0,-0.0,-439.32933473375437,5402.051962071574,4.714679838492054,-0.0,-0.0,-0.0,-0.0,-2525.6618915356844,-528.1581183665845,-0.0,-1078.030720429376,-1007.8903649981105,-811.0252043464365,-2410.4134865008277,-275.47046915556604,-1271.2092699162047,-0.0,-0.0,-2168.101038738918,-734.0732416732719,-1860.1368883253622,-787.1952742459863,-895.4131118783295,-1995.3269748660475,-240.26039835269074,-1818.4092407372393,-1192.0599537585383,-34.22576827925648,-1112.3200753828853,-1224.2458127014813,-249.43223571567935,-243.02472375822123,-2079.4355075113813,-0.0,-512.1891513328798,-304.4455625406639,-33.42200545171762,-868.0347920550787,-231.923039319298,-1030.1101710621401,-957.8508963304972,-1366.9259296448759,-254.09113047562724,-2741.768224970975,-62.45969480994657,-654.570095851755,-0.0,-857.3903911567417,-814.8746535546287,-1046.2948345871414,-1253.608044563411,15.743141162501052,-441.2601829134754,-2800.2444451634074,-861.2647753481298,-414.4764067144333,-1233.1700427916744,189.58822260204553,-0.0,-0.0,-0.0,-0.0,-0.0,-0.0,-11.950633886646427,-187.60274481827145,-2496.0655643296664,-5330.204064349353,-532.2659494561772,-1061.4220729530036,-150.07695276374773,-576.9002267488379,-1464.1485839816085,-1211.3167342942422,-42.74025516810279,-588.9175726522828,-537.8614930705625,-0.0,-102.85541002539797,-1210.3930021765545,-516.7303348077926,-0.0,-1119.4101224114154,-0.0,694.300985048949,-0.0,-0.0,-0.0,-44.191807630972605,-0.0,-0.0,-1163.7802147736872,-456.17411187352604,-1307.1347952739109,-0.0,-0.0,-0.0,-971.8372223421412,-632.6153893598661,-1438.9348589856916,34.104293836099345,302.7756337521302,-0.0,-0.0,-3358.454558229345,-1338.6066761714492,25.272298286328382,-62.27448267193277,12.596209404086029,-20490.929779066784,-20366.83974886096,-2539.971347873618,-0.0,-0.0,-0.0,-0.0,-475.2198775788976,-0.0,-0.0,-664.5722450915596,-2467.403702722179,-2147.8266520845596,-1465.8776042954812,-376.32891416286276,-2003.584865567119,-34.72382486135494,-1411.044883231589,1062.7369137392889,-8.031286941698541,-986.4581499199047,4.242958845478037,-0.0,-0.0,-0.0,-0.0,-173.8451108826716,-0.0,-0.0,-0.0,-1006.5233153482108,-1613.7070733024327,-0.0,-0.0,-280.5044969852293,-2422.833473307755,-0.0,-1544.6136872826205,-1817.2316453864823,-2222.0691868576873,-0.0,-0.0,-113.6133920359831,-94.12661220861645,-1126.7823155512083,-1647.957610172352,-610.7191936972439,-1445.9432971273352,-1371.9028618124705,-0.0,-0.0,-0.0,-0.0,-469.39727582323735,-280.3000391424445,-0.0,-0.0,-106.63938742640437,254.35671711404623,-0.0,-1368.7535482531064,-1138.5153183734637,-1183.579313867324,-0.0,-0.0,-701.3134033749379,-1325.3680821727485,-822.0651450265067,-453.53370391435396,-0.0,-2433.3703580286146,-2548.8502342257484,-0.0,-0.0,-0.0,-0.0,-0.0,-1611.051179058621,-0.0,-2498.4424007155285,-1446.2046501192954,-77.71073568919908,-0.0,-0.0,-0.0,-2991.0034550877067,-1477.0649994690104,-607.874005572459,-525.0102989594528,-1348.245886749755,-703.9541178063246,-0.0,-0.0,-768.2829152378445,-1522.8731958502638,-77.33519350538086,-521.2594476071731,-0.0,-964.8994854878414,-735.5415059743716,-2002.4649729372982,-0.0,-351.8289855551498,-145.65441803447482,-363.50073149384815,-1618.9346740736892,-325.3081797790645,-0.0,-0.0,-0.0,-0.0,124.52264121321835,-162.80950971962983,-982.8397745909703,-1670.79899108564,-1257.3700147590912,-498.79175786415715,-648.9601236795094,-6569.55908347752,-917.2313291912262,-599.4932823403402,-0.0,-0.0,-0.0,-310.2141729830979,-443.23097311115316,-1392.99598328374,-411.24692145254653,-0.0,37.840024528486644,-0.0,-0.0,-0.0,-0.0,-0.0,-0.0,-0.0,-111.4390540379433,1810.2728589042524,-0.0,-1664.5872702653812,-777.7724097565274,-468.5825719239291,-1828.1719898574593,-0.0,-0.0,-747.9825486829913,-763.5200425816611,-125.63659131347596,-145.83222605478701,-155.2762377380514,-689.2333532253022,-176.44026326418427,-2072.068090002142,-394.13017473459195,-455.5587665214738,-0.0,-0.0,-1654.5807051771324,-3137.664497251435,30.896742570705257,-575.1515760215796,-403.2607622280694,-1018.1782622517834,-1393.1586957815855,-840.0257867609791,-322.4851139236244,-183.82043986341606,-1424.215608486718,-0.0,-0.0,-0.0,-0.0,-0.0,8767.68900979777,-80.34282233568543,-597.4755578936978,-755.1474175263637,-1200.6632590420586,-1320.3821547461791,-1444.094945399329,-1800.4771668790233,-2078.1772239117154,-490.9264341305685,-0.0,-0.0,-1661.2878695860668,-0.0,-0.0,-343.14256921551333,-2156.5073801554745,-1357.7528127674184,-546.2752859154014,-69.46762498658667,-1830.2980151894144,-0.0,-1584.6746876751645,-0.0,-0.0,-0.0,-0.0,-0.0,-0.0,-535.0132572358319,-1450.5659043696432,-1176.3268004845709,-93.51182771894244,-271.50576965150356,-670.3171847701814,58.632811145758254,-0.0,-0.0,-634.751182900027,-602.6062587763447,-4418.718559046322,-0.0,-1400.2150016658964,285.96880827389174,147.87568054090437,-0.0,140.82048290190335,-218.9226683767698,-163.7907471956211,-502.22802630007686,-0.0,-1946.4935598920927,-0.0,-0.0,-1204.399504602041,-0.0,2682.257014267107,2609.4791375470863,2461.569153837122,-0.0,-0.0,-2004.9714201852362,-0.0,-0.0,-383.89812104486924,-1026.057684346784,-819.2735748643864,-1001.3590428558593,-1189.3950012145356,-0.0,-0.0,-0.0,-0.0,-810.810189533975,9.477123125289188,-60.03280724523552,-1150.7317538279146,-1106.8433460184433,-414.10775270664027,-1637.9379553275303,-0.0,-2319.096536495254,-1202.171353967433,-1569.2108988995928,-465.3342396143779,-430.4277937259093,-0.0,-1426.5728907607033,-796.0424997939514,-973.3505641474657,-2356.014518036724,-629.8884268359434,1168.9645993385357,526.5473597654216,-364.15196454930987,-1381.5071204881294,-0.0,-1930.260791110199,-3871.231498896769,-490.9776532780195,-534.7368363285401,-0.0,-0.0,-0.0,234.5299677227729,-394.5613476447174,-579.7902738055698,-164.2584518157482,-526.8123418674636,-564.0677208852177,-0.0,-480.94851661714995,-1040.714931353045,-813.8457354422862,-0.0,-2004.751978820151,-4856.30332946421,-0.0,-0.0,793.8757504567293,691.7428766106265,-0.0,-0.0,-718.8460911871788,-1030.195321394261,-362.3066237773622,-749.5171107896821,-0.0,-0.0,-0.0,-0.0,-0.0,-2986.073098823245,-477.70858848940657,-1806.6771268843024,-1260.8756354174052,-0.0,-476.2543993783443,-446.5525926789476,-0.0,-246.32478078528663,-767.4337137010399,-1326.3053938745195,-4465.368912064218,-86.74100298965834,-0.0,-0.0,378.2300432127776,869.4626674818649,-0.0,-0.0,-420.20566378504503,-0.0,-0.0,-0.0,-2823.5633768616935,-0.0,-596.525682138977,-0.0,-0.0,1903.2072444103783,2384.871354556724,2274.044524825066,-0.0,-0.0,-511.6750009151529,949.3178671466734,-2876.696900164959,27.93250047969542,84.97888042044845,-2764.4243773190083,-119.06696209178682,-221.64736012447884,-720.3687620403701,1061.261234016393,3654.772668915135,-3304.8088550113685,-0.0,-0.0,-1064.7213173846874,-1822.8327720064065,-1317.8831008696036,-262.20612386083775,-47.37009488283952,-0.0,-0.0,-0.0,-0.0,-2195.114235760782,338.9112952079062,-0.0,-4.018696663936955,-0.0,-1825.0731098149313,-2265.6962619152523,209.59467176220025,-0.0,-0.0,-421.31236606758097,-0.0,-1860.9405241033298,-105.41760951509137,-1275.3609420993741,-498.4720871601107,-1308.441136176026,-731.9829571921854,-1264.0046171899128,-761.9134278042834,-0.0,-0.0,-0.0,-128.5761485310133,-0.0,-0.0,-294.18812903080567,-420.2621338569461,-731.8808690719092,-0.0,-1518.4924259527745,-1174.2094820211453,-987.0232271647558,-8.156384767009714,-8.337000239243467,307.69119359723436,44.2476206086567,-0.0,-0.0,-13.73418192630019,-1967.3830900478085,-685.543330196234,-1067.6111083576507,113.71991538089175,-2424.896473645369,-2021.9609477771917,-1062.7505193639583,-1189.3609695489629,-50.19410073853608,-646.7101938529697,-785.1457162539606,-1400.9633956212326,-2262.519318491133,-0.0,-2264.1198769846064,-168.51679695613151,-0.0,-2777.60492116765,-2969.967041150998,-2593.3587924552626,1705.3479212931825,-0.0,-1955.9471353593792,-254.8010982743346,-1378.4572359931958,-659.8431008170492,-132.52243713148528,-2445.63415879638,120.33868103098078,1848.1828617333151,-0.0,-224.18320159390578,-453.7131725848439,-1205.6050853177883,-1308.399796678585,-1930.8852864892187,-4524.714086002054,-0.0,-630.5564684099375,-1449.9427404397259,-763.2672525937315,-267.4407482875032,-30.745136216075718,-344.81224242383723,-0.0,-0.0,-0.0,-0.0,-364.8715003545522,-1402.5321712223927,-971.0917059596975,-70.74435429316793,-636.2159035267074,177.40833844722061,-0.0,-0.0,-961.8914345874613,-562.1817407106994,-0.0,-2367.4206092451054,-104.57654273872261,-1434.4017940794395,-0.0,-224.52958001515773,-218.49149847112736,-0.0,-0.0,-508.6806852254361,-0.0,-0.0,-4561.291884279396,-212.5593748976119,-2760.343352350582,-0.0,-0.0,-121.1766313634901,-1639.358112921668,-672.1074595238756,-414.80454169068656,-1632.939935144609,-0.0,-760.4641050372037,-0.0,-589.5601269765267,-0.0,-0.0,-219.4377453702465,-92.09811775451678,12.297556779709284,-435.8616174034882,-1570.661427191944,-2319.2945777954005,-0.0,-0.0,-0.0,-27.664699370180855,-413.81910068858866,-0.0,-1794.1798568162649,-3193.9166431982253,-0.0,-0.0,-62.752565173062,-1784.1616216423515,129.7837796618852,-0.0,-0.0,-0.0,-0.0,-518.8929912883995,-2340.270731234405,-226.12938132783987,-1514.7157238465572,-0.0,-0.0,-714.2931023423025,-525.4947801318538,-375.69931266665435,40.939527429644656,-0.0,-0.0,-0.0,-929.3688851546367,-721.4526106671966,-557.9646877214134,-353.2099554012595,-0.0,-0.0,-0.0,-0.0,-2564.688341852485,-91.20446556660602,-26.035456528120186,-0.0,-0.0,-741.1411731614879,-401.78026440264057,-0.0,-2085.494814719363,-4940.3424663297465,116.23701453841454,-1295.0929589312952,-0.0,-0.0,68.93634974563366,-553.1604827389308,-2012.8498747103047,-568.3987918779688,-3189.801435616381,-1385.4891884603514,-839.8800306992844,-1574.59285555902,-0.0,-0.0,-0.0,-40.28782458258123,-1379.9269444511442,-0.0,-0.0,-3313.712559078952,-88.50075422478946,-1537.8929177576042,-853.2263026879156,-0.0,-0.0,-0.0,-0.0,-0.0,-0.0,-776.0127679628392,-0.0,-1732.691732971786,-0.0,75.30402944319407,-1451.732278097779,-0.0,-0.0,-0.0,-2442.570297134305,-0.0,-0.0,-561.3587686455635,-0.0,-0.0,-1147.8648618245709,-632.809359839991,-0.0,-0.0,-197.90285672424156,-2159.503124698057,-0.0,-1212.3023374782035,-932.439297993359,925.7598955975209,-207.92098580423692,-0.0,-620.52401944225,-2.435769020748628,-0.0,-24.084899201504573,-0.0,-396.25233435112204,-0.0,-0.0,-0.0,-0.0,682.9820515632279,728.3406336137873,-975.8196114688396,-1748.3752834445254,-0.0,85.08124603713901,-4.388187885125988,-92.07078495494201,-1014.7344295192438,137.05746416087223,-590.3988136437194,-447.06157254915746,-204.37433184017632,-3690.8372586246737,-0.0,-254.41047252423098,-1956.7429104898417,-2735.0447874934835,-0.0,-1240.3258481596429,-1877.4326381058804,-2279.8232945121067,-819.2075379910468,-0.0,-1000.5365693101847,-800.7551278945676,-872.1647835346657,-1365.002983715701,-1085.6669635695423,-0.0,-137.68768016181644,-1467.6066560847567,-0.0,1304.7056583571066,-424.8716083649305,722.4760718594456,-0.0,-0.0,-107.62103665263058,-47.41687325126217,-2628.4910173658795,-1011.5059328555502,-0.0,-1073.0524119043864,-3453.1538648660694,-1005.5176572378609,-952.8390489093425,-1290.3824257819838,-437.0157028163396,12.379748477291047,-44.20736994239254,-0.0,-0.0,-1064.4366539062326,-83.39839363832097,-0.0,-0.0,-2135.194316425456,-748.8173991951036,-678.0160241204319,-2116.9471643713773,-105.77786282138416,-19.646932080669497,-2853.413024595831,-984.98669346763,-681.3017931694695,-1148.527388106128,-0.0,-2420.6765244396897,-482.5475398557164,-1431.6318339398129,-1785.1202130526344,-421.95773681762404,-583.7516546729314,-1892.7682679915404,-521.0884576454416,-0.0,-0.0,-0.0,-1482.491038785556,-0.0,-3741.3746900118995,-1306.6819954929865,-1637.7661315059659,-0.0,-0.0,-0.0,-0.0,-0.0,-146.28473782519924,-0.0,-266.88261108424126,-1038.3364709232994,-408.21315346936154,-0.0,-0.0,11.896497294415424,-0.0,-0.0,44.91195635337194,-319.4134544205012,-0.0,-598.9587136709973,-0.0,-0.0,-92.66782053993909,-12.776638140796438,-2833.6105129345974,-2459.700640833517,48.7272996694011,-6984.715692472206,-994.3196973739416,-639.2921244445147,-0.0,-857.091552460643,-1518.2358035023267,-0.0,-0.0,-0.0,31.640791205754553,-0.0,-1561.515026721326,-0.0,-1560.7802075317338,-0.0,-0.0,-2584.0735186605293,-406.29625636458076,-695.528601938765,-0.0,-0.0,-0.0,-0.0,-300.53989717120703,-685.1329099917117,1372.5796534449119,1098.055527973526,-769.0875852770571,-9.430953154764191,-0.0,-324.9803387188527,-353.59157497154945,-1906.89951398369,-605.2210303319316,-128.68702156783533,-1119.9157770022528,-1555.6071617487023,-1011.9844304314777,-669.5822544352251,-0.0,-0.0,-0.0,-78.67839588676856,-0.0,-1861.1732098615232,-727.0602562678017,-0.0,-1976.6297652570147,-1229.9023128507533,-0.0,-0.0,-0.0,-0.0,-0.0,-1110.588440555879,-0.0,-308.1626442000167,-1822.4184144991177,-0.0,-1165.6114320525219,-0.0,-0.0,-0.0,-2873.2970091969214,-1414.9722878683785,-1058.293840370991,-2499.21348646487,-0.0,-0.0,-0.0,-89.12006676174163,-549.1740636921749,4.120051084699457,-449.31232642607847,-321.6520270204969,-0.0,-0.0,-369.3936156732041,-1667.8147338848385,-3785.5005460020193,-0.0,-476.7090628244101,-1336.0092665309353,-459.199157757102,-522.3472812809065,-0.0,-0.0,-0.0,-1930.5928627852622,-1877.594335276515,-43.98032848215821,-1840.5521567943274,-625.2654640869787,-446.207862741289,-8.385361067160845,-1349.5518641001047,-0.0,-2187.9579878369564,-0.0,-511.6055409929644,-0.0,99.28610340903619,-0.0,-0.0,-607.8284925632403,-974.291990131069,-8.808712574614443,-0.0,1294.3321542815727,-0.0,-0.0,-1993.971283534222,-1790.0255689362405,-1185.191534739844,-0.0,-450.77601839888405,-742.5099426535022,-1675.3003601447585,-0.0,-0.0,120.75332734011715,-807.444336121235,-0.0,-0.0,4.564903326477006,691.529583051493,11.994806757433892,-1606.3372733971632,-0.0,-0.0,-1810.4578345389575,-1857.8316674385396,-88.89783928693714,-0.0,-178.96546984467744,-824.9287245336376,-1100.1261013925941,-1879.7459317293633,-0.0,-1030.0184818329788,-6.978802910481692,-0.0,-1723.9232715484327,-0.0,-0.0,-0.0,-0.0,-722.2026579252583,4.342453701304781,-17.118715895542596,-0.0,-0.0,-617.106991335301,-0.0,-0.0,785.7124961679331,-1178.8137443949056,-49.118950363187274,-2345.6479429730903,-0.0,-0.0,-592.4976629509362,-0.0,-328.6668750136488,-1299.7945018270761,-1128.5641722232306,-1151.952997830424,-0.0,-0.0,1543.221337058028,-0.0,935.3693058748203,1034.1377339763185,-42.61334263295503,-862.2202282297224,-0.0,-0.0,-122.12958442128979,229.59323440682547,-879.3980980181966,-406.8153336925044,-1261.757623266912,-2880.7435564096772,-2200.0841802621344,-0.0,-0.0,-284.0186280297724,-6113.332051273393,-613.6913835228787,-558.3737087965746,-0.0,-0.0,-627.1144698051581,-0.0,-1067.8540869069907,-1533.6352328005878,-715.833529822669,-0.0,-0.0,-57.04336522759055,-0.0,-170.08625690698003,-1347.749894892985,33.343033104524835,-761.677876462478,-503.5934610679351,-268.421529549388,-756.1891128167589,-2707.4315399272223,-16.222309401523653,-1316.6597704433032,46.600674091797835,-1169.6510013697966,-291.61331181666543,-0.0,-0.0,-219.55019024850822,-0.0,-0.0,-1879.6898805875853,-692.7469032729058,-0.0,-834.0517056254104,-616.692121757569,-0.0,-0.0,-1730.7835371353021,-849.9827771069253,-1585.5921914572498,-1637.5168142202278,-0.0,-106.46220865914617,-3073.465426972097,-1040.4840519516658,-341.7340136360272,1777.9256438505308,-1874.8780776640115,-1394.5805909573935,4.033093387137505,-909.2221250215699,8.449867581206048,-1960.2533239143795,-0.0,-3439.011796765731,-869.9395966894047,-0.0,-1880.6135151985675,-1639.8769623455712,-0.0,-217.34094386953413,-911.2486916514019,-1086.4363930598938,-1673.4335785495418,-830.3801462063437,-506.3340661590404,-627.536664124159,-0.0,-165.92760532719248,-0.0,-2755.76674639685,17.277186163468294,-3599.520033060461,-861.9757826107732,-46.60413677072239,-46.358331595825,-1479.3648620214371,-1029.9084657898509,-0.0,-520.4046497649458,-0.0,-0.0,-714.5726967567359,-0.0,-0.0,-0.0,-0.0,-0.0,-0.0,-0.0,-807.0684895162385,-511.8507470272759,-2813.275238750642,-2813.153227504271,-0.0,-0.0,-1299.495850837062,-2110.73168301518,-522.5558977803684,-221.48244837355412,25.500091707883406,-0.0,-1463.5908920707693,-0.0,-2668.817016194979,-0.0,-0.0,-0.0,-0.0,-1990.729225096602,-250.68229116262964,-559.5728986510112,-1235.1287244475811,-1341.42576308202,-1129.658414598524,-795.0390885864223,-1297.2926637006183,-0.0,-0.0,-0.0,-0.0,-691.7438383143262,-473.67579034925245,-1592.0789362844419,-0.0,-786.5218990174244,-5848.3236495182855,-690.2136772983017,-845.9096520425774,-3648.3629719374553,-806.9963155576442,-0.0,-548.8808970236894,-550.0138855790207,-1232.7775463590265,-722.4690733715756,-1689.4930710383255,-1773.2650584124758,-0.0,-0.0,-0.0,-0.0,-1611.765000749247,9408.822845864472,6992.531494108233,-0.0,-0.0,-0.0,-0.0,-2280.0098049813155,-1063.4409298674213,-79.25451358021935,-1633.7218537284211,-821.9931850717503,-0.0,-0.0,-0.0,-0.0,-823.700298409541,-0.0,-1861.0185949778156,-283.1253438978795,-0.0,-0.0,-0.0,-0.0,-119.20365999946601,-517.5692946381678,-461.18060346705994,-934.2418641797185,-1040.846101451251,-1243.3666153818829,-1020.9030150680901,-346.7580719923992,-1510.8101050585778,-1796.316656715179,-1251.519172085212,-1784.7700698826131,-40.8400746338087,-1359.296536413421,-1032.656635606251,-964.7845738191887,-1645.1246388042332,-333.72944928835796,-2804.642198926438,-1818.7955410745653,-1968.702752924818,-660.8095115656348,-565.0636143198968,-1301.0845021005946,-0.0,-1050.160064987778,-0.0,-3505.3372603136795,-974.8264158698595,-347.51933352950135,-1767.5627859380506,-1627.2662268553306,-1228.0669853775166,-0.0,-0.0,-0.0,-0.0,-892.673767801761,-3397.607528393112,-1846.031610610725,-0.0,-0.0,-1091.4229484987688,-0.0,-0.0,-1213.930869914802,-499.9273961611511,-1020.0139680291649,-570.7483759045123,575.9704148967237,-1221.3965517189895,-685.0713471045698,-1836.2961253715187,-0.0,1431.157325432852,-0.0,-0.0,-1109.6762243718324,-5459.604785572585,-0.0,1579.926741730391,363.56605040275934,-806.8402548465535,-251.4228473057633,-0.0,-1867.9258190009275,-1101.008616637457,-2509.367745797531,-2187.2657423857136,-390.67091257217436,-0.0,-551.3747604365104,-203.17247441454555,-0.0,-1270.356826334547,-0.0,-1911.9446911410691,-2704.0859837861553,72.38918166796526,-2502.881811558708,-2097.2003963894554,-0.0,-568.7207399765817,-1444.8856456370138,-2424.0539792579675,-0.0,-440.5040835697854,-2655.320471463192,-999.7725680326078,-880.3195739481425,-1032.8906253593022,-449.840422149361,-938.1719998565158,-1617.0444467814677,-0.0,-1044.3520620405325,117.19798189345843,-1309.767477927872,-0.0,-543.393030088932,107.32155050483318,-1128.418162419543,-688.3847115393197,-0.0,-568.2971131305961,-442.2050410719025,-1940.6110463756715,-1238.4109828062392,-1790.0180727009706,-944.8928139719433,-749.7123018474948,-1077.7296758639902,-2089.517081880141,-24.521528842866168,-0.0,-514.262487380515,-724.6370264132194,-1408.1113688076553,-2219.971338069461,-364.4373476126136,-746.0624495042975,71.50730601717142,-995.2625252355742,-1261.5762324373998,-971.5385024596848,-0.0,-961.0840157242214,-61.80013031941237,-2585.178749737279,-0.0,-480.56341821909,-957.2882247523967,-548.9076302900635,-2657.8285153783745,-194.21822980472268,-1703.381262657407,-805.7660578177336,-2624.7523462131066,-0.0,340.62779539189347,-0.0,-0.0,-341.80886175841744,-0.0,-0.0,-4055.1973521494633,-33.04545585331643,-44.614949081383855,99.00699526197303,-1485.3954580488505,-0.0,-0.0,-0.0,-0.0,-0.0,-33.139370783829996,-0.0,-365.1558017299222,-0.0,-354.56895904966893,-1771.973682179574,582.7058983437641,-2942.55597908122,-0.0,-0.0,-0.0,-0.0,-0.0,-0.0,-0.0,-0.0,-0.0,-2954.645674883277,-0.0,-3033.8793535760283,-3135.9392491148524,-40.38119453593573,-0.0,-0.0,-0.0,-0.0,-944.3200410629601,-1157.1139240203638,-0.0,160.9255697872049,-672.2142197642112,-2189.8719931018722,-702.3776761074383,-0.0,-612.5348370073846,-1060.8270783216842,-0.0,-0.0,-690.8239941376802,-868.291662731615,695.5034229410883,-552.3510939148001,29.156659441324596,30.911370463494897,-0.0,-0.0,-0.0,1852.6732133775633,1451.1812862456934,1586.776502858212,-0.0,-0.0,-0.0,-824.5858204045161,-0.0,-0.0,-945.7238882150023,-80.70276046710053,-449.700581706074,-62.09586868325402,-1185.8175585656966,-827.9853731555785,-1408.8297959358556,-139.81697201958988,-288.36974554318704,-1239.6508604588178,-0.0,-2485.6908276376766,-16.48990786010058,-990.2787721601854,-907.4538957967198,-18.116565549066237,-0.0,-1286.0983477617242,66.60700284099342,-0.0,-0.0,-0.0,-0.0,-0.0,-1552.0748568736753,-3788.767933368464,-0.0,-721.1326071520447,-66.77270944038177,-0.0,-0.0,-0.0,-499.20748838313233,-27.785569497926424,-0.0,-1364.0942534124408,-741.8408591734701,-0.0,-0.0,-584.4203145613778,-0.0,-0.0,-1803.3124790829227,-1596.238696287432,-0.0,-923.0763872407204,-2217.194586006241,-86.57337441239027,-0.0,-0.0,-284.09395676303507,-876.4663771016541,-262.7879857620512,-200.36112307093217,-156.4596723921874,-0.0,-0.0,-0.0,-1325.1527754166261,-1149.3473789458567,-2351.9890217569514,-310.2422968500307,-1440.4336556280157,-117.76776509086037,-183.63801777278232,-542.0384141912909,-2008.900846580795,-0.0,-0.0,-1688.6519989996136,-1889.9735187739013,-0.0,-0.0,-0.0,-656.4609384566825,-2136.6178683435487,-3682.340956581478,-0.0,58.30066266282068,-205.34485217411688,-707.9726385253543,-652.4414929403607,-2167.1508650671303,-0.0,-1665.7626951148748,55.960554210461815,9.259740136193624,-288.643137545634,-0.0,82.92901937063351,-301.53797048345484,-502.10992310209906,9.01340692389908,-0.0,-0.0,-817.7898574427212,-12.693963826725515,-0.0,-1490.0726095892699,-1023.4839214322611,-1315.3670284372752,-887.1791849367069,-1367.7547912470473,-1665.2101515267402,-0.0,-0.0,-0.0,-0.0,-0.0,-405.04583781073336,-675.3912193928803,-1323.1023262617214,-1421.7009869350845,807.7917258768516,-1624.929141154145,1809.3907539762959,-0.0,-2329.373259194475,-1825.2911767088428,-866.99669224624,-34.13804005768087,-118.17772776279276,-2391.396012071548,-238.54954157262932,-0.0,157.38372468322535,-1036.1170682511427,-0.0,-0.0,-608.858515193334,-412.6573276591133,-459.53365542048135,-1313.617382066959,-1716.046300327116,-0.0,-1634.9149360037836,-1360.6490023771705,-4974.68398701585,690.1532109125826,582.5968501365754,761.5660792044223,695.3693272120798,-0.0,-0.0,-0.0,-0.0,-0.0,-0.0,-0.0,-0.0,-631.7741710653366,-0.0,-51.96786878328259,-47.038202849487845,-0.0,-1192.7963004783421,-1425.3102667152366,-2097.8485764749826,-0.0,-0.0,-0.0,67.92756196587419,-3519.765152890697,-683.5550824242828,-2964.494939256047,-1909.5504737574088,-0.0,-0.0,-176.76182546889441,-1384.317953296391,-0.0,-2446.145188142469,-751.2433417269962,-0.0,-0.0,-0.0,-2300.1035622497857,-0.0,-0.0,-0.0,-0.0,-0.0,386.5044064990174,-0.0,-0.0,-0.0,-1038.5834117481759,-0.0,-0.0,-0.0,-0.0,-0.0,-0.0,-0.0,-550.6376293454068,-1088.4762057932046,-1477.5136796597951,-1714.1079341303464,-617.5527464027637,-1206.4366168867873,-37.350663627101426,-0.0,-689.6189620568019,-49.880736935779694,-0.0,-0.0,-0.0,-0.0,-885.2027484330994,-0.0,-590.9736831334664,-1428.2990945112801,862.6102487776143,703.0726878916721,869.1305036969709,760.0450490443164,790.3195419110526,-0.0,-0.0,-0.0,-0.0,-0.0,-0.0,-451.9381680775649,-0.0,2270.795834533388,1064.0385928124642,1249.3690054433766,-0.0,-0.0,-1416.6433900451302,85.04830462785084,-64.89615278057992,-2437.0991488619593,-0.0,-1819.8773374677057,-0.0,-0.0,-0.0,-0.0,-612.9350746213389,-0.0,-639.222933642874,-635.6702298506251,-364.97894206173925,-0.0,-15.649506779864403,-0.0,-879.3580974859212,-0.0,-2498.301364053029,-604.7111336833739,1796.085231848298,-2260.804943274815,-925.9827184437457,-79.2321123160071,-907.934417908075,-0.0,-598.7118808854,-83.66352475752528,-2539.626420347818,589.2717216878625,99.8692090923481,635.1167415534198,1301.2075478844295,-0.0,-294.83186675538707,-27.778434852930527,-1307.8621223640107,-1098.5173520642122,-1554.6476948883515,-1916.0042704664634,-0.0,790.5065655320816,-0.0,-435.726450520635,-2900.737772156366,-1292.944386414132,-0.0,-1547.2771253583046,-450.474582452355,-653.6305635527316,-718.259725536209,-333.7381540412243,-1466.764930633473,-0.0,-2090.532530043498,-478.5793517487189,-1524.1390317129715,-363.27499735038043,-0.0,-0.0,-0.0,-0.0,-1291.0369627739328,1156.6274880928888,-1116.8266684296195,-762.3572630011607,-0.0,31.663616339349595,-0.0,-0.0,-868.8722445505148,-723.1352300560401,-754.0467943585728,-760.1651110698889,-0.0,-0.0,313.7296045295185,286.79669491717095,636.778146947734,-0.0,-630.0805662056914,-1987.6834823242598,-1349.9693196341423,-4.472134945833076,-1678.9375633726584,-0.0,-0.0,-0.0,-600.6917598520021,-1037.9237198465123,-0.0,-1471.6770235716817,-0.0,-2986.298952276761,-4076.531296509575,-0.0,-23.588720630272846,-0.0,-829.0459433945692,-0.0,-0.0,-0.0,-2207.312960525302,-1080.3840663657302,-643.0997040312991,-840.6398196950795,-0.0,-0.0,-2428.9677792405764,-0.0,-615.1219355492648,1118.3885371508652,-1104.1863211248458,-852.5447862325523,-649.8522298804083,139.46486996915905,-0.0,-0.0,-1403.6866540481283,-0.0,-766.8581922828668,-78.64132149542586,-411.1779516702967,-336.00820480516154,-0.0,-0.0,-235.84740616935267,-717.4906748208365,-1113.4390494878785,-602.8315328305376,-1125.3239187626566,12.115797884218722,-0.0,-140.00402956818237,-2002.3768180757827,-1297.891998130454,-0.0,-0.0,-0.0,-618.0178459036587,-629.9416911349957,-1437.2750685992319,-0.0,-0.0,-0.0,-0.0,-0.0,-1589.8553141364168,-753.7415426980532,-0.0,-588.4788150915484,-0.0,-18883.158071458034,-834.3864932345024,-129.92888433501366,-742.1370682491694,-0.0,78.13234544828468,-1253.0304972334009,-2602.2696693055827,-0.0,-0.0,-0.0,-802.8889953663286,-501.3610002356834,-1059.2497564889807,-1000.3686400277365,-564.4066207869129,-0.0,-0.0,-1732.941926682287,-595.0626685302401,-2463.7522194142184,549.7526765047239,-2252.606016642306,-0.0,-0.0,1846.334187470793,-1637.5691523191406,-0.0,-228.96104997077,-395.6180541033867,-688.8485255046403,30.22634493691161,-802.9057655783564,-0.0,-0.0,-1269.9345822531886,-1510.3718468433037,-3087.011450757297,-0.0,-0.0,-2380.8634899500266,-851.4811250098903,-912.9641627318292,-2468.2908361220516,-1656.8401292743306,-0.0,-0.0,-1189.920025127801,-0.0,-80.45166000478186,-1639.9494973785838,-1767.4156194935294,-0.0,216.58478531041618,-791.1422640272644,657.9053552004316,-256.72511778457306,-261.0689563069974,-0.0,-484.0574116977313,274.78134442210325,351.4173737124939,-410.3605711167429,-2574.0784990991788,-2024.5754729240405,-87.8762043571433,-5146.45647880618,-688.7881783499977,-1188.4639703275768,-51.470742542745455,-3718.7400806742157,-359.52283825178176,-706.9677488678301,-284.80802133969735,-1972.6221182495053,-1131.4553018716053,-3408.103768312762,-5877.416860725935,-88.078143660226,-722.6482593957851,-1587.4177458858974,-1293.2659778938291,-0.0,-3490.9430233392864,-0.0,-311.83008889597437,-1836.601837402944,-1293.0776710476148,-0.0,-0.0,-952.892664443691,-265.4236786724145,-0.0,-1517.5701090322516,-0.0,-795.611114417778,522.1788003531942,-2406.804065192655,-505.6385188636855,24.965270628236038,-13.953591682059306,-0.0,-2155.7488411461527,-614.9120236605335,-0.0,-145.10208982268975,-0.0,87.57043848181462,-171.87268513556646,-0.0,-430.56765019893226,-1463.2201245172234,-464.2420058677856,-948.7354040332713,-2061.0572289898932,-0.0,-3884.7726937470543,-1838.9426449612508,-2964.602848203666,-2461.8242586062,-89.39557277369349,-251.06602493545068,-604.7511621189776,-1416.3719477630455,-0.0,-0.0,-1244.002229127338,-195.33520978943437,-0.0,-89.08108257484815,89.12605040327368,-2353.2916365383103,-0.0,-0.0,-1232.8619358864516,-0.0,-93.6572215689203,-0.0,-55.10904062745466,-165.73384048373381,-0.0,-417.2162543119795,5721.618042800068,-0.0,-0.0,-2791.347844195582,-734.2279357769265,-244.24920918584274,-0.0,-0.0,-0.0,-607.6058761669055,-2196.0291932264695,-0.0,-0.0,-0.0,-2160.6736733306334,-0.0,-0.0,-0.0,-1586.5170446892866,-829.8719183235991,-314.8556473406762,-448.3723212537495,27.760249280389704,-713.7963708660424,-407.9473929030203,-204.5025787525155,-2511.6254721026958,-0.0,-0.0,-1280.7036854282915,-858.9790868130004,-2692.150242050495,-0.0,-0.0,-2462.9117037537444,-723.1787986036098,-1383.9876435978986,-399.1429420769112,-690.1030106308291,-2093.918586407316,-835.4458570420352,-82.56752323266386,-924.3193774206604,-2274.1109915246416,-1633.182676599641,-1349.0545255446414,-0.0,-589.3839071336477,-0.0,-1894.1318999763614,-401.75525222676015,-210.03885166512748,-750.443538208714,-765.169569734184,-12.5371710953658,-0.0,-1145.7326519200067,-608.0089884539434,-47.43208915666777,1533.3734116315172,-80.70883635158066,-0.0,-755.8653054495575,-533.3556779397491,-0.0,-790.73224278584,-1679.2315272577787,-0.0,-0.0,-0.0,-0.0,-465.5971792488355,-937.7985252065728,-369.43506495744265,-517.9273687184701,-374.7355630421166,-1715.2239429419208,-779.7860230855084,-1337.2036779262437,-2763.042278530837,-1870.4061883187346,-0.0,1048.9896167971672,1002.3381118404305,623.84440986082,842.7376362979239,436.6448442129796,-0.0,-0.0,-0.0,-0.0,-0.0,-0.0,-0.0,-0.0,-59.15675463185898,-904.5172090485797,-527.2612242766821,-286.8721082876771,-1146.954609722637,-108.88964343646738,-373.33750548642627,-1222.2645079579258,-283.92328653004637,-2045.7801565958769,-869.3461542212211,-80.95082927496969,-409.6287065512445,-27.987504019157726,-0.0,-563.8077224482882,-169.00999682985767,-249.56034611630835,-811.6942847323199,-310.6356802366293,-1704.3435617339514,-330.19664745231495,-0.0,-0.0,-2121.2247831680756,-546.6109731488694,-363.8427595746209,-526.7416865178105,-1044.9215730987735,-432.9514301121685,-408.6073005960178,-0.0,-723.3965926758507,-824.6554203885224,-735.4316023725373,334.1360412228455,-1466.4235293368563,-2109.025272987591,-201.95292401993584,-775.8317578328551,-788.35522227059,-13.379249471284282,-0.0,582.408728667659,-870.1040539918476,-36.43345436864204,-2049.1191229336296,-0.0,-0.0,-1202.3072771578268,-483.6794905824509,-0.0,-566.6278881933447,-701.0282306237087,-856.3856299261197,-0.0,-742.2337155274889,-538.566658112509,-2281.8068680408514,-4513.895916165524,-419.44379742165654,-0.0,-94.86816308674308,-440.25954384861615,-1711.8862163040033,-238.09016774240277,-600.6287712627411,-791.7578232551078,-741.1140760594664,-353.0838972703309,-0.0,-0.0,-1702.4992866007656,-125.172316253679,-458.234416240241,-769.5681769376687,-1288.2680644961697,-2683.2639852871516,-0.0,-572.7970185662597,-0.0,-0.0,-0.0,-0.0,-0.0,-30.861883127964518,-173.0380538274821,-376.36631116653797,-0.0,-0.0,-0.0,-0.0,-0.0,-0.0,-1038.4764677662718,-2141.622985084803,-405.93192081802766,-573.0818212209658,-40.38402778357237,-0.0,-0.0,-410.8798239160245,-0.0,-0.0,-133.41151548531874,-3061.368482972012,-0.0,-0.0,-1639.5481406585477,-607.8116542390391,-1077.8798435103517,-1128.3910394805944,-668.9556153039631,-0.0,-0.0,-1233.8158994485918,-2010.7325042675275,-935.1107905890872,-0.0,-1141.8207665210607,-0.0,-397.7987750775185,-800.6023885796941,-0.0,-738.3610451355298,-1984.704915101514,-0.0,-1840.690368032283,-187.1123587988731,-568.0543045342167,-1392.6688267901943,-200.26432963647443,-1293.869396248853,-0.0,-1147.6227779617218,-28.371555686972403,-2056.2118873650234,-1998.2110959296742,-0.0,-0.0,-0.0,-0.0,-747.2703889523715,-790.2394970993803,-0.0,27.914651821144993,-390.01038856611143,-814.3695525081686,-2284.438184276235,-2438.2995304867495,-402.8295874222684,-0.0,-1353.7056036926701,-790.7889729004032,-2016.5254688153898,149.92848582218954,-0.0,-3851.1883532464662,-677.2507160121007,-0.0,-491.605202162604,-1621.5269062073223,-0.0,-0.0,-560.5858647296327,-1360.9125475348244,-0.0,-1046.9843901684396,-1355.3031954866265,-42.98155388426188,-87.01672743159824,-555.5634117551042,-0.0,-1530.7631116707878,-2704.730914180649,-1273.018676782323,-170.1007280405187,-2184.7002847257827,128.9551837056617,-982.5452147727625,-568.756901326907,143.28488429295982,-907.4706508544474,-1535.9307860627744,-868.9697978149129,-1583.9562822547664,-471.24138037288253,-621.3577257988917,-738.5311244180953,-1737.8749650713273,-0.0,-0.0,-1929.3447535132268,-346.4096431400926,-0.0,-1558.2334129098479,-1224.4270768541376,-0.0,-3031.9794111364818,-580.2878595601013,-0.0,-743.064526184621,-0.0,-0.0,-1187.137666139826,-1251.1962281008914,-0.0,-0.0,-0.0,-904.1577539713586,-4.732650418532114,20.681970956721816,-260.80459355824166,-0.0,-2193.8572269760625,-1731.9792258185457,-588.9109171840843,-2179.35678004268,-0.0,-59.120640825565324,-928.1858226084959,-0.0,-446.91494656181595,89.42936042585069,-1545.2754300329555,-1017.4488668773084,-742.5839675554032,-1308.3143364930238,-0.0,-0.0,-0.0,-805.7603217677841,-0.0,-428.3575495349032,-985.2531015373872,-221.47174679510374,-1215.3574175839342,-2030.126933286544,-534.3694199454521,-1981.2251437671293,-0.0,-1180.088190193703,-723.3479227940019,-562.9735431981869,-1210.4430067913968,-337.40450351605074,-547.5894865894519,-1380.4671448354768,-0.0,-0.0,276.18899008884483,-2939.142928887533,-1048.8975495150692,-293.5339329852662,-0.0,-331.57048343258083,-522.4695907922302,-743.2209153741686,-0.0,-0.0,-887.4502008189982,-0.0,-23.528093400601747,129.61749804963515,-137.62399915175618,-2210.3090855283413,538.0610671816892,560.6317347774616,471.10015977455623,626.2851482992318,50.046375093623666,-0.0,-662.2687862411076,-795.2257312449469,-380.6304758965445,-10.420198969549146,-0.0,-0.0,-0.0,-199.6530895945655,-12.886337387059488,-1119.3348328055604,537.3334267126518,2540.6170209188826,-0.0,-0.0,-0.0,73.32546759566732,87.08977935861786,-0.0,-3226.6366525245276,-0.0,-0.0,-0.0,-0.0,-0.0,-2349.2236682944026,-294.1607726302913,-0.0,-450.71967441040897,-2107.9243187550906,-176.34771231291478,-343.3855158492046,32.474205216888436,-1987.8161769330761,-3956.904387346628,-1754.0518186166573,-0.0,-0.0,-1720.8687043752204,-1066.5442358078524,-758.914405058155,-503.9554651423528,-355.98215901886175,-1024.0445163979412,-1056.5323699292708,-5169.99746749922,-631.4571244842689,162.39764940694576,-814.708035170314,-967.1638882676991,-679.9629163016939,-670.6220351270607,-8.055508741391609,-1998.4744144164583,-857.6185076921568,-572.9670909198419,-0.0,-0.0,-0.0,-0.0,-263.44116653467586,-1274.4909429319107,-0.0,-1382.8116396948146,-1466.6113462792578,-0.0,-0.0,-1527.382628601116,-0.0,-0.0,-250.11376761500352,60.03669811124394,-0.0,-0.0,-3097.4203424567245,-1209.3343331467559,-117.87876882028422,-1043.698610495317,-1276.6592489999778,-0.0,-333.52907228591926,-513.9317827231768,-0.0,-1607.6605683794794,-380.78719787336865,-1074.1203786634953,194.25338613283657,-892.5996582454692,-237.6708237533796,-246.8677207368288,-57.47182699325953,-39.913408264386405,-663.4849284655838,-849.6556701484913,-465.95053335191847,-863.5979667387252,-0.0,-58.486057332117525,-768.620355303385,-183.98222458674763,4.436027422565257,-0.0,-1229.4164715669144,25.01834801128213,-1162.939714176288,-0.0,-0.0,-0.0,-2068.325485873585,-0.0,-0.0,-91.07946651700635,-0.0,-0.0,-0.0,-0.0,-0.0,-0.0,-690.9939721049878,-1454.27348003294,-0.0,-0.0,-0.0,-0.0,-1012.0933523942937,-540.5839613893886,-0.0,-0.0,-1965.6429785455473,-0.0,-1429.6460657960813,-2870.88199924367,-0.0,-0.0,-0.0,-560.2515680487626,-0.0,-0.0,-0.0,-1076.0093601318583,-734.5572580868028,-708.594915382231,-0.0,-0.0,-252.97814271953155,-0.0,-4163.978294036702,-5989.055619533432,-0.0,15.889737272980845,-0.0,-600.0222360140567,-803.2952457802083,-1998.9480388520622,-0.0,-0.0,-113.35795485563563,-757.1780975106424,-1469.5557556439774,-714.2361782993478,-425.72572947498344,-0.0,-0.0,-1136.1570378750753,-1167.8078159739284,-49.18780483868059,-0.0,-0.0,-734.7908215512525,-390.9315188670741,-88.93516760384287,-0.0,-0.0,-0.0,-2234.7490340668282,-411.64368755931616,-1389.5238566735964,-4490.040681531808,-0.0,-922.2081029798237,-1197.2130419942307,-2475.9325250285906,-311.81030271300494,-0.0,-0.0,252.78776217847886,-1266.5231458955093,-1762.1272187391514,-525.7633807205349,-137.57445952077435,-27.785689564808067,-1974.078152932664,-491.67197768723923,-1742.2888172170587,-726.1866688143398,-2480.903939526777,3.988080773393756,-1005.244995283816,-817.3090525876871,-2120.6246715328425,-0.0,-0.0,-831.1559712294231,-1855.2827939542456,-1939.0282346988201,-1071.91732228196,-0.0,559.8383129447134,-67.25451335646386,-498.5384016475755,-0.0,-23.853601362796738,-0.0,-2977.395789887464,-62.64317364696284,-0.0,-0.0,-821.4128965219643,-1155.942171208082,-903.648902205963,-317.9069031436419,-693.2561899265788,12.269469429718088,233.85921586550282,-856.2208464260124,-27.96730781549086,-1622.2122536241748,-0.0,-1716.2398820352346,-118.69571092166373,-692.2522833330795,-383.00376038415374,-24.139450422615177,-46.303941637394836,-23.406776676401297,-1394.5614839971822,-1009.4947463214688,-1494.3636371189004,-253.60351086552416,-1443.039164245662,4.721429237937632,-0.0,-788.2147306891575,-3121.3482204401325,-0.0,-0.0,-27.439934108798354,-2122.4385203046772,-222.94658079726406,-686.0527024095219,-399.790651118232,176.14227225788437,-0.0,-0.0,-1288.9955298134837,-0.0,-0.0,-2089.0323588519395,-1780.7238995434316,-966.14688460437,-860.1551211412896,-599.4906991038719,-1018.0996552634053,-817.6170453450163,-1272.6166782599244,-2669.4392683671435,-0.0,-0.0,-0.0,-0.0,-311.5013490273482,-0.0,-2086.085857140113,-652.218510034217,-858.8150048924217,-1044.0193317653475,-545.0589861580322,-0.0,-1746.210257471999,-626.6443294504123,-0.0,-2726.5043704369964,-1511.1302500471784,-0.0,-0.0,-3016.0385044707427,-2136.504137275182,-422.611107423783,-852.2086607904566,-0.0,-492.10232428221184,-378.3971481671434,-0.0,-662.4032353889497,-556.441697728965,-573.4011515801755,-0.0,-0.0,-0.0,-0.0,-451.6156182010268,-1351.4108408687014,-6319.19249130782,-0.0,-0.0,-774.4174099275025,-820.8974144189817,-2112.4862541375965,-667.3278861047764,7.979358242343363,-565.496285218623,-0.0,-767.388298645478,-599.62144111619,-0.0,-500.0510132908464,-1217.1932364609552,-0.0,-0.0,-0.0,-0.0,-0.0,43.314274488102846,-2282.3694607666407,-0.0,-1328.4458786650791,-952.4209628373791,-4.6292509121034975,-2134.247605225514,-896.445434660975,-1102.2051326325793,-1378.7033789322932,-84.02417057376081,-128.55950745319927,-1302.6254315220153,-902.3122805042093,-693.0756722872073,-0.0,-1669.9110770909,-1299.0310268220096,231.64067855322062,-0.0,-630.7983900493064,-840.5024718836005,-997.6321565681009,-82.12467447546572,-0.0,-281.0578823304701,-0.0,-0.0,-2526.37682314065,-2414.4379240594853,-2055.776917567449,-1709.958956417614,-0.0,-1127.9471227766903,-2058.9695504154647,-0.0,-5603.79095263773,-0.0,-0.0,-0.0,-0.0,-1003.182984602545,-2470.780288266564,-2512.8980774399815,-101.06972377119969,-2207.5761959491037,-0.0,-1046.7535616747912,-35.85556425088305,-0.0,-71.10760092837408,-594.919387628472,605.335930441777,-0.0,-455.90831489895083,-47.7852529928946,-0.0,-1477.2745576346524,-0.0,-2060.3484515876994,-162.9208599049067,-0.0,-0.0,-1150.9597450949507,-1910.1713248099313,-1123.8962006309316,-1210.5664290902973,-1466.5590081358196,1614.0085136241446,-52.18820497284107,-905.0772850391601,-36.314638361987456,-2222.6990346672214,-952.1996072579348,-890.4827044777613,-469.93618618838076,-1733.1588208295482,-1795.0068765461158,-438.6710564579985,-2635.3775790480463,-376.60980856891666,-0.0,-0.0,-56.56425023985265,-0.0,-0.0,-0.0,-0.0,-0.0,-0.0,-1580.7299128504853,-661.0064794512512,-1393.4922882150042,-934.1961042306169,-0.0,-718.6023019606432,-1427.1658249656355,-1260.582798675661,-2120.874107610398,-1326.0507393853438,-89.61333082407302,-188.0709867560815,-1124.1711415890343,-1581.7362935815881,-0.0,-0.0,-0.0,-75.42518682927029,-930.7277227382667,-181.98907279983771,-562.3133820994277,-1119.4606074906555,-0.0,-0.0,-0.0,-4222.1479636369495,-0.0,-140.74257229819173,-0.0,-237.27550303213857,-1371.1035833922674,-1265.472449856685,-867.5835146909384,-0.0,-44.73110670697165,-651.3291880112629,-705.262076823452,-578.3363809171013,-0.0,-1145.9704273933096,-0.0,-0.0,-3343.961062938499,-0.0,-1406.4378245812507,-646.3710278001041,-442.89397669129846,-290.2296325114997,-1456.526763459994,-3176.2130410009795,54.53170814803869,-2112.5769712165416,-1913.882298063347,-549.4996577142072,8.972427412970937,-0.0,1557.2406753215664,1207.1213921235394,1333.9192916837221,-0.0,-0.0,-0.0,-981.3719578485393,-0.0,-317.4080468708181,-234.30592048474202,-0.0,-4228.001428611132,-0.0,-1423.7880378197158,-94.12672243574647,-1153.281138500534,-542.1466167132514,-1582.4297691895194,-1273.1932107577172,-0.0,489.901070734459,-2812.3130629074817,-1723.174745445729,-547.040223792984,-1447.7886244091767,-2068.372309007709,-0.0,-0.0,-276.79750450192597,-763.3464590802242,-2145.0712044694183,-891.5782448385789,-40.93773824003327,-0.0,-0.0,-740.0734767247249,-0.0,-0.0,-0.0,-220.27404852836293,-1552.7467423775888,1622.037633270334,-1486.0840977381454,590.9790372587721,-833.6590361988926,-1039.405426690766,-14.029373064287254,-5518.254107989886,-370.9137614940235,-0.0,-70.90058703994421,-2369.474795871891,-1741.8132959034267,-0.0,-33.08431173228244,-0.0,-632.3088243576195,-29.103785065254304,-2140.146616750229,-1541.6996973793068,-0.0,-364.93886556454476,-0.0,-0.0,-0.0,-785.1838314639476,-1129.9862854875223,-435.032702920553,-1308.4610834957039,-1973.374499210894,-1041.515760754571,-464.07563048219566,-463.8230645193021,-135.93236904739302,-1895.7751726023623,-680.4302079905041,-991.4201539114894,-1475.2988646942676,-1731.6626108966884,-1388.1996167303055,-348.56193591364774,-1617.558201587767,-0.0,-0.0,-0.0,-2660.9996751116278,-0.0,-507.9594003761901,-1323.9772300742545,-11.782833503039072,-936.3270931084718,-631.3568833081612,-1021.7142116629399,-783.3747545020611,-226.12822113879542,-2171.429601933397,-4991.861303344576,-307.257612735665,-37.29073885061175,-0.0,-121.00888477462796,-7748.199755653618,-2189.350156247487,-680.4145261365449,-2409.317015184071,-227.897002251997,-0.0,-25.229934444832818,-752.2094609427088,-138.81945439982522,-1326.9841577795833,-1132.6565790008488,-205.10727818261233,-0.0,-756.7092080400487,-2277.7880294801885,-2108.4180568187417,-1783.6710549403856,-0.0,-1668.3292979585945,-0.0,-51.59516221804161,-1132.746057341021,610.587738502261,-0.0,-0.0,-306.2629765352609,-1121.1267095864193,-798.2660209248377,-1357.0964104357108,167.40990661697973,-1485.4557277948434,-131.5342665365338,-380.8835145340873,-2270.0383270330462,-2104.104148249451,-406.7992416829751,-0.0,-0.0,-0.0,-0.0,-0.0,-1884.2199932278713,-0.0,-687.7816132224602,-870.2138078459092,-2658.514483640344,-0.0,3.7235320574547752,533.4991435950792,2281.6653093516798,-653.7708523278823,-1419.2710646628798,-0.0,-1683.2518222779845,-4135.9470965086875,-817.5454750402333,-5743.26199155499,-1387.0554985378808,-0.0,-867.406333507407,-2646.961558886687,-211.18041742920414,-0.0,1209.2779310778576,1468.2669313699641,1336.7866654077452,-0.0,-0.0,-0.0,-0.0,-98.66076145889585,-2811.592805920236,-93.12686454466225,-0.0,-2147.8717006521733,-1247.6546138745184,-535.7093536082095,4.41189732629572,-0.0,-241.39984429986373,-952.6533390287103,-0.0,-0.0,-50.89555100928466,198.11336631718083,-2259.4515727306352,-0.0,-937.6825015997597,9.230215176136548,-93.22931363016423,-0.0,329.43231865283457,-108.52875433520371,-603.5548649857308,-2141.744759702634,-0.0,-69.83549048817568,-1212.026547810185,-1070.9808237797379,-43.53475481006708,45.54677296133452,-0.0,-1403.9620872382961,-861.8790866728892,-7.883510549605624,-0.0,-0.0,76.51544476496517,-268.26157207981396,-196.2020626536511,-85.52901904130572,-12.419802595762388,-171.6002155502294,-738.136928629931,-1048.0983727564737,-586.1773689830558,-0.0,-2256.567805766978,-941.0557483107133,-0.0,-0.0,-1215.8520444246433,-2410.0606129906273,-633.3586995413875,-8.420746298396718,-3006.879164160177,-127.76016726729821,-85.32093749873093,-1210.6673761363663,-0.0,-409.47433262351586,-1521.186461421015,-4.617878049217184,-0.0,-3633.524223272966,-154.58180589902096,-1628.4701279844764,-1134.3189513823777,-1399.68157001186,-2774.597686201209,-89.86912296764162,-857.0710960019763,-1956.7272022333523,-1431.0883549125253,-1184.2903102910889,-236.49156167863558,-1934.7300919837426,-0.0,-3306.3158640781135,-0.0,-6829.51664257957,-251.00154604717116,-93.66654436534542,-1603.0267569065372,-0.0,-0.0,-0.0,365.10532542931844,48.74544849536467,-904.1516891945951,-1505.3477506041445,-510.53676240488807,-1325.8604282153756,-0.0,-0.0,-1470.0615843441494,-376.61520092606315,-528.9128664249312,-173.5100674788897,-0.0,-1765.1456126897278,-343.2832242376035,-2114.630695430381,-0.0,-37.33216642048323,-0.0,-1893.032034556329,-812.7996776189168,-1561.1246621832931,-0.0,-0.0,-1868.7955082818032,-592.063457828087,-820.6126888585917,-1643.927333119098,-482.02864673652283,-1323.1319936298023,-0.0,294.2565306734251,-1220.1659152853454,-4275.261361072574,303.88598249747434,-1580.7879175090566,-8216.781039862331,-727.1222569119282,-721.627985696302,-242.8556594784336,-238.77024828055107,-1121.3560449397773,215.6767242324005,-235.97429449789828,392.919149646149,-1156.1623253892878,-588.3644011101436,-0.0,-1393.1719685285857,-1827.422016491018,-940.8989362914991,-408.3138100604816,-0.0,-0.0,-35.64992689612238,-1110.044222474669,86.11436052906357,-2407.100342161362,-0.0,-0.0,-544.6015412907109,-707.6518380285328,-1218.655813597085,218.88598014163534,-2729.7378631476045,-1617.6301827636662,-1369.5815154238182,-257.1549201730756,-0.0,-386.3898865131603,-0.0,-748.2951293831072,-25.660859976622145,-1667.849815738046,-505.88075008018654,-1055.5582058892453,-428.83851031182724,-379.97803363704026,-0.0,-1300.7666137476235,-747.5245289306089,-1328.3888453264508,-0.0,-3340.6713648113628,-1439.084645105458,-1520.216596312823,-1024.934759009598,-1184.5153598750824,4.0849039008046635,-2280.921440049561,-754.8075718825049,-1287.6366317487368,-2054.778795674388,-337.4583374440449,300.4711096538638,-1077.067570593088,-0.0,-0.0,-23.067385842031054,-59.23231996675338,-19.56634713222113,-257.93500297281514,-0.0,-0.0,-0.0,-0.0,-0.0,-0.0,-0.0,-0.0,-0.0,-0.0,-1342.376223288512,-2678.964839064231,-2341.4297302794894,-0.0,-0.0,1627.8198541580634,-555.015103053341,-0.0,-450.01890852834117,-489.69450643375313,-1023.3380653095732,-1015.2766732216379,-1297.9992114702854,-0.0,-813.4970350038969,-422.38993788225537,171.11800678549955,-0.0,989.7155187724305,-0.0,247.67500988781526,-0.0,-351.5823919059022,-0.0,-464.5853702572499,-1150.166366358251,-1916.0026992673472,290.1680785477478,-0.0,-0.0,-0.0,-0.0,-0.0,-435.9652643407334,-87.12477722428017,-0.0,-0.0,-0.0,-541.649457279826,-0.0,-41.239181652018125,-680.4254831078695,-3883.6289521050894,-0.0,-1438.7789265292845,-0.0,-644.9229882963828,-0.0,-0.0,45.51582025442268,-0.0,-160.64410029420063,-0.0,-0.0,-0.0,-1142.022808346648,-1836.0697512038187,-0.0,223.89978277642484,-2349.2640885168694,-0.0,-81.79805842589381,-297.68679739905764,-0.0,-0.0,-1698.6321752325227,-0.0,-920.9923367189712,-1323.7799535075226,50.42516742789425,-3277.442299603923,-1704.4284345952512,295.62316025100773,-844.5990104729781,-0.0,-1092.183310100587,-0.0,-0.0,-0.0,-4068.6687417463177,-986.0974008162063,-1614.4246877339028,-0.0,-422.6758412371076,-4.673144325722738,-1390.1063410304566,-2141.803244758913,81.79248177942843,-3254.79234493358,-0.0,-1702.3461753722884,-2484.8594888485063,-0.0,-0.0,-0.0,-0.0,-2552.08532199083,-186.05679070597404,-1673.4782226680795,-0.0,716.6721896339691,1193.9462350628385,-0.0,-0.0,-837.4672168219089,-1046.6883639358202,-360.67689780974223,-20.77096110939053,66.72559467569994,-0.0,-1409.1013117218215,-0.0,-282.87848421652495,-1287.0061491900829,1445.9038222920883,-0.0,-0.0,-0.0,955.8687246968142,1058.9085728582224,-862.0970987130362,-0.0,-1486.255296460994,-0.0,-1120.8094755980912,-653.6170036669465,-0.0,-0.0,-0.0,-0.0,-0.0,-58.79968584965497,-0.0,-0.0,-0.0,-1196.1387242869962,-307.1992020372211,-0.0,-0.0,-0.0,-181.13526636272204,-84.33258213409063,-663.1768889560431,-750.9184490364929,-3068.365782928951,-1417.4347166158889,-1166.65052960992,-0.0,-3189.285999665247,-39.69017202657833,-0.0,-1069.4703640031744,-2471.5191249107697,-827.1181849080901,-483.6480392865769,-1161.280988729105,-289.37341024737316,-693.0653841434114,-771.1669137987653,-1146.455480967138,-287.98998942739814,-1795.3412851503117,16.14424791572243,-413.0967567330262,-0.0,-0.0,-828.1808659448037,-3990.806893176985,-0.0,-1157.2762153303554,-535.8253257289871,-0.0,-399.413729187895,-714.6869469073912,-724.6857476533206,-262.5179804896328,-0.0,-0.0,-0.0,-0.0,-0.0,-45.11243178999427,-0.0,-662.0310904915863,-0.0,-0.0,-790.5870642086554,-1160.579434291436,-2830.909318133387,-467.56955758623997,-746.2486622379276,-110.73855654873189,-2026.9328141095596,-0.0,-1027.9724558410603,-588.5742698103851,-512.773448863947,-1415.9759984941372,-982.2137046074006,-1856.9956604991119,17.969246643230317,-495.8329475833814,-0.0,-1175.6048330950678,-1170.6140582812322,-166.34804817005607,4.000047194655544,-2541.725371930618,-1399.2732330759422,-778.2986152319341,-0.0,-642.0814943289187,-752.4485288329441,-563.1892545455634,-2624.55315775697,-3.909954220274455,-0.0,30.793392409204703,-0.0,-0.0,-277.19224391002365,-4117.524349523909,-206.49789485097796,-1541.7254974559653,-4040.3025571510047,-0.0,-4842.875895594191,-259.87739898198413,-2093.763059569219,385.56424498947024,-0.0,1661.3938241712588,-949.6747017908656,-0.0,-2081.4355596010664,-0.0,-71.8785321998161,-43.697594415070874,-0.0,-0.0,-0.0,47.351612038725925,-0.0,-0.0,-0.0,-668.4654319168343,-1499.9072288150307,-719.1740887613107,-0.0,-3683.514585245355,-0.0,-0.0,-0.0,-237.5602336182397,-426.54470258347914,-0.0,-2065.8332488978417,-0.0,-0.0,-3628.617053351946,-0.0,-23.475320693286662,7.974700039186287,-514.8904056940697,-21.062976335694486,-0.0,-0.0,-230.67716753470202,-0.0,-0.0,-1401.5793718324437,-1156.4056070356032,-1681.878792901183,-0.0,-281.0935889157765,176.26206144129063,-385.6642330240488,-15662.00019271546,-0.0,-623.7927282183869,-1371.6357362531342,-607.8368805621988,-0.0,-35.4269358166749,-17.026015536446305,-283.89770717238997,-1108.8704836466782,-0.0,-0.0,-0.0,-506.21700578189956,-2926.3708786841494,-1395.6703184393261,-0.0,-0.0,-0.0,-372.54744118948923,95.77251769656485,-8.454756695300558,-1453.4038426244401,-0.0,-0.0,-1065.4974291382982,-0.0,-0.0,-0.0,-2880.22533996628,-1058.96147069729,-0.0,-1163.3357062750292,-648.369444894003,-264.9853294628894,-748.9972893350943,-1164.2477727611415,103.50218506573195,-1419.5907994539045,-1249.0648074617873,26.02365555294113,-2030.3811800937249,-0.0,-0.0,-0.0,-0.0,-505.41607156549344,-0.0,-0.0,-598.9203828471323,-1109.0978941972955,-768.0344740421283,-0.0,1660.507554910886,1569.3565595510884,1553.581675518682,-0.0,-0.0,-0.0,-887.1018178256052,-44.722101285326744,-792.6145844180846,-83.14080322158439,-726.6221026640677,-1739.7213890226537,-1305.3209227110765,-2127.9041130625315,-0.0,-0.0,-0.0,-0.0,-571.6913878207041,-887.1438927345824,-1841.121657141459,-449.12144710246463,-1443.2903375570036,-2070.001232518223,-2257.1094279887357,-0.0,493.597177984429,-432.52054209618467,-396.7561060670412,-123.76352455401766,-4873.922071267531,-67.03887477488786,-0.0,-937.4344274760462,-1624.6746519388078,-0.0,-74.00970427093355,143.23086291630187,-99.06922152022433,-524.7347223018741,-2439.456668810698,-170.87505080751342,-1732.6950896356007,-0.0,-1961.1633232655224,-1904.2045525166486,-1565.5834008421039,-0.0,-1930.227648453755,-338.5050641861589,-706.1994320408887,-1014.1971732534392,122.5104767773932,-2034.131744224086,-1314.2121244183977,-0.0,-102.24141631716861,-0.0,-0.0,-0.0,-1086.7820765186473,-664.4360039194311,-0.0,-0.0,-0.0,-3898.9873448087733,-2034.9862693090067,-0.0,-0.0,-4.729455291559459,-1835.5732034372595,-997.2752997924182,-0.0,-806.1204488763533,-1465.0196873569325,-610.1109563631753,-24.594079328600724,-942.3534489864649,-9.272793806432778,-1674.9804201006111,-1789.1254243238343,-0.0,-0.0,-46.07159191828333,-0.0,-0.0,-1380.770120477559,-103.26142211904227,-480.141447904851,-0.0,-0.0,-0.0,-791.0165560490942,-350.519875279927,-122.27221402244676,-494.42211832396254,-243.39137299761617,-2135.949324242491,-336.1621217598113,-616.9009226382195,-1401.2908776124652,-0.0,-432.58533747818944,-0.0,-1854.8499320315404,-1591.7115261468837,-1872.881395194206,-467.13405391210836,-310.60081722069697,87.78304020044591,-1022.2755806699621,26.16111079593057,-0.0,-507.63812298873006,-0.0,-0.0,-535.3674006716845,-130.6190965120578,-3030.5113999295363,-3074.031138343543,-546.7441059475885,-0.0,-0.0,-1111.9191608033714,350.8542849940959,-0.0,-0.0,-0.0,-1201.8132887599872,-48.54533297981837,-516.9714241463057,-4049.968787611092,-1571.7503721433332,-1223.1681286460177,-484.26188218279464,-190.6462092344881,-1355.1695769681621,-760.1032095216208,-529.0499859821372,-0.0,-715.0875377704836,-844.4703250635914,-1813.6125267063196,-0.0,4.606254072275027,-13.754168591656178,-0.0,-0.0,-1950.1301342124432,-0.0,-3829.905794331707,-1261.0886275359546,2666.8779832758732,3080.297631844189,-0.0,-0.0,-853.8206528831446,-1157.848760884904,-637.9419788808125,-381.3563751802676,-3352.705003257531,-620.4789886699544,-0.0,-0.0,-0.0,-1333.5157442585844,-711.8976605628287,-174.62058358171757,-2780.1879767230894,-1106.1062207992647,-28.918881984477775,-454.68853923637386,-1140.8156074663127,-356.7155271657741,-571.5952615856247,-0.0,-68.36950784925132,52.59302080361383,-1060.8480292342576,-178.40100594583743,-0.0,72.5072637809823,148.16111383774367,-231.84555406288015,-1484.810342707922,-2490.6897970726736,-66.23506526570083,-987.9629930340158,-1497.6907275563356,-0.0,-0.0,-733.0107004777041,-0.0,-0.0,-0.0,-0.0,-683.1215793496525,-24.658474814824867,-1331.1736563407794,-1266.0383866762108,-2742.10936791561,-1246.1527151197938,-0.0,-636.9057000487427,-0.0,-1714.1903255439584,-1774.7446908153759,-1445.8793164650313,-1077.743124528397,-0.0,-2309.659811303905,-0.0,-0.0,-0.0,-3834.318376712727,-1315.8180309370293,-281.5453875688483,-935.465291086432,-952.0289653025527,-1128.9797191566097,-0.0,-0.0,-0.0,-42.56717855870287,-6483.699264004721,-752.7756364872804,-1985.14328437908,-4447.37156192064,-2432.1328746787535,-459.10539397036007,-0.0,-2091.523527822996,-798.5904232900295,-0.0,-356.32361084884855,-402.8951513126046,-41.06202469958167,-1059.9537563129948,-325.93643777609446,1571.4879793536038,-508.47782733635023,-0.0,-0.0,-1063.1493367619896,-886.0364135968427,-2427.7855140611537,-329.7682170777656,-0.0,-0.0,-702.0662410820971,-0.0,-0.0,-0.0,-0.0,-1461.5112749900516,-668.8711202000258,-1333.941008410522,-562.5643583298049,-4.190797662442192,-829.6107580071082,-0.0,-0.0,-0.0,-0.0,-3066.9536736026134,-0.0,-0.0,-0.0,-0.0,-0.0,-0.0,-859.2949408225721,-0.0,-2971.1366912150283,-527.1835826833375,-216.24745106384134,-1376.5696440599054,-0.0,-0.0,-1449.7073555635318,-1551.3839996060733,-4.660487927184477,-467.19458425405077,-58.86190388542205,-1887.7704221372894,-1041.2388131258128,-0.0,-4158.844036130879,-1391.538783087873,-0.0,-0.0,-18.146029414875198,-446.7539463670557,-1316.2657178823404,-0.0,-0.0,-23.679498897410845,-1761.466488112166,-639.2829354155873,-379.4020172243134,-92.20750628397339,-2057.4156492298384,-0.0,-0.0,-0.0,-0.0,-0.0,-556.7656688527433,-540.157966061944,-645.9483162646893,-4551.609611327629,-1807.1746622701125,-1327.8441251289055,-116.62054568481776,-1056.6307938407049,-1304.0575058594704,8.010893270716014,-0.0,-0.0,-0.0,-691.5099948186934,-444.8465046738663,-1826.2617397419594,-637.754839858126,-0.0,-1874.3046797181437,-0.0,-683.9681766864474,-0.0,-0.0,-2115.866285741969,-662.7481234987106,-606.2528858941255,-1532.564260120578,-147.11619441509467,-13.848190359550314,-829.3774863141687,-1563.1802341433554,-0.0,-480.5147600115946,-1251.5709120805366,-4527.9167241652885,-0.0,-304.95216270040925,-2447.0187086507476,-1649.4383334007146,-1353.7400109787911,-581.7171390993043,-1351.484585786849,-0.0,-380.59774446261844,-0.0,-275.57138179489993,673.9695463859092,-0.0,-0.0,982.8810146705357,-0.0,-2393.835483849343,-820.2523892914052,-1016.1712818880641,-1287.2787408860602,-1582.8458679381029,-410.7249493385178,-158.80131594613866,-0.0,-0.0,-972.7112843649873,-1078.3814361043478,-847.979398801423,-0.0,334.6530137365745,367.57386469890207,-255.51856010872407,-3018.2335531152444,-1947.4892705842603,-0.0,-0.0,-1548.7792155582292,-4468.380789268268,-2937.1047003912126,-561.1091729874722,-1056.6020522749957,-1215.1449530291802,-0.0,-229.68420587650152,-0.0,-786.9381032820685,-242.40069716436182,-2035.7451287740216,-2861.4898428969927,-333.5660777131854,-611.5353862510661,-4844.145012657089,-1335.6575617784874,-612.1600039807028,-303.49622595329294,-1392.207818593917,-754.2311920395671,-4.773369415747847,-1640.251524512746,-1917.1140109286678,-0.0,-0.0,-635.7273940219897,-1381.5983795024729,-371.13185761822535,-4.763736718205385,-0.0,-0.0,-0.0,-0.0,-0.0,-38.24277835620387,-760.5931240099727,733.4732199913121,-484.45362995725975,-805.0091427486252,-601.4924556624701,-1202.495642056811,-1683.6125308820137,-1278.2271339367137,-1974.1264796269593,-311.49420008035,-612.8678167675124,-1686.9952335238902,-694.9453915914779,-0.0,2613.330257939065,-266.817721233698,-77.1474718600241,-0.0,-947.2610377675094,-685.9342387750648,-1455.3968367007815,-2108.3580052356397,-2382.1152003985003,-0.0,-0.0,-0.0,-0.0,-1097.654309985592,-1816.6550046973691,-0.0,-917.0977198821377,-9.234034712035918,-0.0,-0.0,-0.0,-2756.6760819448596,-840.8916996183304,-196.4007506187617,-48.58863554426707,-0.0,-0.0,-1215.9738290994164,-1477.4047858903928,-903.9215703542719,564.7499672992733,30.529568223333715,-0.0,-21.64619472601367,-0.0,-1795.2519541991032,-588.2814453764353,-1518.79039249685,-1923.235074872594,-1784.6788968868484,-44.4972154092334,-0.0,-0.0,-1771.654499819814,-404.9147280519439,-0.0,-0.0,-250.7411645682034,-0.0,-43.88153259774203,-0.0,-1400.3745267428285,-801.7468401162563,-0.0,-87.59506052142834,748.5869970481091,-0.0,-205.94843993361584,-2530.7550282970074,-0.0,-0.0,-752.6122790534257,16.81127899609562,-0.0,-0.0,-891.4725976064825,-1632.7252933145928,-0.0,-893.6169206801112,-0.0,-1417.619802435455,1806.4466218978484,26.413689333622035,-2135.816289042938,-1725.9058106631107,995.0531562706961,-0.0,-2244.525478830984,-924.632243510665,-1098.474768028407,-0.0,-742.3413067563907,-132.50033330533063,838.6319610073249,-409.7581114168832,-1635.4997139212005,-0.0,-0.0,-0.0,-968.093098889512,-663.6957276507851,-861.5290165867796,-1192.1245600750533,-1111.5570404300188,-31.29838101410732,-1203.2125205771945,-1011.2403772610908,-1280.4036114903752,-0.0,-0.0,-582.0765222968902,789.91543991879,-7234.34358666886,-0.0,-1378.7874791505521,-2179.2648685335826,-868.6454315467066,-827.4989459186683,-66.6536365679786,-2548.3052161593473,-370.1006186148793,-0.0,-1113.9441793995247,-1005.1609909044334,-699.6654382390003,-0.0,-1638.7016812592897,-2272.851808903969,-27.615876900018435,-1218.7430925252345,-2549.9184120239743,495.78820354637054,-0.0,-495.0710994698379,-179.3264198712869,-1488.2326444974394,-997.3996891426569,107.16027312486406,-138.93552396178478,-865.539869399237,-542.4450166735207,-608.2938540855889,-718.1223860252759,-553.1201756870399,-0.0,-1450.7368790451758,-0.0,-1313.4108235833564,-821.5882420590908,-185.44699414920984,-0.0,-1964.8532848367981,-5337.136571324732,-0.0,-469.58028344535217,-0.0,-2450.7112121085606,-276.9045671794619,-0.0,-455.90231618071056,-455.64037309683084,-0.0,-2601.1227489253015,-1777.7297393775036,-0.0,-4723.414901640054,-137.7538793784081,-1440.1838256037138,-1503.5977584376146,-1731.1439243657173,-108.56665156031602,-0.0,-1000.5774528420887,-2255.98841324987,-576.0861465318293,-977.1428334411197,-1208.517680292163,-1835.2290093601691,-2552.2085121715872,-869.251698356286,-2234.56441607694,66.29389696887104,-0.0,-338.55358906727156,-1503.6238938068655,-1322.6339777633139,-0.0,-0.0,-0.0,-469.0809130922539,-530.3670892399297,8.497382833761375,-624.2007042089621,-0.0,-1349.106572976408,-823.3751226807964,-644.7802315217982,-0.0,-0.0,-345.29123001845636,-1976.1876332374093,-965.3392601254553,-297.98997714719934,-1026.6054269600847,-39.33831218071868,-0.0,-0.0,-2982.0393063014717,-1281.88964999385,-0.0,-0.0,-0.0,-81.20116686391027,-1008.2992470536645,-52.947481619117994,-1824.1143663016182,-1663.2730165250837,122.73202372500053,-0.0,-680.0307835940035,-0.0,759.2736610059875,-139.3692197075656,-0.0,-1763.064212281268,-350.558901574574,-2172.605643629491,-0.0,-1777.6465981912286,-699.7378468772287,-212.74186105074673,-13.229670906521326,-36.73483194285715,-0.0,-0.0,-826.6295412479221,-1369.0348202166872,-0.0,-649.8128727953765,-0.0,-398.7212517929694,-598.863451352669,-0.0,142.1908289293652,742.1067428458683,851.9597582097368,918.9201376387285,904.41349763588,835.2347938221516,-0.0,-0.0,-0.0,-0.0,-0.0,77.90463134628077,-0.0,-0.0,-679.6415865763187,-175.51554854945195,-493.28007453261336,-85.49753905108619,-0.0,-1195.8748110666293,-1601.6933367755514,-2200.3354370671627,-258.87442444602135,-210.95288149342613,-0.0,-0.0,-654.8660693858673,-0.0,-0.0,-0.0,-0.0,-2896.215109771542,-0.0,-44.302016316127904,929.7456492456383,-0.0,-1104.7093505120138,-651.178746454199,1571.7126319421784,-1045.1515709376554,-0.0,-3156.4202793868617,-2425.610046347952,-211.40227030605277,-852.251650109458,-1304.8468053991917,-574.9737310534686,1268.5599310752034,-89.63144180261504,-629.891478550231,-0.0,-0.0,-508.0613611944339,-0.0,-928.9507535772862,-0.0,-483.1720174396971,-40.056980945378896,-0.0,-0.0,-1231.0210207515943,-0.0,-0.0,-598.8148643107609,-1262.083133128454,-2180.7962528236962,-0.0,-0.0,-0.0,-1942.387897091281,-0.0,-1106.8828281829656,21.43249892780405,-0.0,-0.0,-1227.2956200586978,-1074.8590704561252,-1320.433406487186,-436.9009131876432,-0.0,-1460.8930902851523,-302.78129610428664,-0.0,-0.0,4.393861631561883,-42.353143131069174,-4802.193702878369,-0.0,-130.19928922398933,-29.059253139205733,455.78573414290247,-82.55446374126593,-1073.3841858614505,-982.8329643529833,-498.3071835475429,-0.0,-0.0,-1998.1247596662129,-0.0,-0.0,-0.0,-0.0,-0.0,-0.0,-0.0,-155.52672422261116,-0.0,-0.0,-1946.9283257345226,-7234.9524015091865,-139.94283976124328,39.94639046666273,-405.0805984633511,-752.3448880090307,-123.74063095959323,-4491.039316404779,-251.84373468863828,-330.45891437502803,-0.0,-0.0,-0.0,-1822.3481436811524,-0.0,-40.113126147673555,-0.0,-0.0,-0.0,-498.0571199509317,-12.620054309419348,-258.609759476229,-1367.9291580205222,-685.262608658199,-75.79639931868537,-2598.0710328939567,-0.0,-86.09861778854906,-2427.84694403276,-0.0,-1383.0952539274745,-87.21203467932037,-1545.2463094556695,-0.0,-0.0,-1105.3483428412728,-707.8352805505717,-37.145973344516015,-991.7456537081048,-972.4040116174893,-763.3977319496465,-165.24146814970354,-816.1565519032728,-778.7251534177578,-2386.422441886316,-1011.6107918419311,-0.0,-1634.4018187511808,-421.8639736173057,-687.2231996118594,-0.0,-0.0,-1173.1572606315046,-2507.9932027110403,-969.4170546357777,-0.0,-0.0,-0.0,-4007.841566061509,-921.3764363073291,-181.99537750914567,-366.27564227334216,-40.51941687847611,-4044.9177433637924,-0.0,-0.0,-2513.240353980542,-919.4757978064858,-0.0,-0.0,-0.0,-84.12983821996657,-0.0,-1979.6173044079178,-1900.1193545741064,-0.0,-372.8573956934479,228.5331815841074,-0.0,-0.0,-0.0,-1165.9374071353845,24.81333852641063,-2650.0940223351404,-693.3380875637673,-1277.8764113740333,-814.3156676183397,-3439.259209890768,-1806.4820036835386,240.33041530941296,-0.0,-3162.2012319812984,-0.0,-0.0,-0.0,-1341.3264549734636,-764.135885189029,-1909.6267847209851,-0.0,-0.0,-887.1417180878686,-1601.0141150516818,-687.3361710628022,-550.9387725298673,-0.0,-0.0,-1295.381435946222,-0.0,-0.0,-0.0,-0.0,-0.0,-0.0,-586.3987588944392,-81.74979718296073,-1648.1302673346645,-0.0,-737.9421954271111,-1307.336059321504,-36.842687895740475,-0.0,-0.0,-0.0,-0.0,-0.0,-0.0,-0.0,-0.0,-0.0,-0.0,-1324.6699086432736,-1860.265828721115,-0.0,341.66826228427027,-0.0,-695.2006019728649,-103.57626501580158,-0.0,-924.9380602401769,-418.3925980822248,-104.1852867323136,-2041.1220741797865,-528.0601291374364,-2808.0675741521572,-182.43066395253442,-2265.7286303401215,-1775.1678579481165,-931.5052933934967,-4.539505656029185,-0.0,-1232.9908354459558,-2189.4492697502396,-2421.2113080897348,-90.9314036605551,-237.56890923526234,-1938.003570112948,-0.0,-2346.5473588599903,-380.1410635657335,-0.0,-1870.1861017910815,-0.0,-959.6218350548094,-0.0,-2944.2486301061876,-0.0,-0.0,-83.05060482705468,-1126.1921822047632,-520.6766778876374,-0.0,-1430.7001079678657,80.85838351254284,338.493174107779,379.0352620699504,-297.37998361310355,-1778.4895269776093,-609.5110757854756,-0.0,-0.0,-5954.765223166799,-1188.3481016660674,-0.0,476.2175903412906,-0.0,-2117.02816067602,-531.034239233097,-687.8110469156148,-0.0,-0.0,642.0455241584559,-0.0,-1008.9791536218144,-1303.5783136521945,-1975.6155860574056,-0.0,-712.905770355391,-3071.8032129134695,-1019.293805468637,-0.0,-1440.4521924263088,-152.0229755376176,-1222.8337058621357,-0.0,-911.430837591702,-0.0,-0.0,-0.0,-925.9208575672418,-0.0,586.9357332973854,-0.0,-385.92899323209394,-793.5263068564725,-490.9026782393734,-1171.189436730725,-601.2760560046659,-2196.756452932388,-1307.9006482122984,-0.0,728.856888310899,-2525.172341525621,-1780.6665900770843,-717.4910848908416,-0.0,-0.0,-0.0,-154.96870380413728,-1280.9844871554858,-312.26516435773783,-996.0596476230745,-2143.4954608571743,-2715.514856982599,172.17730687978974,903.067291742579,771.46424853699,-0.0,-0.0,128.0923418627362,-34.1589576515293,11294.904138348085,10516.162227203471,5517.490675649187,10491.772380771106,11224.31659748677,11554.853034549868,-0.0,-0.0,-0.0,-0.0,-0.0,-1467.5726312680395,-1300.1927395520468,-861.7392560565207,-0.0,-2867.450636022993,-679.4216065949765,-1221.6535958644997,-32.979233446997476,-915.367682107734,-1325.9817500670813,-1117.7277998920745,-1350.6681964844777,-0.0,-2771.6631143999393,-1898.2367496908628,-827.1634131902684,-129.1458303845561,-3639.960469126917,-0.0,-254.26470114935157,-0.0,-12.25452082214756,-0.0,-142.5430622797766,-314.18280157128635,-1082.325036920408,-903.0215220091887,-0.0,-0.0,-0.0,-2501.5906654159458,-0.0,-0.0,-283.0855979758859,-1069.8219046801935,-975.0592167245858,-97.89755550105079,-1255.9424848010979,-2038.4388965558192,-360.83888475205384,-0.0,-0.0,-131.71924691781578,-1251.1378393805255,-369.62493044804256,-0.0,-5710.561371248785,263.7499219042654,-0.0,-0.0,-0.0,-33.6082637108431,-452.37070423953526,-0.0,-0.0,-1301.0434729181088,-2188.1549736622887,-1447.7634515259804,-425.5338065334032,-430.04097066695033,-446.80344941649605,628.6064001923376,-1367.140000109388,-0.0,-577.7912313417587,-2896.1976239143064,-604.7770523252767,-8.493416643039664,-0.0,-5.631187849070304,-0.0,-0.0,-0.0,-1238.7819629003257,-453.06419539873184,-1620.4753929043582,-0.0,-0.0,-0.0,-260.5189421927008,-638.1431066901739,-1588.8366760188312,-3522.699065371228,-362.89362058974666,-223.08152729125908,-0.0,924.524213188702,-0.0,-1277.0479366697914,-180.31073238664968,-0.0,-0.0,1130.4314094344038,-0.0,-1851.5160954458368,-0.0,-0.0,-0.0,-221.61432734118483,-2243.7152993332056,-1884.764836655327,-32.484630563855795,-2677.383099991009,-1557.0027774428127,-27.562196965659002,-29.718943935050337,-75.41703285746203,-0.0,-0.0,-2165.2754859120564,-0.0,-6201.811130023121,-0.0,-1417.6385401272414,-278.06707246811567,164.98932643645654,-0.0,-61.629319667209586,-1363.606958060889,-1692.4187567677839,-603.3429838121799,-35.652926188313856,-270.61965159140334,-0.0,-0.0,-0.0,-0.0,-1203.0653003779173,-928.8021032692978,-0.0,-629.9087148848372,-1352.5873316126417,-196.2475069099242,-87.18981922180447,-0.0,-0.0,-0.0,1178.2698760348364,-4.024837152386348,-0.0,-613.7121521854101,-940.4189589912954,-1508.245840303979,-0.0,-0.0,-2203.414077955862,-0.0,-0.0,-0.0,-0.0,-719.6982577495269,1068.7109540079446,1193.210363177689,1304.9503463591739,-0.0,-0.0,-0.0,-638.4454946271776,-0.0,-0.0,-402.19754571155676,-668.6867593646288,-0.0,-234.6704889002508,-1442.745966798262,-1337.2799687936188,-0.0,-0.0,-0.0,-12.626331106256455,-1636.294918288715,-4.682078730863439,460.22672272775554,-0.0,-1769.6597185097226,-827.211468038413,-571.1821247999833,-2037.9800504157322,96.42202764442418,-315.9468970383355,-20.09736564375829,-462.12976210586953,-400.2190926760498,-1063.6068200152738,-380.9807357205617,943.3636996934844,-1561.4120381122048,-245.70042437449925,-184.83704036278223,-4186.221954344921,-3079.081792989026,689.3888631336839,-1062.7185366031515,-220.02897194604208,9.091317629247328,-881.0207758003393,-1253.842442460206,1925.8723777915902,-658.3936026045898,-733.3066538852261,-752.1886180752012,-0.0,-7445.774440700077,-0.0,-502.95907935707976,-944.015815039289,-670.6186497266135,-1008.2083013563507,-1239.9545726243614,-0.0,-1122.8732392573156,-176.92347434566656,-91.22520413666534,-6819.296470191639,641.4847236748254,-215.00218250773813,-0.0,-595.4206026392256,-1374.6302533512817,-0.0,-0.0,-509.04136631080604,-1651.492858304222,-91.26141914299082,-245.70291841821103,-293.4464064835615,-1156.6149454076117,-0.0,-0.0,56.643975165463786,-0.0,-0.0,-1906.4884582003485,-0.0,-1817.9712058682055,-954.1778370455909,-1301.6279022227463,-0.0,-0.0,-533.8911605656592,-942.3830362529357,-149.742428932804,-0.0,-489.40286901656407,-161.18725521877155,-558.3222643082247,-0.0,-209.98568622887734,-527.4868013639535,-2345.6222895595615,-1037.7887872443628,-1781.2313978507032,-0.0,-0.0,-1491.4621098459515,-22.727191036378052,-0.0,-0.0,-1216.9938337975434,-0.0,-0.0,-0.0,-0.0,-0.0,-0.0,-0.0,-0.0,-0.0,-0.0,-106.89239791429652,-0.0,-0.0,-0.0,-0.0,-0.0,-0.0,-0.0,-0.0,-0.0,-0.0,-0.0,-363.0916521997776,-0.0,-0.0,-0.0,-0.0,-0.0,-0.0,-0.0,-0.0,-0.0,-0.0,-0.0,-0.0,-0.0,-0.0,-0.0,-0.0,-0.0,-0.0,-0.0,-0.0,-0.0,-0.0,-0.0,-0.0,-0.0,-0.0,-0.0,-0.0,-534.2611125686232,-0.0,-0.0,-0.0,-0.0,-0.0,-0.0,-0.0,-0.0,-0.0,-0.0,-0.0,-0.0,-0.0,-0.0,-0.0,-0.0,-0.0,-0.0,-0.0,-0.0,-0.0,-0.0,-0.0,-0.0,-0.0,-0.0,-0.0,-0.0,-0.0,-0.0,-0.0,-0.0,-0.0,-0.0,-0.0,-0.0,-0.0,-0.0,-0.0,-0.0,-0.0,-0.0,-0.0,-1422.6393647908635,-558.904457799658,-1820.026056470357,-0.0,-0.0,-0.0,-0.0,-0.0,-0.0,-0.0,-0.0,-0.0,-0.0,-0.0,-0.0,-0.0,-0.0,-0.0,-0.0,-0.0,-0.0,-0.0,-0.0,-0.0,-0.0,592.0819044230258,-0.0,-0.0,-0.0,-0.0,-0.0,-0.0,-0.0,-0.0,-0.0,-0.0,881.8795585567411,-0.0,-0.0,-0.0,-0.0,-0.0,-0.0,-263.79025691559696,-0.0,-0.0,-0.0,-0.0,-0.0,-0.0,-0.0,-0.0,-0.0,-0.0,-0.0,-0.0,-0.0,-0.0,-0.0,-0.0,-0.0,-0.0,-0.0,-0.0,-0.0,-0.0,-0.0,-0.0,-0.0,-0.0,-0.0,-1164.161258851319,-0.0,-0.0,-0.0,-0.0,-0.0,-0.0,-0.0,-0.0,-0.0,-0.0,-0.0,-0.0,-0.0,-0.0,-0.0,-0.0,-0.0,-0.0,-0.0,-0.0,-0.0,-0.0,-0.0,-0.0,-0.0,-0.0,-0.0,-0.0,-0.0,-0.0,-0.0,-0.0,-0.0,-0.0,-0.0,-0.0,-0.0,-0.0,-0.0,-0.0,-0.0,-0.0,-0.0,-0.0,-0.0,-0.0,-0.0,-0.0,-800.6943700873564,-0.0,-0.0,-0.0,-0.0,-0.0,-0.0,-0.0,-0.0,-0.0,-0.0,-0.0,-0.0,-0.0,-0.0,-533.7891925088234,-0.0,-0.0,-263.8902980828332,-0.0,-0.0,-0.0,-0.0,-0.0,-0.0,370.076275479951,-0.0,842.4590812317792,-0.0,-0.0,-0.0,-0.0,-0.0,-0.0,-0.0,-0.0,-0.0,-0.0,-0.0,-0.0,-0.0,-0.0,-0.0,-0.0,-0.0,-0.0,-0.0,-0.0,-0.0,-0.0,-0.0,-0.0,-0.0,-0.0,-0.0,-0.0,-0.0,-0.0,-0.0,-0.0,-139.798655732388,-0.0,-0.0,-0.0,-0.0,-0.0,-0.0,-0.0,-0.0,-0.0,-0.0,-0.0,-0.0,-0.0,-0.0,-0.0,-0.0,-0.0,-0.0,-0.0,-0.0,-0.0,-0.0,-0.0,-0.0,-0.0,-922.5809169071989,-0.0,-0.0,-0.0,-0.0,-0.0,-0.0,-0.0,-0.0,-0.0,-0.0,-0.0,-0.0,-0.0,-0.0,-0.0,-0.0,-0.0,-0.0,-0.0,-0.0,-0.0,-0.0,-0.0,-0.0,-0.0,-0.0,-0.0,-0.0,-0.0,-0.0,-0.0,-0.0,-0.0,-0.0,-0.0,1448.6603160880327,-0.0,-396.97831987820604,-0.0,-0.0,-0.0,-0.0,-0.0,-0.0,-0.0,-0.0,-0.0,-0.0,-0.0,-0.0,-0.0,-0.0,-0.0,-0.0,-0.0,-0.0,-0.0,-0.0,-0.0,-0.0,-0.0,-0.0,-0.0,-0.0,-0.0,-0.0,-0.0,-0.0,241.00457795506028,-0.0,2287.9368820563304,-0.0,-0.0,-0.0,-0.0,-0.0,-0.0,-0.0,-0.0,-0.0,-0.0,-0.0,-0.0,-0.0,-0.0,-0.0,-0.0,-0.0,-0.0,-0.0,-0.0,-0.0,-0.0,-0.0,-0.0,-0.0,-0.0,-0.0,-0.0,-0.0,-0.0,-0.0,-0.0,-0.0,-0.0,-0.0,-0.0,-0.0,-0.0,-2436.187606366247,-1558.936527348398,-0.0,-0.0,-0.0,-0.0,-0.0,-0.0,-0.0,-0.0,-0.0,-0.0,-0.0,-0.0,-0.0,-0.0,-0.0,-0.0,-0.0,-0.0,-0.0,-0.0,-0.0,-0.0,-0.0,-0.0,-0.0,-0.0,-0.0,-0.0,-0.0,-0.0,-0.0,-0.0,44.90389621374405,-0.0,-0.0,-0.0,-0.0,-0.0,-0.0,-0.0,-0.0,-0.0,-0.0,-0.0,-0.0,-0.0,-0.0,-0.0,-0.0,-0.0,-0.0,750.2168435427513,-0.0,-0.0,-0.0,-0.0,-0.0,-0.0,-0.0,-0.0,-481.85832386520894,-0.0,-0.0,-0.0,-0.0,-0.0,-0.0,-0.0,-792.734015601421,-0.0,-0.0,-0.0,-0.0,-0.0,-0.0,-0.0,2373.2866146148576,-0.0,-0.0,-0.0,-0.0,-0.0,-0.0,-0.0,-0.0,-0.0,-0.0,-0.0,-777.924708267191,-0.0,-0.0,-0.0,-0.0,-0.0,-0.0,-0.0,-0.0,-0.0,-0.0,-0.0,-0.0,-0.0,-0.0,-0.0,-0.0,-0.0,-0.0,-0.0,-0.0,-0.0,-0.0,-0.0,-0.0,-0.0,-0.0,-0.0,-0.0,-0.0,-0.0,-0.0,86.47323435563092,-0.0,-0.0,-0.0,-0.0,-0.0,-0.0,-0.0,-0.0,650.0722955148257,-0.0,-0.0,-0.0,-0.0,-0.0,-0.0,-0.0,-393.079952626054,-0.0,-0.0,-0.0,-0.0,-0.0,-0.0,-0.0,-0.0,-0.0,-79.61807136235805,-0.0,-0.0,-0.0,-0.0,-0.0,-0.0,-0.0,-0.0,-0.0,-0.0,-0.0,-0.0,-0.0,-0.0,-0.0,-0.0,-0.0,-0.0,-0.0,-0.0,-0.0,-0.0,-0.0,-0.0,-0.0,-0.0,-0.0,-2152.314447336443,-0.0,-0.0,-0.0,-0.0,-0.0,-80.44903699022198,-0.0,-0.0,-0.0,-0.0,-0.0,-0.0,-0.0,-0.0,-0.0,-0.0,-0.0,-0.0,-0.0,-0.0,-0.0,-0.0,-0.0,-0.0,-0.0,-0.0,-0.0,-0.0,-0.0,-0.0,-0.0,-0.0,-0.0,-0.0,-0.0,-0.0,-0.0,-0.0,-0.0,-0.0,-0.0,-0.0,-0.0,-0.0,-0.0,-0.0,-0.0,-0.0,-0.0,-0.0,-0.0,-0.0,-0.0,-0.0,-0.0,-0.0,-0.0,-0.0,-0.0,-0.0,-0.0,-0.0,-0.0,-0.0,-0.0,-0.0,-0.0,-0.0,-0.0,-0.0,-0.0,-0.0,-0.0,-0.0,-0.0,-0.0,-0.0,-0.0,-0.0,-0.0,-0.0,-1622.5519839167837,-0.0,-0.0,-0.0,-0.0,-0.0,-0.0,-0.0,-0.0,-0.0,-2024.466444368456,-0.0,-0.0,-0.0,-0.0,-0.0,-0.0,-0.0,-0.0,-0.0,-176.47684460607456,-0.0,-0.0,-0.0,-0.0,-0.0,-0.0,-0.0,-0.0,-0.0,-0.0,-0.0,-0.0,-0.0,-0.0,-0.0,-0.0,-0.0,-0.0,-0.0,-0.0,-0.0,-0.0,-0.0,-0.0,-0.0,451.89557533889393,-0.0,-0.0,-0.0,-0.0,-172.29453599150443,-0.0,-0.0,-0.0,-0.0,-0.0,-0.0,-0.0,-0.0,-0.0,-0.0,-0.0,-0.0,-0.0,-0.0,-0.0,-0.0,-0.0,-0.0,-0.0,-0.0,-0.0,-0.0,-0.0,-0.0,-0.0,-0.0,-0.0,-0.0,-0.0,-0.0,-0.0,-0.0,-0.0,-0.0,-0.0,-0.0,-0.0,-0.0,-0.0,-0.0,-0.0,-0.0,-0.0,-0.0,-0.0,-0.0,-0.0,-0.0,-0.0,-0.0,-0.0,-0.0,-0.0,-0.0,-0.0,-0.0,-0.0,-0.0,-0.0,-0.0,-0.0,-0.0,-0.0,-0.0,-0.0,-0.0,-0.0,-0.0,-0.0,-0.0,-0.0,-0.0,-0.0,-0.0,-0.0,-0.0,-0.0,-0.0,-0.0,-0.0,-0.0,-0.0,-0.0,-0.0,-0.0,-0.0,-0.0,-0.0,-0.0,-0.0,-0.0,-0.0,-0.0,-0.0,-0.0,-0.0,-0.0,-0.0,-0.0,-0.0,-0.0,-0.0,-0.0,-0.0,-0.0,-0.0,-0.0,-0.0,-0.0,-0.0,-0.0,-0.0,-0.0,-0.0,-0.0,-0.0,-0.0,-0.0,-0.0,-0.0,-0.0,-0.0,-0.0,-0.0,-0.0,-0.0,-0.0,-0.0,-0.0,-0.0,-0.0,-0.0,-0.0,-0.0,-0.0,-0.0,-0.0,-0.0,-0.0,-0.0,-5680.309783094701,-55.22224514724021,38273.37322832047,-3835.8480173259427,-4775.834533276714,77689.07019308719,-0.0,-7074.718935519438,940.6893243793237,2249.657118541765,-25848.891307558875,-0.0,-4997.106007436409,-0.0,-0.0,35970.88139964885,-11853.183505467696,4067.553556345247,6716.993740019058,-4815.335836192656,-29040.64741587043,-9379.156160705272,54.87902517113844,-96.25236363559392,-6584.523572714411,-0.0,-14155.905567591024,-19677.66673649895,16624.327218870694,-614.802682927782,8.512460321635116,50165.55539044862,-3397.382795160912,-127634.36106785505,-3021.3236748359,-24529.606760153827,-20424.903318789093,-6790.375353167438,-6580.395888566873,-15846.43405270101,13563.023282068456,-2648.592799990348,-4451.392371726301,-3973.880621107471,-12061.237135393538,8887.145236779335,40704.12439896881,-1084.0102867503815,75.04074146681141,23045.193771277147,5745.612847120972,-600.7064308113298,15847.968213197893,8894.30739818975,-6196.916635724534,-7866.769037220677,-4165.028570132031,377.86179198315426,-0.0,-0.0,-288.4585143575865,-8774.298510722674,-3755.232967693453,-3286.688255017365,-1880.3877046752302,-4978.249855543379,11826.719647906117,3943.086020487337,-9031.09618759485,21516.250979592285,-21705.67016398707,-37398.19905569725,74541.51654589854,-24735.163272665923,-9993.388066378453,-2362.3371443297992,-3996.735985567104,-6519.031106968363,-5089.995510483918,-35650.07295565967,-0.0,-14660.249855405718,-0.0,3287.438009191276,-0.0,-0.0,-15217.718081910594,-1311.8706589538224,-0.0,-0.0,4320.131803390424,-0.0,-0.0,-0.0,-7570.707098593746,-4959.896526570073,-8003.678973973285,-7934.143073181165,8425.70897676877,-0.0,-31989.917163452166,50229.00078727364,-0.0,-0.0,-21850.71075917108,-11320.755619390235,202.83289559713594,54.74897488508522,-0.0,58455.95388850339,-0.0,-0.0,-0.0,-0.0,57150.661205526296,-1115.638034667087,-0.0,-12070.193651769468,-0.0,-6623.070916000127,-1440.4766271072976,-3510.8272921193457,-17165.434122993018,13508.71832609226,-1603.5472759237211,-10088.247699679629,-0.0,-0.0,-5423.432221333333,-7496.261867614607,-11210.641415280523,62671.07389427887,-0.0,-193.6604344222736,13953.191566500142,3508.0580627796635,-2135.3382702823446,751.3523432662171,5735.446457031151,-4018.205518213054,-88.23815742962135,-19362.26938086798,478.6653799116887,14617.72874279349,-870.3082933500915,13769.122099729128,54485.509385298115,3345.6396244573043,-72.58170176910077,10146.137579963857,-2243.568229907242,-8364.611436455296,-11018.248329210619,-15894.951298941882,-0.0,7050.734243886005,21578.405683533852,23427.03632813369,-10532.106745806566,8007.709874519294,9569.697471444597,-8833.574682906847,17352.874307551087,-15472.567678946,-0.0,4956.556287980884,-13193.782359187502,-17187.02370639341,-9337.913412510186,27565.56513295832,3447.035207681501,-0.0,-6606.397300371264,-0.0,-2987.7041874346396,104.87698549833225,-4374.431215215847,-0.0,222.44654525687855,-265.4115499994096,-23660.720199976946,-13764.314318693152,23810.035034589204,-7478.880560817406,3827.4637646602528,6122.446075150099,-7071.542584755724,-5729.115425237134,-12489.4138076742,-0.0,-2297.0461810013558,-1934.1404114229274,-0.0,1379.4348887033452,-395.12209271646424,-0.0,-0.0,-15824.751127420324,-3866.238762591947,3216.7035079618104,-5246.661095932835,-0.0,-0.0,-0.0,59683.94295732277,21872.278170194462,-0.0,109.60156484983857,13098.964105814357,-0.0,-4675.991920711643,-2615.0671429424833,-0.0,-4712.626552990689,-9864.027112588032,129740.05260534174,-13058.2288654423,-9466.48448347593,-36295.65474091771,-0.0,1583.4820870988135,3194.7737301334446,-10549.581255400775,32167.68697006777,-8782.589300491292,-42885.60418362868,-15378.638771004611,-9911.767116707242,-0.0,1329.037244511378,-5213.4577657129885,25919.559878149634,-168.18043699356167,-462.601608615867,-11638.284400690518,-9965.819150525434,31997.949837915698,-0.0,-2308.8393789400166,756.456922349375,-0.0,-0.0,-0.0,-0.0,-0.0,-0.0,-0.0,-0.0,-0.0,-0.0,-0.0,-0.0,-0.0,-0.0,-2287.875187479204,-0.0,-0.0,3683.6932016071223,-15760.10388198414,-748.5744803344348,-11125.677095837977,26833.95390582085,8708.048667594263,-4203.201434357773,3695.50609298293,47439.01439872597,-0.0,-0.0,-4512.170570593179,3459.575504166941,-7289.139003205999,-9049.606864041749,-0.0,-39.74380838610939,10771.453356219372,-4872.532127436049,-2893.6490796328326,3901.642155354952,-27027.908336444238,32738.064860826642,-6187.45598496775,-1081.4756430519437,14626.718803049724,-0.0,-0.0,-0.0,-0.0,-0.0,-0.0,853.9233252620293,49683.21809422262,-10803.709294263455,-11816.159709888221,-9570.737079065802,-0.0,-9739.05584024141,-13999.3305983901,-0.0,-0.0,-0.0,491.2887174382492,449.1851934258682,728.2451903053043,2679.0061197771056,-0.0,4235.912370707778,899.4164436388587,926.2804912993023,891.4839362513676,775.5424644882892,3030.617954343814,1715.0401068083352,2914.691816841639,2622.4196312700624,2857.8117789417233,3084.9262977499784,39179.988732659476,36964.05388181868,43495.41368604704,40459.97986360306,10025.84018354901,9005.9302364746,9253.674301719357,10412.378984493394,5049.9113353192115,2145.9465455739687,2230.1735681570294,2318.3329512367336,2221.0421212914252,2338.321687435287,4895.094453210309,4598.532665195494,1572.0667027626348,1316.958286130488,675.4494202375218,431.39006036111454,543.7070561867025,36028.91320040092,34897.631201357835,38972.40085987732,34573.60841043522,60812.60010224191,57512.84223823013,1385.2778725945811,1251.4050916917404,1376.8995117502654,1322.5768332533437,1288.8690566413793,1343.6584053429694,693.6859083491103,60721.32026758482,54146.82603157581,53610.15794888183,2927.8972788588258,2795.5450863977685,3018.080990171255,-0.0,8759.563463771488,9373.09571730533,40641.96385418893,35317.763712336426,41489.89141280136,63153.918116960536,61845.01158390925,70473.09508280664,60595.82926215982,2904.7752556743276,2503.112239497673,5375.065387744215,-0.0,20659.83232918789,23404.544424812637,-0.0,1636.7771815773303,1592.7307138329938,1602.799190944494,1556.5708953160251,1553.7668670221403,1574.9281623749216,40894.01542166987,41140.86356438213,38301.29333574298,35013.59817618286,1245.1753643278382,1353.5111873097223,-0.0,-0.0,15804.61991187157,39691.792136343334,34706.01867588873,38697.3577500931,41844.55708345149,-0.0,57838.0463471971,53813.055751635526,1100.506016232815,2443.218825625063,2337.0613482032168,2499.0000351755716,2610.22637094002,2640.9671859987275,61668.4184660897,59288.78433777786,-0.0,-0.0,17062.723623088797,1137.1829295602238,38568.2230200268,40448.70420199716,35864.14422880125,37342.87172124177,40872.01283733816,33734.04126424208,-0.0,16967.351965750695,10589.208073024723,-0.0,-0.0,1447.5166369729204,1545.897935776472,798.2864561390545,889.771596799796,459.88832105767466,466.18194288015366,-0.0,1098.1653675386603,1096.5772463573448,1168.643291823676,1344.419339591837,-0.0,1714.5997861132737,1671.6169220749139,1984.6880109609547,2581.2531358840984,2555.556221075736,2346.0167883413847,825.4546590761543,930.6348504917388,917.6412677853776,1521.8510125639946,979.9484537848635,1057.3388938189635,1079.3133348365598,994.6838295392405,8792.507258330248,8785.316988207844,282.18359456370473,277.53442254817384,3735.400340893155,15150.057569346016,1520.950541285752,1624.4005468184919,-0.0,-0.0,9290.01499230098,9297.204902066322,9163.606185579109,8010.689329193688,2138.2925957934804,2118.114062251712,37487.82468838102,34331.873088172106,10042.652134510505,7475.178176030008,-0.0,54381.98141648912,2067.2776891726826,2443.690430737818,1103.9301096789043,58111.454031048066,58433.279873138505,62082.215519992336,51525.202160795394,219.99304746384507,60796.63708019723,55074.037719717155,-0.0,-0.0,25157.016128870808,-0.0,1267.225781553204,1086.3140014758417,1106.9006355830202,2366.940496056012,10013.226340573985,18737.14862946268,1953.6683366246675,1886.97022126415,25.60215812930418,730.3184470246711,739.9803908058719,17542.63166661482,1530.015605145664,-0.0,-0.0,-0.0,1110.1441350727437,-0.0,1161.2543887261602,-0.0,6500.329359786488,6598.675785950667,5932.629263434585,6137.219142552642,927.752135755714,-0.0,897.5992065520832,-0.0,-0.0,1019.864559582862,1075.2552583540087,1116.3987309203499,943.8625815095966,834.4308174523288,780.7407690547926,1827.1917877124292,1744.999206131255,1680.1949136884173,-0.0,3221.2601685864292,2820.910340830355,3300.4438788581415,3155.407195917851,5045.241807756583,52272.27916702835,54823.75098682968,10927.882627246412,22251.237081842817,15928.590497024376,19136.952987955658,1764.672573103038,2125.901715391586,974.0461802362672,895.3948036374494,2332.590397750364,-0.0,40937.97470046357,35394.86534100254,1498.0066617318048,1212.9825157613536,1295.2022823239352,5792.102540506383,3289.0748373670626,3102.235562148634,36239.19309355928,34283.24546070865,38132.04367434832,44166.98831743646,-0.0,-0.0,-0.0,2404.990256065999,2565.650839533999,2661.410490073405,9624.252864989288,9201.311509793642,6664.365835114881,2475.2101015893445,2619.7718112657726
23,-0.0,-0.0,-603.742755826465,-2093.7954508473654,-531.4171825260389,-503.4657331876752,-99.33346869313378,-616.0148190638458,-583.4481230618227,-0.0,-1302.5198637677202,-0.0,-0.0,-2660.0303777122754,-0.0,-555.6217389436891,-445.47028246886026,-0.0,-44.69927759893823,-240.38274255266154,-303.89283573978275,-693.9392399872005,-886.6664056642182,-729.4869061050953,-2135.5488256426097,-626.2290505291628,-0.0,-40.666942573809706,-2872.0686011614307,-1778.694602179503,-0.0,-0.0,-0.0,-0.0,-0.0,-0.0,112.12124078579244,-205.74584657254658,-1805.9424285885798,-1540.1881983219241,-0.0,-0.0,-136.19647244117076,-531.3353799631267,-167.2638870497761,-0.0,688.0677786990171,-1803.3526010119958,-397.4876783268923,-0.0,-0.0,-271.08884892562554,-0.0,-11.450054604729306,-2109.779883329664,-2860.0828841063644,204.8721258384748,-5856.989520708278,-217.38413560871024,-0.0,-1837.2819295186885,-0.0,-676.4399125758598,-3038.291400277235,-500.4848409897058,-499.7503591308624,-42.46457430648525,-2151.6356674035796,-888.4914449562291,-456.2892068683563,-2836.5862565937264,-0.0,-0.0,-2645.0912884087384,-1018.7968833557362,-229.02434632379038,-1763.5032689712377,-0.0,-0.0,-1342.7642801396603,-1442.9921142744954,-505.6195240885581,-3495.323241105478,3.992750131954248,-26.776037915236852,-2122.703917239448,-0.0,-613.4221165409693,-989.9533655519713,-7.576220252573382,-0.0,-1338.2602959597766,-85.24363426832333,-801.5895260945407,-2153.243622877571,-41.00629315368729,-2583.9728236281503,-427.01816614906716,-1418.4998475887758,-2817.045919698665,-716.900589229569,679.1367521609525,-555.6236892520116,-0.0,-1399.0478500391894,-2352.921803247112,-4700.833564771256,-468.1891220784481,-3084.4811250467637,-0.0,-1648.2276390541335,-0.0,-0.0,-550.9716367977264,-0.0,-0.0,-669.0497379715596,-82.69937841996148,-1527.0276293699496,-925.2210387261022,-826.1174753302738,239.92444639513158,-467.1099132113985,-310.86035311592906,-216.3899468691336,-8.289868338223197,-553.0124818189107,-623.0378863059342,-773.5090809924033,-0.0,-4976.626217506376,127.63179345070876,-110.69163088854317,-4497.021489922519,-0.0,-1062.3108782441564,-65.42737109395546,-0.0,-325.8004936146896,-0.0,-0.0,-861.8675853683576,-0.0,-717.284646001926,-927.8482418705664,-0.0,-1125.6236421737533,-291.4055217299267,-646.1394754307802,-2179.500063544872,-0.0,-1720.1294981771157,-1210.7300264614598,-0.0,-0.0,-0.0,-0.0,692.7567064079478,-0.0,-1662.654026509681,-1774.0514287838682,11.532627343438989,-0.0,-0.0,-700.5550891327944,-555.0721712091837,-779.9233434677028,-0.0,-446.57775378025235,-3113.280742812445,-1079.5000056420547,-0.0,-1240.3937457259942,-2548.87411422997,-0.0,-0.0,-0.0,-0.0,-0.0,-0.0,-516.0286280766765,-631.1315875029748,-241.55696393509527,-205.34749916478313,-1389.1316830653814,-54.18372619751262,-0.0,-0.0,-736.4324589816912,-0.0,-577.6862965860483,-29.80708126888417,-4.417298864123795,6.060135859816999,-0.0,-0.0,-1230.1309302657833,-441.4070337154161,-487.85935873214765,-0.0,-3530.7093828016496,-2076.904875312385,-1073.2970030344256,-0.0,-0.0,-2302.0252653443795,-1521.0130078889886,-682.0693224920685,-87.87625398719926,-1762.3138952700872,-1469.577490996619,-0.0,-0.0,-1745.2555964281974,-0.0,-820.7352853275547,-1335.0510083275533,-142.48866553764034,-432.6374239067414,-622.138268945747,-588.150433733694,-0.0,-1590.1115484551353,-0.0,-3486.4640876013023,-2947.804735565759,-192.69350860566294,-415.084417900891,-490.0296411475606,-0.0,-295.18895909652633,-273.6665685266221,-0.0,-1121.7363156887077,-716.8955203489253,-1166.4110738355055,-1638.613006320155,-965.7814365378681,-2236.4082632660397,-2181.3946137635658,-2539.126176051064,-2319.0655572536302,-1068.1374197937848,-2233.109283696327,-533.4206885651836,-613.0446766858561,-0.0,-1261.0781382394168,-1131.5983583375541,-1040.3899074650283,-431.3488569895155,-415.00997045424,-2122.694756330383,-809.4823933157343,-432.94491540862407,655.5190559958608,-0.0,1046.1340504677,-1429.4427914670825,-0.0,-0.0,-0.0,-0.0,-0.0,-0.0,-1342.3163213791931,-2862.667823288911,-521.0618994647947,-1023.262219622807,-0.0,-0.0,-1922.141784705851,-1257.5086558091673,-2186.411784350262,-0.0,-0.0,-144.53855065362194,-61.08953257632856,-413.02043796462596,-1946.7700371916208,-524.2129203274674,-0.0,-541.2268017357693,-711.133705289227,71.48363320303615,-1248.560153522608,-1535.4803823854784,-1391.774543212078,-1903.9900417437811,-322.365881432564,-613.1709762996342,-43.612255779953024,-1812.0235244647213,-0.0,-880.8770852358675,-171.91753738096162,-88.2070272449036,-610.6895804382947,-0.0,-2249.5568314162915,-134.26689117105235,-712.2073539292743,-1654.1747791797175,-1636.2198367866729,-0.0,-598.6732082894689,-805.1554412224929,-26.659622134567755,-263.02997210755245,-525.9734196948792,-58.27635062997673,713.3591492062361,-1235.5559841210084,-0.0,-973.2735386076513,-1608.663616524939,-0.0,-517.3364711379432,-0.0,-1614.6637969089345,-0.0,-0.0,-0.0,-1214.3157580254233,-759.4592055228933,-482.0108507525051,-0.0,-1667.652458688628,-3216.929877097753,-3857.416773883393,-0.0,-349.0504374179138,-0.0,-295.9625717523975,-120.26151615734291,259.4704880042064,-601.3783075588551,-0.0,-724.7786307415581,-958.2961134545208,-329.9215023735881,-608.6989930524185,-0.0,-461.1253378195463,-957.9708883100317,-567.3310506321249,31.905290003402502,-2379.7809985721965,-0.0,-0.0,-1453.4625734328451,-262.39893346882474,-1434.737359984468,-100.07123379385277,-133.7167777949131,-227.21364194355158,-639.1765505802257,-1048.0637667439573,-1401.460786392214,-2175.4401512663053,-0.0,-0.0,-419.8504705352109,5162.537255805859,4.505641649933002,-0.0,-0.0,-0.0,-0.0,-2413.6797835654197,-504.74078779097954,-0.0,-1030.2332884235493,-963.2027969377705,-775.0661900761189,-2303.541230874325,-263.2567346398816,-1214.8467400805096,-0.0,-0.0,-2071.972366320742,-701.5261025321905,-1777.6626463985185,-752.2928249158832,-855.7125295840848,-1906.8587117607383,-229.60779835129037,-1737.7851078662509,-1139.206724711458,-32.708275501756255,-1063.0023313109411,-1169.9655358205862,-238.37297729126917,-232.24955985107226,-1987.2380632296542,-0.0,-489.47984846143225,-290.9471382386021,-31.940149691205917,-829.548102236611,-221.6400988683676,-984.4374273018857,-915.3819645816486,-1306.3195406607292,-242.82530724625286,-2620.2044533406174,-59.69037389987636,-625.5479455024027,-0.0,-819.3756498816127,-778.7449634554116,-999.9044996305383,-1198.0259130559607,15.045126064217891,-421.69570929505653,-2676.087970833916,-823.0782526836183,-396.0994648587672,-1178.4940858314858,181.18231170618765,-0.0,-0.0,-0.0,-0.0,-0.0,-0.0,-11.420769941400042,-179.284865494771,-2385.395690241464,-5093.874930573419,-508.6664869862993,-1014.3610306283025,-143.42288177168007,-551.3217818681661,-1399.2315634708991,-1157.609703364837,-40.845249393596276,-562.8063059671623,-514.0139369143212,-0.0,-98.29503491367362,-1156.726927429798,-493.8196861822262,-0.0,-1069.7780217684178,-0.0,663.5172573725819,-0.0,-0.0,-0.0,-42.232443319337136,-0.0,-0.0,-1112.1808450792723,-435.9483885412551,-1249.1794092950488,-0.0,-0.0,-0.0,-928.7481686859256,-604.5666607979152,-1375.1357577357858,32.59218695932274,289.3512502971536,-0.0,-0.0,-3209.5483161811685,-1279.2558985225833,24.151782018952783,-59.5133736471137,12.037722107654291,-19582.4085242541,-19463.82036395696,-2427.354791131726,-0.0,-0.0,-0.0,-0.0,-454.1497082822864,-0.0,-0.0,-635.1066221777045,-2358.004630435245,-2052.5968998912035,-1400.8839229537557,-359.64334542567343,-1914.75046635658,-33.18424938698275,-1348.4823601185474,1015.6175743624814,-7.675197932136527,-942.7208375651968,4.05483569362622,-0.0,-0.0,-0.0,-0.0,-166.13721377965553,-0.0,-0.0,-0.0,-961.8963591623298,-1542.1589692903563,-0.0,-0.0,-268.0675651168684,-2315.4105436942614,-0.0,-1476.129026971869,-1736.6597244169188,-2123.5476894102208,-0.0,-0.0,-108.57603245254903,-89.95325215335917,-1076.823348619843,-1574.8909151997589,-583.6412926855076,-1381.833457658941,-1311.0758069675371,-0.0,-0.0,-0.0,-0.0,-448.585267454918,-267.87217247014286,-0.0,-0.0,-101.91123935690739,243.07911837674715,-0.0,-1308.066126813665,-1088.0361367636176,-1131.102097118302,-0.0,-0.0,-670.2187610077544,-1266.6042736932338,-785.6166448779074,-433.42505026989846,-0.0,-2325.4802468947296,-2435.8400078428517,-0.0,-0.0,-0.0,-0.0,-0.0,-1539.6208313610236,-0.0,-2387.6671431040286,-1382.083222853238,-74.26521828896409,-0.0,-0.0,-0.0,-2858.3891598134437,-1411.5752944518963,-580.9222537356591,-501.7325355420259,-1288.4677284117536,-672.7423921630441,-0.0,-0.0,-734.218996922332,-1455.35245951804,-73.90632679204765,-498.14798841380684,-0.0,-922.1180353157228,-702.9292673312367,-1913.6802272206842,-0.0,-336.2296879692208,-139.19643218080807,-347.3839352204308,-1547.1547901246565,-310.8847544450109,-0.0,-0.0,-0.0,-0.0,119.00159031570388,-155.5909060905732,-939.2628927745382,-1596.719561197026,-1201.6210860433343,-476.67646496964375,-620.186706745983,-6278.279764947793,-876.5633767295654,-572.913112724024,-0.0,-0.0,-0.0,-296.45998160486175,-423.5791191345626,-1331.2337073730173,-393.0131676334489,-0.0,36.16228384334292,-0.0,-0.0,-0.0,-0.0,-0.0,-0.0,-0.0,-106.4980996595275,1730.009474711447,-0.0,-1590.7832539599974,-743.2877488216898,-447.8066856748537,-1747.114998879164,-0.0,-0.0,-714.8187024820402,-729.6672992147119,-120.0661504002913,-139.36635659762,-148.39164226710875,-658.6743128263299,-168.61730300280968,-1980.1973002681782,-376.6553385621886,-435.3603262035617,-0.0,-0.0,-1581.220357224935,-2998.5475846974596,29.52685122694409,-549.6506623398377,-385.38109655811803,-973.0345522094509,-1331.3892055685196,-802.7809525786498,-308.1868569133636,-175.67025934522698,-1361.0691253501636,-0.0,-0.0,-0.0,-0.0,-0.0,8378.949606223883,-76.78060419572684,-570.9848495934806,-721.6658973251435,-1147.4285789922178,-1261.8394109567898,-1380.067057645638,-1720.6481014070605,-1986.0355690649824,-469.1598718141692,-0.0,-0.0,-1587.6301412079572,-0.0,-0.0,-327.928407587679,-2060.8927442089307,-1297.553138937045,-522.0546813072086,-66.38758838004158,-1749.1467610799104,-0.0,-1514.4138136572699,-0.0,-0.0,-0.0,-0.0,-0.0,-0.0,-511.2919853830592,-1386.251109002343,-1124.1711436954965,-89.36572581068096,-259.4678209008978,-640.5968442880207,56.03316555965321,-0.0,-0.0,-606.6077581067167,-575.8880668599994,-4222.802620959901,-0.0,-1338.1326508874254,273.2896012622265,141.3192089561669,-0.0,134.57682274549282,-209.21613482631116,-156.52863772702628,-479.9603770730332,-0.0,-1860.1904594186055,-0.0,-0.0,-1150.9991679157738,-0.0,2563.331834462843,2493.7807633877187,2352.428772187044,-0.0,-0.0,-1916.075544294278,-0.0,-0.0,-366.8769508777535,-980.5646186370352,-782.9488465921214,-956.9610587749796,-1136.6599301063775,-0.0,-0.0,-0.0,-0.0,-774.8607085317583,9.05692902542955,-57.371089013977524,-1099.7109232354169,-1057.7684276790599,-395.7471561318063,-1565.3155090781802,-0.0,-2216.2730668876993,-1148.869808416185,-1499.6356541300545,-444.7023770371291,-411.34360362431556,-0.0,-1363.3218910857292,-760.7477845909419,-930.1944123551109,-2251.5541890344593,-601.9606055944887,1117.1353658155354,503.2014465652753,-348.0062940823297,-1320.2542346419855,-0.0,-1844.6774147108179,-3699.5898927339736,-469.2088200210326,-511.02782035054986,-0.0,-0.0,-0.0,224.13144199143463,-377.06739424544475,-554.0836908068741,-156.97560538729158,-503.4546799631616,-539.0582401489411,-0.0,-459.62435248557915,-994.5719966238905,-777.7616652336551,-0.0,-1915.8658324605765,-4640.985877195982,-0.0,-0.0,758.6771039947649,661.07256964837,-0.0,-0.0,-686.9740892905273,-984.5188022618092,-346.2427715261372,-716.2852255926585,-0.0,-0.0,-0.0,-0.0,-0.0,-2853.677404340081,-456.528075407342,-1726.573169276916,-1204.9712754492002,-0.0,-455.138361736397,-426.7534656400665,-0.0,-235.40329984989592,-733.4074470516122,-1267.5000271244614,-4267.384603351464,-82.89510406122699,-0.0,-0.0,361.4601827343831,830.9126689122352,-0.0,-0.0,-401.5746996922691,-0.0,-0.0,-0.0,-2698.3729940997478,-0.0,-570.0770891708556,-0.0,-0.0,1818.8233607846225,2279.131579008707,2173.218559021182,-0.0,-0.0,-488.98849430467124,907.2272705180476,-2749.150697741115,26.694036893148276,81.21111000180038,-2641.856083386227,-113.78780360690078,-211.8200199345804,-688.4292483788001,1014.2073229245879,3492.7283553081465,-3158.281141518431,-0.0,-0.0,-1017.513994060377,-1742.0125098127032,-1259.4511594492756,-250.58050026844327,-45.269812538037435,-0.0,-0.0,-0.0,-0.0,-2097.787859581995,323.88473865276967,-0.0,-3.8405167875137085,-0.0,-1744.1535161346164,-2165.240439114936,200.30172038104925,-0.0,-0.0,-402.6323333108999,-0.0,-1778.430650792587,-100.74363230133675,-1218.8143365549583,-476.3709677380702,-1250.4278300106034,-699.5284965142165,-1207.961525281435,-728.1319180850643,-0.0,-0.0,-0.0,-122.87537433180086,-0.0,-0.0,-281.1444960175732,-401.62866600952674,-699.4309347491685,-0.0,-1451.1659230012328,-1122.1477023205177,-943.2608605693134,-7.794749204194555,-7.967356596890598,294.04886539076375,42.28578167644193,-0.0,-0.0,-13.12523951460665,-1880.1537952847432,-655.1478970317213,-1020.2756582694885,108.67783279444969,-2317.382075285673,-1932.3117948464437,-1015.6305767446757,-1136.6274073275094,-47.96860839246617,-618.0365336943328,-750.334139667008,-1338.8478627557245,-2162.2043541417156,-0.0,-2163.7339475093227,-161.04514518247677,-0.0,-2654.4522318772356,-2838.285452659326,-2478.375157759099,1629.7366703616474,-0.0,-1869.2248848356694,-243.50379668637362,-1317.3395750938084,-630.5871574119716,-126.64669346481526,-2337.2002986095026,115.00313741868165,1766.2386341765643,-0.0,-214.2434279566894,-433.59656170743364,-1152.1512959226175,-1250.3883234125228,-1845.274221384079,-4324.098547156045,-0.0,-602.5990277234104,-1385.655574744757,-729.4257173603086,-255.58303334523518,-29.38196675350933,-329.5240512807632,-0.0,-0.0,-0.0,-0.0,-348.6939273053218,-1340.3470824122276,-928.0357068054768,-67.6077104109073,-608.0075363498132,169.5424559324623,-0.0,-0.0,-919.2433545555959,-537.255880048923,-0.0,-2262.454560082317,-99.93985651426357,-1370.80367862477,-0.0,-214.57444874598866,-208.80408201432604,-0.0,-0.0,-486.12693976718407,-0.0,-0.0,-4359.054568991444,-203.13497531758597,-2637.956001789586,-0.0,-0.0,-115.80393493793308,-1566.6727001123143,-642.3077423280557,-396.41305107595537,-1560.5390897507168,-0.0,-726.7468549954699,-0.0,-563.4203708930606,-0.0,-0.0,-209.70837447655921,-88.0146965330113,11.752311061867555,-416.53650390997365,-1501.0218692946696,-2216.4623274867035,-0.0,-0.0,-0.0,-26.43810947617376,-395.4713022881895,-0.0,-1714.629999760018,-3052.305638342314,-0.0,-0.0,-59.97025905672425,-1705.055950364366,124.02946184302249,-0.0,-0.0,-0.0,-0.0,-495.8864553897481,-2236.5084459566256,-216.10331850447972,-1447.5566712827526,-0.0,-0.0,-682.6229696230429,-502.1955359203668,-359.0416590288546,39.12436183038443,-0.0,-0.0,-0.0,-888.1627810476805,-689.465041620874,-533.2258016047039,-337.54942875100915,-0.0,-0.0,-0.0,-0.0,-2450.9758897741194,-87.16066685202829,-24.881103558802362,-0.0,-0.0,-708.2806580021468,-383.9662406414073,-0.0,-1993.0287145275702,-4721.298909736254,111.08332949616704,-1237.6714806072932,-0.0,-0.0,65.8798686757951,-528.6346041521929,-1923.604686051782,-543.1972812974907,-3048.3728897116434,-1324.0597467707253,-802.6416590094576,-1504.7789870632628,-0.0,-0.0,-0.0,-38.501554006375734,-1318.7441200190708,-0.0,-0.0,-3166.7900755839123,-84.57683192613834,-1469.7062410926906,-815.3961876313936,-0.0,-0.0,-0.0,-0.0,-0.0,-0.0,-741.6061255458366,-0.0,-1655.8681195771778,-0.0,71.96521992796778,-1387.3657683702963,-0.0,-0.0,-0.0,-2334.272281610008,-0.0,-0.0,-536.4693966947121,-0.0,-0.0,-1096.9711427076563,-604.7520310678057,-0.0,-0.0,-189.12829384882716,-2063.755664247195,-0.0,-1158.5516071436912,-891.0970587595391,884.71380588505,-198.70224185452443,-0.0,-593.0113947412952,-2.327772558361396,-0.0,-23.01702951084066,-0.0,-378.683406444546,-0.0,-0.0,-0.0,-0.0,652.7001796720529,696.0476652850462,-932.5539877298825,-1670.8562970673809,-0.0,81.30893695970248,-4.193625607731367,-87.98857560764796,-969.7434111931617,130.98064770288565,-564.2218720995891,-427.23987849963595,-195.31283846642873,-3527.1939230772223,-0.0,-243.1304903942191,-1869.9853771054773,-2613.7791177999125,-0.0,-1185.3326190530852,-1794.191541943385,-2178.741111194232,-782.8857376436576,-0.0,-956.1750518370101,-765.2514654723935,-833.4949792805986,-1304.4818537836006,-1037.5309578984616,-0.0,-131.58292135869695,-1402.5363125164672,-0.0,1246.8579747882163,-406.0337668941972,690.4431248699715,-0.0,-0.0,-102.84936448752579,-45.31451685992165,-2511.949699665367,-966.6580587338397,-0.0,-1025.4757067839053,-3300.048870793308,-960.9352896469426,-910.5923310842686,-1233.169801791767,-417.63941979861363,11.830858566383055,-42.247315633238586,-0.0,-0.0,-1017.2419519135763,-79.70069841147703,-0.0,-0.0,-2040.5246532845715,-715.6165376198858,-647.9543345993303,-2023.0865384806164,-101.08791279480882,-18.775831765573773,-2726.89917629535,-941.3146221477036,-651.0944201165984,-1097.6042940796726,-0.0,-2313.349229036713,-461.15247866799245,-1368.1565322221952,-1705.9720400101946,-403.2490897886786,-557.8694330499658,-1808.847224854589,-497.9845797583542,-0.0,-0.0,-0.0,-1416.760755517397,-0.0,-3575.490639617734,-1248.7466856272918,-1565.1513035343444,-0.0,-0.0,-0.0,-0.0,-0.0,-139.79880502459662,-0.0,-255.0496426770369,-992.2989917238576,-390.1139100275192,-0.0,-0.0,11.369033642627427,-0.0,-0.0,42.920662284132476,-305.2513878113703,-0.0,-572.4022456145173,-0.0,-0.0,-88.55913999174308,-12.210151044255687,-2707.974662994215,-2350.64310480328,46.56684194900506,-6675.029273463663,-950.2338218727723,-610.9473646237308,-0.0,-819.0900610141013,-1450.920678606989,-0.0,-0.0,-0.0,30.237910436581988,-0.0,-1492.2809994330664,-0.0,-1491.5787604562508,-0.0,-0.0,-2469.5015719009416,-388.2820037836588,-664.6904445196195,-0.0,-0.0,-0.0,-0.0,-287.2146411948677,-654.7556739262684,1311.7225911972016,1049.3702415133846,-734.9879897208524,-9.01280612646296,-0.0,-310.57144911229483,-337.91412817689377,-1822.351923516809,-578.3869053876396,-122.98133151016138,-1070.2612567839444,-1486.6350757659893,-967.1153408147752,-639.8944990937737,-0.0,-0.0,-0.0,-75.18997463266226,-0.0,-1778.6530197931081,-694.8240569605521,-0.0,-1888.9904939309292,-1175.3712396092797,-0.0,-0.0,-0.0,-0.0,-0.0,-1061.347473236521,-0.0,-294.4994129453272,-1741.6165239755396,-0.0,-1113.9308703459367,-0.0,-0.0,-0.0,-2745.9015502113602,-1352.2356325599096,-1011.3714967691589,-2388.4040406637605,-0.0,-0.0,-0.0,-85.1686855527697,-524.8249338656748,3.937377383616969,-429.3908390651464,-307.3907071900888,-0.0,-0.0,-353.01554230856556,-1593.8676191779164,-3617.6600554420793,-0.0,-455.572866438619,-1276.7736521221616,-438.8393107656489,-499.187590014865,-0.0,-0.0,-0.0,-1844.9947630825382,-1794.3460698289775,-42.030340675333356,-1758.9462573515775,-597.5426145067871,-426.4240202443448,-8.013573215612153,-1289.7158016946016,-0.0,-2090.9489034264593,-0.0,-488.9221140775647,-0.0,94.88398324039505,-0.0,-0.0,-580.8787586698274,-931.0940976502653,-8.418154279414553,-0.0,1236.9444083065896,-0.0,-0.0,-1905.5631287013634,-1710.6599035627678,-1132.6428357815748,-0.0,-430.78963426254296,-709.5887393658115,-1601.0213497827324,-0.0,-0.0,115.39939925287511,-771.6440894094595,-0.0,-0.0,4.362505888050063,660.8687330408769,11.462984287492473,-1535.115929562875,-0.0,-0.0,-1730.1862489469202,-1775.4596337665334,-84.95631113912155,-0.0,-171.0305476627894,-788.3532597780086,-1051.3490104130308,-1796.4022693852344,-0.0,-984.3498033647551,-6.6693786507880946,-0.0,-1647.4884318044599,-0.0,-0.0,-0.0,-0.0,-690.1818334882136,4.149919173676573,-16.3597109399896,-0.0,-0.0,-589.7458698944193,-0.0,-0.0,750.8757898477669,-1126.5478221651495,-46.94112774116874,-2241.647244348093,-0.0,-0.0,-566.2276631987686,-0.0,-314.0945327665044,-1242.1645677766974,-1078.5262018168148,-1100.8780200544866,-0.0,-0.0,1474.7984103917145,-0.0,893.8971567508305,988.2864172302563,-40.723963871811364,-823.9913429559853,-0.0,-0.0,-116.71463622301263,219.41359221055558,-840.4075850397384,-388.77806640261633,-1205.8141579620335,-2753.0179344451444,-2102.5374480397995,-0.0,-0.0,-271.4258875777802,-5842.280802443119,-586.4817023694387,-533.6166876150116,-0.0,-0.0,-599.3096395138251,-0.0,-1020.5078637021901,-1465.6373322098423,-684.095098049999,-0.0,-0.0,-54.51419206101943,-0.0,-162.5450188461584,-1287.993727706627,31.864678798400064,-727.9068105543957,-481.2652715666318,-256.5203289950784,-722.6614062139178,-2587.3901788716116,-15.503049072571265,-1258.2820687137037,44.53450611613825,-1117.7913343407783,-278.68384034668776,-0.0,-0.0,-209.81583380448248,-0.0,-0.0,-1796.3487034236905,-662.0320800503861,-0.0,-797.0717486227971,-589.3493946908521,-0.0,-0.0,-1654.0445288071544,-812.2964726028101,-1515.2906374069514,-1564.9130404104098,-0.0,-101.7419162934992,-2937.194955283269,-994.3513538904281,-326.58230416123547,1699.0964616547635,-1791.7502449055276,-1332.748057143902,3.8542751927282826,-868.9092824695483,8.075219657434385,-1873.3401467772055,-0.0,-3286.5338298505803,-831.3684521626728,-0.0,-1797.2313861752496,-1567.1685449319978,-0.0,-207.70454038879785,-870.845995740975,-1038.266272633963,-1599.237337040644,-793.5629778036864,-483.88436445681873,-599.7131146962807,-0.0,-158.57075242567473,-0.0,-2633.582312142176,16.511154996405192,-3439.925495749602,-823.7577355002066,-44.53781526774924,-44.30290853564313,-1413.7731863258543,-984.2446651829359,-0.0,-497.3310903651275,-0.0,-0.0,-682.8901674566,-0.0,-0.0,-0.0,-0.0,-0.0,-0.0,-0.0,-771.2849069887079,-489.15644823361674,-2688.5410086497577,-2688.424407104744,-0.0,-0.0,-1241.8791582928095,-2017.146637441266,-499.3869569328823,-211.6624199958818,24.369475597922786,-0.0,-1398.6985983518698,-0.0,-2550.4877353589322,-0.0,-0.0,-0.0,-0.0,-1902.4648157663478,-239.56760812081586,-534.7627081168099,-1180.3659239944427,-1281.9499935267334,-1079.5719279721714,-759.7888623558113,-1239.7736554666126,-0.0,-0.0,-0.0,-0.0,-661.0734887123134,-452.6740823710169,-1521.4897747115178,-0.0,-751.6493056145149,-5589.022270913248,-659.611171558004,-808.4039406464552,-3486.6028497265584,-771.2159330594014,-0.0,-524.5447655409635,-525.627519958797,-1178.1189917985994,-690.4364366791476,-1614.5847881323373,-1694.6425159824973,-0.0,-0.0,-0.0,-0.0,-1540.3030038202546,8991.657025162296,6682.49854021883,-0.0,-0.0,-0.0,-0.0,-2178.9193522131354,-1016.2903760155738,-75.7405485769803,-1561.2863398416596,-785.5478754639951,-0.0,-0.0,-0.0,-0.0,-787.1792992762992,-0.0,-1778.5052601819368,-270.5722096340477,-0.0,-0.0,-0.0,-0.0,-113.9184406400392,-494.62144844050255,-440.7329036762384,-892.8197032580508,-994.6973509380642,-1188.238565567718,-975.638495678675,-331.3836071887182,-1443.824218755179,-1716.672058807913,-1196.029656435875,-1705.6374213925299,-39.029318545480464,-1299.0284173851446,-986.8709873956913,-922.0082185692881,-1572.183551343352,-318.9326440040439,-2680.290738190268,-1738.1542805245997,-1881.4149473091034,-631.5107197044141,-540.0099779321837,-1243.3973723699885,-0.0,-1003.59835450007,-0.0,-3349.918573088698,-931.6048281664356,-332.11111611945324,-1689.1930693095173,-1555.1169407918342,-1173.6172863848913,-0.0,-0.0,-0.0,-0.0,-853.0946417979161,-3246.9653326343737,-1764.182764639407,-0.0,-0.0,-1043.0317355380741,-0.0,-0.0,-1160.107934153364,-477.761751645617,-974.788866964838,-545.4426901084096,550.4331957603071,-1167.2426045942848,-654.6968405976228,-1754.8789286889883,-0.0,1367.7030623439746,-0.0,-0.0,-1060.4757026447985,-5217.538317918346,-0.0,1509.876380844601,347.4463580373771,-771.0667917255472,-240.27532968769196,-0.0,-1785.1062335905372,-1052.1923969377087,-2398.1080832161156,-2090.2873505651955,-373.3494522218743,-0.0,-526.9280567180891,-194.16426866748026,-0.0,-1214.032091909837,-0.0,-1827.1734089856607,-2584.1929570860916,69.1796098782542,-2391.909720560272,-2004.215297310746,-0.0,-543.5049549491317,-1380.82270003188,-2316.576935184596,-0.0,-420.9731336778104,-2537.5895967457336,-955.444924639666,-841.2882048212723,-987.094602574902,-429.8955202243095,-896.5755856513139,-1545.3483712144814,-0.0,-998.0478652031312,112.00168974276579,-1251.6953647836697,-0.0,-519.3002181533213,102.56315687485245,-1078.3866657559731,-657.8632979839192,-0.0,-543.1001107546821,-422.59867459020364,-1854.5687631817816,-1183.5026544773634,-1710.6527396935326,-902.9984141438661,-716.4717623225963,-1029.9455914899813,-1996.8726435042101,-23.434299986272002,-0.0,-491.46125750097394,-692.508267610228,-1345.678911056907,-2121.5428544692936,-348.2790239092225,-712.9837361369465,68.33683458949793,-951.1348468898705,-1205.6408095896386,-928.4626933641296,-0.0,-918.4717348096583,-59.06005299980052,-2470.5577995437066,-0.0,-459.2563284752412,-914.8442405824865,-524.5703135150657,-2539.9864396939756,-185.6070349125346,-1627.8572088999792,-770.0402221515603,-2508.376792694292,-0.0,325.5251331198443,-0.0,-0.0,-326.65383368799303,-0.0,-0.0,-3875.3991181692927,-31.580295446179484,-42.63682363954903,94.61725011421831,-1419.5363994316938,-0.0,-0.0,-0.0,-0.0,-0.0,-31.670046402123038,-0.0,-348.9656234038653,-0.0,-338.84817726637874,-1693.4083964367348,556.8700431796487,-2812.0897347821196,-0.0,-0.0,-0.0,-0.0,-0.0,-0.0,-0.0,-0.0,-0.0,-2823.6434009496597,-0.0,-2899.3640384107293,-2996.8988301421255,-38.59078414820884,-0.0,-0.0,-0.0,-0.0,-902.4510366838743,-1105.8101225068685,-0.0,153.79049577295115,-642.4097690619784,-2092.7780460480612,-671.2358463061647,-0.0,-585.3764344978536,-1013.7924167066376,-0.0,-0.0,-660.1944283358467,-829.793583851163,664.6663819014732,-527.861101788953,27.863919428675707,29.54083055221357,-0.0,-0.0,-0.0,1770.5298938345354,1386.839206244643,1516.4224391320868,-0.0,-0.0,-0.0,-788.025559238623,-0.0,-0.0,-903.7926404438455,-77.12458348845897,-429.7618799884498,-59.34267899674079,-1133.2411031338102,-791.2743835471747,-1346.3654847590774,-133.61780525493108,-275.58408642982874,-1184.687558772809,-0.0,-2375.480945794794,-15.758782823690133,-946.3720620988175,-867.2194525097134,-17.313318207779243,-0.0,-1229.0756700541137,63.65379971878901,-0.0,-0.0,-0.0,-0.0,-0.0,-1483.259385260932,-3620.782574278783,-0.0,-689.159226334283,-63.812159264176884,-0.0,-0.0,-0.0,-477.073762942276,-26.553620497167575,-0.0,-1303.6134145166334,-708.9493215265975,-0.0,-0.0,-558.5084460786825,-0.0,-0.0,-1723.3577023119096,-1525.4651004102386,-0.0,-882.1492781897375,-2118.889217281581,-82.73490775409034,-0.0,-0.0,-271.49787640621645,-837.6058499654479,-251.13656373540715,-191.47756625283,-149.52260611837946,-0.0,-0.0,-0.0,-1266.398513149331,-1098.3879283892352,-2247.7071741106215,-296.48685852345443,-1376.56810114144,-112.54621004819278,-175.49592543548476,-518.0056628458234,-1919.830748854221,-0.0,-0.0,-1613.7810073162414,-1806.1763884653808,-0.0,-0.0,-0.0,-627.3549524437169,-2041.8850881460514,-3519.074327756307,-0.0,55.71574378554516,-196.2403281345518,-676.582740806648,-623.5137200062311,-2071.0643211900156,-0.0,-1591.9065631431588,53.479390423387564,8.849184304004485,-275.84535685224995,-0.0,79.25213513202945,-288.168462204862,-479.8475103024299,8.613772946479287,-0.0,-0.0,-781.5309138287539,-12.131142321369271,-0.0,-1424.0061767029965,-978.1049705205182,-1257.0466439500913,-847.8436762490626,-1307.1116524232891,-1591.3785180819063,-0.0,-0.0,-0.0,-0.0,-0.0,-387.08702594654955,-645.445907747767,-1264.438976249713,-1358.6659964029213,771.9760766928563,-1552.8834761589333,1729.1664803111562,-0.0,-2226.0941430592748,-1744.3619144380725,-828.5560294139127,-32.62443695013743,-112.93799590701096,-2285.3669480385033,-227.9727970724378,-0.0,150.40568803101007,-990.1779923219469,-0.0,-0.0,-581.8631124375286,-394.3610396343744,-439.15897756287717,-1255.374572923255,-1639.9607075843908,-0.0,-1562.4265235605587,-1300.320918081933,-4754.117805446219,659.5533861144003,556.7658299221231,727.7999701326705,664.5382316723175,-0.0,-0.0,-0.0,-0.0,-0.0,-0.0,-0.0,-0.0,-603.7627402106522,-0.0,-49.663731593511834,-44.95263584312351,-0.0,-1139.9104234912675,-1362.1152489207586,-2004.8347385644581,-0.0,-0.0,-0.0,64.91580825342685,-3363.7067657004286,-653.2478036471076,-2833.055971325456,-1824.8853457592372,-0.0,-0.0,-168.9246078702065,-1322.9404415119627,-0.0,-2337.688670075849,-717.9349193735734,-0.0,-0.0,-0.0,-2198.122197953223,-0.0,-0.0,-0.0,-0.0,-0.0,369.3676795584056,-0.0,-0.0,-0.0,-992.534983753804,-0.0,-0.0,-0.0,-0.0,-0.0,-0.0,-0.0,-526.2236083442205,-1040.215644706746,-1412.0040811827778,-1638.1082841392856,-590.1718611952984,-1152.9459592717442,-35.694620092110306,-0.0,-659.0428246386491,-47.669138428513726,-0.0,-0.0,-0.0,-0.0,-845.9548704479989,-0.0,-564.7712531827185,-1364.971558885305,824.3640708792187,671.9000428475018,830.5952325146247,726.3463789928807,755.2785696534866,-0.0,-0.0,-0.0,-0.0,-0.0,-0.0,-431.90025686579395,-0.0,2170.1139082734444,1016.861539943996,1193.9748232960605,-0.0,-0.0,-1353.8326418642093,81.27745609763322,-62.01880486165044,-2329.0437116172848,-0.0,-1739.1881125243647,-0.0,-0.0,-0.0,-0.0,-585.7589264856615,-0.0,-610.8812415849786,-607.4860566043264,-348.79660529140466,-0.0,-14.955643217296013,-0.0,-840.3693580401513,-0.0,-2387.5323596865974,-577.8996163975906,1716.4508947936492,-2160.5659904260733,-884.9267492727029,-75.71914053390984,-867.6786693627772,-0.0,-572.166356833634,-79.95407421944333,-2427.0251569084717,563.1447528394109,95.44123534298598,606.9571087202563,1243.5149625834254,-0.0,-281.7596918745277,-26.54680218611524,-1249.8744883550357,-1049.8115893735192,-1485.7181494855593,-1831.0529957903404,-0.0,755.4573010722245,-0.0,-416.4073300195002,-2772.1256521082896,-1235.6181709122857,-0.0,-1478.6743742567141,-430.5015633007822,-624.650069930158,-686.4137217598352,-318.94096280795213,-1401.7319072586279,-0.0,-1997.843069003905,-457.3602310027989,-1456.5621710955747,-347.16820961583807,-0.0,-0.0,-0.0,-0.0,-1233.7953181011187,1105.345254042851,-1067.309112264525,-728.5560746380565,-0.0,30.259723555630174,-0.0,-0.0,-830.3484239917535,-691.0730574902575,-720.6140732871265,-726.4611177411152,-0.0,-0.0,299.8195469063536,274.08078129335564,608.5448511754131,-0.0,-602.1442259412746,-1899.554114306196,-1290.114748199049,-4.273850646560788,-1604.497287686108,-0.0,-0.0,-0.0,-574.0584524667072,-991.9045410917184,-0.0,-1406.4262091601147,-0.0,-2853.893243964786,-3895.7871639240634,-0.0,-22.542850369747395,-0.0,-792.2879305122225,-0.0,-0.0,-0.0,-2109.445720615602,-1032.4822923497477,-614.586124785468,-803.3677606880203,-0.0,-0.0,-2321.2728684440135,-0.0,-587.8488269703199,1068.8017312764712,-1055.2292092303833,-814.7448880667168,-621.0392589855045,133.28131460916217,-0.0,-0.0,-1341.4503780933678,-0.0,-732.8574429450812,-75.15454403556939,-392.9472558145901,-321.11036468036633,-0.0,-0.0,-225.39046821155466,-685.6787690052912,-1064.0716926473126,-576.1033527746303,-1075.4296138302652,11.578610942703149,-0.0,-133.79656909696163,-1913.5959809453707,-1240.3464167699913,-0.0,-0.0,-0.0,-590.6163392413976,-602.0115082755796,-1373.549558682706,-0.0,-0.0,-0.0,-0.0,-0.0,-1519.364742915709,-720.3223557914613,-0.0,-562.3870019194668,-0.0,-18045.921760032412,-797.3916925102042,-124.16813290473695,-709.2323973651013,-0.0,74.66813482956252,-1197.4739728619188,-2486.890946582432,-0.0,-0.0,-0.0,-767.2907221102903,-479.13179297376627,-1012.2850297390739,-956.0145681572776,-539.3821139992436,-0.0,-0.0,-1656.107220267193,-568.6789422604066,-2354.5150455981025,525.3778923011811,-2152.730585566007,-0.0,-0.0,1764.4719259291933,-1564.9630579569705,-0.0,-218.80943739557202,-378.07724874140916,-658.3065474921693,28.886177500559455,-767.3067487692321,-0.0,-0.0,-1213.6285691713736,-1443.4053919131009,-2950.140379161108,-0.0,-0.0,-2275.301414009634,-813.7283871651886,-872.4854067326025,-2358.8524303564354,-1583.379603592861,-0.0,-0.0,-1137.161675652598,-0.0,-76.88461624994076,-1567.2378639265037,-1689.0524278906676,-0.0,206.98190818160117,-756.0648141409405,628.735327031905,-245.3425095444214,-249.49375213939652,-0.0,-462.59540622415483,262.5981641308644,335.83632606016073,-392.16611605704617,-2459.9497087903555,-1934.8103978905492,-83.97997318015257,-4918.274295353458,-658.2488759932073,-1135.770179012908,-49.18864680061631,-3553.8595974143573,-343.58241272379956,-675.6224056726347,-272.18028098246873,-1885.1605368831904,-1081.2891453475127,-3256.9961931317416,-5616.825555258725,-84.17295895350233,-690.607678002296,-1517.0352509013355,-1235.9255037566832,-0.0,-3336.1625438666642,-0.0,-298.00425147879963,-1755.1710861437596,-1235.745546008048,-0.0,-0.0,-910.643569427681,-253.6553960125028,-0.0,-1450.284499516733,-0.0,-760.3355258618997,499.02657914856565,-2300.0918431034975,-483.2196561477066,23.858367269410696,-13.334921140467822,-0.0,-2060.1678370952823,-587.6482220976492,-0.0,-138.66859294660722,-0.0,83.6877642687942,-164.25224090726644,-0.0,-411.4772591791892,-1398.344269788971,-443.65857045244223,-906.6706324952771,-1969.674635807832,-0.0,-3712.530701780897,-1757.4081076150962,-2833.159095835592,-2352.672566190461,-85.43197625431908,-239.9343280102965,-577.937870063336,-1353.573234715981,-0.0,-0.0,-1188.8459976443166,-186.6744905433857,-0.0,-85.1314298361202,85.1744038932358,-2248.952033913146,-0.0,-0.0,-1178.1996396861782,-0.0,-89.50467322780055,-0.0,-52.66563101733894,-158.3855786749881,-0.0,-398.71783384093783,5467.934502821613,-0.0,-0.0,-2667.5858249328944,-701.6739378508764,-233.4197543778319,-0.0,-0.0,-0.0,-580.6660125785459,-2098.6622499131604,-0.0,-0.0,-0.0,-2064.874313413815,-0.0,-0.0,-0.0,-1516.1744847486773,-793.0772835901671,-300.895663538524,-428.49251158572355,26.52942292052888,-682.1482620914736,-389.85993268067136,-195.43539920215315,-2400.265707068248,-0.0,-0.0,-1223.9201947876081,-820.8939063832454,-2572.7864190115492,-0.0,-0.0,-2353.7117964916984,-691.1146943074502,-1322.6247769947768,-381.4458511935195,-659.5054115990449,-2001.078995324348,-798.404086534223,-78.90666691121237,-883.3371570101554,-2173.282078738363,-1560.7710686013327,-1289.2405140003411,-0.0,-563.251964237504,-0.0,-1810.1503964964531,-383.94233744855796,-200.72620635660857,-717.1705773255061,-731.2436900823217,-11.98130142336101,-0.0,-1094.933470144194,-581.0512517829662,-45.329058126664144,1465.3871195963436,-77.13038998203047,-0.0,-722.3519557294317,-509.70789938563416,-0.0,-755.6729723094684,-1604.7782178806804,-0.0,-0.0,-0.0,-0.0,-444.9536585258016,-896.2186700185198,-353.05515382574646,-494.9636463299117,-358.1206398722678,-1639.174811656609,-745.2120831121852,-1277.915106030849,-2640.535263717102,-1787.4766289701527,-0.0,1002.4798013220471,957.8967180659936,596.1845665952577,805.3725648705924,417.28500422284264,-0.0,-0.0,-0.0,-0.0,-0.0,-0.0,-0.0,-0.0,-56.533878582394024,-864.412971777512,-503.883659946571,-274.1528510064124,-1096.1012491151098,-104.06172412984476,-356.7845690111048,-1168.0720776262694,-271.3347733034608,-1955.0749140821806,-830.8013215847582,-77.36165348919565,-391.46670070300706,-26.746601700682344,-0.0,-538.809769451783,-161.51647769474195,-238.4954075679024,-775.7056049583719,-296.86280018476924,-1628.7768418225737,-315.55647857209243,-0.0,-0.0,-2027.174497382001,-522.3754849316916,-347.71079855346034,-503.38715731112734,-998.5921254354291,-413.75534770890494,-390.49058156639336,-0.0,-691.3228318855282,-788.0920733175246,-702.8242366053198,319.32120857625455,-1401.4056429195696,-2015.5158857559877,-192.99879036558494,-741.4331409936179,-753.401343481395,-12.786043957959025,-0.0,556.5860493315778,-831.5256178021026,-34.81807780754649,-1958.2658382412885,-0.0,-0.0,-1148.9997050812417,-462.23424127219045,-0.0,-541.5048954573498,-669.9462321681768,-818.4154374803446,-0.0,-709.3247595227592,-514.6878365410004,-2180.6367375809596,-4313.760030382633,-400.8466127518707,-0.0,-90.66192435093949,-420.7394362920902,-1635.9850722318633,-227.533790833783,-573.9982566483342,-756.6530808716585,-708.2547623240428,-337.42895975110224,-0.0,-0.0,-1627.0143376571423,-119.6224602414458,-437.9173436949901,-735.4472730395167,-1231.1491864798656,-2564.2941586764928,-0.0,-547.4005006106707,-0.0,-0.0,-0.0,-0.0,-0.0,-29.49353737266626,-165.36593980002147,-359.67908433120124,-0.0,-0.0,-0.0,-0.0,-0.0,-0.0,-992.4327814249962,-2046.6682893865807,-387.9338220471815,-547.672675762964,-38.593491776084655,-0.0,-0.0,-392.66234636736044,-0.0,-0.0,-127.49635210512861,-2925.634362286328,-0.0,-0.0,-1566.8543024512342,-580.8626669186515,-1030.0891010442026,-1078.3607453864927,-639.2956437173724,-0.0,-0.0,-1179.1113066721323,-1921.581195002098,-893.6501034453158,-0.0,-1091.1950288529413,-0.0,-380.1612815038699,-765.105498271597,-0.0,-705.623794534211,-1896.7076099844473,-0.0,-1759.0783406173673,-178.81622207692806,-542.868067739613,-1330.9210562548371,-191.38506441926492,-1236.5021679132888,-0.0,-1096.73979229308,-27.113625390415113,-1965.044125618162,-1909.6149574514068,-0.0,-0.0,-0.0,-0.0,-714.1381182952862,-755.2020738468387,-0.0,26.67697960355171,-372.7182143490075,-778.2622574413627,-2183.151387234897,-2330.190871049048,-384.9690390632362,-0.0,-1293.6853739142125,-755.7271871396875,-1927.117312668103,143.2809975168763,-0.0,-3680.4354146079336,-647.2229585131375,-0.0,-469.80854481436177,-1549.6320885770851,-0.0,-0.0,-535.730761581765,-1300.5727782462795,-0.0,-1000.5634818845773,-1295.2121321190166,-41.07584947310231,-83.15860350807517,-530.9309927571436,-0.0,-1462.892554403208,-2584.809292732685,-1216.5759219585868,-162.55884836252582,-2087.835639467158,123.2376039482729,-938.981393069197,-543.5395129873708,136.931958179938,-867.235464686262,-1467.8311058576953,-830.4416519661264,-1513.727260700427,-450.3476086000952,-593.8081364529233,-705.7863328879421,-1660.8215389458264,-0.0,-0.0,-1843.8019921389339,-331.05062687981706,-0.0,-1489.1448849195685,-1170.1387631326893,-0.0,-2897.548335100781,-554.559214739958,-0.0,-710.1187339236126,-0.0,-0.0,-1134.5026801384306,-1195.7210310538353,-0.0,-0.0,-0.0,-864.0694541214488,-4.52281545529745,19.76497937028849,-249.2411106340795,-0.0,-2096.5865837098722,-1655.1872033717327,-562.7999455872971,-2082.7290536370374,-0.0,-56.499365980192316,-887.0321728059822,-0.0,-427.099753575323,85.46426583877188,-1476.7614295526569,-972.3374965681172,-709.6594821718053,-1250.3066523373566,-0.0,-0.0,-0.0,-770.0347404250288,-0.0,-409.36514935550736,-941.5692182891376,-211.65219290109746,-1161.471231941091,-1940.1157191178859,-510.67669437482755,-1893.382123802238,-0.0,-1127.7657619337767,-691.2763199156242,-538.0125758137165,-1156.7747149536683,-322.4447546799092,-523.3106133102747,-1319.2603691461245,-0.0,-0.0,263.94339798802645,-2808.828011476873,-1002.3918160939876,-280.5193055378424,-0.0,-316.8694017874347,-499.3044766004405,-710.2681891719357,-0.0,-0.0,-848.1026759030954,-0.0,-22.48491121364692,123.87055277953633,-131.52206381988918,-2112.309004245571,514.2046623629508,535.7745978559262,450.2126494021339,598.5170882385976,47.82743256689973,-0.0,-632.9052934574021,-759.9672297030567,-363.7541856886325,-9.95819103016887,-0.0,-0.0,-0.0,-190.80092537159365,-12.31498647526284,-1069.706070332569,513.5092838185361,2427.9718365016433,-0.0,-0.0,-0.0,70.07438301590373,83.22841647868248,-0.0,-3083.5749168208154,-0.0,-0.0,-0.0,-0.0,-0.0,-2245.0644301355333,-281.1183525376823,-0.0,-430.73578843845877,-2014.463745331918,-168.52885555037057,-328.16058251979916,31.034372764637666,-1899.6809255376445,-3781.464240026495,-1676.281147571556,-0.0,-0.0,-1644.5692971973167,-1019.2560884237705,-725.2658651913488,-481.6112252031492,-340.19871916084503,-978.6407099795348,-1009.6881259233711,-4940.771530111585,-603.4597507544086,155.19730672808132,-778.5857325515688,-924.2820396228349,-649.8149060061533,-640.888178272937,-7.69834579228228,-1909.8666009949548,-819.5936522483086,-547.563032342634,-0.0,-0.0,-0.0,-0.0,-251.76078395711664,-1217.9829111732545,-0.0,-1321.5009144319451,-1401.5851324856135,-0.0,-0.0,-1459.6619542697156,-0.0,-0.0,-239.02429161515653,57.374807367830265,-0.0,-0.0,-2960.087764259813,-1155.7151973786479,-112.6522921245422,-997.4233862142722,-1220.055079478369,-0.0,-318.74115126247835,-491.14521553651963,-0.0,-1536.3805526532476,-363.9039589692005,-1026.4963223241798,185.6406324889629,-853.0238180909148,-227.1330396041521,-235.9221670779755,-54.9236568058025,-38.143738456759806,-634.0675146996816,-811.9838688234674,-445.29134571105374,-825.30799567081,-0.0,-55.89291847656863,-734.5414756622971,-175.82487090162886,4.239344048809827,-0.0,-1174.9069394237504,23.909091321926297,-1111.3776103680798,-0.0,-0.0,-0.0,-1976.620634700526,-0.0,-0.0,-87.0412099761912,-0.0,-0.0,-0.0,-0.0,-0.0,-0.0,-660.3568698664083,-1389.7942991872717,-0.0,-0.0,-0.0,-0.0,-967.2194334253168,-516.6156971754908,-0.0,-0.0,-1878.4908363715833,-0.0,-1366.2588085247216,-2743.5936163106244,-0.0,-0.0,-0.0,-535.4112868559383,-0.0,-0.0,-0.0,-1028.3015506474949,-701.9886587580133,-677.1774273219957,-0.0,-0.0,-241.76166683767443,-0.0,-3979.3569603295455,-5723.514505232211,-0.0,15.185222436341261,-0.0,-573.4186137940488,-767.6789603041407,-1910.3192259995328,-0.0,-0.0,-108.33192077622296,-723.6065415742295,-1404.398993431127,-682.5685694627765,-406.8500182154687,-0.0,-0.0,-1085.78241706265,-1116.0298715961885,-47.00692936571049,-0.0,-0.0,-702.2118665492902,-373.59850382596176,-84.99198440329512,-0.0,-0.0,-0.0,-2135.665341012745,-393.39234203281063,-1327.9155269653509,-4290.962482634625,-0.0,-881.3194916795409,-1144.13133672667,-2366.155304144817,-297.9853425702133,-0.0,-0.0,241.5797273371169,-1210.3683881483134,-1683.9985028063115,-502.45222736941867,-131.4747206635519,-26.55373524055657,-1886.5520142977598,-469.87235966400146,-1665.0396909191775,-693.9892023892954,-2370.9062974231374,3.811258335973689,-960.6747169042364,-781.0714267682233,-2026.600993332746,-0.0,-0.0,-794.3044045085303,-1773.0237715394776,-1853.0561297772824,-1024.390944455516,-0.0,535.0163545439605,-64.27260108965926,-476.4343419918797,-0.0,-22.795986892609598,-0.0,-2845.384827560807,-59.8657177022683,-0.0,-0.0,-784.9933155896322,-1104.6903225511348,-863.5831636868173,-303.81163359405144,-662.5187860913371,11.725469041138307,223.49042974703744,-818.2579601061137,-26.72730095078433,-1550.2870492471252,-0.0,-1640.1457063195423,-113.4330128698848,-661.5593904345242,-366.02224413603966,-23.069162054790723,-44.25093010435277,-22.368973397270015,-1332.7297973428804,-964.7360436396737,-1428.1069498245702,-242.3593075814045,-1379.0580874287552,4.512091796347134,-0.0,-753.2670809773753,-2982.954734516491,-0.0,-0.0,-26.223309795636602,-2028.334420172536,-213.06163611559074,-655.6346848387683,-382.06484228805516,168.33252424045796,-0.0,-0.0,-1231.8443976383862,-0.0,-0.0,-1996.4094119934052,-1701.77064905009,-923.3101275905015,-822.0177980222978,-572.9106440223895,-972.9594304762803,-781.3657638266956,-1216.1917471370132,-2551.082398284032,-0.0,-0.0,-0.0,-0.0,-297.69008718879155,-0.0,-1993.5935514706998,-623.3006236553525,-820.7370994821013,-997.7298874321216,-520.8923095166866,-0.0,-1668.7872634258258,-598.8603441138782,-0.0,-2605.617363425131,-1444.1301692426073,-0.0,-0.0,-2882.3142120062594,-2041.7763996547694,-403.873491427135,-814.423665662781,-0.0,-470.28362566904065,-361.61987863486695,-0.0,-633.0337814356037,-531.7703375270834,-547.9778477398173,-0.0,-0.0,-0.0,-0.0,-431.5920081176932,-1291.4923556583433,-6039.013858444078,-0.0,-0.0,-740.081502059872,-784.5006887915131,-2018.823414867887,-637.7400843313902,7.625571633287701,-540.4234651866307,-0.0,-733.3640455963949,-573.0355892310307,-0.0,-477.87988787273747,-1163.2256547815366,-0.0,-0.0,-0.0,-0.0,-0.0,41.39381800157321,-2181.1743862239427,-0.0,-1269.5456076842813,-910.192781998514,-4.424000447978459,-2039.6199171075589,-856.6990815208013,-1053.3358621330374,-1317.5748046144176,-80.29872981985937,-122.85947108155541,-1244.869980483073,-862.3058047534582,-662.3462721938166,-0.0,-1595.8710152907704,-1241.4349435181366,221.37025733691124,-0.0,-602.8302231071269,-803.2365025663396,-953.3994141547885,-78.48345306140594,-0.0,-268.5964146136302,-0.0,-0.0,-2414.3630167279107,-2307.387234018335,-1964.628441392817,-1634.1432626685787,-0.0,-1077.93651094031,-1967.6795201565376,-0.0,-5355.331598040778,-0.0,-0.0,-0.0,-0.0,-958.7041310900548,-2361.231505850864,-2401.4818879772442,-96.58852192949568,-2109.6972847789916,-0.0,-1000.3428878017123,-34.26581002418575,-0.0,-67.95485151589193,-568.5420141081755,578.4967110877584,-0.0,-435.6943764004317,-45.666563481060095,-0.0,-1411.7755612847557,-0.0,-1968.9972839847485,-155.69731926171056,-0.0,-0.0,-1099.9288058878487,-1825.4786696871554,-1074.065197475597,-1156.8926649883488,-1401.5351148965017,1542.447044433314,-49.874298577203305,-864.9482152716054,-34.70452983258307,-2124.1496111993924,-909.9812408223672,-851.0007252418745,-449.10028375930125,-1656.3144978209198,-1715.42035131469,-419.22137882207346,-2518.5309268542587,-359.911785612177,-0.0,-0.0,-54.05631994290982,-0.0,-0.0,-0.0,-0.0,-0.0,-0.0,-1510.6439411826702,-631.698954481649,-1331.7080072716262,-892.7759722010896,-0.0,-686.7411091242145,-1363.88853593563,-1204.6914224230284,-2026.8393699815385,-1267.2566634365596,-85.64007940766322,-179.7323466492744,-1074.3279481765005,-1511.6057012794483,-0.0,-0.0,-0.0,-72.08100547091074,-889.4613708612056,-173.92009093493402,-537.3816847576685,-1069.8262684539866,-0.0,-0.0,-0.0,-4034.947518987192,-0.0,-134.5023665208753,-0.0,-226.75524650520967,-1310.3119667358933,-1209.3642775838387,-829.1168334851377,-0.0,-42.747831100020214,-622.4507321496535,-673.9923592500691,-552.6942602246863,-0.0,-1095.1607031934245,-0.0,-0.0,-3195.69742953084,-0.0,-1344.0795679778857,-617.7124054933978,-423.25706437004203,-277.3615102370999,-1391.9476771484117,-3035.3869736299143,52.113896147904484,-2018.9101097577327,-1829.0251068207792,-525.1360917887771,8.574610373927856,-0.0,1488.196163059667,1153.6003731308494,1274.7763420095987,-0.0,-0.0,-0.0,-937.8601556904266,-0.0,-303.3348954745689,-223.9173284987256,-0.0,-4040.5414546281195,-0.0,-1360.6605121947575,-89.95335749326878,-1102.1472739858698,-518.1090679138819,-1512.2684297550488,-1216.7427174941915,-0.0,468.17997070060693,-2687.621493496659,-1646.7730936479072,-522.7857035778429,-1383.5969673231477,-1976.6653818033024,-0.0,-0.0,-264.52493225505737,-729.5014120112098,-2049.9636225607624,-852.0476918330273,-39.12265196937396,-0.0,-0.0,-707.2603007987394,-0.0,-0.0,-0.0,-210.50759785338667,-1483.901480888657,1550.1201711628985,-1420.194506402299,564.776369918277,-796.6964892661958,-993.3205524221074,-13.40734254844299,-5273.587262677289,-354.4682883186628,-0.0,-67.75701615277583,-2264.4176687428067,-1664.5852531398314,-0.0,-31.617428543783404,-0.0,-604.2736881911102,-27.81338938226799,-2045.2573798684855,-1473.3442367579796,-0.0,-348.7583056950103,-0.0,-0.0,-0.0,-750.3705649352121,-1079.8852618111334,-415.7443416112628,-1250.446892911463,-1885.8795589827557,-995.3373190698704,-443.49957177331294,-443.25820401118455,-129.90543674963263,-1811.7208101490314,-650.2614790435376,-947.4628375773902,-1409.8874660790113,-1654.8846264359113,-1326.6500008114253,-333.1074918835034,-1545.8393473003264,-0.0,-0.0,-0.0,-2543.016997412038,-0.0,-485.43763504882423,-1265.2750888156716,-11.260409445426713,-894.8124778753917,-603.3639540442223,-976.413725660189,-748.6416983341627,-216.10220975558065,-2075.153348588304,-4770.533518609372,-293.6345085191579,-35.63735224401371,-0.0,-115.64362585156823,-7404.66218852296,-2092.279346253774,-650.2464924873415,-2302.493374603703,-217.79256713429183,-0.0,-24.11129649390499,-718.858203059048,-132.6645152992782,-1268.148696180663,-1082.4371605790968,-196.01328763387465,-0.0,-723.1584415970744,-2176.796085188098,-2014.93559217199,-1704.58713427501,-0.0,-1594.3593686501383,-0.0,-49.30754999028969,-1082.5226716530315,583.5156659151002,-0.0,-0.0,-292.68397222728,-1071.4184993695253,-762.8727198484826,-1296.9258399928603,159.98733184523311,-1419.5939969541298,-125.70233610813915,-363.99600516809045,-2169.389986934012,-2010.812952504051,-388.7626878762158,-0.0,-0.0,-0.0,-0.0,-0.0,-1800.6779611655033,-0.0,-657.286939675713,-831.6305054197225,-2540.6419936822717,-0.0,3.558439108835626,509.84500409987436,2180.5014552823322,-624.7841386198654,-1356.343811361562,-0.0,-1608.620262156979,-3952.5686023908825,-781.2973667865623,-5488.618808080904,-1325.5566102193118,-0.0,-828.9475081125884,-2529.6012993548134,-201.81715768924593,-0.0,1155.6612960492946,1403.167312696196,1277.5165828996385,-0.0,-0.0,-0.0,-0.0,-94.28636753105266,-2686.9331710672345,-88.99783102860769,-0.0,-2052.6399511077157,-1192.3364439529125,-511.95721842436683,4.216283826166228,-0.0,-230.6967238548877,-910.414855157664,-0.0,-0.0,-48.63895795245929,189.32946992485972,-2159.2726252558946,-0.0,-896.1077906347355,8.82096841357229,-89.09573775450382,-0.0,314.8260383744217,-103.7168360311058,-576.7946140260445,-2046.784664794625,-0.0,-66.73914356137136,-1158.2880453627406,-1023.4959681684176,-41.60452272716714,43.52733256650317,-0.0,-1341.7135992018855,-823.665326840439,-7.533973609404225,-0.0,-0.0,73.12292384766482,-256.3674636761554,-187.50290912177803,-81.73685672655867,-11.869136776276,-163.99185200407695,-705.4096148451006,-1001.6280730165071,-560.1875967007197,-0.0,-2156.516717965208,-899.3314752532085,-0.0,-0.0,-1161.9439281518662,-2303.204002973559,-605.2770142953764,-8.047389546118245,-2873.560976027802,-122.0955718227644,-81.53800104665589,-1156.9891362718265,-0.0,-391.3191713643743,-1453.7405110597902,-4.413131831984391,-0.0,-3472.4220174524853,-147.72799995752283,-1556.267463681129,-1084.0258271474531,-1337.6228703805505,-2651.578330874391,-85.88453030894793,-819.0705115483187,-1869.970365317379,-1367.6371498197636,-1131.7815695765833,-226.0060633295865,-1848.9485569414132,-0.0,-3159.7213332282727,-0.0,-6526.711396708337,-239.87270796937628,-89.51358267262094,-1531.9521938493328,-0.0,-0.0,-0.0,348.9173851077083,46.584186097273886,-864.063658243103,-1438.6040526824677,-487.9007227029738,-1267.07479023133,-0.0,-0.0,-1404.8823948363763,-359.9169388844634,-505.4620720358034,-165.81702543891382,-0.0,-1686.8830680292967,-328.06282628576906,-2020.872776507615,-0.0,-35.67694300959329,-0.0,-1809.0992966093813,-776.7619872367036,-1491.9079427714332,-0.0,-0.0,-1785.9373628253206,-565.8127097442094,-784.2285873153492,-1571.0393314710707,-460.6565920903685,-1264.467328234121,-0.0,281.20986488682155,-1166.0665317831294,-4085.7059890961473,290.41236870271933,-1510.6993740465127,-7852.467643576964,-694.8833086370324,-689.6326409197794,-232.0879914972027,-228.1837181465504,-1071.6376665145465,206.11410846795206,-225.51173060000315,375.49800757376084,-1104.9007155963102,-562.2776607939585,-0.0,-1331.401889832084,-1746.3982776272583,-899.1816159225255,-390.2101037341604,-0.0,-0.0,-34.06929016236453,-1060.827384548138,82.29624550310794,-2300.3749838247877,-0.0,-0.0,-520.455146715106,-676.2761638747431,-1164.623384571582,209.1810732641379,-2608.7074904180026,-1545.9081369944847,-1308.8573838018235,-245.75325547186856,-0.0,-369.25823712844146,-0.0,-715.1174240643434,-24.52311576701825,-1593.9011455814864,-483.4511473826088,-1008.7571541028095,-409.8247854247057,-363.1306712360501,-0.0,-1243.0935784640944,-714.3809902844955,-1269.4911030742628,-0.0,-3192.5535891418663,-1375.2789026794342,-1452.813647566195,-979.4914812571259,-1131.996640973513,3.9037885459738835,-2179.7905674544104,-721.3411196647355,-1230.5457500253397,-1963.6745739559726,-322.49620173388934,287.1489035597038,-1029.3128424619642,-0.0,-0.0,-22.044630381131476,-56.606093522083384,-18.698819770586898,-246.49875117323245,-0.0,-0.0,-0.0,-0.0,-0.0,-0.0,-0.0,-0.0,-0.0,-0.0,-1282.8583124878662,-2560.1856268260376,-2237.616057618213,-0.0,-0.0,1555.6460215182428,-530.4069948170256,-0.0,-430.06609292290784,-467.982564991517,-977.9655813268098,-970.261613042198,-1240.448876514008,-0.0,-777.428425380181,-403.6621280404066,163.53102328001572,-0.0,945.8337820861187,-0.0,236.69366286280638,-0.0,-335.9940277219251,-0.0,-443.986710845273,-1099.1706037611507,-1831.0514942546222,277.3026854362015,-0.0,-0.0,-0.0,-0.0,-0.0,-416.6355553775892,-83.26186261852413,-0.0,-0.0,-0.0,-517.6339513997953,-0.0,-39.41073006558914,-650.2569636514604,-3711.4376710438514,-0.0,-1374.986738970094,-0.0,-616.328568770181,-0.0,-0.0,43.497752232266784,-0.0,-153.5215059975455,-0.0,-0.0,-0.0,-1091.3881126031806,-1754.662591437383,-0.0,213.97257528542397,-2245.1030582172025,-0.0,-78.17131842514219,-284.4880413821173,-0.0,-0.0,-1623.3186852178333,-0.0,-880.1576297315124,-1265.0865590435403,48.18943010998439,-3132.127956979304,-1628.857951614102,282.5159012149969,-807.1514099452382,-0.0,-1043.7583844346107,-0.0,-0.0,-0.0,-3888.273216969069,-942.3760832568493,-1542.844766328922,-0.0,-403.9353550903032,-4.465947727398358,-1328.4721852896928,-2046.840556756433,78.16598903450652,-3110.482249820441,-0.0,-1626.868015032546,-2374.6864666780766,-0.0,-0.0,-0.0,-0.0,-2438.9316591691063,-177.80745547418297,-1599.2800017404325,-0.0,684.8965735913641,1141.0093725898478,-0.0,-0.0,-800.3358238155844,-1000.2805807823066,-344.6853039038957,-19.850023901843848,63.76713346107904,-0.0,-1346.624962152192,-0.0,-270.3362951499041,-1229.9432216303815,1381.7957330481709,-0.0,-0.0,-0.0,913.4876779331422,1011.9589734150646,-823.8736727222215,-0.0,-1420.3581145628755,-0.0,-1071.1153308152332,-624.6371112588898,-0.0,-0.0,-0.0,-0.0,-0.0,-56.19264141845039,-0.0,-0.0,-0.0,-1143.1046518248752,-293.5786876183277,-0.0,-0.0,-0.0,-173.10414033471685,-80.59346711255903,-633.7731329618846,-717.6244316865541,-2932.321417866573,-1354.5888828133402,-1114.923896679291,-0.0,-3047.8803070191047,-37.93040000636694,-0.0,-1022.0524787453883,-2361.937584157486,-790.4456444556427,-462.2041844552933,-1109.7924290372896,-276.5432509221509,-662.3364402029338,-736.9751255417863,-1095.6242505942146,-275.2211678371078,-1715.7399330014166,15.428448655633064,-394.7809854218802,-0.0,-0.0,-791.4612086304397,-3813.8635858016287,-0.0,-1105.9652181890294,-512.0680486048894,-0.0,-381.7046322194447,-682.9993520152418,-692.5548286612764,-250.87852988310232,-0.0,-0.0,-0.0,-0.0,-0.0,-43.11224909553364,-0.0,-632.6781365971818,-0.0,-0.0,-755.5342306204358,-1109.1219799289006,-2705.39323303124,-446.83858609052834,-713.16169262119,-105.82866063690366,-1937.0632199256452,-0.0,-982.3944935151297,-562.4782243930188,-490.0382395679579,-1353.1948409377462,-938.664581311114,-1774.6606934747315,17.172531087403073,-473.84884161196163,-0.0,-1123.4811866991633,-1118.7116914975875,-158.97255378846424,3.822694193313897,-2429.031045748568,-1337.2326381763069,-743.7906235422719,-0.0,-613.6130601871138,-719.0866712223815,-538.218723010217,-2508.1864358015864,-3.7365957366544076,-0.0,29.428083376711196,-0.0,-0.0,-264.90216981495996,-3934.962678136365,-197.34224751974534,-1473.3688929178772,-3861.1647245283166,-0.0,-4628.153785226014,-248.3550257580141,-2000.9303641927722,368.4692026734016,-0.0,1587.731398007654,-907.5682839251268,-0.0,-1989.149437555382,-0.0,-68.69160144692351,-41.76014239418537,-0.0,-0.0,-0.0,45.252149181224205,-0.0,-0.0,-0.0,-638.8271939475446,-1433.4047512643167,-687.2875441976921,-0.0,-3520.1959203926403,-0.0,-0.0,-0.0,-227.02735278425604,-407.632679917688,-0.0,-1974.2388978479546,-0.0,-0.0,-3467.7324202927944,-0.0,-22.434478328232878,7.6211199642714895,-492.0613353436324,-20.129091836702926,-0.0,-0.0,-220.449466207095,-0.0,-0.0,-1339.4365279817155,-1105.1332106873563,-1607.3081097821364,-0.0,-268.6305380500977,168.44700224372772,-368.56475746577877,-14967.582700616165,-0.0,-596.1351763993886,-1310.8205251483812,-580.8867747639764,-0.0,-33.85618600056774,-16.27112070412714,-271.3103280763864,-1059.705686632118,-0.0,-0.0,-0.0,-483.7724942707467,-2796.6222449513125,-1333.7894685860083,-0.0,-0.0,-0.0,-356.02953436944335,91.52618193277036,-8.079891999321877,-1388.9632195249612,-0.0,-0.0,-1018.255694782772,-0.0,-0.0,-0.0,-2752.52269454105,-1012.0095258841736,-0.0,-1111.75604507717,-619.6222173153367,-253.23648221065213,-715.7884518399219,-1112.6276726082242,98.91313341870337,-1356.6493698386428,-1193.6841127615967,24.869825812041597,-1940.358693199486,-0.0,-0.0,-0.0,-0.0,-483.0070716571403,-0.0,-0.0,-572.3656142922644,-1059.9230143157774,-733.981571044579,-0.0,1586.884423911982,1499.7748565193187,1484.6993949919022,-0.0,-0.0,-0.0,-847.7697394198278,-42.73922495830361,-757.4718551919076,-79.4545289683695,-694.4053300917762,-1662.5860966556859,-1247.4459597190983,-2033.5576809696543,-0.0,-0.0,-0.0,-0.0,-546.343891019506,-847.8099488229686,-1759.4905073476725,-429.2084228969128,-1379.2981242863364,-1978.2220825475617,-2157.034325888647,-0.0,471.71220095559084,-413.3435642882316,-379.1648420675489,-118.27613116385899,-4657.823444031452,-64.06652343268901,-0.0,-895.8707155538469,-1552.640270417003,-0.0,-70.7282821921153,136.8803319883418,-94.676717401606,-501.46917732711626,-2331.296704489645,-163.29883941790544,-1655.871327414148,-0.0,-1874.2097988253565,-1819.7764505161333,-1496.1689910918913,-0.0,-1844.645741524434,-323.4965189912486,-674.8881542675767,-969.2299756491119,117.07864067773494,-1943.9429658405538,-1255.9429457505557,-0.0,-97.70826429098805,-0.0,-0.0,-0.0,-1038.5966292738212,-634.9764216295006,-0.0,-0.0,-0.0,-3726.1151075214634,-1944.7596032253655,-0.0,-0.0,-4.519761992992908,-1754.1880594702438,-953.0583795974788,-0.0,-770.3789003160974,-1400.0640441023968,-583.0600232124356,-23.503633748361143,-900.5716388303991,-8.861659204173494,-1600.7155951529855,-1709.7996693166356,-0.0,-0.0,-44.02888224370443,-0.0,-0.0,-1319.549911536837,-98.68304535386616,-458.85306736568543,-0.0,-0.0,-0.0,-755.9446797688145,-334.9786206682679,-116.8509419518215,-472.50056531538604,-232.59995269650932,-2041.2461857709739,-321.25745730706797,-589.5489378150153,-1339.160824939764,-0.0,-413.40548679026466,-0.0,-1772.6101017306207,-1521.1386547044128,-1789.8420907983925,-446.4223916594991,-296.829482915727,83.89093971042054,-976.9502048413141,25.00118660196386,-0.0,-485.13060237052804,-0.0,-0.0,-511.63042690386,-124.82774264255868,-2896.1454121742695,-2937.7355842982483,-522.5027149246985,-0.0,-0.0,-1062.619192372688,335.2982034157538,-0.0,-0.0,-0.0,-1148.52761900623,-46.39294324886627,-494.0500861674152,-3870.4023762991205,-1502.0625329018578,-1168.935633826792,-462.79081095262904,-182.1933896159297,-1295.0844379419739,-726.401960766808,-505.5931120234868,-0.0,-683.3821815899238,-807.0284301544289,-1733.201069233536,-0.0,4.402023235760983,-13.144340016646257,-0.0,-0.0,-1863.6657962987633,-0.0,-3660.0964759846565,-1205.1748239812996,2548.6346747524444,2943.7242357195028,-0.0,-0.0,-815.9641856897995,-1106.5123783749655,-609.6570814457251,-364.44790024793235,-3204.053683409271,-592.9683605310978,-0.0,-0.0,-0.0,-1274.390686960113,-680.3337362877337,-166.8783037817128,-2656.9207606200907,-1057.0639849167685,-27.63668448384712,-434.5286828184388,-1090.2344362661647,-340.89957143091544,-546.2520268032152,-0.0,-65.33815926078546,50.26116579410118,-1013.8124387033645,-170.49111081031575,-0.0,69.29245649875597,141.59198678935448,-221.56604913211157,-1418.9772267751375,-2380.258272286653,-63.2983530102487,-944.1589593558214,-1431.286524633789,-0.0,-0.0,-700.5106719983005,-0.0,-0.0,-0.0,-0.0,-652.8335211135447,-23.56517408508356,-1272.1524418975082,-1209.9051220510426,-2620.5304707824334,-1190.901135975471,-0.0,-608.6667488618245,-0.0,-1638.1870225048765,-1696.0565448475472,-1381.7723137537887,-1029.9584438711743,-0.0,-2207.2547446436347,-0.0,-0.0,-0.0,-3664.3134144917776,-1257.4776500240405,-269.062304977736,-893.9888861963136,-909.8181647434535,-1078.923324343619,-0.0,-0.0,-0.0,-40.67984660769027,-6196.226774729034,-719.3992756667716,-1897.1265429645675,-4250.185214809045,-2324.2976307440613,-438.74970425210563,-0.0,-1998.7901281941904,-763.1827389501004,-0.0,-340.52503179273873,-385.0316959996879,-39.24142784978307,-1012.9578158109354,-311.48515691035135,1501.8117740120615,-485.93307613584676,-0.0,-0.0,-1016.0117114857068,-846.7515727931282,-2320.1430222156055,-315.14704382661813,-0.0,-0.0,-670.9382196020207,-0.0,-0.0,-0.0,-0.0,-1396.711186765977,-639.2148949343039,-1274.79709586609,-537.6215332724071,-4.004987218894742,-792.8277025285468,-0.0,-0.0,-0.0,-0.0,-2930.9719182583367,-0.0,-0.0,-0.0,-0.0,-0.0,-0.0,-821.1957561439026,-0.0,-2839.403243097887,-503.80946080501224,-206.65953056882938,-1315.535674696739,-0.0,-0.0,-1385.4306262989928,-1482.5991590344017,-4.45385248480594,-446.48023822365263,-56.252100847920126,-1804.070972126459,-995.0726506695275,-0.0,-3974.4503437501744,-1329.8411161219242,-0.0,-0.0,-17.341475712743428,-426.94589176327867,-1257.905487547695,-0.0,-0.0,-22.629603734840483,-1683.3670674736243,-610.9385830154613,-362.58019408189887,-88.11923502368901,-1966.19451541779,-0.0,-0.0,-0.0,-0.0,-0.0,-532.0799445075518,-516.2085895126669,-617.3084360267286,-4349.80158601658,-1727.048645074513,-1268.9705345322418,-111.44985574322469,-1009.7821859422692,-1246.2385598992105,7.655708470174823,-0.0,-0.0,-0.0,-660.8500133057996,-425.1230216995499,-1745.289444912187,-609.4782397419768,-0.0,-1791.2022701213662,-0.0,-653.6425822485646,-0.0,-0.0,-2022.0535835530256,-633.3633779904361,-579.3730108193973,-1464.6138440243676,-140.59339671902276,-13.23419307304375,-792.6047735722946,-1493.872375342671,-0.0,-459.20982766207624,-1196.0791023974011,-4327.159187622047,-0.0,-291.43127689866037,-2338.523460670119,-1576.3059865255498,-1293.7182556594676,-555.9251232728457,-1291.5628308944274,-0.0,-363.72290549209504,-0.0,-263.3531730421408,644.08726849076,-0.0,-0.0,939.3023043627057,-0.0,-2287.6982591820793,-783.8842626120862,-971.116556793613,-1230.2037272301031,-1512.6660796308254,-392.5143385766229,-151.76042651921378,-0.0,-0.0,-929.5834767852385,-1030.568454162596,-810.3819195381145,-0.0,319.815259703695,351.2764749565513,-244.18944789366674,-2884.411937182749,-1861.1420225617244,-0.0,-0.0,-1480.1098651911104,-4270.262940765652,-2806.880153399613,-536.230867540822,-1009.75471871226,-1161.2681875818073,-0.0,-219.5005302120253,-0.0,-752.04705632801,-231.65320117810282,-1945.4848165864303,-2734.617886829955,-318.77651595320503,-584.4212971165281,-4629.366632522781,-1276.437541159086,-585.0182207156579,-290.03989307787197,-1330.4804881142074,-720.7902951940429,-4.561729064722388,-1567.5264998639816,-1832.1135328826583,-0.0,-0.0,-607.540686246255,-1320.3414474390454,-354.67671455640436,-4.552523459095855,-0.0,-0.0,-0.0,-0.0,-0.0,-36.54718048171425,-726.8701535602195,700.9526844478852,-462.9740570665769,-769.3168669763068,-574.8236472447528,-1149.179718308719,-1608.9649777613204,-1221.5534479604842,-1886.5981982962664,-297.6832552098552,-585.6946506922105,-1612.1976990562307,-664.1330923936162,-0.0,2497.4611338543073,-254.9876298949857,-73.72692829779403,-0.0,-905.2616362788135,-655.5214736126201,-1390.8678487736158,-2014.878203139598,-2276.497626461698,-0.0,-0.0,-0.0,-0.0,-1048.986812619151,-1736.1086506653776,-0.0,-876.4356913535759,-8.824618599930886,-0.0,-0.0,-0.0,-2634.4513298187157,-803.6084728279448,-187.69278771409176,-46.434325876024964,-0.0,-0.0,-1162.060313170951,-1411.9000155156182,-863.8437423491478,539.7102373076007,29.17595655562462,-0.0,-20.68645164912859,-0.0,-1715.6545627815542,-562.1983831289418,-1451.4506783859597,-1837.963202763207,-1705.5502908001802,-42.52431001083775,-0.0,-0.0,-1693.1033658973718,-386.96172929647975,-0.0,-0.0,-239.6238712133934,-0.0,-41.93592517588985,-0.0,-1338.2851029850135,-766.1992074281266,-0.0,-83.71129462313216,715.3963509804331,-0.0,-196.81715418462312,-2418.5471022183783,-0.0,-0.0,-719.2431611302569,16.065905093924425,-0.0,-0.0,-851.9467287590879,-1560.3339646516072,-0.0,-853.9959774212292,-0.0,-1354.7657623483283,1726.3528843576719,25.242566381352194,-2041.1190490498082,-1649.3830696406894,950.9347608690432,-0.0,-2145.0083204358693,-883.6361513288083,-1049.7708934170769,-0.0,-709.4275804011038,-126.62556967207493,801.4489258910387,-391.5903680510135,-1562.985373754195,-0.0,-0.0,-0.0,-925.1700511575777,-634.2689675281134,-823.3307780663114,-1139.2684665307354,-1062.273127593666,-29.910681934605755,-1149.8648120648234,-966.4042772708863,-1223.633425446094,-0.0,-0.0,-556.2685722362532,754.8923846251215,-6913.589234183552,-0.0,-1317.655176020141,-2082.6412172753576,-830.1316673610359,-790.8095233884018,-63.69836581230835,-2435.319154638803,-353.69119834667646,-0.0,-1064.5544262467308,-960.5944370881114,-668.6438629004648,-0.0,-1566.0453731379143,-2172.078725413233,-26.39145168337509,-1164.706793750424,-2436.8608250652483,473.806081423858,-0.0,-473.1207721122515,-171.37549398558278,-1422.2477914814826,-953.1772538066389,102.40903016736146,-132.77543860066228,-827.1637987808926,-518.3942374981134,-581.3234871199445,-686.2824715706729,-528.5960842233734,-0.0,-1386.4145030493519,-0.0,-1255.1771727733515,-785.1608867041663,-177.22469591080585,-0.0,-1877.7361558870718,-5100.500065945647,-0.0,-448.7601609350062,-0.0,-2342.0522469169,-264.62724801680235,-0.0,-435.68864365172436,-435.4383145288421,-0.0,-2485.794878045103,-1698.9092431408203,-0.0,-4513.989420233988,-131.64618545248192,-1376.3293480126044,-1436.931651191236,-1654.3889372868575,-103.75305297938908,-0.0,-956.2141226860292,-2155.963014395471,-550.5437961177458,-933.818541047318,-1154.9347530555467,-1753.8591261762508,-2439.0493873772343,-830.711053678196,-2135.48890856493,63.354576249412474,-0.0,-323.54289238941965,-1436.9566277776144,-1263.9913932592667,-0.0,-0.0,-0.0,-448.2829315284001,-506.8518179163286,8.120628191683624,-596.5250636617856,-0.0,-1289.2902537672762,-786.8685411003107,-616.1921415065253,-0.0,-0.0,-329.9818016540754,-1888.5679650401994,-922.5383113454207,-284.7777788292904,-981.0880755877663,-37.59414082636898,-0.0,-0.0,-2849.8224610107577,-1225.0535763797789,-0.0,-0.0,-0.0,-77.6008916784075,-963.5935500922844,-50.59991062266108,-1743.2372811296607,-1589.527271243521,117.29036473721517,-0.0,-649.87976421697,-0.0,725.609192546968,-133.18990526277477,-0.0,-1684.8939521843608,-335.0159166257089,-2076.27724726849,-0.0,-1698.8297882457823,-668.7130611042437,-203.3093704494436,-12.643097366796912,-35.10609298508899,-0.0,-0.0,-789.9786661447819,-1308.3349278176531,-0.0,-621.0016469041726,-0.0,-381.042857698354,-572.3112070108723,-0.0,135.8864107446065,709.2034165212593,814.1857988567868,878.1773072488133,864.3138586931371,798.2023813778065,-0.0,-0.0,-0.0,-0.0,-0.0,74.45051705329499,-0.0,-0.0,-649.507823310486,-167.73358803684573,-471.4091571501189,-81.70677248755806,-0.0,-1142.8524399168798,-1530.67789453637,-2102.7775646891473,-247.39652083342492,-201.59971017971878,-0.0,-0.0,-625.8307962426983,-0.0,-0.0,-0.0,-0.0,-2767.803514294544,-0.0,-42.337765601873905,888.522840275193,-0.0,-1055.7290486832605,-622.3069608293076,1502.0264660154469,-998.8119256928719,-0.0,-3016.4717780809656,-2318.0640097964247,-202.0291741137602,-814.4647489330836,-1246.992863691253,-549.4807026134083,1212.314866902326,-85.65738738657916,-601.9635220027008,-0.0,-0.0,-485.53507515612273,-0.0,-887.7631884741442,-0.0,-461.7492683352062,-38.28094545138772,-0.0,-0.0,-1176.440346544386,-0.0,-0.0,-572.2647742079741,-1206.1252354561304,-2084.1047034665635,-0.0,-0.0,-0.0,-1856.2668323750704,-0.0,-1057.8061592941417,20.482230636925802,-0.0,-0.0,-1172.880121651157,-1027.2022622016163,-1261.888390312085,-417.5297196811608,-0.0,-1396.1204109658886,-289.35666159348483,-0.0,-0.0,4.199047793145533,-40.47530102446016,-4589.275348473109,-0.0,-124.42654865550911,-27.770831900608673,435.5772305965061,-78.89418644798154,-1025.7927706377657,-939.2563844870252,-476.21337557689225,-0.0,-0.0,-1909.5324491416432,-0.0,-0.0,-0.0,-0.0,-0.0,-0.0,-0.0,-148.63102275024647,-0.0,-0.0,-1860.6059487317139,-6914.171055557567,-133.73809230699058,38.17525830314884,-387.12024539083393,-718.9876255970464,-118.254252619379,-4291.916840307016,-240.6775558805991,-315.8071171755302,-0.0,-0.0,-0.0,-1741.549368805932,-0.0,-38.33460130301892,-0.0,-0.0,-0.0,-475.97439923181264,-12.060509784079608,-247.1435905068651,-1307.2782881703274,-654.8796220486615,-72.43575924223339,-2482.8784681666766,-0.0,-82.2812007599279,-2320.2017285218885,-0.0,-1321.7719538541246,-83.34525127632577,-1476.7336001155827,-0.0,-0.0,-1056.3397095449359,-676.4514729722814,-35.4990053114366,-947.7739054528167,-929.289827812998,-729.5504115581344,-157.91503701118953,-779.9700253447633,-744.198249994368,-2280.6138946514016,-966.758268511087,-0.0,-1561.9361567607282,-403.1594838355582,-656.7532848554491,-0.0,-0.0,-1121.1421340358152,-2396.7944842460315,-926.4353057151282,-0.0,-0.0,-0.0,-3830.1429800066962,-880.5246992171004,-173.92611610776055,-350.03581276275304,-38.722878026231406,-3865.575283873781,-0.0,-0.0,-2401.808988753919,-878.7083307076314,-0.0,-0.0,-0.0,-80.3997124027928,-0.0,-1891.8455723859317,-1815.8723809655642,-0.0,-356.32574619515816,218.40053972071883,-0.0,-0.0,-0.0,-1114.2423924344982,23.713171491670384,-2532.594876493396,-662.5970525734289,-1221.2182756391142,-778.2107616850798,-3286.770273239971,-1726.3866973953998,229.6747109152854,-0.0,-3021.9964163762597,-0.0,-0.0,-0.0,-1281.8550885140037,-730.2558367605503,-1824.9582732681274,-0.0,-0.0,-847.8078705951475,-1530.0287879600082,-656.8612474090176,-526.5113995243173,-0.0,-0.0,-1237.947167207026,-0.0,-0.0,-0.0,-0.0,-0.0,-0.0,-560.3991706866053,-78.12519697603307,-1575.0559171359082,-0.0,-705.223515669906,-1249.3717497522027,-35.20916685015547,-0.0,-0.0,-0.0,-0.0,-0.0,-0.0,-0.0,-0.0,-0.0,-0.0,-1265.9370555912537,-1777.7858698701782,-0.0,326.5194680749764,-0.0,-664.3769873267322,-98.98392883215512,-0.0,-883.928408839591,-399.8420212019934,-99.56594790993579,-1950.6233604535742,-504.64714318154296,-2683.5642400636384,-174.34210293956434,-2165.2713723974134,-1696.4609497113925,-890.2044658008379,-4.338234292586313,-0.0,-1178.3228241321756,-2092.3740652890788,-2313.860301595166,-86.89971189027915,-227.0356437441378,-1852.0768964902998,-0.0,-2242.506782178752,-363.2864727882379,-0.0,-1787.266300578925,-0.0,-917.0743839078975,-0.0,-2813.7073375076816,-0.0,-0.0,-79.36832976565118,-1076.2593804447297,-497.59105737912193,-0.0,-1367.2661168622262,77.27330656176495,323.48515609192043,362.2297000175227,-284.1948310221089,-1699.6353434855755,-582.4867399761481,-0.0,-0.0,-5690.744467105586,-1135.659447704505,-0.0,455.10318472838696,-0.0,-2023.1639435931993,-507.4893879950911,-657.3150683458099,-0.0,-0.0,613.5786848522567,-0.0,-964.2433111484877,-1245.7806139853017,-1888.0212811320139,-0.0,-681.2971487833162,-2935.6064400181363,-974.1006347754652,-0.0,-1376.585816060227,-145.2826223186587,-1168.6160385890744,-0.0,-871.0200657442617,-0.0,-0.0,-0.0,-884.8676311668663,-0.0,560.9123368649553,-0.0,-368.8177788079437,-758.3431539295315,-469.1371692051975,-1119.2615589743446,-574.6168422559446,-2099.3572645766276,-1249.9113060547716,-0.0,696.5410304222266,-2413.2119390901576,-1701.7158805552283,-685.6791608937243,-0.0,-0.0,-0.0,-148.09774368886417,-1224.1885464044221,-298.4200366834239,-951.8966266824011,-2048.45774383895,-2595.1151000204395,164.5433564156923,863.0273405095011,737.2592771334977,-0.0,-0.0,122.41301855160393,-32.64442710541593,10794.113759804886,10049.899495083184,5272.857679191456,10026.59103900862,10726.655910074667,11042.537112758471,-0.0,-0.0,-0.0,-0.0,-0.0,-1402.503796282792,-1242.5451485460537,-823.5316959957945,-0.0,-2740.314391936382,-649.2975967415482,-1167.4882519865905,-31.51700919084705,-874.7823595220759,-1267.1907329478704,-1068.1702896060178,-1290.782638438241,-0.0,-2648.773871317123,-1814.073246504077,-790.4888674185836,-123.41979778672507,-3478.572894793511,-0.0,-242.991182190794,-0.0,-11.711183220852403,-0.0,-136.22302686881326,-300.2526502213114,-1034.3372046814504,-862.9836001020643,-0.0,-0.0,-0.0,-2390.6758209029754,-0.0,-0.0,-270.5342259559012,-1022.3884329077667,-931.827307160371,-93.5570003907712,-1200.256849519202,-1948.0591488271527,-344.84010871334766,-0.0,-0.0,-125.87911487973676,-1195.6652311566252,-353.23660111201764,-0.0,-5457.368058957416,252.0558498153549,-0.0,-0.0,-0.0,-32.11814968244778,-432.3136153574066,-0.0,-0.0,-1243.3581623282034,-2091.1371553480035,-1383.5729105483797,-406.6666047009175,-410.9739314206231,-426.9931999600169,600.7354210984823,-1306.5241197273822,-0.0,-552.1732813425036,-2767.7868037204767,-577.9626123567308,-8.116837852844194,-0.0,-5.3815137783529385,-0.0,-0.0,-0.0,-1183.8571861572382,-432.97635869476454,-1548.6271969841048,-0.0,-0.0,-0.0,-248.968124400861,-609.8492917051408,-1518.3912688971059,-3366.5105951697406,-346.8037422339813,-213.19059938874713,-0.0,883.5329108257907,-0.0,-1220.4265336203089,-172.31616432115052,-0.0,-0.0,1080.3106499738838,-0.0,-1769.424079882015,-0.0,-0.0,-0.0,-211.78845174982104,-2144.2340624556537,-1801.1986474737005,-31.044335875415122,-2558.674018468361,-1487.968813032165,-26.340151795301914,-28.40127350590452,-72.0732130276802,-0.0,-0.0,-2069.2720920843335,-0.0,-5926.836919935497,-0.0,-1354.7836692534474,-265.73821046308825,157.6740746884426,-0.0,-58.89681570369958,-1303.1477247334492,-1617.3807556060221,-576.5921271821674,-34.072156472757,-258.62099130162164,-0.0,-0.0,-0.0,-0.0,-1149.7241192745812,-887.6211289829612,-0.0,-601.979994117405,-1292.6166834766145,-187.54633848301327,-83.32402080170505,-0.0,-0.0,-0.0,1126.028067692067,-3.8463850206612986,-0.0,-586.5015501966761,-898.722919724925,-1441.3736476717622,-0.0,-0.0,-2105.7197056379478,-0.0,-0.0,-0.0,-0.0,-687.788472724297,1021.326739263367,1140.3061275916032,1247.0918138803963,-0.0,-0.0,-0.0,-610.1382724482821,-0.0,-0.0,-384.36502064547915,-639.0387082393348,-0.0,-224.26573277927835,-1378.7778896897967,-1277.9880143345576,-0.0,-0.0,-0.0,-12.066508282010803,-1563.7453205673867,-4.474486001321151,439.8213158409436,-0.0,-1691.1970286568499,-790.53479162398,-545.8572075636757,-1947.620646882056,92.14689408574166,-301.93852970477104,-19.206294128216346,-441.6399787782419,-382.47428772095725,-1016.448910971304,-364.08891578812,901.5370973171576,-1492.182577104802,-234.80662598333151,-176.6417860889713,-4000.6143872948783,-2942.562304395831,658.8229277788155,-1015.600012026793,-210.27338740971817,8.688229268227108,-841.9583169770275,-1198.249918282749,1840.483573664812,-629.2019266558468,-700.7935035043732,-718.8382843169142,-0.0,-7115.645724685068,-0.0,-480.65901689901904,-902.1602993506508,-640.8849429734514,-963.506636720489,-1184.9778050312066,-0.0,-1073.0875918843099,-169.0790896031766,-87.18048592102559,-6516.944363535776,613.0427489874883,-205.4694743902692,-0.0,-569.0210063845091,-1313.6822721643068,-0.0,-0.0,-486.4716290729813,-1578.2694184643403,-87.21509523627972,-234.80900944681355,-280.4356597622939,-1105.3332674717321,-0.0,-0.0,54.13251004651742,-0.0,-0.0,-1821.959093012657,-0.0,-1737.3664944677485,-911.8717603973407,-1243.9166793657587,-0.0,-0.0,-510.2196399289513,-900.5999142647203,-143.10318996709776,-0.0,-467.7038581145753,-154.04057866723832,-533.5675240583527,-0.0,-200.67539815496787,-504.0992354584823,-2241.6227283486155,-991.7755910944747,-1702.2556460358546,-0.0,-0.0,-1425.33406967634,-21.719519039969594,-0.0,-0.0,-1163.0350931790201,-0.0,-0.0,-0.0,-0.0,-0.0,-0.0,-0.0,-0.0,-0.0,-0.0,-102.15303193480625,-0.0,-0.0,-0.0,-0.0,-0.0,-0.0,-0.0,-0.0,-0.0,-0.0,-0.0,-346.9929935725079,-0.0,-0.0,-0.0,-0.0,-0.0,-0.0,-0.0,-0.0,-0.0,-0.0,-0.0,-0.0,-0.0,-0.0,-0.0,-0.0,-0.0,-0.0,-0.0,-0.0,-0.0,-0.0,-0.0,-0.0,-0.0,-0.0,-0.0,-0.0,-510.5731891009272,-0.0,-0.0,-0.0,-0.0,-0.0,-0.0,-0.0,-0.0,-0.0,-0.0,-0.0,-0.0,-0.0,-0.0,-0.0,-0.0,-0.0,-0.0,-0.0,-0.0,-0.0,-0.0,-0.0,-0.0,-0.0,-0.0,-0.0,-0.0,-0.0,-0.0,-0.0,-0.0,-0.0,-0.0,-0.0,-0.0,-0.0,-0.0,-0.0,-0.0,-0.0,-0.0,-0.0,-1359.5627687173114,-534.1239044135797,-1739.3302376644456,-0.0,-0.0,-0.0,-0.0,-0.0,-0.0,-0.0,-0.0,-0.0,-0.0,-0.0,-0.0,-0.0,-0.0,-0.0,-0.0,-0.0,-0.0,-0.0,-0.0,-0.0,-0.0,565.8303384590537,-0.0,-0.0,-0.0,-0.0,-0.0,-0.0,-0.0,-0.0,-0.0,-0.0,842.779023257844,-0.0,-0.0,-0.0,-0.0,-0.0,-0.0,-252.09439646395705,-0.0,-0.0,-0.0,-0.0,-0.0,-0.0,-0.0,-0.0,-0.0,-0.0,-0.0,-0.0,-0.0,-0.0,-0.0,-0.0,-0.0,-0.0,-0.0,-0.0,-0.0,-0.0,-0.0,-0.0,-0.0,-0.0,-0.0,-1112.5449945285352,-0.0,-0.0,-0.0,-0.0,-0.0,-0.0,-0.0,-0.0,-0.0,-0.0,-0.0,-0.0,-0.0,-0.0,-0.0,-0.0,-0.0,-0.0,-0.0,-0.0,-0.0,-0.0,-0.0,-0.0,-0.0,-0.0,-0.0,-0.0,-0.0,-0.0,-0.0,-0.0,-0.0,-0.0,-0.0,-0.0,-0.0,-0.0,-0.0,-0.0,-0.0,-0.0,-0.0,-0.0,-0.0,-0.0,-0.0,-0.0,-765.1934015282642,-0.0,-0.0,-0.0,-0.0,-0.0,-0.0,-0.0,-0.0,-0.0,-0.0,-0.0,-0.0,-0.0,-0.0,-510.1221929040035,-0.0,-0.0,-252.19000203321065,-0.0,-0.0,-0.0,-0.0,-0.0,-0.0,353.667934531024,-0.0,805.1063603029833,-0.0,-0.0,-0.0,-0.0,-0.0,-0.0,-0.0,-0.0,-0.0,-0.0,-0.0,-0.0,-0.0,-0.0,-0.0,-0.0,-0.0,-0.0,-0.0,-0.0,-0.0,-0.0,-0.0,-0.0,-0.0,-0.0,-0.0,-0.0,-0.0,-0.0,-0.0,-0.0,-133.60030107027467,-0.0,-0.0,-0.0,-0.0,-0.0,-0.0,-0.0,-0.0,-0.0,-0.0,-0.0,-0.0,-0.0,-0.0,-0.0,-0.0,-0.0,-0.0,-0.0,-0.0,-0.0,-0.0,-0.0,-0.0,-0.0,-881.6757758847041,-0.0,-0.0,-0.0,-0.0,-0.0,-0.0,-0.0,-0.0,-0.0,-0.0,-0.0,-0.0,-0.0,-0.0,-0.0,-0.0,-0.0,-0.0,-0.0,-0.0,-0.0,-0.0,-0.0,-0.0,-0.0,-0.0,-0.0,-0.0,-0.0,-0.0,-0.0,-0.0,-0.0,-0.0,-0.0,1384.430010174136,-0.0,-379.3772034233722,-0.0,-0.0,-0.0,-0.0,-0.0,-0.0,-0.0,-0.0,-0.0,-0.0,-0.0,-0.0,-0.0,-0.0,-0.0,-0.0,-0.0,-0.0,-0.0,-0.0,-0.0,-0.0,-0.0,-0.0,-0.0,-0.0,-0.0,-0.0,-0.0,-0.0,230.3189827214552,-0.0,2186.49496070723,-0.0,-0.0,-0.0,-0.0,-0.0,-0.0,-0.0,-0.0,-0.0,-0.0,-0.0,-0.0,-0.0,-0.0,-0.0,-0.0,-0.0,-0.0,-0.0,-0.0,-0.0,-0.0,-0.0,-0.0,-0.0,-0.0,-0.0,-0.0,-0.0,-0.0,-0.0,-0.0,-0.0,-0.0,-0.0,-0.0,-0.0,-0.0,-2328.172584844087,-1489.816824861945,-0.0,-0.0,-0.0,-0.0,-0.0,-0.0,-0.0,-0.0,-0.0,-0.0,-0.0,-0.0,-0.0,-0.0,-0.0,-0.0,-0.0,-0.0,-0.0,-0.0,-0.0,-0.0,-0.0,-0.0,-0.0,-0.0,-0.0,-0.0,-0.0,-0.0,-0.0,-0.0,42.91295951277668,-0.0,-0.0,-0.0,-0.0,-0.0,-0.0,-0.0,-0.0,-0.0,-0.0,-0.0,-0.0,-0.0,-0.0,-0.0,-0.0,-0.0,-0.0,716.9539337858026,-0.0,-0.0,-0.0,-0.0,-0.0,-0.0,-0.0,-0.0,-460.49382094806055,-0.0,-0.0,-0.0,-0.0,-0.0,-0.0,-0.0,-757.5859910680168,-0.0,-0.0,-0.0,-0.0,-0.0,-0.0,-0.0,2268.060480106176,-0.0,-0.0,-0.0,-0.0,-0.0,-0.0,-0.0,-0.0,-0.0,-0.0,-0.0,-743.4332947625333,-0.0,-0.0,-0.0,-0.0,-0.0,-0.0,-0.0,-0.0,-0.0,-0.0,-0.0,-0.0,-0.0,-0.0,-0.0,-0.0,-0.0,-0.0,-0.0,-0.0,-0.0,-0.0,-0.0,-0.0,-0.0,-0.0,-0.0,-0.0,-0.0,-0.0,-0.0,82.63920767985033,-0.0,-0.0,-0.0,-0.0,-0.0,-0.0,-0.0,-0.0,621.2495674098549,-0.0,-0.0,-0.0,-0.0,-0.0,-0.0,-0.0,-375.65168091500834,-0.0,-0.0,-0.0,-0.0,-0.0,-0.0,-0.0,-0.0,-0.0,-76.08798703334965,-0.0,-0.0,-0.0,-0.0,-0.0,-0.0,-0.0,-0.0,-0.0,-0.0,-0.0,-0.0,-0.0,-0.0,-0.0,-0.0,-0.0,-0.0,-0.0,-0.0,-0.0,-0.0,-0.0,-0.0,-0.0,-0.0,-0.0,-2056.885716501437,-0.0,-0.0,-0.0,-0.0,-0.0,-76.8821095338849,-0.0,-0.0,-0.0,-0.0,-0.0,-0.0,-0.0,-0.0,-0.0,-0.0,-0.0,-0.0,-0.0,-0.0,-0.0,-0.0,-0.0,-0.0,-0.0,-0.0,-0.0,-0.0,-0.0,-0.0,-0.0,-0.0,-0.0,-0.0,-0.0,-0.0,-0.0,-0.0,-0.0,-0.0,-0.0,-0.0,-0.0,-0.0,-0.0,-0.0,-0.0,-0.0,-0.0,-0.0,-0.0,-0.0,-0.0,-0.0,-0.0,-0.0,-0.0,-0.0,-0.0,-0.0,-0.0,-0.0,-0.0,-0.0,-0.0,-0.0,-0.0,-0.0,-0.0,-0.0,-0.0,-0.0,-0.0,-0.0,-0.0,-0.0,-0.0,-0.0,-0.0,-0.0,-0.0,-1550.6117166706958,-0.0,-0.0,-0.0,-0.0,-0.0,-0.0,-0.0,-0.0,-0.0,-1934.7062034133203,-0.0,-0.0,-0.0,-0.0,-0.0,-0.0,-0.0,-0.0,-0.0,-168.65226241114226,-0.0,-0.0,-0.0,-0.0,-0.0,-0.0,-0.0,-0.0,-0.0,-0.0,-0.0,-0.0,-0.0,-0.0,-0.0,-0.0,-0.0,-0.0,-0.0,-0.0,-0.0,-0.0,-0.0,-0.0,-0.0,431.85955259235124,-0.0,-0.0,-0.0,-0.0,-164.65538785503077,-0.0,-0.0,-0.0,-0.0,-0.0,-0.0,-0.0,-0.0,-0.0,-0.0,-0.0,-0.0,-0.0,-0.0,-0.0,-0.0,-0.0,-0.0,-0.0,-0.0,-0.0,-0.0,-0.0,-0.0,-0.0,-0.0,-0.0,-0.0,-0.0,-0.0,-0.0,-0.0,-0.0,-0.0,-0.0,-0.0,-0.0,-0.0,-0.0,-0.0,-0.0,-0.0,-0.0,-0.0,-0.0,-0.0,-0.0,-0.0,-0.0,-0.0,-0.0,-0.0,-0.0,-0.0,-0.0,-0.0,-0.0,-0.0,-0.0,-0.0,-0.0,-0.0,-0.0,-0.0,-0.0,-0.0,-0.0,-0.0,-0.0,-0.0,-0.0,-0.0,-0.0,-0.0,-0.0,-0.0,-0.0,-0.0,-0.0,-0.0,-0.0,-0.0,-0.0,-0.0,-0.0,-0.0,-0.0,-0.0,-0.0,-0.0,-0.0,-0.0,-0.0,-0.0,-0.0,-0.0,-0.0,-0.0,-0.0,-0.0,-0.0,-0.0,-0.0,-0.0,-0.0,-0.0,-0.0,-0.0,-0.0,-0.0,-0.0,-0.0,-0.0,-0.0,-0.0,-0.0,-0.0,-0.0,-0.0,-0.0,-0.0,-0.0,-0.0,-0.0,-0.0,-0.0,-0.0,-0.0,-0.0,-0.0,-0.0,-0.0,-0.0,-0.0,-0.0,-0.0,-0.0,-0.0,-0.0,-0.0,-5428.457757466561,-52.773816306007355,36576.41884673694,-3665.7752343167563,-4564.084884542721,74244.51339170866,-0.0,-6761.0419772727,898.9812977261319,2149.9124349050167,-24702.810216097074,-0.0,-4775.545684441886,-0.0,-0.0,34376.014272666995,-11327.640288638471,3887.207476354099,6419.177503906371,-4601.834789465558,-27753.051112759145,-8963.305693396895,52.445813923578825,-91.98475259345219,-6292.5807627430695,-0.0,-13528.264888132146,-18805.203716617187,15887.242333599424,-587.5437292844792,8.135037178013015,47941.32868023532,-3246.750563562918,-121975.3435842734,-2887.36504992951,-23442.019747066537,-19519.30952716081,-6489.305543108787,-6288.636090729272,-15143.839182429485,12961.669655652406,-2531.1602149354076,-4254.027751046381,-3797.687786165806,-11526.46929347572,8493.109415600067,38899.396035066966,-1035.9477343641831,71.71360554205951,22023.422256356866,5490.865432054092,-574.0724729490423,15145.305321736763,8499.954023051638,-5922.1594363899485,-7517.974377628476,-3980.360669569865,361.1082589273234,-0.0,-0.0,-275.6689194367506,-8385.266056899787,-3588.734472763849,-3140.9639677438336,-1797.015587577297,-4757.52557146771,11302.349778374368,3768.258548147492,-8630.67790842678,20562.269313088615,-20743.290081357463,-35740.047907840264,71236.51511950625,-23638.462351000744,-9550.303952392986,-2257.596484447705,-3819.5297957107546,-6229.992084077546,-4864.316678042652,-34069.4297459539,-0.0,-14010.247696494058,-0.0,3141.6804795217076,-0.0,-0.0,-14542.999048844213,-1253.7052955430192,-0.0,-0.0,4128.58697798274,-0.0,-0.0,-0.0,-7235.039152473493,-4739.985987387808,-7648.814038953081,-7582.3612019615475,8052.1321906104085,-0.0,-30571.55694280546,48001.961052363215,-0.0,-0.0,-20881.89990619791,-10818.819044932628,193.83974600304308,52.32152977163215,-0.0,55864.14975122553,-0.0,-0.0,-0.0,-0.0,54616.730779154794,-1066.1731798215076,-0.0,-11535.028698271828,-0.0,-6329.419004437535,-1376.6091673629958,-3355.165189361793,-16404.357787415614,12909.772458000403,-1532.4496342363254,-9640.957725149663,-0.0,-0.0,-5182.969562964801,-7163.894653837553,-10713.58705436662,59892.380916029746,-0.0,-185.07397090959125,13334.53876512317,3352.5187413571543,-2040.6622245546232,718.0390880322828,5481.149796594779,-3840.0474180749334,-84.32587807604048,-18503.790362902768,457.4424448725466,13969.611873373473,-831.7208016513952,13158.630520157443,52069.74573330371,3197.30156744692,-69.36359407566323,9696.28089971366,-2144.0935137537795,-7993.7435763725225,-10529.724240463873,-15190.205284241574,-0.0,6738.1207123541135,20621.668218722036,22388.334782090536,-10065.13706996997,7652.666218530273,9145.398835478525,-8441.914058331635,16583.487300202654,-14786.549193966819,-0.0,4736.793847386,-12608.80003608472,-16424.990137756635,-8923.891554920652,26343.370625718315,3294.2015009618776,-0.0,-6313.484659030019,-0.0,-2855.236174189569,100.22697832475558,-4180.478877299013,-0.0,212.5837710145899,-253.643805097293,-22611.657642170754,-13154.035905205523,22754.352196377647,-7147.283994679671,3657.7627203586126,5850.990731215399,-6758.006458682669,-5475.0994683614,-11935.661585263346,-0.0,-2195.200374040561,-1848.385021476444,-0.0,1318.2738809047896,-377.6032771551665,-0.0,-0.0,-15123.117628774999,-3694.8185230094637,3074.0821853120524,-5014.036067500823,-0.0,-0.0,-0.0,57037.692575695386,20902.51106723472,-0.0,104.7420805657953,12518.185808564112,-0.0,-4468.66906649744,-2499.1210093242494,-0.0,-4503.67940244408,-9426.678569283282,123987.67354478371,-12479.256676167483,-9046.762076814888,-34686.38790212577,-0.0,1513.274090279943,3053.124723990805,-10081.83679952467,30741.444840229262,-8393.189251893295,-40984.15396412162,-14696.784880322819,-9472.301890122875,-0.0,1270.110753713006,-4982.304897478709,24770.345502882694,-160.72369865617156,-442.09090468639437,-11122.269321746464,-9523.95737961052,30579.233466739865,-0.0,-2206.47068838609,722.9173416805327,-0.0,-0.0,-0.0,-0.0,-0.0,-0.0,-0.0,-0.0,-0.0,-0.0,-0.0,-0.0,-0.0,-0.0,-2186.4360015274347,-0.0,-0.0,3520.366617310884,-15061.336695271806,-715.3843892293953,-10632.389859742056,25644.197377593053,8321.953581243673,-4016.841035754762,3531.655751931316,45335.67631922911,-0.0,-0.0,-4312.1111827116165,3306.1857892026196,-6965.955146489938,-8648.367863550911,-0.0,-37.9816582516206,10293.87159566178,-4656.495127150408,-2765.351256100136,3728.6522098018527,-25829.552309580395,31286.53347166135,-5913.118249385642,-1033.52547100662,13978.203334790469,-0.0,-0.0,-0.0,-0.0,-0.0,-0.0,816.0623058087573,47480.37712347234,-10324.697378723979,-11292.258044007658,-9146.392349260615,-0.0,-9307.248239118982,-13378.632097203483,-0.0,-0.0,-0.0,469.50609230338137,429.2693428532187,695.9564537159387,2560.225077245926,-0.0,4048.1016435321135,859.5383627130867,885.2113195566194,851.9575646742293,741.1566742584469,2896.2472422079936,1638.9991263993659,2785.461006166838,2506.1475050300496,2731.102899870993,2948.1476770990175,37442.83708016069,35325.151744250434,41566.92589917201,38666.07631350995,9581.317216445063,8606.627758382267,8843.387414844436,9950.7177654773,4826.009744101814,2050.800153030204,2131.292740862311,2215.5433372640723,2122.566161596862,2234.6458183297923,4678.057090679277,4394.644178322215,1502.364838140453,1258.5673488937823,645.5015280992354,412.26320554394636,519.6003210476322,34431.47307526785,33350.34954889532,37244.45318185394,33040.693192086284,58116.30762801008,54962.85352803015,1323.8578001701667,1195.9206341077695,1315.8509168034286,1263.9367824069911,1231.7235319992858,1284.0836455041604,662.9294517756736,58029.074933761745,51746.07882972914,51233.20539008767,2798.0809680114317,2671.5969709552883,2884.2661385329525,-0.0,8371.184328440742,8957.513956283188,38839.99154756473,33751.85433921031,39650.32392539,60353.81692328149,59102.94433103532,67348.47821741807,57909.14791430251,2775.984122783419,2392.129931848138,5136.747204849344,-0.0,19743.822319182953,22366.840118643355,-0.0,1564.2062013978684,1522.112653924921,1531.7347176448368,1487.5560795773015,1484.8763755249986,1505.0994271370294,39080.867721403985,39316.7711785025,36603.10104005288,33461.17481162524,1189.9671186963171,1293.499577511817,-0.0,-0.0,15103.87898556964,37931.94828414713,33167.23268731038,36981.60485844218,39989.264526284285,-0.0,55273.638825926355,51427.10716541147,1051.7120806927032,2334.8920558214554,2233.441359674785,2388.2000533194996,2494.494866150315,2523.8727033367522,58934.18095070073,56660.054391228325,-0.0,-0.0,16306.201237637697,1086.7628230421158,36858.195668810826,38655.30058911244,34274.009585383545,35687.173661647095,39059.84068165428,32238.350544995086,-0.0,16215.058142826165,10119.706654118629,-0.0,-0.0,1383.3370391916446,1477.356334806331,762.892249011746,850.3211464621514,439.49791813179803,445.5124950667523,-0.0,1049.4752110418433,1047.9575035442404,1116.82830434562,1284.8108416578773,-0.0,1638.5783285231666,1597.5012269852214,1896.691455335061,2466.8062384866785,2442.2486664772146,2241.9997359510658,788.8558755782491,889.3726163590095,876.9551395781567,1454.3755975154754,936.4997665616077,1010.4588903768548,1031.4590346230323,950.581809245458,8402.66747002311,8395.796000135955,269.6722153249513,265.2291770299949,3569.7811795604703,14478.338449628576,1453.5150510871274,1552.3783184947386,-0.0,-0.0,8878.116841800445,8884.98796730795,8757.312714267884,7655.51357095608,2043.485561987158,2024.2016987610516,35825.69974367112,32809.67586459856,9597.383763710968,7143.745765219001,-0.0,51970.80795933432,1975.6192949239191,2335.342751035371,1054.98435761764,55534.92423447376,55842.48105016864,59329.631183707344,49240.69180297722,210.239055737413,58101.05237008225,52632.180058976235,-0.0,-0.0,24041.61121034468,-0.0,1211.0398705378898,1038.1493076145773,1057.8231771545506,2261.995734020831,9569.26264259893,17906.38604484626,1867.0471228576228,1803.3062503413455,24.46701662619336,697.9377869444469,707.1713420979636,16764.831249244227,1462.1781906184824,-0.0,-0.0,-0.0,1060.9228672486945,-0.0,1109.767008418019,-0.0,6212.119529860561,6306.105499009446,5669.589965517499,5865.108794385401,886.6177146425733,-0.0,857.8016977885395,-0.0,-0.0,974.64608294947,1027.5808840285597,1066.900148531804,902.0138598473973,797.4340514929519,746.1244978151288,1746.1782566694505,1667.6299073490645,1605.69888994656,-0.0,3078.4368139609105,2695.8375876562436,3154.109698487162,3015.5036124304447,4821.547252778454,49954.64511270335,52392.990470975674,10443.365148342446,21264.66780203481,15222.35299673594,18288.463986755214,1686.431001942761,2031.6440650604081,930.8591864075247,855.6950330889946,2229.168641003477,-0.0,39122.8779456862,33825.53745689722,1431.5884510059702,1159.2016278676692,1237.7759568491726,5535.2938780961285,3143.244734456348,2964.6894880545688,34632.42963588572,32763.204275616423,36441.35552397544,42208.724437754085,-0.0,-0.0,-0.0,2298.3584541511095,2451.8957124959907,2543.4095977721067,9197.535366866427,8793.34627010305,6368.883000693441,2365.46491131895,2503.61708334681
