,MODEL,STARTUP,SHUTDOWN,NCOST,COST_2,COST_1,COST_0
GenCo0,2,0.0,0,2,0.0,1.9800662124094097,0.0
GenCo1,2,0.0,0,2,0.0,2.0374404224322245,0.0
GenCo2,2,0.0,0,2,0.0,2.08909933880051,0.0
GenCo3,2,0.0,0,2,0.0,1.90351819274335,0.0
GenCo4,2,0.0,0,2,0.0,1.9189985469900603,0.0
GenCo5,2,0.0,0,2,0.0,2.056315975015105,0.0
GenCo6,2,0.0,0,2,0.0,1.9254704027530916,0.0
GenCo7,2,0.0,0,2,0.0,2.038646323732504,0.0
GenCo8,2,0.0,0,2,0.0,2.0962180119668083,0.0
GenCo9,2,0.0,0,2,0.0,1.9129041762102994,0.0
GenCo10,2,0.0,0,2,0.0,2.080757564315832,0.0
GenCo11,2,0.0,0,2,0.0,1.989850787616898,0.0
GenCo12,2,0.0,0,2,0.0,2.053649179039109,0.0
GenCo13,2,0.0,0,2,0.0,2.0797434680248506,0.0
GenCo14,2,0.0,0,2,0.0,2.002137297982803,0.0
GenCo15,2,0.0,0,2,0.0,1.9356962873258705,0.0
GenCo16,2,0.0,0,2,0.0,1.9052441608920594,0.0
GenCo17,2,0.0,0,2,0.0,1.9612336866962636,0.0
GenCo18,2,0.0,0,2,0.0,2.0099383095566443,0.0
GenCo19,2,0.0,0,2,0.0,1.9542405377968497,0.0
GenCo20,2,0.0,0,2,0.0,1.0415071135205871,0.0
GenCo21,2,0.0,0,2,0.0,2.055745968033314,0.0
GenCo22,2,0.0,0,2,0.0,2.062408587839446,0.0
GenCo23,2,0.0,0,2,0.0,2.0139843683073946,0.0
GenCo24,2,0.0,0,2,0.0,1.017383752124986,0.0
GenCo25,2,0.0,0,2,0.0,2.0196122047187286,0.0
GenCo26,2,0.0,0,2,0.0,2.0603957914863726,0.0
GenCo27,2,0.0,0,2,0.0,0.9846320584439144,0.0
GenCo28,2,0.0,0,2,0.0,1.9213134446509412,0.0
GenCo29,2,0.0,0,2,0.0,1.9716115047304534,0.0
GenCo30,2,0.0,0,2,0.0,2.054520699405474,0.0
GenCo31,2,0.0,0,2,0.0,2.0243979764350186,0.0
GenCo32,2,0.0,0,2,0.0,1.9280839048104517,0.0
GenCo33,2,0.0,0,2,0.0,2.032671573253949,0.0
GenCo34,2,0.0,0,2,0.0,2.009443046897817,0.0
GenCo35,2,0.0,0,2,0.0,1.973469366906432,0.0
GenCo36,2,0.0,0,2,0.0,2.0447990001292395,0.0
GenCo37,2,0.0,0,2,0.0,1.9355655659310433,0.0
GenCo38,2,0.0,0,2,0.0,1.997761152860205,0.0
GenCo39,2,0.0,0,2,0.0,2.0152372540914514,0.0
GenCo40,2,0.0,0,2,0.0,1.9365585128879026,0.0
GenCo41,2,0.0,0,2,0.0,1.9068909147205906,0.0
GenCo42,2,0.0,0,2,0.0,2.002249981819567,0.0
GenCo43,2,0.0,0,2,0.0,2.092568411132676,0.0
GenCo44,2,0.0,0,2,0.0,2.0264194925641945,0.0
GenCo45,2,0.0,0,2,0.0,2.060077595488661,0.0
GenCo46,2,0.0,0,2,0.0,1.9495746859348946,0.0
GenCo47,2,0.0,0,2,0.0,2.0319931930788857,0.0
GenCo48,2,0.0,0,2,0.0,1.9298057149820167,0.0
GenCo49,2,0.0,0,2,0.0,1.9733554041405754,0.0
GenCo50,2,0.0,0,2,0.0,1.9350829249695043,0.0
GenCo51,2,0.0,0,2,0.0,1.9288459041672348,0.0
GenCo52,2,0.0,0,2,0.0,1.9475664491504994,0.0
GenCo53,2,0.0,0,2,0.0,1.9228761626022384,0.0
GenCo54,2,0.0,0,2,0.0,2.062302838771154,0.0
GenCo55,2,0.0,0,2,0.0,1.981220859317844,0.0
GenCo56,2,0.0,0,2,0.0,2.032808454343412,0.0
GenCo57,2,0.0,0,2,0.0,2.0027261608631513,0.0
GenCo58,2,0.0,0,2,0.0,1.9756805766732297,0.0
GenCo59,2,0.0,0,2,0.0,2.0607046952787687,0.0
GenCo60,2,0.0,0,2,0.0,1.901260526216633,0.0
GenCo61,2,0.0,0,2,0.0,2.045542297682933,0.0
GenCo62,2,0.0,0,2,0.0,1.9952416565041116,0.0
GenCo63,2,0.0,0,2,0.0,1.9996075420584956,0.0
GenCo64,2,0.0,0,2,0.0,2.0363681205191857,0.0
GenCo65,2,0.0,0,2,0.0,1.0182564433453338,0.0
GenCo66,2,0.0,0,2,0.0,1.0190698415101045,0.0
GenCo67,2,0.0,0,2,0.0,2.0898179976401043,0.0
GenCo68,2,0.0,0,2,0.0,1.9948145693558188,0.0
GenCo69,2,0.0,0,2,0.0,2.022148029024645,0.0
GenCo70,2,0.0,0,2,0.0,1.955561719981822,0.0
GenCo71,2,0.0,0,2,0.0,2.023803837786033,0.0
GenCo72,2,0.0,0,2,0.0,2.0694385926391425,0.0
GenCo73,2,0.0,0,2,0.0,2.0741180458946293,0.0
GenCo74,2,0.0,0,2,0.0,2.0777449792340947,0.0
GenCo75,2,0.0,0,2,0.0,2.0455974053301014,0.0
GenCo76,2,0.0,0,2,0.0,2.010572639720597,0.0
GenCo77,2,0.0,0,2,0.0,0.9801850475316328,0.0
GenCo78,2,0.0,0,2,0.0,2.047609252415365,0.0
GenCo79,2,0.0,0,2,0.0,1.9657030294629865,0.0
GenCo80,2,0.0,0,2,0.0,2.010539506835811,0.0
GenCo81,2,0.0,0,2,0.0,2.01254784411376,0.0
GenCo82,2,0.0,0,2,0.0,0.9677082043748568,0.0
GenCo83,2,0.0,0,2,0.0,2.037147535905121,0.0
GenCo84,2,0.0,0,2,0.0,1.9178533693278332,0.0
GenCo85,2,0.0,0,2,0.0,2.0657894482330357,0.0
GenCo86,2,0.0,0,2,0.0,2.0968185820561134,0.0
GenCo87,2,0.0,0,2,0.0,2.0595030704346184,0.0
GenCo88,2,0.0,0,2,0.0,1.9222665756390942,0.0
GenCo89,2,0.0,0,2,0.0,2.0845274343722564,0.0
GenCo90,2,0.0,0,2,0.0,1.9644067815555168,0.0
GenCo91,2,0.0,0,2,0.0,1.0106589756818711,0.0
GenCo92,2,0.0,0,2,0.0,0.983427752552911,0.0
GenCo93,2,0.0,0,2,0.0,1.0094369592421237,0.0
GenCo94,2,0.0,0,2,0.0,1.9893106323571381,0.0
GenCo95,2,0.0,0,2,0.0,2.037464246923074,0.0
GenCo96,2,0.0,0,2,0.0,1.9101167819182898,0.0
GenCo97,2,0.0,0,2,0.0,2.0551842407651515,0.0
GenCo98,2,0.0,0,2,0.0,1.9823362346942115,0.0
GenCo99,2,0.0,0,2,0.0,2.0831942729242177,0.0
GenCo100,2,0.0,0,2,0.0,2.062268889004871,0.0
GenCo101,2,0.0,0,2,0.0,2.0065477710212867,0.0
GenCo102,2,0.0,0,2,0.0,1.966729783866651,0.0
GenCo103,2,0.0,0,2,0.0,1.9810174527615467,0.0
GenCo104,2,0.0,0,2,0.0,1.9580266971604197,0.0
GenCo105,2,0.0,0,2,0.0,2.0476652449659656,0.0
GenCo106,2,0.0,0,2,0.0,1.9918747364706628,0.0
GenCo107,2,0.0,0,2,0.0,0.9599807749887724,0.0
GenCo108,2,0.0,0,2,0.0,1.963680178507512,0.0
GenCo109,2,0.0,0,2,0.0,1.979453468288892,0.0
GenCo110,2,0.0,0,2,0.0,1.9752819760906086,0.0
GenCo111,2,0.0,0,2,0.0,1.0233895013532976,0.0
GenCo112,2,0.0,0,2,0.0,1.9205478721429206,0.0
GenCo113,2,0.0,0,2,0.0,1.0049619385961277,0.0
GenCo114,2,0.0,0,2,0.0,1.9087090911383355,0.0
GenCo115,2,0.0,0,2,0.0,2.0476990649485804,0.0
GenCo116,2,0.0,0,2,0.0,1.9182210914717686,0.0
GenCo117,2,0.0,0,2,0.0,1.955425400284557,0.0
GenCo118,2,0.0,0,2,0.0,2.002157458903664,0.0
GenCo119,2,0.0,0,2,0.0,0.9965231718035876,0.0
GenCo120,2,0.0,0,2,0.0,2.009447666062937,0.0
GenCo121,2,0.0,0,2,0.0,2.07273584329526,0.0
GenCo122,2,0.0,0,2,0.0,1.984742351505911,0.0
GenCo123,2,0.0,0,2,0.0,2.001940049035948,0.0
GenCo124,2,0.0,0,2,0.0,2.073873375216523,0.0
GenCo125,2,0.0,0,2,0.0,1.9925858537336278,0.0
GenCo126,2,0.0,0,2,0.0,1.9630673366379259,0.0
GenCo127,2,0.0,0,2,0.0,2.063270751602647,0.0
GenCo128,2,0.0,0,2,0.0,1.9379201429993522,0.0
GenCo129,2,0.0,0,2,0.0,1.9962783385195364,0.0
GenCo130,2,0.0,0,2,0.0,1.9172369196381827,0.0
GenCo131,2,0.0,0,2,0.0,2.0268828927661957,0.0
GenCo132,2,0.0,0,2,0.0,2.0309078835581027,0.0
GenCo133,2,0.0,0,2,0.0,1.9472465292246808,0.0
GenCo134,2,0.0,0,2,0.0,1.0035129072049105,0.0
GenCo135,2,0.0,0,2,0.0,1.9476600220237317,0.0
GenCo136,2,0.0,0,2,0.0,1.9825963728316403,0.0
GenCo137,2,0.0,0,2,0.0,1.9721039263576374,0.0
GenCo138,2,0.0,0,2,0.0,1.9185487771440524,0.0
GenCo139,2,0.0,0,2,0.0,1.936699843691273,0.0
GenCo140,2,0.0,0,2,0.0,1.9852603305139234,0.0
GenCo141,2,0.0,0,2,0.0,0.9752152715472144,0.0
GenCo142,2,0.0,0,2,0.0,1.954667699469778,0.0
GenCo143,2,0.0,0,2,0.0,1.9459962413101253,0.0
GenCo144,2,0.0,0,2,0.0,0.9748888376817083,0.0
GenCo145,2,0.0,0,2,0.0,1.031015315440169,0.0
GenCo146,2,0.0,0,2,0.0,0.950527940653596,0.0
GenCo147,2,0.0,0,2,0.0,0.9870844581229239,0.0
GenCo148,2,0.0,0,2,0.0,0.9596797735756484,0.0
GenCo149,2,0.0,0,2,0.0,1.0493263117019331,0.0
GenCo150,2,0.0,0,2,0.0,2.0913674442763144,0.0
GenCo151,2,0.0,0,2,0.0,2.0889440950986837,0.0
GenCo152,2,0.0,0,2,0.0,1.9109058939243744,0.0
GenCo153,2,0.0,0,2,0.0,1.9335851154547707,0.0
GenCo154,2,0.0,0,2,0.0,0.9501609258280602,0.0
GenCo155,2,0.0,0,2,0.0,1.0150573677629642,0.0
GenCo156,2,0.0,0,2,0.0,1.9804412131331848,0.0
GenCo157,2,0.0,0,2,0.0,1.0458794854005726,0.0
GenCo158,2,0.0,0,2,0.0,2.012536247092386,0.0
GenCo159,2,0.0,0,2,0.0,1.9037958175878404,0.0
GenCo160,2,0.0,0,2,0.0,1.9895591175102212,0.0
GenCo161,2,0.0,0,2,0.0,2.074278378607422,0.0
GenCo162,2,0.0,0,2,0.0,1.9691616242790213,0.0
GenCo163,2,0.0,0,2,0.0,0.9881875157174811,0.0
GenCo164,2,0.0,0,2,0.0,0.9639392946720147,0.0
GenCo165,2,0.0,0,2,0.0,1.9062329673596992,0.0
GenCo166,2,0.0,0,2,0.0,2.0930556377949237,0.0
GenCo167,2,0.0,0,2,0.0,1.9203333883880631,0.0
GenCo168,2,0.0,0,2,0.0,1.9184657434760635,0.0
GenCo169,2,0.0,0,2,0.0,0.9630381300926533,0.0
GenCo170,2,0.0,0,2,0.0,0.9583125031669533,0.0
GenCo171,2,0.0,0,2,0.0,2.0576805441690325,0.0
GenCo172,2,0.0,0,2,0.0,1.9965211623101176,0.0
GenCo173,2,0.0,0,2,0.0,1.9782416283397606,0.0
GenCo174,2,0.0,0,2,0.0,1.9288894554489935,0.0
GenCo175,2,0.0,0,2,0.0,1.99722336801206,0.0
GenCo176,2,0.0,0,2,0.0,2.0770768373973802,0.0
GenCo177,2,0.0,0,2,0.0,1.9165173279501366,0.0
GenCo178,2,0.0,0,2,0.0,1.9502157054320792,0.0
GenCo179,2,0.0,0,2,0.0,2.070971647505077,0.0
GenCo180,2,0.0,0,2,0.0,1.0323918909903687,0.0
GenCo181,2,0.0,0,2,0.0,1.0367446839170353,0.0
GenCo182,2,0.0,0,2,0.0,1.0430229047978803,0.0
GenCo183,2,0.0,0,2,0.0,0.9787892890563068,0.0
GenCo184,2,0.0,0,2,0.0,1.0035294170244287,0.0
GenCo185,2,0.0,0,2,0.0,1.0390895290100182,0.0
GenCo186,2,0.0,0,2,0.0,1.905528979576667,0.0
GenCo187,2,0.0,0,2,0.0,0.9808715826950603,0.0
GenCo188,2,0.0,0,2,0.0,1.9526828665349438,0.0
GenCo189,2,0.0,0,2,0.0,0.9975881741956953,0.0
GenCo190,2,0.0,0,2,0.0,1.0424002746256695,0.0
GenCo191,2,0.0,0,2,0.0,0.9945217799904403,0.0
GenCo192,2,0.0,0,2,0.0,1.0186585178193195,0.0
GenCo193,2,0.0,0,2,0.0,1.9545110295813906,0.0
GenCo194,2,0.0,0,2,0.0,2.0938941229476806,0.0
GenCo195,2,0.0,0,2,0.0,2.0845885899034173,0.0
GenCo196,2,0.0,0,2,0.0,2.099665788826041,0.0
GenCo197,2,0.0,0,2,0.0,2.081433768887018,0.0
GenCo198,2,0.0,0,2,0.0,1.919025294765423,0.0
GenCo199,2,0.0,0,2,0.0,1.9631203694425425,0.0
GenCo200,2,0.0,0,2,0.0,1.9319676852571817,0.0
GenCo201,2,0.0,0,2,0.0,1.9152025194456366,0.0
GenCo202,2,0.0,0,2,0.0,1.9243894784234394,0.0
GenCo203,2,0.0,0,2,0.0,2.0195310374678446,0.0
GenCo204,2,0.0,0,2,0.0,1.9338490101433363,0.0
GenCo205,2,0.0,0,2,0.0,2.041128687219547,0.0
GenCo206,2,0.0,0,2,0.0,0.9779760773927997,0.0
GenCo207,2,0.0,0,2,0.0,2.090772737940122,0.0
GenCo208,2,0.0,0,2,0.0,2.043892359274028,0.0
GenCo209,2,0.0,0,2,0.0,1.9523635643601716,0.0
GenCo210,2,0.0,0,2,0.0,2.0288574848476633,0.0
GenCo211,2,0.0,0,2,0.0,1.9828453141917688,0.0
GenCo212,2,0.0,0,2,0.0,2.0296485741485606,0.0
GenCo213,2,0.0,0,2,0.0,2.003404286946736,0.0
GenCo214,2,0.0,0,2,0.0,1.997542107774291,0.0
GenCo215,2,0.0,0,2,0.0,2.0034127048295773,0.0
GenCo216,2,0.0,0,2,0.0,1.0497650756480095,0.0
GenCo217,2,0.0,0,2,0.0,2.012726347637832,0.0
GenCo218,2,0.0,0,2,0.0,2.008421324401796,0.0
GenCo219,2,0.0,0,2,0.0,2.0375499370598327,0.0
GenCo220,2,0.0,0,2,0.0,2.051967154561661,0.0
GenCo221,2,0.0,0,2,0.0,2.0013873608610204,0.0
GenCo222,2,0.0,0,2,0.0,1.944731483980315,0.0
GenCo223,2,0.0,0,2,0.0,2.0895450460959712,0.0
GenCo224,2,0.0,0,2,0.0,2.0455605170965065,0.0
GenCo225,2,0.0,0,2,0.0,2.0812491028935742,0.0
GenCo226,2,0.0,0,2,0.0,2.025916726624845,0.0
GenCo227,2,0.0,0,2,0.0,2.0277300974348824,0.0
GenCo228,2,0.0,0,2,0.0,1.925829831182085,0.0
GenCo229,2,0.0,0,2,0.0,1.9339693297263851,0.0
GenCo230,2,0.0,0,2,0.0,1.99130302277447,0.0
GenCo231,2,0.0,0,2,0.0,2.0956970562219737,0.0
GenCo232,2,0.0,0,2,0.0,1.0123380446848869,0.0
GenCo233,2,0.0,0,2,0.0,1.9504292696751457,0.0
GenCo234,2,0.0,0,2,0.0,2.0655182585043104,0.0
GenCo235,2,0.0,0,2,0.0,2.0598082889621017,0.0
GenCo236,2,0.0,0,2,0.0,2.043253321360833,0.0
GenCo237,2,0.0,0,2,0.0,2.0260632217456,0.0
GenCo238,2,0.0,0,2,0.0,1.9180270113059985,0.0
GenCo239,2,0.0,0,2,0.0,1.914616546832136,0.0
GenCo240,2,0.0,0,2,0.0,1.9050885178916073,0.0
GenCo241,2,0.0,0,2,0.0,1.9137806698914637,0.0
GenCo242,2,0.0,0,2,0.0,2.0579514645231423,0.0
GenCo243,2,0.0,0,2,0.0,1.9666285812202873,0.0
GenCo244,2,0.0,0,2,0.0,2.0509369495097847,0.0
GenCo245,2,0.0,0,2,0.0,2.0622069778129326,0.0
GenCo246,2,0.0,0,2,0.0,2.0281277623185874,0.0
GenCo247,2,0.0,0,2,0.0,1.0389360232080644,0.0
GenCo248,2,0.0,0,2,0.0,1.9064394570033159,0.0
GenCo249,2,0.0,0,2,0.0,1.9390483046546516,0.0
GenCo250,2,0.0,0,2,0.0,2.0448449052443896,0.0
GenCo251,2,0.0,0,2,0.0,1.0477248821608645,0.0
GenCo252,2,0.0,0,2,0.0,1.0226474584345209,0.0
GenCo253,2,0.0,0,2,0.0,1.0066604627595477,0.0
GenCo254,2,0.0,0,2,0.0,1.9415970789958927,0.0
GenCo255,2,0.0,0,2,0.0,1.9016901241743602,0.0
GenCo256,2,0.0,0,2,0.0,1.9913621385964777,0.0
GenCo257,2,0.0,0,2,0.0,2.0586972970870963,0.0
GenCo258,2,0.0,0,2,0.0,1.9535801919940594,0.0
GenCo259,2,0.0,0,2,0.0,2.01094024965727,0.0
GenCo260,2,0.0,0,2,0.0,1.9982497406210036,0.0
GenCo261,2,0.0,0,2,0.0,2.0515926564659903,0.0
GenCo262,2,0.0,0,2,0.0,1.9506600215272212,0.0
GenCo263,2,0.0,0,2,0.0,1.9752535858132687,0.0
GenCo264,2,0.0,0,2,0.0,2.0782772987127434,0.0
GenCo265,2,0.0,0,2,0.0,1.963807887806556,0.0
GenCo266,2,0.0,0,2,0.0,2.0399328567753057,0.0
GenCo267,2,0.0,0,2,0.0,2.009277849849492,0.0
GenCo268,2,0.0,0,2,0.0,1.9229801199090664,0.0
GenCo269,2,0.0,0,2,0.0,1.9525579022068031,0.0
GenCo270,2,0.0,0,2,0.0,2.014189238216212,0.0
GenCo271,2,0.0,0,2,0.0,1.9471926751011968,0.0
GenCo272,2,0.0,0,2,0.0,1.951262427251765,0.0
GenCo273,2,0.0,0,2,0.0,1.9773222828461472,0.0
GenCo274,2,0.0,0,2,0.0,2.0477475589499377,0.0
GenCo275,2,0.0,0,2,0.0,0.9544046932957614,0.0
GenCo276,2,0.0,0,2,0.0,2.087043853183558,0.0
GenCo277,2,0.0,0,2,0.0,0.9901978249677515,0.0
GenCo278,2,0.0,0,2,0.0,2.042515603124929,0.0
GenCo279,2,0.0,0,2,0.0,1.900029568520723,0.0
GenCo280,2,0.0,0,2,0.0,2.090339559073091,0.0
GenCo281,2,0.0,0,2,0.0,0.9755814873135067,0.0
GenCo282,2,0.0,0,2,0.0,0.999620091727498,0.0
GenCo283,2,0.0,0,2,0.0,1.961898632949426,0.0
GenCo284,2,0.0,0,2,0.0,0.9541489643691143,0.0
GenCo285,2,0.0,0,2,0.0,1.9105999604332433,0.0
GenCo286,2,0.0,0,2,0.0,1.9379296980048981,0.0
GenCo287,2,0.0,0,2,0.0,2.0448867035919203,0.0
GenCo288,2,0.0,0,2,0.0,2.0615669784552004,0.0
GenCo289,2,0.0,0,2,0.0,2.072151623810703,0.0
GenCo290,2,0.0,0,2,0.0,2.0880843756295833,0.0
GenCo291,2,0.0,0,2,0.0,0.9903836000300118,0.0
GenCo292,2,0.0,0,2,0.0,1.90780754531852,0.0
GenCo293,2,0.0,0,2,0.0,2.0221984331489207,0.0
GenCo294,2,0.0,0,2,0.0,0.9890639731802503,0.0
GenCo295,2,0.0,0,2,0.0,1.0438328906651881,0.0
GenCo296,2,0.0,0,2,0.0,1.902879055897284,0.0
GenCo297,2,0.0,0,2,0.0,2.0766720304844632,0.0
GenCo298,2,0.0,0,2,0.0,0.9870698803612632,0.0
GenCo299,2,0.0,0,2,0.0,1.9292173263910593,0.0
GenCo300,2,0.0,0,2,0.0,2.091931133324398,0.0
GenCo301,2,0.0,0,2,0.0,1.9661901017393728,0.0
GenCo302,2,0.0,0,2,0.0,1.9680348268229917,0.0
GenCo303,2,0.0,0,2,0.0,0.9860154535432636,0.0
GenCo304,2,0.0,0,2,0.0,2.0823422065905426,0.0
GenCo305,2,0.0,0,2,0.0,1.9659895420213473,0.0
GenCo306,2,0.0,0,2,0.0,2.030678251722329,0.0
GenCo307,2,0.0,0,2,0.0,1.911345223742096,0.0
GenCo308,2,0.0,0,2,0.0,1.0323084577961732,0.0
GenCo309,2,0.0,0,2,0.0,0.9963207558396271,0.0
GenCo310,2,0.0,0,2,0.0,1.9887973720787049,0.0
GenCo311,2,0.0,0,2,0.0,1.023264284161161,0.0
GenCo312,2,0.0,0,2,0.0,2.0457441388809716,0.0
GenCo313,2,0.0,0,2,0.0,2.044491848756185,0.0
GenCo314,2,0.0,0,2,0.0,2.0615211292564535,0.0
GenCo315,2,0.0,0,2,0.0,0.9553373222566627,0.0
GenCo316,2,0.0,0,2,0.0,1.9859919939001696,0.0
GenCo317,2,0.0,0,2,0.0,2.013026236664166,0.0
GenCo318,2,0.0,0,2,0.0,2.071710891086402,0.0
GenCo319,2,0.0,0,2,0.0,2.0629740545362543,0.0
GenCo320,2,0.0,0,2,0.0,2.056490338547392,0.0
GenCo321,2,0.0,0,2,0.0,1.9770512961806153,0.0
GenCo322,2,0.0,0,2,0.0,1.9149927187446179,0.0
GenCo323,2,0.0,0,2,0.0,1.9235948649530876,0.0
GenCo324,2,0.0,0,2,0.0,1.94062281561788,0.0
GenCo325,2,0.0,0,2,0.0,1.9291061589123812,0.0
GenCo326,2,0.0,0,2,0.0,2.0239511025417602,0.0
GenCo327,2,0.0,0,2,0.0,2.0978799330939446,0.0
GenCo328,2,0.0,0,2,0.0,1.9367677279086397,0.0
GenCo329,2,0.0,0,2,0.0,1.9160490258275626,0.0
GenCo330,2,0.0,0,2,0.0,2.0335510496623903,0.0
GenCo331,2,0.0,0,2,0.0,1.9740467868184952,0.0
GenCo332,2,0.0,0,2,0.0,2.0665639310438624,0.0
GenCo333,2,0.0,0,2,0.0,2.0676992766820472,0.0
GenCo334,2,0.0,0,2,0.0,1.9644131649465424,0.0
GenCo335,2,0.0,0,2,0.0,1.9993050492779005,0.0
GenCo336,2,0.0,0,2,0.0,1.9081722272333699,0.0
GenCo337,2,0.0,0,2,0.0,2.0268610961235267,0.0
GenCo338,2,0.0,0,2,0.0,2.0118626546256824,0.0
GenCo339,2,0.0,0,2,0.0,2.0661217206295497,0.0
GenCo340,2,0.0,0,2,0.0,1.9034960454808159,0.0
GenCo341,2,0.0,0,2,0.0,1.9705476598800145,0.0
GenCo342,2,0.0,0,2,0.0,1.0379351662794898,0.0
GenCo343,2,0.0,0,2,0.0,1.019471754155094,0.0
GenCo344,2,0.0,0,2,0.0,1.040537511691012,0.0
GenCo345,2,0.0,0,2,0.0,2.0448713132928438,0.0
GenCo346,2,0.0,0,2,0.0,1.9419827101879883,0.0
GenCo347,2,0.0,0,2,0.0,1.9933601670252734,0.0
GenCo348,2,0.0,0,2,0.0,2.0895658150994625,0.0
GenCo349,2,0.0,0,2,0.0,2.057733735366491,0.0
GenCo350,2,0.0,0,2,0.0,1.0225903059659183,0.0
GenCo351,2,0.0,0,2,0.0,2.0060687166354016,0.0
GenCo352,2,0.0,0,2,0.0,2.0711657523667966,0.0
GenCo353,2,0.0,0,2,0.0,2.0433206302848426,0.0
GenCo354,2,0.0,0,2,0.0,2.066751979581291,0.0
GenCo355,2,0.0,0,2,0.0,2.0180658304024686,0.0
GenCo356,2,0.0,0,2,0.0,2.017670222036264,0.0
GenCo357,2,0.0,0,2,0.0,0.998787234910615,0.0
GenCo358,2,0.0,0,2,0.0,1.0042116930960967,0.0
GenCo359,2,0.0,0,2,0.0,2.054852590878612,0.0
GenCo360,2,0.0,0,2,0.0,0.9759177640904643,0.0
GenCo361,2,0.0,0,2,0.0,1.9864681468630982,0.0
GenCo362,2,0.0,0,2,0.0,1.9334683092773381,0.0
GenCo363,2,0.0,0,2,0.0,1.999712069407291,0.0
GenCo364,2,0.0,0,2,0.0,1.0259412338954803,0.0
GenCo365,2,0.0,0,2,0.0,1.0432614939912481,0.0
GenCo366,2,0.0,0,2,0.0,0.9685745940425019,0.0
GenCo367,2,0.0,0,2,0.0,0.9993661572664772,0.0
GenCo368,2,0.0,0,2,0.0,1.9921640311283566,0.0
GenCo369,2,0.0,0,2,0.0,2.0040801617418755,0.0
GenCo370,2,0.0,0,2,0.0,1.958925158706472,0.0
GenCo371,2,0.0,0,2,0.0,1.9996137688222773,0.0
GenCo372,2,0.0,0,2,0.0,2.0385261806437196,0.0
GenCo373,2,0.0,0,2,0.0,1.9272675162945097,0.0
GenCo374,2,0.0,0,2,0.0,0.9556163786241997,0.0
GenCo375,2,0.0,0,2,0.0,1.0428863662919545,0.0
GenCo376,2,0.0,0,2,0.0,0.997850693809369,0.0
GenCo377,2,0.0,0,2,0.0,1.039669090660847,0.0
GenCo378,2,0.0,0,2,0.0,1.0007584263254343,0.0
GenCo379,2,0.0,0,2,0.0,1.036997080716976,0.0
GenCo380,2,0.0,0,2,0.0,1.028272075553144,0.0
GenCo381,2,0.0,0,2,0.0,1.0183522220852124,0.0
GenCo382,2,0.0,0,2,0.0,0.9876723397187618,0.0
GenCo383,2,0.0,0,2,0.0,2.014768829906253,0.0
GenCo384,2,0.0,0,2,0.0,1.013017748625031,0.0
GenCo385,2,0.0,0,2,0.0,2.0897123355986045,0.0
GenCo386,2,0.0,0,2,0.0,2.0980089960073887,0.0
GenCo387,2,0.0,0,2,0.0,1.9846615993651355,0.0
GenCo388,2,0.0,0,2,0.0,1.0315140666588012,0.0
GenCo389,2,0.0,0,2,0.0,1.0117345394400077,0.0
GenCo390,2,0.0,0,2,0.0,0.9511304172844942,0.0
GenCo391,2,0.0,0,2,0.0,1.021059583495813,0.0
GenCo392,2,0.0,0,2,0.0,2.0594329657247954,0.0
GenCo393,2,0.0,0,2,0.0,1.0292570072349114,0.0
GenCo394,2,0.0,0,2,0.0,1.9813951943339005,0.0
GenCo395,2,0.0,0,2,0.0,0.9582293243958607,0.0
GenCo396,2,0.0,0,2,0.0,1.9946361902516327,0.0
GenCo397,2,0.0,0,2,0.0,1.9917814386623536,0.0
GenCo398,2,0.0,0,2,0.0,1.0285651589110154,0.0
GenCo399,2,0.0,0,2,0.0,0.9650906700433879,0.0
GenCo400,2,0.0,0,2,0.0,0.953639663453972,0.0
GenCo401,2,0.0,0,2,0.0,1.905995408433937,0.0
GenCo402,2,0.0,0,2,0.0,1.0439954890668288,0.0
GenCo403,2,0.0,0,2,0.0,2.019095458836485,0.0
GenCo404,2,0.0,0,2,0.0,2.0908471964360564,0.0
GenCo405,2,0.0,0,2,0.0,1.0206513470157035,0.0
GenCo406,2,0.0,0,2,0.0,0.9842141281074828,0.0
GenCo407,2,0.0,0,2,0.0,2.0720648278200002,0.0
GenCo408,2,0.0,0,2,0.0,2.05189801225265,0.0
GenCo409,2,0.0,0,2,0.0,2.008214512787982,0.0
GenCo410,2,0.0,0,2,0.0,1.9353161147920481,0.0
GenCo411,2,0.0,0,2,0.0,2.063540251196626,0.0
GenCo412,2,0.0,0,2,0.0,1.9348241904869643,0.0
GenCo413,2,0.0,0,2,0.0,1.9178942507448717,0.0
GenCo414,2,0.0,0,2,0.0,1.9063126241649477,0.0
GenCo415,2,0.0,0,2,0.0,1.0397072356289911,0.0
GenCo416,2,0.0,0,2,0.0,2.02617663656265,0.0
GenCo417,2,0.0,0,2,0.0,1.9100002781943477,0.0
GenCo418,2,0.0,0,2,0.0,2.0046638225539226,0.0
GenCo419,2,0.0,0,2,0.0,0.9979731806635768,0.0
GenCo420,2,0.0,0,2,0.0,2.0876663021943362,0.0
GenCo421,2,0.0,0,2,0.0,0.9615579696856671,0.0
GenCo422,2,0.0,0,2,0.0,1.9959183841185044,0.0
GenCo423,2,0.0,0,2,0.0,1.9134165033957595,0.0
GenCo424,2,0.0,0,2,0.0,2.0308239725984616,0.0
GenCo425,2,0.0,0,2,0.0,2.0933243863544915,0.0
GenCo426,2,0.0,0,2,0.0,1.9789842595057274,0.0
GenCo427,2,0.0,0,2,0.0,2.0032426817222673,0.0
GenCo428,2,0.0,0,2,0.0,2.0404857273093304,0.0
GenCo429,2,0.0,0,2,0.0,1.9525957425727813,0.0
GenCo430,2,0.0,0,2,0.0,1.919206007323328,0.0
GenCo431,2,0.0,0,2,0.0,0.9889773455107381,0.0
GenCo432,2,0.0,0,2,0.0,0.9521652554867378,0.0
GenCo433,2,0.0,0,2,0.0,0.9899896277634663,0.0
GenCo434,2,0.0,0,2,0.0,2.0086089507168388,0.0
GenCo435,2,0.0,0,2,0.0,2.0484176063402955,0.0
GenCo436,2,0.0,0,2,0.0,2.0066403182482073,0.0
GenCo437,2,0.0,0,2,0.0,1.038153594573535,0.0
GenCo438,2,0.0,0,2,0.0,1.0201177772057417,0.0
GenCo439,2,0.0,0,2,0.0,1.026690373982326,0.0
GenCo440,2,0.0,0,2,0.0,1.0094231045132631,0.0
GenCo441,2,0.0,0,2,0.0,1.008686208781943,0.0
GenCo442,2,0.0,0,2,0.0,2.0650029292693106,0.0
GenCo443,2,0.0,0,2,0.0,2.012920291673771,0.0
GenCo444,2,0.0,0,2,0.0,2.066522561771872,0.0
GenCo445,2,0.0,0,2,0.0,1.963109853485486,0.0
GenCo446,2,0.0,0,2,0.0,2.0769792871137867,0.0
GenCo447,2,0.0,0,2,0.0,1.946429127971606,0.0
GenCo448,2,0.0,0,2,0.0,1.0114116261320525,0.0
GenCo449,2,0.0,0,2,0.0,2.0561640377814587,0.0
GenCo450,2,0.0,0,2,0.0,0.9734229074669486,0.0
GenCo451,2,0.0,0,2,0.0,2.098104142709453,0.0
GenCo452,2,0.0,0,2,0.0,2.0442738382598975,0.0
GenCo453,2,0.0,0,2,0.0,1.9647779602147561,0.0
GenCo454,2,0.0,0,2,0.0,1.9363236046427743,0.0
GenCo455,2,0.0,0,2,0.0,1.9233572266120753,0.0
GenCo456,2,0.0,0,2,0.0,2.068920261465623,0.0
GenCo457,2,0.0,0,2,0.0,1.0119958347217222,0.0
GenCo458,2,0.0,0,2,0.0,0.9518668362615288,0.0
GenCo459,2,0.0,0,2,0.0,1.9239131468470125,0.0
GenCo460,2,0.0,0,2,0.0,1.979292606599811,0.0
GenCo461,2,0.0,0,2,0.0,1.9979288519182543,0.0
GenCo462,2,0.0,0,2,0.0,2.076003709426983,0.0
GenCo463,2,0.0,0,2,0.0,1.9344433834338437,0.0
GenCo464,2,0.0,0,2,0.0,2.0952316173361765,0.0
GenCo465,2,0.0,0,2,0.0,1.90657724768857,0.0
GenCo466,2,0.0,0,2,0.0,1.0198455731497984,0.0
GenCo467,2,0.0,0,2,0.0,1.0372139818239323,0.0
GenCo468,2,0.0,0,2,0.0,2.0480726441982045,0.0
GenCo469,2,0.0,0,2,0.0,1.9744222166162242,0.0
GenCo470,2,0.0,0,2,0.0,1.9070499329399002,0.0
GenCo471,2,0.0,0,2,0.0,1.9720526907671474,0.0
GenCo472,2,0.0,0,2,0.0,1.9869686989397972,0.0
GenCo473,2,0.0,0,2,0.0,1.9021357219550177,0.0
GenCo474,2,0.0,0,2,0.0,2.0036651111835426,0.0
GenCo475,2,0.0,0,2,0.0,2.0620024189674773,0.0
GenCo476,2,0.0,0,2,0.0,1.9344481518996532,0.0
GenCo477,2,0.0,0,2,0.0,2.0541432551835324,0.0
GenCo478,2,0.0,0,2,0.0,1.9177330373042336,0.0
GenCo479,2,0.0,0,2,0.0,1.9441074718995668,0.0
GenCo480,2,0.0,0,2,0.0,1.955641026261843,0.0
GenCo481,2,0.0,0,2,0.0,1.9291704738429403,0.0
GenCo482,2,0.0,0,2,0.0,1.96177694914705,0.0
GenCo483,2,0.0,0,2,0.0,2.0927398064399974,0.0
GenCo484,2,0.0,0,2,0.0,2.036905163820546,0.0
GenCo485,2,0.0,0,2,0.0,1.9622197267609343,0.0
GenCo486,2,0.0,0,2,0.0,2.0816065192038615,0.0
GenCo487,2,0.0,0,2,0.0,1.902078185123248,0.0
GenCo488,2,0.0,0,2,0.0,1.9958708358094275,0.0
GenCo489,2,0.0,0,2,0.0,1.9944743142498318,0.0
GenCo490,2,0.0,0,2,0.0,2.008615128020548,0.0
GenCo491,2,0.0,0,2,0.0,1.9138748791029583,0.0
GenCo492,2,0.0,0,2,0.0,1.9657155650732132,0.0
GenCo493,2,0.0,0,2,0.0,1.9255234568140798,0.0
GenCo494,2,0.0,0,2,0.0,1.9162386390652664,0.0
GenCo495,2,0.0,0,2,0.0,2.0865526443536733,0.0
GenCo496,2,0.0,0,2,0.0,2.0268592083125636,0.0
GenCo497,2,0.0,0,2,0.0,0.9537477020874342,0.0
GenCo498,2,0.0,0,2,0.0,1.947805876015319,0.0
GenCo499,2,0.0,0,2,0.0,2.062373693206685,0.0
GenCo500,2,0.0,0,2,0.0,2.097799549551783,0.0
GenCo501,2,0.0,0,2,0.0,2.0834534043242776,0.0
GenCo502,2,0.0,0,2,0.0,2.0133647722124772,0.0
GenCo503,2,0.0,0,2,0.0,2.091843024689906,0.0
GenCo504,2,0.0,0,2,0.0,1.9666504480825584,0.0
GenCo505,2,0.0,0,2,0.0,2.001544383484973,0.0
GenCo506,2,0.0,0,2,0.0,2.022675208038094,0.0
GenCo507,2,0.0,0,2,0.0,2.0547343444754267,0.0
GenCo508,2,0.0,0,2,0.0,1.9525336948585719,0.0
GenCo509,2,0.0,0,2,0.0,1.048634947825688,0.0
GenCo510,2,0.0,0,2,0.0,1.0210286615904853,0.0
GenCo511,2,0.0,0,2,0.0,1.9001238566208125,0.0
GenCo512,2,0.0,0,2,0.0,2.0793347274738223,0.0
GenCo513,2,0.0,0,2,0.0,1.9446815216403264,0.0
GenCo514,2,0.0,0,2,0.0,2.0687109894389004,0.0
GenCo515,2,0.0,0,2,0.0,1.9725517441019729,0.0
GenCo516,2,0.0,0,2,0.0,2.0330438444370214,0.0
GenCo517,2,0.0,0,2,0.0,1.9831251477157232,0.0
GenCo518,2,0.0,0,2,0.0,1.9098747355855985,0.0
GenCo519,2,0.0,0,2,0.0,1.9446855920489432,0.0
GenCo520,2,0.0,0,2,0.0,2.011700564233482,0.0
GenCo521,2,0.0,0,2,0.0,2.0559159427450147,0.0
GenCo522,2,0.0,0,2,0.0,1.9515364081638644,0.0
GenCo523,2,0.0,0,2,0.0,2.0870562120106655,0.0
GenCo524,2,0.0,0,2,0.0,1.9021799420474663,0.0
GenCo525,2,0.0,0,2,0.0,2.05190546994301,0.0
GenCo526,2,0.0,0,2,0.0,2.0596267498156697,0.0
GenCo527,2,0.0,0,2,0.0,2.0029458368871302,0.0
GenCo528,2,0.0,0,2,0.0,1.945728228346111,0.0
GenCo529,2,0.0,0,2,0.0,2.0955384530736745,0.0
GenCo530,2,0.0,0,2,0.0,1.9885695600015265,0.0
GenCo531,2,0.0,0,2,0.0,2.0927466390424287,0.0
GenCo532,2,0.0,0,2,0.0,1.9774206695788332,0.0
GenCo533,2,0.0,0,2,0.0,0.9742111186177828,0.0
GenCo534,2,0.0,0,2,0.0,2.066594746914636,0.0
GenCo535,2,0.0,0,2,0.0,1.0439654573072705,0.0
GenCo536,2,0.0,0,2,0.0,1.953800358821061,0.0
GenCo537,2,0.0,0,2,0.0,2.0937087319488517,0.0
GenCo538,2,0.0,0,2,0.0,1.0232189679608212,0.0
GenCo539,2,0.0,0,2,0.0,1.955634393246946,0.0
GenCo540,2,0.0,0,2,0.0,1.9492024594849622,0.0
GenCo541,2,0.0,0,2,0.0,1.9824635451790773,0.0
GenCo542,2,0.0,0,2,0.0,2.060653780638826,0.0
GenCo543,2,0.0,0,2,0.0,2.071456363807875,0.0
GenCo544,2,0.0,0,2,0.0,2.0121484062915456,0.0
GenCo545,2,0.0,0,2,0.0,2.0900368419851874,0.0
GenCo546,2,0.0,0,2,0.0,1.9201053066666227,0.0
GenCo547,2,0.0,0,2,0.0,2.0745076234771145,0.0
GenCo548,2,0.0,0,2,0.0,1.9416490157202404,0.0
GenCo549,2,0.0,0,2,0.0,2.0657675878150097,0.0
GenCo550,2,0.0,0,2,0.0,2.051609514472004,0.0
GenCo551,2,0.0,0,2,0.0,1.943028517617927,0.0
GenCo552,2,0.0,0,2,0.0,2.0720263082673736,0.0
GenCo553,2,0.0,0,2,0.0,1.9248403668597138,0.0
GenCo554,2,0.0,0,2,0.0,2.0735404936345647,0.0
GenCo555,2,0.0,0,2,0.0,2.076179975743543,0.0
GenCo556,2,0.0,0,2,0.0,0.9919351133086324,0.0
GenCo557,2,0.0,0,2,0.0,1.9027786213971116,0.0
GenCo558,2,0.0,0,2,0.0,1.91273370925252,0.0
GenCo559,2,0.0,0,2,0.0,1.9497363329032003,0.0
GenCo560,2,0.0,0,2,0.0,2.0647287596895727,0.0
GenCo561,2,0.0,0,2,0.0,2.034736398469242,0.0
GenCo562,2,0.0,0,2,0.0,1.0306448647222686,0.0
GenCo563,2,0.0,0,2,0.0,2.021135554684538,0.0
GenCo564,2,0.0,0,2,0.0,1.9400367417306286,0.0
GenCo565,2,0.0,0,2,0.0,1.9802270193184088,0.0
GenCo566,2,0.0,0,2,0.0,2.0272120604787913,0.0
GenCo567,2,0.0,0,2,0.0,2.018209448586808,0.0
GenCo568,2,0.0,0,2,0.0,2.0411637470748607,0.0
GenCo569,2,0.0,0,2,0.0,1.9259124288724194,0.0
GenCo570,2,0.0,0,2,0.0,1.9149071709267995,0.0
GenCo571,2,0.0,0,2,0.0,2.0112096614018444,0.0
GenCo572,2,0.0,0,2,0.0,1.928286261907089,0.0
GenCo573,2,0.0,0,2,0.0,1.9275622791491838,0.0
GenCo574,2,0.0,0,2,0.0,1.9707521441301425,0.0
GenCo575,2,0.0,0,2,0.0,2.0622536006259202,0.0
GenCo576,2,0.0,0,2,0.0,1.9585178673618329,0.0
GenCo577,2,0.0,0,2,0.0,1.942008117408681,0.0
GenCo578,2,0.0,0,2,0.0,2.0225799769844395,0.0
GenCo579,2,0.0,0,2,0.0,2.038230366559182,0.0
GenCo580,2,0.0,0,2,0.0,0.9976179346129423,0.0
GenCo581,2,0.0,0,2,0.0,0.9820252590752807,0.0
GenCo582,2,0.0,0,2,0.0,1.0126915027343786,0.0
GenCo583,2,0.0,0,2,0.0,1.9217595496475988,0.0
GenCo584,2,0.0,0,2,0.0,2.0260876470366664,0.0
GenCo585,2,0.0,0,2,0.0,1.9515146791691038,0.0
GenCo586,2,0.0,0,2,0.0,1.021823411885176,0.0
GenCo587,2,0.0,0,2,0.0,2.016295441088358,0.0
GenCo588,2,0.0,0,2,0.0,1.9132168444177509,0.0
GenCo589,2,0.0,0,2,0.0,2.0187791758109346,0.0
GenCo590,2,0.0,0,2,0.0,1.9893892813775051,0.0
GenCo591,2,0.0,0,2,0.0,2.0263542770597796,0.0
GenCo592,2,0.0,0,2,0.0,2.0045816534567416,0.0
GenCo593,2,0.0,0,2,0.0,2.075616387661513,0.0
GenCo594,2,0.0,0,2,0.0,1.9766741995945243,0.0
GenCo595,2,0.0,0,2,0.0,1.9197328817962835,0.0
GenCo596,2,0.0,0,2,0.0,1.9330989436751809,0.0
GenCo597,2,0.0,0,2,0.0,2.0913980948674378,0.0
GenCo598,2,0.0,0,2,0.0,2.029982541227688,0.0
GenCo599,2,0.0,0,2,0.0,0.9501805765561175,0.0
GenCo600,2,0.0,0,2,0.0,2.0924749713092545,0.0
GenCo601,2,0.0,0,2,0.0,2.0203301086358714,0.0
GenCo602,2,0.0,0,2,0.0,1.9981221717345237,0.0
GenCo603,2,0.0,0,2,0.0,2.0845404118618776,0.0
GenCo604,2,0.0,0,2,0.0,2.0079564797890175,0.0
GenCo605,2,0.0,0,2,0.0,1.91044897775837,0.0
GenCo606,2,0.0,0,2,0.0,2.039118880523131,0.0
GenCo607,2,0.0,0,2,0.0,2.0261500417739478,0.0
GenCo608,2,0.0,0,2,0.0,1.9935050373802017,0.0
GenCo609,2,0.0,0,2,0.0,1.987238061530502,0.0
GenCo610,2,0.0,0,2,0.0,2.0981840124609246,0.0
GenCo611,2,0.0,0,2,0.0,2.0837225121321903,0.0
GenCo612,2,0.0,0,2,0.0,0.9677025188047133,0.0
GenCo613,2,0.0,0,2,0.0,1.9326029311880943,0.0
GenCo614,2,0.0,0,2,0.0,2.0077972558765427,0.0
GenCo615,2,0.0,0,2,0.0,1.968652258495794,0.0
GenCo616,2,0.0,0,2,0.0,1.9361797645120034,0.0
GenCo617,2,0.0,0,2,0.0,2.061995954262903,0.0
GenCo618,2,0.0,0,2,0.0,2.085112008795353,0.0
GenCo619,2,0.0,0,2,0.0,2.0828294338884317,0.0
GenCo620,2,0.0,0,2,0.0,1.022337358286461,0.0
GenCo621,2,0.0,0,2,0.0,0.9874681089798718,0.0
GenCo622,2,0.0,0,2,0.0,2.0746338460038,0.0
GenCo623,2,0.0,0,2,0.0,1.9505062176321608,0.0
GenCo624,2,0.0,0,2,0.0,1.999386273497341,0.0
GenCo625,2,0.0,0,2,0.0,2.069287820542542,0.0
GenCo626,2,0.0,0,2,0.0,1.9309692174342359,0.0
GenCo627,2,0.0,0,2,0.0,1.0280375549013567,0.0
GenCo628,2,0.0,0,2,0.0,1.0484788047155167,0.0
GenCo629,2,0.0,0,2,0.0,1.020847601814292,0.0
GenCo630,2,0.0,0,2,0.0,1.9056500933253173,0.0
GenCo631,2,0.0,0,2,0.0,2.087671577943044,0.0
GenCo632,2,0.0,0,2,0.0,2.081561591923219,0.0
GenCo633,2,0.0,0,2,0.0,2.088700462886284,0.0
GenCo634,2,0.0,0,2,0.0,2.060277941335018,0.0
GenCo635,2,0.0,0,2,0.0,2.060538814000165,0.0
GenCo636,2,0.0,0,2,0.0,2.024310782627607,0.0
GenCo637,2,0.0,0,2,0.0,2.011284158209698,0.0
GenCo638,2,0.0,0,2,0.0,2.0889722114588234,0.0
GenCo639,2,0.0,0,2,0.0,1.9476322197024456,0.0
GenCo640,2,0.0,0,2,0.0,1.9351494462003087,0.0
GenCo641,2,0.0,0,2,0.0,2.001486345597778,0.0
GenCo642,2,0.0,0,2,0.0,1.9228434004826194,0.0
GenCo643,2,0.0,0,2,0.0,1.9496242732944116,0.0
GenCo644,2,0.0,0,2,0.0,1.01962118414098,0.0
GenCo645,2,0.0,0,2,0.0,2.0834989643527524,0.0
GenCo646,2,0.0,0,2,0.0,1.9710219100093174,0.0
GenCo647,2,0.0,0,2,0.0,2.0173913051157615,0.0
GenCo648,2,0.0,0,2,0.0,2.0284232761534664,0.0
GenCo649,2,0.0,0,2,0.0,2.0408139557447567,0.0
GenCo650,2,0.0,0,2,0.0,2.045007122517426,0.0
GenCo651,2,0.0,0,2,0.0,1.9995398960953046,0.0
GenCo652,2,0.0,0,2,0.0,0.9712232206186856,0.0
GenCo653,2,0.0,0,2,0.0,1.0390891437216754,0.0
GenCo654,2,0.0,0,2,0.0,1.0493562780986943,0.0
GenCo655,2,0.0,0,2,0.0,2.083076158047979,0.0
GenCo656,2,0.0,0,2,0.0,1.9951872749028612,0.0
GenCo657,2,0.0,0,2,0.0,2.0319267340329623,0.0
GenCo658,2,0.0,0,2,0.0,2.079730579896208,0.0
GenCo659,2,0.0,0,2,0.0,2.0026964883928695,0.0
GenCo660,2,0.0,0,2,0.0,1.961477688997468,0.0
GenCo661,2,0.0,0,2,0.0,1.034550322140476,0.0
GenCo662,2,0.0,0,2,0.0,1.9350309479031824,0.0
GenCo663,2,0.0,0,2,0.0,2.027897358698304,0.0
GenCo664,2,0.0,0,2,0.0,2.0464388540255203,0.0
GenCo665,2,0.0,0,2,0.0,0.9510857826607756,0.0
GenCo666,2,0.0,0,2,0.0,1.961208619582758,0.0
GenCo667,2,0.0,0,2,0.0,2.0143398178274903,0.0
GenCo668,2,0.0,0,2,0.0,1.9372412732109516,0.0
GenCo669,2,0.0,0,2,0.0,1.0006352934585778,0.0
GenCo670,2,0.0,0,2,0.0,1.9928494434865154,0.0
GenCo671,2,0.0,0,2,0.0,2.051631559773584,0.0
GenCo672,2,0.0,0,2,0.0,1.973531592803863,0.0
GenCo673,2,0.0,0,2,0.0,2.0207066341661277,0.0
GenCo674,2,0.0,0,2,0.0,1.9779723714271713,0.0
GenCo675,2,0.0,0,2,0.0,2.026751156651695,0.0
GenCo676,2,0.0,0,2,0.0,0.9852526000140877,0.0
GenCo677,2,0.0,0,2,0.0,1.9167342917891412,0.0
GenCo678,2,0.0,0,2,0.0,2.051420127431379,0.0
GenCo679,2,0.0,0,2,0.0,1.9377003221170126,0.0
GenCo680,2,0.0,0,2,0.0,2.079713675438461,0.0
GenCo681,2,0.0,0,2,0.0,1.9959392062544365,0.0
GenCo682,2,0.0,0,2,0.0,2.062322064589078,0.0
GenCo683,2,0.0,0,2,0.0,1.9221228260994374,0.0
GenCo684,2,0.0,0,2,0.0,2.0302621505837317,0.0
GenCo685,2,0.0,0,2,0.0,2.0939580529297843,0.0
GenCo686,2,0.0,0,2,0.0,1.9316432074930894,0.0
GenCo687,2,0.0,0,2,0.0,0.9922280979816906,0.0
GenCo688,2,0.0,0,2,0.0,1.012729720195793,0.0
GenCo689,2,0.0,0,2,0.0,2.086719638862918,0.0
GenCo690,2,0.0,0,2,0.0,0.9561203859884647,0.0
GenCo691,2,0.0,0,2,0.0,1.9830754211527286,0.0
GenCo692,2,0.0,0,2,0.0,1.9005400574014601,0.0
GenCo693,2,0.0,0,2,0.0,1.933574941044277,0.0
GenCo694,2,0.0,0,2,0.0,2.055067468313401,0.0
GenCo695,2,0.0,0,2,0.0,0.9547934903223482,0.0
GenCo696,2,0.0,0,2,0.0,0.9830050849986749,0.0
GenCo697,2,0.0,0,2,0.0,2.083374426309938,0.0
GenCo698,2,0.0,0,2,0.0,1.9644422824486294,0.0
GenCo699,2,0.0,0,2,0.0,2.026965479492238,0.0
GenCo700,2,0.0,0,2,0.0,2.05416152315882,0.0
GenCo701,2,0.0,0,2,0.0,2.00945920074142,0.0
GenCo702,2,0.0,0,2,0.0,1.9746947322965138,0.0
GenCo703,2,0.0,0,2,0.0,2.055805150876035,0.0
GenCo704,2,0.0,0,2,0.0,2.028730970548793,0.0
GenCo705,2,0.0,0,2,0.0,1.9217393460732237,0.0
GenCo706,2,0.0,0,2,0.0,1.9541878014844216,0.0
GenCo707,2,0.0,0,2,0.0,1.966501536839927,0.0
GenCo708,2,0.0,0,2,0.0,2.0286889741606586,0.0
GenCo709,2,0.0,0,2,0.0,1.9044729219680674,0.0
GenCo710,2,0.0,0,2,0.0,1.9581540401173727,0.0
GenCo711,2,0.0,0,2,0.0,1.9336576574733255,0.0
GenCo712,2,0.0,0,2,0.0,2.05590661526885,0.0
GenCo713,2,0.0,0,2,0.0,2.0407406033606152,0.0
GenCo714,2,0.0,0,2,0.0,2.037906205436747,0.0
GenCo715,2,0.0,0,2,0.0,1.9565976410310024,0.0
GenCo716,2,0.0,0,2,0.0,0.988227323324348,0.0
GenCo717,2,0.0,0,2,0.0,1.9301199091826633,0.0
GenCo718,2,0.0,0,2,0.0,0.9685547175094379,0.0
GenCo719,2,0.0,0,2,0.0,1.9594900639890165,0.0
GenCo720,2,0.0,0,2,0.0,0.9954703650405402,0.0
GenCo721,2,0.0,0,2,0.0,1.0290535083862185,0.0
GenCo722,2,0.0,0,2,0.0,1.9049213500016395,0.0
GenCo723,2,0.0,0,2,0.0,2.066309238060009,0.0
GenCo724,2,0.0,0,2,0.0,0.9997919593585441,0.0
GenCo725,2,0.0,0,2,0.0,2.0319290105077106,0.0
GenCo726,2,0.0,0,2,0.0,2.074729854512709,0.0
GenCo727,2,0.0,0,2,0.0,2.0410930812859367,0.0
GenCo728,2,0.0,0,2,0.0,1.9815874844766257,0.0
GenCo729,2,0.0,0,2,0.0,1.9877337207382553,0.0
GenCo730,2,0.0,0,2,0.0,1.9188146934216266,0.0
GenCo731,2,0.0,0,2,0.0,1.984778539162463,0.0
GenCo732,2,0.0,0,2,0.0,0.9719175763771666,0.0
GenCo733,2,0.0,0,2,0.0,0.9836610428257387,0.0
GenCo734,2,0.0,0,2,0.0,0.9758546674311717,0.0
GenCo735,2,0.0,0,2,0.0,0.9746714091184746,0.0
GenCo736,2,0.0,0,2,0.0,2.094262729577441,0.0
GenCo737,2,0.0,0,2,0.0,2.0678680220819134,0.0
GenCo738,2,0.0,0,2,0.0,2.029749842673448,0.0
GenCo739,2,0.0,0,2,0.0,1.9715473328368724,0.0
GenCo740,2,0.0,0,2,0.0,1.9446834142821863,0.0
GenCo741,2,0.0,0,2,0.0,2.046420291479362,0.0
GenCo742,2,0.0,0,2,0.0,1.9332240370530387,0.0
GenCo743,2,0.0,0,2,0.0,1.9313896590935924,0.0
GenCo744,2,0.0,0,2,0.0,2.006045838281323,0.0
GenCo745,2,0.0,0,2,0.0,2.0912519961270393,0.0
GenCo746,2,0.0,0,2,0.0,2.079043824453875,0.0
GenCo747,2,0.0,0,2,0.0,2.0267065976204566,0.0
GenCo748,2,0.0,0,2,0.0,2.022416570468402,0.0
GenCo749,2,0.0,0,2,0.0,1.9662079495645282,0.0
GenCo750,2,0.0,0,2,0.0,0.960499671870749,0.0
GenCo751,2,0.0,0,2,0.0,2.091292799119529,0.0
GenCo752,2,0.0,0,2,0.0,1.9851532581521247,0.0
GenCo753,2,0.0,0,2,0.0,2.0624516770444172,0.0
GenCo754,2,0.0,0,2,0.0,2.0546779943877027,0.0
GenCo755,2,0.0,0,2,0.0,1.9545219477924574,0.0
GenCo756,2,0.0,0,2,0.0,1.9466485803263422,0.0
GenCo757,2,0.0,0,2,0.0,1.943233915328489,0.0
GenCo758,2,0.0,0,2,0.0,0.9951192376456641,0.0
GenCo759,2,0.0,0,2,0.0,0.9946044920930507,0.0
GenCo760,2,0.0,0,2,0.0,1.0179948774191037,0.0
GenCo761,2,0.0,0,2,0.0,0.9871755636758284,0.0
GenCo762,2,0.0,0,2,0.0,1.9393470518054856,0.0
GenCo763,2,0.0,0,2,0.0,1.9723496078824863,0.0
GenCo764,2,0.0,0,2,0.0,1.9239311629102904,0.0
GenCo765,2,0.0,0,2,0.0,2.000130869248959,0.0
GenCo766,2,0.0,0,2,0.0,1.9726214731305896,0.0
GenCo767,2,0.0,0,2,0.0,1.971612198434376,0.0
GenCo768,2,0.0,0,2,0.0,1.933225821680675,0.0
GenCo769,2,0.0,0,2,0.0,1.966950356277531,0.0
GenCo770,2,0.0,0,2,0.0,1.9453660200964968,0.0
GenCo771,2,0.0,0,2,0.0,2.056261329116671,0.0
GenCo772,2,0.0,0,2,0.0,2.0997757015700422,0.0
GenCo773,2,0.0,0,2,0.0,1.027828093187154,0.0
GenCo774,2,0.0,0,2,0.0,1.9401118896472702,0.0
GenCo775,2,0.0,0,2,0.0,1.0108388524704417,0.0
GenCo776,2,0.0,0,2,0.0,0.9806253157319738,0.0
GenCo777,2,0.0,0,2,0.0,0.9724957113343277,0.0
GenCo778,2,0.0,0,2,0.0,2.0923952274732924,0.0
GenCo779,2,0.0,0,2,0.0,2.0393468504523247,0.0
GenCo780,2,0.0,0,2,0.0,1.985501446005604,0.0
GenCo781,2,0.0,0,2,0.0,1.9771025810504925,0.0
GenCo782,2,0.0,0,2,0.0,2.0537196055377693,0.0
GenCo783,2,0.0,0,2,0.0,2.0339973614808082,0.0
GenCo784,2,0.0,0,2,0.0,2.0999701145039396,0.0
GenCo785,2,0.0,0,2,0.0,1.9538396897407986,0.0
GenCo786,2,0.0,0,2,0.0,2.0183039117649435,0.0
GenCo787,2,0.0,0,2,0.0,2.026499272480956,0.0
GenCo788,2,0.0,0,2,0.0,1.9236895724109662,0.0
GenCo789,2,0.0,0,2,0.0,2.0218021693266346,0.0
GenCo790,2,0.0,0,2,0.0,1.9512381047561336,0.0
GenCo791,2,0.0,0,2,0.0,2.0944364085116027,0.0
GenCo792,2,0.0,0,2,0.0,2.0443019013379713,0.0
GenCo793,2,0.0,0,2,0.0,0.9887958686884267,0.0
GenCo794,2,0.0,0,2,0.0,1.9192025900187568,0.0
GenCo795,2,0.0,0,2,0.0,1.9863219628490683,0.0
GenCo796,2,0.0,0,2,0.0,2.0439827942338846,0.0
GenCo797,2,0.0,0,2,0.0,1.99987030212278,0.0
GenCo798,2,0.0,0,2,0.0,2.0544776787382197,0.0
GenCo799,2,0.0,0,2,0.0,2.03542255615588,0.0
GenCo800,2,0.0,0,2,0.0,1.913009690253888,0.0
GenCo801,2,0.0,0,2,0.0,0.9879900348285141,0.0
GenCo802,2,0.0,0,2,0.0,2.06202900020625,0.0
GenCo803,2,0.0,0,2,0.0,1.9826377817506036,0.0
GenCo804,2,0.0,0,2,0.0,2.0998648429846285,0.0
GenCo805,2,0.0,0,2,0.0,1.994423651728113,0.0
GenCo806,2,0.0,0,2,0.0,1.9041440855049454,0.0
GenCo807,2,0.0,0,2,0.0,0.9720817000572269,0.0
GenCo808,2,0.0,0,2,0.0,1.9020870905638378,0.0
GenCo809,2,0.0,0,2,0.0,2.0579336906455707,0.0
GenCo810,2,0.0,0,2,0.0,1.9379249289570035,0.0
GenCo811,2,0.0,0,2,0.0,2.073626484780863,0.0
GenCo812,2,0.0,0,2,0.0,2.056317755594004,0.0
GenCo813,2,0.0,0,2,0.0,0.9681499998400216,0.0
GenCo814,2,0.0,0,2,0.0,1.9097189683137035,0.0
GenCo815,2,0.0,0,2,0.0,1.994177629899392,0.0
GenCo816,2,0.0,0,2,0.0,1.020018812553483,0.0
GenCo817,2,0.0,0,2,0.0,2.0135504561653543,0.0
GenCo818,2,0.0,0,2,0.0,2.0472526391608197,0.0
GenCo819,2,0.0,0,2,0.0,2.0869135502645526,0.0
GenCo820,2,0.0,0,2,0.0,2.0042812740537337,0.0
GenCo821,2,0.0,0,2,0.0,1.9265130115973164,0.0
GenCo822,2,0.0,0,2,0.0,2.0408910311753217,0.0
GenCo823,2,0.0,0,2,0.0,2.050673563907186,0.0
GenCo824,2,0.0,0,2,0.0,1.9213975053014996,0.0
GenCo825,2,0.0,0,2,0.0,0.9927108279979485,0.0
GenCo826,2,0.0,0,2,0.0,2.042845971753669,0.0
GenCo827,2,0.0,0,2,0.0,1.0280301028289265,0.0
GenCo828,2,0.0,0,2,0.0,2.014483138552785,0.0
GenCo829,2,0.0,0,2,0.0,2.009173856213416,0.0
GenCo830,2,0.0,0,2,0.0,2.0937130118628677,0.0
GenCo831,2,0.0,0,2,0.0,2.034832854882227,0.0
GenCo832,2,0.0,0,2,0.0,2.0078736182024812,0.0
GenCo833,2,0.0,0,2,0.0,1.945972039204647,0.0
GenCo834,2,0.0,0,2,0.0,1.967032986617882,0.0
GenCo835,2,0.0,0,2,0.0,2.019856638033145,0.0
GenCo836,2,0.0,0,2,0.0,1.0242366463453765,0.0
GenCo837,2,0.0,0,2,0.0,0.9800605526463984,0.0
GenCo838,2,0.0,0,2,0.0,0.9792115540598272,0.0
GenCo839,2,0.0,0,2,0.0,0.9636052287209533,0.0
GenCo840,2,0.0,0,2,0.0,0.9956245578520755,0.0
GenCo841,2,0.0,0,2,0.0,1.9733244676772101,0.0
GenCo842,2,0.0,0,2,0.0,2.0817117757807826,0.0
GenCo843,2,0.0,0,2,0.0,0.9742291713377359,0.0
GenCo844,2,0.0,0,2,0.0,0.9886883280354745,0.0
GenCo845,2,0.0,0,2,0.0,0.9968705737373665,0.0
GenCo846,2,0.0,0,2,0.0,1.945695940637011,0.0
GenCo847,2,0.0,0,2,0.0,1.953523214365343,0.0
GenCo848,2,0.0,0,2,0.0,1.930415058876426,0.0
GenCo849,2,0.0,0,2,0.0,1.9986976214210408,0.0
GenCo850,2,0.0,0,2,0.0,1.9337908268393915,0.0
GenCo851,2,0.0,0,2,0.0,0.9782917478848182,0.0
GenCo852,2,0.0,0,2,0.0,1.914114408029283,0.0
GenCo853,2,0.0,0,2,0.0,0.9601203901512644,0.0
GenCo854,2,0.0,0,2,0.0,1.0075453461841164,0.0
GenCo855,2,0.0,0,2,0.0,2.028932591823287,0.0
GenCo856,2,0.0,0,2,0.0,2.002595050106109,0.0
GenCo857,2,0.0,0,2,0.0,2.0947299821912653,0.0
GenCo858,2,0.0,0,2,0.0,2.0256569870014483,0.0
GenCo859,2,0.0,0,2,0.0,2.017130428310057,0.0
GenCo860,2,0.0,0,2,0.0,1.0292621709661427,0.0
GenCo861,2,0.0,0,2,0.0,1.951808243580432,0.0
GenCo862,2,0.0,0,2,0.0,2.086504972318974,0.0
GenCo863,2,0.0,0,2,0.0,1.9112847957146974,0.0
GenCo864,2,0.0,0,2,0.0,2.0870945587617418,0.0
GenCo865,2,0.0,0,2,0.0,2.062085858386783,0.0
GenCo866,2,0.0,0,2,0.0,2.0506337989027275,0.0
GenCo867,2,0.0,0,2,0.0,2.0083736612441863,0.0
GenCo868,2,0.0,0,2,0.0,1.9136727246546246,0.0
GenCo869,2,0.0,0,2,0.0,0.9586745645633945,0.0
GenCo870,2,0.0,0,2,0.0,2.0107323736916096,0.0
GenCo871,2,0.0,0,2,0.0,2.0214985520048683,0.0
GenCo872,2,0.0,0,2,0.0,1.9424065560892974,0.0
GenCo873,2,0.0,0,2,0.0,2.0021794980397654,0.0
GenCo874,2,0.0,0,2,0.0,2.022281596705201,0.0
GenCo875,2,0.0,0,2,0.0,2.049850293486934,0.0
GenCo876,2,0.0,0,2,0.0,1.9618189159263297,0.0
GenCo877,2,0.0,0,2,0.0,2.03411048642465,0.0
GenCo878,2,0.0,0,2,0.0,1.9214182840040563,0.0
GenCo879,2,0.0,0,2,0.0,2.018401348953539,0.0
GenCo880,2,0.0,0,2,0.0,2.0873484620520166,0.0
GenCo881,2,0.0,0,2,0.0,1.9576998974025188,0.0
GenCo882,2,0.0,0,2,0.0,2.0598473319511705,0.0
GenCo883,2,0.0,0,2,0.0,2.0065789202811612,0.0
GenCo884,2,0.0,0,2,0.0,1.9765795020130776,0.0
GenCo885,2,0.0,0,2,0.0,1.9244635786909956,0.0
GenCo886,2,0.0,0,2,0.0,1.9866886148909628,0.0
GenCo887,2,0.0,0,2,0.0,1.9392384082832086,0.0
GenCo888,2,0.0,0,2,0.0,2.059260715154338,0.0
GenCo889,2,0.0,0,2,0.0,2.0690822388824692,0.0
GenCo890,2,0.0,0,2,0.0,2.082826020043781,0.0
GenCo891,2,0.0,0,2,0.0,2.049976577959869,0.0
GenCo892,2,0.0,0,2,0.0,1.9433619184728947,0.0
GenCo893,2,0.0,0,2,0.0,1.9869810667035839,0.0
GenCo894,2,0.0,0,2,0.0,0.9548109456851925,0.0
GenCo895,2,0.0,0,2,0.0,1.9443696177253544,0.0
GenCo896,2,0.0,0,2,0.0,2.0671390899179936,0.0
GenCo897,2,0.0,0,2,0.0,1.9774858792404146,0.0
GenCo898,2,0.0,0,2,0.0,2.081128937493973,0.0
GenCo899,2,0.0,0,2,0.0,1.9559193633187733,0.0
GenCo900,2,0.0,0,2,0.0,1.0373786136219112,0.0
GenCo901,2,0.0,0,2,0.0,1.9789637702505622,0.0
GenCo902,2,0.0,0,2,0.0,2.0857627045580536,0.0
GenCo903,2,0.0,0,2,0.0,1.0329492161248892,0.0
GenCo904,2,0.0,0,2,0.0,0.9642757279998505,0.0
GenCo905,2,0.0,0,2,0.0,1.0102009861742487,0.0
GenCo906,2,0.0,0,2,0.0,1.0456290215622468,0.0
GenCo907,2,0.0,0,2,0.0,2.0922144215050444,0.0
GenCo908,2,0.0,0,2,0.0,2.0138670593136236,0.0
GenCo909,2,0.0,0,2,0.0,2.0005336490331236,0.0
GenCo910,2,0.0,0,2,0.0,2.025473299545526,0.0
GenCo911,2,0.0,0,2,0.0,1.9910713020791782,0.0
GenCo912,2,0.0,0,2,0.0,2.0899056322030267,0.0
GenCo913,2,0.0,0,2,0.0,2.0128194097679404,0.0
GenCo914,2,0.0,0,2,0.0,1.9405957718125386,0.0
GenCo915,2,0.0,0,2,0.0,2.072791390695249,0.0
GenCo916,2,0.0,0,2,0.0,1.9720749924991534,0.0
GenCo917,2,0.0,0,2,0.0,1.9944035242052731,0.0
GenCo918,2,0.0,0,2,0.0,2.055947887712814,0.0
GenCo919,2,0.0,0,2,0.0,2.084214320652657,0.0
GenCo920,2,0.0,0,2,0.0,1.963769252438071,0.0
GenCo921,2,0.0,0,2,0.0,1.9901351042550766,0.0
GenCo922,2,0.0,0,2,0.0,1.9717325150196794,0.0
GenCo923,2,0.0,0,2,0.0,1.9807801236916494,0.0
GenCo924,2,0.0,0,2,0.0,1.01137153679778,0.0
GenCo925,2,0.0,0,2,0.0,1.04932896606829,0.0
GenCo926,2,0.0,0,2,0.0,2.052851266547206,0.0
GenCo927,2,0.0,0,2,0.0,2.037384225872293,0.0
GenCo928,2,0.0,0,2,0.0,1.9699872857368648,0.0
GenCo929,2,0.0,0,2,0.0,2.0903944446080707,0.0
GenCo930,2,0.0,0,2,0.0,1.9267995969798275,0.0
GenCo931,2,0.0,0,2,0.0,1.0115722136677252,0.0
GenCo932,2,0.0,0,2,0.0,1.967266516197134,0.0
GenCo933,2,0.0,0,2,0.0,1.998436138011979,0.0
GenCo934,2,0.0,0,2,0.0,1.9923034486353577,0.0
GenCo935,2,0.0,0,2,0.0,2.060721101332046,0.0
GenCo936,2,0.0,0,2,0.0,0.9740977280706704,0.0
GenCo937,2,0.0,0,2,0.0,1.0156900347026043,0.0
GenCo938,2,0.0,0,2,0.0,2.0310019008824547,0.0
GenCo939,2,0.0,0,2,0.0,0.9633654817171932,0.0
GenCo940,2,0.0,0,2,0.0,2.080502798387088,0.0
GenCo941,2,0.0,0,2,0.0,0.9931975347483679,0.0
GenCo942,2,0.0,0,2,0.0,0.9970141603944026,0.0
GenCo943,2,0.0,0,2,0.0,0.9993813550858913,0.0
GenCo944,2,0.0,0,2,0.0,1.94038279357518,0.0
GenCo945,2,0.0,0,2,0.0,0.9812910907500234,0.0
GenCo946,2,0.0,0,2,0.0,1.9181459668725063,0.0
GenCo947,2,0.0,0,2,0.0,2.0481887848536613,0.0
GenCo948,2,0.0,0,2,0.0,1.91515288679315,0.0
GenCo949,2,0.0,0,2,0.0,2.0317354630037783,0.0
GenCo950,2,0.0,0,2,0.0,1.9914965396048923,0.0
GenCo951,2,0.0,0,2,0.0,2.080247770724371,0.0
GenCo952,2,0.0,0,2,0.0,2.0991966399903137,0.0
GenCo953,2,0.0,0,2,0.0,2.030875201426035,0.0
GenCo954,2,0.0,0,2,0.0,2.074065562162658,0.0
GenCo955,2,0.0,0,2,0.0,1.9373111899712305,0.0
GenCo956,2,0.0,0,2,0.0,1.9131216980270278,0.0
GenCo957,2,0.0,0,2,0.0,2.0307705262687397,0.0
GenCo958,2,0.0,0,2,0.0,2.0780746721432037,0.0
GenCo959,2,0.0,0,2,0.0,2.0427006777492247,0.0
GenCo960,2,0.0,0,2,0.0,1.9088064397903726,0.0
GenCo961,2,0.0,0,2,0.0,1.9041688527873935,0.0
GenCo962,2,0.0,0,2,0.0,2.080441912360781,0.0
GenCo963,2,0.0,0,2,0.0,1.9113596971381408,0.0
GenCo964,2,0.0,0,2,0.0,2.034585561301595,0.0
GenCo965,2,0.0,0,2,0.0,2.0329596610775096,0.0
GenCo966,2,0.0,0,2,0.0,1.9677304035153376,0.0
GenCo967,2,0.0,0,2,0.0,1.9649283125807924,0.0
GenCo968,2,0.0,0,2,0.0,0.9686033253171745,0.0
GenCo969,2,0.0,0,2,0.0,0.9986140205040865,0.0
GenCo970,2,0.0,0,2,0.0,2.0548087160659465,0.0
GenCo971,2,0.0,0,2,0.0,2.0555004608200864,0.0
GenCo972,2,0.0,0,2,0.0,1.9849442336545542,0.0
GenCo973,2,0.0,0,2,0.0,1.9508316538142993,0.0
GenCo974,2,0.0,0,2,0.0,1.9761138448808415,0.0
GenCo975,2,0.0,0,2,0.0,2.085316468598758,0.0
GenCo976,2,0.0,0,2,0.0,2.0898924414857727,0.0
GenCo977,2,0.0,0,2,0.0,1.9346797080598284,0.0
GenCo978,2,0.0,0,2,0.0,1.9312358427926628,0.0
GenCo979,2,0.0,0,2,0.0,1.9543406509994514,0.0
GenCo980,2,0.0,0,2,0.0,1.9006410051969587,0.0
GenCo981,2,0.0,0,2,0.0,1.9466815890006237,0.0
GenCo982,2,0.0,0,2,0.0,1.9472389250963769,0.0
GenCo983,2,0.0,0,2,0.0,2.069615818411324,0.0
GenCo984,2,0.0,0,2,0.0,2.039261354065997,0.0
GenCo985,2,0.0,0,2,0.0,1.912572128736069,0.0
GenCo986,2,0.0,0,2,0.0,1.9191476007121417,0.0
GenCo987,2,0.0,0,2,0.0,2.072063319448293,0.0
GenCo988,2,0.0,0,2,0.0,1.90062364833805,0.0
GenCo989,2,0.0,0,2,0.0,1.9570159022358118,0.0
GenCo990,2,0.0,0,2,0.0,1.9583027256153718,0.0
GenCo991,2,0.0,0,2,0.0,1.9726253104489604,0.0
GenCo992,2,0.0,0,2,0.0,2.061708403778244,0.0
GenCo993,2,0.0,0,2,0.0,2.0848307692698134,0.0
GenCo994,2,0.0,0,2,0.0,0.9993053293944792,0.0
GenCo995,2,0.0,0,2,0.0,2.0563104363927605,0.0
GenCo996,2,0.0,0,2,0.0,0.9758916498815414,0.0
GenCo997,2,0.0,0,2,0.0,1.9252056491259768,0.0
GenCo998,2,0.0,0,2,0.0,1.9460803804075042,0.0
GenCo999,2,0.0,0,2,0.0,0.9898829945435565,0.0
GenCo1000,2,0.0,0,2,0.0,2.0254914759827893,0.0
GenCo1001,2,0.0,0,2,0.0,0.9999081717818142,0.0
GenCo1002,2,0.0,0,2,0.0,1.0259887745892753,0.0
GenCo1003,2,0.0,0,2,0.0,1.949325143704057,0.0
GenCo1004,2,0.0,0,2,0.0,1.0202604705593497,0.0
GenCo1005,2,0.0,0,2,0.0,1.0340231709332905,0.0
GenCo1006,2,0.0,0,2,0.0,0.9782738875603981,0.0
GenCo1007,2,0.0,0,2,0.0,1.9073586644006932,0.0
GenCo1008,2,0.0,0,2,0.0,1.0011781957815815,0.0
GenCo1009,2,0.0,0,2,0.0,2.0593130489194205,0.0
GenCo1010,2,0.0,0,2,0.0,1.0013377483033377,0.0
GenCo1011,2,0.0,0,2,0.0,1.0171145377758162,0.0
GenCo1012,2,0.0,0,2,0.0,1.0067590227341687,0.0
GenCo1013,2,0.0,0,2,0.0,1.9249530522179175,0.0
GenCo1014,2,0.0,0,2,0.0,2.015422814308867,0.0
GenCo1015,2,0.0,0,2,0.0,1.0149438850815335,0.0
GenCo1016,2,0.0,0,2,0.0,0.9741263464133164,0.0
GenCo1017,2,0.0,0,2,0.0,0.9839371665559699,0.0
GenCo1018,2,0.0,0,2,0.0,0.9948114335078673,0.0
GenCo1019,2,0.0,0,2,0.0,0.9663138726138087,0.0
GenCo1020,2,0.0,0,2,0.0,1.9961514697701412,0.0
GenCo1021,2,0.0,0,2,0.0,1.9164407150751177,0.0
GenCo1022,2,0.0,0,2,0.0,2.0239453558578755,0.0
GenCo1023,2,0.0,0,2,0.0,1.9375835645163533,0.0
GenCo1024,2,0.0,0,2,0.0,2.034633229537914,0.0
GenCo1025,2,0.0,0,2,0.0,2.068821109854253,0.0
GenCo1026,2,0.0,0,2,0.0,1.9419028397861606,0.0
GenCo1027,2,0.0,0,2,0.0,1.916296071895428,0.0
GenCo1028,2,0.0,0,2,0.0,2.0930598190851555,0.0
GenCo1029,2,0.0,0,2,0.0,1.9711216448600775,0.0
GenCo1030,2,0.0,0,2,0.0,2.0829485285788385,0.0
GenCo1031,2,0.0,0,2,0.0,1.9396718927192353,0.0
GenCo1032,2,0.0,0,2,0.0,1.9978319089656542,0.0
GenCo1033,2,0.0,0,2,0.0,0.9741824648416454,0.0
GenCo1034,2,0.0,0,2,0.0,2.0545529014328867,0.0
GenCo1035,2,0.0,0,2,0.0,2.028094800794956,0.0
GenCo1036,2,0.0,0,2,0.0,2.0178589820636845,0.0
GenCo1037,2,0.0,0,2,0.0,1.9408440317132394,0.0
GenCo1038,2,0.0,0,2,0.0,1.923769228345929,0.0
GenCo1039,2,0.0,0,2,0.0,1.9084034709695297,0.0
GenCo1040,2,0.0,0,2,0.0,1.967128546901021,0.0
GenCo1041,2,0.0,0,2,0.0,2.0741947099345728,0.0
GenCo1042,2,0.0,0,2,0.0,1.9047914125474197,0.0
GenCo1043,2,0.0,0,2,0.0,0.9549617469337945,0.0
GenCo1044,2,0.0,0,2,0.0,0.9508143810522575,0.0
GenCo1045,2,0.0,0,2,0.0,2.0319527882208024,0.0
GenCo1046,2,0.0,0,2,0.0,1.0301069053757836,0.0
GenCo1047,2,0.0,0,2,0.0,1.0481444707897931,0.0
GenCo1048,2,0.0,0,2,0.0,1.0089833318366666,0.0
GenCo1049,2,0.0,0,2,0.0,0.9716803664272734,0.0
GenCo1050,2,0.0,0,2,0.0,0.9634600354391568,0.0
GenCo1051,2,0.0,0,2,0.0,0.9673740624211489,0.0
GenCo1052,2,0.0,0,2,0.0,1.0389834694197428,0.0
GenCo1053,2,0.0,0,2,0.0,1.0434147987161553,0.0
GenCo1054,2,0.0,0,2,0.0,1.0374684955783269,0.0
GenCo1055,2,0.0,0,2,0.0,1.0435311503529616,0.0
GenCo1056,2,0.0,0,2,0.0,1.0164637210788268,0.0
GenCo1057,2,0.0,0,2,0.0,1.9221724330756942,0.0
GenCo1058,2,0.0,0,2,0.0,2.0055581704776375,0.0
GenCo1059,2,0.0,0,2,0.0,2.0923070048270374,0.0
GenCo1060,2,0.0,0,2,0.0,1.9459437882933304,0.0
GenCo1061,2,0.0,0,2,0.0,2.009885318116136,0.0
GenCo1062,2,0.0,0,2,0.0,1.02538486990896,0.0
GenCo1063,2,0.0,0,2,0.0,1.036094083023397,0.0
GenCo1064,2,0.0,0,2,0.0,2.0976256156321647,0.0
GenCo1065,2,0.0,0,2,0.0,2.01956220064464,0.0
GenCo1066,2,0.0,0,2,0.0,0.9668650449042897,0.0
GenCo1067,2,0.0,0,2,0.0,1.9300164593479348,0.0
GenCo1068,2,0.0,0,2,0.0,0.9852879535679401,0.0
GenCo1069,2,0.0,0,2,0.0,0.9804849508045254,0.0
GenCo1070,2,0.0,0,2,0.0,2.026707520577686,0.0
GenCo1071,2,0.0,0,2,0.0,1.9072819130146126,0.0
GenCo1072,2,0.0,0,2,0.0,2.0235634292235942,0.0
GenCo1073,2,0.0,0,2,0.0,1.0141869910963195,0.0
GenCo1074,2,0.0,0,2,0.0,0.9932762539620813,0.0
GenCo1075,2,0.0,0,2,0.0,2.021806946233568,0.0
GenCo1076,2,0.0,0,2,0.0,2.0419161869440807,0.0
GenCo1077,2,0.0,0,2,0.0,1.9165517696861347,0.0
GenCo1078,2,0.0,0,2,0.0,1.9679617845792752,0.0
GenCo1079,2,0.0,0,2,0.0,2.029681489192515,0.0
GenCo1080,2,0.0,0,2,0.0,2.033541609498955,0.0
GenCo1081,2,0.0,0,2,0.0,1.9916008195808335,0.0
GenCo1082,2,0.0,0,2,0.0,2.0221321319380525,0.0
GenCo1083,2,0.0,0,2,0.0,2.0852207328942636,0.0
GenCo1084,2,0.0,0,2,0.0,2.0752283373686864,0.0
GenCo1085,2,0.0,0,2,0.0,1.9842529549445036,0.0
GenCo1086,2,0.0,0,2,0.0,1.964515509800036,0.0
GenCo1087,2,0.0,0,2,0.0,1.9050214580570206,0.0
GenCo1088,2,0.0,0,2,0.0,1.9128472027399994,0.0
GenCo1089,2,0.0,0,2,0.0,1.9128507177564893,0.0
GenCo1090,2,0.0,0,2,0.0,2.076962452270956,0.0
GenCo1091,2,0.0,0,2,0.0,0.9989266645609383,0.0
GenCo1092,2,0.0,0,2,0.0,1.9265885771459441,0.0
GenCo1093,2,0.0,0,2,0.0,0.9702836471911184,0.0
GenCo1094,2,0.0,0,2,0.0,1.985251990699252,0.0
GenCo1095,2,0.0,0,2,0.0,2.047183455958345,0.0
GenCo1096,2,0.0,0,2,0.0,0.9926958022089042,0.0
GenCo1097,2,0.0,0,2,0.0,2.0946904877241646,0.0
GenCo1098,2,0.0,0,2,0.0,1.029844743032108,0.0
GenCo1099,2,0.0,0,2,0.0,2.0489655004487775,0.0
GenCo1100,2,0.0,0,2,0.0,2.033670344656856,0.0
GenCo1101,2,0.0,0,2,0.0,2.066890872127355,0.0
GenCo1102,2,0.0,0,2,0.0,1.9314011582081887,0.0
GenCo1103,2,0.0,0,2,0.0,1.9192821499987731,0.0
GenCo1104,2,0.0,0,2,0.0,1.0269126399451043,0.0
GenCo1105,2,0.0,0,2,0.0,1.9572480884712737,0.0
GenCo1106,2,0.0,0,2,0.0,0.9598156496661486,0.0
GenCo1107,2,0.0,0,2,0.0,1.034806570716633,0.0
GenCo1108,2,0.0,0,2,0.0,0.9728947225207383,0.0
GenCo1109,2,0.0,0,2,0.0,2.0218037410270058,0.0
GenCo1110,2,0.0,0,2,0.0,1.9827601767989063,0.0
GenCo1111,2,0.0,0,2,0.0,2.079292655659144,0.0
GenCo1112,2,0.0,0,2,0.0,0.9997268581987806,0.0
GenCo1113,2,0.0,0,2,0.0,2.0659531412542664,0.0
GenCo1114,2,0.0,0,2,0.0,1.043176912007698,0.0
GenCo1115,2,0.0,0,2,0.0,1.0426077863781709,0.0
GenCo1116,2,0.0,0,2,0.0,1.0026863065380616,0.0
GenCo1117,2,0.0,0,2,0.0,0.974907874656642,0.0
GenCo1118,2,0.0,0,2,0.0,1.0307784104529472,0.0
GenCo1119,2,0.0,0,2,0.0,0.9528271011855403,0.0
GenCo1120,2,0.0,0,2,0.0,1.037650343956074,0.0
GenCo1121,2,0.0,0,2,0.0,0.971824496896817,0.0
GenCo1122,2,0.0,0,2,0.0,1.0293209683970483,0.0
GenCo1123,2,0.0,0,2,0.0,0.9510969410521264,0.0
GenCo1124,2,0.0,0,2,0.0,1.0275817385845951,0.0
GenCo1125,2,0.0,0,2,0.0,0.9751262254403256,0.0
GenCo1126,2,0.0,0,2,0.0,1.017997907521595,0.0
GenCo1127,2,0.0,0,2,0.0,0.9902455310948113,0.0
GenCo1128,2,0.0,0,2,0.0,2.0008510781226336,0.0
GenCo1129,2,0.0,0,2,0.0,2.0994457624426377,0.0
GenCo1130,2,0.0,0,2,0.0,1.0101667289795948,0.0
GenCo1131,2,0.0,0,2,0.0,0.9639719832387511,0.0
GenCo1132,2,0.0,0,2,0.0,1.0254185202668595,0.0
GenCo1133,2,0.0,0,2,0.0,0.9834282702560039,0.0
GenCo1134,2,0.0,0,2,0.0,0.9757412774203317,0.0
GenCo1135,2,0.0,0,2,0.0,1.046966744939644,0.0
GenCo1136,2,0.0,0,2,0.0,1.0416145711094846,0.0
GenCo1137,2,0.0,0,2,0.0,1.0308617382275,0.0
GenCo1138,2,0.0,0,2,0.0,0.9964710486566571,0.0
GenCo1139,2,0.0,0,2,0.0,0.9855320097736008,0.0
GenCo1140,2,0.0,0,2,0.0,1.038424231589331,0.0
GenCo1141,2,0.0,0,2,0.0,0.9674385246427754,0.0
GenCo1142,2,0.0,0,2,0.0,0.9796852477446466,0.0
GenCo1143,2,0.0,0,2,0.0,0.9635598360121139,0.0
GenCo1144,2,0.0,0,2,0.0,0.9594566691102794,0.0
GenCo1145,2,0.0,0,2,0.0,1.0346679933012672,0.0
GenCo1146,2,0.0,0,2,0.0,0.9688129666016967,0.0
GenCo1147,2,0.0,0,2,0.0,0.9839305129038796,0.0
GenCo1148,2,0.0,0,2,0.0,0.9859095311461507,0.0
GenCo1149,2,0.0,0,2,0.0,2.0427993625135636,0.0
GenCo1150,2,0.0,0,2,0.0,2.076296717450624,0.0
GenCo1151,2,0.0,0,2,0.0,0.9951446842526432,0.0
GenCo1152,2,0.0,0,2,0.0,0.9892288703334008,0.0
GenCo1153,2,0.0,0,2,0.0,1.0492772402723265,0.0
GenCo1154,2,0.0,0,2,0.0,0.9752745722157661,0.0
GenCo1155,2,0.0,0,2,0.0,1.966695148573324,0.0
GenCo1156,2,0.0,0,2,0.0,1.0492520198682989,0.0
GenCo1157,2,0.0,0,2,0.0,0.9691479305029002,0.0
GenCo1158,2,0.0,0,2,0.0,0.9961368608434005,0.0
GenCo1159,2,0.0,0,2,0.0,0.9884180546927922,0.0
GenCo1160,2,0.0,0,2,0.0,1.047337980560542,0.0
GenCo1161,2,0.0,0,2,0.0,1.0331377204234145,0.0
GenCo1162,2,0.0,0,2,0.0,1.0324380801171595,0.0
GenCo1163,2,0.0,0,2,0.0,0.9669167859765646,0.0
GenCo1164,2,0.0,0,2,0.0,0.9687493044307167,0.0
GenCo1165,2,0.0,0,2,0.0,1.0198459037332128,0.0
GenCo1166,2,0.0,0,2,0.0,2.022302731280724,0.0
GenCo1167,2,0.0,0,2,0.0,1.0259316898157358,0.0
GenCo1168,2,0.0,0,2,0.0,0.9770904132016894,0.0
GenCo1169,2,0.0,0,2,0.0,2.095211305763478,0.0
GenCo1170,2,0.0,0,2,0.0,0.9555235957545467,0.0
GenCo1171,2,0.0,0,2,0.0,1.0376562334295896,0.0
GenCo1172,2,0.0,0,2,0.0,0.9957313985646195,0.0
GenCo1173,2,0.0,0,2,0.0,0.9910352037960354,0.0
GenCo1174,2,0.0,0,2,0.0,0.996957174078285,0.0
GenCo1175,2,0.0,0,2,0.0,1.0335187651396314,0.0
GenCo1176,2,0.0,0,2,0.0,0.9569374390686607,0.0
GenCo1177,2,0.0,0,2,0.0,0.9574007860751733,0.0
GenCo1178,2,0.0,0,2,0.0,0.9508969365339388,0.0
GenCo1179,2,0.0,0,2,0.0,0.9876904613097621,0.0
GenCo1180,2,0.0,0,2,0.0,0.9724056456591115,0.0
GenCo1181,2,0.0,0,2,0.0,1.0182723373582652,0.0
GenCo1182,2,0.0,0,2,0.0,1.997809821450379,0.0
GenCo1183,2,0.0,0,2,0.0,2.038590351793265,0.0
GenCo1184,2,0.0,0,2,0.0,1.9066674902728058,0.0
GenCo1185,2,0.0,0,2,0.0,0.9783084109748168,0.0
GenCo1186,2,0.0,0,2,0.0,0.9892107011350708,0.0
GenCo1187,2,0.0,0,2,0.0,1.0276062074616754,0.0
GenCo1188,2,0.0,0,2,0.0,0.960046677802857,0.0
GenCo1189,2,0.0,0,2,0.0,2.0702667718554815,0.0
GenCo1190,2,0.0,0,2,0.0,0.9852545848864389,0.0
GenCo1191,2,0.0,0,2,0.0,0.986362694997603,0.0
GenCo1192,2,0.0,0,2,0.0,0.9949057756794053,0.0
GenCo1193,2,0.0,0,2,0.0,1.0338697459086565,0.0
GenCo1194,2,0.0,0,2,0.0,1.9921774015225848,0.0
GenCo1195,2,0.0,0,2,0.0,0.9615258766171523,0.0
GenCo1196,2,0.0,0,2,0.0,1.0384088564248717,0.0
GenCo1197,2,0.0,0,2,0.0,0.9682033773441463,0.0
GenCo1198,2,0.0,0,2,0.0,1.018751509784032,0.0
GenCo1199,2,0.0,0,2,0.0,0.9640203132656285,0.0
GenCo1200,2,0.0,0,2,0.0,0.960253595266508,0.0
GenCo1201,2,0.0,0,2,0.0,0.9827162017019897,0.0
GenCo1202,2,0.0,0,2,0.0,2.095649976140662,0.0
GenCo1203,2,0.0,0,2,0.0,0.9639078777415606,0.0
GenCo1204,2,0.0,0,2,0.0,1.9409998289241281,0.0
GenCo1205,2,0.0,0,2,0.0,1.9700735120328845,0.0
GenCo1206,2,0.0,0,2,0.0,1.002213642996696,0.0
GenCo1207,2,0.0,0,2,0.0,0.987009829019208,0.0
GenCo1208,2,0.0,0,2,0.0,0.9820256484760245,0.0
GenCo1209,2,0.0,0,2,0.0,0.9523210368954814,0.0
GenCo1210,2,0.0,0,2,0.0,1.0206066404831242,0.0
GenCo1211,2,0.0,0,2,0.0,1.020335797860565,0.0
GenCo1212,2,0.0,0,2,0.0,1.0467737905189054,0.0
GenCo1213,2,0.0,0,2,0.0,0.972847508439754,0.0
GenCo1214,2,0.0,0,2,0.0,0.9770305530272728,0.0
GenCo1215,2,0.0,0,2,0.0,1.026178641147257,0.0
GenCo1216,2,0.0,0,2,0.0,1.0263477176867388,0.0
GenCo1217,2,0.0,0,2,0.0,0.9667423446252663,0.0
GenCo1218,2,0.0,0,2,0.0,0.9532665253959738,0.0
GenCo1219,2,0.0,0,2,0.0,2.0704321538128303,0.0
GenCo1220,2,0.0,0,2,0.0,1.95526488414925,0.0
GenCo1221,2,0.0,0,2,0.0,2.0379520479666025,0.0
GenCo1222,2,0.0,0,2,0.0,2.0707993066216477,0.0
GenCo1223,2,0.0,0,2,0.0,1.975938606583975,0.0
GenCo1224,2,0.0,0,2,0.0,2.0663236073985214,0.0
GenCo1225,2,0.0,0,2,0.0,0.9967558025857539,0.0
GenCo1226,2,0.0,0,2,0.0,1.0162446780274743,0.0
GenCo1227,2,0.0,0,2,0.0,2.035151270917528,0.0
GenCo1228,2,0.0,0,2,0.0,1.9378751445682831,0.0
GenCo1229,2,0.0,0,2,0.0,0.9863466836865714,0.0
GenCo1230,2,0.0,0,2,0.0,1.0047638779624046,0.0
GenCo1231,2,0.0,0,2,0.0,1.034513102920776,0.0
GenCo1232,2,0.0,0,2,0.0,1.0081228844590837,0.0
GenCo1233,2,0.0,0,2,0.0,0.9751600902380266,0.0
GenCo1234,2,0.0,0,2,0.0,1.031610408917609,0.0
GenCo1235,2,0.0,0,2,0.0,0.9980524195848477,0.0
GenCo1236,2,0.0,0,2,0.0,1.0324735864985082,0.0
GenCo1237,2,0.0,0,2,0.0,1.041695765454716,0.0
GenCo1238,2,0.0,0,2,0.0,0.9624289883674706,0.0
GenCo1239,2,0.0,0,2,0.0,1.9271094411135843,0.0
GenCo1240,2,0.0,0,2,0.0,1.9321110507070882,0.0
GenCo1241,2,0.0,0,2,0.0,2.023503349701046,0.0
GenCo1242,2,0.0,0,2,0.0,2.08164739625043,0.0
GenCo1243,2,0.0,0,2,0.0,1.9496860888805576,0.0
GenCo1244,2,0.0,0,2,0.0,1.03447025722683,0.0
GenCo1245,2,0.0,0,2,0.0,0.973070608375772,0.0
GenCo1246,2,0.0,0,2,0.0,1.9375543209899222,0.0
GenCo1247,2,0.0,0,2,0.0,1.0024714501428145,0.0
GenCo1248,2,0.0,0,2,0.0,0.9660496192068431,0.0
GenCo1249,2,0.0,0,2,0.0,2.092118853673511,0.0
GenCo1250,2,0.0,0,2,0.0,0.987077022686723,0.0
GenCo1251,2,0.0,0,2,0.0,0.9986396344381823,0.0
GenCo1252,2,0.0,0,2,0.0,0.9686153931215986,0.0
GenCo1253,2,0.0,0,2,0.0,0.9956732184850279,0.0
GenCo1254,2,0.0,0,2,0.0,2.029313743691968,0.0
GenCo1255,2,0.0,0,2,0.0,1.0015754789417874,0.0
GenCo1256,2,0.0,0,2,0.0,1.9675933244548234,0.0
GenCo1257,2,0.0,0,2,0.0,2.0267513570699087,0.0
GenCo1258,2,0.0,0,2,0.0,2.0231058574202527,0.0
GenCo1259,2,0.0,0,2,0.0,1.9495912867346508,0.0
GenCo1260,2,0.0,0,2,0.0,1.9485476500945034,0.0
GenCo1261,2,0.0,0,2,0.0,0.9891666538573048,0.0
GenCo1262,2,0.0,0,2,0.0,0.9609774713584197,0.0
GenCo1263,2,0.0,0,2,0.0,0.9574429752698921,0.0
GenCo1264,2,0.0,0,2,0.0,2.0914242384232073,0.0
GenCo1265,2,0.0,0,2,0.0,1.0396759858455182,0.0
GenCo1266,2,0.0,0,2,0.0,1.0394710521153525,0.0
GenCo1267,2,0.0,0,2,0.0,1.0025359119049158,0.0
GenCo1268,2,0.0,0,2,0.0,1.0092684808365164,0.0
GenCo1269,2,0.0,0,2,0.0,0.9850345719311899,0.0
GenCo1270,2,0.0,0,2,0.0,0.9837047615342548,0.0
GenCo1271,2,0.0,0,2,0.0,0.9537450624573027,0.0
GenCo1272,2,0.0,0,2,0.0,1.9835671591855792,0.0
GenCo1273,2,0.0,0,2,0.0,0.9935570296025762,0.0
GenCo1274,2,0.0,0,2,0.0,1.0156286785188884,0.0
GenCo1275,2,0.0,0,2,0.0,1.0143183371119207,0.0
GenCo1276,2,0.0,0,2,0.0,0.9723795098866352,0.0
GenCo1277,2,0.0,0,2,0.0,0.9980411089374122,0.0
GenCo1278,2,0.0,0,2,0.0,0.9978176904687608,0.0
GenCo1279,2,0.0,0,2,0.0,0.9613983015210394,0.0
GenCo1280,2,0.0,0,2,0.0,0.9757844484305743,0.0
GenCo1281,2,0.0,0,2,0.0,1.9940024262111435,0.0
GenCo1282,2,0.0,0,2,0.0,1.9285303992126572,0.0
GenCo1283,2,0.0,0,2,0.0,1.044724098054358,0.0
GenCo1284,2,0.0,0,2,0.0,1.0182346088463172,0.0
GenCo1285,2,0.0,0,2,0.0,1.0483836162967348,0.0
GenCo1286,2,0.0,0,2,0.0,1.000317744519691,0.0
GenCo1287,2,0.0,0,2,0.0,1.9307901171680248,0.0
GenCo1288,2,0.0,0,2,0.0,1.943148482929845,0.0
GenCo1289,2,0.0,0,2,0.0,1.9532925658822387,0.0
GenCo1290,2,0.0,0,2,0.0,1.9253420247899542,0.0
GenCo1291,2,0.0,0,2,0.0,0.9505733968840033,0.0
GenCo1292,2,0.0,0,2,0.0,1.0496783714717262,0.0
GenCo1293,2,0.0,0,2,0.0,2.0948989604001826,0.0
GenCo1294,2,0.0,0,2,0.0,1.9049962495085109,0.0
GenCo1295,2,0.0,0,2,0.0,10.408467907522157,0.0
