,MODEL,STARTUP,SHUTDOWN,NCOST,COST_2,COST_1,COST_0
GenCo0,2,0.0,0,2,0.0,0.9982344106807299,0.0
GenCo1,2,0.0,0,2,0.0,1.0033163087174108,0.0
GenCo2,2,0.0,0,2,0.0,1.0175706747943196,0.0
GenCo3,2,0.0,0,2,0.0,0.9743951533440095,0.0
GenCo4,2,0.0,0,2,0.0,0.9972130939585225,0.0
GenCo5,2,0.0,0,2,0.0,1.0399839005663223,0.0
GenCo6,2,0.0,0,2,0.0,1.00348808167935,0.0
GenCo7,2,0.0,0,2,0.0,1.0446535183296393,0.0
GenCo8,2,0.0,0,2,0.0,1.0137936397173817,0.0
GenCo9,2,0.0,0,2,0.0,0.9828136354385861,0.0
GenCo10,2,0.0,0,2,0.0,0.9621909599610662,0.0
GenCo11,2,0.0,0,2,0.0,0.9603517999954824,0.0
GenCo12,2,0.0,0,2,0.0,0.9750023282932267,0.0
GenCo13,2,0.0,0,2,0.0,1.0373028146393786,0.0
GenCo14,2,0.0,0,2,0.0,1.019541270625087,0.0
GenCo15,2,0.0,0,2,0.0,0.9852025889951597,0.0
GenCo16,2,0.0,0,2,0.0,0.9532366052237378,0.0
GenCo17,2,0.0,0,2,0.0,2.026426031545825,0.0
GenCo18,2,0.0,0,2,0.0,0.9908413809826773,0.0
GenCo19,2,0.0,0,2,0.0,0.9569541777051708,0.0
GenCo20,2,0.0,0,2,0.0,0.9821673708567433,0.0
GenCo21,2,0.0,0,2,0.0,1.0400477733549638,0.0
GenCo22,2,0.0,0,2,0.0,1.0493866612901588,0.0
GenCo23,2,0.0,0,2,0.0,0.9675140624471443,0.0
GenCo24,2,0.0,0,2,0.0,0.9843183441744605,0.0
GenCo25,2,0.0,0,2,0.0,0.951597904336753,0.0
GenCo26,2,0.0,0,2,0.0,0.9857372335444723,0.0
GenCo27,2,0.0,0,2,0.0,0.9756265177390421,0.0
GenCo28,2,0.0,0,2,0.0,0.9687769989298257,0.0
GenCo29,2,0.0,0,2,0.0,1.0341276493036995,0.0
GenCo30,2,0.0,0,2,0.0,1.0191090720004192,0.0
GenCo31,2,0.0,0,2,0.0,1.0196348357718261,0.0
GenCo32,2,0.0,0,2,0.0,1.0420320662747895,0.0
GenCo33,2,0.0,0,2,0.0,0.9970515349056986,0.0
GenCo34,2,0.0,0,2,0.0,1.0444231148212542,0.0
GenCo35,2,0.0,0,2,0.0,0.980393384666995,0.0
GenCo36,2,0.0,0,2,0.0,1.0059375277277463,0.0
GenCo37,2,0.0,0,2,0.0,1.0128397371172342,0.0
GenCo38,2,0.0,0,2,0.0,0.9506885585344245,0.0
GenCo39,2,0.0,0,2,0.0,0.9782376252406889,0.0
GenCo40,2,0.0,0,2,0.0,0.9766825437782173,0.0
GenCo41,2,0.0,0,2,0.0,0.9759196724890719,0.0
GenCo42,2,0.0,0,2,0.0,0.9696755251744535,0.0
GenCo43,2,0.0,0,2,0.0,0.9862306268851285,0.0
GenCo44,2,0.0,0,2,0.0,0.9983115798591897,0.0
GenCo45,2,0.0,0,2,0.0,0.9622662199412538,0.0
GenCo46,2,0.0,0,2,0.0,0.9689782425331893,0.0
GenCo47,2,0.0,0,2,0.0,0.9684837934018443,0.0
GenCo48,2,0.0,0,2,0.0,0.9899370083318427,0.0
GenCo49,2,0.0,0,2,0.0,1.0306112395980513,0.0
GenCo50,2,0.0,0,2,0.0,0.9927625175532,0.0
GenCo51,2,0.0,0,2,0.0,1.021363122974515,0.0
GenCo52,2,0.0,0,2,0.0,0.9519080074347502,0.0
GenCo53,2,0.0,0,2,0.0,1.0217856187364662,0.0
GenCo54,2,0.0,0,2,0.0,1.0159432403296693,0.0
GenCo55,2,0.0,0,2,0.0,1.0412849845349625,0.0
GenCo56,2,0.0,0,2,0.0,1.0481669245658782,0.0
GenCo57,2,0.0,0,2,0.0,1.0407115260203994,0.0
GenCo58,2,0.0,0,2,0.0,1.0446579670195952,0.0
GenCo59,2,0.0,0,2,0.0,0.9820038343799888,0.0
GenCo60,2,0.0,0,2,0.0,1.0089455536015737,0.0
GenCo61,2,0.0,0,2,0.0,0.9528194728434767,0.0
GenCo62,2,0.0,0,2,0.0,1.0390098975048965,0.0
GenCo63,2,0.0,0,2,0.0,0.9968515006944378,0.0
GenCo64,2,0.0,0,2,0.0,0.9795108793855142,0.0
GenCo65,2,0.0,0,2,0.0,1.0344457714060302,0.0
GenCo66,2,0.0,0,2,0.0,1.0292002784357215,0.0
GenCo67,2,0.0,0,2,0.0,0.9929208356508188,0.0
GenCo68,2,0.0,0,2,0.0,0.9634264803250788,0.0
GenCo69,2,0.0,0,2,0.0,1.0211238105778413,0.0
GenCo70,2,0.0,0,2,0.0,1.0129837826430093,0.0
GenCo71,2,0.0,0,2,0.0,1.0464479909541975,0.0
GenCo72,2,0.0,0,2,0.0,1.018497809594862,0.0
GenCo73,2,0.0,0,2,0.0,0.9942346746229753,0.0
GenCo74,2,0.0,0,2,0.0,0.9583008521177603,0.0
GenCo75,2,0.0,0,2,0.0,1.016601885877729,0.0
GenCo76,2,0.0,0,2,0.0,1.0412898402871824,0.0
GenCo77,2,0.0,0,2,0.0,1.0396057767144053,0.0
GenCo78,2,0.0,0,2,0.0,1.0322747679416366,0.0
GenCo79,2,0.0,0,2,0.0,1.0004743516560999,0.0
GenCo80,2,0.0,0,2,0.0,0.9866249806244852,0.0
GenCo81,2,0.0,0,2,0.0,0.9958926786866489,0.0
GenCo82,2,0.0,0,2,0.0,0.9638662053038506,0.0
GenCo83,2,0.0,0,2,0.0,0.9830155243828904,0.0
GenCo84,2,0.0,0,2,0.0,1.0329591846944703,0.0
GenCo85,2,0.0,0,2,0.0,1.0362111822283877,0.0
GenCo86,2,0.0,0,2,0.0,2.0388885759838073,0.0
GenCo87,2,0.0,0,2,0.0,0.9732154636929693,0.0
GenCo88,2,0.0,0,2,0.0,1.0247019772231145,0.0
GenCo89,2,0.0,0,2,0.0,1.0325162570483195,0.0
GenCo90,2,0.0,0,2,0.0,1.0120373789020365,0.0
GenCo91,2,0.0,0,2,0.0,1.001319809747301,0.0
GenCo92,2,0.0,0,2,0.0,1.0041517032522913,0.0
GenCo93,2,0.0,0,2,0.0,1.9117623075320374,0.0
GenCo94,2,0.0,0,2,0.0,1.006452674431745,0.0
GenCo95,2,0.0,0,2,0.0,0.982912135610678,0.0
GenCo96,2,0.0,0,2,0.0,0.9905501733474807,0.0
GenCo97,2,0.0,0,2,0.0,0.9641966098464775,0.0
GenCo98,2,0.0,0,2,0.0,0.9902144285916668,0.0
GenCo99,2,0.0,0,2,0.0,0.9726779531895979,0.0
GenCo100,2,0.0,0,2,0.0,0.9811991527608843,0.0
GenCo101,2,0.0,0,2,0.0,0.9667323306586021,0.0
GenCo102,2,0.0,0,2,0.0,0.9976493158209685,0.0
GenCo103,2,0.0,0,2,0.0,1.0114446678152538,0.0
GenCo104,2,0.0,0,2,0.0,1.0479909942296328,0.0
GenCo105,2,0.0,0,2,0.0,1.000773635622691,0.0
GenCo106,2,0.0,0,2,0.0,1.0428943274191445,0.0
GenCo107,2,0.0,0,2,0.0,1.0190740013341288,0.0
GenCo108,2,0.0,0,2,0.0,1.0273763402703369,0.0
GenCo109,2,0.0,0,2,0.0,1.024974947512493,0.0
GenCo110,2,0.0,0,2,0.0,1.0108469665386077,0.0
GenCo111,2,0.0,0,2,0.0,1.00848265676742,0.0
GenCo112,2,0.0,0,2,0.0,0.9803282211492698,0.0
GenCo113,2,0.0,0,2,0.0,0.9797318268615312,0.0
GenCo114,2,0.0,0,2,0.0,0.9707803615440886,0.0
GenCo115,2,0.0,0,2,0.0,0.9675760821047817,0.0
GenCo116,2,0.0,0,2,0.0,0.9816988200741098,0.0
GenCo117,2,0.0,0,2,0.0,0.9785279957246361,0.0
GenCo118,2,0.0,0,2,0.0,0.9826484100356777,0.0
GenCo119,2,0.0,0,2,0.0,1.0216287859496846,0.0
GenCo120,2,0.0,0,2,0.0,0.989742389801975,0.0
GenCo121,2,0.0,0,2,0.0,1.0151183217911464,0.0
GenCo122,2,0.0,0,2,0.0,0.985311214790518,0.0
GenCo123,2,0.0,0,2,0.0,1.0353591889555451,0.0
GenCo124,2,0.0,0,2,0.0,1.923475733024728,0.0
GenCo125,2,0.0,0,2,0.0,2.074893399376958,0.0
GenCo126,2,0.0,0,2,0.0,1.0199371843301879,0.0
GenCo127,2,0.0,0,2,0.0,1.0103419967331677,0.0
GenCo128,2,0.0,0,2,0.0,1.0057393093347213,0.0
GenCo129,2,0.0,0,2,0.0,0.9557877481907167,0.0
GenCo130,2,0.0,0,2,0.0,1.0223094174368776,0.0
GenCo131,2,0.0,0,2,0.0,1.040137391352504,0.0
GenCo132,2,0.0,0,2,0.0,2.0627458490261485,0.0
GenCo133,2,0.0,0,2,0.0,1.9939694739936482,0.0
GenCo134,2,0.0,0,2,0.0,1.0455136878082096,0.0
GenCo135,2,0.0,0,2,0.0,0.9717006851502709,0.0
GenCo136,2,0.0,0,2,0.0,1.0034358879444147,0.0
GenCo137,2,0.0,0,2,0.0,0.9806885542686865,0.0
GenCo138,2,0.0,0,2,0.0,0.9539870521197255,0.0
GenCo139,2,0.0,0,2,0.0,0.9623931113762006,0.0
GenCo140,2,0.0,0,2,0.0,0.9927236789668465,0.0
GenCo141,2,0.0,0,2,0.0,0.9695641602490519,0.0
GenCo142,2,0.0,0,2,0.0,1.0154950522060795,0.0
GenCo143,2,0.0,0,2,0.0,1.0284867851429405,0.0
GenCo144,2,0.0,0,2,0.0,0.9676629454534625,0.0
GenCo145,2,0.0,0,2,0.0,0.9924247542896618,0.0
GenCo146,2,0.0,0,2,0.0,1.0208976536001828,0.0
GenCo147,2,0.0,0,2,0.0,1.0030391075061145,0.0
GenCo148,2,0.0,0,2,0.0,1.0147767910118346,0.0
GenCo149,2,0.0,0,2,0.0,1.013852549636501,0.0
GenCo150,2,0.0,0,2,0.0,1.046163354084782,0.0
GenCo151,2,0.0,0,2,0.0,0.9552483218208282,0.0
GenCo152,2,0.0,0,2,0.0,2.048278238271553,0.0
GenCo153,2,0.0,0,2,0.0,1.9339487130109858,0.0
GenCo154,2,0.0,0,2,0.0,0.9893598479472808,0.0
GenCo155,2,0.0,0,2,0.0,0.9805957031651746,0.0
GenCo156,2,0.0,0,2,0.0,0.9644320615804612,0.0
GenCo157,2,0.0,0,2,0.0,0.9942174438247405,0.0
GenCo158,2,0.0,0,2,0.0,1.038975677922133,0.0
GenCo159,2,0.0,0,2,0.0,0.9996382821708671,0.0
GenCo160,2,0.0,0,2,0.0,0.9916594294992596,0.0
GenCo161,2,0.0,0,2,0.0,1.0153497738355712,0.0
GenCo162,2,0.0,0,2,0.0,0.9777077562091585,0.0
GenCo163,2,0.0,0,2,0.0,1.004372085347293,0.0
GenCo164,2,0.0,0,2,0.0,0.9936819474311023,0.0
GenCo165,2,0.0,0,2,0.0,1.019626000869802,0.0
GenCo166,2,0.0,0,2,0.0,0.9614233029051695,0.0
GenCo167,2,0.0,0,2,0.0,0.9856768439242307,0.0
GenCo168,2,0.0,0,2,0.0,1.0357169152268892,0.0
GenCo169,2,0.0,0,2,0.0,0.9964737093512056,0.0
GenCo170,2,0.0,0,2,0.0,1.0139063108977555,0.0
GenCo171,2,0.0,0,2,0.0,0.9998845466697442,0.0
GenCo172,2,0.0,0,2,0.0,0.9741239114327294,0.0
GenCo173,2,0.0,0,2,0.0,2.078456744676506,0.0
GenCo174,2,0.0,0,2,0.0,1.0191703410972355,0.0
GenCo175,2,0.0,0,2,0.0,1.0423329306987368,0.0
GenCo176,2,0.0,0,2,0.0,1.009504045639524,0.0
GenCo177,2,0.0,0,2,0.0,1.017330216518532,0.0
GenCo178,2,0.0,0,2,0.0,1.0041394442820863,0.0
GenCo179,2,0.0,0,2,0.0,1.0320654601410073,0.0
GenCo180,2,0.0,0,2,0.0,0.9811151630669729,0.0
GenCo181,2,0.0,0,2,0.0,0.9649272796351573,0.0
GenCo182,2,0.0,0,2,0.0,1.0463050255815365,0.0
GenCo183,2,0.0,0,2,0.0,0.9829463409441233,0.0
GenCo184,2,0.0,0,2,0.0,0.9564508666496899,0.0
GenCo185,2,0.0,0,2,0.0,0.9810236690778549,0.0
GenCo186,2,0.0,0,2,0.0,1.02631508949676,0.0
GenCo187,2,0.0,0,2,0.0,1.0085823584138516,0.0
GenCo188,2,0.0,0,2,0.0,1.026024586800641,0.0
GenCo189,2,0.0,0,2,0.0,0.9763653404384796,0.0
GenCo190,2,0.0,0,2,0.0,1.0173434275593742,0.0
GenCo191,2,0.0,0,2,0.0,0.9571427281083488,0.0
GenCo192,2,0.0,0,2,0.0,1.0499447893345573,0.0
GenCo193,2,0.0,0,2,0.0,0.9639504129566886,0.0
GenCo194,2,0.0,0,2,0.0,0.9505996504654676,0.0
GenCo195,2,0.0,0,2,0.0,1.0223800357988433,0.0
GenCo196,2,0.0,0,2,0.0,0.9684146821263026,0.0
GenCo197,2,0.0,0,2,0.0,0.9791229939887264,0.0
GenCo198,2,0.0,0,2,0.0,0.9634497033369324,0.0
GenCo199,2,0.0,0,2,0.0,1.0233705448187318,0.0
GenCo200,2,0.0,0,2,0.0,0.9792234371891143,0.0
GenCo201,2,0.0,0,2,0.0,0.9924673976036892,0.0
GenCo202,2,0.0,0,2,0.0,0.9685474452638355,0.0
GenCo203,2,0.0,0,2,0.0,1.0025621218542526,0.0
GenCo204,2,0.0,0,2,0.0,1.0124442739352006,0.0
GenCo205,2,0.0,0,2,0.0,0.9779544697113816,0.0
GenCo206,2,0.0,0,2,0.0,1.0246390607222111,0.0
GenCo207,2,0.0,0,2,0.0,0.9661540472273117,0.0
GenCo208,2,0.0,0,2,0.0,0.9588888386150818,0.0
GenCo209,2,0.0,0,2,0.0,0.9690833219390287,0.0
GenCo210,2,0.0,0,2,0.0,1.0274559963624927,0.0
GenCo211,2,0.0,0,2,0.0,0.9903078839485095,0.0
GenCo212,2,0.0,0,2,0.0,0.9564222623516299,0.0
GenCo213,2,0.0,0,2,0.0,0.9555768770499564,0.0
GenCo214,2,0.0,0,2,0.0,0.9509209066891022,0.0
GenCo215,2,0.0,0,2,0.0,0.9902202221544114,0.0
GenCo216,2,0.0,0,2,0.0,0.9610389576119949,0.0
GenCo217,2,0.0,0,2,0.0,0.9645686385621308,0.0
GenCo218,2,0.0,0,2,0.0,1.9560195110001872,0.0
GenCo219,2,0.0,0,2,0.0,1.0156289061526587,0.0
GenCo220,2,0.0,0,2,0.0,0.980359346722865,0.0
GenCo221,2,0.0,0,2,0.0,1.0237861928629004,0.0
GenCo222,2,0.0,0,2,0.0,0.96721820803758,0.0
GenCo223,2,0.0,0,2,0.0,1.0018293341160218,0.0
GenCo224,2,0.0,0,2,0.0,2.041639733697073,0.0
GenCo225,2,0.0,0,2,0.0,1.0275911890279978,0.0
GenCo226,2,0.0,0,2,0.0,1.0029724937104525,0.0
GenCo227,2,0.0,0,2,0.0,0.9911919836794463,0.0
GenCo228,2,0.0,0,2,0.0,1.0257131571884475,0.0
GenCo229,2,0.0,0,2,0.0,1.0150624851216807,0.0
GenCo230,2,0.0,0,2,0.0,1.0208476837626608,0.0
GenCo231,2,0.0,0,2,0.0,1.0226072430739117,0.0
GenCo232,2,0.0,0,2,0.0,0.9863282189979254,0.0
GenCo233,2,0.0,0,2,0.0,1.0483397615413823,0.0
GenCo234,2,0.0,0,2,0.0,1.006880629173602,0.0
GenCo235,2,0.0,0,2,0.0,1.0460899507087813,0.0
GenCo236,2,0.0,0,2,0.0,0.9698446074318755,0.0
GenCo237,2,0.0,0,2,0.0,1.0456539464386634,0.0
GenCo238,2,0.0,0,2,0.0,0.9689402571312761,0.0
GenCo239,2,0.0,0,2,0.0,0.9885088138900305,0.0
GenCo240,2,0.0,0,2,0.0,1.0288600266179706,0.0
GenCo241,2,0.0,0,2,0.0,1.0401707557202549,0.0
GenCo242,2,0.0,0,2,0.0,1.0090841897886902,0.0
GenCo243,2,0.0,0,2,0.0,0.9876433370686374,0.0
GenCo244,2,0.0,0,2,0.0,0.9949339283371217,0.0
GenCo245,2,0.0,0,2,0.0,0.9745844905682773,0.0
GenCo246,2,0.0,0,2,0.0,1.0479194763492057,0.0
GenCo247,2,0.0,0,2,0.0,1.042964069541798,0.0
GenCo248,2,0.0,0,2,0.0,0.9875971899075497,0.0
GenCo249,2,0.0,0,2,0.0,0.9618013172676332,0.0
GenCo250,2,0.0,0,2,0.0,0.9602955838425855,0.0
GenCo251,2,0.0,0,2,0.0,1.038259891829867,0.0
GenCo252,2,0.0,0,2,0.0,1.0086013802336875,0.0
GenCo253,2,0.0,0,2,0.0,1.0013025503457247,0.0
GenCo254,2,0.0,0,2,0.0,1.028638247820662,0.0
GenCo255,2,0.0,0,2,0.0,1.0010439888443246,0.0
GenCo256,2,0.0,0,2,0.0,0.9598701603852738,0.0
GenCo257,2,0.0,0,2,0.0,0.9652945987240166,0.0
GenCo258,2,0.0,0,2,0.0,1.0035051960737942,0.0
GenCo259,2,0.0,0,2,0.0,1.04234599167865,0.0
GenCo260,2,0.0,0,2,0.0,2.081654061032871,0.0
GenCo261,2,0.0,0,2,0.0,2.0556947262852017,0.0
GenCo262,2,0.0,0,2,0.0,1.0259336097911391,0.0
GenCo263,2,0.0,0,2,0.0,0.9862867391443348,0.0
GenCo264,2,0.0,0,2,0.0,1.0181642464299814,0.0
GenCo265,2,0.0,0,2,0.0,1.0009147913170822,0.0
GenCo266,2,0.0,0,2,0.0,1.043289106236395,0.0
GenCo267,2,0.0,0,2,0.0,1.0297128332565773,0.0
GenCo268,2,0.0,0,2,0.0,0.968955297104263,0.0
GenCo269,2,0.0,0,2,0.0,0.9691694432833039,0.0
GenCo270,2,0.0,0,2,0.0,1.0258219977596112,0.0
GenCo271,2,0.0,0,2,0.0,1.0480465309386546,0.0
GenCo272,2,0.0,0,2,0.0,0.9570860028261468,0.0
GenCo273,2,0.0,0,2,0.0,0.9792382498239368,0.0
GenCo274,2,0.0,0,2,0.0,0.9681719509605681,0.0
GenCo275,2,0.0,0,2,0.0,0.9990093205953912,0.0
GenCo276,2,0.0,0,2,0.0,1.040625848247998,0.0
GenCo277,2,0.0,0,2,0.0,1.0239387184551232,0.0
GenCo278,2,0.0,0,2,0.0,1.0248915408116077,0.0
GenCo279,2,0.0,0,2,0.0,1.016294664379569,0.0
GenCo280,2,0.0,0,2,0.0,0.9995999599979848,0.0
GenCo281,2,0.0,0,2,0.0,1.024992600501058,0.0
GenCo282,2,0.0,0,2,0.0,1.010174024033723,0.0
GenCo283,2,0.0,0,2,0.0,0.9519025803354212,0.0
GenCo284,2,0.0,0,2,0.0,1.0128316978939085,0.0
GenCo285,2,0.0,0,2,0.0,1.0089951361532994,0.0
GenCo286,2,0.0,0,2,0.0,0.989553928251601,0.0
GenCo287,2,0.0,0,2,0.0,0.9531736642169499,0.0
GenCo288,2,0.0,0,2,0.0,1.0141659009089294,0.0
GenCo289,2,0.0,0,2,0.0,0.9562958656596352,0.0
GenCo290,2,0.0,0,2,0.0,1.0104410491706777,0.0
GenCo291,2,0.0,0,2,0.0,0.9646399434163122,0.0
GenCo292,2,0.0,0,2,0.0,1.0233797384076369,0.0
GenCo293,2,0.0,0,2,0.0,0.9712309879247277,0.0
GenCo294,2,0.0,0,2,0.0,0.9693629218542225,0.0
GenCo295,2,0.0,0,2,0.0,1.0028366742463541,0.0
GenCo296,2,0.0,0,2,0.0,1.994108580734588,0.0
GenCo297,2,0.0,0,2,0.0,1.9782116202323485,0.0
GenCo298,2,0.0,0,2,0.0,0.9836281733621246,0.0
GenCo299,2,0.0,0,2,0.0,0.950411989840044,0.0
GenCo300,2,0.0,0,2,0.0,1.9612983593872635,0.0
GenCo301,2,0.0,0,2,0.0,1.9339465375558926,0.0
GenCo302,2,0.0,0,2,0.0,0.9616823193815265,0.0
GenCo303,2,0.0,0,2,0.0,1.0052784576183424,0.0
GenCo304,2,0.0,0,2,0.0,1.0261429941622677,0.0
GenCo305,2,0.0,0,2,0.0,0.9956902462823061,0.0
GenCo306,2,0.0,0,2,0.0,0.9836089225019113,0.0
GenCo307,2,0.0,0,2,0.0,1.0279675896661458,0.0
GenCo308,2,0.0,0,2,0.0,1.0377810190046304,0.0
GenCo309,2,0.0,0,2,0.0,0.9804298727652796,0.0
GenCo310,2,0.0,0,2,0.0,1.0190735262145358,0.0
GenCo311,2,0.0,0,2,0.0,0.9724317307591867,0.0
GenCo312,2,0.0,0,2,0.0,0.9733991386016857,0.0
GenCo313,2,0.0,0,2,0.0,1.0063460555820019,0.0
GenCo314,2,0.0,0,2,0.0,1.034532092589341,0.0
GenCo315,2,0.0,0,2,0.0,1.0288523181534102,0.0
GenCo316,2,0.0,0,2,0.0,1.0076881078280489,0.0
GenCo317,2,0.0,0,2,0.0,0.9709426092118584,0.0
GenCo318,2,0.0,0,2,0.0,1.015727763164074,0.0
GenCo319,2,0.0,0,2,0.0,0.9789346832115434,0.0
GenCo320,2,0.0,0,2,0.0,2.030355116201957,0.0
GenCo321,2,0.0,0,2,0.0,1.0464204486125728,0.0
GenCo322,2,0.0,0,2,0.0,1.0033599165139329,0.0
GenCo323,2,0.0,0,2,0.0,1.0338617266797596,0.0
GenCo324,2,0.0,0,2,0.0,0.9696182059005148,0.0
GenCo325,2,0.0,0,2,0.0,0.9946561822971284,0.0
GenCo326,2,0.0,0,2,0.0,2.092010561488316,0.0
GenCo327,2,0.0,0,2,0.0,1.0212456614517833,0.0
GenCo328,2,0.0,0,2,0.0,0.9822177028694329,0.0
GenCo329,2,0.0,0,2,0.0,2.005718006687481,0.0
GenCo330,2,0.0,0,2,0.0,1.9768863722798249,0.0
GenCo331,2,0.0,0,2,0.0,0.9665256107478126,0.0
GenCo332,2,0.0,0,2,0.0,0.9765076957637644,0.0
GenCo333,2,0.0,0,2,0.0,1.0050122355826936,0.0
GenCo334,2,0.0,0,2,0.0,1.0441258593623295,0.0
GenCo335,2,0.0,0,2,0.0,0.950911482303546,0.0
GenCo336,2,0.0,0,2,0.0,1.02291447999241,0.0
GenCo337,2,0.0,0,2,0.0,1.0323558608880372,0.0
GenCo338,2,0.0,0,2,0.0,0.9618152345075888,0.0
GenCo339,2,0.0,0,2,0.0,0.9517065047390092,0.0
GenCo340,2,0.0,0,2,0.0,0.9958438294498178,0.0
GenCo341,2,0.0,0,2,0.0,1.0254478327171686,0.0
GenCo342,2,0.0,0,2,0.0,1.0299708770838423,0.0
GenCo343,2,0.0,0,2,0.0,1.0006704034612166,0.0
GenCo344,2,0.0,0,2,0.0,0.9702557121648225,0.0
GenCo345,2,0.0,0,2,0.0,1.0286737024184756,0.0
GenCo346,2,0.0,0,2,0.0,0.9773608269915096,0.0
GenCo347,2,0.0,0,2,0.0,1.0002754288959075,0.0
GenCo348,2,0.0,0,2,0.0,0.9855945987545597,0.0
GenCo349,2,0.0,0,2,0.0,1.0327139812494261,0.0
GenCo350,2,0.0,0,2,0.0,0.9839028492781352,0.0
GenCo351,2,0.0,0,2,0.0,1.0300096067264277,0.0
GenCo352,2,0.0,0,2,0.0,1.0141321684231568,0.0
GenCo353,2,0.0,0,2,0.0,0.9823101013791818,0.0
GenCo354,2,0.0,0,2,0.0,0.9842524040994693,0.0
GenCo355,2,0.0,0,2,0.0,0.997531454400984,0.0
GenCo356,2,0.0,0,2,0.0,2.0747662073624076,0.0
GenCo357,2,0.0,0,2,0.0,1.0385360324954713,0.0
GenCo358,2,0.0,0,2,0.0,0.9996476255218956,0.0
GenCo359,2,0.0,0,2,0.0,1.0344292670644055,0.0
GenCo360,2,0.0,0,2,0.0,1.0260608239014526,0.0
GenCo361,2,0.0,0,2,0.0,0.9664668302934178,0.0
GenCo362,2,0.0,0,2,0.0,1.0492589440695548,0.0
GenCo363,2,0.0,0,2,0.0,1.0498604616858747,0.0
GenCo364,2,0.0,0,2,0.0,0.9541191085881477,0.0
GenCo365,2,0.0,0,2,0.0,1.0402745551530665,0.0
GenCo366,2,0.0,0,2,0.0,1.035755961526472,0.0
GenCo367,2,0.0,0,2,0.0,0.9691837239262678,0.0
GenCo368,2,0.0,0,2,0.0,0.9875974609440816,0.0
GenCo369,2,0.0,0,2,0.0,0.955197723880607,0.0
GenCo370,2,0.0,0,2,0.0,1.0146551922846183,0.0
GenCo371,2,0.0,0,2,0.0,1.913316146375628,0.0
GenCo372,2,0.0,0,2,0.0,0.9505043129623579,0.0
GenCo373,2,0.0,0,2,0.0,0.981196804542624,0.0
GenCo374,2,0.0,0,2,0.0,0.9501397136508246,0.0
GenCo375,2,0.0,0,2,0.0,0.9963724078988725,0.0
GenCo376,2,0.0,0,2,0.0,0.9891588981872408,0.0
GenCo377,2,0.0,0,2,0.0,1.00790887739672,0.0
GenCo378,2,0.0,0,2,0.0,1.0020091631642432,0.0
GenCo379,2,0.0,0,2,0.0,0.9820922466007479,0.0
GenCo380,2,0.0,0,2,0.0,1.0032233551509686,0.0
GenCo381,2,0.0,0,2,0.0,0.9709174825267426,0.0
GenCo382,2,0.0,0,2,0.0,1.0292769602926706,0.0
GenCo383,2,0.0,0,2,0.0,1.0453012363421306,0.0
GenCo384,2,0.0,0,2,0.0,0.9771897182667891,0.0
GenCo385,2,0.0,0,2,0.0,1.0238063250766936,0.0
GenCo386,2,0.0,0,2,0.0,2.0986197333340084,0.0
GenCo387,2,0.0,0,2,0.0,2.0204705132320595,0.0
GenCo388,2,0.0,0,2,0.0,0.9739851654252357,0.0
GenCo389,2,0.0,0,2,0.0,1.027159253570208,0.0
GenCo390,2,0.0,0,2,0.0,0.9554642937814104,0.0
GenCo391,2,0.0,0,2,0.0,1.0265049663742842,0.0
GenCo392,2,0.0,0,2,0.0,0.9979404768796706,0.0
GenCo393,2,0.0,0,2,0.0,1.0455528156348113,0.0
GenCo394,2,0.0,0,2,0.0,1.0144524605537784,0.0
GenCo395,2,0.0,0,2,0.0,0.9540209807193899,0.0
GenCo396,2,0.0,0,2,0.0,1.0341223579599164,0.0
GenCo397,2,0.0,0,2,0.0,1.0142023498816704,0.0
GenCo398,2,0.0,0,2,0.0,0.9809667878445139,0.0
GenCo399,2,0.0,0,2,0.0,0.9789430649835688,0.0
GenCo400,2,0.0,0,2,0.0,0.9905305989527491,0.0
GenCo401,2,0.0,0,2,0.0,0.9906468142133397,0.0
GenCo402,2,0.0,0,2,0.0,0.9851783993788913,0.0
GenCo403,2,0.0,0,2,0.0,0.9769481058564361,0.0
GenCo404,2,0.0,0,2,0.0,1.049492343732375,0.0
GenCo405,2,0.0,0,2,0.0,1.0342605143447599,0.0
GenCo406,2,0.0,0,2,0.0,1.0003841014801076,0.0
GenCo407,2,0.0,0,2,0.0,1.0262394808652453,0.0
GenCo408,2,0.0,0,2,0.0,0.9708052558656288,0.0
GenCo409,2,0.0,0,2,0.0,0.9836945533706851,0.0
GenCo410,2,0.0,0,2,0.0,0.97663887796797,0.0
GenCo411,2,0.0,0,2,0.0,1.9370792984292144,0.0
GenCo412,2,0.0,0,2,0.0,2.031933252210007,0.0
GenCo413,2,0.0,0,2,0.0,2.0847332494593616,0.0
GenCo414,2,0.0,0,2,0.0,1.9460058016292803,0.0
GenCo415,2,0.0,0,2,0.0,1.0327071577887676,0.0
GenCo416,2,0.0,0,2,0.0,0.9542978303245061,0.0
GenCo417,2,0.0,0,2,0.0,0.9817568995500601,0.0
GenCo418,2,0.0,0,2,0.0,0.9948365929158781,0.0
GenCo419,2,0.0,0,2,0.0,0.9622557983400671,0.0
GenCo420,2,0.0,0,2,0.0,0.9989375241981466,0.0
GenCo421,2,0.0,0,2,0.0,0.952688115444015,0.0
GenCo422,2,0.0,0,2,0.0,1.0290528050582934,0.0
GenCo423,2,0.0,0,2,0.0,1.0354862716273816,0.0
GenCo424,2,0.0,0,2,0.0,1.0237901548821788,0.0
GenCo425,2,0.0,0,2,0.0,0.9925788214090644,0.0
GenCo426,2,0.0,0,2,0.0,1.0405002317033967,0.0
GenCo427,2,0.0,0,2,0.0,0.9583805600191295,0.0
GenCo428,2,0.0,0,2,0.0,0.9966638441890276,0.0
GenCo429,2,0.0,0,2,0.0,1.0000144503693873,0.0
GenCo430,2,0.0,0,2,0.0,0.9943052366186539,0.0
GenCo431,2,0.0,0,2,0.0,1.0339850076394241,0.0
GenCo432,2,0.0,0,2,0.0,0.9806831185230785,0.0
GenCo433,2,0.0,0,2,0.0,0.9976942927926848,0.0
GenCo434,2,0.0,0,2,0.0,0.975862423278057,0.0
GenCo435,2,0.0,0,2,0.0,1.0168023089611729,0.0
GenCo436,2,0.0,0,2,0.0,1.0206015813407714,0.0
GenCo437,2,0.0,0,2,0.0,1.0397969217660021,0.0
GenCo438,2,0.0,0,2,0.0,0.9567437725990138,0.0
GenCo439,2,0.0,0,2,0.0,0.9500591044071369,0.0
GenCo440,2,0.0,0,2,0.0,1.0184254733588318,0.0
GenCo441,2,0.0,0,2,0.0,1.0466021231324796,0.0
GenCo442,2,0.0,0,2,0.0,0.9731025979830061,0.0
GenCo443,2,0.0,0,2,0.0,0.9630190774714839,0.0
GenCo444,2,0.0,0,2,0.0,1.9864851139814357,0.0
GenCo445,2,0.0,0,2,0.0,1.93694703137478,0.0
GenCo446,2,0.0,0,2,0.0,1.0378276077097628,0.0
GenCo447,2,0.0,0,2,0.0,1.0298477641036186,0.0
GenCo448,2,0.0,0,2,0.0,1.0364504148730513,0.0
GenCo449,2,0.0,0,2,0.0,1.0290276994962566,0.0
GenCo450,2,0.0,0,2,0.0,1.042679742069884,0.0
GenCo451,2,0.0,0,2,0.0,0.969886175204469,0.0
GenCo452,2,0.0,0,2,0.0,1.0070513055689716,0.0
GenCo453,2,0.0,0,2,0.0,1.0207532131680725,0.0
GenCo454,2,0.0,0,2,0.0,0.9634348050374288,0.0
GenCo455,2,0.0,0,2,0.0,1.0328436651353197,0.0
GenCo456,2,0.0,0,2,0.0,1.0066373265516662,0.0
GenCo457,2,0.0,0,2,0.0,0.9837139003375343,0.0
GenCo458,2,0.0,0,2,0.0,1.0051903264072128,0.0
GenCo459,2,0.0,0,2,0.0,1.0204688894707528,0.0
GenCo460,2,0.0,0,2,0.0,1.0116350286113942,0.0
GenCo461,2,0.0,0,2,0.0,0.9881537782541548,0.0
GenCo462,2,0.0,0,2,0.0,0.9966477225371844,0.0
GenCo463,2,0.0,0,2,0.0,1.041574604203483,0.0
GenCo464,2,0.0,0,2,0.0,1.0452361049548824,0.0
GenCo465,2,0.0,0,2,0.0,1.0026228743803314,0.0
GenCo466,2,0.0,0,2,0.0,1.9454761914861376,0.0
GenCo467,2,0.0,0,2,0.0,2.0422429166404514,0.0
GenCo468,2,0.0,0,2,0.0,2.031220337943111,0.0
GenCo469,2,0.0,0,2,0.0,0.9715778891987886,0.0
GenCo470,2,0.0,0,2,0.0,0.9715322993521381,0.0
GenCo471,2,0.0,0,2,0.0,1.0275345802571327,0.0
GenCo472,2,0.0,0,2,0.0,0.9646003919010111,0.0
GenCo473,2,0.0,0,2,0.0,0.9664028197513489,0.0
GenCo474,2,0.0,0,2,0.0,0.9891926680948601,0.0
GenCo475,2,0.0,0,2,0.0,0.9706269602048836,0.0
GenCo476,2,0.0,0,2,0.0,0.9935542716891926,0.0
GenCo477,2,0.0,0,2,0.0,0.9601633813648248,0.0
GenCo478,2,0.0,0,2,0.0,0.960228633073934,0.0
GenCo479,2,0.0,0,2,0.0,1.045715913243661,0.0
GenCo480,2,0.0,0,2,0.0,1.009976330025244,0.0
GenCo481,2,0.0,0,2,0.0,1.033833987698032,0.0
GenCo482,2,0.0,0,2,0.0,0.9626487315485882,0.0
GenCo483,2,0.0,0,2,0.0,1.0309963555945403,0.0
GenCo484,2,0.0,0,2,0.0,0.9844848453670885,0.0
GenCo485,2,0.0,0,2,0.0,0.9864840601045748,0.0
GenCo486,2,0.0,0,2,0.0,1.0212827350667197,0.0
GenCo487,2,0.0,0,2,0.0,0.9797670415618905,0.0
GenCo488,2,0.0,0,2,0.0,0.9859534257312964,0.0
GenCo489,2,0.0,0,2,0.0,0.9701518138013155,0.0
GenCo490,2,0.0,0,2,0.0,0.9687904732017698,0.0
GenCo491,2,0.0,0,2,0.0,1.031763134760549,0.0
GenCo492,2,0.0,0,2,0.0,1.0465390369408132,0.0
GenCo493,2,0.0,0,2,0.0,1.0276357381965437,0.0
GenCo494,2,0.0,0,2,0.0,1.0414532283429732,0.0
GenCo495,2,0.0,0,2,0.0,1.0376948632561007,0.0
GenCo496,2,0.0,0,2,0.0,0.9694154670037469,0.0
GenCo497,2,0.0,0,2,0.0,0.9709003775297741,0.0
GenCo498,2,0.0,0,2,0.0,0.9735967234934548,0.0
GenCo499,2,0.0,0,2,0.0,0.9556271957192084,0.0
GenCo500,2,0.0,0,2,0.0,0.951560017944788,0.0
GenCo501,2,0.0,0,2,0.0,1.0071254041682507,0.0
GenCo502,2,0.0,0,2,0.0,0.9592171955255177,0.0
GenCo503,2,0.0,0,2,0.0,1.0354354138429367,0.0
GenCo504,2,0.0,0,2,0.0,1.0353287837225373,0.0
GenCo505,2,0.0,0,2,0.0,0.9732500782345463,0.0
GenCo506,2,0.0,0,2,0.0,0.9809580758059411,0.0
GenCo507,2,0.0,0,2,0.0,0.9836209894264137,0.0
GenCo508,2,0.0,0,2,0.0,0.9558514409162664,0.0
GenCo509,2,0.0,0,2,0.0,1.0045939224880742,0.0
GenCo510,2,0.0,0,2,0.0,1.0152915955722812,0.0
GenCo511,2,0.0,0,2,0.0,0.950994663596715,0.0
GenCo512,2,0.0,0,2,0.0,1.0405093223732984,0.0
GenCo513,2,0.0,0,2,0.0,1.049761696967992,0.0
GenCo514,2,0.0,0,2,0.0,1.034021701484967,0.0
GenCo515,2,0.0,0,2,0.0,0.9799612525936905,0.0
GenCo516,2,0.0,0,2,0.0,0.9930923347715144,0.0
GenCo517,2,0.0,0,2,0.0,1.0204826403382796,0.0
GenCo518,2,0.0,0,2,0.0,1.0021587774162999,0.0
GenCo519,2,0.0,0,2,0.0,1.0267041724338832,0.0
GenCo520,2,0.0,0,2,0.0,0.9715551373820475,0.0
GenCo521,2,0.0,0,2,0.0,2.078485479213146,0.0
GenCo522,2,0.0,0,2,0.0,1.0057116608814871,0.0
GenCo523,2,0.0,0,2,0.0,1.012936529248026,0.0
GenCo524,2,0.0,0,2,0.0,0.9620008600472125,0.0
GenCo525,2,0.0,0,2,0.0,0.9518931834223839,0.0
GenCo526,2,0.0,0,2,0.0,0.9789030508851039,0.0
GenCo527,2,0.0,0,2,0.0,1.0283614377374297,0.0
GenCo528,2,0.0,0,2,0.0,0.9566031252685069,0.0
GenCo529,2,0.0,0,2,0.0,1.034167337175956,0.0
GenCo530,2,0.0,0,2,0.0,0.9554543570511648,0.0
GenCo531,2,0.0,0,2,0.0,1.0465439563350718,0.0
GenCo532,2,0.0,0,2,0.0,1.0289166239248388,0.0
GenCo533,2,0.0,0,2,0.0,1.0304548958750088,0.0
GenCo534,2,0.0,0,2,0.0,0.9791829296128177,0.0
GenCo535,2,0.0,0,2,0.0,1.010849783273169,0.0
GenCo536,2,0.0,0,2,0.0,0.9946695792676378,0.0
GenCo537,2,0.0,0,2,0.0,1.0464766980941718,0.0
GenCo538,2,0.0,0,2,0.0,1.0132244544012028,0.0
GenCo539,2,0.0,0,2,0.0,1.035963468244811,0.0
GenCo540,2,0.0,0,2,0.0,0.975659594784259,0.0
GenCo541,2,0.0,0,2,0.0,1.0105580512130163,0.0
GenCo542,2,0.0,0,2,0.0,1.0006166014139957,0.0
GenCo543,2,0.0,0,2,0.0,1.046745599399074,0.0
GenCo544,2,0.0,0,2,0.0,1.028511065730898,0.0
GenCo545,2,0.0,0,2,0.0,0.9713083625451632,0.0
GenCo546,2,0.0,0,2,0.0,1.0291708900647825,0.0
GenCo547,2,0.0,0,2,0.0,9.57952270544315,0.0
