,MODEL,STARTUP,SHUTDOWN,NCOST,COST_2,COST_1,COST_0
GenCo0,2,0.0,0,2,0.0,0.9563221746888236,0.0
GenCo1,2,0.0,0,2,0.0,0.9971060533071084,0.0
GenCo2,2,0.0,0,2,0.0,0.9713263639756123,0.0
GenCo3,2,0.0,0,2,0.0,0.9956770177137143,0.0
GenCo4,2,0.0,0,2,0.0,0.975854314329872,0.0
GenCo5,2,0.0,0,2,0.0,1.0323581676099967,0.0
GenCo6,2,0.0,0,2,0.0,0.960369224724871,0.0
GenCo7,2,0.0,0,2,0.0,1.0493802051377754,0.0
GenCo8,2,0.0,0,2,0.0,0.9692704229055078,0.0
GenCo9,2,0.0,0,2,0.0,1.0313121675519306,0.0
GenCo10,2,0.0,0,2,0.0,0.9606826280487359,0.0
GenCo11,2,0.0,0,2,0.0,1.018911185009702,0.0
GenCo12,2,0.0,0,2,0.0,1.0301079413009193,0.0
GenCo13,2,0.0,0,2,0.0,1.0248493248280366,0.0
GenCo14,2,0.0,0,2,0.0,0.9548552505110937,0.0
GenCo15,2,0.0,0,2,0.0,0.9964348937215525,0.0
GenCo16,2,0.0,0,2,0.0,0.9745258438572053,0.0
GenCo17,2,0.0,0,2,0.0,1.9834923889992977,0.0
GenCo18,2,0.0,0,2,0.0,0.9650907314490422,0.0
GenCo19,2,0.0,0,2,0.0,1.0118357808140168,0.0
GenCo20,2,0.0,0,2,0.0,0.9542935520902002,0.0
GenCo21,2,0.0,0,2,0.0,1.0230550316122469,0.0
GenCo22,2,0.0,0,2,0.0,1.0030338776553278,0.0
GenCo23,2,0.0,0,2,0.0,0.9527791840459165,0.0
GenCo24,2,0.0,0,2,0.0,0.9682336523154902,0.0
GenCo25,2,0.0,0,2,0.0,1.0194559804292609,0.0
GenCo26,2,0.0,0,2,0.0,1.0333808685756478,0.0
GenCo27,2,0.0,0,2,0.0,0.9564774598836423,0.0
GenCo28,2,0.0,0,2,0.0,1.0099134537539642,0.0
GenCo29,2,0.0,0,2,0.0,1.0048975423663802,0.0
GenCo30,2,0.0,0,2,0.0,1.033262476178351,0.0
GenCo31,2,0.0,0,2,0.0,1.0282456905388442,0.0
GenCo32,2,0.0,0,2,0.0,0.9626155799475704,0.0
GenCo33,2,0.0,0,2,0.0,1.0270050913632263,0.0
GenCo34,2,0.0,0,2,0.0,1.0134830991823576,0.0
GenCo35,2,0.0,0,2,0.0,0.9719091661272607,0.0
GenCo36,2,0.0,0,2,0.0,1.0322224673142404,0.0
GenCo37,2,0.0,0,2,0.0,1.0018734150391588,0.0
GenCo38,2,0.0,0,2,0.0,1.0063316634628332,0.0
GenCo39,2,0.0,0,2,0.0,0.9967979711083216,0.0
GenCo40,2,0.0,0,2,0.0,0.968183237514262,0.0
GenCo41,2,0.0,0,2,0.0,1.0255217098927796,0.0
GenCo42,2,0.0,0,2,0.0,1.0379772349254446,0.0
GenCo43,2,0.0,0,2,0.0,0.9940430747608503,0.0
GenCo44,2,0.0,0,2,0.0,1.038950693289059,0.0
GenCo45,2,0.0,0,2,0.0,1.0353749248661543,0.0
GenCo46,2,0.0,0,2,0.0,0.9791651083232121,0.0
GenCo47,2,0.0,0,2,0.0,0.9971948978572602,0.0
GenCo48,2,0.0,0,2,0.0,0.9984079173132656,0.0
GenCo49,2,0.0,0,2,0.0,1.0363806074077226,0.0
GenCo50,2,0.0,0,2,0.0,1.0063271821035327,0.0
GenCo51,2,0.0,0,2,0.0,0.9679928045737431,0.0
GenCo52,2,0.0,0,2,0.0,0.9684643314945933,0.0
GenCo53,2,0.0,0,2,0.0,0.9856401674749208,0.0
GenCo54,2,0.0,0,2,0.0,1.0170314807278762,0.0
GenCo55,2,0.0,0,2,0.0,1.0314112115741123,0.0
GenCo56,2,0.0,0,2,0.0,1.0107528728321533,0.0
GenCo57,2,0.0,0,2,0.0,0.9627876226823214,0.0
GenCo58,2,0.0,0,2,0.0,1.0330670636183097,0.0
GenCo59,2,0.0,0,2,0.0,1.0071076618065216,0.0
GenCo60,2,0.0,0,2,0.0,0.9554416298425873,0.0
GenCo61,2,0.0,0,2,0.0,1.032647425372494,0.0
GenCo62,2,0.0,0,2,0.0,0.9746147732831122,0.0
GenCo63,2,0.0,0,2,0.0,1.0389690913908263,0.0
GenCo64,2,0.0,0,2,0.0,0.9740335617606624,0.0
GenCo65,2,0.0,0,2,0.0,0.9708765995881202,0.0
GenCo66,2,0.0,0,2,0.0,0.9740814196051746,0.0
GenCo67,2,0.0,0,2,0.0,0.9856769469935466,0.0
GenCo68,2,0.0,0,2,0.0,1.0232776005480047,0.0
GenCo69,2,0.0,0,2,0.0,1.04006416602892,0.0
GenCo70,2,0.0,0,2,0.0,1.0070102277677906,0.0
GenCo71,2,0.0,0,2,0.0,0.9974571734745737,0.0
GenCo72,2,0.0,0,2,0.0,1.0316113959366153,0.0
GenCo73,2,0.0,0,2,0.0,1.0488163680199447,0.0
GenCo74,2,0.0,0,2,0.0,1.0400314452601604,0.0
GenCo75,2,0.0,0,2,0.0,1.0386391564100188,0.0
GenCo76,2,0.0,0,2,0.0,0.9775704239060027,0.0
GenCo77,2,0.0,0,2,0.0,0.9554875584653083,0.0
GenCo78,2,0.0,0,2,0.0,0.9759520143491629,0.0
GenCo79,2,0.0,0,2,0.0,0.9740691629933527,0.0
GenCo80,2,0.0,0,2,0.0,1.0136513523799797,0.0
GenCo81,2,0.0,0,2,0.0,0.9774750642035942,0.0
GenCo82,2,0.0,0,2,0.0,0.9588130906533079,0.0
GenCo83,2,0.0,0,2,0.0,1.0336234672726285,0.0
GenCo84,2,0.0,0,2,0.0,0.9711609942898208,0.0
GenCo85,2,0.0,0,2,0.0,1.029544079008304,0.0
GenCo86,2,0.0,0,2,0.0,2.0986125540916643,0.0
GenCo87,2,0.0,0,2,0.0,1.0188480315048647,0.0
GenCo88,2,0.0,0,2,0.0,0.9618057594970184,0.0
GenCo89,2,0.0,0,2,0.0,0.9593945971691853,0.0
GenCo90,2,0.0,0,2,0.0,0.9993067460824858,0.0
GenCo91,2,0.0,0,2,0.0,0.9829012306298788,0.0
GenCo92,2,0.0,0,2,0.0,1.030291689071223,0.0
GenCo93,2,0.0,0,2,0.0,1.9875784697200778,0.0
GenCo94,2,0.0,0,2,0.0,1.0450381370726656,0.0
GenCo95,2,0.0,0,2,0.0,0.9725210742537551,0.0
GenCo96,2,0.0,0,2,0.0,0.9830999721500437,0.0
GenCo97,2,0.0,0,2,0.0,1.0113620348097259,0.0
GenCo98,2,0.0,0,2,0.0,0.9981480916959544,0.0
GenCo99,2,0.0,0,2,0.0,0.9590085531904533,0.0
GenCo100,2,0.0,0,2,0.0,0.9568740111821852,0.0
GenCo101,2,0.0,0,2,0.0,1.0401869150928147,0.0
GenCo102,2,0.0,0,2,0.0,1.0142312696817104,0.0
GenCo103,2,0.0,0,2,0.0,0.971222528977516,0.0
GenCo104,2,0.0,0,2,0.0,0.959176496613189,0.0
GenCo105,2,0.0,0,2,0.0,1.0322391122480572,0.0
GenCo106,2,0.0,0,2,0.0,1.0462478705842237,0.0
GenCo107,2,0.0,0,2,0.0,0.9930301391433455,0.0
GenCo108,2,0.0,0,2,0.0,1.0057335097679003,0.0
GenCo109,2,0.0,0,2,0.0,0.9932595341576703,0.0
GenCo110,2,0.0,0,2,0.0,1.0432378243392464,0.0
GenCo111,2,0.0,0,2,0.0,1.0380691421076014,0.0
GenCo112,2,0.0,0,2,0.0,0.9675645275437175,0.0
GenCo113,2,0.0,0,2,0.0,1.0239094535657156,0.0
GenCo114,2,0.0,0,2,0.0,1.0272864030041973,0.0
GenCo115,2,0.0,0,2,0.0,1.0148763515226766,0.0
GenCo116,2,0.0,0,2,0.0,1.032914352494833,0.0
GenCo117,2,0.0,0,2,0.0,0.9798705448110883,0.0
GenCo118,2,0.0,0,2,0.0,1.0275501476869175,0.0
GenCo119,2,0.0,0,2,0.0,1.0403660975658473,0.0
GenCo120,2,0.0,0,2,0.0,1.0054663889377857,0.0
GenCo121,2,0.0,0,2,0.0,1.0359952013705993,0.0
GenCo122,2,0.0,0,2,0.0,1.0282167933214579,0.0
GenCo123,2,0.0,0,2,0.0,1.0326185215143866,0.0
GenCo124,2,0.0,0,2,0.0,1.9612322831381521,0.0
GenCo125,2,0.0,0,2,0.0,2.052625089200284,0.0
GenCo126,2,0.0,0,2,0.0,0.9674055751932131,0.0
GenCo127,2,0.0,0,2,0.0,0.9893544644713721,0.0
GenCo128,2,0.0,0,2,0.0,0.9542123203229389,0.0
GenCo129,2,0.0,0,2,0.0,0.9842625048923204,0.0
GenCo130,2,0.0,0,2,0.0,0.999342600398922,0.0
GenCo131,2,0.0,0,2,0.0,0.9578984077299381,0.0
GenCo132,2,0.0,0,2,0.0,2.0737338005435997,0.0
GenCo133,2,0.0,0,2,0.0,1.9958183408164953,0.0
GenCo134,2,0.0,0,2,0.0,0.962065297289899,0.0
GenCo135,2,0.0,0,2,0.0,0.9848932866954241,0.0
GenCo136,2,0.0,0,2,0.0,1.0191301676175248,0.0
GenCo137,2,0.0,0,2,0.0,1.004509571165168,0.0
GenCo138,2,0.0,0,2,0.0,0.9750366595340229,0.0
GenCo139,2,0.0,0,2,0.0,1.0145109806689798,0.0
GenCo140,2,0.0,0,2,0.0,1.0110242874985096,0.0
GenCo141,2,0.0,0,2,0.0,1.0018192557314156,0.0
GenCo142,2,0.0,0,2,0.0,1.0197337581504826,0.0
GenCo143,2,0.0,0,2,0.0,1.003925009205287,0.0
GenCo144,2,0.0,0,2,0.0,1.0082294510943814,0.0
GenCo145,2,0.0,0,2,0.0,1.0286988776300199,0.0
GenCo146,2,0.0,0,2,0.0,0.9548065546890419,0.0
GenCo147,2,0.0,0,2,0.0,0.9905216499563333,0.0
GenCo148,2,0.0,0,2,0.0,0.9668113330225271,0.0
GenCo149,2,0.0,0,2,0.0,0.9553551662070636,0.0
GenCo150,2,0.0,0,2,0.0,1.0258405684684877,0.0
GenCo151,2,0.0,0,2,0.0,0.9870695815027573,0.0
GenCo152,2,0.0,0,2,0.0,1.9226490220977983,0.0
GenCo153,2,0.0,0,2,0.0,2.0615388580728333,0.0
GenCo154,2,0.0,0,2,0.0,1.0006910549924728,0.0
GenCo155,2,0.0,0,2,0.0,0.9789271088542466,0.0
GenCo156,2,0.0,0,2,0.0,1.014887437935229,0.0
GenCo157,2,0.0,0,2,0.0,1.023596842831255,0.0
GenCo158,2,0.0,0,2,0.0,1.0400305530331166,0.0
GenCo159,2,0.0,0,2,0.0,1.0248856346312938,0.0
GenCo160,2,0.0,0,2,0.0,0.9570468615961416,0.0
GenCo161,2,0.0,0,2,0.0,1.0276385994853638,0.0
GenCo162,2,0.0,0,2,0.0,0.9918297817823488,0.0
GenCo163,2,0.0,0,2,0.0,0.9909710867505395,0.0
GenCo164,2,0.0,0,2,0.0,0.9592538039697907,0.0
GenCo165,2,0.0,0,2,0.0,1.0256833235553335,0.0
GenCo166,2,0.0,0,2,0.0,1.0349129837559614,0.0
GenCo167,2,0.0,0,2,0.0,0.9694192081320139,0.0
GenCo168,2,0.0,0,2,0.0,0.9954206145976117,0.0
GenCo169,2,0.0,0,2,0.0,1.0325258486784592,0.0
GenCo170,2,0.0,0,2,0.0,1.0426866124337397,0.0
GenCo171,2,0.0,0,2,0.0,1.0411880340988138,0.0
GenCo172,2,0.0,0,2,0.0,0.9897431244474395,0.0
GenCo173,2,0.0,0,2,0.0,2.0460557578792113,0.0
GenCo174,2,0.0,0,2,0.0,0.9513437512803056,0.0
GenCo175,2,0.0,0,2,0.0,1.0211201219987882,0.0
GenCo176,2,0.0,0,2,0.0,1.029794808281966,0.0
GenCo177,2,0.0,0,2,0.0,1.0356280820390824,0.0
GenCo178,2,0.0,0,2,0.0,0.9968833874510954,0.0
GenCo179,2,0.0,0,2,0.0,1.0486028987425486,0.0
GenCo180,2,0.0,0,2,0.0,0.9590166237858403,0.0
GenCo181,2,0.0,0,2,0.0,1.0307836046641388,0.0
GenCo182,2,0.0,0,2,0.0,1.0368404699558027,0.0
GenCo183,2,0.0,0,2,0.0,0.9616740358275748,0.0
GenCo184,2,0.0,0,2,0.0,1.0246437874919183,0.0
GenCo185,2,0.0,0,2,0.0,0.9896690617187746,0.0
GenCo186,2,0.0,0,2,0.0,0.9775009026474805,0.0
GenCo187,2,0.0,0,2,0.0,0.9503166261431842,0.0
GenCo188,2,0.0,0,2,0.0,1.046027387102024,0.0
GenCo189,2,0.0,0,2,0.0,1.040214869881569,0.0
GenCo190,2,0.0,0,2,0.0,1.0096698452893311,0.0
GenCo191,2,0.0,0,2,0.0,1.008947451523159,0.0
GenCo192,2,0.0,0,2,0.0,0.9957464156207074,0.0
GenCo193,2,0.0,0,2,0.0,0.9553331581748683,0.0
GenCo194,2,0.0,0,2,0.0,0.990163860499768,0.0
GenCo195,2,0.0,0,2,0.0,1.0399181973349094,0.0
GenCo196,2,0.0,0,2,0.0,0.9720709967837234,0.0
GenCo197,2,0.0,0,2,0.0,1.046391916935832,0.0
GenCo198,2,0.0,0,2,0.0,0.9896820114184415,0.0
GenCo199,2,0.0,0,2,0.0,0.9810929765826113,0.0
GenCo200,2,0.0,0,2,0.0,0.9670965923780098,0.0
GenCo201,2,0.0,0,2,0.0,0.9791782322347917,0.0
GenCo202,2,0.0,0,2,0.0,0.969119659770611,0.0
GenCo203,2,0.0,0,2,0.0,0.9756876630335709,0.0
GenCo204,2,0.0,0,2,0.0,0.9906572307727938,0.0
GenCo205,2,0.0,0,2,0.0,0.9933429567703214,0.0
GenCo206,2,0.0,0,2,0.0,0.9713526059600585,0.0
GenCo207,2,0.0,0,2,0.0,0.9867729049647752,0.0
GenCo208,2,0.0,0,2,0.0,0.9642665393762756,0.0
GenCo209,2,0.0,0,2,0.0,1.0319549555542433,0.0
GenCo210,2,0.0,0,2,0.0,1.004439719969102,0.0
GenCo211,2,0.0,0,2,0.0,1.0033850107372653,0.0
GenCo212,2,0.0,0,2,0.0,0.9636595452910699,0.0
GenCo213,2,0.0,0,2,0.0,0.9732740303545401,0.0
GenCo214,2,0.0,0,2,0.0,0.9773277290494575,0.0
GenCo215,2,0.0,0,2,0.0,0.989131663256616,0.0
GenCo216,2,0.0,0,2,0.0,0.9923405603587991,0.0
GenCo217,2,0.0,0,2,0.0,1.0407387898371783,0.0
GenCo218,2,0.0,0,2,0.0,1.9745539632864832,0.0
GenCo219,2,0.0,0,2,0.0,1.0062191797128606,0.0
GenCo220,2,0.0,0,2,0.0,1.0352171477478496,0.0
GenCo221,2,0.0,0,2,0.0,1.025088239926397,0.0
GenCo222,2,0.0,0,2,0.0,1.008391983599993,0.0
GenCo223,2,0.0,0,2,0.0,0.9924740391995326,0.0
GenCo224,2,0.0,0,2,0.0,2.0066228740307137,0.0
GenCo225,2,0.0,0,2,0.0,0.9915316974615528,0.0
GenCo226,2,0.0,0,2,0.0,0.9931114937922645,0.0
GenCo227,2,0.0,0,2,0.0,0.9708334663938107,0.0
GenCo228,2,0.0,0,2,0.0,0.965213464490552,0.0
GenCo229,2,0.0,0,2,0.0,0.9734592654007388,0.0
GenCo230,2,0.0,0,2,0.0,0.9707832243850568,0.0
GenCo231,2,0.0,0,2,0.0,0.9820659385140518,0.0
GenCo232,2,0.0,0,2,0.0,0.9729260937509169,0.0
GenCo233,2,0.0,0,2,0.0,0.9564407101003178,0.0
GenCo234,2,0.0,0,2,0.0,0.9792812211011191,0.0
GenCo235,2,0.0,0,2,0.0,0.9879517883989883,0.0
GenCo236,2,0.0,0,2,0.0,0.9714102189406341,0.0
GenCo237,2,0.0,0,2,0.0,0.9508422825517248,0.0
GenCo238,2,0.0,0,2,0.0,0.9709916527045545,0.0
GenCo239,2,0.0,0,2,0.0,1.0424073420634021,0.0
GenCo240,2,0.0,0,2,0.0,1.001118187251245,0.0
GenCo241,2,0.0,0,2,0.0,1.0200213543080079,0.0
GenCo242,2,0.0,0,2,0.0,1.0034287539748639,0.0
GenCo243,2,0.0,0,2,0.0,0.9705015507379318,0.0
GenCo244,2,0.0,0,2,0.0,0.9551897207295106,0.0
GenCo245,2,0.0,0,2,0.0,1.0165301910971745,0.0
GenCo246,2,0.0,0,2,0.0,0.985617261884896,0.0
GenCo247,2,0.0,0,2,0.0,1.0051947918061392,0.0
GenCo248,2,0.0,0,2,0.0,1.0315916218516272,0.0
GenCo249,2,0.0,0,2,0.0,0.9774395351001787,0.0
GenCo250,2,0.0,0,2,0.0,1.0220420169228626,0.0
GenCo251,2,0.0,0,2,0.0,0.9768757557609619,0.0
GenCo252,2,0.0,0,2,0.0,1.0404075434124636,0.0
GenCo253,2,0.0,0,2,0.0,1.0184845566197238,0.0
GenCo254,2,0.0,0,2,0.0,1.0033041731745282,0.0
GenCo255,2,0.0,0,2,0.0,1.0410058411054433,0.0
GenCo256,2,0.0,0,2,0.0,0.9840623852287639,0.0
GenCo257,2,0.0,0,2,0.0,0.9735987630871871,0.0
GenCo258,2,0.0,0,2,0.0,0.9539021061847763,0.0
GenCo259,2,0.0,0,2,0.0,0.9533675325232569,0.0
GenCo260,2,0.0,0,2,0.0,2.000053202509844,0.0
GenCo261,2,0.0,0,2,0.0,1.9052648996875972,0.0
GenCo262,2,0.0,0,2,0.0,1.042783360803892,0.0
GenCo263,2,0.0,0,2,0.0,0.9851267346375199,0.0
GenCo264,2,0.0,0,2,0.0,0.9988946084793738,0.0
GenCo265,2,0.0,0,2,0.0,1.0160224285343222,0.0
GenCo266,2,0.0,0,2,0.0,0.9896099816569379,0.0
GenCo267,2,0.0,0,2,0.0,0.9681242098897094,0.0
GenCo268,2,0.0,0,2,0.0,0.951443435235829,0.0
GenCo269,2,0.0,0,2,0.0,1.0247045022274703,0.0
GenCo270,2,0.0,0,2,0.0,1.0285908332554847,0.0
GenCo271,2,0.0,0,2,0.0,0.9560147211291247,0.0
GenCo272,2,0.0,0,2,0.0,0.9981495682469144,0.0
GenCo273,2,0.0,0,2,0.0,1.047016458012735,0.0
GenCo274,2,0.0,0,2,0.0,0.9886847252214952,0.0
GenCo275,2,0.0,0,2,0.0,1.0110864912966184,0.0
GenCo276,2,0.0,0,2,0.0,0.984623532874596,0.0
GenCo277,2,0.0,0,2,0.0,0.9885806896021341,0.0
GenCo278,2,0.0,0,2,0.0,1.0233083359447495,0.0
GenCo279,2,0.0,0,2,0.0,0.9541599360030468,0.0
GenCo280,2,0.0,0,2,0.0,0.9675059051578798,0.0
GenCo281,2,0.0,0,2,0.0,0.9742645632787661,0.0
GenCo282,2,0.0,0,2,0.0,1.0293539475973303,0.0
GenCo283,2,0.0,0,2,0.0,1.0301091783484035,0.0
GenCo284,2,0.0,0,2,0.0,0.9973086646471436,0.0
GenCo285,2,0.0,0,2,0.0,0.9551506801768193,0.0
GenCo286,2,0.0,0,2,0.0,1.0007971708146215,0.0
GenCo287,2,0.0,0,2,0.0,0.9908099511563778,0.0
GenCo288,2,0.0,0,2,0.0,1.0059703305247594,0.0
GenCo289,2,0.0,0,2,0.0,1.010051508565751,0.0
GenCo290,2,0.0,0,2,0.0,0.9517401854407405,0.0
GenCo291,2,0.0,0,2,0.0,1.016039868925772,0.0
GenCo292,2,0.0,0,2,0.0,0.980188119845031,0.0
GenCo293,2,0.0,0,2,0.0,1.0179494815746764,0.0
GenCo294,2,0.0,0,2,0.0,1.0226947183511745,0.0
GenCo295,2,0.0,0,2,0.0,0.9777129461397903,0.0
GenCo296,2,0.0,0,2,0.0,1.9487805921852088,0.0
GenCo297,2,0.0,0,2,0.0,2.066611499601807,0.0
GenCo298,2,0.0,0,2,0.0,0.9732847751806223,0.0
GenCo299,2,0.0,0,2,0.0,1.0351083948423054,0.0
GenCo300,2,0.0,0,2,0.0,1.9916532687245514,0.0
GenCo301,2,0.0,0,2,0.0,2.063399583716488,0.0
GenCo302,2,0.0,0,2,0.0,1.0143843920820894,0.0
GenCo303,2,0.0,0,2,0.0,0.993921036486139,0.0
GenCo304,2,0.0,0,2,0.0,1.0212390202200108,0.0
GenCo305,2,0.0,0,2,0.0,1.044702093986058,0.0
GenCo306,2,0.0,0,2,0.0,0.9918515026362283,0.0
GenCo307,2,0.0,0,2,0.0,0.9822660573364941,0.0
GenCo308,2,0.0,0,2,0.0,0.9551427965692323,0.0
GenCo309,2,0.0,0,2,0.0,0.969306163583406,0.0
GenCo310,2,0.0,0,2,0.0,1.0122563649964493,0.0
GenCo311,2,0.0,0,2,0.0,1.0344824529105299,0.0
GenCo312,2,0.0,0,2,0.0,1.0370241678532082,0.0
GenCo313,2,0.0,0,2,0.0,1.0306043588626923,0.0
GenCo314,2,0.0,0,2,0.0,1.0260605898718316,0.0
GenCo315,2,0.0,0,2,0.0,0.993734080079439,0.0
GenCo316,2,0.0,0,2,0.0,1.0057478320731077,0.0
GenCo317,2,0.0,0,2,0.0,0.9747107165562011,0.0
GenCo318,2,0.0,0,2,0.0,0.9709270884288249,0.0
GenCo319,2,0.0,0,2,0.0,0.9818564510198932,0.0
GenCo320,2,0.0,0,2,0.0,2.0805494596085112,0.0
GenCo321,2,0.0,0,2,0.0,1.0137945927912453,0.0
GenCo322,2,0.0,0,2,0.0,0.9736669498135033,0.0
GenCo323,2,0.0,0,2,0.0,0.9775276539880362,0.0
GenCo324,2,0.0,0,2,0.0,0.971053723679191,0.0
GenCo325,2,0.0,0,2,0.0,0.9695664128640346,0.0
GenCo326,2,0.0,0,2,0.0,2.0755160885714825,0.0
GenCo327,2,0.0,0,2,0.0,0.9689068288775822,0.0
GenCo328,2,0.0,0,2,0.0,1.038346994555576,0.0
GenCo329,2,0.0,0,2,0.0,2.0893473808320073,0.0
GenCo330,2,0.0,0,2,0.0,1.9299803775753548,0.0
GenCo331,2,0.0,0,2,0.0,0.9740279111224585,0.0
GenCo332,2,0.0,0,2,0.0,0.9985141874241931,0.0
GenCo333,2,0.0,0,2,0.0,1.0405061680154135,0.0
GenCo334,2,0.0,0,2,0.0,1.018028968458353,0.0
GenCo335,2,0.0,0,2,0.0,0.9811678084832667,0.0
GenCo336,2,0.0,0,2,0.0,1.0325518372826772,0.0
GenCo337,2,0.0,0,2,0.0,1.0432604299832475,0.0
GenCo338,2,0.0,0,2,0.0,1.0496327947405362,0.0
GenCo339,2,0.0,0,2,0.0,1.0061333904789602,0.0
GenCo340,2,0.0,0,2,0.0,0.9569086117538241,0.0
GenCo341,2,0.0,0,2,0.0,1.0163554971138635,0.0
GenCo342,2,0.0,0,2,0.0,1.0189301662635313,0.0
GenCo343,2,0.0,0,2,0.0,1.005865873303742,0.0
GenCo344,2,0.0,0,2,0.0,0.9634603038217624,0.0
GenCo345,2,0.0,0,2,0.0,0.9630590079742902,0.0
GenCo346,2,0.0,0,2,0.0,0.9754769680395293,0.0
GenCo347,2,0.0,0,2,0.0,0.983110252098434,0.0
GenCo348,2,0.0,0,2,0.0,0.9744266526141752,0.0
GenCo349,2,0.0,0,2,0.0,0.9843750477450539,0.0
GenCo350,2,0.0,0,2,0.0,1.0154047759232139,0.0
GenCo351,2,0.0,0,2,0.0,1.0281318314050767,0.0
GenCo352,2,0.0,0,2,0.0,0.9846052717854595,0.0
GenCo353,2,0.0,0,2,0.0,0.9969082241441651,0.0
GenCo354,2,0.0,0,2,0.0,0.9801893791955593,0.0
GenCo355,2,0.0,0,2,0.0,1.0361608461265543,0.0
GenCo356,2,0.0,0,2,0.0,2.0833997504448414,0.0
GenCo357,2,0.0,0,2,0.0,0.9901034222329516,0.0
GenCo358,2,0.0,0,2,0.0,1.0039930006800812,0.0
GenCo359,2,0.0,0,2,0.0,1.0402494943181706,0.0
GenCo360,2,0.0,0,2,0.0,1.041135695192559,0.0
GenCo361,2,0.0,0,2,0.0,1.0282253830072143,0.0
GenCo362,2,0.0,0,2,0.0,0.9688693612591217,0.0
GenCo363,2,0.0,0,2,0.0,1.0058705374974506,0.0
GenCo364,2,0.0,0,2,0.0,0.9569266064212426,0.0
GenCo365,2,0.0,0,2,0.0,1.0281346518393495,0.0
GenCo366,2,0.0,0,2,0.0,1.0154268504782198,0.0
GenCo367,2,0.0,0,2,0.0,0.9637750199253329,0.0
GenCo368,2,0.0,0,2,0.0,1.0174196491133423,0.0
GenCo369,2,0.0,0,2,0.0,1.0456836258423536,0.0
GenCo370,2,0.0,0,2,0.0,1.0221636241912717,0.0
GenCo371,2,0.0,0,2,0.0,1.9792854018402914,0.0
GenCo372,2,0.0,0,2,0.0,1.0327355774141587,0.0
GenCo373,2,0.0,0,2,0.0,0.9932035351709205,0.0
GenCo374,2,0.0,0,2,0.0,1.0113851133412528,0.0
GenCo375,2,0.0,0,2,0.0,1.027671731819479,0.0
GenCo376,2,0.0,0,2,0.0,0.9594138808154413,0.0
GenCo377,2,0.0,0,2,0.0,1.035270578845469,0.0
GenCo378,2,0.0,0,2,0.0,0.9780622605481982,0.0
GenCo379,2,0.0,0,2,0.0,1.0273252534166564,0.0
GenCo380,2,0.0,0,2,0.0,1.0285477339898208,0.0
GenCo381,2,0.0,0,2,0.0,1.0349539641525265,0.0
GenCo382,2,0.0,0,2,0.0,0.9565408717465566,0.0
GenCo383,2,0.0,0,2,0.0,0.9980490082241548,0.0
GenCo384,2,0.0,0,2,0.0,1.016731218377263,0.0
GenCo385,2,0.0,0,2,0.0,0.9963374930662278,0.0
GenCo386,2,0.0,0,2,0.0,1.9559616883670485,0.0
GenCo387,2,0.0,0,2,0.0,1.9820268109643635,0.0
GenCo388,2,0.0,0,2,0.0,1.0407531861659498,0.0
GenCo389,2,0.0,0,2,0.0,0.9970177727493519,0.0
GenCo390,2,0.0,0,2,0.0,1.0366482701994209,0.0
GenCo391,2,0.0,0,2,0.0,0.9683432355724209,0.0
GenCo392,2,0.0,0,2,0.0,1.010212022384905,0.0
GenCo393,2,0.0,0,2,0.0,0.9919122771827152,0.0
GenCo394,2,0.0,0,2,0.0,0.97327915148374,0.0
GenCo395,2,0.0,0,2,0.0,1.0081590923878891,0.0
GenCo396,2,0.0,0,2,0.0,1.0020712118377884,0.0
GenCo397,2,0.0,0,2,0.0,1.0199208594774165,0.0
GenCo398,2,0.0,0,2,0.0,0.9692893885846813,0.0
GenCo399,2,0.0,0,2,0.0,1.0182350892699557,0.0
GenCo400,2,0.0,0,2,0.0,0.9780384553215391,0.0
GenCo401,2,0.0,0,2,0.0,1.0230833114280056,0.0
GenCo402,2,0.0,0,2,0.0,1.009465950399397,0.0
GenCo403,2,0.0,0,2,0.0,0.9940521848403259,0.0
GenCo404,2,0.0,0,2,0.0,0.9730127057296731,0.0
GenCo405,2,0.0,0,2,0.0,0.9909159024782588,0.0
GenCo406,2,0.0,0,2,0.0,0.9725001937206882,0.0
GenCo407,2,0.0,0,2,0.0,0.9512822433780679,0.0
GenCo408,2,0.0,0,2,0.0,1.0358898011892848,0.0
GenCo409,2,0.0,0,2,0.0,0.9556339744075001,0.0
GenCo410,2,0.0,0,2,0.0,0.9961494567091005,0.0
GenCo411,2,0.0,0,2,0.0,1.9032602234365414,0.0
GenCo412,2,0.0,0,2,0.0,2.074010122844694,0.0
GenCo413,2,0.0,0,2,0.0,2.0142981804454436,0.0
GenCo414,2,0.0,0,2,0.0,1.9504396621214897,0.0
GenCo415,2,0.0,0,2,0.0,0.9644329682286233,0.0
GenCo416,2,0.0,0,2,0.0,0.9680865424475157,0.0
GenCo417,2,0.0,0,2,0.0,0.951958308728449,0.0
GenCo418,2,0.0,0,2,0.0,0.9567535822652654,0.0
GenCo419,2,0.0,0,2,0.0,0.9837981041359856,0.0
GenCo420,2,0.0,0,2,0.0,1.0167834279944334,0.0
GenCo421,2,0.0,0,2,0.0,1.0259274223501562,0.0
GenCo422,2,0.0,0,2,0.0,1.0340848505866596,0.0
GenCo423,2,0.0,0,2,0.0,0.9606296670221515,0.0
GenCo424,2,0.0,0,2,0.0,1.0280371966753972,0.0
GenCo425,2,0.0,0,2,0.0,0.9714486531486807,0.0
GenCo426,2,0.0,0,2,0.0,1.010821901243623,0.0
GenCo427,2,0.0,0,2,0.0,1.030248512331255,0.0
GenCo428,2,0.0,0,2,0.0,0.9528196119595839,0.0
GenCo429,2,0.0,0,2,0.0,1.009542734553994,0.0
GenCo430,2,0.0,0,2,0.0,0.9692522418339475,0.0
GenCo431,2,0.0,0,2,0.0,1.023296893479144,0.0
GenCo432,2,0.0,0,2,0.0,0.9886292671087746,0.0
GenCo433,2,0.0,0,2,0.0,1.013765532298165,0.0
GenCo434,2,0.0,0,2,0.0,0.9782894253314611,0.0
GenCo435,2,0.0,0,2,0.0,1.0284993523860946,0.0
GenCo436,2,0.0,0,2,0.0,0.9675387962608567,0.0
GenCo437,2,0.0,0,2,0.0,0.9762520857125779,0.0
GenCo438,2,0.0,0,2,0.0,0.9705629173619443,0.0
GenCo439,2,0.0,0,2,0.0,0.9932952654376045,0.0
GenCo440,2,0.0,0,2,0.0,1.004921813704396,0.0
GenCo441,2,0.0,0,2,0.0,1.013702880146124,0.0
GenCo442,2,0.0,0,2,0.0,0.9694400281329107,0.0
GenCo443,2,0.0,0,2,0.0,1.0385468935981799,0.0
GenCo444,2,0.0,0,2,0.0,2.075612114882472,0.0
GenCo445,2,0.0,0,2,0.0,2.0857581763545183,0.0
GenCo446,2,0.0,0,2,0.0,1.0074274507416612,0.0
GenCo447,2,0.0,0,2,0.0,1.0284925538426533,0.0
GenCo448,2,0.0,0,2,0.0,1.0316457807704567,0.0
GenCo449,2,0.0,0,2,0.0,0.9776789540340475,0.0
GenCo450,2,0.0,0,2,0.0,0.9619023385748536,0.0
GenCo451,2,0.0,0,2,0.0,0.9623472860666704,0.0
GenCo452,2,0.0,0,2,0.0,0.972395952027579,0.0
GenCo453,2,0.0,0,2,0.0,1.0023104606021165,0.0
GenCo454,2,0.0,0,2,0.0,0.9679375111743537,0.0
GenCo455,2,0.0,0,2,0.0,1.0067872777087021,0.0
GenCo456,2,0.0,0,2,0.0,0.9893152696360432,0.0
GenCo457,2,0.0,0,2,0.0,0.9690905884397375,0.0
GenCo458,2,0.0,0,2,0.0,1.0472472550964647,0.0
GenCo459,2,0.0,0,2,0.0,0.9743163312957389,0.0
GenCo460,2,0.0,0,2,0.0,1.032195333003758,0.0
GenCo461,2,0.0,0,2,0.0,0.9507423811270508,0.0
GenCo462,2,0.0,0,2,0.0,0.9699108831243137,0.0
GenCo463,2,0.0,0,2,0.0,0.9550479265818872,0.0
GenCo464,2,0.0,0,2,0.0,0.9803475044235813,0.0
GenCo465,2,0.0,0,2,0.0,0.9543443321671224,0.0
GenCo466,2,0.0,0,2,0.0,1.9394857472820257,0.0
GenCo467,2,0.0,0,2,0.0,2.004226631506468,0.0
GenCo468,2,0.0,0,2,0.0,2.0739057905166547,0.0
GenCo469,2,0.0,0,2,0.0,1.0128266896218643,0.0
GenCo470,2,0.0,0,2,0.0,1.047513489690731,0.0
GenCo471,2,0.0,0,2,0.0,1.01408326309543,0.0
GenCo472,2,0.0,0,2,0.0,0.9676068034530373,0.0
GenCo473,2,0.0,0,2,0.0,0.9964060037549377,0.0
GenCo474,2,0.0,0,2,0.0,0.9589587098241824,0.0
GenCo475,2,0.0,0,2,0.0,0.9680335424322252,0.0
GenCo476,2,0.0,0,2,0.0,1.019275299206603,0.0
GenCo477,2,0.0,0,2,0.0,0.9767546124679852,0.0
GenCo478,2,0.0,0,2,0.0,0.9658309991898578,0.0
GenCo479,2,0.0,0,2,0.0,1.0365954568081763,0.0
GenCo480,2,0.0,0,2,0.0,0.9584693499127184,0.0
GenCo481,2,0.0,0,2,0.0,1.0066516636307208,0.0
GenCo482,2,0.0,0,2,0.0,1.0093216157697749,0.0
GenCo483,2,0.0,0,2,0.0,1.036932650481357,0.0
GenCo484,2,0.0,0,2,0.0,0.9547189249314897,0.0
GenCo485,2,0.0,0,2,0.0,1.0496914929430883,0.0
GenCo486,2,0.0,0,2,0.0,1.048682633838839,0.0
GenCo487,2,0.0,0,2,0.0,0.9537726149109464,0.0
GenCo488,2,0.0,0,2,0.0,1.0013659397036854,0.0
GenCo489,2,0.0,0,2,0.0,0.9784700487690615,0.0
GenCo490,2,0.0,0,2,0.0,0.9856983214097778,0.0
GenCo491,2,0.0,0,2,0.0,1.0030011104172007,0.0
GenCo492,2,0.0,0,2,0.0,1.0492637789876187,0.0
GenCo493,2,0.0,0,2,0.0,0.9748262154119977,0.0
GenCo494,2,0.0,0,2,0.0,1.049022021814634,0.0
GenCo495,2,0.0,0,2,0.0,1.0241672051407267,0.0
GenCo496,2,0.0,0,2,0.0,0.9750490954909199,0.0
GenCo497,2,0.0,0,2,0.0,1.01306996622473,0.0
GenCo498,2,0.0,0,2,0.0,1.0286050591626483,0.0
GenCo499,2,0.0,0,2,0.0,1.0025375695627463,0.0
GenCo500,2,0.0,0,2,0.0,0.9782305695437583,0.0
GenCo501,2,0.0,0,2,0.0,0.96604558074418,0.0
GenCo502,2,0.0,0,2,0.0,1.014207948659093,0.0
GenCo503,2,0.0,0,2,0.0,0.9541274249515183,0.0
GenCo504,2,0.0,0,2,0.0,1.0179702582744663,0.0
GenCo505,2,0.0,0,2,0.0,1.0490814068061192,0.0
GenCo506,2,0.0,0,2,0.0,0.9891630253078947,0.0
GenCo507,2,0.0,0,2,0.0,0.9795198988990351,0.0
GenCo508,2,0.0,0,2,0.0,1.0216869776083957,0.0
GenCo509,2,0.0,0,2,0.0,1.0452709358396195,0.0
GenCo510,2,0.0,0,2,0.0,1.0203840254346208,0.0
GenCo511,2,0.0,0,2,0.0,0.9635056696560955,0.0
GenCo512,2,0.0,0,2,0.0,1.0052265478749418,0.0
GenCo513,2,0.0,0,2,0.0,0.9744633311669121,0.0
GenCo514,2,0.0,0,2,0.0,1.0434514471248408,0.0
GenCo515,2,0.0,0,2,0.0,1.0165281173001433,0.0
GenCo516,2,0.0,0,2,0.0,1.0045991908869563,0.0
GenCo517,2,0.0,0,2,0.0,1.0255299600037935,0.0
GenCo518,2,0.0,0,2,0.0,1.023319686497141,0.0
GenCo519,2,0.0,0,2,0.0,0.9992802726060045,0.0
GenCo520,2,0.0,0,2,0.0,0.98570955777675,0.0
GenCo521,2,0.0,0,2,0.0,2.0098140463919645,0.0
GenCo522,2,0.0,0,2,0.0,0.9730059110051272,0.0
GenCo523,2,0.0,0,2,0.0,1.0353195552417929,0.0
GenCo524,2,0.0,0,2,0.0,1.025966494619788,0.0
GenCo525,2,0.0,0,2,0.0,1.0357790321125795,0.0
GenCo526,2,0.0,0,2,0.0,0.9785179794590748,0.0
GenCo527,2,0.0,0,2,0.0,0.9795838659415745,0.0
GenCo528,2,0.0,0,2,0.0,1.0151461547890641,0.0
GenCo529,2,0.0,0,2,0.0,1.0223939407305813,0.0
GenCo530,2,0.0,0,2,0.0,1.0053727356219766,0.0
GenCo531,2,0.0,0,2,0.0,0.9602792807781058,0.0
GenCo532,2,0.0,0,2,0.0,0.9990441743871068,0.0
GenCo533,2,0.0,0,2,0.0,0.970535779292218,0.0
GenCo534,2,0.0,0,2,0.0,0.9681210717724048,0.0
GenCo535,2,0.0,0,2,0.0,0.9731322084759559,0.0
GenCo536,2,0.0,0,2,0.0,1.0030255610482834,0.0
GenCo537,2,0.0,0,2,0.0,1.0242958291621362,0.0
GenCo538,2,0.0,0,2,0.0,0.9729435999082485,0.0
GenCo539,2,0.0,0,2,0.0,1.0139683453156505,0.0
GenCo540,2,0.0,0,2,0.0,1.0213680227048223,0.0
GenCo541,2,0.0,0,2,0.0,0.9910752770665171,0.0
GenCo542,2,0.0,0,2,0.0,0.9734420390278737,0.0
GenCo543,2,0.0,0,2,0.0,0.9919982650158962,0.0
GenCo544,2,0.0,0,2,0.0,0.9570058272956103,0.0
GenCo545,2,0.0,0,2,0.0,0.9735023194922698,0.0
GenCo546,2,0.0,0,2,0.0,1.0041827456555346,0.0
GenCo547,2,0.0,0,2,0.0,9.78833920514726,0.0
